1 0 0 1
1 0 0 1
1 0 0 1
1 0 0 1
1 0 0 1
1 0 0 1
1 0 0 2
1 0 0 2
1 0 0 2
1 0 0 2
1 0 0 2
1 0 0 2
1 0 0 1
1 0 0 1
1 0 0 3
1 0 0 3
1 0 0 3
1 0 0 3
1 0 0 3
1 0 0 3
1 0 0 1
1 0 0 4
1 0 0 4
1 0 0 4
1 0 0 4
1 0 0 4
1 0 0 4
1 0 0 4
1 0 0 4
1 0 0 4
1 0 0 4
1 0 0 2
1 0 0 5
1 0 0 5
1 0 0 5
1 0 0 1
1 0 0 5
1 0 0 5
1 0 0 5
1 0 0 5
1 0 0 5
1 0 0 5
1 0 0 5
1 0 0 6
1 0 0 7
1 0 0 7
1 0 0 7
1 0 0 7
1 0 0 7
1 0 0 6
1 0 0 3
1 0 0 3
1 0 0 6
1 0 0 6
1 0 0 7
1 0 0 7
1 0 0 7
1 0 0 7
1 0 0 7
1 0 0 6
1 0 0 6
1 0 0 2
1 0 0 2
1 0 0 6
1 0 0 3
1 0 0 3
1 0 0 6
1 0 0 6
1 0 0 6
1 0 0 2
1 0 0 8
1 0 0 8
1 0 0 9
1 0 0 9
1 0 0 9
1 0 0 9
1 0 0 9
1 0 0 9
1 0 0 9
1 0 0 9
1 0 0 9
1 0 0 9
1 0 0 10
1 0 0 10
1 0 0 11
1 0 0 11
1 0 0 11
1 0 0 11
1 0 0 11
1 0 0 11
1 0 0 11
1 0 0 11
1 0 0 11
1 0 0 11
1 0 0 10
1 0 0 10
1 0 0 10
1 0 0 10
1 0 0 10
1 0 0 10
1 0 0 10
1 0 0 10
1 0 0 8
1 0 0 12
1 0 0 12
1 0 0 12
1 0 0 12
1 0 0 12
1 0 0 12
1 0 0 12
1 0 0 12
1 0 0 12
1 0 0 12
1 0 0 13
1 0 0 13
1 0 0 13
1 0 0 14
1 0 0 14
1 0 0 14
1 0 0 14
1 0 0 14
1 0 0 14
1 0 0 14
1 0 0 14
1 0 0 14
1 0 0 14
1 0 0 13
1 0 0 13
1 0 0 13
1 0 0 15
1 0 0 15
1 0 0 15
1 0 0 15
1 0 0 15
1 0 0 15
1 0 0 15
1 0 0 15
1 0 0 15
1 0 0 15
1 0 0 13
1 0 0 13
1 0 0 13
1 0 0 13
1 0 0 8
1 0 0 8
1 0 0 8
1 0 0 8
1 0 0 8
1 0 0 8
1 0 0 8
0.1 2 3 -1
0.1 5 6 -1
0.1 4 152 -1
0.1 151 153 -1
0.1 1 154 -1
0.1 8 9 -1
0.1 11 12 -1
0.1 10 157 -1
0.1 156 158 -1
0.1 7 159 -1
0.1 13 14 -1
0.1 16 17 -1
0.1 18 19 -1
0.1 163 20 -1
0.1 162 164 -1
0.1 15 165 -1
0.1 166 21 -1
0.1 161 167 -1
0.1 160 168 -1
0.1 155 169 -1
0.1 22 23 -1
0.1 26 27 -1
0.1 25 172 -1
0.1 24 173 -1
0.1 30 31 -1
0.1 29 175 -1
0.1 28 176 -1
0.1 174 177 -1
0.1 171 178 -1
0.1 179 32 -1
0.1 170 180 -1
0.1 33 34 -1
0.1 36 37 -1
0.1 35 183 -1
0.1 38 39 -1
0.1 184 185 -1
0.1 41 42 -1
0.1 40 187 -1
0.1 188 43 -1
0.1 186 189 -1
0.1 182 190 -1
0.1 46 47 -1
0.1 192 48 -1
0.1 193 49 -1
0.1 45 194 -1
0.1 195 50 -1
0.1 51 52 -1
0.1 55 56 -1
0.1 58 59 -1
0.1 57 199 -1
0.1 198 200 -1
0.1 201 60 -1
0.1 54 202 -1
0.1 53 203 -1
0.1 197 204 -1
0.1 196 205 -1
0.1 62 63 -1
0.1 207 64 -1
0.1 61 208 -1
0.1 206 209 -1
0.1 65 66 -1
0.1 211 67 -1
0.1 212 68 -1
0.1 213 69 -1
0.1 210 214 -1
0.1 44 215 -1
0.1 191 216 -1
0.1 73 74 -1
0.1 218 75 -1
0.1 78 79 -1
0.1 77 220 -1
0.1 76 221 -1
0.1 81 82 -1
0.1 80 223 -1
0.1 222 224 -1
0.1 219 225 -1
0.1 72 226 -1
0.1 83 84 -1
0.1 85 86 -1
0.1 90 91 -1
0.1 89 230 -1
0.1 88 231 -1
0.1 87 232 -1
0.1 92 93 -1
0.1 234 94 -1
0.1 233 235 -1
0.1 229 236 -1
0.1 237 95 -1
0.1 238 96 -1
0.1 228 239 -1
0.1 97 98 -1
0.1 241 99 -1
0.1 242 100 -1
0.1 240 243 -1
0.1 101 102 -1
0.1 244 245 -1
0.1 105 106 -1
0.1 108 109 -1
0.1 107 248 -1
0.1 247 249 -1
0.1 111 112 -1
0.1 251 113 -1
0.1 110 252 -1
0.1 250 253 -1
0.1 104 254 -1
0.1 115 116 -1
0.1 114 256 -1
0.1 255 257 -1
0.1 117 118 -1
0.1 120 121 -1
0.1 119 260 -1
0.1 122 123 -1
0.1 125 126 -1
0.1 124 263 -1
0.1 262 264 -1
0.1 261 265 -1
0.1 259 266 -1
0.1 128 129 -1
0.1 130 131 -1
0.1 132 133 -1
0.1 270 134 -1
0.1 269 271 -1
0.1 272 135 -1
0.1 137 138 -1
0.1 274 139 -1
0.1 136 275 -1
0.1 273 276 -1
0.1 268 277 -1
0.1 127 278 -1
0.1 142 143 -1
0.1 141 280 -1
0.1 140 281 -1
0.1 279 282 -1
0.1 267 283 -1
0.1 258 284 -1
0.1 103 285 -1
0.1 246 286 -1
0.1 227 287 -1
0.1 288 144 -1
0.1 71 289 -1
0.1 145 146 -1
0.1 149 150 -1
0.1 148 292 -1
0.1 147 293 -1
0.1 291 294 -1
0.1 290 295 -1
0.1 70 296 -1
0.1 217 297 -1
0.1 181 298 -1
