1 0 0 1
1 0 0 1
1 0 0 2
1 0 0 2
1 0 0 3
1 0 0 3
1 0 0 3
1 0 0 3
1 0 0 3
1 0 0 3
1 0 0 3
1 0 0 3
1 0 0 4
1 0 0 1
1 0 0 1
1 0 0 1
1 0 0 1
1 0 0 1
1 0 0 1
1 0 0 2
1 0 0 2
1 0 0 2
1 0 0 2
1 0 0 1
1 0 0 1
1 0 0 4
1 0 0 4
1 0 0 4
1 0 0 4
1 0 0 4
1 0 0 4
1 0 0 2
1 0 0 2
1 0 0 2
1 0 0 5
1 0 0 5
1 0 0 5
1 0 0 5
1 0 0 5
1 0 0 6
1 0 0 5
1 0 0 5
1 0 0 5
1 0 0 5
1 0 0 5
1 0 0 6
1 0 0 2
1 0 0 7
1 0 0 7
1 0 0 8
1 0 0 8
1 0 0 8
1 0 0 8
1 0 0 8
1 0 0 8
1 0 0 8
1 0 0 8
1 0 0 8
1 0 0 8
1 0 0 9
1 0 0 9
1 0 0 9
1 0 0 9
1 0 0 9
1 0 0 10
1 0 0 10
1 0 0 10
1 0 0 10
1 0 0 10
1 0 0 10
1 0 0 10
1 0 0 10
1 0 0 10
1 0 0 10
1 0 0 9
1 0 0 9
1 0 0 9
1 0 0 9
1 0 0 9
1 0 0 11
1 0 0 11
1 0 0 11
1 0 0 11
1 0 0 11
1 0 0 11
1 0 0 11
1 0 0 11
1 0 0 11
1 0 0 11
1 0 0 7
1 0 0 12
1 0 0 12
1 0 0 12
1 0 0 12
1 0 0 12
1 0 0 12
1 0 0 12
1 0 0 12
1 0 0 12
1 0 0 12
1 0 0 7
1 0 0 4
1 0 0 7
1 0 0 7
1 0 0 13
1 0 0 14
1 0 0 14
1 0 0 13
1 0 0 13
1 0 0 14
1 0 0 14
1 0 0 14
1 0 0 14
1 0 0 14
1 0 0 14
1 0 0 14
1 0 0 14
1 0 0 13
1 0 0 13
1 0 0 13
1 0 0 13
1 0 0 13
1 0 0 13
1 0 0 13
1 0 0 7
1 0 0 7
1 0 0 7
1 0 0 4
1 0 0 4
1 0 0 3
1 0 0 3
1 0 0 15
1 0 0 15
1 0 0 15
1 0 0 15
1 0 0 7
1 0 0 15
1 0 0 15
1 0 0 15
1 0 0 15
1 0 0 15
1 0 0 15
1 0 0 6
1 0 0 6
1 0 0 6
1 0 0 6
1 0 0 6
1 0 0 6
1 0 0 6
1 0 0 6
0.1 1 2 -1
0.1 151 3 -1
0.1 152 4 -1
0.1 5 6 -1
0.1 154 7 -1
0.1 155 8 -1
0.1 10 11 -1
0.1 157 12 -1
0.1 9 158 -1
0.1 156 159 -1
0.1 160 13 -1
0.1 16 17 -1
0.1 162 18 -1
0.1 15 163 -1
0.1 14 164 -1
0.1 165 19 -1
0.1 161 166 -1
0.1 153 167 -1
0.1 24 25 -1
0.1 23 169 -1
0.1 22 170 -1
0.1 21 171 -1
0.1 20 172 -1
0.1 168 173 -1
0.1 27 28 -1
0.1 26 175 -1
0.1 30 31 -1
0.1 29 177 -1
0.1 176 178 -1
0.1 33 34 -1
0.1 36 37 -1
0.1 35 181 -1
0.1 38 39 -1
0.1 182 183 -1
0.1 41 42 -1
0.1 43 44 -1
0.1 186 45 -1
0.1 185 187 -1
0.1 40 188 -1
0.1 189 46 -1
0.1 184 190 -1
0.1 180 191 -1
0.1 32 192 -1
0.1 179 193 -1
0.1 174 194 -1
0.1 52 53 -1
0.1 55 56 -1
0.1 197 57 -1
0.1 54 198 -1
0.1 196 199 -1
0.1 58 59 -1
0.1 200 201 -1
0.1 51 202 -1
0.1 50 203 -1
0.1 204 60 -1
0.1 61 62 -1
0.1 205 206 -1
0.1 63 64 -1
0.1 66 67 -1
0.1 65 209 -1
0.1 210 68 -1
0.1 70 71 -1
0.1 212 72 -1
0.1 69 213 -1
0.1 211 214 -1
0.1 73 74 -1
0.1 215 216 -1
0.1 208 217 -1
0.1 77 78 -1
0.1 219 79 -1
0.1 76 220 -1
0.1 75 221 -1
0.1 218 222 -1
0.1 207 223 -1
0.1 81 82 -1
0.1 225 83 -1
0.1 84 85 -1
0.1 227 86 -1
0.1 226 228 -1
0.1 87 88 -1
0.1 229 230 -1
0.1 80 231 -1
0.1 232 89 -1
0.1 224 233 -1
0.1 49 234 -1
0.1 92 93 -1
0.1 91 236 -1
0.1 237 94 -1
0.1 95 96 -1
0.1 98 99 -1
0.1 240 100 -1
0.1 97 241 -1
0.1 239 242 -1
0.1 238 243 -1
0.1 90 244 -1
0.1 245 101 -1
0.1 235 246 -1
0.1 48 247 -1
0.1 103 104 -1
0.1 106 107 -1
0.1 108 109 -1
0.1 111 112 -1
0.1 110 252 -1
0.1 114 115 -1
0.1 254 116 -1
0.1 255 117 -1
0.1 113 256 -1
0.1 253 257 -1
0.1 251 258 -1
0.1 250 259 -1
0.1 118 119 -1
0.1 120 121 -1
0.1 123 124 -1
0.1 122 263 -1
0.1 262 264 -1
0.1 261 265 -1
0.1 260 266 -1
0.1 105 267 -1
0.1 249 268 -1
0.1 102 269 -1
0.1 126 127 -1
0.1 125 271 -1
0.1 270 272 -1
0.1 248 273 -1
0.1 47 274 -1
0.1 128 129 -1
0.1 130 131 -1
0.1 276 277 -1
0.1 278 132 -1
0.1 279 133 -1
0.1 134 135 -1
0.1 137 138 -1
0.1 282 139 -1
0.1 283 140 -1
0.1 136 284 -1
0.1 281 285 -1
0.1 141 142 -1
0.1 143 144 -1
0.1 146 147 -1
0.1 148 149 -1
0.1 290 150 -1
0.1 289 291 -1
0.1 145 292 -1
0.1 288 293 -1
0.1 287 294 -1
0.1 286 295 -1
0.1 280 296 -1
0.1 275 297 -1
0.1 195 298 -1
