1 0 0 1
1 0 0 2
1 0 0 2
1 0 0 2
1 0 0 2
1 0 0 2
1 0 0 2
1 0 0 2
1 0 0 2
1 0 0 3
1 0 0 3
1 0 0 3
1 0 0 3
1 0 0 3
1 0 0 3
1 0 0 3
1 0 0 3
1 0 0 3
1 0 0 3
1 0 0 2
1 0 0 2
1 0 0 1
1 0 0 4
1 0 0 4
1 0 0 4
1 0 0 4
1 0 0 4
1 0 0 4
1 0 0 4
1 0 0 4
1 0 0 4
1 0 0 4
1 0 0 1
1 0 0 5
1 0 0 5
1 0 0 5
1 0 0 5
1 0 0 5
1 0 0 5
1 0 0 5
1 0 0 5
1 0 0 5
1 0 0 5
1 0 0 6
1 0 0 6
1 0 0 6
1 0 0 7
1 0 0 7
1 0 0 7
1 0 0 7
1 0 0 7
1 0 0 7
1 0 0 7
1 0 0 7
1 0 0 7
1 0 0 7
1 0 0 6
1 0 0 6
1 0 0 6
1 0 0 6
1 0 0 8
1 0 0 8
1 0 0 8
1 0 0 8
1 0 0 8
1 0 0 8
1 0 0 8
1 0 0 8
1 0 0 8
1 0 0 6
1 0 0 6
1 0 0 8
1 0 0 6
1 0 0 1
1 0 0 1
1 0 0 1
1 0 0 1
1 0 0 9
1 0 0 9
1 0 0 9
1 0 0 9
1 0 0 9
1 0 0 9
1 0 0 9
1 0 0 9
1 0 0 1
1 0 0 1
1 0 0 10
1 0 0 1
1 0 0 11
1 0 0 10
1 0 0 10
1 0 0 10
1 0 0 10
1 0 0 10
1 0 0 10
1 0 0 10
1 0 0 10
1 0 0 10
1 0 0 12
1 0 0 12
1 0 0 12
1 0 0 12
1 0 0 12
1 0 0 12
1 0 0 12
1 0 0 12
1 0 0 12
1 0 0 12
1 0 0 13
1 0 0 13
1 0 0 13
1 0 0 13
1 0 0 13
1 0 0 11
1 0 0 11
1 0 0 11
1 0 0 11
1 0 0 14
1 0 0 14
1 0 0 14
1 0 0 14
1 0 0 14
1 0 0 14
1 0 0 15
1 0 0 15
1 0 0 15
1 0 0 15
1 0 0 15
1 0 0 15
1 0 0 15
1 0 0 15
1 0 0 15
1 0 0 14
1 0 0 14
1 0 0 11
1 0 0 11
1 0 0 14
1 0 0 14
1 0 0 11
1 0 0 11
1 0 0 9
1 0 0 9
1 0 0 13
1 0 0 13
1 0 0 13
1 0 0 13
1 0 0 13
1 0 0 15
1 0 0 11
0.1 2 3 -1
0.1 4 5 -1
0.1 7 8 -1
0.1 153 9 -1
0.1 6 154 -1
0.1 10 11 -1
0.1 12 13 -1
0.1 15 16 -1
0.1 14 158 -1
0.1 18 19 -1
0.1 17 160 -1
0.1 159 161 -1
0.1 157 162 -1
0.1 156 163 -1
0.1 20 21 -1
0.1 164 165 -1
0.1 155 166 -1
0.1 152 167 -1
0.1 151 168 -1
0.1 26 27 -1
0.1 25 170 -1
0.1 28 29 -1
0.1 171 172 -1
0.1 24 173 -1
0.1 30 31 -1
0.1 175 32 -1
0.1 174 176 -1
0.1 23 177 -1
0.1 22 178 -1
0.1 179 33 -1
0.1 35 36 -1
0.1 34 181 -1
0.1 182 37 -1
0.1 38 39 -1
0.1 184 40 -1
0.1 185 41 -1
0.1 42 43 -1
0.1 186 187 -1
0.1 183 188 -1
0.1 45 46 -1
0.1 44 190 -1
0.1 189 191 -1
0.1 47 48 -1
0.1 51 52 -1
0.1 50 194 -1
0.1 49 195 -1
0.1 53 54 -1
0.1 55 56 -1
0.1 197 198 -1
0.1 196 199 -1
0.1 193 200 -1
0.1 58 59 -1
0.1 202 60 -1
0.1 57 203 -1
0.1 201 204 -1
0.1 62 63 -1
0.1 65 66 -1
0.1 64 207 -1
0.1 206 208 -1
0.1 61 209 -1
0.1 68 69 -1
0.1 67 211 -1
0.1 210 212 -1
0.1 70 71 -1
0.1 214 72 -1
0.1 213 215 -1
0.1 205 216 -1
0.1 217 73 -1
0.1 192 218 -1
0.1 219 74 -1
0.1 180 220 -1
0.1 169 221 -1
0.1 1 222 -1
0.1 75 76 -1
0.1 78 79 -1
0.1 80 81 -1
0.1 225 226 -1
0.1 227 82 -1
0.1 83 84 -1
0.1 229 85 -1
0.1 228 230 -1
0.1 231 86 -1
0.1 232 87 -1
0.1 77 233 -1
0.1 224 234 -1
0.1 223 235 -1
0.1 88 89 -1
0.1 236 237 -1
0.1 91 92 -1
0.1 93 94 -1
0.1 240 95 -1
0.1 239 241 -1
0.1 242 96 -1
0.1 97 98 -1
0.1 243 244 -1
0.1 90 245 -1
0.1 100 101 -1
0.1 247 102 -1
0.1 248 103 -1
0.1 104 105 -1
0.1 106 107 -1
0.1 250 251 -1
0.1 249 252 -1
0.1 99 253 -1
0.1 108 109 -1
0.1 254 255 -1
0.1 246 256 -1
0.1 110 111 -1
0.1 112 113 -1
0.1 259 114 -1
0.1 258 260 -1
0.1 261 115 -1
0.1 120 121 -1
0.1 119 263 -1
0.1 264 122 -1
0.1 265 123 -1
0.1 266 124 -1
0.1 126 127 -1
0.1 129 130 -1
0.1 128 269 -1
0.1 268 270 -1
0.1 125 271 -1
0.1 267 272 -1
0.1 118 273 -1
0.1 132 133 -1
0.1 131 275 -1
0.1 274 276 -1
0.1 117 277 -1
0.1 116 278 -1
0.1 262 279 -1
0.1 134 135 -1
0.1 281 136 -1
0.1 138 139 -1
0.1 283 140 -1
0.1 284 141 -1
0.1 142 143 -1
0.1 144 145 -1
0.1 287 146 -1
0.1 147 148 -1
0.1 288 289 -1
0.1 286 290 -1
0.1 291 149 -1
0.1 292 150 -1
0.1 285 293 -1
0.1 137 294 -1
0.1 282 295 -1
0.1 280 296 -1
0.1 257 297 -1
0.1 238 298 -1
