1 0 0 1
1 0 0 1
1 0 0 1
1 0 0 2
1 0 0 2
1 0 0 2
1 0 0 2
1 0 0 2
1 0 0 3
1 0 0 4
1 0 0 4
1 0 0 4
1 0 0 4
1 0 0 4
1 0 0 5
1 0 0 5
1 0 0 5
1 0 0 6
1 0 0 6
1 0 0 6
1 0 0 6
1 0 0 5
1 0 0 5
1 0 0 7
1 0 0 7
1 0 0 7
1 0 0 7
1 0 0 7
1 0 0 8
1 0 0 8
1 0 0 9
1 0 0 9
1 0 0 9
1 0 0 9
1 0 0 9
1 0 0 10
1 0 0 10
1 0 0 10
1 0 0 10
1 0 0 10
1 0 0 11
1 0 0 11
1 0 0 11
1 0 0 11
1 0 0 11
1 0 0 12
1 0 0 12
1 0 0 12
1 0 0 12
1 0 0 12
1 0 0 13
1 0 0 14
1 0 0 14
1 0 0 14
1 0 0 14
1 0 0 14
1 0 0 15
1 0 0 15
1 0 0 15
1 0 0 15
1 0 0 15
1 0 0 16
1 0 0 16
1 0 0 16
1 0 0 16
1 0 0 16
1 0 0 17
1 0 0 17
1 0 0 17
1 0 0 17
1 0 0 17
1 0 0 18
1 0 0 18
1 0 0 18
1 0 0 18
1 0 0 18
1 0 0 13
1 0 0 19
1 0 0 19
1 0 0 19
1 0 0 19
1 0 0 19
1 0 0 20
1 0 0 20
1 0 0 20
1 0 0 20
1 0 0 20
1 0 0 21
1 0 0 21
1 0 0 21
1 0 0 21
1 0 0 21
1 0 0 13
1 0 0 13
1 0 0 13
1 0 0 22
1 0 0 22
1 0 0 22
1 0 0 22
1 0 0 22
1 0 0 23
1 0 0 23
1 0 0 23
1 0 0 23
1 0 0 23
1 0 0 24
1 0 0 24
1 0 0 24
1 0 0 24
1 0 0 24
1 0 0 25
1 0 0 25
1 0 0 25
1 0 0 25
1 0 0 25
1 0 0 26
1 0 0 26
1 0 0 26
1 0 0 26
1 0 0 26
1 0 0 8
1 0 0 8
1 0 0 27
1 0 0 27
1 0 0 27
1 0 0 27
1 0 0 27
1 0 0 28
1 0 0 28
1 0 0 28
1 0 0 28
1 0 0 28
1 0 0 29
1 0 0 29
1 0 0 29
1 0 0 29
1 0 0 29
1 0 0 6
1 0 0 30
1 0 0 30
1 0 0 30
1 0 0 30
1 0 0 31
1 0 0 31
1 0 0 31
1 0 0 31
1 0 0 32
1 0 0 32
1 0 0 32
1 0 0 32
1 0 0 32
1 0 0 30
1 0 0 31
1 0 0 33
1 0 0 33
1 0 0 33
1 0 0 33
1 0 0 33
1 0 0 34
1 0 0 34
1 0 0 34
1 0 0 34
1 0 0 34
1 0 0 35
1 0 0 35
1 0 0 35
1 0 0 35
1 0 0 35
1 0 0 36
1 0 0 36
1 0 0 36
1 0 0 36
1 0 0 36
1 0 0 37
1 0 0 37
1 0 0 37
1 0 0 8
1 0 0 37
1 0 0 37
1 0 0 38
1 0 0 39
1 0 0 39
1 0 0 39
1 0 0 39
1 0 0 39
1 0 0 38
1 0 0 38
1 0 0 38
1 0 0 38
1 0 0 3
1 0 0 40
1 0 0 40
1 0 0 40
1 0 0 40
1 0 0 40
1 0 0 41
1 0 0 42
1 0 0 42
1 0 0 42
1 0 0 42
1 0 0 42
1 0 0 3
1 0 0 43
1 0 0 43
1 0 0 43
1 0 0 43
1 0 0 43
1 0 0 41
1 0 0 41
1 0 0 41
1 0 0 41
1 0 0 44
1 0 0 44
1 0 0 44
1 0 0 44
1 0 0 44
1 0 0 3
1 0 0 3
1 0 0 1
1 0 0 45
1 0 0 46
1 0 0 46
1 0 0 47
1 0 0 47
1 0 0 47
1 0 0 48
1 0 0 49
1 0 0 49
1 0 0 49
1 0 0 50
1 0 0 50
1 0 0 50
1 0 0 50
1 0 0 50
1 0 0 51
1 0 0 51
1 0 0 51
1 0 0 51
1 0 0 51
1 0 0 52
1 0 0 53
1 0 0 53
1 0 0 53
1 0 0 53
1 0 0 53
1 0 0 52
1 0 0 54
1 0 0 55
1 0 0 55
1 0 0 55
1 0 0 55
1 0 0 55
1 0 0 54
1 0 0 54
1 0 0 54
1 0 0 54
1 0 0 52
1 0 0 52
1 0 0 52
1 0 0 49
1 0 0 49
1 0 0 47
1 0 0 46
1 0 0 46
1 0 0 46
1 0 0 48
1 0 0 48
1 0 0 48
1 0 0 48
1 0 0 47
1 0 0 45
1 0 0 45
1 0 0 56
1 0 0 56
1 0 0 56
1 0 0 56
1 0 0 56
1 0 0 57
1 0 0 58
1 0 0 58
1 0 0 58
1 0 0 58
1 0 0 58
1 0 0 59
1 0 0 59
1 0 0 59
1 0 0 59
1 0 0 59
1 0 0 60
1 0 0 60
1 0 0 60
1 0 0 60
1 0 0 60
1 0 0 61
1 0 0 61
1 0 0 61
1 0 0 61
1 0 0 61
1 0 0 62
1 0 0 62
1 0 0 62
1 0 0 62
1 0 0 62
1 0 0 57
1 0 0 57
1 0 0 63
1 0 0 63
1 0 0 63
1 0 0 63
1 0 0 63
1 0 0 64
1 0 0 64
1 0 0 64
1 0 0 64
1 0 0 64
1 0 0 65
1 0 0 65
1 0 0 65
1 0 0 65
1 0 0 65
1 0 0 66
1 0 0 66
1 0 0 66
1 0 0 66
1 0 0 66
1 0 0 57
1 0 0 57
1 0 0 45
1 0 0 45
1 0 0 1
0.1 2 3 -1
0.1 1 331 -1
0.1 5 6 -1
0.1 333 7 -1
0.1 334 8 -1
0.1 4 335 -1
0.1 10 11 -1
0.1 13 14 -1
0.1 12 338 -1
0.1 337 339 -1
0.1 9 340 -1
0.1 16 17 -1
0.1 20 21 -1
0.1 19 343 -1
0.1 18 344 -1
0.1 345 22 -1
0.1 346 23 -1
0.1 342 347 -1
0.1 15 348 -1
0.1 27 28 -1
0.1 26 350 -1
0.1 25 351 -1
0.1 24 352 -1
0.1 29 30 -1
0.1 353 354 -1
0.1 33 34 -1
0.1 32 356 -1
0.1 357 35 -1
0.1 31 358 -1
0.1 36 37 -1
0.1 39 40 -1
0.1 38 361 -1
0.1 360 362 -1
0.1 41 42 -1
0.1 43 44 -1
0.1 364 365 -1
0.1 366 45 -1
0.1 48 49 -1
0.1 368 50 -1
0.1 47 369 -1
0.1 46 370 -1
0.1 367 371 -1
0.1 363 372 -1
0.1 54 55 -1
0.1 53 374 -1
0.1 52 375 -1
0.1 376 56 -1
0.1 51 377 -1
0.1 58 59 -1
0.1 57 379 -1
0.1 60 61 -1
0.1 380 381 -1
0.1 378 382 -1
0.1 63 64 -1
0.1 62 384 -1
0.1 65 66 -1
0.1 385 386 -1
0.1 383 387 -1
0.1 67 68 -1
0.1 70 71 -1
0.1 69 390 -1
0.1 389 391 -1
0.1 388 392 -1
0.1 373 393 -1
0.1 74 75 -1
0.1 395 76 -1
0.1 396 77 -1
0.1 73 397 -1
0.1 72 398 -1
0.1 81 82 -1
0.1 80 400 -1
0.1 79 401 -1
0.1 78 402 -1
0.1 399 403 -1
0.1 85 86 -1
0.1 84 405 -1
0.1 406 87 -1
0.1 83 407 -1
0.1 90 91 -1
0.1 89 409 -1
0.1 88 410 -1
0.1 411 92 -1
0.1 408 412 -1
0.1 413 93 -1
0.1 94 95 -1
0.1 96 97 -1
0.1 99 100 -1
0.1 98 417 -1
0.1 416 418 -1
0.1 101 102 -1
0.1 104 105 -1
0.1 103 421 -1
0.1 420 422 -1
0.1 419 423 -1
0.1 415 424 -1
0.1 414 425 -1
0.1 108 109 -1
0.1 107 427 -1
0.1 428 110 -1
0.1 106 429 -1
0.1 111 112 -1
0.1 114 115 -1
0.1 113 432 -1
0.1 431 433 -1
0.1 116 117 -1
0.1 118 119 -1
0.1 436 120 -1
0.1 435 437 -1
0.1 434 438 -1
0.1 430 439 -1
0.1 426 440 -1
0.1 404 441 -1
0.1 394 442 -1
0.1 359 443 -1
0.1 121 122 -1
0.1 444 445 -1
0.1 355 446 -1
0.1 126 127 -1
0.1 125 448 -1
0.1 124 449 -1
0.1 123 450 -1
0.1 130 131 -1
0.1 129 452 -1
0.1 128 453 -1
0.1 454 132 -1
0.1 134 135 -1
0.1 133 456 -1
0.1 136 137 -1
0.1 458 138 -1
0.1 457 459 -1
0.1 455 460 -1
0.1 139 140 -1
0.1 141 142 -1
0.1 145 146 -1
0.1 144 464 -1
0.1 143 465 -1
0.1 148 149 -1
0.1 147 467 -1
0.1 150 151 -1
0.1 468 469 -1
0.1 470 152 -1
0.1 466 471 -1
0.1 472 153 -1
0.1 154 155 -1
0.1 474 156 -1
0.1 475 157 -1
0.1 158 159 -1
0.1 476 477 -1
0.1 478 160 -1
0.1 473 479 -1
0.1 162 163 -1
0.1 161 481 -1
0.1 480 482 -1
0.1 463 483 -1
0.1 462 484 -1
0.1 164 165 -1
0.1 167 168 -1
0.1 166 487 -1
0.1 486 488 -1
0.1 485 489 -1
0.1 461 490 -1
0.1 451 491 -1
0.1 170 171 -1
0.1 493 172 -1
0.1 169 494 -1
0.1 495 173 -1
0.1 492 496 -1
0.1 447 497 -1
0.1 349 498 -1
0.1 175 176 -1
0.1 174 500 -1
0.1 178 179 -1
0.1 177 502 -1
0.1 501 503 -1
0.1 499 504 -1
0.1 183 184 -1
0.1 182 506 -1
0.1 181 507 -1
0.1 508 185 -1
0.1 180 509 -1
0.1 187 188 -1
0.1 186 511 -1
0.1 512 189 -1
0.1 510 513 -1
0.1 505 514 -1
0.1 341 515 -1
0.1 336 516 -1
0.1 191 192 -1
0.1 518 193 -1
0.1 194 195 -1
0.1 519 520 -1
0.1 198 199 -1
0.1 197 522 -1
0.1 196 523 -1
0.1 200 201 -1
0.1 524 525 -1
0.1 526 202 -1
0.1 204 205 -1
0.1 528 206 -1
0.1 529 207 -1
0.1 203 530 -1
0.1 209 210 -1
0.1 532 211 -1
0.1 208 533 -1
0.1 531 534 -1
0.1 527 535 -1
0.1 521 536 -1
0.1 190 537 -1
0.1 213 214 -1
0.1 212 539 -1
0.1 215 216 -1
0.1 541 217 -1
0.1 540 542 -1
0.1 543 218 -1
0.1 538 544 -1
0.1 517 545 -1
0.1 546 219 -1
0.1 332 547 -1
0.1 221 222 -1
0.1 220 549 -1
0.1 223 224 -1
0.1 551 225 -1
0.1 227 228 -1
0.1 230 231 -1
0.1 233 234 -1
0.1 232 555 -1
0.1 554 556 -1
0.1 229 557 -1
0.1 553 558 -1
0.1 235 236 -1
0.1 238 239 -1
0.1 237 561 -1
0.1 560 562 -1
0.1 242 243 -1
0.1 241 564 -1
0.1 565 244 -1
0.1 566 245 -1
0.1 567 246 -1
0.1 240 568 -1
0.1 248 249 -1
0.1 251 252 -1
0.1 250 571 -1
0.1 570 572 -1
0.1 573 253 -1
0.1 254 255 -1
0.1 574 575 -1
0.1 247 576 -1
0.1 577 256 -1
0.1 569 578 -1
0.1 579 257 -1
0.1 258 259 -1
0.1 580 581 -1
0.1 563 582 -1
0.1 559 583 -1
0.1 584 260 -1
0.1 585 261 -1
0.1 586 262 -1
0.1 226 587 -1
0.1 552 588 -1
0.1 263 264 -1
0.1 590 265 -1
0.1 589 591 -1
0.1 268 269 -1
0.1 267 593 -1
0.1 266 594 -1
0.1 592 595 -1
0.1 550 596 -1
0.1 271 272 -1
0.1 270 598 -1
0.1 274 275 -1
0.1 273 600 -1
0.1 276 277 -1
0.1 601 602 -1
0.1 279 280 -1
0.1 281 282 -1
0.1 604 605 -1
0.1 606 283 -1
0.1 285 286 -1
0.1 608 287 -1
0.1 609 288 -1
0.1 284 610 -1
0.1 607 611 -1
0.1 290 291 -1
0.1 292 293 -1
0.1 613 614 -1
0.1 289 615 -1
0.1 612 616 -1
0.1 278 617 -1
0.1 603 618 -1
0.1 295 296 -1
0.1 294 620 -1
0.1 297 298 -1
0.1 621 622 -1
0.1 619 623 -1
0.1 301 302 -1
0.1 300 625 -1
0.1 299 626 -1
0.1 627 303 -1
0.1 628 304 -1
0.1 306 307 -1
0.1 308 309 -1
0.1 630 631 -1
0.1 632 310 -1
0.1 305 633 -1
0.1 629 634 -1
0.1 624 635 -1
0.1 313 314 -1
0.1 312 637 -1
0.1 638 315 -1
0.1 311 639 -1
0.1 316 317 -1
0.1 318 319 -1
0.1 641 642 -1
0.1 643 320 -1
0.1 321 322 -1
0.1 645 323 -1
0.1 324 325 -1
0.1 646 647 -1
0.1 644 648 -1
0.1 649 326 -1
0.1 650 327 -1
0.1 640 651 -1
0.1 636 652 -1
0.1 328 329 -1
0.1 654 330 -1
0.1 653 655 -1
0.1 599 656 -1
0.1 597 657 -1
0.1 548 658 -1
