1 0 0 1
1 0 0 1
1 0 0 1
1 0 0 2
1 0 0 2
1 0 0 2
1 0 0 2
1 0 0 3
1 0 0 4
1 0 0 4
1 0 0 4
1 0 0 4
1 0 0 4
1 0 0 3
1 0 0 5
1 0 0 5
1 0 0 5
1 0 0 5
1 0 0 5
1 0 0 6
1 0 0 6
1 0 0 6
1 0 0 6
1 0 0 6
1 0 0 2
1 0 0 7
1 0 0 7
1 0 0 7
1 0 0 7
1 0 0 7
1 0 0 3
1 0 0 3
1 0 0 8
1 0 0 8
1 0 0 8
1 0 0 8
1 0 0 8
1 0 0 9
1 0 0 10
1 0 0 10
1 0 0 10
1 0 0 11
1 0 0 11
1 0 0 12
1 0 0 12
1 0 0 12
1 0 0 12
1 0 0 12
1 0 0 13
1 0 0 14
1 0 0 14
1 0 0 14
1 0 0 14
1 0 0 14
1 0 0 15
1 0 0 16
1 0 0 16
1 0 0 16
1 0 0 16
1 0 0 16
1 0 0 15
1 0 0 15
1 0 0 15
1 0 0 15
1 0 0 17
1 0 0 17
1 0 0 17
1 0 0 17
1 0 0 17
1 0 0 18
1 0 0 18
1 0 0 18
1 0 0 18
1 0 0 18
1 0 0 19
1 0 0 19
1 0 0 19
1 0 0 19
1 0 0 19
1 0 0 13
1 0 0 20
1 0 0 20
1 0 0 20
1 0 0 20
1 0 0 20
1 0 0 21
1 0 0 21
1 0 0 21
1 0 0 21
1 0 0 21
1 0 0 11
1 0 0 11
1 0 0 22
1 0 0 22
1 0 0 22
1 0 0 22
1 0 0 22
1 0 0 23
1 0 0 23
1 0 0 23
1 0 0 23
1 0 0 23
1 0 0 24
1 0 0 24
1 0 0 24
1 0 0 24
1 0 0 24
1 0 0 25
1 0 0 25
1 0 0 25
1 0 0 25
1 0 0 25
1 0 0 26
1 0 0 26
1 0 0 26
1 0 0 26
1 0 0 26
1 0 0 27
1 0 0 27
1 0 0 27
1 0 0 27
1 0 0 27
1 0 0 13
1 0 0 28
1 0 0 28
1 0 0 28
1 0 0 28
1 0 0 28
1 0 0 29
1 0 0 29
1 0 0 29
1 0 0 29
1 0 0 29
1 0 0 13
1 0 0 13
1 0 0 30
1 0 0 30
1 0 0 30
1 0 0 30
1 0 0 30
1 0 0 11
1 0 0 9
1 0 0 31
1 0 0 31
1 0 0 31
1 0 0 31
1 0 0 9
1 0 0 9
1 0 0 9
1 0 0 32
1 0 0 32
1 0 0 32
1 0 0 32
1 0 0 32
1 0 0 33
1 0 0 33
1 0 0 33
1 0 0 33
1 0 0 33
1 0 0 34
1 0 0 34
1 0 0 34
1 0 0 34
1 0 0 34
1 0 0 35
1 0 0 35
1 0 0 10
1 0 0 10
1 0 0 31
1 0 0 36
1 0 0 36
1 0 0 36
1 0 0 35
1 0 0 35
1 0 0 37
1 0 0 37
1 0 0 37
1 0 0 37
1 0 0 37
1 0 0 36
1 0 0 36
1 0 0 38
1 0 0 39
1 0 0 39
1 0 0 38
1 0 0 38
1 0 0 38
1 0 0 38
1 0 0 40
1 0 0 40
1 0 0 40
1 0 0 40
1 0 0 40
1 0 0 35
1 0 0 41
1 0 0 41
1 0 0 41
1 0 0 41
1 0 0 41
1 0 0 39
1 0 0 39
1 0 0 39
1 0 0 42
1 0 0 3
1 0 0 42
1 0 0 43
1 0 0 43
1 0 0 43
1 0 0 43
1 0 0 43
1 0 0 44
1 0 0 44
1 0 0 44
1 0 0 44
1 0 0 44
1 0 0 42
1 0 0 42
1 0 0 42
1 0 0 1
1 0 0 45
1 0 0 45
1 0 0 45
1 0 0 46
1 0 0 46
1 0 0 46
1 0 0 46
1 0 0 46
1 0 0 45
1 0 0 47
1 0 0 47
1 0 0 48
1 0 0 48
1 0 0 45
1 0 0 47
1 0 0 49
1 0 0 49
1 0 0 49
1 0 0 49
1 0 0 49
1 0 0 50
1 0 0 50
1 0 0 50
1 0 0 50
1 0 0 50
1 0 0 51
1 0 0 51
1 0 0 51
1 0 0 51
1 0 0 51
1 0 0 52
1 0 0 52
1 0 0 53
1 0 0 53
1 0 0 53
1 0 0 54
1 0 0 55
1 0 0 55
1 0 0 55
1 0 0 55
1 0 0 56
1 0 0 56
1 0 0 56
1 0 0 56
1 0 0 56
1 0 0 55
1 0 0 54
1 0 0 57
1 0 0 57
1 0 0 57
1 0 0 57
1 0 0 57
1 0 0 54
1 0 0 58
1 0 0 58
1 0 0 58
1 0 0 58
1 0 0 58
1 0 0 54
1 0 0 54
1 0 0 53
1 0 0 59
1 0 0 59
1 0 0 59
1 0 0 59
1 0 0 59
1 0 0 53
1 0 0 48
1 0 0 48
1 0 0 48
1 0 0 60
1 0 0 60
1 0 0 60
1 0 0 60
1 0 0 60
1 0 0 52
1 0 0 52
1 0 0 61
1 0 0 61
1 0 0 61
1 0 0 61
1 0 0 61
1 0 0 62
1 0 0 62
1 0 0 62
1 0 0 62
1 0 0 62
1 0 0 63
1 0 0 63
1 0 0 63
1 0 0 63
1 0 0 63
1 0 0 64
1 0 0 64
1 0 0 64
1 0 0 64
1 0 0 64
1 0 0 52
1 0 0 65
1 0 0 65
1 0 0 65
1 0 0 65
1 0 0 65
1 0 0 66
1 0 0 66
1 0 0 66
1 0 0 66
1 0 0 66
1 0 0 1
1 0 0 47
1 0 0 47
0.1 2 3 -1
0.1 1 331 -1
0.1 5 6 -1
0.1 333 7 -1
0.1 4 334 -1
0.1 11 12 -1
0.1 10 336 -1
0.1 337 13 -1
0.1 9 338 -1
0.1 339 14 -1
0.1 8 340 -1
0.1 335 341 -1
0.1 16 17 -1
0.1 18 19 -1
0.1 343 344 -1
0.1 20 21 -1
0.1 346 22 -1
0.1 23 24 -1
0.1 347 348 -1
0.1 349 25 -1
0.1 345 350 -1
0.1 15 351 -1
0.1 342 352 -1
0.1 26 27 -1
0.1 354 28 -1
0.1 29 30 -1
0.1 355 356 -1
0.1 357 31 -1
0.1 358 32 -1
0.1 34 35 -1
0.1 360 36 -1
0.1 361 37 -1
0.1 33 362 -1
0.1 40 41 -1
0.1 39 364 -1
0.1 38 365 -1
0.1 42 43 -1
0.1 46 47 -1
0.1 368 48 -1
0.1 369 49 -1
0.1 45 370 -1
0.1 44 371 -1
0.1 52 53 -1
0.1 373 54 -1
0.1 51 374 -1
0.1 50 375 -1
0.1 372 376 -1
0.1 56 57 -1
0.1 378 58 -1
0.1 59 60 -1
0.1 379 380 -1
0.1 62 63 -1
0.1 382 64 -1
0.1 61 383 -1
0.1 381 384 -1
0.1 66 67 -1
0.1 386 68 -1
0.1 387 69 -1
0.1 65 388 -1
0.1 385 389 -1
0.1 55 390 -1
0.1 70 71 -1
0.1 73 74 -1
0.1 72 393 -1
0.1 392 394 -1
0.1 76 77 -1
0.1 75 396 -1
0.1 78 79 -1
0.1 397 398 -1
0.1 82 83 -1
0.1 400 84 -1
0.1 81 401 -1
0.1 402 85 -1
0.1 80 403 -1
0.1 87 88 -1
0.1 86 405 -1
0.1 89 90 -1
0.1 406 407 -1
0.1 404 408 -1
0.1 399 409 -1
0.1 395 410 -1
0.1 391 411 -1
0.1 91 92 -1
0.1 96 97 -1
0.1 95 414 -1
0.1 94 415 -1
0.1 93 416 -1
0.1 100 101 -1
0.1 99 418 -1
0.1 419 102 -1
0.1 98 420 -1
0.1 103 104 -1
0.1 106 107 -1
0.1 105 423 -1
0.1 422 424 -1
0.1 109 110 -1
0.1 111 112 -1
0.1 426 427 -1
0.1 108 428 -1
0.1 425 429 -1
0.1 421 430 -1
0.1 115 116 -1
0.1 114 432 -1
0.1 433 117 -1
0.1 113 434 -1
0.1 120 121 -1
0.1 119 436 -1
0.1 118 437 -1
0.1 438 122 -1
0.1 435 439 -1
0.1 440 123 -1
0.1 124 125 -1
0.1 127 128 -1
0.1 126 443 -1
0.1 442 444 -1
0.1 129 130 -1
0.1 132 133 -1
0.1 131 447 -1
0.1 446 448 -1
0.1 134 135 -1
0.1 449 450 -1
0.1 445 451 -1
0.1 441 452 -1
0.1 431 453 -1
0.1 417 454 -1
0.1 413 455 -1
0.1 412 456 -1
0.1 138 139 -1
0.1 137 458 -1
0.1 459 140 -1
0.1 136 460 -1
0.1 457 461 -1
0.1 377 462 -1
0.1 367 463 -1
0.1 145 146 -1
0.1 144 465 -1
0.1 143 466 -1
0.1 142 467 -1
0.1 147 148 -1
0.1 469 149 -1
0.1 468 470 -1
0.1 141 471 -1
0.1 464 472 -1
0.1 152 153 -1
0.1 151 474 -1
0.1 150 475 -1
0.1 476 154 -1
0.1 156 157 -1
0.1 155 478 -1
0.1 477 479 -1
0.1 480 158 -1
0.1 481 159 -1
0.1 162 163 -1
0.1 161 483 -1
0.1 160 484 -1
0.1 485 164 -1
0.1 486 165 -1
0.1 487 166 -1
0.1 167 168 -1
0.1 489 169 -1
0.1 171 172 -1
0.1 170 491 -1
0.1 173 174 -1
0.1 492 493 -1
0.1 490 494 -1
0.1 175 176 -1
0.1 178 179 -1
0.1 177 497 -1
0.1 496 498 -1
0.1 499 180 -1
0.1 495 500 -1
0.1 501 181 -1
0.1 182 183 -1
0.1 503 184 -1
0.1 187 188 -1
0.1 186 505 -1
0.1 190 191 -1
0.1 189 507 -1
0.1 192 193 -1
0.1 508 509 -1
0.1 510 194 -1
0.1 506 511 -1
0.1 185 512 -1
0.1 504 513 -1
0.1 197 198 -1
0.1 196 515 -1
0.1 195 516 -1
0.1 517 199 -1
0.1 514 518 -1
0.1 201 202 -1
0.1 200 520 -1
0.1 519 521 -1
0.1 502 522 -1
0.1 488 523 -1
0.1 482 524 -1
0.1 473 525 -1
0.1 366 526 -1
0.1 204 205 -1
0.1 203 528 -1
0.1 208 209 -1
0.1 207 530 -1
0.1 206 531 -1
0.1 532 210 -1
0.1 213 214 -1
0.1 212 534 -1
0.1 211 535 -1
0.1 536 215 -1
0.1 533 537 -1
0.1 217 218 -1
0.1 216 539 -1
0.1 538 540 -1
0.1 529 541 -1
0.1 527 542 -1
0.1 363 543 -1
0.1 359 544 -1
0.1 353 545 -1
0.1 332 546 -1
0.1 547 219 -1
0.1 220 221 -1
0.1 549 222 -1
0.1 225 226 -1
0.1 224 551 -1
0.1 223 552 -1
0.1 550 553 -1
0.1 227 228 -1
0.1 554 555 -1
0.1 229 230 -1
0.1 231 232 -1
0.1 557 558 -1
0.1 237 238 -1
0.1 236 560 -1
0.1 561 239 -1
0.1 235 562 -1
0.1 234 563 -1
0.1 240 241 -1
0.1 242 243 -1
0.1 565 566 -1
0.1 567 244 -1
0.1 245 246 -1
0.1 569 247 -1
0.1 248 249 -1
0.1 570 571 -1
0.1 568 572 -1
0.1 573 250 -1
0.1 574 251 -1
0.1 564 575 -1
0.1 233 576 -1
0.1 559 577 -1
0.1 253 254 -1
0.1 256 257 -1
0.1 258 259 -1
0.1 260 261 -1
0.1 263 264 -1
0.1 262 583 -1
0.1 582 584 -1
0.1 581 585 -1
0.1 586 265 -1
0.1 580 587 -1
0.1 268 269 -1
0.1 267 589 -1
0.1 590 270 -1
0.1 591 271 -1
0.1 592 272 -1
0.1 266 593 -1
0.1 588 594 -1
0.1 255 595 -1
0.1 273 274 -1
0.1 276 277 -1
0.1 275 598 -1
0.1 597 599 -1
0.1 596 600 -1
0.1 278 279 -1
0.1 601 602 -1
0.1 281 282 -1
0.1 284 285 -1
0.1 283 605 -1
0.1 604 606 -1
0.1 280 607 -1
0.1 603 608 -1
0.1 579 609 -1
0.1 610 286 -1
0.1 252 611 -1
0.1 287 288 -1
0.1 613 289 -1
0.1 612 614 -1
0.1 291 292 -1
0.1 293 294 -1
0.1 616 617 -1
0.1 290 618 -1
0.1 297 298 -1
0.1 299 300 -1
0.1 620 621 -1
0.1 622 301 -1
0.1 296 623 -1
0.1 295 624 -1
0.1 619 625 -1
0.1 302 303 -1
0.1 304 305 -1
0.1 627 628 -1
0.1 629 306 -1
0.1 308 309 -1
0.1 631 310 -1
0.1 632 311 -1
0.1 307 633 -1
0.1 630 634 -1
0.1 313 314 -1
0.1 315 316 -1
0.1 636 637 -1
0.1 312 638 -1
0.1 639 317 -1
0.1 319 320 -1
0.1 318 641 -1
0.1 321 322 -1
0.1 642 643 -1
0.1 640 644 -1
0.1 635 645 -1
0.1 325 326 -1
0.1 324 647 -1
0.1 648 327 -1
0.1 323 649 -1
0.1 646 650 -1
0.1 626 651 -1
0.1 615 652 -1
0.1 578 653 -1
0.1 654 328 -1
0.1 329 330 -1
0.1 655 656 -1
0.1 556 657 -1
0.1 548 658 -1
