1 0 0 1
1 0 0 1
1 0 0 1
1 0 0 1
1 0 0 1
1 0 0 1
1 0 0 1
1 0 0 1
1 0 0 1
1 0 0 1
1 0 0 2
1 0 0 2
1 0 0 3
1 0 0 3
1 0 0 3
1 0 0 3
1 0 0 3
1 0 0 3
1 0 0 3
1 0 0 3
1 0 0 3
1 0 0 3
1 0 0 2
1 0 0 2
1 0 0 2
1 0 0 2
1 0 0 2
1 0 0 2
1 0 0 2
1 0 0 2
1 0 0 4
1 0 0 4
1 0 0 4
1 0 0 5
1 0 0 5
1 0 0 5
1 0 0 5
1 0 0 5
1 0 0 5
1 0 0 5
1 0 0 5
1 0 0 5
1 0 0 5
1 0 0 4
1 0 0 4
1 0 0 4
1 0 0 4
1 0 0 4
1 0 0 4
1 0 0 4
1 0 0 6
1 0 0 6
1 0 0 6
1 0 0 6
1 0 0 6
1 0 0 6
1 0 0 7
1 0 0 7
1 0 0 7
1 0 0 7
1 0 0 7
1 0 0 7
1 0 0 7
1 0 0 7
1 0 0 7
1 0 0 7
1 0 0 6
1 0 0 6
1 0 0 6
1 0 0 8
1 0 0 8
1 0 0 8
1 0 0 8
1 0 0 8
1 0 0 8
1 0 0 8
1 0 0 8
1 0 0 8
1 0 0 8
1 0 0 6
1 0 0 9
1 0 0 9
1 0 0 9
1 0 0 9
1 0 0 9
1 0 0 9
1 0 0 9
1 0 0 9
1 0 0 9
1 0 0 9
1 0 0 10
1 0 0 10
1 0 0 11
1 0 0 11
1 0 0 11
1 0 0 11
1 0 0 11
1 0 0 11
1 0 0 11
1 0 0 11
1 0 0 11
1 0 0 11
1 0 0 10
1 0 0 10
1 0 0 10
1 0 0 12
1 0 0 12
1 0 0 12
1 0 0 12
1 0 0 12
1 0 0 12
1 0 0 12
1 0 0 12
1 0 0 12
1 0 0 12
1 0 0 13
1 0 0 13
1 0 0 13
1 0 0 13
1 0 0 13
1 0 0 13
1 0 0 13
1 0 0 13
1 0 0 13
1 0 0 13
1 0 0 10
1 0 0 10
1 0 0 10
1 0 0 10
1 0 0 10
1 0 0 14
1 0 0 14
1 0 0 14
1 0 0 14
1 0 0 14
1 0 0 14
1 0 0 14
1 0 0 14
1 0 0 14
1 0 0 14
1 0 0 15
1 0 0 15
1 0 0 15
1 0 0 15
1 0 0 15
1 0 0 15
1 0 0 15
1 0 0 16
1 0 0 16
1 0 0 16
1 0 0 17
1 0 0 17
1 0 0 17
1 0 0 17
1 0 0 17
1 0 0 17
1 0 0 17
1 0 0 17
1 0 0 17
1 0 0 17
1 0 0 18
1 0 0 18
1 0 0 18
1 0 0 18
1 0 0 18
1 0 0 18
1 0 0 18
1 0 0 18
1 0 0 18
1 0 0 18
1 0 0 16
1 0 0 16
1 0 0 16
1 0 0 16
1 0 0 16
1 0 0 16
1 0 0 16
1 0 0 15
1 0 0 15
1 0 0 15
1 0 0 19
1 0 0 19
1 0 0 20
1 0 0 19
1 0 0 19
1 0 0 19
1 0 0 19
1 0 0 19
1 0 0 19
1 0 0 19
1 0 0 19
1 0 0 20
1 0 0 20
1 0 0 20
1 0 0 20
1 0 0 20
1 0 0 20
1 0 0 20
1 0 0 20
1 0 0 20
1 0 0 21
1 0 0 22
1 0 0 22
1 0 0 22
1 0 0 22
1 0 0 22
1 0 0 22
1 0 0 23
1 0 0 23
1 0 0 23
1 0 0 23
1 0 0 23
1 0 0 23
1 0 0 23
1 0 0 23
1 0 0 23
1 0 0 23
1 0 0 22
1 0 0 22
1 0 0 22
1 0 0 22
1 0 0 24
1 0 0 24
1 0 0 24
1 0 0 24
1 0 0 24
1 0 0 24
1 0 0 24
1 0 0 24
1 0 0 24
1 0 0 24
1 0 0 21
1 0 0 25
1 0 0 25
1 0 0 25
1 0 0 25
1 0 0 25
1 0 0 25
1 0 0 25
1 0 0 25
1 0 0 26
1 0 0 26
1 0 0 26
1 0 0 26
1 0 0 26
1 0 0 26
1 0 0 26
1 0 0 26
1 0 0 26
1 0 0 26
1 0 0 25
1 0 0 25
1 0 0 27
1 0 0 27
1 0 0 27
1 0 0 27
1 0 0 27
1 0 0 27
1 0 0 27
1 0 0 27
1 0 0 27
1 0 0 27
1 0 0 21
1 0 0 21
1 0 0 21
1 0 0 21
1 0 0 21
1 0 0 21
1 0 0 21
1 0 0 21
0.1 1 2 -1
0.1 271 3 -1
0.1 4 5 -1
0.1 7 8 -1
0.1 6 274 -1
0.1 9 10 -1
0.1 275 276 -1
0.1 273 277 -1
0.1 272 278 -1
0.1 11 12 -1
0.1 13 14 -1
0.1 281 15 -1
0.1 17 18 -1
0.1 16 283 -1
0.1 282 284 -1
0.1 19 20 -1
0.1 21 22 -1
0.1 286 287 -1
0.1 285 288 -1
0.1 23 24 -1
0.1 27 28 -1
0.1 26 291 -1
0.1 25 292 -1
0.1 29 30 -1
0.1 293 294 -1
0.1 290 295 -1
0.1 289 296 -1
0.1 280 297 -1
0.1 279 298 -1
0.1 31 32 -1
0.1 34 35 -1
0.1 36 37 -1
0.1 301 302 -1
0.1 39 40 -1
0.1 38 304 -1
0.1 303 305 -1
0.1 41 42 -1
0.1 307 43 -1
0.1 306 308 -1
0.1 45 46 -1
0.1 44 310 -1
0.1 47 48 -1
0.1 311 312 -1
0.1 309 313 -1
0.1 33 314 -1
0.1 300 315 -1
0.1 49 50 -1
0.1 51 52 -1
0.1 318 53 -1
0.1 55 56 -1
0.1 54 320 -1
0.1 57 58 -1
0.1 60 61 -1
0.1 59 323 -1
0.1 62 63 -1
0.1 64 65 -1
0.1 325 326 -1
0.1 324 327 -1
0.1 328 66 -1
0.1 322 329 -1
0.1 321 330 -1
0.1 319 331 -1
0.1 67 68 -1
0.1 333 69 -1
0.1 70 71 -1
0.1 74 75 -1
0.1 77 78 -1
0.1 337 79 -1
0.1 76 338 -1
0.1 336 339 -1
0.1 73 340 -1
0.1 72 341 -1
0.1 335 342 -1
0.1 334 343 -1
0.1 344 80 -1
0.1 332 345 -1
0.1 317 346 -1
0.1 316 347 -1
0.1 299 348 -1
0.1 83 84 -1
0.1 82 350 -1
0.1 87 88 -1
0.1 86 352 -1
0.1 85 353 -1
0.1 89 90 -1
0.1 354 355 -1
0.1 351 356 -1
0.1 81 357 -1
0.1 91 92 -1
0.1 93 94 -1
0.1 95 96 -1
0.1 97 98 -1
0.1 99 100 -1
0.1 362 363 -1
0.1 361 364 -1
0.1 101 102 -1
0.1 365 366 -1
0.1 360 367 -1
0.1 359 368 -1
0.1 104 105 -1
0.1 103 370 -1
0.1 108 109 -1
0.1 107 372 -1
0.1 106 373 -1
0.1 112 113 -1
0.1 111 375 -1
0.1 114 115 -1
0.1 376 377 -1
0.1 110 378 -1
0.1 374 379 -1
0.1 117 118 -1
0.1 116 381 -1
0.1 119 120 -1
0.1 382 383 -1
0.1 384 121 -1
0.1 380 385 -1
0.1 123 124 -1
0.1 122 387 -1
0.1 386 388 -1
0.1 389 125 -1
0.1 390 126 -1
0.1 371 391 -1
0.1 127 128 -1
0.1 392 393 -1
0.1 369 394 -1
0.1 358 395 -1
0.1 129 130 -1
0.1 396 397 -1
0.1 349 398 -1
0.1 133 134 -1
0.1 132 400 -1
0.1 131 401 -1
0.1 137 138 -1
0.1 403 139 -1
0.1 136 404 -1
0.1 405 140 -1
0.1 135 406 -1
0.1 402 407 -1
0.1 142 143 -1
0.1 141 409 -1
0.1 146 147 -1
0.1 145 411 -1
0.1 144 412 -1
0.1 148 149 -1
0.1 152 153 -1
0.1 415 154 -1
0.1 151 416 -1
0.1 157 158 -1
0.1 159 160 -1
0.1 418 419 -1
0.1 156 420 -1
0.1 155 421 -1
0.1 161 162 -1
0.1 165 166 -1
0.1 167 168 -1
0.1 424 425 -1
0.1 426 169 -1
0.1 427 170 -1
0.1 164 428 -1
0.1 163 429 -1
0.1 423 430 -1
0.1 422 431 -1
0.1 417 432 -1
0.1 150 433 -1
0.1 172 173 -1
0.1 435 174 -1
0.1 176 177 -1
0.1 175 437 -1
0.1 436 438 -1
0.1 171 439 -1
0.1 434 440 -1
0.1 414 441 -1
0.1 178 179 -1
0.1 442 443 -1
0.1 413 444 -1
0.1 445 180 -1
0.1 410 446 -1
0.1 181 182 -1
0.1 184 185 -1
0.1 186 187 -1
0.1 449 450 -1
0.1 188 189 -1
0.1 190 191 -1
0.1 452 453 -1
0.1 451 454 -1
0.1 183 455 -1
0.1 456 192 -1
0.1 448 457 -1
0.1 458 193 -1
0.1 447 459 -1
0.1 195 196 -1
0.1 194 461 -1
0.1 197 198 -1
0.1 199 200 -1
0.1 463 464 -1
0.1 462 465 -1
0.1 460 466 -1
0.1 408 467 -1
0.1 399 468 -1
0.1 203 204 -1
0.1 205 206 -1
0.1 471 207 -1
0.1 470 472 -1
0.1 210 211 -1
0.1 209 474 -1
0.1 208 475 -1
0.1 212 213 -1
0.1 476 477 -1
0.1 214 215 -1
0.1 216 217 -1
0.1 479 480 -1
0.1 478 481 -1
0.1 473 482 -1
0.1 202 483 -1
0.1 220 221 -1
0.1 219 485 -1
0.1 218 486 -1
0.1 484 487 -1
0.1 201 488 -1
0.1 224 225 -1
0.1 490 226 -1
0.1 223 491 -1
0.1 227 228 -1
0.1 229 230 -1
0.1 493 494 -1
0.1 492 495 -1
0.1 496 231 -1
0.1 222 497 -1
0.1 489 498 -1
0.1 236 237 -1
0.1 235 500 -1
0.1 239 240 -1
0.1 238 502 -1
0.1 241 242 -1
0.1 503 504 -1
0.1 245 246 -1
0.1 244 506 -1
0.1 243 507 -1
0.1 247 248 -1
0.1 508 509 -1
0.1 249 250 -1
0.1 510 511 -1
0.1 505 512 -1
0.1 501 513 -1
0.1 514 251 -1
0.1 234 515 -1
0.1 233 516 -1
0.1 517 252 -1
0.1 232 518 -1
0.1 253 254 -1
0.1 255 256 -1
0.1 257 258 -1
0.1 521 522 -1
0.1 260 261 -1
0.1 259 524 -1
0.1 525 262 -1
0.1 523 526 -1
0.1 520 527 -1
0.1 263 264 -1
0.1 528 529 -1
0.1 266 267 -1
0.1 531 268 -1
0.1 265 532 -1
0.1 530 533 -1
0.1 534 269 -1
0.1 535 270 -1
0.1 519 536 -1
0.1 499 537 -1
0.1 469 538 -1
