1 0 0 1
1 0 0 1
1 0 0 1
1 0 0 1
1 0 0 1
1 0 0 1
1 0 0 1
1 0 0 1
1 0 0 1
1 0 0 1
1 0 0 2
1 0 0 2
1 0 0 2
1 0 0 2
1 0 0 2
1 0 0 2
1 0 0 2
1 0 0 2
1 0 0 3
1 0 0 3
1 0 0 3
1 0 0 3
1 0 0 3
1 0 0 3
1 0 0 3
1 0 0 3
1 0 0 3
1 0 0 3
1 0 0 2
1 0 0 2
1 0 0 4
1 0 0 4
1 0 0 4
1 0 0 4
1 0 0 4
1 0 0 4
1 0 0 4
1 0 0 4
1 0 0 5
1 0 0 5
1 0 0 5
1 0 0 5
1 0 0 5
1 0 0 5
1 0 0 5
1 0 0 5
1 0 0 5
1 0 0 5
1 0 0 4
1 0 0 4
1 0 0 6
1 0 0 6
1 0 0 6
1 0 0 6
1 0 0 6
1 0 0 6
1 0 0 6
1 0 0 6
1 0 0 6
1 0 0 6
1 0 0 7
1 0 0 8
1 0 0 8
1 0 0 8
1 0 0 8
1 0 0 8
1 0 0 8
1 0 0 9
1 0 0 9
1 0 0 9
1 0 0 9
1 0 0 9
1 0 0 9
1 0 0 9
1 0 0 9
1 0 0 9
1 0 0 9
1 0 0 8
1 0 0 8
1 0 0 8
1 0 0 8
1 0 0 7
1 0 0 7
1 0 0 7
1 0 0 7
1 0 0 10
1 0 0 10
1 0 0 10
1 0 0 10
1 0 0 10
1 0 0 10
1 0 0 10
1 0 0 10
1 0 0 10
1 0 0 10
1 0 0 7
1 0 0 7
1 0 0 7
1 0 0 7
1 0 0 7
1 0 0 11
1 0 0 11
1 0 0 11
1 0 0 11
1 0 0 11
1 0 0 11
1 0 0 11
1 0 0 11
1 0 0 11
1 0 0 11
1 0 0 12
1 0 0 12
1 0 0 12
1 0 0 12
1 0 0 12
1 0 0 12
1 0 0 12
1 0 0 12
1 0 0 12
1 0 0 12
1 0 0 13
1 0 0 13
1 0 0 13
1 0 0 13
1 0 0 13
1 0 0 13
1 0 0 13
1 0 0 13
1 0 0 13
1 0 0 14
1 0 0 14
1 0 0 14
1 0 0 14
1 0 0 14
1 0 0 14
1 0 0 14
1 0 0 14
1 0 0 14
1 0 0 14
1 0 0 15
1 0 0 15
1 0 0 15
1 0 0 15
1 0 0 15
1 0 0 15
1 0 0 16
1 0 0 16
1 0 0 16
1 0 0 16
1 0 0 16
1 0 0 16
1 0 0 17
1 0 0 17
1 0 0 17
1 0 0 17
1 0 0 17
1 0 0 17
1 0 0 17
1 0 0 17
1 0 0 17
1 0 0 17
1 0 0 16
1 0 0 16
1 0 0 16
1 0 0 16
1 0 0 15
1 0 0 15
1 0 0 15
1 0 0 15
1 0 0 13
1 0 0 18
1 0 0 18
1 0 0 19
1 0 0 19
1 0 0 19
1 0 0 19
1 0 0 19
1 0 0 19
1 0 0 19
1 0 0 19
1 0 0 19
1 0 0 19
1 0 0 18
1 0 0 18
1 0 0 18
1 0 0 18
1 0 0 18
1 0 0 20
1 0 0 20
1 0 0 20
1 0 0 21
1 0 0 21
1 0 0 21
1 0 0 21
1 0 0 21
1 0 0 21
1 0 0 21
1 0 0 21
1 0 0 21
1 0 0 21
1 0 0 20
1 0 0 20
1 0 0 20
1 0 0 20
1 0 0 22
1 0 0 22
1 0 0 22
1 0 0 22
1 0 0 22
1 0 0 22
1 0 0 22
1 0 0 22
1 0 0 22
1 0 0 22
1 0 0 20
1 0 0 20
1 0 0 20
1 0 0 23
1 0 0 23
1 0 0 23
1 0 0 23
1 0 0 23
1 0 0 23
1 0 0 23
1 0 0 23
1 0 0 23
1 0 0 23
1 0 0 24
1 0 0 24
1 0 0 24
1 0 0 24
1 0 0 24
1 0 0 24
1 0 0 24
1 0 0 24
1 0 0 24
1 0 0 24
1 0 0 25
1 0 0 25
1 0 0 25
1 0 0 25
1 0 0 25
1 0 0 25
1 0 0 25
1 0 0 25
1 0 0 25
1 0 0 25
1 0 0 18
1 0 0 26
1 0 0 26
1 0 0 26
1 0 0 26
1 0 0 26
1 0 0 26
1 0 0 26
1 0 0 26
1 0 0 26
1 0 0 26
1 0 0 27
1 0 0 27
1 0 0 27
1 0 0 27
1 0 0 27
1 0 0 27
1 0 0 27
1 0 0 27
1 0 0 27
1 0 0 27
1 0 0 18
1 0 0 18
1 0 0 28
1 0 0 28
1 0 0 28
1 0 0 28
1 0 0 28
1 0 0 28
1 0 0 28
1 0 0 28
1 0 0 28
1 0 0 28
0.1 2 3 -1
0.1 4 5 -1
0.1 6 7 -1
0.1 282 283 -1
0.1 281 284 -1
0.1 285 8 -1
0.1 1 286 -1
0.1 9 10 -1
0.1 287 288 -1
0.1 13 14 -1
0.1 12 290 -1
0.1 11 291 -1
0.1 292 15 -1
0.1 21 22 -1
0.1 294 23 -1
0.1 24 25 -1
0.1 295 296 -1
0.1 20 297 -1
0.1 298 26 -1
0.1 19 299 -1
0.1 27 28 -1
0.1 300 301 -1
0.1 18 302 -1
0.1 29 30 -1
0.1 303 304 -1
0.1 17 305 -1
0.1 16 306 -1
0.1 31 32 -1
0.1 35 36 -1
0.1 34 309 -1
0.1 33 310 -1
0.1 41 42 -1
0.1 40 312 -1
0.1 39 313 -1
0.1 43 44 -1
0.1 314 315 -1
0.1 47 48 -1
0.1 46 317 -1
0.1 45 318 -1
0.1 316 319 -1
0.1 38 320 -1
0.1 37 321 -1
0.1 322 49 -1
0.1 311 323 -1
0.1 308 324 -1
0.1 325 50 -1
0.1 51 52 -1
0.1 54 55 -1
0.1 328 56 -1
0.1 329 57 -1
0.1 53 330 -1
0.1 327 331 -1
0.1 332 58 -1
0.1 59 60 -1
0.1 333 334 -1
0.1 326 335 -1
0.1 307 336 -1
0.1 293 337 -1
0.1 289 338 -1
0.1 63 64 -1
0.1 65 66 -1
0.1 341 67 -1
0.1 340 342 -1
0.1 62 343 -1
0.1 68 69 -1
0.1 71 72 -1
0.1 70 346 -1
0.1 75 76 -1
0.1 74 348 -1
0.1 73 349 -1
0.1 350 77 -1
0.1 347 351 -1
0.1 345 352 -1
0.1 344 353 -1
0.1 80 81 -1
0.1 79 355 -1
0.1 78 356 -1
0.1 354 357 -1
0.1 61 358 -1
0.1 84 85 -1
0.1 83 360 -1
0.1 82 361 -1
0.1 359 362 -1
0.1 86 87 -1
0.1 88 89 -1
0.1 364 365 -1
0.1 90 91 -1
0.1 94 95 -1
0.1 93 368 -1
0.1 92 369 -1
0.1 367 370 -1
0.1 366 371 -1
0.1 97 98 -1
0.1 102 103 -1
0.1 101 374 -1
0.1 105 106 -1
0.1 109 110 -1
0.1 108 377 -1
0.1 107 378 -1
0.1 376 379 -1
0.1 104 380 -1
0.1 375 381 -1
0.1 100 382 -1
0.1 99 383 -1
0.1 373 384 -1
0.1 96 385 -1
0.1 372 386 -1
0.1 363 387 -1
0.1 339 388 -1
0.1 111 112 -1
0.1 114 115 -1
0.1 113 391 -1
0.1 392 116 -1
0.1 118 119 -1
0.1 117 394 -1
0.1 395 120 -1
0.1 393 396 -1
0.1 390 397 -1
0.1 389 398 -1
0.1 122 123 -1
0.1 400 124 -1
0.1 401 125 -1
0.1 126 127 -1
0.1 402 403 -1
0.1 128 129 -1
0.1 131 132 -1
0.1 130 406 -1
0.1 133 134 -1
0.1 408 135 -1
0.1 138 139 -1
0.1 137 410 -1
0.1 136 411 -1
0.1 409 412 -1
0.1 407 413 -1
0.1 141 142 -1
0.1 143 144 -1
0.1 415 416 -1
0.1 140 417 -1
0.1 146 147 -1
0.1 149 150 -1
0.1 148 420 -1
0.1 419 421 -1
0.1 152 153 -1
0.1 154 155 -1
0.1 423 424 -1
0.1 156 157 -1
0.1 425 426 -1
0.1 159 160 -1
0.1 158 428 -1
0.1 429 161 -1
0.1 427 430 -1
0.1 151 431 -1
0.1 162 163 -1
0.1 164 165 -1
0.1 433 434 -1
0.1 432 435 -1
0.1 422 436 -1
0.1 145 437 -1
0.1 438 166 -1
0.1 439 167 -1
0.1 168 169 -1
0.1 440 441 -1
0.1 418 442 -1
0.1 414 443 -1
0.1 405 444 -1
0.1 445 170 -1
0.1 404 446 -1
0.1 121 447 -1
0.1 171 172 -1
0.1 173 174 -1
0.1 175 176 -1
0.1 177 178 -1
0.1 181 182 -1
0.1 180 453 -1
0.1 179 454 -1
0.1 452 455 -1
0.1 451 456 -1
0.1 450 457 -1
0.1 449 458 -1
0.1 184 185 -1
0.1 183 460 -1
0.1 461 186 -1
0.1 189 190 -1
0.1 188 463 -1
0.1 192 193 -1
0.1 191 465 -1
0.1 195 196 -1
0.1 194 467 -1
0.1 466 468 -1
0.1 199 200 -1
0.1 198 470 -1
0.1 197 471 -1
0.1 469 472 -1
0.1 201 202 -1
0.1 203 204 -1
0.1 206 207 -1
0.1 476 208 -1
0.1 477 209 -1
0.1 205 478 -1
0.1 210 211 -1
0.1 213 214 -1
0.1 212 481 -1
0.1 480 482 -1
0.1 479 483 -1
0.1 475 484 -1
0.1 474 485 -1
0.1 216 217 -1
0.1 215 487 -1
0.1 486 488 -1
0.1 473 489 -1
0.1 464 490 -1
0.1 219 220 -1
0.1 221 222 -1
0.1 492 493 -1
0.1 218 494 -1
0.1 225 226 -1
0.1 496 227 -1
0.1 224 497 -1
0.1 223 498 -1
0.1 495 499 -1
0.1 229 230 -1
0.1 228 501 -1
0.1 502 231 -1
0.1 232 233 -1
0.1 234 235 -1
0.1 236 237 -1
0.1 505 506 -1
0.1 504 507 -1
0.1 503 508 -1
0.1 500 509 -1
0.1 491 510 -1
0.1 238 239 -1
0.1 240 241 -1
0.1 242 243 -1
0.1 513 514 -1
0.1 512 515 -1
0.1 244 245 -1
0.1 246 247 -1
0.1 517 518 -1
0.1 516 519 -1
0.1 511 520 -1
0.1 187 521 -1
0.1 252 253 -1
0.1 251 523 -1
0.1 524 254 -1
0.1 255 256 -1
0.1 257 258 -1
0.1 526 527 -1
0.1 525 528 -1
0.1 250 529 -1
0.1 249 530 -1
0.1 259 260 -1
0.1 532 261 -1
0.1 264 265 -1
0.1 263 534 -1
0.1 262 535 -1
0.1 536 266 -1
0.1 267 268 -1
0.1 537 538 -1
0.1 533 539 -1
0.1 531 540 -1
0.1 248 541 -1
0.1 522 542 -1
0.1 543 269 -1
0.1 462 544 -1
0.1 459 545 -1
0.1 271 272 -1
0.1 547 273 -1
0.1 274 275 -1
0.1 548 549 -1
0.1 276 277 -1
0.1 279 280 -1
0.1 278 552 -1
0.1 551 553 -1
0.1 550 554 -1
0.1 270 555 -1
0.1 546 556 -1
0.1 448 557 -1
0.1 399 558 -1
