1 0 0 1
1 0 0 1
1 0 0 2
1 0 0 1
1 0 0 2
1 0 0 3
1 0 0 4
1 0 0 2
1 0 0 5
1 0 0 3
1 0 0 2
1 0 0 1
1 0 0 2
1 0 0 1
1 0 0 6
1 0 0 6
1 0 0 6
1 0 0 6
1 0 0 6
1 0 0 6
1 0 0 6
1 0 0 7
1 0 0 7
1 0 0 7
1 0 0 7
1 0 0 7
1 0 0 7
1 0 0 7
1 0 0 7
1 0 0 7
1 0 0 7
1 0 0 7
1 0 0 5
1 0 0 1
1 0 0 2
1 0 0 2
1 0 0 2
1 0 0 2
1 0 0 2
1 0 0 2
1 0 0 2
1 0 0 2
1 0 0 2
1 0 0 2
1 0 0 2
1 0 0 4
1 0 0 3
1 0 0 1
1 0 0 5
1 0 0 4
1 0 0 5
1 0 0 2
1 0 0 2
1 0 0 1
1 0 0 8
1 0 0 2
1 0 0 8
1 0 0 1
1 0 0 2
1 0 0 2
1 0 0 4
1 0 0 1
1 0 0 8
1 0 0 2
1 0 0 6
1 0 0 5
1 0 0 5
1 0 0 2
1 0 0 2
1 0 0 2
1 0 0 2
1 0 0 2
1 0 0 2
1 0 0 2
1 0 0 2
1 0 0 2
1 0 0 9
1 0 0 8
1 0 0 3
1 0 0 9
1 0 0 4
1 0 0 2
0.1 2 3 -1
0.1 83 4 -1
0.1 5 6 -1
0.1 84 85 -1
0.1 7 8 -1
0.1 10 11 -1
0.1 9 88 -1
0.1 89 12 -1
0.1 13 14 -1
0.1 16 17 -1
0.1 15 92 -1
0.1 18 19 -1
0.1 94 20 -1
0.1 95 21 -1
0.1 93 96 -1
0.1 24 25 -1
0.1 98 26 -1
0.1 23 99 -1
0.1 22 100 -1
0.1 29 30 -1
0.1 28 102 -1
0.1 27 103 -1
0.1 31 32 -1
0.1 104 105 -1
0.1 101 106 -1
0.1 97 107 -1
0.1 91 108 -1
0.1 90 109 -1
0.1 87 110 -1
0.1 111 33 -1
0.1 112 34 -1
0.1 86 113 -1
0.1 1 114 -1
0.1 36 37 -1
0.1 39 40 -1
0.1 38 117 -1
0.1 116 118 -1
0.1 35 119 -1
0.1 42 43 -1
0.1 41 121 -1
0.1 120 122 -1
0.1 44 45 -1
0.1 123 124 -1
0.1 115 125 -1
0.1 47 48 -1
0.1 127 49 -1
0.1 46 128 -1
0.1 50 51 -1
0.1 52 53 -1
0.1 130 131 -1
0.1 56 57 -1
0.1 55 133 -1
0.1 58 59 -1
0.1 134 135 -1
0.1 60 61 -1
0.1 62 63 -1
0.1 64 65 -1
0.1 138 139 -1
0.1 137 140 -1
0.1 136 141 -1
0.1 70 71 -1
0.1 143 72 -1
0.1 69 144 -1
0.1 73 74 -1
0.1 145 146 -1
0.1 147 75 -1
0.1 68 148 -1
0.1 149 76 -1
0.1 67 150 -1
0.1 77 78 -1
0.1 152 79 -1
0.1 151 153 -1
0.1 66 154 -1
0.1 155 80 -1
0.1 156 81 -1
0.1 142 157 -1
0.1 54 158 -1
0.1 132 159 -1
0.1 160 82 -1
0.1 129 161 -1
0.1 126 162 -1
