1 0 0 1
1 0 0 1
1 0 0 1
1 0 0 1
1 0 0 1
1 0 0 1
1 0 0 1
1 0 0 1
1 0 0 1
1 0 0 1
1 0 0 2
1 0 0 2
1 0 0 2
1 0 0 2
1 0 0 2
1 0 0 2
1 0 0 2
1 0 0 2
1 0 0 2
1 0 0 2
1 0 0 3
1 0 0 3
1 0 0 3
1 0 0 3
1 0 0 3
1 0 0 3
1 0 0 3
1 0 0 3
1 0 0 3
1 0 0 4
1 0 0 4
1 0 0 4
1 0 0 4
1 0 0 4
1 0 0 4
1 0 0 4
1 0 0 4
1 0 0 3
1 0 0 4
1 0 0 4
1 0 0 5
1 0 0 5
1 0 0 5
1 0 0 5
1 0 0 5
1 0 0 5
1 0 0 6
1 0 0 6
1 0 0 6
1 0 0 6
1 0 0 6
1 0 0 6
1 0 0 6
1 0 0 6
1 0 0 6
1 0 0 6
1 0 0 5
1 0 0 5
1 0 0 5
1 0 0 5
1 0 0 7
1 0 0 7
1 0 0 7
1 0 0 7
1 0 0 7
1 0 0 7
1 0 0 7
1 0 0 7
1 0 0 7
1 0 0 7
1 0 0 8
1 0 0 9
1 0 0 9
1 0 0 9
1 0 0 9
1 0 0 9
1 0 0 9
1 0 0 9
1 0 0 9
1 0 0 9
1 0 0 9
1 0 0 10
1 0 0 10
1 0 0 10
1 0 0 10
1 0 0 10
1 0 0 10
1 0 0 10
1 0 0 10
1 0 0 11
1 0 0 11
1 0 0 11
1 0 0 11
1 0 0 11
1 0 0 11
1 0 0 11
1 0 0 11
1 0 0 11
1 0 0 11
1 0 0 10
1 0 0 10
1 0 0 8
1 0 0 8
1 0 0 8
1 0 0 8
1 0 0 8
1 0 0 8
1 0 0 8
1 0 0 8
1 0 0 8
0.1 3 4 -1
0.1 2 111 -1
0.1 1 112 -1
0.1 5 6 -1
0.1 114 7 -1
0.1 113 115 -1
0.1 8 9 -1
0.1 116 117 -1
0.1 118 10 -1
0.1 11 12 -1
0.1 13 14 -1
0.1 120 121 -1
0.1 18 19 -1
0.1 123 20 -1
0.1 17 124 -1
0.1 16 125 -1
0.1 15 126 -1
0.1 122 127 -1
0.1 119 128 -1
0.1 21 22 -1
0.1 24 25 -1
0.1 23 131 -1
0.1 132 26 -1
0.1 133 27 -1
0.1 134 28 -1
0.1 130 135 -1
0.1 136 29 -1
0.1 34 35 -1
0.1 33 138 -1
0.1 32 139 -1
0.1 31 140 -1
0.1 30 141 -1
0.1 36 37 -1
0.1 142 143 -1
0.1 39 40 -1
0.1 38 145 -1
0.1 144 146 -1
0.1 137 147 -1
0.1 129 148 -1
0.1 41 42 -1
0.1 45 46 -1
0.1 44 151 -1
0.1 48 49 -1
0.1 47 153 -1
0.1 52 53 -1
0.1 51 155 -1
0.1 54 55 -1
0.1 156 157 -1
0.1 50 158 -1
0.1 154 159 -1
0.1 160 56 -1
0.1 152 161 -1
0.1 57 58 -1
0.1 59 60 -1
0.1 163 164 -1
0.1 162 165 -1
0.1 43 166 -1
0.1 150 167 -1
0.1 63 64 -1
0.1 66 67 -1
0.1 65 170 -1
0.1 69 70 -1
0.1 68 172 -1
0.1 171 173 -1
0.1 169 174 -1
0.1 62 175 -1
0.1 61 176 -1
0.1 74 75 -1
0.1 73 178 -1
0.1 179 76 -1
0.1 72 180 -1
0.1 78 79 -1
0.1 182 80 -1
0.1 183 81 -1
0.1 77 184 -1
0.1 181 185 -1
0.1 71 186 -1
0.1 177 187 -1
0.1 83 84 -1
0.1 85 86 -1
0.1 87 88 -1
0.1 190 191 -1
0.1 189 192 -1
0.1 82 193 -1
0.1 92 93 -1
0.1 91 195 -1
0.1 90 196 -1
0.1 197 94 -1
0.1 95 96 -1
0.1 98 99 -1
0.1 97 200 -1
0.1 199 201 -1
0.1 198 202 -1
0.1 89 203 -1
0.1 100 101 -1
0.1 204 205 -1
0.1 194 206 -1
0.1 207 102 -1
0.1 188 208 -1
0.1 168 209 -1
0.1 103 104 -1
0.1 105 106 -1
0.1 212 107 -1
0.1 211 213 -1
0.1 108 109 -1
0.1 215 110 -1
0.1 214 216 -1
0.1 210 217 -1
0.1 149 218 -1
