1 0 0 1
1 0 0 1
1 0 0 1
1 0 0 1
1 0 0 1
1 0 0 1
1 0 0 1
1 0 0 1
1 0 0 1
1 0 0 2
1 0 0 2
1 0 0 3
1 0 0 3
1 0 0 3
1 0 0 3
1 0 0 3
1 0 0 3
1 0 0 3
1 0 0 3
1 0 0 3
1 0 0 3
1 0 0 2
1 0 0 2
1 0 0 2
1 0 0 2
1 0 0 2
1 0 0 2
1 0 0 2
1 0 0 2
1 0 0 1
1 0 0 4
1 0 0 4
1 0 0 4
1 0 0 4
1 0 0 4
1 0 0 4
1 0 0 4
1 0 0 4
1 0 0 4
1 0 0 4
1 0 0 5
1 0 0 5
1 0 0 5
1 0 0 5
1 0 0 5
1 0 0 5
1 0 0 5
1 0 0 5
1 0 0 5
1 0 0 5
1 0 0 6
1 0 0 7
1 0 0 7
1 0 0 7
1 0 0 7
1 0 0 7
1 0 0 7
1 0 0 7
1 0 0 7
1 0 0 7
1 0 0 7
1 0 0 6
1 0 0 6
1 0 0 6
1 0 0 6
1 0 0 6
1 0 0 6
1 0 0 6
1 0 0 6
1 0 0 6
1 0 0 8
1 0 0 8
1 0 0 8
1 0 0 8
1 0 0 8
1 0 0 8
1 0 0 8
1 0 0 8
1 0 0 8
1 0 0 8
1 0 0 9
1 0 0 9
1 0 0 9
1 0 0 9
1 0 0 9
1 0 0 9
1 0 0 9
1 0 0 9
1 0 0 9
1 0 0 9
1 0 0 10
1 0 0 10
1 0 0 10
1 0 0 10
1 0 0 10
1 0 0 10
1 0 0 10
1 0 0 10
1 0 0 10
1 0 0 10
1 0 0 11
1 0 0 11
1 0 0 11
1 0 0 11
1 0 0 11
1 0 0 11
1 0 0 11
1 0 0 11
1 0 0 11
1 0 0 11
0.1 1 2 -1
0.1 111 3 -1
0.1 4 5 -1
0.1 112 113 -1
0.1 6 7 -1
0.1 115 8 -1
0.1 114 116 -1
0.1 10 11 -1
0.1 12 13 -1
0.1 15 16 -1
0.1 14 120 -1
0.1 19 20 -1
0.1 122 21 -1
0.1 18 123 -1
0.1 17 124 -1
0.1 121 125 -1
0.1 119 126 -1
0.1 127 22 -1
0.1 118 128 -1
0.1 24 25 -1
0.1 26 27 -1
0.1 28 29 -1
0.1 131 132 -1
0.1 130 133 -1
0.1 23 134 -1
0.1 129 135 -1
0.1 136 30 -1
0.1 9 137 -1
0.1 33 34 -1
0.1 32 139 -1
0.1 140 35 -1
0.1 31 141 -1
0.1 37 38 -1
0.1 143 39 -1
0.1 36 144 -1
0.1 145 40 -1
0.1 142 146 -1
0.1 138 147 -1
0.1 42 43 -1
0.1 45 46 -1
0.1 44 150 -1
0.1 47 48 -1
0.1 152 49 -1
0.1 151 153 -1
0.1 149 154 -1
0.1 41 155 -1
0.1 156 50 -1
0.1 54 55 -1
0.1 56 57 -1
0.1 159 58 -1
0.1 158 160 -1
0.1 53 161 -1
0.1 60 61 -1
0.1 59 163 -1
0.1 162 164 -1
0.1 52 165 -1
0.1 62 63 -1
0.1 64 65 -1
0.1 167 168 -1
0.1 166 169 -1
0.1 51 170 -1
0.1 67 68 -1
0.1 66 172 -1
0.1 171 173 -1
0.1 69 70 -1
0.1 174 175 -1
0.1 157 176 -1
0.1 148 177 -1
0.1 117 178 -1
0.1 71 72 -1
0.1 77 78 -1
0.1 76 181 -1
0.1 75 182 -1
0.1 74 183 -1
0.1 73 184 -1
0.1 185 79 -1
0.1 180 186 -1
0.1 187 80 -1
0.1 81 82 -1
0.1 83 84 -1
0.1 189 190 -1
0.1 89 90 -1
0.1 88 192 -1
0.1 87 193 -1
0.1 86 194 -1
0.1 85 195 -1
0.1 191 196 -1
0.1 188 197 -1
0.1 92 93 -1
0.1 97 98 -1
0.1 96 200 -1
0.1 95 201 -1
0.1 94 202 -1
0.1 199 203 -1
0.1 99 100 -1
0.1 204 205 -1
0.1 91 206 -1
0.1 198 207 -1
0.1 101 102 -1
0.1 106 107 -1
0.1 105 210 -1
0.1 211 108 -1
0.1 104 212 -1
0.1 103 213 -1
0.1 109 110 -1
0.1 214 215 -1
0.1 209 216 -1
0.1 208 217 -1
0.1 179 218 -1
