1 0 0 1
1 0 0 1
1 0 0 1
1 0 0 1
1 0 0 1
1 0 0 1
1 0 0 1
1 0 0 1
1 0 0 1
1 0 0 1
1 0 0 2
1 0 0 2
1 0 0 2
1 0 0 2
1 0 0 2
1 0 0 2
1 0 0 2
1 0 0 2
1 0 0 2
1 0 0 2
1 0 0 3
1 0 0 3
1 0 0 4
1 0 0 4
1 0 0 4
1 0 0 5
1 0 0 5
1 0 0 5
1 0 0 5
1 0 0 5
1 0 0 5
1 0 0 5
1 0 0 5
1 0 0 5
1 0 0 5
1 0 0 4
1 0 0 4
1 0 0 4
1 0 0 4
1 0 0 4
1 0 0 4
1 0 0 4
1 0 0 6
1 0 0 6
1 0 0 6
1 0 0 6
1 0 0 6
1 0 0 6
1 0 0 6
1 0 0 6
1 0 0 6
1 0 0 6
1 0 0 7
1 0 0 7
1 0 0 7
1 0 0 7
1 0 0 7
1 0 0 7
1 0 0 7
1 0 0 7
1 0 0 7
1 0 0 7
1 0 0 8
1 0 0 8
1 0 0 8
1 0 0 8
1 0 0 8
1 0 0 8
1 0 0 8
1 0 0 8
1 0 0 8
1 0 0 8
1 0 0 9
1 0 0 9
1 0 0 9
1 0 0 9
1 0 0 9
1 0 0 9
1 0 0 9
1 0 0 9
1 0 0 9
1 0 0 9
1 0 0 10
1 0 0 10
1 0 0 10
1 0 0 10
1 0 0 10
1 0 0 10
1 0 0 10
1 0 0 10
1 0 0 10
1 0 0 10
1 0 0 11
1 0 0 11
1 0 0 11
1 0 0 11
1 0 0 11
1 0 0 11
1 0 0 11
1 0 0 11
1 0 0 11
1 0 0 11
1 0 0 3
1 0 0 3
1 0 0 3
1 0 0 3
1 0 0 3
1 0 0 3
1 0 0 3
1 0 0 3
0.1 1 2 -1
0.1 3 4 -1
0.1 111 112 -1
0.1 9 10 -1
0.1 8 114 -1
0.1 7 115 -1
0.1 6 116 -1
0.1 5 117 -1
0.1 113 118 -1
0.1 13 14 -1
0.1 120 15 -1
0.1 12 121 -1
0.1 11 122 -1
0.1 17 18 -1
0.1 124 19 -1
0.1 125 20 -1
0.1 16 126 -1
0.1 123 127 -1
0.1 23 24 -1
0.1 26 27 -1
0.1 130 28 -1
0.1 131 29 -1
0.1 132 30 -1
0.1 32 33 -1
0.1 31 134 -1
0.1 34 35 -1
0.1 135 136 -1
0.1 133 137 -1
0.1 25 138 -1
0.1 129 139 -1
0.1 37 38 -1
0.1 41 42 -1
0.1 40 142 -1
0.1 39 143 -1
0.1 141 144 -1
0.1 36 145 -1
0.1 140 146 -1
0.1 22 147 -1
0.1 21 148 -1
0.1 128 149 -1
0.1 43 44 -1
0.1 46 47 -1
0.1 45 152 -1
0.1 48 49 -1
0.1 50 51 -1
0.1 154 155 -1
0.1 156 52 -1
0.1 54 55 -1
0.1 53 158 -1
0.1 56 57 -1
0.1 58 59 -1
0.1 161 60 -1
0.1 160 162 -1
0.1 163 61 -1
0.1 159 164 -1
0.1 165 62 -1
0.1 157 166 -1
0.1 153 167 -1
0.1 151 168 -1
0.1 65 66 -1
0.1 64 170 -1
0.1 68 69 -1
0.1 67 172 -1
0.1 171 173 -1
0.1 70 71 -1
0.1 175 72 -1
0.1 174 176 -1
0.1 63 177 -1
0.1 169 178 -1
0.1 150 179 -1
0.1 119 180 -1
0.1 73 74 -1
0.1 78 79 -1
0.1 77 183 -1
0.1 76 184 -1
0.1 185 80 -1
0.1 81 82 -1
0.1 186 187 -1
0.1 75 188 -1
0.1 182 189 -1
0.1 85 86 -1
0.1 91 92 -1
0.1 90 192 -1
0.1 89 193 -1
0.1 88 194 -1
0.1 87 195 -1
0.1 191 196 -1
0.1 84 197 -1
0.1 83 198 -1
0.1 190 199 -1
0.1 95 96 -1
0.1 201 97 -1
0.1 202 98 -1
0.1 203 99 -1
0.1 94 204 -1
0.1 205 100 -1
0.1 101 102 -1
0.1 206 207 -1
0.1 93 208 -1
0.1 104 105 -1
0.1 106 107 -1
0.1 210 211 -1
0.1 103 212 -1
0.1 109 110 -1
0.1 108 214 -1
0.1 213 215 -1
0.1 209 216 -1
0.1 200 217 -1
0.1 181 218 -1
