1 0 0 1
1 0 0 1
1 0 0 1
1 0 0 1
1 0 0 1
1 0 0 1
1 0 0 1
1 0 0 1
1 0 0 1
1 0 0 1
1 0 0 2
1 0 0 2
1 0 0 2
1 0 0 2
1 0 0 2
1 0 0 2
1 0 0 2
1 0 0 2
1 0 0 3
1 0 0 3
1 0 0 3
1 0 0 3
1 0 0 3
1 0 0 3
1 0 0 3
1 0 0 3
1 0 0 3
1 0 0 3
1 0 0 2
1 0 0 2
1 0 0 4
1 0 0 4
1 0 0 4
1 0 0 4
1 0 0 4
1 0 0 4
1 0 0 4
1 0 0 4
1 0 0 4
1 0 0 4
1 0 0 5
1 0 0 5
1 0 0 5
1 0 0 5
1 0 0 5
1 0 0 5
1 0 0 5
1 0 0 5
1 0 0 5
1 0 0 5
1 0 0 6
1 0 0 7
1 0 0 7
1 0 0 7
1 0 0 7
1 0 0 7
1 0 0 7
1 0 0 7
1 0 0 7
1 0 0 8
1 0 0 8
1 0 0 8
1 0 0 7
1 0 0 7
1 0 0 8
1 0 0 8
1 0 0 8
1 0 0 8
1 0 0 8
1 0 0 8
1 0 0 8
1 0 0 6
1 0 0 6
1 0 0 9
1 0 0 9
1 0 0 9
1 0 0 9
1 0 0 9
1 0 0 9
1 0 0 9
1 0 0 9
1 0 0 9
1 0 0 9
1 0 0 6
1 0 0 6
1 0 0 6
1 0 0 6
1 0 0 6
1 0 0 6
1 0 0 6
0.1 2 3 -1
0.1 4 5 -1
0.1 91 92 -1
0.1 9 10 -1
0.1 8 94 -1
0.1 7 95 -1
0.1 6 96 -1
0.1 93 97 -1
0.1 12 13 -1
0.1 16 17 -1
0.1 15 100 -1
0.1 14 101 -1
0.1 102 18 -1
0.1 99 103 -1
0.1 11 104 -1
0.1 98 105 -1
0.1 20 21 -1
0.1 19 107 -1
0.1 22 23 -1
0.1 108 109 -1
0.1 110 24 -1
0.1 111 25 -1
0.1 26 27 -1
0.1 112 113 -1
0.1 114 28 -1
0.1 106 115 -1
0.1 1 116 -1
0.1 31 32 -1
0.1 33 34 -1
0.1 118 119 -1
0.1 36 37 -1
0.1 35 121 -1
0.1 120 122 -1
0.1 38 39 -1
0.1 124 40 -1
0.1 123 125 -1
0.1 30 126 -1
0.1 127 41 -1
0.1 43 44 -1
0.1 42 129 -1
0.1 128 130 -1
0.1 46 47 -1
0.1 45 132 -1
0.1 133 48 -1
0.1 131 134 -1
0.1 135 49 -1
0.1 136 50 -1
0.1 29 137 -1
0.1 117 138 -1
0.1 53 54 -1
0.1 52 140 -1
0.1 56 57 -1
0.1 142 58 -1
0.1 55 143 -1
0.1 144 59 -1
0.1 61 62 -1
0.1 146 63 -1
0.1 60 147 -1
0.1 148 64 -1
0.1 145 149 -1
0.1 66 67 -1
0.1 65 151 -1
0.1 69 70 -1
0.1 68 153 -1
0.1 152 154 -1
0.1 155 71 -1
0.1 150 156 -1
0.1 141 157 -1
0.1 51 158 -1
0.1 159 72 -1
0.1 139 160 -1
0.1 74 75 -1
0.1 162 76 -1
0.1 163 77 -1
0.1 164 78 -1
0.1 79 80 -1
0.1 165 166 -1
0.1 82 83 -1
0.1 81 168 -1
0.1 167 169 -1
0.1 84 85 -1
0.1 171 86 -1
0.1 170 172 -1
0.1 73 173 -1
0.1 174 87 -1
0.1 88 89 -1
0.1 175 176 -1
0.1 177 90 -1
0.1 161 178 -1
