1 0 0 1
1 0 0 1
1 0 0 1
1 0 0 2
1 0 0 2
1 0 0 3
1 0 0 3
1 0 0 1
1 0 0 4
1 0 0 5
1 0 0 5
1 0 0 2
1 0 0 4
1 0 0 4
1 0 0 4
1 0 0 4
1 0 0 6
1 0 0 6
1 0 0 6
1 0 0 6
1 0 0 6
1 0 0 6
1 0 0 3
1 0 0 5
1 0 0 5
1 0 0 3
1 0 0 3
1 0 0 3
1 0 0 3
1 0 0 3
1 0 0 1
1 0 0 1
1 0 0 5
1 0 0 5
1 0 0 5
1 0 0 5
1 0 0 4
1 0 0 4
1 0 0 4
1 0 0 4
1 0 0 4
1 0 0 2
1 0 0 7
1 0 0 7
1 0 0 7
1 0 0 7
1 0 0 7
1 0 0 7
1 0 0 7
1 0 0 7
1 0 0 7
1 0 0 7
1 0 0 5
1 0 0 5
1 0 0 6
1 0 0 6
1 0 0 2
1 0 0 3
1 0 0 3
1 0 0 2
1 0 0 2
1 0 0 2
1 0 0 2
1 0 0 8
1 0 0 8
1 0 0 8
1 0 0 8
1 0 0 8
1 0 0 8
1 0 0 8
1 0 0 8
1 0 0 8
1 0 0 8
1 0 0 6
1 0 0 6
1 0 0 1
1 0 0 1
1 0 0 2
1 0 0 1
1 0 0 1
1 0 0 9
1 0 0 10
1 0 0 10
1 0 0 10
1 0 0 10
1 0 0 10
1 0 0 10
1 0 0 10
1 0 0 10
1 0 0 10
1 0 0 10
1 0 0 11
1 0 0 11
1 0 0 11
1 0 0 11
1 0 0 11
1 0 0 11
1 0 0 11
1 0 0 11
1 0 0 11
1 0 0 12
1 0 0 12
1 0 0 12
1 0 0 12
1 0 0 12
1 0 0 12
1 0 0 12
1 0 0 12
1 0 0 12
1 0 0 12
1 0 0 13
1 0 0 13
1 0 0 14
1 0 0 14
1 0 0 13
1 0 0 13
1 0 0 14
1 0 0 14
1 0 0 14
1 0 0 14
1 0 0 14
1 0 0 14
1 0 0 15
1 0 0 15
1 0 0 15
1 0 0 15
1 0 0 15
1 0 0 15
1 0 0 15
1 0 0 15
1 0 0 15
1 0 0 15
1 0 0 14
1 0 0 16
1 0 0 16
1 0 0 11
1 0 0 16
1 0 0 16
1 0 0 14
1 0 0 16
1 0 0 16
1 0 0 16
1 0 0 16
1 0 0 16
1 0 0 16
1 0 0 17
1 0 0 17
1 0 0 17
1 0 0 17
1 0 0 17
1 0 0 17
1 0 0 17
1 0 0 17
1 0 0 17
1 0 0 17
1 0 0 18
1 0 0 18
1 0 0 18
1 0 0 19
1 0 0 19
1 0 0 19
1 0 0 19
1 0 0 19
1 0 0 19
1 0 0 19
1 0 0 19
1 0 0 19
1 0 0 19
1 0 0 18
1 0 0 18
1 0 0 18
1 0 0 18
1 0 0 18
1 0 0 18
1 0 0 18
1 0 0 13
1 0 0 20
1 0 0 20
1 0 0 20
1 0 0 20
1 0 0 20
1 0 0 20
1 0 0 20
1 0 0 20
1 0 0 20
1 0 0 20
1 0 0 13
1 0 0 13
1 0 0 13
1 0 0 13
1 0 0 21
1 0 0 21
1 0 0 21
1 0 0 21
1 0 0 21
1 0 0 21
1 0 0 21
1 0 0 22
1 0 0 22
1 0 0 22
1 0 0 22
1 0 0 22
1 0 0 22
1 0 0 22
1 0 0 22
1 0 0 22
1 0 0 22
1 0 0 23
1 0 0 23
1 0 0 23
1 0 0 23
1 0 0 23
1 0 0 23
1 0 0 23
1 0 0 23
1 0 0 23
1 0 0 23
1 0 0 21
1 0 0 21
1 0 0 21
1 0 0 24
1 0 0 24
1 0 0 24
1 0 0 24
1 0 0 24
1 0 0 24
1 0 0 24
1 0 0 24
1 0 0 24
1 0 0 24
1 0 0 13
1 0 0 9
1 0 0 9
1 0 0 25
1 0 0 26
1 0 0 26
1 0 0 26
1 0 0 26
1 0 0 9
1 0 0 26
1 0 0 26
1 0 0 26
1 0 0 26
1 0 0 26
1 0 0 26
1 0 0 27
1 0 0 27
1 0 0 27
1 0 0 27
1 0 0 27
1 0 0 27
1 0 0 27
1 0 0 27
1 0 0 27
1 0 0 27
1 0 0 28
1 0 0 28
1 0 0 28
1 0 0 28
1 0 0 28
1 0 0 28
1 0 0 28
1 0 0 28
1 0 0 28
1 0 0 28
1 0 0 25
1 0 0 29
1 0 0 29
1 0 0 29
1 0 0 29
1 0 0 29
1 0 0 29
1 0 0 29
1 0 0 29
1 0 0 29
1 0 0 29
1 0 0 30
1 0 0 30
1 0 0 30
1 0 0 30
1 0 0 30
1 0 0 30
1 0 0 31
1 0 0 31
1 0 0 31
1 0 0 32
1 0 0 31
1 0 0 31
1 0 0 31
1 0 0 32
1 0 0 31
1 0 0 32
1 0 0 32
1 0 0 32
1 0 0 32
1 0 0 30
1 0 0 30
1 0 0 30
1 0 0 33
1 0 0 25
1 0 0 25
1 0 0 25
1 0 0 25
1 0 0 25
1 0 0 34
1 0 0 32
1 0 0 33
1 0 0 33
1 0 0 33
1 0 0 25
1 0 0 33
1 0 0 33
1 0 0 33
1 0 0 33
1 0 0 34
1 0 0 34
1 0 0 34
1 0 0 25
1 0 0 25
1 0 0 31
1 0 0 31
1 0 0 34
1 0 0 34
1 0 0 34
1 0 0 34
1 0 0 33
1 0 0 33
1 0 0 32
1 0 0 32
1 0 0 32
1 0 0 30
1 0 0 9
1 0 0 35
1 0 0 35
1 0 0 35
1 0 0 35
1 0 0 35
1 0 0 35
1 0 0 35
1 0 0 35
1 0 0 35
1 0 0 35
1 0 0 9
1 0 0 34
1 0 0 34
1 0 0 9
1 0 0 31
1 0 0 9
1 0 0 9
1 0 0 36
1 0 0 36
1 0 0 36
1 0 0 36
1 0 0 36
1 0 0 36
1 0 0 36
1 0 0 36
1 0 0 36
1 0 0 36
1 0 0 9
0.1 1 2 -1
0.1 361 3 -1
0.1 4 5 -1
0.1 6 7 -1
0.1 363 364 -1
0.1 9 10 -1
0.1 13 14 -1
0.1 367 15 -1
0.1 368 16 -1
0.1 369 17 -1
0.1 370 18 -1
0.1 20 21 -1
0.1 372 22 -1
0.1 19 373 -1
0.1 371 374 -1
0.1 12 375 -1
0.1 376 23 -1
0.1 377 24 -1
0.1 378 25 -1
0.1 26 27 -1
0.1 28 29 -1
0.1 381 30 -1
0.1 380 382 -1
0.1 31 32 -1
0.1 383 384 -1
0.1 385 33 -1
0.1 386 34 -1
0.1 379 387 -1
0.1 388 35 -1
0.1 11 389 -1
0.1 366 390 -1
0.1 391 36 -1
0.1 37 38 -1
0.1 39 40 -1
0.1 394 41 -1
0.1 393 395 -1
0.1 396 42 -1
0.1 45 46 -1
0.1 44 398 -1
0.1 43 399 -1
0.1 49 50 -1
0.1 48 401 -1
0.1 51 52 -1
0.1 402 403 -1
0.1 47 404 -1
0.1 400 405 -1
0.1 406 53 -1
0.1 397 407 -1
0.1 408 54 -1
0.1 392 409 -1
0.1 8 410 -1
0.1 55 56 -1
0.1 411 412 -1
0.1 413 57 -1
0.1 58 59 -1
0.1 61 62 -1
0.1 60 416 -1
0.1 64 65 -1
0.1 418 66 -1
0.1 67 68 -1
0.1 70 71 -1
0.1 421 72 -1
0.1 422 73 -1
0.1 69 423 -1
0.1 420 424 -1
0.1 419 425 -1
0.1 74 75 -1
0.1 426 427 -1
0.1 76 77 -1
0.1 428 429 -1
0.1 63 430 -1
0.1 417 431 -1
0.1 415 432 -1
0.1 414 433 -1
0.1 365 434 -1
0.1 435 78 -1
0.1 79 80 -1
0.1 436 437 -1
0.1 362 438 -1
0.1 87 88 -1
0.1 440 89 -1
0.1 86 441 -1
0.1 85 442 -1
0.1 84 443 -1
0.1 83 444 -1
0.1 82 445 -1
0.1 90 91 -1
0.1 446 447 -1
0.1 93 94 -1
0.1 96 97 -1
0.1 95 450 -1
0.1 449 451 -1
0.1 452 98 -1
0.1 92 453 -1
0.1 101 102 -1
0.1 103 104 -1
0.1 105 106 -1
0.1 456 457 -1
0.1 458 107 -1
0.1 108 109 -1
0.1 459 460 -1
0.1 461 110 -1
0.1 455 462 -1
0.1 100 463 -1
0.1 99 464 -1
0.1 454 465 -1
0.1 466 111 -1
0.1 113 114 -1
0.1 468 115 -1
0.1 112 469 -1
0.1 116 117 -1
0.1 121 122 -1
0.1 120 472 -1
0.1 119 473 -1
0.1 118 474 -1
0.1 125 126 -1
0.1 476 127 -1
0.1 124 477 -1
0.1 123 478 -1
0.1 131 132 -1
0.1 130 480 -1
0.1 129 481 -1
0.1 128 482 -1
0.1 479 483 -1
0.1 484 133 -1
0.1 475 485 -1
0.1 136 137 -1
0.1 135 487 -1
0.1 134 488 -1
0.1 489 138 -1
0.1 490 139 -1
0.1 140 141 -1
0.1 142 143 -1
0.1 493 144 -1
0.1 494 145 -1
0.1 492 495 -1
0.1 491 496 -1
0.1 486 497 -1
0.1 471 498 -1
0.1 470 499 -1
0.1 146 147 -1
0.1 149 150 -1
0.1 148 502 -1
0.1 153 154 -1
0.1 504 155 -1
0.1 152 505 -1
0.1 151 506 -1
0.1 503 507 -1
0.1 501 508 -1
0.1 156 157 -1
0.1 159 160 -1
0.1 163 164 -1
0.1 162 512 -1
0.1 161 513 -1
0.1 165 166 -1
0.1 167 168 -1
0.1 515 516 -1
0.1 514 517 -1
0.1 511 518 -1
0.1 519 169 -1
0.1 520 170 -1
0.1 158 521 -1
0.1 522 171 -1
0.1 510 523 -1
0.1 172 173 -1
0.1 524 525 -1
0.1 526 174 -1
0.1 527 175 -1
0.1 528 176 -1
0.1 179 180 -1
0.1 178 530 -1
0.1 177 531 -1
0.1 181 182 -1
0.1 183 184 -1
0.1 533 534 -1
0.1 532 535 -1
0.1 536 185 -1
0.1 537 186 -1
0.1 529 538 -1
0.1 509 539 -1
0.1 500 540 -1
0.1 189 190 -1
0.1 188 542 -1
0.1 191 192 -1
0.1 193 194 -1
0.1 199 200 -1
0.1 546 201 -1
0.1 202 203 -1
0.1 547 548 -1
0.1 198 549 -1
0.1 204 205 -1
0.1 206 207 -1
0.1 551 552 -1
0.1 550 553 -1
0.1 213 214 -1
0.1 212 555 -1
0.1 211 556 -1
0.1 210 557 -1
0.1 558 215 -1
0.1 559 216 -1
0.1 560 217 -1
0.1 209 561 -1
0.1 208 562 -1
0.1 554 563 -1
0.1 197 564 -1
0.1 218 219 -1
0.1 565 566 -1
0.1 196 567 -1
0.1 195 568 -1
0.1 545 569 -1
0.1 544 570 -1
0.1 222 223 -1
0.1 221 572 -1
0.1 573 224 -1
0.1 226 227 -1
0.1 575 228 -1
0.1 225 576 -1
0.1 229 230 -1
0.1 577 578 -1
0.1 574 579 -1
0.1 220 580 -1
0.1 571 581 -1
0.1 543 582 -1
0.1 583 231 -1
0.1 187 584 -1
0.1 541 585 -1
0.1 467 586 -1
0.1 448 587 -1
0.1 81 588 -1
0.1 439 589 -1
0.1 232 233 -1
0.1 591 234 -1
0.1 235 236 -1
0.1 237 238 -1
0.1 593 594 -1
0.1 240 241 -1
0.1 243 244 -1
0.1 597 245 -1
0.1 242 598 -1
0.1 596 599 -1
0.1 239 600 -1
0.1 595 601 -1
0.1 592 602 -1
0.1 249 250 -1
0.1 604 251 -1
0.1 248 605 -1
0.1 253 254 -1
0.1 252 607 -1
0.1 606 608 -1
0.1 247 609 -1
0.1 610 255 -1
0.1 246 611 -1
0.1 258 259 -1
0.1 613 260 -1
0.1 257 614 -1
0.1 261 262 -1
0.1 264 265 -1
0.1 263 617 -1
0.1 616 618 -1
0.1 615 619 -1
0.1 256 620 -1
0.1 612 621 -1
0.1 271 272 -1
0.1 623 273 -1
0.1 270 624 -1
0.1 625 274 -1
0.1 269 626 -1
0.1 268 627 -1
0.1 275 276 -1
0.1 628 629 -1
0.1 267 630 -1
0.1 266 631 -1
0.1 278 279 -1
0.1 633 280 -1
0.1 281 282 -1
0.1 283 284 -1
0.1 636 285 -1
0.1 288 289 -1
0.1 287 638 -1
0.1 639 290 -1
0.1 292 293 -1
0.1 291 641 -1
0.1 642 294 -1
0.1 640 643 -1
0.1 286 644 -1
0.1 645 295 -1
0.1 637 646 -1
0.1 296 297 -1
0.1 647 648 -1
0.1 300 301 -1
0.1 303 304 -1
0.1 302 651 -1
0.1 650 652 -1
0.1 305 306 -1
0.1 653 654 -1
0.1 307 308 -1
0.1 656 309 -1
0.1 655 657 -1
0.1 299 658 -1
0.1 310 311 -1
0.1 659 660 -1
0.1 316 317 -1
0.1 318 319 -1
0.1 320 321 -1
0.1 663 664 -1
0.1 662 665 -1
0.1 315 666 -1
0.1 322 323 -1
0.1 668 324 -1
0.1 669 325 -1
0.1 667 670 -1
0.1 671 326 -1
0.1 672 327 -1
0.1 314 673 -1
0.1 313 674 -1
0.1 312 675 -1
0.1 661 676 -1
0.1 298 677 -1
0.1 649 678 -1
0.1 635 679 -1
0.1 634 680 -1
0.1 277 681 -1
0.1 329 330 -1
0.1 328 683 -1
0.1 682 684 -1
0.1 685 331 -1
0.1 632 686 -1
0.1 622 687 -1
0.1 335 336 -1
0.1 334 689 -1
0.1 690 337 -1
0.1 339 340 -1
0.1 338 692 -1
0.1 691 693 -1
0.1 341 342 -1
0.1 694 695 -1
0.1 333 696 -1
0.1 697 343 -1
0.1 344 345 -1
0.1 698 699 -1
0.1 332 700 -1
0.1 701 346 -1
0.1 348 349 -1
0.1 347 703 -1
0.1 702 704 -1
0.1 688 705 -1
0.1 603 706 -1
0.1 350 351 -1
0.1 353 354 -1
0.1 352 709 -1
0.1 708 710 -1
0.1 355 356 -1
0.1 358 359 -1
0.1 357 713 -1
0.1 712 714 -1
0.1 711 715 -1
0.1 716 360 -1
0.1 707 717 -1
0.1 590 718 -1
