1 0 0 1
1 0 0 2
1 0 0 2
1 0 0 2
1 0 0 3
1 0 0 3
1 0 0 2
1 0 0 2
1 0 0 3
1 0 0 3
1 0 0 4
1 0 0 4
1 0 0 2
1 0 0 2
1 0 0 5
1 0 0 5
1 0 0 5
1 0 0 5
1 0 0 5
1 0 0 2
1 0 0 6
1 0 0 6
1 0 0 6
1 0 0 1
1 0 0 2
1 0 0 7
1 0 0 7
1 0 0 7
1 0 0 7
1 0 0 7
1 0 0 6
1 0 0 1
1 0 0 6
1 0 0 6
1 0 0 3
1 0 0 3
1 0 0 3
1 0 0 3
1 0 0 3
1 0 0 3
1 0 0 1
1 0 0 7
1 0 0 7
1 0 0 7
1 0 0 7
1 0 0 8
1 0 0 8
1 0 0 8
1 0 0 8
1 0 0 8
1 0 0 8
1 0 0 6
1 0 0 5
1 0 0 8
1 0 0 8
1 0 0 8
1 0 0 8
1 0 0 2
1 0 0 6
1 0 0 9
1 0 0 9
1 0 0 9
1 0 0 9
1 0 0 9
1 0 0 9
1 0 0 9
1 0 0 9
1 0 0 9
1 0 0 9
1 0 0 6
1 0 0 6
1 0 0 1
1 0 0 1
1 0 0 5
1 0 0 1
1 0 0 1
1 0 0 5
1 0 0 5
1 0 0 7
1 0 0 5
1 0 0 1
1 0 0 1
1 0 0 10
1 0 0 11
1 0 0 11
1 0 0 11
1 0 0 11
1 0 0 11
1 0 0 11
1 0 0 11
1 0 0 11
1 0 0 12
1 0 0 12
1 0 0 12
1 0 0 12
1 0 0 12
1 0 0 12
1 0 0 12
1 0 0 12
1 0 0 12
1 0 0 12
1 0 0 13
1 0 0 13
1 0 0 13
1 0 0 13
1 0 0 13
1 0 0 13
1 0 0 13
1 0 0 13
1 0 0 13
1 0 0 13
1 0 0 14
1 0 0 15
1 0 0 15
1 0 0 15
1 0 0 15
1 0 0 15
1 0 0 15
1 0 0 15
1 0 0 15
1 0 0 16
1 0 0 16
1 0 0 16
1 0 0 16
1 0 0 16
1 0 0 16
1 0 0 11
1 0 0 15
1 0 0 16
1 0 0 16
1 0 0 16
1 0 0 16
1 0 0 15
1 0 0 14
1 0 0 14
1 0 0 17
1 0 0 17
1 0 0 17
1 0 0 17
1 0 0 17
1 0 0 17
1 0 0 17
1 0 0 17
1 0 0 17
1 0 0 18
1 0 0 18
1 0 0 17
1 0 0 18
1 0 0 18
1 0 0 18
1 0 0 18
1 0 0 18
1 0 0 18
1 0 0 18
1 0 0 14
1 0 0 19
1 0 0 19
1 0 0 19
1 0 0 19
1 0 0 19
1 0 0 19
1 0 0 19
1 0 0 19
1 0 0 19
1 0 0 19
1 0 0 20
1 0 0 20
1 0 0 20
1 0 0 20
1 0 0 20
1 0 0 20
1 0 0 20
1 0 0 20
1 0 0 20
1 0 0 20
1 0 0 18
1 0 0 21
1 0 0 21
1 0 0 21
1 0 0 21
1 0 0 21
1 0 0 21
1 0 0 21
1 0 0 21
1 0 0 21
1 0 0 21
1 0 0 14
1 0 0 14
1 0 0 14
1 0 0 22
1 0 0 22
1 0 0 22
1 0 0 22
1 0 0 23
1 0 0 23
1 0 0 23
1 0 0 23
1 0 0 23
1 0 0 23
1 0 0 23
1 0 0 23
1 0 0 23
1 0 0 23
1 0 0 22
1 0 0 22
1 0 0 24
1 0 0 24
1 0 0 24
1 0 0 24
1 0 0 24
1 0 0 24
1 0 0 24
1 0 0 24
1 0 0 24
1 0 0 24
1 0 0 25
1 0 0 25
1 0 0 25
1 0 0 25
1 0 0 25
1 0 0 25
1 0 0 25
1 0 0 25
1 0 0 25
1 0 0 25
1 0 0 22
1 0 0 22
1 0 0 22
1 0 0 22
1 0 0 14
1 0 0 14
1 0 0 11
1 0 0 14
1 0 0 26
1 0 0 26
1 0 0 26
1 0 0 26
1 0 0 26
1 0 0 26
1 0 0 10
1 0 0 26
1 0 0 26
1 0 0 26
1 0 0 26
1 0 0 10
1 0 0 10
1 0 0 27
1 0 0 10
1 0 0 28
1 0 0 28
1 0 0 28
1 0 0 28
1 0 0 28
1 0 0 28
1 0 0 28
1 0 0 28
1 0 0 28
1 0 0 28
1 0 0 10
1 0 0 29
1 0 0 30
1 0 0 30
1 0 0 30
1 0 0 30
1 0 0 30
1 0 0 30
1 0 0 30
1 0 0 30
1 0 0 30
1 0 0 30
1 0 0 29
1 0 0 29
1 0 0 29
1 0 0 29
1 0 0 29
1 0 0 29
1 0 0 29
1 0 0 29
1 0 0 29
1 0 0 10
1 0 0 31
1 0 0 31
1 0 0 31
1 0 0 31
1 0 0 31
1 0 0 31
1 0 0 31
1 0 0 32
1 0 0 4
1 0 0 32
1 0 0 32
1 0 0 32
1 0 0 32
1 0 0 27
1 0 0 27
1 0 0 33
1 0 0 32
1 0 0 32
1 0 0 34
1 0 0 34
1 0 0 34
1 0 0 34
1 0 0 34
1 0 0 34
1 0 0 34
1 0 0 34
1 0 0 34
1 0 0 33
1 0 0 33
1 0 0 33
1 0 0 33
1 0 0 33
1 0 0 4
1 0 0 4
1 0 0 4
1 0 0 4
1 0 0 4
1 0 0 4
1 0 0 4
1 0 0 27
1 0 0 32
1 0 0 32
1 0 0 27
1 0 0 27
1 0 0 27
1 0 0 27
1 0 0 27
1 0 0 33
1 0 0 32
1 0 0 31
1 0 0 31
1 0 0 27
1 0 0 35
1 0 0 35
1 0 0 35
1 0 0 35
1 0 0 35
1 0 0 35
1 0 0 35
1 0 0 35
1 0 0 35
1 0 0 35
1 0 0 31
1 0 0 33
1 0 0 33
1 0 0 33
1 0 0 36
1 0 0 36
1 0 0 36
1 0 0 36
1 0 0 36
1 0 0 36
1 0 0 36
1 0 0 36
1 0 0 36
1 0 0 36
1 0 0 10
1 0 0 34
1 0 0 10
1 0 0 10
0.1 5 6 -1
0.1 7 8 -1
0.1 9 10 -1
0.1 11 12 -1
0.1 363 364 -1
0.1 365 13 -1
0.1 362 366 -1
0.1 361 367 -1
0.1 368 14 -1
0.1 4 369 -1
0.1 3 370 -1
0.1 17 18 -1
0.1 372 19 -1
0.1 20 21 -1
0.1 24 25 -1
0.1 26 27 -1
0.1 28 29 -1
0.1 377 30 -1
0.1 376 378 -1
0.1 375 379 -1
0.1 380 31 -1
0.1 33 34 -1
0.1 32 382 -1
0.1 381 383 -1
0.1 23 384 -1
0.1 35 36 -1
0.1 37 38 -1
0.1 387 39 -1
0.1 386 388 -1
0.1 389 40 -1
0.1 390 41 -1
0.1 43 44 -1
0.1 42 392 -1
0.1 393 45 -1
0.1 394 46 -1
0.1 49 50 -1
0.1 396 51 -1
0.1 48 397 -1
0.1 47 398 -1
0.1 395 399 -1
0.1 400 52 -1
0.1 391 401 -1
0.1 385 402 -1
0.1 22 403 -1
0.1 374 404 -1
0.1 54 55 -1
0.1 56 57 -1
0.1 406 407 -1
0.1 53 408 -1
0.1 409 58 -1
0.1 410 59 -1
0.1 62 63 -1
0.1 61 412 -1
0.1 60 413 -1
0.1 66 67 -1
0.1 65 415 -1
0.1 68 69 -1
0.1 416 417 -1
0.1 64 418 -1
0.1 414 419 -1
0.1 420 70 -1
0.1 421 71 -1
0.1 72 73 -1
0.1 422 423 -1
0.1 411 424 -1
0.1 405 425 -1
0.1 373 426 -1
0.1 16 427 -1
0.1 15 428 -1
0.1 75 76 -1
0.1 74 430 -1
0.1 77 78 -1
0.1 432 79 -1
0.1 431 433 -1
0.1 429 434 -1
0.1 435 80 -1
0.1 371 436 -1
0.1 2 437 -1
0.1 81 82 -1
0.1 438 439 -1
0.1 1 440 -1
0.1 84 85 -1
0.1 86 87 -1
0.1 89 90 -1
0.1 88 444 -1
0.1 443 445 -1
0.1 92 93 -1
0.1 94 95 -1
0.1 96 97 -1
0.1 448 449 -1
0.1 450 98 -1
0.1 99 100 -1
0.1 451 452 -1
0.1 453 101 -1
0.1 447 454 -1
0.1 91 455 -1
0.1 446 456 -1
0.1 442 457 -1
0.1 103 104 -1
0.1 459 105 -1
0.1 460 106 -1
0.1 102 461 -1
0.1 110 111 -1
0.1 109 463 -1
0.1 108 464 -1
0.1 107 465 -1
0.1 462 466 -1
0.1 458 467 -1
0.1 115 116 -1
0.1 114 469 -1
0.1 113 470 -1
0.1 471 117 -1
0.1 472 118 -1
0.1 119 120 -1
0.1 121 122 -1
0.1 474 475 -1
0.1 125 126 -1
0.1 124 477 -1
0.1 478 127 -1
0.1 479 128 -1
0.1 123 480 -1
0.1 476 481 -1
0.1 130 131 -1
0.1 483 132 -1
0.1 129 484 -1
0.1 482 485 -1
0.1 473 486 -1
0.1 487 133 -1
0.1 112 488 -1
0.1 134 135 -1
0.1 489 490 -1
0.1 138 139 -1
0.1 137 492 -1
0.1 140 141 -1
0.1 493 494 -1
0.1 143 144 -1
0.1 142 496 -1
0.1 495 497 -1
0.1 136 498 -1
0.1 150 151 -1
0.1 149 500 -1
0.1 501 152 -1
0.1 148 502 -1
0.1 503 153 -1
0.1 504 154 -1
0.1 147 505 -1
0.1 146 506 -1
0.1 145 507 -1
0.1 499 508 -1
0.1 159 160 -1
0.1 158 510 -1
0.1 157 511 -1
0.1 161 162 -1
0.1 163 164 -1
0.1 513 514 -1
0.1 512 515 -1
0.1 156 516 -1
0.1 517 165 -1
0.1 167 168 -1
0.1 169 170 -1
0.1 172 173 -1
0.1 171 521 -1
0.1 520 522 -1
0.1 523 174 -1
0.1 524 175 -1
0.1 519 525 -1
0.1 166 526 -1
0.1 518 527 -1
0.1 155 528 -1
0.1 509 529 -1
0.1 530 176 -1
0.1 491 531 -1
0.1 180 181 -1
0.1 533 182 -1
0.1 179 534 -1
0.1 178 535 -1
0.1 177 536 -1
0.1 184 185 -1
0.1 538 186 -1
0.1 183 539 -1
0.1 537 540 -1
0.1 188 189 -1
0.1 187 542 -1
0.1 190 191 -1
0.1 192 193 -1
0.1 195 196 -1
0.1 546 197 -1
0.1 198 199 -1
0.1 201 202 -1
0.1 200 549 -1
0.1 550 203 -1
0.1 548 551 -1
0.1 552 204 -1
0.1 547 553 -1
0.1 194 554 -1
0.1 545 555 -1
0.1 210 211 -1
0.1 209 557 -1
0.1 208 558 -1
0.1 207 559 -1
0.1 206 560 -1
0.1 212 213 -1
0.1 214 215 -1
0.1 562 563 -1
0.1 561 564 -1
0.1 219 220 -1
0.1 218 566 -1
0.1 217 567 -1
0.1 216 568 -1
0.1 569 221 -1
0.1 570 222 -1
0.1 224 225 -1
0.1 223 572 -1
0.1 571 573 -1
0.1 565 574 -1
0.1 575 226 -1
0.1 227 228 -1
0.1 577 229 -1
0.1 576 578 -1
0.1 205 579 -1
0.1 556 580 -1
0.1 544 581 -1
0.1 543 582 -1
0.1 230 231 -1
0.1 583 584 -1
0.1 541 585 -1
0.1 532 586 -1
0.1 468 587 -1
0.1 588 232 -1
0.1 589 233 -1
0.1 83 590 -1
0.1 441 591 -1
0.1 234 235 -1
0.1 237 238 -1
0.1 594 239 -1
0.1 236 595 -1
0.1 593 596 -1
0.1 597 240 -1
0.1 241 242 -1
0.1 243 244 -1
0.1 599 600 -1
0.1 598 601 -1
0.1 245 246 -1
0.1 602 603 -1
0.1 604 247 -1
0.1 250 251 -1
0.1 249 606 -1
0.1 254 255 -1
0.1 253 608 -1
0.1 252 609 -1
0.1 256 257 -1
0.1 611 258 -1
0.1 610 612 -1
0.1 607 613 -1
0.1 614 259 -1
0.1 263 264 -1
0.1 265 266 -1
0.1 616 617 -1
0.1 268 269 -1
0.1 267 619 -1
0.1 618 620 -1
0.1 262 621 -1
0.1 622 270 -1
0.1 261 623 -1
0.1 271 272 -1
0.1 625 273 -1
0.1 275 276 -1
0.1 627 277 -1
0.1 274 628 -1
0.1 629 278 -1
0.1 626 630 -1
0.1 631 279 -1
0.1 624 632 -1
0.1 633 280 -1
0.1 260 634 -1
0.1 615 635 -1
0.1 248 636 -1
0.1 281 282 -1
0.1 283 284 -1
0.1 290 291 -1
0.1 289 640 -1
0.1 292 293 -1
0.1 294 295 -1
0.1 643 296 -1
0.1 642 644 -1
0.1 641 645 -1
0.1 646 297 -1
0.1 299 300 -1
0.1 648 301 -1
0.1 303 304 -1
0.1 650 305 -1
0.1 651 306 -1
0.1 652 307 -1
0.1 302 653 -1
0.1 649 654 -1
0.1 655 308 -1
0.1 311 312 -1
0.1 310 657 -1
0.1 309 658 -1
0.1 314 315 -1
0.1 313 660 -1
0.1 317 318 -1
0.1 662 319 -1
0.1 316 663 -1
0.1 661 664 -1
0.1 659 665 -1
0.1 656 666 -1
0.1 320 321 -1
0.1 668 322 -1
0.1 667 669 -1
0.1 298 670 -1
0.1 647 671 -1
0.1 288 672 -1
0.1 323 324 -1
0.1 326 327 -1
0.1 325 675 -1
0.1 674 676 -1
0.1 677 328 -1
0.1 678 329 -1
0.1 673 679 -1
0.1 287 680 -1
0.1 286 681 -1
0.1 682 330 -1
0.1 285 683 -1
0.1 684 331 -1
0.1 639 685 -1
0.1 638 686 -1
0.1 333 334 -1
0.1 336 337 -1
0.1 340 341 -1
0.1 339 690 -1
0.1 691 342 -1
0.1 338 692 -1
0.1 689 693 -1
0.1 335 694 -1
0.1 688 695 -1
0.1 332 696 -1
0.1 687 697 -1
0.1 698 343 -1
0.1 345 346 -1
0.1 344 700 -1
0.1 699 701 -1
0.1 347 348 -1
0.1 350 351 -1
0.1 349 704 -1
0.1 703 705 -1
0.1 352 353 -1
0.1 706 707 -1
0.1 355 356 -1
0.1 354 709 -1
0.1 708 710 -1
0.1 711 357 -1
0.1 359 360 -1
0.1 358 713 -1
0.1 712 714 -1
0.1 702 715 -1
0.1 637 716 -1
0.1 605 717 -1
0.1 592 718 -1
