1 0 0 1
1 0 0 1
1 0 0 1
1 0 0 2
1 0 0 2
1 0 0 2
1 0 0 2
1 0 0 2
1 0 0 2
1 0 0 2
1 0 0 2
1 0 0 2
1 0 0 2
1 0 0 3
1 0 0 3
1 0 0 3
1 0 0 3
1 0 0 4
1 0 0 4
1 0 0 5
1 0 0 6
1 0 0 6
1 0 0 5
1 0 0 7
1 0 0 7
1 0 0 5
1 0 0 6
1 0 0 4
1 0 0 4
1 0 0 8
1 0 0 8
1 0 0 8
1 0 0 3
1 0 0 9
1 0 0 9
1 0 0 4
1 0 0 4
1 0 0 4
1 0 0 3
1 0 0 3
1 0 0 3
1 0 0 3
1 0 0 8
1 0 0 9
1 0 0 9
1 0 0 9
1 0 0 4
1 0 0 9
1 0 0 9
1 0 0 6
1 0 0 6
1 0 0 6
1 0 0 6
1 0 0 8
1 0 0 3
1 0 0 4
1 0 0 4
1 0 0 6
1 0 0 6
1 0 0 5
1 0 0 5
1 0 0 5
1 0 0 5
1 0 0 5
1 0 0 5
1 0 0 8
1 0 0 8
1 0 0 8
1 0 0 5
1 0 0 8
1 0 0 9
1 0 0 8
1 0 0 10
1 0 0 10
1 0 0 10
1 0 0 10
1 0 0 10
1 0 0 10
1 0 0 10
1 0 0 10
1 0 0 10
1 0 0 10
1 0 0 9
1 0 0 9
1 0 0 6
1 0 0 7
1 0 0 7
1 0 0 7
1 0 0 7
1 0 0 7
1 0 0 7
1 0 0 7
1 0 0 7
1 0 0 11
1 0 0 1
1 0 0 1
1 0 0 1
1 0 0 12
1 0 0 12
1 0 0 12
1 0 0 12
1 0 0 11
1 0 0 11
1 0 0 11
1 0 0 11
1 0 0 11
1 0 0 11
1 0 0 11
1 0 0 11
1 0 0 11
1 0 0 13
1 0 0 13
1 0 0 13
1 0 0 13
1 0 0 13
1 0 0 13
1 0 0 14
1 0 0 14
1 0 0 14
1 0 0 14
1 0 0 14
1 0 0 14
1 0 0 14
1 0 0 14
1 0 0 14
1 0 0 14
1 0 0 1
1 0 0 15
1 0 0 16
1 0 0 16
1 0 0 16
1 0 0 16
1 0 0 16
1 0 0 16
1 0 0 16
1 0 0 16
1 0 0 16
1 0 0 16
1 0 0 17
1 0 0 17
1 0 0 17
1 0 0 17
1 0 0 17
1 0 0 17
1 0 0 17
1 0 0 17
1 0 0 17
1 0 0 17
1 0 0 18
1 0 0 19
1 0 0 19
1 0 0 19
1 0 0 19
1 0 0 19
1 0 0 19
1 0 0 19
1 0 0 19
1 0 0 19
1 0 0 19
1 0 0 15
1 0 0 15
1 0 0 15
1 0 0 20
1 0 0 20
1 0 0 20
1 0 0 20
1 0 0 20
1 0 0 20
1 0 0 20
1 0 0 20
1 0 0 20
1 0 0 20
1 0 0 1
1 0 0 15
1 0 0 15
1 0 0 12
1 0 0 13
1 0 0 13
1 0 0 13
1 0 0 13
1 0 0 12
1 0 0 12
1 0 0 15
1 0 0 15
1 0 0 15
1 0 0 15
1 0 0 21
1 0 0 21
1 0 0 21
1 0 0 21
1 0 0 21
1 0 0 21
1 0 0 21
1 0 0 21
1 0 0 22
1 0 0 22
1 0 0 22
1 0 0 22
1 0 0 22
1 0 0 22
1 0 0 22
1 0 0 22
1 0 0 22
1 0 0 18
1 0 0 18
1 0 0 18
1 0 0 18
1 0 0 18
1 0 0 18
1 0 0 18
1 0 0 18
1 0 0 18
1 0 0 22
1 0 0 21
1 0 0 21
1 0 0 23
1 0 0 23
1 0 0 23
1 0 0 12
1 0 0 12
1 0 0 12
1 0 0 23
1 0 0 23
1 0 0 23
1 0 0 23
1 0 0 23
1 0 0 23
1 0 0 23
1 0 0 1
1 0 0 1
1 0 0 24
1 0 0 24
1 0 0 24
1 0 0 24
1 0 0 24
1 0 0 25
1 0 0 26
1 0 0 26
1 0 0 26
1 0 0 26
1 0 0 26
1 0 0 26
1 0 0 26
1 0 0 26
1 0 0 26
1 0 0 26
1 0 0 25
1 0 0 25
1 0 0 25
1 0 0 25
1 0 0 25
1 0 0 27
1 0 0 27
1 0 0 27
1 0 0 27
1 0 0 27
1 0 0 27
1 0 0 27
1 0 0 27
1 0 0 27
1 0 0 27
1 0 0 28
1 0 0 28
1 0 0 28
1 0 0 28
1 0 0 28
1 0 0 28
1 0 0 28
1 0 0 28
1 0 0 28
1 0 0 28
1 0 0 25
1 0 0 25
1 0 0 25
1 0 0 25
1 0 0 24
1 0 0 24
1 0 0 29
1 0 0 29
1 0 0 24
1 0 0 29
1 0 0 29
1 0 0 29
1 0 0 29
1 0 0 29
1 0 0 29
1 0 0 30
1 0 0 30
1 0 0 30
1 0 0 30
1 0 0 30
1 0 0 30
1 0 0 30
1 0 0 29
1 0 0 30
1 0 0 30
1 0 0 30
1 0 0 29
1 0 0 31
1 0 0 32
1 0 0 32
1 0 0 32
1 0 0 32
1 0 0 32
1 0 0 32
1 0 0 32
1 0 0 32
1 0 0 31
1 0 0 31
1 0 0 31
1 0 0 31
1 0 0 31
1 0 0 31
1 0 0 31
1 0 0 33
1 0 0 33
1 0 0 33
1 0 0 33
1 0 0 33
1 0 0 33
1 0 0 33
1 0 0 33
1 0 0 33
1 0 0 33
1 0 0 31
1 0 0 31
1 0 0 32
1 0 0 32
1 0 0 24
1 0 0 24
1 0 0 34
1 0 0 34
1 0 0 34
1 0 0 34
1 0 0 34
1 0 0 34
1 0 0 34
1 0 0 34
1 0 0 35
1 0 0 35
1 0 0 35
1 0 0 35
1 0 0 35
1 0 0 35
1 0 0 35
1 0 0 35
1 0 0 35
1 0 0 35
1 0 0 34
1 0 0 34
1 0 0 36
1 0 0 36
1 0 0 36
1 0 0 36
1 0 0 36
1 0 0 36
1 0 0 36
1 0 0 36
1 0 0 36
1 0 0 36
0.1 1 2 -1
0.1 361 3 -1
0.1 7 8 -1
0.1 6 363 -1
0.1 5 364 -1
0.1 4 365 -1
0.1 12 13 -1
0.1 11 367 -1
0.1 10 368 -1
0.1 9 369 -1
0.1 366 370 -1
0.1 14 15 -1
0.1 16 17 -1
0.1 372 373 -1
0.1 18 19 -1
0.1 21 22 -1
0.1 24 25 -1
0.1 23 377 -1
0.1 376 378 -1
0.1 26 27 -1
0.1 379 380 -1
0.1 20 381 -1
0.1 28 29 -1
0.1 30 31 -1
0.1 384 32 -1
0.1 383 385 -1
0.1 386 33 -1
0.1 382 387 -1
0.1 375 388 -1
0.1 37 38 -1
0.1 36 390 -1
0.1 40 41 -1
0.1 39 392 -1
0.1 393 42 -1
0.1 43 44 -1
0.1 394 395 -1
0.1 391 396 -1
0.1 45 46 -1
0.1 397 398 -1
0.1 47 48 -1
0.1 399 400 -1
0.1 51 52 -1
0.1 50 402 -1
0.1 53 54 -1
0.1 403 404 -1
0.1 56 57 -1
0.1 55 406 -1
0.1 58 59 -1
0.1 61 62 -1
0.1 409 63 -1
0.1 60 410 -1
0.1 408 411 -1
0.1 64 65 -1
0.1 67 68 -1
0.1 66 414 -1
0.1 69 70 -1
0.1 415 416 -1
0.1 413 417 -1
0.1 412 418 -1
0.1 407 419 -1
0.1 405 420 -1
0.1 75 76 -1
0.1 74 422 -1
0.1 73 423 -1
0.1 78 79 -1
0.1 77 425 -1
0.1 81 82 -1
0.1 80 427 -1
0.1 426 428 -1
0.1 424 429 -1
0.1 72 430 -1
0.1 71 431 -1
0.1 432 83 -1
0.1 421 433 -1
0.1 49 434 -1
0.1 435 84 -1
0.1 401 436 -1
0.1 35 437 -1
0.1 34 438 -1
0.1 439 85 -1
0.1 389 440 -1
0.1 374 441 -1
0.1 86 87 -1
0.1 88 89 -1
0.1 90 91 -1
0.1 444 445 -1
0.1 443 446 -1
0.1 92 93 -1
0.1 447 448 -1
0.1 442 449 -1
0.1 371 450 -1
0.1 362 451 -1
0.1 95 96 -1
0.1 94 453 -1
0.1 454 97 -1
0.1 99 100 -1
0.1 456 101 -1
0.1 98 457 -1
0.1 103 104 -1
0.1 102 459 -1
0.1 460 105 -1
0.1 106 107 -1
0.1 461 462 -1
0.1 458 463 -1
0.1 464 108 -1
0.1 455 465 -1
0.1 109 110 -1
0.1 466 467 -1
0.1 111 112 -1
0.1 469 113 -1
0.1 114 115 -1
0.1 470 471 -1
0.1 472 116 -1
0.1 473 117 -1
0.1 120 121 -1
0.1 119 475 -1
0.1 123 124 -1
0.1 122 477 -1
0.1 476 478 -1
0.1 125 126 -1
0.1 479 480 -1
0.1 118 481 -1
0.1 474 482 -1
0.1 483 127 -1
0.1 468 484 -1
0.1 452 485 -1
0.1 133 134 -1
0.1 132 487 -1
0.1 131 488 -1
0.1 130 489 -1
0.1 490 135 -1
0.1 136 137 -1
0.1 492 138 -1
0.1 491 493 -1
0.1 129 494 -1
0.1 141 142 -1
0.1 496 143 -1
0.1 145 146 -1
0.1 498 147 -1
0.1 144 499 -1
0.1 497 500 -1
0.1 140 501 -1
0.1 502 148 -1
0.1 139 503 -1
0.1 495 504 -1
0.1 150 151 -1
0.1 506 152 -1
0.1 154 155 -1
0.1 508 156 -1
0.1 153 509 -1
0.1 510 157 -1
0.1 507 511 -1
0.1 158 159 -1
0.1 512 513 -1
0.1 149 514 -1
0.1 505 515 -1
0.1 160 161 -1
0.1 517 162 -1
0.1 163 164 -1
0.1 165 166 -1
0.1 520 167 -1
0.1 519 521 -1
0.1 170 171 -1
0.1 523 172 -1
0.1 169 524 -1
0.1 168 525 -1
0.1 526 173 -1
0.1 522 527 -1
0.1 174 175 -1
0.1 528 529 -1
0.1 518 530 -1
0.1 531 176 -1
0.1 516 532 -1
0.1 128 533 -1
0.1 486 534 -1
0.1 179 180 -1
0.1 178 536 -1
0.1 181 182 -1
0.1 183 184 -1
0.1 185 186 -1
0.1 539 540 -1
0.1 538 541 -1
0.1 537 542 -1
0.1 177 543 -1
0.1 188 189 -1
0.1 192 193 -1
0.1 191 546 -1
0.1 547 194 -1
0.1 195 196 -1
0.1 197 198 -1
0.1 549 550 -1
0.1 201 202 -1
0.1 552 203 -1
0.1 204 205 -1
0.1 206 207 -1
0.1 555 208 -1
0.1 554 556 -1
0.1 210 211 -1
0.1 558 212 -1
0.1 209 559 -1
0.1 557 560 -1
0.1 561 213 -1
0.1 553 562 -1
0.1 200 563 -1
0.1 199 564 -1
0.1 551 565 -1
0.1 548 566 -1
0.1 567 214 -1
0.1 190 568 -1
0.1 545 569 -1
0.1 570 215 -1
0.1 187 571 -1
0.1 217 218 -1
0.1 220 221 -1
0.1 219 574 -1
0.1 575 222 -1
0.1 573 576 -1
0.1 216 577 -1
0.1 572 578 -1
0.1 544 579 -1
0.1 227 228 -1
0.1 226 581 -1
0.1 225 582 -1
0.1 224 583 -1
0.1 223 584 -1
0.1 580 585 -1
0.1 229 230 -1
0.1 231 232 -1
0.1 233 234 -1
0.1 589 235 -1
0.1 239 240 -1
0.1 238 591 -1
0.1 237 592 -1
0.1 241 242 -1
0.1 245 246 -1
0.1 244 595 -1
0.1 243 596 -1
0.1 594 597 -1
0.1 593 598 -1
0.1 236 599 -1
0.1 590 600 -1
0.1 247 248 -1
0.1 249 250 -1
0.1 603 251 -1
0.1 253 254 -1
0.1 252 605 -1
0.1 256 257 -1
0.1 607 258 -1
0.1 255 608 -1
0.1 609 259 -1
0.1 610 260 -1
0.1 611 261 -1
0.1 606 612 -1
0.1 263 264 -1
0.1 268 269 -1
0.1 267 615 -1
0.1 616 270 -1
0.1 266 617 -1
0.1 265 618 -1
0.1 614 619 -1
0.1 262 620 -1
0.1 621 271 -1
0.1 622 272 -1
0.1 613 623 -1
0.1 274 275 -1
0.1 273 625 -1
0.1 624 626 -1
0.1 604 627 -1
0.1 602 628 -1
0.1 601 629 -1
0.1 588 630 -1
0.1 276 277 -1
0.1 278 279 -1
0.1 284 285 -1
0.1 283 634 -1
0.1 635 286 -1
0.1 282 636 -1
0.1 281 637 -1
0.1 287 288 -1
0.1 639 289 -1
0.1 290 291 -1
0.1 641 292 -1
0.1 642 293 -1
0.1 640 643 -1
0.1 294 295 -1
0.1 296 297 -1
0.1 645 646 -1
0.1 644 647 -1
0.1 638 648 -1
0.1 649 298 -1
0.1 280 650 -1
0.1 633 651 -1
0.1 632 652 -1
0.1 653 299 -1
0.1 302 303 -1
0.1 301 655 -1
0.1 656 304 -1
0.1 306 307 -1
0.1 305 658 -1
0.1 309 310 -1
0.1 311 312 -1
0.1 660 661 -1
0.1 662 313 -1
0.1 316 317 -1
0.1 318 319 -1
0.1 665 320 -1
0.1 666 321 -1
0.1 664 667 -1
0.1 668 322 -1
0.1 315 669 -1
0.1 670 323 -1
0.1 671 324 -1
0.1 314 672 -1
0.1 663 673 -1
0.1 325 326 -1
0.1 674 675 -1
0.1 308 676 -1
0.1 659 677 -1
0.1 657 678 -1
0.1 300 679 -1
0.1 327 328 -1
0.1 680 681 -1
0.1 682 329 -1
0.1 654 683 -1
0.1 631 684 -1
0.1 331 332 -1
0.1 686 333 -1
0.1 336 337 -1
0.1 335 688 -1
0.1 689 338 -1
0.1 339 340 -1
0.1 344 345 -1
0.1 343 692 -1
0.1 342 693 -1
0.1 341 694 -1
0.1 347 348 -1
0.1 346 696 -1
0.1 695 697 -1
0.1 691 698 -1
0.1 690 699 -1
0.1 334 700 -1
0.1 687 701 -1
0.1 349 350 -1
0.1 702 703 -1
0.1 330 704 -1
0.1 351 352 -1
0.1 353 354 -1
0.1 706 707 -1
0.1 356 357 -1
0.1 358 359 -1
0.1 709 710 -1
0.1 711 360 -1
0.1 355 712 -1
0.1 708 713 -1
0.1 705 714 -1
0.1 685 715 -1
0.1 587 716 -1
0.1 586 717 -1
0.1 535 718 -1
