1 0 0 1
1 0 0 2
1 0 0 2
1 0 0 3
1 0 0 4
1 0 0 5
1 0 0 5
1 0 0 4
1 0 0 4
1 0 0 4
1 0 0 6
1 0 0 1
1 0 0 1
1 0 0 1
1 0 0 6
1 0 0 6
1 0 0 6
1 0 0 6
1 0 0 7
1 0 0 8
1 0 0 8
1 0 0 8
1 0 0 9
1 0 0 9
1 0 0 9
1 0 0 9
1 0 0 9
1 0 0 9
1 0 0 9
1 0 0 10
1 0 0 10
1 0 0 10
1 0 0 10
1 0 0 10
1 0 0 10
1 0 0 10
1 0 0 10
1 0 0 10
1 0 0 10
1 0 0 11
1 0 0 11
1 0 0 11
1 0 0 11
1 0 0 11
1 0 0 11
1 0 0 11
1 0 0 11
1 0 0 11
1 0 0 11
1 0 0 9
1 0 0 12
1 0 0 12
1 0 0 12
1 0 0 12
1 0 0 12
1 0 0 12
1 0 0 12
1 0 0 12
1 0 0 12
1 0 0 12
1 0 0 9
1 0 0 9
1 0 0 8
1 0 0 8
1 0 0 13
1 0 0 13
1 0 0 13
1 0 0 13
1 0 0 13
1 0 0 13
1 0 0 13
1 0 0 13
1 0 0 13
1 0 0 13
1 0 0 8
1 0 0 14
1 0 0 14
1 0 0 14
1 0 0 14
1 0 0 14
1 0 0 14
1 0 0 14
1 0 0 14
1 0 0 14
1 0 0 14
1 0 0 15
1 0 0 15
1 0 0 15
1 0 0 15
1 0 0 16
1 0 0 16
1 0 0 16
1 0 0 16
1 0 0 16
1 0 0 16
1 0 0 16
1 0 0 16
1 0 0 16
1 0 0 16
1 0 0 15
1 0 0 15
1 0 0 15
1 0 0 15
1 0 0 15
1 0 0 17
1 0 0 17
1 0 0 17
1 0 0 17
1 0 0 17
1 0 0 17
1 0 0 17
1 0 0 17
1 0 0 17
1 0 0 17
1 0 0 15
1 0 0 8
1 0 0 18
1 0 0 18
1 0 0 18
1 0 0 18
1 0 0 18
1 0 0 18
1 0 0 18
1 0 0 18
1 0 0 18
1 0 0 19
1 0 0 19
1 0 0 19
1 0 0 19
1 0 0 19
1 0 0 19
1 0 0 19
1 0 0 18
1 0 0 19
1 0 0 19
1 0 0 19
1 0 0 8
1 0 0 8
1 0 0 20
1 0 0 21
1 0 0 21
1 0 0 21
1 0 0 21
1 0 0 21
1 0 0 21
1 0 0 21
1 0 0 21
1 0 0 21
1 0 0 21
1 0 0 20
1 0 0 20
1 0 0 20
1 0 0 20
1 0 0 20
1 0 0 20
1 0 0 20
1 0 0 20
1 0 0 8
1 0 0 22
1 0 0 22
1 0 0 22
1 0 0 22
1 0 0 22
1 0 0 22
1 0 0 22
1 0 0 22
1 0 0 22
1 0 0 22
1 0 0 20
1 0 0 3
1 0 0 3
1 0 0 23
1 0 0 3
1 0 0 3
1 0 0 3
1 0 0 3
1 0 0 24
1 0 0 24
1 0 0 24
1 0 0 24
1 0 0 24
1 0 0 24
1 0 0 24
1 0 0 24
1 0 0 24
1 0 0 24
1 0 0 3
1 0 0 3
1 0 0 3
1 0 0 23
1 0 0 23
1 0 0 23
1 0 0 23
1 0 0 23
1 0 0 1
1 0 0 23
1 0 0 23
1 0 0 4
1 0 0 4
1 0 0 4
1 0 0 4
1 0 0 4
1 0 0 1
1 0 0 1
1 0 0 1
1 0 0 2
1 0 0 2
1 0 0 2
1 0 0 2
1 0 0 2
1 0 0 2
1 0 0 2
1 0 0 6
1 0 0 6
1 0 0 6
1 0 0 6
1 0 0 6
1 0 0 2
1 0 0 25
1 0 0 25
1 0 0 25
1 0 0 25
1 0 0 25
1 0 0 25
1 0 0 25
1 0 0 25
1 0 0 25
1 0 0 25
1 0 0 26
1 0 0 26
1 0 0 26
1 0 0 26
1 0 0 26
1 0 0 26
1 0 0 26
1 0 0 26
1 0 0 26
1 0 0 26
1 0 0 27
1 0 0 27
1 0 0 28
1 0 0 28
1 0 0 28
1 0 0 7
1 0 0 29
1 0 0 29
1 0 0 29
1 0 0 29
1 0 0 29
1 0 0 29
1 0 0 29
1 0 0 29
1 0 0 29
1 0 0 29
1 0 0 27
1 0 0 7
1 0 0 30
1 0 0 30
1 0 0 30
1 0 0 30
1 0 0 30
1 0 0 28
1 0 0 30
1 0 0 28
1 0 0 7
1 0 0 31
1 0 0 31
1 0 0 28
1 0 0 28
1 0 0 28
1 0 0 31
1 0 0 31
1 0 0 31
1 0 0 31
1 0 0 27
1 0 0 28
1 0 0 28
1 0 0 27
1 0 0 27
1 0 0 32
1 0 0 31
1 0 0 32
1 0 0 30
1 0 0 30
1 0 0 30
1 0 0 32
1 0 0 33
1 0 0 33
1 0 0 33
1 0 0 33
1 0 0 33
1 0 0 33
1 0 0 33
1 0 0 33
1 0 0 33
1 0 0 34
1 0 0 34
1 0 0 34
1 0 0 34
1 0 0 34
1 0 0 34
1 0 0 34
1 0 0 34
1 0 0 34
1 0 0 34
1 0 0 33
1 0 0 32
1 0 0 32
1 0 0 32
1 0 0 32
1 0 0 30
1 0 0 35
1 0 0 35
1 0 0 35
1 0 0 35
1 0 0 35
1 0 0 35
1 0 0 35
1 0 0 7
1 0 0 35
1 0 0 35
1 0 0 7
1 0 0 36
1 0 0 7
1 0 0 35
1 0 0 32
1 0 0 32
1 0 0 32
1 0 0 7
1 0 0 36
1 0 0 36
1 0 0 36
1 0 0 36
1 0 0 36
1 0 0 36
1 0 0 36
1 0 0 36
1 0 0 36
1 0 0 7
1 0 0 7
1 0 0 27
1 0 0 27
1 0 0 27
1 0 0 27
1 0 0 31
1 0 0 31
1 0 0 31
1 0 0 23
1 0 0 1
1 0 0 1
1 0 0 23
1 0 0 5
1 0 0 5
1 0 0 5
1 0 0 5
1 0 0 5
1 0 0 5
1 0 0 5
1 0 0 4
1 0 0 5
0.1 2 3 -1
0.1 1 361 -1
0.1 6 7 -1
0.1 9 10 -1
0.1 8 364 -1
0.1 363 365 -1
0.1 11 12 -1
0.1 13 14 -1
0.1 367 368 -1
0.1 366 369 -1
0.1 5 370 -1
0.1 15 16 -1
0.1 17 18 -1
0.1 372 373 -1
0.1 21 22 -1
0.1 24 25 -1
0.1 23 376 -1
0.1 27 28 -1
0.1 32 33 -1
0.1 31 379 -1
0.1 30 380 -1
0.1 381 34 -1
0.1 35 36 -1
0.1 37 38 -1
0.1 383 384 -1
0.1 382 385 -1
0.1 29 386 -1
0.1 387 39 -1
0.1 42 43 -1
0.1 389 44 -1
0.1 390 45 -1
0.1 391 46 -1
0.1 41 392 -1
0.1 40 393 -1
0.1 47 48 -1
0.1 395 49 -1
0.1 394 396 -1
0.1 388 397 -1
0.1 378 398 -1
0.1 26 399 -1
0.1 377 400 -1
0.1 53 54 -1
0.1 52 402 -1
0.1 51 403 -1
0.1 58 59 -1
0.1 57 405 -1
0.1 56 406 -1
0.1 55 407 -1
0.1 408 60 -1
0.1 404 409 -1
0.1 50 410 -1
0.1 61 62 -1
0.1 411 412 -1
0.1 401 413 -1
0.1 375 414 -1
0.1 415 63 -1
0.1 416 64 -1
0.1 20 417 -1
0.1 65 66 -1
0.1 70 71 -1
0.1 69 420 -1
0.1 68 421 -1
0.1 67 422 -1
0.1 73 74 -1
0.1 72 424 -1
0.1 423 425 -1
0.1 419 426 -1
0.1 76 77 -1
0.1 79 80 -1
0.1 82 83 -1
0.1 81 430 -1
0.1 431 84 -1
0.1 432 85 -1
0.1 429 433 -1
0.1 78 434 -1
0.1 428 435 -1
0.1 92 93 -1
0.1 94 95 -1
0.1 96 97 -1
0.1 438 439 -1
0.1 437 440 -1
0.1 91 441 -1
0.1 98 99 -1
0.1 442 443 -1
0.1 90 444 -1
0.1 89 445 -1
0.1 88 446 -1
0.1 101 102 -1
0.1 100 448 -1
0.1 103 104 -1
0.1 449 450 -1
0.1 447 451 -1
0.1 87 452 -1
0.1 86 453 -1
0.1 436 454 -1
0.1 75 455 -1
0.1 106 107 -1
0.1 457 108 -1
0.1 458 109 -1
0.1 459 110 -1
0.1 460 111 -1
0.1 461 112 -1
0.1 113 114 -1
0.1 462 463 -1
0.1 105 464 -1
0.1 465 115 -1
0.1 117 118 -1
0.1 121 122 -1
0.1 468 123 -1
0.1 120 469 -1
0.1 470 124 -1
0.1 119 471 -1
0.1 467 472 -1
0.1 127 128 -1
0.1 126 474 -1
0.1 130 131 -1
0.1 129 476 -1
0.1 477 132 -1
0.1 475 478 -1
0.1 134 135 -1
0.1 133 480 -1
0.1 479 481 -1
0.1 125 482 -1
0.1 483 136 -1
0.1 473 484 -1
0.1 485 137 -1
0.1 486 138 -1
0.1 116 487 -1
0.1 141 142 -1
0.1 144 145 -1
0.1 143 490 -1
0.1 489 491 -1
0.1 148 149 -1
0.1 147 493 -1
0.1 146 494 -1
0.1 492 495 -1
0.1 140 496 -1
0.1 150 151 -1
0.1 497 498 -1
0.1 499 152 -1
0.1 156 157 -1
0.1 155 501 -1
0.1 154 502 -1
0.1 153 503 -1
0.1 165 166 -1
0.1 164 505 -1
0.1 506 167 -1
0.1 163 507 -1
0.1 162 508 -1
0.1 509 168 -1
0.1 161 510 -1
0.1 160 511 -1
0.1 159 512 -1
0.1 158 513 -1
0.1 514 169 -1
0.1 504 515 -1
0.1 500 516 -1
0.1 139 517 -1
0.1 488 518 -1
0.1 466 519 -1
0.1 456 520 -1
0.1 427 521 -1
0.1 418 522 -1
0.1 19 523 -1
0.1 374 524 -1
0.1 371 525 -1
0.1 526 170 -1
0.1 171 172 -1
0.1 528 173 -1
0.1 529 174 -1
0.1 530 175 -1
0.1 527 531 -1
0.1 532 176 -1
0.1 4 533 -1
0.1 178 179 -1
0.1 177 535 -1
0.1 180 181 -1
0.1 537 182 -1
0.1 536 538 -1
0.1 183 184 -1
0.1 540 185 -1
0.1 541 186 -1
0.1 539 542 -1
0.1 534 543 -1
0.1 187 188 -1
0.1 544 545 -1
0.1 546 189 -1
0.1 193 194 -1
0.1 192 548 -1
0.1 191 549 -1
0.1 190 550 -1
0.1 551 195 -1
0.1 547 552 -1
0.1 362 553 -1
0.1 196 197 -1
0.1 200 201 -1
0.1 556 202 -1
0.1 199 557 -1
0.1 198 558 -1
0.1 555 559 -1
0.1 203 204 -1
0.1 561 205 -1
0.1 208 209 -1
0.1 207 563 -1
0.1 206 564 -1
0.1 565 210 -1
0.1 211 212 -1
0.1 566 567 -1
0.1 562 568 -1
0.1 560 569 -1
0.1 213 214 -1
0.1 216 217 -1
0.1 215 572 -1
0.1 571 573 -1
0.1 570 574 -1
0.1 554 575 -1
0.1 222 223 -1
0.1 221 577 -1
0.1 224 225 -1
0.1 579 226 -1
0.1 580 227 -1
0.1 578 581 -1
0.1 220 582 -1
0.1 583 228 -1
0.1 219 584 -1
0.1 230 231 -1
0.1 229 586 -1
0.1 587 232 -1
0.1 588 233 -1
0.1 589 234 -1
0.1 590 235 -1
0.1 237 238 -1
0.1 236 592 -1
0.1 591 593 -1
0.1 239 240 -1
0.1 594 595 -1
0.1 585 596 -1
0.1 241 242 -1
0.1 598 243 -1
0.1 245 246 -1
0.1 247 248 -1
0.1 600 601 -1
0.1 250 251 -1
0.1 249 603 -1
0.1 253 254 -1
0.1 252 605 -1
0.1 604 606 -1
0.1 602 607 -1
0.1 244 608 -1
0.1 599 609 -1
0.1 597 610 -1
0.1 611 255 -1
0.1 257 258 -1
0.1 259 260 -1
0.1 614 261 -1
0.1 613 615 -1
0.1 262 263 -1
0.1 616 617 -1
0.1 618 264 -1
0.1 619 265 -1
0.1 256 620 -1
0.1 269 270 -1
0.1 268 622 -1
0.1 623 271 -1
0.1 267 624 -1
0.1 625 272 -1
0.1 626 273 -1
0.1 266 627 -1
0.1 276 277 -1
0.1 278 279 -1
0.1 629 630 -1
0.1 275 631 -1
0.1 274 632 -1
0.1 628 633 -1
0.1 621 634 -1
0.1 281 282 -1
0.1 284 285 -1
0.1 283 637 -1
0.1 638 286 -1
0.1 288 289 -1
0.1 287 640 -1
0.1 290 291 -1
0.1 292 293 -1
0.1 642 643 -1
0.1 641 644 -1
0.1 645 294 -1
0.1 646 295 -1
0.1 296 297 -1
0.1 298 299 -1
0.1 648 649 -1
0.1 300 301 -1
0.1 650 651 -1
0.1 302 303 -1
0.1 652 653 -1
0.1 304 305 -1
0.1 654 655 -1
0.1 656 306 -1
0.1 647 657 -1
0.1 308 309 -1
0.1 659 310 -1
0.1 307 660 -1
0.1 658 661 -1
0.1 639 662 -1
0.1 314 315 -1
0.1 313 664 -1
0.1 312 665 -1
0.1 316 317 -1
0.1 666 667 -1
0.1 311 668 -1
0.1 669 318 -1
0.1 670 319 -1
0.1 320 321 -1
0.1 322 323 -1
0.1 673 324 -1
0.1 672 674 -1
0.1 671 675 -1
0.1 676 325 -1
0.1 663 677 -1
0.1 678 326 -1
0.1 327 328 -1
0.1 679 680 -1
0.1 636 681 -1
0.1 280 682 -1
0.1 330 331 -1
0.1 333 334 -1
0.1 685 335 -1
0.1 336 337 -1
0.1 686 687 -1
0.1 332 688 -1
0.1 689 338 -1
0.1 684 690 -1
0.1 691 339 -1
0.1 692 340 -1
0.1 329 693 -1
0.1 343 344 -1
0.1 342 695 -1
0.1 341 696 -1
0.1 697 345 -1
0.1 346 347 -1
0.1 698 699 -1
0.1 694 700 -1
0.1 683 701 -1
0.1 635 702 -1
0.1 612 703 -1
0.1 218 704 -1
0.1 349 350 -1
0.1 348 706 -1
0.1 705 707 -1
0.1 352 353 -1
0.1 351 709 -1
0.1 355 356 -1
0.1 357 358 -1
0.1 711 712 -1
0.1 354 713 -1
0.1 359 360 -1
0.1 714 715 -1
0.1 710 716 -1
0.1 708 717 -1
0.1 576 718 -1
