1 0 0 1
1 0 0 1
1 0 0 1
1 0 0 1
1 0 0 1
1 0 0 1
1 0 0 1
1 0 0 1
1 0 0 1
1 0 0 1
1 0 0 2
1 0 0 2
1 0 0 2
1 0 0 2
1 0 0 2
1 0 0 3
1 0 0 3
1 0 0 3
1 0 0 3
1 0 0 3
1 0 0 3
1 0 0 3
1 0 0 3
1 0 0 3
1 0 0 3
1 0 0 2
1 0 0 2
1 0 0 2
1 0 0 2
1 0 0 2
1 0 0 4
1 0 0 4
1 0 0 4
1 0 0 4
1 0 0 4
1 0 0 4
1 0 0 4
1 0 0 4
1 0 0 4
1 0 0 4
1 0 0 5
1 0 0 5
1 0 0 5
1 0 0 5
1 0 0 5
1 0 0 5
1 0 0 5
1 0 0 5
1 0 0 5
1 0 0 5
1 0 0 6
1 0 0 6
1 0 0 6
1 0 0 6
1 0 0 6
1 0 0 6
1 0 0 6
1 0 0 6
1 0 0 6
1 0 0 6
1 0 0 7
1 0 0 7
1 0 0 8
1 0 0 8
1 0 0 8
1 0 0 8
1 0 0 8
1 0 0 8
1 0 0 8
1 0 0 8
1 0 0 8
1 0 0 8
1 0 0 7
1 0 0 7
1 0 0 7
1 0 0 7
1 0 0 7
1 0 0 9
1 0 0 9
1 0 0 9
1 0 0 9
1 0 0 9
1 0 0 9
1 0 0 9
1 0 0 9
1 0 0 9
1 0 0 9
1 0 0 7
1 0 0 7
1 0 0 7
1 0 0 10
1 0 0 10
1 0 0 10
1 0 0 10
1 0 0 10
1 0 0 10
1 0 0 10
1 0 0 10
1 0 0 10
1 0 0 10
1 0 0 11
1 0 0 12
1 0 0 12
1 0 0 12
1 0 0 12
1 0 0 12
1 0 0 12
1 0 0 12
1 0 0 12
1 0 0 12
1 0 0 12
1 0 0 13
1 0 0 13
1 0 0 13
1 0 0 13
1 0 0 13
1 0 0 13
1 0 0 13
1 0 0 13
1 0 0 13
1 0 0 13
1 0 0 14
1 0 0 14
1 0 0 14
1 0 0 14
1 0 0 14
1 0 0 14
1 0 0 14
1 0 0 14
1 0 0 14
1 0 0 14
1 0 0 15
1 0 0 15
1 0 0 15
1 0 0 15
1 0 0 15
1 0 0 15
1 0 0 15
1 0 0 15
1 0 0 15
1 0 0 15
1 0 0 11
1 0 0 11
1 0 0 11
1 0 0 11
1 0 0 11
1 0 0 11
1 0 0 11
1 0 0 16
1 0 0 16
1 0 0 16
1 0 0 16
1 0 0 16
1 0 0 17
1 0 0 17
1 0 0 17
1 0 0 17
1 0 0 17
1 0 0 17
1 0 0 17
1 0 0 17
1 0 0 17
1 0 0 17
1 0 0 16
1 0 0 16
1 0 0 16
1 0 0 16
1 0 0 16
1 0 0 11
1 0 0 11
0.1 1 2 -1
0.1 4 5 -1
0.1 7 8 -1
0.1 173 9 -1
0.1 6 174 -1
0.1 175 10 -1
0.1 172 176 -1
0.1 3 177 -1
0.1 171 178 -1
0.1 11 12 -1
0.1 179 180 -1
0.1 13 14 -1
0.1 17 18 -1
0.1 20 21 -1
0.1 19 184 -1
0.1 183 185 -1
0.1 16 186 -1
0.1 22 23 -1
0.1 187 188 -1
0.1 24 25 -1
0.1 189 190 -1
0.1 26 27 -1
0.1 191 192 -1
0.1 15 193 -1
0.1 182 194 -1
0.1 181 195 -1
0.1 28 29 -1
0.1 32 33 -1
0.1 34 35 -1
0.1 199 36 -1
0.1 198 200 -1
0.1 31 201 -1
0.1 38 39 -1
0.1 37 203 -1
0.1 204 40 -1
0.1 202 205 -1
0.1 30 206 -1
0.1 44 45 -1
0.1 43 208 -1
0.1 42 209 -1
0.1 41 210 -1
0.1 47 48 -1
0.1 49 50 -1
0.1 212 213 -1
0.1 46 214 -1
0.1 211 215 -1
0.1 207 216 -1
0.1 197 217 -1
0.1 52 53 -1
0.1 54 55 -1
0.1 219 220 -1
0.1 51 221 -1
0.1 56 57 -1
0.1 58 59 -1
0.1 224 60 -1
0.1 223 225 -1
0.1 222 226 -1
0.1 218 227 -1
0.1 196 228 -1
0.1 64 65 -1
0.1 63 230 -1
0.1 66 67 -1
0.1 231 232 -1
0.1 69 70 -1
0.1 68 234 -1
0.1 235 71 -1
0.1 233 236 -1
0.1 237 72 -1
0.1 62 238 -1
0.1 73 74 -1
0.1 75 76 -1
0.1 78 79 -1
0.1 80 81 -1
0.1 242 243 -1
0.1 84 85 -1
0.1 83 245 -1
0.1 82 246 -1
0.1 247 86 -1
0.1 248 87 -1
0.1 244 249 -1
0.1 88 89 -1
0.1 250 251 -1
0.1 77 252 -1
0.1 253 90 -1
0.1 241 254 -1
0.1 240 255 -1
0.1 239 256 -1
0.1 61 257 -1
0.1 91 92 -1
0.1 259 93 -1
0.1 99 100 -1
0.1 98 261 -1
0.1 97 262 -1
0.1 96 263 -1
0.1 95 264 -1
0.1 94 265 -1
0.1 260 266 -1
0.1 258 267 -1
0.1 229 268 -1
0.1 103 104 -1
0.1 102 270 -1
0.1 271 105 -1
0.1 107 108 -1
0.1 273 109 -1
0.1 106 274 -1
0.1 113 114 -1
0.1 112 276 -1
0.1 115 116 -1
0.1 119 120 -1
0.1 118 279 -1
0.1 117 280 -1
0.1 281 121 -1
0.1 278 282 -1
0.1 277 283 -1
0.1 111 284 -1
0.1 110 285 -1
0.1 275 286 -1
0.1 272 287 -1
0.1 126 127 -1
0.1 125 289 -1
0.1 128 129 -1
0.1 290 291 -1
0.1 292 130 -1
0.1 124 293 -1
0.1 294 131 -1
0.1 123 295 -1
0.1 122 296 -1
0.1 136 137 -1
0.1 298 138 -1
0.1 135 299 -1
0.1 134 300 -1
0.1 133 301 -1
0.1 140 141 -1
0.1 139 303 -1
0.1 302 304 -1
0.1 132 305 -1
0.1 297 306 -1
0.1 288 307 -1
0.1 308 142 -1
0.1 309 143 -1
0.1 101 310 -1
0.1 144 145 -1
0.1 146 147 -1
0.1 313 148 -1
0.1 312 314 -1
0.1 152 153 -1
0.1 151 316 -1
0.1 150 317 -1
0.1 155 156 -1
0.1 319 157 -1
0.1 154 320 -1
0.1 159 160 -1
0.1 158 322 -1
0.1 161 162 -1
0.1 323 324 -1
0.1 325 163 -1
0.1 321 326 -1
0.1 318 327 -1
0.1 328 164 -1
0.1 149 329 -1
0.1 165 166 -1
0.1 331 167 -1
0.1 332 168 -1
0.1 330 333 -1
0.1 315 334 -1
0.1 311 335 -1
0.1 169 170 -1
0.1 336 337 -1
0.1 269 338 -1
