1 0 0 1
1 0 0 2
1 0 0 2
1 0 0 2
1 0 0 2
1 0 0 2
1 0 0 2
1 0 0 2
1 0 0 2
1 0 0 2
1 0 0 2
1 0 0 3
1 0 0 4
1 0 0 4
1 0 0 4
1 0 0 4
1 0 0 4
1 0 0 4
1 0 0 4
1 0 0 4
1 0 0 4
1 0 0 4
1 0 0 5
1 0 0 6
1 0 0 6
1 0 0 6
1 0 0 6
1 0 0 6
1 0 0 6
1 0 0 6
1 0 0 6
1 0 0 6
1 0 0 6
1 0 0 3
1 0 0 3
1 0 0 3
1 0 0 3
1 0 0 3
1 0 0 3
1 0 0 3
1 0 0 7
1 0 0 7
1 0 0 7
1 0 0 7
1 0 0 7
1 0 0 7
1 0 0 7
1 0 0 7
1 0 0 7
1 0 0 7
1 0 0 5
1 0 0 5
1 0 0 5
1 0 0 5
1 0 0 5
1 0 0 3
1 0 0 3
1 0 0 5
1 0 0 5
1 0 0 5
1 0 0 5
1 0 0 1
1 0 0 1
1 0 0 1
1 0 0 1
1 0 0 1
1 0 0 1
1 0 0 1
1 0 0 8
1 0 0 9
1 0 0 10
1 0 0 10
1 0 0 11
1 0 0 11
1 0 0 11
1 0 0 11
1 0 0 11
1 0 0 11
1 0 0 11
1 0 0 11
1 0 0 10
1 0 0 11
1 0 0 11
1 0 0 10
1 0 0 10
1 0 0 10
1 0 0 10
1 0 0 10
1 0 0 10
1 0 0 10
1 0 0 8
1 0 0 12
1 0 0 13
1 0 0 13
1 0 0 13
1 0 0 13
1 0 0 13
1 0 0 13
1 0 0 13
1 0 0 13
1 0 0 13
1 0 0 13
1 0 0 12
1 0 0 12
1 0 0 12
1 0 0 14
1 0 0 12
1 0 0 14
1 0 0 14
1 0 0 14
1 0 0 14
1 0 0 14
1 0 0 14
1 0 0 14
1 0 0 14
1 0 0 14
1 0 0 12
1 0 0 12
1 0 0 12
1 0 0 12
1 0 0 12
1 0 0 8
1 0 0 9
1 0 0 9
1 0 0 9
1 0 0 9
1 0 0 9
1 0 0 9
1 0 0 9
1 0 0 9
1 0 0 9
1 0 0 8
1 0 0 8
1 0 0 8
1 0 0 8
1 0 0 8
1 0 0 8
1 0 0 8
1 0 0 1
1 0 0 1
0.1 3 4 -1
0.1 141 5 -1
0.1 2 142 -1
0.1 6 7 -1
0.1 8 9 -1
0.1 144 145 -1
0.1 146 10 -1
0.1 147 11 -1
0.1 143 148 -1
0.1 13 14 -1
0.1 15 16 -1
0.1 150 151 -1
0.1 18 19 -1
0.1 17 153 -1
0.1 21 22 -1
0.1 20 155 -1
0.1 154 156 -1
0.1 152 157 -1
0.1 12 158 -1
0.1 25 26 -1
0.1 24 160 -1
0.1 23 161 -1
0.1 162 27 -1
0.1 30 31 -1
0.1 164 32 -1
0.1 165 33 -1
0.1 29 166 -1
0.1 28 167 -1
0.1 163 168 -1
0.1 159 169 -1
0.1 37 38 -1
0.1 36 171 -1
0.1 35 172 -1
0.1 34 173 -1
0.1 174 39 -1
0.1 42 43 -1
0.1 176 44 -1
0.1 177 45 -1
0.1 41 178 -1
0.1 48 49 -1
0.1 47 180 -1
0.1 181 50 -1
0.1 46 182 -1
0.1 179 183 -1
0.1 40 184 -1
0.1 175 185 -1
0.1 51 52 -1
0.1 54 55 -1
0.1 53 188 -1
0.1 189 56 -1
0.1 190 57 -1
0.1 187 191 -1
0.1 186 192 -1
0.1 58 59 -1
0.1 60 61 -1
0.1 194 195 -1
0.1 193 196 -1
0.1 170 197 -1
0.1 149 198 -1
0.1 199 62 -1
0.1 63 64 -1
0.1 201 65 -1
0.1 202 66 -1
0.1 200 203 -1
0.1 204 67 -1
0.1 205 68 -1
0.1 1 206 -1
0.1 74 75 -1
0.1 76 77 -1
0.1 208 209 -1
0.1 79 80 -1
0.1 78 211 -1
0.1 210 212 -1
0.1 73 213 -1
0.1 82 83 -1
0.1 81 215 -1
0.1 84 85 -1
0.1 216 217 -1
0.1 86 87 -1
0.1 218 219 -1
0.1 214 220 -1
0.1 89 90 -1
0.1 88 222 -1
0.1 221 223 -1
0.1 72 224 -1
0.1 71 225 -1
0.1 226 91 -1
0.1 93 94 -1
0.1 97 98 -1
0.1 96 229 -1
0.1 100 101 -1
0.1 231 102 -1
0.1 99 232 -1
0.1 230 233 -1
0.1 95 234 -1
0.1 228 235 -1
0.1 92 236 -1
0.1 104 105 -1
0.1 108 109 -1
0.1 239 110 -1
0.1 107 240 -1
0.1 241 111 -1
0.1 242 112 -1
0.1 106 243 -1
0.1 114 115 -1
0.1 245 116 -1
0.1 113 246 -1
0.1 244 247 -1
0.1 238 248 -1
0.1 103 249 -1
0.1 117 118 -1
0.1 119 120 -1
0.1 251 252 -1
0.1 250 253 -1
0.1 254 121 -1
0.1 237 255 -1
0.1 256 122 -1
0.1 227 257 -1
0.1 70 258 -1
0.1 69 259 -1
0.1 123 124 -1
0.1 261 125 -1
0.1 126 127 -1
0.1 262 263 -1
0.1 129 130 -1
0.1 128 265 -1
0.1 266 131 -1
0.1 264 267 -1
0.1 260 268 -1
0.1 134 135 -1
0.1 137 138 -1
0.1 136 271 -1
0.1 270 272 -1
0.1 133 273 -1
0.1 132 274 -1
0.1 139 140 -1
0.1 275 276 -1
0.1 269 277 -1
0.1 207 278 -1
