1 0 0 1
1 0 0 1
1 0 0 1
1 0 0 2
1 0 0 3
1 0 0 4
1 0 0 4
1 0 0 4
1 0 0 4
1 0 0 4
1 0 0 4
1 0 0 4
1 0 0 4
1 0 0 4
1 0 0 4
1 0 0 3
1 0 0 3
1 0 0 2
1 0 0 2
1 0 0 2
1 0 0 3
1 0 0 3
1 0 0 3
1 0 0 3
1 0 0 5
1 0 0 5
1 0 0 5
1 0 0 5
1 0 0 5
1 0 0 5
1 0 0 5
1 0 0 5
1 0 0 5
1 0 0 3
1 0 0 5
1 0 0 3
1 0 0 2
1 0 0 2
1 0 0 2
1 0 0 3
1 0 0 2
1 0 0 6
1 0 0 6
1 0 0 6
1 0 0 6
1 0 0 6
1 0 0 6
1 0 0 6
1 0 0 6
1 0 0 6
1 0 0 6
1 0 0 1
1 0 0 1
1 0 0 7
1 0 0 7
1 0 0 7
1 0 0 7
1 0 0 1
1 0 0 1
1 0 0 1
1 0 0 7
1 0 0 7
1 0 0 7
1 0 0 7
1 0 0 7
1 0 0 7
1 0 0 2
1 0 0 2
1 0 0 8
1 0 0 8
1 0 0 8
1 0 0 8
1 0 0 8
1 0 0 8
1 0 0 8
1 0 0 9
1 0 0 9
1 0 0 9
1 0 0 9
1 0 0 9
1 0 0 9
1 0 0 9
1 0 0 9
1 0 0 9
1 0 0 9
1 0 0 8
1 0 0 8
1 0 0 10
1 0 0 8
1 0 0 11
1 0 0 11
1 0 0 11
1 0 0 11
1 0 0 11
1 0 0 11
1 0 0 12
1 0 0 12
1 0 0 12
1 0 0 12
1 0 0 12
1 0 0 13
1 0 0 13
1 0 0 14
1 0 0 14
1 0 0 14
1 0 0 14
1 0 0 14
1 0 0 14
1 0 0 13
1 0 0 13
1 0 0 13
1 0 0 13
1 0 0 13
1 0 0 13
1 0 0 13
1 0 0 14
1 0 0 14
1 0 0 14
1 0 0 14
1 0 0 13
1 0 0 12
1 0 0 12
1 0 0 12
1 0 0 12
1 0 0 12
1 0 0 11
1 0 0 11
1 0 0 11
1 0 0 10
1 0 0 10
1 0 0 10
1 0 0 10
1 0 0 10
1 0 0 10
1 0 0 10
1 0 0 10
1 0 0 10
1 0 0 11
1 0 0 1
1 0 0 1
0.1 2 3 -1
0.1 8 9 -1
0.1 12 13 -1
0.1 11 143 -1
0.1 14 15 -1
0.1 144 145 -1
0.1 10 146 -1
0.1 142 147 -1
0.1 7 148 -1
0.1 6 149 -1
0.1 5 150 -1
0.1 4 151 -1
0.1 16 17 -1
0.1 152 153 -1
0.1 18 19 -1
0.1 155 20 -1
0.1 22 23 -1
0.1 21 157 -1
0.1 28 29 -1
0.1 27 159 -1
0.1 26 160 -1
0.1 25 161 -1
0.1 31 32 -1
0.1 163 33 -1
0.1 30 164 -1
0.1 162 165 -1
0.1 24 166 -1
0.1 158 167 -1
0.1 168 34 -1
0.1 35 36 -1
0.1 169 170 -1
0.1 38 39 -1
0.1 37 172 -1
0.1 171 173 -1
0.1 174 40 -1
0.1 156 175 -1
0.1 154 176 -1
0.1 43 44 -1
0.1 42 178 -1
0.1 49 50 -1
0.1 48 180 -1
0.1 47 181 -1
0.1 182 51 -1
0.1 46 183 -1
0.1 45 184 -1
0.1 179 185 -1
0.1 41 186 -1
0.1 177 187 -1
0.1 188 52 -1
0.1 54 55 -1
0.1 190 56 -1
0.1 191 57 -1
0.1 192 58 -1
0.1 53 193 -1
0.1 59 60 -1
0.1 63 64 -1
0.1 196 65 -1
0.1 62 197 -1
0.1 61 198 -1
0.1 199 66 -1
0.1 67 68 -1
0.1 200 201 -1
0.1 195 202 -1
0.1 194 203 -1
0.1 189 204 -1
0.1 141 205 -1
0.1 1 206 -1
0.1 69 70 -1
0.1 71 72 -1
0.1 208 209 -1
0.1 210 73 -1
0.1 211 74 -1
0.1 212 75 -1
0.1 77 78 -1
0.1 80 81 -1
0.1 79 215 -1
0.1 82 83 -1
0.1 216 217 -1
0.1 214 218 -1
0.1 84 85 -1
0.1 219 220 -1
0.1 76 221 -1
0.1 213 222 -1
0.1 89 90 -1
0.1 92 93 -1
0.1 225 94 -1
0.1 226 95 -1
0.1 91 227 -1
0.1 97 98 -1
0.1 96 229 -1
0.1 99 100 -1
0.1 107 108 -1
0.1 106 232 -1
0.1 105 233 -1
0.1 104 234 -1
0.1 103 235 -1
0.1 112 113 -1
0.1 237 114 -1
0.1 111 238 -1
0.1 110 239 -1
0.1 240 115 -1
0.1 109 241 -1
0.1 236 242 -1
0.1 117 118 -1
0.1 116 244 -1
0.1 245 119 -1
0.1 243 246 -1
0.1 247 120 -1
0.1 102 248 -1
0.1 101 249 -1
0.1 250 121 -1
0.1 231 251 -1
0.1 230 252 -1
0.1 123 124 -1
0.1 122 254 -1
0.1 255 125 -1
0.1 253 256 -1
0.1 126 127 -1
0.1 258 128 -1
0.1 257 259 -1
0.1 228 260 -1
0.1 224 261 -1
0.1 262 129 -1
0.1 88 263 -1
0.1 131 132 -1
0.1 265 133 -1
0.1 130 266 -1
0.1 134 135 -1
0.1 268 136 -1
0.1 269 137 -1
0.1 267 270 -1
0.1 264 271 -1
0.1 87 272 -1
0.1 273 138 -1
0.1 86 274 -1
0.1 223 275 -1
0.1 139 140 -1
0.1 276 277 -1
0.1 207 278 -1
