1 0 0 1
1 0 0 2
1 0 0 2
1 0 0 2
1 0 0 2
1 0 0 2
1 0 0 2
1 0 0 2
1 0 0 2
1 0 0 2
1 0 0 2
1 0 0 3
1 0 0 3
1 0 0 3
1 0 0 3
1 0 0 3
1 0 0 3
1 0 0 3
1 0 0 3
1 0 0 3
1 0 0 3
1 0 0 4
1 0 0 4
1 0 0 4
1 0 0 4
1 0 0 4
1 0 0 4
1 0 0 4
1 0 0 4
1 0 0 4
1 0 0 4
1 0 0 5
1 0 0 5
1 0 0 5
1 0 0 5
1 0 0 5
1 0 0 5
1 0 0 5
1 0 0 6
1 0 0 6
1 0 0 6
1 0 0 6
1 0 0 6
1 0 0 6
1 0 0 6
1 0 0 6
1 0 0 6
1 0 0 6
1 0 0 7
1 0 0 7
1 0 0 7
1 0 0 7
1 0 0 7
1 0 0 7
1 0 0 7
1 0 0 7
1 0 0 7
1 0 0 7
1 0 0 8
1 0 0 8
1 0 0 8
1 0 0 8
1 0 0 8
1 0 0 8
1 0 0 8
1 0 0 8
1 0 0 8
1 0 0 8
1 0 0 9
1 0 0 9
1 0 0 10
1 0 0 10
1 0 0 10
1 0 0 10
1 0 0 10
1 0 0 10
1 0 0 10
1 0 0 10
1 0 0 10
1 0 0 10
1 0 0 9
1 0 0 9
1 0 0 9
1 0 0 9
1 0 0 9
1 0 0 9
1 0 0 9
1 0 0 9
1 0 0 5
1 0 0 5
1 0 0 5
1 0 0 11
1 0 0 11
1 0 0 11
1 0 0 11
1 0 0 11
1 0 0 11
1 0 0 11
1 0 0 11
1 0 0 11
1 0 0 11
1 0 0 1
1 0 0 1
1 0 0 1
1 0 0 1
1 0 0 1
1 0 0 1
1 0 0 1
1 0 0 1
1 0 0 1
0.1 2 3 -1
0.1 111 4 -1
0.1 112 5 -1
0.1 9 10 -1
0.1 8 114 -1
0.1 7 115 -1
0.1 116 11 -1
0.1 6 117 -1
0.1 113 118 -1
0.1 13 14 -1
0.1 15 16 -1
0.1 17 18 -1
0.1 121 122 -1
0.1 120 123 -1
0.1 19 20 -1
0.1 125 21 -1
0.1 124 126 -1
0.1 12 127 -1
0.1 119 128 -1
0.1 22 23 -1
0.1 25 26 -1
0.1 24 131 -1
0.1 130 132 -1
0.1 28 29 -1
0.1 134 30 -1
0.1 27 135 -1
0.1 136 31 -1
0.1 133 137 -1
0.1 129 138 -1
0.1 1 139 -1
0.1 32 33 -1
0.1 35 36 -1
0.1 34 142 -1
0.1 37 38 -1
0.1 143 144 -1
0.1 141 145 -1
0.1 39 40 -1
0.1 41 42 -1
0.1 148 43 -1
0.1 149 44 -1
0.1 147 150 -1
0.1 46 47 -1
0.1 45 152 -1
0.1 153 48 -1
0.1 151 154 -1
0.1 146 155 -1
0.1 140 156 -1
0.1 51 52 -1
0.1 50 158 -1
0.1 49 159 -1
0.1 54 55 -1
0.1 53 161 -1
0.1 56 57 -1
0.1 163 58 -1
0.1 59 60 -1
0.1 61 62 -1
0.1 65 66 -1
0.1 64 167 -1
0.1 63 168 -1
0.1 166 169 -1
0.1 67 68 -1
0.1 170 171 -1
0.1 165 172 -1
0.1 164 173 -1
0.1 162 174 -1
0.1 160 175 -1
0.1 69 70 -1
0.1 71 72 -1
0.1 74 75 -1
0.1 179 76 -1
0.1 73 180 -1
0.1 178 181 -1
0.1 78 79 -1
0.1 77 183 -1
0.1 184 80 -1
0.1 82 83 -1
0.1 81 186 -1
0.1 185 187 -1
0.1 182 188 -1
0.1 85 86 -1
0.1 87 88 -1
0.1 190 191 -1
0.1 84 192 -1
0.1 189 193 -1
0.1 177 194 -1
0.1 90 91 -1
0.1 89 196 -1
0.1 195 197 -1
0.1 92 93 -1
0.1 96 97 -1
0.1 95 200 -1
0.1 201 98 -1
0.1 94 202 -1
0.1 199 203 -1
0.1 204 99 -1
0.1 100 101 -1
0.1 205 206 -1
0.1 198 207 -1
0.1 103 104 -1
0.1 102 209 -1
0.1 105 106 -1
0.1 107 108 -1
0.1 212 109 -1
0.1 211 213 -1
0.1 210 214 -1
0.1 215 110 -1
0.1 208 216 -1
0.1 176 217 -1
0.1 157 218 -1
