1 0 0 1
1 0 0 1
1 0 0 2
1 0 0 2
1 0 0 2
1 0 0 3
1 0 0 2
1 0 0 3
1 0 0 3
1 0 0 3
1 0 0 3
1 0 0 3
1 0 0 4
1 0 0 4
1 0 0 4
1 0 0 4
1 0 0 4
1 0 0 4
1 0 0 5
1 0 0 5
1 0 0 5
1 0 0 5
1 0 0 5
1 0 0 5
1 0 0 5
1 0 0 5
1 0 0 5
1 0 0 5
1 0 0 6
1 0 0 6
1 0 0 6
1 0 0 6
1 0 0 6
1 0 0 6
1 0 0 6
1 0 0 6
1 0 0 6
1 0 0 6
1 0 0 4
1 0 0 4
1 0 0 4
1 0 0 7
1 0 0 7
1 0 0 7
1 0 0 7
1 0 0 7
1 0 0 7
1 0 0 7
1 0 0 7
1 0 0 7
1 0 0 7
1 0 0 4
1 0 0 8
1 0 0 8
1 0 0 8
1 0 0 8
1 0 0 8
1 0 0 8
1 0 0 8
1 0 0 8
1 0 0 8
1 0 0 8
1 0 0 9
1 0 0 9
1 0 0 9
1 0 0 9
1 0 0 9
1 0 0 9
1 0 0 9
1 0 0 9
1 0 0 9
1 0 0 9
1 0 0 3
1 0 0 3
1 0 0 10
1 0 0 10
1 0 0 10
1 0 0 10
1 0 0 10
1 0 0 10
1 0 0 11
1 0 0 11
1 0 0 11
1 0 0 11
1 0 0 11
1 0 0 11
1 0 0 11
1 0 0 11
1 0 0 11
1 0 0 11
1 0 0 10
1 0 0 10
1 0 0 10
1 0 0 10
1 0 0 12
1 0 0 12
1 0 0 12
1 0 0 12
1 0 0 12
1 0 0 12
1 0 0 12
1 0 0 12
1 0 0 12
1 0 0 12
1 0 0 13
1 0 0 13
1 0 0 13
1 0 0 13
1 0 0 13
1 0 0 13
1 0 0 13
1 0 0 13
1 0 0 13
1 0 0 13
1 0 0 3
1 0 0 14
1 0 0 14
1 0 0 14
1 0 0 14
1 0 0 14
1 0 0 14
1 0 0 14
1 0 0 14
1 0 0 14
1 0 0 14
1 0 0 3
1 0 0 2
1 0 0 2
1 0 0 2
1 0 0 2
1 0 0 2
1 0 0 2
1 0 0 15
1 0 0 15
1 0 0 16
1 0 0 16
1 0 0 16
1 0 0 17
1 0 0 17
1 0 0 17
1 0 0 16
1 0 0 16
1 0 0 16
1 0 0 16
1 0 0 16
1 0 0 16
1 0 0 16
1 0 0 1
1 0 0 1
1 0 0 1
1 0 0 18
1 0 0 18
1 0 0 18
1 0 0 18
1 0 0 18
1 0 0 18
1 0 0 18
1 0 0 18
1 0 0 18
1 0 0 18
1 0 0 19
1 0 0 19
1 0 0 19
1 0 0 19
1 0 0 19
1 0 0 19
1 0 0 20
1 0 0 20
1 0 0 20
1 0 0 20
1 0 0 20
1 0 0 20
1 0 0 20
1 0 0 20
1 0 0 20
1 0 0 20
1 0 0 19
1 0 0 19
1 0 0 19
1 0 0 19
1 0 0 1
1 0 0 1
1 0 0 1
1 0 0 15
1 0 0 15
1 0 0 15
1 0 0 17
1 0 0 17
1 0 0 21
1 0 0 21
1 0 0 21
1 0 0 21
1 0 0 21
1 0 0 21
1 0 0 21
1 0 0 21
1 0 0 21
1 0 0 21
1 0 0 17
1 0 0 17
1 0 0 22
1 0 0 22
1 0 0 22
1 0 0 22
1 0 0 22
1 0 0 22
1 0 0 22
1 0 0 22
1 0 0 22
1 0 0 22
1 0 0 23
1 0 0 23
1 0 0 23
1 0 0 23
1 0 0 23
1 0 0 23
1 0 0 23
1 0 0 23
1 0 0 23
1 0 0 23
1 0 0 17
1 0 0 17
1 0 0 24
1 0 0 24
1 0 0 24
1 0 0 24
1 0 0 24
1 0 0 24
1 0 0 24
1 0 0 24
1 0 0 24
1 0 0 24
1 0 0 17
1 0 0 15
1 0 0 15
1 0 0 15
1 0 0 15
1 0 0 15
1 0 0 1
1 0 0 25
1 0 0 26
1 0 0 27
1 0 0 27
1 0 0 27
1 0 0 27
1 0 0 27
1 0 0 27
1 0 0 27
1 0 0 27
1 0 0 27
1 0 0 27
1 0 0 26
1 0 0 26
1 0 0 26
1 0 0 26
1 0 0 26
1 0 0 26
1 0 0 26
1 0 0 26
1 0 0 26
1 0 0 28
1 0 0 29
1 0 0 29
1 0 0 29
1 0 0 29
1 0 0 29
1 0 0 29
1 0 0 29
1 0 0 29
1 0 0 29
1 0 0 29
1 0 0 28
1 0 0 28
1 0 0 28
1 0 0 28
1 0 0 28
1 0 0 28
1 0 0 28
1 0 0 30
1 0 0 30
1 0 0 30
1 0 0 30
1 0 0 30
1 0 0 30
1 0 0 30
1 0 0 30
1 0 0 30
1 0 0 30
1 0 0 28
1 0 0 28
1 0 0 31
1 0 0 31
1 0 0 31
1 0 0 31
1 0 0 31
1 0 0 31
1 0 0 31
1 0 0 31
1 0 0 31
1 0 0 31
1 0 0 25
1 0 0 25
1 0 0 25
1 0 0 25
1 0 0 25
1 0 0 1
1 0 0 25
1 0 0 32
1 0 0 32
1 0 0 33
1 0 0 33
1 0 0 32
1 0 0 33
1 0 0 33
1 0 0 33
1 0 0 33
1 0 0 33
1 0 0 32
1 0 0 33
1 0 0 34
1 0 0 34
1 0 0 34
1 0 0 34
1 0 0 34
1 0 0 34
1 0 0 34
1 0 0 34
1 0 0 35
1 0 0 35
1 0 0 35
1 0 0 35
1 0 0 35
1 0 0 35
1 0 0 35
1 0 0 35
1 0 0 35
1 0 0 35
1 0 0 34
1 0 0 36
1 0 0 36
1 0 0 36
1 0 0 36
1 0 0 36
1 0 0 36
1 0 0 36
1 0 0 36
1 0 0 36
1 0 0 36
1 0 0 34
1 0 0 32
1 0 0 32
1 0 0 32
1 0 0 32
1 0 0 33
1 0 0 33
1 0 0 32
1 0 0 32
1 0 0 25
1 0 0 25
1 0 0 25
0.1 1 2 -1
0.1 3 4 -1
0.1 362 5 -1
0.1 361 363 -1
0.1 6 7 -1
0.1 8 9 -1
0.1 366 10 -1
0.1 15 16 -1
0.1 14 368 -1
0.1 17 18 -1
0.1 369 370 -1
0.1 13 371 -1
0.1 19 20 -1
0.1 22 23 -1
0.1 374 24 -1
0.1 375 25 -1
0.1 26 27 -1
0.1 377 28 -1
0.1 376 378 -1
0.1 21 379 -1
0.1 373 380 -1
0.1 29 30 -1
0.1 382 31 -1
0.1 383 32 -1
0.1 35 36 -1
0.1 34 385 -1
0.1 33 386 -1
0.1 387 37 -1
0.1 388 38 -1
0.1 384 389 -1
0.1 381 390 -1
0.1 40 41 -1
0.1 43 44 -1
0.1 42 393 -1
0.1 48 49 -1
0.1 47 395 -1
0.1 46 396 -1
0.1 45 397 -1
0.1 394 398 -1
0.1 50 51 -1
0.1 399 400 -1
0.1 392 401 -1
0.1 39 402 -1
0.1 391 403 -1
0.1 55 56 -1
0.1 54 405 -1
0.1 57 58 -1
0.1 406 407 -1
0.1 408 59 -1
0.1 53 409 -1
0.1 61 62 -1
0.1 60 411 -1
0.1 410 412 -1
0.1 52 413 -1
0.1 404 414 -1
0.1 372 415 -1
0.1 12 416 -1
0.1 11 417 -1
0.1 64 65 -1
0.1 63 419 -1
0.1 420 66 -1
0.1 67 68 -1
0.1 421 422 -1
0.1 70 71 -1
0.1 424 72 -1
0.1 69 425 -1
0.1 423 426 -1
0.1 427 73 -1
0.1 418 428 -1
0.1 75 76 -1
0.1 77 78 -1
0.1 79 80 -1
0.1 82 83 -1
0.1 81 433 -1
0.1 85 86 -1
0.1 84 435 -1
0.1 89 90 -1
0.1 88 437 -1
0.1 87 438 -1
0.1 436 439 -1
0.1 434 440 -1
0.1 432 441 -1
0.1 431 442 -1
0.1 91 92 -1
0.1 93 94 -1
0.1 444 445 -1
0.1 443 446 -1
0.1 430 447 -1
0.1 96 97 -1
0.1 100 101 -1
0.1 99 450 -1
0.1 98 451 -1
0.1 449 452 -1
0.1 102 103 -1
0.1 454 104 -1
0.1 453 455 -1
0.1 105 106 -1
0.1 108 109 -1
0.1 107 458 -1
0.1 457 459 -1
0.1 111 112 -1
0.1 110 461 -1
0.1 113 114 -1
0.1 462 463 -1
0.1 460 464 -1
0.1 456 465 -1
0.1 95 466 -1
0.1 448 467 -1
0.1 74 468 -1
0.1 469 115 -1
0.1 117 118 -1
0.1 116 471 -1
0.1 119 120 -1
0.1 124 125 -1
0.1 123 474 -1
0.1 122 475 -1
0.1 121 476 -1
0.1 473 477 -1
0.1 472 478 -1
0.1 479 126 -1
0.1 470 480 -1
0.1 429 481 -1
0.1 367 482 -1
0.1 483 127 -1
0.1 128 129 -1
0.1 484 485 -1
0.1 365 486 -1
0.1 131 132 -1
0.1 130 488 -1
0.1 487 489 -1
0.1 364 490 -1
0.1 133 134 -1
0.1 135 136 -1
0.1 139 140 -1
0.1 138 494 -1
0.1 142 143 -1
0.1 141 496 -1
0.1 495 497 -1
0.1 137 498 -1
0.1 144 145 -1
0.1 146 147 -1
0.1 500 501 -1
0.1 149 150 -1
0.1 148 503 -1
0.1 151 152 -1
0.1 505 153 -1
0.1 154 155 -1
0.1 157 158 -1
0.1 508 159 -1
0.1 156 509 -1
0.1 507 510 -1
0.1 511 160 -1
0.1 506 512 -1
0.1 513 161 -1
0.1 514 162 -1
0.1 163 164 -1
0.1 515 516 -1
0.1 165 166 -1
0.1 168 169 -1
0.1 167 519 -1
0.1 170 171 -1
0.1 521 172 -1
0.1 520 522 -1
0.1 173 174 -1
0.1 523 524 -1
0.1 175 176 -1
0.1 525 526 -1
0.1 527 177 -1
0.1 518 528 -1
0.1 529 178 -1
0.1 179 180 -1
0.1 530 531 -1
0.1 517 532 -1
0.1 504 533 -1
0.1 182 183 -1
0.1 181 535 -1
0.1 534 536 -1
0.1 502 537 -1
0.1 499 538 -1
0.1 493 539 -1
0.1 492 540 -1
0.1 191 192 -1
0.1 193 194 -1
0.1 542 543 -1
0.1 190 544 -1
0.1 189 545 -1
0.1 195 196 -1
0.1 197 198 -1
0.1 547 548 -1
0.1 546 549 -1
0.1 550 199 -1
0.1 188 551 -1
0.1 187 552 -1
0.1 202 203 -1
0.1 204 205 -1
0.1 554 555 -1
0.1 201 556 -1
0.1 208 209 -1
0.1 207 558 -1
0.1 559 210 -1
0.1 206 560 -1
0.1 557 561 -1
0.1 212 213 -1
0.1 211 563 -1
0.1 215 216 -1
0.1 214 565 -1
0.1 218 219 -1
0.1 567 220 -1
0.1 217 568 -1
0.1 566 569 -1
0.1 564 570 -1
0.1 562 571 -1
0.1 572 221 -1
0.1 200 573 -1
0.1 224 225 -1
0.1 227 228 -1
0.1 226 576 -1
0.1 230 231 -1
0.1 229 578 -1
0.1 579 232 -1
0.1 577 580 -1
0.1 575 581 -1
0.1 223 582 -1
0.1 583 233 -1
0.1 222 584 -1
0.1 574 585 -1
0.1 553 586 -1
0.1 587 234 -1
0.1 186 588 -1
0.1 185 589 -1
0.1 235 236 -1
0.1 590 591 -1
0.1 184 592 -1
0.1 541 593 -1
0.1 237 238 -1
0.1 242 243 -1
0.1 596 244 -1
0.1 246 247 -1
0.1 248 249 -1
0.1 598 599 -1
0.1 245 600 -1
0.1 250 251 -1
0.1 601 602 -1
0.1 597 603 -1
0.1 253 254 -1
0.1 605 255 -1
0.1 252 606 -1
0.1 257 258 -1
0.1 256 608 -1
0.1 609 259 -1
0.1 607 610 -1
0.1 262 263 -1
0.1 264 265 -1
0.1 268 269 -1
0.1 267 614 -1
0.1 266 615 -1
0.1 270 271 -1
0.1 616 617 -1
0.1 613 618 -1
0.1 612 619 -1
0.1 261 620 -1
0.1 272 273 -1
0.1 274 275 -1
0.1 622 623 -1
0.1 621 624 -1
0.1 276 277 -1
0.1 280 281 -1
0.1 279 627 -1
0.1 283 284 -1
0.1 282 629 -1
0.1 286 287 -1
0.1 631 288 -1
0.1 285 632 -1
0.1 630 633 -1
0.1 628 634 -1
0.1 635 289 -1
0.1 636 290 -1
0.1 278 637 -1
0.1 626 638 -1
0.1 625 639 -1
0.1 260 640 -1
0.1 611 641 -1
0.1 604 642 -1
0.1 241 643 -1
0.1 291 292 -1
0.1 294 295 -1
0.1 293 646 -1
0.1 296 297 -1
0.1 648 298 -1
0.1 649 299 -1
0.1 650 300 -1
0.1 647 651 -1
0.1 645 652 -1
0.1 653 301 -1
0.1 654 302 -1
0.1 303 304 -1
0.1 656 305 -1
0.1 655 657 -1
0.1 644 658 -1
0.1 240 659 -1
0.1 239 660 -1
0.1 595 661 -1
0.1 310 311 -1
0.1 314 315 -1
0.1 313 664 -1
0.1 316 317 -1
0.1 665 666 -1
0.1 667 318 -1
0.1 312 668 -1
0.1 320 321 -1
0.1 325 326 -1
0.1 324 671 -1
0.1 672 327 -1
0.1 323 673 -1
0.1 322 674 -1
0.1 329 330 -1
0.1 333 334 -1
0.1 332 677 -1
0.1 331 678 -1
0.1 336 337 -1
0.1 335 680 -1
0.1 679 681 -1
0.1 676 682 -1
0.1 328 683 -1
0.1 675 684 -1
0.1 670 685 -1
0.1 339 340 -1
0.1 687 341 -1
0.1 343 344 -1
0.1 342 689 -1
0.1 345 346 -1
0.1 691 347 -1
0.1 692 348 -1
0.1 690 693 -1
0.1 688 694 -1
0.1 695 349 -1
0.1 338 696 -1
0.1 686 697 -1
0.1 698 350 -1
0.1 319 699 -1
0.1 669 700 -1
0.1 663 701 -1
0.1 352 353 -1
0.1 351 703 -1
0.1 702 704 -1
0.1 354 355 -1
0.1 706 356 -1
0.1 707 357 -1
0.1 705 708 -1
0.1 309 709 -1
0.1 308 710 -1
0.1 307 711 -1
0.1 306 712 -1
0.1 359 360 -1
0.1 358 714 -1
0.1 713 715 -1
0.1 662 716 -1
0.1 594 717 -1
0.1 491 718 -1
