1 0 0 1
1 0 0 1
1 0 0 1
1 0 0 1
1 0 0 1
1 0 0 2
1 0 0 2
1 0 0 3
1 0 0 3
1 0 0 3
1 0 0 3
1 0 0 3
1 0 0 3
1 0 0 3
1 0 0 3
1 0 0 3
1 0 0 3
1 0 0 4
1 0 0 4
1 0 0 4
1 0 0 4
1 0 0 4
1 0 0 4
1 0 0 2
1 0 0 2
1 0 0 2
1 0 0 2
1 0 0 2
1 0 0 2
1 0 0 2
1 0 0 2
1 0 0 5
1 0 0 5
1 0 0 5
1 0 0 5
1 0 0 5
1 0 0 5
1 0 0 5
1 0 0 5
1 0 0 5
1 0 0 5
1 0 0 4
1 0 0 4
1 0 0 4
1 0 0 4
1 0 0 1
1 0 0 1
1 0 0 1
1 0 0 1
1 0 0 1
1 0 0 6
1 0 0 6
1 0 0 6
1 0 0 7
1 0 0 7
1 0 0 7
1 0 0 7
1 0 0 7
1 0 0 7
1 0 0 7
1 0 0 7
1 0 0 7
1 0 0 7
1 0 0 6
1 0 0 6
1 0 0 6
1 0 0 6
1 0 0 6
1 0 0 6
1 0 0 6
1 0 0 8
1 0 0 8
1 0 0 8
1 0 0 8
1 0 0 8
1 0 0 8
1 0 0 8
1 0 0 8
1 0 0 8
1 0 0 8
0.1 1 2 -1
0.1 3 4 -1
0.1 82 5 -1
0.1 6 7 -1
0.1 9 10 -1
0.1 85 11 -1
0.1 13 14 -1
0.1 12 87 -1
0.1 15 16 -1
0.1 88 89 -1
0.1 90 17 -1
0.1 86 91 -1
0.1 8 92 -1
0.1 18 19 -1
0.1 94 20 -1
0.1 22 23 -1
0.1 21 96 -1
0.1 95 97 -1
0.1 24 25 -1
0.1 27 28 -1
0.1 26 100 -1
0.1 99 101 -1
0.1 29 30 -1
0.1 103 31 -1
0.1 102 104 -1
0.1 32 33 -1
0.1 34 35 -1
0.1 106 107 -1
0.1 105 108 -1
0.1 36 37 -1
0.1 38 39 -1
0.1 110 111 -1
0.1 112 40 -1
0.1 113 41 -1
0.1 109 114 -1
0.1 115 42 -1
0.1 98 116 -1
0.1 117 43 -1
0.1 118 44 -1
0.1 119 45 -1
0.1 93 120 -1
0.1 84 121 -1
0.1 47 48 -1
0.1 46 123 -1
0.1 124 49 -1
0.1 122 125 -1
0.1 126 50 -1
0.1 83 127 -1
0.1 81 128 -1
0.1 52 53 -1
0.1 51 130 -1
0.1 129 131 -1
0.1 54 55 -1
0.1 133 56 -1
0.1 57 58 -1
0.1 59 60 -1
0.1 62 63 -1
0.1 61 137 -1
0.1 136 138 -1
0.1 135 139 -1
0.1 134 140 -1
0.1 65 66 -1
0.1 64 142 -1
0.1 143 67 -1
0.1 69 70 -1
0.1 68 145 -1
0.1 144 146 -1
0.1 141 147 -1
0.1 72 73 -1
0.1 149 74 -1
0.1 75 76 -1
0.1 77 78 -1
0.1 151 152 -1
0.1 150 153 -1
0.1 154 79 -1
0.1 155 80 -1
0.1 71 156 -1
0.1 148 157 -1
0.1 132 158 -1
