1 0 0 1
1 0 0 1
1 0 0 1
1 0 0 1
1 0 0 1
1 0 0 1
1 0 0 1
1 0 0 1
1 0 0 1
1 0 0 1
1 0 0 2
1 0 0 2
1 0 0 2
1 0 0 2
1 0 0 2
1 0 0 2
1 0 0 2
1 0 0 2
1 0 0 3
1 0 0 3
1 0 0 3
1 0 0 3
1 0 0 4
1 0 0 4
1 0 0 4
1 0 0 4
1 0 0 4
1 0 0 4
1 0 0 4
1 0 0 4
1 0 0 4
1 0 0 4
1 0 0 3
1 0 0 3
1 0 0 3
1 0 0 3
1 0 0 3
1 0 0 3
1 0 0 2
1 0 0 2
1 0 0 5
1 0 0 5
1 0 0 5
1 0 0 5
1 0 0 5
1 0 0 5
1 0 0 5
1 0 0 5
1 0 0 5
1 0 0 5
1 0 0 6
1 0 0 6
1 0 0 6
1 0 0 6
1 0 0 6
1 0 0 6
1 0 0 7
1 0 0 7
1 0 0 7
1 0 0 7
1 0 0 7
1 0 0 7
1 0 0 7
1 0 0 7
1 0 0 7
1 0 0 7
1 0 0 8
1 0 0 8
1 0 0 8
1 0 0 8
1 0 0 8
1 0 0 8
1 0 0 8
1 0 0 8
1 0 0 8
1 0 0 8
1 0 0 6
1 0 0 6
1 0 0 6
1 0 0 6
0.1 4 5 -1
0.1 3 81 -1
0.1 2 82 -1
0.1 83 6 -1
0.1 1 84 -1
0.1 8 9 -1
0.1 86 10 -1
0.1 7 87 -1
0.1 12 13 -1
0.1 11 89 -1
0.1 14 15 -1
0.1 91 16 -1
0.1 17 18 -1
0.1 92 93 -1
0.1 90 94 -1
0.1 88 95 -1
0.1 85 96 -1
0.1 20 21 -1
0.1 24 25 -1
0.1 23 99 -1
0.1 100 26 -1
0.1 28 29 -1
0.1 27 102 -1
0.1 103 30 -1
0.1 104 31 -1
0.1 105 32 -1
0.1 101 106 -1
0.1 34 35 -1
0.1 33 108 -1
0.1 107 109 -1
0.1 22 110 -1
0.1 36 37 -1
0.1 111 112 -1
0.1 113 38 -1
0.1 98 114 -1
0.1 19 115 -1
0.1 39 40 -1
0.1 116 117 -1
0.1 97 118 -1
0.1 42 43 -1
0.1 41 120 -1
0.1 121 44 -1
0.1 45 46 -1
0.1 47 48 -1
0.1 124 49 -1
0.1 123 125 -1
0.1 122 126 -1
0.1 127 50 -1
0.1 119 128 -1
0.1 129 51 -1
0.1 130 52 -1
0.1 131 53 -1
0.1 55 56 -1
0.1 54 133 -1
0.1 57 58 -1
0.1 60 61 -1
0.1 59 136 -1
0.1 135 137 -1
0.1 62 63 -1
0.1 138 139 -1
0.1 140 64 -1
0.1 141 65 -1
0.1 142 66 -1
0.1 67 68 -1
0.1 70 71 -1
0.1 69 145 -1
0.1 72 73 -1
0.1 74 75 -1
0.1 148 76 -1
0.1 147 149 -1
0.1 146 150 -1
0.1 144 151 -1
0.1 143 152 -1
0.1 153 77 -1
0.1 134 154 -1
0.1 78 79 -1
0.1 156 80 -1
0.1 155 157 -1
0.1 132 158 -1
