1 0 0 1
1 0 0 1
1 0 0 2
1 0 0 3
1 0 0 3
1 0 0 3
1 0 0 3
1 0 0 3
1 0 0 3
1 0 0 3
1 0 0 3
1 0 0 4
1 0 0 4
1 0 0 4
1 0 0 4
1 0 0 5
1 0 0 5
1 0 0 5
1 0 0 5
1 0 0 5
1 0 0 5
1 0 0 5
1 0 0 5
1 0 0 5
1 0 0 5
1 0 0 5
1 0 0 5
1 0 0 5
1 0 0 5
1 0 0 5
1 0 0 5
1 0 0 5
1 0 0 5
1 0 0 5
1 0 0 5
1 0 0 4
1 0 0 4
1 0 0 4
1 0 0 4
1 0 0 4
1 0 0 4
1 0 0 4
1 0 0 4
1 0 0 4
1 0 0 4
1 0 0 4
1 0 0 4
1 0 0 4
1 0 0 4
1 0 0 4
1 0 0 4
1 0 0 3
1 0 0 3
1 0 0 3
1 0 0 3
1 0 0 3
1 0 0 3
1 0 0 3
1 0 0 3
1 0 0 2
1 0 0 2
1 0 0 2
1 0 0 3
1 0 0 3
1 0 0 3
1 0 0 3
1 0 0 2
1 0 0 2
1 0 0 2
1 0 0 2
1 0 0 6
1 0 0 6
1 0 0 6
1 0 0 6
1 0 0 6
1 0 0 6
1 0 0 6
1 0 0 6
1 0 0 6
1 0 0 6
1 0 0 6
1 0 0 6
1 0 0 6
1 0 0 6
1 0 0 6
1 0 0 6
1 0 0 6
1 0 0 6
1 0 0 6
1 0 0 6
1 0 0 2
1 0 0 2
1 0 0 2
1 0 0 1
1 0 0 1
1 0 0 1
1 0 0 1
1 0 0 1
1 0 0 1
1 0 0 1
1 0 0 2
1 0 0 2
1 0 0 2
1 0 0 2
1 0 0 2
1 0 0 2
1 0 0 2
1 0 0 2
1 0 0 2
1 0 0 7
1 0 0 7
1 0 0 7
1 0 0 7
1 0 0 7
1 0 0 7
1 0 0 7
1 0 0 7
1 0 0 7
1 0 0 7
1 0 0 7
1 0 0 7
1 0 0 7
1 0 0 8
1 0 0 8
1 0 0 8
1 0 0 8
1 0 0 8
1 0 0 8
1 0 0 8
1 0 0 8
1 0 0 8
1 0 0 8
1 0 0 8
1 0 0 8
1 0 0 8
1 0 0 8
1 0 0 8
1 0 0 8
1 0 0 8
1 0 0 8
1 0 0 8
1 0 0 8
1 0 0 7
1 0 0 7
1 0 0 7
1 0 0 7
1 0 0 7
1 0 0 7
1 0 0 7
1 0 0 9
1 0 0 9
1 0 0 9
1 0 0 9
1 0 0 10
1 0 0 10
1 0 0 10
1 0 0 10
1 0 0 10
1 0 0 10
1 0 0 10
1 0 0 10
1 0 0 10
1 0 0 10
1 0 0 10
1 0 0 9
1 0 0 9
1 0 0 9
1 0 0 9
1 0 0 9
1 0 0 9
1 0 0 11
1 0 0 11
1 0 0 11
1 0 0 11
1 0 0 11
1 0 0 11
1 0 0 11
1 0 0 11
1 0 0 11
1 0 0 11
1 0 0 11
1 0 0 11
1 0 0 11
1 0 0 11
1 0 0 11
1 0 0 11
1 0 0 11
1 0 0 11
1 0 0 11
1 0 0 11
1 0 0 9
1 0 0 9
1 0 0 9
1 0 0 10
1 0 0 10
1 0 0 10
1 0 0 10
1 0 0 10
1 0 0 10
1 0 0 10
1 0 0 10
1 0 0 10
1 0 0 9
1 0 0 9
1 0 0 9
1 0 0 12
1 0 0 12
1 0 0 12
1 0 0 12
1 0 0 12
1 0 0 12
1 0 0 12
1 0 0 12
1 0 0 12
1 0 0 12
1 0 0 12
1 0 0 9
1 0 0 9
1 0 0 9
1 0 0 9
1 0 0 1
1 0 0 1
1 0 0 1
1 0 0 1
1 0 0 1
1 0 0 1
1 0 0 1
1 0 0 1
1 0 0 1
1 0 0 1
1 0 0 1
1 0 0 13
1 0 0 13
1 0 0 13
1 0 0 13
1 0 0 13
1 0 0 13
1 0 0 13
1 0 0 13
1 0 0 13
1 0 0 13
1 0 0 13
1 0 0 13
1 0 0 13
1 0 0 13
1 0 0 13
1 0 0 13
1 0 0 13
1 0 0 13
1 0 0 13
1 0 0 12
1 0 0 12
1 0 0 12
1 0 0 12
1 0 0 12
1 0 0 12
1 0 0 12
1 0 0 12
1 0 0 12
1 0 0 13
1 0 0 14
1 0 0 14
1 0 0 14
1 0 0 14
1 0 0 14
1 0 0 14
1 0 0 14
1 0 0 14
1 0 0 14
1 0 0 14
1 0 0 14
1 0 0 14
1 0 0 14
1 0 0 14
1 0 0 14
1 0 0 14
1 0 0 14
1 0 0 14
1 0 0 14
1 0 0 14
0.1 1 2 -1
0.1 4 5 -1
0.1 7 8 -1
0.1 6 283 -1
0.1 282 284 -1
0.1 9 10 -1
0.1 285 286 -1
0.1 14 15 -1
0.1 16 17 -1
0.1 20 21 -1
0.1 19 290 -1
0.1 22 23 -1
0.1 24 25 -1
0.1 292 293 -1
0.1 291 294 -1
0.1 18 295 -1
0.1 289 296 -1
0.1 28 29 -1
0.1 27 298 -1
0.1 26 299 -1
0.1 300 30 -1
0.1 31 32 -1
0.1 301 302 -1
0.1 297 303 -1
0.1 34 35 -1
0.1 33 305 -1
0.1 304 306 -1
0.1 307 36 -1
0.1 288 308 -1
0.1 13 309 -1
0.1 310 37 -1
0.1 38 39 -1
0.1 311 312 -1
0.1 41 42 -1
0.1 314 43 -1
0.1 44 45 -1
0.1 46 47 -1
0.1 48 49 -1
0.1 317 318 -1
0.1 316 319 -1
0.1 315 320 -1
0.1 40 321 -1
0.1 313 322 -1
0.1 323 50 -1
0.1 324 51 -1
0.1 12 325 -1
0.1 11 326 -1
0.1 287 327 -1
0.1 53 54 -1
0.1 52 329 -1
0.1 56 57 -1
0.1 55 331 -1
0.1 58 59 -1
0.1 332 333 -1
0.1 330 334 -1
0.1 328 335 -1
0.1 61 62 -1
0.1 60 337 -1
0.1 63 64 -1
0.1 338 339 -1
0.1 65 66 -1
0.1 340 341 -1
0.1 336 342 -1
0.1 3 343 -1
0.1 68 69 -1
0.1 74 75 -1
0.1 76 77 -1
0.1 347 78 -1
0.1 346 348 -1
0.1 73 349 -1
0.1 72 350 -1
0.1 71 351 -1
0.1 82 83 -1
0.1 353 84 -1
0.1 81 354 -1
0.1 80 355 -1
0.1 79 356 -1
0.1 85 86 -1
0.1 357 358 -1
0.1 359 87 -1
0.1 88 89 -1
0.1 361 90 -1
0.1 360 362 -1
0.1 352 363 -1
0.1 70 364 -1
0.1 345 365 -1
0.1 67 366 -1
0.1 92 93 -1
0.1 91 368 -1
0.1 367 369 -1
0.1 95 96 -1
0.1 371 97 -1
0.1 98 99 -1
0.1 372 373 -1
0.1 94 374 -1
0.1 370 375 -1
0.1 344 376 -1
0.1 281 377 -1
0.1 378 100 -1
0.1 101 102 -1
0.1 103 104 -1
0.1 380 381 -1
0.1 106 107 -1
0.1 105 383 -1
0.1 382 384 -1
0.1 111 112 -1
0.1 113 114 -1
0.1 387 115 -1
0.1 386 388 -1
0.1 116 117 -1
0.1 389 390 -1
0.1 120 121 -1
0.1 127 128 -1
0.1 126 393 -1
0.1 125 394 -1
0.1 129 130 -1
0.1 395 396 -1
0.1 131 132 -1
0.1 397 398 -1
0.1 124 399 -1
0.1 123 400 -1
0.1 133 134 -1
0.1 135 136 -1
0.1 402 403 -1
0.1 401 404 -1
0.1 140 141 -1
0.1 139 406 -1
0.1 138 407 -1
0.1 408 142 -1
0.1 137 409 -1
0.1 405 410 -1
0.1 122 411 -1
0.1 392 412 -1
0.1 119 413 -1
0.1 144 145 -1
0.1 143 415 -1
0.1 414 416 -1
0.1 146 147 -1
0.1 148 149 -1
0.1 418 419 -1
0.1 417 420 -1
0.1 118 421 -1
0.1 391 422 -1
0.1 110 423 -1
0.1 109 424 -1
0.1 108 425 -1
0.1 385 426 -1
0.1 379 427 -1
0.1 152 153 -1
0.1 151 429 -1
0.1 154 155 -1
0.1 156 157 -1
0.1 431 432 -1
0.1 158 159 -1
0.1 434 160 -1
0.1 433 435 -1
0.1 162 163 -1
0.1 161 437 -1
0.1 438 164 -1
0.1 436 439 -1
0.1 440 165 -1
0.1 167 168 -1
0.1 442 169 -1
0.1 443 170 -1
0.1 166 444 -1
0.1 441 445 -1
0.1 430 446 -1
0.1 171 172 -1
0.1 173 174 -1
0.1 175 176 -1
0.1 449 450 -1
0.1 451 177 -1
0.1 448 452 -1
0.1 453 178 -1
0.1 180 181 -1
0.1 179 455 -1
0.1 184 185 -1
0.1 183 457 -1
0.1 186 187 -1
0.1 458 459 -1
0.1 182 460 -1
0.1 188 189 -1
0.1 462 190 -1
0.1 461 463 -1
0.1 456 464 -1
0.1 454 465 -1
0.1 466 191 -1
0.1 447 467 -1
0.1 192 193 -1
0.1 195 196 -1
0.1 197 198 -1
0.1 470 471 -1
0.1 194 472 -1
0.1 201 202 -1
0.1 200 474 -1
0.1 199 475 -1
0.1 473 476 -1
0.1 469 477 -1
0.1 468 478 -1
0.1 204 205 -1
0.1 207 208 -1
0.1 481 209 -1
0.1 210 211 -1
0.1 212 213 -1
0.1 483 484 -1
0.1 482 485 -1
0.1 486 214 -1
0.1 206 487 -1
0.1 215 216 -1
0.1 488 489 -1
0.1 490 217 -1
0.1 480 491 -1
0.1 492 218 -1
0.1 203 493 -1
0.1 494 219 -1
0.1 495 220 -1
0.1 479 496 -1
0.1 150 497 -1
0.1 222 223 -1
0.1 224 225 -1
0.1 500 226 -1
0.1 499 501 -1
0.1 229 230 -1
0.1 228 503 -1
0.1 227 504 -1
0.1 502 505 -1
0.1 221 506 -1
0.1 498 507 -1
0.1 234 235 -1
0.1 236 237 -1
0.1 509 510 -1
0.1 240 241 -1
0.1 239 512 -1
0.1 238 513 -1
0.1 511 514 -1
0.1 242 243 -1
0.1 515 516 -1
0.1 233 517 -1
0.1 232 518 -1
0.1 246 247 -1
0.1 520 248 -1
0.1 245 521 -1
0.1 244 522 -1
0.1 252 253 -1
0.1 251 524 -1
0.1 525 254 -1
0.1 256 257 -1
0.1 258 259 -1
0.1 527 528 -1
0.1 255 529 -1
0.1 526 530 -1
0.1 531 260 -1
0.1 250 532 -1
0.1 249 533 -1
0.1 523 534 -1
0.1 519 535 -1
0.1 231 536 -1
0.1 264 265 -1
0.1 263 538 -1
0.1 539 266 -1
0.1 262 540 -1
0.1 261 541 -1
0.1 267 268 -1
0.1 543 269 -1
0.1 542 544 -1
0.1 272 273 -1
0.1 271 546 -1
0.1 547 274 -1
0.1 276 277 -1
0.1 275 549 -1
0.1 548 550 -1
0.1 279 280 -1
0.1 278 552 -1
0.1 551 553 -1
0.1 270 554 -1
0.1 545 555 -1
0.1 537 556 -1
0.1 508 557 -1
0.1 428 558 -1
