1 0 0 1
1 0 0 1
1 0 0 1
1 0 0 1
1 0 0 2
1 0 0 2
1 0 0 2
1 0 0 2
1 0 0 2
1 0 0 2
1 0 0 2
1 0 0 2
1 0 0 2
1 0 0 2
1 0 0 1
1 0 0 3
1 0 0 3
1 0 0 3
1 0 0 3
1 0 0 3
1 0 0 4
1 0 0 4
1 0 0 4
1 0 0 4
1 0 0 4
1 0 0 4
1 0 0 4
1 0 0 4
1 0 0 4
1 0 0 4
1 0 0 3
1 0 0 3
1 0 0 3
1 0 0 3
1 0 0 3
1 0 0 5
1 0 0 5
1 0 0 5
1 0 0 5
1 0 0 5
1 0 0 5
1 0 0 5
1 0 0 5
1 0 0 5
1 0 0 5
1 0 0 6
1 0 0 6
1 0 0 6
1 0 0 6
1 0 0 6
1 0 0 6
1 0 0 6
1 0 0 6
1 0 0 6
1 0 0 6
1 0 0 7
1 0 0 7
1 0 0 7
1 0 0 7
1 0 0 7
1 0 0 7
1 0 0 7
1 0 0 7
1 0 0 7
1 0 0 7
1 0 0 8
1 0 0 8
1 0 0 8
1 0 0 8
1 0 0 8
1 0 0 9
1 0 0 9
1 0 0 9
1 0 0 9
1 0 0 9
1 0 0 9
1 0 0 9
1 0 0 9
1 0 0 9
1 0 0 9
1 0 0 10
1 0 0 10
1 0 0 10
1 0 0 10
1 0 0 10
1 0 0 10
1 0 0 10
1 0 0 10
1 0 0 10
1 0 0 10
1 0 0 8
1 0 0 8
1 0 0 8
1 0 0 8
1 0 0 8
1 0 0 11
1 0 0 11
1 0 0 11
1 0 0 11
1 0 0 11
1 0 0 11
1 0 0 11
1 0 0 11
1 0 0 11
1 0 0 11
1 0 0 12
1 0 0 12
1 0 0 12
1 0 0 12
1 0 0 12
1 0 0 12
1 0 0 12
1 0 0 12
1 0 0 12
1 0 0 12
1 0 0 1
1 0 0 1
1 0 0 13
1 0 0 13
1 0 0 13
1 0 0 13
1 0 0 13
1 0 0 13
1 0 0 13
1 0 0 13
1 0 0 13
1 0 0 13
1 0 0 1
1 0 0 1
1 0 0 1
1 0 0 14
1 0 0 15
1 0 0 15
1 0 0 15
1 0 0 15
1 0 0 15
1 0 0 15
1 0 0 15
1 0 0 15
1 0 0 15
1 0 0 15
1 0 0 14
1 0 0 14
1 0 0 14
1 0 0 14
1 0 0 14
1 0 0 14
1 0 0 14
1 0 0 14
1 0 0 16
1 0 0 16
1 0 0 16
1 0 0 16
1 0 0 16
1 0 0 16
1 0 0 16
1 0 0 16
1 0 0 16
1 0 0 16
1 0 0 14
0.1 1 2 -1
0.1 3 4 -1
0.1 5 6 -1
0.1 7 8 -1
0.1 163 164 -1
0.1 10 11 -1
0.1 9 166 -1
0.1 165 167 -1
0.1 13 14 -1
0.1 12 169 -1
0.1 168 170 -1
0.1 171 15 -1
0.1 162 172 -1
0.1 161 173 -1
0.1 16 17 -1
0.1 18 19 -1
0.1 23 24 -1
0.1 22 177 -1
0.1 25 26 -1
0.1 28 29 -1
0.1 27 180 -1
0.1 179 181 -1
0.1 182 30 -1
0.1 178 183 -1
0.1 21 184 -1
0.1 20 185 -1
0.1 176 186 -1
0.1 31 32 -1
0.1 33 34 -1
0.1 189 35 -1
0.1 36 37 -1
0.1 38 39 -1
0.1 191 192 -1
0.1 41 42 -1
0.1 43 44 -1
0.1 195 45 -1
0.1 194 196 -1
0.1 40 197 -1
0.1 193 198 -1
0.1 46 47 -1
0.1 199 200 -1
0.1 52 53 -1
0.1 51 202 -1
0.1 54 55 -1
0.1 203 204 -1
0.1 50 205 -1
0.1 49 206 -1
0.1 48 207 -1
0.1 201 208 -1
0.1 190 209 -1
0.1 188 210 -1
0.1 187 211 -1
0.1 175 212 -1
0.1 56 57 -1
0.1 58 59 -1
0.1 215 60 -1
0.1 214 216 -1
0.1 64 65 -1
0.1 63 218 -1
0.1 62 219 -1
0.1 61 220 -1
0.1 217 221 -1
0.1 213 222 -1
0.1 174 223 -1
0.1 66 67 -1
0.1 69 70 -1
0.1 74 75 -1
0.1 73 227 -1
0.1 228 76 -1
0.1 79 80 -1
0.1 78 230 -1
0.1 77 231 -1
0.1 229 232 -1
0.1 72 233 -1
0.1 71 234 -1
0.1 226 235 -1
0.1 81 82 -1
0.1 83 84 -1
0.1 237 238 -1
0.1 85 86 -1
0.1 239 240 -1
0.1 87 88 -1
0.1 89 90 -1
0.1 242 243 -1
0.1 241 244 -1
0.1 236 245 -1
0.1 68 246 -1
0.1 91 92 -1
0.1 247 248 -1
0.1 225 249 -1
0.1 93 94 -1
0.1 251 95 -1
0.1 250 252 -1
0.1 97 98 -1
0.1 100 101 -1
0.1 99 255 -1
0.1 254 256 -1
0.1 96 257 -1
0.1 102 103 -1
0.1 104 105 -1
0.1 259 260 -1
0.1 258 261 -1
0.1 106 107 -1
0.1 263 108 -1
0.1 110 111 -1
0.1 265 112 -1
0.1 109 266 -1
0.1 114 115 -1
0.1 113 268 -1
0.1 267 269 -1
0.1 264 270 -1
0.1 262 271 -1
0.1 119 120 -1
0.1 118 273 -1
0.1 122 123 -1
0.1 121 275 -1
0.1 276 124 -1
0.1 277 125 -1
0.1 274 278 -1
0.1 126 127 -1
0.1 279 280 -1
0.1 117 281 -1
0.1 129 130 -1
0.1 128 283 -1
0.1 282 284 -1
0.1 116 285 -1
0.1 272 286 -1
0.1 253 287 -1
0.1 132 133 -1
0.1 134 135 -1
0.1 289 290 -1
0.1 138 139 -1
0.1 137 292 -1
0.1 293 140 -1
0.1 294 141 -1
0.1 136 295 -1
0.1 291 296 -1
0.1 131 297 -1
0.1 142 143 -1
0.1 299 144 -1
0.1 145 146 -1
0.1 147 148 -1
0.1 301 302 -1
0.1 300 303 -1
0.1 298 304 -1
0.1 150 151 -1
0.1 152 153 -1
0.1 154 155 -1
0.1 157 158 -1
0.1 156 309 -1
0.1 308 310 -1
0.1 307 311 -1
0.1 306 312 -1
0.1 313 159 -1
0.1 149 314 -1
0.1 305 315 -1
0.1 316 160 -1
0.1 288 317 -1
0.1 224 318 -1
