1 0 0 1
1 0 0 1
1 0 0 1
1 0 0 1
1 0 0 1
1 0 0 1
1 0 0 1
1 0 0 1
1 0 0 1
1 0 0 1
1 0 0 2
1 0 0 3
1 0 0 3
1 0 0 4
1 0 0 4
1 0 0 4
1 0 0 4
1 0 0 4
1 0 0 4
1 0 0 4
1 0 0 4
1 0 0 4
1 0 0 4
1 0 0 5
1 0 0 5
1 0 0 5
1 0 0 5
1 0 0 5
1 0 0 5
1 0 0 5
1 0 0 5
1 0 0 5
1 0 0 5
1 0 0 3
1 0 0 3
1 0 0 3
1 0 0 3
1 0 0 3
1 0 0 3
1 0 0 3
1 0 0 3
1 0 0 2
1 0 0 2
1 0 0 2
1 0 0 6
1 0 0 6
1 0 0 6
1 0 0 6
1 0 0 6
1 0 0 6
1 0 0 6
1 0 0 6
1 0 0 6
1 0 0 6
1 0 0 2
1 0 0 2
1 0 0 2
1 0 0 2
1 0 0 2
1 0 0 2
1 0 0 7
1 0 0 7
1 0 0 7
1 0 0 7
1 0 0 7
1 0 0 7
1 0 0 7
1 0 0 7
1 0 0 7
1 0 0 7
1 0 0 8
1 0 0 8
1 0 0 8
1 0 0 8
1 0 0 9
1 0 0 9
1 0 0 9
1 0 0 9
1 0 0 9
1 0 0 9
1 0 0 9
1 0 0 9
1 0 0 9
1 0 0 9
1 0 0 8
1 0 0 8
1 0 0 8
1 0 0 8
1 0 0 8
1 0 0 8
1 0 0 10
1 0 0 10
1 0 0 10
1 0 0 10
1 0 0 10
1 0 0 10
1 0 0 10
1 0 0 10
1 0 0 10
1 0 0 10
0.1 1 2 -1
0.1 3 4 -1
0.1 101 102 -1
0.1 8 9 -1
0.1 7 104 -1
0.1 105 10 -1
0.1 6 106 -1
0.1 5 107 -1
0.1 103 108 -1
0.1 12 13 -1
0.1 14 15 -1
0.1 111 16 -1
0.1 17 18 -1
0.1 19 20 -1
0.1 21 22 -1
0.1 115 23 -1
0.1 114 116 -1
0.1 113 117 -1
0.1 112 118 -1
0.1 24 25 -1
0.1 27 28 -1
0.1 26 121 -1
0.1 30 31 -1
0.1 29 123 -1
0.1 122 124 -1
0.1 32 33 -1
0.1 125 126 -1
0.1 120 127 -1
0.1 128 34 -1
0.1 119 129 -1
0.1 37 38 -1
0.1 36 131 -1
0.1 35 132 -1
0.1 39 40 -1
0.1 134 41 -1
0.1 133 135 -1
0.1 130 136 -1
0.1 110 137 -1
0.1 42 43 -1
0.1 138 139 -1
0.1 46 47 -1
0.1 49 50 -1
0.1 48 142 -1
0.1 141 143 -1
0.1 45 144 -1
0.1 53 54 -1
0.1 52 146 -1
0.1 51 147 -1
0.1 145 148 -1
0.1 44 149 -1
0.1 55 56 -1
0.1 150 151 -1
0.1 152 57 -1
0.1 140 153 -1
0.1 59 60 -1
0.1 62 63 -1
0.1 61 156 -1
0.1 67 68 -1
0.1 66 158 -1
0.1 159 69 -1
0.1 65 160 -1
0.1 64 161 -1
0.1 162 70 -1
0.1 157 163 -1
0.1 155 164 -1
0.1 58 165 -1
0.1 154 166 -1
0.1 11 167 -1
0.1 109 168 -1
0.1 72 73 -1
0.1 71 170 -1
0.1 81 82 -1
0.1 80 172 -1
0.1 173 83 -1
0.1 79 174 -1
0.1 175 84 -1
0.1 78 176 -1
0.1 77 177 -1
0.1 76 178 -1
0.1 75 179 -1
0.1 74 180 -1
0.1 171 181 -1
0.1 86 87 -1
0.1 89 90 -1
0.1 88 184 -1
0.1 183 185 -1
0.1 85 186 -1
0.1 182 187 -1
0.1 91 92 -1
0.1 93 94 -1
0.1 189 190 -1
0.1 96 97 -1
0.1 192 98 -1
0.1 95 193 -1
0.1 99 100 -1
0.1 194 195 -1
0.1 191 196 -1
0.1 188 197 -1
0.1 169 198 -1
