1 0 0 1
1 0 0 1
1 0 0 1
1 0 0 1
1 0 0 2
1 0 0 2
1 0 0 2
1 0 0 2
1 0 0 2
1 0 0 2
1 0 0 2
1 0 0 2
1 0 0 2
1 0 0 2
1 0 0 1
1 0 0 1
1 0 0 1
1 0 0 3
1 0 0 3
1 0 0 4
1 0 0 5
1 0 0 5
1 0 0 5
1 0 0 5
1 0 0 5
1 0 0 5
1 0 0 5
1 0 0 3
1 0 0 6
1 0 0 3
1 0 0 5
1 0 0 5
1 0 0 3
1 0 0 3
1 0 0 6
1 0 0 6
1 0 0 6
1 0 0 3
1 0 0 1
1 0 0 1
1 0 0 1
1 0 0 3
1 0 0 3
1 0 0 3
1 0 0 6
1 0 0 6
1 0 0 6
1 0 0 6
1 0 0 6
1 0 0 6
1 0 0 4
1 0 0 7
1 0 0 7
1 0 0 4
1 0 0 4
1 0 0 4
1 0 0 4
1 0 0 4
1 0 0 4
1 0 0 7
1 0 0 7
1 0 0 7
1 0 0 7
1 0 0 7
1 0 0 7
1 0 0 7
1 0 0 7
1 0 0 4
1 0 0 4
1 0 0 8
1 0 0 9
1 0 0 5
1 0 0 8
1 0 0 9
1 0 0 9
1 0 0 9
1 0 0 9
1 0 0 9
1 0 0 9
1 0 0 9
1 0 0 9
1 0 0 9
1 0 0 10
1 0 0 10
1 0 0 11
1 0 0 11
1 0 0 10
1 0 0 10
1 0 0 10
1 0 0 10
1 0 0 12
1 0 0 12
1 0 0 12
1 0 0 12
1 0 0 12
1 0 0 12
1 0 0 12
1 0 0 12
1 0 0 12
1 0 0 12
1 0 0 13
1 0 0 13
1 0 0 13
1 0 0 13
1 0 0 13
1 0 0 13
1 0 0 13
1 0 0 13
1 0 0 13
1 0 0 13
1 0 0 10
1 0 0 14
1 0 0 14
1 0 0 14
1 0 0 14
1 0 0 14
1 0 0 14
1 0 0 14
1 0 0 14
1 0 0 14
1 0 0 14
1 0 0 15
1 0 0 15
1 0 0 15
1 0 0 15
1 0 0 15
1 0 0 15
1 0 0 15
1 0 0 15
1 0 0 15
1 0 0 15
1 0 0 10
1 0 0 10
1 0 0 16
1 0 0 10
1 0 0 11
1 0 0 11
1 0 0 11
1 0 0 11
1 0 0 11
1 0 0 11
1 0 0 11
1 0 0 11
1 0 0 17
1 0 0 17
1 0 0 17
1 0 0 17
1 0 0 17
1 0 0 17
1 0 0 17
1 0 0 17
1 0 0 17
1 0 0 17
1 0 0 18
1 0 0 18
1 0 0 18
1 0 0 18
1 0 0 18
1 0 0 18
1 0 0 18
1 0 0 18
1 0 0 18
1 0 0 18
1 0 0 19
1 0 0 8
1 0 0 8
1 0 0 20
1 0 0 20
1 0 0 20
1 0 0 20
1 0 0 21
1 0 0 21
1 0 0 21
1 0 0 21
1 0 0 21
1 0 0 21
1 0 0 21
1 0 0 21
1 0 0 21
1 0 0 21
1 0 0 22
1 0 0 22
1 0 0 22
1 0 0 22
1 0 0 22
1 0 0 22
1 0 0 22
1 0 0 22
1 0 0 22
1 0 0 22
1 0 0 23
1 0 0 23
1 0 0 23
1 0 0 23
1 0 0 23
1 0 0 23
1 0 0 23
1 0 0 23
1 0 0 23
1 0 0 23
1 0 0 20
1 0 0 20
1 0 0 20
1 0 0 24
1 0 0 24
1 0 0 24
1 0 0 24
1 0 0 24
1 0 0 24
1 0 0 24
1 0 0 24
1 0 0 24
1 0 0 24
1 0 0 20
1 0 0 20
1 0 0 20
1 0 0 8
1 0 0 8
1 0 0 8
1 0 0 8
1 0 0 8
1 0 0 25
1 0 0 26
1 0 0 26
1 0 0 26
1 0 0 26
1 0 0 26
1 0 0 26
1 0 0 26
1 0 0 26
1 0 0 26
1 0 0 26
1 0 0 25
1 0 0 25
1 0 0 27
1 0 0 27
1 0 0 27
1 0 0 27
1 0 0 27
1 0 0 27
1 0 0 27
1 0 0 27
1 0 0 27
1 0 0 27
1 0 0 25
1 0 0 25
1 0 0 25
1 0 0 28
1 0 0 28
1 0 0 28
1 0 0 28
1 0 0 28
1 0 0 29
1 0 0 29
1 0 0 29
1 0 0 29
1 0 0 29
1 0 0 29
1 0 0 29
1 0 0 29
1 0 0 29
1 0 0 29
1 0 0 28
1 0 0 28
1 0 0 28
1 0 0 28
1 0 0 28
1 0 0 25
1 0 0 25
1 0 0 25
1 0 0 25
1 0 0 30
1 0 0 30
1 0 0 30
1 0 0 30
1 0 0 30
1 0 0 30
1 0 0 30
1 0 0 30
1 0 0 30
1 0 0 30
1 0 0 31
1 0 0 31
1 0 0 31
1 0 0 31
1 0 0 31
1 0 0 31
1 0 0 31
1 0 0 31
1 0 0 31
1 0 0 31
1 0 0 32
1 0 0 32
1 0 0 32
1 0 0 32
1 0 0 32
1 0 0 32
1 0 0 32
1 0 0 32
1 0 0 32
1 0 0 32
1 0 0 33
1 0 0 33
1 0 0 33
1 0 0 33
1 0 0 33
1 0 0 33
1 0 0 33
1 0 0 33
1 0 0 33
1 0 0 33
1 0 0 8
1 0 0 16
1 0 0 16
1 0 0 16
1 0 0 16
1 0 0 16
1 0 0 16
1 0 0 16
1 0 0 16
1 0 0 16
1 0 0 19
1 0 0 19
1 0 0 19
1 0 0 19
1 0 0 19
1 0 0 19
1 0 0 19
1 0 0 19
1 0 0 19
0.1 1 2 -1
0.1 3 4 -1
0.1 331 332 -1
0.1 7 8 -1
0.1 6 334 -1
0.1 5 335 -1
0.1 336 9 -1
0.1 11 12 -1
0.1 13 14 -1
0.1 338 339 -1
0.1 10 340 -1
0.1 337 341 -1
0.1 16 17 -1
0.1 15 343 -1
0.1 342 344 -1
0.1 345 18 -1
0.1 346 19 -1
0.1 333 347 -1
0.1 22 23 -1
0.1 24 25 -1
0.1 26 27 -1
0.1 350 351 -1
0.1 349 352 -1
0.1 21 353 -1
0.1 20 354 -1
0.1 28 29 -1
0.1 31 32 -1
0.1 357 33 -1
0.1 30 358 -1
0.1 35 36 -1
0.1 360 37 -1
0.1 361 38 -1
0.1 34 362 -1
0.1 359 363 -1
0.1 356 364 -1
0.1 40 41 -1
0.1 39 366 -1
0.1 367 42 -1
0.1 365 368 -1
0.1 355 369 -1
0.1 348 370 -1
0.1 43 44 -1
0.1 371 372 -1
0.1 48 49 -1
0.1 47 374 -1
0.1 46 375 -1
0.1 376 50 -1
0.1 377 51 -1
0.1 52 53 -1
0.1 55 56 -1
0.1 54 380 -1
0.1 379 381 -1
0.1 378 382 -1
0.1 57 58 -1
0.1 384 59 -1
0.1 383 385 -1
0.1 45 386 -1
0.1 60 61 -1
0.1 63 64 -1
0.1 62 389 -1
0.1 390 65 -1
0.1 66 67 -1
0.1 391 392 -1
0.1 388 393 -1
0.1 387 394 -1
0.1 373 395 -1
0.1 68 69 -1
0.1 396 397 -1
0.1 71 72 -1
0.1 399 73 -1
0.1 70 400 -1
0.1 398 401 -1
0.1 74 75 -1
0.1 76 77 -1
0.1 78 79 -1
0.1 405 80 -1
0.1 404 406 -1
0.1 81 82 -1
0.1 407 408 -1
0.1 403 409 -1
0.1 402 410 -1
0.1 83 84 -1
0.1 91 92 -1
0.1 95 96 -1
0.1 94 414 -1
0.1 97 98 -1
0.1 415 416 -1
0.1 99 100 -1
0.1 417 418 -1
0.1 93 419 -1
0.1 413 420 -1
0.1 90 421 -1
0.1 89 422 -1
0.1 104 105 -1
0.1 424 106 -1
0.1 103 425 -1
0.1 107 108 -1
0.1 427 109 -1
0.1 428 110 -1
0.1 426 429 -1
0.1 102 430 -1
0.1 101 431 -1
0.1 423 432 -1
0.1 88 433 -1
0.1 87 434 -1
0.1 112 113 -1
0.1 436 114 -1
0.1 118 119 -1
0.1 117 438 -1
0.1 120 121 -1
0.1 439 440 -1
0.1 116 441 -1
0.1 115 442 -1
0.1 437 443 -1
0.1 124 125 -1
0.1 123 445 -1
0.1 126 127 -1
0.1 447 128 -1
0.1 446 448 -1
0.1 129 130 -1
0.1 450 131 -1
0.1 449 451 -1
0.1 122 452 -1
0.1 444 453 -1
0.1 454 132 -1
0.1 111 455 -1
0.1 456 133 -1
0.1 435 457 -1
0.1 86 458 -1
0.1 85 459 -1
0.1 412 460 -1
0.1 138 139 -1
0.1 137 462 -1
0.1 141 142 -1
0.1 464 143 -1
0.1 140 465 -1
0.1 463 466 -1
0.1 136 467 -1
0.1 135 468 -1
0.1 134 469 -1
0.1 461 470 -1
0.1 144 145 -1
0.1 147 148 -1
0.1 146 473 -1
0.1 472 474 -1
0.1 471 475 -1
0.1 411 476 -1
0.1 151 152 -1
0.1 150 478 -1
0.1 479 153 -1
0.1 149 480 -1
0.1 155 156 -1
0.1 154 482 -1
0.1 157 158 -1
0.1 483 484 -1
0.1 162 163 -1
0.1 161 486 -1
0.1 160 487 -1
0.1 159 488 -1
0.1 485 489 -1
0.1 490 164 -1
0.1 168 169 -1
0.1 167 492 -1
0.1 172 173 -1
0.1 174 175 -1
0.1 494 495 -1
0.1 177 178 -1
0.1 176 497 -1
0.1 496 498 -1
0.1 499 179 -1
0.1 500 180 -1
0.1 171 501 -1
0.1 182 183 -1
0.1 503 184 -1
0.1 185 186 -1
0.1 187 188 -1
0.1 505 506 -1
0.1 189 190 -1
0.1 507 508 -1
0.1 504 509 -1
0.1 181 510 -1
0.1 192 193 -1
0.1 512 194 -1
0.1 196 197 -1
0.1 514 198 -1
0.1 195 515 -1
0.1 516 199 -1
0.1 513 517 -1
0.1 518 200 -1
0.1 191 519 -1
0.1 511 520 -1
0.1 502 521 -1
0.1 170 522 -1
0.1 204 205 -1
0.1 207 208 -1
0.1 209 210 -1
0.1 525 526 -1
0.1 206 527 -1
0.1 212 213 -1
0.1 211 529 -1
0.1 528 530 -1
0.1 524 531 -1
0.1 203 532 -1
0.1 202 533 -1
0.1 534 214 -1
0.1 201 535 -1
0.1 215 216 -1
0.1 536 537 -1
0.1 523 538 -1
0.1 493 539 -1
0.1 166 540 -1
0.1 165 541 -1
0.1 217 218 -1
0.1 219 220 -1
0.1 543 544 -1
0.1 542 545 -1
0.1 224 225 -1
0.1 226 227 -1
0.1 547 548 -1
0.1 228 229 -1
0.1 550 230 -1
0.1 231 232 -1
0.1 551 552 -1
0.1 549 553 -1
0.1 223 554 -1
0.1 222 555 -1
0.1 236 237 -1
0.1 235 557 -1
0.1 238 239 -1
0.1 559 240 -1
0.1 558 560 -1
0.1 242 243 -1
0.1 241 562 -1
0.1 563 244 -1
0.1 561 564 -1
0.1 234 565 -1
0.1 233 566 -1
0.1 245 246 -1
0.1 568 247 -1
0.1 567 569 -1
0.1 250 251 -1
0.1 571 252 -1
0.1 249 572 -1
0.1 254 255 -1
0.1 257 258 -1
0.1 259 260 -1
0.1 575 576 -1
0.1 256 577 -1
0.1 574 578 -1
0.1 579 261 -1
0.1 580 262 -1
0.1 253 581 -1
0.1 264 265 -1
0.1 583 266 -1
0.1 263 584 -1
0.1 582 585 -1
0.1 573 586 -1
0.1 587 267 -1
0.1 248 588 -1
0.1 570 589 -1
0.1 556 590 -1
0.1 270 271 -1
0.1 272 273 -1
0.1 593 274 -1
0.1 594 275 -1
0.1 277 278 -1
0.1 276 596 -1
0.1 597 279 -1
0.1 595 598 -1
0.1 280 281 -1
0.1 599 600 -1
0.1 284 285 -1
0.1 602 286 -1
0.1 283 603 -1
0.1 288 289 -1
0.1 290 291 -1
0.1 605 606 -1
0.1 287 607 -1
0.1 604 608 -1
0.1 282 609 -1
0.1 601 610 -1
0.1 293 294 -1
0.1 292 612 -1
0.1 296 297 -1
0.1 295 614 -1
0.1 613 615 -1
0.1 299 300 -1
0.1 298 617 -1
0.1 616 618 -1
0.1 619 301 -1
0.1 611 620 -1
0.1 592 621 -1
0.1 269 622 -1
0.1 268 623 -1
0.1 591 624 -1
0.1 221 625 -1
0.1 302 303 -1
0.1 304 305 -1
0.1 627 628 -1
0.1 307 308 -1
0.1 306 630 -1
0.1 631 309 -1
0.1 629 632 -1
0.1 310 311 -1
0.1 633 634 -1
0.1 635 312 -1
0.1 626 636 -1
0.1 546 637 -1
0.1 313 314 -1
0.1 639 315 -1
0.1 316 317 -1
0.1 318 319 -1
0.1 320 321 -1
0.1 642 643 -1
0.1 641 644 -1
0.1 640 645 -1
0.1 646 322 -1
0.1 638 647 -1
0.1 325 326 -1
0.1 327 328 -1
0.1 329 330 -1
0.1 650 651 -1
0.1 649 652 -1
0.1 324 653 -1
0.1 323 654 -1
0.1 648 655 -1
0.1 491 656 -1
0.1 481 657 -1
0.1 477 658 -1
