1 0 0 1
1 0 0 1
1 0 0 1
1 0 0 2
1 0 0 3
1 0 0 3
1 0 0 3
1 0 0 3
1 0 0 3
1 0 0 3
1 0 0 3
1 0 0 3
1 0 0 3
1 0 0 4
1 0 0 4
1 0 0 4
1 0 0 4
1 0 0 5
1 0 0 5
1 0 0 5
1 0 0 5
1 0 0 5
1 0 0 5
1 0 0 5
1 0 0 5
1 0 0 5
1 0 0 5
1 0 0 4
1 0 0 4
1 0 0 4
1 0 0 4
1 0 0 4
1 0 0 4
1 0 0 3
1 0 0 2
1 0 0 2
1 0 0 2
1 0 0 2
1 0 0 2
1 0 0 6
1 0 0 7
1 0 0 7
1 0 0 7
1 0 0 7
1 0 0 7
1 0 0 7
1 0 0 7
1 0 0 7
1 0 0 7
1 0 0 7
1 0 0 6
1 0 0 6
1 0 0 6
1 0 0 6
1 0 0 8
1 0 0 8
1 0 0 8
1 0 0 8
1 0 0 8
1 0 0 8
1 0 0 8
1 0 0 8
1 0 0 8
1 0 0 8
1 0 0 6
1 0 0 9
1 0 0 9
1 0 0 9
1 0 0 9
1 0 0 9
1 0 0 9
1 0 0 9
1 0 0 9
1 0 0 9
1 0 0 9
1 0 0 6
1 0 0 6
1 0 0 6
1 0 0 6
1 0 0 2
1 0 0 2
1 0 0 2
1 0 0 2
1 0 0 10
1 0 0 10
1 0 0 10
1 0 0 10
1 0 0 10
1 0 0 10
1 0 0 11
1 0 0 11
1 0 0 12
1 0 0 12
1 0 0 12
1 0 0 12
1 0 0 12
1 0 0 12
1 0 0 12
1 0 0 12
1 0 0 12
1 0 0 12
1 0 0 13
1 0 0 13
1 0 0 13
1 0 0 13
1 0 0 13
1 0 0 13
1 0 0 13
1 0 0 13
1 0 0 13
1 0 0 13
1 0 0 14
1 0 0 15
1 0 0 15
1 0 0 15
1 0 0 15
1 0 0 15
1 0 0 15
1 0 0 15
1 0 0 15
1 0 0 15
1 0 0 15
1 0 0 16
1 0 0 16
1 0 0 16
1 0 0 16
1 0 0 16
1 0 0 16
1 0 0 16
1 0 0 16
1 0 0 16
1 0 0 16
1 0 0 14
1 0 0 14
1 0 0 14
1 0 0 17
1 0 0 17
1 0 0 17
1 0 0 17
1 0 0 17
1 0 0 17
1 0 0 18
1 0 0 18
1 0 0 18
1 0 0 18
1 0 0 18
1 0 0 18
1 0 0 18
1 0 0 18
1 0 0 18
1 0 0 18
1 0 0 19
1 0 0 19
1 0 0 19
1 0 0 19
1 0 0 19
1 0 0 19
1 0 0 19
1 0 0 19
1 0 0 19
1 0 0 19
1 0 0 17
1 0 0 17
1 0 0 17
1 0 0 17
1 0 0 20
1 0 0 20
1 0 0 20
1 0 0 21
1 0 0 21
1 0 0 21
1 0 0 21
1 0 0 21
1 0 0 21
1 0 0 21
1 0 0 21
1 0 0 21
1 0 0 21
1 0 0 22
1 0 0 22
1 0 0 22
1 0 0 22
1 0 0 22
1 0 0 22
1 0 0 22
1 0 0 22
1 0 0 22
1 0 0 22
1 0 0 23
1 0 0 23
1 0 0 23
1 0 0 23
1 0 0 23
1 0 0 23
1 0 0 23
1 0 0 23
1 0 0 23
1 0 0 23
1 0 0 20
1 0 0 20
1 0 0 24
1 0 0 24
1 0 0 24
1 0 0 24
1 0 0 24
1 0 0 24
1 0 0 24
1 0 0 24
1 0 0 24
1 0 0 24
1 0 0 20
1 0 0 25
1 0 0 25
1 0 0 25
1 0 0 25
1 0 0 25
1 0 0 25
1 0 0 25
1 0 0 25
1 0 0 25
1 0 0 25
1 0 0 20
1 0 0 20
1 0 0 20
1 0 0 20
1 0 0 14
1 0 0 14
1 0 0 14
1 0 0 14
1 0 0 14
1 0 0 14
1 0 0 26
1 0 0 26
1 0 0 26
1 0 0 26
1 0 0 26
1 0 0 26
1 0 0 26
1 0 0 26
1 0 0 26
1 0 0 26
1 0 0 27
1 0 0 27
1 0 0 27
1 0 0 27
1 0 0 27
1 0 0 27
1 0 0 27
1 0 0 27
1 0 0 27
1 0 0 27
1 0 0 11
1 0 0 11
1 0 0 11
1 0 0 11
1 0 0 11
1 0 0 11
1 0 0 11
1 0 0 11
1 0 0 10
1 0 0 10
1 0 0 10
1 0 0 10
1 0 0 28
1 0 0 28
1 0 0 28
1 0 0 28
1 0 0 28
1 0 0 28
1 0 0 28
1 0 0 28
1 0 0 28
1 0 0 28
1 0 0 29
1 0 0 29
1 0 0 29
1 0 0 29
1 0 0 29
1 0 0 29
1 0 0 29
1 0 0 29
1 0 0 29
1 0 0 29
1 0 0 1
1 0 0 1
1 0 0 1
1 0 0 30
1 0 0 30
1 0 0 30
1 0 0 30
1 0 0 30
1 0 0 30
1 0 0 30
1 0 0 30
1 0 0 30
1 0 0 30
1 0 0 1
1 0 0 1
1 0 0 1
1 0 0 1
1 0 0 31
1 0 0 32
1 0 0 32
1 0 0 32
1 0 0 32
1 0 0 32
1 0 0 32
1 0 0 32
1 0 0 32
1 0 0 32
1 0 0 32
1 0 0 31
1 0 0 31
1 0 0 31
1 0 0 31
1 0 0 31
1 0 0 31
1 0 0 33
1 0 0 33
1 0 0 33
1 0 0 33
1 0 0 34
1 0 0 34
1 0 0 34
1 0 0 34
1 0 0 35
1 0 0 35
1 0 0 35
1 0 0 35
1 0 0 35
1 0 0 35
1 0 0 35
1 0 0 35
1 0 0 35
1 0 0 35
1 0 0 36
1 0 0 36
1 0 0 37
1 0 0 37
1 0 0 37
1 0 0 37
1 0 0 37
1 0 0 37
1 0 0 37
1 0 0 37
1 0 0 37
1 0 0 37
1 0 0 36
1 0 0 36
1 0 0 36
1 0 0 36
1 0 0 36
1 0 0 36
1 0 0 38
1 0 0 38
1 0 0 38
1 0 0 38
1 0 0 38
1 0 0 38
1 0 0 38
1 0 0 38
1 0 0 38
1 0 0 38
1 0 0 36
1 0 0 36
1 0 0 39
1 0 0 39
1 0 0 39
1 0 0 39
1 0 0 39
1 0 0 39
1 0 0 39
1 0 0 39
1 0 0 39
1 0 0 39
1 0 0 34
1 0 0 34
1 0 0 34
1 0 0 34
1 0 0 34
1 0 0 40
1 0 0 40
1 0 0 40
1 0 0 40
1 0 0 40
1 0 0 40
1 0 0 40
1 0 0 40
1 0 0 40
1 0 0 40
1 0 0 41
1 0 0 41
1 0 0 41
1 0 0 41
1 0 0 41
1 0 0 41
1 0 0 41
1 0 0 41
1 0 0 41
1 0 0 41
1 0 0 34
1 0 0 42
1 0 0 42
1 0 0 42
1 0 0 42
1 0 0 42
1 0 0 42
1 0 0 42
1 0 0 42
1 0 0 42
1 0 0 42
1 0 0 43
1 0 0 33
1 0 0 33
1 0 0 43
1 0 0 43
1 0 0 43
1 0 0 44
1 0 0 44
1 0 0 44
1 0 0 44
1 0 0 44
1 0 0 44
1 0 0 44
1 0 0 44
1 0 0 44
1 0 0 44
1 0 0 43
1 0 0 45
1 0 0 45
1 0 0 45
1 0 0 45
1 0 0 45
1 0 0 45
1 0 0 45
1 0 0 45
1 0 0 31
1 0 0 31
1 0 0 31
1 0 0 45
1 0 0 45
1 0 0 33
1 0 0 33
1 0 0 33
1 0 0 43
1 0 0 43
1 0 0 43
1 0 0 43
1 0 0 43
1 0 0 33
0.1 1 2 -1
0.1 6 7 -1
0.1 10 11 -1
0.1 9 453 -1
0.1 8 454 -1
0.1 455 12 -1
0.1 452 456 -1
0.1 457 13 -1
0.1 5 458 -1
0.1 15 16 -1
0.1 14 460 -1
0.1 19 20 -1
0.1 18 462 -1
0.1 21 22 -1
0.1 24 25 -1
0.1 26 27 -1
0.1 465 466 -1
0.1 23 467 -1
0.1 464 468 -1
0.1 463 469 -1
0.1 17 470 -1
0.1 28 29 -1
0.1 471 472 -1
0.1 461 473 -1
0.1 474 30 -1
0.1 32 33 -1
0.1 31 476 -1
0.1 475 477 -1
0.1 459 478 -1
0.1 479 34 -1
0.1 4 480 -1
0.1 36 37 -1
0.1 35 482 -1
0.1 41 42 -1
0.1 43 44 -1
0.1 484 485 -1
0.1 46 47 -1
0.1 45 487 -1
0.1 49 50 -1
0.1 48 489 -1
0.1 488 490 -1
0.1 486 491 -1
0.1 40 492 -1
0.1 52 53 -1
0.1 58 59 -1
0.1 57 495 -1
0.1 56 496 -1
0.1 55 497 -1
0.1 62 63 -1
0.1 61 499 -1
0.1 500 64 -1
0.1 60 501 -1
0.1 498 502 -1
0.1 54 503 -1
0.1 504 65 -1
0.1 494 505 -1
0.1 66 67 -1
0.1 68 69 -1
0.1 507 508 -1
0.1 74 75 -1
0.1 73 510 -1
0.1 72 511 -1
0.1 71 512 -1
0.1 70 513 -1
0.1 509 514 -1
0.1 506 515 -1
0.1 51 516 -1
0.1 77 78 -1
0.1 76 518 -1
0.1 517 519 -1
0.1 520 79 -1
0.1 493 521 -1
0.1 39 522 -1
0.1 38 523 -1
0.1 80 81 -1
0.1 524 525 -1
0.1 82 83 -1
0.1 526 527 -1
0.1 483 528 -1
0.1 481 529 -1
0.1 84 85 -1
0.1 86 87 -1
0.1 531 532 -1
0.1 88 89 -1
0.1 90 91 -1
0.1 93 94 -1
0.1 536 95 -1
0.1 92 537 -1
0.1 97 98 -1
0.1 96 539 -1
0.1 540 99 -1
0.1 100 101 -1
0.1 541 542 -1
0.1 538 543 -1
0.1 535 544 -1
0.1 102 103 -1
0.1 106 107 -1
0.1 105 547 -1
0.1 108 109 -1
0.1 548 549 -1
0.1 104 550 -1
0.1 546 551 -1
0.1 110 111 -1
0.1 552 553 -1
0.1 113 114 -1
0.1 116 117 -1
0.1 115 556 -1
0.1 557 118 -1
0.1 119 120 -1
0.1 121 122 -1
0.1 559 560 -1
0.1 558 561 -1
0.1 555 562 -1
0.1 112 563 -1
0.1 124 125 -1
0.1 565 126 -1
0.1 129 130 -1
0.1 567 131 -1
0.1 568 132 -1
0.1 128 569 -1
0.1 127 570 -1
0.1 566 571 -1
0.1 123 572 -1
0.1 573 133 -1
0.1 136 137 -1
0.1 139 140 -1
0.1 143 144 -1
0.1 147 148 -1
0.1 578 149 -1
0.1 146 579 -1
0.1 150 151 -1
0.1 580 581 -1
0.1 145 582 -1
0.1 577 583 -1
0.1 142 584 -1
0.1 141 585 -1
0.1 576 586 -1
0.1 153 154 -1
0.1 152 588 -1
0.1 155 156 -1
0.1 589 590 -1
0.1 157 158 -1
0.1 160 161 -1
0.1 159 593 -1
0.1 592 594 -1
0.1 591 595 -1
0.1 163 164 -1
0.1 597 165 -1
0.1 162 598 -1
0.1 596 599 -1
0.1 587 600 -1
0.1 138 601 -1
0.1 575 602 -1
0.1 135 603 -1
0.1 134 604 -1
0.1 574 605 -1
0.1 564 606 -1
0.1 167 168 -1
0.1 169 170 -1
0.1 174 175 -1
0.1 173 610 -1
0.1 172 611 -1
0.1 171 612 -1
0.1 609 613 -1
0.1 177 178 -1
0.1 176 615 -1
0.1 614 616 -1
0.1 608 617 -1
0.1 166 618 -1
0.1 180 181 -1
0.1 182 183 -1
0.1 185 186 -1
0.1 622 187 -1
0.1 184 623 -1
0.1 621 624 -1
0.1 620 625 -1
0.1 626 188 -1
0.1 179 627 -1
0.1 191 192 -1
0.1 190 629 -1
0.1 189 630 -1
0.1 631 193 -1
0.1 195 196 -1
0.1 194 633 -1
0.1 197 198 -1
0.1 634 635 -1
0.1 632 636 -1
0.1 637 199 -1
0.1 628 638 -1
0.1 639 200 -1
0.1 202 203 -1
0.1 641 204 -1
0.1 201 642 -1
0.1 205 206 -1
0.1 643 644 -1
0.1 207 208 -1
0.1 209 210 -1
0.1 646 647 -1
0.1 645 648 -1
0.1 640 649 -1
0.1 214 215 -1
0.1 216 217 -1
0.1 652 218 -1
0.1 651 653 -1
0.1 213 654 -1
0.1 212 655 -1
0.1 220 221 -1
0.1 219 657 -1
0.1 656 658 -1
0.1 211 659 -1
0.1 222 223 -1
0.1 661 224 -1
0.1 660 662 -1
0.1 650 663 -1
0.1 619 664 -1
0.1 665 225 -1
0.1 666 226 -1
0.1 228 229 -1
0.1 227 668 -1
0.1 667 669 -1
0.1 230 231 -1
0.1 670 671 -1
0.1 607 672 -1
0.1 232 233 -1
0.1 234 235 -1
0.1 674 675 -1
0.1 236 237 -1
0.1 238 239 -1
0.1 678 240 -1
0.1 679 241 -1
0.1 677 680 -1
0.1 676 681 -1
0.1 673 682 -1
0.1 554 683 -1
0.1 545 684 -1
0.1 243 244 -1
0.1 242 686 -1
0.1 247 248 -1
0.1 246 688 -1
0.1 245 689 -1
0.1 687 690 -1
0.1 250 251 -1
0.1 249 692 -1
0.1 691 693 -1
0.1 253 254 -1
0.1 695 255 -1
0.1 252 696 -1
0.1 694 697 -1
0.1 256 257 -1
0.1 258 259 -1
0.1 699 700 -1
0.1 698 701 -1
0.1 685 702 -1
0.1 534 703 -1
0.1 533 704 -1
0.1 262 263 -1
0.1 264 265 -1
0.1 267 268 -1
0.1 708 269 -1
0.1 266 709 -1
0.1 707 710 -1
0.1 271 272 -1
0.1 712 273 -1
0.1 270 713 -1
0.1 711 714 -1
0.1 706 715 -1
0.1 261 716 -1
0.1 260 717 -1
0.1 705 718 -1
0.1 276 277 -1
0.1 720 278 -1
0.1 275 721 -1
0.1 274 722 -1
0.1 279 280 -1
0.1 282 283 -1
0.1 281 725 -1
0.1 724 726 -1
0.1 723 727 -1
0.1 719 728 -1
0.1 530 729 -1
0.1 730 284 -1
0.1 285 286 -1
0.1 731 732 -1
0.1 3 733 -1
0.1 451 734 -1
0.1 288 289 -1
0.1 287 736 -1
0.1 290 291 -1
0.1 738 292 -1
0.1 294 295 -1
0.1 293 740 -1
0.1 741 296 -1
0.1 739 742 -1
0.1 737 743 -1
0.1 299 300 -1
0.1 298 745 -1
0.1 297 746 -1
0.1 744 747 -1
0.1 303 304 -1
0.1 307 308 -1
0.1 750 309 -1
0.1 751 310 -1
0.1 752 311 -1
0.1 306 753 -1
0.1 305 754 -1
0.1 749 755 -1
0.1 302 756 -1
0.1 301 757 -1
0.1 312 313 -1
0.1 759 314 -1
0.1 758 760 -1
0.1 316 317 -1
0.1 315 762 -1
0.1 761 763 -1
0.1 318 319 -1
0.1 765 320 -1
0.1 322 323 -1
0.1 324 325 -1
0.1 767 768 -1
0.1 328 329 -1
0.1 327 770 -1
0.1 326 771 -1
0.1 330 331 -1
0.1 332 333 -1
0.1 774 334 -1
0.1 775 335 -1
0.1 773 776 -1
0.1 772 777 -1
0.1 778 336 -1
0.1 340 341 -1
0.1 339 780 -1
0.1 342 343 -1
0.1 346 347 -1
0.1 345 783 -1
0.1 344 784 -1
0.1 782 785 -1
0.1 781 786 -1
0.1 338 787 -1
0.1 337 788 -1
0.1 779 789 -1
0.1 348 349 -1
0.1 354 355 -1
0.1 356 357 -1
0.1 360 361 -1
0.1 359 794 -1
0.1 358 795 -1
0.1 362 363 -1
0.1 796 797 -1
0.1 793 798 -1
0.1 792 799 -1
0.1 353 800 -1
0.1 352 801 -1
0.1 351 802 -1
0.1 350 803 -1
0.1 364 365 -1
0.1 366 367 -1
0.1 369 370 -1
0.1 368 807 -1
0.1 806 808 -1
0.1 371 372 -1
0.1 810 373 -1
0.1 809 811 -1
0.1 374 375 -1
0.1 812 813 -1
0.1 805 814 -1
0.1 804 815 -1
0.1 791 816 -1
0.1 790 817 -1
0.1 376 377 -1
0.1 818 819 -1
0.1 379 380 -1
0.1 378 821 -1
0.1 820 822 -1
0.1 382 383 -1
0.1 381 824 -1
0.1 825 384 -1
0.1 385 386 -1
0.1 388 389 -1
0.1 387 828 -1
0.1 827 829 -1
0.1 830 390 -1
0.1 826 831 -1
0.1 823 832 -1
0.1 391 392 -1
0.1 394 395 -1
0.1 398 399 -1
0.1 836 400 -1
0.1 397 837 -1
0.1 396 838 -1
0.1 835 839 -1
0.1 393 840 -1
0.1 834 841 -1
0.1 833 842 -1
0.1 404 405 -1
0.1 403 844 -1
0.1 402 845 -1
0.1 407 408 -1
0.1 847 409 -1
0.1 410 411 -1
0.1 848 849 -1
0.1 406 850 -1
0.1 846 851 -1
0.1 401 852 -1
0.1 843 853 -1
0.1 769 854 -1
0.1 321 855 -1
0.1 766 856 -1
0.1 764 857 -1
0.1 413 414 -1
0.1 859 415 -1
0.1 860 416 -1
0.1 420 421 -1
0.1 422 423 -1
0.1 862 863 -1
0.1 419 864 -1
0.1 418 865 -1
0.1 426 427 -1
0.1 425 867 -1
0.1 424 868 -1
0.1 866 869 -1
0.1 417 870 -1
0.1 861 871 -1
0.1 412 872 -1
0.1 873 428 -1
0.1 432 433 -1
0.1 431 875 -1
0.1 430 876 -1
0.1 435 436 -1
0.1 434 878 -1
0.1 877 879 -1
0.1 429 880 -1
0.1 438 439 -1
0.1 437 882 -1
0.1 883 440 -1
0.1 884 441 -1
0.1 881 885 -1
0.1 442 443 -1
0.1 887 444 -1
0.1 888 445 -1
0.1 446 447 -1
0.1 890 448 -1
0.1 889 891 -1
0.1 886 892 -1
0.1 874 893 -1
0.1 894 449 -1
0.1 858 895 -1
0.1 896 450 -1
0.1 748 897 -1
0.1 735 898 -1
