1 0 0 1
1 0 0 1
1 0 0 2
1 0 0 3
1 0 0 3
1 0 0 3
1 0 0 3
1 0 0 4
1 0 0 4
1 0 0 4
1 0 0 4
1 0 0 4
1 0 0 5
1 0 0 5
1 0 0 5
1 0 0 5
1 0 0 5
1 0 0 5
1 0 0 5
1 0 0 5
1 0 0 5
1 0 0 5
1 0 0 4
1 0 0 4
1 0 0 4
1 0 0 4
1 0 0 4
1 0 0 3
1 0 0 3
1 0 0 3
1 0 0 3
1 0 0 3
1 0 0 3
1 0 0 2
1 0 0 2
1 0 0 2
1 0 0 2
1 0 0 6
1 0 0 7
1 0 0 7
1 0 0 7
1 0 0 7
1 0 0 7
1 0 0 7
1 0 0 7
1 0 0 7
1 0 0 7
1 0 0 7
1 0 0 6
1 0 0 6
1 0 0 6
1 0 0 6
1 0 0 6
1 0 0 8
1 0 0 8
1 0 0 8
1 0 0 8
1 0 0 8
1 0 0 8
1 0 0 8
1 0 0 8
1 0 0 8
1 0 0 8
1 0 0 6
1 0 0 9
1 0 0 9
1 0 0 9
1 0 0 9
1 0 0 9
1 0 0 9
1 0 0 9
1 0 0 9
1 0 0 9
1 0 0 9
1 0 0 6
1 0 0 6
1 0 0 6
1 0 0 2
1 0 0 2
1 0 0 2
1 0 0 2
1 0 0 2
1 0 0 10
1 0 0 10
1 0 0 11
1 0 0 11
1 0 0 11
1 0 0 11
1 0 0 11
1 0 0 11
1 0 0 11
1 0 0 11
1 0 0 11
1 0 0 11
1 0 0 12
1 0 0 12
1 0 0 12
1 0 0 12
1 0 0 12
1 0 0 12
1 0 0 12
1 0 0 12
1 0 0 12
1 0 0 12
1 0 0 13
1 0 0 13
1 0 0 13
1 0 0 13
1 0 0 13
1 0 0 13
1 0 0 13
1 0 0 13
1 0 0 14
1 0 0 14
1 0 0 14
1 0 0 14
1 0 0 14
1 0 0 14
1 0 0 14
1 0 0 14
1 0 0 14
1 0 0 14
1 0 0 13
1 0 0 13
1 0 0 15
1 0 0 15
1 0 0 15
1 0 0 15
1 0 0 15
1 0 0 15
1 0 0 15
1 0 0 15
1 0 0 15
1 0 0 15
1 0 0 16
1 0 0 16
1 0 0 17
1 0 0 17
1 0 0 17
1 0 0 17
1 0 0 18
1 0 0 18
1 0 0 18
1 0 0 18
1 0 0 18
1 0 0 18
1 0 0 18
1 0 0 18
1 0 0 18
1 0 0 18
1 0 0 17
1 0 0 17
1 0 0 17
1 0 0 17
1 0 0 19
1 0 0 19
1 0 0 19
1 0 0 19
1 0 0 19
1 0 0 19
1 0 0 19
1 0 0 19
1 0 0 19
1 0 0 19
1 0 0 17
1 0 0 17
1 0 0 16
1 0 0 16
1 0 0 16
1 0 0 20
1 0 0 20
1 0 0 20
1 0 0 20
1 0 0 20
1 0 0 20
1 0 0 20
1 0 0 20
1 0 0 20
1 0 0 20
1 0 0 21
1 0 0 21
1 0 0 21
1 0 0 21
1 0 0 21
1 0 0 21
1 0 0 21
1 0 0 21
1 0 0 21
1 0 0 21
1 0 0 16
1 0 0 16
1 0 0 22
1 0 0 22
1 0 0 22
1 0 0 23
1 0 0 23
1 0 0 23
1 0 0 23
1 0 0 23
1 0 0 23
1 0 0 23
1 0 0 23
1 0 0 23
1 0 0 23
1 0 0 24
1 0 0 24
1 0 0 24
1 0 0 24
1 0 0 24
1 0 0 24
1 0 0 24
1 0 0 24
1 0 0 24
1 0 0 24
1 0 0 22
1 0 0 22
1 0 0 22
1 0 0 22
1 0 0 25
1 0 0 25
1 0 0 25
1 0 0 25
1 0 0 25
1 0 0 25
1 0 0 25
1 0 0 25
1 0 0 25
1 0 0 25
1 0 0 22
1 0 0 26
1 0 0 26
1 0 0 26
1 0 0 26
1 0 0 26
1 0 0 26
1 0 0 26
1 0 0 26
1 0 0 26
1 0 0 26
1 0 0 27
1 0 0 27
1 0 0 27
1 0 0 27
1 0 0 27
1 0 0 27
1 0 0 27
1 0 0 27
1 0 0 27
1 0 0 27
1 0 0 22
1 0 0 22
1 0 0 16
1 0 0 16
1 0 0 16
1 0 0 10
1 0 0 10
1 0 0 10
1 0 0 10
1 0 0 10
1 0 0 10
1 0 0 10
1 0 0 28
1 0 0 28
1 0 0 28
1 0 0 28
1 0 0 28
1 0 0 28
1 0 0 28
1 0 0 28
1 0 0 28
1 0 0 28
1 0 0 10
1 0 0 29
1 0 0 29
1 0 0 29
1 0 0 29
1 0 0 29
1 0 0 29
1 0 0 29
1 0 0 29
1 0 0 29
1 0 0 29
1 0 0 1
1 0 0 1
1 0 0 1
1 0 0 30
1 0 0 31
1 0 0 31
1 0 0 31
1 0 0 31
1 0 0 32
1 0 0 32
1 0 0 32
1 0 0 32
1 0 0 32
1 0 0 32
1 0 0 32
1 0 0 32
1 0 0 32
1 0 0 32
1 0 0 33
1 0 0 33
1 0 0 33
1 0 0 33
1 0 0 33
1 0 0 33
1 0 0 33
1 0 0 34
1 0 0 34
1 0 0 34
1 0 0 34
1 0 0 34
1 0 0 34
1 0 0 34
1 0 0 34
1 0 0 34
1 0 0 34
1 0 0 35
1 0 0 36
1 0 0 36
1 0 0 36
1 0 0 36
1 0 0 36
1 0 0 36
1 0 0 36
1 0 0 36
1 0 0 36
1 0 0 36
1 0 0 35
1 0 0 37
1 0 0 37
1 0 0 37
1 0 0 37
1 0 0 37
1 0 0 37
1 0 0 37
1 0 0 37
1 0 0 37
1 0 0 37
1 0 0 35
1 0 0 35
1 0 0 38
1 0 0 38
1 0 0 38
1 0 0 38
1 0 0 38
1 0 0 38
1 0 0 38
1 0 0 38
1 0 0 38
1 0 0 38
1 0 0 35
1 0 0 35
1 0 0 35
1 0 0 35
1 0 0 39
1 0 0 39
1 0 0 39
1 0 0 39
1 0 0 39
1 0 0 39
1 0 0 39
1 0 0 39
1 0 0 39
1 0 0 39
1 0 0 35
1 0 0 35
1 0 0 40
1 0 0 40
1 0 0 40
1 0 0 40
1 0 0 40
1 0 0 40
1 0 0 41
1 0 0 41
1 0 0 41
1 0 0 41
1 0 0 41
1 0 0 41
1 0 0 41
1 0 0 41
1 0 0 41
1 0 0 41
1 0 0 42
1 0 0 42
1 0 0 42
1 0 0 42
1 0 0 42
1 0 0 42
1 0 0 42
1 0 0 42
1 0 0 42
1 0 0 42
1 0 0 40
1 0 0 40
1 0 0 40
1 0 0 40
1 0 0 33
1 0 0 33
1 0 0 33
1 0 0 43
1 0 0 43
1 0 0 44
1 0 0 44
1 0 0 44
1 0 0 44
1 0 0 44
1 0 0 44
1 0 0 44
1 0 0 44
1 0 0 44
1 0 0 44
1 0 0 43
1 0 0 43
1 0 0 43
1 0 0 1
1 0 0 1
1 0 0 1
1 0 0 1
1 0 0 31
1 0 0 31
1 0 0 31
1 0 0 43
1 0 0 43
1 0 0 43
1 0 0 43
1 0 0 43
1 0 0 31
1 0 0 31
1 0 0 31
1 0 0 30
1 0 0 30
1 0 0 30
1 0 0 30
1 0 0 30
1 0 0 30
1 0 0 30
1 0 0 30
1 0 0 30
1 0 0 1
1 0 0 45
1 0 0 45
1 0 0 45
1 0 0 45
1 0 0 45
1 0 0 45
1 0 0 45
1 0 0 45
1 0 0 45
1 0 0 45
0.1 4 5 -1
0.1 451 6 -1
0.1 10 11 -1
0.1 9 453 -1
0.1 8 454 -1
0.1 13 14 -1
0.1 15 16 -1
0.1 18 19 -1
0.1 17 458 -1
0.1 457 459 -1
0.1 456 460 -1
0.1 20 21 -1
0.1 462 22 -1
0.1 461 463 -1
0.1 12 464 -1
0.1 23 24 -1
0.1 465 466 -1
0.1 455 467 -1
0.1 468 25 -1
0.1 26 27 -1
0.1 469 470 -1
0.1 471 28 -1
0.1 7 472 -1
0.1 452 473 -1
0.1 31 32 -1
0.1 30 475 -1
0.1 29 476 -1
0.1 477 33 -1
0.1 474 478 -1
0.1 3 479 -1
0.1 35 36 -1
0.1 34 481 -1
0.1 39 40 -1
0.1 41 42 -1
0.1 483 484 -1
0.1 44 45 -1
0.1 43 486 -1
0.1 47 48 -1
0.1 46 488 -1
0.1 487 489 -1
0.1 485 490 -1
0.1 38 491 -1
0.1 50 51 -1
0.1 49 493 -1
0.1 492 494 -1
0.1 495 52 -1
0.1 54 55 -1
0.1 58 59 -1
0.1 57 498 -1
0.1 499 60 -1
0.1 500 61 -1
0.1 56 501 -1
0.1 62 63 -1
0.1 502 503 -1
0.1 497 504 -1
0.1 67 68 -1
0.1 506 69 -1
0.1 66 507 -1
0.1 65 508 -1
0.1 72 73 -1
0.1 71 510 -1
0.1 511 74 -1
0.1 70 512 -1
0.1 509 513 -1
0.1 514 75 -1
0.1 64 515 -1
0.1 76 77 -1
0.1 516 517 -1
0.1 505 518 -1
0.1 53 519 -1
0.1 496 520 -1
0.1 521 78 -1
0.1 37 522 -1
0.1 79 80 -1
0.1 81 82 -1
0.1 524 525 -1
0.1 523 526 -1
0.1 482 527 -1
0.1 480 528 -1
0.1 83 84 -1
0.1 85 86 -1
0.1 88 89 -1
0.1 91 92 -1
0.1 90 533 -1
0.1 532 534 -1
0.1 87 535 -1
0.1 93 94 -1
0.1 536 537 -1
0.1 531 538 -1
0.1 96 97 -1
0.1 540 98 -1
0.1 95 541 -1
0.1 99 100 -1
0.1 101 102 -1
0.1 544 103 -1
0.1 545 104 -1
0.1 543 546 -1
0.1 542 547 -1
0.1 106 107 -1
0.1 105 549 -1
0.1 550 108 -1
0.1 109 110 -1
0.1 111 112 -1
0.1 552 553 -1
0.1 114 115 -1
0.1 113 555 -1
0.1 117 118 -1
0.1 557 119 -1
0.1 116 558 -1
0.1 121 122 -1
0.1 120 560 -1
0.1 559 561 -1
0.1 556 562 -1
0.1 554 563 -1
0.1 551 564 -1
0.1 123 124 -1
0.1 565 566 -1
0.1 548 567 -1
0.1 539 568 -1
0.1 125 126 -1
0.1 127 128 -1
0.1 570 571 -1
0.1 129 130 -1
0.1 133 134 -1
0.1 132 574 -1
0.1 131 575 -1
0.1 573 576 -1
0.1 572 577 -1
0.1 135 136 -1
0.1 137 138 -1
0.1 142 143 -1
0.1 141 581 -1
0.1 144 145 -1
0.1 582 583 -1
0.1 146 147 -1
0.1 149 150 -1
0.1 148 586 -1
0.1 585 587 -1
0.1 584 588 -1
0.1 589 151 -1
0.1 152 153 -1
0.1 590 591 -1
0.1 140 592 -1
0.1 156 157 -1
0.1 160 161 -1
0.1 595 162 -1
0.1 159 596 -1
0.1 163 164 -1
0.1 597 598 -1
0.1 158 599 -1
0.1 594 600 -1
0.1 155 601 -1
0.1 154 602 -1
0.1 165 166 -1
0.1 603 604 -1
0.1 593 605 -1
0.1 139 606 -1
0.1 580 607 -1
0.1 608 167 -1
0.1 609 168 -1
0.1 172 173 -1
0.1 171 611 -1
0.1 170 612 -1
0.1 174 175 -1
0.1 614 176 -1
0.1 177 178 -1
0.1 615 616 -1
0.1 613 617 -1
0.1 618 179 -1
0.1 169 619 -1
0.1 610 620 -1
0.1 180 181 -1
0.1 182 183 -1
0.1 184 185 -1
0.1 623 624 -1
0.1 187 188 -1
0.1 186 626 -1
0.1 627 189 -1
0.1 625 628 -1
0.1 622 629 -1
0.1 630 190 -1
0.1 621 631 -1
0.1 193 194 -1
0.1 195 196 -1
0.1 198 199 -1
0.1 197 635 -1
0.1 200 201 -1
0.1 636 637 -1
0.1 634 638 -1
0.1 202 203 -1
0.1 640 204 -1
0.1 639 641 -1
0.1 633 642 -1
0.1 192 643 -1
0.1 207 208 -1
0.1 210 211 -1
0.1 209 646 -1
0.1 645 647 -1
0.1 206 648 -1
0.1 205 649 -1
0.1 213 214 -1
0.1 212 651 -1
0.1 650 652 -1
0.1 653 215 -1
0.1 217 218 -1
0.1 216 655 -1
0.1 654 656 -1
0.1 219 220 -1
0.1 221 222 -1
0.1 225 226 -1
0.1 224 660 -1
0.1 223 661 -1
0.1 659 662 -1
0.1 227 228 -1
0.1 663 664 -1
0.1 658 665 -1
0.1 233 234 -1
0.1 232 667 -1
0.1 231 668 -1
0.1 230 669 -1
0.1 235 236 -1
0.1 238 239 -1
0.1 237 672 -1
0.1 671 673 -1
0.1 670 674 -1
0.1 242 243 -1
0.1 246 247 -1
0.1 245 677 -1
0.1 244 678 -1
0.1 676 679 -1
0.1 248 249 -1
0.1 680 681 -1
0.1 241 682 -1
0.1 240 683 -1
0.1 675 684 -1
0.1 229 685 -1
0.1 686 250 -1
0.1 666 687 -1
0.1 657 688 -1
0.1 644 689 -1
0.1 690 251 -1
0.1 191 691 -1
0.1 252 253 -1
0.1 693 254 -1
0.1 692 694 -1
0.1 632 695 -1
0.1 579 696 -1
0.1 578 697 -1
0.1 569 698 -1
0.1 255 256 -1
0.1 699 700 -1
0.1 257 258 -1
0.1 701 702 -1
0.1 530 703 -1
0.1 260 261 -1
0.1 263 264 -1
0.1 706 265 -1
0.1 262 707 -1
0.1 266 267 -1
0.1 270 271 -1
0.1 269 710 -1
0.1 268 711 -1
0.1 709 712 -1
0.1 708 713 -1
0.1 705 714 -1
0.1 715 272 -1
0.1 259 716 -1
0.1 704 717 -1
0.1 276 277 -1
0.1 275 719 -1
0.1 274 720 -1
0.1 273 721 -1
0.1 279 280 -1
0.1 278 723 -1
0.1 281 282 -1
0.1 724 725 -1
0.1 722 726 -1
0.1 718 727 -1
0.1 529 728 -1
0.1 2 729 -1
0.1 283 284 -1
0.1 730 731 -1
0.1 1 732 -1
0.1 733 285 -1
0.1 288 289 -1
0.1 287 735 -1
0.1 292 293 -1
0.1 294 295 -1
0.1 738 296 -1
0.1 298 299 -1
0.1 297 740 -1
0.1 739 741 -1
0.1 742 300 -1
0.1 737 743 -1
0.1 291 744 -1
0.1 290 745 -1
0.1 736 746 -1
0.1 301 302 -1
0.1 748 303 -1
0.1 304 305 -1
0.1 750 306 -1
0.1 309 310 -1
0.1 312 313 -1
0.1 311 753 -1
0.1 752 754 -1
0.1 308 755 -1
0.1 756 314 -1
0.1 315 316 -1
0.1 758 317 -1
0.1 757 759 -1
0.1 320 321 -1
0.1 324 325 -1
0.1 323 762 -1
0.1 322 763 -1
0.1 761 764 -1
0.1 327 328 -1
0.1 326 766 -1
0.1 765 767 -1
0.1 319 768 -1
0.1 318 769 -1
0.1 330 331 -1
0.1 333 334 -1
0.1 332 772 -1
0.1 337 338 -1
0.1 336 774 -1
0.1 335 775 -1
0.1 773 776 -1
0.1 771 777 -1
0.1 778 339 -1
0.1 329 779 -1
0.1 770 780 -1
0.1 342 343 -1
0.1 344 345 -1
0.1 347 348 -1
0.1 346 784 -1
0.1 785 349 -1
0.1 783 786 -1
0.1 782 787 -1
0.1 350 351 -1
0.1 788 789 -1
0.1 341 790 -1
0.1 340 791 -1
0.1 352 353 -1
0.1 792 793 -1
0.1 354 355 -1
0.1 359 360 -1
0.1 358 796 -1
0.1 361 362 -1
0.1 798 363 -1
0.1 364 365 -1
0.1 799 800 -1
0.1 797 801 -1
0.1 357 802 -1
0.1 356 803 -1
0.1 795 804 -1
0.1 794 805 -1
0.1 366 367 -1
0.1 806 807 -1
0.1 781 808 -1
0.1 368 369 -1
0.1 809 810 -1
0.1 370 371 -1
0.1 812 372 -1
0.1 376 377 -1
0.1 375 814 -1
0.1 374 815 -1
0.1 378 379 -1
0.1 381 382 -1
0.1 380 818 -1
0.1 817 819 -1
0.1 820 383 -1
0.1 816 821 -1
0.1 373 822 -1
0.1 384 385 -1
0.1 389 390 -1
0.1 388 825 -1
0.1 387 826 -1
0.1 391 392 -1
0.1 827 828 -1
0.1 386 829 -1
0.1 830 393 -1
0.1 824 831 -1
0.1 394 395 -1
0.1 396 397 -1
0.1 833 834 -1
0.1 832 835 -1
0.1 823 836 -1
0.1 813 837 -1
0.1 811 838 -1
0.1 760 839 -1
0.1 307 840 -1
0.1 751 841 -1
0.1 398 399 -1
0.1 842 843 -1
0.1 749 844 -1
0.1 845 400 -1
0.1 405 406 -1
0.1 408 409 -1
0.1 407 848 -1
0.1 847 849 -1
0.1 404 850 -1
0.1 411 412 -1
0.1 410 852 -1
0.1 851 853 -1
0.1 403 854 -1
0.1 402 855 -1
0.1 413 414 -1
0.1 856 857 -1
0.1 401 858 -1
0.1 859 415 -1
0.1 846 860 -1
0.1 418 419 -1
0.1 417 862 -1
0.1 416 863 -1
0.1 421 422 -1
0.1 420 865 -1
0.1 864 866 -1
0.1 867 423 -1
0.1 861 868 -1
0.1 425 426 -1
0.1 424 870 -1
0.1 871 427 -1
0.1 869 872 -1
0.1 747 873 -1
0.1 428 429 -1
0.1 875 430 -1
0.1 432 433 -1
0.1 431 877 -1
0.1 878 434 -1
0.1 436 437 -1
0.1 435 880 -1
0.1 879 881 -1
0.1 882 438 -1
0.1 876 883 -1
0.1 874 884 -1
0.1 885 439 -1
0.1 286 886 -1
0.1 442 443 -1
0.1 441 888 -1
0.1 444 445 -1
0.1 890 446 -1
0.1 448 449 -1
0.1 892 450 -1
0.1 447 893 -1
0.1 891 894 -1
0.1 889 895 -1
0.1 440 896 -1
0.1 887 897 -1
0.1 734 898 -1
