1 0 0 1
1 0 0 1
1 0 0 1
1 0 0 1
1 0 0 2
1 0 0 2
1 0 0 3
1 0 0 3
1 0 0 3
1 0 0 3
1 0 0 3
1 0 0 4
1 0 0 5
1 0 0 5
1 0 0 5
1 0 0 5
1 0 0 5
1 0 0 2
1 0 0 6
1 0 0 6
1 0 0 6
1 0 0 6
1 0 0 6
1 0 0 7
1 0 0 7
1 0 0 7
1 0 0 7
1 0 0 7
1 0 0 8
1 0 0 8
1 0 0 8
1 0 0 8
1 0 0 8
1 0 0 4
1 0 0 9
1 0 0 9
1 0 0 9
1 0 0 9
1 0 0 9
1 0 0 4
1 0 0 4
1 0 0 4
1 0 0 2
1 0 0 10
1 0 0 10
1 0 0 10
1 0 0 10
1 0 0 10
1 0 0 2
1 0 0 11
1 0 0 11
1 0 0 11
1 0 0 11
1 0 0 11
1 0 0 12
1 0 0 13
1 0 0 13
1 0 0 13
1 0 0 14
1 0 0 14
1 0 0 14
1 0 0 14
1 0 0 14
1 0 0 13
1 0 0 13
1 0 0 12
1 0 0 12
1 0 0 12
1 0 0 12
1 0 0 15
1 0 0 15
1 0 0 15
1 0 0 15
1 0 0 15
1 0 0 1
1 0 0 16
1 0 0 16
1 0 0 16
1 0 0 16
1 0 0 16
1 0 0 17
1 0 0 17
1 0 0 17
1 0 0 17
1 0 0 17
0.1 3 4 -1
0.1 2 86 -1
0.1 5 6 -1
0.1 8 9 -1
0.1 10 11 -1
0.1 89 90 -1
0.1 7 91 -1
0.1 14 15 -1
0.1 16 17 -1
0.1 93 94 -1
0.1 13 95 -1
0.1 12 96 -1
0.1 92 97 -1
0.1 20 21 -1
0.1 99 22 -1
0.1 19 100 -1
0.1 101 23 -1
0.1 24 25 -1
0.1 27 28 -1
0.1 26 104 -1
0.1 103 105 -1
0.1 102 106 -1
0.1 18 107 -1
0.1 98 108 -1
0.1 32 33 -1
0.1 31 110 -1
0.1 30 111 -1
0.1 29 112 -1
0.1 35 36 -1
0.1 37 38 -1
0.1 115 39 -1
0.1 114 116 -1
0.1 117 40 -1
0.1 34 118 -1
0.1 113 119 -1
0.1 41 42 -1
0.1 120 121 -1
0.1 109 122 -1
0.1 44 45 -1
0.1 47 48 -1
0.1 46 125 -1
0.1 124 126 -1
0.1 43 127 -1
0.1 123 128 -1
0.1 88 129 -1
0.1 87 130 -1
0.1 131 49 -1
0.1 1 132 -1
0.1 52 53 -1
0.1 51 134 -1
0.1 56 57 -1
0.1 55 136 -1
0.1 59 60 -1
0.1 138 61 -1
0.1 62 63 -1
0.1 139 140 -1
0.1 58 141 -1
0.1 64 65 -1
0.1 68 69 -1
0.1 67 144 -1
0.1 66 145 -1
0.1 143 146 -1
0.1 142 147 -1
0.1 137 148 -1
0.1 54 149 -1
0.1 135 150 -1
0.1 50 151 -1
0.1 70 71 -1
0.1 153 72 -1
0.1 154 73 -1
0.1 155 74 -1
0.1 152 156 -1
0.1 157 75 -1
0.1 79 80 -1
0.1 78 159 -1
0.1 77 160 -1
0.1 76 161 -1
0.1 158 162 -1
0.1 82 83 -1
0.1 84 85 -1
0.1 164 165 -1
0.1 81 166 -1
0.1 163 167 -1
0.1 133 168 -1
