1 0 0 1
1 0 0 1
1 0 0 2
1 0 0 3
1 0 0 3
1 0 0 3
1 0 0 3
1 0 0 3
1 0 0 3
1 0 0 3
1 0 0 3
1 0 0 3
1 0 0 3
1 0 0 4
1 0 0 4
1 0 0 4
1 0 0 4
1 0 0 4
1 0 0 4
1 0 0 4
1 0 0 4
1 0 0 4
1 0 0 4
1 0 0 5
1 0 0 5
1 0 0 6
1 0 0 6
1 0 0 6
1 0 0 6
1 0 0 6
1 0 0 7
1 0 0 7
1 0 0 7
1 0 0 7
1 0 0 7
1 0 0 7
1 0 0 7
1 0 0 7
1 0 0 7
1 0 0 7
1 0 0 6
1 0 0 6
1 0 0 6
1 0 0 6
1 0 0 6
1 0 0 5
1 0 0 5
1 0 0 5
1 0 0 5
1 0 0 8
1 0 0 8
1 0 0 8
1 0 0 8
1 0 0 8
1 0 0 8
1 0 0 8
1 0 0 8
1 0 0 8
1 0 0 8
1 0 0 5
1 0 0 5
1 0 0 9
1 0 0 10
1 0 0 10
1 0 0 10
1 0 0 10
1 0 0 10
1 0 0 10
1 0 0 10
1 0 0 10
1 0 0 10
1 0 0 10
1 0 0 9
1 0 0 9
1 0 0 9
1 0 0 9
1 0 0 11
1 0 0 11
1 0 0 11
1 0 0 11
1 0 0 11
1 0 0 11
1 0 0 11
1 0 0 11
1 0 0 11
1 0 0 11
1 0 0 9
1 0 0 9
1 0 0 9
1 0 0 9
1 0 0 9
1 0 0 5
1 0 0 5
1 0 0 12
1 0 0 12
1 0 0 12
1 0 0 12
1 0 0 12
1 0 0 12
1 0 0 12
1 0 0 12
1 0 0 12
1 0 0 12
1 0 0 13
1 0 0 13
1 0 0 13
1 0 0 13
1 0 0 13
1 0 0 13
1 0 0 13
1 0 0 13
1 0 0 14
1 0 0 14
1 0 0 13
1 0 0 13
1 0 0 15
1 0 0 15
1 0 0 15
1 0 0 15
1 0 0 14
1 0 0 14
1 0 0 14
1 0 0 14
1 0 0 15
1 0 0 15
1 0 0 15
1 0 0 16
1 0 0 16
1 0 0 16
1 0 0 16
1 0 0 15
1 0 0 2
1 0 0 17
1 0 0 17
1 0 0 17
1 0 0 17
1 0 0 17
1 0 0 17
1 0 0 17
1 0 0 18
1 0 0 18
1 0 0 18
1 0 0 18
1 0 0 18
1 0 0 18
1 0 0 18
1 0 0 18
1 0 0 18
1 0 0 18
1 0 0 17
1 0 0 17
1 0 0 17
1 0 0 1
1 0 0 1
1 0 0 2
1 0 0 19
1 0 0 19
1 0 0 19
1 0 0 19
1 0 0 19
1 0 0 19
1 0 0 19
1 0 0 19
1 0 0 2
1 0 0 20
1 0 0 20
1 0 0 20
1 0 0 21
1 0 0 21
1 0 0 21
1 0 0 21
1 0 0 21
1 0 0 21
1 0 0 21
1 0 0 20
1 0 0 20
1 0 0 20
1 0 0 20
1 0 0 20
1 0 0 20
1 0 0 20
1 0 0 21
1 0 0 21
1 0 0 21
1 0 0 19
1 0 0 19
1 0 0 2
1 0 0 16
1 0 0 16
1 0 0 16
1 0 0 16
1 0 0 16
1 0 0 16
1 0 0 15
1 0 0 15
1 0 0 22
1 0 0 22
1 0 0 22
1 0 0 22
1 0 0 22
1 0 0 22
1 0 0 22
1 0 0 22
1 0 0 22
1 0 0 22
1 0 0 2
1 0 0 23
1 0 0 23
1 0 0 23
1 0 0 23
1 0 0 23
1 0 0 23
1 0 0 23
1 0 0 23
1 0 0 23
1 0 0 2
1 0 0 2
1 0 0 23
1 0 0 2
1 0 0 2
1 0 0 24
1 0 0 24
1 0 0 24
1 0 0 25
1 0 0 25
1 0 0 25
1 0 0 25
1 0 0 25
1 0 0 25
1 0 0 25
1 0 0 26
1 0 0 26
1 0 0 26
1 0 0 27
1 0 0 27
1 0 0 27
1 0 0 27
1 0 0 27
1 0 0 27
1 0 0 27
1 0 0 27
1 0 0 27
1 0 0 27
1 0 0 26
1 0 0 26
1 0 0 28
1 0 0 28
1 0 0 28
1 0 0 28
1 0 0 28
1 0 0 28
1 0 0 28
1 0 0 28
1 0 0 28
1 0 0 28
1 0 0 26
1 0 0 26
1 0 0 26
1 0 0 26
1 0 0 29
1 0 0 29
1 0 0 29
1 0 0 29
1 0 0 29
1 0 0 29
1 0 0 29
1 0 0 29
1 0 0 29
1 0 0 29
1 0 0 24
1 0 0 24
1 0 0 24
1 0 0 24
1 0 0 25
1 0 0 26
1 0 0 24
1 0 0 24
1 0 0 24
1 0 0 30
1 0 0 1
1 0 0 30
1 0 0 14
1 0 0 25
1 0 0 25
1 0 0 30
1 0 0 30
1 0 0 30
1 0 0 30
1 0 0 30
1 0 0 30
1 0 0 30
1 0 0 30
1 0 0 31
1 0 0 31
1 0 0 32
1 0 0 32
1 0 0 31
1 0 0 32
1 0 0 32
1 0 0 33
1 0 0 33
1 0 0 33
1 0 0 33
1 0 0 33
1 0 0 33
1 0 0 33
1 0 0 33
1 0 0 33
1 0 0 33
1 0 0 32
1 0 0 32
1 0 0 32
1 0 0 32
1 0 0 32
1 0 0 32
1 0 0 34
1 0 0 34
1 0 0 34
1 0 0 34
1 0 0 34
1 0 0 34
1 0 0 31
1 0 0 31
1 0 0 34
1 0 0 31
1 0 0 31
1 0 0 31
1 0 0 31
1 0 0 31
1 0 0 14
1 0 0 14
1 0 0 14
1 0 0 34
1 0 0 34
1 0 0 34
1 0 0 1
1 0 0 1
1 0 0 1
1 0 0 1
1 0 0 1
1 0 0 35
1 0 0 35
1 0 0 35
1 0 0 35
1 0 0 36
1 0 0 36
1 0 0 36
1 0 0 36
1 0 0 35
1 0 0 35
1 0 0 36
1 0 0 37
1 0 0 38
1 0 0 38
1 0 0 38
1 0 0 38
1 0 0 38
1 0 0 37
1 0 0 39
1 0 0 39
1 0 0 39
1 0 0 39
1 0 0 39
1 0 0 36
1 0 0 40
1 0 0 40
1 0 0 40
1 0 0 40
1 0 0 40
1 0 0 40
1 0 0 40
1 0 0 40
1 0 0 40
1 0 0 40
1 0 0 39
1 0 0 39
1 0 0 37
1 0 0 37
1 0 0 37
1 0 0 37
1 0 0 37
1 0 0 38
1 0 0 37
1 0 0 39
1 0 0 37
1 0 0 37
1 0 0 38
1 0 0 38
1 0 0 38
1 0 0 41
1 0 0 41
1 0 0 41
1 0 0 38
1 0 0 41
1 0 0 41
1 0 0 41
1 0 0 41
1 0 0 41
1 0 0 41
1 0 0 41
1 0 0 39
1 0 0 39
1 0 0 36
1 0 0 35
1 0 0 35
1 0 0 42
1 0 0 42
1 0 0 42
1 0 0 42
1 0 0 42
1 0 0 42
1 0 0 42
1 0 0 42
1 0 0 42
1 0 0 43
1 0 0 43
1 0 0 43
1 0 0 43
1 0 0 43
1 0 0 43
1 0 0 43
1 0 0 43
1 0 0 43
1 0 0 43
1 0 0 44
1 0 0 44
1 0 0 44
1 0 0 44
1 0 0 44
1 0 0 44
1 0 0 44
1 0 0 44
1 0 0 44
1 0 0 44
1 0 0 42
1 0 0 36
1 0 0 45
1 0 0 45
1 0 0 45
1 0 0 45
1 0 0 45
1 0 0 45
1 0 0 45
1 0 0 45
1 0 0 45
1 0 0 45
1 0 0 46
1 0 0 46
1 0 0 46
1 0 0 46
1 0 0 46
1 0 0 46
1 0 0 46
1 0 0 46
1 0 0 46
1 0 0 46
1 0 0 36
1 0 0 36
1 0 0 35
1 0 0 35
0.1 1 2 -1
0.1 6 7 -1
0.1 5 462 -1
0.1 9 10 -1
0.1 12 13 -1
0.1 11 465 -1
0.1 464 466 -1
0.1 8 467 -1
0.1 463 468 -1
0.1 4 469 -1
0.1 15 16 -1
0.1 14 471 -1
0.1 472 17 -1
0.1 21 22 -1
0.1 474 23 -1
0.1 20 475 -1
0.1 19 476 -1
0.1 18 477 -1
0.1 473 478 -1
0.1 24 25 -1
0.1 27 28 -1
0.1 29 30 -1
0.1 481 482 -1
0.1 32 33 -1
0.1 35 36 -1
0.1 34 485 -1
0.1 486 37 -1
0.1 484 487 -1
0.1 31 488 -1
0.1 38 39 -1
0.1 489 490 -1
0.1 491 40 -1
0.1 492 41 -1
0.1 493 42 -1
0.1 483 494 -1
0.1 43 44 -1
0.1 495 496 -1
0.1 497 45 -1
0.1 26 498 -1
0.1 499 46 -1
0.1 47 48 -1
0.1 500 501 -1
0.1 480 502 -1
0.1 479 503 -1
0.1 54 55 -1
0.1 53 505 -1
0.1 52 506 -1
0.1 507 56 -1
0.1 57 58 -1
0.1 508 509 -1
0.1 510 59 -1
0.1 51 511 -1
0.1 50 512 -1
0.1 49 513 -1
0.1 504 514 -1
0.1 67 68 -1
0.1 69 70 -1
0.1 71 72 -1
0.1 517 518 -1
0.1 516 519 -1
0.1 66 520 -1
0.1 65 521 -1
0.1 64 522 -1
0.1 63 523 -1
0.1 524 73 -1
0.1 74 75 -1
0.1 525 526 -1
0.1 62 527 -1
0.1 79 80 -1
0.1 81 82 -1
0.1 529 530 -1
0.1 78 531 -1
0.1 532 83 -1
0.1 84 85 -1
0.1 534 86 -1
0.1 533 535 -1
0.1 77 536 -1
0.1 87 88 -1
0.1 537 538 -1
0.1 539 89 -1
0.1 76 540 -1
0.1 541 90 -1
0.1 542 91 -1
0.1 528 543 -1
0.1 61 544 -1
0.1 92 93 -1
0.1 545 546 -1
0.1 60 547 -1
0.1 95 96 -1
0.1 98 99 -1
0.1 97 550 -1
0.1 100 101 -1
0.1 551 552 -1
0.1 102 103 -1
0.1 553 554 -1
0.1 549 555 -1
0.1 94 556 -1
0.1 548 557 -1
0.1 515 558 -1
0.1 470 559 -1
0.1 3 560 -1
0.1 461 561 -1
0.1 105 106 -1
0.1 104 563 -1
0.1 109 110 -1
0.1 108 565 -1
0.1 107 566 -1
0.1 112 113 -1
0.1 568 114 -1
0.1 569 115 -1
0.1 111 570 -1
0.1 567 571 -1
0.1 564 572 -1
0.1 562 573 -1
0.1 117 118 -1
0.1 116 575 -1
0.1 120 121 -1
0.1 122 123 -1
0.1 577 578 -1
0.1 579 124 -1
0.1 125 126 -1
0.1 580 581 -1
0.1 119 582 -1
0.1 576 583 -1
0.1 574 584 -1
0.1 127 128 -1
0.1 586 129 -1
0.1 587 130 -1
0.1 134 135 -1
0.1 133 589 -1
0.1 136 137 -1
0.1 591 138 -1
0.1 592 139 -1
0.1 140 141 -1
0.1 594 142 -1
0.1 595 143 -1
0.1 144 145 -1
0.1 596 597 -1
0.1 598 146 -1
0.1 147 148 -1
0.1 600 149 -1
0.1 599 601 -1
0.1 593 602 -1
0.1 603 150 -1
0.1 590 604 -1
0.1 151 152 -1
0.1 153 154 -1
0.1 606 607 -1
0.1 605 608 -1
0.1 156 157 -1
0.1 159 160 -1
0.1 162 163 -1
0.1 161 612 -1
0.1 611 613 -1
0.1 158 614 -1
0.1 610 615 -1
0.1 169 170 -1
0.1 171 172 -1
0.1 617 618 -1
0.1 168 619 -1
0.1 173 174 -1
0.1 620 621 -1
0.1 167 622 -1
0.1 623 175 -1
0.1 176 177 -1
0.1 178 179 -1
0.1 625 626 -1
0.1 624 627 -1
0.1 180 181 -1
0.1 628 629 -1
0.1 166 630 -1
0.1 165 631 -1
0.1 183 184 -1
0.1 182 633 -1
0.1 632 634 -1
0.1 164 635 -1
0.1 616 636 -1
0.1 185 186 -1
0.1 637 638 -1
0.1 155 639 -1
0.1 609 640 -1
0.1 132 641 -1
0.1 642 187 -1
0.1 131 643 -1
0.1 188 189 -1
0.1 190 191 -1
0.1 646 192 -1
0.1 645 647 -1
0.1 193 194 -1
0.1 648 649 -1
0.1 644 650 -1
0.1 651 195 -1
0.1 588 652 -1
0.1 197 198 -1
0.1 196 654 -1
0.1 655 199 -1
0.1 656 200 -1
0.1 657 201 -1
0.1 202 203 -1
0.1 204 205 -1
0.1 659 660 -1
0.1 658 661 -1
0.1 653 662 -1
0.1 585 663 -1
0.1 208 209 -1
0.1 665 210 -1
0.1 207 666 -1
0.1 667 211 -1
0.1 213 214 -1
0.1 212 669 -1
0.1 668 670 -1
0.1 216 217 -1
0.1 215 672 -1
0.1 671 673 -1
0.1 674 218 -1
0.1 206 675 -1
0.1 676 219 -1
0.1 677 220 -1
0.1 664 678 -1
0.1 221 222 -1
0.1 224 225 -1
0.1 226 227 -1
0.1 682 228 -1
0.1 681 683 -1
0.1 229 230 -1
0.1 233 234 -1
0.1 236 237 -1
0.1 235 687 -1
0.1 238 239 -1
0.1 688 689 -1
0.1 241 242 -1
0.1 691 243 -1
0.1 240 692 -1
0.1 690 693 -1
0.1 686 694 -1
0.1 232 695 -1
0.1 696 244 -1
0.1 231 697 -1
0.1 245 246 -1
0.1 699 247 -1
0.1 248 249 -1
0.1 700 701 -1
0.1 250 251 -1
0.1 253 254 -1
0.1 704 255 -1
0.1 252 705 -1
0.1 703 706 -1
0.1 702 707 -1
0.1 698 708 -1
0.1 256 257 -1
0.1 710 258 -1
0.1 711 259 -1
0.1 709 712 -1
0.1 260 261 -1
0.1 263 264 -1
0.1 265 266 -1
0.1 267 268 -1
0.1 717 269 -1
0.1 716 718 -1
0.1 715 719 -1
0.1 262 720 -1
0.1 714 721 -1
0.1 722 270 -1
0.1 713 723 -1
0.1 685 724 -1
0.1 272 273 -1
0.1 271 726 -1
0.1 725 727 -1
0.1 684 728 -1
0.1 223 729 -1
0.1 274 275 -1
0.1 731 276 -1
0.1 730 732 -1
0.1 733 277 -1
0.1 680 734 -1
0.1 735 278 -1
0.1 280 281 -1
0.1 279 737 -1
0.1 736 738 -1
0.1 283 284 -1
0.1 282 740 -1
0.1 739 741 -1
0.1 286 287 -1
0.1 285 743 -1
0.1 288 289 -1
0.1 744 745 -1
0.1 742 746 -1
0.1 747 290 -1
0.1 748 291 -1
0.1 749 292 -1
0.1 679 750 -1
0.1 295 296 -1
0.1 303 304 -1
0.1 302 753 -1
0.1 301 754 -1
0.1 305 306 -1
0.1 756 307 -1
0.1 308 309 -1
0.1 757 758 -1
0.1 755 759 -1
0.1 300 760 -1
0.1 299 761 -1
0.1 298 762 -1
0.1 763 310 -1
0.1 311 312 -1
0.1 764 765 -1
0.1 766 313 -1
0.1 314 315 -1
0.1 767 768 -1
0.1 297 769 -1
0.1 752 770 -1
0.1 294 771 -1
0.1 316 317 -1
0.1 318 319 -1
0.1 774 320 -1
0.1 775 321 -1
0.1 773 776 -1
0.1 322 323 -1
0.1 777 778 -1
0.1 324 325 -1
0.1 326 327 -1
0.1 780 781 -1
0.1 779 782 -1
0.1 783 328 -1
0.1 772 784 -1
0.1 785 329 -1
0.1 293 786 -1
0.1 330 331 -1
0.1 788 332 -1
0.1 333 334 -1
0.1 789 790 -1
0.1 791 335 -1
0.1 336 337 -1
0.1 339 340 -1
0.1 338 794 -1
0.1 793 795 -1
0.1 792 796 -1
0.1 787 797 -1
0.1 341 342 -1
0.1 799 343 -1
0.1 800 344 -1
0.1 345 346 -1
0.1 347 348 -1
0.1 802 803 -1
0.1 801 804 -1
0.1 349 350 -1
0.1 353 354 -1
0.1 356 357 -1
0.1 355 808 -1
0.1 807 809 -1
0.1 362 363 -1
0.1 361 811 -1
0.1 360 812 -1
0.1 359 813 -1
0.1 365 366 -1
0.1 368 369 -1
0.1 367 816 -1
0.1 370 371 -1
0.1 373 374 -1
0.1 372 819 -1
0.1 818 820 -1
0.1 817 821 -1
0.1 815 822 -1
0.1 364 823 -1
0.1 375 376 -1
0.1 824 825 -1
0.1 814 826 -1
0.1 827 377 -1
0.1 358 828 -1
0.1 379 380 -1
0.1 382 383 -1
0.1 381 831 -1
0.1 384 385 -1
0.1 832 833 -1
0.1 830 834 -1
0.1 378 835 -1
0.1 836 386 -1
0.1 829 837 -1
0.1 810 838 -1
0.1 839 387 -1
0.1 352 840 -1
0.1 388 389 -1
0.1 391 392 -1
0.1 390 843 -1
0.1 393 394 -1
0.1 395 396 -1
0.1 845 846 -1
0.1 844 847 -1
0.1 848 397 -1
0.1 398 399 -1
0.1 850 400 -1
0.1 849 851 -1
0.1 842 852 -1
0.1 401 402 -1
0.1 853 854 -1
0.1 841 855 -1
0.1 351 856 -1
0.1 857 403 -1
0.1 858 404 -1
0.1 859 405 -1
0.1 806 860 -1
0.1 406 407 -1
0.1 862 408 -1
0.1 409 410 -1
0.1 864 411 -1
0.1 413 414 -1
0.1 412 866 -1
0.1 865 867 -1
0.1 417 418 -1
0.1 416 869 -1
0.1 415 870 -1
0.1 420 421 -1
0.1 423 424 -1
0.1 422 873 -1
0.1 872 874 -1
0.1 419 875 -1
0.1 871 876 -1
0.1 425 426 -1
0.1 429 430 -1
0.1 428 879 -1
0.1 427 880 -1
0.1 433 434 -1
0.1 432 882 -1
0.1 431 883 -1
0.1 881 884 -1
0.1 878 885 -1
0.1 886 435 -1
0.1 877 887 -1
0.1 868 888 -1
0.1 863 889 -1
0.1 437 438 -1
0.1 891 439 -1
0.1 441 442 -1
0.1 440 893 -1
0.1 443 444 -1
0.1 895 445 -1
0.1 894 896 -1
0.1 892 897 -1
0.1 898 446 -1
0.1 447 448 -1
0.1 449 450 -1
0.1 900 901 -1
0.1 452 453 -1
0.1 451 903 -1
0.1 455 456 -1
0.1 454 905 -1
0.1 904 906 -1
0.1 902 907 -1
0.1 899 908 -1
0.1 909 457 -1
0.1 436 910 -1
0.1 890 911 -1
0.1 861 912 -1
0.1 805 913 -1
0.1 458 459 -1
0.1 915 460 -1
0.1 914 916 -1
0.1 798 917 -1
0.1 751 918 -1
