1 0 0 1
1 0 0 1
1 0 0 2
1 0 0 2
1 0 0 2
1 0 0 2
1 0 0 2
1 0 0 2
1 0 0 2
1 0 0 2
1 0 0 2
1 0 0 2
1 0 0 2
1 0 0 2
1 0 0 2
1 0 0 2
1 0 0 2
1 0 0 2
1 0 0 2
1 0 0 2
1 0 0 2
1 0 0 2
1 0 0 3
1 0 0 3
1 0 0 4
1 0 0 4
1 0 0 4
1 0 0 4
1 0 0 5
1 0 0 5
1 0 0 5
1 0 0 5
1 0 0 5
1 0 0 5
1 0 0 5
1 0 0 5
1 0 0 5
1 0 0 5
1 0 0 5
1 0 0 5
1 0 0 5
1 0 0 5
1 0 0 5
1 0 0 5
1 0 0 5
1 0 0 5
1 0 0 5
1 0 0 5
1 0 0 4
1 0 0 4
1 0 0 4
1 0 0 4
1 0 0 4
1 0 0 4
1 0 0 4
1 0 0 4
1 0 0 4
1 0 0 4
1 0 0 6
1 0 0 6
1 0 0 6
1 0 0 6
1 0 0 6
1 0 0 6
1 0 0 6
1 0 0 6
1 0 0 6
1 0 0 6
1 0 0 6
1 0 0 6
1 0 0 6
1 0 0 6
1 0 0 6
1 0 0 6
1 0 0 6
1 0 0 6
1 0 0 6
1 0 0 6
1 0 0 4
1 0 0 4
1 0 0 4
1 0 0 7
1 0 0 7
1 0 0 7
1 0 0 7
1 0 0 7
1 0 0 7
1 0 0 7
1 0 0 7
1 0 0 7
1 0 0 7
1 0 0 7
1 0 0 7
1 0 0 7
1 0 0 7
1 0 0 7
1 0 0 7
1 0 0 7
1 0 0 7
1 0 0 7
1 0 0 7
1 0 0 4
1 0 0 4
1 0 0 4
1 0 0 3
1 0 0 3
1 0 0 3
1 0 0 3
1 0 0 3
1 0 0 3
1 0 0 3
1 0 0 8
1 0 0 8
1 0 0 8
1 0 0 8
1 0 0 8
1 0 0 8
1 0 0 8
1 0 0 8
1 0 0 8
1 0 0 8
1 0 0 8
1 0 0 8
1 0 0 8
1 0 0 8
1 0 0 8
1 0 0 8
1 0 0 8
1 0 0 8
1 0 0 8
1 0 0 8
1 0 0 9
1 0 0 9
1 0 0 9
1 0 0 9
1 0 0 9
1 0 0 9
1 0 0 9
1 0 0 9
1 0 0 9
1 0 0 9
1 0 0 9
1 0 0 9
1 0 0 9
1 0 0 9
1 0 0 9
1 0 0 10
1 0 0 10
1 0 0 10
1 0 0 10
1 0 0 10
1 0 0 10
1 0 0 10
1 0 0 10
1 0 0 10
1 0 0 10
1 0 0 10
1 0 0 10
1 0 0 10
1 0 0 10
1 0 0 10
1 0 0 10
1 0 0 10
1 0 0 10
1 0 0 10
1 0 0 10
1 0 0 9
1 0 0 9
1 0 0 9
1 0 0 9
1 0 0 9
1 0 0 3
1 0 0 3
1 0 0 3
1 0 0 3
1 0 0 3
1 0 0 3
1 0 0 3
1 0 0 3
1 0 0 3
1 0 0 3
1 0 0 3
1 0 0 1
1 0 0 1
1 0 0 1
1 0 0 1
1 0 0 1
1 0 0 1
1 0 0 11
1 0 0 11
1 0 0 11
1 0 0 11
1 0 0 11
1 0 0 11
1 0 0 11
1 0 0 11
1 0 0 11
1 0 0 11
1 0 0 11
1 0 0 11
1 0 0 11
1 0 0 11
1 0 0 11
1 0 0 11
1 0 0 11
1 0 0 11
1 0 0 11
1 0 0 11
1 0 0 1
1 0 0 1
1 0 0 1
1 0 0 1
1 0 0 1
1 0 0 1
1 0 0 12
1 0 0 12
1 0 0 12
1 0 0 12
1 0 0 12
1 0 0 12
1 0 0 12
1 0 0 12
1 0 0 12
1 0 0 12
1 0 0 12
1 0 0 12
1 0 0 12
1 0 0 12
1 0 0 12
1 0 0 1
1 0 0 1
1 0 0 1
1 0 0 1
1 0 0 1
1 0 0 1
1 0 0 12
1 0 0 12
1 0 0 12
1 0 0 12
1 0 0 12
0.1 3 4 -1
0.1 5 6 -1
0.1 241 242 -1
0.1 9 10 -1
0.1 8 244 -1
0.1 7 245 -1
0.1 12 13 -1
0.1 14 15 -1
0.1 16 17 -1
0.1 248 249 -1
0.1 247 250 -1
0.1 18 19 -1
0.1 21 22 -1
0.1 25 26 -1
0.1 254 27 -1
0.1 255 28 -1
0.1 30 31 -1
0.1 29 257 -1
0.1 32 33 -1
0.1 35 36 -1
0.1 34 260 -1
0.1 39 40 -1
0.1 45 46 -1
0.1 44 263 -1
0.1 43 264 -1
0.1 42 265 -1
0.1 41 266 -1
0.1 262 267 -1
0.1 38 268 -1
0.1 47 48 -1
0.1 269 270 -1
0.1 37 271 -1
0.1 261 272 -1
0.1 259 273 -1
0.1 258 274 -1
0.1 49 50 -1
0.1 51 52 -1
0.1 277 53 -1
0.1 276 278 -1
0.1 275 279 -1
0.1 54 55 -1
0.1 280 281 -1
0.1 56 57 -1
0.1 282 283 -1
0.1 256 284 -1
0.1 60 61 -1
0.1 63 64 -1
0.1 62 287 -1
0.1 286 288 -1
0.1 59 289 -1
0.1 290 65 -1
0.1 68 69 -1
0.1 67 292 -1
0.1 66 293 -1
0.1 72 73 -1
0.1 71 295 -1
0.1 70 296 -1
0.1 294 297 -1
0.1 291 298 -1
0.1 75 76 -1
0.1 300 77 -1
0.1 74 301 -1
0.1 302 78 -1
0.1 299 303 -1
0.1 304 79 -1
0.1 58 305 -1
0.1 82 83 -1
0.1 86 87 -1
0.1 85 308 -1
0.1 84 309 -1
0.1 89 90 -1
0.1 88 311 -1
0.1 92 93 -1
0.1 94 95 -1
0.1 313 314 -1
0.1 315 96 -1
0.1 98 99 -1
0.1 97 317 -1
0.1 316 318 -1
0.1 91 319 -1
0.1 100 101 -1
0.1 320 321 -1
0.1 312 322 -1
0.1 310 323 -1
0.1 307 324 -1
0.1 81 325 -1
0.1 80 326 -1
0.1 306 327 -1
0.1 285 328 -1
0.1 103 104 -1
0.1 102 330 -1
0.1 329 331 -1
0.1 332 105 -1
0.1 333 106 -1
0.1 334 107 -1
0.1 24 335 -1
0.1 108 109 -1
0.1 110 111 -1
0.1 337 338 -1
0.1 112 113 -1
0.1 340 114 -1
0.1 116 117 -1
0.1 118 119 -1
0.1 343 120 -1
0.1 342 344 -1
0.1 122 123 -1
0.1 121 346 -1
0.1 345 347 -1
0.1 124 125 -1
0.1 126 127 -1
0.1 350 128 -1
0.1 129 130 -1
0.1 351 352 -1
0.1 353 131 -1
0.1 349 354 -1
0.1 348 355 -1
0.1 115 356 -1
0.1 341 357 -1
0.1 133 134 -1
0.1 135 136 -1
0.1 359 360 -1
0.1 132 361 -1
0.1 358 362 -1
0.1 137 138 -1
0.1 139 140 -1
0.1 365 141 -1
0.1 143 144 -1
0.1 142 367 -1
0.1 145 146 -1
0.1 149 150 -1
0.1 370 151 -1
0.1 148 371 -1
0.1 152 153 -1
0.1 372 373 -1
0.1 156 157 -1
0.1 155 375 -1
0.1 159 160 -1
0.1 158 377 -1
0.1 376 378 -1
0.1 154 379 -1
0.1 380 161 -1
0.1 163 164 -1
0.1 162 382 -1
0.1 165 166 -1
0.1 383 384 -1
0.1 381 385 -1
0.1 374 386 -1
0.1 147 387 -1
0.1 388 167 -1
0.1 369 389 -1
0.1 169 170 -1
0.1 168 391 -1
0.1 392 171 -1
0.1 390 393 -1
0.1 368 394 -1
0.1 366 395 -1
0.1 364 396 -1
0.1 363 397 -1
0.1 172 173 -1
0.1 398 399 -1
0.1 339 400 -1
0.1 336 401 -1
0.1 23 402 -1
0.1 174 175 -1
0.1 178 179 -1
0.1 177 405 -1
0.1 176 406 -1
0.1 404 407 -1
0.1 180 181 -1
0.1 409 182 -1
0.1 408 410 -1
0.1 403 411 -1
0.1 253 412 -1
0.1 20 413 -1
0.1 252 414 -1
0.1 251 415 -1
0.1 11 416 -1
0.1 246 417 -1
0.1 243 418 -1
0.1 2 419 -1
0.1 1 420 -1
0.1 183 184 -1
0.1 422 185 -1
0.1 421 423 -1
0.1 187 188 -1
0.1 186 425 -1
0.1 189 190 -1
0.1 192 193 -1
0.1 191 428 -1
0.1 429 194 -1
0.1 195 196 -1
0.1 430 431 -1
0.1 198 199 -1
0.1 197 433 -1
0.1 200 201 -1
0.1 202 203 -1
0.1 435 436 -1
0.1 204 205 -1
0.1 438 206 -1
0.1 207 208 -1
0.1 439 440 -1
0.1 437 441 -1
0.1 434 442 -1
0.1 432 443 -1
0.1 427 444 -1
0.1 210 211 -1
0.1 209 446 -1
0.1 445 447 -1
0.1 426 448 -1
0.1 212 213 -1
0.1 449 450 -1
0.1 451 214 -1
0.1 215 216 -1
0.1 217 218 -1
0.1 219 220 -1
0.1 221 222 -1
0.1 224 225 -1
0.1 223 457 -1
0.1 456 458 -1
0.1 226 227 -1
0.1 460 228 -1
0.1 459 461 -1
0.1 455 462 -1
0.1 454 463 -1
0.1 232 233 -1
0.1 465 234 -1
0.1 231 466 -1
0.1 467 235 -1
0.1 230 468 -1
0.1 236 237 -1
0.1 469 470 -1
0.1 471 238 -1
0.1 229 472 -1
0.1 473 239 -1
0.1 464 474 -1
0.1 453 475 -1
0.1 476 240 -1
0.1 452 477 -1
0.1 424 478 -1
