1 0 0 1
1 0 0 1
1 0 0 1
1 0 0 1
1 0 0 1
1 0 0 1
1 0 0 1
1 0 0 1
1 0 0 2
1 0 0 2
1 0 0 2
1 0 0 2
1 0 0 2
1 0 0 2
1 0 0 2
1 0 0 2
1 0 0 2
1 0 0 2
1 0 0 1
1 0 0 1
1 0 0 3
1 0 0 3
1 0 0 3
1 0 0 3
1 0 0 3
1 0 0 4
1 0 0 5
1 0 0 5
1 0 0 5
1 0 0 5
1 0 0 5
1 0 0 5
1 0 0 5
1 0 0 5
1 0 0 5
1 0 0 5
1 0 0 4
1 0 0 4
1 0 0 4
1 0 0 4
1 0 0 4
1 0 0 4
1 0 0 4
1 0 0 4
1 0 0 4
1 0 0 3
1 0 0 3
1 0 0 6
1 0 0 7
1 0 0 7
1 0 0 7
1 0 0 7
1 0 0 7
1 0 0 7
1 0 0 7
1 0 0 7
1 0 0 7
1 0 0 7
1 0 0 6
1 0 0 8
1 0 0 6
1 0 0 9
1 0 0 9
1 0 0 9
1 0 0 9
1 0 0 9
1 0 0 9
1 0 0 9
1 0 0 9
1 0 0 9
1 0 0 9
1 0 0 10
1 0 0 10
1 0 0 10
1 0 0 11
1 0 0 11
1 0 0 11
1 0 0 11
1 0 0 11
1 0 0 11
1 0 0 11
1 0 0 11
1 0 0 11
1 0 0 11
1 0 0 12
1 0 0 12
1 0 0 12
1 0 0 12
1 0 0 12
1 0 0 12
1 0 0 12
1 0 0 12
1 0 0 12
1 0 0 12
1 0 0 10
1 0 0 13
1 0 0 13
1 0 0 13
1 0 0 13
1 0 0 13
1 0 0 13
1 0 0 13
1 0 0 13
1 0 0 13
1 0 0 13
1 0 0 10
1 0 0 10
1 0 0 10
1 0 0 10
1 0 0 10
1 0 0 14
1 0 0 14
1 0 0 14
1 0 0 14
1 0 0 14
1 0 0 14
1 0 0 14
1 0 0 14
1 0 0 14
1 0 0 14
1 0 0 10
1 0 0 15
1 0 0 15
1 0 0 15
1 0 0 15
1 0 0 15
1 0 0 15
1 0 0 15
1 0 0 15
1 0 0 15
1 0 0 15
1 0 0 6
1 0 0 16
1 0 0 16
1 0 0 16
1 0 0 16
1 0 0 16
1 0 0 16
1 0 0 16
1 0 0 16
1 0 0 16
1 0 0 16
1 0 0 17
1 0 0 17
1 0 0 17
1 0 0 17
1 0 0 17
1 0 0 17
1 0 0 17
1 0 0 17
1 0 0 17
1 0 0 17
1 0 0 18
1 0 0 18
1 0 0 18
1 0 0 18
1 0 0 18
1 0 0 18
1 0 0 18
1 0 0 18
1 0 0 18
1 0 0 18
1 0 0 6
1 0 0 6
1 0 0 6
1 0 0 19
1 0 0 19
1 0 0 19
1 0 0 19
1 0 0 19
1 0 0 19
1 0 0 19
1 0 0 19
1 0 0 19
1 0 0 19
1 0 0 6
1 0 0 6
1 0 0 6
1 0 0 20
1 0 0 20
1 0 0 20
1 0 0 20
1 0 0 20
1 0 0 20
1 0 0 20
1 0 0 20
1 0 0 20
1 0 0 20
1 0 0 3
1 0 0 3
1 0 0 3
1 0 0 8
1 0 0 8
1 0 0 8
1 0 0 8
1 0 0 8
1 0 0 21
1 0 0 21
1 0 0 21
1 0 0 21
1 0 0 21
1 0 0 21
1 0 0 21
1 0 0 21
1 0 0 21
1 0 0 21
1 0 0 8
1 0 0 8
1 0 0 8
1 0 0 8
1 0 0 22
1 0 0 22
1 0 0 23
1 0 0 23
1 0 0 23
1 0 0 23
1 0 0 23
1 0 0 23
1 0 0 23
1 0 0 23
1 0 0 23
1 0 0 24
1 0 0 24
1 0 0 24
1 0 0 24
1 0 0 24
1 0 0 24
1 0 0 24
1 0 0 24
1 0 0 24
1 0 0 24
1 0 0 23
1 0 0 22
1 0 0 22
1 0 0 22
1 0 0 22
1 0 0 22
1 0 0 22
1 0 0 22
1 0 0 22
1 0 0 25
1 0 0 26
1 0 0 26
1 0 0 27
1 0 0 27
1 0 0 27
1 0 0 27
1 0 0 27
1 0 0 28
1 0 0 28
1 0 0 28
1 0 0 28
1 0 0 28
1 0 0 28
1 0 0 28
1 0 0 28
1 0 0 28
1 0 0 28
1 0 0 26
1 0 0 26
1 0 0 26
1 0 0 26
1 0 0 26
1 0 0 25
1 0 0 26
1 0 0 26
1 0 0 26
1 0 0 27
1 0 0 27
1 0 0 27
1 0 0 27
1 0 0 27
1 0 0 29
1 0 0 30
1 0 0 30
1 0 0 30
1 0 0 30
1 0 0 30
1 0 0 30
1 0 0 30
1 0 0 30
1 0 0 30
1 0 0 30
1 0 0 31
1 0 0 31
1 0 0 31
1 0 0 31
1 0 0 31
1 0 0 31
1 0 0 31
1 0 0 31
1 0 0 31
1 0 0 31
1 0 0 32
1 0 0 32
1 0 0 32
1 0 0 32
1 0 0 32
1 0 0 32
1 0 0 32
1 0 0 32
1 0 0 32
1 0 0 32
1 0 0 33
1 0 0 33
1 0 0 33
1 0 0 33
1 0 0 33
1 0 0 33
1 0 0 33
1 0 0 33
1 0 0 34
1 0 0 34
1 0 0 34
1 0 0 34
1 0 0 34
1 0 0 34
1 0 0 34
1 0 0 34
1 0 0 34
1 0 0 34
1 0 0 33
1 0 0 33
1 0 0 35
1 0 0 35
1 0 0 35
1 0 0 35
1 0 0 35
1 0 0 35
1 0 0 35
1 0 0 35
1 0 0 35
1 0 0 35
1 0 0 29
1 0 0 29
1 0 0 29
1 0 0 29
1 0 0 29
1 0 0 29
1 0 0 29
1 0 0 29
1 0 0 29
1 0 0 25
1 0 0 25
1 0 0 25
1 0 0 25
1 0 0 36
1 0 0 36
1 0 0 36
1 0 0 36
1 0 0 36
1 0 0 36
1 0 0 36
1 0 0 36
1 0 0 36
1 0 0 36
1 0 0 37
1 0 0 37
1 0 0 37
1 0 0 37
1 0 0 37
1 0 0 37
1 0 0 37
1 0 0 37
1 0 0 37
1 0 0 37
1 0 0 38
1 0 0 38
1 0 0 38
1 0 0 38
1 0 0 38
1 0 0 38
1 0 0 38
1 0 0 38
1 0 0 38
1 0 0 38
1 0 0 25
1 0 0 25
1 0 0 25
1 0 0 25
1 0 0 39
1 0 0 39
1 0 0 39
1 0 0 39
1 0 0 39
1 0 0 39
1 0 0 39
1 0 0 39
1 0 0 39
1 0 0 40
1 0 0 40
1 0 0 40
1 0 0 40
1 0 0 40
1 0 0 41
1 0 0 41
1 0 0 41
1 0 0 41
1 0 0 41
1 0 0 41
1 0 0 41
1 0 0 41
1 0 0 41
1 0 0 41
1 0 0 40
1 0 0 40
1 0 0 40
1 0 0 42
1 0 0 42
1 0 0 42
1 0 0 42
1 0 0 42
1 0 0 42
1 0 0 42
1 0 0 42
1 0 0 42
1 0 0 42
1 0 0 40
1 0 0 40
1 0 0 39
1 0 0 43
1 0 0 43
1 0 0 43
1 0 0 43
1 0 0 43
1 0 0 43
1 0 0 43
1 0 0 43
1 0 0 43
1 0 0 43
1 0 0 44
1 0 0 44
1 0 0 44
1 0 0 44
1 0 0 44
1 0 0 44
1 0 0 44
1 0 0 44
1 0 0 44
1 0 0 44
1 0 0 45
1 0 0 45
1 0 0 45
1 0 0 46
1 0 0 46
1 0 0 46
1 0 0 46
1 0 0 46
1 0 0 46
1 0 0 46
1 0 0 46
1 0 0 46
1 0 0 46
1 0 0 45
1 0 0 45
1 0 0 45
1 0 0 45
1 0 0 47
1 0 0 47
1 0 0 47
1 0 0 47
1 0 0 47
1 0 0 47
1 0 0 47
1 0 0 47
1 0 0 47
1 0 0 47
1 0 0 45
1 0 0 45
1 0 0 48
1 0 0 48
1 0 0 48
1 0 0 48
1 0 0 48
1 0 0 48
1 0 0 48
1 0 0 48
1 0 0 48
1 0 0 48
1 0 0 49
1 0 0 49
1 0 0 49
1 0 0 49
1 0 0 49
1 0 0 49
1 0 0 49
1 0 0 49
1 0 0 49
1 0 0 49
1 0 0 50
1 0 0 50
1 0 0 50
1 0 0 50
1 0 0 50
1 0 0 50
1 0 0 50
1 0 0 50
1 0 0 50
1 0 0 50
1 0 0 51
1 0 0 51
1 0 0 51
1 0 0 52
1 0 0 52
1 0 0 52
1 0 0 52
1 0 0 52
1 0 0 52
1 0 0 52
1 0 0 52
1 0 0 52
1 0 0 52
1 0 0 51
1 0 0 51
1 0 0 51
1 0 0 51
1 0 0 51
1 0 0 51
1 0 0 53
1 0 0 53
1 0 0 53
1 0 0 53
1 0 0 53
1 0 0 53
1 0 0 53
1 0 0 53
1 0 0 53
1 0 0 53
1 0 0 51
1 0 0 45
1 0 0 54
1 0 0 54
1 0 0 54
1 0 0 54
1 0 0 54
1 0 0 54
1 0 0 55
1 0 0 55
1 0 0 55
1 0 0 55
1 0 0 55
1 0 0 55
1 0 0 55
1 0 0 55
1 0 0 55
1 0 0 55
1 0 0 54
1 0 0 54
1 0 0 54
1 0 0 54
1 0 0 56
1 0 0 56
1 0 0 56
1 0 0 56
1 0 0 56
1 0 0 56
1 0 0 56
1 0 0 56
1 0 0 56
1 0 0 56
1 0 0 57
1 0 0 57
1 0 0 57
1 0 0 57
1 0 0 57
1 0 0 57
1 0 0 57
1 0 0 58
1 0 0 58
1 0 0 58
1 0 0 58
1 0 0 58
1 0 0 58
1 0 0 58
1 0 0 58
1 0 0 58
1 0 0 58
1 0 0 57
1 0 0 57
1 0 0 57
1 0 0 59
1 0 0 59
1 0 0 59
1 0 0 59
1 0 0 59
1 0 0 59
1 0 0 59
1 0 0 59
1 0 0 59
1 0 0 59
1 0 0 60
1 0 0 60
1 0 0 60
1 0 0 60
1 0 0 60
1 0 0 60
1 0 0 60
1 0 0 60
1 0 0 60
1 0 0 60
1 0 0 61
1 0 0 62
1 0 0 61
1 0 0 61
1 0 0 61
1 0 0 61
1 0 0 61
1 0 0 61
1 0 0 61
1 0 0 61
1 0 0 62
1 0 0 62
1 0 0 62
1 0 0 62
1 0 0 62
1 0 0 63
1 0 0 63
1 0 0 63
1 0 0 63
1 0 0 63
1 0 0 63
1 0 0 63
1 0 0 63
1 0 0 63
1 0 0 63
1 0 0 64
1 0 0 64
1 0 0 64
1 0 0 64
1 0 0 64
1 0 0 64
1 0 0 64
1 0 0 64
1 0 0 64
1 0 0 64
1 0 0 65
1 0 0 65
1 0 0 65
1 0 0 65
1 0 0 65
1 0 0 65
1 0 0 65
1 0 0 65
1 0 0 65
1 0 0 65
1 0 0 62
1 0 0 62
1 0 0 62
1 0 0 62
1 0 0 61
0.1 1 2 -1
0.1 4 5 -1
0.1 6 7 -1
0.1 652 653 -1
0.1 3 654 -1
0.1 655 8 -1
0.1 651 656 -1
0.1 9 10 -1
0.1 15 16 -1
0.1 14 659 -1
0.1 17 18 -1
0.1 660 661 -1
0.1 13 662 -1
0.1 12 663 -1
0.1 11 664 -1
0.1 658 665 -1
0.1 19 20 -1
0.1 666 667 -1
0.1 657 668 -1
0.1 22 23 -1
0.1 21 670 -1
0.1 24 25 -1
0.1 27 28 -1
0.1 30 31 -1
0.1 29 674 -1
0.1 34 35 -1
0.1 33 676 -1
0.1 32 677 -1
0.1 675 678 -1
0.1 679 36 -1
0.1 673 680 -1
0.1 37 38 -1
0.1 681 682 -1
0.1 26 683 -1
0.1 39 40 -1
0.1 41 42 -1
0.1 686 43 -1
0.1 44 45 -1
0.1 687 688 -1
0.1 685 689 -1
0.1 684 690 -1
0.1 691 46 -1
0.1 692 47 -1
0.1 672 693 -1
0.1 49 50 -1
0.1 695 51 -1
0.1 54 55 -1
0.1 56 57 -1
0.1 698 58 -1
0.1 697 699 -1
0.1 53 700 -1
0.1 52 701 -1
0.1 696 702 -1
0.1 48 703 -1
0.1 60 61 -1
0.1 59 705 -1
0.1 62 63 -1
0.1 64 65 -1
0.1 707 708 -1
0.1 67 68 -1
0.1 66 710 -1
0.1 711 69 -1
0.1 70 71 -1
0.1 712 713 -1
0.1 709 714 -1
0.1 73 74 -1
0.1 72 716 -1
0.1 76 77 -1
0.1 75 718 -1
0.1 78 79 -1
0.1 720 80 -1
0.1 719 721 -1
0.1 82 83 -1
0.1 723 84 -1
0.1 81 724 -1
0.1 722 725 -1
0.1 87 88 -1
0.1 86 727 -1
0.1 90 91 -1
0.1 89 729 -1
0.1 92 93 -1
0.1 730 731 -1
0.1 732 94 -1
0.1 728 733 -1
0.1 85 734 -1
0.1 726 735 -1
0.1 717 736 -1
0.1 96 97 -1
0.1 98 99 -1
0.1 100 101 -1
0.1 739 740 -1
0.1 741 102 -1
0.1 738 742 -1
0.1 103 104 -1
0.1 744 105 -1
0.1 743 745 -1
0.1 106 107 -1
0.1 747 108 -1
0.1 109 110 -1
0.1 748 749 -1
0.1 746 750 -1
0.1 112 113 -1
0.1 752 114 -1
0.1 116 117 -1
0.1 115 754 -1
0.1 753 755 -1
0.1 118 119 -1
0.1 756 757 -1
0.1 758 120 -1
0.1 111 759 -1
0.1 751 760 -1
0.1 95 761 -1
0.1 737 762 -1
0.1 763 121 -1
0.1 715 764 -1
0.1 706 765 -1
0.1 704 766 -1
0.1 122 123 -1
0.1 125 126 -1
0.1 124 769 -1
0.1 768 770 -1
0.1 129 130 -1
0.1 128 772 -1
0.1 773 131 -1
0.1 127 774 -1
0.1 771 775 -1
0.1 135 136 -1
0.1 134 777 -1
0.1 133 778 -1
0.1 137 138 -1
0.1 140 141 -1
0.1 139 781 -1
0.1 782 142 -1
0.1 780 783 -1
0.1 779 784 -1
0.1 145 146 -1
0.1 144 786 -1
0.1 143 787 -1
0.1 147 148 -1
0.1 151 152 -1
0.1 150 790 -1
0.1 149 791 -1
0.1 789 792 -1
0.1 788 793 -1
0.1 785 794 -1
0.1 132 795 -1
0.1 153 154 -1
0.1 155 156 -1
0.1 157 158 -1
0.1 798 799 -1
0.1 800 159 -1
0.1 161 162 -1
0.1 160 802 -1
0.1 801 803 -1
0.1 797 804 -1
0.1 164 165 -1
0.1 163 806 -1
0.1 168 169 -1
0.1 167 808 -1
0.1 170 171 -1
0.1 809 810 -1
0.1 174 175 -1
0.1 173 812 -1
0.1 172 813 -1
0.1 811 814 -1
0.1 166 815 -1
0.1 807 816 -1
0.1 817 176 -1
0.1 177 178 -1
0.1 818 819 -1
0.1 805 820 -1
0.1 796 821 -1
0.1 776 822 -1
0.1 767 823 -1
0.1 179 180 -1
0.1 183 184 -1
0.1 182 826 -1
0.1 186 187 -1
0.1 185 828 -1
0.1 827 829 -1
0.1 830 188 -1
0.1 181 831 -1
0.1 825 832 -1
0.1 824 833 -1
0.1 190 191 -1
0.1 189 835 -1
0.1 834 836 -1
0.1 194 195 -1
0.1 193 838 -1
0.1 192 839 -1
0.1 840 196 -1
0.1 197 198 -1
0.1 199 200 -1
0.1 201 202 -1
0.1 843 844 -1
0.1 842 845 -1
0.1 203 204 -1
0.1 205 206 -1
0.1 847 848 -1
0.1 846 849 -1
0.1 207 208 -1
0.1 209 210 -1
0.1 851 852 -1
0.1 850 853 -1
0.1 841 854 -1
0.1 837 855 -1
0.1 694 856 -1
0.1 671 857 -1
0.1 669 858 -1
0.1 211 212 -1
0.1 213 214 -1
0.1 217 218 -1
0.1 216 862 -1
0.1 220 221 -1
0.1 219 864 -1
0.1 863 865 -1
0.1 215 866 -1
0.1 222 223 -1
0.1 224 225 -1
0.1 226 227 -1
0.1 230 231 -1
0.1 229 871 -1
0.1 228 872 -1
0.1 870 873 -1
0.1 869 874 -1
0.1 868 875 -1
0.1 876 232 -1
0.1 867 877 -1
0.1 861 878 -1
0.1 233 234 -1
0.1 235 236 -1
0.1 238 239 -1
0.1 882 240 -1
0.1 237 883 -1
0.1 881 884 -1
0.1 880 885 -1
0.1 879 886 -1
0.1 860 887 -1
0.1 888 241 -1
0.1 244 245 -1
0.1 247 248 -1
0.1 246 891 -1
0.1 890 892 -1
0.1 249 250 -1
0.1 894 251 -1
0.1 254 255 -1
0.1 253 896 -1
0.1 257 258 -1
0.1 256 898 -1
0.1 897 899 -1
0.1 252 900 -1
0.1 895 901 -1
0.1 893 902 -1
0.1 260 261 -1
0.1 259 904 -1
0.1 262 263 -1
0.1 905 906 -1
0.1 903 907 -1
0.1 908 264 -1
0.1 909 265 -1
0.1 910 266 -1
0.1 243 911 -1
0.1 912 267 -1
0.1 242 913 -1
0.1 889 914 -1
0.1 268 269 -1
0.1 271 272 -1
0.1 270 917 -1
0.1 916 918 -1
0.1 276 277 -1
0.1 278 279 -1
0.1 280 281 -1
0.1 921 922 -1
0.1 920 923 -1
0.1 275 924 -1
0.1 282 283 -1
0.1 925 926 -1
0.1 274 927 -1
0.1 284 285 -1
0.1 286 287 -1
0.1 930 288 -1
0.1 929 931 -1
0.1 292 293 -1
0.1 291 933 -1
0.1 290 934 -1
0.1 289 935 -1
0.1 932 936 -1
0.1 928 937 -1
0.1 273 938 -1
0.1 294 295 -1
0.1 296 297 -1
0.1 299 300 -1
0.1 298 942 -1
0.1 302 303 -1
0.1 301 944 -1
0.1 943 945 -1
0.1 941 946 -1
0.1 940 947 -1
0.1 939 948 -1
0.1 305 306 -1
0.1 308 309 -1
0.1 307 951 -1
0.1 950 952 -1
0.1 304 953 -1
0.1 310 311 -1
0.1 954 955 -1
0.1 313 314 -1
0.1 312 957 -1
0.1 317 318 -1
0.1 316 959 -1
0.1 319 320 -1
0.1 960 961 -1
0.1 315 962 -1
0.1 963 321 -1
0.1 958 964 -1
0.1 956 965 -1
0.1 322 323 -1
0.1 966 967 -1
0.1 326 327 -1
0.1 325 969 -1
0.1 324 970 -1
0.1 329 330 -1
0.1 328 972 -1
0.1 332 333 -1
0.1 331 974 -1
0.1 973 975 -1
0.1 971 976 -1
0.1 335 336 -1
0.1 978 337 -1
0.1 334 979 -1
0.1 977 980 -1
0.1 339 340 -1
0.1 338 982 -1
0.1 341 342 -1
0.1 983 984 -1
0.1 981 985 -1
0.1 968 986 -1
0.1 949 987 -1
0.1 919 988 -1
0.1 915 989 -1
0.1 345 346 -1
0.1 344 991 -1
0.1 343 992 -1
0.1 349 350 -1
0.1 348 994 -1
0.1 347 995 -1
0.1 996 351 -1
0.1 997 352 -1
0.1 355 356 -1
0.1 354 999 -1
0.1 353 1000 -1
0.1 998 1001 -1
0.1 357 358 -1
0.1 1003 359 -1
0.1 360 361 -1
0.1 1005 362 -1
0.1 1004 1006 -1
0.1 363 364 -1
0.1 365 366 -1
0.1 1008 1009 -1
0.1 1007 1010 -1
0.1 367 368 -1
0.1 369 370 -1
0.1 1012 1013 -1
0.1 373 374 -1
0.1 372 1015 -1
0.1 1016 375 -1
0.1 371 1017 -1
0.1 1018 376 -1
0.1 1014 1019 -1
0.1 1011 1020 -1
0.1 1002 1021 -1
0.1 993 1022 -1
0.1 990 1023 -1
0.1 377 378 -1
0.1 379 380 -1
0.1 381 382 -1
0.1 1027 383 -1
0.1 385 386 -1
0.1 388 389 -1
0.1 387 1030 -1
0.1 1029 1031 -1
0.1 384 1032 -1
0.1 1028 1033 -1
0.1 391 392 -1
0.1 390 1035 -1
0.1 1036 393 -1
0.1 398 399 -1
0.1 397 1038 -1
0.1 396 1039 -1
0.1 402 403 -1
0.1 1041 404 -1
0.1 401 1042 -1
0.1 400 1043 -1
0.1 1040 1044 -1
0.1 395 1045 -1
0.1 394 1046 -1
0.1 1037 1047 -1
0.1 406 407 -1
0.1 409 410 -1
0.1 1050 411 -1
0.1 408 1051 -1
0.1 413 414 -1
0.1 412 1053 -1
0.1 1054 415 -1
0.1 416 417 -1
0.1 1055 1056 -1
0.1 1052 1057 -1
0.1 1049 1058 -1
0.1 405 1059 -1
0.1 418 419 -1
0.1 1060 1061 -1
0.1 1048 1062 -1
0.1 1063 420 -1
0.1 1034 1064 -1
0.1 421 422 -1
0.1 423 424 -1
0.1 1067 425 -1
0.1 1066 1068 -1
0.1 427 428 -1
0.1 1070 429 -1
0.1 426 1071 -1
0.1 1069 1072 -1
0.1 1073 430 -1
0.1 1065 1074 -1
0.1 1026 1075 -1
0.1 1025 1076 -1
0.1 1024 1077 -1
0.1 433 434 -1
0.1 432 1079 -1
0.1 431 1080 -1
0.1 437 438 -1
0.1 436 1082 -1
0.1 435 1083 -1
0.1 439 440 -1
0.1 1084 1085 -1
0.1 1081 1086 -1
0.1 1078 1087 -1
0.1 445 446 -1
0.1 444 1089 -1
0.1 447 448 -1
0.1 1090 1091 -1
0.1 449 450 -1
0.1 1093 451 -1
0.1 452 453 -1
0.1 1094 1095 -1
0.1 1092 1096 -1
0.1 443 1097 -1
0.1 442 1098 -1
0.1 454 455 -1
0.1 459 460 -1
0.1 1101 461 -1
0.1 458 1102 -1
0.1 463 464 -1
0.1 1104 465 -1
0.1 462 1105 -1
0.1 466 467 -1
0.1 1106 1107 -1
0.1 1103 1108 -1
0.1 457 1109 -1
0.1 456 1110 -1
0.1 1111 468 -1
0.1 1100 1112 -1
0.1 1099 1113 -1
0.1 441 1114 -1
0.1 1115 469 -1
0.1 471 472 -1
0.1 475 476 -1
0.1 1118 477 -1
0.1 474 1119 -1
0.1 478 479 -1
0.1 1120 1121 -1
0.1 473 1122 -1
0.1 1117 1123 -1
0.1 470 1124 -1
0.1 483 484 -1
0.1 482 1126 -1
0.1 481 1127 -1
0.1 480 1128 -1
0.1 488 489 -1
0.1 487 1130 -1
0.1 486 1131 -1
0.1 485 1132 -1
0.1 491 492 -1
0.1 493 494 -1
0.1 1134 1135 -1
0.1 490 1136 -1
0.1 497 498 -1
0.1 496 1138 -1
0.1 495 1139 -1
0.1 1140 499 -1
0.1 1137 1141 -1
0.1 500 501 -1
0.1 504 505 -1
0.1 503 1144 -1
0.1 506 507 -1
0.1 508 509 -1
0.1 511 512 -1
0.1 510 1148 -1
0.1 1147 1149 -1
0.1 1146 1150 -1
0.1 1145 1151 -1
0.1 1152 513 -1
0.1 502 1153 -1
0.1 1143 1154 -1
0.1 514 515 -1
0.1 516 517 -1
0.1 1156 1157 -1
0.1 1158 518 -1
0.1 1155 1159 -1
0.1 1142 1160 -1
0.1 522 523 -1
0.1 524 525 -1
0.1 1162 1163 -1
0.1 521 1164 -1
0.1 526 527 -1
0.1 1166 528 -1
0.1 1165 1167 -1
0.1 520 1168 -1
0.1 519 1169 -1
0.1 1170 529 -1
0.1 1161 1171 -1
0.1 1133 1172 -1
0.1 1129 1173 -1
0.1 1125 1174 -1
0.1 1175 530 -1
0.1 1116 1176 -1
0.1 532 533 -1
0.1 535 536 -1
0.1 534 1179 -1
0.1 537 538 -1
0.1 540 541 -1
0.1 539 1182 -1
0.1 544 545 -1
0.1 543 1184 -1
0.1 542 1185 -1
0.1 1186 546 -1
0.1 1183 1187 -1
0.1 1181 1188 -1
0.1 547 548 -1
0.1 549 550 -1
0.1 1190 1191 -1
0.1 1189 1192 -1
0.1 1180 1193 -1
0.1 1178 1194 -1
0.1 531 1195 -1
0.1 551 552 -1
0.1 554 555 -1
0.1 556 557 -1
0.1 558 559 -1
0.1 1199 1200 -1
0.1 1201 560 -1
0.1 1198 1202 -1
0.1 553 1203 -1
0.1 1197 1204 -1
0.1 1205 561 -1
0.1 566 567 -1
0.1 565 1207 -1
0.1 564 1208 -1
0.1 563 1209 -1
0.1 569 570 -1
0.1 568 1211 -1
0.1 573 574 -1
0.1 572 1213 -1
0.1 575 576 -1
0.1 1214 1215 -1
0.1 571 1216 -1
0.1 1212 1217 -1
0.1 1218 577 -1
0.1 1210 1219 -1
0.1 562 1220 -1
0.1 578 579 -1
0.1 1222 580 -1
0.1 1221 1223 -1
0.1 581 582 -1
0.1 584 585 -1
0.1 586 587 -1
0.1 1227 588 -1
0.1 589 590 -1
0.1 1228 1229 -1
0.1 1226 1230 -1
0.1 583 1231 -1
0.1 1225 1232 -1
0.1 1224 1233 -1
0.1 1206 1234 -1
0.1 592 593 -1
0.1 1236 594 -1
0.1 595 596 -1
0.1 597 598 -1
0.1 1238 1239 -1
0.1 1240 599 -1
0.1 1237 1241 -1
0.1 591 1242 -1
0.1 1243 600 -1
0.1 1235 1244 -1
0.1 1196 1245 -1
0.1 602 603 -1
0.1 1247 604 -1
0.1 1248 605 -1
0.1 601 1249 -1
0.1 607 608 -1
0.1 606 1251 -1
0.1 1250 1252 -1
0.1 612 613 -1
0.1 611 1254 -1
0.1 614 615 -1
0.1 616 617 -1
0.1 1257 618 -1
0.1 620 621 -1
0.1 619 1259 -1
0.1 1260 622 -1
0.1 624 625 -1
0.1 623 1262 -1
0.1 628 629 -1
0.1 627 1264 -1
0.1 630 631 -1
0.1 632 633 -1
0.1 634 635 -1
0.1 1267 1268 -1
0.1 1266 1269 -1
0.1 1265 1270 -1
0.1 626 1271 -1
0.1 637 638 -1
0.1 636 1273 -1
0.1 639 640 -1
0.1 644 645 -1
0.1 643 1276 -1
0.1 642 1277 -1
0.1 641 1278 -1
0.1 1275 1279 -1
0.1 1274 1280 -1
0.1 1272 1281 -1
0.1 1263 1282 -1
0.1 1261 1283 -1
0.1 1258 1284 -1
0.1 647 648 -1
0.1 646 1286 -1
0.1 1285 1287 -1
0.1 1256 1288 -1
0.1 1289 649 -1
0.1 1255 1290 -1
0.1 1291 650 -1
0.1 610 1292 -1
0.1 609 1293 -1
0.1 1253 1294 -1
0.1 1246 1295 -1
0.1 1177 1296 -1
0.1 1088 1297 -1
0.1 859 1298 -1
