1 0 0 1
1 0 0 1
1 0 0 2
1 0 0 2
1 0 0 2
1 0 0 2
1 0 0 2
1 0 0 2
1 0 0 2
1 0 0 2
1 0 0 2
1 0 0 2
1 0 0 3
1 0 0 3
1 0 0 3
1 0 0 3
1 0 0 3
1 0 0 4
1 0 0 4
1 0 0 4
1 0 0 4
1 0 0 4
1 0 0 4
1 0 0 4
1 0 0 4
1 0 0 4
1 0 0 4
1 0 0 3
1 0 0 3
1 0 0 3
1 0 0 3
1 0 0 3
1 0 0 5
1 0 0 5
1 0 0 5
1 0 0 5
1 0 0 5
1 0 0 5
1 0 0 5
1 0 0 5
1 0 0 5
1 0 0 5
1 0 0 6
1 0 0 6
1 0 0 6
1 0 0 6
1 0 0 6
1 0 0 6
1 0 0 6
1 0 0 6
1 0 0 6
1 0 0 6
1 0 0 7
1 0 0 7
1 0 0 7
1 0 0 7
1 0 0 7
1 0 0 7
1 0 0 7
1 0 0 7
1 0 0 7
1 0 0 7
1 0 0 8
1 0 0 8
1 0 0 8
1 0 0 8
1 0 0 8
1 0 0 8
1 0 0 8
1 0 0 8
1 0 0 8
1 0 0 8
1 0 0 9
1 0 0 9
1 0 0 9
1 0 0 9
1 0 0 9
1 0 0 9
1 0 0 9
1 0 0 9
1 0 0 9
1 0 0 9
1 0 0 1
1 0 0 1
1 0 0 1
1 0 0 1
1 0 0 10
1 0 0 10
1 0 0 10
1 0 0 10
1 0 0 10
1 0 0 11
1 0 0 11
1 0 0 11
1 0 0 11
1 0 0 11
1 0 0 11
1 0 0 11
1 0 0 11
1 0 0 12
1 0 0 12
1 0 0 12
1 0 0 12
1 0 0 12
1 0 0 12
1 0 0 12
1 0 0 12
1 0 0 12
1 0 0 12
1 0 0 11
1 0 0 11
1 0 0 13
1 0 0 13
1 0 0 13
1 0 0 13
1 0 0 13
1 0 0 13
1 0 0 13
1 0 0 13
1 0 0 13
1 0 0 13
1 0 0 14
1 0 0 15
1 0 0 15
1 0 0 15
1 0 0 15
1 0 0 15
1 0 0 15
1 0 0 15
1 0 0 15
1 0 0 15
1 0 0 15
1 0 0 16
1 0 0 16
1 0 0 16
1 0 0 16
1 0 0 16
1 0 0 16
1 0 0 16
1 0 0 16
1 0 0 16
1 0 0 16
1 0 0 14
1 0 0 14
1 0 0 14
1 0 0 14
1 0 0 14
1 0 0 14
1 0 0 14
1 0 0 14
1 0 0 14
1 0 0 17
1 0 0 17
1 0 0 17
1 0 0 17
1 0 0 17
1 0 0 17
1 0 0 17
1 0 0 17
1 0 0 17
1 0 0 17
1 0 0 18
1 0 0 18
1 0 0 18
1 0 0 18
1 0 0 18
1 0 0 18
1 0 0 18
1 0 0 18
1 0 0 18
1 0 0 18
1 0 0 10
1 0 0 10
1 0 0 10
1 0 0 10
1 0 0 10
1 0 0 19
1 0 0 19
1 0 0 19
1 0 0 19
1 0 0 19
1 0 0 19
1 0 0 19
1 0 0 19
1 0 0 19
1 0 0 19
1 0 0 20
1 0 0 20
1 0 0 20
1 0 0 20
1 0 0 20
1 0 0 20
1 0 0 20
1 0 0 20
1 0 0 20
1 0 0 21
1 0 0 21
1 0 0 21
1 0 0 21
1 0 0 21
1 0 0 21
1 0 0 21
1 0 0 21
1 0 0 21
1 0 0 21
1 0 0 20
1 0 0 22
1 0 0 22
1 0 0 22
1 0 0 22
1 0 0 22
1 0 0 22
1 0 0 22
1 0 0 22
1 0 0 22
1 0 0 22
1 0 0 1
1 0 0 1
1 0 0 1
1 0 0 1
1 0 0 23
1 0 0 24
1 0 0 24
1 0 0 24
1 0 0 24
1 0 0 24
1 0 0 24
1 0 0 24
1 0 0 24
1 0 0 24
1 0 0 24
1 0 0 23
1 0 0 23
1 0 0 23
1 0 0 23
1 0 0 23
1 0 0 23
1 0 0 23
1 0 0 23
1 0 0 23
1 0 0 25
1 0 0 25
1 0 0 25
1 0 0 25
1 0 0 25
1 0 0 25
1 0 0 25
1 0 0 25
1 0 0 25
1 0 0 25
1 0 0 26
1 0 0 27
1 0 0 27
1 0 0 27
1 0 0 27
1 0 0 27
1 0 0 27
1 0 0 27
1 0 0 27
1 0 0 27
1 0 0 27
1 0 0 28
1 0 0 28
1 0 0 28
1 0 0 28
1 0 0 28
1 0 0 28
1 0 0 28
1 0 0 28
1 0 0 28
1 0 0 28
1 0 0 26
1 0 0 26
1 0 0 26
1 0 0 26
1 0 0 26
1 0 0 26
1 0 0 26
1 0 0 26
1 0 0 29
1 0 0 29
1 0 0 29
1 0 0 29
1 0 0 29
1 0 0 29
1 0 0 29
1 0 0 29
1 0 0 29
1 0 0 29
1 0 0 26
1 0 0 30
1 0 0 30
1 0 0 30
1 0 0 30
1 0 0 30
1 0 0 30
1 0 0 30
1 0 0 31
1 0 0 31
1 0 0 31
1 0 0 31
1 0 0 31
1 0 0 31
1 0 0 31
1 0 0 31
1 0 0 31
1 0 0 31
1 0 0 32
1 0 0 32
1 0 0 32
1 0 0 32
1 0 0 32
1 0 0 32
1 0 0 32
1 0 0 32
1 0 0 32
1 0 0 32
1 0 0 30
1 0 0 30
1 0 0 30
1 0 0 33
1 0 0 33
1 0 0 33
1 0 0 33
1 0 0 33
1 0 0 33
1 0 0 34
1 0 0 34
1 0 0 34
1 0 0 34
1 0 0 34
1 0 0 33
1 0 0 34
1 0 0 33
1 0 0 33
1 0 0 33
1 0 0 34
1 0 0 34
1 0 0 34
1 0 0 34
1 0 0 35
1 0 0 35
1 0 0 35
1 0 0 35
1 0 0 36
1 0 0 36
1 0 0 36
1 0 0 36
1 0 0 36
1 0 0 36
1 0 0 36
1 0 0 36
1 0 0 36
1 0 0 36
1 0 0 35
1 0 0 35
1 0 0 35
1 0 0 37
1 0 0 37
1 0 0 37
1 0 0 37
1 0 0 37
1 0 0 37
1 0 0 37
1 0 0 37
1 0 0 37
1 0 0 37
1 0 0 35
1 0 0 35
1 0 0 38
1 0 0 38
1 0 0 38
1 0 0 38
1 0 0 38
1 0 0 39
1 0 0 39
1 0 0 39
1 0 0 39
1 0 0 39
1 0 0 39
1 0 0 39
1 0 0 39
1 0 0 40
1 0 0 40
1 0 0 40
1 0 0 40
1 0 0 40
1 0 0 40
1 0 0 40
1 0 0 40
1 0 0 40
1 0 0 40
1 0 0 39
1 0 0 41
1 0 0 41
1 0 0 41
1 0 0 41
1 0 0 41
1 0 0 41
1 0 0 41
1 0 0 41
1 0 0 41
1 0 0 41
1 0 0 39
1 0 0 42
1 0 0 42
1 0 0 42
1 0 0 42
1 0 0 42
1 0 0 42
1 0 0 42
1 0 0 42
1 0 0 42
1 0 0 42
1 0 0 38
1 0 0 38
1 0 0 38
1 0 0 38
1 0 0 38
1 0 0 43
1 0 0 43
1 0 0 43
1 0 0 43
1 0 0 43
1 0 0 43
1 0 0 43
1 0 0 43
1 0 0 43
1 0 0 43
1 0 0 35
1 0 0 44
1 0 0 44
1 0 0 44
1 0 0 44
1 0 0 44
1 0 0 44
1 0 0 44
1 0 0 44
1 0 0 44
1 0 0 44
1 0 0 45
1 0 0 45
1 0 0 45
1 0 0 45
1 0 0 45
1 0 0 45
1 0 0 45
1 0 0 45
1 0 0 45
1 0 0 45
1 0 0 46
1 0 0 46
1 0 0 46
1 0 0 46
1 0 0 46
1 0 0 46
1 0 0 46
1 0 0 46
1 0 0 46
1 0 0 46
1 0 0 47
1 0 0 47
1 0 0 47
1 0 0 47
1 0 0 47
1 0 0 47
1 0 0 48
1 0 0 48
1 0 0 48
1 0 0 49
1 0 0 49
1 0 0 49
1 0 0 49
1 0 0 49
1 0 0 49
1 0 0 49
1 0 0 49
1 0 0 49
1 0 0 49
1 0 0 48
1 0 0 48
1 0 0 48
1 0 0 48
1 0 0 48
1 0 0 48
1 0 0 48
1 0 0 47
1 0 0 47
1 0 0 50
1 0 0 51
1 0 0 51
1 0 0 51
1 0 0 51
1 0 0 51
1 0 0 51
1 0 0 51
1 0 0 51
1 0 0 51
1 0 0 51
1 0 0 52
1 0 0 52
1 0 0 53
1 0 0 53
1 0 0 53
1 0 0 53
1 0 0 53
1 0 0 53
1 0 0 53
1 0 0 53
1 0 0 53
1 0 0 53
1 0 0 52
1 0 0 52
1 0 0 52
1 0 0 52
1 0 0 52
1 0 0 54
1 0 0 54
1 0 0 54
1 0 0 54
1 0 0 54
1 0 0 54
1 0 0 54
1 0 0 54
1 0 0 54
1 0 0 54
1 0 0 55
1 0 0 55
1 0 0 55
1 0 0 55
1 0 0 55
1 0 0 55
1 0 0 55
1 0 0 55
1 0 0 55
1 0 0 55
1 0 0 56
1 0 0 56
1 0 0 56
1 0 0 56
1 0 0 56
1 0 0 56
1 0 0 56
1 0 0 56
1 0 0 56
1 0 0 56
1 0 0 57
1 0 0 57
1 0 0 57
1 0 0 57
1 0 0 57
1 0 0 57
1 0 0 57
1 0 0 57
1 0 0 57
1 0 0 57
1 0 0 50
1 0 0 50
1 0 0 50
1 0 0 50
1 0 0 50
1 0 0 50
1 0 0 50
1 0 0 50
1 0 0 50
1 0 0 58
1 0 0 58
1 0 0 58
1 0 0 58
1 0 0 58
1 0 0 58
1 0 0 58
1 0 0 58
1 0 0 58
1 0 0 58
1 0 0 59
1 0 0 59
1 0 0 59
1 0 0 59
1 0 0 59
1 0 0 59
1 0 0 59
1 0 0 59
1 0 0 59
1 0 0 59
1 0 0 60
1 0 0 60
1 0 0 60
1 0 0 60
1 0 0 60
1 0 0 60
1 0 0 60
1 0 0 60
1 0 0 60
1 0 0 60
1 0 0 61
1 0 0 61
1 0 0 61
1 0 0 61
1 0 0 61
1 0 0 61
1 0 0 61
1 0 0 61
1 0 0 61
1 0 0 61
1 0 0 62
1 0 0 62
1 0 0 62
1 0 0 62
1 0 0 62
1 0 0 62
1 0 0 62
1 0 0 63
1 0 0 63
1 0 0 63
1 0 0 63
1 0 0 63
1 0 0 63
1 0 0 63
1 0 0 63
1 0 0 63
1 0 0 63
1 0 0 64
1 0 0 64
1 0 0 64
1 0 0 64
1 0 0 64
1 0 0 64
1 0 0 64
1 0 0 64
1 0 0 64
1 0 0 64
1 0 0 62
1 0 0 62
1 0 0 62
1 0 0 52
1 0 0 52
1 0 0 52
1 0 0 65
1 0 0 65
1 0 0 65
1 0 0 65
1 0 0 65
1 0 0 65
1 0 0 65
1 0 0 65
1 0 0 65
1 0 0 65
1 0 0 47
1 0 0 47
0.1 1 2 -1
0.1 3 4 -1
0.1 5 6 -1
0.1 8 9 -1
0.1 7 654 -1
0.1 10 11 -1
0.1 655 656 -1
0.1 653 657 -1
0.1 652 658 -1
0.1 659 12 -1
0.1 13 14 -1
0.1 16 17 -1
0.1 18 19 -1
0.1 21 22 -1
0.1 664 23 -1
0.1 20 665 -1
0.1 25 26 -1
0.1 667 27 -1
0.1 24 668 -1
0.1 666 669 -1
0.1 663 670 -1
0.1 662 671 -1
0.1 15 672 -1
0.1 29 30 -1
0.1 28 674 -1
0.1 675 31 -1
0.1 34 35 -1
0.1 677 36 -1
0.1 33 678 -1
0.1 679 37 -1
0.1 39 40 -1
0.1 681 41 -1
0.1 38 682 -1
0.1 683 42 -1
0.1 680 684 -1
0.1 32 685 -1
0.1 676 686 -1
0.1 673 687 -1
0.1 661 688 -1
0.1 48 49 -1
0.1 47 690 -1
0.1 46 691 -1
0.1 45 692 -1
0.1 44 693 -1
0.1 51 52 -1
0.1 50 695 -1
0.1 694 696 -1
0.1 43 697 -1
0.1 689 698 -1
0.1 660 699 -1
0.1 651 700 -1
0.1 55 56 -1
0.1 702 57 -1
0.1 703 58 -1
0.1 54 704 -1
0.1 53 705 -1
0.1 61 62 -1
0.1 60 707 -1
0.1 59 708 -1
0.1 706 709 -1
0.1 64 65 -1
0.1 711 66 -1
0.1 712 67 -1
0.1 63 713 -1
0.1 714 68 -1
0.1 71 72 -1
0.1 70 716 -1
0.1 69 717 -1
0.1 715 718 -1
0.1 710 719 -1
0.1 74 75 -1
0.1 73 721 -1
0.1 77 78 -1
0.1 76 723 -1
0.1 722 724 -1
0.1 79 80 -1
0.1 81 82 -1
0.1 726 727 -1
0.1 725 728 -1
0.1 720 729 -1
0.1 85 86 -1
0.1 84 731 -1
0.1 83 732 -1
0.1 730 733 -1
0.1 87 88 -1
0.1 89 90 -1
0.1 735 736 -1
0.1 737 91 -1
0.1 94 95 -1
0.1 93 739 -1
0.1 96 97 -1
0.1 740 741 -1
0.1 92 742 -1
0.1 98 99 -1
0.1 743 744 -1
0.1 101 102 -1
0.1 100 746 -1
0.1 104 105 -1
0.1 107 108 -1
0.1 106 749 -1
0.1 748 750 -1
0.1 103 751 -1
0.1 752 109 -1
0.1 747 753 -1
0.1 745 754 -1
0.1 110 111 -1
0.1 755 756 -1
0.1 112 113 -1
0.1 114 115 -1
0.1 117 118 -1
0.1 116 760 -1
0.1 120 121 -1
0.1 119 762 -1
0.1 761 763 -1
0.1 759 764 -1
0.1 758 765 -1
0.1 124 125 -1
0.1 126 127 -1
0.1 128 129 -1
0.1 768 769 -1
0.1 767 770 -1
0.1 123 771 -1
0.1 130 131 -1
0.1 773 132 -1
0.1 772 774 -1
0.1 136 137 -1
0.1 135 776 -1
0.1 134 777 -1
0.1 133 778 -1
0.1 138 139 -1
0.1 141 142 -1
0.1 140 781 -1
0.1 780 782 -1
0.1 779 783 -1
0.1 775 784 -1
0.1 122 785 -1
0.1 144 145 -1
0.1 143 787 -1
0.1 146 147 -1
0.1 788 789 -1
0.1 150 151 -1
0.1 149 791 -1
0.1 148 792 -1
0.1 153 154 -1
0.1 152 794 -1
0.1 155 156 -1
0.1 796 157 -1
0.1 795 797 -1
0.1 159 160 -1
0.1 158 799 -1
0.1 798 800 -1
0.1 801 161 -1
0.1 793 802 -1
0.1 790 803 -1
0.1 786 804 -1
0.1 766 805 -1
0.1 757 806 -1
0.1 738 807 -1
0.1 163 164 -1
0.1 162 809 -1
0.1 165 166 -1
0.1 169 170 -1
0.1 168 812 -1
0.1 167 813 -1
0.1 811 814 -1
0.1 815 171 -1
0.1 172 173 -1
0.1 174 175 -1
0.1 818 176 -1
0.1 817 819 -1
0.1 816 820 -1
0.1 810 821 -1
0.1 808 822 -1
0.1 177 178 -1
0.1 180 181 -1
0.1 179 825 -1
0.1 824 826 -1
0.1 182 183 -1
0.1 184 185 -1
0.1 829 186 -1
0.1 828 830 -1
0.1 827 831 -1
0.1 823 832 -1
0.1 187 188 -1
0.1 190 191 -1
0.1 189 835 -1
0.1 193 194 -1
0.1 837 195 -1
0.1 192 838 -1
0.1 836 839 -1
0.1 196 197 -1
0.1 198 199 -1
0.1 201 202 -1
0.1 843 203 -1
0.1 200 844 -1
0.1 842 845 -1
0.1 204 205 -1
0.1 846 847 -1
0.1 841 848 -1
0.1 849 206 -1
0.1 840 850 -1
0.1 834 851 -1
0.1 209 210 -1
0.1 208 853 -1
0.1 207 854 -1
0.1 211 212 -1
0.1 855 856 -1
0.1 213 214 -1
0.1 857 858 -1
0.1 215 216 -1
0.1 859 860 -1
0.1 852 861 -1
0.1 862 217 -1
0.1 863 218 -1
0.1 833 864 -1
0.1 734 865 -1
0.1 701 866 -1
0.1 219 220 -1
0.1 867 868 -1
0.1 222 223 -1
0.1 227 228 -1
0.1 226 871 -1
0.1 225 872 -1
0.1 224 873 -1
0.1 230 231 -1
0.1 229 875 -1
0.1 874 876 -1
0.1 870 877 -1
0.1 232 233 -1
0.1 234 235 -1
0.1 879 880 -1
0.1 878 881 -1
0.1 237 238 -1
0.1 236 883 -1
0.1 239 240 -1
0.1 884 885 -1
0.1 882 886 -1
0.1 221 887 -1
0.1 243 244 -1
0.1 242 889 -1
0.1 246 247 -1
0.1 248 249 -1
0.1 891 892 -1
0.1 245 893 -1
0.1 890 894 -1
0.1 895 250 -1
0.1 241 896 -1
0.1 252 253 -1
0.1 254 255 -1
0.1 256 257 -1
0.1 258 259 -1
0.1 900 901 -1
0.1 902 260 -1
0.1 899 903 -1
0.1 904 261 -1
0.1 898 905 -1
0.1 251 906 -1
0.1 897 907 -1
0.1 262 263 -1
0.1 264 265 -1
0.1 267 268 -1
0.1 270 271 -1
0.1 269 912 -1
0.1 911 913 -1
0.1 266 914 -1
0.1 910 915 -1
0.1 909 916 -1
0.1 272 273 -1
0.1 918 274 -1
0.1 278 279 -1
0.1 277 920 -1
0.1 276 921 -1
0.1 283 284 -1
0.1 282 923 -1
0.1 285 286 -1
0.1 924 925 -1
0.1 926 287 -1
0.1 281 927 -1
0.1 288 289 -1
0.1 928 929 -1
0.1 280 930 -1
0.1 922 931 -1
0.1 932 290 -1
0.1 275 933 -1
0.1 919 934 -1
0.1 917 935 -1
0.1 908 936 -1
0.1 888 937 -1
0.1 292 293 -1
0.1 291 939 -1
0.1 296 297 -1
0.1 295 941 -1
0.1 294 942 -1
0.1 299 300 -1
0.1 298 944 -1
0.1 301 302 -1
0.1 303 304 -1
0.1 305 306 -1
0.1 947 948 -1
0.1 946 949 -1
0.1 945 950 -1
0.1 951 307 -1
0.1 308 309 -1
0.1 312 313 -1
0.1 954 314 -1
0.1 311 955 -1
0.1 310 956 -1
0.1 953 957 -1
0.1 315 316 -1
0.1 959 317 -1
0.1 958 960 -1
0.1 952 961 -1
0.1 319 320 -1
0.1 318 963 -1
0.1 962 964 -1
0.1 943 965 -1
0.1 940 966 -1
0.1 322 323 -1
0.1 321 968 -1
0.1 324 325 -1
0.1 969 970 -1
0.1 967 971 -1
0.1 972 326 -1
0.1 330 331 -1
0.1 329 974 -1
0.1 328 975 -1
0.1 976 332 -1
0.1 335 336 -1
0.1 334 978 -1
0.1 337 338 -1
0.1 979 980 -1
0.1 333 981 -1
0.1 977 982 -1
0.1 339 340 -1
0.1 983 984 -1
0.1 327 985 -1
0.1 973 986 -1
0.1 938 987 -1
0.1 869 988 -1
0.1 346 347 -1
0.1 345 990 -1
0.1 348 349 -1
0.1 991 992 -1
0.1 350 351 -1
0.1 353 354 -1
0.1 352 995 -1
0.1 994 996 -1
0.1 993 997 -1
0.1 344 998 -1
0.1 343 999 -1
0.1 358 359 -1
0.1 362 363 -1
0.1 361 1002 -1
0.1 360 1003 -1
0.1 365 366 -1
0.1 364 1005 -1
0.1 1006 367 -1
0.1 1004 1007 -1
0.1 1001 1008 -1
0.1 357 1009 -1
0.1 1010 368 -1
0.1 1011 369 -1
0.1 356 1012 -1
0.1 355 1013 -1
0.1 1000 1014 -1
0.1 342 1015 -1
0.1 341 1016 -1
0.1 373 374 -1
0.1 372 1018 -1
0.1 371 1019 -1
0.1 370 1020 -1
0.1 376 377 -1
0.1 378 379 -1
0.1 1022 1023 -1
0.1 375 1024 -1
0.1 380 381 -1
0.1 384 385 -1
0.1 386 387 -1
0.1 1027 1028 -1
0.1 383 1029 -1
0.1 388 389 -1
0.1 1030 1031 -1
0.1 390 391 -1
0.1 1033 392 -1
0.1 1032 1034 -1
0.1 1035 393 -1
0.1 382 1036 -1
0.1 1026 1037 -1
0.1 1025 1038 -1
0.1 395 396 -1
0.1 397 398 -1
0.1 1040 1041 -1
0.1 394 1042 -1
0.1 402 403 -1
0.1 401 1044 -1
0.1 400 1045 -1
0.1 399 1046 -1
0.1 1043 1047 -1
0.1 408 409 -1
0.1 407 1049 -1
0.1 411 412 -1
0.1 413 414 -1
0.1 1051 1052 -1
0.1 410 1053 -1
0.1 1050 1054 -1
0.1 406 1055 -1
0.1 405 1056 -1
0.1 404 1057 -1
0.1 1048 1058 -1
0.1 1039 1059 -1
0.1 416 417 -1
0.1 1061 418 -1
0.1 415 1062 -1
0.1 1063 419 -1
0.1 1060 1064 -1
0.1 1021 1065 -1
0.1 422 423 -1
0.1 421 1067 -1
0.1 420 1068 -1
0.1 424 425 -1
0.1 426 427 -1
0.1 428 429 -1
0.1 1071 1072 -1
0.1 1070 1073 -1
0.1 1069 1074 -1
0.1 1066 1075 -1
0.1 1076 430 -1
0.1 1017 1077 -1
0.1 432 433 -1
0.1 431 1079 -1
0.1 1080 434 -1
0.1 435 436 -1
0.1 437 438 -1
0.1 439 440 -1
0.1 1083 1084 -1
0.1 1082 1085 -1
0.1 1081 1086 -1
0.1 441 442 -1
0.1 443 444 -1
0.1 445 446 -1
0.1 1089 1090 -1
0.1 1091 447 -1
0.1 1092 448 -1
0.1 1088 1093 -1
0.1 449 450 -1
0.1 454 455 -1
0.1 456 457 -1
0.1 1097 458 -1
0.1 1096 1098 -1
0.1 453 1099 -1
0.1 452 1100 -1
0.1 451 1101 -1
0.1 459 460 -1
0.1 1102 1103 -1
0.1 1095 1104 -1
0.1 1094 1105 -1
0.1 462 463 -1
0.1 461 1107 -1
0.1 464 465 -1
0.1 468 469 -1
0.1 467 1110 -1
0.1 470 471 -1
0.1 474 475 -1
0.1 473 1113 -1
0.1 478 479 -1
0.1 477 1115 -1
0.1 476 1116 -1
0.1 1114 1117 -1
0.1 472 1118 -1
0.1 1112 1119 -1
0.1 480 481 -1
0.1 1120 1121 -1
0.1 1122 482 -1
0.1 483 484 -1
0.1 485 486 -1
0.1 1124 1125 -1
0.1 1123 1126 -1
0.1 1111 1127 -1
0.1 1128 487 -1
0.1 466 1129 -1
0.1 1109 1130 -1
0.1 1108 1131 -1
0.1 493 494 -1
0.1 492 1133 -1
0.1 495 496 -1
0.1 1135 497 -1
0.1 1134 1136 -1
0.1 491 1137 -1
0.1 490 1138 -1
0.1 498 499 -1
0.1 1139 1140 -1
0.1 489 1141 -1
0.1 500 501 -1
0.1 503 504 -1
0.1 1144 505 -1
0.1 502 1145 -1
0.1 506 507 -1
0.1 509 510 -1
0.1 508 1148 -1
0.1 1147 1149 -1
0.1 1146 1150 -1
0.1 513 514 -1
0.1 512 1152 -1
0.1 511 1153 -1
0.1 1151 1154 -1
0.1 1155 515 -1
0.1 1143 1156 -1
0.1 517 518 -1
0.1 520 521 -1
0.1 1159 522 -1
0.1 519 1160 -1
0.1 524 525 -1
0.1 1162 526 -1
0.1 523 1163 -1
0.1 1161 1164 -1
0.1 1158 1165 -1
0.1 529 530 -1
0.1 528 1167 -1
0.1 527 1168 -1
0.1 532 533 -1
0.1 531 1170 -1
0.1 1171 534 -1
0.1 535 536 -1
0.1 1172 1173 -1
0.1 1169 1174 -1
0.1 1166 1175 -1
0.1 516 1176 -1
0.1 1157 1177 -1
0.1 537 538 -1
0.1 540 541 -1
0.1 539 1180 -1
0.1 543 544 -1
0.1 542 1182 -1
0.1 545 546 -1
0.1 1183 1184 -1
0.1 1181 1185 -1
0.1 1179 1186 -1
0.1 1178 1187 -1
0.1 549 550 -1
0.1 1189 551 -1
0.1 548 1190 -1
0.1 547 1191 -1
0.1 552 553 -1
0.1 554 555 -1
0.1 1194 556 -1
0.1 1193 1195 -1
0.1 1192 1196 -1
0.1 1188 1197 -1
0.1 557 558 -1
0.1 559 560 -1
0.1 1199 1200 -1
0.1 1201 561 -1
0.1 562 563 -1
0.1 564 565 -1
0.1 1203 1204 -1
0.1 566 567 -1
0.1 568 569 -1
0.1 1206 1207 -1
0.1 570 571 -1
0.1 572 573 -1
0.1 574 575 -1
0.1 1210 1211 -1
0.1 1209 1212 -1
0.1 1208 1213 -1
0.1 1205 1214 -1
0.1 1202 1215 -1
0.1 1198 1216 -1
0.1 576 577 -1
0.1 578 579 -1
0.1 1218 1219 -1
0.1 582 583 -1
0.1 581 1221 -1
0.1 580 1222 -1
0.1 584 585 -1
0.1 1223 1224 -1
0.1 1220 1225 -1
0.1 588 589 -1
0.1 587 1227 -1
0.1 590 591 -1
0.1 593 594 -1
0.1 592 1230 -1
0.1 1231 595 -1
0.1 1229 1232 -1
0.1 1228 1233 -1
0.1 586 1234 -1
0.1 597 598 -1
0.1 596 1236 -1
0.1 599 600 -1
0.1 602 603 -1
0.1 601 1239 -1
0.1 604 605 -1
0.1 1240 1241 -1
0.1 1238 1242 -1
0.1 1237 1243 -1
0.1 607 608 -1
0.1 606 1245 -1
0.1 609 610 -1
0.1 1246 1247 -1
0.1 1244 1248 -1
0.1 1235 1249 -1
0.1 1250 611 -1
0.1 1251 612 -1
0.1 613 614 -1
0.1 1253 615 -1
0.1 616 617 -1
0.1 1255 618 -1
0.1 1254 1256 -1
0.1 621 622 -1
0.1 620 1258 -1
0.1 619 1259 -1
0.1 1257 1260 -1
0.1 625 626 -1
0.1 624 1262 -1
0.1 628 629 -1
0.1 631 632 -1
0.1 630 1265 -1
0.1 1264 1266 -1
0.1 627 1267 -1
0.1 1263 1268 -1
0.1 623 1269 -1
0.1 1261 1270 -1
0.1 634 635 -1
0.1 633 1272 -1
0.1 1271 1273 -1
0.1 1252 1274 -1
0.1 1226 1275 -1
0.1 636 637 -1
0.1 639 640 -1
0.1 1278 641 -1
0.1 644 645 -1
0.1 646 647 -1
0.1 1281 648 -1
0.1 1280 1282 -1
0.1 643 1283 -1
0.1 642 1284 -1
0.1 1279 1285 -1
0.1 638 1286 -1
0.1 1277 1287 -1
0.1 1276 1288 -1
0.1 1217 1289 -1
0.1 1142 1290 -1
0.1 649 650 -1
0.1 1291 1292 -1
0.1 488 1293 -1
0.1 1132 1294 -1
0.1 1106 1295 -1
0.1 1087 1296 -1
0.1 1078 1297 -1
0.1 989 1298 -1
