1 0 0 1
1 0 0 1
1 0 0 1
1 0 0 1
1 0 0 1
1 0 0 1
1 0 0 1
1 0 0 1
1 0 0 1
1 0 0 1
1 0 0 2
1 0 0 2
1 0 0 2
1 0 0 3
1 0 0 3
1 0 0 3
1 0 0 3
1 0 0 3
1 0 0 3
1 0 0 3
1 0 0 3
1 0 0 3
1 0 0 3
1 0 0 2
1 0 0 2
1 0 0 2
1 0 0 2
1 0 0 2
1 0 0 2
1 0 0 4
1 0 0 4
1 0 0 4
1 0 0 4
1 0 0 4
1 0 0 4
1 0 0 4
1 0 0 4
1 0 0 4
1 0 0 4
1 0 0 2
1 0 0 5
1 0 0 5
1 0 0 5
1 0 0 5
1 0 0 5
1 0 0 5
1 0 0 5
1 0 0 5
1 0 0 5
1 0 0 5
1 0 0 6
1 0 0 6
1 0 0 6
1 0 0 6
1 0 0 6
1 0 0 6
1 0 0 6
1 0 0 6
1 0 0 6
1 0 0 6
1 0 0 7
1 0 0 7
1 0 0 7
1 0 0 7
1 0 0 7
1 0 0 7
1 0 0 7
1 0 0 7
1 0 0 7
1 0 0 7
1 0 0 8
1 0 0 9
1 0 0 9
1 0 0 9
1 0 0 9
1 0 0 9
1 0 0 10
1 0 0 10
1 0 0 10
1 0 0 10
1 0 0 10
1 0 0 10
1 0 0 10
1 0 0 11
1 0 0 11
1 0 0 11
1 0 0 11
1 0 0 11
1 0 0 11
1 0 0 11
1 0 0 11
1 0 0 11
1 0 0 11
1 0 0 12
1 0 0 12
1 0 0 12
1 0 0 12
1 0 0 12
1 0 0 12
1 0 0 12
1 0 0 12
1 0 0 12
1 0 0 12
1 0 0 10
1 0 0 10
1 0 0 10
1 0 0 9
1 0 0 8
1 0 0 8
1 0 0 8
1 0 0 8
1 0 0 8
1 0 0 8
1 0 0 9
1 0 0 8
1 0 0 8
1 0 0 8
1 0 0 9
1 0 0 9
1 0 0 9
1 0 0 13
1 0 0 13
1 0 0 13
1 0 0 13
1 0 0 13
1 0 0 14
1 0 0 14
1 0 0 14
1 0 0 14
1 0 0 14
1 0 0 15
1 0 0 15
1 0 0 15
1 0 0 15
1 0 0 15
1 0 0 15
1 0 0 15
1 0 0 15
1 0 0 15
1 0 0 15
1 0 0 14
1 0 0 14
1 0 0 14
1 0 0 14
1 0 0 14
1 0 0 13
1 0 0 13
1 0 0 16
1 0 0 16
1 0 0 16
1 0 0 16
1 0 0 16
1 0 0 16
1 0 0 16
1 0 0 16
1 0 0 16
1 0 0 16
1 0 0 17
1 0 0 17
1 0 0 18
1 0 0 18
1 0 0 18
1 0 0 18
1 0 0 18
1 0 0 18
1 0 0 19
1 0 0 19
1 0 0 19
1 0 0 19
1 0 0 20
1 0 0 20
1 0 0 20
1 0 0 20
1 0 0 20
1 0 0 20
1 0 0 20
1 0 0 20
1 0 0 20
1 0 0 20
1 0 0 19
1 0 0 19
1 0 0 19
1 0 0 19
1 0 0 19
1 0 0 21
1 0 0 21
1 0 0 21
1 0 0 21
1 0 0 21
1 0 0 21
1 0 0 21
1 0 0 21
1 0 0 21
1 0 0 21
1 0 0 22
1 0 0 22
1 0 0 22
1 0 0 22
1 0 0 22
1 0 0 22
1 0 0 22
1 0 0 22
1 0 0 22
1 0 0 22
1 0 0 23
1 0 0 23
1 0 0 23
1 0 0 23
1 0 0 23
1 0 0 23
1 0 0 23
1 0 0 23
1 0 0 23
1 0 0 23
1 0 0 19
1 0 0 18
1 0 0 18
1 0 0 18
1 0 0 18
1 0 0 24
1 0 0 24
1 0 0 24
1 0 0 24
1 0 0 24
1 0 0 24
1 0 0 24
1 0 0 24
1 0 0 24
1 0 0 24
1 0 0 17
1 0 0 25
1 0 0 25
1 0 0 25
1 0 0 25
1 0 0 25
1 0 0 26
1 0 0 26
1 0 0 26
1 0 0 26
1 0 0 26
1 0 0 26
1 0 0 26
1 0 0 26
1 0 0 26
1 0 0 26
1 0 0 25
1 0 0 25
1 0 0 25
1 0 0 25
1 0 0 25
1 0 0 27
1 0 0 27
1 0 0 27
1 0 0 27
1 0 0 27
1 0 0 27
1 0 0 27
1 0 0 27
1 0 0 27
1 0 0 27
1 0 0 17
1 0 0 28
1 0 0 28
1 0 0 28
1 0 0 28
1 0 0 28
1 0 0 28
1 0 0 29
1 0 0 29
1 0 0 29
1 0 0 29
1 0 0 29
1 0 0 29
1 0 0 29
1 0 0 29
1 0 0 29
1 0 0 29
1 0 0 28
1 0 0 28
1 0 0 28
1 0 0 28
1 0 0 30
1 0 0 30
1 0 0 30
1 0 0 30
1 0 0 30
1 0 0 30
1 0 0 30
1 0 0 30
1 0 0 30
1 0 0 30
1 0 0 17
1 0 0 17
1 0 0 17
1 0 0 31
1 0 0 31
1 0 0 31
1 0 0 31
1 0 0 31
1 0 0 31
1 0 0 31
1 0 0 31
1 0 0 31
1 0 0 17
1 0 0 17
1 0 0 31
1 0 0 17
1 0 0 13
1 0 0 13
1 0 0 13
1 0 0 32
1 0 0 32
1 0 0 32
1 0 0 32
1 0 0 32
1 0 0 32
1 0 0 32
1 0 0 32
1 0 0 32
1 0 0 32
1 0 0 33
1 0 0 33
1 0 0 33
1 0 0 33
1 0 0 33
1 0 0 33
1 0 0 33
1 0 0 33
1 0 0 33
1 0 0 33
1 0 0 34
1 0 0 34
1 0 0 35
1 0 0 35
1 0 0 35
1 0 0 35
1 0 0 35
1 0 0 35
1 0 0 35
1 0 0 35
1 0 0 35
1 0 0 35
1 0 0 36
1 0 0 36
1 0 0 36
1 0 0 36
1 0 0 36
1 0 0 36
1 0 0 36
1 0 0 36
1 0 0 36
1 0 0 36
1 0 0 37
1 0 0 37
1 0 0 37
1 0 0 37
1 0 0 37
1 0 0 37
1 0 0 37
1 0 0 37
1 0 0 37
1 0 0 37
1 0 0 34
1 0 0 34
1 0 0 34
1 0 0 34
1 0 0 38
1 0 0 38
1 0 0 38
1 0 0 38
1 0 0 38
1 0 0 39
1 0 0 39
1 0 0 39
1 0 0 39
1 0 0 39
1 0 0 39
1 0 0 39
1 0 0 39
1 0 0 39
1 0 0 39
1 0 0 38
1 0 0 40
1 0 0 40
1 0 0 40
1 0 0 40
1 0 0 40
1 0 0 40
1 0 0 40
1 0 0 40
1 0 0 40
1 0 0 40
1 0 0 38
1 0 0 38
1 0 0 38
1 0 0 38
1 0 0 41
1 0 0 41
1 0 0 41
1 0 0 41
1 0 0 41
1 0 0 41
1 0 0 41
1 0 0 41
1 0 0 41
1 0 0 41
1 0 0 42
1 0 0 42
1 0 0 42
1 0 0 42
1 0 0 42
1 0 0 42
1 0 0 42
1 0 0 42
1 0 0 42
1 0 0 42
1 0 0 34
1 0 0 34
1 0 0 43
1 0 0 43
1 0 0 43
1 0 0 43
1 0 0 43
1 0 0 44
1 0 0 44
1 0 0 44
1 0 0 44
1 0 0 44
1 0 0 44
1 0 0 44
1 0 0 44
1 0 0 44
1 0 0 44
1 0 0 45
1 0 0 45
1 0 0 45
1 0 0 45
1 0 0 45
1 0 0 45
1 0 0 46
1 0 0 46
1 0 0 46
1 0 0 46
1 0 0 46
1 0 0 46
1 0 0 46
1 0 0 46
1 0 0 46
1 0 0 46
1 0 0 45
1 0 0 45
1 0 0 45
1 0 0 45
1 0 0 47
1 0 0 47
1 0 0 47
1 0 0 47
1 0 0 47
1 0 0 47
1 0 0 47
1 0 0 47
1 0 0 47
1 0 0 47
1 0 0 48
1 0 0 48
1 0 0 48
1 0 0 48
1 0 0 48
1 0 0 48
1 0 0 48
1 0 0 48
1 0 0 48
1 0 0 48
1 0 0 49
1 0 0 49
1 0 0 49
1 0 0 49
1 0 0 49
1 0 0 49
1 0 0 49
1 0 0 49
1 0 0 50
1 0 0 50
1 0 0 50
1 0 0 50
1 0 0 50
1 0 0 50
1 0 0 50
1 0 0 50
1 0 0 50
1 0 0 50
1 0 0 49
1 0 0 49
1 0 0 51
1 0 0 51
1 0 0 51
1 0 0 51
1 0 0 51
1 0 0 51
1 0 0 51
1 0 0 51
1 0 0 51
1 0 0 51
1 0 0 43
1 0 0 43
1 0 0 43
1 0 0 43
1 0 0 43
1 0 0 52
1 0 0 52
1 0 0 52
1 0 0 52
1 0 0 52
1 0 0 52
1 0 0 52
1 0 0 52
1 0 0 52
1 0 0 52
1 0 0 34
1 0 0 53
1 0 0 53
1 0 0 53
1 0 0 53
1 0 0 53
1 0 0 53
1 0 0 53
1 0 0 53
1 0 0 54
1 0 0 54
1 0 0 54
1 0 0 54
1 0 0 54
1 0 0 54
1 0 0 54
1 0 0 54
1 0 0 54
1 0 0 54
1 0 0 55
1 0 0 55
1 0 0 55
1 0 0 55
1 0 0 55
1 0 0 55
1 0 0 55
1 0 0 55
1 0 0 55
1 0 0 55
1 0 0 53
1 0 0 53
1 0 0 34
1 0 0 56
1 0 0 57
1 0 0 57
1 0 0 57
1 0 0 57
1 0 0 57
1 0 0 57
1 0 0 57
1 0 0 57
1 0 0 57
1 0 0 57
1 0 0 58
1 0 0 59
1 0 0 59
1 0 0 59
1 0 0 59
1 0 0 59
1 0 0 59
1 0 0 59
1 0 0 59
1 0 0 59
1 0 0 59
1 0 0 58
1 0 0 60
1 0 0 60
1 0 0 60
1 0 0 60
1 0 0 60
1 0 0 60
1 0 0 60
1 0 0 60
1 0 0 60
1 0 0 60
1 0 0 58
1 0 0 61
1 0 0 61
1 0 0 61
1 0 0 61
1 0 0 61
1 0 0 61
1 0 0 61
1 0 0 61
1 0 0 61
1 0 0 61
1 0 0 58
1 0 0 58
1 0 0 58
1 0 0 58
1 0 0 58
1 0 0 58
1 0 0 58
1 0 0 62
1 0 0 62
1 0 0 62
1 0 0 62
1 0 0 62
1 0 0 62
1 0 0 62
1 0 0 62
1 0 0 62
1 0 0 62
1 0 0 56
1 0 0 56
1 0 0 63
1 0 0 63
1 0 0 63
1 0 0 63
1 0 0 63
1 0 0 63
1 0 0 63
1 0 0 63
1 0 0 63
1 0 0 63
1 0 0 56
1 0 0 56
1 0 0 56
1 0 0 56
1 0 0 64
1 0 0 64
1 0 0 64
1 0 0 64
1 0 0 64
1 0 0 64
1 0 0 64
1 0 0 64
1 0 0 64
1 0 0 64
1 0 0 56
1 0 0 56
1 0 0 56
1 0 0 65
1 0 0 65
1 0 0 65
1 0 0 65
1 0 0 65
1 0 0 65
1 0 0 65
1 0 0 65
1 0 0 65
1 0 0 65
0.1 1 2 -1
0.1 5 6 -1
0.1 4 652 -1
0.1 7 8 -1
0.1 653 654 -1
0.1 3 655 -1
0.1 651 656 -1
0.1 9 10 -1
0.1 657 658 -1
0.1 11 12 -1
0.1 660 13 -1
0.1 18 19 -1
0.1 20 21 -1
0.1 662 663 -1
0.1 664 22 -1
0.1 17 665 -1
0.1 16 666 -1
0.1 15 667 -1
0.1 668 23 -1
0.1 14 669 -1
0.1 24 25 -1
0.1 670 671 -1
0.1 27 28 -1
0.1 26 673 -1
0.1 674 29 -1
0.1 672 675 -1
0.1 661 676 -1
0.1 33 34 -1
0.1 32 678 -1
0.1 36 37 -1
0.1 38 39 -1
0.1 680 681 -1
0.1 35 682 -1
0.1 679 683 -1
0.1 31 684 -1
0.1 30 685 -1
0.1 41 42 -1
0.1 43 44 -1
0.1 687 688 -1
0.1 689 45 -1
0.1 46 47 -1
0.1 690 691 -1
0.1 692 48 -1
0.1 49 50 -1
0.1 693 694 -1
0.1 40 695 -1
0.1 686 696 -1
0.1 677 697 -1
0.1 659 698 -1
0.1 53 54 -1
0.1 52 700 -1
0.1 57 58 -1
0.1 56 702 -1
0.1 55 703 -1
0.1 701 704 -1
0.1 51 705 -1
0.1 59 60 -1
0.1 706 707 -1
0.1 61 62 -1
0.1 63 64 -1
0.1 709 710 -1
0.1 708 711 -1
0.1 65 66 -1
0.1 68 69 -1
0.1 67 714 -1
0.1 713 715 -1
0.1 712 716 -1
0.1 717 70 -1
0.1 699 718 -1
0.1 73 74 -1
0.1 72 720 -1
0.1 75 76 -1
0.1 78 79 -1
0.1 77 723 -1
0.1 82 83 -1
0.1 81 725 -1
0.1 80 726 -1
0.1 85 86 -1
0.1 728 87 -1
0.1 88 89 -1
0.1 90 91 -1
0.1 92 93 -1
0.1 731 732 -1
0.1 730 733 -1
0.1 729 734 -1
0.1 84 735 -1
0.1 95 96 -1
0.1 94 737 -1
0.1 97 98 -1
0.1 101 102 -1
0.1 100 740 -1
0.1 741 103 -1
0.1 99 742 -1
0.1 739 743 -1
0.1 738 744 -1
0.1 736 745 -1
0.1 104 105 -1
0.1 747 106 -1
0.1 746 748 -1
0.1 727 749 -1
0.1 724 750 -1
0.1 722 751 -1
0.1 721 752 -1
0.1 753 107 -1
0.1 754 108 -1
0.1 755 109 -1
0.1 71 756 -1
0.1 113 114 -1
0.1 112 758 -1
0.1 111 759 -1
0.1 110 760 -1
0.1 757 761 -1
0.1 116 117 -1
0.1 115 763 -1
0.1 762 764 -1
0.1 118 119 -1
0.1 766 120 -1
0.1 765 767 -1
0.1 719 768 -1
0.1 122 123 -1
0.1 121 770 -1
0.1 124 125 -1
0.1 127 128 -1
0.1 126 773 -1
0.1 129 130 -1
0.1 774 775 -1
0.1 134 135 -1
0.1 133 777 -1
0.1 132 778 -1
0.1 137 138 -1
0.1 136 780 -1
0.1 779 781 -1
0.1 131 782 -1
0.1 139 140 -1
0.1 783 784 -1
0.1 141 142 -1
0.1 785 786 -1
0.1 787 143 -1
0.1 144 145 -1
0.1 788 789 -1
0.1 776 790 -1
0.1 791 146 -1
0.1 792 147 -1
0.1 772 793 -1
0.1 148 149 -1
0.1 153 154 -1
0.1 796 155 -1
0.1 156 157 -1
0.1 797 798 -1
0.1 152 799 -1
0.1 151 800 -1
0.1 150 801 -1
0.1 795 802 -1
0.1 158 159 -1
0.1 160 161 -1
0.1 163 164 -1
0.1 162 806 -1
0.1 807 165 -1
0.1 805 808 -1
0.1 166 167 -1
0.1 810 168 -1
0.1 171 172 -1
0.1 170 812 -1
0.1 173 174 -1
0.1 175 176 -1
0.1 815 177 -1
0.1 178 179 -1
0.1 816 817 -1
0.1 814 818 -1
0.1 813 819 -1
0.1 181 182 -1
0.1 180 821 -1
0.1 183 184 -1
0.1 822 823 -1
0.1 820 824 -1
0.1 187 188 -1
0.1 190 191 -1
0.1 189 827 -1
0.1 826 828 -1
0.1 186 829 -1
0.1 193 194 -1
0.1 192 831 -1
0.1 830 832 -1
0.1 185 833 -1
0.1 825 834 -1
0.1 169 835 -1
0.1 196 197 -1
0.1 837 198 -1
0.1 201 202 -1
0.1 200 839 -1
0.1 203 204 -1
0.1 840 841 -1
0.1 199 842 -1
0.1 838 843 -1
0.1 195 844 -1
0.1 206 207 -1
0.1 205 846 -1
0.1 847 208 -1
0.1 210 211 -1
0.1 209 849 -1
0.1 212 213 -1
0.1 851 214 -1
0.1 850 852 -1
0.1 848 853 -1
0.1 845 854 -1
0.1 836 855 -1
0.1 811 856 -1
0.1 857 215 -1
0.1 216 217 -1
0.1 218 219 -1
0.1 859 860 -1
0.1 858 861 -1
0.1 809 862 -1
0.1 221 222 -1
0.1 223 224 -1
0.1 865 225 -1
0.1 864 866 -1
0.1 220 867 -1
0.1 227 228 -1
0.1 226 869 -1
0.1 870 229 -1
0.1 868 871 -1
0.1 872 230 -1
0.1 863 873 -1
0.1 804 874 -1
0.1 232 233 -1
0.1 234 235 -1
0.1 876 877 -1
0.1 236 237 -1
0.1 238 239 -1
0.1 240 241 -1
0.1 880 881 -1
0.1 879 882 -1
0.1 242 243 -1
0.1 244 245 -1
0.1 884 885 -1
0.1 883 886 -1
0.1 246 247 -1
0.1 248 249 -1
0.1 888 889 -1
0.1 887 890 -1
0.1 891 250 -1
0.1 878 892 -1
0.1 231 893 -1
0.1 252 253 -1
0.1 251 895 -1
0.1 254 255 -1
0.1 896 897 -1
0.1 259 260 -1
0.1 258 899 -1
0.1 257 900 -1
0.1 256 901 -1
0.1 898 902 -1
0.1 265 266 -1
0.1 264 904 -1
0.1 263 905 -1
0.1 270 271 -1
0.1 269 907 -1
0.1 268 908 -1
0.1 272 273 -1
0.1 276 277 -1
0.1 275 911 -1
0.1 274 912 -1
0.1 910 913 -1
0.1 909 914 -1
0.1 279 280 -1
0.1 278 916 -1
0.1 915 917 -1
0.1 267 918 -1
0.1 906 919 -1
0.1 920 281 -1
0.1 262 921 -1
0.1 261 922 -1
0.1 282 283 -1
0.1 285 286 -1
0.1 284 925 -1
0.1 287 288 -1
0.1 927 289 -1
0.1 290 291 -1
0.1 928 929 -1
0.1 926 930 -1
0.1 924 931 -1
0.1 292 293 -1
0.1 932 933 -1
0.1 923 934 -1
0.1 296 297 -1
0.1 936 298 -1
0.1 295 937 -1
0.1 299 300 -1
0.1 939 301 -1
0.1 302 303 -1
0.1 940 941 -1
0.1 938 942 -1
0.1 304 305 -1
0.1 944 306 -1
0.1 943 945 -1
0.1 294 946 -1
0.1 947 307 -1
0.1 935 948 -1
0.1 903 949 -1
0.1 894 950 -1
0.1 875 951 -1
0.1 803 952 -1
0.1 308 309 -1
0.1 953 954 -1
0.1 955 310 -1
0.1 794 956 -1
0.1 771 957 -1
0.1 311 312 -1
0.1 315 316 -1
0.1 960 317 -1
0.1 319 320 -1
0.1 318 962 -1
0.1 961 963 -1
0.1 314 964 -1
0.1 313 965 -1
0.1 959 966 -1
0.1 321 322 -1
0.1 967 968 -1
0.1 323 324 -1
0.1 325 326 -1
0.1 327 328 -1
0.1 971 972 -1
0.1 973 329 -1
0.1 974 330 -1
0.1 970 975 -1
0.1 969 976 -1
0.1 958 977 -1
0.1 769 978 -1
0.1 331 332 -1
0.1 336 337 -1
0.1 335 981 -1
0.1 334 982 -1
0.1 983 338 -1
0.1 333 984 -1
0.1 341 342 -1
0.1 340 986 -1
0.1 339 987 -1
0.1 985 988 -1
0.1 343 344 -1
0.1 345 346 -1
0.1 990 991 -1
0.1 348 349 -1
0.1 347 993 -1
0.1 351 352 -1
0.1 350 995 -1
0.1 994 996 -1
0.1 992 997 -1
0.1 356 357 -1
0.1 355 999 -1
0.1 354 1000 -1
0.1 353 1001 -1
0.1 359 360 -1
0.1 361 362 -1
0.1 1003 1004 -1
0.1 358 1005 -1
0.1 1002 1006 -1
0.1 998 1007 -1
0.1 989 1008 -1
0.1 364 365 -1
0.1 363 1010 -1
0.1 1011 366 -1
0.1 1009 1012 -1
0.1 367 368 -1
0.1 370 371 -1
0.1 373 374 -1
0.1 1016 375 -1
0.1 372 1017 -1
0.1 378 379 -1
0.1 377 1019 -1
0.1 376 1020 -1
0.1 380 381 -1
0.1 1021 1022 -1
0.1 1018 1023 -1
0.1 1015 1024 -1
0.1 369 1025 -1
0.1 386 387 -1
0.1 385 1027 -1
0.1 384 1028 -1
0.1 390 391 -1
0.1 1030 392 -1
0.1 389 1031 -1
0.1 388 1032 -1
0.1 1029 1033 -1
0.1 383 1034 -1
0.1 382 1035 -1
0.1 394 395 -1
0.1 393 1037 -1
0.1 1038 396 -1
0.1 1036 1039 -1
0.1 1026 1040 -1
0.1 1014 1041 -1
0.1 398 399 -1
0.1 397 1043 -1
0.1 402 403 -1
0.1 1045 404 -1
0.1 401 1046 -1
0.1 400 1047 -1
0.1 1048 405 -1
0.1 1044 1049 -1
0.1 1050 406 -1
0.1 1042 1051 -1
0.1 409 410 -1
0.1 412 413 -1
0.1 411 1054 -1
0.1 1053 1055 -1
0.1 408 1056 -1
0.1 414 415 -1
0.1 1057 1058 -1
0.1 407 1059 -1
0.1 1060 416 -1
0.1 417 418 -1
0.1 1061 1062 -1
0.1 1052 1063 -1
0.1 1013 1064 -1
0.1 419 420 -1
0.1 422 423 -1
0.1 421 1067 -1
0.1 1066 1068 -1
0.1 424 425 -1
0.1 426 427 -1
0.1 1071 428 -1
0.1 430 431 -1
0.1 429 1073 -1
0.1 1072 1074 -1
0.1 432 433 -1
0.1 1075 1076 -1
0.1 1070 1077 -1
0.1 435 436 -1
0.1 438 439 -1
0.1 437 1080 -1
0.1 1079 1081 -1
0.1 441 442 -1
0.1 444 445 -1
0.1 443 1084 -1
0.1 1083 1085 -1
0.1 440 1086 -1
0.1 447 448 -1
0.1 446 1088 -1
0.1 1089 449 -1
0.1 1087 1090 -1
0.1 450 451 -1
0.1 1092 452 -1
0.1 1093 453 -1
0.1 1091 1094 -1
0.1 1082 1095 -1
0.1 434 1096 -1
0.1 455 456 -1
0.1 457 458 -1
0.1 459 460 -1
0.1 1099 1100 -1
0.1 1098 1101 -1
0.1 454 1102 -1
0.1 462 463 -1
0.1 461 1104 -1
0.1 1103 1105 -1
0.1 466 467 -1
0.1 465 1107 -1
0.1 464 1108 -1
0.1 1109 468 -1
0.1 469 470 -1
0.1 472 473 -1
0.1 471 1112 -1
0.1 1111 1113 -1
0.1 1110 1114 -1
0.1 1106 1115 -1
0.1 1097 1116 -1
0.1 1078 1117 -1
0.1 475 476 -1
0.1 478 479 -1
0.1 477 1120 -1
0.1 1119 1121 -1
0.1 474 1122 -1
0.1 480 481 -1
0.1 1123 1124 -1
0.1 483 484 -1
0.1 482 1126 -1
0.1 487 488 -1
0.1 486 1128 -1
0.1 489 490 -1
0.1 1129 1130 -1
0.1 1131 491 -1
0.1 485 1132 -1
0.1 1127 1133 -1
0.1 1125 1134 -1
0.1 492 493 -1
0.1 1135 1136 -1
0.1 1118 1137 -1
0.1 1069 1138 -1
0.1 495 496 -1
0.1 494 1140 -1
0.1 498 499 -1
0.1 501 502 -1
0.1 1143 503 -1
0.1 500 1144 -1
0.1 1142 1145 -1
0.1 497 1146 -1
0.1 1141 1147 -1
0.1 504 505 -1
0.1 507 508 -1
0.1 506 1150 -1
0.1 1149 1151 -1
0.1 1148 1152 -1
0.1 1139 1153 -1
0.1 509 510 -1
0.1 512 513 -1
0.1 511 1156 -1
0.1 1155 1157 -1
0.1 515 516 -1
0.1 517 518 -1
0.1 1159 1160 -1
0.1 514 1161 -1
0.1 1158 1162 -1
0.1 1154 1163 -1
0.1 520 521 -1
0.1 1165 522 -1
0.1 1166 523 -1
0.1 524 525 -1
0.1 1167 1168 -1
0.1 526 527 -1
0.1 528 529 -1
0.1 532 533 -1
0.1 531 1172 -1
0.1 530 1173 -1
0.1 534 535 -1
0.1 536 537 -1
0.1 1175 1176 -1
0.1 1174 1177 -1
0.1 1171 1178 -1
0.1 1179 538 -1
0.1 539 540 -1
0.1 1181 541 -1
0.1 543 544 -1
0.1 542 1183 -1
0.1 1182 1184 -1
0.1 1185 545 -1
0.1 546 547 -1
0.1 1186 1187 -1
0.1 1180 1188 -1
0.1 1170 1189 -1
0.1 1169 1190 -1
0.1 548 549 -1
0.1 1191 1192 -1
0.1 1193 550 -1
0.1 519 1194 -1
0.1 1164 1195 -1
0.1 1065 1196 -1
0.1 980 1197 -1
0.1 554 555 -1
0.1 1199 556 -1
0.1 553 1200 -1
0.1 552 1201 -1
0.1 557 558 -1
0.1 559 560 -1
0.1 1203 1204 -1
0.1 1205 561 -1
0.1 563 564 -1
0.1 566 567 -1
0.1 565 1208 -1
0.1 1207 1209 -1
0.1 569 570 -1
0.1 571 572 -1
0.1 1211 1212 -1
0.1 568 1213 -1
0.1 1210 1214 -1
0.1 576 577 -1
0.1 1216 578 -1
0.1 582 583 -1
0.1 581 1218 -1
0.1 580 1219 -1
0.1 579 1220 -1
0.1 1217 1221 -1
0.1 575 1222 -1
0.1 574 1223 -1
0.1 573 1224 -1
0.1 1215 1225 -1
0.1 586 587 -1
0.1 585 1227 -1
0.1 588 589 -1
0.1 590 591 -1
0.1 593 594 -1
0.1 592 1231 -1
0.1 1230 1232 -1
0.1 1229 1233 -1
0.1 1228 1234 -1
0.1 1235 595 -1
0.1 596 597 -1
0.1 1236 1237 -1
0.1 584 1238 -1
0.1 1226 1239 -1
0.1 1240 598 -1
0.1 600 601 -1
0.1 599 1242 -1
0.1 1241 1243 -1
0.1 562 1244 -1
0.1 1206 1245 -1
0.1 1202 1246 -1
0.1 551 1247 -1
0.1 602 603 -1
0.1 604 605 -1
0.1 1249 1250 -1
0.1 606 607 -1
0.1 1251 1252 -1
0.1 608 609 -1
0.1 1254 610 -1
0.1 1255 611 -1
0.1 1253 1256 -1
0.1 1248 1257 -1
0.1 615 616 -1
0.1 1259 617 -1
0.1 614 1260 -1
0.1 618 619 -1
0.1 1261 1262 -1
0.1 622 623 -1
0.1 621 1264 -1
0.1 620 1265 -1
0.1 1263 1266 -1
0.1 1267 624 -1
0.1 1268 625 -1
0.1 613 1269 -1
0.1 628 629 -1
0.1 630 631 -1
0.1 1271 1272 -1
0.1 1273 632 -1
0.1 634 635 -1
0.1 633 1275 -1
0.1 636 637 -1
0.1 1276 1277 -1
0.1 1274 1278 -1
0.1 627 1279 -1
0.1 626 1280 -1
0.1 638 639 -1
0.1 1281 1282 -1
0.1 1270 1283 -1
0.1 612 1284 -1
0.1 1285 640 -1
0.1 1258 1286 -1
0.1 643 644 -1
0.1 642 1288 -1
0.1 641 1289 -1
0.1 645 646 -1
0.1 648 649 -1
0.1 1292 650 -1
0.1 647 1293 -1
0.1 1291 1294 -1
0.1 1290 1295 -1
0.1 1287 1296 -1
0.1 1198 1297 -1
0.1 979 1298 -1
