1 0 0 1
1 0 0 1
1 0 0 1
1 0 0 1
1 0 0 1
1 0 0 1
1 0 0 1
1 0 0 1
1 0 0 1
1 0 0 1
1 0 0 1
1 0 0 1
1 0 0 1
1 0 0 1
1 0 0 1
1 0 0 1
1 0 0 1
1 0 0 1
1 0 0 1
1 0 0 1
1 0 0 1
1 0 0 1
1 0 0 1
1 0 0 1
1 0 0 1
1 0 0 1
1 0 0 1
1 0 0 1
1 0 0 1
1 0 0 1
1 0 0 1
1 0 0 1
1 0 0 1
1 0 0 1
1 0 0 1
1 0 0 1
1 0 0 1
1 0 0 1
1 0 0 1
1 0 0 1
1 0 0 1
1 0 0 1
1 0 0 1
1 0 0 1
1 0 0 1
1 0 0 1
1 0 0 1
1 0 0 1
1 0 0 1
1 0 0 1
1 0 0 1
1 0 0 1
1 0 0 1
1 0 0 1
1 0 0 1
1 0 0 1
1 0 0 1
1 0 0 1
1 0 0 1
1 0 0 1
1 0 0 1
1 0 0 1
1 0 0 1
1 0 0 1
1 0 0 1
1 0 0 1
1 0 0 1
1 0 0 1
1 0 0 1
1 0 0 1
1 0 0 1
1 0 0 1
1 0 0 1
1 0 0 1
1 0 0 1
1 0 0 1
1 0 0 1
1 0 0 1
1 0 0 1
1 0 0 1
1 0 0 1
1 0 0 1
1 0 0 1
1 0 0 1
1 0 0 2
1 0 0 2
1 0 0 2
1 0 0 2
1 0 0 2
1 0 0 2
1 0 0 2
1 0 0 2
1 0 0 2
1 0 0 2
1 0 0 2
1 0 0 2
1 0 0 2
1 0 0 1
1 0 0 1
1 0 0 3
1 0 0 1
1 0 0 4
1 0 0 5
1 0 0 4
1 0 0 5
1 0 0 4
1 0 0 5
1 0 0 5
1 0 0 5
1 0 0 4
1 0 0 5
1 0 0 6
1 0 0 5
1 0 0 4
1 0 0 4
1 0 0 4
1 0 0 5
1 0 0 6
1 0 0 5
1 0 0 4
1 0 0 5
1 0 0 5
1 0 0 4
1 0 0 4
1 0 0 4
1 0 0 3
1 0 0 1
1 0 0 1
1 0 0 3
1 0 0 6
1 0 0 7
1 0 0 1
1 0 0 7
1 0 0 7
1 0 0 7
1 0 0 7
1 0 0 7
1 0 0 7
1 0 0 7
1 0 0 7
1 0 0 7
1 0 0 7
1 0 0 7
1 0 0 7
1 0 0 7
1 0 0 3
1 0 0 6
1 0 0 6
1 0 0 3
1 0 0 6
1 0 0 3
1 0 0 3
1 0 0 3
1 0 0 3
1 0 0 3
1 0 0 3
1 0 0 2
1 0 0 2
1 0 0 2
1 0 0 2
1 0 0 2
1 0 0 2
1 0 0 2
1 0 0 2
1 0 0 2
1 0 0 2
1 0 0 2
1 0 0 2
1 0 0 2
1 0 0 2
1 0 0 2
1 0 0 2
1 0 0 2
1 0 0 2
1 0 0 2
1 0 0 2
1 0 0 2
1 0 0 2
1 0 0 2
1 0 0 2
1 0 0 2
1 0 0 2
1 0 0 2
1 0 0 1
1 0 0 1
0.1 1 2 -1
0.1 3 4 -1
0.1 187 5 -1
0.1 6 7 -1
0.1 189 8 -1
0.1 188 190 -1
0.1 9 10 -1
0.1 12 13 -1
0.1 11 193 -1
0.1 192 194 -1
0.1 191 195 -1
0.1 196 14 -1
0.1 15 16 -1
0.1 198 17 -1
0.1 20 21 -1
0.1 200 22 -1
0.1 23 24 -1
0.1 201 202 -1
0.1 25 26 -1
0.1 203 204 -1
0.1 19 205 -1
0.1 18 206 -1
0.1 207 27 -1
0.1 30 31 -1
0.1 209 32 -1
0.1 29 210 -1
0.1 211 33 -1
0.1 28 212 -1
0.1 34 35 -1
0.1 213 214 -1
0.1 36 37 -1
0.1 215 216 -1
0.1 208 217 -1
0.1 199 218 -1
0.1 38 39 -1
0.1 40 41 -1
0.1 220 221 -1
0.1 219 222 -1
0.1 42 43 -1
0.1 223 224 -1
0.1 46 47 -1
0.1 49 50 -1
0.1 227 51 -1
0.1 48 228 -1
0.1 53 54 -1
0.1 230 55 -1
0.1 57 58 -1
0.1 232 59 -1
0.1 56 233 -1
0.1 234 60 -1
0.1 231 235 -1
0.1 61 62 -1
0.1 237 63 -1
0.1 64 65 -1
0.1 239 66 -1
0.1 67 68 -1
0.1 241 69 -1
0.1 73 74 -1
0.1 72 243 -1
0.1 71 244 -1
0.1 70 245 -1
0.1 75 76 -1
0.1 246 247 -1
0.1 242 248 -1
0.1 240 249 -1
0.1 238 250 -1
0.1 77 78 -1
0.1 251 252 -1
0.1 236 253 -1
0.1 254 79 -1
0.1 52 255 -1
0.1 229 256 -1
0.1 257 80 -1
0.1 226 258 -1
0.1 45 259 -1
0.1 44 260 -1
0.1 261 81 -1
0.1 225 262 -1
0.1 197 263 -1
0.1 264 82 -1
0.1 186 265 -1
0.1 83 84 -1
0.1 93 94 -1
0.1 92 268 -1
0.1 269 95 -1
0.1 96 97 -1
0.1 98 99 -1
0.1 100 101 -1
0.1 102 103 -1
0.1 104 105 -1
0.1 275 106 -1
0.1 274 276 -1
0.1 107 108 -1
0.1 111 112 -1
0.1 279 113 -1
0.1 110 280 -1
0.1 114 115 -1
0.1 282 116 -1
0.1 281 283 -1
0.1 118 119 -1
0.1 120 121 -1
0.1 285 286 -1
0.1 117 287 -1
0.1 284 288 -1
0.1 109 289 -1
0.1 278 290 -1
0.1 291 122 -1
0.1 277 292 -1
0.1 123 124 -1
0.1 294 125 -1
0.1 293 295 -1
0.1 273 296 -1
0.1 127 128 -1
0.1 126 298 -1
0.1 299 129 -1
0.1 300 130 -1
0.1 131 132 -1
0.1 302 133 -1
0.1 134 135 -1
0.1 304 136 -1
0.1 305 137 -1
0.1 303 306 -1
0.1 139 140 -1
0.1 138 308 -1
0.1 307 309 -1
0.1 310 141 -1
0.1 311 142 -1
0.1 312 143 -1
0.1 313 144 -1
0.1 314 145 -1
0.1 315 146 -1
0.1 301 316 -1
0.1 147 148 -1
0.1 318 149 -1
0.1 317 319 -1
0.1 297 320 -1
0.1 150 151 -1
0.1 321 322 -1
0.1 153 154 -1
0.1 152 324 -1
0.1 323 325 -1
0.1 155 156 -1
0.1 326 327 -1
0.1 272 328 -1
0.1 271 329 -1
0.1 158 159 -1
0.1 161 162 -1
0.1 160 332 -1
0.1 331 333 -1
0.1 157 334 -1
0.1 330 335 -1
0.1 336 163 -1
0.1 164 165 -1
0.1 166 167 -1
0.1 338 339 -1
0.1 337 340 -1
0.1 168 169 -1
0.1 342 170 -1
0.1 343 171 -1
0.1 172 173 -1
0.1 345 174 -1
0.1 175 176 -1
0.1 347 177 -1
0.1 178 179 -1
0.1 348 349 -1
0.1 346 350 -1
0.1 344 351 -1
0.1 341 352 -1
0.1 270 353 -1
0.1 354 180 -1
0.1 91 355 -1
0.1 90 356 -1
0.1 89 357 -1
0.1 88 358 -1
0.1 87 359 -1
0.1 86 360 -1
0.1 181 182 -1
0.1 361 362 -1
0.1 85 363 -1
0.1 364 183 -1
0.1 184 185 -1
0.1 365 366 -1
0.1 267 367 -1
0.1 266 368 -1
