1 0 0 1
1 0 0 1
1 0 0 1
1 0 0 1
1 0 0 2
1 0 0 2
1 0 0 2
1 0 0 2
1 0 0 2
1 0 0 3
1 0 0 3
1 0 0 3
1 0 0 3
1 0 0 3
1 0 0 3
1 0 0 3
1 0 0 3
1 0 0 3
1 0 0 3
1 0 0 3
1 0 0 3
1 0 0 3
1 0 0 3
1 0 0 3
1 0 0 3
1 0 0 3
1 0 0 3
1 0 0 3
1 0 0 3
1 0 0 4
1 0 0 4
1 0 0 4
1 0 0 4
1 0 0 4
1 0 0 4
1 0 0 4
1 0 0 4
1 0 0 4
1 0 0 4
1 0 0 4
1 0 0 4
1 0 0 4
1 0 0 4
1 0 0 4
1 0 0 4
1 0 0 4
1 0 0 4
1 0 0 4
1 0 0 4
1 0 0 5
1 0 0 5
1 0 0 6
1 0 0 6
1 0 0 6
1 0 0 6
1 0 0 6
1 0 0 6
1 0 0 6
1 0 0 6
1 0 0 6
1 0 0 6
1 0 0 6
1 0 0 6
1 0 0 6
1 0 0 6
1 0 0 6
1 0 0 6
1 0 0 6
1 0 0 6
1 0 0 7
1 0 0 7
1 0 0 7
1 0 0 7
1 0 0 7
1 0 0 7
1 0 0 7
1 0 0 7
1 0 0 7
1 0 0 7
1 0 0 7
1 0 0 7
1 0 0 7
1 0 0 7
1 0 0 7
1 0 0 7
1 0 0 7
1 0 0 7
1 0 0 7
1 0 0 7
1 0 0 6
1 0 0 8
1 0 0 8
1 0 0 8
1 0 0 8
1 0 0 8
1 0 0 8
1 0 0 8
1 0 0 8
1 0 0 8
1 0 0 8
1 0 0 8
1 0 0 8
1 0 0 8
1 0 0 8
1 0 0 8
1 0 0 8
1 0 0 8
1 0 0 8
1 0 0 8
1 0 0 8
1 0 0 6
1 0 0 9
1 0 0 9
1 0 0 9
1 0 0 9
1 0 0 9
1 0 0 9
1 0 0 9
1 0 0 9
1 0 0 9
1 0 0 9
1 0 0 9
1 0 0 9
1 0 0 9
1 0 0 9
1 0 0 9
1 0 0 9
1 0 0 9
1 0 0 9
1 0 0 9
1 0 0 9
1 0 0 10
1 0 0 10
1 0 0 10
1 0 0 10
1 0 0 10
1 0 0 10
1 0 0 10
1 0 0 10
1 0 0 10
1 0 0 10
1 0 0 10
1 0 0 10
1 0 0 10
1 0 0 10
1 0 0 10
1 0 0 10
1 0 0 10
1 0 0 10
1 0 0 10
1 0 0 10
1 0 0 5
1 0 0 5
1 0 0 5
1 0 0 11
1 0 0 11
1 0 0 11
1 0 0 11
1 0 0 11
1 0 0 11
1 0 0 11
1 0 0 11
1 0 0 11
1 0 0 11
1 0 0 11
1 0 0 11
1 0 0 11
1 0 0 11
1 0 0 11
1 0 0 11
1 0 0 11
1 0 0 11
1 0 0 11
1 0 0 11
1 0 0 5
1 0 0 12
1 0 0 12
1 0 0 12
1 0 0 12
1 0 0 12
1 0 0 12
1 0 0 12
1 0 0 12
1 0 0 12
1 0 0 12
1 0 0 12
1 0 0 12
1 0 0 12
1 0 0 12
1 0 0 12
1 0 0 12
1 0 0 12
1 0 0 12
1 0 0 12
1 0 0 12
1 0 0 5
1 0 0 13
1 0 0 13
1 0 0 13
1 0 0 13
1 0 0 13
1 0 0 13
1 0 0 13
1 0 0 13
1 0 0 13
1 0 0 13
1 0 0 13
1 0 0 13
1 0 0 13
1 0 0 13
1 0 0 13
1 0 0 13
1 0 0 13
1 0 0 13
1 0 0 13
1 0 0 13
1 0 0 5
1 0 0 5
1 0 0 5
1 0 0 5
1 0 0 5
1 0 0 5
1 0 0 5
1 0 0 14
1 0 0 14
1 0 0 14
1 0 0 14
1 0 0 14
1 0 0 14
1 0 0 14
1 0 0 14
1 0 0 14
1 0 0 14
1 0 0 14
1 0 0 14
1 0 0 14
1 0 0 14
1 0 0 14
1 0 0 14
1 0 0 14
1 0 0 14
1 0 0 14
1 0 0 14
1 0 0 15
1 0 0 15
1 0 0 15
1 0 0 15
1 0 0 15
1 0 0 15
1 0 0 15
1 0 0 15
1 0 0 15
1 0 0 15
1 0 0 15
1 0 0 15
1 0 0 15
1 0 0 15
1 0 0 15
1 0 0 15
1 0 0 15
1 0 0 15
1 0 0 15
1 0 0 15
1 0 0 5
1 0 0 5
1 0 0 5
1 0 0 5
1 0 0 5
1 0 0 5
1 0 0 16
1 0 0 16
1 0 0 16
1 0 0 16
1 0 0 16
1 0 0 16
1 0 0 16
1 0 0 16
1 0 0 16
1 0 0 16
1 0 0 16
1 0 0 16
1 0 0 16
1 0 0 16
1 0 0 16
1 0 0 16
1 0 0 16
1 0 0 16
1 0 0 16
1 0 0 16
1 0 0 17
1 0 0 17
1 0 0 17
1 0 0 17
1 0 0 17
1 0 0 17
1 0 0 17
1 0 0 17
1 0 0 17
1 0 0 17
1 0 0 17
1 0 0 17
1 0 0 17
1 0 0 17
1 0 0 17
1 0 0 17
1 0 0 17
1 0 0 17
1 0 0 17
1 0 0 17
1 0 0 2
1 0 0 2
1 0 0 2
1 0 0 18
1 0 0 18
1 0 0 18
1 0 0 18
1 0 0 18
1 0 0 18
1 0 0 18
1 0 0 18
1 0 0 18
1 0 0 18
1 0 0 18
1 0 0 18
1 0 0 18
1 0 0 18
1 0 0 18
1 0 0 18
1 0 0 18
1 0 0 18
1 0 0 18
1 0 0 18
1 0 0 19
1 0 0 19
1 0 0 19
1 0 0 19
1 0 0 19
1 0 0 19
1 0 0 19
1 0 0 19
1 0 0 20
1 0 0 20
1 0 0 20
1 0 0 20
1 0 0 20
1 0 0 20
1 0 0 20
1 0 0 20
1 0 0 20
1 0 0 20
1 0 0 20
1 0 0 20
1 0 0 20
1 0 0 20
1 0 0 20
1 0 0 20
1 0 0 20
1 0 0 20
1 0 0 20
1 0 0 20
1 0 0 19
1 0 0 19
1 0 0 19
1 0 0 19
1 0 0 19
1 0 0 19
1 0 0 19
1 0 0 19
1 0 0 19
1 0 0 19
1 0 0 19
1 0 0 19
1 0 0 2
1 0 0 21
1 0 0 21
1 0 0 21
1 0 0 21
1 0 0 21
1 0 0 21
1 0 0 21
1 0 0 21
1 0 0 21
1 0 0 21
1 0 0 21
1 0 0 21
1 0 0 21
1 0 0 21
1 0 0 21
1 0 0 21
1 0 0 21
1 0 0 21
1 0 0 21
1 0 0 21
1 0 0 2
1 0 0 22
1 0 0 22
1 0 0 22
1 0 0 22
1 0 0 22
1 0 0 22
1 0 0 22
1 0 0 22
1 0 0 22
1 0 0 22
1 0 0 22
1 0 0 22
1 0 0 22
1 0 0 22
1 0 0 22
1 0 0 22
1 0 0 22
1 0 0 22
1 0 0 22
1 0 0 22
1 0 0 2
1 0 0 2
1 0 0 2
1 0 0 2
1 0 0 2
1 0 0 2
1 0 0 2
1 0 0 23
1 0 0 23
1 0 0 23
1 0 0 23
1 0 0 23
1 0 0 23
1 0 0 23
1 0 0 23
1 0 0 23
1 0 0 23
1 0 0 23
1 0 0 23
1 0 0 23
1 0 0 23
1 0 0 23
1 0 0 23
1 0 0 23
1 0 0 23
1 0 0 23
1 0 0 23
1 0 0 24
1 0 0 24
1 0 0 24
1 0 0 24
1 0 0 24
1 0 0 24
1 0 0 24
1 0 0 24
1 0 0 24
1 0 0 24
1 0 0 24
1 0 0 24
1 0 0 24
1 0 0 24
1 0 0 24
1 0 0 24
1 0 0 24
1 0 0 24
1 0 0 24
1 0 0 24
1 0 0 2
1 0 0 25
1 0 0 25
1 0 0 25
1 0 0 25
1 0 0 25
1 0 0 25
1 0 0 25
1 0 0 25
1 0 0 25
1 0 0 25
1 0 0 25
1 0 0 25
1 0 0 25
1 0 0 25
1 0 0 25
1 0 0 25
1 0 0 25
1 0 0 25
1 0 0 25
1 0 0 25
1 0 0 26
1 0 0 26
1 0 0 26
1 0 0 26
1 0 0 26
1 0 0 26
1 0 0 26
1 0 0 26
1 0 0 26
1 0 0 26
1 0 0 26
1 0 0 26
1 0 0 26
1 0 0 26
1 0 0 26
1 0 0 26
1 0 0 26
1 0 0 26
1 0 0 26
1 0 0 26
1 0 0 27
1 0 0 27
1 0 0 27
1 0 0 27
1 0 0 27
1 0 0 27
1 0 0 27
1 0 0 27
1 0 0 27
1 0 0 27
1 0 0 27
1 0 0 27
1 0 0 27
1 0 0 27
1 0 0 27
1 0 0 27
1 0 0 27
1 0 0 27
1 0 0 27
1 0 0 27
1 0 0 2
1 0 0 2
1 0 0 28
1 0 0 28
1 0 0 28
1 0 0 28
1 0 0 28
1 0 0 28
1 0 0 28
1 0 0 28
1 0 0 28
1 0 0 28
1 0 0 28
1 0 0 28
1 0 0 28
1 0 0 28
1 0 0 28
1 0 0 28
1 0 0 28
1 0 0 28
1 0 0 28
1 0 0 28
1 0 0 1
1 0 0 1
1 0 0 1
1 0 0 1
1 0 0 1
1 0 0 29
1 0 0 29
1 0 0 29
1 0 0 29
1 0 0 29
1 0 0 29
1 0 0 29
1 0 0 29
1 0 0 30
1 0 0 30
1 0 0 30
1 0 0 30
1 0 0 30
1 0 0 30
1 0 0 1
1 0 0 1
1 0 0 30
1 0 0 30
1 0 0 31
1 0 0 31
1 0 0 31
1 0 0 31
1 0 0 31
1 0 0 31
1 0 0 31
1 0 0 31
1 0 0 31
1 0 0 31
1 0 0 31
1 0 0 31
1 0 0 31
1 0 0 31
1 0 0 31
1 0 0 31
1 0 0 31
1 0 0 31
1 0 0 31
1 0 0 31
1 0 0 29
1 0 0 29
1 0 0 29
1 0 0 29
1 0 0 29
1 0 0 29
1 0 0 30
1 0 0 30
1 0 0 30
1 0 0 30
1 0 0 30
1 0 0 30
1 0 0 30
1 0 0 30
1 0 0 30
1 0 0 30
1 0 0 30
1 0 0 30
1 0 0 29
1 0 0 29
1 0 0 29
1 0 0 29
1 0 0 29
1 0 0 29
1 0 0 1
1 0 0 1
1 0 0 1
1 0 0 1
1 0 0 32
1 0 0 32
1 0 0 32
1 0 0 32
1 0 0 32
1 0 0 32
1 0 0 32
1 0 0 32
1 0 0 32
1 0 0 32
1 0 0 32
1 0 0 32
1 0 0 32
1 0 0 32
1 0 0 32
1 0 0 32
1 0 0 32
1 0 0 32
1 0 0 32
1 0 0 32
1 0 0 1
1 0 0 1
1 0 0 33
1 0 0 33
1 0 0 33
1 0 0 33
1 0 0 33
1 0 0 33
1 0 0 33
1 0 0 33
1 0 0 33
1 0 0 33
1 0 0 33
1 0 0 33
1 0 0 33
1 0 0 33
1 0 0 33
1 0 0 33
1 0 0 33
1 0 0 33
1 0 0 33
1 0 0 33
1 0 0 1
1 0 0 1
1 0 0 1
0.1 1 2 -1
0.1 6 7 -1
0.1 5 662 -1
0.1 8 9 -1
0.1 663 664 -1
0.1 12 13 -1
0.1 666 14 -1
0.1 11 667 -1
0.1 10 668 -1
0.1 16 17 -1
0.1 15 670 -1
0.1 19 20 -1
0.1 672 21 -1
0.1 18 673 -1
0.1 674 22 -1
0.1 671 675 -1
0.1 23 24 -1
0.1 677 25 -1
0.1 678 26 -1
0.1 676 679 -1
0.1 669 680 -1
0.1 28 29 -1
0.1 27 682 -1
0.1 681 683 -1
0.1 30 31 -1
0.1 32 33 -1
0.1 35 36 -1
0.1 34 687 -1
0.1 38 39 -1
0.1 37 689 -1
0.1 688 690 -1
0.1 686 691 -1
0.1 40 41 -1
0.1 693 42 -1
0.1 46 47 -1
0.1 45 695 -1
0.1 696 48 -1
0.1 44 697 -1
0.1 43 698 -1
0.1 699 49 -1
0.1 694 700 -1
0.1 692 701 -1
0.1 685 702 -1
0.1 703 50 -1
0.1 53 54 -1
0.1 52 705 -1
0.1 56 57 -1
0.1 707 58 -1
0.1 60 61 -1
0.1 59 709 -1
0.1 62 63 -1
0.1 711 64 -1
0.1 710 712 -1
0.1 708 713 -1
0.1 55 714 -1
0.1 706 715 -1
0.1 66 67 -1
0.1 68 69 -1
0.1 72 73 -1
0.1 71 719 -1
0.1 76 77 -1
0.1 75 721 -1
0.1 74 722 -1
0.1 78 79 -1
0.1 81 82 -1
0.1 80 725 -1
0.1 726 83 -1
0.1 724 727 -1
0.1 728 84 -1
0.1 86 87 -1
0.1 85 730 -1
0.1 729 731 -1
0.1 723 732 -1
0.1 720 733 -1
0.1 70 734 -1
0.1 88 89 -1
0.1 735 736 -1
0.1 737 90 -1
0.1 718 738 -1
0.1 93 94 -1
0.1 740 95 -1
0.1 741 96 -1
0.1 92 742 -1
0.1 97 98 -1
0.1 743 744 -1
0.1 91 745 -1
0.1 99 100 -1
0.1 747 101 -1
0.1 748 102 -1
0.1 106 107 -1
0.1 750 108 -1
0.1 105 751 -1
0.1 104 752 -1
0.1 103 753 -1
0.1 109 110 -1
0.1 754 755 -1
0.1 749 756 -1
0.1 746 757 -1
0.1 758 111 -1
0.1 739 759 -1
0.1 717 760 -1
0.1 113 114 -1
0.1 112 762 -1
0.1 115 116 -1
0.1 117 118 -1
0.1 764 765 -1
0.1 119 120 -1
0.1 766 767 -1
0.1 123 124 -1
0.1 769 125 -1
0.1 122 770 -1
0.1 771 126 -1
0.1 121 772 -1
0.1 128 129 -1
0.1 127 774 -1
0.1 773 775 -1
0.1 768 776 -1
0.1 130 131 -1
0.1 777 778 -1
0.1 763 779 -1
0.1 761 780 -1
0.1 65 781 -1
0.1 716 782 -1
0.1 51 783 -1
0.1 704 784 -1
0.1 135 136 -1
0.1 134 786 -1
0.1 133 787 -1
0.1 132 788 -1
0.1 139 140 -1
0.1 138 790 -1
0.1 137 791 -1
0.1 141 142 -1
0.1 792 793 -1
0.1 144 145 -1
0.1 143 795 -1
0.1 147 148 -1
0.1 146 797 -1
0.1 798 149 -1
0.1 796 799 -1
0.1 150 151 -1
0.1 800 801 -1
0.1 794 802 -1
0.1 789 803 -1
0.1 785 804 -1
0.1 805 152 -1
0.1 157 158 -1
0.1 807 159 -1
0.1 156 808 -1
0.1 160 161 -1
0.1 809 810 -1
0.1 164 165 -1
0.1 812 166 -1
0.1 163 813 -1
0.1 162 814 -1
0.1 811 815 -1
0.1 167 168 -1
0.1 817 169 -1
0.1 818 170 -1
0.1 819 171 -1
0.1 172 173 -1
0.1 821 174 -1
0.1 820 822 -1
0.1 816 823 -1
0.1 155 824 -1
0.1 154 825 -1
0.1 178 179 -1
0.1 182 183 -1
0.1 181 828 -1
0.1 180 829 -1
0.1 827 830 -1
0.1 177 831 -1
0.1 185 186 -1
0.1 184 833 -1
0.1 834 187 -1
0.1 188 189 -1
0.1 836 190 -1
0.1 191 192 -1
0.1 838 193 -1
0.1 194 195 -1
0.1 839 840 -1
0.1 837 841 -1
0.1 835 842 -1
0.1 832 843 -1
0.1 176 844 -1
0.1 175 845 -1
0.1 826 846 -1
0.1 153 847 -1
0.1 198 199 -1
0.1 197 849 -1
0.1 203 204 -1
0.1 202 851 -1
0.1 201 852 -1
0.1 200 853 -1
0.1 205 206 -1
0.1 854 855 -1
0.1 208 209 -1
0.1 207 857 -1
0.1 210 211 -1
0.1 213 214 -1
0.1 860 215 -1
0.1 861 216 -1
0.1 212 862 -1
0.1 859 863 -1
0.1 858 864 -1
0.1 856 865 -1
0.1 850 866 -1
0.1 196 867 -1
0.1 848 868 -1
0.1 806 869 -1
0.1 870 217 -1
0.1 219 220 -1
0.1 218 872 -1
0.1 222 223 -1
0.1 221 874 -1
0.1 225 226 -1
0.1 224 876 -1
0.1 229 230 -1
0.1 228 878 -1
0.1 231 232 -1
0.1 234 235 -1
0.1 233 881 -1
0.1 880 882 -1
0.1 879 883 -1
0.1 227 884 -1
0.1 885 236 -1
0.1 877 886 -1
0.1 238 239 -1
0.1 237 888 -1
0.1 889 240 -1
0.1 890 241 -1
0.1 242 243 -1
0.1 891 892 -1
0.1 887 893 -1
0.1 244 245 -1
0.1 246 247 -1
0.1 896 248 -1
0.1 895 897 -1
0.1 250 251 -1
0.1 899 252 -1
0.1 249 900 -1
0.1 254 255 -1
0.1 256 257 -1
0.1 902 903 -1
0.1 259 260 -1
0.1 258 905 -1
0.1 904 906 -1
0.1 253 907 -1
0.1 262 263 -1
0.1 261 909 -1
0.1 908 910 -1
0.1 901 911 -1
0.1 898 912 -1
0.1 894 913 -1
0.1 875 914 -1
0.1 873 915 -1
0.1 264 265 -1
0.1 916 917 -1
0.1 871 918 -1
0.1 266 267 -1
0.1 919 920 -1
0.1 684 921 -1
0.1 270 271 -1
0.1 273 274 -1
0.1 275 276 -1
0.1 278 279 -1
0.1 277 926 -1
0.1 925 927 -1
0.1 924 928 -1
0.1 281 282 -1
0.1 280 930 -1
0.1 283 284 -1
0.1 931 932 -1
0.1 929 933 -1
0.1 272 934 -1
0.1 288 289 -1
0.1 287 936 -1
0.1 286 937 -1
0.1 285 938 -1
0.1 935 939 -1
0.1 923 940 -1
0.1 269 941 -1
0.1 268 942 -1
0.1 922 943 -1
0.1 292 293 -1
0.1 291 945 -1
0.1 290 946 -1
0.1 295 296 -1
0.1 294 948 -1
0.1 949 297 -1
0.1 947 950 -1
0.1 951 298 -1
0.1 299 300 -1
0.1 303 304 -1
0.1 302 954 -1
0.1 301 955 -1
0.1 953 956 -1
0.1 305 306 -1
0.1 308 309 -1
0.1 307 959 -1
0.1 958 960 -1
0.1 957 961 -1
0.1 952 962 -1
0.1 944 963 -1
0.1 310 311 -1
0.1 965 312 -1
0.1 313 314 -1
0.1 315 316 -1
0.1 967 968 -1
0.1 969 317 -1
0.1 970 318 -1
0.1 319 320 -1
0.1 321 322 -1
0.1 973 323 -1
0.1 324 325 -1
0.1 327 328 -1
0.1 326 976 -1
0.1 977 329 -1
0.1 975 978 -1
0.1 331 332 -1
0.1 330 980 -1
0.1 979 981 -1
0.1 974 982 -1
0.1 972 983 -1
0.1 971 984 -1
0.1 966 985 -1
0.1 333 334 -1
0.1 336 337 -1
0.1 335 988 -1
0.1 987 989 -1
0.1 339 340 -1
0.1 338 991 -1
0.1 990 992 -1
0.1 342 343 -1
0.1 341 994 -1
0.1 346 347 -1
0.1 345 996 -1
0.1 344 997 -1
0.1 998 348 -1
0.1 350 351 -1
0.1 354 355 -1
0.1 353 1001 -1
0.1 1002 356 -1
0.1 1003 357 -1
0.1 352 1004 -1
0.1 1000 1005 -1
0.1 349 1006 -1
0.1 999 1007 -1
0.1 359 360 -1
0.1 358 1009 -1
0.1 1008 1010 -1
0.1 995 1011 -1
0.1 361 362 -1
0.1 363 364 -1
0.1 1014 365 -1
0.1 1013 1015 -1
0.1 368 369 -1
0.1 1017 370 -1
0.1 367 1018 -1
0.1 366 1019 -1
0.1 371 372 -1
0.1 1020 1021 -1
0.1 1016 1022 -1
0.1 1012 1023 -1
0.1 993 1024 -1
0.1 375 376 -1
0.1 374 1026 -1
0.1 378 379 -1
0.1 380 381 -1
0.1 1029 382 -1
0.1 1028 1030 -1
0.1 377 1031 -1
0.1 384 385 -1
0.1 1033 386 -1
0.1 388 389 -1
0.1 392 393 -1
0.1 391 1036 -1
0.1 390 1037 -1
0.1 1035 1038 -1
0.1 387 1039 -1
0.1 1034 1040 -1
0.1 383 1041 -1
0.1 1032 1042 -1
0.1 1027 1043 -1
0.1 373 1044 -1
0.1 1025 1045 -1
0.1 986 1046 -1
0.1 964 1047 -1
0.1 665 1048 -1
0.1 396 397 -1
0.1 395 1050 -1
0.1 399 400 -1
0.1 401 402 -1
0.1 1052 1053 -1
0.1 398 1054 -1
0.1 1051 1055 -1
0.1 403 404 -1
0.1 405 406 -1
0.1 1058 407 -1
0.1 1057 1059 -1
0.1 408 409 -1
0.1 411 412 -1
0.1 1062 413 -1
0.1 1063 414 -1
0.1 410 1064 -1
0.1 1061 1065 -1
0.1 1060 1066 -1
0.1 1056 1067 -1
0.1 394 1068 -1
0.1 415 416 -1
0.1 417 418 -1
0.1 1071 419 -1
0.1 422 423 -1
0.1 424 425 -1
0.1 1073 1074 -1
0.1 427 428 -1
0.1 426 1076 -1
0.1 1075 1077 -1
0.1 431 432 -1
0.1 430 1079 -1
0.1 429 1080 -1
0.1 1081 433 -1
0.1 436 437 -1
0.1 439 440 -1
0.1 444 445 -1
0.1 443 1085 -1
0.1 442 1086 -1
0.1 446 447 -1
0.1 1087 1088 -1
0.1 449 450 -1
0.1 1090 451 -1
0.1 453 454 -1
0.1 1092 455 -1
0.1 456 457 -1
0.1 1093 1094 -1
0.1 452 1095 -1
0.1 1091 1096 -1
0.1 448 1097 -1
0.1 1089 1098 -1
0.1 458 459 -1
0.1 460 461 -1
0.1 1100 1101 -1
0.1 1099 1102 -1
0.1 441 1103 -1
0.1 1084 1104 -1
0.1 438 1105 -1
0.1 1083 1106 -1
0.1 435 1107 -1
0.1 434 1108 -1
0.1 1082 1109 -1
0.1 1078 1110 -1
0.1 421 1111 -1
0.1 420 1112 -1
0.1 1072 1113 -1
0.1 1070 1114 -1
0.1 463 464 -1
0.1 1116 465 -1
0.1 467 468 -1
0.1 1118 469 -1
0.1 466 1119 -1
0.1 1117 1120 -1
0.1 470 471 -1
0.1 472 473 -1
0.1 1122 1123 -1
0.1 474 475 -1
0.1 1125 476 -1
0.1 1124 1126 -1
0.1 478 479 -1
0.1 1128 480 -1
0.1 477 1129 -1
0.1 1130 481 -1
0.1 1131 482 -1
0.1 1127 1132 -1
0.1 1121 1133 -1
0.1 462 1134 -1
0.1 1115 1135 -1
0.1 1069 1136 -1
0.1 1049 1137 -1
0.1 483 484 -1
0.1 1139 485 -1
0.1 486 487 -1
0.1 488 489 -1
0.1 1141 1142 -1
0.1 1140 1143 -1
0.1 490 491 -1
0.1 1145 492 -1
0.1 493 494 -1
0.1 495 496 -1
0.1 1147 1148 -1
0.1 1146 1149 -1
0.1 498 499 -1
0.1 501 502 -1
0.1 500 1152 -1
0.1 1151 1153 -1
0.1 497 1154 -1
0.1 1150 1155 -1
0.1 1144 1156 -1
0.1 504 505 -1
0.1 503 1158 -1
0.1 506 507 -1
0.1 508 509 -1
0.1 1160 1161 -1
0.1 1162 510 -1
0.1 1159 1163 -1
0.1 511 512 -1
0.1 1165 513 -1
0.1 514 515 -1
0.1 516 517 -1
0.1 518 519 -1
0.1 521 522 -1
0.1 520 1170 -1
0.1 1169 1171 -1
0.1 1168 1172 -1
0.1 1167 1173 -1
0.1 1166 1174 -1
0.1 523 524 -1
0.1 1175 1176 -1
0.1 1164 1177 -1
0.1 1157 1178 -1
0.1 1138 1179 -1
0.1 526 527 -1
0.1 528 529 -1
0.1 1181 1182 -1
0.1 525 1183 -1
0.1 531 532 -1
0.1 530 1185 -1
0.1 534 535 -1
0.1 537 538 -1
0.1 536 1188 -1
0.1 539 540 -1
0.1 1189 1190 -1
0.1 1187 1191 -1
0.1 541 542 -1
0.1 543 544 -1
0.1 1193 1194 -1
0.1 1192 1195 -1
0.1 533 1196 -1
0.1 1186 1197 -1
0.1 1184 1198 -1
0.1 1180 1199 -1
0.1 1200 545 -1
0.1 4 1201 -1
0.1 1202 546 -1
0.1 3 1203 -1
0.1 547 548 -1
0.1 1204 1205 -1
0.1 1206 549 -1
0.1 661 1207 -1
0.1 554 555 -1
0.1 556 557 -1
0.1 1209 1210 -1
0.1 553 1211 -1
0.1 552 1212 -1
0.1 551 1213 -1
0.1 558 559 -1
0.1 561 562 -1
0.1 1216 563 -1
0.1 560 1217 -1
0.1 1215 1218 -1
0.1 564 565 -1
0.1 1219 1220 -1
0.1 566 567 -1
0.1 1221 1222 -1
0.1 1223 568 -1
0.1 1224 569 -1
0.1 1225 570 -1
0.1 571 572 -1
0.1 1227 573 -1
0.1 1228 574 -1
0.1 1226 1229 -1
0.1 576 577 -1
0.1 575 1231 -1
0.1 1232 578 -1
0.1 579 580 -1
0.1 1233 1234 -1
0.1 1230 1235 -1
0.1 582 583 -1
0.1 1237 584 -1
0.1 581 1238 -1
0.1 586 587 -1
0.1 585 1240 -1
0.1 1239 1241 -1
0.1 1236 1242 -1
0.1 1214 1243 -1
0.1 588 589 -1
0.1 591 592 -1
0.1 590 1246 -1
0.1 1247 593 -1
0.1 1245 1248 -1
0.1 1244 1249 -1
0.1 595 596 -1
0.1 594 1251 -1
0.1 598 599 -1
0.1 1253 600 -1
0.1 597 1254 -1
0.1 602 603 -1
0.1 601 1256 -1
0.1 1255 1257 -1
0.1 604 605 -1
0.1 1258 1259 -1
0.1 1252 1260 -1
0.1 1261 606 -1
0.1 609 610 -1
0.1 608 1263 -1
0.1 607 1264 -1
0.1 1262 1265 -1
0.1 1250 1266 -1
0.1 1267 611 -1
0.1 550 1268 -1
0.1 612 613 -1
0.1 614 615 -1
0.1 617 618 -1
0.1 616 1272 -1
0.1 619 620 -1
0.1 1273 1274 -1
0.1 624 625 -1
0.1 623 1276 -1
0.1 622 1277 -1
0.1 621 1278 -1
0.1 1279 626 -1
0.1 1275 1280 -1
0.1 628 629 -1
0.1 627 1282 -1
0.1 1283 630 -1
0.1 1281 1284 -1
0.1 633 634 -1
0.1 632 1286 -1
0.1 631 1287 -1
0.1 1288 635 -1
0.1 1285 1289 -1
0.1 1271 1290 -1
0.1 1291 636 -1
0.1 1270 1292 -1
0.1 1269 1293 -1
0.1 638 639 -1
0.1 642 643 -1
0.1 641 1296 -1
0.1 640 1297 -1
0.1 1295 1298 -1
0.1 644 645 -1
0.1 646 647 -1
0.1 649 650 -1
0.1 648 1302 -1
0.1 651 652 -1
0.1 653 654 -1
0.1 1304 1305 -1
0.1 1303 1306 -1
0.1 1301 1307 -1
0.1 656 657 -1
0.1 655 1309 -1
0.1 1308 1310 -1
0.1 1300 1311 -1
0.1 1299 1312 -1
0.1 658 659 -1
0.1 1313 1314 -1
0.1 637 1315 -1
0.1 1316 660 -1
0.1 1294 1317 -1
0.1 1208 1318 -1
