1 0 0 1
1 0 0 2
1 0 0 2
1 0 0 2
1 0 0 2
1 0 0 2
1 0 0 1
1 0 0 3
1 0 0 3
1 0 0 3
1 0 0 3
1 0 0 4
1 0 0 4
1 0 0 4
1 0 0 4
1 0 0 4
1 0 0 5
1 0 0 5
1 0 0 5
1 0 0 5
1 0 0 5
1 0 0 6
1 0 0 6
1 0 0 6
1 0 0 6
1 0 0 7
1 0 0 7
1 0 0 7
1 0 0 7
1 0 0 7
1 0 0 6
1 0 0 3
1 0 0 1
1 0 0 1
1 0 0 1
1 0 0 8
1 0 0 8
1 0 0 8
1 0 0 8
1 0 0 8
1 0 0 9
1 0 0 9
1 0 0 9
1 0 0 9
1 0 0 9
1 0 0 10
1 0 0 10
1 0 0 10
1 0 0 10
1 0 0 10
1 0 0 11
1 0 0 12
1 0 0 12
1 0 0 13
1 0 0 13
1 0 0 13
1 0 0 13
1 0 0 13
1 0 0 12
1 0 0 12
1 0 0 12
1 0 0 14
1 0 0 15
1 0 0 15
1 0 0 15
1 0 0 15
1 0 0 16
1 0 0 16
1 0 0 16
1 0 0 16
1 0 0 16
1 0 0 17
1 0 0 17
1 0 0 17
1 0 0 17
1 0 0 17
1 0 0 15
1 0 0 18
1 0 0 18
1 0 0 18
1 0 0 18
1 0 0 18
1 0 0 19
1 0 0 19
1 0 0 19
1 0 0 20
1 0 0 20
1 0 0 20
1 0 0 20
1 0 0 20
1 0 0 19
1 0 0 19
1 0 0 21
1 0 0 21
1 0 0 21
1 0 0 21
1 0 0 21
1 0 0 22
1 0 0 22
1 0 0 22
1 0 0 22
1 0 0 22
1 0 0 23
1 0 0 23
1 0 0 23
1 0 0 23
1 0 0 23
1 0 0 14
1 0 0 14
1 0 0 14
1 0 0 14
1 0 0 24
1 0 0 25
1 0 0 25
1 0 0 25
1 0 0 25
1 0 0 25
1 0 0 24
1 0 0 24
1 0 0 24
1 0 0 24
1 0 0 26
1 0 0 26
1 0 0 26
1 0 0 27
1 0 0 27
1 0 0 27
1 0 0 27
1 0 0 27
1 0 0 26
1 0 0 26
1 0 0 28
1 0 0 28
1 0 0 28
1 0 0 28
1 0 0 28
1 0 0 29
1 0 0 29
1 0 0 29
1 0 0 29
1 0 0 29
1 0 0 30
1 0 0 30
1 0 0 30
1 0 0 30
1 0 0 30
1 0 0 11
1 0 0 11
1 0 0 11
1 0 0 11
0.1 4 5 -1
0.1 151 6 -1
0.1 3 152 -1
0.1 2 153 -1
0.1 154 7 -1
0.1 1 155 -1
0.1 12 13 -1
0.1 15 16 -1
0.1 14 158 -1
0.1 157 159 -1
0.1 11 160 -1
0.1 10 161 -1
0.1 9 162 -1
0.1 8 163 -1
0.1 18 19 -1
0.1 20 21 -1
0.1 165 166 -1
0.1 17 167 -1
0.1 23 24 -1
0.1 22 169 -1
0.1 170 25 -1
0.1 26 27 -1
0.1 29 30 -1
0.1 28 173 -1
0.1 172 174 -1
0.1 175 31 -1
0.1 171 176 -1
0.1 168 177 -1
0.1 178 32 -1
0.1 164 179 -1
0.1 33 34 -1
0.1 181 35 -1
0.1 180 182 -1
0.1 37 38 -1
0.1 39 40 -1
0.1 184 185 -1
0.1 36 186 -1
0.1 183 187 -1
0.1 156 188 -1
0.1 44 45 -1
0.1 43 190 -1
0.1 42 191 -1
0.1 41 192 -1
0.1 47 48 -1
0.1 46 194 -1
0.1 49 50 -1
0.1 195 196 -1
0.1 193 197 -1
0.1 198 51 -1
0.1 189 199 -1
0.1 52 53 -1
0.1 57 58 -1
0.1 56 202 -1
0.1 55 203 -1
0.1 54 204 -1
0.1 201 205 -1
0.1 60 61 -1
0.1 59 207 -1
0.1 206 208 -1
0.1 200 209 -1
0.1 63 64 -1
0.1 67 68 -1
0.1 69 70 -1
0.1 74 75 -1
0.1 214 76 -1
0.1 73 215 -1
0.1 72 216 -1
0.1 71 217 -1
0.1 213 218 -1
0.1 212 219 -1
0.1 220 77 -1
0.1 66 221 -1
0.1 65 222 -1
0.1 211 223 -1
0.1 79 80 -1
0.1 78 225 -1
0.1 81 82 -1
0.1 226 227 -1
0.1 83 84 -1
0.1 229 85 -1
0.1 89 90 -1
0.1 88 231 -1
0.1 87 232 -1
0.1 86 233 -1
0.1 91 92 -1
0.1 234 235 -1
0.1 230 236 -1
0.1 93 94 -1
0.1 238 95 -1
0.1 100 101 -1
0.1 105 106 -1
0.1 104 241 -1
0.1 242 107 -1
0.1 103 243 -1
0.1 102 244 -1
0.1 240 245 -1
0.1 99 246 -1
0.1 98 247 -1
0.1 97 248 -1
0.1 96 249 -1
0.1 239 250 -1
0.1 237 251 -1
0.1 228 252 -1
0.1 224 253 -1
0.1 108 109 -1
0.1 110 111 -1
0.1 255 256 -1
0.1 254 257 -1
0.1 62 258 -1
0.1 210 259 -1
0.1 113 114 -1
0.1 261 115 -1
0.1 116 117 -1
0.1 262 263 -1
0.1 112 264 -1
0.1 118 119 -1
0.1 266 120 -1
0.1 265 267 -1
0.1 268 121 -1
0.1 123 124 -1
0.1 128 129 -1
0.1 127 271 -1
0.1 126 272 -1
0.1 125 273 -1
0.1 270 274 -1
0.1 130 131 -1
0.1 275 276 -1
0.1 122 277 -1
0.1 269 278 -1
0.1 279 132 -1
0.1 280 133 -1
0.1 281 134 -1
0.1 135 136 -1
0.1 282 283 -1
0.1 140 141 -1
0.1 139 285 -1
0.1 138 286 -1
0.1 137 287 -1
0.1 143 144 -1
0.1 142 289 -1
0.1 288 290 -1
0.1 145 146 -1
0.1 291 292 -1
0.1 149 150 -1
0.1 148 294 -1
0.1 147 295 -1
0.1 293 296 -1
0.1 284 297 -1
0.1 260 298 -1
