1 0 0 1
1 0 0 1
1 0 0 1
1 0 0 1
1 0 0 1
1 0 0 2
1 0 0 2
1 0 0 3
1 0 0 3
1 0 0 3
1 0 0 3
1 0 0 3
1 0 0 4
1 0 0 4
1 0 0 4
1 0 0 4
1 0 0 4
1 0 0 5
1 0 0 5
1 0 0 5
1 0 0 5
1 0 0 5
1 0 0 6
1 0 0 6
1 0 0 6
1 0 0 6
1 0 0 6
1 0 0 7
1 0 0 7
1 0 0 7
1 0 0 8
1 0 0 8
1 0 0 8
1 0 0 8
1 0 0 8
1 0 0 7
1 0 0 7
1 0 0 2
1 0 0 2
1 0 0 2
1 0 0 9
1 0 0 9
1 0 0 9
1 0 0 9
1 0 0 9
1 0 0 10
1 0 0 10
1 0 0 10
1 0 0 10
1 0 0 10
1 0 0 11
1 0 0 11
1 0 0 12
1 0 0 12
1 0 0 12
1 0 0 12
1 0 0 12
1 0 0 11
1 0 0 11
1 0 0 11
1 0 0 13
1 0 0 13
1 0 0 13
1 0 0 13
1 0 0 13
1 0 0 14
1 0 0 14
1 0 0 14
1 0 0 14
1 0 0 14
1 0 0 15
1 0 0 15
1 0 0 15
1 0 0 16
1 0 0 16
1 0 0 16
1 0 0 16
1 0 0 16
1 0 0 15
1 0 0 15
1 0 0 17
1 0 0 17
1 0 0 17
1 0 0 18
1 0 0 18
1 0 0 18
1 0 0 18
1 0 0 18
1 0 0 19
1 0 0 19
1 0 0 19
1 0 0 19
1 0 0 19
1 0 0 17
1 0 0 17
1 0 0 20
1 0 0 20
1 0 0 20
1 0 0 20
1 0 0 21
1 0 0 21
1 0 0 21
1 0 0 21
1 0 0 21
1 0 0 20
1 0 0 22
1 0 0 22
1 0 0 22
1 0 0 22
1 0 0 22
1 0 0 23
1 0 0 24
1 0 0 24
1 0 0 24
1 0 0 25
1 0 0 25
1 0 0 25
1 0 0 25
1 0 0 25
1 0 0 24
1 0 0 24
1 0 0 23
1 0 0 23
1 0 0 23
1 0 0 23
1 0 0 26
1 0 0 27
1 0 0 26
1 0 0 26
1 0 0 28
1 0 0 29
1 0 0 29
1 0 0 29
1 0 0 28
1 0 0 29
1 0 0 29
1 0 0 28
1 0 0 28
1 0 0 28
1 0 0 27
1 0 0 27
1 0 0 27
1 0 0 27
1 0 0 30
1 0 0 30
1 0 0 30
1 0 0 30
1 0 0 30
1 0 0 26
1 0 0 26
0.1 2 3 -1
0.1 1 151 -1
0.1 4 5 -1
0.1 152 153 -1
0.1 9 10 -1
0.1 11 12 -1
0.1 155 156 -1
0.1 8 157 -1
0.1 7 158 -1
0.1 6 159 -1
0.1 16 17 -1
0.1 18 19 -1
0.1 20 21 -1
0.1 163 22 -1
0.1 162 164 -1
0.1 161 165 -1
0.1 15 166 -1
0.1 14 167 -1
0.1 24 25 -1
0.1 26 27 -1
0.1 169 170 -1
0.1 23 171 -1
0.1 28 29 -1
0.1 173 30 -1
0.1 32 33 -1
0.1 34 35 -1
0.1 175 176 -1
0.1 31 177 -1
0.1 36 37 -1
0.1 178 179 -1
0.1 174 180 -1
0.1 172 181 -1
0.1 168 182 -1
0.1 13 183 -1
0.1 39 40 -1
0.1 38 185 -1
0.1 184 186 -1
0.1 160 187 -1
0.1 154 188 -1
0.1 42 43 -1
0.1 41 190 -1
0.1 191 44 -1
0.1 192 45 -1
0.1 46 47 -1
0.1 194 48 -1
0.1 49 50 -1
0.1 195 196 -1
0.1 193 197 -1
0.1 189 198 -1
0.1 51 52 -1
0.1 56 57 -1
0.1 55 201 -1
0.1 54 202 -1
0.1 53 203 -1
0.1 200 204 -1
0.1 58 59 -1
0.1 206 60 -1
0.1 205 207 -1
0.1 199 208 -1
0.1 62 63 -1
0.1 64 65 -1
0.1 210 211 -1
0.1 66 67 -1
0.1 68 69 -1
0.1 214 70 -1
0.1 213 215 -1
0.1 72 73 -1
0.1 71 217 -1
0.1 76 77 -1
0.1 75 219 -1
0.1 220 78 -1
0.1 74 221 -1
0.1 79 80 -1
0.1 222 223 -1
0.1 218 224 -1
0.1 81 82 -1
0.1 226 83 -1
0.1 86 87 -1
0.1 89 90 -1
0.1 92 93 -1
0.1 91 230 -1
0.1 229 231 -1
0.1 88 232 -1
0.1 228 233 -1
0.1 85 234 -1
0.1 84 235 -1
0.1 236 94 -1
0.1 237 95 -1
0.1 227 238 -1
0.1 225 239 -1
0.1 216 240 -1
0.1 96 97 -1
0.1 98 99 -1
0.1 242 243 -1
0.1 102 103 -1
0.1 101 245 -1
0.1 246 104 -1
0.1 100 247 -1
0.1 248 105 -1
0.1 244 249 -1
0.1 250 106 -1
0.1 251 107 -1
0.1 252 108 -1
0.1 109 110 -1
0.1 253 254 -1
0.1 241 255 -1
0.1 212 256 -1
0.1 61 257 -1
0.1 258 111 -1
0.1 209 259 -1
0.1 113 114 -1
0.1 115 116 -1
0.1 117 118 -1
0.1 263 119 -1
0.1 262 264 -1
0.1 261 265 -1
0.1 112 266 -1
0.1 120 121 -1
0.1 267 268 -1
0.1 124 125 -1
0.1 123 270 -1
0.1 122 271 -1
0.1 269 272 -1
0.1 127 128 -1
0.1 274 129 -1
0.1 131 132 -1
0.1 276 133 -1
0.1 135 136 -1
0.1 134 278 -1
0.1 277 279 -1
0.1 137 138 -1
0.1 281 139 -1
0.1 280 282 -1
0.1 130 283 -1
0.1 275 284 -1
0.1 140 141 -1
0.1 146 147 -1
0.1 287 148 -1
0.1 145 288 -1
0.1 144 289 -1
0.1 143 290 -1
0.1 142 291 -1
0.1 286 292 -1
0.1 285 293 -1
0.1 126 294 -1
0.1 149 150 -1
0.1 295 296 -1
0.1 273 297 -1
0.1 260 298 -1
