1 0 0 1
1 0 0 2
1 0 0 2
1 0 0 3
1 0 0 3
1 0 0 3
1 0 0 3
1 0 0 4
1 0 0 4
1 0 0 4
1 0 0 4
1 0 0 4
1 0 0 4
1 0 0 4
1 0 0 4
1 0 0 4
1 0 0 4
1 0 0 3
1 0 0 3
1 0 0 5
1 0 0 5
1 0 0 5
1 0 0 5
1 0 0 5
1 0 0 5
1 0 0 5
1 0 0 5
1 0 0 3
1 0 0 5
1 0 0 5
1 0 0 3
1 0 0 3
1 0 0 3
1 0 0 2
1 0 0 2
1 0 0 6
1 0 0 6
1 0 0 6
1 0 0 6
1 0 0 6
1 0 0 6
1 0 0 6
1 0 0 6
1 0 0 6
1 0 0 6
1 0 0 2
1 0 0 2
1 0 0 2
1 0 0 2
1 0 0 2
1 0 0 2
1 0 0 7
1 0 0 7
1 0 0 7
1 0 0 7
1 0 0 7
1 0 0 7
1 0 0 7
1 0 0 7
1 0 0 7
1 0 0 7
1 0 0 8
1 0 0 8
1 0 0 8
1 0 0 8
1 0 0 8
1 0 0 8
1 0 0 8
1 0 0 8
1 0 0 8
1 0 0 8
1 0 0 1
1 0 0 1
1 0 0 1
1 0 0 1
1 0 0 1
1 0 0 1
1 0 0 1
1 0 0 1
1 0 0 1
0.1 2 3 -1
0.1 1 81 -1
0.1 6 7 -1
0.1 5 83 -1
0.1 9 10 -1
0.1 12 13 -1
0.1 11 86 -1
0.1 85 87 -1
0.1 8 88 -1
0.1 15 16 -1
0.1 14 90 -1
0.1 91 17 -1
0.1 89 92 -1
0.1 93 18 -1
0.1 20 21 -1
0.1 95 22 -1
0.1 96 23 -1
0.1 24 25 -1
0.1 26 27 -1
0.1 98 99 -1
0.1 97 100 -1
0.1 19 101 -1
0.1 29 30 -1
0.1 103 31 -1
0.1 28 104 -1
0.1 102 105 -1
0.1 32 33 -1
0.1 106 107 -1
0.1 94 108 -1
0.1 84 109 -1
0.1 4 110 -1
0.1 34 35 -1
0.1 36 37 -1
0.1 39 40 -1
0.1 38 114 -1
0.1 113 115 -1
0.1 41 42 -1
0.1 44 45 -1
0.1 43 118 -1
0.1 117 119 -1
0.1 116 120 -1
0.1 46 47 -1
0.1 121 122 -1
0.1 112 123 -1
0.1 111 124 -1
0.1 82 125 -1
0.1 49 50 -1
0.1 48 127 -1
0.1 128 51 -1
0.1 53 54 -1
0.1 130 55 -1
0.1 52 131 -1
0.1 132 56 -1
0.1 58 59 -1
0.1 57 134 -1
0.1 60 61 -1
0.1 135 136 -1
0.1 133 137 -1
0.1 129 138 -1
0.1 63 64 -1
0.1 65 66 -1
0.1 141 67 -1
0.1 69 70 -1
0.1 68 143 -1
0.1 144 71 -1
0.1 142 145 -1
0.1 140 146 -1
0.1 62 147 -1
0.1 74 75 -1
0.1 77 78 -1
0.1 76 150 -1
0.1 149 151 -1
0.1 152 79 -1
0.1 73 153 -1
0.1 154 80 -1
0.1 72 155 -1
0.1 148 156 -1
0.1 139 157 -1
0.1 126 158 -1
