1 0 0 1
1 0 0 2
1 0 0 1
1 0 0 1
1 0 0 3
1 0 0 3
1 0 0 4
1 0 0 5
1 0 0 5
1 0 0 5
1 0 0 5
1 0 0 5
1 0 0 5
1 0 0 5
1 0 0 5
1 0 0 5
1 0 0 4
1 0 0 4
1 0 0 4
1 0 0 4
1 0 0 4
1 0 0 4
1 0 0 4
1 0 0 4
1 0 0 4
1 0 0 5
1 0 0 3
1 0 0 3
1 0 0 3
1 0 0 3
1 0 0 3
1 0 0 3
1 0 0 3
1 0 0 6
1 0 0 6
1 0 0 6
1 0 0 7
1 0 0 7
1 0 0 7
1 0 0 7
1 0 0 7
1 0 0 7
1 0 0 7
1 0 0 7
1 0 0 7
1 0 0 7
1 0 0 6
1 0 0 6
1 0 0 6
1 0 0 6
1 0 0 6
1 0 0 6
1 0 0 6
1 0 0 3
1 0 0 1
1 0 0 8
1 0 0 8
1 0 0 8
1 0 0 8
1 0 0 8
1 0 0 8
1 0 0 8
1 0 0 8
1 0 0 8
1 0 0 8
1 0 0 1
1 0 0 9
1 0 0 10
1 0 0 10
1 0 0 10
1 0 0 10
1 0 0 11
1 0 0 11
1 0 0 11
1 0 0 11
1 0 0 11
1 0 0 11
1 0 0 11
1 0 0 11
1 0 0 11
1 0 0 12
1 0 0 12
1 0 0 12
1 0 0 12
1 0 0 12
1 0 0 12
1 0 0 12
1 0 0 12
1 0 0 12
1 0 0 12
1 0 0 11
1 0 0 10
1 0 0 10
1 0 0 10
1 0 0 10
1 0 0 10
1 0 0 10
1 0 0 9
1 0 0 9
1 0 0 9
1 0 0 9
1 0 0 9
1 0 0 2
1 0 0 9
1 0 0 9
1 0 0 9
1 0 0 9
1 0 0 13
1 0 0 13
1 0 0 13
1 0 0 14
1 0 0 14
1 0 0 14
1 0 0 14
1 0 0 14
1 0 0 14
1 0 0 14
1 0 0 14
1 0 0 14
1 0 0 14
1 0 0 15
1 0 0 15
1 0 0 16
1 0 0 16
1 0 0 16
1 0 0 16
1 0 0 16
1 0 0 16
1 0 0 16
1 0 0 16
1 0 0 16
1 0 0 16
1 0 0 15
1 0 0 15
1 0 0 15
1 0 0 15
1 0 0 17
1 0 0 17
1 0 0 17
1 0 0 17
1 0 0 17
1 0 0 17
1 0 0 18
1 0 0 18
1 0 0 18
1 0 0 18
1 0 0 18
1 0 0 18
1 0 0 19
1 0 0 19
1 0 0 19
1 0 0 19
1 0 0 19
1 0 0 20
1 0 0 20
1 0 0 15
1 0 0 19
1 0 0 21
1 0 0 21
1 0 0 21
1 0 0 21
1 0 0 21
1 0 0 21
1 0 0 22
1 0 0 22
1 0 0 22
1 0 0 22
1 0 0 22
1 0 0 22
1 0 0 22
1 0 0 22
1 0 0 22
1 0 0 22
1 0 0 23
1 0 0 23
1 0 0 23
1 0 0 23
1 0 0 23
1 0 0 23
1 0 0 23
1 0 0 23
1 0 0 23
1 0 0 23
1 0 0 21
1 0 0 21
1 0 0 21
1 0 0 21
1 0 0 20
1 0 0 20
1 0 0 20
1 0 0 20
1 0 0 20
1 0 0 20
1 0 0 20
1 0 0 20
1 0 0 18
1 0 0 18
1 0 0 18
1 0 0 19
1 0 0 19
1 0 0 19
1 0 0 19
1 0 0 17
1 0 0 18
1 0 0 17
1 0 0 17
1 0 0 17
1 0 0 15
1 0 0 15
1 0 0 15
1 0 0 2
1 0 0 2
1 0 0 2
1 0 0 24
1 0 0 24
1 0 0 24
1 0 0 24
1 0 0 24
1 0 0 24
1 0 0 25
1 0 0 25
1 0 0 13
1 0 0 13
1 0 0 25
1 0 0 25
1 0 0 25
1 0 0 25
1 0 0 25
1 0 0 25
1 0 0 25
1 0 0 25
1 0 0 13
1 0 0 13
1 0 0 26
1 0 0 26
1 0 0 26
1 0 0 26
1 0 0 26
1 0 0 26
1 0 0 26
1 0 0 26
1 0 0 26
1 0 0 26
1 0 0 27
1 0 0 27
1 0 0 27
1 0 0 27
1 0 0 27
1 0 0 27
1 0 0 27
1 0 0 27
1 0 0 27
1 0 0 27
1 0 0 28
1 0 0 28
1 0 0 28
1 0 0 28
1 0 0 28
1 0 0 28
1 0 0 28
1 0 0 29
1 0 0 29
1 0 0 29
1 0 0 29
1 0 0 29
1 0 0 29
1 0 0 29
1 0 0 29
1 0 0 29
1 0 0 29
1 0 0 28
1 0 0 28
1 0 0 30
1 0 0 30
1 0 0 30
1 0 0 30
1 0 0 30
1 0 0 30
1 0 0 30
1 0 0 30
1 0 0 30
1 0 0 30
1 0 0 28
1 0 0 31
1 0 0 31
1 0 0 31
1 0 0 31
1 0 0 31
1 0 0 31
1 0 0 31
1 0 0 31
1 0 0 31
1 0 0 31
1 0 0 2
1 0 0 2
1 0 0 2
1 0 0 32
1 0 0 32
1 0 0 32
1 0 0 32
1 0 0 32
1 0 0 32
1 0 0 32
1 0 0 32
1 0 0 32
1 0 0 32
1 0 0 33
1 0 0 33
1 0 0 33
1 0 0 33
1 0 0 33
1 0 0 33
1 0 0 34
1 0 0 34
1 0 0 34
1 0 0 34
1 0 0 34
1 0 0 34
1 0 0 34
1 0 0 34
1 0 0 34
1 0 0 34
1 0 0 33
1 0 0 35
1 0 0 35
1 0 0 35
1 0 0 35
1 0 0 36
1 0 0 36
1 0 0 35
1 0 0 35
1 0 0 36
1 0 0 36
1 0 0 36
1 0 0 36
1 0 0 36
1 0 0 35
1 0 0 35
1 0 0 35
1 0 0 35
1 0 0 36
1 0 0 36
1 0 0 36
1 0 0 33
1 0 0 37
1 0 0 37
1 0 0 37
1 0 0 37
1 0 0 37
1 0 0 37
1 0 0 37
1 0 0 37
1 0 0 37
1 0 0 37
1 0 0 33
1 0 0 33
1 0 0 38
1 0 0 38
1 0 0 38
1 0 0 39
1 0 0 39
1 0 0 39
1 0 0 39
1 0 0 39
1 0 0 39
1 0 0 39
1 0 0 40
1 0 0 41
1 0 0 41
1 0 0 41
1 0 0 41
1 0 0 41
1 0 0 41
1 0 0 41
1 0 0 41
1 0 0 41
1 0 0 41
1 0 0 40
1 0 0 40
1 0 0 38
1 0 0 38
1 0 0 38
1 0 0 38
1 0 0 42
1 0 0 42
1 0 0 42
1 0 0 43
1 0 0 43
1 0 0 43
1 0 0 43
1 0 0 43
1 0 0 43
1 0 0 43
1 0 0 43
1 0 0 43
1 0 0 39
1 0 0 39
1 0 0 43
1 0 0 42
1 0 0 42
1 0 0 42
1 0 0 42
1 0 0 39
1 0 0 42
1 0 0 44
1 0 0 44
1 0 0 44
1 0 0 44
1 0 0 44
1 0 0 44
1 0 0 44
1 0 0 44
1 0 0 44
1 0 0 44
1 0 0 42
1 0 0 42
1 0 0 40
1 0 0 40
1 0 0 40
1 0 0 40
1 0 0 40
1 0 0 40
1 0 0 40
1 0 0 38
1 0 0 38
1 0 0 38
1 0 0 1
1 0 0 1
1 0 0 1
1 0 0 1
1 0 0 13
1 0 0 13
1 0 0 13
1 0 0 2
1 0 0 2
1 0 0 1
1 0 0 24
1 0 0 24
1 0 0 24
1 0 0 24
0.1 2 3 -1
0.1 441 4 -1
0.1 1 442 -1
0.1 5 6 -1
0.1 11 12 -1
0.1 14 15 -1
0.1 13 446 -1
0.1 445 447 -1
0.1 10 448 -1
0.1 9 449 -1
0.1 8 450 -1
0.1 451 16 -1
0.1 7 452 -1
0.1 17 18 -1
0.1 453 454 -1
0.1 20 21 -1
0.1 19 456 -1
0.1 455 457 -1
0.1 23 24 -1
0.1 459 25 -1
0.1 22 460 -1
0.1 458 461 -1
0.1 462 26 -1
0.1 29 30 -1
0.1 28 464 -1
0.1 465 31 -1
0.1 27 466 -1
0.1 463 467 -1
0.1 468 32 -1
0.1 444 469 -1
0.1 35 36 -1
0.1 34 471 -1
0.1 472 37 -1
0.1 42 43 -1
0.1 41 474 -1
0.1 40 475 -1
0.1 39 476 -1
0.1 38 477 -1
0.1 45 46 -1
0.1 44 479 -1
0.1 478 480 -1
0.1 473 481 -1
0.1 482 47 -1
0.1 50 51 -1
0.1 49 484 -1
0.1 48 485 -1
0.1 483 486 -1
0.1 52 53 -1
0.1 487 488 -1
0.1 33 489 -1
0.1 490 54 -1
0.1 470 491 -1
0.1 492 55 -1
0.1 57 58 -1
0.1 56 494 -1
0.1 495 59 -1
0.1 60 61 -1
0.1 62 63 -1
0.1 64 65 -1
0.1 498 499 -1
0.1 497 500 -1
0.1 496 501 -1
0.1 493 502 -1
0.1 503 66 -1
0.1 443 504 -1
0.1 68 69 -1
0.1 506 70 -1
0.1 73 74 -1
0.1 72 508 -1
0.1 75 76 -1
0.1 78 79 -1
0.1 511 80 -1
0.1 81 82 -1
0.1 84 85 -1
0.1 514 86 -1
0.1 83 515 -1
0.1 513 516 -1
0.1 89 90 -1
0.1 88 518 -1
0.1 87 519 -1
0.1 517 520 -1
0.1 512 521 -1
0.1 77 522 -1
0.1 510 523 -1
0.1 524 91 -1
0.1 509 525 -1
0.1 71 526 -1
0.1 527 92 -1
0.1 528 93 -1
0.1 95 96 -1
0.1 94 530 -1
0.1 529 531 -1
0.1 532 97 -1
0.1 507 533 -1
0.1 67 534 -1
0.1 535 98 -1
0.1 101 102 -1
0.1 100 537 -1
0.1 99 538 -1
0.1 103 104 -1
0.1 539 540 -1
0.1 536 541 -1
0.1 105 106 -1
0.1 543 107 -1
0.1 542 544 -1
0.1 505 545 -1
0.1 109 110 -1
0.1 108 547 -1
0.1 111 112 -1
0.1 114 115 -1
0.1 116 117 -1
0.1 550 551 -1
0.1 552 118 -1
0.1 553 119 -1
0.1 554 120 -1
0.1 113 555 -1
0.1 549 556 -1
0.1 121 122 -1
0.1 557 558 -1
0.1 124 125 -1
0.1 123 560 -1
0.1 126 127 -1
0.1 562 128 -1
0.1 129 130 -1
0.1 131 132 -1
0.1 564 565 -1
0.1 563 566 -1
0.1 561 567 -1
0.1 135 136 -1
0.1 134 569 -1
0.1 133 570 -1
0.1 138 139 -1
0.1 141 142 -1
0.1 140 573 -1
0.1 572 574 -1
0.1 144 145 -1
0.1 143 576 -1
0.1 146 147 -1
0.1 577 578 -1
0.1 148 149 -1
0.1 580 150 -1
0.1 581 151 -1
0.1 579 582 -1
0.1 154 155 -1
0.1 153 584 -1
0.1 152 585 -1
0.1 156 157 -1
0.1 158 159 -1
0.1 162 163 -1
0.1 161 589 -1
0.1 160 590 -1
0.1 166 167 -1
0.1 165 592 -1
0.1 169 170 -1
0.1 168 594 -1
0.1 171 172 -1
0.1 595 596 -1
0.1 597 173 -1
0.1 593 598 -1
0.1 164 599 -1
0.1 177 178 -1
0.1 176 601 -1
0.1 175 602 -1
0.1 174 603 -1
0.1 179 180 -1
0.1 181 182 -1
0.1 605 606 -1
0.1 607 183 -1
0.1 604 608 -1
0.1 600 609 -1
0.1 591 610 -1
0.1 588 611 -1
0.1 186 187 -1
0.1 185 613 -1
0.1 184 614 -1
0.1 612 615 -1
0.1 587 616 -1
0.1 188 189 -1
0.1 190 191 -1
0.1 193 194 -1
0.1 192 620 -1
0.1 619 621 -1
0.1 618 622 -1
0.1 623 195 -1
0.1 617 624 -1
0.1 586 625 -1
0.1 583 626 -1
0.1 197 198 -1
0.1 196 628 -1
0.1 629 199 -1
0.1 630 200 -1
0.1 631 201 -1
0.1 627 632 -1
0.1 633 202 -1
0.1 204 205 -1
0.1 203 635 -1
0.1 206 207 -1
0.1 636 637 -1
0.1 634 638 -1
0.1 575 639 -1
0.1 137 640 -1
0.1 571 641 -1
0.1 568 642 -1
0.1 209 210 -1
0.1 208 644 -1
0.1 643 645 -1
0.1 559 646 -1
0.1 211 212 -1
0.1 647 648 -1
0.1 649 213 -1
0.1 548 650 -1
0.1 651 214 -1
0.1 216 217 -1
0.1 215 653 -1
0.1 652 654 -1
0.1 655 218 -1
0.1 656 219 -1
0.1 546 657 -1
0.1 222 223 -1
0.1 659 224 -1
0.1 221 660 -1
0.1 220 661 -1
0.1 226 227 -1
0.1 225 663 -1
0.1 662 664 -1
0.1 228 229 -1
0.1 230 231 -1
0.1 666 667 -1
0.1 665 668 -1
0.1 232 233 -1
0.1 236 237 -1
0.1 671 238 -1
0.1 235 672 -1
0.1 239 240 -1
0.1 673 674 -1
0.1 675 241 -1
0.1 242 243 -1
0.1 676 677 -1
0.1 234 678 -1
0.1 246 247 -1
0.1 245 680 -1
0.1 249 250 -1
0.1 682 251 -1
0.1 683 252 -1
0.1 248 684 -1
0.1 681 685 -1
0.1 686 253 -1
0.1 244 687 -1
0.1 679 688 -1
0.1 257 258 -1
0.1 256 690 -1
0.1 261 262 -1
0.1 265 266 -1
0.1 267 268 -1
0.1 269 270 -1
0.1 694 695 -1
0.1 693 696 -1
0.1 264 697 -1
0.1 263 698 -1
0.1 692 699 -1
0.1 700 271 -1
0.1 260 701 -1
0.1 259 702 -1
0.1 691 703 -1
0.1 274 275 -1
0.1 276 277 -1
0.1 279 280 -1
0.1 278 707 -1
0.1 706 708 -1
0.1 705 709 -1
0.1 281 282 -1
0.1 710 711 -1
0.1 273 712 -1
0.1 272 713 -1
0.1 704 714 -1
0.1 255 715 -1
0.1 254 716 -1
0.1 717 283 -1
0.1 689 718 -1
0.1 285 286 -1
0.1 284 720 -1
0.1 287 288 -1
0.1 289 290 -1
0.1 723 291 -1
0.1 724 292 -1
0.1 722 725 -1
0.1 721 726 -1
0.1 727 293 -1
0.1 719 728 -1
0.1 670 729 -1
0.1 294 295 -1
0.1 297 298 -1
0.1 299 300 -1
0.1 301 302 -1
0.1 303 304 -1
0.1 734 735 -1
0.1 733 736 -1
0.1 732 737 -1
0.1 296 738 -1
0.1 305 306 -1
0.1 310 311 -1
0.1 309 741 -1
0.1 315 316 -1
0.1 318 319 -1
0.1 317 744 -1
0.1 743 745 -1
0.1 314 746 -1
0.1 320 321 -1
0.1 747 748 -1
0.1 749 322 -1
0.1 313 750 -1
0.1 312 751 -1
0.1 325 326 -1
0.1 328 329 -1
0.1 330 331 -1
0.1 754 755 -1
0.1 327 756 -1
0.1 753 757 -1
0.1 332 333 -1
0.1 334 335 -1
0.1 760 336 -1
0.1 759 761 -1
0.1 337 338 -1
0.1 339 340 -1
0.1 763 764 -1
0.1 762 765 -1
0.1 758 766 -1
0.1 341 342 -1
0.1 768 343 -1
0.1 767 769 -1
0.1 324 770 -1
0.1 323 771 -1
0.1 345 346 -1
0.1 347 348 -1
0.1 773 774 -1
0.1 350 351 -1
0.1 349 776 -1
0.1 775 777 -1
0.1 778 352 -1
0.1 353 354 -1
0.1 779 780 -1
0.1 344 781 -1
0.1 772 782 -1
0.1 752 783 -1
0.1 784 355 -1
0.1 742 785 -1
0.1 308 786 -1
0.1 307 787 -1
0.1 788 356 -1
0.1 789 357 -1
0.1 358 359 -1
0.1 790 791 -1
0.1 361 362 -1
0.1 364 365 -1
0.1 363 794 -1
0.1 793 795 -1
0.1 796 366 -1
0.1 360 797 -1
0.1 372 373 -1
0.1 371 799 -1
0.1 370 800 -1
0.1 369 801 -1
0.1 368 802 -1
0.1 375 376 -1
0.1 804 377 -1
0.1 374 805 -1
0.1 803 806 -1
0.1 367 807 -1
0.1 798 808 -1
0.1 378 379 -1
0.1 380 381 -1
0.1 811 382 -1
0.1 812 383 -1
0.1 810 813 -1
0.1 384 385 -1
0.1 815 386 -1
0.1 388 389 -1
0.1 387 817 -1
0.1 391 392 -1
0.1 394 395 -1
0.1 393 820 -1
0.1 819 821 -1
0.1 390 822 -1
0.1 818 823 -1
0.1 396 397 -1
0.1 825 398 -1
0.1 400 401 -1
0.1 403 404 -1
0.1 405 406 -1
0.1 407 408 -1
0.1 829 830 -1
0.1 831 409 -1
0.1 832 410 -1
0.1 411 412 -1
0.1 413 414 -1
0.1 834 835 -1
0.1 836 415 -1
0.1 837 416 -1
0.1 833 838 -1
0.1 828 839 -1
0.1 402 840 -1
0.1 827 841 -1
0.1 399 842 -1
0.1 826 843 -1
0.1 824 844 -1
0.1 816 845 -1
0.1 814 846 -1
0.1 418 419 -1
0.1 417 848 -1
0.1 849 420 -1
0.1 850 421 -1
0.1 847 851 -1
0.1 809 852 -1
0.1 422 423 -1
0.1 853 854 -1
0.1 424 425 -1
0.1 856 426 -1
0.1 855 857 -1
0.1 792 858 -1
0.1 740 859 -1
0.1 739 860 -1
0.1 731 861 -1
0.1 730 862 -1
0.1 863 427 -1
0.1 669 864 -1
0.1 865 428 -1
0.1 429 430 -1
0.1 432 433 -1
0.1 431 868 -1
0.1 869 434 -1
0.1 870 435 -1
0.1 871 436 -1
0.1 867 872 -1
0.1 866 873 -1
0.1 438 439 -1
0.1 875 440 -1
0.1 437 876 -1
0.1 874 877 -1
0.1 658 878 -1
