1 0 0 1
1 0 0 1
1 0 0 2
1 0 0 2
1 0 0 2
1 0 0 2
1 0 0 2
1 0 0 2
1 0 0 2
1 0 0 2
1 0 0 2
1 0 0 2
1 0 0 3
1 0 0 3
1 0 0 3
1 0 0 3
1 0 0 3
1 0 0 3
1 0 0 3
1 0 0 3
1 0 0 3
1 0 0 4
1 0 0 4
1 0 0 4
1 0 0 4
1 0 0 4
1 0 0 4
1 0 0 4
1 0 0 4
1 0 0 4
1 0 0 4
1 0 0 3
1 0 0 5
1 0 0 5
1 0 0 5
1 0 0 5
1 0 0 5
1 0 0 6
1 0 0 6
1 0 0 6
1 0 0 6
1 0 0 6
1 0 0 7
1 0 0 7
1 0 0 7
1 0 0 7
1 0 0 7
1 0 0 7
1 0 0 7
1 0 0 7
1 0 0 7
1 0 0 7
1 0 0 8
1 0 0 5
1 0 0 5
1 0 0 5
1 0 0 5
1 0 0 6
1 0 0 9
1 0 0 8
1 0 0 10
1 0 0 10
1 0 0 10
1 0 0 10
1 0 0 10
1 0 0 10
1 0 0 10
1 0 0 10
1 0 0 10
1 0 0 10
1 0 0 11
1 0 0 11
1 0 0 11
1 0 0 11
1 0 0 11
1 0 0 11
1 0 0 11
1 0 0 11
1 0 0 11
1 0 0 11
1 0 0 12
1 0 0 12
1 0 0 12
1 0 0 13
1 0 0 13
1 0 0 13
1 0 0 13
1 0 0 13
1 0 0 13
1 0 0 13
1 0 0 13
1 0 0 13
1 0 0 13
1 0 0 12
1 0 0 12
1 0 0 12
1 0 0 12
1 0 0 12
1 0 0 12
1 0 0 12
1 0 0 14
1 0 0 14
1 0 0 14
1 0 0 14
1 0 0 14
1 0 0 14
1 0 0 14
1 0 0 14
1 0 0 14
1 0 0 14
1 0 0 8
1 0 0 8
1 0 0 8
1 0 0 15
1 0 0 15
1 0 0 15
1 0 0 15
1 0 0 15
1 0 0 15
1 0 0 15
1 0 0 15
1 0 0 15
1 0 0 15
1 0 0 8
1 0 0 8
1 0 0 16
1 0 0 16
1 0 0 16
1 0 0 16
1 0 0 16
1 0 0 16
1 0 0 16
1 0 0 16
1 0 0 16
1 0 0 16
1 0 0 8
1 0 0 17
1 0 0 17
1 0 0 17
1 0 0 17
1 0 0 17
1 0 0 17
1 0 0 17
1 0 0 17
1 0 0 17
1 0 0 17
1 0 0 8
1 0 0 8
1 0 0 5
1 0 0 18
1 0 0 18
1 0 0 18
1 0 0 18
1 0 0 18
1 0 0 18
1 0 0 18
1 0 0 19
1 0 0 19
1 0 0 19
1 0 0 19
1 0 0 19
1 0 0 19
1 0 0 19
1 0 0 19
1 0 0 19
1 0 0 19
1 0 0 1
1 0 0 20
1 0 0 20
1 0 0 20
1 0 0 20
1 0 0 20
1 0 0 20
1 0 0 20
1 0 0 20
1 0 0 21
1 0 0 21
1 0 0 21
1 0 0 21
1 0 0 21
1 0 0 21
1 0 0 21
1 0 0 21
1 0 0 21
1 0 0 21
1 0 0 20
1 0 0 20
1 0 0 6
1 0 0 6
1 0 0 6
1 0 0 6
1 0 0 22
1 0 0 22
1 0 0 1
1 0 0 22
1 0 0 22
1 0 0 22
1 0 0 22
1 0 0 22
1 0 0 22
1 0 0 22
1 0 0 22
1 0 0 1
1 0 0 1
1 0 0 1
1 0 0 1
1 0 0 1
1 0 0 1
1 0 0 23
1 0 0 23
1 0 0 23
1 0 0 23
1 0 0 23
1 0 0 23
1 0 0 23
1 0 0 24
1 0 0 23
1 0 0 23
1 0 0 23
1 0 0 24
1 0 0 24
1 0 0 24
1 0 0 24
1 0 0 24
1 0 0 24
1 0 0 24
1 0 0 24
1 0 0 24
1 0 0 9
1 0 0 9
1 0 0 9
1 0 0 25
1 0 0 25
1 0 0 25
1 0 0 25
1 0 0 25
1 0 0 25
1 0 0 25
1 0 0 25
1 0 0 25
1 0 0 25
1 0 0 9
1 0 0 9
1 0 0 26
1 0 0 27
1 0 0 27
1 0 0 27
1 0 0 27
1 0 0 27
1 0 0 27
1 0 0 27
1 0 0 27
1 0 0 27
1 0 0 27
1 0 0 26
1 0 0 28
1 0 0 28
1 0 0 28
1 0 0 28
1 0 0 28
1 0 0 28
1 0 0 28
1 0 0 28
1 0 0 28
1 0 0 28
1 0 0 29
1 0 0 29
1 0 0 29
1 0 0 29
1 0 0 29
1 0 0 29
1 0 0 29
1 0 0 29
1 0 0 29
1 0 0 29
1 0 0 26
1 0 0 30
1 0 0 30
1 0 0 30
1 0 0 30
1 0 0 30
1 0 0 30
1 0 0 30
1 0 0 30
1 0 0 30
1 0 0 30
1 0 0 31
1 0 0 31
1 0 0 31
1 0 0 31
1 0 0 31
1 0 0 31
1 0 0 31
1 0 0 31
1 0 0 31
1 0 0 31
1 0 0 32
1 0 0 32
1 0 0 32
1 0 0 32
1 0 0 32
1 0 0 32
1 0 0 32
1 0 0 32
1 0 0 32
1 0 0 32
1 0 0 26
1 0 0 33
1 0 0 33
1 0 0 33
1 0 0 33
1 0 0 33
1 0 0 33
1 0 0 33
1 0 0 33
1 0 0 33
1 0 0 33
1 0 0 26
1 0 0 34
1 0 0 34
1 0 0 34
1 0 0 34
1 0 0 34
1 0 0 34
1 0 0 34
1 0 0 34
1 0 0 34
1 0 0 34
1 0 0 26
1 0 0 35
1 0 0 35
1 0 0 35
1 0 0 35
1 0 0 35
1 0 0 35
1 0 0 35
1 0 0 35
1 0 0 35
1 0 0 35
1 0 0 26
1 0 0 36
1 0 0 36
1 0 0 36
1 0 0 36
1 0 0 36
1 0 0 36
1 0 0 36
1 0 0 36
1 0 0 36
1 0 0 36
1 0 0 37
1 0 0 37
1 0 0 37
1 0 0 37
1 0 0 37
1 0 0 37
1 0 0 37
1 0 0 37
1 0 0 37
1 0 0 37
1 0 0 38
1 0 0 38
1 0 0 38
1 0 0 38
1 0 0 38
1 0 0 38
1 0 0 38
1 0 0 38
1 0 0 38
1 0 0 38
1 0 0 39
1 0 0 39
1 0 0 39
1 0 0 39
1 0 0 39
1 0 0 39
1 0 0 39
1 0 0 39
1 0 0 39
1 0 0 39
1 0 0 40
1 0 0 40
1 0 0 40
1 0 0 40
1 0 0 40
1 0 0 40
1 0 0 40
1 0 0 40
1 0 0 40
1 0 0 40
1 0 0 26
1 0 0 41
1 0 0 41
1 0 0 41
1 0 0 41
1 0 0 41
1 0 0 41
1 0 0 41
1 0 0 41
1 0 0 41
1 0 0 41
1 0 0 42
1 0 0 42
1 0 0 42
1 0 0 42
1 0 0 42
1 0 0 42
1 0 0 43
1 0 0 43
1 0 0 43
1 0 0 43
1 0 0 43
1 0 0 43
1 0 0 43
1 0 0 43
1 0 0 43
1 0 0 43
1 0 0 42
1 0 0 42
1 0 0 44
1 0 0 44
1 0 0 44
1 0 0 44
1 0 0 44
1 0 0 44
1 0 0 44
1 0 0 44
1 0 0 44
1 0 0 44
1 0 0 42
1 0 0 45
1 0 0 45
1 0 0 45
1 0 0 45
1 0 0 45
1 0 0 45
1 0 0 45
1 0 0 45
1 0 0 45
1 0 0 45
1 0 0 42
1 0 0 26
1 0 0 26
1 0 0 46
1 0 0 46
1 0 0 46
1 0 0 46
1 0 0 46
1 0 0 18
1 0 0 18
1 0 0 18
1 0 0 46
1 0 0 46
1 0 0 46
1 0 0 46
1 0 0 46
1 0 0 9
1 0 0 9
1 0 0 9
1 0 0 9
1 0 0 47
1 0 0 47
1 0 0 47
1 0 0 47
1 0 0 47
1 0 0 47
1 0 0 47
1 0 0 47
1 0 0 47
1 0 0 47
0.1 1 2 -1
0.1 3 4 -1
0.1 5 6 -1
0.1 473 7 -1
0.1 9 10 -1
0.1 8 475 -1
0.1 476 11 -1
0.1 477 12 -1
0.1 474 478 -1
0.1 472 479 -1
0.1 480 13 -1
0.1 15 16 -1
0.1 14 482 -1
0.1 481 483 -1
0.1 17 18 -1
0.1 484 485 -1
0.1 22 23 -1
0.1 24 25 -1
0.1 487 488 -1
0.1 26 27 -1
0.1 30 31 -1
0.1 29 491 -1
0.1 28 492 -1
0.1 490 493 -1
0.1 489 494 -1
0.1 21 495 -1
0.1 496 32 -1
0.1 20 497 -1
0.1 19 498 -1
0.1 486 499 -1
0.1 34 35 -1
0.1 33 501 -1
0.1 36 37 -1
0.1 502 503 -1
0.1 38 39 -1
0.1 40 41 -1
0.1 506 42 -1
0.1 505 507 -1
0.1 43 44 -1
0.1 47 48 -1
0.1 46 510 -1
0.1 511 49 -1
0.1 50 51 -1
0.1 513 52 -1
0.1 512 514 -1
0.1 45 515 -1
0.1 509 516 -1
0.1 508 517 -1
0.1 55 56 -1
0.1 54 519 -1
0.1 520 57 -1
0.1 53 521 -1
0.1 518 522 -1
0.1 504 523 -1
0.1 58 59 -1
0.1 524 525 -1
0.1 61 62 -1
0.1 64 65 -1
0.1 63 528 -1
0.1 527 529 -1
0.1 67 68 -1
0.1 66 531 -1
0.1 69 70 -1
0.1 532 533 -1
0.1 530 534 -1
0.1 73 74 -1
0.1 75 76 -1
0.1 537 77 -1
0.1 538 78 -1
0.1 536 539 -1
0.1 72 540 -1
0.1 541 79 -1
0.1 71 542 -1
0.1 543 80 -1
0.1 84 85 -1
0.1 88 89 -1
0.1 546 90 -1
0.1 91 92 -1
0.1 548 93 -1
0.1 547 549 -1
0.1 87 550 -1
0.1 86 551 -1
0.1 545 552 -1
0.1 83 553 -1
0.1 82 554 -1
0.1 81 555 -1
0.1 94 95 -1
0.1 557 96 -1
0.1 556 558 -1
0.1 544 559 -1
0.1 97 98 -1
0.1 560 561 -1
0.1 102 103 -1
0.1 105 106 -1
0.1 104 564 -1
0.1 108 109 -1
0.1 107 566 -1
0.1 567 110 -1
0.1 565 568 -1
0.1 563 569 -1
0.1 101 570 -1
0.1 100 571 -1
0.1 99 572 -1
0.1 562 573 -1
0.1 535 574 -1
0.1 60 575 -1
0.1 576 111 -1
0.1 114 115 -1
0.1 117 118 -1
0.1 120 121 -1
0.1 119 580 -1
0.1 579 581 -1
0.1 116 582 -1
0.1 122 123 -1
0.1 583 584 -1
0.1 578 585 -1
0.1 586 124 -1
0.1 113 587 -1
0.1 126 127 -1
0.1 128 129 -1
0.1 132 133 -1
0.1 131 591 -1
0.1 130 592 -1
0.1 593 134 -1
0.1 590 594 -1
0.1 595 135 -1
0.1 589 596 -1
0.1 125 597 -1
0.1 588 598 -1
0.1 112 599 -1
0.1 138 139 -1
0.1 141 142 -1
0.1 140 602 -1
0.1 601 603 -1
0.1 143 144 -1
0.1 145 146 -1
0.1 605 606 -1
0.1 604 607 -1
0.1 137 608 -1
0.1 136 609 -1
0.1 147 148 -1
0.1 610 611 -1
0.1 600 612 -1
0.1 577 613 -1
0.1 526 614 -1
0.1 500 615 -1
0.1 150 151 -1
0.1 154 155 -1
0.1 153 618 -1
0.1 152 619 -1
0.1 620 156 -1
0.1 617 621 -1
0.1 149 622 -1
0.1 616 623 -1
0.1 471 624 -1
0.1 157 158 -1
0.1 160 161 -1
0.1 159 627 -1
0.1 626 628 -1
0.1 162 163 -1
0.1 629 630 -1
0.1 164 165 -1
0.1 632 166 -1
0.1 631 633 -1
0.1 634 167 -1
0.1 169 170 -1
0.1 168 636 -1
0.1 172 173 -1
0.1 171 638 -1
0.1 637 639 -1
0.1 640 174 -1
0.1 176 177 -1
0.1 642 178 -1
0.1 179 180 -1
0.1 181 182 -1
0.1 644 645 -1
0.1 643 646 -1
0.1 184 185 -1
0.1 183 648 -1
0.1 647 649 -1
0.1 650 186 -1
0.1 651 187 -1
0.1 175 652 -1
0.1 641 653 -1
0.1 635 654 -1
0.1 190 191 -1
0.1 189 656 -1
0.1 188 657 -1
0.1 655 658 -1
0.1 192 193 -1
0.1 195 196 -1
0.1 661 197 -1
0.1 198 199 -1
0.1 201 202 -1
0.1 200 664 -1
0.1 663 665 -1
0.1 662 666 -1
0.1 667 203 -1
0.1 668 204 -1
0.1 194 669 -1
0.1 670 205 -1
0.1 660 671 -1
0.1 659 672 -1
0.1 206 207 -1
0.1 674 208 -1
0.1 210 211 -1
0.1 213 214 -1
0.1 212 677 -1
0.1 678 215 -1
0.1 676 679 -1
0.1 209 680 -1
0.1 217 218 -1
0.1 682 219 -1
0.1 221 222 -1
0.1 220 684 -1
0.1 685 223 -1
0.1 683 686 -1
0.1 224 225 -1
0.1 227 228 -1
0.1 226 689 -1
0.1 688 690 -1
0.1 687 691 -1
0.1 216 692 -1
0.1 681 693 -1
0.1 229 230 -1
0.1 695 231 -1
0.1 233 234 -1
0.1 232 697 -1
0.1 698 235 -1
0.1 236 237 -1
0.1 239 240 -1
0.1 238 701 -1
0.1 700 702 -1
0.1 703 241 -1
0.1 699 704 -1
0.1 696 705 -1
0.1 694 706 -1
0.1 242 243 -1
0.1 248 249 -1
0.1 247 709 -1
0.1 246 710 -1
0.1 245 711 -1
0.1 251 252 -1
0.1 713 253 -1
0.1 250 714 -1
0.1 715 254 -1
0.1 712 716 -1
0.1 244 717 -1
0.1 256 257 -1
0.1 719 258 -1
0.1 261 262 -1
0.1 260 721 -1
0.1 259 722 -1
0.1 263 264 -1
0.1 723 724 -1
0.1 720 725 -1
0.1 726 265 -1
0.1 267 268 -1
0.1 266 728 -1
0.1 269 270 -1
0.1 271 272 -1
0.1 273 274 -1
0.1 731 732 -1
0.1 730 733 -1
0.1 734 275 -1
0.1 729 735 -1
0.1 727 736 -1
0.1 255 737 -1
0.1 280 281 -1
0.1 279 739 -1
0.1 278 740 -1
0.1 283 284 -1
0.1 742 285 -1
0.1 282 743 -1
0.1 744 286 -1
0.1 741 745 -1
0.1 277 746 -1
0.1 276 747 -1
0.1 288 289 -1
0.1 287 749 -1
0.1 750 290 -1
0.1 292 293 -1
0.1 291 752 -1
0.1 294 295 -1
0.1 753 754 -1
0.1 755 296 -1
0.1 751 756 -1
0.1 297 298 -1
0.1 302 303 -1
0.1 304 305 -1
0.1 759 760 -1
0.1 301 761 -1
0.1 300 762 -1
0.1 299 763 -1
0.1 764 306 -1
0.1 758 765 -1
0.1 757 766 -1
0.1 748 767 -1
0.1 308 309 -1
0.1 310 311 -1
0.1 770 312 -1
0.1 769 771 -1
0.1 314 315 -1
0.1 313 773 -1
0.1 316 317 -1
0.1 774 775 -1
0.1 772 776 -1
0.1 307 777 -1
0.1 778 318 -1
0.1 320 321 -1
0.1 319 780 -1
0.1 322 323 -1
0.1 781 782 -1
0.1 324 325 -1
0.1 784 326 -1
0.1 783 785 -1
0.1 327 328 -1
0.1 786 787 -1
0.1 788 329 -1
0.1 331 332 -1
0.1 330 790 -1
0.1 333 334 -1
0.1 792 335 -1
0.1 336 337 -1
0.1 793 794 -1
0.1 795 338 -1
0.1 796 339 -1
0.1 791 797 -1
0.1 798 340 -1
0.1 341 342 -1
0.1 343 344 -1
0.1 801 345 -1
0.1 802 346 -1
0.1 347 348 -1
0.1 803 804 -1
0.1 800 805 -1
0.1 349 350 -1
0.1 806 807 -1
0.1 351 352 -1
0.1 809 353 -1
0.1 355 356 -1
0.1 354 811 -1
0.1 810 812 -1
0.1 357 358 -1
0.1 359 360 -1
0.1 814 815 -1
0.1 813 816 -1
0.1 361 362 -1
0.1 818 363 -1
0.1 364 365 -1
0.1 820 366 -1
0.1 369 370 -1
0.1 368 822 -1
0.1 367 823 -1
0.1 821 824 -1
0.1 819 825 -1
0.1 372 373 -1
0.1 374 375 -1
0.1 376 377 -1
0.1 828 829 -1
0.1 378 379 -1
0.1 830 831 -1
0.1 827 832 -1
0.1 833 380 -1
0.1 371 834 -1
0.1 383 384 -1
0.1 382 836 -1
0.1 381 837 -1
0.1 385 386 -1
0.1 839 387 -1
0.1 840 388 -1
0.1 389 390 -1
0.1 841 842 -1
0.1 838 843 -1
0.1 835 844 -1
0.1 826 845 -1
0.1 817 846 -1
0.1 847 391 -1
0.1 392 393 -1
0.1 849 394 -1
0.1 396 397 -1
0.1 395 851 -1
0.1 399 400 -1
0.1 398 853 -1
0.1 854 401 -1
0.1 852 855 -1
0.1 850 856 -1
0.1 857 402 -1
0.1 403 404 -1
0.1 405 406 -1
0.1 859 860 -1
0.1 410 411 -1
0.1 412 413 -1
0.1 862 863 -1
0.1 414 415 -1
0.1 865 416 -1
0.1 864 866 -1
0.1 867 417 -1
0.1 409 868 -1
0.1 408 869 -1
0.1 407 870 -1
0.1 861 871 -1
0.1 420 421 -1
0.1 422 423 -1
0.1 424 425 -1
0.1 874 875 -1
0.1 873 876 -1
0.1 426 427 -1
0.1 877 878 -1
0.1 428 429 -1
0.1 879 880 -1
0.1 419 881 -1
0.1 418 882 -1
0.1 432 433 -1
0.1 431 884 -1
0.1 434 435 -1
0.1 885 886 -1
0.1 437 438 -1
0.1 439 440 -1
0.1 888 889 -1
0.1 436 890 -1
0.1 887 891 -1
0.1 430 892 -1
0.1 883 893 -1
0.1 872 894 -1
0.1 858 895 -1
0.1 896 441 -1
0.1 897 442 -1
0.1 848 898 -1
0.1 808 899 -1
0.1 799 900 -1
0.1 789 901 -1
0.1 779 902 -1
0.1 768 903 -1
0.1 738 904 -1
0.1 718 905 -1
0.1 906 443 -1
0.1 444 445 -1
0.1 446 447 -1
0.1 908 909 -1
0.1 910 448 -1
0.1 450 451 -1
0.1 449 912 -1
0.1 452 453 -1
0.1 914 454 -1
0.1 913 915 -1
0.1 916 455 -1
0.1 911 917 -1
0.1 456 457 -1
0.1 918 919 -1
0.1 459 460 -1
0.1 458 921 -1
0.1 463 464 -1
0.1 462 923 -1
0.1 461 924 -1
0.1 466 467 -1
0.1 465 926 -1
0.1 468 469 -1
0.1 927 928 -1
0.1 929 470 -1
0.1 925 930 -1
0.1 922 931 -1
0.1 920 932 -1
0.1 907 933 -1
0.1 708 934 -1
0.1 707 935 -1
0.1 675 936 -1
0.1 673 937 -1
0.1 625 938 -1
