1 0 0 1
1 0 0 2
1 0 0 3
1 0 0 3
1 0 0 3
1 0 0 3
1 0 0 3
1 0 0 3
1 0 0 3
1 0 0 1
1 0 0 1
1 0 0 1
1 0 0 1
1 0 0 1
1 0 0 4
1 0 0 5
1 0 0 5
1 0 0 5
1 0 0 5
1 0 0 5
1 0 0 5
1 0 0 5
1 0 0 5
1 0 0 5
1 0 0 5
1 0 0 4
1 0 0 4
1 0 0 4
1 0 0 6
1 0 0 6
1 0 0 6
1 0 0 6
1 0 0 6
1 0 0 6
1 0 0 6
1 0 0 6
1 0 0 6
1 0 0 6
1 0 0 7
1 0 0 7
1 0 0 7
1 0 0 7
1 0 0 7
1 0 0 7
1 0 0 8
1 0 0 8
1 0 0 8
1 0 0 8
1 0 0 8
1 0 0 8
1 0 0 8
1 0 0 8
1 0 0 8
1 0 0 8
1 0 0 7
1 0 0 7
1 0 0 7
1 0 0 7
1 0 0 4
1 0 0 4
1 0 0 9
1 0 0 9
1 0 0 9
1 0 0 9
1 0 0 9
1 0 0 9
1 0 0 9
1 0 0 9
1 0 0 9
1 0 0 9
1 0 0 4
1 0 0 2
1 0 0 10
1 0 0 11
1 0 0 11
1 0 0 11
1 0 0 11
1 0 0 11
1 0 0 11
1 0 0 11
1 0 0 11
1 0 0 11
1 0 0 11
1 0 0 3
1 0 0 10
1 0 0 10
1 0 0 10
1 0 0 12
1 0 0 12
1 0 0 12
1 0 0 12
1 0 0 12
1 0 0 12
1 0 0 12
1 0 0 12
1 0 0 12
1 0 0 12
1 0 0 10
1 0 0 10
1 0 0 10
1 0 0 10
1 0 0 13
1 0 0 13
1 0 0 13
1 0 0 13
1 0 0 13
1 0 0 13
1 0 0 13
1 0 0 13
1 0 0 13
1 0 0 13
1 0 0 10
1 0 0 10
1 0 0 14
1 0 0 14
1 0 0 14
1 0 0 14
1 0 0 14
1 0 0 14
1 0 0 14
1 0 0 14
1 0 0 14
1 0 0 14
1 0 0 2
1 0 0 15
1 0 0 15
1 0 0 2
1 0 0 16
1 0 0 16
1 0 0 16
1 0 0 16
1 0 0 16
1 0 0 16
1 0 0 16
1 0 0 16
1 0 0 16
1 0 0 16
1 0 0 2
1 0 0 2
1 0 0 2
1 0 0 17
1 0 0 17
1 0 0 17
1 0 0 17
1 0 0 17
1 0 0 17
1 0 0 17
1 0 0 17
1 0 0 17
1 0 0 17
1 0 0 2
1 0 0 1
1 0 0 2
1 0 0 3
1 0 0 3
1 0 0 18
1 0 0 18
1 0 0 18
1 0 0 18
1 0 0 18
1 0 0 18
1 0 0 18
1 0 0 18
1 0 0 18
1 0 0 18
1 0 0 2
1 0 0 19
1 0 0 19
1 0 0 19
1 0 0 19
1 0 0 19
1 0 0 20
1 0 0 20
1 0 0 20
1 0 0 20
1 0 0 20
1 0 0 20
1 0 0 20
1 0 0 21
1 0 0 21
1 0 0 21
1 0 0 21
1 0 0 15
1 0 0 15
1 0 0 15
1 0 0 15
1 0 0 15
1 0 0 15
1 0 0 15
1 0 0 15
1 0 0 4
1 0 0 4
1 0 0 19
1 0 0 19
1 0 0 19
1 0 0 19
1 0 0 19
1 0 0 22
1 0 0 22
1 0 0 22
1 0 0 22
1 0 0 22
1 0 0 22
1 0 0 22
1 0 0 1
1 0 0 1
1 0 0 1
1 0 0 23
1 0 0 23
1 0 0 23
1 0 0 20
1 0 0 20
1 0 0 20
1 0 0 22
1 0 0 22
1 0 0 22
1 0 0 23
1 0 0 23
1 0 0 23
1 0 0 23
1 0 0 23
1 0 0 23
1 0 0 23
1 0 0 24
1 0 0 24
1 0 0 24
1 0 0 24
1 0 0 24
1 0 0 24
1 0 0 24
1 0 0 24
1 0 0 24
1 0 0 24
1 0 0 21
1 0 0 21
1 0 0 21
1 0 0 4
1 0 0 21
1 0 0 25
1 0 0 25
1 0 0 25
1 0 0 25
1 0 0 26
1 0 0 26
1 0 0 26
1 0 0 26
1 0 0 26
1 0 0 26
1 0 0 26
1 0 0 26
1 0 0 26
1 0 0 26
1 0 0 25
1 0 0 25
1 0 0 25
1 0 0 27
1 0 0 27
1 0 0 27
1 0 0 27
1 0 0 27
1 0 0 27
1 0 0 27
1 0 0 27
1 0 0 27
1 0 0 27
1 0 0 25
1 0 0 25
1 0 0 25
1 0 0 21
1 0 0 21
1 0 0 28
1 0 0 28
1 0 0 29
1 0 0 29
1 0 0 29
1 0 0 29
1 0 0 29
1 0 0 29
1 0 0 29
1 0 0 29
1 0 0 29
1 0 0 29
1 0 0 30
1 0 0 30
1 0 0 30
1 0 0 30
1 0 0 30
1 0 0 30
1 0 0 30
1 0 0 30
1 0 0 30
1 0 0 30
1 0 0 31
1 0 0 31
1 0 0 31
1 0 0 31
1 0 0 31
1 0 0 31
1 0 0 31
1 0 0 31
1 0 0 31
1 0 0 31
1 0 0 32
1 0 0 32
1 0 0 32
1 0 0 32
1 0 0 32
1 0 0 32
1 0 0 32
1 0 0 32
1 0 0 32
1 0 0 32
1 0 0 33
1 0 0 33
1 0 0 33
1 0 0 33
1 0 0 33
1 0 0 33
1 0 0 33
1 0 0 33
1 0 0 33
1 0 0 33
1 0 0 28
1 0 0 28
1 0 0 34
1 0 0 34
1 0 0 34
1 0 0 34
1 0 0 34
1 0 0 34
1 0 0 34
1 0 0 34
1 0 0 34
1 0 0 34
1 0 0 28
1 0 0 35
1 0 0 35
1 0 0 35
1 0 0 35
1 0 0 35
1 0 0 35
1 0 0 35
1 0 0 35
1 0 0 35
1 0 0 35
1 0 0 28
1 0 0 36
1 0 0 36
1 0 0 36
1 0 0 36
1 0 0 36
1 0 0 36
1 0 0 36
1 0 0 36
1 0 0 36
1 0 0 36
1 0 0 37
1 0 0 37
1 0 0 37
1 0 0 37
1 0 0 37
1 0 0 37
1 0 0 37
1 0 0 37
1 0 0 37
1 0 0 37
1 0 0 38
1 0 0 38
1 0 0 38
1 0 0 38
1 0 0 38
1 0 0 38
1 0 0 38
1 0 0 38
1 0 0 38
1 0 0 38
1 0 0 39
1 0 0 39
1 0 0 39
1 0 0 39
1 0 0 39
1 0 0 39
1 0 0 39
1 0 0 39
1 0 0 39
1 0 0 39
1 0 0 40
1 0 0 41
1 0 0 41
1 0 0 41
1 0 0 41
1 0 0 41
1 0 0 41
1 0 0 41
1 0 0 41
1 0 0 41
1 0 0 41
1 0 0 40
1 0 0 40
1 0 0 42
1 0 0 42
1 0 0 42
1 0 0 42
1 0 0 42
1 0 0 42
1 0 0 42
1 0 0 42
1 0 0 42
1 0 0 42
1 0 0 40
1 0 0 40
1 0 0 40
1 0 0 40
1 0 0 40
1 0 0 43
1 0 0 43
1 0 0 43
1 0 0 43
1 0 0 43
1 0 0 43
1 0 0 43
1 0 0 43
1 0 0 43
1 0 0 43
1 0 0 40
1 0 0 44
1 0 0 44
1 0 0 44
1 0 0 44
1 0 0 44
1 0 0 44
1 0 0 44
1 0 0 44
1 0 0 44
1 0 0 44
1 0 0 40
1 0 0 28
1 0 0 28
1 0 0 45
1 0 0 45
1 0 0 45
1 0 0 45
1 0 0 45
1 0 0 45
1 0 0 45
1 0 0 45
1 0 0 45
1 0 0 45
1 0 0 28
1 0 0 46
1 0 0 46
1 0 0 46
1 0 0 46
1 0 0 46
1 0 0 46
1 0 0 46
1 0 0 46
1 0 0 46
1 0 0 46
1 0 0 28
1 0 0 47
1 0 0 47
1 0 0 47
1 0 0 47
1 0 0 47
1 0 0 47
1 0 0 47
1 0 0 47
1 0 0 47
1 0 0 47
0.1 1 2 -1
0.1 5 6 -1
0.1 4 472 -1
0.1 3 473 -1
0.1 7 8 -1
0.1 475 9 -1
0.1 474 476 -1
0.1 471 477 -1
0.1 11 12 -1
0.1 10 479 -1
0.1 13 14 -1
0.1 480 481 -1
0.1 478 482 -1
0.1 16 17 -1
0.1 484 18 -1
0.1 19 20 -1
0.1 485 486 -1
0.1 24 25 -1
0.1 23 488 -1
0.1 22 489 -1
0.1 21 490 -1
0.1 487 491 -1
0.1 15 492 -1
0.1 27 28 -1
0.1 26 494 -1
0.1 31 32 -1
0.1 30 496 -1
0.1 29 497 -1
0.1 34 35 -1
0.1 36 37 -1
0.1 499 500 -1
0.1 33 501 -1
0.1 502 38 -1
0.1 498 503 -1
0.1 495 504 -1
0.1 493 505 -1
0.1 39 40 -1
0.1 42 43 -1
0.1 508 44 -1
0.1 41 509 -1
0.1 507 510 -1
0.1 47 48 -1
0.1 512 49 -1
0.1 46 513 -1
0.1 50 51 -1
0.1 53 54 -1
0.1 52 516 -1
0.1 515 517 -1
0.1 514 518 -1
0.1 45 519 -1
0.1 520 55 -1
0.1 511 521 -1
0.1 56 57 -1
0.1 523 58 -1
0.1 522 524 -1
0.1 506 525 -1
0.1 61 62 -1
0.1 527 63 -1
0.1 528 64 -1
0.1 67 68 -1
0.1 66 530 -1
0.1 69 70 -1
0.1 531 532 -1
0.1 65 533 -1
0.1 529 534 -1
0.1 535 71 -1
0.1 60 536 -1
0.1 59 537 -1
0.1 526 538 -1
0.1 483 539 -1
0.1 75 76 -1
0.1 78 79 -1
0.1 542 80 -1
0.1 77 543 -1
0.1 541 544 -1
0.1 81 82 -1
0.1 545 546 -1
0.1 547 83 -1
0.1 74 548 -1
0.1 73 549 -1
0.1 86 87 -1
0.1 85 551 -1
0.1 88 89 -1
0.1 94 95 -1
0.1 93 554 -1
0.1 92 555 -1
0.1 96 97 -1
0.1 556 557 -1
0.1 91 558 -1
0.1 90 559 -1
0.1 553 560 -1
0.1 561 98 -1
0.1 99 100 -1
0.1 562 563 -1
0.1 552 564 -1
0.1 84 565 -1
0.1 550 566 -1
0.1 567 101 -1
0.1 106 107 -1
0.1 105 569 -1
0.1 104 570 -1
0.1 108 109 -1
0.1 571 572 -1
0.1 103 573 -1
0.1 102 574 -1
0.1 575 110 -1
0.1 576 111 -1
0.1 112 113 -1
0.1 577 578 -1
0.1 568 579 -1
0.1 115 116 -1
0.1 114 581 -1
0.1 117 118 -1
0.1 582 583 -1
0.1 120 121 -1
0.1 119 585 -1
0.1 586 122 -1
0.1 587 123 -1
0.1 584 588 -1
0.1 580 589 -1
0.1 590 124 -1
0.1 72 591 -1
0.1 125 126 -1
0.1 130 131 -1
0.1 129 594 -1
0.1 132 133 -1
0.1 134 135 -1
0.1 596 597 -1
0.1 595 598 -1
0.1 136 137 -1
0.1 599 600 -1
0.1 128 601 -1
0.1 127 602 -1
0.1 138 139 -1
0.1 603 604 -1
0.1 593 605 -1
0.1 142 143 -1
0.1 144 145 -1
0.1 147 148 -1
0.1 609 149 -1
0.1 610 150 -1
0.1 146 611 -1
0.1 608 612 -1
0.1 607 613 -1
0.1 141 614 -1
0.1 615 151 -1
0.1 152 153 -1
0.1 154 155 -1
0.1 157 158 -1
0.1 156 619 -1
0.1 161 162 -1
0.1 160 621 -1
0.1 159 622 -1
0.1 620 623 -1
0.1 624 163 -1
0.1 618 625 -1
0.1 164 165 -1
0.1 626 627 -1
0.1 617 628 -1
0.1 629 166 -1
0.1 616 630 -1
0.1 140 631 -1
0.1 606 632 -1
0.1 592 633 -1
0.1 540 634 -1
0.1 168 169 -1
0.1 636 170 -1
0.1 637 171 -1
0.1 167 638 -1
0.1 172 173 -1
0.1 177 178 -1
0.1 176 641 -1
0.1 175 642 -1
0.1 174 643 -1
0.1 640 644 -1
0.1 179 180 -1
0.1 646 181 -1
0.1 647 182 -1
0.1 183 184 -1
0.1 186 187 -1
0.1 185 650 -1
0.1 649 651 -1
0.1 189 190 -1
0.1 188 653 -1
0.1 652 654 -1
0.1 648 655 -1
0.1 645 656 -1
0.1 191 192 -1
0.1 193 194 -1
0.1 195 196 -1
0.1 660 197 -1
0.1 659 661 -1
0.1 658 662 -1
0.1 657 663 -1
0.1 199 200 -1
0.1 665 201 -1
0.1 202 203 -1
0.1 666 667 -1
0.1 668 204 -1
0.1 198 669 -1
0.1 206 207 -1
0.1 205 671 -1
0.1 209 210 -1
0.1 208 673 -1
0.1 672 674 -1
0.1 212 213 -1
0.1 211 676 -1
0.1 675 677 -1
0.1 215 216 -1
0.1 214 679 -1
0.1 217 218 -1
0.1 681 219 -1
0.1 224 225 -1
0.1 683 226 -1
0.1 227 228 -1
0.1 231 232 -1
0.1 230 686 -1
0.1 229 687 -1
0.1 685 688 -1
0.1 689 233 -1
0.1 684 690 -1
0.1 223 691 -1
0.1 222 692 -1
0.1 221 693 -1
0.1 220 694 -1
0.1 682 695 -1
0.1 680 696 -1
0.1 678 697 -1
0.1 670 698 -1
0.1 699 234 -1
0.1 664 700 -1
0.1 237 238 -1
0.1 236 702 -1
0.1 235 703 -1
0.1 701 704 -1
0.1 240 241 -1
0.1 239 706 -1
0.1 243 244 -1
0.1 246 247 -1
0.1 245 709 -1
0.1 250 251 -1
0.1 249 711 -1
0.1 248 712 -1
0.1 713 252 -1
0.1 710 714 -1
0.1 708 715 -1
0.1 242 716 -1
0.1 707 717 -1
0.1 253 254 -1
0.1 719 255 -1
0.1 256 257 -1
0.1 258 259 -1
0.1 721 722 -1
0.1 262 263 -1
0.1 261 724 -1
0.1 725 264 -1
0.1 260 726 -1
0.1 727 265 -1
0.1 723 728 -1
0.1 720 729 -1
0.1 730 266 -1
0.1 267 268 -1
0.1 731 732 -1
0.1 718 733 -1
0.1 734 269 -1
0.1 735 270 -1
0.1 705 736 -1
0.1 639 737 -1
0.1 274 275 -1
0.1 273 739 -1
0.1 277 278 -1
0.1 276 741 -1
0.1 742 279 -1
0.1 280 281 -1
0.1 743 744 -1
0.1 740 745 -1
0.1 284 285 -1
0.1 283 747 -1
0.1 286 287 -1
0.1 288 289 -1
0.1 290 291 -1
0.1 750 751 -1
0.1 749 752 -1
0.1 753 292 -1
0.1 748 754 -1
0.1 282 755 -1
0.1 746 756 -1
0.1 272 757 -1
0.1 293 294 -1
0.1 759 295 -1
0.1 297 298 -1
0.1 296 761 -1
0.1 760 762 -1
0.1 300 301 -1
0.1 299 764 -1
0.1 765 302 -1
0.1 763 766 -1
0.1 304 305 -1
0.1 303 768 -1
0.1 308 309 -1
0.1 310 311 -1
0.1 770 771 -1
0.1 307 772 -1
0.1 773 312 -1
0.1 306 774 -1
0.1 769 775 -1
0.1 767 776 -1
0.1 313 314 -1
0.1 778 315 -1
0.1 316 317 -1
0.1 779 780 -1
0.1 319 320 -1
0.1 782 321 -1
0.1 783 322 -1
0.1 318 784 -1
0.1 781 785 -1
0.1 786 323 -1
0.1 787 324 -1
0.1 326 327 -1
0.1 325 789 -1
0.1 331 332 -1
0.1 330 791 -1
0.1 329 792 -1
0.1 328 793 -1
0.1 790 794 -1
0.1 333 334 -1
0.1 795 796 -1
0.1 797 335 -1
0.1 336 337 -1
0.1 339 340 -1
0.1 342 343 -1
0.1 341 801 -1
0.1 800 802 -1
0.1 803 344 -1
0.1 338 804 -1
0.1 799 805 -1
0.1 806 345 -1
0.1 807 346 -1
0.1 348 349 -1
0.1 347 809 -1
0.1 351 352 -1
0.1 350 811 -1
0.1 810 812 -1
0.1 354 355 -1
0.1 353 814 -1
0.1 815 356 -1
0.1 813 816 -1
0.1 358 359 -1
0.1 360 361 -1
0.1 818 819 -1
0.1 357 820 -1
0.1 363 364 -1
0.1 362 822 -1
0.1 821 823 -1
0.1 365 366 -1
0.1 824 825 -1
0.1 369 370 -1
0.1 368 827 -1
0.1 828 371 -1
0.1 829 372 -1
0.1 367 830 -1
0.1 375 376 -1
0.1 374 832 -1
0.1 373 833 -1
0.1 831 834 -1
0.1 377 378 -1
0.1 379 380 -1
0.1 381 382 -1
0.1 837 838 -1
0.1 383 384 -1
0.1 839 840 -1
0.1 841 385 -1
0.1 836 842 -1
0.1 843 386 -1
0.1 835 844 -1
0.1 826 845 -1
0.1 817 846 -1
0.1 389 390 -1
0.1 388 848 -1
0.1 393 394 -1
0.1 392 850 -1
0.1 391 851 -1
0.1 396 397 -1
0.1 395 853 -1
0.1 852 854 -1
0.1 849 855 -1
0.1 856 398 -1
0.1 387 857 -1
0.1 400 401 -1
0.1 402 403 -1
0.1 860 404 -1
0.1 859 861 -1
0.1 406 407 -1
0.1 408 409 -1
0.1 863 864 -1
0.1 405 865 -1
0.1 862 866 -1
0.1 399 867 -1
0.1 410 411 -1
0.1 412 413 -1
0.1 869 870 -1
0.1 416 417 -1
0.1 415 872 -1
0.1 418 419 -1
0.1 420 421 -1
0.1 874 875 -1
0.1 873 876 -1
0.1 877 422 -1
0.1 423 424 -1
0.1 878 879 -1
0.1 414 880 -1
0.1 871 881 -1
0.1 426 427 -1
0.1 428 429 -1
0.1 430 431 -1
0.1 432 433 -1
0.1 885 886 -1
0.1 884 887 -1
0.1 434 435 -1
0.1 888 889 -1
0.1 883 890 -1
0.1 891 436 -1
0.1 425 892 -1
0.1 882 893 -1
0.1 868 894 -1
0.1 858 895 -1
0.1 896 437 -1
0.1 847 897 -1
0.1 898 438 -1
0.1 439 440 -1
0.1 441 442 -1
0.1 900 901 -1
0.1 443 444 -1
0.1 447 448 -1
0.1 446 904 -1
0.1 445 905 -1
0.1 903 906 -1
0.1 902 907 -1
0.1 899 908 -1
0.1 808 909 -1
0.1 798 910 -1
0.1 788 911 -1
0.1 453 454 -1
0.1 452 913 -1
0.1 914 455 -1
0.1 451 915 -1
0.1 458 459 -1
0.1 457 917 -1
0.1 456 918 -1
0.1 916 919 -1
0.1 450 920 -1
0.1 449 921 -1
0.1 912 922 -1
0.1 777 923 -1
0.1 758 924 -1
0.1 463 464 -1
0.1 462 926 -1
0.1 466 467 -1
0.1 928 468 -1
0.1 465 929 -1
0.1 930 469 -1
0.1 931 470 -1
0.1 927 932 -1
0.1 461 933 -1
0.1 460 934 -1
0.1 925 935 -1
0.1 271 936 -1
0.1 738 937 -1
0.1 635 938 -1
