1 0 0 1
1 0 0 2
1 0 0 2
1 0 0 2
1 0 0 2
1 0 0 2
1 0 0 2
1 0 0 2
1 0 0 2
1 0 0 2
1 0 0 2
1 0 0 1
1 0 0 1
1 0 0 1
1 0 0 1
1 0 0 1
1 0 0 1
1 0 0 1
1 0 0 1
1 0 0 1
1 0 0 3
1 0 0 3
1 0 0 3
1 0 0 3
1 0 0 3
1 0 0 3
1 0 0 3
1 0 0 3
1 0 0 4
1 0 0 4
1 0 0 4
1 0 0 4
1 0 0 4
1 0 0 4
1 0 0 4
1 0 0 4
1 0 0 4
1 0 0 4
1 0 0 3
1 0 0 3
1 0 0 5
1 0 0 5
1 0 0 5
1 0 0 5
1 0 0 5
1 0 0 5
1 0 0 5
1 0 0 5
1 0 0 5
1 0 0 5
1 0 0 6
1 0 0 6
1 0 0 6
1 0 0 6
1 0 0 6
1 0 0 6
1 0 0 6
1 0 0 6
1 0 0 6
1 0 0 6
0.1 3 4 -1
0.1 2 61 -1
0.1 1 62 -1
0.1 6 7 -1
0.1 64 8 -1
0.1 5 65 -1
0.1 63 66 -1
0.1 10 11 -1
0.1 9 68 -1
0.1 67 69 -1
0.1 13 14 -1
0.1 12 71 -1
0.1 15 16 -1
0.1 72 73 -1
0.1 17 18 -1
0.1 19 20 -1
0.1 75 76 -1
0.1 74 77 -1
0.1 70 78 -1
0.1 24 25 -1
0.1 23 80 -1
0.1 22 81 -1
0.1 26 27 -1
0.1 83 28 -1
0.1 30 31 -1
0.1 85 32 -1
0.1 33 34 -1
0.1 87 35 -1
0.1 36 37 -1
0.1 89 38 -1
0.1 88 90 -1
0.1 86 91 -1
0.1 29 92 -1
0.1 84 93 -1
0.1 82 94 -1
0.1 95 39 -1
0.1 96 40 -1
0.1 21 97 -1
0.1 79 98 -1
0.1 41 42 -1
0.1 45 46 -1
0.1 44 101 -1
0.1 47 48 -1
0.1 102 103 -1
0.1 43 104 -1
0.1 49 50 -1
0.1 105 106 -1
0.1 100 107 -1
0.1 51 52 -1
0.1 108 109 -1
0.1 110 53 -1
0.1 54 55 -1
0.1 112 56 -1
0.1 111 113 -1
0.1 57 58 -1
0.1 115 59 -1
0.1 116 60 -1
0.1 114 117 -1
0.1 99 118 -1
