1 0 0 1
1 0 0 1
1 0 0 1
1 0 0 1
1 0 0 1
1 0 0 1
1 0 0 1
1 0 0 1
1 0 0 2
1 0 0 2
1 0 0 2
1 0 0 2
1 0 0 2
1 0 0 2
1 0 0 2
1 0 0 2
1 0 0 2
1 0 0 2
1 0 0 1
1 0 0 1
1 0 0 3
1 0 0 3
1 0 0 3
1 0 0 3
1 0 0 3
1 0 0 3
1 0 0 3
1 0 0 3
1 0 0 3
1 0 0 3
1 0 0 4
1 0 0 4
1 0 0 4
1 0 0 4
1 0 0 4
1 0 0 4
1 0 0 4
1 0 0 4
1 0 0 4
1 0 0 4
1 0 0 5
1 0 0 5
1 0 0 5
1 0 0 5
1 0 0 5
1 0 0 5
1 0 0 5
1 0 0 5
1 0 0 6
1 0 0 6
1 0 0 5
1 0 0 6
1 0 0 6
1 0 0 6
1 0 0 6
1 0 0 6
1 0 0 6
1 0 0 6
1 0 0 6
1 0 0 5
0.1 2 3 -1
0.1 61 4 -1
0.1 7 8 -1
0.1 6 63 -1
0.1 5 64 -1
0.1 62 65 -1
0.1 10 11 -1
0.1 12 13 -1
0.1 67 68 -1
0.1 14 15 -1
0.1 16 17 -1
0.1 71 18 -1
0.1 70 72 -1
0.1 69 73 -1
0.1 9 74 -1
0.1 66 75 -1
0.1 76 19 -1
0.1 77 20 -1
0.1 1 78 -1
0.1 22 23 -1
0.1 26 27 -1
0.1 25 81 -1
0.1 29 30 -1
0.1 28 83 -1
0.1 82 84 -1
0.1 24 85 -1
0.1 80 86 -1
0.1 21 87 -1
0.1 33 34 -1
0.1 32 89 -1
0.1 31 90 -1
0.1 35 36 -1
0.1 92 37 -1
0.1 91 93 -1
0.1 88 94 -1
0.1 38 39 -1
0.1 95 96 -1
0.1 97 40 -1
0.1 79 98 -1
0.1 42 43 -1
0.1 100 44 -1
0.1 41 101 -1
0.1 45 46 -1
0.1 102 103 -1
0.1 104 47 -1
0.1 49 50 -1
0.1 52 53 -1
0.1 55 56 -1
0.1 54 108 -1
0.1 107 109 -1
0.1 110 57 -1
0.1 58 59 -1
0.1 111 112 -1
0.1 51 113 -1
0.1 106 114 -1
0.1 48 115 -1
0.1 116 60 -1
0.1 105 117 -1
0.1 99 118 -1
