1 0 0 1
1 0 0 1
1 0 0 1
1 0 0 2
1 0 0 2
1 0 0 2
1 0 0 2
1 0 0 2
1 0 0 3
1 0 0 3
1 0 0 3
1 0 0 3
1 0 0 1
1 0 0 1
1 0 0 4
1 0 0 5
1 0 0 6
1 0 0 6
1 0 0 6
1 0 0 6
1 0 0 6
1 0 0 7
1 0 0 7
1 0 0 7
1 0 0 7
1 0 0 7
1 0 0 5
1 0 0 5
1 0 0 5
1 0 0 5
1 0 0 8
1 0 0 8
1 0 0 8
1 0 0 8
1 0 0 8
1 0 0 9
1 0 0 9
1 0 0 9
1 0 0 9
1 0 0 9
1 0 0 10
1 0 0 10
1 0 0 10
1 0 0 10
1 0 0 10
1 0 0 11
1 0 0 11
1 0 0 11
1 0 0 11
1 0 0 11
1 0 0 12
1 0 0 12
1 0 0 12
1 0 0 12
1 0 0 12
1 0 0 4
1 0 0 13
1 0 0 13
1 0 0 13
1 0 0 13
1 0 0 13
1 0 0 14
1 0 0 14
1 0 0 14
1 0 0 14
1 0 0 14
1 0 0 3
1 0 0 15
1 0 0 15
1 0 0 15
1 0 0 15
1 0 0 15
1 0 0 4
1 0 0 16
1 0 0 16
1 0 0 16
1 0 0 16
1 0 0 16
1 0 0 17
1 0 0 17
1 0 0 17
1 0 0 17
1 0 0 17
1 0 0 18
1 0 0 18
1 0 0 18
1 0 0 18
1 0 0 18
1 0 0 19
1 0 0 19
1 0 0 19
1 0 0 19
1 0 0 19
1 0 0 20
1 0 0 20
1 0 0 20
1 0 0 20
1 0 0 20
1 0 0 21
1 0 0 21
1 0 0 21
1 0 0 21
1 0 0 21
1 0 0 22
1 0 0 22
1 0 0 22
1 0 0 22
1 0 0 22
1 0 0 23
1 0 0 23
1 0 0 23
1 0 0 23
1 0 0 23
1 0 0 4
1 0 0 4
1 0 0 24
1 0 0 24
1 0 0 24
1 0 0 24
1 0 0 24
1 0 0 25
1 0 0 25
1 0 0 25
1 0 0 25
1 0 0 25
1 0 0 26
1 0 0 26
1 0 0 26
1 0 0 26
1 0 0 26
1 0 0 27
1 0 0 27
1 0 0 27
1 0 0 27
1 0 0 27
0.1 1 2 -1
0.1 6 7 -1
0.1 5 137 -1
0.1 4 138 -1
0.1 139 8 -1
0.1 3 140 -1
0.1 136 141 -1
0.1 13 14 -1
0.1 18 19 -1
0.1 20 21 -1
0.1 144 145 -1
0.1 17 146 -1
0.1 24 25 -1
0.1 23 148 -1
0.1 149 26 -1
0.1 22 150 -1
0.1 147 151 -1
0.1 27 28 -1
0.1 153 29 -1
0.1 154 30 -1
0.1 152 155 -1
0.1 16 156 -1
0.1 33 34 -1
0.1 158 35 -1
0.1 32 159 -1
0.1 31 160 -1
0.1 36 37 -1
0.1 38 39 -1
0.1 163 40 -1
0.1 162 164 -1
0.1 161 165 -1
0.1 43 44 -1
0.1 42 167 -1
0.1 41 168 -1
0.1 169 45 -1
0.1 46 47 -1
0.1 171 48 -1
0.1 49 50 -1
0.1 172 173 -1
0.1 52 53 -1
0.1 51 175 -1
0.1 54 55 -1
0.1 176 177 -1
0.1 174 178 -1
0.1 170 179 -1
0.1 57 58 -1
0.1 60 61 -1
0.1 59 182 -1
0.1 181 183 -1
0.1 56 184 -1
0.1 180 185 -1
0.1 63 64 -1
0.1 65 66 -1
0.1 187 188 -1
0.1 62 189 -1
0.1 186 190 -1
0.1 166 191 -1
0.1 157 192 -1
0.1 15 193 -1
0.1 143 194 -1
0.1 195 67 -1
0.1 12 196 -1
0.1 11 197 -1
0.1 10 198 -1
0.1 9 199 -1
0.1 142 200 -1
0.1 69 70 -1
0.1 71 72 -1
0.1 202 203 -1
0.1 68 204 -1
0.1 76 77 -1
0.1 75 206 -1
0.1 74 207 -1
0.1 80 81 -1
0.1 79 209 -1
0.1 78 210 -1
0.1 208 211 -1
0.1 82 83 -1
0.1 212 213 -1
0.1 73 214 -1
0.1 205 215 -1
0.1 86 87 -1
0.1 85 217 -1
0.1 218 88 -1
0.1 84 219 -1
0.1 90 91 -1
0.1 221 92 -1
0.1 222 93 -1
0.1 89 223 -1
0.1 97 98 -1
0.1 96 225 -1
0.1 95 226 -1
0.1 94 227 -1
0.1 224 228 -1
0.1 220 229 -1
0.1 99 100 -1
0.1 101 102 -1
0.1 231 232 -1
0.1 233 103 -1
0.1 107 108 -1
0.1 106 235 -1
0.1 105 236 -1
0.1 104 237 -1
0.1 234 238 -1
0.1 109 110 -1
0.1 112 113 -1
0.1 111 241 -1
0.1 240 242 -1
0.1 239 243 -1
0.1 230 244 -1
0.1 114 115 -1
0.1 116 117 -1
0.1 119 120 -1
0.1 118 248 -1
0.1 247 249 -1
0.1 246 250 -1
0.1 122 123 -1
0.1 124 125 -1
0.1 252 253 -1
0.1 121 254 -1
0.1 251 255 -1
0.1 126 127 -1
0.1 129 130 -1
0.1 128 258 -1
0.1 257 259 -1
0.1 132 133 -1
0.1 131 261 -1
0.1 134 135 -1
0.1 262 263 -1
0.1 260 264 -1
0.1 256 265 -1
0.1 245 266 -1
0.1 216 267 -1
0.1 201 268 -1
