1 0 0 1
1 0 0 1
1 0 0 1
1 0 0 2
1 0 0 2
1 0 0 2
1 0 0 2
1 0 0 2
1 0 0 2
1 0 0 2
1 0 0 2
1 0 0 2
1 0 0 2
1 0 0 1
1 0 0 1
1 0 0 1
1 0 0 1
1 0 0 1
1 0 0 3
1 0 0 3
1 0 0 3
1 0 0 3
1 0 0 3
1 0 0 3
1 0 0 3
1 0 0 3
1 0 0 3
1 0 0 3
1 0 0 4
1 0 0 5
1 0 0 5
1 0 0 5
1 0 0 5
1 0 0 5
1 0 0 5
1 0 0 5
1 0 0 5
1 0 0 5
1 0 0 5
1 0 0 1
1 0 0 1
1 0 0 4
1 0 0 4
1 0 0 4
1 0 0 4
1 0 0 4
1 0 0 4
1 0 0 6
1 0 0 4
1 0 0 4
1 0 0 4
1 0 0 6
1 0 0 6
1 0 0 6
1 0 0 6
1 0 0 6
1 0 0 6
1 0 0 7
1 0 0 7
1 0 0 7
1 0 0 8
1 0 0 8
1 0 0 8
1 0 0 8
1 0 0 8
1 0 0 8
1 0 0 9
1 0 0 9
1 0 0 9
1 0 0 9
1 0 0 9
1 0 0 9
1 0 0 9
1 0 0 9
1 0 0 9
1 0 0 9
1 0 0 8
1 0 0 8
1 0 0 8
1 0 0 8
1 0 0 10
1 0 0 10
1 0 0 10
1 0 0 10
1 0 0 10
1 0 0 10
1 0 0 10
1 0 0 10
1 0 0 10
1 0 0 10
1 0 0 7
1 0 0 7
1 0 0 7
1 0 0 7
1 0 0 7
1 0 0 7
1 0 0 7
1 0 0 6
1 0 0 6
1 0 0 6
1 0 0 11
1 0 0 11
1 0 0 11
1 0 0 11
1 0 0 11
1 0 0 11
1 0 0 11
1 0 0 11
1 0 0 11
1 0 0 11
0.1 4 5 -1
0.1 6 7 -1
0.1 111 112 -1
0.1 9 10 -1
0.1 114 11 -1
0.1 12 13 -1
0.1 115 116 -1
0.1 8 117 -1
0.1 113 118 -1
0.1 119 14 -1
0.1 15 16 -1
0.1 17 18 -1
0.1 122 19 -1
0.1 20 21 -1
0.1 123 124 -1
0.1 23 24 -1
0.1 126 25 -1
0.1 22 127 -1
0.1 125 128 -1
0.1 26 27 -1
0.1 129 130 -1
0.1 131 28 -1
0.1 121 132 -1
0.1 133 29 -1
0.1 31 32 -1
0.1 30 135 -1
0.1 33 34 -1
0.1 137 35 -1
0.1 36 37 -1
0.1 139 38 -1
0.1 140 39 -1
0.1 138 141 -1
0.1 136 142 -1
0.1 134 143 -1
0.1 120 144 -1
0.1 145 40 -1
0.1 146 41 -1
0.1 3 147 -1
0.1 2 148 -1
0.1 1 149 -1
0.1 43 44 -1
0.1 42 151 -1
0.1 152 45 -1
0.1 150 153 -1
0.1 154 46 -1
0.1 47 48 -1
0.1 50 51 -1
0.1 49 157 -1
0.1 156 158 -1
0.1 155 159 -1
0.1 54 55 -1
0.1 161 56 -1
0.1 53 162 -1
0.1 52 163 -1
0.1 160 164 -1
0.1 59 60 -1
0.1 62 63 -1
0.1 61 167 -1
0.1 65 66 -1
0.1 67 68 -1
0.1 71 72 -1
0.1 70 171 -1
0.1 73 74 -1
0.1 173 75 -1
0.1 174 76 -1
0.1 172 175 -1
0.1 69 176 -1
0.1 170 177 -1
0.1 169 178 -1
0.1 64 179 -1
0.1 168 180 -1
0.1 166 181 -1
0.1 78 79 -1
0.1 83 84 -1
0.1 85 86 -1
0.1 184 185 -1
0.1 88 89 -1
0.1 87 187 -1
0.1 188 90 -1
0.1 186 189 -1
0.1 82 190 -1
0.1 81 191 -1
0.1 80 192 -1
0.1 183 193 -1
0.1 77 194 -1
0.1 182 195 -1
0.1 92 93 -1
0.1 91 197 -1
0.1 196 198 -1
0.1 199 94 -1
0.1 95 96 -1
0.1 200 201 -1
0.1 202 97 -1
0.1 58 203 -1
0.1 57 204 -1
0.1 205 98 -1
0.1 99 100 -1
0.1 206 207 -1
0.1 104 105 -1
0.1 103 209 -1
0.1 102 210 -1
0.1 101 211 -1
0.1 107 108 -1
0.1 109 110 -1
0.1 213 214 -1
0.1 106 215 -1
0.1 212 216 -1
0.1 208 217 -1
0.1 165 218 -1
