1 0 0 1
1 0 0 1
1 0 0 1
1 0 0 1
1 0 0 1
1 0 0 1
1 0 0 2
1 0 0 2
1 0 0 2
1 0 0 2
1 0 0 2
1 0 0 2
1 0 0 2
1 0 0 2
1 0 0 1
1 0 0 1
1 0 0 2
1 0 0 2
1 0 0 1
1 0 0 1
1 0 0 3
1 0 0 3
1 0 0 3
1 0 0 3
1 0 0 3
1 0 0 3
1 0 0 4
1 0 0 4
1 0 0 4
1 0 0 4
1 0 0 4
1 0 0 4
1 0 0 4
1 0 0 4
1 0 0 4
1 0 0 4
1 0 0 3
1 0 0 3
1 0 0 5
1 0 0 5
1 0 0 5
1 0 0 5
1 0 0 5
1 0 0 5
1 0 0 5
1 0 0 5
1 0 0 5
1 0 0 5
1 0 0 3
1 0 0 3
1 0 0 6
1 0 0 6
1 0 0 6
1 0 0 6
1 0 0 6
1 0 0 6
1 0 0 6
1 0 0 6
1 0 0 6
1 0 0 6
1 0 0 7
1 0 0 7
1 0 0 8
1 0 0 8
1 0 0 8
1 0 0 8
1 0 0 8
1 0 0 8
1 0 0 8
1 0 0 8
1 0 0 8
1 0 0 8
1 0 0 7
1 0 0 9
1 0 0 9
1 0 0 9
1 0 0 9
1 0 0 9
1 0 0 9
1 0 0 9
1 0 0 9
1 0 0 9
1 0 0 9
1 0 0 10
1 0 0 10
1 0 0 10
1 0 0 10
1 0 0 10
1 0 0 10
1 0 0 10
1 0 0 10
1 0 0 10
1 0 0 10
1 0 0 11
1 0 0 11
1 0 0 11
1 0 0 11
1 0 0 11
1 0 0 11
1 0 0 11
1 0 0 11
1 0 0 11
1 0 0 12
1 0 0 12
1 0 0 12
1 0 0 12
1 0 0 12
1 0 0 12
1 0 0 12
1 0 0 12
1 0 0 12
1 0 0 12
1 0 0 11
1 0 0 13
1 0 0 13
1 0 0 13
1 0 0 14
1 0 0 14
1 0 0 14
1 0 0 14
1 0 0 15
1 0 0 14
1 0 0 14
1 0 0 14
1 0 0 15
1 0 0 15
1 0 0 15
1 0 0 15
1 0 0 15
1 0 0 15
1 0 0 15
1 0 0 15
1 0 0 15
1 0 0 14
1 0 0 14
1 0 0 14
1 0 0 13
1 0 0 16
1 0 0 16
1 0 0 16
1 0 0 16
1 0 0 16
1 0 0 16
1 0 0 16
1 0 0 16
1 0 0 16
1 0 0 16
1 0 0 7
1 0 0 17
1 0 0 17
1 0 0 17
1 0 0 17
1 0 0 17
1 0 0 17
1 0 0 17
1 0 0 17
1 0 0 17
1 0 0 17
1 0 0 18
1 0 0 18
1 0 0 18
1 0 0 18
1 0 0 18
1 0 0 18
1 0 0 18
1 0 0 18
1 0 0 18
1 0 0 18
1 0 0 13
1 0 0 13
1 0 0 13
1 0 0 13
1 0 0 13
1 0 0 19
1 0 0 13
1 0 0 19
1 0 0 20
1 0 0 20
1 0 0 20
1 0 0 20
1 0 0 20
1 0 0 20
1 0 0 20
1 0 0 20
1 0 0 20
1 0 0 20
1 0 0 19
1 0 0 21
1 0 0 21
1 0 0 21
1 0 0 21
1 0 0 21
1 0 0 21
1 0 0 21
1 0 0 21
1 0 0 21
1 0 0 21
1 0 0 19
1 0 0 19
1 0 0 19
1 0 0 22
1 0 0 22
1 0 0 22
1 0 0 22
1 0 0 22
1 0 0 22
1 0 0 22
1 0 0 22
1 0 0 22
1 0 0 22
1 0 0 19
1 0 0 19
1 0 0 19
1 0 0 23
1 0 0 23
1 0 0 23
1 0 0 23
1 0 0 23
1 0 0 23
1 0 0 23
1 0 0 23
1 0 0 23
1 0 0 23
1 0 0 19
1 0 0 24
1 0 0 24
1 0 0 24
1 0 0 24
1 0 0 24
1 0 0 24
1 0 0 24
1 0 0 24
1 0 0 24
1 0 0 24
1 0 0 7
1 0 0 25
1 0 0 26
1 0 0 26
1 0 0 26
1 0 0 26
1 0 0 26
1 0 0 26
1 0 0 26
1 0 0 26
1 0 0 26
1 0 0 26
1 0 0 25
1 0 0 25
1 0 0 25
1 0 0 25
1 0 0 25
1 0 0 27
1 0 0 27
1 0 0 27
1 0 0 27
1 0 0 27
1 0 0 27
1 0 0 27
1 0 0 27
1 0 0 28
1 0 0 28
1 0 0 28
1 0 0 29
1 0 0 29
1 0 0 30
1 0 0 31
1 0 0 31
1 0 0 31
1 0 0 32
1 0 0 32
1 0 0 32
1 0 0 32
1 0 0 32
1 0 0 32
1 0 0 32
1 0 0 32
1 0 0 32
1 0 0 32
1 0 0 31
1 0 0 31
1 0 0 31
1 0 0 31
1 0 0 33
1 0 0 33
1 0 0 33
1 0 0 33
1 0 0 33
1 0 0 33
1 0 0 33
1 0 0 33
1 0 0 33
1 0 0 33
1 0 0 31
1 0 0 31
1 0 0 31
1 0 0 30
1 0 0 34
1 0 0 34
1 0 0 30
1 0 0 35
1 0 0 35
1 0 0 35
1 0 0 35
1 0 0 35
1 0 0 35
1 0 0 35
1 0 0 30
1 0 0 35
1 0 0 35
1 0 0 35
1 0 0 30
1 0 0 30
1 0 0 34
1 0 0 34
1 0 0 34
1 0 0 34
1 0 0 34
1 0 0 34
1 0 0 34
1 0 0 34
1 0 0 30
1 0 0 30
1 0 0 30
1 0 0 30
1 0 0 36
1 0 0 36
1 0 0 36
1 0 0 36
1 0 0 37
1 0 0 38
1 0 0 39
1 0 0 39
1 0 0 39
1 0 0 39
1 0 0 39
1 0 0 39
1 0 0 39
1 0 0 39
1 0 0 39
1 0 0 39
1 0 0 38
1 0 0 38
1 0 0 40
1 0 0 40
1 0 0 40
1 0 0 40
1 0 0 40
1 0 0 40
1 0 0 40
1 0 0 40
1 0 0 40
1 0 0 40
1 0 0 38
1 0 0 38
1 0 0 38
1 0 0 38
1 0 0 38
1 0 0 41
1 0 0 41
1 0 0 41
1 0 0 41
1 0 0 41
1 0 0 41
1 0 0 41
1 0 0 41
1 0 0 41
1 0 0 41
1 0 0 38
1 0 0 38
1 0 0 37
1 0 0 42
1 0 0 42
1 0 0 42
1 0 0 42
1 0 0 42
1 0 0 42
1 0 0 42
1 0 0 42
1 0 0 42
1 0 0 42
1 0 0 37
1 0 0 43
1 0 0 43
1 0 0 43
1 0 0 43
1 0 0 43
1 0 0 43
1 0 0 43
1 0 0 43
1 0 0 43
1 0 0 43
1 0 0 36
1 0 0 44
1 0 0 44
1 0 0 44
1 0 0 44
1 0 0 44
1 0 0 44
1 0 0 45
1 0 0 45
1 0 0 45
1 0 0 45
1 0 0 45
1 0 0 45
1 0 0 45
1 0 0 45
1 0 0 45
1 0 0 45
1 0 0 46
1 0 0 46
1 0 0 46
1 0 0 46
1 0 0 46
1 0 0 46
1 0 0 46
1 0 0 46
1 0 0 46
1 0 0 46
1 0 0 44
1 0 0 44
1 0 0 44
1 0 0 47
1 0 0 47
1 0 0 47
1 0 0 47
1 0 0 47
1 0 0 48
1 0 0 48
1 0 0 48
1 0 0 48
1 0 0 48
1 0 0 48
1 0 0 48
1 0 0 48
1 0 0 48
1 0 0 48
1 0 0 47
1 0 0 47
1 0 0 47
1 0 0 47
1 0 0 47
1 0 0 44
1 0 0 37
1 0 0 37
1 0 0 37
1 0 0 37
1 0 0 37
1 0 0 37
1 0 0 37
1 0 0 36
1 0 0 36
1 0 0 36
1 0 0 36
1 0 0 36
1 0 0 29
1 0 0 29
1 0 0 29
1 0 0 29
1 0 0 29
1 0 0 29
1 0 0 29
1 0 0 29
1 0 0 28
1 0 0 28
1 0 0 28
1 0 0 28
1 0 0 28
1 0 0 28
1 0 0 28
1 0 0 27
1 0 0 27
1 0 0 25
1 0 0 25
1 0 0 7
1 0 0 7
1 0 0 49
1 0 0 49
1 0 0 49
1 0 0 49
1 0 0 49
1 0 0 49
1 0 0 49
1 0 0 49
1 0 0 49
1 0 0 49
1 0 0 25
1 0 0 25
1 0 0 7
1 0 0 50
1 0 0 50
1 0 0 50
1 0 0 50
1 0 0 50
1 0 0 50
1 0 0 50
1 0 0 50
1 0 0 50
1 0 0 50
1 0 0 51
1 0 0 51
1 0 0 51
1 0 0 52
1 0 0 52
1 0 0 52
1 0 0 52
1 0 0 52
1 0 0 52
1 0 0 52
1 0 0 52
1 0 0 52
1 0 0 52
1 0 0 51
1 0 0 51
1 0 0 51
1 0 0 51
1 0 0 51
1 0 0 51
1 0 0 51
1 0 0 7
1 0 0 7
0.1 2 3 -1
0.1 1 521 -1
0.1 522 4 -1
0.1 5 6 -1
0.1 523 524 -1
0.1 8 9 -1
0.1 7 526 -1
0.1 527 10 -1
0.1 12 13 -1
0.1 11 529 -1
0.1 528 530 -1
0.1 15 16 -1
0.1 532 17 -1
0.1 533 18 -1
0.1 14 534 -1
0.1 531 535 -1
0.1 19 20 -1
0.1 537 21 -1
0.1 22 23 -1
0.1 27 28 -1
0.1 29 30 -1
0.1 32 33 -1
0.1 31 542 -1
0.1 543 34 -1
0.1 541 544 -1
0.1 540 545 -1
0.1 35 36 -1
0.1 546 547 -1
0.1 26 548 -1
0.1 25 549 -1
0.1 24 550 -1
0.1 40 41 -1
0.1 39 552 -1
0.1 42 43 -1
0.1 554 44 -1
0.1 553 555 -1
0.1 46 47 -1
0.1 45 557 -1
0.1 558 48 -1
0.1 556 559 -1
0.1 38 560 -1
0.1 37 561 -1
0.1 49 50 -1
0.1 562 563 -1
0.1 551 564 -1
0.1 539 565 -1
0.1 538 566 -1
0.1 536 567 -1
0.1 525 568 -1
0.1 51 52 -1
0.1 55 56 -1
0.1 54 571 -1
0.1 53 572 -1
0.1 59 60 -1
0.1 58 574 -1
0.1 57 575 -1
0.1 573 576 -1
0.1 570 577 -1
0.1 63 64 -1
0.1 65 66 -1
0.1 67 68 -1
0.1 580 581 -1
0.1 579 582 -1
0.1 583 69 -1
0.1 71 72 -1
0.1 70 585 -1
0.1 584 586 -1
0.1 62 587 -1
0.1 588 73 -1
0.1 61 589 -1
0.1 74 75 -1
0.1 591 76 -1
0.1 77 78 -1
0.1 79 80 -1
0.1 81 82 -1
0.1 595 83 -1
0.1 594 596 -1
0.1 84 85 -1
0.1 86 87 -1
0.1 90 91 -1
0.1 89 600 -1
0.1 88 601 -1
0.1 92 93 -1
0.1 602 603 -1
0.1 599 604 -1
0.1 598 605 -1
0.1 597 606 -1
0.1 94 95 -1
0.1 98 99 -1
0.1 100 101 -1
0.1 609 610 -1
0.1 97 611 -1
0.1 96 612 -1
0.1 608 613 -1
0.1 614 102 -1
0.1 104 105 -1
0.1 103 616 -1
0.1 617 106 -1
0.1 108 109 -1
0.1 619 110 -1
0.1 620 111 -1
0.1 107 621 -1
0.1 622 112 -1
0.1 618 623 -1
0.1 615 624 -1
0.1 115 116 -1
0.1 114 626 -1
0.1 117 118 -1
0.1 121 122 -1
0.1 120 629 -1
0.1 630 123 -1
0.1 119 631 -1
0.1 632 124 -1
0.1 628 633 -1
0.1 125 126 -1
0.1 128 129 -1
0.1 127 636 -1
0.1 635 637 -1
0.1 638 130 -1
0.1 639 131 -1
0.1 132 133 -1
0.1 640 641 -1
0.1 634 642 -1
0.1 135 136 -1
0.1 134 644 -1
0.1 643 645 -1
0.1 646 137 -1
0.1 140 141 -1
0.1 139 648 -1
0.1 142 143 -1
0.1 145 146 -1
0.1 144 651 -1
0.1 650 652 -1
0.1 649 653 -1
0.1 138 654 -1
0.1 655 147 -1
0.1 656 148 -1
0.1 150 151 -1
0.1 149 658 -1
0.1 153 154 -1
0.1 152 660 -1
0.1 155 156 -1
0.1 157 158 -1
0.1 662 663 -1
0.1 661 664 -1
0.1 659 665 -1
0.1 159 160 -1
0.1 162 163 -1
0.1 161 668 -1
0.1 667 669 -1
0.1 670 164 -1
0.1 165 166 -1
0.1 167 168 -1
0.1 672 673 -1
0.1 671 674 -1
0.1 666 675 -1
0.1 657 676 -1
0.1 677 169 -1
0.1 170 171 -1
0.1 174 175 -1
0.1 178 179 -1
0.1 177 681 -1
0.1 181 182 -1
0.1 683 183 -1
0.1 185 186 -1
0.1 184 685 -1
0.1 684 686 -1
0.1 180 687 -1
0.1 682 688 -1
0.1 188 189 -1
0.1 191 192 -1
0.1 193 194 -1
0.1 691 692 -1
0.1 190 693 -1
0.1 690 694 -1
0.1 195 196 -1
0.1 696 197 -1
0.1 695 697 -1
0.1 698 198 -1
0.1 699 199 -1
0.1 187 700 -1
0.1 689 701 -1
0.1 176 702 -1
0.1 202 203 -1
0.1 201 704 -1
0.1 200 705 -1
0.1 204 205 -1
0.1 707 206 -1
0.1 209 210 -1
0.1 208 709 -1
0.1 207 710 -1
0.1 708 711 -1
0.1 706 712 -1
0.1 212 213 -1
0.1 211 714 -1
0.1 215 216 -1
0.1 214 716 -1
0.1 217 218 -1
0.1 221 222 -1
0.1 220 719 -1
0.1 219 720 -1
0.1 721 223 -1
0.1 718 722 -1
0.1 717 723 -1
0.1 724 224 -1
0.1 715 725 -1
0.1 713 726 -1
0.1 703 727 -1
0.1 680 728 -1
0.1 173 729 -1
0.1 172 730 -1
0.1 679 731 -1
0.1 678 732 -1
0.1 647 733 -1
0.1 627 734 -1
0.1 113 735 -1
0.1 625 736 -1
0.1 607 737 -1
0.1 593 738 -1
0.1 592 739 -1
0.1 225 226 -1
0.1 227 228 -1
0.1 742 229 -1
0.1 230 231 -1
0.1 743 744 -1
0.1 233 234 -1
0.1 232 746 -1
0.1 745 747 -1
0.1 741 748 -1
0.1 740 749 -1
0.1 590 750 -1
0.1 751 235 -1
0.1 578 752 -1
0.1 569 753 -1
0.1 240 241 -1
0.1 239 755 -1
0.1 238 756 -1
0.1 243 244 -1
0.1 758 245 -1
0.1 242 759 -1
0.1 757 760 -1
0.1 761 246 -1
0.1 237 762 -1
0.1 236 763 -1
0.1 248 249 -1
0.1 247 765 -1
0.1 764 766 -1
0.1 250 251 -1
0.1 253 254 -1
0.1 252 769 -1
0.1 255 256 -1
0.1 771 257 -1
0.1 772 258 -1
0.1 261 262 -1
0.1 263 264 -1
0.1 266 267 -1
0.1 269 270 -1
0.1 777 271 -1
0.1 778 272 -1
0.1 275 276 -1
0.1 274 780 -1
0.1 273 781 -1
0.1 782 277 -1
0.1 783 278 -1
0.1 779 784 -1
0.1 280 281 -1
0.1 279 786 -1
0.1 785 787 -1
0.1 788 282 -1
0.1 268 789 -1
0.1 776 790 -1
0.1 285 286 -1
0.1 284 792 -1
0.1 287 288 -1
0.1 793 794 -1
0.1 283 795 -1
0.1 289 290 -1
0.1 291 292 -1
0.1 797 798 -1
0.1 796 799 -1
0.1 293 294 -1
0.1 800 801 -1
0.1 802 295 -1
0.1 791 803 -1
0.1 804 296 -1
0.1 265 805 -1
0.1 297 298 -1
0.1 300 301 -1
0.1 303 304 -1
0.1 305 306 -1
0.1 809 810 -1
0.1 302 811 -1
0.1 808 812 -1
0.1 813 307 -1
0.1 309 310 -1
0.1 308 815 -1
0.1 814 816 -1
0.1 311 312 -1
0.1 817 818 -1
0.1 299 819 -1
0.1 314 315 -1
0.1 316 317 -1
0.1 821 822 -1
0.1 313 823 -1
0.1 820 824 -1
0.1 319 320 -1
0.1 318 826 -1
0.1 825 827 -1
0.1 807 828 -1
0.1 321 322 -1
0.1 829 830 -1
0.1 806 831 -1
0.1 323 324 -1
0.1 833 325 -1
0.1 326 327 -1
0.1 834 835 -1
0.1 832 836 -1
0.1 331 332 -1
0.1 333 334 -1
0.1 838 839 -1
0.1 840 335 -1
0.1 337 338 -1
0.1 336 842 -1
0.1 841 843 -1
0.1 339 340 -1
0.1 844 845 -1
0.1 846 341 -1
0.1 330 847 -1
0.1 344 345 -1
0.1 343 849 -1
0.1 346 347 -1
0.1 349 350 -1
0.1 348 852 -1
0.1 351 352 -1
0.1 853 854 -1
0.1 851 855 -1
0.1 850 856 -1
0.1 342 857 -1
0.1 353 354 -1
0.1 355 356 -1
0.1 859 860 -1
0.1 858 861 -1
0.1 358 359 -1
0.1 360 361 -1
0.1 864 362 -1
0.1 863 865 -1
0.1 364 365 -1
0.1 867 366 -1
0.1 363 868 -1
0.1 869 367 -1
0.1 866 870 -1
0.1 357 871 -1
0.1 368 369 -1
0.1 872 873 -1
0.1 862 874 -1
0.1 848 875 -1
0.1 371 372 -1
0.1 374 375 -1
0.1 373 878 -1
0.1 378 379 -1
0.1 377 880 -1
0.1 881 380 -1
0.1 376 882 -1
0.1 879 883 -1
0.1 877 884 -1
0.1 885 381 -1
0.1 370 886 -1
0.1 876 887 -1
0.1 329 888 -1
0.1 383 384 -1
0.1 382 890 -1
0.1 891 385 -1
0.1 387 388 -1
0.1 386 893 -1
0.1 389 390 -1
0.1 895 391 -1
0.1 894 896 -1
0.1 892 897 -1
0.1 395 396 -1
0.1 394 899 -1
0.1 393 900 -1
0.1 901 397 -1
0.1 399 400 -1
0.1 401 402 -1
0.1 903 904 -1
0.1 404 405 -1
0.1 403 906 -1
0.1 907 406 -1
0.1 905 908 -1
0.1 909 407 -1
0.1 409 410 -1
0.1 411 412 -1
0.1 911 912 -1
0.1 415 416 -1
0.1 914 417 -1
0.1 414 915 -1
0.1 413 916 -1
0.1 917 418 -1
0.1 913 918 -1
0.1 408 919 -1
0.1 910 920 -1
0.1 424 425 -1
0.1 428 429 -1
0.1 427 923 -1
0.1 430 431 -1
0.1 925 432 -1
0.1 926 433 -1
0.1 927 434 -1
0.1 435 436 -1
0.1 928 929 -1
0.1 924 930 -1
0.1 426 931 -1
0.1 932 437 -1
0.1 922 933 -1
0.1 423 934 -1
0.1 422 935 -1
0.1 439 440 -1
0.1 937 441 -1
0.1 438 938 -1
0.1 936 939 -1
0.1 421 940 -1
0.1 420 941 -1
0.1 419 942 -1
0.1 921 943 -1
0.1 398 944 -1
0.1 945 442 -1
0.1 902 946 -1
0.1 392 947 -1
0.1 443 444 -1
0.1 446 447 -1
0.1 445 950 -1
0.1 448 449 -1
0.1 951 952 -1
0.1 949 953 -1
0.1 948 954 -1
0.1 898 955 -1
0.1 889 956 -1
0.1 328 957 -1
0.1 451 452 -1
0.1 959 453 -1
0.1 960 454 -1
0.1 450 961 -1
0.1 958 962 -1
0.1 837 963 -1
0.1 775 964 -1
0.1 457 458 -1
0.1 966 459 -1
0.1 967 460 -1
0.1 456 968 -1
0.1 455 969 -1
0.1 461 462 -1
0.1 970 971 -1
0.1 965 972 -1
0.1 973 463 -1
0.1 974 464 -1
0.1 774 975 -1
0.1 465 466 -1
0.1 976 977 -1
0.1 260 978 -1
0.1 468 469 -1
0.1 467 980 -1
0.1 979 981 -1
0.1 259 982 -1
0.1 773 983 -1
0.1 470 471 -1
0.1 984 985 -1
0.1 770 986 -1
0.1 987 472 -1
0.1 988 473 -1
0.1 768 989 -1
0.1 767 990 -1
0.1 474 475 -1
0.1 476 477 -1
0.1 479 480 -1
0.1 483 484 -1
0.1 995 485 -1
0.1 482 996 -1
0.1 481 997 -1
0.1 994 998 -1
0.1 478 999 -1
0.1 993 1000 -1
0.1 992 1001 -1
0.1 1002 486 -1
0.1 991 1003 -1
0.1 489 490 -1
0.1 493 494 -1
0.1 1006 495 -1
0.1 492 1007 -1
0.1 497 498 -1
0.1 496 1009 -1
0.1 1008 1010 -1
0.1 491 1011 -1
0.1 1005 1012 -1
0.1 488 1013 -1
0.1 500 501 -1
0.1 503 504 -1
0.1 505 506 -1
0.1 1016 1017 -1
0.1 502 1018 -1
0.1 508 509 -1
0.1 507 1020 -1
0.1 1021 510 -1
0.1 1022 511 -1
0.1 1019 1023 -1
0.1 1024 512 -1
0.1 1015 1025 -1
0.1 499 1026 -1
0.1 514 515 -1
0.1 513 1028 -1
0.1 1027 1029 -1
0.1 516 517 -1
0.1 1031 518 -1
0.1 1032 519 -1
0.1 1030 1033 -1
0.1 1034 520 -1
0.1 1014 1035 -1
0.1 487 1036 -1
0.1 1004 1037 -1
0.1 754 1038 -1
