1 0 0 1
1 0 0 1
1 0 0 1
1 0 0 1
1 0 0 1
1 0 0 1
1 0 0 1
1 0 0 1
1 0 0 2
1 0 0 2
1 0 0 3
1 0 0 3
1 0 0 3
1 0 0 3
1 0 0 3
1 0 0 3
1 0 0 3
1 0 0 3
1 0 0 2
1 0 0 2
1 0 0 2
1 0 0 3
1 0 0 3
1 0 0 2
1 0 0 2
1 0 0 2
1 0 0 2
1 0 0 4
1 0 0 4
1 0 0 4
1 0 0 4
1 0 0 4
1 0 0 4
1 0 0 4
1 0 0 4
1 0 0 4
1 0 0 4
1 0 0 5
1 0 0 5
1 0 0 5
1 0 0 5
1 0 0 5
1 0 0 5
1 0 0 5
1 0 0 5
1 0 0 5
1 0 0 5
1 0 0 6
1 0 0 6
1 0 0 6
1 0 0 6
1 0 0 6
1 0 0 6
1 0 0 6
1 0 0 6
1 0 0 6
1 0 0 6
1 0 0 7
1 0 0 7
1 0 0 7
1 0 0 7
1 0 0 7
1 0 0 7
1 0 0 7
1 0 0 7
1 0 0 7
1 0 0 7
1 0 0 8
1 0 0 8
1 0 0 8
1 0 0 8
1 0 0 8
1 0 0 8
1 0 0 8
1 0 0 8
1 0 0 8
1 0 0 8
1 0 0 2
1 0 0 1
1 0 0 9
1 0 0 9
1 0 0 9
1 0 0 9
1 0 0 9
1 0 0 9
1 0 0 9
1 0 0 9
1 0 0 9
1 0 0 9
1 0 0 10
1 0 0 10
1 0 0 10
1 0 0 10
1 0 0 10
1 0 0 10
1 0 0 11
1 0 0 11
1 0 0 11
1 0 0 11
1 0 0 11
1 0 0 11
1 0 0 11
1 0 0 11
1 0 0 11
1 0 0 11
1 0 0 12
1 0 0 12
1 0 0 12
1 0 0 12
1 0 0 12
1 0 0 12
1 0 0 12
1 0 0 12
1 0 0 12
1 0 0 12
1 0 0 10
1 0 0 10
1 0 0 10
1 0 0 10
1 0 0 13
1 0 0 13
1 0 0 13
1 0 0 13
1 0 0 13
1 0 0 13
1 0 0 13
1 0 0 14
1 0 0 14
1 0 0 14
1 0 0 14
1 0 0 14
1 0 0 14
1 0 0 14
1 0 0 14
1 0 0 14
1 0 0 14
1 0 0 13
1 0 0 15
1 0 0 15
1 0 0 15
1 0 0 15
1 0 0 15
1 0 0 15
1 0 0 15
1 0 0 15
1 0 0 15
1 0 0 15
1 0 0 13
1 0 0 13
1 0 0 16
1 0 0 16
1 0 0 16
1 0 0 16
1 0 0 17
1 0 0 17
1 0 0 17
1 0 0 17
1 0 0 17
1 0 0 17
1 0 0 17
1 0 0 17
1 0 0 17
1 0 0 17
1 0 0 16
1 0 0 16
1 0 0 16
1 0 0 16
1 0 0 16
1 0 0 16
1 0 0 1
0.1 3 4 -1
0.1 5 6 -1
0.1 171 172 -1
0.1 7 8 -1
0.1 173 174 -1
0.1 2 175 -1
0.1 1 176 -1
0.1 12 13 -1
0.1 178 14 -1
0.1 11 179 -1
0.1 180 15 -1
0.1 16 17 -1
0.1 182 18 -1
0.1 181 183 -1
0.1 20 21 -1
0.1 19 185 -1
0.1 184 186 -1
0.1 22 23 -1
0.1 187 188 -1
0.1 10 189 -1
0.1 24 25 -1
0.1 28 29 -1
0.1 30 31 -1
0.1 32 33 -1
0.1 34 35 -1
0.1 195 36 -1
0.1 194 196 -1
0.1 193 197 -1
0.1 192 198 -1
0.1 39 40 -1
0.1 41 42 -1
0.1 200 201 -1
0.1 38 202 -1
0.1 43 44 -1
0.1 204 45 -1
0.1 203 205 -1
0.1 46 47 -1
0.1 206 207 -1
0.1 37 208 -1
0.1 199 209 -1
0.1 49 50 -1
0.1 52 53 -1
0.1 51 212 -1
0.1 211 213 -1
0.1 48 214 -1
0.1 210 215 -1
0.1 56 57 -1
0.1 55 217 -1
0.1 54 218 -1
0.1 216 219 -1
0.1 27 220 -1
0.1 26 221 -1
0.1 191 222 -1
0.1 190 223 -1
0.1 9 224 -1
0.1 58 59 -1
0.1 60 61 -1
0.1 227 62 -1
0.1 226 228 -1
0.1 63 64 -1
0.1 66 67 -1
0.1 65 231 -1
0.1 230 232 -1
0.1 229 233 -1
0.1 68 69 -1
0.1 235 70 -1
0.1 72 73 -1
0.1 74 75 -1
0.1 237 238 -1
0.1 71 239 -1
0.1 76 77 -1
0.1 240 241 -1
0.1 236 242 -1
0.1 234 243 -1
0.1 244 78 -1
0.1 225 245 -1
0.1 177 246 -1
0.1 80 81 -1
0.1 82 83 -1
0.1 248 249 -1
0.1 84 85 -1
0.1 88 89 -1
0.1 87 252 -1
0.1 86 253 -1
0.1 251 254 -1
0.1 250 255 -1
0.1 79 256 -1
0.1 92 93 -1
0.1 91 258 -1
0.1 96 97 -1
0.1 100 101 -1
0.1 99 261 -1
0.1 98 262 -1
0.1 260 263 -1
0.1 103 104 -1
0.1 265 105 -1
0.1 102 266 -1
0.1 264 267 -1
0.1 107 108 -1
0.1 106 269 -1
0.1 110 111 -1
0.1 113 114 -1
0.1 112 272 -1
0.1 271 273 -1
0.1 109 274 -1
0.1 270 275 -1
0.1 276 115 -1
0.1 268 277 -1
0.1 116 117 -1
0.1 278 279 -1
0.1 95 280 -1
0.1 281 118 -1
0.1 94 282 -1
0.1 259 283 -1
0.1 90 284 -1
0.1 121 122 -1
0.1 123 124 -1
0.1 286 287 -1
0.1 120 288 -1
0.1 127 128 -1
0.1 131 132 -1
0.1 130 291 -1
0.1 133 134 -1
0.1 292 293 -1
0.1 135 136 -1
0.1 294 295 -1
0.1 129 296 -1
0.1 290 297 -1
0.1 298 137 -1
0.1 126 299 -1
0.1 138 139 -1
0.1 140 141 -1
0.1 301 302 -1
0.1 142 143 -1
0.1 145 146 -1
0.1 144 305 -1
0.1 304 306 -1
0.1 303 307 -1
0.1 308 147 -1
0.1 309 148 -1
0.1 300 310 -1
0.1 125 311 -1
0.1 312 149 -1
0.1 289 313 -1
0.1 119 314 -1
0.1 285 315 -1
0.1 150 151 -1
0.1 317 152 -1
0.1 155 156 -1
0.1 154 319 -1
0.1 160 161 -1
0.1 162 163 -1
0.1 321 322 -1
0.1 159 323 -1
0.1 158 324 -1
0.1 157 325 -1
0.1 320 326 -1
0.1 153 327 -1
0.1 165 166 -1
0.1 168 169 -1
0.1 167 330 -1
0.1 329 331 -1
0.1 164 332 -1
0.1 328 333 -1
0.1 318 334 -1
0.1 316 335 -1
0.1 257 336 -1
0.1 337 170 -1
0.1 247 338 -1
