1 0 0 1
1 0 0 1
1 0 0 1
1 0 0 1
1 0 0 1
1 0 0 1
1 0 0 1
1 0 0 1
1 0 0 1
1 0 0 1
1 0 0 2
1 0 0 2
1 0 0 2
1 0 0 2
1 0 0 2
1 0 0 2
1 0 0 2
1 0 0 2
1 0 0 2
1 0 0 2
1 0 0 3
1 0 0 3
1 0 0 3
1 0 0 3
1 0 0 3
1 0 0 3
1 0 0 3
1 0 0 3
1 0 0 4
1 0 0 4
1 0 0 4
1 0 0 4
1 0 0 4
1 0 0 4
1 0 0 4
1 0 0 4
1 0 0 4
1 0 0 4
1 0 0 5
1 0 0 5
1 0 0 5
1 0 0 5
1 0 0 5
1 0 0 5
1 0 0 5
1 0 0 5
1 0 0 5
1 0 0 5
1 0 0 3
1 0 0 3
1 0 0 6
1 0 0 6
1 0 0 6
1 0 0 6
1 0 0 6
1 0 0 6
1 0 0 6
1 0 0 6
1 0 0 6
1 0 0 7
1 0 0 7
1 0 0 7
1 0 0 7
1 0 0 7
1 0 0 7
1 0 0 7
1 0 0 7
1 0 0 7
1 0 0 7
1 0 0 8
1 0 0 8
1 0 0 8
1 0 0 8
1 0 0 8
1 0 0 8
1 0 0 8
1 0 0 8
1 0 0 8
1 0 0 8
1 0 0 6
1 0 0 9
1 0 0 10
1 0 0 10
1 0 0 10
1 0 0 10
1 0 0 10
1 0 0 10
1 0 0 10
1 0 0 10
1 0 0 10
1 0 0 10
1 0 0 9
1 0 0 9
1 0 0 9
1 0 0 9
1 0 0 9
1 0 0 9
1 0 0 9
1 0 0 9
1 0 0 9
1 0 0 11
1 0 0 11
1 0 0 11
1 0 0 11
1 0 0 11
1 0 0 12
1 0 0 12
1 0 0 12
1 0 0 12
1 0 0 12
1 0 0 12
1 0 0 12
1 0 0 12
1 0 0 12
1 0 0 12
1 0 0 13
1 0 0 14
1 0 0 14
1 0 0 14
1 0 0 14
1 0 0 14
1 0 0 14
1 0 0 14
1 0 0 14
1 0 0 14
1 0 0 14
1 0 0 13
1 0 0 13
1 0 0 13
1 0 0 13
1 0 0 13
1 0 0 13
1 0 0 13
1 0 0 13
1 0 0 13
1 0 0 11
1 0 0 11
1 0 0 11
1 0 0 11
1 0 0 15
1 0 0 15
1 0 0 15
1 0 0 15
1 0 0 15
1 0 0 15
1 0 0 15
1 0 0 15
1 0 0 15
1 0 0 15
1 0 0 16
1 0 0 16
1 0 0 16
1 0 0 16
1 0 0 16
1 0 0 16
1 0 0 16
1 0 0 16
1 0 0 16
1 0 0 16
1 0 0 17
1 0 0 17
1 0 0 17
1 0 0 17
1 0 0 17
1 0 0 17
1 0 0 17
1 0 0 17
1 0 0 17
1 0 0 17
1 0 0 11
0.1 1 2 -1
0.1 6 7 -1
0.1 5 172 -1
0.1 173 8 -1
0.1 174 9 -1
0.1 4 175 -1
0.1 176 10 -1
0.1 3 177 -1
0.1 171 178 -1
0.1 12 13 -1
0.1 14 15 -1
0.1 181 16 -1
0.1 180 182 -1
0.1 11 183 -1
0.1 19 20 -1
0.1 18 185 -1
0.1 17 186 -1
0.1 22 23 -1
0.1 188 24 -1
0.1 29 30 -1
0.1 33 34 -1
0.1 32 191 -1
0.1 31 192 -1
0.1 190 193 -1
0.1 36 37 -1
0.1 195 38 -1
0.1 35 196 -1
0.1 194 197 -1
0.1 39 40 -1
0.1 41 42 -1
0.1 200 43 -1
0.1 201 44 -1
0.1 199 202 -1
0.1 46 47 -1
0.1 45 204 -1
0.1 203 205 -1
0.1 206 48 -1
0.1 198 207 -1
0.1 28 208 -1
0.1 27 209 -1
0.1 26 210 -1
0.1 25 211 -1
0.1 212 49 -1
0.1 189 213 -1
0.1 21 214 -1
0.1 215 50 -1
0.1 52 53 -1
0.1 54 55 -1
0.1 217 218 -1
0.1 51 219 -1
0.1 60 61 -1
0.1 62 63 -1
0.1 65 66 -1
0.1 64 223 -1
0.1 222 224 -1
0.1 67 68 -1
0.1 225 226 -1
0.1 221 227 -1
0.1 228 69 -1
0.1 59 229 -1
0.1 58 230 -1
0.1 70 71 -1
0.1 72 73 -1
0.1 233 74 -1
0.1 232 234 -1
0.1 75 76 -1
0.1 77 78 -1
0.1 236 237 -1
0.1 235 238 -1
0.1 239 79 -1
0.1 240 80 -1
0.1 231 241 -1
0.1 57 242 -1
0.1 56 243 -1
0.1 220 244 -1
0.1 216 245 -1
0.1 187 246 -1
0.1 184 247 -1
0.1 179 248 -1
0.1 82 83 -1
0.1 84 85 -1
0.1 250 251 -1
0.1 86 87 -1
0.1 88 89 -1
0.1 254 90 -1
0.1 255 91 -1
0.1 253 256 -1
0.1 252 257 -1
0.1 81 258 -1
0.1 249 259 -1
0.1 93 94 -1
0.1 261 95 -1
0.1 262 96 -1
0.1 97 98 -1
0.1 99 100 -1
0.1 264 265 -1
0.1 263 266 -1
0.1 92 267 -1
0.1 102 103 -1
0.1 269 104 -1
0.1 108 109 -1
0.1 107 271 -1
0.1 110 111 -1
0.1 272 273 -1
0.1 106 274 -1
0.1 113 114 -1
0.1 276 115 -1
0.1 112 277 -1
0.1 275 278 -1
0.1 117 118 -1
0.1 120 121 -1
0.1 119 281 -1
0.1 123 124 -1
0.1 125 126 -1
0.1 283 284 -1
0.1 122 285 -1
0.1 282 286 -1
0.1 280 287 -1
0.1 116 288 -1
0.1 129 130 -1
0.1 128 290 -1
0.1 131 132 -1
0.1 291 292 -1
0.1 133 134 -1
0.1 293 294 -1
0.1 127 295 -1
0.1 296 135 -1
0.1 289 297 -1
0.1 279 298 -1
0.1 105 299 -1
0.1 270 300 -1
0.1 136 137 -1
0.1 302 138 -1
0.1 140 141 -1
0.1 304 142 -1
0.1 144 145 -1
0.1 143 306 -1
0.1 307 146 -1
0.1 308 147 -1
0.1 305 309 -1
0.1 148 149 -1
0.1 310 311 -1
0.1 139 312 -1
0.1 303 313 -1
0.1 301 314 -1
0.1 101 315 -1
0.1 151 152 -1
0.1 150 317 -1
0.1 153 154 -1
0.1 155 156 -1
0.1 320 157 -1
0.1 319 321 -1
0.1 318 322 -1
0.1 158 159 -1
0.1 323 324 -1
0.1 161 162 -1
0.1 160 326 -1
0.1 163 164 -1
0.1 327 328 -1
0.1 165 166 -1
0.1 167 168 -1
0.1 330 331 -1
0.1 332 169 -1
0.1 329 333 -1
0.1 325 334 -1
0.1 335 170 -1
0.1 316 336 -1
0.1 268 337 -1
0.1 260 338 -1
