1 0 0 1
1 0 0 2
1 0 0 3
1 0 0 3
1 0 0 4
1 0 0 5
1 0 0 5
1 0 0 5
1 0 0 5
1 0 0 6
1 0 0 6
1 0 0 6
1 0 0 6
1 0 0 6
1 0 0 6
1 0 0 6
1 0 0 6
1 0 0 6
1 0 0 6
1 0 0 5
1 0 0 7
1 0 0 7
1 0 0 7
1 0 0 7
1 0 0 7
1 0 0 7
1 0 0 7
1 0 0 8
1 0 0 8
1 0 0 8
1 0 0 8
1 0 0 8
1 0 0 8
1 0 0 8
1 0 0 9
1 0 0 9
1 0 0 9
1 0 0 9
1 0 0 9
1 0 0 9
1 0 0 7
1 0 0 9
1 0 0 9
1 0 0 9
1 0 0 9
1 0 0 8
1 0 0 8
1 0 0 8
1 0 0 7
1 0 0 7
1 0 0 2
1 0 0 2
1 0 0 2
1 0 0 10
1 0 0 11
1 0 0 11
1 0 0 11
1 0 0 5
1 0 0 10
1 0 0 10
1 0 0 10
1 0 0 10
1 0 0 10
1 0 0 4
1 0 0 11
1 0 0 11
1 0 0 11
1 0 0 11
1 0 0 11
1 0 0 11
1 0 0 12
1 0 0 12
1 0 0 12
1 0 0 12
1 0 0 12
1 0 0 12
1 0 0 12
1 0 0 12
1 0 0 12
1 0 0 11
1 0 0 13
1 0 0 13
1 0 0 13
1 0 0 13
1 0 0 13
1 0 0 13
1 0 0 13
1 0 0 13
1 0 0 13
1 0 0 13
1 0 0 2
1 0 0 2
1 0 0 5
1 0 0 2
1 0 0 5
1 0 0 10
1 0 0 4
1 0 0 4
1 0 0 4
1 0 0 4
1 0 0 10
1 0 0 10
1 0 0 3
1 0 0 3
1 0 0 3
1 0 0 3
1 0 0 3
1 0 0 5
1 0 0 4
1 0 0 4
1 0 0 4
1 0 0 4
1 0 0 2
1 0 0 3
1 0 0 3
1 0 0 10
1 0 0 2
1 0 0 2
1 0 0 5
1 0 0 14
1 0 0 14
1 0 0 14
1 0 0 14
1 0 0 14
1 0 0 14
1 0 0 14
1 0 0 14
1 0 0 14
1 0 0 1
1 0 0 1
1 0 0 1
1 0 0 1
1 0 0 1
1 0 0 1
1 0 0 3
1 0 0 1
1 0 0 15
1 0 0 15
1 0 0 15
1 0 0 15
1 0 0 16
1 0 0 15
1 0 0 15
1 0 0 15
1 0 0 15
1 0 0 17
1 0 0 12
1 0 0 17
1 0 0 17
1 0 0 17
1 0 0 17
1 0 0 17
1 0 0 17
1 0 0 17
1 0 0 17
1 0 0 17
1 0 0 15
1 0 0 15
1 0 0 16
1 0 0 16
1 0 0 16
1 0 0 16
1 0 0 16
1 0 0 16
1 0 0 16
1 0 0 18
1 0 0 19
1 0 0 19
1 0 0 19
1 0 0 19
1 0 0 19
1 0 0 19
1 0 0 19
1 0 0 19
1 0 0 19
1 0 0 19
1 0 0 18
1 0 0 18
1 0 0 18
1 0 0 18
1 0 0 18
1 0 0 18
1 0 0 18
1 0 0 20
1 0 0 20
1 0 0 20
1 0 0 20
1 0 0 20
1 0 0 20
1 0 0 18
1 0 0 20
1 0 0 20
1 0 0 20
1 0 0 20
1 0 0 21
1 0 0 21
1 0 0 21
1 0 0 21
1 0 0 21
1 0 0 21
1 0 0 18
1 0 0 21
1 0 0 21
1 0 0 21
1 0 0 21
1 0 0 16
1 0 0 16
1 0 0 1
1 0 0 22
1 0 0 22
1 0 0 22
1 0 0 23
1 0 0 23
1 0 0 22
1 0 0 22
1 0 0 22
1 0 0 22
1 0 0 23
1 0 0 23
1 0 0 23
1 0 0 23
1 0 0 23
1 0 0 23
1 0 0 23
1 0 0 23
1 0 0 22
1 0 0 22
1 0 0 22
1 0 0 1
1 0 0 14
0.1 3 4 -1
0.1 231 5 -1
0.1 6 7 -1
0.1 232 233 -1
0.1 13 14 -1
0.1 12 235 -1
0.1 11 236 -1
0.1 15 16 -1
0.1 237 238 -1
0.1 239 17 -1
0.1 240 18 -1
0.1 241 19 -1
0.1 10 242 -1
0.1 9 243 -1
0.1 8 244 -1
0.1 245 20 -1
0.1 234 246 -1
0.1 24 25 -1
0.1 23 248 -1
0.1 26 27 -1
0.1 249 250 -1
0.1 22 251 -1
0.1 31 32 -1
0.1 253 33 -1
0.1 30 254 -1
0.1 29 255 -1
0.1 28 256 -1
0.1 257 34 -1
0.1 35 36 -1
0.1 38 39 -1
0.1 37 260 -1
0.1 261 40 -1
0.1 41 42 -1
0.1 262 263 -1
0.1 44 45 -1
0.1 43 265 -1
0.1 264 266 -1
0.1 259 267 -1
0.1 258 268 -1
0.1 269 46 -1
0.1 47 48 -1
0.1 270 271 -1
0.1 252 272 -1
0.1 49 50 -1
0.1 273 274 -1
0.1 21 275 -1
0.1 276 51 -1
0.1 247 277 -1
0.1 278 52 -1
0.1 56 57 -1
0.1 55 280 -1
0.1 59 60 -1
0.1 282 61 -1
0.1 62 63 -1
0.1 283 284 -1
0.1 285 64 -1
0.1 58 286 -1
0.1 287 65 -1
0.1 66 67 -1
0.1 288 289 -1
0.1 68 69 -1
0.1 291 70 -1
0.1 71 72 -1
0.1 74 75 -1
0.1 294 76 -1
0.1 73 295 -1
0.1 293 296 -1
0.1 78 79 -1
0.1 77 298 -1
0.1 297 299 -1
0.1 300 80 -1
0.1 292 301 -1
0.1 290 302 -1
0.1 281 303 -1
0.1 81 82 -1
0.1 83 84 -1
0.1 85 86 -1
0.1 306 307 -1
0.1 308 87 -1
0.1 309 88 -1
0.1 89 90 -1
0.1 310 311 -1
0.1 305 312 -1
0.1 304 313 -1
0.1 91 92 -1
0.1 314 315 -1
0.1 54 316 -1
0.1 93 94 -1
0.1 317 318 -1
0.1 95 96 -1
0.1 97 98 -1
0.1 321 99 -1
0.1 101 102 -1
0.1 100 323 -1
0.1 322 324 -1
0.1 103 104 -1
0.1 325 326 -1
0.1 106 107 -1
0.1 105 328 -1
0.1 329 108 -1
0.1 111 112 -1
0.1 110 331 -1
0.1 109 332 -1
0.1 330 333 -1
0.1 327 334 -1
0.1 335 113 -1
0.1 320 336 -1
0.1 319 337 -1
0.1 114 115 -1
0.1 339 116 -1
0.1 117 118 -1
0.1 340 341 -1
0.1 338 342 -1
0.1 343 119 -1
0.1 53 344 -1
0.1 279 345 -1
0.1 2 346 -1
0.1 1 347 -1
0.1 120 121 -1
0.1 348 349 -1
0.1 122 123 -1
0.1 351 124 -1
0.1 125 126 -1
0.1 353 127 -1
0.1 352 354 -1
0.1 350 355 -1
0.1 129 130 -1
0.1 131 132 -1
0.1 357 358 -1
0.1 133 134 -1
0.1 359 360 -1
0.1 135 136 -1
0.1 142 143 -1
0.1 141 363 -1
0.1 364 144 -1
0.1 147 148 -1
0.1 366 149 -1
0.1 146 367 -1
0.1 151 152 -1
0.1 369 153 -1
0.1 154 155 -1
0.1 370 371 -1
0.1 372 156 -1
0.1 150 373 -1
0.1 368 374 -1
0.1 145 375 -1
0.1 365 376 -1
0.1 140 377 -1
0.1 157 158 -1
0.1 378 379 -1
0.1 139 380 -1
0.1 138 381 -1
0.1 137 382 -1
0.1 160 161 -1
0.1 163 164 -1
0.1 162 385 -1
0.1 386 165 -1
0.1 169 170 -1
0.1 168 388 -1
0.1 389 171 -1
0.1 172 173 -1
0.1 391 174 -1
0.1 390 392 -1
0.1 175 176 -1
0.1 393 394 -1
0.1 167 395 -1
0.1 177 178 -1
0.1 397 179 -1
0.1 396 398 -1
0.1 182 183 -1
0.1 181 400 -1
0.1 180 401 -1
0.1 399 402 -1
0.1 185 186 -1
0.1 404 187 -1
0.1 188 189 -1
0.1 405 406 -1
0.1 407 190 -1
0.1 184 408 -1
0.1 191 192 -1
0.1 193 194 -1
0.1 410 411 -1
0.1 409 412 -1
0.1 195 196 -1
0.1 198 199 -1
0.1 197 415 -1
0.1 414 416 -1
0.1 417 200 -1
0.1 413 418 -1
0.1 403 419 -1
0.1 166 420 -1
0.1 421 201 -1
0.1 203 204 -1
0.1 202 423 -1
0.1 424 205 -1
0.1 422 425 -1
0.1 426 206 -1
0.1 427 207 -1
0.1 387 428 -1
0.1 384 429 -1
0.1 159 430 -1
0.1 383 431 -1
0.1 432 208 -1
0.1 210 211 -1
0.1 214 215 -1
0.1 216 217 -1
0.1 436 218 -1
0.1 435 437 -1
0.1 213 438 -1
0.1 439 219 -1
0.1 440 220 -1
0.1 221 222 -1
0.1 442 223 -1
0.1 224 225 -1
0.1 443 444 -1
0.1 441 445 -1
0.1 212 446 -1
0.1 434 447 -1
0.1 448 226 -1
0.1 209 449 -1
0.1 227 228 -1
0.1 450 451 -1
0.1 433 452 -1
0.1 362 453 -1
0.1 361 454 -1
0.1 455 229 -1
0.1 456 230 -1
0.1 128 457 -1
0.1 356 458 -1
