1 0 0 1
1 0 0 1
1 0 0 1
1 0 0 1
1 0 0 1
1 0 0 1
1 0 0 1
1 0 0 1
1 0 0 1
1 0 0 1
1 0 0 2
1 0 0 3
1 0 0 3
1 0 0 3
1 0 0 3
1 0 0 3
1 0 0 1
1 0 0 1
1 0 0 1
1 0 0 1
1 0 0 1
1 0 0 1
1 0 0 4
1 0 0 4
1 0 0 5
1 0 0 5
1 0 0 5
1 0 0 5
1 0 0 5
1 0 0 5
1 0 0 5
1 0 0 5
1 0 0 6
1 0 0 6
1 0 0 6
1 0 0 6
1 0 0 6
1 0 0 6
1 0 0 6
1 0 0 6
1 0 0 6
1 0 0 6
1 0 0 6
1 0 0 6
1 0 0 6
1 0 0 5
1 0 0 5
1 0 0 5
1 0 0 1
1 0 0 2
1 0 0 2
1 0 0 2
1 0 0 2
1 0 0 2
1 0 0 7
1 0 0 7
1 0 0 7
1 0 0 7
1 0 0 7
1 0 0 7
1 0 0 7
1 0 0 7
1 0 0 7
1 0 0 7
1 0 0 7
1 0 0 7
1 0 0 7
1 0 0 7
1 0 0 7
1 0 0 7
1 0 0 7
1 0 0 7
1 0 0 7
1 0 0 7
1 0 0 8
1 0 0 9
1 0 0 9
1 0 0 9
1 0 0 9
1 0 0 9
1 0 0 9
1 0 0 9
1 0 0 9
1 0 0 9
1 0 0 9
1 0 0 9
1 0 0 9
1 0 0 9
1 0 0 9
1 0 0 9
1 0 0 9
1 0 0 9
1 0 0 9
1 0 0 9
1 0 0 9
1 0 0 8
1 0 0 10
1 0 0 10
1 0 0 10
1 0 0 10
1 0 0 10
1 0 0 10
1 0 0 10
1 0 0 10
1 0 0 10
1 0 0 10
1 0 0 10
1 0 0 10
1 0 0 10
1 0 0 10
1 0 0 10
1 0 0 10
1 0 0 10
1 0 0 10
1 0 0 10
1 0 0 10
1 0 0 11
1 0 0 11
1 0 0 11
1 0 0 11
1 0 0 11
1 0 0 11
1 0 0 11
1 0 0 11
1 0 0 11
1 0 0 11
1 0 0 11
1 0 0 11
1 0 0 11
1 0 0 11
1 0 0 11
1 0 0 11
1 0 0 11
1 0 0 11
1 0 0 11
1 0 0 11
1 0 0 8
1 0 0 12
1 0 0 12
1 0 0 12
1 0 0 12
1 0 0 12
1 0 0 12
1 0 0 12
1 0 0 12
1 0 0 12
1 0 0 12
1 0 0 12
1 0 0 12
1 0 0 12
1 0 0 12
1 0 0 12
1 0 0 12
1 0 0 12
1 0 0 12
1 0 0 12
1 0 0 12
1 0 0 8
1 0 0 8
1 0 0 13
1 0 0 13
1 0 0 13
1 0 0 13
1 0 0 13
1 0 0 13
1 0 0 13
1 0 0 13
1 0 0 13
1 0 0 13
1 0 0 13
1 0 0 13
1 0 0 13
1 0 0 13
1 0 0 13
1 0 0 13
1 0 0 13
1 0 0 13
1 0 0 13
1 0 0 13
1 0 0 8
1 0 0 14
1 0 0 14
1 0 0 14
1 0 0 14
1 0 0 14
1 0 0 14
1 0 0 14
1 0 0 14
1 0 0 14
1 0 0 14
1 0 0 14
1 0 0 14
1 0 0 14
1 0 0 14
1 0 0 14
1 0 0 14
1 0 0 14
1 0 0 14
1 0 0 14
1 0 0 14
1 0 0 8
1 0 0 8
1 0 0 8
1 0 0 8
1 0 0 15
1 0 0 16
1 0 0 16
1 0 0 16
1 0 0 16
1 0 0 16
1 0 0 16
1 0 0 16
1 0 0 16
1 0 0 16
1 0 0 16
1 0 0 16
1 0 0 16
1 0 0 16
1 0 0 16
1 0 0 16
1 0 0 16
1 0 0 16
1 0 0 16
1 0 0 16
1 0 0 16
1 0 0 15
1 0 0 15
1 0 0 15
1 0 0 15
1 0 0 15
1 0 0 15
1 0 0 15
1 0 0 15
1 0 0 15
1 0 0 15
1 0 0 15
1 0 0 15
1 0 0 15
1 0 0 15
1 0 0 15
1 0 0 15
1 0 0 15
1 0 0 15
1 0 0 15
1 0 0 8
1 0 0 8
1 0 0 8
1 0 0 8
1 0 0 8
1 0 0 8
1 0 0 8
1 0 0 17
1 0 0 17
1 0 0 17
1 0 0 17
1 0 0 17
1 0 0 17
1 0 0 17
1 0 0 17
1 0 0 17
1 0 0 17
1 0 0 17
1 0 0 17
1 0 0 17
1 0 0 17
1 0 0 17
1 0 0 17
1 0 0 17
1 0 0 17
1 0 0 17
1 0 0 17
1 0 0 18
1 0 0 18
1 0 0 18
1 0 0 18
1 0 0 18
1 0 0 18
1 0 0 18
1 0 0 18
1 0 0 18
1 0 0 18
1 0 0 18
1 0 0 18
1 0 0 18
1 0 0 18
1 0 0 18
1 0 0 18
1 0 0 18
1 0 0 18
1 0 0 18
1 0 0 18
1 0 0 8
1 0 0 8
1 0 0 8
1 0 0 2
1 0 0 2
1 0 0 2
1 0 0 2
1 0 0 2
1 0 0 2
1 0 0 2
1 0 0 2
1 0 0 2
1 0 0 2
1 0 0 19
1 0 0 19
1 0 0 19
1 0 0 19
1 0 0 19
1 0 0 19
1 0 0 19
1 0 0 19
1 0 0 19
1 0 0 19
1 0 0 19
1 0 0 19
1 0 0 19
1 0 0 19
1 0 0 19
1 0 0 19
1 0 0 20
1 0 0 20
1 0 0 20
1 0 0 20
1 0 0 20
1 0 0 20
1 0 0 20
1 0 0 20
1 0 0 20
1 0 0 20
1 0 0 20
1 0 0 20
1 0 0 20
1 0 0 20
1 0 0 20
1 0 0 20
1 0 0 20
1 0 0 20
1 0 0 20
1 0 0 20
1 0 0 5
1 0 0 5
1 0 0 5
1 0 0 5
1 0 0 5
1 0 0 5
1 0 0 5
1 0 0 5
1 0 0 5
1 0 0 2
1 0 0 2
1 0 0 21
1 0 0 21
1 0 0 21
1 0 0 21
1 0 0 21
1 0 0 21
1 0 0 21
1 0 0 21
1 0 0 21
1 0 0 21
1 0 0 21
1 0 0 21
1 0 0 21
1 0 0 21
1 0 0 21
1 0 0 21
1 0 0 21
1 0 0 21
1 0 0 21
1 0 0 21
1 0 0 2
1 0 0 2
1 0 0 6
1 0 0 6
1 0 0 6
1 0 0 6
1 0 0 3
1 0 0 3
1 0 0 3
1 0 0 3
1 0 0 3
1 0 0 3
1 0 0 3
1 0 0 3
1 0 0 3
1 0 0 3
1 0 0 3
1 0 0 3
1 0 0 4
1 0 0 4
1 0 0 4
1 0 0 4
1 0 0 4
1 0 0 4
1 0 0 4
1 0 0 4
1 0 0 4
1 0 0 4
1 0 0 4
1 0 0 4
1 0 0 4
1 0 0 4
1 0 0 4
1 0 0 6
1 0 0 6
1 0 0 6
1 0 0 3
1 0 0 3
1 0 0 3
1 0 0 4
1 0 0 4
1 0 0 4
1 0 0 19
1 0 0 19
1 0 0 19
1 0 0 19
1 0 0 1
1 0 0 1
1 0 0 1
0.1 1 2 -1
0.1 4 5 -1
0.1 3 422 -1
0.1 7 8 -1
0.1 424 9 -1
0.1 425 10 -1
0.1 6 426 -1
0.1 423 427 -1
0.1 421 428 -1
0.1 13 14 -1
0.1 12 430 -1
0.1 15 16 -1
0.1 431 432 -1
0.1 11 433 -1
0.1 19 20 -1
0.1 21 22 -1
0.1 435 436 -1
0.1 18 437 -1
0.1 17 438 -1
0.1 23 24 -1
0.1 26 27 -1
0.1 28 29 -1
0.1 441 442 -1
0.1 25 443 -1
0.1 31 32 -1
0.1 30 445 -1
0.1 444 446 -1
0.1 440 447 -1
0.1 439 448 -1
0.1 434 449 -1
0.1 429 450 -1
0.1 35 36 -1
0.1 34 452 -1
0.1 33 453 -1
0.1 37 38 -1
0.1 454 455 -1
0.1 39 40 -1
0.1 457 41 -1
0.1 42 43 -1
0.1 44 45 -1
0.1 459 460 -1
0.1 458 461 -1
0.1 456 462 -1
0.1 47 48 -1
0.1 46 464 -1
0.1 50 51 -1
0.1 52 53 -1
0.1 466 467 -1
0.1 55 56 -1
0.1 58 59 -1
0.1 63 64 -1
0.1 471 65 -1
0.1 62 472 -1
0.1 61 473 -1
0.1 60 474 -1
0.1 470 475 -1
0.1 57 476 -1
0.1 469 477 -1
0.1 67 68 -1
0.1 66 479 -1
0.1 69 70 -1
0.1 480 481 -1
0.1 71 72 -1
0.1 483 73 -1
0.1 484 74 -1
0.1 482 485 -1
0.1 478 486 -1
0.1 78 79 -1
0.1 77 488 -1
0.1 83 84 -1
0.1 82 490 -1
0.1 81 491 -1
0.1 80 492 -1
0.1 86 87 -1
0.1 494 88 -1
0.1 85 495 -1
0.1 496 89 -1
0.1 91 92 -1
0.1 90 498 -1
0.1 497 499 -1
0.1 94 95 -1
0.1 93 501 -1
0.1 500 502 -1
0.1 493 503 -1
0.1 489 504 -1
0.1 76 505 -1
0.1 75 506 -1
0.1 487 507 -1
0.1 99 100 -1
0.1 98 509 -1
0.1 97 510 -1
0.1 511 101 -1
0.1 512 102 -1
0.1 104 105 -1
0.1 103 514 -1
0.1 106 107 -1
0.1 515 516 -1
0.1 517 108 -1
0.1 110 111 -1
0.1 109 519 -1
0.1 113 114 -1
0.1 112 521 -1
0.1 520 522 -1
0.1 518 523 -1
0.1 115 116 -1
0.1 524 525 -1
0.1 513 526 -1
0.1 118 119 -1
0.1 120 121 -1
0.1 529 122 -1
0.1 124 125 -1
0.1 531 126 -1
0.1 123 532 -1
0.1 530 533 -1
0.1 528 534 -1
0.1 117 535 -1
0.1 128 129 -1
0.1 130 131 -1
0.1 537 538 -1
0.1 133 134 -1
0.1 132 540 -1
0.1 135 136 -1
0.1 541 542 -1
0.1 539 543 -1
0.1 127 544 -1
0.1 536 545 -1
0.1 527 546 -1
0.1 138 139 -1
0.1 142 143 -1
0.1 141 549 -1
0.1 144 145 -1
0.1 550 551 -1
0.1 140 552 -1
0.1 548 553 -1
0.1 148 149 -1
0.1 151 152 -1
0.1 150 556 -1
0.1 555 557 -1
0.1 147 558 -1
0.1 146 559 -1
0.1 554 560 -1
0.1 156 157 -1
0.1 155 562 -1
0.1 154 563 -1
0.1 153 564 -1
0.1 561 565 -1
0.1 137 566 -1
0.1 547 567 -1
0.1 96 568 -1
0.1 508 569 -1
0.1 160 161 -1
0.1 162 163 -1
0.1 165 166 -1
0.1 164 573 -1
0.1 572 574 -1
0.1 575 167 -1
0.1 571 576 -1
0.1 169 170 -1
0.1 578 171 -1
0.1 168 579 -1
0.1 175 176 -1
0.1 174 581 -1
0.1 173 582 -1
0.1 172 583 -1
0.1 177 178 -1
0.1 584 585 -1
0.1 580 586 -1
0.1 587 179 -1
0.1 577 588 -1
0.1 159 589 -1
0.1 181 182 -1
0.1 184 185 -1
0.1 183 592 -1
0.1 186 187 -1
0.1 593 594 -1
0.1 190 191 -1
0.1 189 596 -1
0.1 597 192 -1
0.1 188 598 -1
0.1 595 599 -1
0.1 193 194 -1
0.1 601 195 -1
0.1 198 199 -1
0.1 197 603 -1
0.1 196 604 -1
0.1 605 200 -1
0.1 602 606 -1
0.1 600 607 -1
0.1 591 608 -1
0.1 180 609 -1
0.1 590 610 -1
0.1 158 611 -1
0.1 570 612 -1
0.1 202 203 -1
0.1 208 209 -1
0.1 207 615 -1
0.1 206 616 -1
0.1 617 210 -1
0.1 211 212 -1
0.1 213 214 -1
0.1 216 217 -1
0.1 215 621 -1
0.1 218 219 -1
0.1 622 623 -1
0.1 620 624 -1
0.1 222 223 -1
0.1 221 626 -1
0.1 220 627 -1
0.1 224 225 -1
0.1 628 629 -1
0.1 625 630 -1
0.1 619 631 -1
0.1 618 632 -1
0.1 228 229 -1
0.1 227 634 -1
0.1 226 635 -1
0.1 230 231 -1
0.1 232 233 -1
0.1 637 638 -1
0.1 235 236 -1
0.1 234 640 -1
0.1 237 238 -1
0.1 641 642 -1
0.1 239 240 -1
0.1 241 242 -1
0.1 644 645 -1
0.1 646 243 -1
0.1 643 647 -1
0.1 639 648 -1
0.1 649 244 -1
0.1 636 650 -1
0.1 633 651 -1
0.1 205 652 -1
0.1 204 653 -1
0.1 614 654 -1
0.1 201 655 -1
0.1 248 249 -1
0.1 247 657 -1
0.1 246 658 -1
0.1 254 255 -1
0.1 253 660 -1
0.1 252 661 -1
0.1 259 260 -1
0.1 258 663 -1
0.1 261 262 -1
0.1 665 263 -1
0.1 664 666 -1
0.1 257 667 -1
0.1 265 266 -1
0.1 264 669 -1
0.1 668 670 -1
0.1 256 671 -1
0.1 662 672 -1
0.1 268 269 -1
0.1 270 271 -1
0.1 674 675 -1
0.1 267 676 -1
0.1 673 677 -1
0.1 251 678 -1
0.1 250 679 -1
0.1 659 680 -1
0.1 245 681 -1
0.1 656 682 -1
0.1 272 273 -1
0.1 275 276 -1
0.1 685 277 -1
0.1 274 686 -1
0.1 279 280 -1
0.1 281 282 -1
0.1 688 689 -1
0.1 690 283 -1
0.1 691 284 -1
0.1 278 692 -1
0.1 693 285 -1
0.1 687 694 -1
0.1 684 695 -1
0.1 286 287 -1
0.1 696 697 -1
0.1 288 289 -1
0.1 290 291 -1
0.1 699 700 -1
0.1 698 701 -1
0.1 702 292 -1
0.1 293 294 -1
0.1 703 704 -1
0.1 683 705 -1
0.1 613 706 -1
0.1 54 707 -1
0.1 468 708 -1
0.1 295 296 -1
0.1 710 297 -1
0.1 298 299 -1
0.1 711 712 -1
0.1 301 302 -1
0.1 300 714 -1
0.1 713 715 -1
0.1 303 304 -1
0.1 716 717 -1
0.1 709 718 -1
0.1 49 719 -1
0.1 465 720 -1
0.1 463 721 -1
0.1 451 722 -1
0.1 305 306 -1
0.1 308 309 -1
0.1 310 311 -1
0.1 313 314 -1
0.1 315 316 -1
0.1 727 728 -1
0.1 312 729 -1
0.1 730 317 -1
0.1 726 731 -1
0.1 725 732 -1
0.1 307 733 -1
0.1 319 320 -1
0.1 318 735 -1
0.1 734 736 -1
0.1 724 737 -1
0.1 323 324 -1
0.1 325 326 -1
0.1 327 328 -1
0.1 741 329 -1
0.1 740 742 -1
0.1 330 331 -1
0.1 743 744 -1
0.1 739 745 -1
0.1 322 746 -1
0.1 747 332 -1
0.1 337 338 -1
0.1 336 749 -1
0.1 335 750 -1
0.1 339 340 -1
0.1 751 752 -1
0.1 334 753 -1
0.1 333 754 -1
0.1 748 755 -1
0.1 321 756 -1
0.1 342 343 -1
0.1 341 758 -1
0.1 344 345 -1
0.1 760 346 -1
0.1 347 348 -1
0.1 762 349 -1
0.1 761 763 -1
0.1 759 764 -1
0.1 350 351 -1
0.1 353 354 -1
0.1 355 356 -1
0.1 767 768 -1
0.1 352 769 -1
0.1 357 358 -1
0.1 771 359 -1
0.1 770 772 -1
0.1 360 361 -1
0.1 362 363 -1
0.1 774 775 -1
0.1 364 365 -1
0.1 776 777 -1
0.1 368 369 -1
0.1 367 779 -1
0.1 366 780 -1
0.1 778 781 -1
0.1 370 371 -1
0.1 782 783 -1
0.1 773 784 -1
0.1 372 373 -1
0.1 785 786 -1
0.1 766 787 -1
0.1 376 377 -1
0.1 375 789 -1
0.1 374 790 -1
0.1 788 791 -1
0.1 765 792 -1
0.1 379 380 -1
0.1 381 382 -1
0.1 795 383 -1
0.1 384 385 -1
0.1 387 388 -1
0.1 386 798 -1
0.1 799 389 -1
0.1 797 800 -1
0.1 796 801 -1
0.1 794 802 -1
0.1 378 803 -1
0.1 793 804 -1
0.1 757 805 -1
0.1 738 806 -1
0.1 391 392 -1
0.1 808 393 -1
0.1 390 809 -1
0.1 394 395 -1
0.1 396 397 -1
0.1 811 812 -1
0.1 813 398 -1
0.1 401 402 -1
0.1 400 815 -1
0.1 399 816 -1
0.1 817 403 -1
0.1 818 404 -1
0.1 814 819 -1
0.1 810 820 -1
0.1 406 407 -1
0.1 405 822 -1
0.1 409 410 -1
0.1 408 824 -1
0.1 412 413 -1
0.1 411 826 -1
0.1 415 416 -1
0.1 414 828 -1
0.1 829 417 -1
0.1 419 420 -1
0.1 418 831 -1
0.1 830 832 -1
0.1 827 833 -1
0.1 825 834 -1
0.1 823 835 -1
0.1 821 836 -1
0.1 807 837 -1
0.1 723 838 -1
