1 0 0 1
1 0 0 1
1 0 0 1
1 0 0 1
1 0 0 2
1 0 0 2
1 0 0 2
1 0 0 3
1 0 0 4
1 0 0 4
1 0 0 4
1 0 0 4
1 0 0 4
1 0 0 3
1 0 0 5
1 0 0 5
1 0 0 5
1 0 0 5
1 0 0 5
1 0 0 3
1 0 0 3
1 0 0 3
1 0 0 2
1 0 0 2
1 0 0 6
1 0 0 6
1 0 0 6
1 0 0 7
1 0 0 7
1 0 0 7
1 0 0 7
1 0 0 7
1 0 0 6
1 0 0 6
1 0 0 8
1 0 0 8
1 0 0 8
1 0 0 8
1 0 0 8
1 0 0 9
1 0 0 9
1 0 0 9
1 0 0 9
1 0 0 9
1 0 0 10
1 0 0 10
1 0 0 10
1 0 0 10
1 0 0 10
1 0 0 11
1 0 0 11
1 0 0 11
1 0 0 11
1 0 0 12
1 0 0 12
1 0 0 12
1 0 0 12
1 0 0 12
1 0 0 11
1 0 0 13
1 0 0 13
1 0 0 13
1 0 0 13
1 0 0 13
1 0 0 1
1 0 0 14
1 0 0 14
1 0 0 14
1 0 0 14
1 0 0 14
1 0 0 15
1 0 0 15
1 0 0 16
1 0 0 16
1 0 0 16
1 0 0 16
1 0 0 16
1 0 0 15
1 0 0 15
1 0 0 15
1 0 0 17
1 0 0 18
1 0 0 17
1 0 0 17
1 0 0 17
1 0 0 17
1 0 0 19
1 0 0 19
1 0 0 19
1 0 0 19
1 0 0 19
1 0 0 20
1 0 0 20
1 0 0 20
1 0 0 20
1 0 0 20
1 0 0 18
1 0 0 18
1 0 0 21
1 0 0 21
1 0 0 21
1 0 0 21
1 0 0 21
1 0 0 18
1 0 0 18
1 0 0 22
1 0 0 22
1 0 0 22
1 0 0 22
1 0 0 23
1 0 0 23
1 0 0 23
1 0 0 23
1 0 0 23
1 0 0 22
0.1 2 3 -1
0.1 1 116 -1
0.1 117 4 -1
0.1 5 6 -1
0.1 119 7 -1
0.1 10 11 -1
0.1 12 13 -1
0.1 121 122 -1
0.1 123 14 -1
0.1 9 124 -1
0.1 16 17 -1
0.1 126 18 -1
0.1 15 127 -1
0.1 128 19 -1
0.1 125 129 -1
0.1 20 21 -1
0.1 131 22 -1
0.1 130 132 -1
0.1 8 133 -1
0.1 120 134 -1
0.1 23 24 -1
0.1 135 136 -1
0.1 30 31 -1
0.1 29 138 -1
0.1 28 139 -1
0.1 140 32 -1
0.1 27 141 -1
0.1 33 34 -1
0.1 142 143 -1
0.1 26 144 -1
0.1 25 145 -1
0.1 35 36 -1
0.1 37 38 -1
0.1 148 39 -1
0.1 147 149 -1
0.1 146 150 -1
0.1 41 42 -1
0.1 43 44 -1
0.1 152 153 -1
0.1 40 154 -1
0.1 47 48 -1
0.1 46 156 -1
0.1 51 52 -1
0.1 50 158 -1
0.1 55 56 -1
0.1 57 58 -1
0.1 160 161 -1
0.1 54 162 -1
0.1 53 163 -1
0.1 164 59 -1
0.1 159 165 -1
0.1 49 166 -1
0.1 157 167 -1
0.1 45 168 -1
0.1 155 169 -1
0.1 61 62 -1
0.1 171 63 -1
0.1 172 64 -1
0.1 60 173 -1
0.1 170 174 -1
0.1 67 68 -1
0.1 69 70 -1
0.1 176 177 -1
0.1 66 178 -1
0.1 65 179 -1
0.1 175 180 -1
0.1 151 181 -1
0.1 137 182 -1
0.1 118 183 -1
0.1 74 75 -1
0.1 73 185 -1
0.1 76 77 -1
0.1 186 187 -1
0.1 188 78 -1
0.1 189 79 -1
0.1 72 190 -1
0.1 71 191 -1
0.1 192 80 -1
0.1 193 81 -1
0.1 87 88 -1
0.1 90 91 -1
0.1 89 196 -1
0.1 195 197 -1
0.1 86 198 -1
0.1 85 199 -1
0.1 84 200 -1
0.1 83 201 -1
0.1 82 202 -1
0.1 194 203 -1
0.1 92 93 -1
0.1 94 95 -1
0.1 206 96 -1
0.1 205 207 -1
0.1 97 98 -1
0.1 100 101 -1
0.1 99 210 -1
0.1 211 102 -1
0.1 209 212 -1
0.1 104 105 -1
0.1 103 214 -1
0.1 213 215 -1
0.1 106 107 -1
0.1 217 108 -1
0.1 218 109 -1
0.1 110 111 -1
0.1 112 113 -1
0.1 220 221 -1
0.1 222 114 -1
0.1 219 223 -1
0.1 224 115 -1
0.1 216 225 -1
0.1 208 226 -1
0.1 204 227 -1
0.1 184 228 -1
