1 0 0 1
1 0 0 2
1 0 0 2
1 0 0 2
1 0 0 2
1 0 0 2
1 0 0 3
1 0 0 3
1 0 0 3
1 0 0 3
1 0 0 3
1 0 0 4
1 0 0 5
1 0 0 5
1 0 0 5
1 0 0 5
1 0 0 5
1 0 0 4
1 0 0 4
1 0 0 4
1 0 0 4
1 0 0 6
1 0 0 6
1 0 0 6
1 0 0 6
1 0 0 7
1 0 0 7
1 0 0 7
1 0 0 7
1 0 0 7
1 0 0 6
1 0 0 8
1 0 0 8
1 0 0 8
1 0 0 8
1 0 0 8
1 0 0 9
1 0 0 9
1 0 0 9
1 0 0 9
1 0 0 9
1 0 0 10
1 0 0 10
1 0 0 10
1 0 0 10
1 0 0 10
1 0 0 1
1 0 0 11
1 0 0 11
1 0 0 11
1 0 0 11
1 0 0 11
1 0 0 12
1 0 0 13
1 0 0 13
1 0 0 13
1 0 0 13
1 0 0 13
1 0 0 12
1 0 0 12
1 0 0 12
1 0 0 12
1 0 0 14
1 0 0 14
1 0 0 14
1 0 0 14
1 0 0 14
1 0 0 1
1 0 0 1
1 0 0 1
1 0 0 15
1 0 0 16
1 0 0 16
1 0 0 16
1 0 0 16
1 0 0 16
1 0 0 15
1 0 0 15
1 0 0 15
1 0 0 15
1 0 0 17
1 0 0 17
1 0 0 17
1 0 0 18
1 0 0 18
1 0 0 18
1 0 0 18
1 0 0 18
1 0 0 17
1 0 0 17
1 0 0 19
1 0 0 19
1 0 0 19
1 0 0 19
1 0 0 19
1 0 0 20
1 0 0 21
1 0 0 21
1 0 0 22
1 0 0 22
1 0 0 22
1 0 0 22
1 0 0 22
1 0 0 21
1 0 0 21
1 0 0 21
1 0 0 23
1 0 0 23
1 0 0 23
1 0 0 23
1 0 0 23
1 0 0 20
1 0 0 20
1 0 0 20
1 0 0 20
0.1 3 4 -1
0.1 116 5 -1
0.1 2 117 -1
0.1 118 6 -1
0.1 1 119 -1
0.1 9 10 -1
0.1 121 11 -1
0.1 8 122 -1
0.1 7 123 -1
0.1 13 14 -1
0.1 15 16 -1
0.1 125 126 -1
0.1 127 17 -1
0.1 19 20 -1
0.1 18 129 -1
0.1 128 130 -1
0.1 22 23 -1
0.1 132 24 -1
0.1 26 27 -1
0.1 28 29 -1
0.1 134 135 -1
0.1 136 30 -1
0.1 25 137 -1
0.1 138 31 -1
0.1 133 139 -1
0.1 21 140 -1
0.1 131 141 -1
0.1 12 142 -1
0.1 124 143 -1
0.1 33 34 -1
0.1 38 39 -1
0.1 146 40 -1
0.1 37 147 -1
0.1 148 41 -1
0.1 36 149 -1
0.1 35 150 -1
0.1 145 151 -1
0.1 32 152 -1
0.1 42 43 -1
0.1 154 44 -1
0.1 45 46 -1
0.1 155 156 -1
0.1 153 157 -1
0.1 144 158 -1
0.1 120 159 -1
0.1 50 51 -1
0.1 49 161 -1
0.1 48 162 -1
0.1 163 52 -1
0.1 55 56 -1
0.1 57 58 -1
0.1 165 166 -1
0.1 54 167 -1
0.1 53 168 -1
0.1 59 60 -1
0.1 61 62 -1
0.1 170 171 -1
0.1 169 172 -1
0.1 164 173 -1
0.1 64 65 -1
0.1 63 175 -1
0.1 66 67 -1
0.1 176 177 -1
0.1 174 178 -1
0.1 47 179 -1
0.1 68 69 -1
0.1 181 70 -1
0.1 180 182 -1
0.1 160 183 -1
0.1 72 73 -1
0.1 74 75 -1
0.1 185 186 -1
0.1 187 76 -1
0.1 188 77 -1
0.1 71 189 -1
0.1 190 78 -1
0.1 84 85 -1
0.1 192 86 -1
0.1 87 88 -1
0.1 193 194 -1
0.1 83 195 -1
0.1 89 90 -1
0.1 196 197 -1
0.1 82 198 -1
0.1 81 199 -1
0.1 80 200 -1
0.1 79 201 -1
0.1 191 202 -1
0.1 91 92 -1
0.1 204 93 -1
0.1 94 95 -1
0.1 205 206 -1
0.1 99 100 -1
0.1 101 102 -1
0.1 208 209 -1
0.1 210 103 -1
0.1 98 211 -1
0.1 105 106 -1
0.1 104 213 -1
0.1 212 214 -1
0.1 97 215 -1
0.1 109 110 -1
0.1 108 217 -1
0.1 107 218 -1
0.1 112 113 -1
0.1 114 115 -1
0.1 220 221 -1
0.1 111 222 -1
0.1 219 223 -1
0.1 216 224 -1
0.1 96 225 -1
0.1 207 226 -1
0.1 203 227 -1
0.1 184 228 -1
