1 0 0 1
1 0 0 1
1 0 0 1
1 0 0 1
1 0 0 2
1 0 0 3
1 0 0 3
1 0 0 3
1 0 0 3
1 0 0 3
1 0 0 4
1 0 0 5
1 0 0 5
1 0 0 5
1 0 0 5
1 0 0 5
1 0 0 4
1 0 0 4
1 0 0 4
1 0 0 4
1 0 0 6
1 0 0 6
1 0 0 6
1 0 0 6
1 0 0 6
1 0 0 7
1 0 0 7
1 0 0 7
1 0 0 7
1 0 0 7
1 0 0 8
1 0 0 8
1 0 0 8
1 0 0 8
1 0 0 8
1 0 0 9
1 0 0 9
1 0 0 9
1 0 0 9
1 0 0 9
1 0 0 10
1 0 0 10
1 0 0 10
1 0 0 10
1 0 0 10
1 0 0 11
1 0 0 11
1 0 0 11
1 0 0 11
1 0 0 12
1 0 0 12
1 0 0 12
1 0 0 12
1 0 0 12
1 0 0 11
1 0 0 13
1 0 0 13
1 0 0 13
1 0 0 13
1 0 0 13
1 0 0 2
1 0 0 2
1 0 0 2
1 0 0 2
1 0 0 1
1 0 0 14
1 0 0 14
1 0 0 14
1 0 0 14
1 0 0 14
1 0 0 15
1 0 0 15
1 0 0 16
1 0 0 16
1 0 0 16
1 0 0 16
1 0 0 16
1 0 0 15
1 0 0 17
1 0 0 17
1 0 0 17
1 0 0 17
1 0 0 17
1 0 0 18
1 0 0 19
1 0 0 19
1 0 0 19
1 0 0 19
1 0 0 19
1 0 0 18
1 0 0 18
1 0 0 18
1 0 0 18
1 0 0 20
1 0 0 20
1 0 0 21
1 0 0 21
1 0 0 21
1 0 0 21
1 0 0 21
1 0 0 20
1 0 0 20
1 0 0 20
1 0 0 15
1 0 0 22
1 0 0 22
1 0 0 22
1 0 0 22
1 0 0 22
1 0 0 23
1 0 0 23
1 0 0 23
1 0 0 23
1 0 0 23
1 0 0 15
0.1 2 3 -1
0.1 1 116 -1
0.1 117 4 -1
0.1 8 9 -1
0.1 7 119 -1
0.1 120 10 -1
0.1 6 121 -1
0.1 13 14 -1
0.1 15 16 -1
0.1 123 124 -1
0.1 12 125 -1
0.1 11 126 -1
0.1 17 18 -1
0.1 19 20 -1
0.1 128 129 -1
0.1 127 130 -1
0.1 122 131 -1
0.1 21 22 -1
0.1 23 24 -1
0.1 133 134 -1
0.1 135 25 -1
0.1 132 136 -1
0.1 5 137 -1
0.1 27 28 -1
0.1 26 139 -1
0.1 29 30 -1
0.1 140 141 -1
0.1 33 34 -1
0.1 37 38 -1
0.1 144 39 -1
0.1 36 145 -1
0.1 146 40 -1
0.1 35 147 -1
0.1 143 148 -1
0.1 32 149 -1
0.1 31 150 -1
0.1 142 151 -1
0.1 41 42 -1
0.1 43 44 -1
0.1 153 154 -1
0.1 155 45 -1
0.1 46 47 -1
0.1 157 48 -1
0.1 51 52 -1
0.1 53 54 -1
0.1 159 160 -1
0.1 50 161 -1
0.1 162 55 -1
0.1 49 163 -1
0.1 158 164 -1
0.1 165 56 -1
0.1 58 59 -1
0.1 57 167 -1
0.1 166 168 -1
0.1 169 60 -1
0.1 156 170 -1
0.1 63 64 -1
0.1 62 172 -1
0.1 61 173 -1
0.1 171 174 -1
0.1 67 68 -1
0.1 66 176 -1
0.1 177 69 -1
0.1 178 70 -1
0.1 65 179 -1
0.1 175 180 -1
0.1 152 181 -1
0.1 138 182 -1
0.1 118 183 -1
0.1 75 76 -1
0.1 74 185 -1
0.1 73 186 -1
0.1 187 77 -1
0.1 72 188 -1
0.1 189 78 -1
0.1 71 190 -1
0.1 80 81 -1
0.1 79 192 -1
0.1 82 83 -1
0.1 193 194 -1
0.1 86 87 -1
0.1 85 196 -1
0.1 88 89 -1
0.1 197 198 -1
0.1 90 91 -1
0.1 200 92 -1
0.1 199 201 -1
0.1 202 93 -1
0.1 84 203 -1
0.1 94 95 -1
0.1 98 99 -1
0.1 206 100 -1
0.1 97 207 -1
0.1 96 208 -1
0.1 209 101 -1
0.1 205 210 -1
0.1 211 102 -1
0.1 204 212 -1
0.1 213 103 -1
0.1 195 214 -1
0.1 191 215 -1
0.1 111 112 -1
0.1 110 217 -1
0.1 113 114 -1
0.1 218 219 -1
0.1 109 220 -1
0.1 108 221 -1
0.1 107 222 -1
0.1 106 223 -1
0.1 105 224 -1
0.1 225 115 -1
0.1 104 226 -1
0.1 216 227 -1
0.1 184 228 -1
