1 0 0 1
1 0 0 1
1 0 0 1
1 0 0 1
1 0 0 1
1 0 0 2
1 0 0 2
1 0 0 2
1 0 0 2
1 0 0 3
1 0 0 3
1 0 0 3
1 0 0 3
1 0 0 2
1 0 0 3
1 0 0 4
1 0 0 4
1 0 0 4
1 0 0 4
1 0 0 4
1 0 0 5
1 0 0 6
1 0 0 6
1 0 0 6
1 0 0 6
1 0 0 6
1 0 0 7
1 0 0 7
1 0 0 7
1 0 0 7
1 0 0 7
1 0 0 8
1 0 0 8
1 0 0 8
1 0 0 8
1 0 0 8
1 0 0 9
1 0 0 9
1 0 0 9
1 0 0 9
1 0 0 9
1 0 0 10
1 0 0 10
1 0 0 10
1 0 0 10
1 0 0 10
1 0 0 11
1 0 0 11
1 0 0 11
1 0 0 11
1 0 0 11
1 0 0 12
1 0 0 12
1 0 0 12
1 0 0 12
1 0 0 12
1 0 0 13
1 0 0 13
1 0 0 13
1 0 0 13
1 0 0 13
1 0 0 14
1 0 0 14
1 0 0 14
1 0 0 14
1 0 0 14
1 0 0 5
1 0 0 5
1 0 0 5
1 0 0 5
1 0 0 15
1 0 0 16
1 0 0 16
1 0 0 16
1 0 0 16
1 0 0 16
1 0 0 17
1 0 0 17
1 0 0 17
1 0 0 17
1 0 0 17
1 0 0 18
1 0 0 18
1 0 0 18
1 0 0 18
1 0 0 19
1 0 0 19
1 0 0 19
1 0 0 19
1 0 0 19
1 0 0 18
1 0 0 20
1 0 0 20
1 0 0 20
1 0 0 20
1 0 0 20
1 0 0 21
1 0 0 21
1 0 0 22
1 0 0 22
1 0 0 22
1 0 0 22
1 0 0 22
1 0 0 21
1 0 0 21
1 0 0 21
1 0 0 15
1 0 0 15
1 0 0 23
1 0 0 23
1 0 0 23
1 0 0 23
1 0 0 23
1 0 0 15
1 0 0 15
0.1 1 2 -1
0.1 4 5 -1
0.1 3 117 -1
0.1 116 118 -1
0.1 6 7 -1
0.1 8 9 -1
0.1 120 121 -1
0.1 10 11 -1
0.1 12 13 -1
0.1 123 124 -1
0.1 125 14 -1
0.1 126 15 -1
0.1 122 127 -1
0.1 19 20 -1
0.1 18 129 -1
0.1 17 130 -1
0.1 16 131 -1
0.1 128 132 -1
0.1 119 133 -1
0.1 23 24 -1
0.1 22 135 -1
0.1 136 25 -1
0.1 137 26 -1
0.1 21 138 -1
0.1 29 30 -1
0.1 35 36 -1
0.1 34 141 -1
0.1 33 142 -1
0.1 32 143 -1
0.1 31 144 -1
0.1 140 145 -1
0.1 28 146 -1
0.1 27 147 -1
0.1 38 39 -1
0.1 37 149 -1
0.1 40 41 -1
0.1 150 151 -1
0.1 148 152 -1
0.1 43 44 -1
0.1 42 154 -1
0.1 47 48 -1
0.1 49 50 -1
0.1 156 157 -1
0.1 158 51 -1
0.1 46 159 -1
0.1 45 160 -1
0.1 155 161 -1
0.1 53 54 -1
0.1 55 56 -1
0.1 163 164 -1
0.1 52 165 -1
0.1 58 59 -1
0.1 57 167 -1
0.1 166 168 -1
0.1 60 61 -1
0.1 169 170 -1
0.1 162 171 -1
0.1 62 63 -1
0.1 173 64 -1
0.1 174 65 -1
0.1 172 175 -1
0.1 153 176 -1
0.1 177 66 -1
0.1 139 178 -1
0.1 134 179 -1
0.1 68 69 -1
0.1 67 181 -1
0.1 182 70 -1
0.1 180 183 -1
0.1 73 74 -1
0.1 185 75 -1
0.1 186 76 -1
0.1 72 187 -1
0.1 77 78 -1
0.1 188 189 -1
0.1 190 79 -1
0.1 86 87 -1
0.1 89 90 -1
0.1 88 193 -1
0.1 192 194 -1
0.1 85 195 -1
0.1 196 91 -1
0.1 84 197 -1
0.1 83 198 -1
0.1 82 199 -1
0.1 81 200 -1
0.1 80 201 -1
0.1 191 202 -1
0.1 71 203 -1
0.1 92 93 -1
0.1 205 94 -1
0.1 95 96 -1
0.1 206 207 -1
0.1 100 101 -1
0.1 102 103 -1
0.1 209 210 -1
0.1 99 211 -1
0.1 98 212 -1
0.1 105 106 -1
0.1 104 214 -1
0.1 213 215 -1
0.1 97 216 -1
0.1 107 108 -1
0.1 111 112 -1
0.1 110 219 -1
0.1 109 220 -1
0.1 221 113 -1
0.1 218 222 -1
0.1 114 115 -1
0.1 223 224 -1
0.1 217 225 -1
0.1 208 226 -1
0.1 204 227 -1
0.1 184 228 -1
