1 0 0 1
1 0 0 1
1 0 0 1
1 0 0 1
1 0 0 1
1 0 0 1
1 0 0 1
1 0 0 1
1 0 0 1
1 0 0 1
1 0 0 2
1 0 0 2
1 0 0 3
1 0 0 3
1 0 0 4
1 0 0 4
1 0 0 3
1 0 0 3
1 0 0 3
1 0 0 3
1 0 0 3
1 0 0 3
1 0 0 3
1 0 0 3
1 0 0 4
1 0 0 4
1 0 0 4
1 0 0 4
1 0 0 4
1 0 0 4
1 0 0 4
1 0 0 4
1 0 0 5
1 0 0 5
1 0 0 6
1 0 0 6
1 0 0 6
1 0 0 6
1 0 0 6
1 0 0 6
1 0 0 6
1 0 0 6
1 0 0 6
1 0 0 6
1 0 0 5
1 0 0 5
1 0 0 7
1 0 0 7
1 0 0 7
1 0 0 7
1 0 0 7
1 0 0 7
1 0 0 7
1 0 0 7
1 0 0 7
1 0 0 7
1 0 0 8
1 0 0 8
1 0 0 8
1 0 0 8
1 0 0 8
1 0 0 8
1 0 0 8
1 0 0 8
1 0 0 8
1 0 0 8
1 0 0 5
1 0 0 5
1 0 0 9
1 0 0 9
1 0 0 9
1 0 0 9
1 0 0 9
1 0 0 9
1 0 0 9
1 0 0 9
1 0 0 9
1 0 0 9
1 0 0 5
1 0 0 5
1 0 0 10
1 0 0 10
1 0 0 10
1 0 0 10
1 0 0 10
1 0 0 10
1 0 0 10
1 0 0 10
1 0 0 10
1 0 0 10
1 0 0 5
1 0 0 5
1 0 0 11
1 0 0 11
1 0 0 11
1 0 0 11
1 0 0 11
1 0 0 11
1 0 0 11
1 0 0 11
1 0 0 11
1 0 0 11
1 0 0 12
1 0 0 12
1 0 0 12
1 0 0 12
1 0 0 12
1 0 0 12
1 0 0 12
1 0 0 12
1 0 0 12
1 0 0 12
1 0 0 13
1 0 0 13
1 0 0 13
1 0 0 13
1 0 0 13
1 0 0 13
1 0 0 13
1 0 0 13
1 0 0 13
1 0 0 13
1 0 0 14
1 0 0 14
1 0 0 14
1 0 0 14
1 0 0 14
1 0 0 14
1 0 0 14
1 0 0 14
1 0 0 14
1 0 0 14
1 0 0 15
1 0 0 15
1 0 0 15
1 0 0 15
1 0 0 15
1 0 0 15
1 0 0 15
1 0 0 15
1 0 0 16
1 0 0 16
1 0 0 16
1 0 0 16
1 0 0 16
1 0 0 17
1 0 0 17
1 0 0 17
1 0 0 17
1 0 0 17
1 0 0 17
1 0 0 17
1 0 0 17
1 0 0 17
1 0 0 17
1 0 0 16
1 0 0 18
1 0 0 18
1 0 0 18
1 0 0 18
1 0 0 18
1 0 0 18
1 0 0 18
1 0 0 18
1 0 0 18
1 0 0 18
1 0 0 16
1 0 0 16
1 0 0 16
1 0 0 16
1 0 0 15
1 0 0 15
1 0 0 19
1 0 0 19
1 0 0 19
1 0 0 19
1 0 0 19
1 0 0 19
1 0 0 19
1 0 0 19
1 0 0 19
1 0 0 19
1 0 0 2
1 0 0 2
1 0 0 2
1 0 0 2
1 0 0 2
1 0 0 2
1 0 0 2
1 0 0 2
1 0 0 20
1 0 0 21
1 0 0 21
1 0 0 21
1 0 0 21
1 0 0 21
1 0 0 21
1 0 0 21
1 0 0 21
1 0 0 21
1 0 0 21
1 0 0 22
1 0 0 22
1 0 0 22
1 0 0 22
1 0 0 22
1 0 0 22
1 0 0 22
1 0 0 22
1 0 0 22
1 0 0 22
1 0 0 20
1 0 0 20
1 0 0 20
1 0 0 20
1 0 0 23
1 0 0 23
1 0 0 23
1 0 0 23
1 0 0 23
1 0 0 23
1 0 0 23
1 0 0 23
1 0 0 23
1 0 0 24
1 0 0 24
1 0 0 24
1 0 0 24
1 0 0 24
1 0 0 24
1 0 0 24
1 0 0 24
1 0 0 24
1 0 0 24
1 0 0 25
1 0 0 25
1 0 0 25
1 0 0 25
1 0 0 25
1 0 0 25
1 0 0 25
1 0 0 25
1 0 0 25
1 0 0 25
1 0 0 26
1 0 0 26
1 0 0 26
1 0 0 26
1 0 0 26
1 0 0 26
1 0 0 26
1 0 0 27
1 0 0 27
1 0 0 27
1 0 0 27
1 0 0 27
1 0 0 27
1 0 0 27
1 0 0 27
1 0 0 27
1 0 0 27
1 0 0 26
1 0 0 26
1 0 0 26
1 0 0 28
1 0 0 28
1 0 0 28
1 0 0 28
1 0 0 28
1 0 0 28
1 0 0 28
1 0 0 28
1 0 0 28
1 0 0 28
1 0 0 29
1 0 0 29
1 0 0 30
1 0 0 30
1 0 0 30
1 0 0 30
1 0 0 30
1 0 0 30
1 0 0 23
1 0 0 29
1 0 0 29
1 0 0 29
1 0 0 29
1 0 0 29
1 0 0 30
1 0 0 30
1 0 0 29
1 0 0 29
1 0 0 29
1 0 0 30
1 0 0 30
1 0 0 31
1 0 0 31
1 0 0 32
1 0 0 32
1 0 0 32
1 0 0 33
1 0 0 33
1 0 0 33
1 0 0 33
1 0 0 33
1 0 0 33
1 0 0 33
1 0 0 33
1 0 0 33
1 0 0 33
1 0 0 31
1 0 0 31
1 0 0 31
1 0 0 31
1 0 0 31
1 0 0 31
1 0 0 31
1 0 0 31
1 0 0 34
1 0 0 34
1 0 0 34
1 0 0 34
1 0 0 34
1 0 0 35
1 0 0 35
1 0 0 35
1 0 0 35
1 0 0 35
1 0 0 35
1 0 0 35
1 0 0 35
1 0 0 35
1 0 0 35
1 0 0 32
1 0 0 32
1 0 0 34
1 0 0 34
1 0 0 32
1 0 0 32
1 0 0 32
1 0 0 32
1 0 0 32
1 0 0 36
1 0 0 37
1 0 0 37
1 0 0 37
1 0 0 36
1 0 0 36
1 0 0 36
1 0 0 36
1 0 0 36
1 0 0 36
1 0 0 36
1 0 0 37
1 0 0 37
1 0 0 37
1 0 0 37
1 0 0 37
1 0 0 37
1 0 0 37
1 0 0 36
1 0 0 36
1 0 0 34
1 0 0 34
1 0 0 34
1 0 0 20
1 0 0 20
1 0 0 38
1 0 0 38
1 0 0 38
1 0 0 38
1 0 0 38
1 0 0 38
1 0 0 38
1 0 0 38
1 0 0 38
1 0 0 38
1 0 0 39
1 0 0 39
1 0 0 39
1 0 0 39
1 0 0 39
1 0 0 39
1 0 0 39
1 0 0 39
1 0 0 39
1 0 0 39
1 0 0 40
1 0 0 40
1 0 0 40
1 0 0 40
1 0 0 40
1 0 0 41
1 0 0 42
1 0 0 41
1 0 0 41
1 0 0 41
1 0 0 41
1 0 0 41
1 0 0 41
1 0 0 41
1 0 0 42
1 0 0 41
1 0 0 41
1 0 0 42
1 0 0 42
1 0 0 42
1 0 0 42
1 0 0 42
1 0 0 42
1 0 0 42
1 0 0 42
1 0 0 40
1 0 0 40
1 0 0 43
1 0 0 43
1 0 0 43
1 0 0 43
1 0 0 43
1 0 0 43
1 0 0 43
1 0 0 43
1 0 0 43
1 0 0 43
1 0 0 40
1 0 0 40
1 0 0 40
1 0 0 20
1 0 0 44
1 0 0 44
1 0 0 44
1 0 0 44
1 0 0 44
1 0 0 44
1 0 0 44
1 0 0 44
1 0 0 44
1 0 0 44
1 0 0 45
1 0 0 45
1 0 0 45
1 0 0 45
1 0 0 45
1 0 0 45
1 0 0 45
1 0 0 45
1 0 0 45
1 0 0 45
1 0 0 20
1 0 0 46
1 0 0 46
1 0 0 46
1 0 0 46
1 0 0 46
1 0 0 46
1 0 0 46
1 0 0 46
1 0 0 46
1 0 0 46
1 0 0 20
0.1 1 2 -1
0.1 461 3 -1
0.1 5 6 -1
0.1 4 463 -1
0.1 8 9 -1
0.1 7 465 -1
0.1 464 466 -1
0.1 462 467 -1
0.1 468 10 -1
0.1 11 12 -1
0.1 13 14 -1
0.1 15 16 -1
0.1 18 19 -1
0.1 473 20 -1
0.1 17 474 -1
0.1 472 475 -1
0.1 21 22 -1
0.1 23 24 -1
0.1 477 478 -1
0.1 476 479 -1
0.1 471 480 -1
0.1 26 27 -1
0.1 28 29 -1
0.1 482 483 -1
0.1 25 484 -1
0.1 31 32 -1
0.1 30 486 -1
0.1 485 487 -1
0.1 481 488 -1
0.1 470 489 -1
0.1 469 490 -1
0.1 36 37 -1
0.1 35 492 -1
0.1 39 40 -1
0.1 38 494 -1
0.1 495 41 -1
0.1 493 496 -1
0.1 42 43 -1
0.1 498 44 -1
0.1 497 499 -1
0.1 34 500 -1
0.1 33 501 -1
0.1 47 48 -1
0.1 503 49 -1
0.1 51 52 -1
0.1 50 505 -1
0.1 53 54 -1
0.1 507 55 -1
0.1 508 56 -1
0.1 506 509 -1
0.1 504 510 -1
0.1 59 60 -1
0.1 58 512 -1
0.1 57 513 -1
0.1 64 65 -1
0.1 515 66 -1
0.1 63 516 -1
0.1 62 517 -1
0.1 61 518 -1
0.1 514 519 -1
0.1 511 520 -1
0.1 46 521 -1
0.1 72 73 -1
0.1 71 523 -1
0.1 70 524 -1
0.1 525 74 -1
0.1 69 526 -1
0.1 77 78 -1
0.1 76 528 -1
0.1 75 529 -1
0.1 527 530 -1
0.1 68 531 -1
0.1 67 532 -1
0.1 522 533 -1
0.1 45 534 -1
0.1 79 80 -1
0.1 82 83 -1
0.1 85 86 -1
0.1 538 87 -1
0.1 84 539 -1
0.1 88 89 -1
0.1 540 541 -1
0.1 542 90 -1
0.1 537 543 -1
0.1 81 544 -1
0.1 536 545 -1
0.1 535 546 -1
0.1 94 95 -1
0.1 93 548 -1
0.1 96 97 -1
0.1 98 99 -1
0.1 100 101 -1
0.1 551 552 -1
0.1 550 553 -1
0.1 554 102 -1
0.1 549 555 -1
0.1 92 556 -1
0.1 91 557 -1
0.1 547 558 -1
0.1 502 559 -1
0.1 491 560 -1
0.1 104 105 -1
0.1 103 562 -1
0.1 108 109 -1
0.1 564 110 -1
0.1 107 565 -1
0.1 566 111 -1
0.1 106 567 -1
0.1 568 112 -1
0.1 563 569 -1
0.1 114 115 -1
0.1 571 116 -1
0.1 113 572 -1
0.1 117 118 -1
0.1 573 574 -1
0.1 121 122 -1
0.1 120 576 -1
0.1 119 577 -1
0.1 575 578 -1
0.1 124 125 -1
0.1 123 580 -1
0.1 131 132 -1
0.1 130 582 -1
0.1 129 583 -1
0.1 128 584 -1
0.1 127 585 -1
0.1 126 586 -1
0.1 581 587 -1
0.1 579 588 -1
0.1 570 589 -1
0.1 134 135 -1
0.1 133 591 -1
0.1 139 140 -1
0.1 138 593 -1
0.1 137 594 -1
0.1 136 595 -1
0.1 144 145 -1
0.1 143 597 -1
0.1 148 149 -1
0.1 147 599 -1
0.1 146 600 -1
0.1 150 151 -1
0.1 152 153 -1
0.1 602 603 -1
0.1 154 155 -1
0.1 604 605 -1
0.1 601 606 -1
0.1 598 607 -1
0.1 142 608 -1
0.1 141 609 -1
0.1 157 158 -1
0.1 159 160 -1
0.1 612 161 -1
0.1 163 164 -1
0.1 162 614 -1
0.1 165 166 -1
0.1 615 616 -1
0.1 613 617 -1
0.1 611 618 -1
0.1 156 619 -1
0.1 167 168 -1
0.1 169 170 -1
0.1 621 622 -1
0.1 620 623 -1
0.1 610 624 -1
0.1 596 625 -1
0.1 592 626 -1
0.1 171 172 -1
0.1 627 628 -1
0.1 175 176 -1
0.1 174 630 -1
0.1 173 631 -1
0.1 178 179 -1
0.1 633 180 -1
0.1 177 634 -1
0.1 181 182 -1
0.1 635 636 -1
0.1 632 637 -1
0.1 629 638 -1
0.1 590 639 -1
0.1 184 185 -1
0.1 187 188 -1
0.1 642 189 -1
0.1 186 643 -1
0.1 641 644 -1
0.1 183 645 -1
0.1 646 190 -1
0.1 640 647 -1
0.1 561 648 -1
0.1 192 193 -1
0.1 194 195 -1
0.1 650 651 -1
0.1 197 198 -1
0.1 196 653 -1
0.1 654 199 -1
0.1 200 201 -1
0.1 655 656 -1
0.1 652 657 -1
0.1 203 204 -1
0.1 202 659 -1
0.1 660 205 -1
0.1 206 207 -1
0.1 208 209 -1
0.1 663 210 -1
0.1 662 664 -1
0.1 661 665 -1
0.1 666 211 -1
0.1 658 667 -1
0.1 668 212 -1
0.1 214 215 -1
0.1 213 670 -1
0.1 669 671 -1
0.1 191 672 -1
0.1 649 673 -1
0.1 217 218 -1
0.1 216 675 -1
0.1 676 219 -1
0.1 220 221 -1
0.1 678 222 -1
0.1 223 224 -1
0.1 679 680 -1
0.1 677 681 -1
0.1 226 227 -1
0.1 683 228 -1
0.1 225 684 -1
0.1 231 232 -1
0.1 233 234 -1
0.1 686 687 -1
0.1 230 688 -1
0.1 229 689 -1
0.1 685 690 -1
0.1 682 691 -1
0.1 237 238 -1
0.1 693 239 -1
0.1 236 694 -1
0.1 241 242 -1
0.1 240 696 -1
0.1 695 697 -1
0.1 235 698 -1
0.1 243 244 -1
0.1 699 700 -1
0.1 245 246 -1
0.1 248 249 -1
0.1 247 703 -1
0.1 254 255 -1
0.1 253 705 -1
0.1 252 706 -1
0.1 256 257 -1
0.1 258 259 -1
0.1 260 261 -1
0.1 709 710 -1
0.1 708 711 -1
0.1 707 712 -1
0.1 251 713 -1
0.1 263 264 -1
0.1 262 715 -1
0.1 268 269 -1
0.1 271 272 -1
0.1 270 718 -1
0.1 273 274 -1
0.1 719 720 -1
0.1 717 721 -1
0.1 267 722 -1
0.1 266 723 -1
0.1 265 724 -1
0.1 716 725 -1
0.1 714 726 -1
0.1 250 727 -1
0.1 704 728 -1
0.1 702 729 -1
0.1 275 276 -1
0.1 278 279 -1
0.1 277 732 -1
0.1 733 280 -1
0.1 281 282 -1
0.1 734 735 -1
0.1 285 286 -1
0.1 284 737 -1
0.1 287 288 -1
0.1 738 739 -1
0.1 283 740 -1
0.1 289 290 -1
0.1 741 742 -1
0.1 292 293 -1
0.1 291 744 -1
0.1 743 745 -1
0.1 736 746 -1
0.1 294 295 -1
0.1 747 748 -1
0.1 731 749 -1
0.1 730 750 -1
0.1 701 751 -1
0.1 692 752 -1
0.1 296 297 -1
0.1 299 300 -1
0.1 298 755 -1
0.1 303 304 -1
0.1 302 757 -1
0.1 301 758 -1
0.1 305 306 -1
0.1 307 308 -1
0.1 309 310 -1
0.1 761 762 -1
0.1 760 763 -1
0.1 759 764 -1
0.1 313 314 -1
0.1 317 318 -1
0.1 316 767 -1
0.1 315 768 -1
0.1 766 769 -1
0.1 312 770 -1
0.1 311 771 -1
0.1 765 772 -1
0.1 756 773 -1
0.1 319 320 -1
0.1 321 322 -1
0.1 776 323 -1
0.1 775 777 -1
0.1 324 325 -1
0.1 327 328 -1
0.1 326 780 -1
0.1 330 331 -1
0.1 329 782 -1
0.1 781 783 -1
0.1 332 333 -1
0.1 784 785 -1
0.1 779 786 -1
0.1 334 335 -1
0.1 336 337 -1
0.1 338 339 -1
0.1 340 341 -1
0.1 790 791 -1
0.1 789 792 -1
0.1 788 793 -1
0.1 787 794 -1
0.1 778 795 -1
0.1 774 796 -1
0.1 344 345 -1
0.1 798 346 -1
0.1 348 349 -1
0.1 347 800 -1
0.1 350 351 -1
0.1 801 802 -1
0.1 799 803 -1
0.1 343 804 -1
0.1 352 353 -1
0.1 356 357 -1
0.1 807 358 -1
0.1 359 360 -1
0.1 808 809 -1
0.1 355 810 -1
0.1 354 811 -1
0.1 806 812 -1
0.1 805 813 -1
0.1 361 362 -1
0.1 814 815 -1
0.1 342 816 -1
0.1 797 817 -1
0.1 363 364 -1
0.1 819 365 -1
0.1 818 820 -1
0.1 754 821 -1
0.1 753 822 -1
0.1 823 366 -1
0.1 824 367 -1
0.1 373 374 -1
0.1 372 826 -1
0.1 371 827 -1
0.1 370 828 -1
0.1 369 829 -1
0.1 376 377 -1
0.1 375 831 -1
0.1 830 832 -1
0.1 368 833 -1
0.1 378 379 -1
0.1 380 381 -1
0.1 382 383 -1
0.1 836 837 -1
0.1 835 838 -1
0.1 384 385 -1
0.1 386 387 -1
0.1 840 841 -1
0.1 839 842 -1
0.1 391 392 -1
0.1 390 844 -1
0.1 389 845 -1
0.1 388 846 -1
0.1 394 395 -1
0.1 396 397 -1
0.1 848 849 -1
0.1 399 400 -1
0.1 398 851 -1
0.1 850 852 -1
0.1 402 403 -1
0.1 854 404 -1
0.1 401 855 -1
0.1 853 856 -1
0.1 393 857 -1
0.1 405 406 -1
0.1 407 408 -1
0.1 860 409 -1
0.1 861 410 -1
0.1 859 862 -1
0.1 411 412 -1
0.1 863 864 -1
0.1 858 865 -1
0.1 866 413 -1
0.1 847 867 -1
0.1 415 416 -1
0.1 417 418 -1
0.1 419 420 -1
0.1 870 871 -1
0.1 423 424 -1
0.1 422 873 -1
0.1 421 874 -1
0.1 872 875 -1
0.1 869 876 -1
0.1 877 425 -1
0.1 426 427 -1
0.1 878 879 -1
0.1 414 880 -1
0.1 868 881 -1
0.1 843 882 -1
0.1 883 428 -1
0.1 834 884 -1
0.1 825 885 -1
0.1 429 430 -1
0.1 434 435 -1
0.1 433 888 -1
0.1 432 889 -1
0.1 436 437 -1
0.1 891 438 -1
0.1 890 892 -1
0.1 431 893 -1
0.1 887 894 -1
0.1 439 440 -1
0.1 441 442 -1
0.1 445 446 -1
0.1 444 898 -1
0.1 447 448 -1
0.1 899 900 -1
0.1 443 901 -1
0.1 897 902 -1
0.1 896 903 -1
0.1 895 904 -1
0.1 905 449 -1
0.1 450 451 -1
0.1 453 454 -1
0.1 452 908 -1
0.1 455 456 -1
0.1 909 910 -1
0.1 907 911 -1
0.1 457 458 -1
0.1 913 459 -1
0.1 912 914 -1
0.1 915 460 -1
0.1 906 916 -1
0.1 886 917 -1
0.1 674 918 -1
