1 0 0 1
1 0 0 2
1 0 0 1
1 0 0 1
1 0 0 3
1 0 0 4
1 0 0 4
1 0 0 4
1 0 0 4
1 0 0 4
1 0 0 4
1 0 0 4
1 0 0 4
1 0 0 4
1 0 0 4
1 0 0 1
1 0 0 1
1 0 0 1
1 0 0 1
1 0 0 1
1 0 0 1
1 0 0 1
1 0 0 2
1 0 0 2
1 0 0 2
1 0 0 2
1 0 0 5
1 0 0 5
1 0 0 5
1 0 0 5
1 0 0 5
1 0 0 5
1 0 0 5
1 0 0 5
1 0 0 5
1 0 0 5
1 0 0 3
1 0 0 3
1 0 0 3
1 0 0 6
1 0 0 6
1 0 0 6
1 0 0 6
1 0 0 6
1 0 0 6
1 0 0 6
1 0 0 6
1 0 0 6
1 0 0 6
1 0 0 3
1 0 0 7
1 0 0 7
1 0 0 7
1 0 0 7
1 0 0 3
1 0 0 2
1 0 0 2
1 0 0 2
1 0 0 2
1 0 0 7
1 0 0 7
1 0 0 7
1 0 0 7
1 0 0 7
1 0 0 7
1 0 0 8
1 0 0 8
1 0 0 8
1 0 0 8
1 0 0 8
1 0 0 8
1 0 0 8
1 0 0 8
1 0 0 8
1 0 0 8
1 0 0 9
1 0 0 9
1 0 0 9
1 0 0 9
1 0 0 9
1 0 0 9
1 0 0 9
1 0 0 3
1 0 0 3
1 0 0 3
1 0 0 3
1 0 0 9
1 0 0 9
1 0 0 9
1 0 0 2
0.1 1 2 -1
0.1 3 4 -1
0.1 6 7 -1
0.1 8 9 -1
0.1 93 94 -1
0.1 10 11 -1
0.1 12 13 -1
0.1 96 97 -1
0.1 14 15 -1
0.1 98 99 -1
0.1 95 100 -1
0.1 5 101 -1
0.1 92 102 -1
0.1 20 21 -1
0.1 19 104 -1
0.1 18 105 -1
0.1 17 106 -1
0.1 107 22 -1
0.1 16 108 -1
0.1 103 109 -1
0.1 91 110 -1
0.1 24 25 -1
0.1 29 30 -1
0.1 28 113 -1
0.1 27 114 -1
0.1 33 34 -1
0.1 32 116 -1
0.1 31 117 -1
0.1 118 35 -1
0.1 119 36 -1
0.1 115 120 -1
0.1 38 39 -1
0.1 37 122 -1
0.1 40 41 -1
0.1 42 43 -1
0.1 125 44 -1
0.1 126 45 -1
0.1 124 127 -1
0.1 46 47 -1
0.1 129 48 -1
0.1 130 49 -1
0.1 128 131 -1
0.1 123 132 -1
0.1 133 50 -1
0.1 121 134 -1
0.1 135 51 -1
0.1 52 53 -1
0.1 137 54 -1
0.1 136 138 -1
0.1 139 55 -1
0.1 140 56 -1
0.1 26 141 -1
0.1 112 142 -1
0.1 57 58 -1
0.1 144 59 -1
0.1 143 145 -1
0.1 23 146 -1
0.1 60 61 -1
0.1 148 62 -1
0.1 149 63 -1
0.1 64 65 -1
0.1 150 151 -1
0.1 66 67 -1
0.1 69 70 -1
0.1 72 73 -1
0.1 71 155 -1
0.1 154 156 -1
0.1 68 157 -1
0.1 74 75 -1
0.1 158 159 -1
0.1 153 160 -1
0.1 76 77 -1
0.1 78 79 -1
0.1 163 80 -1
0.1 162 164 -1
0.1 81 82 -1
0.1 83 84 -1
0.1 85 86 -1
0.1 167 168 -1
0.1 169 87 -1
0.1 88 89 -1
0.1 170 171 -1
0.1 166 172 -1
0.1 165 173 -1
0.1 161 174 -1
0.1 152 175 -1
0.1 176 90 -1
0.1 147 177 -1
0.1 111 178 -1
