1 0 0 1
1 0 0 1
1 0 0 2
1 0 0 2
1 0 0 2
1 0 0 2
1 0 0 2
1 0 0 2
1 0 0 2
1 0 0 2
1 0 0 2
1 0 0 2
1 0 0 3
1 0 0 3
1 0 0 3
1 0 0 3
1 0 0 3
1 0 0 3
1 0 0 3
1 0 0 3
1 0 0 3
1 0 0 3
1 0 0 1
1 0 0 1
1 0 0 1
1 0 0 4
1 0 0 4
1 0 0 4
1 0 0 4
1 0 0 4
1 0 0 5
1 0 0 5
1 0 0 5
1 0 0 5
1 0 0 5
1 0 0 5
1 0 0 5
1 0 0 5
1 0 0 5
1 0 0 5
1 0 0 4
1 0 0 4
1 0 0 6
1 0 0 6
1 0 0 6
1 0 0 6
1 0 0 6
1 0 0 6
1 0 0 6
1 0 0 6
1 0 0 6
1 0 0 6
1 0 0 7
1 0 0 7
1 0 0 7
1 0 0 7
1 0 0 7
1 0 0 7
1 0 0 7
1 0 0 7
1 0 0 7
1 0 0 7
1 0 0 4
1 0 0 8
1 0 0 8
1 0 0 8
1 0 0 8
1 0 0 8
1 0 0 8
1 0 0 8
1 0 0 8
1 0 0 8
1 0 0 8
1 0 0 4
1 0 0 9
1 0 0 9
1 0 0 9
1 0 0 9
1 0 0 9
1 0 0 9
1 0 0 9
1 0 0 9
1 0 0 9
1 0 0 9
1 0 0 4
1 0 0 1
1 0 0 1
1 0 0 10
1 0 0 10
1 0 0 10
1 0 0 10
1 0 0 10
1 0 0 10
1 0 0 10
1 0 0 10
1 0 0 10
1 0 0 10
1 0 0 1
1 0 0 11
1 0 0 11
1 0 0 11
1 0 0 11
1 0 0 11
1 0 0 11
1 0 0 11
1 0 0 11
1 0 0 11
1 0 0 11
1 0 0 12
1 0 0 12
1 0 0 12
1 0 0 12
1 0 0 12
1 0 0 12
1 0 0 12
1 0 0 12
1 0 0 12
1 0 0 12
1 0 0 1
1 0 0 13
1 0 0 14
1 0 0 14
1 0 0 14
1 0 0 14
1 0 0 14
1 0 0 14
1 0 0 14
1 0 0 14
1 0 0 14
1 0 0 14
1 0 0 15
1 0 0 16
1 0 0 16
1 0 0 16
1 0 0 16
1 0 0 16
1 0 0 16
1 0 0 16
1 0 0 16
1 0 0 16
1 0 0 16
1 0 0 17
1 0 0 18
1 0 0 18
1 0 0 13
1 0 0 13
1 0 0 13
1 0 0 13
1 0 0 13
1 0 0 13
1 0 0 13
1 0 0 13
1 0 0 13
1 0 0 19
1 0 0 19
1 0 0 19
1 0 0 19
1 0 0 19
1 0 0 19
1 0 0 19
1 0 0 19
1 0 0 19
1 0 0 19
1 0 0 20
1 0 0 20
1 0 0 20
1 0 0 20
1 0 0 20
1 0 0 20
1 0 0 20
1 0 0 20
1 0 0 20
1 0 0 20
1 0 0 15
1 0 0 21
1 0 0 21
1 0 0 21
1 0 0 21
1 0 0 21
1 0 0 21
1 0 0 21
1 0 0 21
1 0 0 21
1 0 0 21
1 0 0 22
1 0 0 22
1 0 0 22
1 0 0 22
1 0 0 22
1 0 0 22
1 0 0 22
1 0 0 22
1 0 0 22
1 0 0 22
1 0 0 23
1 0 0 23
1 0 0 23
1 0 0 23
1 0 0 23
1 0 0 23
1 0 0 23
1 0 0 23
1 0 0 23
1 0 0 23
1 0 0 24
1 0 0 25
1 0 0 25
1 0 0 17
1 0 0 17
1 0 0 17
1 0 0 17
1 0 0 17
1 0 0 17
1 0 0 17
1 0 0 17
1 0 0 17
1 0 0 25
1 0 0 25
1 0 0 25
1 0 0 25
1 0 0 25
1 0 0 25
1 0 0 25
1 0 0 26
1 0 0 26
1 0 0 27
1 0 0 26
1 0 0 26
1 0 0 26
1 0 0 26
1 0 0 26
1 0 0 26
1 0 0 26
1 0 0 28
1 0 0 28
1 0 0 28
1 0 0 28
1 0 0 28
1 0 0 28
1 0 0 28
1 0 0 28
1 0 0 18
1 0 0 18
1 0 0 29
1 0 0 29
1 0 0 29
1 0 0 29
1 0 0 29
1 0 0 29
1 0 0 29
1 0 0 29
1 0 0 29
1 0 0 29
1 0 0 28
1 0 0 28
1 0 0 26
1 0 0 24
1 0 0 24
1 0 0 30
1 0 0 30
1 0 0 30
1 0 0 30
1 0 0 30
1 0 0 24
1 0 0 24
1 0 0 24
1 0 0 24
1 0 0 24
1 0 0 24
1 0 0 24
1 0 0 31
1 0 0 31
1 0 0 25
1 0 0 32
1 0 0 32
1 0 0 32
1 0 0 32
1 0 0 32
1 0 0 32
1 0 0 32
1 0 0 32
1 0 0 32
1 0 0 32
1 0 0 33
1 0 0 33
1 0 0 33
1 0 0 33
1 0 0 33
1 0 0 33
1 0 0 33
1 0 0 33
1 0 0 33
1 0 0 33
1 0 0 34
1 0 0 34
1 0 0 35
1 0 0 30
1 0 0 36
1 0 0 36
1 0 0 36
1 0 0 36
1 0 0 36
1 0 0 36
1 0 0 36
1 0 0 36
1 0 0 36
1 0 0 36
1 0 0 37
1 0 0 37
1 0 0 37
1 0 0 37
1 0 0 37
1 0 0 37
1 0 0 37
1 0 0 37
1 0 0 37
1 0 0 37
1 0 0 18
1 0 0 18
1 0 0 18
1 0 0 18
1 0 0 18
1 0 0 15
1 0 0 15
1 0 0 15
1 0 0 35
1 0 0 35
1 0 0 35
1 0 0 35
1 0 0 38
1 0 0 38
1 0 0 38
1 0 0 39
1 0 0 39
1 0 0 39
1 0 0 39
1 0 0 39
1 0 0 40
1 0 0 40
1 0 0 40
1 0 0 40
1 0 0 40
1 0 0 40
1 0 0 40
1 0 0 40
1 0 0 40
1 0 0 40
1 0 0 41
1 0 0 41
1 0 0 41
1 0 0 41
1 0 0 41
1 0 0 41
1 0 0 41
1 0 0 41
1 0 0 41
1 0 0 41
1 0 0 42
1 0 0 42
1 0 0 42
1 0 0 42
1 0 0 42
1 0 0 42
1 0 0 42
1 0 0 42
1 0 0 42
1 0 0 42
1 0 0 43
1 0 0 43
1 0 0 43
1 0 0 43
1 0 0 43
1 0 0 43
1 0 0 43
1 0 0 43
1 0 0 43
1 0 0 43
1 0 0 44
1 0 0 44
1 0 0 44
1 0 0 44
1 0 0 44
1 0 0 44
1 0 0 44
1 0 0 44
1 0 0 44
1 0 0 44
1 0 0 45
1 0 0 45
1 0 0 45
1 0 0 45
1 0 0 45
1 0 0 45
1 0 0 45
1 0 0 45
1 0 0 45
1 0 0 45
1 0 0 15
1 0 0 46
1 0 0 46
1 0 0 46
1 0 0 46
1 0 0 46
1 0 0 46
1 0 0 46
1 0 0 46
1 0 0 46
1 0 0 46
1 0 0 15
1 0 0 15
1 0 0 47
1 0 0 47
1 0 0 47
1 0 0 47
1 0 0 47
1 0 0 47
1 0 0 47
1 0 0 47
1 0 0 47
1 0 0 47
1 0 0 48
1 0 0 48
1 0 0 48
1 0 0 48
1 0 0 48
1 0 0 48
1 0 0 48
1 0 0 48
1 0 0 48
1 0 0 48
1 0 0 49
1 0 0 49
1 0 0 49
1 0 0 49
1 0 0 49
1 0 0 49
1 0 0 49
1 0 0 49
1 0 0 49
1 0 0 49
1 0 0 50
1 0 0 50
1 0 0 50
1 0 0 50
1 0 0 50
1 0 0 50
1 0 0 50
1 0 0 50
1 0 0 50
1 0 0 50
1 0 0 51
1 0 0 51
1 0 0 51
1 0 0 51
1 0 0 51
1 0 0 51
1 0 0 51
1 0 0 51
1 0 0 51
1 0 0 51
1 0 0 52
1 0 0 52
1 0 0 52
1 0 0 52
1 0 0 52
1 0 0 52
1 0 0 52
1 0 0 52
1 0 0 52
1 0 0 52
1 0 0 53
1 0 0 53
1 0 0 53
1 0 0 53
1 0 0 53
1 0 0 53
1 0 0 53
1 0 0 53
1 0 0 53
1 0 0 53
1 0 0 15
1 0 0 54
1 0 0 54
1 0 0 54
1 0 0 54
1 0 0 54
1 0 0 54
1 0 0 54
1 0 0 54
1 0 0 54
1 0 0 54
1 0 0 55
1 0 0 55
1 0 0 55
1 0 0 55
1 0 0 55
1 0 0 55
1 0 0 55
1 0 0 55
1 0 0 55
1 0 0 55
1 0 0 15
1 0 0 34
1 0 0 34
1 0 0 34
1 0 0 34
1 0 0 35
1 0 0 35
1 0 0 35
1 0 0 35
1 0 0 35
1 0 0 56
1 0 0 56
1 0 0 56
1 0 0 56
1 0 0 57
1 0 0 57
1 0 0 57
1 0 0 57
1 0 0 57
1 0 0 57
1 0 0 57
1 0 0 57
1 0 0 57
1 0 0 56
1 0 0 56
1 0 0 56
1 0 0 56
1 0 0 56
1 0 0 56
1 0 0 30
1 0 0 30
1 0 0 30
1 0 0 30
1 0 0 58
1 0 0 58
1 0 0 58
1 0 0 58
1 0 0 58
1 0 0 58
1 0 0 58
1 0 0 58
1 0 0 58
1 0 0 58
1 0 0 31
1 0 0 31
1 0 0 31
1 0 0 31
1 0 0 31
1 0 0 31
1 0 0 31
1 0 0 31
1 0 0 18
1 0 0 59
1 0 0 59
1 0 0 59
1 0 0 38
1 0 0 59
1 0 0 59
1 0 0 38
1 0 0 38
1 0 0 38
1 0 0 38
1 0 0 38
1 0 0 38
1 0 0 57
1 0 0 1
1 0 0 59
1 0 0 59
1 0 0 59
1 0 0 59
1 0 0 59
1 0 0 27
1 0 0 27
1 0 0 27
1 0 0 27
1 0 0 27
1 0 0 27
1 0 0 27
1 0 0 27
1 0 0 27
1 0 0 39
1 0 0 39
1 0 0 39
1 0 0 39
1 0 0 39
1 0 0 34
1 0 0 34
1 0 0 34
1 0 0 34
0.1 6 7 -1
0.1 9 10 -1
0.1 8 592 -1
0.1 591 593 -1
0.1 5 594 -1
0.1 11 12 -1
0.1 595 596 -1
0.1 4 597 -1
0.1 3 598 -1
0.1 2 599 -1
0.1 1 600 -1
0.1 14 15 -1
0.1 13 602 -1
0.1 17 18 -1
0.1 16 604 -1
0.1 19 20 -1
0.1 605 606 -1
0.1 21 22 -1
0.1 607 608 -1
0.1 603 609 -1
0.1 601 610 -1
0.1 24 25 -1
0.1 23 612 -1
0.1 611 613 -1
0.1 28 29 -1
0.1 27 615 -1
0.1 26 616 -1
0.1 31 32 -1
0.1 34 35 -1
0.1 37 38 -1
0.1 620 39 -1
0.1 36 621 -1
0.1 619 622 -1
0.1 33 623 -1
0.1 618 624 -1
0.1 625 40 -1
0.1 41 42 -1
0.1 47 48 -1
0.1 46 628 -1
0.1 45 629 -1
0.1 44 630 -1
0.1 50 51 -1
0.1 49 632 -1
0.1 633 52 -1
0.1 631 634 -1
0.1 43 635 -1
0.1 627 636 -1
0.1 626 637 -1
0.1 30 638 -1
0.1 54 55 -1
0.1 53 640 -1
0.1 56 57 -1
0.1 642 58 -1
0.1 641 643 -1
0.1 644 59 -1
0.1 645 60 -1
0.1 61 62 -1
0.1 646 647 -1
0.1 648 63 -1
0.1 64 65 -1
0.1 66 67 -1
0.1 650 651 -1
0.1 69 70 -1
0.1 68 653 -1
0.1 652 654 -1
0.1 72 73 -1
0.1 71 656 -1
0.1 655 657 -1
0.1 658 74 -1
0.1 76 77 -1
0.1 75 660 -1
0.1 78 79 -1
0.1 661 662 -1
0.1 81 82 -1
0.1 83 84 -1
0.1 664 665 -1
0.1 80 666 -1
0.1 663 667 -1
0.1 659 668 -1
0.1 649 669 -1
0.1 639 670 -1
0.1 617 671 -1
0.1 672 85 -1
0.1 88 89 -1
0.1 90 91 -1
0.1 675 92 -1
0.1 93 94 -1
0.1 96 97 -1
0.1 95 678 -1
0.1 677 679 -1
0.1 676 680 -1
0.1 674 681 -1
0.1 87 682 -1
0.1 86 683 -1
0.1 673 684 -1
0.1 100 101 -1
0.1 104 105 -1
0.1 103 687 -1
0.1 102 688 -1
0.1 686 689 -1
0.1 99 690 -1
0.1 106 107 -1
0.1 691 692 -1
0.1 693 108 -1
0.1 98 694 -1
0.1 685 695 -1
0.1 109 110 -1
0.1 697 111 -1
0.1 112 113 -1
0.1 698 699 -1
0.1 114 115 -1
0.1 701 116 -1
0.1 117 118 -1
0.1 702 703 -1
0.1 700 704 -1
0.1 696 705 -1
0.1 614 706 -1
0.1 707 119 -1
0.1 122 123 -1
0.1 121 709 -1
0.1 125 126 -1
0.1 124 711 -1
0.1 710 712 -1
0.1 127 128 -1
0.1 129 130 -1
0.1 714 715 -1
0.1 713 716 -1
0.1 717 131 -1
0.1 133 134 -1
0.1 719 135 -1
0.1 136 137 -1
0.1 139 140 -1
0.1 138 722 -1
0.1 723 141 -1
0.1 721 724 -1
0.1 720 725 -1
0.1 132 726 -1
0.1 718 727 -1
0.1 143 144 -1
0.1 142 729 -1
0.1 147 148 -1
0.1 731 149 -1
0.1 146 732 -1
0.1 145 733 -1
0.1 730 734 -1
0.1 728 735 -1
0.1 120 736 -1
0.1 151 152 -1
0.1 150 738 -1
0.1 737 739 -1
0.1 155 156 -1
0.1 157 158 -1
0.1 741 742 -1
0.1 743 159 -1
0.1 744 160 -1
0.1 745 161 -1
0.1 746 162 -1
0.1 747 163 -1
0.1 154 748 -1
0.1 164 165 -1
0.1 169 170 -1
0.1 168 751 -1
0.1 167 752 -1
0.1 171 172 -1
0.1 753 754 -1
0.1 755 173 -1
0.1 166 756 -1
0.1 750 757 -1
0.1 749 758 -1
0.1 176 177 -1
0.1 175 760 -1
0.1 761 178 -1
0.1 179 180 -1
0.1 181 182 -1
0.1 763 764 -1
0.1 183 184 -1
0.1 765 766 -1
0.1 762 767 -1
0.1 174 768 -1
0.1 185 186 -1
0.1 770 187 -1
0.1 188 189 -1
0.1 771 772 -1
0.1 192 193 -1
0.1 191 774 -1
0.1 190 775 -1
0.1 776 194 -1
0.1 773 777 -1
0.1 197 198 -1
0.1 196 779 -1
0.1 780 199 -1
0.1 195 781 -1
0.1 200 201 -1
0.1 782 783 -1
0.1 784 202 -1
0.1 203 204 -1
0.1 785 786 -1
0.1 778 787 -1
0.1 769 788 -1
0.1 759 789 -1
0.1 153 790 -1
0.1 740 791 -1
0.1 792 205 -1
0.1 206 207 -1
0.1 212 213 -1
0.1 211 795 -1
0.1 210 796 -1
0.1 209 797 -1
0.1 214 215 -1
0.1 799 216 -1
0.1 798 800 -1
0.1 208 801 -1
0.1 218 219 -1
0.1 217 803 -1
0.1 802 804 -1
0.1 222 223 -1
0.1 221 806 -1
0.1 220 807 -1
0.1 805 808 -1
0.1 794 809 -1
0.1 224 225 -1
0.1 226 227 -1
0.1 811 812 -1
0.1 813 228 -1
0.1 814 229 -1
0.1 810 815 -1
0.1 232 233 -1
0.1 231 817 -1
0.1 230 818 -1
0.1 816 819 -1
0.1 235 236 -1
0.1 234 821 -1
0.1 237 238 -1
0.1 240 241 -1
0.1 239 824 -1
0.1 823 825 -1
0.1 242 243 -1
0.1 245 246 -1
0.1 248 249 -1
0.1 247 829 -1
0.1 252 253 -1
0.1 251 831 -1
0.1 250 832 -1
0.1 830 833 -1
0.1 828 834 -1
0.1 244 835 -1
0.1 827 836 -1
0.1 837 254 -1
0.1 826 838 -1
0.1 839 255 -1
0.1 822 840 -1
0.1 820 841 -1
0.1 842 256 -1
0.1 257 258 -1
0.1 261 262 -1
0.1 845 263 -1
0.1 260 846 -1
0.1 259 847 -1
0.1 844 848 -1
0.1 264 265 -1
0.1 267 268 -1
0.1 266 851 -1
0.1 269 270 -1
0.1 852 853 -1
0.1 850 854 -1
0.1 849 855 -1
0.1 843 856 -1
0.1 793 857 -1
0.1 708 858 -1
0.1 271 272 -1
0.1 859 860 -1
0.1 274 275 -1
0.1 862 276 -1
0.1 278 279 -1
0.1 277 864 -1
0.1 863 865 -1
0.1 280 281 -1
0.1 866 867 -1
0.1 868 282 -1
0.1 869 283 -1
0.1 286 287 -1
0.1 285 871 -1
0.1 284 872 -1
0.1 289 290 -1
0.1 288 874 -1
0.1 291 292 -1
0.1 875 876 -1
0.1 877 293 -1
0.1 873 878 -1
0.1 870 879 -1
0.1 273 880 -1
0.1 861 881 -1
0.1 294 295 -1
0.1 883 296 -1
0.1 299 300 -1
0.1 301 302 -1
0.1 886 303 -1
0.1 885 887 -1
0.1 298 888 -1
0.1 305 306 -1
0.1 304 890 -1
0.1 891 307 -1
0.1 889 892 -1
0.1 309 310 -1
0.1 312 313 -1
0.1 895 314 -1
0.1 315 316 -1
0.1 896 897 -1
0.1 311 898 -1
0.1 894 899 -1
0.1 900 317 -1
0.1 308 901 -1
0.1 318 319 -1
0.1 321 322 -1
0.1 320 904 -1
0.1 903 905 -1
0.1 902 906 -1
0.1 893 907 -1
0.1 324 325 -1
0.1 323 909 -1
0.1 328 329 -1
0.1 327 911 -1
0.1 326 912 -1
0.1 910 913 -1
0.1 331 332 -1
0.1 330 915 -1
0.1 335 336 -1
0.1 917 337 -1
0.1 334 918 -1
0.1 333 919 -1
0.1 916 920 -1
0.1 914 921 -1
0.1 908 922 -1
0.1 339 340 -1
0.1 338 924 -1
0.1 341 342 -1
0.1 344 345 -1
0.1 346 347 -1
0.1 927 928 -1
0.1 343 929 -1
0.1 926 930 -1
0.1 925 931 -1
0.1 348 349 -1
0.1 350 351 -1
0.1 933 934 -1
0.1 935 352 -1
0.1 353 354 -1
0.1 937 355 -1
0.1 356 357 -1
0.1 938 939 -1
0.1 936 940 -1
0.1 358 359 -1
0.1 362 363 -1
0.1 361 943 -1
0.1 944 364 -1
0.1 945 365 -1
0.1 360 946 -1
0.1 366 367 -1
0.1 947 948 -1
0.1 942 949 -1
0.1 941 950 -1
0.1 932 951 -1
0.1 368 369 -1
0.1 370 371 -1
0.1 953 954 -1
0.1 372 373 -1
0.1 374 375 -1
0.1 956 957 -1
0.1 376 377 -1
0.1 958 959 -1
0.1 955 960 -1
0.1 379 380 -1
0.1 378 962 -1
0.1 381 382 -1
0.1 383 384 -1
0.1 385 386 -1
0.1 965 966 -1
0.1 967 387 -1
0.1 964 968 -1
0.1 963 969 -1
0.1 961 970 -1
0.1 388 389 -1
0.1 972 390 -1
0.1 392 393 -1
0.1 391 974 -1
0.1 395 396 -1
0.1 394 976 -1
0.1 975 977 -1
0.1 978 397 -1
0.1 973 979 -1
0.1 971 980 -1
0.1 952 981 -1
0.1 401 402 -1
0.1 403 404 -1
0.1 983 984 -1
0.1 400 985 -1
0.1 407 408 -1
0.1 406 987 -1
0.1 405 988 -1
0.1 986 989 -1
0.1 399 990 -1
0.1 398 991 -1
0.1 982 992 -1
0.1 409 410 -1
0.1 412 413 -1
0.1 414 415 -1
0.1 995 996 -1
0.1 997 416 -1
0.1 418 419 -1
0.1 417 999 -1
0.1 1000 420 -1
0.1 998 1001 -1
0.1 411 1002 -1
0.1 422 423 -1
0.1 424 425 -1
0.1 1005 426 -1
0.1 1006 427 -1
0.1 1004 1007 -1
0.1 429 430 -1
0.1 428 1009 -1
0.1 1008 1010 -1
0.1 421 1011 -1
0.1 1003 1012 -1
0.1 994 1013 -1
0.1 993 1014 -1
0.1 431 432 -1
0.1 1016 433 -1
0.1 1017 434 -1
0.1 438 439 -1
0.1 1019 440 -1
0.1 437 1020 -1
0.1 436 1021 -1
0.1 435 1022 -1
0.1 1018 1023 -1
0.1 1024 441 -1
0.1 443 444 -1
0.1 445 446 -1
0.1 1026 1027 -1
0.1 447 448 -1
0.1 1029 449 -1
0.1 1028 1030 -1
0.1 442 1031 -1
0.1 1032 450 -1
0.1 1025 1033 -1
0.1 451 452 -1
0.1 453 454 -1
0.1 1035 1036 -1
0.1 455 456 -1
0.1 1037 1038 -1
0.1 457 458 -1
0.1 1039 1040 -1
0.1 459 460 -1
0.1 1041 1042 -1
0.1 461 462 -1
0.1 463 464 -1
0.1 1044 1045 -1
0.1 467 468 -1
0.1 466 1047 -1
0.1 1048 469 -1
0.1 1049 470 -1
0.1 465 1050 -1
0.1 1046 1051 -1
0.1 472 473 -1
0.1 471 1053 -1
0.1 474 475 -1
0.1 1054 1055 -1
0.1 476 477 -1
0.1 479 480 -1
0.1 478 1058 -1
0.1 1057 1059 -1
0.1 1056 1060 -1
0.1 1052 1061 -1
0.1 1043 1062 -1
0.1 1034 1063 -1
0.1 482 483 -1
0.1 485 486 -1
0.1 484 1066 -1
0.1 1065 1067 -1
0.1 488 489 -1
0.1 487 1069 -1
0.1 490 491 -1
0.1 1070 1071 -1
0.1 1068 1072 -1
0.1 492 493 -1
0.1 494 495 -1
0.1 1075 496 -1
0.1 498 499 -1
0.1 500 501 -1
0.1 1077 1078 -1
0.1 497 1079 -1
0.1 1076 1080 -1
0.1 1074 1081 -1
0.1 1073 1082 -1
0.1 1083 502 -1
0.1 481 1084 -1
0.1 1064 1085 -1
0.1 1015 1086 -1
0.1 503 504 -1
0.1 505 506 -1
0.1 1088 1089 -1
0.1 510 511 -1
0.1 509 1091 -1
0.1 508 1092 -1
0.1 507 1093 -1
0.1 1090 1094 -1
0.1 512 513 -1
0.1 1096 514 -1
0.1 1097 515 -1
0.1 516 517 -1
0.1 518 519 -1
0.1 1100 520 -1
0.1 1099 1101 -1
0.1 1102 521 -1
0.1 522 523 -1
0.1 1104 524 -1
0.1 1103 1105 -1
0.1 1098 1106 -1
0.1 1095 1107 -1
0.1 526 527 -1
0.1 528 529 -1
0.1 1109 1110 -1
0.1 525 1111 -1
0.1 1112 530 -1
0.1 1108 1113 -1
0.1 1087 1114 -1
0.1 923 1115 -1
0.1 297 1116 -1
0.1 531 532 -1
0.1 533 534 -1
0.1 1118 1119 -1
0.1 535 536 -1
0.1 538 539 -1
0.1 537 1122 -1
0.1 1121 1123 -1
0.1 1124 540 -1
0.1 543 544 -1
0.1 542 1126 -1
0.1 541 1127 -1
0.1 1125 1128 -1
0.1 545 546 -1
0.1 1130 547 -1
0.1 548 549 -1
0.1 550 551 -1
0.1 1133 552 -1
0.1 1132 1134 -1
0.1 1131 1135 -1
0.1 1136 553 -1
0.1 554 555 -1
0.1 1138 556 -1
0.1 558 559 -1
0.1 557 1140 -1
0.1 1139 1141 -1
0.1 1137 1142 -1
0.1 1129 1143 -1
0.1 560 561 -1
0.1 562 563 -1
0.1 1146 564 -1
0.1 1147 565 -1
0.1 1145 1148 -1
0.1 566 567 -1
0.1 1149 1150 -1
0.1 571 572 -1
0.1 570 1152 -1
0.1 569 1153 -1
0.1 568 1154 -1
0.1 574 575 -1
0.1 1156 576 -1
0.1 1157 577 -1
0.1 573 1158 -1
0.1 578 579 -1
0.1 580 581 -1
0.1 1160 1161 -1
0.1 1159 1162 -1
0.1 1155 1163 -1
0.1 1151 1164 -1
0.1 582 583 -1
0.1 585 586 -1
0.1 584 1167 -1
0.1 1166 1168 -1
0.1 588 589 -1
0.1 1170 590 -1
0.1 587 1171 -1
0.1 1169 1172 -1
0.1 1165 1173 -1
0.1 1144 1174 -1
0.1 1120 1175 -1
0.1 1117 1176 -1
0.1 884 1177 -1
0.1 882 1178 -1
