1 0 0 1
1 0 0 1
1 0 0 1
1 0 0 1
1 0 0 1
1 0 0 1
1 0 0 1
1 0 0 1
1 0 0 1
1 0 0 1
1 0 0 1
1 0 0 1
1 0 0 1
1 0 0 1
1 0 0 1
1 0 0 1
1 0 0 1
1 0 0 1
1 0 0 1
1 0 0 1
1 0 0 2
1 0 0 2
1 0 0 2
1 0 0 2
1 0 0 2
1 0 0 2
1 0 0 2
1 0 0 2
1 0 0 2
1 0 0 2
1 0 0 2
1 0 0 2
1 0 0 2
1 0 0 2
1 0 0 2
1 0 0 2
1 0 0 2
1 0 0 2
1 0 0 2
1 0 0 2
1 0 0 3
1 0 0 3
1 0 0 3
1 0 0 3
1 0 0 3
1 0 0 3
1 0 0 3
1 0 0 3
1 0 0 3
1 0 0 3
1 0 0 3
1 0 0 3
1 0 0 3
1 0 0 3
1 0 0 3
1 0 0 3
1 0 0 3
1 0 0 3
1 0 0 3
1 0 0 3
1 0 0 4
1 0 0 4
1 0 0 4
1 0 0 4
1 0 0 4
1 0 0 4
1 0 0 4
1 0 0 4
1 0 0 4
1 0 0 4
1 0 0 4
1 0 0 4
1 0 0 4
1 0 0 4
1 0 0 4
1 0 0 4
1 0 0 4
1 0 0 4
1 0 0 4
1 0 0 4
1 0 0 5
1 0 0 5
1 0 0 5
1 0 0 5
1 0 0 5
1 0 0 5
1 0 0 5
1 0 0 5
1 0 0 5
1 0 0 5
1 0 0 5
1 0 0 5
1 0 0 5
1 0 0 5
1 0 0 5
1 0 0 5
1 0 0 5
1 0 0 5
1 0 0 5
1 0 0 5
1 0 0 6
1 0 0 6
1 0 0 6
1 0 0 6
1 0 0 6
1 0 0 6
1 0 0 6
1 0 0 6
1 0 0 6
1 0 0 6
1 0 0 6
1 0 0 6
1 0 0 6
1 0 0 6
1 0 0 6
1 0 0 6
1 0 0 6
1 0 0 6
1 0 0 6
1 0 0 6
1 0 0 7
1 0 0 7
1 0 0 7
1 0 0 7
1 0 0 7
1 0 0 7
1 0 0 7
1 0 0 7
1 0 0 7
1 0 0 7
1 0 0 7
1 0 0 7
1 0 0 7
1 0 0 7
1 0 0 7
1 0 0 7
1 0 0 7
1 0 0 7
1 0 0 7
1 0 0 7
1 0 0 8
1 0 0 8
1 0 0 8
1 0 0 8
1 0 0 9
1 0 0 9
1 0 0 9
1 0 0 9
1 0 0 9
1 0 0 9
1 0 0 9
1 0 0 9
1 0 0 9
1 0 0 9
1 0 0 9
1 0 0 9
1 0 0 9
1 0 0 9
1 0 0 9
1 0 0 9
1 0 0 9
1 0 0 9
1 0 0 9
1 0 0 9
1 0 0 8
1 0 0 8
1 0 0 10
1 0 0 10
1 0 0 10
1 0 0 11
1 0 0 11
1 0 0 11
1 0 0 11
1 0 0 11
1 0 0 11
1 0 0 11
1 0 0 11
1 0 0 11
1 0 0 11
1 0 0 11
1 0 0 11
1 0 0 11
1 0 0 11
1 0 0 11
1 0 0 11
1 0 0 11
1 0 0 11
1 0 0 11
1 0 0 11
1 0 0 12
1 0 0 12
1 0 0 12
1 0 0 12
1 0 0 12
1 0 0 12
1 0 0 12
1 0 0 12
1 0 0 12
1 0 0 12
1 0 0 12
1 0 0 12
1 0 0 12
1 0 0 12
1 0 0 12
1 0 0 12
1 0 0 12
1 0 0 12
1 0 0 12
1 0 0 12
1 0 0 10
1 0 0 10
1 0 0 10
1 0 0 10
1 0 0 10
1 0 0 10
1 0 0 10
1 0 0 10
1 0 0 10
1 0 0 10
1 0 0 10
1 0 0 10
1 0 0 10
1 0 0 10
1 0 0 10
1 0 0 10
1 0 0 8
1 0 0 13
1 0 0 14
1 0 0 14
1 0 0 14
1 0 0 14
1 0 0 14
1 0 0 14
1 0 0 14
1 0 0 14
1 0 0 14
1 0 0 14
1 0 0 14
1 0 0 14
1 0 0 14
1 0 0 14
1 0 0 14
1 0 0 14
1 0 0 14
1 0 0 14
1 0 0 14
1 0 0 14
1 0 0 13
1 0 0 13
1 0 0 13
1 0 0 13
1 0 0 13
1 0 0 13
1 0 0 13
1 0 0 13
1 0 0 13
1 0 0 13
1 0 0 13
1 0 0 13
1 0 0 13
1 0 0 13
1 0 0 13
1 0 0 13
1 0 0 13
1 0 0 13
1 0 0 13
1 0 0 15
1 0 0 15
1 0 0 15
1 0 0 15
1 0 0 15
1 0 0 15
1 0 0 15
1 0 0 15
1 0 0 15
1 0 0 15
1 0 0 15
1 0 0 15
1 0 0 15
1 0 0 15
1 0 0 15
1 0 0 15
1 0 0 15
1 0 0 15
1 0 0 15
1 0 0 15
1 0 0 10
1 0 0 8
1 0 0 8
1 0 0 8
1 0 0 8
1 0 0 8
1 0 0 8
1 0 0 8
1 0 0 8
1 0 0 8
1 0 0 8
1 0 0 8
1 0 0 8
1 0 0 8
1 0 0 16
1 0 0 16
1 0 0 16
1 0 0 16
1 0 0 16
1 0 0 16
1 0 0 16
1 0 0 16
1 0 0 16
1 0 0 16
1 0 0 16
1 0 0 16
1 0 0 16
1 0 0 16
1 0 0 16
1 0 0 16
1 0 0 16
1 0 0 16
1 0 0 16
1 0 0 16
0.1 4 5 -1
0.1 3 321 -1
0.1 6 7 -1
0.1 8 9 -1
0.1 323 324 -1
0.1 12 13 -1
0.1 11 326 -1
0.1 15 16 -1
0.1 14 328 -1
0.1 327 329 -1
0.1 10 330 -1
0.1 325 331 -1
0.1 322 332 -1
0.1 2 333 -1
0.1 1 334 -1
0.1 18 19 -1
0.1 17 336 -1
0.1 22 23 -1
0.1 21 338 -1
0.1 25 26 -1
0.1 27 28 -1
0.1 29 30 -1
0.1 342 31 -1
0.1 32 33 -1
0.1 343 344 -1
0.1 34 35 -1
0.1 346 36 -1
0.1 345 347 -1
0.1 341 348 -1
0.1 349 37 -1
0.1 39 40 -1
0.1 38 351 -1
0.1 350 352 -1
0.1 41 42 -1
0.1 44 45 -1
0.1 43 355 -1
0.1 356 46 -1
0.1 354 357 -1
0.1 358 47 -1
0.1 48 49 -1
0.1 50 51 -1
0.1 361 52 -1
0.1 360 362 -1
0.1 53 54 -1
0.1 364 55 -1
0.1 365 56 -1
0.1 363 366 -1
0.1 58 59 -1
0.1 368 60 -1
0.1 57 369 -1
0.1 367 370 -1
0.1 359 371 -1
0.1 353 372 -1
0.1 340 373 -1
0.1 24 374 -1
0.1 339 375 -1
0.1 20 376 -1
0.1 337 377 -1
0.1 335 378 -1
0.1 62 63 -1
0.1 65 66 -1
0.1 64 381 -1
0.1 380 382 -1
0.1 61 383 -1
0.1 67 68 -1
0.1 69 70 -1
0.1 385 386 -1
0.1 71 72 -1
0.1 388 73 -1
0.1 387 389 -1
0.1 74 75 -1
0.1 391 76 -1
0.1 77 78 -1
0.1 392 393 -1
0.1 390 394 -1
0.1 384 395 -1
0.1 79 80 -1
0.1 396 397 -1
0.1 82 83 -1
0.1 81 399 -1
0.1 84 85 -1
0.1 88 89 -1
0.1 87 402 -1
0.1 86 403 -1
0.1 401 404 -1
0.1 400 405 -1
0.1 91 92 -1
0.1 94 95 -1
0.1 93 408 -1
0.1 96 97 -1
0.1 98 99 -1
0.1 410 411 -1
0.1 412 100 -1
0.1 409 413 -1
0.1 407 414 -1
0.1 90 415 -1
0.1 406 416 -1
0.1 398 417 -1
0.1 101 102 -1
0.1 103 104 -1
0.1 419 420 -1
0.1 107 108 -1
0.1 106 422 -1
0.1 109 110 -1
0.1 423 424 -1
0.1 425 111 -1
0.1 105 426 -1
0.1 112 113 -1
0.1 116 117 -1
0.1 115 429 -1
0.1 114 430 -1
0.1 118 119 -1
0.1 432 120 -1
0.1 431 433 -1
0.1 428 434 -1
0.1 427 435 -1
0.1 421 436 -1
0.1 418 437 -1
0.1 379 438 -1
0.1 122 123 -1
0.1 440 124 -1
0.1 121 441 -1
0.1 125 126 -1
0.1 443 127 -1
0.1 130 131 -1
0.1 445 132 -1
0.1 129 446 -1
0.1 128 447 -1
0.1 444 448 -1
0.1 134 135 -1
0.1 133 450 -1
0.1 449 451 -1
0.1 442 452 -1
0.1 138 139 -1
0.1 137 454 -1
0.1 136 455 -1
0.1 456 140 -1
0.1 453 457 -1
0.1 142 143 -1
0.1 141 459 -1
0.1 145 146 -1
0.1 147 148 -1
0.1 150 151 -1
0.1 463 152 -1
0.1 149 464 -1
0.1 153 154 -1
0.1 465 466 -1
0.1 462 467 -1
0.1 461 468 -1
0.1 155 156 -1
0.1 157 158 -1
0.1 159 160 -1
0.1 471 472 -1
0.1 470 473 -1
0.1 161 162 -1
0.1 475 163 -1
0.1 476 164 -1
0.1 474 477 -1
0.1 469 478 -1
0.1 165 166 -1
0.1 479 480 -1
0.1 144 481 -1
0.1 167 168 -1
0.1 483 169 -1
0.1 170 171 -1
0.1 173 174 -1
0.1 172 486 -1
0.1 175 176 -1
0.1 177 178 -1
0.1 179 180 -1
0.1 489 490 -1
0.1 488 491 -1
0.1 487 492 -1
0.1 485 493 -1
0.1 494 181 -1
0.1 182 183 -1
0.1 184 185 -1
0.1 186 187 -1
0.1 188 189 -1
0.1 498 499 -1
0.1 497 500 -1
0.1 496 501 -1
0.1 495 502 -1
0.1 191 192 -1
0.1 190 504 -1
0.1 194 195 -1
0.1 193 506 -1
0.1 196 197 -1
0.1 199 200 -1
0.1 509 201 -1
0.1 198 510 -1
0.1 203 204 -1
0.1 202 512 -1
0.1 205 206 -1
0.1 513 514 -1
0.1 515 207 -1
0.1 511 516 -1
0.1 517 208 -1
0.1 508 518 -1
0.1 507 519 -1
0.1 505 520 -1
0.1 521 209 -1
0.1 503 522 -1
0.1 484 523 -1
0.1 211 212 -1
0.1 217 218 -1
0.1 526 219 -1
0.1 216 527 -1
0.1 528 220 -1
0.1 215 529 -1
0.1 214 530 -1
0.1 213 531 -1
0.1 221 222 -1
0.1 532 533 -1
0.1 223 224 -1
0.1 535 225 -1
0.1 534 536 -1
0.1 525 537 -1
0.1 210 538 -1
0.1 524 539 -1
0.1 229 230 -1
0.1 541 231 -1
0.1 228 542 -1
0.1 232 233 -1
0.1 544 234 -1
0.1 543 545 -1
0.1 235 236 -1
0.1 547 237 -1
0.1 239 240 -1
0.1 238 549 -1
0.1 241 242 -1
0.1 551 243 -1
0.1 550 552 -1
0.1 548 553 -1
0.1 246 247 -1
0.1 245 555 -1
0.1 244 556 -1
0.1 554 557 -1
0.1 546 558 -1
0.1 227 559 -1
0.1 250 251 -1
0.1 249 561 -1
0.1 252 253 -1
0.1 562 563 -1
0.1 254 255 -1
0.1 564 565 -1
0.1 248 566 -1
0.1 257 258 -1
0.1 256 568 -1
0.1 261 262 -1
0.1 260 570 -1
0.1 571 263 -1
0.1 259 572 -1
0.1 265 266 -1
0.1 264 574 -1
0.1 573 575 -1
0.1 569 576 -1
0.1 567 577 -1
0.1 560 578 -1
0.1 267 268 -1
0.1 271 272 -1
0.1 270 581 -1
0.1 269 582 -1
0.1 580 583 -1
0.1 277 278 -1
0.1 276 585 -1
0.1 275 586 -1
0.1 274 587 -1
0.1 273 588 -1
0.1 282 283 -1
0.1 284 285 -1
0.1 591 286 -1
0.1 590 592 -1
0.1 281 593 -1
0.1 280 594 -1
0.1 279 595 -1
0.1 589 596 -1
0.1 584 597 -1
0.1 579 598 -1
0.1 599 287 -1
0.1 226 600 -1
0.1 540 601 -1
0.1 482 602 -1
0.1 460 603 -1
0.1 458 604 -1
0.1 290 291 -1
0.1 289 606 -1
0.1 292 293 -1
0.1 607 608 -1
0.1 288 609 -1
0.1 610 294 -1
0.1 295 296 -1
0.1 612 297 -1
0.1 611 613 -1
0.1 605 614 -1
0.1 298 299 -1
0.1 616 300 -1
0.1 303 304 -1
0.1 302 618 -1
0.1 301 619 -1
0.1 305 306 -1
0.1 621 307 -1
0.1 620 622 -1
0.1 309 310 -1
0.1 624 311 -1
0.1 308 625 -1
0.1 312 313 -1
0.1 627 314 -1
0.1 317 318 -1
0.1 316 629 -1
0.1 315 630 -1
0.1 319 320 -1
0.1 631 632 -1
0.1 628 633 -1
0.1 626 634 -1
0.1 623 635 -1
0.1 617 636 -1
0.1 615 637 -1
0.1 439 638 -1
