1 0 0 1
1 0 0 2
1 0 0 2
1 0 0 2
1 0 0 2
1 0 0 2
1 0 0 2
1 0 0 2
1 0 0 2
1 0 0 2
1 0 0 2
1 0 0 1
1 0 0 1
1 0 0 1
1 0 0 1
1 0 0 3
1 0 0 3
1 0 0 3
1 0 0 3
1 0 0 3
1 0 0 3
1 0 0 4
1 0 0 4
1 0 0 4
1 0 0 4
1 0 0 4
1 0 0 4
1 0 0 4
1 0 0 4
1 0 0 4
1 0 0 4
1 0 0 3
1 0 0 3
1 0 0 3
1 0 0 3
1 0 0 5
1 0 0 5
1 0 0 5
1 0 0 5
1 0 0 5
1 0 0 5
1 0 0 5
1 0 0 5
1 0 0 5
1 0 0 5
1 0 0 6
1 0 0 6
1 0 0 6
1 0 0 6
1 0 0 7
1 0 0 7
1 0 0 7
1 0 0 7
1 0 0 7
1 0 0 7
1 0 0 7
1 0 0 7
1 0 0 7
1 0 0 7
1 0 0 8
1 0 0 8
1 0 0 8
1 0 0 8
1 0 0 8
1 0 0 8
1 0 0 8
1 0 0 8
1 0 0 8
1 0 0 8
1 0 0 9
1 0 0 9
1 0 0 9
1 0 0 9
1 0 0 9
1 0 0 9
1 0 0 9
1 0 0 9
1 0 0 9
1 0 0 9
1 0 0 6
1 0 0 6
1 0 0 6
1 0 0 6
1 0 0 6
1 0 0 6
1 0 0 1
1 0 0 10
1 0 0 10
1 0 0 10
1 0 0 10
1 0 0 10
1 0 0 10
1 0 0 10
1 0 0 10
1 0 0 10
1 0 0 10
1 0 0 11
1 0 0 11
1 0 0 11
1 0 0 11
1 0 0 11
1 0 0 11
1 0 0 11
1 0 0 11
1 0 0 11
1 0 0 11
1 0 0 12
1 0 0 13
1 0 0 13
1 0 0 13
1 0 0 13
1 0 0 13
1 0 0 13
1 0 0 14
1 0 0 14
1 0 0 14
1 0 0 14
1 0 0 14
1 0 0 14
1 0 0 14
1 0 0 14
1 0 0 14
1 0 0 14
1 0 0 13
1 0 0 13
1 0 0 13
1 0 0 13
1 0 0 12
1 0 0 12
1 0 0 12
1 0 0 12
1 0 0 12
1 0 0 12
1 0 0 12
1 0 0 12
1 0 0 12
1 0 0 1
1 0 0 1
1 0 0 15
1 0 0 15
1 0 0 15
1 0 0 15
1 0 0 15
1 0 0 15
1 0 0 15
1 0 0 15
1 0 0 15
1 0 0 15
1 0 0 1
1 0 0 1
1 0 0 16
1 0 0 16
1 0 0 16
1 0 0 16
1 0 0 16
1 0 0 16
1 0 0 16
1 0 0 16
1 0 0 16
1 0 0 16
1 0 0 17
1 0 0 17
1 0 0 17
1 0 0 18
1 0 0 18
1 0 0 18
1 0 0 18
1 0 0 18
1 0 0 18
1 0 0 18
1 0 0 18
1 0 0 18
1 0 0 18
1 0 0 17
1 0 0 17
1 0 0 17
1 0 0 17
1 0 0 17
1 0 0 17
1 0 0 17
0.1 3 4 -1
0.1 2 181 -1
0.1 6 7 -1
0.1 5 183 -1
0.1 182 184 -1
0.1 8 9 -1
0.1 10 11 -1
0.1 186 187 -1
0.1 185 188 -1
0.1 12 13 -1
0.1 190 14 -1
0.1 189 191 -1
0.1 17 18 -1
0.1 16 193 -1
0.1 19 20 -1
0.1 23 24 -1
0.1 22 196 -1
0.1 27 28 -1
0.1 29 30 -1
0.1 198 199 -1
0.1 26 200 -1
0.1 201 31 -1
0.1 25 202 -1
0.1 197 203 -1
0.1 21 204 -1
0.1 34 35 -1
0.1 33 206 -1
0.1 32 207 -1
0.1 205 208 -1
0.1 195 209 -1
0.1 194 210 -1
0.1 40 41 -1
0.1 212 42 -1
0.1 39 213 -1
0.1 38 214 -1
0.1 43 44 -1
0.1 216 45 -1
0.1 215 217 -1
0.1 37 218 -1
0.1 36 219 -1
0.1 46 47 -1
0.1 48 49 -1
0.1 51 52 -1
0.1 50 223 -1
0.1 53 54 -1
0.1 224 225 -1
0.1 56 57 -1
0.1 227 58 -1
0.1 55 228 -1
0.1 229 59 -1
0.1 226 230 -1
0.1 60 61 -1
0.1 232 62 -1
0.1 233 63 -1
0.1 65 66 -1
0.1 64 235 -1
0.1 234 236 -1
0.1 68 69 -1
0.1 67 238 -1
0.1 237 239 -1
0.1 231 240 -1
0.1 74 75 -1
0.1 73 242 -1
0.1 243 76 -1
0.1 72 244 -1
0.1 71 245 -1
0.1 70 246 -1
0.1 77 78 -1
0.1 247 248 -1
0.1 249 79 -1
0.1 250 80 -1
0.1 241 251 -1
0.1 81 82 -1
0.1 252 253 -1
0.1 222 254 -1
0.1 83 84 -1
0.1 255 256 -1
0.1 257 85 -1
0.1 221 258 -1
0.1 220 259 -1
0.1 211 260 -1
0.1 15 261 -1
0.1 192 262 -1
0.1 87 88 -1
0.1 91 92 -1
0.1 90 265 -1
0.1 266 93 -1
0.1 94 95 -1
0.1 268 96 -1
0.1 267 269 -1
0.1 89 270 -1
0.1 264 271 -1
0.1 86 272 -1
0.1 263 273 -1
0.1 1 274 -1
0.1 97 98 -1
0.1 99 100 -1
0.1 276 277 -1
0.1 102 103 -1
0.1 101 279 -1
0.1 278 280 -1
0.1 281 104 -1
0.1 282 105 -1
0.1 283 106 -1
0.1 112 113 -1
0.1 111 285 -1
0.1 110 286 -1
0.1 114 115 -1
0.1 117 118 -1
0.1 121 122 -1
0.1 290 123 -1
0.1 120 291 -1
0.1 119 292 -1
0.1 289 293 -1
0.1 116 294 -1
0.1 288 295 -1
0.1 287 296 -1
0.1 297 124 -1
0.1 125 126 -1
0.1 298 299 -1
0.1 300 127 -1
0.1 109 301 -1
0.1 108 302 -1
0.1 130 131 -1
0.1 129 304 -1
0.1 128 305 -1
0.1 303 306 -1
0.1 107 307 -1
0.1 284 308 -1
0.1 134 135 -1
0.1 133 310 -1
0.1 132 311 -1
0.1 309 312 -1
0.1 313 136 -1
0.1 137 138 -1
0.1 139 140 -1
0.1 142 143 -1
0.1 144 145 -1
0.1 317 318 -1
0.1 141 319 -1
0.1 146 147 -1
0.1 320 321 -1
0.1 316 322 -1
0.1 323 148 -1
0.1 315 324 -1
0.1 149 150 -1
0.1 151 152 -1
0.1 153 154 -1
0.1 155 156 -1
0.1 157 158 -1
0.1 330 159 -1
0.1 329 331 -1
0.1 328 332 -1
0.1 333 160 -1
0.1 327 334 -1
0.1 326 335 -1
0.1 161 162 -1
0.1 164 165 -1
0.1 338 166 -1
0.1 169 170 -1
0.1 168 340 -1
0.1 341 171 -1
0.1 167 342 -1
0.1 339 343 -1
0.1 172 173 -1
0.1 344 345 -1
0.1 163 346 -1
0.1 176 177 -1
0.1 175 348 -1
0.1 174 349 -1
0.1 178 179 -1
0.1 350 351 -1
0.1 347 352 -1
0.1 337 353 -1
0.1 354 180 -1
0.1 336 355 -1
0.1 325 356 -1
0.1 314 357 -1
0.1 275 358 -1
