1 0 0 1
1 0 0 2
1 0 0 2
1 0 0 2
1 0 0 2
1 0 0 2
1 0 0 2
1 0 0 2
1 0 0 2
1 0 0 2
1 0 0 2
1 0 0 1
1 0 0 1
1 0 0 1
1 0 0 3
1 0 0 3
1 0 0 3
1 0 0 3
1 0 0 3
1 0 0 3
1 0 0 3
1 0 0 3
1 0 0 3
1 0 0 3
1 0 0 1
1 0 0 4
1 0 0 5
1 0 0 5
1 0 0 5
1 0 0 5
1 0 0 5
1 0 0 5
1 0 0 5
1 0 0 5
1 0 0 5
1 0 0 5
1 0 0 4
1 0 0 4
1 0 0 4
1 0 0 4
1 0 0 4
1 0 0 4
1 0 0 4
1 0 0 4
1 0 0 4
1 0 0 6
1 0 0 6
1 0 0 6
1 0 0 6
1 0 0 6
1 0 0 6
1 0 0 6
1 0 0 6
1 0 0 6
1 0 0 6
1 0 0 7
1 0 0 7
1 0 0 7
1 0 0 8
1 0 0 8
1 0 0 8
1 0 0 8
1 0 0 8
1 0 0 8
1 0 0 8
1 0 0 8
1 0 0 8
1 0 0 8
1 0 0 9
1 0 0 9
1 0 0 9
1 0 0 9
1 0 0 9
1 0 0 9
1 0 0 9
1 0 0 9
1 0 0 9
1 0 0 9
1 0 0 7
1 0 0 10
1 0 0 10
1 0 0 10
1 0 0 10
1 0 0 10
1 0 0 10
1 0 0 10
1 0 0 10
1 0 0 10
1 0 0 10
1 0 0 7
1 0 0 7
1 0 0 7
1 0 0 7
1 0 0 7
1 0 0 7
1 0 0 1
1 0 0 11
1 0 0 11
1 0 0 11
1 0 0 11
1 0 0 11
1 0 0 11
1 0 0 12
1 0 0 12
1 0 0 13
1 0 0 13
1 0 0 13
1 0 0 13
1 0 0 13
1 0 0 13
1 0 0 13
1 0 0 13
1 0 0 13
1 0 0 13
1 0 0 12
1 0 0 12
1 0 0 12
1 0 0 12
1 0 0 12
1 0 0 12
1 0 0 12
1 0 0 12
1 0 0 11
1 0 0 11
1 0 0 11
1 0 0 11
1 0 0 14
1 0 0 14
1 0 0 14
1 0 0 14
1 0 0 14
1 0 0 14
1 0 0 14
1 0 0 14
1 0 0 14
1 0 0 14
1 0 0 1
1 0 0 1
1 0 0 15
1 0 0 15
1 0 0 15
1 0 0 15
1 0 0 15
1 0 0 15
1 0 0 15
1 0 0 15
1 0 0 15
1 0 0 15
1 0 0 16
1 0 0 16
1 0 0 16
1 0 0 16
1 0 0 16
1 0 0 16
1 0 0 16
1 0 0 16
1 0 0 17
1 0 0 17
1 0 0 17
1 0 0 17
1 0 0 17
1 0 0 17
1 0 0 17
1 0 0 17
1 0 0 17
1 0 0 17
1 0 0 16
1 0 0 16
1 0 0 1
1 0 0 1
1 0 0 18
1 0 0 18
1 0 0 18
1 0 0 18
1 0 0 18
1 0 0 18
1 0 0 18
1 0 0 18
1 0 0 18
1 0 0 18
0.1 2 3 -1
0.1 6 7 -1
0.1 5 182 -1
0.1 4 183 -1
0.1 9 10 -1
0.1 8 185 -1
0.1 186 11 -1
0.1 184 187 -1
0.1 181 188 -1
0.1 1 189 -1
0.1 12 13 -1
0.1 191 14 -1
0.1 15 16 -1
0.1 17 18 -1
0.1 193 194 -1
0.1 20 21 -1
0.1 23 24 -1
0.1 22 197 -1
0.1 196 198 -1
0.1 19 199 -1
0.1 195 200 -1
0.1 192 201 -1
0.1 28 29 -1
0.1 27 203 -1
0.1 32 33 -1
0.1 34 35 -1
0.1 205 206 -1
0.1 31 207 -1
0.1 208 36 -1
0.1 30 209 -1
0.1 204 210 -1
0.1 26 211 -1
0.1 38 39 -1
0.1 37 213 -1
0.1 40 41 -1
0.1 215 42 -1
0.1 44 45 -1
0.1 43 217 -1
0.1 216 218 -1
0.1 214 219 -1
0.1 212 220 -1
0.1 46 47 -1
0.1 49 50 -1
0.1 48 223 -1
0.1 53 54 -1
0.1 225 55 -1
0.1 52 226 -1
0.1 51 227 -1
0.1 224 228 -1
0.1 222 229 -1
0.1 57 58 -1
0.1 59 60 -1
0.1 232 61 -1
0.1 233 62 -1
0.1 234 63 -1
0.1 64 65 -1
0.1 67 68 -1
0.1 66 237 -1
0.1 236 238 -1
0.1 235 239 -1
0.1 71 72 -1
0.1 70 241 -1
0.1 69 242 -1
0.1 243 73 -1
0.1 244 74 -1
0.1 245 75 -1
0.1 76 77 -1
0.1 246 247 -1
0.1 248 78 -1
0.1 249 79 -1
0.1 240 250 -1
0.1 80 81 -1
0.1 82 83 -1
0.1 253 84 -1
0.1 252 254 -1
0.1 86 87 -1
0.1 85 256 -1
0.1 88 89 -1
0.1 257 258 -1
0.1 255 259 -1
0.1 90 91 -1
0.1 260 261 -1
0.1 251 262 -1
0.1 92 93 -1
0.1 263 264 -1
0.1 231 265 -1
0.1 56 266 -1
0.1 94 95 -1
0.1 267 268 -1
0.1 230 269 -1
0.1 221 270 -1
0.1 25 271 -1
0.1 202 272 -1
0.1 190 273 -1
0.1 98 99 -1
0.1 97 275 -1
0.1 100 101 -1
0.1 276 277 -1
0.1 106 107 -1
0.1 105 279 -1
0.1 280 108 -1
0.1 281 109 -1
0.1 111 112 -1
0.1 110 283 -1
0.1 113 114 -1
0.1 284 285 -1
0.1 282 286 -1
0.1 116 117 -1
0.1 288 118 -1
0.1 115 289 -1
0.1 287 290 -1
0.1 121 122 -1
0.1 120 292 -1
0.1 119 293 -1
0.1 291 294 -1
0.1 104 295 -1
0.1 103 296 -1
0.1 125 126 -1
0.1 124 298 -1
0.1 123 299 -1
0.1 297 300 -1
0.1 128 129 -1
0.1 130 131 -1
0.1 134 135 -1
0.1 133 304 -1
0.1 132 305 -1
0.1 306 136 -1
0.1 303 307 -1
0.1 302 308 -1
0.1 127 309 -1
0.1 301 310 -1
0.1 102 311 -1
0.1 278 312 -1
0.1 96 313 -1
0.1 137 138 -1
0.1 140 141 -1
0.1 142 143 -1
0.1 145 146 -1
0.1 147 148 -1
0.1 318 319 -1
0.1 144 320 -1
0.1 317 321 -1
0.1 316 322 -1
0.1 139 323 -1
0.1 315 324 -1
0.1 152 153 -1
0.1 326 154 -1
0.1 151 327 -1
0.1 155 156 -1
0.1 328 329 -1
0.1 150 330 -1
0.1 157 158 -1
0.1 159 160 -1
0.1 333 161 -1
0.1 163 164 -1
0.1 165 166 -1
0.1 335 336 -1
0.1 162 337 -1
0.1 334 338 -1
0.1 332 339 -1
0.1 331 340 -1
0.1 167 168 -1
0.1 341 342 -1
0.1 149 343 -1
0.1 169 170 -1
0.1 171 172 -1
0.1 174 175 -1
0.1 177 178 -1
0.1 176 348 -1
0.1 179 180 -1
0.1 349 350 -1
0.1 347 351 -1
0.1 173 352 -1
0.1 346 353 -1
0.1 345 354 -1
0.1 344 355 -1
0.1 325 356 -1
0.1 314 357 -1
0.1 274 358 -1
