1 0 0 1
1 0 0 1
1 0 0 2
1 0 0 2
1 0 0 2
1 0 0 2
1 0 0 2
1 0 0 2
1 0 0 2
1 0 0 2
1 0 0 2
1 0 0 2
1 0 0 3
1 0 0 3
1 0 0 3
1 0 0 3
1 0 0 3
1 0 0 3
1 0 0 3
1 0 0 3
1 0 0 3
1 0 0 3
1 0 0 1
1 0 0 1
1 0 0 1
1 0 0 1
1 0 0 1
1 0 0 1
1 0 0 1
1 0 0 4
1 0 0 4
1 0 0 4
1 0 0 4
1 0 0 4
1 0 0 4
1 0 0 4
1 0 0 5
1 0 0 5
1 0 0 5
1 0 0 5
1 0 0 5
1 0 0 5
1 0 0 5
1 0 0 5
1 0 0 5
1 0 0 5
1 0 0 6
1 0 0 6
1 0 0 6
1 0 0 6
1 0 0 6
1 0 0 6
1 0 0 6
1 0 0 6
1 0 0 6
1 0 0 6
1 0 0 4
1 0 0 4
1 0 0 4
1 0 0 7
1 0 0 7
1 0 0 7
1 0 0 7
1 0 0 7
1 0 0 7
1 0 0 7
1 0 0 7
1 0 0 7
1 0 0 7
1 0 0 1
0.1 1 2 -1
0.1 3 4 -1
0.1 5 6 -1
0.1 8 9 -1
0.1 10 11 -1
0.1 75 12 -1
0.1 74 76 -1
0.1 7 77 -1
0.1 73 78 -1
0.1 14 15 -1
0.1 13 80 -1
0.1 16 17 -1
0.1 19 20 -1
0.1 18 83 -1
0.1 84 21 -1
0.1 82 85 -1
0.1 81 86 -1
0.1 79 87 -1
0.1 72 88 -1
0.1 89 22 -1
0.1 71 90 -1
0.1 23 24 -1
0.1 92 25 -1
0.1 93 26 -1
0.1 27 28 -1
0.1 95 29 -1
0.1 94 96 -1
0.1 91 97 -1
0.1 32 33 -1
0.1 34 35 -1
0.1 99 100 -1
0.1 31 101 -1
0.1 37 38 -1
0.1 103 39 -1
0.1 104 40 -1
0.1 42 43 -1
0.1 41 106 -1
0.1 107 44 -1
0.1 105 108 -1
0.1 45 46 -1
0.1 48 49 -1
0.1 111 50 -1
0.1 52 53 -1
0.1 113 54 -1
0.1 51 114 -1
0.1 55 56 -1
0.1 115 116 -1
0.1 112 117 -1
0.1 47 118 -1
0.1 110 119 -1
0.1 109 120 -1
0.1 36 121 -1
0.1 102 122 -1
0.1 57 58 -1
0.1 61 62 -1
0.1 60 125 -1
0.1 64 65 -1
0.1 63 127 -1
0.1 66 67 -1
0.1 68 69 -1
0.1 129 130 -1
0.1 128 131 -1
0.1 126 132 -1
0.1 59 133 -1
0.1 124 134 -1
0.1 123 135 -1
0.1 30 136 -1
0.1 137 70 -1
0.1 98 138 -1
