1 0 0 1
1 0 0 1
1 0 0 2
1 0 0 2
1 0 0 3
1 0 0 3
1 0 0 3
1 0 0 3
1 0 0 3
1 0 0 3
1 0 0 3
1 0 0 3
1 0 0 3
1 0 0 3
1 0 0 2
1 0 0 2
1 0 0 2
1 0 0 2
1 0 0 2
1 0 0 2
1 0 0 2
1 0 0 2
1 0 0 4
1 0 0 4
1 0 0 4
1 0 0 4
1 0 0 4
1 0 0 4
1 0 0 4
1 0 0 4
1 0 0 4
1 0 0 4
1 0 0 5
1 0 0 5
1 0 0 5
1 0 0 5
1 0 0 5
1 0 0 5
1 0 0 5
1 0 0 5
1 0 0 5
1 0 0 5
1 0 0 1
1 0 0 1
1 0 0 1
1 0 0 1
1 0 0 1
1 0 0 1
1 0 0 1
1 0 0 6
1 0 0 6
1 0 0 6
1 0 0 7
1 0 0 7
1 0 0 6
1 0 0 6
1 0 0 6
1 0 0 6
1 0 0 6
1 0 0 7
1 0 0 7
1 0 0 7
1 0 0 7
1 0 0 7
1 0 0 7
1 0 0 7
1 0 0 7
1 0 0 6
1 0 0 6
1 0 0 8
1 0 0 8
1 0 0 8
1 0 0 8
1 0 0 8
1 0 0 8
1 0 0 8
1 0 0 8
1 0 0 8
1 0 0 8
1 0 0 1
1 0 0 9
1 0 0 9
1 0 0 9
1 0 0 9
1 0 0 9
1 0 0 9
1 0 0 9
1 0 0 9
1 0 0 9
1 0 0 9
1 0 0 10
1 0 0 10
1 0 0 10
1 0 0 10
1 0 0 10
1 0 0 10
1 0 0 10
1 0 0 11
1 0 0 11
1 0 0 11
1 0 0 11
1 0 0 11
1 0 0 11
1 0 0 11
1 0 0 11
1 0 0 11
1 0 0 11
1 0 0 10
1 0 0 10
1 0 0 10
1 0 0 12
1 0 0 12
1 0 0 12
1 0 0 12
1 0 0 12
1 0 0 12
1 0 0 12
1 0 0 12
1 0 0 12
1 0 0 12
0.1 1 2 -1
0.1 3 4 -1
0.1 5 6 -1
0.1 123 7 -1
0.1 9 10 -1
0.1 125 11 -1
0.1 8 126 -1
0.1 124 127 -1
0.1 13 14 -1
0.1 12 129 -1
0.1 128 130 -1
0.1 122 131 -1
0.1 15 16 -1
0.1 18 19 -1
0.1 17 134 -1
0.1 21 22 -1
0.1 20 136 -1
0.1 135 137 -1
0.1 133 138 -1
0.1 132 139 -1
0.1 23 24 -1
0.1 25 26 -1
0.1 27 28 -1
0.1 30 31 -1
0.1 144 32 -1
0.1 29 145 -1
0.1 143 146 -1
0.1 142 147 -1
0.1 141 148 -1
0.1 35 36 -1
0.1 37 38 -1
0.1 151 39 -1
0.1 40 41 -1
0.1 153 42 -1
0.1 152 154 -1
0.1 150 155 -1
0.1 34 156 -1
0.1 33 157 -1
0.1 149 158 -1
0.1 140 159 -1
0.1 43 44 -1
0.1 160 161 -1
0.1 121 162 -1
0.1 48 49 -1
0.1 47 164 -1
0.1 46 165 -1
0.1 50 51 -1
0.1 53 54 -1
0.1 55 56 -1
0.1 168 169 -1
0.1 57 58 -1
0.1 170 171 -1
0.1 61 62 -1
0.1 60 173 -1
0.1 63 64 -1
0.1 66 67 -1
0.1 65 176 -1
0.1 175 177 -1
0.1 174 178 -1
0.1 179 68 -1
0.1 180 69 -1
0.1 59 181 -1
0.1 172 182 -1
0.1 52 183 -1
0.1 167 184 -1
0.1 166 185 -1
0.1 45 186 -1
0.1 163 187 -1
0.1 72 73 -1
0.1 74 75 -1
0.1 189 190 -1
0.1 71 191 -1
0.1 70 192 -1
0.1 77 78 -1
0.1 76 194 -1
0.1 195 79 -1
0.1 193 196 -1
0.1 81 82 -1
0.1 84 85 -1
0.1 83 199 -1
0.1 198 200 -1
0.1 87 88 -1
0.1 86 202 -1
0.1 203 89 -1
0.1 201 204 -1
0.1 205 90 -1
0.1 91 92 -1
0.1 96 97 -1
0.1 101 102 -1
0.1 209 103 -1
0.1 210 104 -1
0.1 100 211 -1
0.1 105 106 -1
0.1 212 213 -1
0.1 99 214 -1
0.1 215 107 -1
0.1 98 216 -1
0.1 208 217 -1
0.1 95 218 -1
0.1 94 219 -1
0.1 93 220 -1
0.1 108 109 -1
0.1 222 110 -1
0.1 221 223 -1
0.1 207 224 -1
0.1 206 225 -1
0.1 80 226 -1
0.1 112 113 -1
0.1 111 228 -1
0.1 114 115 -1
0.1 116 117 -1
0.1 230 231 -1
0.1 118 119 -1
0.1 233 120 -1
0.1 232 234 -1
0.1 229 235 -1
0.1 227 236 -1
0.1 197 237 -1
0.1 188 238 -1
