1 0 0 1
1 0 0 2
1 0 0 2
1 0 0 2
1 0 0 2
1 0 0 2
1 0 0 2
1 0 0 2
1 0 0 2
1 0 0 2
1 0 0 2
1 0 0 1
1 0 0 3
1 0 0 3
1 0 0 3
1 0 0 3
1 0 0 3
1 0 0 3
1 0 0 3
1 0 0 3
1 0 0 3
1 0 0 3
1 0 0 4
1 0 0 4
1 0 0 4
1 0 0 4
1 0 0 4
1 0 0 4
1 0 0 4
1 0 0 4
1 0 0 4
1 0 0 4
1 0 0 5
1 0 0 5
1 0 0 5
1 0 0 5
1 0 0 5
1 0 0 5
1 0 0 6
1 0 0 6
1 0 0 6
1 0 0 6
1 0 0 6
1 0 0 6
1 0 0 6
1 0 0 6
1 0 0 6
1 0 0 6
1 0 0 5
1 0 0 5
1 0 0 5
1 0 0 5
1 0 0 7
1 0 0 7
1 0 0 7
1 0 0 7
1 0 0 7
1 0 0 7
1 0 0 7
1 0 0 7
1 0 0 7
1 0 0 7
1 0 0 8
1 0 0 8
1 0 0 8
1 0 0 8
1 0 0 8
1 0 0 8
1 0 0 8
1 0 0 8
1 0 0 8
1 0 0 8
1 0 0 1
1 0 0 1
1 0 0 1
1 0 0 1
1 0 0 1
1 0 0 9
1 0 0 10
1 0 0 10
1 0 0 10
1 0 0 10
1 0 0 11
1 0 0 11
1 0 0 11
1 0 0 11
1 0 0 11
1 0 0 11
1 0 0 11
1 0 0 11
1 0 0 11
1 0 0 10
1 0 0 10
1 0 0 10
1 0 0 10
1 0 0 10
1 0 0 10
1 0 0 12
1 0 0 12
1 0 0 12
1 0 0 13
1 0 0 13
1 0 0 13
1 0 0 13
1 0 0 13
1 0 0 14
1 0 0 14
1 0 0 14
1 0 0 14
1 0 0 14
1 0 0 14
1 0 0 14
1 0 0 14
1 0 0 14
1 0 0 14
1 0 0 13
1 0 0 13
1 0 0 13
1 0 0 15
1 0 0 15
1 0 0 15
1 0 0 15
1 0 0 15
1 0 0 15
1 0 0 15
1 0 0 15
1 0 0 15
1 0 0 15
1 0 0 16
1 0 0 16
1 0 0 16
1 0 0 16
1 0 0 16
1 0 0 16
1 0 0 16
1 0 0 16
1 0 0 16
1 0 0 16
1 0 0 13
1 0 0 12
1 0 0 12
1 0 0 12
1 0 0 12
1 0 0 12
1 0 0 12
1 0 0 12
1 0 0 13
1 0 0 9
1 0 0 9
1 0 0 9
1 0 0 9
1 0 0 9
1 0 0 9
1 0 0 9
1 0 0 9
1 0 0 9
1 0 0 11
1 0 0 17
1 0 0 17
1 0 0 17
1 0 0 17
1 0 0 17
1 0 0 17
1 0 0 17
1 0 0 17
1 0 0 17
1 0 0 17
1 0 0 18
1 0 0 18
1 0 0 18
1 0 0 18
1 0 0 18
1 0 0 18
1 0 0 18
1 0 0 18
1 0 0 18
1 0 0 18
1 0 0 1
1 0 0 1
1 0 0 1
0.1 3 4 -1
0.1 2 181 -1
0.1 6 7 -1
0.1 183 8 -1
0.1 5 184 -1
0.1 9 10 -1
0.1 186 11 -1
0.1 185 187 -1
0.1 182 188 -1
0.1 189 12 -1
0.1 13 14 -1
0.1 17 18 -1
0.1 16 192 -1
0.1 15 193 -1
0.1 21 22 -1
0.1 20 195 -1
0.1 19 196 -1
0.1 194 197 -1
0.1 24 25 -1
0.1 199 26 -1
0.1 23 200 -1
0.1 27 28 -1
0.1 29 30 -1
0.1 31 32 -1
0.1 203 204 -1
0.1 202 205 -1
0.1 201 206 -1
0.1 198 207 -1
0.1 191 208 -1
0.1 34 35 -1
0.1 33 210 -1
0.1 211 36 -1
0.1 37 38 -1
0.1 39 40 -1
0.1 41 42 -1
0.1 43 44 -1
0.1 215 216 -1
0.1 214 217 -1
0.1 218 45 -1
0.1 47 48 -1
0.1 46 220 -1
0.1 219 221 -1
0.1 213 222 -1
0.1 223 49 -1
0.1 224 50 -1
0.1 51 52 -1
0.1 54 55 -1
0.1 53 227 -1
0.1 58 59 -1
0.1 60 61 -1
0.1 229 230 -1
0.1 57 231 -1
0.1 56 232 -1
0.1 233 62 -1
0.1 228 234 -1
0.1 226 235 -1
0.1 225 236 -1
0.1 212 237 -1
0.1 63 64 -1
0.1 239 65 -1
0.1 69 70 -1
0.1 68 241 -1
0.1 67 242 -1
0.1 66 243 -1
0.1 71 72 -1
0.1 244 245 -1
0.1 240 246 -1
0.1 238 247 -1
0.1 209 248 -1
0.1 190 249 -1
0.1 1 250 -1
0.1 74 75 -1
0.1 252 76 -1
0.1 73 253 -1
0.1 251 254 -1
0.1 255 77 -1
0.1 80 81 -1
0.1 79 257 -1
0.1 258 82 -1
0.1 86 87 -1
0.1 85 260 -1
0.1 84 261 -1
0.1 88 89 -1
0.1 90 91 -1
0.1 263 264 -1
0.1 262 265 -1
0.1 83 266 -1
0.1 259 267 -1
0.1 96 97 -1
0.1 95 269 -1
0.1 94 270 -1
0.1 93 271 -1
0.1 92 272 -1
0.1 99 100 -1
0.1 98 274 -1
0.1 273 275 -1
0.1 268 276 -1
0.1 103 104 -1
0.1 102 278 -1
0.1 101 279 -1
0.1 107 108 -1
0.1 106 281 -1
0.1 109 110 -1
0.1 282 283 -1
0.1 112 113 -1
0.1 114 115 -1
0.1 285 286 -1
0.1 111 287 -1
0.1 284 288 -1
0.1 105 289 -1
0.1 121 122 -1
0.1 120 291 -1
0.1 119 292 -1
0.1 125 126 -1
0.1 294 127 -1
0.1 124 295 -1
0.1 123 296 -1
0.1 297 128 -1
0.1 293 298 -1
0.1 129 130 -1
0.1 132 133 -1
0.1 301 134 -1
0.1 135 136 -1
0.1 302 303 -1
0.1 131 304 -1
0.1 137 138 -1
0.1 305 306 -1
0.1 300 307 -1
0.1 299 308 -1
0.1 118 309 -1
0.1 117 310 -1
0.1 311 139 -1
0.1 116 312 -1
0.1 290 313 -1
0.1 280 314 -1
0.1 141 142 -1
0.1 140 316 -1
0.1 145 146 -1
0.1 144 318 -1
0.1 143 319 -1
0.1 317 320 -1
0.1 321 147 -1
0.1 315 322 -1
0.1 277 323 -1
0.1 324 148 -1
0.1 325 149 -1
0.1 150 151 -1
0.1 154 155 -1
0.1 153 328 -1
0.1 152 329 -1
0.1 327 330 -1
0.1 326 331 -1
0.1 332 156 -1
0.1 78 333 -1
0.1 334 157 -1
0.1 159 160 -1
0.1 158 336 -1
0.1 161 162 -1
0.1 337 338 -1
0.1 339 163 -1
0.1 164 165 -1
0.1 341 166 -1
0.1 342 167 -1
0.1 340 343 -1
0.1 169 170 -1
0.1 171 172 -1
0.1 346 173 -1
0.1 345 347 -1
0.1 176 177 -1
0.1 175 349 -1
0.1 174 350 -1
0.1 348 351 -1
0.1 168 352 -1
0.1 344 353 -1
0.1 178 179 -1
0.1 354 355 -1
0.1 356 180 -1
0.1 335 357 -1
0.1 256 358 -1
