1 0 0 1
1 0 0 1
1 0 0 2
1 0 0 2
1 0 0 3
1 0 0 3
1 0 0 3
1 0 0 3
1 0 0 3
1 0 0 3
1 0 0 3
1 0 0 3
1 0 0 3
1 0 0 3
1 0 0 2
1 0 0 2
1 0 0 2
1 0 0 2
1 0 0 2
1 0 0 2
1 0 0 2
1 0 0 2
1 0 0 4
1 0 0 4
1 0 0 4
1 0 0 4
1 0 0 4
1 0 0 4
1 0 0 4
1 0 0 4
1 0 0 4
1 0 0 4
1 0 0 5
1 0 0 5
1 0 0 5
1 0 0 5
1 0 0 5
1 0 0 5
1 0 0 6
1 0 0 6
1 0 0 6
1 0 0 6
1 0 0 6
1 0 0 6
1 0 0 6
1 0 0 6
1 0 0 6
1 0 0 6
1 0 0 5
1 0 0 5
1 0 0 5
1 0 0 5
1 0 0 7
1 0 0 7
1 0 0 7
1 0 0 7
1 0 0 7
1 0 0 7
1 0 0 7
1 0 0 7
1 0 0 7
1 0 0 7
1 0 0 8
1 0 0 8
1 0 0 8
1 0 0 8
1 0 0 8
1 0 0 8
1 0 0 8
1 0 0 8
1 0 0 8
1 0 0 8
1 0 0 1
1 0 0 1
1 0 0 1
1 0 0 1
1 0 0 1
1 0 0 9
1 0 0 9
1 0 0 9
1 0 0 10
1 0 0 11
1 0 0 11
1 0 0 11
1 0 0 11
1 0 0 11
1 0 0 11
1 0 0 11
1 0 0 11
1 0 0 11
1 0 0 10
1 0 0 10
1 0 0 12
1 0 0 9
1 0 0 9
1 0 0 9
1 0 0 9
1 0 0 9
1 0 0 9
1 0 0 9
1 0 0 13
1 0 0 12
1 0 0 12
1 0 0 12
1 0 0 12
1 0 0 10
1 0 0 10
1 0 0 10
1 0 0 11
1 0 0 13
1 0 0 13
1 0 0 13
1 0 0 13
1 0 0 13
1 0 0 13
1 0 0 13
1 0 0 13
1 0 0 13
1 0 0 10
1 0 0 10
1 0 0 10
1 0 0 10
1 0 0 12
1 0 0 12
1 0 0 14
1 0 0 14
1 0 0 14
1 0 0 14
1 0 0 14
1 0 0 14
1 0 0 14
1 0 0 14
1 0 0 14
1 0 0 14
1 0 0 15
1 0 0 15
1 0 0 15
1 0 0 15
1 0 0 15
1 0 0 15
1 0 0 15
1 0 0 15
1 0 0 15
1 0 0 15
1 0 0 12
1 0 0 12
1 0 0 16
1 0 0 16
1 0 0 16
1 0 0 16
1 0 0 16
1 0 0 16
1 0 0 16
1 0 0 16
1 0 0 16
1 0 0 16
1 0 0 12
1 0 0 17
1 0 0 17
1 0 0 17
1 0 0 17
1 0 0 17
1 0 0 17
1 0 0 17
1 0 0 17
1 0 0 17
1 0 0 17
1 0 0 1
1 0 0 1
1 0 0 1
1 0 0 18
1 0 0 18
1 0 0 18
1 0 0 18
1 0 0 18
1 0 0 18
1 0 0 18
1 0 0 18
1 0 0 18
1 0 0 18
0.1 3 4 -1
0.1 5 6 -1
0.1 7 8 -1
0.1 9 10 -1
0.1 183 184 -1
0.1 182 185 -1
0.1 11 12 -1
0.1 187 13 -1
0.1 188 14 -1
0.1 186 189 -1
0.1 17 18 -1
0.1 16 191 -1
0.1 15 192 -1
0.1 19 20 -1
0.1 21 22 -1
0.1 194 195 -1
0.1 193 196 -1
0.1 190 197 -1
0.1 181 198 -1
0.1 23 24 -1
0.1 200 25 -1
0.1 26 27 -1
0.1 30 31 -1
0.1 203 32 -1
0.1 29 204 -1
0.1 28 205 -1
0.1 202 206 -1
0.1 34 35 -1
0.1 208 36 -1
0.1 33 209 -1
0.1 37 38 -1
0.1 39 40 -1
0.1 41 42 -1
0.1 213 43 -1
0.1 214 44 -1
0.1 212 215 -1
0.1 216 45 -1
0.1 46 47 -1
0.1 218 48 -1
0.1 217 219 -1
0.1 211 220 -1
0.1 221 49 -1
0.1 51 52 -1
0.1 53 54 -1
0.1 224 55 -1
0.1 56 57 -1
0.1 59 60 -1
0.1 61 62 -1
0.1 227 228 -1
0.1 58 229 -1
0.1 226 230 -1
0.1 225 231 -1
0.1 223 232 -1
0.1 50 233 -1
0.1 222 234 -1
0.1 210 235 -1
0.1 207 236 -1
0.1 201 237 -1
0.1 63 64 -1
0.1 239 65 -1
0.1 68 69 -1
0.1 67 241 -1
0.1 66 242 -1
0.1 71 72 -1
0.1 70 244 -1
0.1 243 245 -1
0.1 240 246 -1
0.1 238 247 -1
0.1 199 248 -1
0.1 2 249 -1
0.1 1 250 -1
0.1 75 76 -1
0.1 74 252 -1
0.1 73 253 -1
0.1 251 254 -1
0.1 255 77 -1
0.1 78 79 -1
0.1 257 80 -1
0.1 82 83 -1
0.1 84 85 -1
0.1 259 260 -1
0.1 87 88 -1
0.1 86 262 -1
0.1 263 89 -1
0.1 261 264 -1
0.1 265 90 -1
0.1 266 91 -1
0.1 96 97 -1
0.1 95 268 -1
0.1 99 100 -1
0.1 98 270 -1
0.1 269 271 -1
0.1 94 272 -1
0.1 93 273 -1
0.1 103 104 -1
0.1 102 275 -1
0.1 276 105 -1
0.1 101 277 -1
0.1 274 278 -1
0.1 106 107 -1
0.1 279 280 -1
0.1 92 281 -1
0.1 267 282 -1
0.1 112 113 -1
0.1 111 284 -1
0.1 110 285 -1
0.1 109 286 -1
0.1 117 118 -1
0.1 116 288 -1
0.1 115 289 -1
0.1 114 290 -1
0.1 287 291 -1
0.1 292 119 -1
0.1 120 121 -1
0.1 293 294 -1
0.1 108 295 -1
0.1 283 296 -1
0.1 297 122 -1
0.1 81 298 -1
0.1 258 299 -1
0.1 128 129 -1
0.1 127 301 -1
0.1 126 302 -1
0.1 303 130 -1
0.1 304 131 -1
0.1 133 134 -1
0.1 132 306 -1
0.1 305 307 -1
0.1 125 308 -1
0.1 135 136 -1
0.1 138 139 -1
0.1 140 141 -1
0.1 312 142 -1
0.1 311 313 -1
0.1 137 314 -1
0.1 310 315 -1
0.1 143 144 -1
0.1 316 317 -1
0.1 309 318 -1
0.1 124 319 -1
0.1 123 320 -1
0.1 321 145 -1
0.1 322 146 -1
0.1 149 150 -1
0.1 148 324 -1
0.1 151 152 -1
0.1 325 326 -1
0.1 153 154 -1
0.1 155 156 -1
0.1 328 329 -1
0.1 327 330 -1
0.1 147 331 -1
0.1 332 157 -1
0.1 323 333 -1
0.1 300 334 -1
0.1 158 159 -1
0.1 161 162 -1
0.1 160 337 -1
0.1 336 338 -1
0.1 165 166 -1
0.1 164 340 -1
0.1 163 341 -1
0.1 339 342 -1
0.1 343 167 -1
0.1 168 169 -1
0.1 344 345 -1
0.1 171 172 -1
0.1 347 173 -1
0.1 348 174 -1
0.1 175 176 -1
0.1 350 177 -1
0.1 178 179 -1
0.1 352 180 -1
0.1 351 353 -1
0.1 349 354 -1
0.1 170 355 -1
0.1 346 356 -1
0.1 335 357 -1
0.1 256 358 -1
