1 0 0 1
1 0 0 1
1 0 0 1
1 0 0 1
1 0 0 1
1 0 0 1
1 0 0 1
1 0 0 2
1 0 0 2
1 0 0 3
1 0 0 3
1 0 0 3
1 0 0 3
1 0 0 3
1 0 0 3
1 0 0 3
1 0 0 3
1 0 0 3
1 0 0 3
1 0 0 3
1 0 0 3
1 0 0 3
1 0 0 3
1 0 0 3
1 0 0 3
1 0 0 3
1 0 0 3
1 0 0 3
1 0 0 3
1 0 0 2
1 0 0 2
1 0 0 2
1 0 0 2
1 0 0 2
1 0 0 2
1 0 0 2
1 0 0 2
1 0 0 2
1 0 0 2
1 0 0 2
1 0 0 2
1 0 0 2
1 0 0 4
1 0 0 4
1 0 0 4
1 0 0 4
1 0 0 4
1 0 0 4
1 0 0 4
1 0 0 4
1 0 0 4
1 0 0 4
1 0 0 4
1 0 0 4
1 0 0 4
1 0 0 4
1 0 0 4
1 0 0 4
1 0 0 4
1 0 0 4
1 0 0 4
1 0 0 4
1 0 0 2
1 0 0 2
1 0 0 2
1 0 0 5
1 0 0 5
1 0 0 5
1 0 0 5
1 0 0 5
1 0 0 5
1 0 0 5
1 0 0 5
1 0 0 5
1 0 0 5
1 0 0 5
1 0 0 5
1 0 0 5
1 0 0 5
1 0 0 5
1 0 0 5
1 0 0 5
1 0 0 5
1 0 0 5
1 0 0 5
1 0 0 6
1 0 0 6
1 0 0 6
1 0 0 6
1 0 0 6
1 0 0 6
1 0 0 6
1 0 0 6
1 0 0 6
1 0 0 6
1 0 0 6
1 0 0 6
1 0 0 6
1 0 0 6
1 0 0 6
1 0 0 6
1 0 0 6
1 0 0 6
1 0 0 6
1 0 0 6
1 0 0 2
1 0 0 2
1 0 0 7
1 0 0 7
1 0 0 7
1 0 0 7
1 0 0 7
1 0 0 7
1 0 0 7
1 0 0 7
1 0 0 7
1 0 0 7
1 0 0 7
1 0 0 7
1 0 0 7
1 0 0 7
1 0 0 7
1 0 0 7
1 0 0 7
1 0 0 7
1 0 0 7
1 0 0 7
1 0 0 8
1 0 0 8
1 0 0 8
1 0 0 8
1 0 0 8
1 0 0 8
1 0 0 8
1 0 0 8
1 0 0 8
1 0 0 8
1 0 0 8
1 0 0 8
1 0 0 8
1 0 0 8
1 0 0 8
1 0 0 8
1 0 0 8
1 0 0 8
1 0 0 8
1 0 0 8
1 0 0 9
1 0 0 9
1 0 0 9
1 0 0 9
1 0 0 9
1 0 0 9
1 0 0 9
1 0 0 9
1 0 0 9
1 0 0 9
1 0 0 9
1 0 0 9
1 0 0 9
1 0 0 9
1 0 0 9
1 0 0 9
1 0 0 9
1 0 0 9
1 0 0 9
1 0 0 9
1 0 0 1
1 0 0 1
1 0 0 1
1 0 0 1
1 0 0 1
1 0 0 1
1 0 0 1
1 0 0 1
1 0 0 1
1 0 0 1
1 0 0 1
1 0 0 1
1 0 0 1
1 0 0 10
1 0 0 10
1 0 0 11
1 0 0 11
1 0 0 11
1 0 0 11
1 0 0 11
1 0 0 11
1 0 0 11
1 0 0 11
1 0 0 11
1 0 0 11
1 0 0 11
1 0 0 11
1 0 0 11
1 0 0 11
1 0 0 11
1 0 0 11
1 0 0 11
1 0 0 11
1 0 0 11
1 0 0 11
1 0 0 10
1 0 0 10
1 0 0 10
1 0 0 10
1 0 0 10
1 0 0 12
1 0 0 12
1 0 0 12
1 0 0 12
1 0 0 12
1 0 0 12
1 0 0 12
1 0 0 12
1 0 0 12
1 0 0 12
1 0 0 12
1 0 0 12
1 0 0 12
1 0 0 12
1 0 0 12
1 0 0 12
1 0 0 12
1 0 0 12
1 0 0 12
1 0 0 12
1 0 0 10
1 0 0 10
1 0 0 10
1 0 0 10
1 0 0 10
1 0 0 10
1 0 0 10
1 0 0 10
1 0 0 10
1 0 0 10
1 0 0 13
1 0 0 13
1 0 0 13
1 0 0 13
1 0 0 13
1 0 0 13
1 0 0 13
1 0 0 13
1 0 0 13
1 0 0 13
1 0 0 13
1 0 0 13
1 0 0 13
1 0 0 13
1 0 0 13
1 0 0 13
1 0 0 13
1 0 0 13
1 0 0 13
1 0 0 13
1 0 0 10
1 0 0 10
1 0 0 10
1 0 0 14
1 0 0 14
1 0 0 14
1 0 0 14
1 0 0 14
1 0 0 14
1 0 0 14
1 0 0 14
1 0 0 14
1 0 0 14
1 0 0 14
1 0 0 14
1 0 0 14
1 0 0 14
1 0 0 14
1 0 0 14
1 0 0 14
1 0 0 14
1 0 0 14
1 0 0 14
1 0 0 15
1 0 0 16
1 0 0 16
1 0 0 16
1 0 0 16
1 0 0 16
1 0 0 16
1 0 0 16
1 0 0 16
1 0 0 16
1 0 0 16
1 0 0 16
1 0 0 16
1 0 0 16
1 0 0 16
1 0 0 16
1 0 0 16
1 0 0 16
1 0 0 16
1 0 0 16
1 0 0 16
1 0 0 15
1 0 0 15
1 0 0 15
1 0 0 15
1 0 0 15
1 0 0 15
1 0 0 15
1 0 0 15
1 0 0 15
1 0 0 15
1 0 0 15
1 0 0 15
1 0 0 15
1 0 0 15
1 0 0 15
1 0 0 15
1 0 0 15
1 0 0 15
1 0 0 15
1 0 0 17
1 0 0 17
1 0 0 17
1 0 0 17
1 0 0 17
1 0 0 17
1 0 0 17
1 0 0 17
1 0 0 17
1 0 0 18
1 0 0 18
1 0 0 18
1 0 0 18
1 0 0 18
1 0 0 18
1 0 0 18
1 0 0 17
1 0 0 17
1 0 0 17
1 0 0 17
1 0 0 17
1 0 0 17
1 0 0 17
1 0 0 17
1 0 0 17
1 0 0 17
1 0 0 17
1 0 0 19
1 0 0 19
1 0 0 19
1 0 0 19
1 0 0 19
1 0 0 19
1 0 0 19
1 0 0 19
1 0 0 19
1 0 0 19
1 0 0 19
1 0 0 19
1 0 0 19
1 0 0 19
1 0 0 19
1 0 0 19
1 0 0 19
1 0 0 20
1 0 0 20
1 0 0 20
1 0 0 20
1 0 0 20
1 0 0 20
1 0 0 20
1 0 0 20
1 0 0 20
1 0 0 20
1 0 0 20
1 0 0 20
1 0 0 20
1 0 0 20
1 0 0 20
1 0 0 20
1 0 0 20
1 0 0 20
1 0 0 20
1 0 0 20
1 0 0 19
1 0 0 19
1 0 0 19
1 0 0 18
1 0 0 18
1 0 0 18
1 0 0 18
1 0 0 18
1 0 0 18
1 0 0 18
1 0 0 18
1 0 0 18
1 0 0 18
1 0 0 18
1 0 0 18
1 0 0 18
0.1 1 2 -1
0.1 3 4 -1
0.1 5 6 -1
0.1 402 403 -1
0.1 401 404 -1
0.1 405 7 -1
0.1 8 9 -1
0.1 10 11 -1
0.1 12 13 -1
0.1 408 409 -1
0.1 14 15 -1
0.1 19 20 -1
0.1 18 412 -1
0.1 17 413 -1
0.1 16 414 -1
0.1 21 22 -1
0.1 415 416 -1
0.1 411 417 -1
0.1 410 418 -1
0.1 23 24 -1
0.1 25 26 -1
0.1 420 421 -1
0.1 28 29 -1
0.1 27 423 -1
0.1 422 424 -1
0.1 419 425 -1
0.1 407 426 -1
0.1 31 32 -1
0.1 30 428 -1
0.1 33 34 -1
0.1 35 36 -1
0.1 430 431 -1
0.1 37 38 -1
0.1 432 433 -1
0.1 429 434 -1
0.1 435 39 -1
0.1 40 41 -1
0.1 436 437 -1
0.1 44 45 -1
0.1 439 46 -1
0.1 43 440 -1
0.1 48 49 -1
0.1 47 442 -1
0.1 51 52 -1
0.1 50 444 -1
0.1 54 55 -1
0.1 53 446 -1
0.1 445 447 -1
0.1 443 448 -1
0.1 441 449 -1
0.1 58 59 -1
0.1 57 451 -1
0.1 60 61 -1
0.1 453 62 -1
0.1 452 454 -1
0.1 56 455 -1
0.1 450 456 -1
0.1 63 64 -1
0.1 458 65 -1
0.1 67 68 -1
0.1 66 460 -1
0.1 70 71 -1
0.1 69 462 -1
0.1 463 72 -1
0.1 461 464 -1
0.1 74 75 -1
0.1 77 78 -1
0.1 76 467 -1
0.1 466 468 -1
0.1 79 80 -1
0.1 469 470 -1
0.1 471 81 -1
0.1 73 472 -1
0.1 83 84 -1
0.1 82 474 -1
0.1 475 85 -1
0.1 473 476 -1
0.1 465 477 -1
0.1 459 478 -1
0.1 86 87 -1
0.1 88 89 -1
0.1 90 91 -1
0.1 481 482 -1
0.1 93 94 -1
0.1 92 484 -1
0.1 485 95 -1
0.1 483 486 -1
0.1 480 487 -1
0.1 96 97 -1
0.1 98 99 -1
0.1 489 490 -1
0.1 101 102 -1
0.1 100 492 -1
0.1 493 103 -1
0.1 494 104 -1
0.1 495 105 -1
0.1 491 496 -1
0.1 488 497 -1
0.1 479 498 -1
0.1 106 107 -1
0.1 499 500 -1
0.1 457 501 -1
0.1 42 502 -1
0.1 109 110 -1
0.1 108 504 -1
0.1 112 113 -1
0.1 506 114 -1
0.1 111 507 -1
0.1 115 116 -1
0.1 117 118 -1
0.1 119 120 -1
0.1 511 121 -1
0.1 123 124 -1
0.1 122 513 -1
0.1 512 514 -1
0.1 125 126 -1
0.1 515 516 -1
0.1 510 517 -1
0.1 518 127 -1
0.1 509 519 -1
0.1 508 520 -1
0.1 505 521 -1
0.1 129 130 -1
0.1 523 131 -1
0.1 128 524 -1
0.1 525 132 -1
0.1 134 135 -1
0.1 136 137 -1
0.1 527 528 -1
0.1 133 529 -1
0.1 139 140 -1
0.1 138 531 -1
0.1 141 142 -1
0.1 533 143 -1
0.1 534 144 -1
0.1 532 535 -1
0.1 530 536 -1
0.1 146 147 -1
0.1 145 538 -1
0.1 537 539 -1
0.1 526 540 -1
0.1 148 149 -1
0.1 151 152 -1
0.1 156 157 -1
0.1 155 544 -1
0.1 154 545 -1
0.1 153 546 -1
0.1 543 547 -1
0.1 150 548 -1
0.1 542 549 -1
0.1 161 162 -1
0.1 160 551 -1
0.1 552 163 -1
0.1 159 553 -1
0.1 158 554 -1
0.1 164 165 -1
0.1 166 167 -1
0.1 556 557 -1
0.1 555 558 -1
0.1 550 559 -1
0.1 541 560 -1
0.1 522 561 -1
0.1 503 562 -1
0.1 438 563 -1
0.1 427 564 -1
0.1 565 168 -1
0.1 406 566 -1
0.1 169 170 -1
0.1 568 171 -1
0.1 172 173 -1
0.1 570 174 -1
0.1 569 571 -1
0.1 567 572 -1
0.1 176 177 -1
0.1 574 178 -1
0.1 175 575 -1
0.1 179 180 -1
0.1 576 577 -1
0.1 573 578 -1
0.1 184 185 -1
0.1 188 189 -1
0.1 581 190 -1
0.1 187 582 -1
0.1 186 583 -1
0.1 584 191 -1
0.1 192 193 -1
0.1 194 195 -1
0.1 586 587 -1
0.1 585 588 -1
0.1 196 197 -1
0.1 589 590 -1
0.1 198 199 -1
0.1 592 200 -1
0.1 593 201 -1
0.1 591 594 -1
0.1 595 202 -1
0.1 580 596 -1
0.1 183 597 -1
0.1 182 598 -1
0.1 181 599 -1
0.1 204 205 -1
0.1 209 210 -1
0.1 208 602 -1
0.1 212 213 -1
0.1 214 215 -1
0.1 604 605 -1
0.1 211 606 -1
0.1 216 217 -1
0.1 218 219 -1
0.1 608 609 -1
0.1 220 221 -1
0.1 223 224 -1
0.1 612 225 -1
0.1 222 613 -1
0.1 611 614 -1
0.1 226 227 -1
0.1 615 616 -1
0.1 610 617 -1
0.1 607 618 -1
0.1 603 619 -1
0.1 207 620 -1
0.1 206 621 -1
0.1 231 232 -1
0.1 230 623 -1
0.1 229 624 -1
0.1 228 625 -1
0.1 626 233 -1
0.1 622 627 -1
0.1 628 234 -1
0.1 601 629 -1
0.1 203 630 -1
0.1 235 236 -1
0.1 632 237 -1
0.1 631 633 -1
0.1 240 241 -1
0.1 243 244 -1
0.1 242 636 -1
0.1 635 637 -1
0.1 246 247 -1
0.1 245 639 -1
0.1 251 252 -1
0.1 641 253 -1
0.1 250 642 -1
0.1 249 643 -1
0.1 248 644 -1
0.1 640 645 -1
0.1 646 254 -1
0.1 638 647 -1
0.1 256 257 -1
0.1 255 649 -1
0.1 648 650 -1
0.1 239 651 -1
0.1 238 652 -1
0.1 634 653 -1
0.1 259 260 -1
0.1 263 264 -1
0.1 262 656 -1
0.1 261 657 -1
0.1 658 265 -1
0.1 659 266 -1
0.1 276 277 -1
0.1 275 661 -1
0.1 274 662 -1
0.1 273 663 -1
0.1 272 664 -1
0.1 271 665 -1
0.1 270 666 -1
0.1 269 667 -1
0.1 268 668 -1
0.1 669 278 -1
0.1 267 670 -1
0.1 671 279 -1
0.1 660 672 -1
0.1 673 280 -1
0.1 655 674 -1
0.1 258 675 -1
0.1 654 676 -1
0.1 600 677 -1
0.1 579 678 -1
0.1 286 287 -1
0.1 285 680 -1
0.1 289 290 -1
0.1 291 292 -1
0.1 683 293 -1
0.1 682 684 -1
0.1 288 685 -1
0.1 296 297 -1
0.1 295 687 -1
0.1 294 688 -1
0.1 686 689 -1
0.1 681 690 -1
0.1 691 298 -1
0.1 299 300 -1
0.1 693 301 -1
0.1 692 694 -1
0.1 284 695 -1
0.1 283 696 -1
0.1 282 697 -1
0.1 281 698 -1
0.1 303 304 -1
0.1 306 307 -1
0.1 305 701 -1
0.1 310 311 -1
0.1 309 703 -1
0.1 308 704 -1
0.1 312 313 -1
0.1 314 315 -1
0.1 706 707 -1
0.1 705 708 -1
0.1 702 709 -1
0.1 316 317 -1
0.1 319 320 -1
0.1 318 712 -1
0.1 711 713 -1
0.1 710 714 -1
0.1 700 715 -1
0.1 302 716 -1
0.1 699 717 -1
0.1 323 324 -1
0.1 322 719 -1
0.1 720 325 -1
0.1 327 328 -1
0.1 326 722 -1
0.1 721 723 -1
0.1 321 724 -1
0.1 725 329 -1
0.1 718 726 -1
0.1 330 331 -1
0.1 333 334 -1
0.1 729 335 -1
0.1 730 336 -1
0.1 332 731 -1
0.1 728 732 -1
0.1 337 338 -1
0.1 340 341 -1
0.1 735 342 -1
0.1 339 736 -1
0.1 734 737 -1
0.1 344 345 -1
0.1 346 347 -1
0.1 739 740 -1
0.1 343 741 -1
0.1 738 742 -1
0.1 351 352 -1
0.1 350 744 -1
0.1 349 745 -1
0.1 348 746 -1
0.1 353 354 -1
0.1 357 358 -1
0.1 356 749 -1
0.1 355 750 -1
0.1 748 751 -1
0.1 360 361 -1
0.1 753 362 -1
0.1 359 754 -1
0.1 752 755 -1
0.1 747 756 -1
0.1 363 364 -1
0.1 757 758 -1
0.1 365 366 -1
0.1 368 369 -1
0.1 370 371 -1
0.1 761 762 -1
0.1 367 763 -1
0.1 372 373 -1
0.1 764 765 -1
0.1 374 375 -1
0.1 766 767 -1
0.1 760 768 -1
0.1 376 377 -1
0.1 380 381 -1
0.1 379 771 -1
0.1 378 772 -1
0.1 770 773 -1
0.1 383 384 -1
0.1 382 775 -1
0.1 774 776 -1
0.1 769 777 -1
0.1 386 387 -1
0.1 385 779 -1
0.1 778 780 -1
0.1 759 781 -1
0.1 389 390 -1
0.1 388 783 -1
0.1 782 784 -1
0.1 391 392 -1
0.1 393 394 -1
0.1 395 396 -1
0.1 788 397 -1
0.1 787 789 -1
0.1 786 790 -1
0.1 399 400 -1
0.1 398 792 -1
0.1 791 793 -1
0.1 785 794 -1
0.1 743 795 -1
0.1 733 796 -1
0.1 727 797 -1
0.1 679 798 -1
