1 0 0 1
1 0 0 1
1 0 0 1
1 0 0 1
1 0 0 1
1 0 0 1
1 0 0 1
1 0 0 1
1 0 0 1
1 0 0 1
1 0 0 2
1 0 0 2
1 0 0 2
1 0 0 2
1 0 0 3
1 0 0 3
1 0 0 3
1 0 0 3
1 0 0 2
1 0 0 2
1 0 0 2
1 0 0 2
1 0 0 2
1 0 0 2
1 0 0 3
1 0 0 3
1 0 0 3
1 0 0 3
1 0 0 3
1 0 0 3
1 0 0 4
1 0 0 4
1 0 0 4
1 0 0 4
1 0 0 4
1 0 0 4
1 0 0 4
1 0 0 4
1 0 0 4
1 0 0 4
1 0 0 5
1 0 0 5
1 0 0 5
1 0 0 5
1 0 0 5
1 0 0 5
1 0 0 5
1 0 0 5
1 0 0 5
1 0 0 5
1 0 0 6
1 0 0 6
1 0 0 6
1 0 0 6
1 0 0 7
1 0 0 7
1 0 0 7
1 0 0 7
1 0 0 7
1 0 0 7
1 0 0 7
1 0 0 7
1 0 0 7
1 0 0 7
1 0 0 8
1 0 0 8
1 0 0 8
1 0 0 8
1 0 0 8
1 0 0 8
1 0 0 8
1 0 0 8
1 0 0 8
1 0 0 8
1 0 0 9
1 0 0 9
1 0 0 9
1 0 0 9
1 0 0 9
1 0 0 9
1 0 0 9
1 0 0 9
1 0 0 9
1 0 0 9
1 0 0 10
1 0 0 10
1 0 0 10
1 0 0 10
1 0 0 10
1 0 0 10
1 0 0 10
1 0 0 10
1 0 0 10
1 0 0 10
1 0 0 11
1 0 0 11
1 0 0 11
1 0 0 11
1 0 0 11
1 0 0 12
1 0 0 12
1 0 0 12
1 0 0 12
1 0 0 12
1 0 0 12
1 0 0 12
1 0 0 12
1 0 0 12
1 0 0 12
1 0 0 11
1 0 0 11
1 0 0 11
1 0 0 11
1 0 0 11
1 0 0 6
1 0 0 6
1 0 0 6
1 0 0 6
1 0 0 6
1 0 0 6
1 0 0 13
1 0 0 13
1 0 0 13
1 0 0 14
1 0 0 14
1 0 0 14
1 0 0 14
1 0 0 14
1 0 0 14
1 0 0 14
1 0 0 14
1 0 0 14
1 0 0 14
1 0 0 13
1 0 0 13
1 0 0 13
1 0 0 13
1 0 0 13
1 0 0 13
1 0 0 13
1 0 0 15
1 0 0 15
1 0 0 15
1 0 0 15
1 0 0 15
1 0 0 15
1 0 0 15
1 0 0 15
1 0 0 15
1 0 0 15
1 0 0 16
1 0 0 16
1 0 0 16
1 0 0 16
1 0 0 16
1 0 0 16
1 0 0 16
1 0 0 16
1 0 0 16
1 0 0 16
1 0 0 17
1 0 0 17
1 0 0 17
1 0 0 17
1 0 0 17
1 0 0 17
1 0 0 17
1 0 0 17
1 0 0 17
1 0 0 17
1 0 0 18
1 0 0 19
1 0 0 19
1 0 0 19
1 0 0 20
1 0 0 20
1 0 0 20
1 0 0 20
1 0 0 20
1 0 0 20
1 0 0 20
1 0 0 20
1 0 0 20
1 0 0 20
1 0 0 21
1 0 0 21
1 0 0 21
1 0 0 21
1 0 0 21
1 0 0 21
1 0 0 21
1 0 0 21
1 0 0 21
1 0 0 21
1 0 0 22
1 0 0 22
1 0 0 22
1 0 0 22
1 0 0 23
1 0 0 23
1 0 0 23
1 0 0 23
1 0 0 23
1 0 0 23
1 0 0 23
1 0 0 23
1 0 0 23
1 0 0 23
1 0 0 22
1 0 0 22
1 0 0 22
1 0 0 22
1 0 0 22
1 0 0 22
1 0 0 18
1 0 0 18
1 0 0 24
1 0 0 24
1 0 0 24
1 0 0 24
1 0 0 24
1 0 0 24
1 0 0 24
1 0 0 24
1 0 0 24
1 0 0 24
1 0 0 19
1 0 0 19
1 0 0 19
1 0 0 19
1 0 0 19
1 0 0 19
1 0 0 19
1 0 0 18
1 0 0 18
1 0 0 18
1 0 0 25
1 0 0 25
1 0 0 25
1 0 0 25
1 0 0 25
1 0 0 25
1 0 0 25
1 0 0 25
1 0 0 25
1 0 0 25
1 0 0 26
1 0 0 26
1 0 0 26
1 0 0 26
1 0 0 26
1 0 0 26
1 0 0 26
1 0 0 26
1 0 0 26
1 0 0 27
1 0 0 27
1 0 0 27
1 0 0 27
1 0 0 27
1 0 0 27
1 0 0 27
1 0 0 27
1 0 0 27
1 0 0 27
1 0 0 26
1 0 0 28
1 0 0 28
1 0 0 28
1 0 0 28
1 0 0 28
1 0 0 28
1 0 0 28
1 0 0 28
1 0 0 28
1 0 0 28
1 0 0 29
1 0 0 29
1 0 0 29
1 0 0 29
1 0 0 29
1 0 0 29
1 0 0 29
1 0 0 29
1 0 0 29
1 0 0 29
1 0 0 18
1 0 0 18
1 0 0 18
1 0 0 30
1 0 0 30
1 0 0 30
1 0 0 30
1 0 0 30
1 0 0 30
1 0 0 30
1 0 0 30
1 0 0 30
1 0 0 30
1 0 0 31
1 0 0 31
1 0 0 32
1 0 0 32
1 0 0 32
1 0 0 32
1 0 0 32
1 0 0 32
1 0 0 32
1 0 0 32
1 0 0 32
1 0 0 32
1 0 0 33
1 0 0 33
1 0 0 33
1 0 0 33
1 0 0 33
1 0 0 33
1 0 0 33
1 0 0 33
1 0 0 33
1 0 0 33
1 0 0 34
1 0 0 34
1 0 0 34
1 0 0 34
1 0 0 34
1 0 0 34
1 0 0 34
1 0 0 34
1 0 0 34
1 0 0 34
1 0 0 31
1 0 0 31
1 0 0 31
1 0 0 31
1 0 0 31
1 0 0 31
1 0 0 31
1 0 0 31
1 0 0 35
1 0 0 35
1 0 0 35
1 0 0 35
1 0 0 35
1 0 0 35
1 0 0 35
1 0 0 35
1 0 0 35
1 0 0 35
1 0 0 36
1 0 0 36
1 0 0 36
1 0 0 36
1 0 0 36
1 0 0 36
1 0 0 36
1 0 0 36
1 0 0 36
1 0 0 36
1 0 0 37
1 0 0 37
1 0 0 37
1 0 0 37
1 0 0 37
1 0 0 37
1 0 0 37
1 0 0 37
1 0 0 37
1 0 0 37
1 0 0 38
1 0 0 38
1 0 0 38
1 0 0 38
1 0 0 38
1 0 0 38
1 0 0 38
1 0 0 38
1 0 0 38
1 0 0 38
1 0 0 39
1 0 0 39
1 0 0 39
1 0 0 39
1 0 0 39
1 0 0 39
1 0 0 39
1 0 0 39
1 0 0 39
1 0 0 39
1 0 0 18
0.1 2 3 -1
0.1 1 391 -1
0.1 4 5 -1
0.1 6 7 -1
0.1 8 9 -1
0.1 394 395 -1
0.1 393 396 -1
0.1 392 397 -1
0.1 11 12 -1
0.1 13 14 -1
0.1 399 400 -1
0.1 15 16 -1
0.1 17 18 -1
0.1 402 403 -1
0.1 401 404 -1
0.1 21 22 -1
0.1 406 23 -1
0.1 20 407 -1
0.1 19 408 -1
0.1 409 24 -1
0.1 25 26 -1
0.1 27 28 -1
0.1 411 412 -1
0.1 29 30 -1
0.1 413 414 -1
0.1 33 34 -1
0.1 416 35 -1
0.1 32 417 -1
0.1 418 36 -1
0.1 31 419 -1
0.1 38 39 -1
0.1 421 40 -1
0.1 37 422 -1
0.1 420 423 -1
0.1 415 424 -1
0.1 410 425 -1
0.1 405 426 -1
0.1 10 427 -1
0.1 398 428 -1
0.1 41 42 -1
0.1 430 43 -1
0.1 44 45 -1
0.1 432 46 -1
0.1 47 48 -1
0.1 49 50 -1
0.1 434 435 -1
0.1 433 436 -1
0.1 431 437 -1
0.1 52 53 -1
0.1 439 54 -1
0.1 51 440 -1
0.1 55 56 -1
0.1 58 59 -1
0.1 443 60 -1
0.1 444 61 -1
0.1 63 64 -1
0.1 62 446 -1
0.1 445 447 -1
0.1 57 448 -1
0.1 442 449 -1
0.1 66 67 -1
0.1 65 451 -1
0.1 69 70 -1
0.1 68 453 -1
0.1 73 74 -1
0.1 72 455 -1
0.1 71 456 -1
0.1 75 76 -1
0.1 77 78 -1
0.1 82 83 -1
0.1 81 460 -1
0.1 80 461 -1
0.1 79 462 -1
0.1 463 84 -1
0.1 459 464 -1
0.1 458 465 -1
0.1 457 466 -1
0.1 454 467 -1
0.1 452 468 -1
0.1 450 469 -1
0.1 441 470 -1
0.1 438 471 -1
0.1 87 88 -1
0.1 86 473 -1
0.1 85 474 -1
0.1 89 90 -1
0.1 476 91 -1
0.1 93 94 -1
0.1 92 478 -1
0.1 477 479 -1
0.1 475 480 -1
0.1 97 98 -1
0.1 96 482 -1
0.1 483 99 -1
0.1 95 484 -1
0.1 103 104 -1
0.1 107 108 -1
0.1 106 487 -1
0.1 488 109 -1
0.1 105 489 -1
0.1 486 490 -1
0.1 102 491 -1
0.1 101 492 -1
0.1 100 493 -1
0.1 111 112 -1
0.1 110 495 -1
0.1 496 113 -1
0.1 497 114 -1
0.1 494 498 -1
0.1 485 499 -1
0.1 481 500 -1
0.1 116 117 -1
0.1 115 502 -1
0.1 121 122 -1
0.1 125 126 -1
0.1 505 127 -1
0.1 124 506 -1
0.1 130 131 -1
0.1 132 133 -1
0.1 508 509 -1
0.1 129 510 -1
0.1 128 511 -1
0.1 507 512 -1
0.1 134 135 -1
0.1 514 136 -1
0.1 137 138 -1
0.1 515 516 -1
0.1 139 140 -1
0.1 517 518 -1
0.1 513 519 -1
0.1 123 520 -1
0.1 504 521 -1
0.1 143 144 -1
0.1 142 523 -1
0.1 145 146 -1
0.1 525 147 -1
0.1 149 150 -1
0.1 148 527 -1
0.1 526 528 -1
0.1 524 529 -1
0.1 141 530 -1
0.1 522 531 -1
0.1 120 532 -1
0.1 119 533 -1
0.1 118 534 -1
0.1 503 535 -1
0.1 152 153 -1
0.1 154 155 -1
0.1 157 158 -1
0.1 539 159 -1
0.1 540 160 -1
0.1 156 541 -1
0.1 538 542 -1
0.1 537 543 -1
0.1 151 544 -1
0.1 161 162 -1
0.1 546 163 -1
0.1 165 166 -1
0.1 164 548 -1
0.1 168 169 -1
0.1 167 550 -1
0.1 549 551 -1
0.1 552 170 -1
0.1 547 553 -1
0.1 545 554 -1
0.1 536 555 -1
0.1 501 556 -1
0.1 472 557 -1
0.1 429 558 -1
0.1 559 171 -1
0.1 173 174 -1
0.1 172 561 -1
0.1 177 178 -1
0.1 176 563 -1
0.1 564 179 -1
0.1 180 181 -1
0.1 565 566 -1
0.1 175 567 -1
0.1 568 182 -1
0.1 183 184 -1
0.1 186 187 -1
0.1 571 188 -1
0.1 185 572 -1
0.1 190 191 -1
0.1 574 192 -1
0.1 575 193 -1
0.1 576 194 -1
0.1 189 577 -1
0.1 573 578 -1
0.1 570 579 -1
0.1 569 580 -1
0.1 197 198 -1
0.1 196 582 -1
0.1 195 583 -1
0.1 199 200 -1
0.1 201 202 -1
0.1 585 586 -1
0.1 204 205 -1
0.1 203 588 -1
0.1 589 206 -1
0.1 207 208 -1
0.1 590 591 -1
0.1 587 592 -1
0.1 210 211 -1
0.1 209 594 -1
0.1 212 213 -1
0.1 596 214 -1
0.1 595 597 -1
0.1 593 598 -1
0.1 584 599 -1
0.1 215 216 -1
0.1 218 219 -1
0.1 602 220 -1
0.1 603 221 -1
0.1 217 604 -1
0.1 222 223 -1
0.1 225 226 -1
0.1 224 607 -1
0.1 606 608 -1
0.1 605 609 -1
0.1 601 610 -1
0.1 600 611 -1
0.1 581 612 -1
0.1 613 227 -1
0.1 228 229 -1
0.1 230 231 -1
0.1 616 232 -1
0.1 615 617 -1
0.1 614 618 -1
0.1 619 233 -1
0.1 562 620 -1
0.1 234 235 -1
0.1 239 240 -1
0.1 238 623 -1
0.1 241 242 -1
0.1 243 244 -1
0.1 625 626 -1
0.1 624 627 -1
0.1 237 628 -1
0.1 245 246 -1
0.1 629 630 -1
0.1 249 250 -1
0.1 252 253 -1
0.1 254 255 -1
0.1 633 634 -1
0.1 251 635 -1
0.1 632 636 -1
0.1 248 637 -1
0.1 256 257 -1
0.1 639 258 -1
0.1 260 261 -1
0.1 641 262 -1
0.1 259 642 -1
0.1 264 265 -1
0.1 263 644 -1
0.1 643 645 -1
0.1 640 646 -1
0.1 647 266 -1
0.1 638 648 -1
0.1 247 649 -1
0.1 268 269 -1
0.1 267 651 -1
0.1 270 271 -1
0.1 653 272 -1
0.1 652 654 -1
0.1 273 274 -1
0.1 275 276 -1
0.1 656 657 -1
0.1 655 658 -1
0.1 650 659 -1
0.1 278 279 -1
0.1 277 661 -1
0.1 660 662 -1
0.1 284 285 -1
0.1 283 664 -1
0.1 282 665 -1
0.1 281 666 -1
0.1 280 667 -1
0.1 663 668 -1
0.1 631 669 -1
0.1 670 286 -1
0.1 236 671 -1
0.1 622 672 -1
0.1 673 287 -1
0.1 290 291 -1
0.1 293 294 -1
0.1 295 296 -1
0.1 676 677 -1
0.1 297 298 -1
0.1 679 299 -1
0.1 678 680 -1
0.1 292 681 -1
0.1 675 682 -1
0.1 300 301 -1
0.1 303 304 -1
0.1 302 685 -1
0.1 686 305 -1
0.1 308 309 -1
0.1 307 688 -1
0.1 306 689 -1
0.1 690 310 -1
0.1 312 313 -1
0.1 314 315 -1
0.1 316 317 -1
0.1 318 319 -1
0.1 694 695 -1
0.1 696 320 -1
0.1 693 697 -1
0.1 698 321 -1
0.1 692 699 -1
0.1 322 323 -1
0.1 701 324 -1
0.1 325 326 -1
0.1 328 329 -1
0.1 330 331 -1
0.1 704 705 -1
0.1 327 706 -1
0.1 703 707 -1
0.1 702 708 -1
0.1 700 709 -1
0.1 311 710 -1
0.1 691 711 -1
0.1 687 712 -1
0.1 332 333 -1
0.1 336 337 -1
0.1 335 715 -1
0.1 334 716 -1
0.1 714 717 -1
0.1 713 718 -1
0.1 719 338 -1
0.1 684 720 -1
0.1 721 339 -1
0.1 683 722 -1
0.1 340 341 -1
0.1 724 342 -1
0.1 344 345 -1
0.1 343 726 -1
0.1 347 348 -1
0.1 346 728 -1
0.1 727 729 -1
0.1 725 730 -1
0.1 731 349 -1
0.1 350 351 -1
0.1 354 355 -1
0.1 353 734 -1
0.1 352 735 -1
0.1 733 736 -1
0.1 356 357 -1
0.1 358 359 -1
0.1 738 739 -1
0.1 737 740 -1
0.1 360 361 -1
0.1 742 362 -1
0.1 364 365 -1
0.1 363 744 -1
0.1 366 367 -1
0.1 745 746 -1
0.1 368 369 -1
0.1 747 748 -1
0.1 743 749 -1
0.1 741 750 -1
0.1 732 751 -1
0.1 723 752 -1
0.1 372 373 -1
0.1 754 374 -1
0.1 755 375 -1
0.1 371 756 -1
0.1 370 757 -1
0.1 378 379 -1
0.1 377 759 -1
0.1 376 760 -1
0.1 380 381 -1
0.1 382 383 -1
0.1 384 385 -1
0.1 763 764 -1
0.1 388 389 -1
0.1 387 766 -1
0.1 386 767 -1
0.1 765 768 -1
0.1 762 769 -1
0.1 761 770 -1
0.1 758 771 -1
0.1 753 772 -1
0.1 289 773 -1
0.1 288 774 -1
0.1 775 390 -1
0.1 674 776 -1
0.1 621 777 -1
0.1 560 778 -1
