1 0 0 1
1 0 0 1
1 0 0 1
1 0 0 1
1 0 0 2
1 0 0 2
1 0 0 2
1 0 0 2
1 0 0 2
1 0 0 2
1 0 0 2
1 0 0 2
1 0 0 2
1 0 0 2
1 0 0 3
1 0 0 3
1 0 0 3
1 0 0 3
1 0 0 3
1 0 0 3
1 0 0 3
1 0 0 4
1 0 0 4
1 0 0 4
1 0 0 4
1 0 0 4
1 0 0 4
1 0 0 4
1 0 0 4
1 0 0 4
1 0 0 4
1 0 0 3
1 0 0 3
1 0 0 3
1 0 0 1
1 0 0 1
1 0 0 5
1 0 0 5
1 0 0 5
1 0 0 5
1 0 0 5
1 0 0 5
1 0 0 5
1 0 0 5
1 0 0 5
1 0 0 5
1 0 0 6
1 0 0 6
1 0 0 6
1 0 0 6
1 0 0 6
1 0 0 6
1 0 0 6
1 0 0 6
1 0 0 6
1 0 0 6
1 0 0 7
1 0 0 7
1 0 0 7
1 0 0 7
1 0 0 7
1 0 0 8
1 0 0 8
1 0 0 8
1 0 0 8
1 0 0 8
1 0 0 8
1 0 0 8
1 0 0 8
1 0 0 8
1 0 0 8
1 0 0 7
1 0 0 7
1 0 0 7
1 0 0 7
1 0 0 7
1 0 0 9
1 0 0 9
1 0 0 9
1 0 0 9
1 0 0 9
1 0 0 9
1 0 0 9
1 0 0 9
1 0 0 9
1 0 0 9
1 0 0 10
1 0 0 10
1 0 0 10
1 0 0 10
1 0 0 11
1 0 0 11
1 0 0 11
1 0 0 11
1 0 0 11
1 0 0 11
1 0 0 12
1 0 0 12
1 0 0 12
1 0 0 12
1 0 0 12
1 0 0 12
1 0 0 12
1 0 0 12
1 0 0 12
1 0 0 12
1 0 0 11
1 0 0 11
1 0 0 13
1 0 0 13
1 0 0 13
1 0 0 13
1 0 0 13
1 0 0 13
1 0 0 13
1 0 0 13
1 0 0 13
1 0 0 13
1 0 0 11
1 0 0 11
1 0 0 14
1 0 0 14
1 0 0 14
1 0 0 14
1 0 0 14
1 0 0 14
1 0 0 14
1 0 0 14
1 0 0 14
1 0 0 14
1 0 0 10
1 0 0 10
1 0 0 10
1 0 0 10
1 0 0 10
1 0 0 10
1 0 0 15
1 0 0 15
1 0 0 15
1 0 0 15
1 0 0 15
1 0 0 15
1 0 0 15
1 0 0 15
1 0 0 15
1 0 0 15
1 0 0 16
1 0 0 16
1 0 0 16
1 0 0 16
1 0 0 16
1 0 0 16
1 0 0 17
1 0 0 17
1 0 0 17
1 0 0 17
1 0 0 17
1 0 0 17
1 0 0 17
1 0 0 17
1 0 0 17
1 0 0 17
1 0 0 16
1 0 0 16
1 0 0 16
1 0 0 16
1 0 0 1
1 0 0 1
1 0 0 1
1 0 0 1
1 0 0 18
1 0 0 19
1 0 0 19
1 0 0 19
1 0 0 19
1 0 0 19
1 0 0 19
1 0 0 19
1 0 0 19
1 0 0 19
1 0 0 19
1 0 0 20
1 0 0 20
1 0 0 20
1 0 0 20
1 0 0 20
1 0 0 20
1 0 0 20
1 0 0 20
1 0 0 20
1 0 0 20
1 0 0 21
1 0 0 21
1 0 0 21
1 0 0 21
1 0 0 21
1 0 0 21
1 0 0 21
1 0 0 21
1 0 0 21
1 0 0 21
1 0 0 18
1 0 0 18
1 0 0 22
1 0 0 22
1 0 0 22
1 0 0 22
1 0 0 22
1 0 0 22
1 0 0 22
1 0 0 22
1 0 0 22
1 0 0 22
1 0 0 23
1 0 0 23
1 0 0 23
1 0 0 23
1 0 0 23
1 0 0 23
1 0 0 23
1 0 0 23
1 0 0 23
1 0 0 23
1 0 0 24
1 0 0 24
1 0 0 24
1 0 0 24
1 0 0 24
1 0 0 24
1 0 0 24
1 0 0 24
1 0 0 24
1 0 0 24
1 0 0 18
1 0 0 18
1 0 0 25
1 0 0 25
1 0 0 25
1 0 0 25
1 0 0 25
1 0 0 25
1 0 0 25
1 0 0 25
1 0 0 25
1 0 0 25
1 0 0 26
1 0 0 26
1 0 0 27
1 0 0 27
1 0 0 27
1 0 0 27
1 0 0 27
1 0 0 27
1 0 0 27
1 0 0 27
1 0 0 27
1 0 0 27
1 0 0 26
1 0 0 26
1 0 0 26
1 0 0 26
1 0 0 26
1 0 0 26
1 0 0 26
1 0 0 26
1 0 0 28
1 0 0 28
1 0 0 28
1 0 0 28
1 0 0 28
1 0 0 28
1 0 0 28
1 0 0 28
1 0 0 28
1 0 0 28
1 0 0 29
1 0 0 29
1 0 0 29
1 0 0 29
1 0 0 29
1 0 0 29
1 0 0 29
1 0 0 29
1 0 0 29
1 0 0 29
1 0 0 18
1 0 0 18
1 0 0 18
1 0 0 18
1 0 0 30
1 0 0 30
1 0 0 30
1 0 0 30
1 0 0 30
1 0 0 30
1 0 0 30
1 0 0 30
1 0 0 31
1 0 0 31
1 0 0 31
1 0 0 31
1 0 0 31
1 0 0 31
1 0 0 31
1 0 0 31
1 0 0 31
1 0 0 31
1 0 0 30
1 0 0 30
1 0 0 32
1 0 0 32
1 0 0 32
1 0 0 32
1 0 0 33
1 0 0 33
1 0 0 33
1 0 0 33
1 0 0 33
1 0 0 33
1 0 0 33
1 0 0 33
1 0 0 33
1 0 0 33
1 0 0 32
1 0 0 32
1 0 0 32
1 0 0 32
1 0 0 32
1 0 0 32
1 0 0 34
1 0 0 34
1 0 0 34
1 0 0 34
1 0 0 34
1 0 0 34
1 0 0 34
1 0 0 34
1 0 0 34
1 0 0 34
1 0 0 35
1 0 0 35
1 0 0 35
1 0 0 35
1 0 0 35
1 0 0 35
1 0 0 35
1 0 0 35
1 0 0 35
1 0 0 35
1 0 0 36
1 0 0 36
1 0 0 36
1 0 0 36
1 0 0 36
1 0 0 36
1 0 0 36
1 0 0 36
1 0 0 36
1 0 0 36
1 0 0 37
1 0 0 37
1 0 0 37
1 0 0 37
1 0 0 37
1 0 0 37
1 0 0 37
1 0 0 37
1 0 0 37
1 0 0 37
1 0 0 38
1 0 0 38
1 0 0 38
1 0 0 38
1 0 0 38
1 0 0 38
1 0 0 38
1 0 0 38
1 0 0 38
1 0 0 38
1 0 0 39
1 0 0 39
1 0 0 39
1 0 0 39
1 0 0 39
1 0 0 39
1 0 0 39
1 0 0 39
1 0 0 39
1 0 0 39
1 0 0 18
0.1 1 2 -1
0.1 391 3 -1
0.1 7 8 -1
0.1 6 393 -1
0.1 9 10 -1
0.1 395 11 -1
0.1 13 14 -1
0.1 12 397 -1
0.1 396 398 -1
0.1 394 399 -1
0.1 5 400 -1
0.1 15 16 -1
0.1 18 19 -1
0.1 17 403 -1
0.1 402 404 -1
0.1 20 21 -1
0.1 405 406 -1
0.1 23 24 -1
0.1 22 408 -1
0.1 409 25 -1
0.1 29 30 -1
0.1 28 411 -1
0.1 412 31 -1
0.1 27 413 -1
0.1 26 414 -1
0.1 410 415 -1
0.1 407 416 -1
0.1 417 32 -1
0.1 33 34 -1
0.1 418 419 -1
0.1 401 420 -1
0.1 421 35 -1
0.1 422 36 -1
0.1 4 423 -1
0.1 392 424 -1
0.1 38 39 -1
0.1 37 426 -1
0.1 40 41 -1
0.1 428 42 -1
0.1 427 429 -1
0.1 44 45 -1
0.1 431 46 -1
0.1 43 432 -1
0.1 430 433 -1
0.1 47 48 -1
0.1 49 50 -1
0.1 53 54 -1
0.1 437 55 -1
0.1 52 438 -1
0.1 51 439 -1
0.1 436 440 -1
0.1 435 441 -1
0.1 434 442 -1
0.1 443 56 -1
0.1 425 444 -1
0.1 60 61 -1
0.1 59 446 -1
0.1 58 447 -1
0.1 57 448 -1
0.1 63 64 -1
0.1 450 65 -1
0.1 62 451 -1
0.1 67 68 -1
0.1 66 453 -1
0.1 70 71 -1
0.1 69 455 -1
0.1 454 456 -1
0.1 452 457 -1
0.1 74 75 -1
0.1 73 459 -1
0.1 460 76 -1
0.1 72 461 -1
0.1 80 81 -1
0.1 85 86 -1
0.1 84 464 -1
0.1 83 465 -1
0.1 82 466 -1
0.1 463 467 -1
0.1 79 468 -1
0.1 78 469 -1
0.1 77 470 -1
0.1 462 471 -1
0.1 458 472 -1
0.1 449 473 -1
0.1 87 88 -1
0.1 89 90 -1
0.1 475 476 -1
0.1 91 92 -1
0.1 93 94 -1
0.1 95 96 -1
0.1 479 480 -1
0.1 478 481 -1
0.1 99 100 -1
0.1 98 483 -1
0.1 97 484 -1
0.1 103 104 -1
0.1 102 486 -1
0.1 487 105 -1
0.1 488 106 -1
0.1 101 489 -1
0.1 485 490 -1
0.1 482 491 -1
0.1 107 108 -1
0.1 109 110 -1
0.1 494 111 -1
0.1 112 113 -1
0.1 114 115 -1
0.1 496 497 -1
0.1 117 118 -1
0.1 116 499 -1
0.1 498 500 -1
0.1 495 501 -1
0.1 119 120 -1
0.1 502 503 -1
0.1 493 504 -1
0.1 492 505 -1
0.1 477 506 -1
0.1 123 124 -1
0.1 122 508 -1
0.1 125 126 -1
0.1 127 128 -1
0.1 510 511 -1
0.1 509 512 -1
0.1 129 130 -1
0.1 513 514 -1
0.1 121 515 -1
0.1 507 516 -1
0.1 134 135 -1
0.1 133 518 -1
0.1 132 519 -1
0.1 520 136 -1
0.1 131 521 -1
0.1 517 522 -1
0.1 474 523 -1
0.1 137 138 -1
0.1 141 142 -1
0.1 140 526 -1
0.1 145 146 -1
0.1 144 528 -1
0.1 143 529 -1
0.1 527 530 -1
0.1 139 531 -1
0.1 525 532 -1
0.1 148 149 -1
0.1 147 534 -1
0.1 151 152 -1
0.1 150 536 -1
0.1 156 157 -1
0.1 155 538 -1
0.1 154 539 -1
0.1 159 160 -1
0.1 161 162 -1
0.1 541 542 -1
0.1 158 543 -1
0.1 540 544 -1
0.1 153 545 -1
0.1 165 166 -1
0.1 164 547 -1
0.1 163 548 -1
0.1 546 549 -1
0.1 537 550 -1
0.1 535 551 -1
0.1 533 552 -1
0.1 168 169 -1
0.1 167 554 -1
0.1 555 170 -1
0.1 553 556 -1
0.1 524 557 -1
0.1 445 558 -1
0.1 559 171 -1
0.1 174 175 -1
0.1 173 561 -1
0.1 176 177 -1
0.1 562 563 -1
0.1 564 178 -1
0.1 172 565 -1
0.1 180 181 -1
0.1 179 567 -1
0.1 566 568 -1
0.1 183 184 -1
0.1 182 570 -1
0.1 571 185 -1
0.1 187 188 -1
0.1 186 573 -1
0.1 189 190 -1
0.1 575 191 -1
0.1 574 576 -1
0.1 572 577 -1
0.1 193 194 -1
0.1 192 579 -1
0.1 196 197 -1
0.1 198 199 -1
0.1 582 200 -1
0.1 581 583 -1
0.1 195 584 -1
0.1 580 585 -1
0.1 586 201 -1
0.1 578 587 -1
0.1 202 203 -1
0.1 588 589 -1
0.1 206 207 -1
0.1 205 591 -1
0.1 208 209 -1
0.1 592 593 -1
0.1 204 594 -1
0.1 211 212 -1
0.1 210 596 -1
0.1 597 213 -1
0.1 595 598 -1
0.1 214 215 -1
0.1 216 217 -1
0.1 601 218 -1
0.1 220 221 -1
0.1 219 603 -1
0.1 602 604 -1
0.1 605 222 -1
0.1 600 606 -1
0.1 599 607 -1
0.1 608 223 -1
0.1 590 609 -1
0.1 225 226 -1
0.1 224 611 -1
0.1 612 227 -1
0.1 613 228 -1
0.1 229 230 -1
0.1 232 233 -1
0.1 231 616 -1
0.1 615 617 -1
0.1 614 618 -1
0.1 610 619 -1
0.1 569 620 -1
0.1 234 235 -1
0.1 238 239 -1
0.1 237 623 -1
0.1 240 241 -1
0.1 242 243 -1
0.1 625 626 -1
0.1 624 627 -1
0.1 236 628 -1
0.1 244 245 -1
0.1 629 630 -1
0.1 250 251 -1
0.1 249 632 -1
0.1 248 633 -1
0.1 253 254 -1
0.1 252 635 -1
0.1 634 636 -1
0.1 255 256 -1
0.1 638 257 -1
0.1 637 639 -1
0.1 247 640 -1
0.1 259 260 -1
0.1 261 262 -1
0.1 642 643 -1
0.1 258 644 -1
0.1 263 264 -1
0.1 645 646 -1
0.1 647 265 -1
0.1 641 648 -1
0.1 246 649 -1
0.1 266 267 -1
0.1 268 269 -1
0.1 651 652 -1
0.1 272 273 -1
0.1 271 654 -1
0.1 270 655 -1
0.1 274 275 -1
0.1 656 657 -1
0.1 653 658 -1
0.1 650 659 -1
0.1 276 277 -1
0.1 661 278 -1
0.1 660 662 -1
0.1 281 282 -1
0.1 280 664 -1
0.1 279 665 -1
0.1 283 284 -1
0.1 666 667 -1
0.1 663 668 -1
0.1 631 669 -1
0.1 670 285 -1
0.1 671 286 -1
0.1 622 672 -1
0.1 290 291 -1
0.1 292 293 -1
0.1 294 295 -1
0.1 675 676 -1
0.1 302 303 -1
0.1 301 678 -1
0.1 300 679 -1
0.1 299 680 -1
0.1 298 681 -1
0.1 305 306 -1
0.1 304 683 -1
0.1 684 307 -1
0.1 682 685 -1
0.1 686 308 -1
0.1 297 687 -1
0.1 688 309 -1
0.1 296 689 -1
0.1 677 690 -1
0.1 674 691 -1
0.1 310 311 -1
0.1 312 313 -1
0.1 315 316 -1
0.1 314 695 -1
0.1 319 320 -1
0.1 321 322 -1
0.1 697 698 -1
0.1 318 699 -1
0.1 700 323 -1
0.1 317 701 -1
0.1 696 702 -1
0.1 324 325 -1
0.1 704 326 -1
0.1 705 327 -1
0.1 328 329 -1
0.1 706 707 -1
0.1 703 708 -1
0.1 694 709 -1
0.1 693 710 -1
0.1 330 331 -1
0.1 712 332 -1
0.1 334 335 -1
0.1 333 714 -1
0.1 337 338 -1
0.1 336 716 -1
0.1 715 717 -1
0.1 713 718 -1
0.1 719 339 -1
0.1 711 720 -1
0.1 342 343 -1
0.1 341 722 -1
0.1 344 345 -1
0.1 346 347 -1
0.1 724 725 -1
0.1 723 726 -1
0.1 340 727 -1
0.1 348 349 -1
0.1 728 729 -1
0.1 351 352 -1
0.1 353 354 -1
0.1 731 732 -1
0.1 355 356 -1
0.1 734 357 -1
0.1 733 735 -1
0.1 350 736 -1
0.1 358 359 -1
0.1 737 738 -1
0.1 360 361 -1
0.1 364 365 -1
0.1 363 741 -1
0.1 742 366 -1
0.1 362 743 -1
0.1 740 744 -1
0.1 368 369 -1
0.1 367 746 -1
0.1 745 747 -1
0.1 739 748 -1
0.1 749 370 -1
0.1 371 372 -1
0.1 751 373 -1
0.1 374 375 -1
0.1 752 753 -1
0.1 378 379 -1
0.1 377 755 -1
0.1 376 756 -1
0.1 754 757 -1
0.1 750 758 -1
0.1 381 382 -1
0.1 383 384 -1
0.1 385 386 -1
0.1 761 762 -1
0.1 760 763 -1
0.1 387 388 -1
0.1 764 765 -1
0.1 380 766 -1
0.1 759 767 -1
0.1 768 389 -1
0.1 730 769 -1
0.1 721 770 -1
0.1 692 771 -1
0.1 289 772 -1
0.1 288 773 -1
0.1 287 774 -1
0.1 775 390 -1
0.1 673 776 -1
0.1 621 777 -1
0.1 560 778 -1
