1 0 0 1
1 0 0 1
1 0 0 2
1 0 0 2
1 0 0 2
1 0 0 2
1 0 0 2
1 0 0 2
1 0 0 2
1 0 0 3
1 0 0 3
1 0 0 3
1 0 0 3
1 0 0 3
1 0 0 3
1 0 0 3
1 0 0 3
1 0 0 3
1 0 0 3
1 0 0 2
1 0 0 2
1 0 0 2
1 0 0 4
1 0 0 4
1 0 0 4
1 0 0 5
1 0 0 5
1 0 0 5
1 0 0 5
1 0 0 5
1 0 0 5
1 0 0 5
1 0 0 5
1 0 0 5
1 0 0 5
1 0 0 6
1 0 0 6
1 0 0 6
1 0 0 6
1 0 0 6
1 0 0 6
1 0 0 6
1 0 0 6
1 0 0 6
1 0 0 1
1 0 0 1
1 0 0 4
1 0 0 4
1 0 0 4
1 0 0 4
1 0 0 4
1 0 0 6
1 0 0 4
1 0 0 4
1 0 0 7
1 0 0 7
1 0 0 7
1 0 0 7
1 0 0 7
1 0 0 7
1 0 0 7
1 0 0 7
1 0 0 1
1 0 0 8
1 0 0 8
1 0 0 8
1 0 0 8
1 0 0 9
1 0 0 9
1 0 0 9
1 0 0 9
1 0 0 9
1 0 0 9
1 0 0 9
1 0 0 9
1 0 0 9
1 0 0 9
1 0 0 8
1 0 0 8
1 0 0 8
1 0 0 10
1 0 0 10
1 0 0 10
1 0 0 10
1 0 0 10
1 0 0 10
1 0 0 10
1 0 0 10
1 0 0 10
1 0 0 10
1 0 0 8
1 0 0 8
1 0 0 8
1 0 0 11
1 0 0 11
1 0 0 11
1 0 0 11
1 0 0 11
1 0 0 11
1 0 0 11
1 0 0 11
1 0 0 11
1 0 0 11
1 0 0 1
1 0 0 12
1 0 0 12
1 0 0 12
1 0 0 12
1 0 0 12
1 0 0 12
1 0 0 12
1 0 0 12
1 0 0 12
1 0 0 12
1 0 0 13
1 0 0 13
1 0 0 13
1 0 0 13
1 0 0 13
1 0 0 13
1 0 0 13
1 0 0 13
1 0 0 13
1 0 0 13
1 0 0 14
1 0 0 14
1 0 0 14
1 0 0 14
1 0 0 15
1 0 0 15
1 0 0 15
1 0 0 15
1 0 0 15
1 0 0 15
1 0 0 15
1 0 0 15
1 0 0 15
1 0 0 15
1 0 0 14
1 0 0 14
1 0 0 14
1 0 0 14
1 0 0 14
1 0 0 14
1 0 0 1
1 0 0 16
1 0 0 16
1 0 0 16
1 0 0 16
1 0 0 16
1 0 0 16
1 0 0 16
1 0 0 16
1 0 0 16
1 0 0 16
1 0 0 1
1 0 0 7
1 0 0 17
1 0 0 17
1 0 0 17
1 0 0 17
1 0 0 17
1 0 0 17
1 0 0 17
1 0 0 17
1 0 0 17
1 0 0 17
1 0 0 18
1 0 0 7
1 0 0 19
1 0 0 19
1 0 0 19
1 0 0 19
1 0 0 19
1 0 0 20
1 0 0 20
1 0 0 20
1 0 0 20
1 0 0 20
1 0 0 20
1 0 0 20
1 0 0 20
1 0 0 20
1 0 0 21
1 0 0 21
1 0 0 21
1 0 0 18
1 0 0 18
1 0 0 21
1 0 0 21
1 0 0 22
1 0 0 22
1 0 0 22
1 0 0 22
1 0 0 22
1 0 0 22
1 0 0 22
1 0 0 22
1 0 0 22
1 0 0 22
1 0 0 21
1 0 0 21
1 0 0 21
1 0 0 21
1 0 0 21
1 0 0 20
1 0 0 19
1 0 0 19
1 0 0 19
1 0 0 19
1 0 0 19
1 0 0 23
1 0 0 23
1 0 0 23
1 0 0 23
1 0 0 23
1 0 0 23
1 0 0 23
1 0 0 23
1 0 0 23
1 0 0 23
1 0 0 1
1 0 0 24
1 0 0 24
1 0 0 24
1 0 0 24
1 0 0 24
1 0 0 24
1 0 0 25
1 0 0 26
1 0 0 26
1 0 0 26
1 0 0 26
1 0 0 26
1 0 0 26
1 0 0 26
1 0 0 26
1 0 0 26
1 0 0 26
1 0 0 25
1 0 0 25
1 0 0 27
1 0 0 27
1 0 0 27
1 0 0 27
1 0 0 27
1 0 0 27
1 0 0 27
1 0 0 27
1 0 0 27
1 0 0 27
1 0 0 25
1 0 0 25
1 0 0 25
1 0 0 28
1 0 0 28
1 0 0 28
1 0 0 28
1 0 0 28
1 0 0 28
1 0 0 28
1 0 0 28
1 0 0 28
1 0 0 28
1 0 0 25
1 0 0 25
1 0 0 24
1 0 0 24
1 0 0 24
1 0 0 24
1 0 0 25
1 0 0 25
1 0 0 1
1 0 0 18
1 0 0 18
1 0 0 18
1 0 0 18
1 0 0 18
1 0 0 18
1 0 0 18
0.1 1 2 -1
0.1 7 8 -1
0.1 13 14 -1
0.1 283 15 -1
0.1 12 284 -1
0.1 11 285 -1
0.1 286 16 -1
0.1 287 17 -1
0.1 10 288 -1
0.1 18 19 -1
0.1 289 290 -1
0.1 291 20 -1
0.1 9 292 -1
0.1 282 293 -1
0.1 6 294 -1
0.1 21 22 -1
0.1 295 296 -1
0.1 5 297 -1
0.1 4 298 -1
0.1 3 299 -1
0.1 24 25 -1
0.1 23 301 -1
0.1 29 30 -1
0.1 28 303 -1
0.1 31 32 -1
0.1 33 34 -1
0.1 306 35 -1
0.1 305 307 -1
0.1 304 308 -1
0.1 27 309 -1
0.1 26 310 -1
0.1 38 39 -1
0.1 37 312 -1
0.1 36 313 -1
0.1 42 43 -1
0.1 41 315 -1
0.1 40 316 -1
0.1 317 44 -1
0.1 314 318 -1
0.1 45 46 -1
0.1 319 320 -1
0.1 311 321 -1
0.1 302 322 -1
0.1 47 48 -1
0.1 49 50 -1
0.1 325 51 -1
0.1 324 326 -1
0.1 323 327 -1
0.1 328 52 -1
0.1 53 54 -1
0.1 329 330 -1
0.1 55 56 -1
0.1 331 332 -1
0.1 300 333 -1
0.1 281 334 -1
0.1 58 59 -1
0.1 57 336 -1
0.1 60 61 -1
0.1 338 62 -1
0.1 337 339 -1
0.1 65 66 -1
0.1 64 341 -1
0.1 342 67 -1
0.1 68 69 -1
0.1 72 73 -1
0.1 71 345 -1
0.1 346 74 -1
0.1 70 347 -1
0.1 75 76 -1
0.1 349 77 -1
0.1 348 350 -1
0.1 344 351 -1
0.1 352 78 -1
0.1 343 353 -1
0.1 79 80 -1
0.1 81 82 -1
0.1 356 83 -1
0.1 357 84 -1
0.1 87 88 -1
0.1 86 359 -1
0.1 85 360 -1
0.1 89 90 -1
0.1 361 362 -1
0.1 358 363 -1
0.1 364 91 -1
0.1 355 365 -1
0.1 92 93 -1
0.1 366 367 -1
0.1 354 368 -1
0.1 94 95 -1
0.1 370 96 -1
0.1 371 97 -1
0.1 99 100 -1
0.1 373 101 -1
0.1 102 103 -1
0.1 374 375 -1
0.1 98 376 -1
0.1 372 377 -1
0.1 369 378 -1
0.1 379 104 -1
0.1 63 380 -1
0.1 105 106 -1
0.1 382 107 -1
0.1 108 109 -1
0.1 384 110 -1
0.1 383 385 -1
0.1 113 114 -1
0.1 112 387 -1
0.1 111 388 -1
0.1 386 389 -1
0.1 115 116 -1
0.1 117 118 -1
0.1 119 120 -1
0.1 392 393 -1
0.1 121 122 -1
0.1 395 123 -1
0.1 394 396 -1
0.1 397 124 -1
0.1 391 398 -1
0.1 390 399 -1
0.1 127 128 -1
0.1 131 132 -1
0.1 130 402 -1
0.1 133 134 -1
0.1 135 136 -1
0.1 404 405 -1
0.1 403 406 -1
0.1 129 407 -1
0.1 137 138 -1
0.1 408 409 -1
0.1 410 139 -1
0.1 401 411 -1
0.1 141 142 -1
0.1 140 413 -1
0.1 412 414 -1
0.1 126 415 -1
0.1 143 144 -1
0.1 416 417 -1
0.1 147 148 -1
0.1 419 149 -1
0.1 420 150 -1
0.1 153 154 -1
0.1 152 422 -1
0.1 151 423 -1
0.1 424 155 -1
0.1 421 425 -1
0.1 146 426 -1
0.1 145 427 -1
0.1 428 156 -1
0.1 418 429 -1
0.1 125 430 -1
0.1 400 431 -1
0.1 381 432 -1
0.1 433 157 -1
0.1 340 434 -1
0.1 335 435 -1
0.1 159 160 -1
0.1 437 161 -1
0.1 158 438 -1
0.1 439 162 -1
0.1 440 163 -1
0.1 441 164 -1
0.1 176 177 -1
0.1 181 182 -1
0.1 187 188 -1
0.1 445 189 -1
0.1 186 446 -1
0.1 447 190 -1
0.1 193 194 -1
0.1 192 449 -1
0.1 195 196 -1
0.1 198 199 -1
0.1 197 452 -1
0.1 451 453 -1
0.1 454 200 -1
0.1 450 455 -1
0.1 191 456 -1
0.1 457 201 -1
0.1 448 458 -1
0.1 185 459 -1
0.1 203 204 -1
0.1 202 461 -1
0.1 460 462 -1
0.1 463 205 -1
0.1 184 464 -1
0.1 183 465 -1
0.1 466 206 -1
0.1 444 467 -1
0.1 180 468 -1
0.1 179 469 -1
0.1 178 470 -1
0.1 443 471 -1
0.1 175 472 -1
0.1 473 207 -1
0.1 474 208 -1
0.1 174 475 -1
0.1 476 209 -1
0.1 173 477 -1
0.1 172 478 -1
0.1 479 210 -1
0.1 480 211 -1
0.1 171 481 -1
0.1 170 482 -1
0.1 213 214 -1
0.1 212 484 -1
0.1 217 218 -1
0.1 216 486 -1
0.1 215 487 -1
0.1 485 488 -1
0.1 219 220 -1
0.1 490 221 -1
0.1 489 491 -1
0.1 483 492 -1
0.1 224 225 -1
0.1 226 227 -1
0.1 495 228 -1
0.1 494 496 -1
0.1 231 232 -1
0.1 230 498 -1
0.1 229 499 -1
0.1 235 236 -1
0.1 237 238 -1
0.1 501 502 -1
0.1 234 503 -1
0.1 504 239 -1
0.1 233 505 -1
0.1 500 506 -1
0.1 240 241 -1
0.1 507 508 -1
0.1 242 243 -1
0.1 244 245 -1
0.1 510 511 -1
0.1 246 247 -1
0.1 248 249 -1
0.1 513 514 -1
0.1 515 250 -1
0.1 512 516 -1
0.1 517 251 -1
0.1 255 256 -1
0.1 519 257 -1
0.1 520 258 -1
0.1 260 261 -1
0.1 522 262 -1
0.1 259 523 -1
0.1 263 264 -1
0.1 524 525 -1
0.1 521 526 -1
0.1 254 527 -1
0.1 253 528 -1
0.1 252 529 -1
0.1 267 268 -1
0.1 531 269 -1
0.1 532 270 -1
0.1 533 271 -1
0.1 266 534 -1
0.1 265 535 -1
0.1 530 536 -1
0.1 518 537 -1
0.1 509 538 -1
0.1 539 272 -1
0.1 497 540 -1
0.1 223 541 -1
0.1 222 542 -1
0.1 543 273 -1
0.1 493 544 -1
0.1 169 545 -1
0.1 168 546 -1
0.1 167 547 -1
0.1 166 548 -1
0.1 165 549 -1
0.1 442 550 -1
0.1 274 275 -1
0.1 552 276 -1
0.1 553 277 -1
0.1 554 278 -1
0.1 555 279 -1
0.1 556 280 -1
0.1 551 557 -1
0.1 436 558 -1
