1 0 0 1
1 0 0 1
1 0 0 1
1 0 0 1
1 0 0 1
1 0 0 1
1 0 0 1
1 0 0 1
1 0 0 1
1 0 0 2
1 0 0 2
1 0 0 2
1 0 0 2
1 0 0 2
1 0 0 2
1 0 0 2
1 0 0 2
1 0 0 2
1 0 0 2
1 0 0 3
1 0 0 3
1 0 0 3
1 0 0 3
1 0 0 4
1 0 0 4
1 0 0 4
1 0 0 4
1 0 0 4
1 0 0 4
1 0 0 4
1 0 0 4
1 0 0 4
1 0 0 4
1 0 0 3
1 0 0 3
1 0 0 3
1 0 0 3
1 0 0 3
1 0 0 3
1 0 0 5
1 0 0 6
1 0 0 6
1 0 0 6
1 0 0 6
1 0 0 6
1 0 0 6
1 0 0 6
1 0 0 6
1 0 0 6
1 0 0 6
1 0 0 5
1 0 0 7
1 0 0 7
1 0 0 7
1 0 0 7
1 0 0 7
1 0 0 7
1 0 0 7
1 0 0 7
1 0 0 7
1 0 0 7
1 0 0 8
1 0 0 8
1 0 0 8
1 0 0 8
1 0 0 8
1 0 0 8
1 0 0 8
1 0 0 8
1 0 0 8
1 0 0 8
1 0 0 1
1 0 0 5
1 0 0 5
1 0 0 5
1 0 0 5
1 0 0 5
1 0 0 9
1 0 0 9
1 0 0 9
1 0 0 10
1 0 0 10
1 0 0 10
1 0 0 10
1 0 0 10
1 0 0 10
1 0 0 10
1 0 0 10
1 0 0 10
1 0 0 10
1 0 0 9
1 0 0 9
1 0 0 9
1 0 0 9
1 0 0 9
1 0 0 9
1 0 0 9
1 0 0 11
1 0 0 11
1 0 0 11
1 0 0 11
1 0 0 11
1 0 0 11
1 0 0 11
1 0 0 11
1 0 0 11
1 0 0 11
1 0 0 5
1 0 0 5
1 0 0 12
1 0 0 12
1 0 0 12
1 0 0 12
1 0 0 12
1 0 0 12
1 0 0 12
1 0 0 12
1 0 0 12
1 0 0 12
1 0 0 13
1 0 0 13
1 0 0 13
1 0 0 13
1 0 0 13
1 0 0 13
1 0 0 13
1 0 0 13
1 0 0 13
1 0 0 13
1 0 0 14
1 0 0 14
1 0 0 14
1 0 0 14
1 0 0 14
1 0 0 14
1 0 0 14
1 0 0 14
1 0 0 14
1 0 0 14
1 0 0 5
0.1 1 2 -1
0.1 4 5 -1
0.1 142 6 -1
0.1 143 7 -1
0.1 3 144 -1
0.1 141 145 -1
0.1 8 9 -1
0.1 12 13 -1
0.1 148 14 -1
0.1 149 15 -1
0.1 17 18 -1
0.1 151 19 -1
0.1 16 152 -1
0.1 150 153 -1
0.1 11 154 -1
0.1 21 22 -1
0.1 156 23 -1
0.1 20 157 -1
0.1 25 26 -1
0.1 24 159 -1
0.1 29 30 -1
0.1 28 161 -1
0.1 27 162 -1
0.1 160 163 -1
0.1 31 32 -1
0.1 165 33 -1
0.1 164 166 -1
0.1 34 35 -1
0.1 167 168 -1
0.1 158 169 -1
0.1 36 37 -1
0.1 171 38 -1
0.1 172 39 -1
0.1 170 173 -1
0.1 155 174 -1
0.1 10 175 -1
0.1 41 42 -1
0.1 43 44 -1
0.1 177 178 -1
0.1 179 45 -1
0.1 47 48 -1
0.1 46 181 -1
0.1 49 50 -1
0.1 182 183 -1
0.1 180 184 -1
0.1 40 185 -1
0.1 52 53 -1
0.1 187 54 -1
0.1 56 57 -1
0.1 60 61 -1
0.1 59 190 -1
0.1 58 191 -1
0.1 189 192 -1
0.1 55 193 -1
0.1 64 65 -1
0.1 195 66 -1
0.1 68 69 -1
0.1 70 71 -1
0.1 197 198 -1
0.1 67 199 -1
0.1 196 200 -1
0.1 63 201 -1
0.1 62 202 -1
0.1 194 203 -1
0.1 188 204 -1
0.1 51 205 -1
0.1 186 206 -1
0.1 176 207 -1
0.1 147 208 -1
0.1 146 209 -1
0.1 73 74 -1
0.1 75 76 -1
0.1 212 77 -1
0.1 211 213 -1
0.1 79 80 -1
0.1 83 84 -1
0.1 82 216 -1
0.1 217 85 -1
0.1 81 218 -1
0.1 86 87 -1
0.1 89 90 -1
0.1 88 221 -1
0.1 220 222 -1
0.1 219 223 -1
0.1 91 92 -1
0.1 94 95 -1
0.1 93 226 -1
0.1 225 227 -1
0.1 96 97 -1
0.1 228 229 -1
0.1 224 230 -1
0.1 215 231 -1
0.1 78 232 -1
0.1 98 99 -1
0.1 101 102 -1
0.1 100 235 -1
0.1 106 107 -1
0.1 105 237 -1
0.1 104 238 -1
0.1 103 239 -1
0.1 236 240 -1
0.1 234 241 -1
0.1 233 242 -1
0.1 214 243 -1
0.1 108 109 -1
0.1 244 245 -1
0.1 111 112 -1
0.1 110 247 -1
0.1 115 116 -1
0.1 114 249 -1
0.1 118 119 -1
0.1 117 251 -1
0.1 250 252 -1
0.1 113 253 -1
0.1 248 254 -1
0.1 246 255 -1
0.1 72 256 -1
0.1 122 123 -1
0.1 121 258 -1
0.1 120 259 -1
0.1 124 125 -1
0.1 260 261 -1
0.1 128 129 -1
0.1 127 263 -1
0.1 126 264 -1
0.1 262 265 -1
0.1 132 133 -1
0.1 131 267 -1
0.1 136 137 -1
0.1 135 269 -1
0.1 134 270 -1
0.1 268 271 -1
0.1 130 272 -1
0.1 138 139 -1
0.1 273 274 -1
0.1 266 275 -1
0.1 276 140 -1
0.1 257 277 -1
0.1 210 278 -1
