1 0 0 1
1 0 0 2
1 0 0 1
1 0 0 1
1 0 0 1
1 0 0 1
1 0 0 3
1 0 0 3
1 0 0 3
1 0 0 3
1 0 0 3
1 0 0 3
1 0 0 3
1 0 0 3
1 0 0 3
1 0 0 3
1 0 0 1
1 0 0 1
1 0 0 1
1 0 0 4
1 0 0 4
1 0 0 4
1 0 0 5
1 0 0 5
1 0 0 5
1 0 0 6
1 0 0 6
1 0 0 6
1 0 0 6
1 0 0 6
1 0 0 6
1 0 0 6
1 0 0 6
1 0 0 6
1 0 0 6
1 0 0 5
1 0 0 5
1 0 0 5
1 0 0 5
1 0 0 5
1 0 0 5
1 0 0 5
1 0 0 4
1 0 0 4
1 0 0 4
1 0 0 4
1 0 0 4
1 0 0 4
1 0 0 4
1 0 0 2
1 0 0 2
1 0 0 2
1 0 0 2
1 0 0 2
1 0 0 2
1 0 0 2
1 0 0 2
1 0 0 2
1 0 0 7
1 0 0 7
1 0 0 7
1 0 0 7
1 0 0 7
1 0 0 7
1 0 0 7
1 0 0 7
1 0 0 7
1 0 0 7
1 0 0 8
1 0 0 8
1 0 0 8
1 0 0 8
1 0 0 8
1 0 0 8
1 0 0 8
1 0 0 8
1 0 0 8
1 0 0 8
1 0 0 1
1 0 0 9
1 0 0 10
1 0 0 10
1 0 0 10
1 0 0 10
1 0 0 10
1 0 0 10
1 0 0 10
1 0 0 10
1 0 0 10
1 0 0 10
1 0 0 9
1 0 0 9
1 0 0 9
1 0 0 9
1 0 0 9
1 0 0 9
1 0 0 9
1 0 0 9
1 0 0 9
1 0 0 1
1 0 0 11
1 0 0 11
1 0 0 11
1 0 0 11
1 0 0 11
1 0 0 11
1 0 0 11
1 0 0 11
1 0 0 11
1 0 0 11
1 0 0 12
1 0 0 12
1 0 0 12
1 0 0 12
1 0 0 12
1 0 0 12
1 0 0 12
1 0 0 12
1 0 0 12
1 0 0 12
1 0 0 13
1 0 0 13
1 0 0 13
1 0 0 13
1 0 0 13
1 0 0 13
1 0 0 13
1 0 0 13
1 0 0 13
1 0 0 13
1 0 0 14
1 0 0 14
1 0 0 14
1 0 0 14
1 0 0 14
1 0 0 14
1 0 0 14
1 0 0 14
1 0 0 14
1 0 0 14
0.1 2 3 -1
0.1 1 141 -1
0.1 4 5 -1
0.1 8 9 -1
0.1 7 144 -1
0.1 11 12 -1
0.1 15 16 -1
0.1 14 147 -1
0.1 13 148 -1
0.1 146 149 -1
0.1 10 150 -1
0.1 145 151 -1
0.1 6 152 -1
0.1 143 153 -1
0.1 142 154 -1
0.1 17 18 -1
0.1 156 19 -1
0.1 21 22 -1
0.1 24 25 -1
0.1 23 159 -1
0.1 26 27 -1
0.1 29 30 -1
0.1 28 162 -1
0.1 34 35 -1
0.1 33 164 -1
0.1 32 165 -1
0.1 31 166 -1
0.1 163 167 -1
0.1 161 168 -1
0.1 38 39 -1
0.1 37 170 -1
0.1 171 40 -1
0.1 36 172 -1
0.1 169 173 -1
0.1 41 42 -1
0.1 174 175 -1
0.1 160 176 -1
0.1 44 45 -1
0.1 178 46 -1
0.1 43 179 -1
0.1 48 49 -1
0.1 47 181 -1
0.1 180 182 -1
0.1 177 183 -1
0.1 158 184 -1
0.1 20 185 -1
0.1 157 186 -1
0.1 50 51 -1
0.1 53 54 -1
0.1 189 55 -1
0.1 190 56 -1
0.1 52 191 -1
0.1 188 192 -1
0.1 57 58 -1
0.1 193 194 -1
0.1 187 195 -1
0.1 155 196 -1
0.1 62 63 -1
0.1 61 198 -1
0.1 66 67 -1
0.1 65 200 -1
0.1 64 201 -1
0.1 199 202 -1
0.1 60 203 -1
0.1 204 68 -1
0.1 59 205 -1
0.1 71 72 -1
0.1 70 207 -1
0.1 69 208 -1
0.1 73 74 -1
0.1 77 78 -1
0.1 76 211 -1
0.1 75 212 -1
0.1 210 213 -1
0.1 209 214 -1
0.1 206 215 -1
0.1 81 82 -1
0.1 217 83 -1
0.1 85 86 -1
0.1 89 90 -1
0.1 88 220 -1
0.1 87 221 -1
0.1 219 222 -1
0.1 84 223 -1
0.1 218 224 -1
0.1 225 91 -1
0.1 93 94 -1
0.1 92 227 -1
0.1 95 96 -1
0.1 97 98 -1
0.1 230 99 -1
0.1 229 231 -1
0.1 228 232 -1
0.1 226 233 -1
0.1 80 234 -1
0.1 79 235 -1
0.1 236 100 -1
0.1 103 104 -1
0.1 238 105 -1
0.1 239 106 -1
0.1 108 109 -1
0.1 241 110 -1
0.1 107 242 -1
0.1 240 243 -1
0.1 112 113 -1
0.1 111 245 -1
0.1 116 117 -1
0.1 115 247 -1
0.1 114 248 -1
0.1 246 249 -1
0.1 118 119 -1
0.1 251 120 -1
0.1 250 252 -1
0.1 121 122 -1
0.1 253 254 -1
0.1 123 124 -1
0.1 256 125 -1
0.1 257 126 -1
0.1 128 129 -1
0.1 259 130 -1
0.1 127 260 -1
0.1 258 261 -1
0.1 255 262 -1
0.1 244 263 -1
0.1 102 264 -1
0.1 101 265 -1
0.1 131 132 -1
0.1 133 134 -1
0.1 267 268 -1
0.1 269 135 -1
0.1 137 138 -1
0.1 136 271 -1
0.1 139 140 -1
0.1 272 273 -1
0.1 270 274 -1
0.1 266 275 -1
0.1 237 276 -1
0.1 216 277 -1
0.1 197 278 -1
