1 0 0 1
1 0 0 1
1 0 0 1
1 0 0 1
1 0 0 1
1 0 0 1
1 0 0 1
1 0 0 1
1 0 0 1
1 0 0 1
1 0 0 2
1 0 0 2
1 0 0 2
1 0 0 2
1 0 0 2
1 0 0 2
1 0 0 2
1 0 0 2
1 0 0 2
1 0 0 2
1 0 0 3
1 0 0 3
1 0 0 4
1 0 0 4
1 0 0 3
1 0 0 3
1 0 0 3
1 0 0 5
1 0 0 5
1 0 0 5
1 0 0 5
1 0 0 5
1 0 0 6
1 0 0 6
1 0 0 6
1 0 0 6
1 0 0 6
1 0 0 6
1 0 0 6
1 0 0 6
1 0 0 7
1 0 0 7
1 0 0 7
1 0 0 6
1 0 0 6
1 0 0 8
1 0 0 8
1 0 0 8
1 0 0 8
1 0 0 8
1 0 0 8
1 0 0 8
1 0 0 8
1 0 0 8
1 0 0 8
1 0 0 9
1 0 0 9
1 0 0 9
1 0 0 9
1 0 0 9
1 0 0 9
1 0 0 9
1 0 0 9
1 0 0 9
1 0 0 9
1 0 0 7
1 0 0 7
1 0 0 7
1 0 0 7
1 0 0 7
1 0 0 7
1 0 0 7
1 0 0 10
1 0 0 10
1 0 0 10
1 0 0 10
1 0 0 10
1 0 0 10
1 0 0 10
1 0 0 10
1 0 0 10
1 0 0 10
1 0 0 11
1 0 0 11
1 0 0 11
1 0 0 11
1 0 0 11
1 0 0 11
1 0 0 11
1 0 0 11
1 0 0 11
1 0 0 11
1 0 0 12
1 0 0 12
1 0 0 12
1 0 0 12
1 0 0 12
1 0 0 12
1 0 0 12
1 0 0 12
1 0 0 12
1 0 0 12
1 0 0 4
1 0 0 4
1 0 0 13
1 0 0 14
1 0 0 14
1 0 0 14
1 0 0 14
1 0 0 14
1 0 0 14
1 0 0 14
1 0 0 14
1 0 0 14
1 0 0 14
1 0 0 13
1 0 0 13
1 0 0 13
1 0 0 13
1 0 0 13
1 0 0 13
1 0 0 13
1 0 0 13
1 0 0 13
1 0 0 15
1 0 0 15
1 0 0 15
1 0 0 15
1 0 0 15
1 0 0 15
1 0 0 4
1 0 0 4
1 0 0 4
1 0 0 4
1 0 0 4
1 0 0 16
1 0 0 16
1 0 0 16
1 0 0 16
1 0 0 16
1 0 0 16
1 0 0 16
1 0 0 16
1 0 0 16
1 0 0 16
1 0 0 15
1 0 0 15
1 0 0 15
1 0 0 15
1 0 0 5
1 0 0 5
1 0 0 5
1 0 0 5
1 0 0 5
1 0 0 4
1 0 0 3
1 0 0 17
1 0 0 17
1 0 0 17
1 0 0 17
1 0 0 17
1 0 0 17
1 0 0 17
1 0 0 17
1 0 0 17
1 0 0 17
1 0 0 3
1 0 0 3
1 0 0 3
1 0 0 3
1 0 0 18
1 0 0 18
1 0 0 18
1 0 0 18
1 0 0 18
1 0 0 18
1 0 0 18
1 0 0 18
1 0 0 18
1 0 0 18
1 0 0 19
1 0 0 20
1 0 0 20
1 0 0 20
1 0 0 20
1 0 0 20
1 0 0 20
1 0 0 20
1 0 0 20
1 0 0 20
1 0 0 20
1 0 0 19
1 0 0 19
1 0 0 19
1 0 0 19
1 0 0 19
1 0 0 21
1 0 0 21
1 0 0 21
1 0 0 21
1 0 0 21
1 0 0 21
1 0 0 21
1 0 0 21
1 0 0 21
1 0 0 22
1 0 0 22
1 0 0 22
1 0 0 22
1 0 0 22
1 0 0 22
1 0 0 22
1 0 0 22
1 0 0 22
1 0 0 22
1 0 0 21
1 0 0 19
1 0 0 19
1 0 0 19
1 0 0 19
0.1 1 2 -1
0.1 4 5 -1
0.1 3 222 -1
0.1 221 223 -1
0.1 8 9 -1
0.1 225 10 -1
0.1 7 226 -1
0.1 6 227 -1
0.1 224 228 -1
0.1 13 14 -1
0.1 12 230 -1
0.1 15 16 -1
0.1 232 17 -1
0.1 231 233 -1
0.1 234 18 -1
0.1 19 20 -1
0.1 235 236 -1
0.1 11 237 -1
0.1 229 238 -1
0.1 21 22 -1
0.1 239 240 -1
0.1 23 24 -1
0.1 241 242 -1
0.1 25 26 -1
0.1 28 29 -1
0.1 31 32 -1
0.1 30 246 -1
0.1 245 247 -1
0.1 33 34 -1
0.1 249 35 -1
0.1 250 36 -1
0.1 37 38 -1
0.1 252 39 -1
0.1 253 40 -1
0.1 251 254 -1
0.1 42 43 -1
0.1 41 256 -1
0.1 44 45 -1
0.1 257 258 -1
0.1 255 259 -1
0.1 47 48 -1
0.1 261 49 -1
0.1 46 262 -1
0.1 50 51 -1
0.1 52 53 -1
0.1 264 265 -1
0.1 263 266 -1
0.1 54 55 -1
0.1 267 268 -1
0.1 260 269 -1
0.1 59 60 -1
0.1 58 271 -1
0.1 57 272 -1
0.1 56 273 -1
0.1 62 63 -1
0.1 275 64 -1
0.1 276 65 -1
0.1 61 277 -1
0.1 274 278 -1
0.1 67 68 -1
0.1 71 72 -1
0.1 70 281 -1
0.1 69 282 -1
0.1 280 283 -1
0.1 66 284 -1
0.1 279 285 -1
0.1 270 286 -1
0.1 74 75 -1
0.1 73 288 -1
0.1 77 78 -1
0.1 79 80 -1
0.1 81 82 -1
0.1 291 292 -1
0.1 290 293 -1
0.1 76 294 -1
0.1 289 295 -1
0.1 287 296 -1
0.1 248 297 -1
0.1 83 84 -1
0.1 86 87 -1
0.1 85 300 -1
0.1 299 301 -1
0.1 90 91 -1
0.1 89 303 -1
0.1 304 92 -1
0.1 88 305 -1
0.1 94 95 -1
0.1 93 307 -1
0.1 306 308 -1
0.1 97 98 -1
0.1 96 310 -1
0.1 100 101 -1
0.1 99 312 -1
0.1 313 102 -1
0.1 311 314 -1
0.1 309 315 -1
0.1 302 316 -1
0.1 298 317 -1
0.1 27 318 -1
0.1 244 319 -1
0.1 243 320 -1
0.1 103 104 -1
0.1 106 107 -1
0.1 108 109 -1
0.1 111 112 -1
0.1 110 325 -1
0.1 326 113 -1
0.1 324 327 -1
0.1 323 328 -1
0.1 114 115 -1
0.1 329 330 -1
0.1 117 118 -1
0.1 332 119 -1
0.1 121 122 -1
0.1 123 124 -1
0.1 334 335 -1
0.1 120 336 -1
0.1 333 337 -1
0.1 116 338 -1
0.1 331 339 -1
0.1 105 340 -1
0.1 127 128 -1
0.1 126 342 -1
0.1 125 343 -1
0.1 129 130 -1
0.1 344 345 -1
0.1 341 346 -1
0.1 322 347 -1
0.1 131 132 -1
0.1 134 135 -1
0.1 133 350 -1
0.1 349 351 -1
0.1 139 140 -1
0.1 138 353 -1
0.1 137 354 -1
0.1 136 355 -1
0.1 142 143 -1
0.1 144 145 -1
0.1 357 358 -1
0.1 141 359 -1
0.1 356 360 -1
0.1 146 147 -1
0.1 148 149 -1
0.1 362 363 -1
0.1 361 364 -1
0.1 151 152 -1
0.1 150 366 -1
0.1 153 154 -1
0.1 368 155 -1
0.1 157 158 -1
0.1 160 161 -1
0.1 159 371 -1
0.1 372 162 -1
0.1 163 164 -1
0.1 165 166 -1
0.1 374 375 -1
0.1 373 376 -1
0.1 370 377 -1
0.1 167 168 -1
0.1 379 169 -1
0.1 378 380 -1
0.1 381 170 -1
0.1 156 382 -1
0.1 383 171 -1
0.1 369 384 -1
0.1 367 385 -1
0.1 175 176 -1
0.1 178 179 -1
0.1 177 388 -1
0.1 387 389 -1
0.1 390 180 -1
0.1 174 391 -1
0.1 173 392 -1
0.1 172 393 -1
0.1 386 394 -1
0.1 365 395 -1
0.1 182 183 -1
0.1 184 185 -1
0.1 186 187 -1
0.1 190 191 -1
0.1 189 400 -1
0.1 188 401 -1
0.1 399 402 -1
0.1 398 403 -1
0.1 397 404 -1
0.1 405 192 -1
0.1 194 195 -1
0.1 407 196 -1
0.1 193 408 -1
0.1 198 199 -1
0.1 410 200 -1
0.1 201 202 -1
0.1 411 412 -1
0.1 204 205 -1
0.1 203 414 -1
0.1 413 415 -1
0.1 197 416 -1
0.1 206 207 -1
0.1 210 211 -1
0.1 209 419 -1
0.1 208 420 -1
0.1 212 213 -1
0.1 214 215 -1
0.1 422 423 -1
0.1 421 424 -1
0.1 418 425 -1
0.1 426 216 -1
0.1 417 427 -1
0.1 409 428 -1
0.1 406 429 -1
0.1 218 219 -1
0.1 217 431 -1
0.1 432 220 -1
0.1 430 433 -1
0.1 181 434 -1
0.1 396 435 -1
0.1 352 436 -1
0.1 348 437 -1
0.1 321 438 -1
