1 0 0 1
1 0 0 1
1 0 0 1
1 0 0 1
1 0 0 1
1 0 0 1
1 0 0 2
1 0 0 2
1 0 0 2
1 0 0 3
1 0 0 3
1 0 0 3
1 0 0 3
1 0 0 4
1 0 0 4
1 0 0 5
1 0 0 5
1 0 0 5
1 0 0 5
1 0 0 5
1 0 0 5
1 0 0 5
1 0 0 5
1 0 0 5
1 0 0 5
1 0 0 6
1 0 0 6
1 0 0 7
1 0 0 7
1 0 0 7
1 0 0 7
1 0 0 7
1 0 0 7
1 0 0 8
1 0 0 8
1 0 0 8
1 0 0 8
1 0 0 8
1 0 0 8
1 0 0 7
1 0 0 7
1 0 0 7
1 0 0 7
1 0 0 6
1 0 0 6
1 0 0 6
1 0 0 6
1 0 0 8
1 0 0 8
1 0 0 8
1 0 0 8
1 0 0 6
1 0 0 6
1 0 0 6
1 0 0 6
1 0 0 9
1 0 0 9
1 0 0 9
1 0 0 10
1 0 0 10
1 0 0 10
1 0 0 10
1 0 0 10
1 0 0 10
1 0 0 10
1 0 0 10
1 0 0 10
1 0 0 10
1 0 0 9
1 0 0 11
1 0 0 11
1 0 0 11
1 0 0 11
1 0 0 11
1 0 0 11
1 0 0 11
1 0 0 11
1 0 0 11
1 0 0 11
1 0 0 9
1 0 0 9
1 0 0 12
1 0 0 12
1 0 0 12
1 0 0 12
1 0 0 12
1 0 0 12
1 0 0 12
1 0 0 12
1 0 0 9
1 0 0 9
1 0 0 9
1 0 0 9
1 0 0 12
1 0 0 12
1 0 0 13
1 0 0 13
1 0 0 13
1 0 0 13
1 0 0 13
1 0 0 13
1 0 0 13
1 0 0 13
1 0 0 13
1 0 0 13
1 0 0 14
1 0 0 14
1 0 0 14
1 0 0 14
1 0 0 14
1 0 0 14
1 0 0 14
1 0 0 14
1 0 0 14
1 0 0 14
1 0 0 4
1 0 0 4
1 0 0 4
1 0 0 4
1 0 0 4
1 0 0 4
1 0 0 4
1 0 0 4
1 0 0 15
1 0 0 15
1 0 0 15
1 0 0 15
1 0 0 16
1 0 0 16
1 0 0 17
1 0 0 17
1 0 0 17
1 0 0 1
1 0 0 15
1 0 0 2
1 0 0 2
1 0 0 2
1 0 0 2
1 0 0 2
1 0 0 2
1 0 0 2
1 0 0 16
1 0 0 18
1 0 0 18
1 0 0 18
1 0 0 18
1 0 0 18
1 0 0 18
1 0 0 18
1 0 0 18
1 0 0 18
1 0 0 18
1 0 0 19
1 0 0 19
1 0 0 19
1 0 0 1
1 0 0 1
1 0 0 17
1 0 0 16
1 0 0 16
1 0 0 16
1 0 0 19
1 0 0 19
1 0 0 19
1 0 0 19
1 0 0 19
1 0 0 16
1 0 0 16
1 0 0 16
1 0 0 16
1 0 0 19
1 0 0 19
1 0 0 20
1 0 0 20
1 0 0 20
1 0 0 20
1 0 0 20
1 0 0 20
1 0 0 20
1 0 0 20
1 0 0 20
1 0 0 15
1 0 0 15
1 0 0 15
1 0 0 15
1 0 0 20
1 0 0 15
1 0 0 3
1 0 0 3
1 0 0 3
1 0 0 3
1 0 0 3
1 0 0 3
1 0 0 17
1 0 0 17
1 0 0 17
1 0 0 17
1 0 0 21
1 0 0 21
1 0 0 21
1 0 0 21
1 0 0 21
1 0 0 21
1 0 0 21
1 0 0 21
1 0 0 21
1 0 0 21
1 0 0 1
1 0 0 17
1 0 0 17
0.1 1 2 -1
0.1 3 4 -1
0.1 211 212 -1
0.1 5 6 -1
0.1 213 214 -1
0.1 8 9 -1
0.1 7 216 -1
0.1 215 217 -1
0.1 218 10 -1
0.1 11 12 -1
0.1 18 19 -1
0.1 221 20 -1
0.1 17 222 -1
0.1 16 223 -1
0.1 21 22 -1
0.1 224 225 -1
0.1 15 226 -1
0.1 14 227 -1
0.1 24 25 -1
0.1 23 229 -1
0.1 28 29 -1
0.1 31 32 -1
0.1 30 232 -1
0.1 34 35 -1
0.1 234 36 -1
0.1 37 38 -1
0.1 235 236 -1
0.1 237 39 -1
0.1 40 41 -1
0.1 239 42 -1
0.1 238 240 -1
0.1 241 43 -1
0.1 33 242 -1
0.1 233 243 -1
0.1 231 244 -1
0.1 245 44 -1
0.1 246 45 -1
0.1 247 46 -1
0.1 27 248 -1
0.1 26 249 -1
0.1 49 50 -1
0.1 48 251 -1
0.1 252 51 -1
0.1 52 53 -1
0.1 253 254 -1
0.1 47 255 -1
0.1 250 256 -1
0.1 257 54 -1
0.1 258 55 -1
0.1 230 259 -1
0.1 56 57 -1
0.1 61 62 -1
0.1 60 262 -1
0.1 64 65 -1
0.1 264 66 -1
0.1 63 265 -1
0.1 263 266 -1
0.1 59 267 -1
0.1 67 68 -1
0.1 268 269 -1
0.1 270 69 -1
0.1 72 73 -1
0.1 71 272 -1
0.1 76 77 -1
0.1 274 78 -1
0.1 75 275 -1
0.1 74 276 -1
0.1 277 79 -1
0.1 273 278 -1
0.1 70 279 -1
0.1 271 280 -1
0.1 58 281 -1
0.1 261 282 -1
0.1 80 81 -1
0.1 82 83 -1
0.1 84 85 -1
0.1 286 86 -1
0.1 88 89 -1
0.1 87 288 -1
0.1 287 289 -1
0.1 285 290 -1
0.1 90 91 -1
0.1 92 93 -1
0.1 292 293 -1
0.1 291 294 -1
0.1 284 295 -1
0.1 94 95 -1
0.1 296 297 -1
0.1 283 298 -1
0.1 96 97 -1
0.1 299 300 -1
0.1 100 101 -1
0.1 302 102 -1
0.1 99 303 -1
0.1 98 304 -1
0.1 301 305 -1
0.1 103 104 -1
0.1 307 105 -1
0.1 306 308 -1
0.1 260 309 -1
0.1 107 108 -1
0.1 109 110 -1
0.1 312 111 -1
0.1 311 313 -1
0.1 112 113 -1
0.1 114 115 -1
0.1 315 316 -1
0.1 314 317 -1
0.1 106 318 -1
0.1 310 319 -1
0.1 117 118 -1
0.1 116 321 -1
0.1 322 119 -1
0.1 323 120 -1
0.1 320 324 -1
0.1 228 325 -1
0.1 326 121 -1
0.1 122 123 -1
0.1 327 328 -1
0.1 13 329 -1
0.1 220 330 -1
0.1 219 331 -1
0.1 126 127 -1
0.1 125 333 -1
0.1 124 334 -1
0.1 128 129 -1
0.1 131 132 -1
0.1 130 337 -1
0.1 336 338 -1
0.1 335 339 -1
0.1 340 133 -1
0.1 138 139 -1
0.1 137 342 -1
0.1 140 141 -1
0.1 343 344 -1
0.1 136 345 -1
0.1 135 346 -1
0.1 134 347 -1
0.1 145 146 -1
0.1 144 349 -1
0.1 143 350 -1
0.1 149 150 -1
0.1 148 352 -1
0.1 147 353 -1
0.1 354 151 -1
0.1 351 355 -1
0.1 356 152 -1
0.1 357 153 -1
0.1 358 154 -1
0.1 142 359 -1
0.1 360 155 -1
0.1 348 361 -1
0.1 156 157 -1
0.1 363 158 -1
0.1 160 161 -1
0.1 159 365 -1
0.1 162 163 -1
0.1 168 169 -1
0.1 167 368 -1
0.1 166 369 -1
0.1 165 370 -1
0.1 164 371 -1
0.1 367 372 -1
0.1 366 373 -1
0.1 171 172 -1
0.1 170 375 -1
0.1 374 376 -1
0.1 175 176 -1
0.1 174 378 -1
0.1 173 379 -1
0.1 177 178 -1
0.1 381 179 -1
0.1 180 181 -1
0.1 382 383 -1
0.1 182 183 -1
0.1 384 385 -1
0.1 380 386 -1
0.1 184 185 -1
0.1 186 187 -1
0.1 388 389 -1
0.1 387 390 -1
0.1 377 391 -1
0.1 364 392 -1
0.1 362 393 -1
0.1 191 192 -1
0.1 190 395 -1
0.1 396 193 -1
0.1 189 397 -1
0.1 188 398 -1
0.1 194 195 -1
0.1 196 197 -1
0.1 199 200 -1
0.1 201 202 -1
0.1 402 403 -1
0.1 203 204 -1
0.1 404 405 -1
0.1 406 205 -1
0.1 198 407 -1
0.1 206 207 -1
0.1 408 409 -1
0.1 401 410 -1
0.1 209 210 -1
0.1 208 412 -1
0.1 411 413 -1
0.1 400 414 -1
0.1 399 415 -1
0.1 394 416 -1
0.1 341 417 -1
0.1 332 418 -1
