1 0 0 1
1 0 0 1
1 0 0 2
1 0 0 2
1 0 0 2
1 0 0 2
1 0 0 3
1 0 0 3
1 0 0 3
1 0 0 3
1 0 0 3
1 0 0 3
1 0 0 3
1 0 0 4
1 0 0 4
1 0 0 4
1 0 0 4
1 0 0 5
1 0 0 5
1 0 0 5
1 0 0 5
1 0 0 6
1 0 0 6
1 0 0 6
1 0 0 6
1 0 0 6
1 0 0 6
1 0 0 6
1 0 0 6
1 0 0 6
1 0 0 6
1 0 0 5
1 0 0 5
1 0 0 4
1 0 0 4
1 0 0 4
1 0 0 4
1 0 0 4
1 0 0 4
1 0 0 3
1 0 0 3
1 0 0 3
1 0 0 5
1 0 0 5
1 0 0 5
1 0 0 5
1 0 0 2
1 0 0 7
1 0 0 7
1 0 0 7
1 0 0 2
1 0 0 7
1 0 0 8
1 0 0 8
1 0 0 7
1 0 0 7
1 0 0 7
1 0 0 7
1 0 0 7
1 0 0 7
1 0 0 2
1 0 0 2
1 0 0 9
1 0 0 9
1 0 0 9
1 0 0 10
1 0 0 10
1 0 0 11
1 0 0 11
1 0 0 11
1 0 0 11
1 0 0 11
1 0 0 11
1 0 0 11
1 0 0 11
1 0 0 11
1 0 0 11
1 0 0 10
1 0 0 10
1 0 0 10
1 0 0 10
1 0 0 9
1 0 0 9
1 0 0 10
1 0 0 10
1 0 0 12
1 0 0 12
1 0 0 12
1 0 0 12
1 0 0 12
1 0 0 13
1 0 0 13
1 0 0 12
1 0 0 12
1 0 0 12
1 0 0 12
1 0 0 12
1 0 0 13
1 0 0 13
1 0 0 13
1 0 0 13
1 0 0 13
1 0 0 13
1 0 0 13
1 0 0 13
1 0 0 10
1 0 0 10
1 0 0 9
1 0 0 9
1 0 0 9
1 0 0 9
1 0 0 9
1 0 0 2
1 0 0 2
1 0 0 1
1 0 0 1
1 0 0 1
1 0 0 8
1 0 0 1
1 0 0 1
1 0 0 8
1 0 0 8
1 0 0 8
1 0 0 8
1 0 0 8
1 0 0 1
1 0 0 1
1 0 0 14
1 0 0 15
1 0 0 15
1 0 0 15
1 0 0 15
1 0 0 15
1 0 0 15
1 0 0 14
1 0 0 14
1 0 0 14
1 0 0 14
1 0 0 8
1 0 0 8
1 0 0 16
1 0 0 17
1 0 0 17
1 0 0 17
1 0 0 17
1 0 0 17
1 0 0 16
1 0 0 16
1 0 0 14
1 0 0 14
1 0 0 14
1 0 0 14
1 0 0 16
1 0 0 16
1 0 0 16
1 0 0 16
1 0 0 16
1 0 0 16
1 0 0 18
1 0 0 18
1 0 0 18
1 0 0 18
1 0 0 18
1 0 0 18
1 0 0 18
1 0 0 18
1 0 0 18
1 0 0 18
1 0 0 16
1 0 0 14
1 0 0 15
1 0 0 1
1 0 0 15
1 0 0 15
1 0 0 15
1 0 0 17
1 0 0 17
1 0 0 17
1 0 0 17
1 0 0 17
1 0 0 19
1 0 0 19
1 0 0 19
1 0 0 19
1 0 0 19
1 0 0 19
1 0 0 19
1 0 0 19
1 0 0 19
1 0 0 19
1 0 0 20
1 0 0 20
1 0 0 20
1 0 0 20
1 0 0 20
1 0 0 20
1 0 0 20
1 0 0 20
1 0 0 20
1 0 0 20
1 0 0 21
1 0 0 21
1 0 0 21
1 0 0 21
1 0 0 21
1 0 0 21
1 0 0 21
1 0 0 21
1 0 0 21
1 0 0 21
0.1 1 2 -1
0.1 3 4 -1
0.1 212 5 -1
0.1 11 12 -1
0.1 214 13 -1
0.1 10 215 -1
0.1 9 216 -1
0.1 14 15 -1
0.1 19 20 -1
0.1 18 219 -1
0.1 22 23 -1
0.1 25 26 -1
0.1 24 222 -1
0.1 221 223 -1
0.1 29 30 -1
0.1 28 225 -1
0.1 27 226 -1
0.1 224 227 -1
0.1 228 31 -1
0.1 229 32 -1
0.1 21 230 -1
0.1 220 231 -1
0.1 17 232 -1
0.1 34 35 -1
0.1 234 36 -1
0.1 33 235 -1
0.1 233 236 -1
0.1 16 237 -1
0.1 37 38 -1
0.1 238 239 -1
0.1 240 39 -1
0.1 218 241 -1
0.1 217 242 -1
0.1 8 243 -1
0.1 40 41 -1
0.1 245 42 -1
0.1 244 246 -1
0.1 7 247 -1
0.1 45 46 -1
0.1 44 249 -1
0.1 43 250 -1
0.1 248 251 -1
0.1 6 252 -1
0.1 49 50 -1
0.1 48 254 -1
0.1 53 54 -1
0.1 256 55 -1
0.1 52 257 -1
0.1 57 58 -1
0.1 56 259 -1
0.1 59 60 -1
0.1 260 261 -1
0.1 258 262 -1
0.1 263 61 -1
0.1 264 62 -1
0.1 51 265 -1
0.1 64 65 -1
0.1 63 267 -1
0.1 66 67 -1
0.1 68 69 -1
0.1 270 70 -1
0.1 72 73 -1
0.1 272 74 -1
0.1 273 75 -1
0.1 71 274 -1
0.1 271 275 -1
0.1 276 76 -1
0.1 277 77 -1
0.1 78 79 -1
0.1 80 81 -1
0.1 279 280 -1
0.1 278 281 -1
0.1 269 282 -1
0.1 82 83 -1
0.1 87 88 -1
0.1 86 285 -1
0.1 89 90 -1
0.1 286 287 -1
0.1 91 92 -1
0.1 94 95 -1
0.1 290 96 -1
0.1 291 97 -1
0.1 93 292 -1
0.1 289 293 -1
0.1 288 294 -1
0.1 85 295 -1
0.1 99 100 -1
0.1 297 101 -1
0.1 103 104 -1
0.1 102 299 -1
0.1 300 105 -1
0.1 298 301 -1
0.1 98 302 -1
0.1 296 303 -1
0.1 84 304 -1
0.1 106 107 -1
0.1 305 306 -1
0.1 284 307 -1
0.1 283 308 -1
0.1 268 309 -1
0.1 109 110 -1
0.1 111 112 -1
0.1 311 312 -1
0.1 108 313 -1
0.1 310 314 -1
0.1 266 315 -1
0.1 255 316 -1
0.1 47 317 -1
0.1 253 318 -1
0.1 213 319 -1
0.1 113 114 -1
0.1 320 321 -1
0.1 211 322 -1
0.1 323 115 -1
0.1 119 120 -1
0.1 118 325 -1
0.1 117 326 -1
0.1 122 123 -1
0.1 328 124 -1
0.1 329 125 -1
0.1 121 330 -1
0.1 331 126 -1
0.1 327 332 -1
0.1 116 333 -1
0.1 129 130 -1
0.1 133 134 -1
0.1 132 336 -1
0.1 131 337 -1
0.1 335 338 -1
0.1 339 135 -1
0.1 340 136 -1
0.1 128 341 -1
0.1 139 140 -1
0.1 343 141 -1
0.1 142 143 -1
0.1 144 145 -1
0.1 345 346 -1
0.1 347 146 -1
0.1 344 348 -1
0.1 147 148 -1
0.1 349 350 -1
0.1 149 150 -1
0.1 352 151 -1
0.1 353 152 -1
0.1 351 354 -1
0.1 138 355 -1
0.1 137 356 -1
0.1 153 154 -1
0.1 155 156 -1
0.1 358 359 -1
0.1 157 158 -1
0.1 159 160 -1
0.1 161 162 -1
0.1 362 363 -1
0.1 163 164 -1
0.1 364 365 -1
0.1 366 165 -1
0.1 367 166 -1
0.1 368 167 -1
0.1 369 168 -1
0.1 361 370 -1
0.1 371 169 -1
0.1 360 372 -1
0.1 357 373 -1
0.1 342 374 -1
0.1 375 170 -1
0.1 171 172 -1
0.1 377 173 -1
0.1 376 378 -1
0.1 174 175 -1
0.1 176 177 -1
0.1 178 179 -1
0.1 381 382 -1
0.1 181 182 -1
0.1 384 183 -1
0.1 385 184 -1
0.1 386 185 -1
0.1 387 186 -1
0.1 188 189 -1
0.1 187 389 -1
0.1 390 190 -1
0.1 388 391 -1
0.1 180 392 -1
0.1 383 393 -1
0.1 380 394 -1
0.1 192 193 -1
0.1 191 396 -1
0.1 395 397 -1
0.1 379 398 -1
0.1 127 399 -1
0.1 194 195 -1
0.1 197 198 -1
0.1 196 402 -1
0.1 401 403 -1
0.1 404 199 -1
0.1 405 200 -1
0.1 203 204 -1
0.1 205 206 -1
0.1 407 408 -1
0.1 202 409 -1
0.1 208 209 -1
0.1 207 411 -1
0.1 410 412 -1
0.1 201 413 -1
0.1 414 210 -1
0.1 406 415 -1
0.1 400 416 -1
0.1 334 417 -1
0.1 324 418 -1
