1 0 0 1
1 0 0 1
1 0 0 1
1 0 0 1
1 0 0 1
1 0 0 1
1 0 0 2
1 0 0 2
1 0 0 2
1 0 0 2
1 0 0 2
1 0 0 2
1 0 0 2
1 0 0 2
1 0 0 2
1 0 0 2
1 0 0 3
1 0 0 4
1 0 0 5
1 0 0 5
1 0 0 5
1 0 0 6
1 0 0 6
1 0 0 6
1 0 0 6
1 0 0 6
1 0 0 6
1 0 0 6
1 0 0 6
1 0 0 7
1 0 0 7
1 0 0 7
1 0 0 7
1 0 0 7
1 0 0 7
1 0 0 7
1 0 0 7
1 0 0 7
1 0 0 7
1 0 0 6
1 0 0 6
1 0 0 5
1 0 0 5
1 0 0 5
1 0 0 4
1 0 0 4
1 0 0 4
1 0 0 4
1 0 0 8
1 0 0 8
1 0 0 8
1 0 0 8
1 0 0 8
1 0 0 8
1 0 0 8
1 0 0 8
1 0 0 8
1 0 0 8
1 0 0 5
1 0 0 5
1 0 0 5
1 0 0 5
1 0 0 4
1 0 0 4
1 0 0 4
1 0 0 4
1 0 0 9
1 0 0 9
1 0 0 9
1 0 0 9
1 0 0 9
1 0 0 3
1 0 0 10
1 0 0 10
1 0 0 10
1 0 0 10
1 0 0 10
1 0 0 10
1 0 0 10
1 0 0 10
1 0 0 3
1 0 0 3
1 0 0 3
1 0 0 3
1 0 0 3
1 0 0 10
1 0 0 10
1 0 0 3
1 0 0 3
1 0 0 3
1 0 0 9
1 0 0 9
1 0 0 9
1 0 0 9
1 0 0 9
1 0 0 1
1 0 0 1
1 0 0 11
1 0 0 11
1 0 0 11
1 0 0 11
1 0 0 11
1 0 0 11
1 0 0 11
1 0 0 4
1 0 0 1
1 0 0 1
1 0 0 11
1 0 0 11
1 0 0 11
1 0 0 12
1 0 0 12
1 0 0 12
1 0 0 12
1 0 0 12
1 0 0 13
1 0 0 13
1 0 0 13
1 0 0 13
1 0 0 13
1 0 0 13
1 0 0 14
1 0 0 14
1 0 0 14
1 0 0 14
1 0 0 14
1 0 0 14
1 0 0 14
1 0 0 14
1 0 0 15
1 0 0 15
1 0 0 16
1 0 0 16
1 0 0 16
1 0 0 15
1 0 0 15
1 0 0 15
1 0 0 15
1 0 0 15
1 0 0 15
1 0 0 15
1 0 0 15
1 0 0 13
1 0 0 13
1 0 0 17
1 0 0 18
1 0 0 18
1 0 0 17
1 0 0 17
1 0 0 18
1 0 0 18
1 0 0 18
1 0 0 18
1 0 0 18
1 0 0 18
1 0 0 19
1 0 0 19
1 0 0 19
1 0 0 19
1 0 0 19
1 0 0 19
1 0 0 19
1 0 0 19
1 0 0 19
1 0 0 19
1 0 0 18
1 0 0 17
1 0 0 17
1 0 0 17
1 0 0 17
1 0 0 17
1 0 0 17
1 0 0 18
1 0 0 14
1 0 0 14
1 0 0 17
1 0 0 16
1 0 0 16
1 0 0 16
1 0 0 16
1 0 0 16
1 0 0 16
1 0 0 16
1 0 0 20
1 0 0 20
1 0 0 20
1 0 0 13
1 0 0 13
1 0 0 20
1 0 0 20
1 0 0 20
1 0 0 20
1 0 0 20
1 0 0 20
1 0 0 20
1 0 0 12
1 0 0 12
1 0 0 12
1 0 0 21
1 0 0 21
1 0 0 21
1 0 0 21
1 0 0 21
1 0 0 21
1 0 0 12
1 0 0 12
1 0 0 21
1 0 0 21
1 0 0 21
1 0 0 21
0.1 2 3 -1
0.1 1 211 -1
0.1 4 5 -1
0.1 8 9 -1
0.1 214 10 -1
0.1 7 215 -1
0.1 12 13 -1
0.1 14 15 -1
0.1 217 218 -1
0.1 11 219 -1
0.1 216 220 -1
0.1 221 16 -1
0.1 6 222 -1
0.1 19 20 -1
0.1 22 23 -1
0.1 225 24 -1
0.1 26 27 -1
0.1 227 28 -1
0.1 25 228 -1
0.1 226 229 -1
0.1 31 32 -1
0.1 231 33 -1
0.1 232 34 -1
0.1 30 233 -1
0.1 38 39 -1
0.1 37 235 -1
0.1 36 236 -1
0.1 35 237 -1
0.1 40 41 -1
0.1 238 239 -1
0.1 234 240 -1
0.1 29 241 -1
0.1 242 42 -1
0.1 230 243 -1
0.1 21 244 -1
0.1 224 245 -1
0.1 43 44 -1
0.1 47 48 -1
0.1 46 248 -1
0.1 45 249 -1
0.1 247 250 -1
0.1 51 52 -1
0.1 50 252 -1
0.1 53 54 -1
0.1 55 56 -1
0.1 255 57 -1
0.1 254 256 -1
0.1 253 257 -1
0.1 258 58 -1
0.1 59 60 -1
0.1 61 62 -1
0.1 260 261 -1
0.1 259 262 -1
0.1 49 263 -1
0.1 251 264 -1
0.1 246 265 -1
0.1 64 65 -1
0.1 63 267 -1
0.1 266 268 -1
0.1 269 66 -1
0.1 18 270 -1
0.1 17 271 -1
0.1 70 71 -1
0.1 69 273 -1
0.1 68 274 -1
0.1 67 275 -1
0.1 72 73 -1
0.1 77 78 -1
0.1 76 278 -1
0.1 75 279 -1
0.1 74 280 -1
0.1 79 80 -1
0.1 281 282 -1
0.1 277 283 -1
0.1 81 82 -1
0.1 83 84 -1
0.1 286 85 -1
0.1 285 287 -1
0.1 288 86 -1
0.1 284 289 -1
0.1 290 87 -1
0.1 89 90 -1
0.1 88 292 -1
0.1 293 91 -1
0.1 92 93 -1
0.1 295 94 -1
0.1 296 95 -1
0.1 294 297 -1
0.1 291 298 -1
0.1 276 299 -1
0.1 272 300 -1
0.1 100 101 -1
0.1 99 302 -1
0.1 98 303 -1
0.1 97 304 -1
0.1 102 103 -1
0.1 306 104 -1
0.1 305 307 -1
0.1 105 106 -1
0.1 308 309 -1
0.1 310 107 -1
0.1 96 311 -1
0.1 301 312 -1
0.1 109 110 -1
0.1 108 314 -1
0.1 313 315 -1
0.1 223 316 -1
0.1 213 317 -1
0.1 212 318 -1
0.1 113 114 -1
0.1 112 320 -1
0.1 111 321 -1
0.1 322 115 -1
0.1 117 118 -1
0.1 324 119 -1
0.1 325 120 -1
0.1 116 326 -1
0.1 122 123 -1
0.1 124 125 -1
0.1 128 129 -1
0.1 127 330 -1
0.1 126 331 -1
0.1 329 332 -1
0.1 328 333 -1
0.1 130 131 -1
0.1 132 133 -1
0.1 336 134 -1
0.1 337 135 -1
0.1 338 136 -1
0.1 335 339 -1
0.1 334 340 -1
0.1 121 341 -1
0.1 327 342 -1
0.1 137 138 -1
0.1 139 140 -1
0.1 345 141 -1
0.1 346 142 -1
0.1 344 347 -1
0.1 343 348 -1
0.1 143 144 -1
0.1 350 145 -1
0.1 349 351 -1
0.1 323 352 -1
0.1 146 147 -1
0.1 148 149 -1
0.1 355 150 -1
0.1 354 356 -1
0.1 151 152 -1
0.1 358 153 -1
0.1 154 155 -1
0.1 160 161 -1
0.1 159 361 -1
0.1 158 362 -1
0.1 157 363 -1
0.1 156 364 -1
0.1 163 164 -1
0.1 162 366 -1
0.1 367 165 -1
0.1 365 368 -1
0.1 360 369 -1
0.1 359 370 -1
0.1 168 169 -1
0.1 171 172 -1
0.1 170 373 -1
0.1 372 374 -1
0.1 167 375 -1
0.1 166 376 -1
0.1 371 377 -1
0.1 378 173 -1
0.1 357 379 -1
0.1 174 175 -1
0.1 381 176 -1
0.1 179 180 -1
0.1 178 383 -1
0.1 181 182 -1
0.1 384 385 -1
0.1 386 183 -1
0.1 177 387 -1
0.1 382 388 -1
0.1 380 389 -1
0.1 185 186 -1
0.1 187 188 -1
0.1 189 190 -1
0.1 392 393 -1
0.1 391 394 -1
0.1 191 192 -1
0.1 193 194 -1
0.1 396 397 -1
0.1 395 398 -1
0.1 399 195 -1
0.1 184 400 -1
0.1 196 197 -1
0.1 402 198 -1
0.1 202 203 -1
0.1 201 404 -1
0.1 200 405 -1
0.1 205 206 -1
0.1 407 207 -1
0.1 208 209 -1
0.1 408 409 -1
0.1 410 210 -1
0.1 204 411 -1
0.1 406 412 -1
0.1 199 413 -1
0.1 403 414 -1
0.1 401 415 -1
0.1 390 416 -1
0.1 353 417 -1
0.1 319 418 -1
