1 0 0 1
1 0 0 1
1 0 0 1
1 0 0 2
1 0 0 2
1 0 0 2
1 0 0 2
1 0 0 2
1 0 0 2
1 0 0 2
1 0 0 2
1 0 0 2
1 0 0 2
1 0 0 1
1 0 0 1
1 0 0 1
1 0 0 1
1 0 0 1
1 0 0 1
1 0 0 1
1 0 0 3
1 0 0 4
1 0 0 4
1 0 0 4
1 0 0 4
1 0 0 4
1 0 0 4
1 0 0 4
1 0 0 4
1 0 0 4
1 0 0 4
1 0 0 5
1 0 0 3
1 0 0 3
1 0 0 3
1 0 0 3
1 0 0 3
1 0 0 3
1 0 0 3
1 0 0 3
1 0 0 3
1 0 0 6
1 0 0 6
1 0 0 6
1 0 0 6
1 0 0 6
1 0 0 6
1 0 0 6
1 0 0 6
1 0 0 6
1 0 0 6
1 0 0 7
1 0 0 7
1 0 0 7
1 0 0 7
1 0 0 7
1 0 0 7
1 0 0 7
1 0 0 7
1 0 0 7
1 0 0 7
1 0 0 8
1 0 0 8
1 0 0 8
1 0 0 8
1 0 0 8
1 0 0 8
1 0 0 8
1 0 0 8
1 0 0 8
1 0 0 8
1 0 0 9
1 0 0 9
1 0 0 9
1 0 0 9
1 0 0 9
1 0 0 9
1 0 0 9
1 0 0 10
1 0 0 10
1 0 0 10
1 0 0 10
1 0 0 10
1 0 0 10
1 0 0 10
1 0 0 10
1 0 0 10
1 0 0 10
1 0 0 11
1 0 0 11
1 0 0 11
1 0 0 11
1 0 0 11
1 0 0 11
1 0 0 11
1 0 0 11
1 0 0 11
1 0 0 11
1 0 0 9
1 0 0 9
1 0 0 9
1 0 0 12
1 0 0 12
1 0 0 12
1 0 0 12
1 0 0 12
1 0 0 12
1 0 0 12
1 0 0 12
1 0 0 12
1 0 0 12
1 0 0 13
1 0 0 13
1 0 0 13
1 0 0 13
1 0 0 13
1 0 0 13
1 0 0 13
1 0 0 13
1 0 0 14
1 0 0 14
1 0 0 14
1 0 0 14
1 0 0 14
1 0 0 14
1 0 0 14
1 0 0 14
1 0 0 14
1 0 0 14
1 0 0 15
1 0 0 15
1 0 0 15
1 0 0 15
1 0 0 15
1 0 0 15
1 0 0 15
1 0 0 15
1 0 0 15
1 0 0 15
1 0 0 16
1 0 0 16
1 0 0 16
1 0 0 16
1 0 0 16
1 0 0 16
1 0 0 16
1 0 0 16
1 0 0 16
1 0 0 17
1 0 0 17
1 0 0 17
1 0 0 17
1 0 0 17
1 0 0 17
1 0 0 17
1 0 0 17
1 0 0 17
1 0 0 17
1 0 0 16
1 0 0 18
1 0 0 18
1 0 0 18
1 0 0 18
1 0 0 18
1 0 0 18
1 0 0 18
1 0 0 18
1 0 0 18
1 0 0 18
1 0 0 19
1 0 0 19
1 0 0 19
1 0 0 19
1 0 0 19
1 0 0 19
1 0 0 19
1 0 0 19
1 0 0 20
1 0 0 20
1 0 0 20
1 0 0 20
1 0 0 20
1 0 0 20
1 0 0 20
1 0 0 20
1 0 0 20
1 0 0 20
1 0 0 19
1 0 0 19
1 0 0 13
1 0 0 13
1 0 0 21
1 0 0 21
1 0 0 21
1 0 0 22
1 0 0 22
1 0 0 22
1 0 0 22
1 0 0 22
1 0 0 22
1 0 0 22
1 0 0 22
1 0 0 22
1 0 0 22
1 0 0 21
1 0 0 21
1 0 0 23
1 0 0 23
1 0 0 23
1 0 0 23
1 0 0 23
1 0 0 23
1 0 0 23
1 0 0 23
1 0 0 23
1 0 0 23
1 0 0 24
1 0 0 24
1 0 0 24
1 0 0 24
1 0 0 24
1 0 0 24
1 0 0 25
1 0 0 25
1 0 0 25
1 0 0 25
1 0 0 25
1 0 0 25
1 0 0 25
1 0 0 25
1 0 0 25
1 0 0 25
1 0 0 24
1 0 0 24
1 0 0 24
1 0 0 24
1 0 0 21
1 0 0 21
1 0 0 26
1 0 0 26
1 0 0 26
1 0 0 26
1 0 0 26
1 0 0 26
1 0 0 26
1 0 0 26
1 0 0 26
1 0 0 26
1 0 0 21
1 0 0 21
1 0 0 21
1 0 0 27
1 0 0 27
1 0 0 27
1 0 0 27
1 0 0 27
1 0 0 27
1 0 0 27
1 0 0 27
1 0 0 27
1 0 0 27
1 0 0 28
1 0 0 29
1 0 0 29
1 0 0 29
1 0 0 29
1 0 0 29
1 0 0 29
1 0 0 29
1 0 0 30
1 0 0 30
1 0 0 30
1 0 0 30
1 0 0 30
1 0 0 30
1 0 0 30
1 0 0 30
1 0 0 30
1 0 0 30
1 0 0 29
1 0 0 29
1 0 0 29
1 0 0 28
1 0 0 28
1 0 0 28
1 0 0 31
1 0 0 31
1 0 0 31
1 0 0 31
1 0 0 31
1 0 0 31
1 0 0 31
1 0 0 31
1 0 0 31
1 0 0 31
1 0 0 32
1 0 0 32
1 0 0 32
1 0 0 32
1 0 0 32
1 0 0 32
1 0 0 32
1 0 0 32
1 0 0 32
1 0 0 32
1 0 0 28
1 0 0 28
1 0 0 28
1 0 0 28
1 0 0 28
1 0 0 28
1 0 0 33
1 0 0 33
1 0 0 33
1 0 0 33
1 0 0 33
1 0 0 33
1 0 0 33
1 0 0 33
1 0 0 33
1 0 0 33
1 0 0 34
1 0 0 34
1 0 0 34
1 0 0 34
1 0 0 34
1 0 0 34
1 0 0 34
1 0 0 34
1 0 0 34
1 0 0 34
1 0 0 35
1 0 0 35
1 0 0 35
1 0 0 35
1 0 0 35
1 0 0 35
1 0 0 35
1 0 0 35
1 0 0 35
1 0 0 35
1 0 0 36
1 0 0 36
1 0 0 36
1 0 0 37
1 0 0 37
1 0 0 37
1 0 0 37
1 0 0 37
1 0 0 37
1 0 0 37
1 0 0 37
1 0 0 37
1 0 0 37
1 0 0 36
1 0 0 36
1 0 0 36
1 0 0 38
1 0 0 38
1 0 0 38
1 0 0 38
1 0 0 38
1 0 0 38
1 0 0 38
1 0 0 38
1 0 0 38
1 0 0 38
1 0 0 39
1 0 0 39
1 0 0 39
1 0 0 39
1 0 0 39
1 0 0 39
1 0 0 39
1 0 0 39
1 0 0 39
1 0 0 39
1 0 0 40
1 0 0 40
1 0 0 40
1 0 0 40
1 0 0 40
1 0 0 40
1 0 0 40
1 0 0 40
1 0 0 40
1 0 0 40
1 0 0 41
1 0 0 41
1 0 0 41
1 0 0 41
1 0 0 41
1 0 0 41
1 0 0 41
1 0 0 41
1 0 0 41
1 0 0 41
1 0 0 36
1 0 0 36
1 0 0 36
1 0 0 42
1 0 0 42
1 0 0 42
1 0 0 42
1 0 0 42
1 0 0 42
1 0 0 42
1 0 0 42
1 0 0 42
1 0 0 42
1 0 0 43
1 0 0 43
1 0 0 43
1 0 0 43
1 0 0 43
1 0 0 43
1 0 0 43
1 0 0 43
1 0 0 43
1 0 0 43
1 0 0 36
1 0 0 44
1 0 0 44
1 0 0 44
1 0 0 44
1 0 0 44
1 0 0 44
1 0 0 44
1 0 0 44
1 0 0 44
1 0 0 44
1 0 0 45
1 0 0 45
1 0 0 45
1 0 0 45
1 0 0 45
1 0 0 45
1 0 0 45
1 0 0 45
1 0 0 45
1 0 0 45
1 0 0 5
1 0 0 46
1 0 0 46
1 0 0 46
1 0 0 46
1 0 0 46
1 0 0 46
1 0 0 46
1 0 0 46
1 0 0 46
1 0 0 46
1 0 0 5
1 0 0 5
1 0 0 47
1 0 0 47
1 0 0 47
1 0 0 47
1 0 0 47
1 0 0 47
1 0 0 47
1 0 0 47
1 0 0 47
1 0 0 47
1 0 0 5
1 0 0 5
1 0 0 5
1 0 0 5
1 0 0 5
1 0 0 5
1 0 0 48
1 0 0 48
1 0 0 48
1 0 0 48
1 0 0 48
1 0 0 48
1 0 0 48
1 0 0 48
1 0 0 48
1 0 0 48
1 0 0 49
1 0 0 49
1 0 0 49
1 0 0 49
1 0 0 49
1 0 0 50
1 0 0 49
1 0 0 49
1 0 0 49
1 0 0 49
1 0 0 49
1 0 0 50
1 0 0 50
1 0 0 50
1 0 0 50
1 0 0 50
1 0 0 50
1 0 0 50
1 0 0 50
1 0 0 50
1 0 0 51
1 0 0 51
1 0 0 51
1 0 0 51
1 0 0 52
1 0 0 52
1 0 0 52
1 0 0 52
1 0 0 53
1 0 0 53
1 0 0 53
1 0 0 54
1 0 0 54
1 0 0 54
1 0 0 54
1 0 0 54
1 0 0 54
1 0 0 54
1 0 0 54
1 0 0 54
1 0 0 54
1 0 0 53
1 0 0 53
1 0 0 53
1 0 0 53
1 0 0 53
1 0 0 53
1 0 0 53
1 0 0 52
1 0 0 52
1 0 0 52
1 0 0 52
1 0 0 52
1 0 0 52
1 0 0 55
1 0 0 55
1 0 0 55
1 0 0 55
1 0 0 55
1 0 0 55
1 0 0 55
1 0 0 55
1 0 0 55
1 0 0 55
1 0 0 56
1 0 0 56
1 0 0 56
1 0 0 56
1 0 0 56
1 0 0 57
1 0 0 57
1 0 0 57
1 0 0 57
1 0 0 57
1 0 0 57
1 0 0 57
1 0 0 57
1 0 0 57
1 0 0 57
1 0 0 58
1 0 0 58
1 0 0 58
1 0 0 58
1 0 0 58
1 0 0 58
1 0 0 58
1 0 0 58
1 0 0 58
1 0 0 58
1 0 0 59
1 0 0 59
1 0 0 59
1 0 0 59
1 0 0 60
1 0 0 60
1 0 0 60
1 0 0 60
1 0 0 60
1 0 0 60
1 0 0 60
1 0 0 60
1 0 0 60
1 0 0 60
1 0 0 59
1 0 0 59
1 0 0 59
1 0 0 59
1 0 0 59
1 0 0 59
1 0 0 56
1 0 0 56
1 0 0 56
1 0 0 56
1 0 0 56
1 0 0 61
1 0 0 61
1 0 0 61
1 0 0 61
1 0 0 61
1 0 0 61
1 0 0 61
1 0 0 61
1 0 0 61
1 0 0 61
1 0 0 62
1 0 0 62
1 0 0 63
1 0 0 63
1 0 0 63
1 0 0 63
1 0 0 63
1 0 0 63
1 0 0 63
1 0 0 63
1 0 0 63
1 0 0 63
1 0 0 62
1 0 0 62
1 0 0 62
1 0 0 62
1 0 0 62
1 0 0 62
1 0 0 62
1 0 0 62
1 0 0 64
1 0 0 64
1 0 0 64
1 0 0 64
1 0 0 64
1 0 0 64
1 0 0 64
1 0 0 64
1 0 0 64
1 0 0 64
1 0 0 65
1 0 0 65
1 0 0 65
1 0 0 65
1 0 0 65
1 0 0 65
1 0 0 66
1 0 0 66
1 0 0 66
1 0 0 66
1 0 0 66
1 0 0 66
1 0 0 66
1 0 0 66
1 0 0 66
1 0 0 66
1 0 0 67
1 0 0 67
1 0 0 67
1 0 0 67
1 0 0 67
1 0 0 67
1 0 0 67
1 0 0 67
1 0 0 65
1 0 0 65
1 0 0 65
1 0 0 65
1 0 0 68
1 0 0 68
1 0 0 68
1 0 0 68
1 0 0 68
1 0 0 68
1 0 0 68
1 0 0 69
1 0 0 69
1 0 0 69
1 0 0 69
1 0 0 69
1 0 0 69
1 0 0 69
1 0 0 69
1 0 0 69
1 0 0 69
1 0 0 68
1 0 0 68
1 0 0 68
1 0 0 67
1 0 0 67
1 0 0 70
1 0 0 70
1 0 0 70
1 0 0 70
1 0 0 70
1 0 0 70
1 0 0 70
1 0 0 70
1 0 0 70
1 0 0 70
1 0 0 71
1 0 0 71
1 0 0 71
1 0 0 71
1 0 0 71
1 0 0 71
1 0 0 71
1 0 0 71
1 0 0 71
1 0 0 71
1 0 0 51
1 0 0 51
1 0 0 51
1 0 0 51
1 0 0 51
1 0 0 51
1 0 0 72
1 0 0 72
1 0 0 72
1 0 0 72
1 0 0 72
1 0 0 72
1 0 0 72
1 0 0 72
1 0 0 72
1 0 0 72
0.1 1 2 -1
0.1 9 10 -1
0.1 11 12 -1
0.1 722 723 -1
0.1 8 724 -1
0.1 725 13 -1
0.1 7 726 -1
0.1 6 727 -1
0.1 5 728 -1
0.1 4 729 -1
0.1 15 16 -1
0.1 14 731 -1
0.1 730 732 -1
0.1 3 733 -1
0.1 18 19 -1
0.1 735 20 -1
0.1 17 736 -1
0.1 734 737 -1
0.1 721 738 -1
0.1 22 23 -1
0.1 24 25 -1
0.1 740 741 -1
0.1 742 26 -1
0.1 28 29 -1
0.1 27 744 -1
0.1 30 31 -1
0.1 745 746 -1
0.1 743 747 -1
0.1 21 748 -1
0.1 33 34 -1
0.1 35 36 -1
0.1 40 41 -1
0.1 39 752 -1
0.1 38 753 -1
0.1 37 754 -1
0.1 751 755 -1
0.1 750 756 -1
0.1 32 757 -1
0.1 749 758 -1
0.1 739 759 -1
0.1 45 46 -1
0.1 44 761 -1
0.1 43 762 -1
0.1 47 48 -1
0.1 763 764 -1
0.1 50 51 -1
0.1 49 766 -1
0.1 765 767 -1
0.1 42 768 -1
0.1 53 54 -1
0.1 55 56 -1
0.1 59 60 -1
0.1 58 772 -1
0.1 57 773 -1
0.1 771 774 -1
0.1 770 775 -1
0.1 776 61 -1
0.1 52 777 -1
0.1 769 778 -1
0.1 65 66 -1
0.1 64 780 -1
0.1 63 781 -1
0.1 62 782 -1
0.1 67 68 -1
0.1 70 71 -1
0.1 69 785 -1
0.1 784 786 -1
0.1 783 787 -1
0.1 72 73 -1
0.1 75 76 -1
0.1 77 78 -1
0.1 790 791 -1
0.1 74 792 -1
0.1 80 81 -1
0.1 794 82 -1
0.1 79 795 -1
0.1 84 85 -1
0.1 83 797 -1
0.1 87 88 -1
0.1 86 799 -1
0.1 89 90 -1
0.1 91 92 -1
0.1 93 94 -1
0.1 802 803 -1
0.1 804 95 -1
0.1 805 96 -1
0.1 97 98 -1
0.1 806 807 -1
0.1 801 808 -1
0.1 800 809 -1
0.1 798 810 -1
0.1 796 811 -1
0.1 812 99 -1
0.1 100 101 -1
0.1 813 814 -1
0.1 793 815 -1
0.1 789 816 -1
0.1 788 817 -1
0.1 779 818 -1
0.1 104 105 -1
0.1 106 107 -1
0.1 820 821 -1
0.1 109 110 -1
0.1 823 111 -1
0.1 108 824 -1
0.1 822 825 -1
0.1 103 826 -1
0.1 102 827 -1
0.1 113 114 -1
0.1 115 116 -1
0.1 829 830 -1
0.1 122 123 -1
0.1 121 832 -1
0.1 120 833 -1
0.1 124 125 -1
0.1 126 127 -1
0.1 835 836 -1
0.1 837 128 -1
0.1 131 132 -1
0.1 133 134 -1
0.1 135 136 -1
0.1 840 841 -1
0.1 138 139 -1
0.1 137 843 -1
0.1 842 844 -1
0.1 839 845 -1
0.1 130 846 -1
0.1 129 847 -1
0.1 838 848 -1
0.1 834 849 -1
0.1 140 141 -1
0.1 145 146 -1
0.1 144 852 -1
0.1 853 147 -1
0.1 854 148 -1
0.1 151 152 -1
0.1 154 155 -1
0.1 153 857 -1
0.1 858 156 -1
0.1 856 859 -1
0.1 860 157 -1
0.1 150 861 -1
0.1 149 862 -1
0.1 863 158 -1
0.1 864 159 -1
0.1 855 865 -1
0.1 143 866 -1
0.1 142 867 -1
0.1 851 868 -1
0.1 160 161 -1
0.1 164 165 -1
0.1 163 871 -1
0.1 162 872 -1
0.1 168 169 -1
0.1 167 874 -1
0.1 166 875 -1
0.1 873 876 -1
0.1 870 877 -1
0.1 869 878 -1
0.1 879 170 -1
0.1 171 172 -1
0.1 175 176 -1
0.1 174 882 -1
0.1 178 179 -1
0.1 180 181 -1
0.1 182 183 -1
0.1 885 886 -1
0.1 884 887 -1
0.1 184 185 -1
0.1 186 187 -1
0.1 889 890 -1
0.1 888 891 -1
0.1 177 892 -1
0.1 188 189 -1
0.1 893 894 -1
0.1 883 895 -1
0.1 173 896 -1
0.1 881 897 -1
0.1 880 898 -1
0.1 850 899 -1
0.1 119 900 -1
0.1 118 901 -1
0.1 190 191 -1
0.1 902 903 -1
0.1 117 904 -1
0.1 831 905 -1
0.1 112 906 -1
0.1 828 907 -1
0.1 819 908 -1
0.1 760 909 -1
0.1 193 194 -1
0.1 192 911 -1
0.1 196 197 -1
0.1 195 913 -1
0.1 914 198 -1
0.1 199 200 -1
0.1 916 201 -1
0.1 202 203 -1
0.1 918 204 -1
0.1 917 919 -1
0.1 915 920 -1
0.1 208 209 -1
0.1 210 211 -1
0.1 212 213 -1
0.1 215 216 -1
0.1 214 925 -1
0.1 924 926 -1
0.1 923 927 -1
0.1 922 928 -1
0.1 207 929 -1
0.1 206 930 -1
0.1 205 931 -1
0.1 217 218 -1
0.1 221 222 -1
0.1 225 226 -1
0.1 227 228 -1
0.1 935 936 -1
0.1 229 230 -1
0.1 937 938 -1
0.1 231 232 -1
0.1 939 940 -1
0.1 224 941 -1
0.1 223 942 -1
0.1 934 943 -1
0.1 220 944 -1
0.1 945 233 -1
0.1 946 234 -1
0.1 219 947 -1
0.1 933 948 -1
0.1 235 236 -1
0.1 949 950 -1
0.1 932 951 -1
0.1 952 237 -1
0.1 241 242 -1
0.1 240 954 -1
0.1 239 955 -1
0.1 243 244 -1
0.1 245 246 -1
0.1 957 958 -1
0.1 959 247 -1
0.1 960 248 -1
0.1 956 961 -1
0.1 238 962 -1
0.1 953 963 -1
0.1 249 250 -1
0.1 252 253 -1
0.1 966 254 -1
0.1 256 257 -1
0.1 260 261 -1
0.1 259 969 -1
0.1 258 970 -1
0.1 968 971 -1
0.1 255 972 -1
0.1 967 973 -1
0.1 251 974 -1
0.1 965 975 -1
0.1 964 976 -1
0.1 921 977 -1
0.1 912 978 -1
0.1 910 979 -1
0.1 265 266 -1
0.1 981 267 -1
0.1 264 982 -1
0.1 263 983 -1
0.1 268 269 -1
0.1 984 985 -1
0.1 271 272 -1
0.1 270 987 -1
0.1 275 276 -1
0.1 274 989 -1
0.1 273 990 -1
0.1 278 279 -1
0.1 277 992 -1
0.1 991 993 -1
0.1 988 994 -1
0.1 281 282 -1
0.1 280 996 -1
0.1 995 997 -1
0.1 986 998 -1
0.1 262 999 -1
0.1 283 284 -1
0.1 1001 285 -1
0.1 288 289 -1
0.1 287 1003 -1
0.1 290 291 -1
0.1 1005 292 -1
0.1 293 294 -1
0.1 1006 1007 -1
0.1 1004 1008 -1
0.1 1009 295 -1
0.1 286 1010 -1
0.1 1002 1011 -1
0.1 297 298 -1
0.1 299 300 -1
0.1 1013 1014 -1
0.1 303 304 -1
0.1 302 1016 -1
0.1 1017 305 -1
0.1 301 1018 -1
0.1 1015 1019 -1
0.1 296 1020 -1
0.1 1021 306 -1
0.1 1022 307 -1
0.1 308 309 -1
0.1 310 311 -1
0.1 1024 1025 -1
0.1 1023 1026 -1
0.1 1012 1027 -1
0.1 1000 1028 -1
0.1 313 314 -1
0.1 315 316 -1
0.1 317 318 -1
0.1 1031 1032 -1
0.1 1033 319 -1
0.1 320 321 -1
0.1 1034 1035 -1
0.1 322 323 -1
0.1 325 326 -1
0.1 324 1038 -1
0.1 330 331 -1
0.1 329 1040 -1
0.1 328 1041 -1
0.1 327 1042 -1
0.1 1039 1043 -1
0.1 1037 1044 -1
0.1 333 334 -1
0.1 332 1046 -1
0.1 337 338 -1
0.1 1048 339 -1
0.1 336 1049 -1
0.1 335 1050 -1
0.1 1047 1051 -1
0.1 340 341 -1
0.1 1052 1053 -1
0.1 1045 1054 -1
0.1 1036 1055 -1
0.1 1030 1056 -1
0.1 312 1057 -1
0.1 342 343 -1
0.1 1059 344 -1
0.1 345 346 -1
0.1 347 348 -1
0.1 349 350 -1
0.1 351 352 -1
0.1 1064 353 -1
0.1 1065 354 -1
0.1 1063 1066 -1
0.1 1062 1067 -1
0.1 1061 1068 -1
0.1 355 356 -1
0.1 1069 1070 -1
0.1 359 360 -1
0.1 1072 361 -1
0.1 362 363 -1
0.1 364 365 -1
0.1 1075 366 -1
0.1 1074 1076 -1
0.1 1073 1077 -1
0.1 1078 367 -1
0.1 358 1079 -1
0.1 357 1080 -1
0.1 369 370 -1
0.1 371 372 -1
0.1 1083 373 -1
0.1 375 376 -1
0.1 1085 377 -1
0.1 374 1086 -1
0.1 1084 1087 -1
0.1 1082 1088 -1
0.1 368 1089 -1
0.1 380 381 -1
0.1 379 1091 -1
0.1 1092 382 -1
0.1 383 384 -1
0.1 1093 1094 -1
0.1 378 1095 -1
0.1 385 386 -1
0.1 1097 387 -1
0.1 1096 1098 -1
0.1 1090 1099 -1
0.1 390 391 -1
0.1 389 1101 -1
0.1 388 1102 -1
0.1 392 393 -1
0.1 1103 1104 -1
0.1 396 397 -1
0.1 395 1106 -1
0.1 394 1107 -1
0.1 1105 1108 -1
0.1 1100 1109 -1
0.1 398 399 -1
0.1 1110 1111 -1
0.1 1081 1112 -1
0.1 404 405 -1
0.1 1114 406 -1
0.1 403 1115 -1
0.1 402 1116 -1
0.1 401 1117 -1
0.1 408 409 -1
0.1 1119 410 -1
0.1 407 1120 -1
0.1 1118 1121 -1
0.1 400 1122 -1
0.1 1113 1123 -1
0.1 1071 1124 -1
0.1 1060 1125 -1
0.1 412 413 -1
0.1 1127 414 -1
0.1 411 1128 -1
0.1 1129 415 -1
0.1 416 417 -1
0.1 419 420 -1
0.1 418 1132 -1
0.1 1131 1133 -1
0.1 1130 1134 -1
0.1 422 423 -1
0.1 1136 424 -1
0.1 426 427 -1
0.1 425 1138 -1
0.1 429 430 -1
0.1 428 1140 -1
0.1 1139 1141 -1
0.1 1142 431 -1
0.1 1137 1143 -1
0.1 421 1144 -1
0.1 1135 1145 -1
0.1 1126 1146 -1
0.1 1058 1147 -1
0.1 1029 1148 -1
0.1 980 1149 -1
0.1 432 433 -1
0.1 436 437 -1
0.1 435 1152 -1
0.1 434 1153 -1
0.1 1151 1154 -1
0.1 438 439 -1
0.1 1156 440 -1
0.1 1157 441 -1
0.1 1155 1158 -1
0.1 1159 442 -1
0.1 444 445 -1
0.1 1161 446 -1
0.1 449 450 -1
0.1 1163 451 -1
0.1 448 1164 -1
0.1 447 1165 -1
0.1 1166 452 -1
0.1 1162 1167 -1
0.1 443 1168 -1
0.1 1160 1169 -1
0.1 1170 453 -1
0.1 455 456 -1
0.1 457 458 -1
0.1 459 460 -1
0.1 1174 461 -1
0.1 1173 1175 -1
0.1 1176 462 -1
0.1 1172 1177 -1
0.1 463 464 -1
0.1 1178 1179 -1
0.1 454 1180 -1
0.1 1171 1181 -1
0.1 465 466 -1
0.1 467 468 -1
0.1 1183 1184 -1
0.1 469 470 -1
0.1 1185 1186 -1
0.1 1182 1187 -1
0.1 471 472 -1
0.1 474 475 -1
0.1 473 1190 -1
0.1 476 477 -1
0.1 479 480 -1
0.1 478 1193 -1
0.1 1192 1194 -1
0.1 1191 1195 -1
0.1 1189 1196 -1
0.1 1188 1197 -1
0.1 483 484 -1
0.1 482 1199 -1
0.1 1200 485 -1
0.1 486 487 -1
0.1 489 490 -1
0.1 488 1203 -1
0.1 1202 1204 -1
0.1 1201 1205 -1
0.1 1206 491 -1
0.1 481 1207 -1
0.1 494 495 -1
0.1 493 1209 -1
0.1 492 1210 -1
0.1 1211 496 -1
0.1 498 499 -1
0.1 497 1213 -1
0.1 1212 1214 -1
0.1 1215 500 -1
0.1 1208 1216 -1
0.1 503 504 -1
0.1 506 507 -1
0.1 505 1219 -1
0.1 509 510 -1
0.1 512 513 -1
0.1 515 516 -1
0.1 514 1223 -1
0.1 1222 1224 -1
0.1 518 519 -1
0.1 517 1226 -1
0.1 520 521 -1
0.1 1227 1228 -1
0.1 1225 1229 -1
0.1 511 1230 -1
0.1 522 523 -1
0.1 1232 524 -1
0.1 525 526 -1
0.1 1234 527 -1
0.1 1233 1235 -1
0.1 1231 1236 -1
0.1 1237 528 -1
0.1 1221 1238 -1
0.1 1239 529 -1
0.1 508 1240 -1
0.1 530 531 -1
0.1 1241 1242 -1
0.1 532 533 -1
0.1 1243 1244 -1
0.1 1245 534 -1
0.1 1220 1246 -1
0.1 1218 1247 -1
0.1 502 1248 -1
0.1 501 1249 -1
0.1 535 536 -1
0.1 538 539 -1
0.1 537 1252 -1
0.1 541 542 -1
0.1 540 1254 -1
0.1 1253 1255 -1
0.1 1251 1256 -1
0.1 543 544 -1
0.1 1257 1258 -1
0.1 545 546 -1
0.1 547 548 -1
0.1 1261 549 -1
0.1 1260 1262 -1
0.1 552 553 -1
0.1 551 1264 -1
0.1 550 1265 -1
0.1 557 558 -1
0.1 556 1267 -1
0.1 555 1268 -1
0.1 1269 559 -1
0.1 554 1270 -1
0.1 1266 1271 -1
0.1 561 562 -1
0.1 560 1273 -1
0.1 565 566 -1
0.1 564 1275 -1
0.1 563 1276 -1
0.1 1274 1277 -1
0.1 1272 1278 -1
0.1 568 569 -1
0.1 567 1280 -1
0.1 570 571 -1
0.1 576 577 -1
0.1 575 1283 -1
0.1 574 1284 -1
0.1 578 579 -1
0.1 1285 1286 -1
0.1 580 581 -1
0.1 582 583 -1
0.1 1288 1289 -1
0.1 1287 1290 -1
0.1 573 1291 -1
0.1 572 1292 -1
0.1 585 586 -1
0.1 584 1294 -1
0.1 1295 587 -1
0.1 1296 588 -1
0.1 1293 1297 -1
0.1 1298 589 -1
0.1 1282 1299 -1
0.1 1281 1300 -1
0.1 1279 1301 -1
0.1 1263 1302 -1
0.1 590 591 -1
0.1 592 593 -1
0.1 1304 1305 -1
0.1 1306 594 -1
0.1 595 596 -1
0.1 598 599 -1
0.1 597 1309 -1
0.1 600 601 -1
0.1 1311 602 -1
0.1 603 604 -1
0.1 1312 1313 -1
0.1 1310 1314 -1
0.1 1308 1315 -1
0.1 608 609 -1
0.1 610 611 -1
0.1 1317 1318 -1
0.1 607 1319 -1
0.1 612 613 -1
0.1 1321 614 -1
0.1 1320 1322 -1
0.1 615 616 -1
0.1 1323 1324 -1
0.1 617 618 -1
0.1 1325 1326 -1
0.1 620 621 -1
0.1 619 1328 -1
0.1 1327 1329 -1
0.1 623 624 -1
0.1 622 1331 -1
0.1 1330 1332 -1
0.1 606 1333 -1
0.1 605 1334 -1
0.1 1316 1335 -1
0.1 626 627 -1
0.1 1337 628 -1
0.1 629 630 -1
0.1 1338 1339 -1
0.1 625 1340 -1
0.1 631 632 -1
0.1 1342 633 -1
0.1 1341 1343 -1
0.1 1344 634 -1
0.1 1336 1345 -1
0.1 1307 1346 -1
0.1 1303 1347 -1
0.1 635 636 -1
0.1 1349 637 -1
0.1 638 639 -1
0.1 641 642 -1
0.1 643 644 -1
0.1 645 646 -1
0.1 647 648 -1
0.1 1354 1355 -1
0.1 1353 1356 -1
0.1 649 650 -1
0.1 1357 1358 -1
0.1 1352 1359 -1
0.1 640 1360 -1
0.1 1351 1361 -1
0.1 1350 1362 -1
0.1 1348 1363 -1
0.1 651 652 -1
0.1 1365 653 -1
0.1 654 655 -1
0.1 657 658 -1
0.1 656 1368 -1
0.1 1367 1369 -1
0.1 1366 1370 -1
0.1 659 660 -1
0.1 661 662 -1
0.1 1372 1373 -1
0.1 664 665 -1
0.1 663 1375 -1
0.1 666 667 -1
0.1 670 671 -1
0.1 673 674 -1
0.1 672 1379 -1
0.1 1378 1380 -1
0.1 675 676 -1
0.1 677 678 -1
0.1 1382 1383 -1
0.1 1381 1384 -1
0.1 1385 679 -1
0.1 1386 680 -1
0.1 669 1387 -1
0.1 1388 681 -1
0.1 668 1389 -1
0.1 1390 682 -1
0.1 1377 1391 -1
0.1 1376 1392 -1
0.1 683 684 -1
0.1 1393 1394 -1
0.1 1374 1395 -1
0.1 1371 1396 -1
0.1 1364 1397 -1
0.1 1259 1398 -1
0.1 686 687 -1
0.1 685 1400 -1
0.1 688 689 -1
0.1 690 691 -1
0.1 1402 1403 -1
0.1 1401 1404 -1
0.1 692 693 -1
0.1 1406 694 -1
0.1 1405 1407 -1
0.1 695 696 -1
0.1 698 699 -1
0.1 703 704 -1
0.1 702 1411 -1
0.1 701 1412 -1
0.1 700 1413 -1
0.1 1410 1414 -1
0.1 697 1415 -1
0.1 1409 1416 -1
0.1 1408 1417 -1
0.1 1399 1418 -1
0.1 1250 1419 -1
0.1 705 706 -1
0.1 1421 707 -1
0.1 1422 708 -1
0.1 709 710 -1
0.1 1423 1424 -1
0.1 1420 1425 -1
0.1 1217 1426 -1
0.1 713 714 -1
0.1 1428 715 -1
0.1 1429 716 -1
0.1 1430 717 -1
0.1 712 1431 -1
0.1 1432 718 -1
0.1 1433 719 -1
0.1 1434 720 -1
0.1 711 1435 -1
0.1 1427 1436 -1
0.1 1198 1437 -1
0.1 1150 1438 -1
