1 0 0 1
1 0 0 2
1 0 0 2
1 0 0 2
1 0 0 2
1 0 0 2
1 0 0 2
1 0 0 2
1 0 0 2
1 0 0 2
1 0 0 2
1 0 0 1
1 0 0 1
1 0 0 1
1 0 0 3
1 0 0 3
1 0 0 3
1 0 0 3
1 0 0 3
1 0 0 3
1 0 0 3
1 0 0 3
1 0 0 3
1 0 0 3
1 0 0 1
1 0 0 4
1 0 0 4
1 0 0 4
1 0 0 4
1 0 0 4
1 0 0 4
1 0 0 4
1 0 0 4
1 0 0 5
1 0 0 5
1 0 0 5
1 0 0 5
1 0 0 5
1 0 0 5
1 0 0 5
1 0 0 5
1 0 0 5
1 0 0 5
1 0 0 4
1 0 0 4
1 0 0 1
1 0 0 1
1 0 0 6
1 0 0 6
1 0 0 6
1 0 0 6
1 0 0 6
1 0 0 6
1 0 0 6
1 0 0 6
1 0 0 6
1 0 0 6
1 0 0 7
1 0 0 7
1 0 0 7
1 0 0 7
1 0 0 7
1 0 0 7
1 0 0 7
1 0 0 7
1 0 0 7
1 0 0 7
1 0 0 1
1 0 0 1
1 0 0 1
1 0 0 8
1 0 0 9
1 0 0 9
1 0 0 9
1 0 0 9
1 0 0 9
1 0 0 9
1 0 0 9
1 0 0 9
1 0 0 9
1 0 0 9
1 0 0 10
1 0 0 10
1 0 0 10
1 0 0 10
1 0 0 10
1 0 0 10
1 0 0 10
1 0 0 10
1 0 0 11
1 0 0 11
1 0 0 11
1 0 0 11
1 0 0 11
1 0 0 12
1 0 0 12
1 0 0 12
1 0 0 12
1 0 0 12
1 0 0 12
1 0 0 12
1 0 0 12
1 0 0 12
1 0 0 12
1 0 0 11
1 0 0 11
1 0 0 11
1 0 0 11
1 0 0 11
1 0 0 10
1 0 0 10
1 0 0 13
1 0 0 13
1 0 0 13
1 0 0 13
1 0 0 13
1 0 0 13
1 0 0 13
1 0 0 13
1 0 0 13
1 0 0 13
1 0 0 14
1 0 0 14
1 0 0 14
1 0 0 14
1 0 0 14
1 0 0 14
1 0 0 14
1 0 0 14
1 0 0 14
1 0 0 14
1 0 0 15
1 0 0 15
1 0 0 15
1 0 0 15
1 0 0 15
1 0 0 15
1 0 0 16
1 0 0 16
1 0 0 17
1 0 0 17
1 0 0 17
1 0 0 17
1 0 0 17
1 0 0 17
1 0 0 17
1 0 0 18
1 0 0 18
1 0 0 18
1 0 0 18
1 0 0 18
1 0 0 18
1 0 0 18
1 0 0 18
1 0 0 18
1 0 0 18
1 0 0 17
1 0 0 17
1 0 0 17
1 0 0 16
1 0 0 16
1 0 0 16
1 0 0 16
1 0 0 16
1 0 0 16
1 0 0 16
1 0 0 16
1 0 0 19
1 0 0 20
1 0 0 20
1 0 0 20
1 0 0 20
1 0 0 20
1 0 0 20
1 0 0 20
1 0 0 20
1 0 0 20
1 0 0 20
1 0 0 19
1 0 0 19
1 0 0 19
1 0 0 19
1 0 0 19
1 0 0 19
1 0 0 19
1 0 0 19
1 0 0 19
1 0 0 15
1 0 0 21
1 0 0 21
1 0 0 21
1 0 0 21
1 0 0 21
1 0 0 21
1 0 0 21
1 0 0 21
1 0 0 22
1 0 0 22
1 0 0 22
1 0 0 22
1 0 0 22
1 0 0 22
1 0 0 22
1 0 0 22
1 0 0 22
1 0 0 22
1 0 0 21
1 0 0 21
1 0 0 15
1 0 0 15
1 0 0 15
1 0 0 23
1 0 0 23
1 0 0 23
1 0 0 23
1 0 0 23
1 0 0 23
1 0 0 23
1 0 0 23
1 0 0 23
1 0 0 23
1 0 0 24
1 0 0 24
1 0 0 24
1 0 0 24
1 0 0 24
1 0 0 24
1 0 0 24
1 0 0 24
1 0 0 24
1 0 0 24
1 0 0 25
1 0 0 25
1 0 0 25
1 0 0 25
1 0 0 25
1 0 0 25
1 0 0 25
1 0 0 25
1 0 0 25
1 0 0 25
1 0 0 26
1 0 0 27
1 0 0 27
1 0 0 27
1 0 0 27
1 0 0 27
1 0 0 27
1 0 0 27
1 0 0 27
1 0 0 27
1 0 0 27
1 0 0 26
1 0 0 26
1 0 0 26
1 0 0 26
1 0 0 26
1 0 0 26
1 0 0 26
1 0 0 26
1 0 0 26
1 0 0 28
1 0 0 28
1 0 0 28
1 0 0 29
1 0 0 29
1 0 0 29
1 0 0 29
1 0 0 29
1 0 0 29
1 0 0 29
1 0 0 29
1 0 0 29
1 0 0 29
1 0 0 30
1 0 0 30
1 0 0 30
1 0 0 30
1 0 0 30
1 0 0 30
1 0 0 30
1 0 0 30
1 0 0 30
1 0 0 30
1 0 0 28
1 0 0 28
1 0 0 28
1 0 0 28
1 0 0 28
1 0 0 28
1 0 0 28
1 0 0 31
1 0 0 31
1 0 0 31
1 0 0 31
1 0 0 31
1 0 0 31
1 0 0 32
1 0 0 32
1 0 0 32
1 0 0 32
1 0 0 32
1 0 0 32
1 0 0 32
1 0 0 32
1 0 0 32
1 0 0 32
1 0 0 31
1 0 0 31
1 0 0 31
1 0 0 33
1 0 0 33
1 0 0 33
1 0 0 33
1 0 0 33
1 0 0 33
1 0 0 33
1 0 0 33
1 0 0 33
1 0 0 33
1 0 0 34
1 0 0 34
1 0 0 34
1 0 0 34
1 0 0 34
1 0 0 34
1 0 0 34
1 0 0 34
1 0 0 34
1 0 0 34
1 0 0 35
1 0 0 35
1 0 0 35
1 0 0 35
1 0 0 35
1 0 0 35
1 0 0 35
1 0 0 35
1 0 0 35
1 0 0 35
1 0 0 31
1 0 0 36
1 0 0 36
1 0 0 36
1 0 0 36
1 0 0 36
1 0 0 36
1 0 0 36
1 0 0 36
1 0 0 36
1 0 0 36
1 0 0 37
1 0 0 37
1 0 0 37
1 0 0 37
1 0 0 37
1 0 0 37
1 0 0 37
1 0 0 37
1 0 0 37
1 0 0 37
1 0 0 38
1 0 0 38
1 0 0 38
1 0 0 38
1 0 0 38
1 0 0 38
1 0 0 38
1 0 0 38
1 0 0 38
1 0 0 38
1 0 0 39
1 0 0 39
1 0 0 39
1 0 0 39
1 0 0 39
1 0 0 39
1 0 0 39
1 0 0 39
1 0 0 39
1 0 0 39
1 0 0 40
1 0 0 40
1 0 0 40
1 0 0 40
1 0 0 40
1 0 0 40
1 0 0 40
1 0 0 40
1 0 0 40
1 0 0 40
1 0 0 8
1 0 0 8
1 0 0 41
1 0 0 41
1 0 0 41
1 0 0 41
1 0 0 41
1 0 0 41
1 0 0 41
1 0 0 41
1 0 0 41
1 0 0 41
1 0 0 8
1 0 0 8
1 0 0 42
1 0 0 42
1 0 0 42
1 0 0 42
1 0 0 42
1 0 0 42
1 0 0 42
1 0 0 42
1 0 0 42
1 0 0 42
1 0 0 8
1 0 0 43
1 0 0 43
1 0 0 43
1 0 0 43
1 0 0 43
1 0 0 43
1 0 0 43
1 0 0 43
1 0 0 43
1 0 0 43
1 0 0 8
1 0 0 8
1 0 0 8
1 0 0 8
1 0 0 44
1 0 0 44
1 0 0 44
1 0 0 44
1 0 0 45
1 0 0 45
1 0 0 45
1 0 0 45
1 0 0 45
1 0 0 45
1 0 0 45
1 0 0 45
1 0 0 44
1 0 0 45
1 0 0 45
1 0 0 44
1 0 0 44
1 0 0 44
1 0 0 44
1 0 0 44
1 0 0 46
1 0 0 46
1 0 0 46
1 0 0 47
1 0 0 47
1 0 0 47
1 0 0 47
1 0 0 47
1 0 0 48
1 0 0 48
1 0 0 48
1 0 0 48
1 0 0 48
1 0 0 48
1 0 0 48
1 0 0 48
1 0 0 48
1 0 0 48
1 0 0 49
1 0 0 49
1 0 0 49
1 0 0 49
1 0 0 49
1 0 0 49
1 0 0 49
1 0 0 49
1 0 0 49
1 0 0 49
1 0 0 47
1 0 0 47
1 0 0 47
1 0 0 47
1 0 0 47
1 0 0 46
1 0 0 50
1 0 0 50
1 0 0 50
1 0 0 50
1 0 0 50
1 0 0 50
1 0 0 50
1 0 0 50
1 0 0 50
1 0 0 50
1 0 0 51
1 0 0 51
1 0 0 51
1 0 0 51
1 0 0 51
1 0 0 51
1 0 0 52
1 0 0 52
1 0 0 52
1 0 0 52
1 0 0 52
1 0 0 52
1 0 0 52
1 0 0 52
1 0 0 52
1 0 0 52
1 0 0 53
1 0 0 53
1 0 0 53
1 0 0 53
1 0 0 53
1 0 0 53
1 0 0 53
1 0 0 53
1 0 0 53
1 0 0 53
1 0 0 54
1 0 0 54
1 0 0 54
1 0 0 55
1 0 0 55
1 0 0 55
1 0 0 55
1 0 0 55
1 0 0 55
1 0 0 55
1 0 0 55
1 0 0 55
1 0 0 55
1 0 0 54
1 0 0 54
1 0 0 54
1 0 0 54
1 0 0 54
1 0 0 54
1 0 0 54
1 0 0 56
1 0 0 56
1 0 0 56
1 0 0 56
1 0 0 56
1 0 0 56
1 0 0 56
1 0 0 56
1 0 0 56
1 0 0 56
1 0 0 57
1 0 0 57
1 0 0 57
1 0 0 57
1 0 0 57
1 0 0 57
1 0 0 57
1 0 0 57
1 0 0 57
1 0 0 57
1 0 0 58
1 0 0 58
1 0 0 58
1 0 0 58
1 0 0 58
1 0 0 58
1 0 0 59
1 0 0 59
1 0 0 59
1 0 0 59
1 0 0 59
1 0 0 59
1 0 0 59
1 0 0 59
1 0 0 59
1 0 0 59
1 0 0 58
1 0 0 58
1 0 0 58
1 0 0 58
1 0 0 60
1 0 0 60
1 0 0 60
1 0 0 60
1 0 0 60
1 0 0 60
1 0 0 60
1 0 0 60
1 0 0 60
1 0 0 60
1 0 0 61
1 0 0 61
1 0 0 61
1 0 0 61
1 0 0 61
1 0 0 61
1 0 0 62
1 0 0 62
1 0 0 62
1 0 0 62
1 0 0 62
1 0 0 62
1 0 0 62
1 0 0 62
1 0 0 62
1 0 0 62
1 0 0 61
1 0 0 61
1 0 0 61
1 0 0 61
1 0 0 63
1 0 0 63
1 0 0 63
1 0 0 63
1 0 0 63
1 0 0 63
1 0 0 63
1 0 0 63
1 0 0 63
1 0 0 63
1 0 0 51
1 0 0 51
1 0 0 51
1 0 0 51
1 0 0 64
1 0 0 64
1 0 0 64
1 0 0 64
1 0 0 64
1 0 0 64
1 0 0 64
1 0 0 64
1 0 0 64
1 0 0 64
1 0 0 65
1 0 0 65
1 0 0 65
1 0 0 65
1 0 0 65
1 0 0 65
1 0 0 65
1 0 0 65
1 0 0 65
1 0 0 65
1 0 0 66
1 0 0 66
1 0 0 66
1 0 0 66
1 0 0 66
1 0 0 66
1 0 0 66
1 0 0 66
1 0 0 66
1 0 0 66
1 0 0 46
1 0 0 46
1 0 0 46
1 0 0 46
1 0 0 46
1 0 0 46
1 0 0 67
1 0 0 67
1 0 0 67
1 0 0 67
1 0 0 67
1 0 0 67
1 0 0 67
1 0 0 67
1 0 0 67
1 0 0 67
1 0 0 68
1 0 0 68
1 0 0 68
1 0 0 68
1 0 0 68
1 0 0 69
1 0 0 69
1 0 0 69
1 0 0 69
1 0 0 69
1 0 0 69
1 0 0 69
1 0 0 69
1 0 0 69
1 0 0 69
1 0 0 68
1 0 0 70
1 0 0 70
1 0 0 70
1 0 0 70
1 0 0 70
1 0 0 70
1 0 0 70
1 0 0 70
1 0 0 70
1 0 0 70
1 0 0 68
1 0 0 68
1 0 0 68
1 0 0 71
1 0 0 71
1 0 0 71
1 0 0 71
1 0 0 71
1 0 0 71
1 0 0 71
1 0 0 72
1 0 0 72
1 0 0 72
1 0 0 72
1 0 0 72
1 0 0 72
1 0 0 72
1 0 0 72
1 0 0 72
1 0 0 72
1 0 0 71
1 0 0 71
1 0 0 71
1 0 0 68
0.1 2 3 -1
0.1 6 7 -1
0.1 5 722 -1
0.1 4 723 -1
0.1 721 724 -1
0.1 8 9 -1
0.1 10 11 -1
0.1 726 727 -1
0.1 725 728 -1
0.1 1 729 -1
0.1 12 13 -1
0.1 16 17 -1
0.1 732 18 -1
0.1 733 19 -1
0.1 20 21 -1
0.1 734 735 -1
0.1 736 22 -1
0.1 23 24 -1
0.1 737 738 -1
0.1 15 739 -1
0.1 14 740 -1
0.1 731 741 -1
0.1 730 742 -1
0.1 26 27 -1
0.1 28 29 -1
0.1 32 33 -1
0.1 37 38 -1
0.1 747 39 -1
0.1 41 42 -1
0.1 40 749 -1
0.1 748 750 -1
0.1 36 751 -1
0.1 35 752 -1
0.1 753 43 -1
0.1 34 754 -1
0.1 44 45 -1
0.1 755 756 -1
0.1 746 757 -1
0.1 31 758 -1
0.1 30 759 -1
0.1 745 760 -1
0.1 744 761 -1
0.1 49 50 -1
0.1 51 52 -1
0.1 53 54 -1
0.1 56 57 -1
0.1 55 766 -1
0.1 765 767 -1
0.1 764 768 -1
0.1 763 769 -1
0.1 48 770 -1
0.1 47 771 -1
0.1 46 772 -1
0.1 762 773 -1
0.1 25 774 -1
0.1 743 775 -1
0.1 58 59 -1
0.1 60 61 -1
0.1 778 62 -1
0.1 779 63 -1
0.1 777 780 -1
0.1 65 66 -1
0.1 782 67 -1
0.1 64 783 -1
0.1 781 784 -1
0.1 69 70 -1
0.1 68 786 -1
0.1 785 787 -1
0.1 776 788 -1
0.1 74 75 -1
0.1 73 790 -1
0.1 72 791 -1
0.1 792 76 -1
0.1 78 79 -1
0.1 77 794 -1
0.1 80 81 -1
0.1 795 796 -1
0.1 793 797 -1
0.1 71 798 -1
0.1 83 84 -1
0.1 85 86 -1
0.1 800 801 -1
0.1 82 802 -1
0.1 90 91 -1
0.1 92 93 -1
0.1 804 805 -1
0.1 95 96 -1
0.1 97 98 -1
0.1 101 102 -1
0.1 103 104 -1
0.1 809 810 -1
0.1 100 811 -1
0.1 99 812 -1
0.1 808 813 -1
0.1 807 814 -1
0.1 105 106 -1
0.1 815 816 -1
0.1 94 817 -1
0.1 107 108 -1
0.1 819 109 -1
0.1 818 820 -1
0.1 806 821 -1
0.1 89 822 -1
0.1 88 823 -1
0.1 87 824 -1
0.1 110 111 -1
0.1 825 826 -1
0.1 803 827 -1
0.1 113 114 -1
0.1 115 116 -1
0.1 830 117 -1
0.1 831 118 -1
0.1 829 832 -1
0.1 119 120 -1
0.1 834 121 -1
0.1 833 835 -1
0.1 112 836 -1
0.1 124 125 -1
0.1 126 127 -1
0.1 838 839 -1
0.1 129 130 -1
0.1 128 841 -1
0.1 842 131 -1
0.1 840 843 -1
0.1 123 844 -1
0.1 122 845 -1
0.1 837 846 -1
0.1 828 847 -1
0.1 133 134 -1
0.1 135 136 -1
0.1 849 850 -1
0.1 138 139 -1
0.1 140 141 -1
0.1 144 145 -1
0.1 143 854 -1
0.1 149 150 -1
0.1 148 856 -1
0.1 152 153 -1
0.1 151 858 -1
0.1 155 156 -1
0.1 154 860 -1
0.1 859 861 -1
0.1 857 862 -1
0.1 147 863 -1
0.1 146 864 -1
0.1 865 157 -1
0.1 866 158 -1
0.1 855 867 -1
0.1 142 868 -1
0.1 869 159 -1
0.1 853 870 -1
0.1 162 163 -1
0.1 161 872 -1
0.1 160 873 -1
0.1 165 166 -1
0.1 875 167 -1
0.1 164 876 -1
0.1 874 877 -1
0.1 871 878 -1
0.1 170 171 -1
0.1 169 880 -1
0.1 881 172 -1
0.1 174 175 -1
0.1 173 883 -1
0.1 177 178 -1
0.1 176 885 -1
0.1 884 886 -1
0.1 882 887 -1
0.1 180 181 -1
0.1 182 183 -1
0.1 889 890 -1
0.1 179 891 -1
0.1 888 892 -1
0.1 168 893 -1
0.1 186 187 -1
0.1 185 895 -1
0.1 184 896 -1
0.1 894 897 -1
0.1 188 189 -1
0.1 190 191 -1
0.1 195 196 -1
0.1 194 901 -1
0.1 193 902 -1
0.1 197 198 -1
0.1 199 200 -1
0.1 201 202 -1
0.1 905 906 -1
0.1 904 907 -1
0.1 203 204 -1
0.1 205 206 -1
0.1 909 910 -1
0.1 908 911 -1
0.1 912 207 -1
0.1 913 208 -1
0.1 903 914 -1
0.1 192 915 -1
0.1 900 916 -1
0.1 899 917 -1
0.1 898 918 -1
0.1 879 919 -1
0.1 852 920 -1
0.1 137 921 -1
0.1 210 211 -1
0.1 209 923 -1
0.1 922 924 -1
0.1 851 925 -1
0.1 132 926 -1
0.1 213 214 -1
0.1 215 216 -1
0.1 928 929 -1
0.1 219 220 -1
0.1 931 221 -1
0.1 218 932 -1
0.1 217 933 -1
0.1 930 934 -1
0.1 212 935 -1
0.1 927 936 -1
0.1 223 224 -1
0.1 227 228 -1
0.1 226 939 -1
0.1 940 229 -1
0.1 225 941 -1
0.1 230 231 -1
0.1 942 943 -1
0.1 938 944 -1
0.1 232 233 -1
0.1 234 235 -1
0.1 236 237 -1
0.1 947 948 -1
0.1 949 238 -1
0.1 240 241 -1
0.1 239 951 -1
0.1 950 952 -1
0.1 946 953 -1
0.1 945 954 -1
0.1 222 955 -1
0.1 248 249 -1
0.1 250 251 -1
0.1 957 958 -1
0.1 247 959 -1
0.1 246 960 -1
0.1 245 961 -1
0.1 244 962 -1
0.1 963 252 -1
0.1 243 964 -1
0.1 242 965 -1
0.1 253 254 -1
0.1 967 255 -1
0.1 966 968 -1
0.1 256 257 -1
0.1 260 261 -1
0.1 259 971 -1
0.1 258 972 -1
0.1 970 973 -1
0.1 969 974 -1
0.1 956 975 -1
0.1 937 976 -1
0.1 848 977 -1
0.1 799 978 -1
0.1 789 979 -1
0.1 263 264 -1
0.1 265 266 -1
0.1 269 270 -1
0.1 268 983 -1
0.1 267 984 -1
0.1 272 273 -1
0.1 986 274 -1
0.1 271 987 -1
0.1 985 988 -1
0.1 982 989 -1
0.1 275 276 -1
0.1 991 277 -1
0.1 278 279 -1
0.1 992 993 -1
0.1 280 281 -1
0.1 995 282 -1
0.1 994 996 -1
0.1 283 284 -1
0.1 997 998 -1
0.1 990 999 -1
0.1 285 286 -1
0.1 287 288 -1
0.1 1002 289 -1
0.1 290 291 -1
0.1 1003 1004 -1
0.1 1001 1005 -1
0.1 1000 1006 -1
0.1 981 1007 -1
0.1 262 1008 -1
0.1 294 295 -1
0.1 293 1010 -1
0.1 296 297 -1
0.1 298 299 -1
0.1 300 301 -1
0.1 1013 1014 -1
0.1 304 305 -1
0.1 303 1016 -1
0.1 302 1017 -1
0.1 306 307 -1
0.1 1018 1019 -1
0.1 1015 1020 -1
0.1 1012 1021 -1
0.1 1011 1022 -1
0.1 308 309 -1
0.1 313 314 -1
0.1 312 1025 -1
0.1 311 1026 -1
0.1 317 318 -1
0.1 316 1028 -1
0.1 315 1029 -1
0.1 1030 319 -1
0.1 1031 320 -1
0.1 1027 1032 -1
0.1 310 1033 -1
0.1 322 323 -1
0.1 325 326 -1
0.1 329 330 -1
0.1 328 1037 -1
0.1 327 1038 -1
0.1 1036 1039 -1
0.1 324 1040 -1
0.1 1035 1041 -1
0.1 321 1042 -1
0.1 331 332 -1
0.1 333 334 -1
0.1 1045 335 -1
0.1 1046 336 -1
0.1 1044 1047 -1
0.1 338 339 -1
0.1 1049 340 -1
0.1 337 1050 -1
0.1 1048 1051 -1
0.1 1043 1052 -1
0.1 345 346 -1
0.1 344 1054 -1
0.1 347 348 -1
0.1 1056 349 -1
0.1 350 351 -1
0.1 1057 1058 -1
0.1 1055 1059 -1
0.1 343 1060 -1
0.1 342 1061 -1
0.1 341 1062 -1
0.1 1053 1063 -1
0.1 1034 1064 -1
0.1 1024 1065 -1
0.1 353 354 -1
0.1 356 357 -1
0.1 355 1068 -1
0.1 360 361 -1
0.1 359 1070 -1
0.1 358 1071 -1
0.1 1069 1072 -1
0.1 1067 1073 -1
0.1 352 1074 -1
0.1 1066 1075 -1
0.1 1023 1076 -1
0.1 292 1077 -1
0.1 363 364 -1
0.1 362 1079 -1
0.1 1080 365 -1
0.1 1081 366 -1
0.1 367 368 -1
0.1 370 371 -1
0.1 369 1084 -1
0.1 1083 1085 -1
0.1 1082 1086 -1
0.1 373 374 -1
0.1 372 1088 -1
0.1 377 378 -1
0.1 376 1090 -1
0.1 379 380 -1
0.1 1092 381 -1
0.1 1091 1093 -1
0.1 375 1094 -1
0.1 1089 1095 -1
0.1 1087 1096 -1
0.1 1078 1097 -1
0.1 1009 1098 -1
0.1 980 1099 -1
0.1 382 383 -1
0.1 384 385 -1
0.1 1101 1102 -1
0.1 387 388 -1
0.1 1104 389 -1
0.1 386 1105 -1
0.1 390 391 -1
0.1 1106 1107 -1
0.1 1103 1108 -1
0.1 392 393 -1
0.1 396 397 -1
0.1 395 1111 -1
0.1 394 1112 -1
0.1 398 399 -1
0.1 402 403 -1
0.1 401 1115 -1
0.1 400 1116 -1
0.1 1114 1117 -1
0.1 1113 1118 -1
0.1 404 405 -1
0.1 1119 1120 -1
0.1 406 407 -1
0.1 409 410 -1
0.1 408 1123 -1
0.1 1122 1124 -1
0.1 1125 411 -1
0.1 412 413 -1
0.1 414 415 -1
0.1 1127 1128 -1
0.1 1126 1129 -1
0.1 1121 1130 -1
0.1 421 422 -1
0.1 420 1132 -1
0.1 1133 423 -1
0.1 419 1134 -1
0.1 418 1135 -1
0.1 417 1136 -1
0.1 424 425 -1
0.1 1138 426 -1
0.1 1137 1139 -1
0.1 416 1140 -1
0.1 1131 1141 -1
0.1 1110 1142 -1
0.1 427 428 -1
0.1 429 430 -1
0.1 1144 1145 -1
0.1 1143 1146 -1
0.1 432 433 -1
0.1 1148 434 -1
0.1 431 1149 -1
0.1 435 436 -1
0.1 437 438 -1
0.1 1152 439 -1
0.1 1151 1153 -1
0.1 440 441 -1
0.1 1154 1155 -1
0.1 443 444 -1
0.1 442 1157 -1
0.1 1156 1158 -1
0.1 1159 445 -1
0.1 448 449 -1
0.1 1161 450 -1
0.1 447 1162 -1
0.1 446 1163 -1
0.1 1160 1164 -1
0.1 1150 1165 -1
0.1 452 453 -1
0.1 455 456 -1
0.1 454 1168 -1
0.1 459 460 -1
0.1 462 463 -1
0.1 465 466 -1
0.1 464 1172 -1
0.1 1171 1173 -1
0.1 1174 467 -1
0.1 469 470 -1
0.1 1176 471 -1
0.1 472 473 -1
0.1 474 475 -1
0.1 477 478 -1
0.1 476 1180 -1
0.1 1179 1181 -1
0.1 1178 1182 -1
0.1 1177 1183 -1
0.1 468 1184 -1
0.1 1175 1185 -1
0.1 461 1186 -1
0.1 1170 1187 -1
0.1 458 1188 -1
0.1 457 1189 -1
0.1 479 480 -1
0.1 481 482 -1
0.1 1191 1192 -1
0.1 1193 483 -1
0.1 1190 1194 -1
0.1 1169 1195 -1
0.1 1196 484 -1
0.1 1167 1197 -1
0.1 451 1198 -1
0.1 485 486 -1
0.1 487 488 -1
0.1 1200 1201 -1
0.1 489 490 -1
0.1 1202 1203 -1
0.1 491 492 -1
0.1 1204 1205 -1
0.1 493 494 -1
0.1 1206 1207 -1
0.1 1208 495 -1
0.1 496 497 -1
0.1 499 500 -1
0.1 498 1211 -1
0.1 1210 1212 -1
0.1 1209 1213 -1
0.1 501 502 -1
0.1 1215 503 -1
0.1 505 506 -1
0.1 507 508 -1
0.1 1217 1218 -1
0.1 1219 509 -1
0.1 504 1220 -1
0.1 1216 1221 -1
0.1 1222 510 -1
0.1 511 512 -1
0.1 513 514 -1
0.1 1225 515 -1
0.1 516 517 -1
0.1 1226 1227 -1
0.1 519 520 -1
0.1 518 1229 -1
0.1 1228 1230 -1
0.1 1224 1231 -1
0.1 522 523 -1
0.1 521 1233 -1
0.1 525 526 -1
0.1 527 528 -1
0.1 1235 1236 -1
0.1 524 1237 -1
0.1 530 531 -1
0.1 529 1239 -1
0.1 1238 1240 -1
0.1 532 533 -1
0.1 1241 1242 -1
0.1 534 535 -1
0.1 1243 1244 -1
0.1 536 537 -1
0.1 538 539 -1
0.1 1246 1247 -1
0.1 1245 1248 -1
0.1 1234 1249 -1
0.1 1250 540 -1
0.1 1232 1251 -1
0.1 541 542 -1
0.1 544 545 -1
0.1 543 1254 -1
0.1 1253 1255 -1
0.1 1252 1256 -1
0.1 547 548 -1
0.1 549 550 -1
0.1 1258 1259 -1
0.1 546 1260 -1
0.1 1257 1261 -1
0.1 1223 1262 -1
0.1 551 552 -1
0.1 555 556 -1
0.1 554 1265 -1
0.1 553 1266 -1
0.1 1264 1267 -1
0.1 558 559 -1
0.1 1269 560 -1
0.1 557 1270 -1
0.1 1268 1271 -1
0.1 561 562 -1
0.1 567 568 -1
0.1 569 570 -1
0.1 1274 1275 -1
0.1 571 572 -1
0.1 575 576 -1
0.1 574 1278 -1
0.1 573 1279 -1
0.1 1277 1280 -1
0.1 1276 1281 -1
0.1 566 1282 -1
0.1 565 1283 -1
0.1 578 579 -1
0.1 577 1285 -1
0.1 1286 580 -1
0.1 1284 1287 -1
0.1 564 1288 -1
0.1 563 1289 -1
0.1 1273 1290 -1
0.1 582 583 -1
0.1 581 1292 -1
0.1 586 587 -1
0.1 585 1294 -1
0.1 584 1295 -1
0.1 589 590 -1
0.1 588 1297 -1
0.1 1296 1298 -1
0.1 1293 1299 -1
0.1 1291 1300 -1
0.1 1272 1301 -1
0.1 1263 1302 -1
0.1 591 592 -1
0.1 594 595 -1
0.1 598 599 -1
0.1 600 601 -1
0.1 1306 1307 -1
0.1 1308 602 -1
0.1 604 605 -1
0.1 603 1310 -1
0.1 1311 606 -1
0.1 1309 1312 -1
0.1 597 1313 -1
0.1 607 608 -1
0.1 609 610 -1
0.1 1315 1316 -1
0.1 1314 1317 -1
0.1 596 1318 -1
0.1 1305 1319 -1
0.1 593 1320 -1
0.1 1304 1321 -1
0.1 611 612 -1
0.1 614 615 -1
0.1 613 1324 -1
0.1 616 617 -1
0.1 618 619 -1
0.1 1327 620 -1
0.1 1326 1328 -1
0.1 1325 1329 -1
0.1 1323 1330 -1
0.1 621 622 -1
0.1 623 624 -1
0.1 1332 1333 -1
0.1 1331 1334 -1
0.1 1322 1335 -1
0.1 1303 1336 -1
0.1 1214 1337 -1
0.1 625 626 -1
0.1 627 628 -1
0.1 630 631 -1
0.1 629 1341 -1
0.1 633 634 -1
0.1 632 1343 -1
0.1 1342 1344 -1
0.1 1340 1345 -1
0.1 1339 1346 -1
0.1 1338 1347 -1
0.1 637 638 -1
0.1 636 1349 -1
0.1 635 1350 -1
0.1 640 641 -1
0.1 639 1352 -1
0.1 1351 1353 -1
0.1 643 644 -1
0.1 642 1355 -1
0.1 1354 1356 -1
0.1 645 646 -1
0.1 650 651 -1
0.1 649 1359 -1
0.1 648 1360 -1
0.1 647 1361 -1
0.1 653 654 -1
0.1 652 1363 -1
0.1 1362 1364 -1
0.1 1358 1365 -1
0.1 1357 1366 -1
0.1 1348 1367 -1
0.1 1199 1368 -1
0.1 655 656 -1
0.1 1370 657 -1
0.1 658 659 -1
0.1 1371 1372 -1
0.1 1373 660 -1
0.1 1369 1374 -1
0.1 1166 1375 -1
0.1 1147 1376 -1
0.1 662 663 -1
0.1 661 1378 -1
0.1 1379 664 -1
0.1 665 666 -1
0.1 1380 1381 -1
0.1 667 668 -1
0.1 1382 1383 -1
0.1 669 670 -1
0.1 1384 1385 -1
0.1 1377 1386 -1
0.1 1109 1387 -1
0.1 672 673 -1
0.1 674 675 -1
0.1 1389 1390 -1
0.1 671 1391 -1
0.1 678 679 -1
0.1 677 1393 -1
0.1 1394 680 -1
0.1 676 1395 -1
0.1 682 683 -1
0.1 684 685 -1
0.1 1397 1398 -1
0.1 681 1399 -1
0.1 1396 1400 -1
0.1 1401 686 -1
0.1 1392 1402 -1
0.1 689 690 -1
0.1 688 1404 -1
0.1 691 692 -1
0.1 1406 693 -1
0.1 1405 1407 -1
0.1 695 696 -1
0.1 694 1409 -1
0.1 1408 1410 -1
0.1 687 1411 -1
0.1 698 699 -1
0.1 697 1413 -1
0.1 1412 1414 -1
0.1 1403 1415 -1
0.1 700 701 -1
0.1 705 706 -1
0.1 704 1418 -1
0.1 703 1419 -1
0.1 702 1420 -1
0.1 1417 1421 -1
0.1 708 709 -1
0.1 707 1423 -1
0.1 711 712 -1
0.1 1425 713 -1
0.1 710 1426 -1
0.1 715 716 -1
0.1 714 1428 -1
0.1 1427 1429 -1
0.1 1424 1430 -1
0.1 718 719 -1
0.1 717 1432 -1
0.1 1431 1433 -1
0.1 1422 1434 -1
0.1 1435 720 -1
0.1 1416 1436 -1
0.1 1388 1437 -1
0.1 1100 1438 -1
