1 0 0 1
1 0 0 1
1 0 0 1
1 0 0 1
1 0 0 1
1 0 0 1
1 0 0 1
1 0 0 1
1 0 0 2
1 0 0 2
1 0 0 1
1 0 0 1
1 0 0 2
1 0 0 2
1 0 0 2
1 0 0 2
1 0 0 3
1 0 0 3
1 0 0 3
1 0 0 3
1 0 0 3
1 0 0 3
1 0 0 3
1 0 0 3
1 0 0 3
1 0 0 3
1 0 0 2
1 0 0 2
1 0 0 2
1 0 0 2
1 0 0 4
1 0 0 4
1 0 0 4
1 0 0 4
1 0 0 5
1 0 0 5
1 0 0 5
1 0 0 5
1 0 0 5
1 0 0 5
1 0 0 5
1 0 0 5
1 0 0 5
1 0 0 5
1 0 0 6
1 0 0 6
1 0 0 6
1 0 0 6
1 0 0 6
1 0 0 6
1 0 0 6
1 0 0 6
1 0 0 6
1 0 0 6
1 0 0 4
1 0 0 4
1 0 0 4
1 0 0 4
1 0 0 4
1 0 0 7
1 0 0 7
1 0 0 7
1 0 0 7
1 0 0 7
1 0 0 7
1 0 0 7
1 0 0 7
1 0 0 7
1 0 0 7
1 0 0 4
1 0 0 8
1 0 0 8
1 0 0 8
1 0 0 8
1 0 0 8
1 0 0 8
1 0 0 8
1 0 0 8
1 0 0 8
1 0 0 8
0.1 1 2 -1
0.1 4 5 -1
0.1 3 82 -1
0.1 6 7 -1
0.1 83 84 -1
0.1 85 8 -1
0.1 81 86 -1
0.1 9 10 -1
0.1 87 88 -1
0.1 11 12 -1
0.1 15 16 -1
0.1 14 91 -1
0.1 13 92 -1
0.1 18 19 -1
0.1 94 20 -1
0.1 22 23 -1
0.1 96 24 -1
0.1 25 26 -1
0.1 97 98 -1
0.1 21 99 -1
0.1 95 100 -1
0.1 17 101 -1
0.1 93 102 -1
0.1 27 28 -1
0.1 104 29 -1
0.1 105 30 -1
0.1 103 106 -1
0.1 90 107 -1
0.1 89 108 -1
0.1 32 33 -1
0.1 31 110 -1
0.1 109 111 -1
0.1 35 36 -1
0.1 37 38 -1
0.1 113 114 -1
0.1 41 42 -1
0.1 116 43 -1
0.1 40 117 -1
0.1 39 118 -1
0.1 119 44 -1
0.1 115 120 -1
0.1 45 46 -1
0.1 122 47 -1
0.1 49 50 -1
0.1 48 124 -1
0.1 51 52 -1
0.1 53 54 -1
0.1 126 127 -1
0.1 125 128 -1
0.1 123 129 -1
0.1 121 130 -1
0.1 57 58 -1
0.1 56 132 -1
0.1 55 133 -1
0.1 131 134 -1
0.1 34 135 -1
0.1 60 61 -1
0.1 62 63 -1
0.1 137 138 -1
0.1 66 67 -1
0.1 68 69 -1
0.1 140 141 -1
0.1 65 142 -1
0.1 64 143 -1
0.1 139 144 -1
0.1 59 145 -1
0.1 136 146 -1
0.1 147 70 -1
0.1 72 73 -1
0.1 149 74 -1
0.1 150 75 -1
0.1 76 77 -1
0.1 151 152 -1
0.1 79 80 -1
0.1 78 154 -1
0.1 153 155 -1
0.1 71 156 -1
0.1 148 157 -1
0.1 112 158 -1
