1 0 0 1
1 0 0 1
1 0 0 1
1 0 0 1
1 0 0 1
1 0 0 1
1 0 0 2
1 0 0 2
1 0 0 2
1 0 0 2
1 0 0 2
1 0 0 2
1 0 0 2
1 0 0 2
1 0 0 2
1 0 0 2
1 0 0 1
1 0 0 1
1 0 0 1
1 0 0 1
1 0 0 3
1 0 0 3
1 0 0 3
1 0 0 3
1 0 0 3
1 0 0 3
1 0 0 3
1 0 0 3
1 0 0 3
1 0 0 3
1 0 0 4
1 0 0 4
1 0 0 4
1 0 0 4
1 0 0 5
1 0 0 5
1 0 0 5
1 0 0 5
1 0 0 5
1 0 0 5
1 0 0 5
1 0 0 5
1 0 0 5
1 0 0 5
1 0 0 6
1 0 0 6
1 0 0 6
1 0 0 6
1 0 0 6
1 0 0 6
1 0 0 6
1 0 0 6
1 0 0 6
1 0 0 6
1 0 0 7
1 0 0 7
1 0 0 7
1 0 0 7
1 0 0 7
1 0 0 7
1 0 0 7
1 0 0 7
1 0 0 7
1 0 0 7
1 0 0 4
1 0 0 4
1 0 0 4
1 0 0 4
1 0 0 4
1 0 0 4
1 0 0 8
1 0 0 8
1 0 0 8
1 0 0 8
1 0 0 8
1 0 0 8
1 0 0 8
1 0 0 8
1 0 0 8
1 0 0 8
0.1 1 2 -1
0.1 4 5 -1
0.1 82 6 -1
0.1 3 83 -1
0.1 7 8 -1
0.1 85 9 -1
0.1 10 11 -1
0.1 87 12 -1
0.1 88 13 -1
0.1 14 15 -1
0.1 89 90 -1
0.1 91 16 -1
0.1 86 92 -1
0.1 84 93 -1
0.1 19 20 -1
0.1 18 95 -1
0.1 17 96 -1
0.1 94 97 -1
0.1 81 98 -1
0.1 21 22 -1
0.1 24 25 -1
0.1 23 101 -1
0.1 26 27 -1
0.1 102 103 -1
0.1 104 28 -1
0.1 100 105 -1
0.1 29 30 -1
0.1 106 107 -1
0.1 31 32 -1
0.1 109 33 -1
0.1 108 110 -1
0.1 99 111 -1
0.1 37 38 -1
0.1 39 40 -1
0.1 113 114 -1
0.1 36 115 -1
0.1 35 116 -1
0.1 41 42 -1
0.1 43 44 -1
0.1 118 119 -1
0.1 117 120 -1
0.1 34 121 -1
0.1 46 47 -1
0.1 45 123 -1
0.1 48 49 -1
0.1 50 51 -1
0.1 125 126 -1
0.1 124 127 -1
0.1 53 54 -1
0.1 52 129 -1
0.1 128 130 -1
0.1 58 59 -1
0.1 60 61 -1
0.1 132 133 -1
0.1 57 134 -1
0.1 62 63 -1
0.1 136 64 -1
0.1 135 137 -1
0.1 56 138 -1
0.1 55 139 -1
0.1 131 140 -1
0.1 122 141 -1
0.1 65 66 -1
0.1 68 69 -1
0.1 144 70 -1
0.1 67 145 -1
0.1 143 146 -1
0.1 142 147 -1
0.1 72 73 -1
0.1 71 149 -1
0.1 75 76 -1
0.1 74 151 -1
0.1 78 79 -1
0.1 153 80 -1
0.1 77 154 -1
0.1 152 155 -1
0.1 150 156 -1
0.1 148 157 -1
0.1 112 158 -1
