1 0 0 1
1 0 0 1
1 0 0 1
1 0 0 1
1 0 0 1
1 0 0 1
1 0 0 1
1 0 0 1
1 0 0 1
1 0 0 1
1 0 0 2
1 0 0 2
1 0 0 2
1 0 0 2
1 0 0 2
1 0 0 2
1 0 0 2
1 0 0 2
1 0 0 2
1 0 0 2
1 0 0 3
1 0 0 3
1 0 0 3
1 0 0 3
1 0 0 3
1 0 0 3
1 0 0 4
1 0 0 4
1 0 0 4
1 0 0 4
1 0 0 4
1 0 0 4
1 0 0 4
1 0 0 4
1 0 0 4
1 0 0 4
1 0 0 3
1 0 0 3
1 0 0 3
1 0 0 3
1 0 0 5
1 0 0 5
1 0 0 5
1 0 0 5
1 0 0 5
1 0 0 6
1 0 0 6
1 0 0 6
1 0 0 6
1 0 0 6
1 0 0 6
1 0 0 6
1 0 0 6
1 0 0 6
1 0 0 6
1 0 0 7
1 0 0 7
1 0 0 7
1 0 0 7
1 0 0 7
1 0 0 7
1 0 0 7
1 0 0 7
1 0 0 7
1 0 0 7
1 0 0 8
1 0 0 8
1 0 0 8
1 0 0 8
1 0 0 8
1 0 0 8
1 0 0 8
1 0 0 8
1 0 0 8
1 0 0 8
1 0 0 5
1 0 0 5
1 0 0 5
1 0 0 5
1 0 0 5
0.1 2 3 -1
0.1 1 81 -1
0.1 5 6 -1
0.1 83 7 -1
0.1 4 84 -1
0.1 82 85 -1
0.1 9 10 -1
0.1 8 87 -1
0.1 86 88 -1
0.1 11 12 -1
0.1 14 15 -1
0.1 13 91 -1
0.1 16 17 -1
0.1 92 93 -1
0.1 94 18 -1
0.1 90 95 -1
0.1 19 20 -1
0.1 21 22 -1
0.1 24 25 -1
0.1 99 26 -1
0.1 23 100 -1
0.1 28 29 -1
0.1 27 102 -1
0.1 30 31 -1
0.1 32 33 -1
0.1 105 34 -1
0.1 106 35 -1
0.1 104 107 -1
0.1 103 108 -1
0.1 109 36 -1
0.1 101 110 -1
0.1 39 40 -1
0.1 38 112 -1
0.1 37 113 -1
0.1 111 114 -1
0.1 98 115 -1
0.1 97 116 -1
0.1 96 117 -1
0.1 89 118 -1
0.1 42 43 -1
0.1 120 44 -1
0.1 41 121 -1
0.1 48 49 -1
0.1 50 51 -1
0.1 123 124 -1
0.1 47 125 -1
0.1 46 126 -1
0.1 52 53 -1
0.1 54 55 -1
0.1 128 129 -1
0.1 127 130 -1
0.1 45 131 -1
0.1 57 58 -1
0.1 133 59 -1
0.1 56 134 -1
0.1 61 62 -1
0.1 60 136 -1
0.1 135 137 -1
0.1 64 65 -1
0.1 63 139 -1
0.1 138 140 -1
0.1 67 68 -1
0.1 69 70 -1
0.1 142 143 -1
0.1 73 74 -1
0.1 145 75 -1
0.1 72 146 -1
0.1 71 147 -1
0.1 144 148 -1
0.1 66 149 -1
0.1 141 150 -1
0.1 132 151 -1
0.1 122 152 -1
0.1 76 77 -1
0.1 153 154 -1
0.1 78 79 -1
0.1 156 80 -1
0.1 155 157 -1
0.1 119 158 -1
