1 0 0 1
1 0 0 1
1 0 0 1
1 0 0 2
1 0 0 2
1 0 0 2
1 0 0 2
1 0 0 2
1 0 0 2
1 0 0 2
1 0 0 2
1 0 0 3
1 0 0 3
1 0 0 2
1 0 0 2
1 0 0 3
1 0 0 3
1 0 0 3
1 0 0 3
1 0 0 4
1 0 0 4
1 0 0 4
1 0 0 4
1 0 0 4
1 0 0 4
1 0 0 4
1 0 0 4
1 0 0 4
1 0 0 4
1 0 0 3
1 0 0 3
1 0 0 3
1 0 0 3
1 0 0 5
1 0 0 5
1 0 0 5
1 0 0 5
1 0 0 5
1 0 0 5
1 0 0 5
1 0 0 5
1 0 0 5
1 0 0 5
1 0 0 1
1 0 0 1
1 0 0 1
1 0 0 1
1 0 0 1
1 0 0 1
1 0 0 1
1 0 0 6
1 0 0 6
1 0 0 6
1 0 0 6
1 0 0 6
1 0 0 6
1 0 0 6
1 0 0 6
1 0 0 6
1 0 0 6
1 0 0 7
1 0 0 7
1 0 0 7
1 0 0 7
1 0 0 7
1 0 0 7
1 0 0 7
1 0 0 7
1 0 0 7
1 0 0 7
1 0 0 8
1 0 0 8
1 0 0 8
1 0 0 8
1 0 0 8
1 0 0 8
1 0 0 8
1 0 0 8
1 0 0 8
1 0 0 8
0.1 1 2 -1
0.1 81 3 -1
0.1 4 5 -1
0.1 7 8 -1
0.1 9 10 -1
0.1 85 11 -1
0.1 84 86 -1
0.1 6 87 -1
0.1 83 88 -1
0.1 12 13 -1
0.1 89 90 -1
0.1 14 15 -1
0.1 17 18 -1
0.1 93 19 -1
0.1 16 94 -1
0.1 20 21 -1
0.1 23 24 -1
0.1 22 97 -1
0.1 25 26 -1
0.1 99 27 -1
0.1 98 100 -1
0.1 101 28 -1
0.1 102 29 -1
0.1 96 103 -1
0.1 31 32 -1
0.1 105 33 -1
0.1 30 106 -1
0.1 104 107 -1
0.1 95 108 -1
0.1 92 109 -1
0.1 91 110 -1
0.1 82 111 -1
0.1 35 36 -1
0.1 34 113 -1
0.1 39 40 -1
0.1 38 115 -1
0.1 37 116 -1
0.1 41 42 -1
0.1 118 43 -1
0.1 117 119 -1
0.1 114 120 -1
0.1 44 45 -1
0.1 46 47 -1
0.1 123 48 -1
0.1 124 49 -1
0.1 51 52 -1
0.1 53 54 -1
0.1 126 127 -1
0.1 56 57 -1
0.1 58 59 -1
0.1 129 130 -1
0.1 131 60 -1
0.1 55 132 -1
0.1 128 133 -1
0.1 50 134 -1
0.1 62 63 -1
0.1 64 65 -1
0.1 136 137 -1
0.1 69 70 -1
0.1 68 139 -1
0.1 67 140 -1
0.1 66 141 -1
0.1 138 142 -1
0.1 61 143 -1
0.1 71 72 -1
0.1 145 73 -1
0.1 74 75 -1
0.1 146 147 -1
0.1 76 77 -1
0.1 148 149 -1
0.1 78 79 -1
0.1 151 80 -1
0.1 150 152 -1
0.1 144 153 -1
0.1 135 154 -1
0.1 125 155 -1
0.1 122 156 -1
0.1 121 157 -1
0.1 112 158 -1
