1 0 0 1
1 0 0 1
1 0 0 1
1 0 0 1
1 0 0 1
1 0 0 1
1 0 0 1
1 0 0 1
1 0 0 1
1 0 0 2
1 0 0 2
1 0 0 2
1 0 0 2
1 0 0 2
1 0 0 2
1 0 0 2
1 0 0 2
1 0 0 3
1 0 0 4
1 0 0 4
1 0 0 4
1 0 0 4
1 0 0 4
1 0 0 4
1 0 0 4
1 0 0 4
1 0 0 4
1 0 0 4
1 0 0 3
1 0 0 3
1 0 0 3
1 0 0 3
1 0 0 3
1 0 0 3
1 0 0 3
1 0 0 3
1 0 0 3
1 0 0 5
1 0 0 6
1 0 0 6
1 0 0 6
1 0 0 6
1 0 0 6
1 0 0 6
1 0 0 6
1 0 0 6
1 0 0 6
1 0 0 6
1 0 0 7
1 0 0 7
1 0 0 7
1 0 0 7
1 0 0 7
1 0 0 7
1 0 0 7
1 0 0 7
1 0 0 7
1 0 0 7
1 0 0 5
1 0 0 8
1 0 0 8
1 0 0 8
1 0 0 8
1 0 0 8
1 0 0 8
1 0 0 8
1 0 0 8
1 0 0 8
1 0 0 8
1 0 0 5
1 0 0 5
1 0 0 5
1 0 0 5
1 0 0 5
1 0 0 5
1 0 0 5
1 0 0 5
1 0 0 9
1 0 0 9
1 0 0 9
1 0 0 9
1 0 0 9
1 0 0 10
1 0 0 10
1 0 0 10
1 0 0 10
1 0 0 10
1 0 0 10
1 0 0 9
1 0 0 10
1 0 0 10
1 0 0 10
1 0 0 10
1 0 0 9
1 0 0 9
1 0 0 9
1 0 0 9
1 0 0 11
1 0 0 11
1 0 0 11
1 0 0 11
1 0 0 11
1 0 0 11
1 0 0 11
1 0 0 11
1 0 0 11
1 0 0 11
1 0 0 2
1 0 0 2
1 0 0 12
1 0 0 13
1 0 0 13
1 0 0 13
1 0 0 13
1 0 0 13
1 0 0 13
1 0 0 13
1 0 0 13
1 0 0 13
1 0 0 13
1 0 0 14
1 0 0 14
1 0 0 14
1 0 0 15
1 0 0 15
1 0 0 15
1 0 0 15
1 0 0 15
1 0 0 15
1 0 0 15
1 0 0 15
1 0 0 15
1 0 0 15
1 0 0 14
1 0 0 14
1 0 0 14
1 0 0 14
1 0 0 16
1 0 0 16
1 0 0 16
1 0 0 16
1 0 0 16
1 0 0 16
1 0 0 16
1 0 0 16
1 0 0 16
1 0 0 16
1 0 0 14
1 0 0 17
1 0 0 17
1 0 0 17
1 0 0 17
1 0 0 17
1 0 0 17
1 0 0 17
1 0 0 17
1 0 0 17
1 0 0 17
1 0 0 18
1 0 0 18
1 0 0 18
1 0 0 18
1 0 0 18
1 0 0 18
1 0 0 18
1 0 0 18
1 0 0 18
1 0 0 18
1 0 0 14
1 0 0 14
1 0 0 12
1 0 0 19
1 0 0 19
1 0 0 19
1 0 0 19
1 0 0 19
1 0 0 19
1 0 0 19
1 0 0 19
1 0 0 19
1 0 0 19
1 0 0 12
1 0 0 12
1 0 0 12
1 0 0 12
1 0 0 12
1 0 0 12
1 0 0 12
1 0 0 1
1 0 0 20
1 0 0 20
1 0 0 20
1 0 0 20
1 0 0 20
1 0 0 20
1 0 0 20
1 0 0 20
1 0 0 20
1 0 0 20
1 0 0 21
1 0 0 21
1 0 0 21
1 0 0 12
1 0 0 21
1 0 0 22
1 0 0 22
1 0 0 22
1 0 0 22
1 0 0 22
1 0 0 22
1 0 0 22
1 0 0 22
1 0 0 22
1 0 0 21
1 0 0 21
1 0 0 21
1 0 0 21
1 0 0 21
1 0 0 21
1 0 0 23
1 0 0 23
1 0 0 23
1 0 0 24
1 0 0 24
1 0 0 24
1 0 0 24
1 0 0 24
1 0 0 24
1 0 0 24
1 0 0 24
1 0 0 24
1 0 0 24
1 0 0 23
1 0 0 23
1 0 0 25
1 0 0 25
1 0 0 25
1 0 0 25
1 0 0 25
1 0 0 25
1 0 0 25
1 0 0 25
1 0 0 25
1 0 0 25
1 0 0 26
1 0 0 26
1 0 0 26
1 0 0 26
1 0 0 26
1 0 0 26
1 0 0 26
1 0 0 26
1 0 0 26
1 0 0 26
1 0 0 23
1 0 0 23
1 0 0 23
1 0 0 27
1 0 0 27
1 0 0 27
1 0 0 27
1 0 0 27
1 0 0 27
1 0 0 27
1 0 0 27
1 0 0 27
1 0 0 27
1 0 0 28
1 0 0 28
1 0 0 28
1 0 0 28
1 0 0 28
1 0 0 28
1 0 0 28
1 0 0 28
1 0 0 28
1 0 0 28
1 0 0 23
1 0 0 23
1 0 0 29
1 0 0 29
1 0 0 29
1 0 0 29
1 0 0 29
1 0 0 29
1 0 0 29
1 0 0 29
1 0 0 29
1 0 0 29
1 0 0 22
0.1 1 2 -1
0.1 4 5 -1
0.1 3 292 -1
0.1 7 8 -1
0.1 6 294 -1
0.1 295 9 -1
0.1 293 296 -1
0.1 291 297 -1
0.1 10 11 -1
0.1 13 14 -1
0.1 300 15 -1
0.1 301 16 -1
0.1 302 17 -1
0.1 19 20 -1
0.1 304 21 -1
0.1 22 23 -1
0.1 305 306 -1
0.1 24 25 -1
0.1 308 26 -1
0.1 307 309 -1
0.1 27 28 -1
0.1 310 311 -1
0.1 18 312 -1
0.1 30 31 -1
0.1 29 314 -1
0.1 313 315 -1
0.1 34 35 -1
0.1 33 317 -1
0.1 318 36 -1
0.1 32 319 -1
0.1 316 320 -1
0.1 321 37 -1
0.1 42 43 -1
0.1 41 323 -1
0.1 40 324 -1
0.1 39 325 -1
0.1 326 44 -1
0.1 47 48 -1
0.1 46 328 -1
0.1 45 329 -1
0.1 327 330 -1
0.1 38 331 -1
0.1 322 332 -1
0.1 52 53 -1
0.1 51 334 -1
0.1 50 335 -1
0.1 49 336 -1
0.1 54 55 -1
0.1 338 56 -1
0.1 337 339 -1
0.1 57 58 -1
0.1 340 341 -1
0.1 61 62 -1
0.1 60 343 -1
0.1 65 66 -1
0.1 68 69 -1
0.1 67 346 -1
0.1 345 347 -1
0.1 64 348 -1
0.1 63 349 -1
0.1 344 350 -1
0.1 59 351 -1
0.1 71 72 -1
0.1 70 353 -1
0.1 352 354 -1
0.1 74 75 -1
0.1 76 77 -1
0.1 356 357 -1
0.1 73 358 -1
0.1 80 81 -1
0.1 79 360 -1
0.1 83 84 -1
0.1 85 86 -1
0.1 362 363 -1
0.1 87 88 -1
0.1 364 365 -1
0.1 366 89 -1
0.1 82 367 -1
0.1 91 92 -1
0.1 90 369 -1
0.1 370 93 -1
0.1 371 94 -1
0.1 95 96 -1
0.1 372 373 -1
0.1 368 374 -1
0.1 361 375 -1
0.1 78 376 -1
0.1 98 99 -1
0.1 100 101 -1
0.1 106 107 -1
0.1 105 380 -1
0.1 104 381 -1
0.1 103 382 -1
0.1 102 383 -1
0.1 379 384 -1
0.1 378 385 -1
0.1 97 386 -1
0.1 377 387 -1
0.1 359 388 -1
0.1 355 389 -1
0.1 342 390 -1
0.1 333 391 -1
0.1 303 392 -1
0.1 12 393 -1
0.1 108 109 -1
0.1 394 395 -1
0.1 299 396 -1
0.1 298 397 -1
0.1 113 114 -1
0.1 112 399 -1
0.1 400 115 -1
0.1 401 116 -1
0.1 111 402 -1
0.1 119 120 -1
0.1 118 404 -1
0.1 117 405 -1
0.1 403 406 -1
0.1 407 121 -1
0.1 122 123 -1
0.1 126 127 -1
0.1 410 128 -1
0.1 125 411 -1
0.1 129 130 -1
0.1 132 133 -1
0.1 131 414 -1
0.1 413 415 -1
0.1 412 416 -1
0.1 124 417 -1
0.1 134 135 -1
0.1 136 137 -1
0.1 419 420 -1
0.1 418 421 -1
0.1 138 139 -1
0.1 140 141 -1
0.1 142 143 -1
0.1 424 425 -1
0.1 144 145 -1
0.1 146 147 -1
0.1 427 428 -1
0.1 426 429 -1
0.1 423 430 -1
0.1 431 148 -1
0.1 150 151 -1
0.1 149 433 -1
0.1 434 152 -1
0.1 156 157 -1
0.1 155 436 -1
0.1 437 158 -1
0.1 154 438 -1
0.1 153 439 -1
0.1 435 440 -1
0.1 159 160 -1
0.1 163 164 -1
0.1 162 443 -1
0.1 165 166 -1
0.1 444 445 -1
0.1 161 446 -1
0.1 167 168 -1
0.1 447 448 -1
0.1 442 449 -1
0.1 441 450 -1
0.1 451 169 -1
0.1 452 170 -1
0.1 432 453 -1
0.1 422 454 -1
0.1 409 455 -1
0.1 408 456 -1
0.1 110 457 -1
0.1 458 171 -1
0.1 172 173 -1
0.1 174 175 -1
0.1 461 176 -1
0.1 179 180 -1
0.1 178 463 -1
0.1 177 464 -1
0.1 465 181 -1
0.1 462 466 -1
0.1 460 467 -1
0.1 468 182 -1
0.1 184 185 -1
0.1 183 470 -1
0.1 469 471 -1
0.1 186 187 -1
0.1 472 473 -1
0.1 459 474 -1
0.1 475 188 -1
0.1 398 476 -1
0.1 191 192 -1
0.1 190 478 -1
0.1 193 194 -1
0.1 479 480 -1
0.1 195 196 -1
0.1 197 198 -1
0.1 483 199 -1
0.1 482 484 -1
0.1 481 485 -1
0.1 189 486 -1
0.1 203 204 -1
0.1 202 488 -1
0.1 201 489 -1
0.1 206 207 -1
0.1 491 208 -1
0.1 205 492 -1
0.1 209 210 -1
0.1 212 213 -1
0.1 211 495 -1
0.1 494 496 -1
0.1 493 497 -1
0.1 498 214 -1
0.1 490 499 -1
0.1 215 216 -1
0.1 501 217 -1
0.1 218 219 -1
0.1 502 503 -1
0.1 500 504 -1
0.1 200 505 -1
0.1 221 222 -1
0.1 223 224 -1
0.1 225 226 -1
0.1 509 227 -1
0.1 508 510 -1
0.1 228 229 -1
0.1 230 231 -1
0.1 513 232 -1
0.1 512 514 -1
0.1 511 515 -1
0.1 233 234 -1
0.1 516 517 -1
0.1 235 236 -1
0.1 237 238 -1
0.1 519 520 -1
0.1 239 240 -1
0.1 522 241 -1
0.1 242 243 -1
0.1 524 244 -1
0.1 523 525 -1
0.1 521 526 -1
0.1 518 527 -1
0.1 507 528 -1
0.1 220 529 -1
0.1 506 530 -1
0.1 248 249 -1
0.1 247 532 -1
0.1 250 251 -1
0.1 533 534 -1
0.1 246 535 -1
0.1 245 536 -1
0.1 252 253 -1
0.1 538 254 -1
0.1 537 539 -1
0.1 255 256 -1
0.1 258 259 -1
0.1 542 260 -1
0.1 263 264 -1
0.1 262 544 -1
0.1 261 545 -1
0.1 265 266 -1
0.1 546 547 -1
0.1 548 267 -1
0.1 543 549 -1
0.1 270 271 -1
0.1 273 274 -1
0.1 275 276 -1
0.1 552 553 -1
0.1 272 554 -1
0.1 551 555 -1
0.1 556 277 -1
0.1 269 557 -1
0.1 268 558 -1
0.1 550 559 -1
0.1 257 560 -1
0.1 541 561 -1
0.1 278 279 -1
0.1 282 283 -1
0.1 284 285 -1
0.1 565 286 -1
0.1 288 289 -1
0.1 287 567 -1
0.1 566 568 -1
0.1 564 569 -1
0.1 281 570 -1
0.1 280 571 -1
0.1 563 572 -1
0.1 562 573 -1
0.1 540 574 -1
0.1 531 575 -1
0.1 576 290 -1
0.1 487 577 -1
0.1 477 578 -1
