1 0 0 1
1 0 0 1
1 0 0 1
1 0 0 1
1 0 0 1
1 0 0 2
1 0 0 2
1 0 0 2
1 0 0 2
1 0 0 2
1 0 0 2
1 0 0 2
1 0 0 2
1 0 0 2
1 0 0 2
1 0 0 3
1 0 0 3
1 0 0 3
1 0 0 4
1 0 0 4
1 0 0 4
1 0 0 4
1 0 0 4
1 0 0 4
1 0 0 4
1 0 0 4
1 0 0 4
1 0 0 4
1 0 0 3
1 0 0 3
1 0 0 3
1 0 0 3
1 0 0 3
1 0 0 3
1 0 0 5
1 0 0 6
1 0 0 6
1 0 0 6
1 0 0 6
1 0 0 6
1 0 0 6
1 0 0 6
1 0 0 6
1 0 0 6
1 0 0 6
1 0 0 5
1 0 0 5
1 0 0 5
1 0 0 7
1 0 0 7
1 0 0 7
1 0 0 7
1 0 0 7
1 0 0 7
1 0 0 5
1 0 0 7
1 0 0 7
1 0 0 7
1 0 0 7
1 0 0 5
1 0 0 5
1 0 0 5
1 0 0 5
1 0 0 5
1 0 0 3
1 0 0 8
1 0 0 8
1 0 0 8
1 0 0 8
1 0 0 8
1 0 0 8
1 0 0 8
1 0 0 8
1 0 0 8
1 0 0 8
1 0 0 9
1 0 0 9
1 0 0 9
1 0 0 9
1 0 0 9
1 0 0 9
1 0 0 9
1 0 0 9
1 0 0 9
1 0 0 9
1 0 0 10
1 0 0 10
1 0 0 10
1 0 0 10
1 0 0 10
1 0 0 10
1 0 0 10
1 0 0 10
1 0 0 10
1 0 0 10
1 0 0 1
1 0 0 1
1 0 0 1
1 0 0 1
1 0 0 1
1 0 0 11
1 0 0 12
1 0 0 12
1 0 0 12
1 0 0 12
1 0 0 12
1 0 0 12
1 0 0 12
1 0 0 12
1 0 0 12
1 0 0 12
1 0 0 13
1 0 0 14
1 0 0 14
1 0 0 14
1 0 0 14
1 0 0 14
1 0 0 14
1 0 0 14
1 0 0 14
1 0 0 14
1 0 0 14
1 0 0 15
1 0 0 16
1 0 0 16
1 0 0 16
1 0 0 16
1 0 0 16
1 0 0 16
1 0 0 16
1 0 0 16
1 0 0 16
1 0 0 16
1 0 0 15
1 0 0 17
1 0 0 17
1 0 0 17
1 0 0 17
1 0 0 17
1 0 0 17
1 0 0 17
1 0 0 17
1 0 0 17
1 0 0 17
1 0 0 15
1 0 0 18
1 0 0 18
1 0 0 18
1 0 0 18
1 0 0 18
1 0 0 18
1 0 0 18
1 0 0 18
1 0 0 18
1 0 0 18
1 0 0 19
1 0 0 19
1 0 0 19
1 0 0 19
1 0 0 19
1 0 0 19
1 0 0 19
1 0 0 19
1 0 0 19
1 0 0 19
1 0 0 15
1 0 0 15
1 0 0 15
1 0 0 15
1 0 0 15
1 0 0 15
1 0 0 15
1 0 0 13
1 0 0 11
1 0 0 11
1 0 0 13
1 0 0 13
1 0 0 13
1 0 0 13
1 0 0 13
1 0 0 20
1 0 0 20
1 0 0 20
1 0 0 20
1 0 0 20
1 0 0 20
1 0 0 20
1 0 0 20
1 0 0 20
1 0 0 20
1 0 0 13
1 0 0 13
1 0 0 21
1 0 0 21
1 0 0 21
1 0 0 21
1 0 0 21
1 0 0 21
1 0 0 21
1 0 0 21
1 0 0 21
1 0 0 21
1 0 0 22
1 0 0 22
1 0 0 22
1 0 0 22
1 0 0 22
1 0 0 22
1 0 0 22
1 0 0 22
1 0 0 22
1 0 0 22
1 0 0 23
1 0 0 23
1 0 0 24
1 0 0 24
1 0 0 24
1 0 0 24
1 0 0 24
1 0 0 25
1 0 0 25
1 0 0 25
1 0 0 25
1 0 0 25
1 0 0 25
1 0 0 25
1 0 0 25
1 0 0 25
1 0 0 25
1 0 0 24
1 0 0 24
1 0 0 24
1 0 0 24
1 0 0 24
1 0 0 23
1 0 0 23
1 0 0 23
1 0 0 26
1 0 0 26
1 0 0 26
1 0 0 26
1 0 0 26
1 0 0 26
1 0 0 26
1 0 0 26
1 0 0 26
1 0 0 26
1 0 0 23
1 0 0 23
1 0 0 27
1 0 0 27
1 0 0 27
1 0 0 27
1 0 0 27
1 0 0 27
1 0 0 27
1 0 0 27
1 0 0 27
1 0 0 27
1 0 0 28
1 0 0 28
1 0 0 28
1 0 0 28
1 0 0 28
1 0 0 28
1 0 0 28
1 0 0 28
1 0 0 28
1 0 0 28
1 0 0 23
1 0 0 23
1 0 0 23
1 0 0 29
1 0 0 29
1 0 0 29
1 0 0 29
1 0 0 29
1 0 0 29
1 0 0 29
1 0 0 29
1 0 0 29
1 0 0 29
1 0 0 13
1 0 0 11
1 0 0 11
1 0 0 11
1 0 0 11
1 0 0 11
1 0 0 11
1 0 0 11
0.1 2 3 -1
0.1 1 291 -1
0.1 4 5 -1
0.1 292 293 -1
0.1 6 7 -1
0.1 9 10 -1
0.1 8 296 -1
0.1 13 14 -1
0.1 12 298 -1
0.1 11 299 -1
0.1 300 15 -1
0.1 297 301 -1
0.1 295 302 -1
0.1 17 18 -1
0.1 16 304 -1
0.1 21 22 -1
0.1 20 306 -1
0.1 23 24 -1
0.1 307 308 -1
0.1 309 25 -1
0.1 19 310 -1
0.1 27 28 -1
0.1 26 312 -1
0.1 313 29 -1
0.1 311 314 -1
0.1 305 315 -1
0.1 31 32 -1
0.1 33 34 -1
0.1 317 318 -1
0.1 30 319 -1
0.1 36 37 -1
0.1 40 41 -1
0.1 39 322 -1
0.1 323 42 -1
0.1 38 324 -1
0.1 325 43 -1
0.1 321 326 -1
0.1 44 45 -1
0.1 327 328 -1
0.1 47 48 -1
0.1 46 330 -1
0.1 49 50 -1
0.1 51 52 -1
0.1 53 54 -1
0.1 333 334 -1
0.1 332 335 -1
0.1 336 55 -1
0.1 58 59 -1
0.1 57 338 -1
0.1 56 339 -1
0.1 340 60 -1
0.1 337 341 -1
0.1 61 62 -1
0.1 343 63 -1
0.1 342 344 -1
0.1 331 345 -1
0.1 329 346 -1
0.1 35 347 -1
0.1 348 64 -1
0.1 320 349 -1
0.1 316 350 -1
0.1 303 351 -1
0.1 68 69 -1
0.1 353 70 -1
0.1 354 71 -1
0.1 67 355 -1
0.1 73 74 -1
0.1 72 357 -1
0.1 358 75 -1
0.1 356 359 -1
0.1 66 360 -1
0.1 65 361 -1
0.1 77 78 -1
0.1 76 363 -1
0.1 81 82 -1
0.1 80 365 -1
0.1 366 83 -1
0.1 79 367 -1
0.1 84 85 -1
0.1 86 87 -1
0.1 89 90 -1
0.1 88 371 -1
0.1 91 92 -1
0.1 93 94 -1
0.1 373 374 -1
0.1 375 95 -1
0.1 372 376 -1
0.1 370 377 -1
0.1 369 378 -1
0.1 368 379 -1
0.1 364 380 -1
0.1 362 381 -1
0.1 352 382 -1
0.1 294 383 -1
0.1 96 97 -1
0.1 384 385 -1
0.1 98 99 -1
0.1 386 387 -1
0.1 388 100 -1
0.1 103 104 -1
0.1 102 390 -1
0.1 105 106 -1
0.1 108 109 -1
0.1 107 393 -1
0.1 392 394 -1
0.1 391 395 -1
0.1 110 111 -1
0.1 396 397 -1
0.1 101 398 -1
0.1 389 399 -1
0.1 115 116 -1
0.1 117 118 -1
0.1 401 402 -1
0.1 114 403 -1
0.1 113 404 -1
0.1 119 120 -1
0.1 121 122 -1
0.1 406 407 -1
0.1 405 408 -1
0.1 409 123 -1
0.1 126 127 -1
0.1 125 411 -1
0.1 412 128 -1
0.1 129 130 -1
0.1 414 131 -1
0.1 132 133 -1
0.1 415 416 -1
0.1 413 417 -1
0.1 124 418 -1
0.1 135 136 -1
0.1 137 138 -1
0.1 420 421 -1
0.1 139 140 -1
0.1 141 142 -1
0.1 423 424 -1
0.1 422 425 -1
0.1 143 144 -1
0.1 426 427 -1
0.1 148 149 -1
0.1 147 429 -1
0.1 146 430 -1
0.1 154 155 -1
0.1 153 432 -1
0.1 152 433 -1
0.1 151 434 -1
0.1 150 435 -1
0.1 431 436 -1
0.1 156 157 -1
0.1 158 159 -1
0.1 163 164 -1
0.1 162 440 -1
0.1 441 165 -1
0.1 161 442 -1
0.1 160 443 -1
0.1 439 444 -1
0.1 438 445 -1
0.1 437 446 -1
0.1 145 447 -1
0.1 428 448 -1
0.1 134 449 -1
0.1 450 166 -1
0.1 167 168 -1
0.1 451 452 -1
0.1 169 170 -1
0.1 171 172 -1
0.1 454 455 -1
0.1 453 456 -1
0.1 419 457 -1
0.1 410 458 -1
0.1 112 459 -1
0.1 460 173 -1
0.1 174 175 -1
0.1 176 177 -1
0.1 179 180 -1
0.1 178 464 -1
0.1 463 465 -1
0.1 181 182 -1
0.1 467 183 -1
0.1 468 184 -1
0.1 469 185 -1
0.1 186 187 -1
0.1 471 188 -1
0.1 189 190 -1
0.1 472 473 -1
0.1 470 474 -1
0.1 191 192 -1
0.1 475 476 -1
0.1 466 477 -1
0.1 462 478 -1
0.1 461 479 -1
0.1 400 480 -1
0.1 194 195 -1
0.1 193 482 -1
0.1 199 200 -1
0.1 198 484 -1
0.1 201 202 -1
0.1 485 486 -1
0.1 197 487 -1
0.1 196 488 -1
0.1 483 489 -1
0.1 205 206 -1
0.1 204 491 -1
0.1 207 208 -1
0.1 493 209 -1
0.1 492 494 -1
0.1 210 211 -1
0.1 495 496 -1
0.1 497 212 -1
0.1 203 498 -1
0.1 213 214 -1
0.1 499 500 -1
0.1 220 221 -1
0.1 222 223 -1
0.1 502 503 -1
0.1 225 226 -1
0.1 224 505 -1
0.1 228 229 -1
0.1 227 507 -1
0.1 506 508 -1
0.1 504 509 -1
0.1 230 231 -1
0.1 511 232 -1
0.1 510 512 -1
0.1 219 513 -1
0.1 233 234 -1
0.1 514 515 -1
0.1 218 516 -1
0.1 217 517 -1
0.1 216 518 -1
0.1 215 519 -1
0.1 235 236 -1
0.1 521 237 -1
0.1 520 522 -1
0.1 240 241 -1
0.1 239 524 -1
0.1 243 244 -1
0.1 245 246 -1
0.1 526 527 -1
0.1 242 528 -1
0.1 529 247 -1
0.1 525 530 -1
0.1 238 531 -1
0.1 523 532 -1
0.1 501 533 -1
0.1 248 249 -1
0.1 250 251 -1
0.1 253 254 -1
0.1 252 537 -1
0.1 536 538 -1
0.1 255 256 -1
0.1 257 258 -1
0.1 541 259 -1
0.1 540 542 -1
0.1 539 543 -1
0.1 260 261 -1
0.1 262 263 -1
0.1 545 546 -1
0.1 264 265 -1
0.1 266 267 -1
0.1 549 268 -1
0.1 550 269 -1
0.1 548 551 -1
0.1 547 552 -1
0.1 270 271 -1
0.1 553 554 -1
0.1 544 555 -1
0.1 535 556 -1
0.1 557 272 -1
0.1 534 558 -1
0.1 274 275 -1
0.1 273 560 -1
0.1 276 277 -1
0.1 561 562 -1
0.1 281 282 -1
0.1 280 564 -1
0.1 279 565 -1
0.1 278 566 -1
0.1 563 567 -1
0.1 559 568 -1
0.1 490 569 -1
0.1 570 283 -1
0.1 284 285 -1
0.1 572 286 -1
0.1 289 290 -1
0.1 288 574 -1
0.1 287 575 -1
0.1 573 576 -1
0.1 571 577 -1
0.1 481 578 -1
