1 0 0 1
1 0 0 1
1 0 0 1
1 0 0 1
1 0 0 1
1 0 0 1
1 0 0 1
1 0 0 2
1 0 0 2
1 0 0 2
1 0 0 2
1 0 0 2
1 0 0 2
1 0 0 2
1 0 0 2
1 0 0 3
1 0 0 4
1 0 0 4
1 0 0 4
1 0 0 4
1 0 0 4
1 0 0 4
1 0 0 4
1 0 0 4
1 0 0 4
1 0 0 4
1 0 0 3
1 0 0 3
1 0 0 3
1 0 0 5
1 0 0 5
1 0 0 5
1 0 0 5
1 0 0 5
1 0 0 5
1 0 0 6
1 0 0 6
1 0 0 6
1 0 0 6
1 0 0 5
1 0 0 5
1 0 0 5
1 0 0 5
1 0 0 6
1 0 0 6
1 0 0 6
1 0 0 6
1 0 0 6
1 0 0 6
1 0 0 7
1 0 0 7
1 0 0 7
1 0 0 7
1 0 0 7
1 0 0 7
1 0 0 7
1 0 0 7
1 0 0 7
1 0 0 7
1 0 0 3
1 0 0 3
1 0 0 3
1 0 0 3
1 0 0 3
1 0 0 8
1 0 0 8
1 0 0 8
1 0 0 8
1 0 0 8
1 0 0 8
1 0 0 8
1 0 0 8
1 0 0 8
1 0 0 8
1 0 0 9
1 0 0 9
1 0 0 9
1 0 0 9
1 0 0 9
1 0 0 9
1 0 0 9
1 0 0 9
1 0 0 9
1 0 0 10
1 0 0 10
1 0 0 10
1 0 0 10
1 0 0 10
1 0 0 10
1 0 0 10
1 0 0 10
1 0 0 10
1 0 0 10
1 0 0 9
1 0 0 3
1 0 0 11
1 0 0 11
1 0 0 11
1 0 0 11
1 0 0 11
1 0 0 11
1 0 0 11
1 0 0 11
1 0 0 11
1 0 0 11
1 0 0 2
1 0 0 2
1 0 0 1
1 0 0 1
1 0 0 12
1 0 0 13
1 0 0 14
1 0 0 14
1 0 0 14
1 0 0 14
1 0 0 14
1 0 0 14
1 0 0 14
1 0 0 14
1 0 0 14
1 0 0 14
1 0 0 13
1 0 0 13
1 0 0 13
1 0 0 13
1 0 0 15
1 0 0 15
1 0 0 15
1 0 0 15
1 0 0 15
1 0 0 15
1 0 0 15
1 0 0 15
1 0 0 15
1 0 0 15
1 0 0 16
1 0 0 16
1 0 0 16
1 0 0 16
1 0 0 16
1 0 0 17
1 0 0 17
1 0 0 17
1 0 0 17
1 0 0 17
1 0 0 17
1 0 0 17
1 0 0 17
1 0 0 17
1 0 0 17
1 0 0 16
1 0 0 16
1 0 0 16
1 0 0 16
1 0 0 16
1 0 0 13
1 0 0 18
1 0 0 18
1 0 0 18
1 0 0 18
1 0 0 18
1 0 0 18
1 0 0 18
1 0 0 18
1 0 0 18
1 0 0 18
1 0 0 13
1 0 0 13
1 0 0 13
1 0 0 13
1 0 0 12
1 0 0 12
1 0 0 19
1 0 0 19
1 0 0 19
1 0 0 19
1 0 0 19
1 0 0 19
1 0 0 19
1 0 0 19
1 0 0 19
1 0 0 19
1 0 0 12
1 0 0 12
1 0 0 12
1 0 0 12
1 0 0 12
1 0 0 12
1 0 0 1
1 0 0 20
1 0 0 20
1 0 0 20
1 0 0 20
1 0 0 20
1 0 0 20
1 0 0 20
1 0 0 21
1 0 0 21
1 0 0 21
1 0 0 22
1 0 0 22
1 0 0 22
1 0 0 22
1 0 0 22
1 0 0 22
1 0 0 22
1 0 0 22
1 0 0 22
1 0 0 22
1 0 0 23
1 0 0 23
1 0 0 23
1 0 0 23
1 0 0 23
1 0 0 23
1 0 0 23
1 0 0 23
1 0 0 23
1 0 0 23
1 0 0 21
1 0 0 21
1 0 0 24
1 0 0 24
1 0 0 24
1 0 0 24
1 0 0 24
1 0 0 24
1 0 0 24
1 0 0 24
1 0 0 24
1 0 0 24
1 0 0 21
1 0 0 21
1 0 0 25
1 0 0 25
1 0 0 25
1 0 0 25
1 0 0 25
1 0 0 25
1 0 0 25
1 0 0 26
1 0 0 26
1 0 0 26
1 0 0 26
1 0 0 26
1 0 0 26
1 0 0 26
1 0 0 26
1 0 0 26
1 0 0 26
1 0 0 25
1 0 0 25
1 0 0 25
1 0 0 21
1 0 0 21
1 0 0 21
1 0 0 27
1 0 0 27
1 0 0 27
1 0 0 27
1 0 0 27
1 0 0 27
1 0 0 27
1 0 0 27
1 0 0 27
1 0 0 27
1 0 0 28
1 0 0 28
1 0 0 28
1 0 0 28
1 0 0 28
1 0 0 28
1 0 0 28
1 0 0 28
1 0 0 28
1 0 0 28
1 0 0 20
1 0 0 20
1 0 0 12
1 0 0 20
1 0 0 29
1 0 0 29
1 0 0 29
1 0 0 29
1 0 0 29
1 0 0 29
1 0 0 29
1 0 0 29
1 0 0 29
1 0 0 29
0.1 3 4 -1
0.1 2 291 -1
0.1 1 292 -1
0.1 5 6 -1
0.1 294 7 -1
0.1 293 295 -1
0.1 9 10 -1
0.1 12 13 -1
0.1 298 14 -1
0.1 11 299 -1
0.1 300 15 -1
0.1 17 18 -1
0.1 302 19 -1
0.1 16 303 -1
0.1 23 24 -1
0.1 22 305 -1
0.1 25 26 -1
0.1 306 307 -1
0.1 21 308 -1
0.1 20 309 -1
0.1 304 310 -1
0.1 27 28 -1
0.1 312 29 -1
0.1 311 313 -1
0.1 30 31 -1
0.1 32 33 -1
0.1 315 316 -1
0.1 34 35 -1
0.1 317 318 -1
0.1 36 37 -1
0.1 319 320 -1
0.1 38 39 -1
0.1 41 42 -1
0.1 323 43 -1
0.1 40 324 -1
0.1 325 44 -1
0.1 322 326 -1
0.1 321 327 -1
0.1 46 47 -1
0.1 45 329 -1
0.1 328 330 -1
0.1 48 49 -1
0.1 331 332 -1
0.1 54 55 -1
0.1 53 334 -1
0.1 52 335 -1
0.1 51 336 -1
0.1 50 337 -1
0.1 56 57 -1
0.1 338 339 -1
0.1 58 59 -1
0.1 340 341 -1
0.1 333 342 -1
0.1 61 62 -1
0.1 63 64 -1
0.1 344 345 -1
0.1 60 346 -1
0.1 343 347 -1
0.1 314 348 -1
0.1 65 66 -1
0.1 67 68 -1
0.1 351 69 -1
0.1 71 72 -1
0.1 70 353 -1
0.1 354 73 -1
0.1 355 74 -1
0.1 352 356 -1
0.1 350 357 -1
0.1 349 358 -1
0.1 78 79 -1
0.1 77 360 -1
0.1 361 80 -1
0.1 76 362 -1
0.1 82 83 -1
0.1 81 364 -1
0.1 84 85 -1
0.1 86 87 -1
0.1 88 89 -1
0.1 92 93 -1
0.1 91 369 -1
0.1 90 370 -1
0.1 368 371 -1
0.1 367 372 -1
0.1 366 373 -1
0.1 365 374 -1
0.1 363 375 -1
0.1 376 94 -1
0.1 75 377 -1
0.1 100 101 -1
0.1 99 379 -1
0.1 98 380 -1
0.1 97 381 -1
0.1 104 105 -1
0.1 103 383 -1
0.1 102 384 -1
0.1 382 385 -1
0.1 96 386 -1
0.1 95 387 -1
0.1 378 388 -1
0.1 359 389 -1
0.1 301 390 -1
0.1 106 107 -1
0.1 391 392 -1
0.1 297 393 -1
0.1 8 394 -1
0.1 296 395 -1
0.1 108 109 -1
0.1 114 115 -1
0.1 113 398 -1
0.1 112 399 -1
0.1 120 121 -1
0.1 119 401 -1
0.1 118 402 -1
0.1 117 403 -1
0.1 116 404 -1
0.1 400 405 -1
0.1 111 406 -1
0.1 122 123 -1
0.1 126 127 -1
0.1 128 129 -1
0.1 131 132 -1
0.1 134 135 -1
0.1 133 412 -1
0.1 411 413 -1
0.1 130 414 -1
0.1 410 415 -1
0.1 409 416 -1
0.1 138 139 -1
0.1 137 418 -1
0.1 419 140 -1
0.1 136 420 -1
0.1 143 144 -1
0.1 145 146 -1
0.1 147 148 -1
0.1 149 150 -1
0.1 424 425 -1
0.1 423 426 -1
0.1 422 427 -1
0.1 142 428 -1
0.1 141 429 -1
0.1 430 151 -1
0.1 421 431 -1
0.1 153 154 -1
0.1 152 433 -1
0.1 434 155 -1
0.1 432 435 -1
0.1 417 436 -1
0.1 125 437 -1
0.1 438 156 -1
0.1 124 439 -1
0.1 408 440 -1
0.1 160 161 -1
0.1 159 442 -1
0.1 158 443 -1
0.1 162 163 -1
0.1 445 164 -1
0.1 165 166 -1
0.1 446 447 -1
0.1 444 448 -1
0.1 157 449 -1
0.1 167 168 -1
0.1 169 170 -1
0.1 451 452 -1
0.1 450 453 -1
0.1 441 454 -1
0.1 407 455 -1
0.1 110 456 -1
0.1 457 171 -1
0.1 174 175 -1
0.1 173 459 -1
0.1 176 177 -1
0.1 461 178 -1
0.1 179 180 -1
0.1 462 463 -1
0.1 181 182 -1
0.1 464 465 -1
0.1 460 466 -1
0.1 467 183 -1
0.1 172 468 -1
0.1 184 185 -1
0.1 186 187 -1
0.1 471 188 -1
0.1 470 472 -1
0.1 469 473 -1
0.1 458 474 -1
0.1 397 475 -1
0.1 396 476 -1
0.1 192 193 -1
0.1 478 194 -1
0.1 195 196 -1
0.1 479 480 -1
0.1 191 481 -1
0.1 198 199 -1
0.1 201 202 -1
0.1 200 484 -1
0.1 203 204 -1
0.1 485 486 -1
0.1 205 206 -1
0.1 488 207 -1
0.1 208 209 -1
0.1 489 490 -1
0.1 487 491 -1
0.1 211 212 -1
0.1 210 493 -1
0.1 213 214 -1
0.1 494 495 -1
0.1 496 215 -1
0.1 216 217 -1
0.1 218 219 -1
0.1 498 499 -1
0.1 497 500 -1
0.1 220 221 -1
0.1 501 502 -1
0.1 492 503 -1
0.1 483 504 -1
0.1 197 505 -1
0.1 223 224 -1
0.1 507 225 -1
0.1 508 226 -1
0.1 222 509 -1
0.1 227 228 -1
0.1 511 229 -1
0.1 230 231 -1
0.1 512 513 -1
0.1 510 514 -1
0.1 506 515 -1
0.1 232 233 -1
0.1 235 236 -1
0.1 234 518 -1
0.1 237 238 -1
0.1 239 240 -1
0.1 520 521 -1
0.1 519 522 -1
0.1 242 243 -1
0.1 241 524 -1
0.1 244 245 -1
0.1 248 249 -1
0.1 247 527 -1
0.1 246 528 -1
0.1 526 529 -1
0.1 530 250 -1
0.1 525 531 -1
0.1 532 251 -1
0.1 523 533 -1
0.1 534 252 -1
0.1 535 253 -1
0.1 255 256 -1
0.1 254 537 -1
0.1 536 538 -1
0.1 257 258 -1
0.1 259 260 -1
0.1 262 263 -1
0.1 261 542 -1
0.1 264 265 -1
0.1 544 266 -1
0.1 543 545 -1
0.1 541 546 -1
0.1 540 547 -1
0.1 539 548 -1
0.1 517 549 -1
0.1 267 268 -1
0.1 551 269 -1
0.1 273 274 -1
0.1 272 553 -1
0.1 271 554 -1
0.1 275 276 -1
0.1 555 556 -1
0.1 270 557 -1
0.1 552 558 -1
0.1 550 559 -1
0.1 279 280 -1
0.1 278 561 -1
0.1 277 562 -1
0.1 560 563 -1
0.1 516 564 -1
0.1 482 565 -1
0.1 190 566 -1
0.1 189 567 -1
0.1 282 283 -1
0.1 281 569 -1
0.1 284 285 -1
0.1 570 571 -1
0.1 286 287 -1
0.1 289 290 -1
0.1 288 574 -1
0.1 573 575 -1
0.1 572 576 -1
0.1 568 577 -1
0.1 477 578 -1
