1 0 0 1
1 0 0 1
1 0 0 1
1 0 0 1
1 0 0 1
1 0 0 1
1 0 0 1
1 0 0 1
1 0 0 1
1 0 0 2
1 0 0 3
1 0 0 3
1 0 0 3
1 0 0 3
1 0 0 3
1 0 0 3
1 0 0 3
1 0 0 3
1 0 0 3
1 0 0 3
1 0 0 4
1 0 0 4
1 0 0 4
1 0 0 4
1 0 0 4
1 0 0 4
1 0 0 4
1 0 0 4
1 0 0 4
1 0 0 5
1 0 0 5
1 0 0 5
1 0 0 5
1 0 0 5
1 0 0 5
1 0 0 5
1 0 0 5
1 0 0 5
1 0 0 5
1 0 0 4
1 0 0 6
1 0 0 6
1 0 0 6
1 0 0 6
1 0 0 6
1 0 0 6
1 0 0 6
1 0 0 6
1 0 0 6
1 0 0 6
1 0 0 7
1 0 0 7
1 0 0 8
1 0 0 8
1 0 0 8
1 0 0 8
1 0 0 7
1 0 0 7
1 0 0 7
1 0 0 7
1 0 0 7
1 0 0 7
1 0 0 7
1 0 0 8
1 0 0 8
1 0 0 8
1 0 0 8
1 0 0 8
1 0 0 8
1 0 0 7
1 0 0 2
1 0 0 9
1 0 0 9
1 0 0 9
1 0 0 9
1 0 0 9
1 0 0 9
1 0 0 9
1 0 0 9
1 0 0 9
1 0 0 9
1 0 0 10
1 0 0 10
1 0 0 10
1 0 0 10
1 0 0 10
1 0 0 10
1 0 0 10
1 0 0 10
1 0 0 10
1 0 0 10
1 0 0 2
1 0 0 2
1 0 0 2
1 0 0 2
1 0 0 2
1 0 0 2
1 0 0 2
1 0 0 2
1 0 0 1
1 0 0 11
1 0 0 11
1 0 0 11
1 0 0 11
1 0 0 11
1 0 0 11
1 0 0 11
1 0 0 11
1 0 0 11
1 0 0 11
1 0 0 12
1 0 0 12
1 0 0 12
1 0 0 12
1 0 0 12
1 0 0 12
1 0 0 12
1 0 0 12
1 0 0 13
1 0 0 13
1 0 0 13
1 0 0 13
1 0 0 13
1 0 0 13
1 0 0 13
1 0 0 13
1 0 0 13
1 0 0 13
1 0 0 14
1 0 0 15
1 0 0 15
1 0 0 15
1 0 0 15
1 0 0 15
1 0 0 15
1 0 0 15
1 0 0 15
1 0 0 15
1 0 0 15
1 0 0 16
1 0 0 16
1 0 0 16
1 0 0 16
1 0 0 16
1 0 0 16
1 0 0 16
1 0 0 16
1 0 0 16
1 0 0 16
1 0 0 17
1 0 0 17
1 0 0 17
1 0 0 17
1 0 0 17
1 0 0 17
1 0 0 17
1 0 0 17
1 0 0 17
1 0 0 17
1 0 0 14
1 0 0 14
1 0 0 14
1 0 0 14
1 0 0 14
1 0 0 18
1 0 0 18
1 0 0 18
1 0 0 18
1 0 0 18
1 0 0 18
1 0 0 18
1 0 0 18
1 0 0 18
1 0 0 18
1 0 0 14
1 0 0 14
1 0 0 14
1 0 0 14
1 0 0 12
1 0 0 19
1 0 0 19
1 0 0 20
1 0 0 20
1 0 0 20
1 0 0 20
1 0 0 20
1 0 0 20
1 0 0 19
1 0 0 20
1 0 0 20
1 0 0 20
1 0 0 20
1 0 0 21
1 0 0 21
1 0 0 22
1 0 0 22
1 0 0 22
1 0 0 23
1 0 0 23
1 0 0 23
1 0 0 23
1 0 0 23
1 0 0 23
1 0 0 23
1 0 0 23
1 0 0 23
1 0 0 23
1 0 0 24
1 0 0 24
1 0 0 24
1 0 0 24
1 0 0 24
1 0 0 24
1 0 0 24
1 0 0 24
1 0 0 24
1 0 0 24
1 0 0 25
1 0 0 25
1 0 0 25
1 0 0 25
1 0 0 25
1 0 0 25
1 0 0 25
1 0 0 25
1 0 0 25
1 0 0 25
1 0 0 22
1 0 0 22
1 0 0 26
1 0 0 26
1 0 0 26
1 0 0 26
1 0 0 26
1 0 0 26
1 0 0 26
1 0 0 26
1 0 0 26
1 0 0 26
1 0 0 22
1 0 0 22
1 0 0 22
1 0 0 27
1 0 0 27
1 0 0 27
1 0 0 27
1 0 0 27
1 0 0 27
1 0 0 27
1 0 0 27
1 0 0 27
1 0 0 27
1 0 0 22
1 0 0 22
1 0 0 28
1 0 0 28
1 0 0 28
1 0 0 28
1 0 0 28
1 0 0 28
1 0 0 28
1 0 0 28
1 0 0 28
1 0 0 28
1 0 0 29
1 0 0 29
1 0 0 29
1 0 0 29
1 0 0 29
1 0 0 29
1 0 0 29
1 0 0 29
1 0 0 29
1 0 0 29
1 0 0 21
1 0 0 21
1 0 0 21
1 0 0 21
1 0 0 21
1 0 0 21
1 0 0 21
1 0 0 21
1 0 0 12
1 0 0 19
1 0 0 19
1 0 0 19
1 0 0 19
1 0 0 19
1 0 0 19
1 0 0 19
0.1 1 2 -1
0.1 3 4 -1
0.1 5 6 -1
0.1 293 7 -1
0.1 294 8 -1
0.1 295 9 -1
0.1 13 14 -1
0.1 12 297 -1
0.1 11 298 -1
0.1 18 19 -1
0.1 17 300 -1
0.1 16 301 -1
0.1 15 302 -1
0.1 299 303 -1
0.1 304 20 -1
0.1 10 305 -1
0.1 23 24 -1
0.1 22 307 -1
0.1 26 27 -1
0.1 25 309 -1
0.1 310 28 -1
0.1 311 29 -1
0.1 30 31 -1
0.1 313 32 -1
0.1 314 33 -1
0.1 34 35 -1
0.1 36 37 -1
0.1 316 317 -1
0.1 315 318 -1
0.1 38 39 -1
0.1 319 320 -1
0.1 312 321 -1
0.1 308 322 -1
0.1 21 323 -1
0.1 324 40 -1
0.1 306 325 -1
0.1 44 45 -1
0.1 43 327 -1
0.1 42 328 -1
0.1 41 329 -1
0.1 46 47 -1
0.1 331 48 -1
0.1 330 332 -1
0.1 49 50 -1
0.1 333 334 -1
0.1 51 52 -1
0.1 54 55 -1
0.1 53 337 -1
0.1 338 56 -1
0.1 339 57 -1
0.1 58 59 -1
0.1 340 341 -1
0.1 336 342 -1
0.1 61 62 -1
0.1 60 344 -1
0.1 343 345 -1
0.1 64 65 -1
0.1 66 67 -1
0.1 347 348 -1
0.1 68 69 -1
0.1 349 350 -1
0.1 351 70 -1
0.1 63 352 -1
0.1 346 353 -1
0.1 72 73 -1
0.1 74 75 -1
0.1 80 81 -1
0.1 79 357 -1
0.1 78 358 -1
0.1 77 359 -1
0.1 76 360 -1
0.1 356 361 -1
0.1 355 362 -1
0.1 71 363 -1
0.1 354 364 -1
0.1 83 84 -1
0.1 85 86 -1
0.1 367 87 -1
0.1 366 368 -1
0.1 82 369 -1
0.1 89 90 -1
0.1 88 371 -1
0.1 372 91 -1
0.1 370 373 -1
0.1 374 92 -1
0.1 94 95 -1
0.1 93 376 -1
0.1 375 377 -1
0.1 96 97 -1
0.1 98 99 -1
0.1 379 380 -1
0.1 378 381 -1
0.1 365 382 -1
0.1 335 383 -1
0.1 326 384 -1
0.1 296 385 -1
0.1 292 386 -1
0.1 291 387 -1
0.1 388 100 -1
0.1 101 102 -1
0.1 103 104 -1
0.1 106 107 -1
0.1 105 392 -1
0.1 391 393 -1
0.1 390 394 -1
0.1 108 109 -1
0.1 396 110 -1
0.1 395 397 -1
0.1 111 112 -1
0.1 398 399 -1
0.1 114 115 -1
0.1 113 401 -1
0.1 116 117 -1
0.1 402 403 -1
0.1 123 124 -1
0.1 122 405 -1
0.1 121 406 -1
0.1 120 407 -1
0.1 119 408 -1
0.1 127 128 -1
0.1 126 410 -1
0.1 125 411 -1
0.1 409 412 -1
0.1 413 129 -1
0.1 130 131 -1
0.1 132 133 -1
0.1 134 135 -1
0.1 136 137 -1
0.1 417 418 -1
0.1 138 139 -1
0.1 419 420 -1
0.1 416 421 -1
0.1 415 422 -1
0.1 143 144 -1
0.1 142 424 -1
0.1 425 145 -1
0.1 141 426 -1
0.1 140 427 -1
0.1 146 147 -1
0.1 148 149 -1
0.1 429 430 -1
0.1 428 431 -1
0.1 150 151 -1
0.1 152 153 -1
0.1 157 158 -1
0.1 156 435 -1
0.1 436 159 -1
0.1 155 437 -1
0.1 154 438 -1
0.1 434 439 -1
0.1 433 440 -1
0.1 432 441 -1
0.1 442 160 -1
0.1 443 161 -1
0.1 423 444 -1
0.1 445 162 -1
0.1 163 164 -1
0.1 446 447 -1
0.1 166 167 -1
0.1 169 170 -1
0.1 168 450 -1
0.1 172 173 -1
0.1 452 174 -1
0.1 171 453 -1
0.1 451 454 -1
0.1 449 455 -1
0.1 165 456 -1
0.1 175 176 -1
0.1 177 178 -1
0.1 458 459 -1
0.1 457 460 -1
0.1 448 461 -1
0.1 414 462 -1
0.1 118 463 -1
0.1 464 179 -1
0.1 404 465 -1
0.1 400 466 -1
0.1 389 467 -1
0.1 180 181 -1
0.1 468 469 -1
0.1 183 184 -1
0.1 182 471 -1
0.1 185 186 -1
0.1 472 473 -1
0.1 188 189 -1
0.1 187 475 -1
0.1 190 191 -1
0.1 477 192 -1
0.1 476 478 -1
0.1 474 479 -1
0.1 195 196 -1
0.1 481 197 -1
0.1 199 200 -1
0.1 201 202 -1
0.1 483 484 -1
0.1 198 485 -1
0.1 203 204 -1
0.1 486 487 -1
0.1 206 207 -1
0.1 205 489 -1
0.1 488 490 -1
0.1 208 209 -1
0.1 492 210 -1
0.1 213 214 -1
0.1 212 494 -1
0.1 211 495 -1
0.1 215 216 -1
0.1 496 497 -1
0.1 498 217 -1
0.1 493 499 -1
0.1 491 500 -1
0.1 482 501 -1
0.1 219 220 -1
0.1 221 222 -1
0.1 504 223 -1
0.1 503 505 -1
0.1 506 224 -1
0.1 225 226 -1
0.1 508 227 -1
0.1 507 509 -1
0.1 218 510 -1
0.1 228 229 -1
0.1 231 232 -1
0.1 513 233 -1
0.1 235 236 -1
0.1 234 515 -1
0.1 514 516 -1
0.1 237 238 -1
0.1 517 518 -1
0.1 230 519 -1
0.1 520 239 -1
0.1 512 521 -1
0.1 511 522 -1
0.1 502 523 -1
0.1 241 242 -1
0.1 243 244 -1
0.1 245 246 -1
0.1 527 247 -1
0.1 526 528 -1
0.1 248 249 -1
0.1 530 250 -1
0.1 251 252 -1
0.1 531 532 -1
0.1 529 533 -1
0.1 525 534 -1
0.1 253 254 -1
0.1 535 536 -1
0.1 255 256 -1
0.1 257 258 -1
0.1 538 539 -1
0.1 259 260 -1
0.1 541 261 -1
0.1 262 263 -1
0.1 543 264 -1
0.1 542 544 -1
0.1 540 545 -1
0.1 537 546 -1
0.1 240 547 -1
0.1 265 266 -1
0.1 549 267 -1
0.1 268 269 -1
0.1 550 551 -1
0.1 272 273 -1
0.1 553 274 -1
0.1 271 554 -1
0.1 270 555 -1
0.1 552 556 -1
0.1 548 557 -1
0.1 524 558 -1
0.1 276 277 -1
0.1 560 278 -1
0.1 279 280 -1
0.1 561 562 -1
0.1 563 281 -1
0.1 275 564 -1
0.1 559 565 -1
0.1 566 282 -1
0.1 194 567 -1
0.1 193 568 -1
0.1 569 283 -1
0.1 480 570 -1
0.1 285 286 -1
0.1 288 289 -1
0.1 287 573 -1
0.1 574 290 -1
0.1 572 575 -1
0.1 284 576 -1
0.1 571 577 -1
0.1 470 578 -1
