1 0 0 1
1 0 0 2
1 0 0 2
1 0 0 2
1 0 0 1
1 0 0 1
1 0 0 1
1 0 0 3
1 0 0 1
1 0 0 4
1 0 0 5
1 0 0 6
1 0 0 6
1 0 0 6
1 0 0 6
1 0 0 6
1 0 0 7
1 0 0 7
1 0 0 7
1 0 0 7
1 0 0 7
1 0 0 5
1 0 0 5
1 0 0 8
1 0 0 8
1 0 0 8
1 0 0 8
1 0 0 8
1 0 0 9
1 0 0 9
1 0 0 9
1 0 0 9
1 0 0 9
1 0 0 5
1 0 0 5
1 0 0 10
1 0 0 10
1 0 0 10
1 0 0 10
1 0 0 10
1 0 0 11
1 0 0 11
1 0 0 12
1 0 0 12
1 0 0 12
1 0 0 12
1 0 0 12
1 0 0 4
1 0 0 4
1 0 0 4
1 0 0 4
1 0 0 13
1 0 0 14
1 0 0 14
1 0 0 14
1 0 0 14
1 0 0 14
1 0 0 13
1 0 0 13
1 0 0 15
1 0 0 15
1 0 0 15
1 0 0 15
1 0 0 15
1 0 0 16
1 0 0 16
1 0 0 16
1 0 0 16
1 0 0 16
1 0 0 17
1 0 0 17
1 0 0 17
1 0 0 17
1 0 0 17
1 0 0 18
1 0 0 18
1 0 0 18
1 0 0 19
1 0 0 19
1 0 0 19
1 0 0 19
1 0 0 19
1 0 0 18
1 0 0 18
1 0 0 20
1 0 0 20
1 0 0 20
1 0 0 20
1 0 0 20
1 0 0 21
1 0 0 21
1 0 0 21
1 0 0 21
1 0 0 21
1 0 0 13
1 0 0 22
1 0 0 22
1 0 0 22
1 0 0 22
1 0 0 22
1 0 0 23
1 0 0 23
1 0 0 23
1 0 0 23
1 0 0 23
1 0 0 24
1 0 0 24
1 0 0 24
1 0 0 24
1 0 0 24
1 0 0 25
1 0 0 25
1 0 0 25
1 0 0 25
1 0 0 25
1 0 0 26
1 0 0 26
1 0 0 26
1 0 0 26
1 0 0 26
1 0 0 27
1 0 0 27
1 0 0 27
1 0 0 27
1 0 0 27
1 0 0 13
1 0 0 2
1 0 0 28
1 0 0 29
1 0 0 29
1 0 0 29
1 0 0 29
1 0 0 29
1 0 0 3
1 0 0 3
1 0 0 30
1 0 0 30
1 0 0 30
1 0 0 30
1 0 0 30
1 0 0 28
1 0 0 31
1 0 0 31
1 0 0 31
1 0 0 31
1 0 0 31
1 0 0 28
1 0 0 28
1 0 0 32
1 0 0 32
1 0 0 32
1 0 0 32
1 0 0 32
1 0 0 33
1 0 0 33
1 0 0 33
1 0 0 33
1 0 0 33
1 0 0 34
1 0 0 34
1 0 0 35
1 0 0 35
1 0 0 35
1 0 0 35
1 0 0 35
1 0 0 34
1 0 0 34
1 0 0 34
1 0 0 36
1 0 0 36
1 0 0 36
1 0 0 36
1 0 0 36
1 0 0 37
1 0 0 37
1 0 0 37
1 0 0 37
1 0 0 37
1 0 0 38
1 0 0 2
1 0 0 39
1 0 0 40
1 0 0 40
1 0 0 40
1 0 0 40
1 0 0 40
1 0 0 39
1 0 0 41
1 0 0 41
1 0 0 41
1 0 0 41
1 0 0 41
1 0 0 42
1 0 0 42
1 0 0 42
1 0 0 42
1 0 0 43
1 0 0 43
1 0 0 43
1 0 0 43
1 0 0 43
1 0 0 44
1 0 0 44
1 0 0 44
1 0 0 44
1 0 0 44
1 0 0 45
1 0 0 45
1 0 0 45
1 0 0 45
1 0 0 45
1 0 0 42
1 0 0 46
1 0 0 46
1 0 0 46
1 0 0 46
1 0 0 46
1 0 0 47
1 0 0 47
1 0 0 47
1 0 0 47
1 0 0 47
1 0 0 48
1 0 0 48
1 0 0 48
1 0 0 48
1 0 0 48
1 0 0 28
1 0 0 38
1 0 0 38
1 0 0 38
1 0 0 38
1 0 0 49
1 0 0 49
1 0 0 49
1 0 0 49
1 0 0 49
1 0 0 39
1 0 0 3
1 0 0 3
1 0 0 50
1 0 0 50
1 0 0 50
1 0 0 50
1 0 0 50
1 0 0 39
1 0 0 11
1 0 0 11
1 0 0 11
1 0 0 39
1 0 0 51
1 0 0 51
1 0 0 51
1 0 0 51
1 0 0 51
0.1 5 6 -1
0.1 256 7 -1
0.1 4 257 -1
0.1 3 258 -1
0.1 2 259 -1
0.1 8 9 -1
0.1 260 261 -1
0.1 15 16 -1
0.1 14 263 -1
0.1 13 264 -1
0.1 12 265 -1
0.1 18 19 -1
0.1 20 21 -1
0.1 267 268 -1
0.1 17 269 -1
0.1 266 270 -1
0.1 271 22 -1
0.1 11 272 -1
0.1 25 26 -1
0.1 24 274 -1
0.1 27 28 -1
0.1 275 276 -1
0.1 31 32 -1
0.1 30 278 -1
0.1 29 279 -1
0.1 280 33 -1
0.1 277 281 -1
0.1 23 282 -1
0.1 34 35 -1
0.1 37 38 -1
0.1 39 40 -1
0.1 285 286 -1
0.1 36 287 -1
0.1 284 288 -1
0.1 283 289 -1
0.1 273 290 -1
0.1 10 291 -1
0.1 41 42 -1
0.1 46 47 -1
0.1 45 294 -1
0.1 44 295 -1
0.1 43 296 -1
0.1 297 48 -1
0.1 293 298 -1
0.1 49 50 -1
0.1 299 300 -1
0.1 301 51 -1
0.1 292 302 -1
0.1 262 303 -1
0.1 1 304 -1
0.1 54 55 -1
0.1 53 306 -1
0.1 56 57 -1
0.1 307 308 -1
0.1 309 58 -1
0.1 52 310 -1
0.1 60 61 -1
0.1 62 63 -1
0.1 313 64 -1
0.1 312 314 -1
0.1 65 66 -1
0.1 316 67 -1
0.1 68 69 -1
0.1 317 318 -1
0.1 70 71 -1
0.1 320 72 -1
0.1 73 74 -1
0.1 321 322 -1
0.1 323 75 -1
0.1 76 77 -1
0.1 324 325 -1
0.1 78 79 -1
0.1 81 82 -1
0.1 80 328 -1
0.1 327 329 -1
0.1 83 84 -1
0.1 330 331 -1
0.1 326 332 -1
0.1 319 333 -1
0.1 315 334 -1
0.1 87 88 -1
0.1 86 336 -1
0.1 337 89 -1
0.1 85 338 -1
0.1 90 91 -1
0.1 92 93 -1
0.1 341 94 -1
0.1 340 342 -1
0.1 339 343 -1
0.1 344 95 -1
0.1 97 98 -1
0.1 96 346 -1
0.1 99 100 -1
0.1 347 348 -1
0.1 101 102 -1
0.1 104 105 -1
0.1 103 351 -1
0.1 350 352 -1
0.1 349 353 -1
0.1 107 108 -1
0.1 109 110 -1
0.1 355 356 -1
0.1 106 357 -1
0.1 114 115 -1
0.1 113 359 -1
0.1 112 360 -1
0.1 111 361 -1
0.1 358 362 -1
0.1 117 118 -1
0.1 116 364 -1
0.1 119 120 -1
0.1 365 366 -1
0.1 363 367 -1
0.1 354 368 -1
0.1 122 123 -1
0.1 124 125 -1
0.1 370 371 -1
0.1 121 372 -1
0.1 369 373 -1
0.1 345 374 -1
0.1 375 126 -1
0.1 335 376 -1
0.1 59 377 -1
0.1 311 378 -1
0.1 305 379 -1
0.1 131 132 -1
0.1 130 381 -1
0.1 382 133 -1
0.1 129 383 -1
0.1 128 384 -1
0.1 134 135 -1
0.1 136 137 -1
0.1 387 138 -1
0.1 139 140 -1
0.1 388 389 -1
0.1 142 143 -1
0.1 144 145 -1
0.1 392 146 -1
0.1 391 393 -1
0.1 141 394 -1
0.1 149 150 -1
0.1 151 152 -1
0.1 397 153 -1
0.1 396 398 -1
0.1 156 157 -1
0.1 155 400 -1
0.1 154 401 -1
0.1 402 158 -1
0.1 399 403 -1
0.1 148 404 -1
0.1 147 405 -1
0.1 395 406 -1
0.1 390 407 -1
0.1 386 408 -1
0.1 385 409 -1
0.1 159 160 -1
0.1 163 164 -1
0.1 412 165 -1
0.1 162 413 -1
0.1 161 414 -1
0.1 167 168 -1
0.1 166 416 -1
0.1 415 417 -1
0.1 411 418 -1
0.1 172 173 -1
0.1 171 420 -1
0.1 170 421 -1
0.1 169 422 -1
0.1 175 176 -1
0.1 177 178 -1
0.1 424 425 -1
0.1 174 426 -1
0.1 423 427 -1
0.1 428 179 -1
0.1 419 429 -1
0.1 410 430 -1
0.1 127 431 -1
0.1 432 180 -1
0.1 183 184 -1
0.1 182 434 -1
0.1 435 185 -1
0.1 436 186 -1
0.1 190 191 -1
0.1 189 438 -1
0.1 439 192 -1
0.1 188 440 -1
0.1 187 441 -1
0.1 437 442 -1
0.1 193 194 -1
0.1 444 195 -1
0.1 197 198 -1
0.1 446 199 -1
0.1 200 201 -1
0.1 447 448 -1
0.1 196 449 -1
0.1 445 450 -1
0.1 204 205 -1
0.1 452 206 -1
0.1 203 453 -1
0.1 202 454 -1
0.1 208 209 -1
0.1 456 210 -1
0.1 207 457 -1
0.1 458 211 -1
0.1 213 214 -1
0.1 215 216 -1
0.1 460 461 -1
0.1 462 217 -1
0.1 212 463 -1
0.1 459 464 -1
0.1 455 465 -1
0.1 451 466 -1
0.1 218 219 -1
0.1 220 221 -1
0.1 469 222 -1
0.1 468 470 -1
0.1 467 471 -1
0.1 443 472 -1
0.1 181 473 -1
0.1 223 224 -1
0.1 225 226 -1
0.1 475 476 -1
0.1 477 227 -1
0.1 474 478 -1
0.1 479 228 -1
0.1 230 231 -1
0.1 229 481 -1
0.1 482 232 -1
0.1 234 235 -1
0.1 233 484 -1
0.1 236 237 -1
0.1 485 486 -1
0.1 487 238 -1
0.1 483 488 -1
0.1 241 242 -1
0.1 243 244 -1
0.1 491 245 -1
0.1 490 492 -1
0.1 240 493 -1
0.1 239 494 -1
0.1 247 248 -1
0.1 496 249 -1
0.1 246 497 -1
0.1 495 498 -1
0.1 251 252 -1
0.1 253 254 -1
0.1 500 501 -1
0.1 502 255 -1
0.1 250 503 -1
0.1 499 504 -1
0.1 489 505 -1
0.1 480 506 -1
0.1 433 507 -1
0.1 380 508 -1
