1 0 0 1
1 0 0 2
1 0 0 2
1 0 0 2
1 0 0 2
1 0 0 2
1 0 0 1
1 0 0 1
1 0 0 3
1 0 0 3
1 0 0 3
1 0 0 3
1 0 0 3
1 0 0 4
1 0 0 4
1 0 0 4
1 0 0 4
1 0 0 4
1 0 0 5
1 0 0 5
1 0 0 5
1 0 0 5
1 0 0 5
1 0 0 6
1 0 0 6
1 0 0 6
1 0 0 6
1 0 0 6
1 0 0 7
1 0 0 7
1 0 0 7
1 0 0 7
1 0 0 7
1 0 0 8
1 0 0 8
1 0 0 8
1 0 0 8
1 0 0 8
1 0 0 9
1 0 0 9
1 0 0 9
1 0 0 9
1 0 0 9
1 0 0 10
1 0 0 10
1 0 0 10
1 0 0 10
1 0 0 10
1 0 0 11
1 0 0 11
1 0 0 11
1 0 0 11
1 0 0 11
1 0 0 12
1 0 0 13
1 0 0 13
1 0 0 13
1 0 0 13
1 0 0 13
1 0 0 12
1 0 0 12
1 0 0 12
1 0 0 12
1 0 0 14
1 0 0 14
1 0 0 14
1 0 0 14
1 0 0 14
1 0 0 15
1 0 0 15
1 0 0 15
1 0 0 15
1 0 0 15
1 0 0 1
1 0 0 1
1 0 0 16
1 0 0 16
1 0 0 16
1 0 0 17
1 0 0 17
1 0 0 17
1 0 0 17
1 0 0 17
1 0 0 18
1 0 0 19
1 0 0 19
1 0 0 19
1 0 0 19
1 0 0 19
1 0 0 20
1 0 0 20
1 0 0 20
1 0 0 20
1 0 0 20
1 0 0 21
1 0 0 22
1 0 0 22
1 0 0 23
1 0 0 23
1 0 0 23
1 0 0 24
1 0 0 24
1 0 0 24
1 0 0 24
1 0 0 24
1 0 0 23
1 0 0 23
1 0 0 25
1 0 0 22
1 0 0 26
1 0 0 26
1 0 0 26
1 0 0 26
1 0 0 26
1 0 0 27
1 0 0 27
1 0 0 27
1 0 0 27
1 0 0 27
1 0 0 22
1 0 0 22
1 0 0 28
1 0 0 28
1 0 0 28
1 0 0 28
1 0 0 28
1 0 0 18
1 0 0 18
1 0 0 18
1 0 0 18
1 0 0 29
1 0 0 29
1 0 0 21
1 0 0 21
1 0 0 29
1 0 0 29
1 0 0 29
1 0 0 30
1 0 0 30
1 0 0 30
1 0 0 30
1 0 0 30
1 0 0 21
1 0 0 21
1 0 0 31
1 0 0 31
1 0 0 31
1 0 0 32
1 0 0 32
1 0 0 32
1 0 0 32
1 0 0 32
1 0 0 25
1 0 0 25
1 0 0 25
1 0 0 25
1 0 0 33
1 0 0 34
1 0 0 34
1 0 0 34
1 0 0 34
1 0 0 34
1 0 0 35
1 0 0 35
1 0 0 35
1 0 0 35
1 0 0 35
1 0 0 36
1 0 0 36
1 0 0 36
1 0 0 36
1 0 0 36
1 0 0 37
1 0 0 37
1 0 0 37
1 0 0 37
1 0 0 37
1 0 0 38
1 0 0 38
1 0 0 38
1 0 0 38
1 0 0 38
1 0 0 39
1 0 0 39
1 0 0 39
1 0 0 39
1 0 0 39
1 0 0 40
1 0 0 40
1 0 0 41
1 0 0 41
1 0 0 41
1 0 0 41
1 0 0 41
1 0 0 42
1 0 0 42
1 0 0 42
1 0 0 42
1 0 0 42
1 0 0 40
1 0 0 43
1 0 0 43
1 0 0 43
1 0 0 43
1 0 0 43
1 0 0 40
1 0 0 44
1 0 0 44
1 0 0 44
1 0 0 44
1 0 0 44
1 0 0 45
1 0 0 45
1 0 0 45
1 0 0 45
1 0 0 45
1 0 0 46
1 0 0 46
1 0 0 46
1 0 0 46
1 0 0 46
1 0 0 40
1 0 0 47
1 0 0 47
1 0 0 47
1 0 0 47
1 0 0 47
1 0 0 33
1 0 0 48
1 0 0 48
1 0 0 48
1 0 0 48
1 0 0 48
1 0 0 33
1 0 0 49
1 0 0 49
1 0 0 49
1 0 0 49
1 0 0 49
1 0 0 33
1 0 0 50
1 0 0 50
1 0 0 50
1 0 0 50
1 0 0 50
1 0 0 51
1 0 0 51
1 0 0 51
1 0 0 51
1 0 0 51
1 0 0 33
1 0 0 16
1 0 0 16
1 0 0 31
1 0 0 31
0.1 4 5 -1
0.1 3 256 -1
0.1 257 6 -1
0.1 2 258 -1
0.1 1 259 -1
0.1 260 7 -1
0.1 12 13 -1
0.1 11 262 -1
0.1 10 263 -1
0.1 9 264 -1
0.1 14 15 -1
0.1 16 17 -1
0.1 267 18 -1
0.1 266 268 -1
0.1 265 269 -1
0.1 8 270 -1
0.1 20 21 -1
0.1 22 23 -1
0.1 272 273 -1
0.1 19 274 -1
0.1 25 26 -1
0.1 24 276 -1
0.1 277 27 -1
0.1 278 28 -1
0.1 30 31 -1
0.1 32 33 -1
0.1 280 281 -1
0.1 29 282 -1
0.1 34 35 -1
0.1 37 38 -1
0.1 36 285 -1
0.1 284 286 -1
0.1 40 41 -1
0.1 288 42 -1
0.1 39 289 -1
0.1 290 43 -1
0.1 44 45 -1
0.1 47 48 -1
0.1 46 293 -1
0.1 292 294 -1
0.1 291 295 -1
0.1 287 296 -1
0.1 283 297 -1
0.1 279 298 -1
0.1 275 299 -1
0.1 271 300 -1
0.1 49 50 -1
0.1 51 52 -1
0.1 303 53 -1
0.1 302 304 -1
0.1 55 56 -1
0.1 306 57 -1
0.1 58 59 -1
0.1 307 308 -1
0.1 54 309 -1
0.1 305 310 -1
0.1 60 61 -1
0.1 62 63 -1
0.1 312 313 -1
0.1 311 314 -1
0.1 64 65 -1
0.1 66 67 -1
0.1 317 68 -1
0.1 316 318 -1
0.1 69 70 -1
0.1 320 71 -1
0.1 72 73 -1
0.1 321 322 -1
0.1 319 323 -1
0.1 315 324 -1
0.1 74 75 -1
0.1 325 326 -1
0.1 301 327 -1
0.1 261 328 -1
0.1 329 76 -1
0.1 80 81 -1
0.1 82 83 -1
0.1 331 332 -1
0.1 79 333 -1
0.1 78 334 -1
0.1 77 335 -1
0.1 86 87 -1
0.1 88 89 -1
0.1 337 338 -1
0.1 85 339 -1
0.1 92 93 -1
0.1 91 341 -1
0.1 90 342 -1
0.1 343 94 -1
0.1 340 344 -1
0.1 84 345 -1
0.1 96 97 -1
0.1 99 100 -1
0.1 104 105 -1
0.1 103 349 -1
0.1 102 350 -1
0.1 101 351 -1
0.1 106 107 -1
0.1 352 353 -1
0.1 348 354 -1
0.1 98 355 -1
0.1 347 356 -1
0.1 111 112 -1
0.1 110 358 -1
0.1 113 114 -1
0.1 359 360 -1
0.1 117 118 -1
0.1 116 362 -1
0.1 115 363 -1
0.1 364 119 -1
0.1 361 365 -1
0.1 109 366 -1
0.1 108 367 -1
0.1 120 121 -1
0.1 123 124 -1
0.1 125 126 -1
0.1 370 371 -1
0.1 122 372 -1
0.1 369 373 -1
0.1 368 374 -1
0.1 357 375 -1
0.1 95 376 -1
0.1 127 128 -1
0.1 129 130 -1
0.1 378 379 -1
0.1 131 132 -1
0.1 136 137 -1
0.1 135 382 -1
0.1 134 383 -1
0.1 133 384 -1
0.1 381 385 -1
0.1 380 386 -1
0.1 140 141 -1
0.1 388 142 -1
0.1 139 389 -1
0.1 138 390 -1
0.1 391 143 -1
0.1 387 392 -1
0.1 393 144 -1
0.1 377 394 -1
0.1 146 147 -1
0.1 145 396 -1
0.1 395 397 -1
0.1 346 398 -1
0.1 336 399 -1
0.1 330 400 -1
0.1 149 150 -1
0.1 148 402 -1
0.1 151 152 -1
0.1 403 404 -1
0.1 154 155 -1
0.1 153 406 -1
0.1 407 156 -1
0.1 405 408 -1
0.1 409 157 -1
0.1 159 160 -1
0.1 158 411 -1
0.1 161 162 -1
0.1 412 413 -1
0.1 163 164 -1
0.1 165 166 -1
0.1 415 416 -1
0.1 417 167 -1
0.1 168 169 -1
0.1 170 171 -1
0.1 420 172 -1
0.1 419 421 -1
0.1 175 176 -1
0.1 174 423 -1
0.1 424 177 -1
0.1 173 425 -1
0.1 422 426 -1
0.1 427 178 -1
0.1 418 428 -1
0.1 180 181 -1
0.1 179 430 -1
0.1 184 185 -1
0.1 186 187 -1
0.1 432 433 -1
0.1 183 434 -1
0.1 182 435 -1
0.1 431 436 -1
0.1 429 437 -1
0.1 414 438 -1
0.1 190 191 -1
0.1 192 193 -1
0.1 440 441 -1
0.1 442 194 -1
0.1 195 196 -1
0.1 198 199 -1
0.1 197 445 -1
0.1 444 446 -1
0.1 443 447 -1
0.1 189 448 -1
0.1 188 449 -1
0.1 439 450 -1
0.1 202 203 -1
0.1 201 452 -1
0.1 204 205 -1
0.1 453 454 -1
0.1 455 206 -1
0.1 200 456 -1
0.1 451 457 -1
0.1 209 210 -1
0.1 213 214 -1
0.1 212 460 -1
0.1 215 216 -1
0.1 461 462 -1
0.1 211 463 -1
0.1 459 464 -1
0.1 208 465 -1
0.1 207 466 -1
0.1 458 467 -1
0.1 219 220 -1
0.1 218 469 -1
0.1 217 470 -1
0.1 471 221 -1
0.1 472 222 -1
0.1 224 225 -1
0.1 223 474 -1
0.1 226 227 -1
0.1 475 476 -1
0.1 477 228 -1
0.1 231 232 -1
0.1 230 479 -1
0.1 480 233 -1
0.1 229 481 -1
0.1 235 236 -1
0.1 238 239 -1
0.1 237 484 -1
0.1 483 485 -1
0.1 234 486 -1
0.1 242 243 -1
0.1 488 244 -1
0.1 241 489 -1
0.1 490 245 -1
0.1 247 248 -1
0.1 246 492 -1
0.1 249 250 -1
0.1 493 494 -1
0.1 491 495 -1
0.1 240 496 -1
0.1 497 251 -1
0.1 487 498 -1
0.1 482 499 -1
0.1 478 500 -1
0.1 473 501 -1
0.1 252 253 -1
0.1 503 254 -1
0.1 502 504 -1
0.1 468 505 -1
0.1 506 255 -1
0.1 410 507 -1
0.1 401 508 -1
