1 0 0 1
1 0 0 1
1 0 0 1
1 0 0 1
1 0 0 1
1 0 0 1
1 0 0 2
1 0 0 2
1 0 0 1
1 0 0 3
1 0 0 4
1 0 0 4
1 0 0 4
1 0 0 4
1 0 0 4
1 0 0 4
1 0 0 4
1 0 0 4
1 0 0 4
1 0 0 4
1 0 0 4
1 0 0 4
1 0 0 4
1 0 0 4
1 0 0 4
1 0 0 4
1 0 0 4
1 0 0 4
1 0 0 4
1 0 0 4
1 0 0 3
1 0 0 3
1 0 0 5
1 0 0 5
1 0 0 5
1 0 0 5
1 0 0 5
1 0 0 5
1 0 0 5
1 0 0 5
1 0 0 5
1 0 0 5
1 0 0 5
1 0 0 5
1 0 0 5
1 0 0 5
1 0 0 5
1 0 0 5
1 0 0 5
1 0 0 5
1 0 0 5
1 0 0 5
1 0 0 6
1 0 0 6
1 0 0 6
1 0 0 6
1 0 0 6
1 0 0 6
1 0 0 6
1 0 0 6
1 0 0 6
1 0 0 6
1 0 0 6
1 0 0 6
1 0 0 6
1 0 0 6
1 0 0 6
1 0 0 6
1 0 0 6
1 0 0 6
1 0 0 6
1 0 0 6
1 0 0 7
1 0 0 7
1 0 0 7
1 0 0 7
1 0 0 7
1 0 0 7
1 0 0 7
1 0 0 7
1 0 0 7
1 0 0 7
1 0 0 7
1 0 0 7
1 0 0 7
1 0 0 7
1 0 0 7
1 0 0 7
1 0 0 7
1 0 0 7
1 0 0 7
1 0 0 7
1 0 0 8
1 0 0 8
1 0 0 8
1 0 0 8
1 0 0 8
1 0 0 8
1 0 0 8
1 0 0 8
1 0 0 8
1 0 0 8
1 0 0 8
1 0 0 8
1 0 0 8
1 0 0 8
1 0 0 8
1 0 0 8
1 0 0 8
1 0 0 8
1 0 0 8
1 0 0 8
1 0 0 3
1 0 0 3
1 0 0 3
1 0 0 3
1 0 0 3
1 0 0 3
1 0 0 3
1 0 0 9
1 0 0 9
1 0 0 9
1 0 0 9
1 0 0 9
1 0 0 9
1 0 0 9
1 0 0 9
1 0 0 9
1 0 0 9
1 0 0 9
1 0 0 9
1 0 0 9
1 0 0 9
1 0 0 9
1 0 0 9
1 0 0 9
1 0 0 9
1 0 0 9
1 0 0 9
1 0 0 10
1 0 0 10
1 0 0 10
1 0 0 10
1 0 0 10
1 0 0 10
1 0 0 10
1 0 0 10
1 0 0 10
1 0 0 10
1 0 0 10
1 0 0 10
1 0 0 10
1 0 0 10
1 0 0 10
1 0 0 10
1 0 0 10
1 0 0 10
1 0 0 10
1 0 0 10
1 0 0 3
1 0 0 3
1 0 0 11
1 0 0 11
1 0 0 11
1 0 0 11
1 0 0 11
1 0 0 11
1 0 0 11
1 0 0 11
1 0 0 11
1 0 0 11
1 0 0 11
1 0 0 11
1 0 0 11
1 0 0 11
1 0 0 11
1 0 0 11
1 0 0 11
1 0 0 11
1 0 0 11
1 0 0 11
1 0 0 12
1 0 0 12
1 0 0 12
1 0 0 12
1 0 0 12
1 0 0 12
1 0 0 12
1 0 0 12
1 0 0 12
1 0 0 12
1 0 0 12
1 0 0 12
1 0 0 12
1 0 0 12
1 0 0 12
1 0 0 12
1 0 0 12
1 0 0 12
1 0 0 12
1 0 0 12
1 0 0 13
1 0 0 13
1 0 0 13
1 0 0 13
1 0 0 13
1 0 0 13
1 0 0 13
1 0 0 13
1 0 0 13
1 0 0 13
1 0 0 13
1 0 0 13
1 0 0 13
1 0 0 13
1 0 0 13
1 0 0 13
1 0 0 13
1 0 0 13
1 0 0 13
1 0 0 13
1 0 0 3
1 0 0 3
1 0 0 3
1 0 0 14
1 0 0 14
1 0 0 14
1 0 0 14
1 0 0 14
1 0 0 14
1 0 0 14
1 0 0 14
1 0 0 14
1 0 0 14
1 0 0 14
1 0 0 14
1 0 0 14
1 0 0 14
1 0 0 14
1 0 0 14
1 0 0 14
1 0 0 14
1 0 0 14
1 0 0 14
1 0 0 15
1 0 0 15
1 0 0 15
1 0 0 15
1 0 0 15
1 0 0 15
1 0 0 15
1 0 0 15
1 0 0 15
1 0 0 15
1 0 0 15
1 0 0 15
1 0 0 15
1 0 0 15
1 0 0 15
1 0 0 15
1 0 0 15
1 0 0 15
1 0 0 15
1 0 0 15
1 0 0 16
1 0 0 16
1 0 0 16
1 0 0 16
1 0 0 16
1 0 0 16
1 0 0 16
1 0 0 16
1 0 0 16
1 0 0 16
1 0 0 16
1 0 0 16
1 0 0 16
1 0 0 16
1 0 0 16
1 0 0 16
1 0 0 16
1 0 0 16
1 0 0 16
1 0 0 16
1 0 0 17
1 0 0 17
1 0 0 17
1 0 0 17
1 0 0 17
1 0 0 17
1 0 0 17
1 0 0 17
1 0 0 17
1 0 0 17
1 0 0 17
1 0 0 17
1 0 0 17
1 0 0 17
1 0 0 17
1 0 0 17
1 0 0 17
1 0 0 17
1 0 0 17
1 0 0 17
1 0 0 3
1 0 0 3
1 0 0 3
1 0 0 18
1 0 0 18
1 0 0 18
1 0 0 18
1 0 0 18
1 0 0 18
1 0 0 18
1 0 0 18
1 0 0 18
1 0 0 18
1 0 0 18
1 0 0 18
1 0 0 18
1 0 0 18
1 0 0 18
1 0 0 18
1 0 0 18
1 0 0 18
1 0 0 18
1 0 0 18
1 0 0 19
1 0 0 19
1 0 0 20
1 0 0 20
1 0 0 20
1 0 0 20
1 0 0 20
1 0 0 20
1 0 0 20
1 0 0 20
1 0 0 20
1 0 0 20
1 0 0 20
1 0 0 20
1 0 0 20
1 0 0 20
1 0 0 20
1 0 0 20
1 0 0 20
1 0 0 20
1 0 0 20
1 0 0 20
1 0 0 19
1 0 0 19
1 0 0 19
1 0 0 19
1 0 0 19
1 0 0 19
1 0 0 19
1 0 0 19
1 0 0 19
1 0 0 19
1 0 0 19
1 0 0 19
1 0 0 19
1 0 0 19
1 0 0 19
1 0 0 19
1 0 0 19
1 0 0 19
1 0 0 3
1 0 0 3
1 0 0 1
1 0 0 21
1 0 0 22
1 0 0 22
1 0 0 22
1 0 0 22
1 0 0 22
1 0 0 22
1 0 0 22
1 0 0 22
1 0 0 22
1 0 0 22
1 0 0 22
1 0 0 22
1 0 0 22
1 0 0 22
1 0 0 22
1 0 0 22
1 0 0 22
1 0 0 22
1 0 0 22
1 0 0 22
1 0 0 21
1 0 0 21
1 0 0 23
1 0 0 23
1 0 0 23
1 0 0 23
1 0 0 23
1 0 0 23
1 0 0 23
1 0 0 23
1 0 0 23
1 0 0 23
1 0 0 23
1 0 0 23
1 0 0 23
1 0 0 23
1 0 0 23
1 0 0 23
1 0 0 23
1 0 0 23
1 0 0 23
1 0 0 23
1 0 0 21
1 0 0 21
1 0 0 21
1 0 0 24
1 0 0 24
1 0 0 24
1 0 0 24
1 0 0 24
1 0 0 24
1 0 0 2
1 0 0 2
1 0 0 2
1 0 0 2
1 0 0 25
1 0 0 25
1 0 0 25
1 0 0 25
1 0 0 25
1 0 0 25
1 0 0 25
1 0 0 25
1 0 0 25
1 0 0 25
1 0 0 25
1 0 0 25
1 0 0 25
1 0 0 25
1 0 0 25
1 0 0 25
1 0 0 25
1 0 0 25
1 0 0 25
1 0 0 25
1 0 0 24
1 0 0 24
1 0 0 24
1 0 0 24
1 0 0 24
1 0 0 24
1 0 0 24
1 0 0 24
1 0 0 21
1 0 0 21
1 0 0 21
1 0 0 21
1 0 0 21
1 0 0 26
1 0 0 26
1 0 0 26
1 0 0 26
1 0 0 26
1 0 0 26
1 0 0 26
1 0 0 26
1 0 0 26
1 0 0 26
1 0 0 26
1 0 0 26
1 0 0 26
1 0 0 26
1 0 0 26
1 0 0 26
1 0 0 26
1 0 0 26
1 0 0 26
1 0 0 21
1 0 0 21
1 0 0 26
1 0 0 21
1 0 0 21
1 0 0 21
1 0 0 21
1 0 0 21
1 0 0 24
1 0 0 24
1 0 0 24
1 0 0 24
1 0 0 24
1 0 0 27
1 0 0 27
1 0 0 27
1 0 0 27
1 0 0 27
1 0 0 27
1 0 0 27
1 0 0 27
1 0 0 27
1 0 0 27
1 0 0 27
1 0 0 27
1 0 0 27
1 0 0 27
1 0 0 28
1 0 0 28
1 0 0 24
1 0 0 28
1 0 0 28
1 0 0 21
1 0 0 21
1 0 0 28
1 0 0 28
1 0 0 28
1 0 0 28
1 0 0 28
1 0 0 28
1 0 0 28
1 0 0 28
1 0 0 28
1 0 0 28
1 0 0 28
1 0 0 28
1 0 0 28
1 0 0 28
1 0 0 28
1 0 0 28
1 0 0 2
1 0 0 2
1 0 0 2
1 0 0 2
1 0 0 2
1 0 0 2
1 0 0 2
1 0 0 2
1 0 0 2
1 0 0 2
1 0 0 2
1 0 0 2
1 0 0 2
1 0 0 2
1 0 0 27
1 0 0 27
1 0 0 27
1 0 0 27
1 0 0 27
1 0 0 27
1 0 0 1
1 0 0 1
1 0 0 1
1 0 0 1
1 0 0 1
1 0 0 29
1 0 0 29
1 0 0 29
1 0 0 29
1 0 0 29
1 0 0 29
1 0 0 29
1 0 0 29
1 0 0 29
1 0 0 30
1 0 0 30
1 0 0 30
1 0 0 30
1 0 0 30
1 0 0 30
1 0 0 30
1 0 0 30
1 0 0 30
1 0 0 30
1 0 0 30
1 0 0 30
1 0 0 30
1 0 0 30
1 0 0 30
1 0 0 30
1 0 0 30
1 0 0 30
1 0 0 30
1 0 0 30
1 0 0 29
1 0 0 29
1 0 0 29
1 0 0 29
1 0 0 29
1 0 0 29
1 0 0 29
1 0 0 29
1 0 0 29
1 0 0 29
1 0 0 29
1 0 0 31
1 0 0 31
1 0 0 31
1 0 0 31
1 0 0 31
1 0 0 31
1 0 0 31
1 0 0 31
1 0 0 31
1 0 0 31
1 0 0 31
1 0 0 31
1 0 0 31
1 0 0 31
1 0 0 31
1 0 0 31
1 0 0 31
1 0 0 31
1 0 0 31
1 0 0 31
1 0 0 1
1 0 0 1
1 0 0 1
1 0 0 1
1 0 0 1
1 0 0 1
1 0 0 32
1 0 0 32
1 0 0 32
1 0 0 32
1 0 0 32
1 0 0 32
1 0 0 32
1 0 0 32
1 0 0 32
1 0 0 32
1 0 0 32
1 0 0 32
1 0 0 32
1 0 0 32
1 0 0 32
1 0 0 32
1 0 0 32
1 0 0 32
1 0 0 32
1 0 0 32
1 0 0 33
1 0 0 33
1 0 0 33
1 0 0 33
1 0 0 33
1 0 0 33
1 0 0 33
1 0 0 33
1 0 0 33
1 0 0 33
1 0 0 33
1 0 0 33
1 0 0 33
1 0 0 33
1 0 0 33
1 0 0 33
1 0 0 33
1 0 0 34
1 0 0 34
1 0 0 34
1 0 0 34
1 0 0 34
1 0 0 34
1 0 0 34
1 0 0 34
1 0 0 34
1 0 0 34
1 0 0 34
1 0 0 34
1 0 0 34
1 0 0 34
1 0 0 34
1 0 0 34
1 0 0 34
1 0 0 34
1 0 0 34
1 0 0 34
1 0 0 33
1 0 0 33
1 0 0 1
1 0 0 33
0.1 5 6 -1
0.1 4 681 -1
0.1 3 682 -1
0.1 2 683 -1
0.1 1 684 -1
0.1 7 8 -1
0.1 12 13 -1
0.1 14 15 -1
0.1 687 688 -1
0.1 11 689 -1
0.1 18 19 -1
0.1 17 691 -1
0.1 21 22 -1
0.1 20 693 -1
0.1 24 25 -1
0.1 23 695 -1
0.1 694 696 -1
0.1 692 697 -1
0.1 16 698 -1
0.1 28 29 -1
0.1 27 700 -1
0.1 26 701 -1
0.1 699 702 -1
0.1 690 703 -1
0.1 704 30 -1
0.1 10 705 -1
0.1 31 32 -1
0.1 34 35 -1
0.1 37 38 -1
0.1 36 709 -1
0.1 708 710 -1
0.1 33 711 -1
0.1 41 42 -1
0.1 713 43 -1
0.1 40 714 -1
0.1 39 715 -1
0.1 44 45 -1
0.1 46 47 -1
0.1 717 718 -1
0.1 49 50 -1
0.1 720 51 -1
0.1 48 721 -1
0.1 719 722 -1
0.1 723 52 -1
0.1 716 724 -1
0.1 712 725 -1
0.1 55 56 -1
0.1 54 727 -1
0.1 53 728 -1
0.1 60 61 -1
0.1 59 730 -1
0.1 731 62 -1
0.1 58 732 -1
0.1 57 733 -1
0.1 729 734 -1
0.1 64 65 -1
0.1 63 736 -1
0.1 735 737 -1
0.1 66 67 -1
0.1 69 70 -1
0.1 68 740 -1
0.1 739 741 -1
0.1 71 72 -1
0.1 742 743 -1
0.1 738 744 -1
0.1 726 745 -1
0.1 73 74 -1
0.1 747 75 -1
0.1 77 78 -1
0.1 76 749 -1
0.1 79 80 -1
0.1 751 81 -1
0.1 750 752 -1
0.1 82 83 -1
0.1 85 86 -1
0.1 84 755 -1
0.1 754 756 -1
0.1 87 88 -1
0.1 91 92 -1
0.1 90 759 -1
0.1 89 760 -1
0.1 758 761 -1
0.1 757 762 -1
0.1 753 763 -1
0.1 748 764 -1
0.1 746 765 -1
0.1 95 96 -1
0.1 767 97 -1
0.1 94 768 -1
0.1 99 100 -1
0.1 770 101 -1
0.1 98 771 -1
0.1 769 772 -1
0.1 93 773 -1
0.1 104 105 -1
0.1 103 775 -1
0.1 102 776 -1
0.1 106 107 -1
0.1 109 110 -1
0.1 108 779 -1
0.1 778 780 -1
0.1 777 781 -1
0.1 111 112 -1
0.1 782 783 -1
0.1 774 784 -1
0.1 766 785 -1
0.1 707 786 -1
0.1 114 115 -1
0.1 113 788 -1
0.1 789 116 -1
0.1 787 790 -1
0.1 706 791 -1
0.1 117 118 -1
0.1 120 121 -1
0.1 122 123 -1
0.1 794 795 -1
0.1 796 124 -1
0.1 126 127 -1
0.1 125 798 -1
0.1 128 129 -1
0.1 799 800 -1
0.1 797 801 -1
0.1 802 130 -1
0.1 131 132 -1
0.1 804 133 -1
0.1 134 135 -1
0.1 805 806 -1
0.1 137 138 -1
0.1 808 139 -1
0.1 136 809 -1
0.1 807 810 -1
0.1 803 811 -1
0.1 141 142 -1
0.1 140 813 -1
0.1 145 146 -1
0.1 144 815 -1
0.1 143 816 -1
0.1 147 148 -1
0.1 817 818 -1
0.1 149 150 -1
0.1 151 152 -1
0.1 820 821 -1
0.1 819 822 -1
0.1 154 155 -1
0.1 153 824 -1
0.1 158 159 -1
0.1 157 826 -1
0.1 156 827 -1
0.1 825 828 -1
0.1 823 829 -1
0.1 814 830 -1
0.1 812 831 -1
0.1 119 832 -1
0.1 160 161 -1
0.1 162 163 -1
0.1 165 166 -1
0.1 164 836 -1
0.1 168 169 -1
0.1 167 838 -1
0.1 839 170 -1
0.1 837 840 -1
0.1 171 172 -1
0.1 842 173 -1
0.1 174 175 -1
0.1 843 844 -1
0.1 178 179 -1
0.1 177 846 -1
0.1 176 847 -1
0.1 848 180 -1
0.1 845 849 -1
0.1 841 850 -1
0.1 835 851 -1
0.1 852 181 -1
0.1 182 183 -1
0.1 184 185 -1
0.1 186 187 -1
0.1 855 856 -1
0.1 857 188 -1
0.1 854 858 -1
0.1 859 189 -1
0.1 190 191 -1
0.1 192 193 -1
0.1 861 862 -1
0.1 195 196 -1
0.1 194 864 -1
0.1 863 865 -1
0.1 197 198 -1
0.1 867 199 -1
0.1 200 201 -1
0.1 868 869 -1
0.1 866 870 -1
0.1 860 871 -1
0.1 204 205 -1
0.1 203 873 -1
0.1 202 874 -1
0.1 206 207 -1
0.1 208 209 -1
0.1 212 213 -1
0.1 211 878 -1
0.1 214 215 -1
0.1 880 216 -1
0.1 879 881 -1
0.1 210 882 -1
0.1 218 219 -1
0.1 217 884 -1
0.1 220 221 -1
0.1 885 886 -1
0.1 883 887 -1
0.1 877 888 -1
0.1 876 889 -1
0.1 875 890 -1
0.1 872 891 -1
0.1 853 892 -1
0.1 834 893 -1
0.1 894 222 -1
0.1 833 895 -1
0.1 793 896 -1
0.1 225 226 -1
0.1 898 227 -1
0.1 229 230 -1
0.1 233 234 -1
0.1 232 901 -1
0.1 902 235 -1
0.1 231 903 -1
0.1 904 236 -1
0.1 900 905 -1
0.1 228 906 -1
0.1 238 239 -1
0.1 237 908 -1
0.1 907 909 -1
0.1 240 241 -1
0.1 910 911 -1
0.1 243 244 -1
0.1 242 913 -1
0.1 912 914 -1
0.1 899 915 -1
0.1 245 246 -1
0.1 248 249 -1
0.1 918 250 -1
0.1 247 919 -1
0.1 253 254 -1
0.1 252 921 -1
0.1 256 257 -1
0.1 258 259 -1
0.1 923 924 -1
0.1 255 925 -1
0.1 261 262 -1
0.1 927 263 -1
0.1 928 264 -1
0.1 260 929 -1
0.1 926 930 -1
0.1 922 931 -1
0.1 251 932 -1
0.1 920 933 -1
0.1 917 934 -1
0.1 267 268 -1
0.1 266 936 -1
0.1 269 270 -1
0.1 273 274 -1
0.1 272 939 -1
0.1 271 940 -1
0.1 938 941 -1
0.1 275 276 -1
0.1 943 277 -1
0.1 279 280 -1
0.1 278 945 -1
0.1 281 282 -1
0.1 946 947 -1
0.1 948 283 -1
0.1 944 949 -1
0.1 942 950 -1
0.1 937 951 -1
0.1 265 952 -1
0.1 953 284 -1
0.1 286 287 -1
0.1 291 292 -1
0.1 293 294 -1
0.1 956 957 -1
0.1 290 958 -1
0.1 289 959 -1
0.1 288 960 -1
0.1 955 961 -1
0.1 295 296 -1
0.1 963 297 -1
0.1 298 299 -1
0.1 964 965 -1
0.1 966 300 -1
0.1 967 301 -1
0.1 303 304 -1
0.1 302 969 -1
0.1 968 970 -1
0.1 962 971 -1
0.1 285 972 -1
0.1 954 973 -1
0.1 935 974 -1
0.1 916 975 -1
0.1 224 976 -1
0.1 223 977 -1
0.1 306 307 -1
0.1 309 310 -1
0.1 308 980 -1
0.1 311 312 -1
0.1 982 313 -1
0.1 314 315 -1
0.1 984 316 -1
0.1 317 318 -1
0.1 321 322 -1
0.1 320 987 -1
0.1 323 324 -1
0.1 989 325 -1
0.1 988 990 -1
0.1 319 991 -1
0.1 986 992 -1
0.1 993 326 -1
0.1 985 994 -1
0.1 995 327 -1
0.1 983 996 -1
0.1 981 997 -1
0.1 328 329 -1
0.1 332 333 -1
0.1 334 335 -1
0.1 1000 1001 -1
0.1 331 1002 -1
0.1 1003 336 -1
0.1 330 1004 -1
0.1 1005 337 -1
0.1 339 340 -1
0.1 341 342 -1
0.1 1007 1008 -1
0.1 338 1009 -1
0.1 1006 1010 -1
0.1 345 346 -1
0.1 344 1012 -1
0.1 343 1013 -1
0.1 1011 1014 -1
0.1 348 349 -1
0.1 347 1016 -1
0.1 1015 1017 -1
0.1 350 351 -1
0.1 1019 352 -1
0.1 353 354 -1
0.1 1020 1021 -1
0.1 356 357 -1
0.1 355 1023 -1
0.1 1022 1024 -1
0.1 358 359 -1
0.1 361 362 -1
0.1 360 1027 -1
0.1 363 364 -1
0.1 1028 1029 -1
0.1 365 366 -1
0.1 1031 367 -1
0.1 1030 1032 -1
0.1 1026 1033 -1
0.1 1025 1034 -1
0.1 1018 1035 -1
0.1 999 1036 -1
0.1 998 1037 -1
0.1 979 1038 -1
0.1 305 1039 -1
0.1 978 1040 -1
0.1 897 1041 -1
0.1 368 369 -1
0.1 1042 1043 -1
0.1 792 1044 -1
0.1 9 1045 -1
0.1 1046 370 -1
0.1 686 1047 -1
0.1 685 1048 -1
0.1 373 374 -1
0.1 377 378 -1
0.1 376 1051 -1
0.1 1052 379 -1
0.1 375 1053 -1
0.1 1050 1054 -1
0.1 372 1055 -1
0.1 380 381 -1
0.1 382 383 -1
0.1 384 385 -1
0.1 1058 1059 -1
0.1 1057 1060 -1
0.1 1061 386 -1
0.1 388 389 -1
0.1 387 1063 -1
0.1 1064 390 -1
0.1 1062 1065 -1
0.1 1056 1066 -1
0.1 1067 391 -1
0.1 392 393 -1
0.1 1068 1069 -1
0.1 394 395 -1
0.1 1071 396 -1
0.1 399 400 -1
0.1 402 403 -1
0.1 401 1074 -1
0.1 1073 1075 -1
0.1 398 1076 -1
0.1 404 405 -1
0.1 1078 406 -1
0.1 1079 407 -1
0.1 1080 408 -1
0.1 1077 1081 -1
0.1 397 1082 -1
0.1 409 410 -1
0.1 1084 411 -1
0.1 412 413 -1
0.1 1085 1086 -1
0.1 1083 1087 -1
0.1 1072 1088 -1
0.1 1089 414 -1
0.1 415 416 -1
0.1 1090 1091 -1
0.1 1070 1092 -1
0.1 371 1093 -1
0.1 419 420 -1
0.1 418 1095 -1
0.1 417 1096 -1
0.1 423 424 -1
0.1 425 426 -1
0.1 1098 1099 -1
0.1 428 429 -1
0.1 1101 430 -1
0.1 1102 431 -1
0.1 432 433 -1
0.1 1103 1104 -1
0.1 434 435 -1
0.1 1105 1106 -1
0.1 427 1107 -1
0.1 1108 436 -1
0.1 1109 437 -1
0.1 438 439 -1
0.1 441 442 -1
0.1 440 1112 -1
0.1 445 446 -1
0.1 444 1114 -1
0.1 443 1115 -1
0.1 1113 1116 -1
0.1 1111 1117 -1
0.1 1110 1118 -1
0.1 1119 447 -1
0.1 1100 1120 -1
0.1 422 1121 -1
0.1 421 1122 -1
0.1 448 449 -1
0.1 450 451 -1
0.1 453 454 -1
0.1 452 1126 -1
0.1 1125 1127 -1
0.1 455 456 -1
0.1 457 458 -1
0.1 1129 1130 -1
0.1 1131 459 -1
0.1 460 461 -1
0.1 463 464 -1
0.1 462 1134 -1
0.1 1135 465 -1
0.1 466 467 -1
0.1 1136 1137 -1
0.1 1133 1138 -1
0.1 468 469 -1
0.1 1140 470 -1
0.1 1141 471 -1
0.1 475 476 -1
0.1 474 1143 -1
0.1 473 1144 -1
0.1 477 478 -1
0.1 1145 1146 -1
0.1 472 1147 -1
0.1 1142 1148 -1
0.1 1139 1149 -1
0.1 479 480 -1
0.1 1150 1151 -1
0.1 1152 481 -1
0.1 1132 1153 -1
0.1 485 486 -1
0.1 484 1155 -1
0.1 483 1156 -1
0.1 482 1157 -1
0.1 1154 1158 -1
0.1 1159 487 -1
0.1 488 489 -1
0.1 490 491 -1
0.1 1161 1162 -1
0.1 1160 1163 -1
0.1 495 496 -1
0.1 494 1165 -1
0.1 498 499 -1
0.1 497 1167 -1
0.1 1168 500 -1
0.1 1166 1169 -1
0.1 493 1170 -1
0.1 492 1171 -1
0.1 501 502 -1
0.1 503 504 -1
0.1 1174 505 -1
0.1 1173 1175 -1
0.1 1172 1176 -1
0.1 506 507 -1
0.1 1177 1178 -1
0.1 1164 1179 -1
0.1 1128 1180 -1
0.1 1124 1181 -1
0.1 1182 508 -1
0.1 1123 1183 -1
0.1 1097 1184 -1
0.1 509 510 -1
0.1 1185 1186 -1
0.1 511 512 -1
0.1 513 514 -1
0.1 516 517 -1
0.1 518 519 -1
0.1 520 521 -1
0.1 1191 1192 -1
0.1 524 525 -1
0.1 523 1194 -1
0.1 522 1195 -1
0.1 526 527 -1
0.1 1197 528 -1
0.1 1196 1198 -1
0.1 1193 1199 -1
0.1 1190 1200 -1
0.1 515 1201 -1
0.1 1189 1202 -1
0.1 1188 1203 -1
0.1 1187 1204 -1
0.1 529 530 -1
0.1 533 534 -1
0.1 532 1207 -1
0.1 531 1208 -1
0.1 1206 1209 -1
0.1 535 536 -1
0.1 538 539 -1
0.1 540 541 -1
0.1 1212 1213 -1
0.1 1214 542 -1
0.1 537 1215 -1
0.1 1211 1216 -1
0.1 1210 1217 -1
0.1 543 544 -1
0.1 545 546 -1
0.1 547 548 -1
0.1 1220 1221 -1
0.1 1219 1222 -1
0.1 1218 1223 -1
0.1 1205 1224 -1
0.1 1094 1225 -1
0.1 549 550 -1
0.1 1226 1227 -1
0.1 551 552 -1
0.1 1229 553 -1
0.1 554 555 -1
0.1 556 557 -1
0.1 558 559 -1
0.1 1232 1233 -1
0.1 1231 1234 -1
0.1 560 561 -1
0.1 565 566 -1
0.1 564 1237 -1
0.1 1238 567 -1
0.1 563 1239 -1
0.1 568 569 -1
0.1 570 571 -1
0.1 1242 572 -1
0.1 573 574 -1
0.1 1244 575 -1
0.1 1245 576 -1
0.1 1243 1246 -1
0.1 1247 577 -1
0.1 579 580 -1
0.1 578 1249 -1
0.1 1248 1250 -1
0.1 581 582 -1
0.1 1251 1252 -1
0.1 1241 1253 -1
0.1 1240 1254 -1
0.1 562 1255 -1
0.1 1236 1256 -1
0.1 1235 1257 -1
0.1 584 585 -1
0.1 586 587 -1
0.1 588 589 -1
0.1 1260 1261 -1
0.1 1259 1262 -1
0.1 1263 590 -1
0.1 583 1264 -1
0.1 591 592 -1
0.1 594 595 -1
0.1 596 597 -1
0.1 1268 598 -1
0.1 601 602 -1
0.1 1270 603 -1
0.1 600 1271 -1
0.1 599 1272 -1
0.1 604 605 -1
0.1 1274 606 -1
0.1 1273 1275 -1
0.1 607 608 -1
0.1 610 611 -1
0.1 612 613 -1
0.1 1278 1279 -1
0.1 609 1280 -1
0.1 1277 1281 -1
0.1 1276 1282 -1
0.1 1269 1283 -1
0.1 1267 1284 -1
0.1 593 1285 -1
0.1 1266 1286 -1
0.1 1265 1287 -1
0.1 1258 1288 -1
0.1 1289 614 -1
0.1 1230 1290 -1
0.1 617 618 -1
0.1 616 1292 -1
0.1 615 1293 -1
0.1 1291 1294 -1
0.1 620 621 -1
0.1 622 623 -1
0.1 1297 624 -1
0.1 626 627 -1
0.1 625 1299 -1
0.1 1298 1300 -1
0.1 1296 1301 -1
0.1 629 630 -1
0.1 628 1303 -1
0.1 632 633 -1
0.1 631 1305 -1
0.1 1304 1306 -1
0.1 634 635 -1
0.1 1308 636 -1
0.1 1309 637 -1
0.1 638 639 -1
0.1 1310 1311 -1
0.1 1307 1312 -1
0.1 1302 1313 -1
0.1 640 641 -1
0.1 643 644 -1
0.1 642 1316 -1
0.1 1315 1317 -1
0.1 645 646 -1
0.1 647 648 -1
0.1 1320 649 -1
0.1 1319 1321 -1
0.1 650 651 -1
0.1 1322 1323 -1
0.1 1318 1324 -1
0.1 652 653 -1
0.1 654 655 -1
0.1 1326 1327 -1
0.1 658 659 -1
0.1 657 1329 -1
0.1 663 664 -1
0.1 1331 665 -1
0.1 1332 666 -1
0.1 668 669 -1
0.1 667 1334 -1
0.1 1333 1335 -1
0.1 662 1336 -1
0.1 661 1337 -1
0.1 660 1338 -1
0.1 672 673 -1
0.1 671 1340 -1
0.1 1341 674 -1
0.1 670 1342 -1
0.1 1339 1343 -1
0.1 675 676 -1
0.1 1344 1345 -1
0.1 1330 1346 -1
0.1 656 1347 -1
0.1 1328 1348 -1
0.1 677 678 -1
0.1 1349 1350 -1
0.1 1325 1351 -1
0.1 679 680 -1
0.1 1352 1353 -1
0.1 1314 1354 -1
0.1 619 1355 -1
0.1 1295 1356 -1
0.1 1228 1357 -1
0.1 1049 1358 -1
