1 0 0 1
1 0 0 1
1 0 0 2
1 0 0 2
1 0 0 3
1 0 0 4
1 0 0 4
1 0 0 4
1 0 0 4
1 0 0 4
1 0 0 4
1 0 0 4
1 0 0 4
1 0 0 4
1 0 0 4
1 0 0 4
1 0 0 4
1 0 0 4
1 0 0 4
1 0 0 4
1 0 0 4
1 0 0 4
1 0 0 4
1 0 0 4
1 0 0 4
1 0 0 5
1 0 0 5
1 0 0 5
1 0 0 5
1 0 0 5
1 0 0 5
1 0 0 5
1 0 0 5
1 0 0 5
1 0 0 5
1 0 0 5
1 0 0 5
1 0 0 5
1 0 0 5
1 0 0 5
1 0 0 5
1 0 0 5
1 0 0 5
1 0 0 5
1 0 0 5
1 0 0 6
1 0 0 6
1 0 0 6
1 0 0 6
1 0 0 6
1 0 0 6
1 0 0 6
1 0 0 6
1 0 0 6
1 0 0 6
1 0 0 6
1 0 0 6
1 0 0 6
1 0 0 6
1 0 0 6
1 0 0 6
1 0 0 6
1 0 0 6
1 0 0 6
1 0 0 6
1 0 0 7
1 0 0 7
1 0 0 7
1 0 0 7
1 0 0 7
1 0 0 7
1 0 0 7
1 0 0 7
1 0 0 7
1 0 0 7
1 0 0 7
1 0 0 7
1 0 0 7
1 0 0 7
1 0 0 7
1 0 0 7
1 0 0 7
1 0 0 7
1 0 0 7
1 0 0 7
1 0 0 8
1 0 0 8
1 0 0 8
1 0 0 8
1 0 0 8
1 0 0 8
1 0 0 8
1 0 0 8
1 0 0 8
1 0 0 8
1 0 0 8
1 0 0 8
1 0 0 8
1 0 0 8
1 0 0 8
1 0 0 8
1 0 0 8
1 0 0 8
1 0 0 8
1 0 0 8
1 0 0 3
1 0 0 3
1 0 0 3
1 0 0 3
1 0 0 3
1 0 0 3
1 0 0 3
1 0 0 3
1 0 0 3
1 0 0 9
1 0 0 9
1 0 0 9
1 0 0 9
1 0 0 9
1 0 0 9
1 0 0 9
1 0 0 9
1 0 0 9
1 0 0 9
1 0 0 9
1 0 0 9
1 0 0 9
1 0 0 9
1 0 0 9
1 0 0 9
1 0 0 9
1 0 0 9
1 0 0 9
1 0 0 9
1 0 0 10
1 0 0 10
1 0 0 10
1 0 0 10
1 0 0 10
1 0 0 10
1 0 0 10
1 0 0 10
1 0 0 10
1 0 0 10
1 0 0 10
1 0 0 10
1 0 0 10
1 0 0 10
1 0 0 10
1 0 0 10
1 0 0 10
1 0 0 10
1 0 0 10
1 0 0 10
1 0 0 11
1 0 0 11
1 0 0 11
1 0 0 11
1 0 0 11
1 0 0 11
1 0 0 11
1 0 0 11
1 0 0 11
1 0 0 11
1 0 0 11
1 0 0 11
1 0 0 11
1 0 0 11
1 0 0 11
1 0 0 11
1 0 0 11
1 0 0 11
1 0 0 11
1 0 0 11
1 0 0 3
1 0 0 3
1 0 0 3
1 0 0 12
1 0 0 12
1 0 0 12
1 0 0 12
1 0 0 12
1 0 0 12
1 0 0 12
1 0 0 12
1 0 0 12
1 0 0 12
1 0 0 12
1 0 0 12
1 0 0 12
1 0 0 12
1 0 0 12
1 0 0 12
1 0 0 12
1 0 0 12
1 0 0 12
1 0 0 12
1 0 0 13
1 0 0 13
1 0 0 13
1 0 0 13
1 0 0 13
1 0 0 13
1 0 0 13
1 0 0 13
1 0 0 13
1 0 0 13
1 0 0 13
1 0 0 13
1 0 0 13
1 0 0 13
1 0 0 13
1 0 0 13
1 0 0 13
1 0 0 13
1 0 0 13
1 0 0 13
1 0 0 3
1 0 0 3
1 0 0 3
1 0 0 14
1 0 0 14
1 0 0 14
1 0 0 14
1 0 0 14
1 0 0 14
1 0 0 14
1 0 0 14
1 0 0 14
1 0 0 14
1 0 0 14
1 0 0 14
1 0 0 14
1 0 0 14
1 0 0 14
1 0 0 14
1 0 0 14
1 0 0 14
1 0 0 14
1 0 0 14
1 0 0 15
1 0 0 15
1 0 0 15
1 0 0 15
1 0 0 15
1 0 0 15
1 0 0 15
1 0 0 15
1 0 0 15
1 0 0 15
1 0 0 15
1 0 0 15
1 0 0 15
1 0 0 15
1 0 0 15
1 0 0 15
1 0 0 15
1 0 0 15
1 0 0 15
1 0 0 15
1 0 0 16
1 0 0 16
1 0 0 16
1 0 0 16
1 0 0 16
1 0 0 16
1 0 0 16
1 0 0 16
1 0 0 16
1 0 0 16
1 0 0 16
1 0 0 16
1 0 0 16
1 0 0 16
1 0 0 16
1 0 0 16
1 0 0 16
1 0 0 16
1 0 0 16
1 0 0 16
1 0 0 3
1 0 0 3
1 0 0 3
1 0 0 3
1 0 0 17
1 0 0 17
1 0 0 17
1 0 0 17
1 0 0 17
1 0 0 17
1 0 0 17
1 0 0 17
1 0 0 17
1 0 0 17
1 0 0 17
1 0 0 17
1 0 0 17
1 0 0 17
1 0 0 17
1 0 0 17
1 0 0 17
1 0 0 17
1 0 0 17
1 0 0 17
1 0 0 18
1 0 0 18
1 0 0 18
1 0 0 18
1 0 0 18
1 0 0 18
1 0 0 18
1 0 0 18
1 0 0 18
1 0 0 18
1 0 0 18
1 0 0 18
1 0 0 18
1 0 0 18
1 0 0 18
1 0 0 18
1 0 0 18
1 0 0 18
1 0 0 18
1 0 0 18
1 0 0 19
1 0 0 19
1 0 0 19
1 0 0 19
1 0 0 19
1 0 0 19
1 0 0 19
1 0 0 19
1 0 0 19
1 0 0 19
1 0 0 19
1 0 0 19
1 0 0 19
1 0 0 19
1 0 0 19
1 0 0 19
1 0 0 19
1 0 0 19
1 0 0 19
1 0 0 19
1 0 0 20
1 0 0 20
1 0 0 20
1 0 0 20
1 0 0 20
1 0 0 20
1 0 0 20
1 0 0 20
1 0 0 20
1 0 0 20
1 0 0 20
1 0 0 20
1 0 0 20
1 0 0 20
1 0 0 20
1 0 0 20
1 0 0 20
1 0 0 20
1 0 0 20
1 0 0 20
1 0 0 2
1 0 0 21
1 0 0 22
1 0 0 22
1 0 0 22
1 0 0 22
1 0 0 22
1 0 0 22
1 0 0 22
1 0 0 22
1 0 0 22
1 0 0 22
1 0 0 22
1 0 0 22
1 0 0 22
1 0 0 22
1 0 0 22
1 0 0 22
1 0 0 22
1 0 0 22
1 0 0 22
1 0 0 22
1 0 0 21
1 0 0 21
1 0 0 21
1 0 0 21
1 0 0 21
1 0 0 21
1 0 0 21
1 0 0 21
1 0 0 21
1 0 0 21
1 0 0 21
1 0 0 21
1 0 0 21
1 0 0 21
1 0 0 21
1 0 0 21
1 0 0 21
1 0 0 21
1 0 0 21
1 0 0 23
1 0 0 23
1 0 0 23
1 0 0 23
1 0 0 23
1 0 0 23
1 0 0 23
1 0 0 23
1 0 0 23
1 0 0 23
1 0 0 23
1 0 0 23
1 0 0 23
1 0 0 23
1 0 0 23
1 0 0 23
1 0 0 23
1 0 0 23
1 0 0 23
1 0 0 23
1 0 0 2
1 0 0 2
1 0 0 2
1 0 0 2
1 0 0 2
1 0 0 2
1 0 0 2
1 0 0 2
1 0 0 2
1 0 0 24
1 0 0 24
1 0 0 24
1 0 0 24
1 0 0 24
1 0 0 24
1 0 0 24
1 0 0 24
1 0 0 24
1 0 0 24
1 0 0 24
1 0 0 24
1 0 0 24
1 0 0 24
1 0 0 24
1 0 0 24
1 0 0 25
1 0 0 26
1 0 0 26
1 0 0 26
1 0 0 26
1 0 0 26
1 0 0 26
1 0 0 26
1 0 0 26
1 0 0 26
1 0 0 26
1 0 0 26
1 0 0 26
1 0 0 26
1 0 0 26
1 0 0 26
1 0 0 26
1 0 0 26
1 0 0 26
1 0 0 26
1 0 0 26
1 0 0 25
1 0 0 25
1 0 0 25
1 0 0 25
1 0 0 25
1 0 0 25
1 0 0 25
1 0 0 25
1 0 0 24
1 0 0 27
1 0 0 27
1 0 0 27
1 0 0 27
1 0 0 27
1 0 0 27
1 0 0 27
1 0 0 27
1 0 0 27
1 0 0 27
1 0 0 27
1 0 0 27
1 0 0 27
1 0 0 27
1 0 0 25
1 0 0 25
1 0 0 25
1 0 0 25
1 0 0 28
1 0 0 28
1 0 0 28
1 0 0 28
1 0 0 28
1 0 0 27
1 0 0 27
1 0 0 24
1 0 0 24
1 0 0 24
1 0 0 28
1 0 0 29
1 0 0 29
1 0 0 29
1 0 0 29
1 0 0 29
1 0 0 29
1 0 0 29
1 0 0 29
1 0 0 29
1 0 0 29
1 0 0 29
1 0 0 29
1 0 0 29
1 0 0 29
1 0 0 29
1 0 0 29
1 0 0 29
1 0 0 29
1 0 0 29
1 0 0 29
1 0 0 28
1 0 0 28
1 0 0 28
1 0 0 28
1 0 0 30
1 0 0 30
1 0 0 30
1 0 0 30
1 0 0 30
1 0 0 30
1 0 0 30
1 0 0 30
1 0 0 30
1 0 0 30
1 0 0 30
1 0 0 30
1 0 0 30
1 0 0 30
1 0 0 30
1 0 0 30
1 0 0 30
1 0 0 30
1 0 0 30
1 0 0 30
1 0 0 28
1 0 0 28
1 0 0 28
1 0 0 31
1 0 0 31
1 0 0 31
1 0 0 31
1 0 0 31
1 0 0 31
1 0 0 31
1 0 0 31
1 0 0 31
1 0 0 31
1 0 0 31
1 0 0 31
1 0 0 31
1 0 0 31
1 0 0 31
1 0 0 31
1 0 0 31
1 0 0 31
1 0 0 31
1 0 0 31
1 0 0 25
1 0 0 25
1 0 0 28
1 0 0 28
1 0 0 28
1 0 0 28
1 0 0 28
1 0 0 28
1 0 0 28
1 0 0 25
1 0 0 25
1 0 0 25
1 0 0 25
1 0 0 25
1 0 0 27
1 0 0 27
1 0 0 27
1 0 0 27
1 0 0 1
1 0 0 1
1 0 0 1
1 0 0 1
1 0 0 1
1 0 0 1
1 0 0 1
1 0 0 1
1 0 0 1
1 0 0 1
1 0 0 1
1 0 0 1
1 0 0 1
1 0 0 1
1 0 0 1
1 0 0 1
1 0 0 1
1 0 0 1
1 0 0 2
1 0 0 2
1 0 0 32
1 0 0 32
1 0 0 32
1 0 0 32
1 0 0 32
1 0 0 32
1 0 0 32
1 0 0 32
1 0 0 32
1 0 0 32
1 0 0 32
1 0 0 33
1 0 0 33
1 0 0 33
1 0 0 33
1 0 0 33
1 0 0 33
1 0 0 33
1 0 0 33
1 0 0 33
1 0 0 33
1 0 0 33
1 0 0 33
1 0 0 33
1 0 0 33
1 0 0 33
1 0 0 33
1 0 0 33
1 0 0 33
1 0 0 33
1 0 0 33
1 0 0 32
1 0 0 32
1 0 0 32
1 0 0 32
1 0 0 32
1 0 0 32
1 0 0 32
1 0 0 32
1 0 0 32
1 0 0 34
1 0 0 34
1 0 0 34
1 0 0 34
1 0 0 34
1 0 0 34
1 0 0 34
1 0 0 34
1 0 0 34
1 0 0 34
1 0 0 34
1 0 0 34
1 0 0 34
1 0 0 34
1 0 0 34
1 0 0 34
1 0 0 34
1 0 0 34
1 0 0 34
1 0 0 34
1 0 0 2
1 0 0 2
1 0 0 2
1 0 0 2
1 0 0 2
1 0 0 2
0.1 1 2 -1
0.1 681 3 -1
0.1 7 8 -1
0.1 9 10 -1
0.1 683 684 -1
0.1 6 685 -1
0.1 14 15 -1
0.1 13 687 -1
0.1 17 18 -1
0.1 16 689 -1
0.1 20 21 -1
0.1 19 691 -1
0.1 690 692 -1
0.1 688 693 -1
0.1 12 694 -1
0.1 11 695 -1
0.1 23 24 -1
0.1 697 25 -1
0.1 22 698 -1
0.1 696 699 -1
0.1 686 700 -1
0.1 5 701 -1
0.1 27 28 -1
0.1 26 703 -1
0.1 704 29 -1
0.1 30 31 -1
0.1 706 32 -1
0.1 707 33 -1
0.1 705 708 -1
0.1 709 34 -1
0.1 36 37 -1
0.1 711 38 -1
0.1 39 40 -1
0.1 712 713 -1
0.1 42 43 -1
0.1 41 715 -1
0.1 716 44 -1
0.1 714 717 -1
0.1 35 718 -1
0.1 719 45 -1
0.1 710 720 -1
0.1 47 48 -1
0.1 722 49 -1
0.1 723 50 -1
0.1 46 724 -1
0.1 725 51 -1
0.1 54 55 -1
0.1 53 727 -1
0.1 52 728 -1
0.1 726 729 -1
0.1 56 57 -1
0.1 731 58 -1
0.1 730 732 -1
0.1 59 60 -1
0.1 61 62 -1
0.1 735 63 -1
0.1 64 65 -1
0.1 736 737 -1
0.1 734 738 -1
0.1 733 739 -1
0.1 67 68 -1
0.1 741 69 -1
0.1 66 742 -1
0.1 743 70 -1
0.1 73 74 -1
0.1 72 745 -1
0.1 71 746 -1
0.1 75 76 -1
0.1 747 748 -1
0.1 77 78 -1
0.1 750 79 -1
0.1 749 751 -1
0.1 80 81 -1
0.1 82 83 -1
0.1 754 84 -1
0.1 753 755 -1
0.1 756 85 -1
0.1 752 757 -1
0.1 744 758 -1
0.1 740 759 -1
0.1 88 89 -1
0.1 87 761 -1
0.1 90 91 -1
0.1 93 94 -1
0.1 92 764 -1
0.1 763 765 -1
0.1 766 95 -1
0.1 97 98 -1
0.1 96 768 -1
0.1 767 769 -1
0.1 762 770 -1
0.1 86 771 -1
0.1 99 100 -1
0.1 773 101 -1
0.1 102 103 -1
0.1 775 104 -1
0.1 774 776 -1
0.1 772 777 -1
0.1 778 105 -1
0.1 760 779 -1
0.1 721 780 -1
0.1 106 107 -1
0.1 781 782 -1
0.1 109 110 -1
0.1 108 784 -1
0.1 785 111 -1
0.1 783 786 -1
0.1 702 787 -1
0.1 112 113 -1
0.1 115 116 -1
0.1 118 119 -1
0.1 117 791 -1
0.1 790 792 -1
0.1 120 121 -1
0.1 794 122 -1
0.1 123 124 -1
0.1 125 126 -1
0.1 796 797 -1
0.1 795 798 -1
0.1 793 799 -1
0.1 127 128 -1
0.1 129 130 -1
0.1 131 132 -1
0.1 802 803 -1
0.1 801 804 -1
0.1 805 133 -1
0.1 806 134 -1
0.1 800 807 -1
0.1 135 136 -1
0.1 809 137 -1
0.1 138 139 -1
0.1 140 141 -1
0.1 144 145 -1
0.1 143 813 -1
0.1 146 147 -1
0.1 815 148 -1
0.1 814 816 -1
0.1 142 817 -1
0.1 812 818 -1
0.1 151 152 -1
0.1 150 820 -1
0.1 821 153 -1
0.1 149 822 -1
0.1 819 823 -1
0.1 811 824 -1
0.1 825 154 -1
0.1 810 826 -1
0.1 157 158 -1
0.1 156 828 -1
0.1 161 162 -1
0.1 160 830 -1
0.1 159 831 -1
0.1 829 832 -1
0.1 155 833 -1
0.1 163 164 -1
0.1 834 835 -1
0.1 168 169 -1
0.1 167 837 -1
0.1 166 838 -1
0.1 165 839 -1
0.1 170 171 -1
0.1 172 173 -1
0.1 842 174 -1
0.1 841 843 -1
0.1 840 844 -1
0.1 836 845 -1
0.1 827 846 -1
0.1 808 847 -1
0.1 175 176 -1
0.1 848 849 -1
0.1 114 850 -1
0.1 181 182 -1
0.1 180 852 -1
0.1 179 853 -1
0.1 178 854 -1
0.1 183 184 -1
0.1 856 185 -1
0.1 186 187 -1
0.1 857 858 -1
0.1 855 859 -1
0.1 860 188 -1
0.1 190 191 -1
0.1 862 192 -1
0.1 189 863 -1
0.1 194 195 -1
0.1 193 865 -1
0.1 196 197 -1
0.1 866 867 -1
0.1 864 868 -1
0.1 861 869 -1
0.1 199 200 -1
0.1 198 871 -1
0.1 202 203 -1
0.1 201 873 -1
0.1 874 204 -1
0.1 206 207 -1
0.1 205 876 -1
0.1 875 877 -1
0.1 210 211 -1
0.1 209 879 -1
0.1 208 880 -1
0.1 214 215 -1
0.1 213 882 -1
0.1 212 883 -1
0.1 216 217 -1
0.1 884 885 -1
0.1 881 886 -1
0.1 878 887 -1
0.1 872 888 -1
0.1 870 889 -1
0.1 177 890 -1
0.1 851 891 -1
0.1 789 892 -1
0.1 219 220 -1
0.1 222 223 -1
0.1 221 895 -1
0.1 226 227 -1
0.1 225 897 -1
0.1 224 898 -1
0.1 229 230 -1
0.1 231 232 -1
0.1 233 234 -1
0.1 901 902 -1
0.1 903 235 -1
0.1 900 904 -1
0.1 228 905 -1
0.1 239 240 -1
0.1 238 907 -1
0.1 237 908 -1
0.1 236 909 -1
0.1 906 910 -1
0.1 899 911 -1
0.1 896 912 -1
0.1 243 244 -1
0.1 242 914 -1
0.1 245 246 -1
0.1 915 916 -1
0.1 248 249 -1
0.1 247 918 -1
0.1 917 919 -1
0.1 241 920 -1
0.1 250 251 -1
0.1 252 253 -1
0.1 254 255 -1
0.1 924 256 -1
0.1 257 258 -1
0.1 925 926 -1
0.1 923 927 -1
0.1 922 928 -1
0.1 921 929 -1
0.1 913 930 -1
0.1 259 260 -1
0.1 931 932 -1
0.1 262 263 -1
0.1 261 934 -1
0.1 264 265 -1
0.1 936 266 -1
0.1 269 270 -1
0.1 938 271 -1
0.1 268 939 -1
0.1 272 273 -1
0.1 940 941 -1
0.1 275 276 -1
0.1 274 943 -1
0.1 942 944 -1
0.1 945 277 -1
0.1 267 946 -1
0.1 937 947 -1
0.1 279 280 -1
0.1 278 949 -1
0.1 948 950 -1
0.1 935 951 -1
0.1 933 952 -1
0.1 953 281 -1
0.1 954 282 -1
0.1 894 955 -1
0.1 285 286 -1
0.1 957 287 -1
0.1 288 289 -1
0.1 290 291 -1
0.1 960 292 -1
0.1 297 298 -1
0.1 299 300 -1
0.1 962 963 -1
0.1 296 964 -1
0.1 295 965 -1
0.1 294 966 -1
0.1 967 301 -1
0.1 293 968 -1
0.1 961 969 -1
0.1 959 970 -1
0.1 303 304 -1
0.1 302 972 -1
0.1 971 973 -1
0.1 958 974 -1
0.1 306 307 -1
0.1 305 976 -1
0.1 310 311 -1
0.1 309 978 -1
0.1 308 979 -1
0.1 977 980 -1
0.1 312 313 -1
0.1 316 317 -1
0.1 318 319 -1
0.1 983 984 -1
0.1 315 985 -1
0.1 321 322 -1
0.1 987 323 -1
0.1 320 988 -1
0.1 986 989 -1
0.1 314 990 -1
0.1 991 324 -1
0.1 982 992 -1
0.1 981 993 -1
0.1 325 326 -1
0.1 995 327 -1
0.1 331 332 -1
0.1 330 997 -1
0.1 333 334 -1
0.1 998 999 -1
0.1 329 1000 -1
0.1 328 1001 -1
0.1 335 336 -1
0.1 339 340 -1
0.1 338 1004 -1
0.1 337 1005 -1
0.1 1003 1006 -1
0.1 1002 1007 -1
0.1 996 1008 -1
0.1 343 344 -1
0.1 342 1010 -1
0.1 341 1011 -1
0.1 1009 1012 -1
0.1 347 348 -1
0.1 346 1014 -1
0.1 351 352 -1
0.1 350 1016 -1
0.1 353 354 -1
0.1 1017 1018 -1
0.1 349 1019 -1
0.1 1020 355 -1
0.1 1015 1021 -1
0.1 359 360 -1
0.1 361 362 -1
0.1 1023 1024 -1
0.1 358 1025 -1
0.1 357 1026 -1
0.1 356 1027 -1
0.1 363 364 -1
0.1 1028 1029 -1
0.1 1022 1030 -1
0.1 345 1031 -1
0.1 1013 1032 -1
0.1 994 1033 -1
0.1 975 1034 -1
0.1 284 1035 -1
0.1 283 1036 -1
0.1 956 1037 -1
0.1 218 1038 -1
0.1 893 1039 -1
0.1 788 1040 -1
0.1 4 1041 -1
0.1 682 1042 -1
0.1 367 368 -1
0.1 1044 369 -1
0.1 373 374 -1
0.1 372 1046 -1
0.1 371 1047 -1
0.1 370 1048 -1
0.1 375 376 -1
0.1 1050 377 -1
0.1 1049 1051 -1
0.1 379 380 -1
0.1 381 382 -1
0.1 1053 1054 -1
0.1 383 384 -1
0.1 1055 1056 -1
0.1 378 1057 -1
0.1 1052 1058 -1
0.1 1045 1059 -1
0.1 385 386 -1
0.1 1060 1061 -1
0.1 366 1062 -1
0.1 387 388 -1
0.1 1063 1064 -1
0.1 390 391 -1
0.1 392 393 -1
0.1 1066 1067 -1
0.1 394 395 -1
0.1 1068 1069 -1
0.1 1070 396 -1
0.1 389 1071 -1
0.1 1065 1072 -1
0.1 397 398 -1
0.1 399 400 -1
0.1 401 402 -1
0.1 1075 1076 -1
0.1 1074 1077 -1
0.1 403 404 -1
0.1 406 407 -1
0.1 408 409 -1
0.1 412 413 -1
0.1 411 1082 -1
0.1 1083 414 -1
0.1 410 1084 -1
0.1 1081 1085 -1
0.1 1080 1086 -1
0.1 417 418 -1
0.1 416 1088 -1
0.1 415 1089 -1
0.1 419 420 -1
0.1 1091 421 -1
0.1 423 424 -1
0.1 1093 425 -1
0.1 422 1094 -1
0.1 1092 1095 -1
0.1 1090 1096 -1
0.1 1087 1097 -1
0.1 405 1098 -1
0.1 1079 1099 -1
0.1 1078 1100 -1
0.1 1073 1101 -1
0.1 365 1102 -1
0.1 426 427 -1
0.1 1104 428 -1
0.1 1103 1105 -1
0.1 431 432 -1
0.1 1107 433 -1
0.1 430 1108 -1
0.1 1109 434 -1
0.1 429 1110 -1
0.1 435 436 -1
0.1 438 439 -1
0.1 441 442 -1
0.1 1114 443 -1
0.1 440 1115 -1
0.1 445 446 -1
0.1 444 1117 -1
0.1 448 449 -1
0.1 1119 450 -1
0.1 447 1120 -1
0.1 1118 1121 -1
0.1 1116 1122 -1
0.1 1113 1123 -1
0.1 437 1124 -1
0.1 1112 1125 -1
0.1 453 454 -1
0.1 452 1127 -1
0.1 455 456 -1
0.1 459 460 -1
0.1 458 1130 -1
0.1 457 1131 -1
0.1 1129 1132 -1
0.1 461 462 -1
0.1 1133 1134 -1
0.1 1128 1135 -1
0.1 464 465 -1
0.1 463 1137 -1
0.1 467 468 -1
0.1 1139 469 -1
0.1 466 1140 -1
0.1 1138 1141 -1
0.1 470 471 -1
0.1 1142 1143 -1
0.1 1136 1144 -1
0.1 1145 472 -1
0.1 1146 473 -1
0.1 451 1147 -1
0.1 477 478 -1
0.1 481 482 -1
0.1 1150 483 -1
0.1 484 485 -1
0.1 1151 1152 -1
0.1 489 490 -1
0.1 488 1154 -1
0.1 487 1155 -1
0.1 493 494 -1
0.1 492 1157 -1
0.1 491 1158 -1
0.1 1156 1159 -1
0.1 486 1160 -1
0.1 1153 1161 -1
0.1 480 1162 -1
0.1 479 1163 -1
0.1 1164 495 -1
0.1 1149 1165 -1
0.1 476 1166 -1
0.1 497 498 -1
0.1 496 1168 -1
0.1 500 501 -1
0.1 502 503 -1
0.1 1170 1171 -1
0.1 499 1172 -1
0.1 504 505 -1
0.1 507 508 -1
0.1 506 1175 -1
0.1 1174 1176 -1
0.1 1173 1177 -1
0.1 510 511 -1
0.1 512 513 -1
0.1 514 515 -1
0.1 1180 1181 -1
0.1 1179 1182 -1
0.1 1183 516 -1
0.1 1184 517 -1
0.1 520 521 -1
0.1 519 1186 -1
0.1 518 1187 -1
0.1 1185 1188 -1
0.1 523 524 -1
0.1 522 1190 -1
0.1 528 529 -1
0.1 527 1192 -1
0.1 526 1193 -1
0.1 525 1194 -1
0.1 1191 1195 -1
0.1 1189 1196 -1
0.1 530 531 -1
0.1 1197 1198 -1
0.1 532 533 -1
0.1 536 537 -1
0.1 1201 538 -1
0.1 539 540 -1
0.1 1202 1203 -1
0.1 535 1204 -1
0.1 542 543 -1
0.1 1206 544 -1
0.1 541 1207 -1
0.1 1208 545 -1
0.1 1205 1209 -1
0.1 534 1210 -1
0.1 547 548 -1
0.1 546 1212 -1
0.1 549 550 -1
0.1 1213 1214 -1
0.1 552 553 -1
0.1 551 1216 -1
0.1 1215 1217 -1
0.1 1211 1218 -1
0.1 1219 554 -1
0.1 1200 1220 -1
0.1 1199 1221 -1
0.1 509 1222 -1
0.1 1178 1223 -1
0.1 558 559 -1
0.1 560 561 -1
0.1 1226 562 -1
0.1 1227 563 -1
0.1 1225 1228 -1
0.1 1229 564 -1
0.1 569 570 -1
0.1 568 1231 -1
0.1 567 1232 -1
0.1 571 572 -1
0.1 1233 1234 -1
0.1 566 1235 -1
0.1 574 575 -1
0.1 573 1237 -1
0.1 1238 576 -1
0.1 1236 1239 -1
0.1 565 1240 -1
0.1 1230 1241 -1
0.1 557 1242 -1
0.1 556 1243 -1
0.1 555 1244 -1
0.1 1224 1245 -1
0.1 1246 577 -1
0.1 1247 578 -1
0.1 1169 1248 -1
0.1 1167 1249 -1
0.1 475 1250 -1
0.1 579 580 -1
0.1 583 584 -1
0.1 1253 585 -1
0.1 582 1254 -1
0.1 581 1255 -1
0.1 1252 1256 -1
0.1 1257 586 -1
0.1 1251 1258 -1
0.1 474 1259 -1
0.1 588 589 -1
0.1 1261 590 -1
0.1 587 1262 -1
0.1 1260 1263 -1
0.1 1148 1264 -1
0.1 1126 1265 -1
0.1 591 592 -1
0.1 593 594 -1
0.1 1267 1268 -1
0.1 595 596 -1
0.1 597 598 -1
0.1 599 600 -1
0.1 1271 1272 -1
0.1 1270 1273 -1
0.1 601 602 -1
0.1 603 604 -1
0.1 607 608 -1
0.1 609 610 -1
0.1 1277 1278 -1
0.1 606 1279 -1
0.1 605 1280 -1
0.1 1276 1281 -1
0.1 1275 1282 -1
0.1 1274 1283 -1
0.1 1269 1284 -1
0.1 611 612 -1
0.1 615 616 -1
0.1 618 619 -1
0.1 617 1288 -1
0.1 1287 1289 -1
0.1 620 621 -1
0.1 622 623 -1
0.1 1291 1292 -1
0.1 624 625 -1
0.1 1293 1294 -1
0.1 1290 1295 -1
0.1 628 629 -1
0.1 627 1297 -1
0.1 631 632 -1
0.1 630 1299 -1
0.1 1298 1300 -1
0.1 1301 633 -1
0.1 626 1302 -1
0.1 637 638 -1
0.1 636 1304 -1
0.1 1305 639 -1
0.1 635 1306 -1
0.1 634 1307 -1
0.1 1308 640 -1
0.1 1303 1309 -1
0.1 642 643 -1
0.1 641 1311 -1
0.1 644 645 -1
0.1 1312 1313 -1
0.1 1310 1314 -1
0.1 1315 646 -1
0.1 647 648 -1
0.1 1316 1317 -1
0.1 1296 1318 -1
0.1 651 652 -1
0.1 650 1320 -1
0.1 1321 653 -1
0.1 649 1322 -1
0.1 1319 1323 -1
0.1 1324 654 -1
0.1 614 1325 -1
0.1 656 657 -1
0.1 655 1327 -1
0.1 658 659 -1
0.1 1329 660 -1
0.1 663 664 -1
0.1 662 1331 -1
0.1 661 1332 -1
0.1 665 666 -1
0.1 1333 1334 -1
0.1 667 668 -1
0.1 1336 669 -1
0.1 671 672 -1
0.1 670 1338 -1
0.1 1337 1339 -1
0.1 673 674 -1
0.1 1340 1341 -1
0.1 1335 1342 -1
0.1 1330 1343 -1
0.1 1328 1344 -1
0.1 1326 1345 -1
0.1 613 1346 -1
0.1 1286 1347 -1
0.1 1285 1348 -1
0.1 1266 1349 -1
0.1 675 676 -1
0.1 1350 1351 -1
0.1 1111 1352 -1
0.1 677 678 -1
0.1 679 680 -1
0.1 1354 1355 -1
0.1 1353 1356 -1
0.1 1106 1357 -1
0.1 1043 1358 -1
