1 0 0 1
1 0 0 1
1 0 0 1
1 0 0 1
1 0 0 1
1 0 0 1
1 0 0 1
1 0 0 1
1 0 0 1
1 0 0 1
1 0 0 2
1 0 0 2
1 0 0 2
1 0 0 3
1 0 0 3
1 0 0 3
1 0 0 3
1 0 0 3
1 0 0 3
1 0 0 3
1 0 0 3
1 0 0 3
1 0 0 3
1 0 0 4
1 0 0 4
1 0 0 4
1 0 0 4
1 0 0 4
1 0 0 4
1 0 0 4
1 0 0 4
1 0 0 4
1 0 0 4
1 0 0 2
1 0 0 2
1 0 0 2
1 0 0 2
1 0 0 2
1 0 0 2
1 0 0 2
1 0 0 5
1 0 0 5
1 0 0 5
1 0 0 5
1 0 0 5
1 0 0 5
1 0 0 5
1 0 0 5
1 0 0 5
1 0 0 5
1 0 0 6
1 0 0 6
1 0 0 6
1 0 0 6
1 0 0 6
1 0 0 6
1 0 0 6
1 0 0 6
1 0 0 6
1 0 0 6
1 0 0 7
1 0 0 7
1 0 0 7
1 0 0 7
1 0 0 7
1 0 0 7
1 0 0 7
1 0 0 7
1 0 0 7
1 0 0 7
1 0 0 8
1 0 0 8
1 0 0 8
1 0 0 8
1 0 0 8
1 0 0 8
1 0 0 8
1 0 0 8
1 0 0 8
1 0 0 9
1 0 0 9
1 0 0 9
1 0 0 9
1 0 0 9
1 0 0 9
1 0 0 9
1 0 0 9
1 0 0 9
1 0 0 9
1 0 0 8
1 0 0 10
1 0 0 10
1 0 0 10
1 0 0 10
1 0 0 10
1 0 0 10
1 0 0 10
1 0 0 10
1 0 0 10
1 0 0 10
0.1 1 2 -1
0.1 3 4 -1
0.1 102 5 -1
0.1 101 103 -1
0.1 104 6 -1
0.1 9 10 -1
0.1 8 106 -1
0.1 7 107 -1
0.1 105 108 -1
0.1 12 13 -1
0.1 11 110 -1
0.1 16 17 -1
0.1 112 18 -1
0.1 15 113 -1
0.1 114 19 -1
0.1 14 115 -1
0.1 116 20 -1
0.1 117 21 -1
0.1 118 22 -1
0.1 119 23 -1
0.1 24 25 -1
0.1 26 27 -1
0.1 121 122 -1
0.1 29 30 -1
0.1 31 32 -1
0.1 124 125 -1
0.1 28 126 -1
0.1 123 127 -1
0.1 128 33 -1
0.1 120 129 -1
0.1 111 130 -1
0.1 109 131 -1
0.1 36 37 -1
0.1 35 133 -1
0.1 34 134 -1
0.1 132 135 -1
0.1 39 40 -1
0.1 41 42 -1
0.1 138 43 -1
0.1 44 45 -1
0.1 139 140 -1
0.1 46 47 -1
0.1 142 48 -1
0.1 49 50 -1
0.1 54 55 -1
0.1 57 58 -1
0.1 56 146 -1
0.1 145 147 -1
0.1 53 148 -1
0.1 52 149 -1
0.1 51 150 -1
0.1 59 60 -1
0.1 151 152 -1
0.1 61 62 -1
0.1 154 63 -1
0.1 64 65 -1
0.1 66 67 -1
0.1 157 68 -1
0.1 156 158 -1
0.1 69 70 -1
0.1 159 160 -1
0.1 71 72 -1
0.1 74 75 -1
0.1 73 163 -1
0.1 164 76 -1
0.1 162 165 -1
0.1 78 79 -1
0.1 77 167 -1
0.1 166 168 -1
0.1 81 82 -1
0.1 80 170 -1
0.1 83 84 -1
0.1 86 87 -1
0.1 85 173 -1
0.1 88 89 -1
0.1 174 175 -1
0.1 172 176 -1
0.1 171 177 -1
0.1 169 178 -1
0.1 179 90 -1
0.1 161 180 -1
0.1 155 181 -1
0.1 153 182 -1
0.1 144 183 -1
0.1 143 184 -1
0.1 93 94 -1
0.1 92 186 -1
0.1 91 187 -1
0.1 97 98 -1
0.1 96 189 -1
0.1 99 100 -1
0.1 190 191 -1
0.1 95 192 -1
0.1 188 193 -1
0.1 185 194 -1
0.1 141 195 -1
0.1 137 196 -1
0.1 38 197 -1
0.1 136 198 -1
