1 0 0 1
1 0 0 1
1 0 0 1
1 0 0 1
1 0 0 1
1 0 0 1
1 0 0 2
1 0 0 3
1 0 0 3
1 0 0 3
1 0 0 3
1 0 0 3
1 0 0 3
1 0 0 3
1 0 0 3
1 0 0 3
1 0 0 3
1 0 0 4
1 0 0 4
1 0 0 4
1 0 0 4
1 0 0 4
1 0 0 4
1 0 0 4
1 0 0 4
1 0 0 4
1 0 0 4
1 0 0 5
1 0 0 5
1 0 0 5
1 0 0 5
1 0 0 5
1 0 0 5
1 0 0 5
1 0 0 5
1 0 0 5
1 0 0 6
1 0 0 6
1 0 0 6
1 0 0 6
1 0 0 6
1 0 0 6
1 0 0 6
1 0 0 6
1 0 0 6
1 0 0 6
1 0 0 5
1 0 0 2
1 0 0 2
1 0 0 2
1 0 0 7
1 0 0 7
1 0 0 7
1 0 0 7
1 0 0 7
1 0 0 7
1 0 0 7
1 0 0 7
1 0 0 7
1 0 0 7
1 0 0 2
1 0 0 2
1 0 0 2
1 0 0 2
1 0 0 2
1 0 0 2
1 0 0 8
1 0 0 8
1 0 0 8
1 0 0 8
1 0 0 8
1 0 0 8
1 0 0 8
1 0 0 8
1 0 0 8
1 0 0 8
1 0 0 9
1 0 0 9
1 0 0 9
1 0 0 9
1 0 0 9
1 0 0 9
1 0 0 9
1 0 0 9
1 0 0 9
1 0 0 9
1 0 0 10
1 0 0 10
1 0 0 10
1 0 0 10
1 0 0 10
1 0 0 10
1 0 0 10
1 0 0 10
1 0 0 10
1 0 0 10
1 0 0 1
1 0 0 1
1 0 0 1
1 0 0 1
0.1 2 3 -1
0.1 1 101 -1
0.1 5 6 -1
0.1 8 9 -1
0.1 10 11 -1
0.1 13 14 -1
0.1 15 16 -1
0.1 107 17 -1
0.1 106 108 -1
0.1 12 109 -1
0.1 105 110 -1
0.1 104 111 -1
0.1 18 19 -1
0.1 113 20 -1
0.1 21 22 -1
0.1 23 24 -1
0.1 116 25 -1
0.1 115 117 -1
0.1 26 27 -1
0.1 118 119 -1
0.1 114 120 -1
0.1 31 32 -1
0.1 122 33 -1
0.1 30 123 -1
0.1 29 124 -1
0.1 28 125 -1
0.1 35 36 -1
0.1 34 127 -1
0.1 126 128 -1
0.1 38 39 -1
0.1 37 130 -1
0.1 40 41 -1
0.1 43 44 -1
0.1 42 133 -1
0.1 45 46 -1
0.1 134 135 -1
0.1 132 136 -1
0.1 131 137 -1
0.1 129 138 -1
0.1 139 47 -1
0.1 121 140 -1
0.1 112 141 -1
0.1 48 49 -1
0.1 142 143 -1
0.1 144 50 -1
0.1 53 54 -1
0.1 52 146 -1
0.1 51 147 -1
0.1 57 58 -1
0.1 56 149 -1
0.1 59 60 -1
0.1 150 151 -1
0.1 55 152 -1
0.1 148 153 -1
0.1 145 154 -1
0.1 155 61 -1
0.1 7 156 -1
0.1 62 63 -1
0.1 158 64 -1
0.1 65 66 -1
0.1 159 160 -1
0.1 157 161 -1
0.1 103 162 -1
0.1 4 163 -1
0.1 102 164 -1
0.1 72 73 -1
0.1 166 74 -1
0.1 71 167 -1
0.1 70 168 -1
0.1 169 75 -1
0.1 170 76 -1
0.1 69 171 -1
0.1 68 172 -1
0.1 67 173 -1
0.1 77 78 -1
0.1 79 80 -1
0.1 175 176 -1
0.1 82 83 -1
0.1 81 178 -1
0.1 84 85 -1
0.1 179 180 -1
0.1 177 181 -1
0.1 182 86 -1
0.1 174 183 -1
0.1 88 89 -1
0.1 87 185 -1
0.1 90 91 -1
0.1 92 93 -1
0.1 94 95 -1
0.1 188 189 -1
0.1 187 190 -1
0.1 191 96 -1
0.1 186 192 -1
0.1 98 99 -1
0.1 97 194 -1
0.1 193 195 -1
0.1 184 196 -1
0.1 197 100 -1
0.1 165 198 -1
