1 0 0 1
1 0 0 1
1 0 0 1
1 0 0 1
1 0 0 1
1 0 0 1
1 0 0 1
1 0 0 1
1 0 0 1
1 0 0 1
1 0 0 2
1 0 0 2
1 0 0 2
1 0 0 2
1 0 0 2
1 0 0 2
1 0 0 2
1 0 0 2
1 0 0 2
1 0 0 2
1 0 0 3
1 0 0 3
1 0 0 3
1 0 0 3
1 0 0 3
1 0 0 3
1 0 0 3
1 0 0 3
1 0 0 3
1 0 0 3
1 0 0 4
1 0 0 4
1 0 0 4
1 0 0 5
1 0 0 5
1 0 0 5
1 0 0 5
1 0 0 5
1 0 0 5
1 0 0 5
1 0 0 5
1 0 0 5
1 0 0 5
1 0 0 4
1 0 0 4
1 0 0 4
1 0 0 4
1 0 0 4
1 0 0 4
1 0 0 4
1 0 0 6
1 0 0 6
1 0 0 6
1 0 0 6
1 0 0 6
1 0 0 6
1 0 0 6
1 0 0 6
1 0 0 6
1 0 0 6
1 0 0 7
1 0 0 7
1 0 0 7
1 0 0 7
1 0 0 7
1 0 0 7
1 0 0 7
1 0 0 7
1 0 0 7
1 0 0 8
1 0 0 8
1 0 0 9
1 0 0 9
1 0 0 7
1 0 0 9
1 0 0 9
1 0 0 9
1 0 0 9
1 0 0 9
1 0 0 9
1 0 0 9
1 0 0 9
1 0 0 8
1 0 0 8
1 0 0 8
1 0 0 8
1 0 0 8
1 0 0 8
1 0 0 8
1 0 0 8
0.1 1 2 -1
0.1 91 3 -1
0.1 4 5 -1
0.1 92 93 -1
0.1 94 6 -1
0.1 7 8 -1
0.1 96 9 -1
0.1 95 97 -1
0.1 98 10 -1
0.1 11 12 -1
0.1 13 14 -1
0.1 100 101 -1
0.1 16 17 -1
0.1 19 20 -1
0.1 18 104 -1
0.1 103 105 -1
0.1 15 106 -1
0.1 102 107 -1
0.1 21 22 -1
0.1 23 24 -1
0.1 26 27 -1
0.1 25 111 -1
0.1 29 30 -1
0.1 28 113 -1
0.1 112 114 -1
0.1 110 115 -1
0.1 109 116 -1
0.1 108 117 -1
0.1 36 37 -1
0.1 119 38 -1
0.1 35 120 -1
0.1 34 121 -1
0.1 122 39 -1
0.1 42 43 -1
0.1 41 124 -1
0.1 40 125 -1
0.1 123 126 -1
0.1 127 44 -1
0.1 46 47 -1
0.1 48 49 -1
0.1 129 130 -1
0.1 45 131 -1
0.1 128 132 -1
0.1 33 133 -1
0.1 134 50 -1
0.1 32 135 -1
0.1 31 136 -1
0.1 118 137 -1
0.1 99 138 -1
0.1 51 52 -1
0.1 140 53 -1
0.1 141 54 -1
0.1 142 55 -1
0.1 56 57 -1
0.1 143 144 -1
0.1 58 59 -1
0.1 146 60 -1
0.1 145 147 -1
0.1 61 62 -1
0.1 64 65 -1
0.1 150 66 -1
0.1 63 151 -1
0.1 149 152 -1
0.1 67 68 -1
0.1 154 69 -1
0.1 153 155 -1
0.1 74 75 -1
0.1 157 76 -1
0.1 78 79 -1
0.1 77 159 -1
0.1 80 81 -1
0.1 160 161 -1
0.1 158 162 -1
0.1 163 82 -1
0.1 73 164 -1
0.1 72 165 -1
0.1 166 83 -1
0.1 167 84 -1
0.1 85 86 -1
0.1 87 88 -1
0.1 169 170 -1
0.1 171 89 -1
0.1 172 90 -1
0.1 168 173 -1
0.1 71 174 -1
0.1 70 175 -1
0.1 156 176 -1
0.1 148 177 -1
0.1 139 178 -1
