1 0 0 1
1 0 0 1
1 0 0 1
1 0 0 1
1 0 0 1
1 0 0 1
1 0 0 1
1 0 0 1
1 0 0 1
1 0 0 1
1 0 0 2
1 0 0 2
1 0 0 2
1 0 0 2
1 0 0 3
1 0 0 2
1 0 0 4
1 0 0 4
1 0 0 4
1 0 0 4
1 0 0 4
1 0 0 4
1 0 0 4
1 0 0 4
1 0 0 4
1 0 0 4
1 0 0 2
1 0 0 5
1 0 0 5
1 0 0 5
1 0 0 5
1 0 0 5
1 0 0 6
1 0 0 6
1 0 0 6
1 0 0 6
1 0 0 6
1 0 0 6
1 0 0 6
1 0 0 6
1 0 0 6
1 0 0 6
1 0 0 5
1 0 0 5
1 0 0 5
1 0 0 5
1 0 0 5
1 0 0 7
1 0 0 7
1 0 0 7
1 0 0 8
1 0 0 8
1 0 0 8
1 0 0 8
1 0 0 8
1 0 0 8
1 0 0 8
1 0 0 8
1 0 0 8
1 0 0 8
1 0 0 7
1 0 0 7
1 0 0 7
1 0 0 7
1 0 0 7
1 0 0 7
1 0 0 7
1 0 0 9
1 0 0 9
1 0 0 9
1 0 0 9
1 0 0 9
1 0 0 9
1 0 0 9
1 0 0 9
1 0 0 9
1 0 0 9
1 0 0 2
1 0 0 2
1 0 0 2
1 0 0 2
1 0 0 3
1 0 0 3
1 0 0 3
1 0 0 3
1 0 0 10
1 0 0 11
1 0 0 11
1 0 0 11
1 0 0 11
1 0 0 11
1 0 0 11
1 0 0 11
1 0 0 11
1 0 0 11
1 0 0 10
1 0 0 10
1 0 0 10
1 0 0 10
1 0 0 10
1 0 0 3
1 0 0 12
1 0 0 12
1 0 0 12
1 0 0 12
1 0 0 12
1 0 0 12
1 0 0 12
1 0 0 12
1 0 0 12
1 0 0 12
1 0 0 13
1 0 0 13
1 0 0 13
1 0 0 13
1 0 0 13
1 0 0 13
1 0 0 13
1 0 0 13
1 0 0 13
1 0 0 13
1 0 0 10
1 0 0 10
1 0 0 10
1 0 0 10
1 0 0 11
1 0 0 3
1 0 0 3
1 0 0 3
1 0 0 3
0.1 2 3 -1
0.1 1 131 -1
0.1 4 5 -1
0.1 6 7 -1
0.1 133 134 -1
0.1 132 135 -1
0.1 8 9 -1
0.1 137 10 -1
0.1 136 138 -1
0.1 13 14 -1
0.1 12 140 -1
0.1 11 141 -1
0.1 15 16 -1
0.1 17 18 -1
0.1 20 21 -1
0.1 19 145 -1
0.1 22 23 -1
0.1 25 26 -1
0.1 24 148 -1
0.1 147 149 -1
0.1 146 150 -1
0.1 144 151 -1
0.1 28 29 -1
0.1 30 31 -1
0.1 154 32 -1
0.1 34 35 -1
0.1 33 156 -1
0.1 36 37 -1
0.1 157 158 -1
0.1 39 40 -1
0.1 160 41 -1
0.1 161 42 -1
0.1 38 162 -1
0.1 159 163 -1
0.1 155 164 -1
0.1 153 165 -1
0.1 46 47 -1
0.1 45 167 -1
0.1 44 168 -1
0.1 43 169 -1
0.1 166 170 -1
0.1 49 50 -1
0.1 53 54 -1
0.1 52 173 -1
0.1 51 174 -1
0.1 175 55 -1
0.1 57 58 -1
0.1 56 177 -1
0.1 59 60 -1
0.1 178 179 -1
0.1 176 180 -1
0.1 181 61 -1
0.1 172 182 -1
0.1 48 183 -1
0.1 62 63 -1
0.1 66 67 -1
0.1 65 186 -1
0.1 64 187 -1
0.1 185 188 -1
0.1 184 189 -1
0.1 171 190 -1
0.1 68 69 -1
0.1 70 71 -1
0.1 193 72 -1
0.1 192 194 -1
0.1 73 74 -1
0.1 75 76 -1
0.1 197 77 -1
0.1 196 198 -1
0.1 195 199 -1
0.1 191 200 -1
0.1 201 78 -1
0.1 27 202 -1
0.1 203 79 -1
0.1 80 81 -1
0.1 204 205 -1
0.1 152 206 -1
0.1 143 207 -1
0.1 142 208 -1
0.1 139 209 -1
0.1 83 84 -1
0.1 82 211 -1
0.1 212 85 -1
0.1 87 88 -1
0.1 91 92 -1
0.1 90 215 -1
0.1 89 216 -1
0.1 94 95 -1
0.1 93 218 -1
0.1 217 219 -1
0.1 98 99 -1
0.1 221 100 -1
0.1 97 222 -1
0.1 96 223 -1
0.1 102 103 -1
0.1 225 104 -1
0.1 105 106 -1
0.1 107 108 -1
0.1 110 111 -1
0.1 109 229 -1
0.1 228 230 -1
0.1 227 231 -1
0.1 226 232 -1
0.1 114 115 -1
0.1 113 234 -1
0.1 112 235 -1
0.1 116 117 -1
0.1 237 118 -1
0.1 236 238 -1
0.1 119 120 -1
0.1 240 121 -1
0.1 239 241 -1
0.1 124 125 -1
0.1 123 243 -1
0.1 122 244 -1
0.1 242 245 -1
0.1 233 246 -1
0.1 101 247 -1
0.1 224 248 -1
0.1 220 249 -1
0.1 250 126 -1
0.1 214 251 -1
0.1 86 252 -1
0.1 128 129 -1
0.1 127 254 -1
0.1 253 255 -1
0.1 256 130 -1
0.1 213 257 -1
0.1 210 258 -1
