1 0 0 1
1 0 0 1
1 0 0 1
1 0 0 1
1 0 0 1
1 0 0 1
1 0 0 1
1 0 0 1
1 0 0 1
1 0 0 1
1 0 0 2
1 0 0 3
1 0 0 3
1 0 0 4
1 0 0 4
1 0 0 4
1 0 0 4
1 0 0 4
1 0 0 4
1 0 0 4
1 0 0 4
1 0 0 4
1 0 0 4
1 0 0 3
1 0 0 3
1 0 0 3
1 0 0 3
1 0 0 3
1 0 0 3
1 0 0 3
1 0 0 3
1 0 0 5
1 0 0 5
1 0 0 5
1 0 0 5
1 0 0 6
1 0 0 6
1 0 0 6
1 0 0 6
1 0 0 6
1 0 0 6
1 0 0 6
1 0 0 6
1 0 0 6
1 0 0 6
1 0 0 7
1 0 0 7
1 0 0 7
1 0 0 7
1 0 0 7
1 0 0 7
1 0 0 7
1 0 0 7
1 0 0 7
1 0 0 7
1 0 0 8
1 0 0 8
1 0 0 8
1 0 0 8
1 0 0 8
1 0 0 8
1 0 0 8
1 0 0 8
1 0 0 8
1 0 0 8
1 0 0 5
1 0 0 5
1 0 0 5
1 0 0 9
1 0 0 9
1 0 0 9
1 0 0 10
1 0 0 10
1 0 0 10
1 0 0 11
1 0 0 10
1 0 0 11
1 0 0 11
1 0 0 11
1 0 0 11
1 0 0 11
1 0 0 11
1 0 0 11
1 0 0 11
1 0 0 11
1 0 0 12
1 0 0 12
1 0 0 12
1 0 0 12
1 0 0 12
1 0 0 12
1 0 0 12
1 0 0 12
1 0 0 12
1 0 0 12
1 0 0 5
1 0 0 5
1 0 0 13
1 0 0 13
1 0 0 13
1 0 0 13
1 0 0 13
1 0 0 13
1 0 0 13
1 0 0 13
1 0 0 13
1 0 0 13
1 0 0 5
1 0 0 14
1 0 0 14
1 0 0 14
1 0 0 14
1 0 0 14
1 0 0 14
1 0 0 14
1 0 0 14
1 0 0 14
1 0 0 14
1 0 0 9
1 0 0 9
1 0 0 9
1 0 0 9
1 0 0 9
1 0 0 15
1 0 0 15
1 0 0 15
1 0 0 15
1 0 0 15
1 0 0 15
1 0 0 15
1 0 0 15
1 0 0 15
1 0 0 15
1 0 0 9
1 0 0 9
1 0 0 16
1 0 0 16
1 0 0 16
1 0 0 16
1 0 0 16
1 0 0 16
1 0 0 16
1 0 0 16
1 0 0 16
1 0 0 16
1 0 0 17
1 0 0 17
1 0 0 17
1 0 0 17
1 0 0 17
1 0 0 17
1 0 0 17
1 0 0 17
1 0 0 18
1 0 0 18
1 0 0 18
1 0 0 19
1 0 0 18
1 0 0 18
1 0 0 18
1 0 0 18
1 0 0 18
1 0 0 18
1 0 0 18
1 0 0 20
1 0 0 20
1 0 0 20
1 0 0 20
1 0 0 20
1 0 0 20
1 0 0 20
1 0 0 20
1 0 0 20
1 0 0 20
1 0 0 21
1 0 0 21
1 0 0 21
1 0 0 21
1 0 0 21
1 0 0 21
1 0 0 21
1 0 0 21
1 0 0 21
1 0 0 21
1 0 0 19
1 0 0 19
1 0 0 19
1 0 0 19
1 0 0 19
1 0 0 19
1 0 0 22
1 0 0 22
1 0 0 22
1 0 0 22
1 0 0 22
1 0 0 22
1 0 0 22
1 0 0 22
1 0 0 22
1 0 0 23
1 0 0 23
1 0 0 23
1 0 0 23
1 0 0 23
1 0 0 23
1 0 0 23
1 0 0 23
1 0 0 23
1 0 0 23
1 0 0 22
1 0 0 19
1 0 0 19
1 0 0 19
1 0 0 24
1 0 0 24
1 0 0 24
1 0 0 24
1 0 0 24
1 0 0 24
1 0 0 24
1 0 0 24
1 0 0 24
1 0 0 24
1 0 0 25
1 0 0 25
1 0 0 25
1 0 0 25
1 0 0 25
1 0 0 25
1 0 0 26
1 0 0 26
1 0 0 26
1 0 0 27
1 0 0 28
1 0 0 28
1 0 0 28
1 0 0 28
1 0 0 28
1 0 0 28
1 0 0 28
1 0 0 28
1 0 0 28
1 0 0 28
1 0 0 26
1 0 0 26
1 0 0 26
1 0 0 26
1 0 0 26
1 0 0 26
1 0 0 25
1 0 0 25
1 0 0 25
1 0 0 25
1 0 0 26
1 0 0 10
1 0 0 10
1 0 0 27
1 0 0 27
1 0 0 27
1 0 0 29
1 0 0 29
1 0 0 29
1 0 0 29
1 0 0 29
1 0 0 29
1 0 0 29
1 0 0 29
1 0 0 29
1 0 0 29
1 0 0 27
1 0 0 2
1 0 0 30
1 0 0 30
1 0 0 10
1 0 0 2
1 0 0 2
1 0 0 2
1 0 0 2
1 0 0 2
1 0 0 30
1 0 0 30
1 0 0 30
1 0 0 30
1 0 0 30
1 0 0 2
1 0 0 2
1 0 0 2
1 0 0 10
1 0 0 31
1 0 0 31
1 0 0 31
1 0 0 31
1 0 0 31
1 0 0 32
1 0 0 32
1 0 0 32
1 0 0 33
1 0 0 33
1 0 0 33
1 0 0 33
1 0 0 33
1 0 0 33
1 0 0 33
1 0 0 33
1 0 0 33
1 0 0 33
1 0 0 34
1 0 0 34
1 0 0 34
1 0 0 34
1 0 0 34
1 0 0 35
1 0 0 35
1 0 0 35
1 0 0 35
1 0 0 35
1 0 0 35
1 0 0 35
1 0 0 35
1 0 0 35
1 0 0 35
1 0 0 34
1 0 0 34
1 0 0 34
1 0 0 32
1 0 0 32
1 0 0 32
1 0 0 34
1 0 0 34
1 0 0 32
1 0 0 36
1 0 0 36
1 0 0 36
1 0 0 36
1 0 0 36
1 0 0 37
1 0 0 37
1 0 0 37
1 0 0 38
1 0 0 38
1 0 0 38
1 0 0 38
1 0 0 38
1 0 0 38
1 0 0 38
1 0 0 38
1 0 0 38
1 0 0 38
1 0 0 37
1 0 0 37
1 0 0 37
1 0 0 37
1 0 0 37
1 0 0 37
1 0 0 37
1 0 0 36
1 0 0 36
1 0 0 36
1 0 0 36
1 0 0 39
1 0 0 39
1 0 0 39
1 0 0 39
1 0 0 39
1 0 0 39
1 0 0 39
1 0 0 39
1 0 0 39
1 0 0 39
1 0 0 36
1 0 0 32
1 0 0 32
1 0 0 32
1 0 0 31
1 0 0 31
1 0 0 31
1 0 0 31
1 0 0 31
1 0 0 30
1 0 0 30
1 0 0 30
1 0 0 17
1 0 0 17
1 0 0 10
1 0 0 40
1 0 0 40
1 0 0 40
1 0 0 40
1 0 0 40
1 0 0 40
1 0 0 40
1 0 0 40
1 0 0 40
1 0 0 40
1 0 0 41
1 0 0 41
1 0 0 41
1 0 0 41
1 0 0 41
1 0 0 41
1 0 0 27
1 0 0 27
1 0 0 27
1 0 0 27
1 0 0 27
1 0 0 41
1 0 0 41
1 0 0 41
1 0 0 41
1 0 0 42
1 0 0 42
1 0 0 42
1 0 0 42
1 0 0 42
1 0 0 42
1 0 0 42
1 0 0 42
1 0 0 42
1 0 0 42
1 0 0 43
1 0 0 43
1 0 0 43
1 0 0 43
1 0 0 43
1 0 0 43
1 0 0 43
1 0 0 43
1 0 0 43
1 0 0 43
1 0 0 44
1 0 0 44
1 0 0 44
1 0 0 44
1 0 0 44
1 0 0 44
1 0 0 44
1 0 0 44
1 0 0 44
1 0 0 44
1 0 0 10
0.1 2 3 -1
0.1 4 5 -1
0.1 6 7 -1
0.1 442 443 -1
0.1 8 9 -1
0.1 444 445 -1
0.1 441 446 -1
0.1 447 10 -1
0.1 1 448 -1
0.1 16 17 -1
0.1 15 450 -1
0.1 18 19 -1
0.1 20 21 -1
0.1 22 23 -1
0.1 453 454 -1
0.1 452 455 -1
0.1 25 26 -1
0.1 24 457 -1
0.1 456 458 -1
0.1 451 459 -1
0.1 14 460 -1
0.1 13 461 -1
0.1 12 462 -1
0.1 27 28 -1
0.1 464 29 -1
0.1 465 30 -1
0.1 463 466 -1
0.1 467 31 -1
0.1 11 468 -1
0.1 32 33 -1
0.1 470 34 -1
0.1 39 40 -1
0.1 38 472 -1
0.1 41 42 -1
0.1 473 474 -1
0.1 44 45 -1
0.1 43 476 -1
0.1 475 477 -1
0.1 37 478 -1
0.1 36 479 -1
0.1 35 480 -1
0.1 471 481 -1
0.1 49 50 -1
0.1 48 483 -1
0.1 51 52 -1
0.1 53 54 -1
0.1 485 486 -1
0.1 484 487 -1
0.1 57 58 -1
0.1 59 60 -1
0.1 489 490 -1
0.1 491 61 -1
0.1 492 62 -1
0.1 493 63 -1
0.1 56 494 -1
0.1 64 65 -1
0.1 495 496 -1
0.1 55 497 -1
0.1 488 498 -1
0.1 47 499 -1
0.1 46 500 -1
0.1 482 501 -1
0.1 66 67 -1
0.1 502 503 -1
0.1 504 68 -1
0.1 70 71 -1
0.1 69 506 -1
0.1 72 73 -1
0.1 508 74 -1
0.1 76 77 -1
0.1 79 80 -1
0.1 78 511 -1
0.1 512 81 -1
0.1 510 513 -1
0.1 75 514 -1
0.1 83 84 -1
0.1 82 516 -1
0.1 517 85 -1
0.1 515 518 -1
0.1 509 519 -1
0.1 507 520 -1
0.1 86 87 -1
0.1 88 89 -1
0.1 90 91 -1
0.1 92 93 -1
0.1 524 525 -1
0.1 523 526 -1
0.1 522 527 -1
0.1 94 95 -1
0.1 528 529 -1
0.1 530 96 -1
0.1 100 101 -1
0.1 532 102 -1
0.1 99 533 -1
0.1 534 103 -1
0.1 535 104 -1
0.1 536 105 -1
0.1 537 106 -1
0.1 538 107 -1
0.1 98 539 -1
0.1 540 108 -1
0.1 97 541 -1
0.1 531 542 -1
0.1 521 543 -1
0.1 110 111 -1
0.1 112 113 -1
0.1 546 114 -1
0.1 117 118 -1
0.1 116 548 -1
0.1 115 549 -1
0.1 547 550 -1
0.1 545 551 -1
0.1 109 552 -1
0.1 120 121 -1
0.1 119 554 -1
0.1 122 123 -1
0.1 555 556 -1
0.1 553 557 -1
0.1 544 558 -1
0.1 125 126 -1
0.1 127 128 -1
0.1 560 561 -1
0.1 124 562 -1
0.1 563 129 -1
0.1 564 130 -1
0.1 131 132 -1
0.1 566 133 -1
0.1 565 567 -1
0.1 559 568 -1
0.1 134 135 -1
0.1 569 570 -1
0.1 505 571 -1
0.1 469 572 -1
0.1 449 573 -1
0.1 136 137 -1
0.1 138 139 -1
0.1 140 141 -1
0.1 576 577 -1
0.1 575 578 -1
0.1 579 142 -1
0.1 580 143 -1
0.1 581 144 -1
0.1 582 145 -1
0.1 149 150 -1
0.1 148 584 -1
0.1 147 585 -1
0.1 146 586 -1
0.1 151 152 -1
0.1 588 153 -1
0.1 587 589 -1
0.1 583 590 -1
0.1 154 155 -1
0.1 592 156 -1
0.1 161 162 -1
0.1 160 594 -1
0.1 595 163 -1
0.1 159 596 -1
0.1 158 597 -1
0.1 598 164 -1
0.1 157 599 -1
0.1 593 600 -1
0.1 167 168 -1
0.1 166 602 -1
0.1 165 603 -1
0.1 170 171 -1
0.1 605 172 -1
0.1 169 606 -1
0.1 173 174 -1
0.1 607 608 -1
0.1 604 609 -1
0.1 175 176 -1
0.1 611 177 -1
0.1 178 179 -1
0.1 181 182 -1
0.1 180 614 -1
0.1 613 615 -1
0.1 183 184 -1
0.1 616 617 -1
0.1 612 618 -1
0.1 610 619 -1
0.1 185 186 -1
0.1 187 188 -1
0.1 621 622 -1
0.1 623 189 -1
0.1 624 190 -1
0.1 192 193 -1
0.1 197 198 -1
0.1 196 627 -1
0.1 195 628 -1
0.1 194 629 -1
0.1 626 630 -1
0.1 191 631 -1
0.1 200 201 -1
0.1 203 204 -1
0.1 202 634 -1
0.1 206 207 -1
0.1 205 636 -1
0.1 637 208 -1
0.1 638 209 -1
0.1 635 639 -1
0.1 633 640 -1
0.1 199 641 -1
0.1 632 642 -1
0.1 625 643 -1
0.1 644 210 -1
0.1 620 645 -1
0.1 601 646 -1
0.1 211 212 -1
0.1 648 213 -1
0.1 647 649 -1
0.1 591 650 -1
0.1 214 215 -1
0.1 217 218 -1
0.1 653 219 -1
0.1 654 220 -1
0.1 655 221 -1
0.1 216 656 -1
0.1 652 657 -1
0.1 222 223 -1
0.1 658 659 -1
0.1 226 227 -1
0.1 225 661 -1
0.1 662 228 -1
0.1 663 229 -1
0.1 224 664 -1
0.1 230 231 -1
0.1 666 232 -1
0.1 235 236 -1
0.1 234 668 -1
0.1 238 239 -1
0.1 237 670 -1
0.1 669 671 -1
0.1 233 672 -1
0.1 240 241 -1
0.1 673 674 -1
0.1 242 243 -1
0.1 675 676 -1
0.1 667 677 -1
0.1 244 245 -1
0.1 247 248 -1
0.1 246 680 -1
0.1 679 681 -1
0.1 682 249 -1
0.1 678 683 -1
0.1 665 684 -1
0.1 252 253 -1
0.1 251 686 -1
0.1 250 687 -1
0.1 688 254 -1
0.1 685 689 -1
0.1 255 256 -1
0.1 690 691 -1
0.1 660 692 -1
0.1 651 693 -1
0.1 574 694 -1
0.1 258 259 -1
0.1 257 696 -1
0.1 261 262 -1
0.1 263 264 -1
0.1 699 265 -1
0.1 698 700 -1
0.1 701 266 -1
0.1 702 267 -1
0.1 268 269 -1
0.1 703 704 -1
0.1 260 705 -1
0.1 706 270 -1
0.1 697 707 -1
0.1 272 273 -1
0.1 271 709 -1
0.1 275 276 -1
0.1 274 711 -1
0.1 278 279 -1
0.1 277 713 -1
0.1 712 714 -1
0.1 710 715 -1
0.1 282 283 -1
0.1 281 717 -1
0.1 280 718 -1
0.1 719 284 -1
0.1 716 720 -1
0.1 285 286 -1
0.1 722 287 -1
0.1 723 288 -1
0.1 289 290 -1
0.1 295 296 -1
0.1 294 726 -1
0.1 299 300 -1
0.1 298 728 -1
0.1 301 302 -1
0.1 729 730 -1
0.1 297 731 -1
0.1 304 305 -1
0.1 303 733 -1
0.1 732 734 -1
0.1 735 306 -1
0.1 307 308 -1
0.1 310 311 -1
0.1 309 738 -1
0.1 313 314 -1
0.1 312 740 -1
0.1 315 316 -1
0.1 741 742 -1
0.1 743 317 -1
0.1 318 319 -1
0.1 745 320 -1
0.1 746 321 -1
0.1 744 747 -1
0.1 739 748 -1
0.1 737 749 -1
0.1 736 750 -1
0.1 751 322 -1
0.1 323 324 -1
0.1 752 753 -1
0.1 326 327 -1
0.1 325 755 -1
0.1 328 329 -1
0.1 756 757 -1
0.1 754 758 -1
0.1 334 335 -1
0.1 333 760 -1
0.1 337 338 -1
0.1 336 762 -1
0.1 339 340 -1
0.1 764 341 -1
0.1 342 343 -1
0.1 344 345 -1
0.1 767 346 -1
0.1 766 768 -1
0.1 347 348 -1
0.1 769 770 -1
0.1 765 771 -1
0.1 763 772 -1
0.1 352 353 -1
0.1 351 774 -1
0.1 354 355 -1
0.1 775 776 -1
0.1 350 777 -1
0.1 349 778 -1
0.1 773 779 -1
0.1 780 356 -1
0.1 781 357 -1
0.1 761 782 -1
0.1 332 783 -1
0.1 331 784 -1
0.1 785 358 -1
0.1 361 362 -1
0.1 363 364 -1
0.1 365 366 -1
0.1 789 367 -1
0.1 788 790 -1
0.1 791 368 -1
0.1 787 792 -1
0.1 793 369 -1
0.1 360 794 -1
0.1 359 795 -1
0.1 786 796 -1
0.1 797 370 -1
0.1 330 798 -1
0.1 759 799 -1
0.1 371 372 -1
0.1 800 801 -1
0.1 802 373 -1
0.1 727 803 -1
0.1 375 376 -1
0.1 374 805 -1
0.1 806 377 -1
0.1 807 378 -1
0.1 804 808 -1
0.1 293 809 -1
0.1 292 810 -1
0.1 291 811 -1
0.1 725 812 -1
0.1 724 813 -1
0.1 721 814 -1
0.1 380 381 -1
0.1 379 816 -1
0.1 382 383 -1
0.1 817 818 -1
0.1 815 819 -1
0.1 386 387 -1
0.1 388 389 -1
0.1 821 822 -1
0.1 385 823 -1
0.1 390 391 -1
0.1 392 393 -1
0.1 826 394 -1
0.1 825 827 -1
0.1 824 828 -1
0.1 384 829 -1
0.1 820 830 -1
0.1 708 831 -1
0.1 395 396 -1
0.1 399 400 -1
0.1 401 402 -1
0.1 403 404 -1
0.1 836 405 -1
0.1 835 837 -1
0.1 838 406 -1
0.1 407 408 -1
0.1 839 840 -1
0.1 841 409 -1
0.1 834 842 -1
0.1 398 843 -1
0.1 397 844 -1
0.1 833 845 -1
0.1 832 846 -1
0.1 410 411 -1
0.1 414 415 -1
0.1 413 849 -1
0.1 412 850 -1
0.1 848 851 -1
0.1 416 417 -1
0.1 852 853 -1
0.1 854 418 -1
0.1 855 419 -1
0.1 421 422 -1
0.1 857 423 -1
0.1 858 424 -1
0.1 420 859 -1
0.1 425 426 -1
0.1 860 861 -1
0.1 428 429 -1
0.1 427 863 -1
0.1 862 864 -1
0.1 856 865 -1
0.1 847 866 -1
0.1 430 431 -1
0.1 433 434 -1
0.1 869 435 -1
0.1 870 436 -1
0.1 432 871 -1
0.1 872 437 -1
0.1 873 438 -1
0.1 874 439 -1
0.1 868 875 -1
0.1 876 440 -1
0.1 867 877 -1
0.1 695 878 -1
