1 0 0 1
1 0 0 1
1 0 0 1
1 0 0 1
1 0 0 2
1 0 0 2
1 0 0 2
1 0 0 2
1 0 0 2
1 0 0 2
1 0 0 3
1 0 0 3
1 0 0 3
1 0 0 3
1 0 0 3
1 0 0 3
1 0 0 3
1 0 0 3
1 0 0 3
1 0 0 3
1 0 0 2
1 0 0 2
1 0 0 2
1 0 0 2
1 0 0 1
1 0 0 1
1 0 0 1
1 0 0 1
1 0 0 1
1 0 0 1
1 0 0 4
1 0 0 4
1 0 0 5
1 0 0 5
1 0 0 5
1 0 0 6
1 0 0 6
1 0 0 5
1 0 0 5
1 0 0 5
1 0 0 5
1 0 0 5
1 0 0 5
1 0 0 5
1 0 0 7
1 0 0 7
1 0 0 7
1 0 0 7
1 0 0 7
1 0 0 7
1 0 0 7
1 0 0 7
1 0 0 7
1 0 0 7
1 0 0 4
1 0 0 8
1 0 0 8
1 0 0 8
1 0 0 8
1 0 0 8
1 0 0 8
1 0 0 8
1 0 0 8
1 0 0 8
1 0 0 8
1 0 0 9
1 0 0 9
1 0 0 4
1 0 0 6
1 0 0 9
1 0 0 6
1 0 0 6
1 0 0 9
1 0 0 9
1 0 0 9
1 0 0 9
1 0 0 6
1 0 0 6
1 0 0 6
1 0 0 9
1 0 0 9
1 0 0 9
1 0 0 6
1 0 0 10
1 0 0 10
1 0 0 10
1 0 0 10
1 0 0 10
1 0 0 6
1 0 0 11
1 0 0 11
1 0 0 11
1 0 0 11
1 0 0 11
1 0 0 11
1 0 0 11
1 0 0 11
1 0 0 11
1 0 0 11
1 0 0 10
1 0 0 10
1 0 0 10
1 0 0 10
1 0 0 10
1 0 0 4
1 0 0 12
1 0 0 12
1 0 0 12
1 0 0 12
1 0 0 12
1 0 0 12
1 0 0 12
1 0 0 12
1 0 0 12
1 0 0 12
1 0 0 13
1 0 0 14
1 0 0 14
1 0 0 14
1 0 0 14
1 0 0 14
1 0 0 14
1 0 0 14
1 0 0 14
1 0 0 14
1 0 0 14
1 0 0 15
1 0 0 15
1 0 0 16
1 0 0 16
1 0 0 16
1 0 0 16
1 0 0 16
1 0 0 16
1 0 0 16
1 0 0 16
1 0 0 16
1 0 0 15
1 0 0 15
1 0 0 15
1 0 0 13
1 0 0 17
1 0 0 17
1 0 0 17
1 0 0 17
1 0 0 17
1 0 0 17
1 0 0 17
1 0 0 17
1 0 0 17
1 0 0 17
1 0 0 13
1 0 0 13
1 0 0 18
1 0 0 18
1 0 0 18
1 0 0 18
1 0 0 18
1 0 0 13
1 0 0 18
1 0 0 18
1 0 0 19
1 0 0 19
1 0 0 19
1 0 0 19
1 0 0 19
1 0 0 19
1 0 0 19
1 0 0 19
1 0 0 19
1 0 0 19
1 0 0 18
1 0 0 18
1 0 0 18
1 0 0 13
1 0 0 13
1 0 0 13
1 0 0 20
1 0 0 20
1 0 0 20
1 0 0 15
1 0 0 15
1 0 0 15
1 0 0 20
1 0 0 20
1 0 0 20
1 0 0 20
1 0 0 20
1 0 0 20
1 0 0 20
1 0 0 21
1 0 0 21
1 0 0 21
1 0 0 21
1 0 0 21
1 0 0 21
1 0 0 21
1 0 0 21
1 0 0 21
1 0 0 21
1 0 0 13
1 0 0 22
1 0 0 22
1 0 0 22
1 0 0 22
1 0 0 22
1 0 0 22
1 0 0 22
1 0 0 22
1 0 0 22
1 0 0 22
1 0 0 13
1 0 0 16
1 0 0 15
1 0 0 15
1 0 0 23
1 0 0 23
1 0 0 23
1 0 0 23
1 0 0 24
1 0 0 24
1 0 0 24
1 0 0 24
1 0 0 24
1 0 0 24
1 0 0 24
1 0 0 24
1 0 0 24
1 0 0 25
1 0 0 25
1 0 0 25
1 0 0 25
1 0 0 25
1 0 0 25
1 0 0 25
1 0 0 25
1 0 0 25
1 0 0 25
1 0 0 23
1 0 0 23
1 0 0 23
1 0 0 26
1 0 0 27
1 0 0 27
1 0 0 27
1 0 0 27
1 0 0 27
1 0 0 27
1 0 0 27
1 0 0 27
1 0 0 27
1 0 0 27
1 0 0 26
1 0 0 26
1 0 0 26
1 0 0 26
1 0 0 26
1 0 0 26
1 0 0 26
1 0 0 26
1 0 0 26
1 0 0 24
1 0 0 23
1 0 0 28
1 0 0 28
1 0 0 28
1 0 0 28
1 0 0 28
1 0 0 28
1 0 0 28
1 0 0 28
1 0 0 28
1 0 0 28
1 0 0 23
1 0 0 23
1 0 0 29
1 0 0 29
1 0 0 29
1 0 0 29
1 0 0 29
1 0 0 29
1 0 0 29
1 0 0 29
1 0 0 29
1 0 0 29
1 0 0 30
1 0 0 30
1 0 0 30
1 0 0 30
1 0 0 30
1 0 0 30
1 0 0 30
1 0 0 30
1 0 0 30
1 0 0 30
1 0 0 4
1 0 0 4
1 0 0 4
1 0 0 31
1 0 0 31
1 0 0 32
1 0 0 32
1 0 0 33
1 0 0 33
1 0 0 33
1 0 0 33
1 0 0 33
1 0 0 33
1 0 0 33
1 0 0 33
1 0 0 34
1 0 0 34
1 0 0 34
1 0 0 34
1 0 0 34
1 0 0 34
1 0 0 34
1 0 0 34
1 0 0 34
1 0 0 34
1 0 0 35
1 0 0 35
1 0 0 35
1 0 0 35
1 0 0 35
1 0 0 35
1 0 0 36
1 0 0 36
1 0 0 36
1 0 0 36
1 0 0 36
1 0 0 36
1 0 0 36
1 0 0 36
1 0 0 36
1 0 0 36
1 0 0 35
1 0 0 35
1 0 0 35
1 0 0 35
1 0 0 37
1 0 0 37
1 0 0 37
1 0 0 37
1 0 0 37
1 0 0 37
1 0 0 37
1 0 0 37
1 0 0 37
1 0 0 4
1 0 0 37
1 0 0 4
1 0 0 38
1 0 0 38
1 0 0 38
1 0 0 38
1 0 0 38
1 0 0 38
1 0 0 38
1 0 0 39
1 0 0 39
1 0 0 39
1 0 0 39
1 0 0 39
1 0 0 39
1 0 0 39
1 0 0 39
1 0 0 39
1 0 0 39
1 0 0 38
1 0 0 38
1 0 0 38
1 0 0 40
1 0 0 40
1 0 0 41
1 0 0 41
1 0 0 41
1 0 0 41
1 0 0 41
1 0 0 41
1 0 0 41
1 0 0 41
1 0 0 41
1 0 0 41
1 0 0 40
1 0 0 40
1 0 0 40
1 0 0 40
1 0 0 40
1 0 0 42
1 0 0 42
1 0 0 42
1 0 0 42
1 0 0 42
1 0 0 42
1 0 0 42
1 0 0 42
1 0 0 42
1 0 0 42
1 0 0 40
1 0 0 40
1 0 0 40
1 0 0 33
1 0 0 33
1 0 0 43
1 0 0 32
1 0 0 32
1 0 0 32
1 0 0 32
1 0 0 32
1 0 0 32
1 0 0 44
1 0 0 44
1 0 0 44
1 0 0 44
1 0 0 44
1 0 0 44
1 0 0 44
1 0 0 44
1 0 0 44
1 0 0 44
1 0 0 32
1 0 0 32
1 0 0 43
1 0 0 43
1 0 0 43
1 0 0 43
1 0 0 43
1 0 0 43
1 0 0 43
1 0 0 43
1 0 0 43
1 0 0 31
1 0 0 31
1 0 0 31
1 0 0 31
1 0 0 31
1 0 0 31
1 0 0 31
1 0 0 31
0.1 2 3 -1
0.1 9 10 -1
0.1 8 442 -1
0.1 7 443 -1
0.1 6 444 -1
0.1 5 445 -1
0.1 11 12 -1
0.1 13 14 -1
0.1 16 17 -1
0.1 15 449 -1
0.1 18 19 -1
0.1 450 451 -1
0.1 448 452 -1
0.1 447 453 -1
0.1 454 20 -1
0.1 23 24 -1
0.1 22 456 -1
0.1 21 457 -1
0.1 455 458 -1
0.1 446 459 -1
0.1 25 26 -1
0.1 461 27 -1
0.1 462 28 -1
0.1 460 463 -1
0.1 29 30 -1
0.1 464 465 -1
0.1 4 466 -1
0.1 441 467 -1
0.1 1 468 -1
0.1 31 32 -1
0.1 34 35 -1
0.1 33 471 -1
0.1 36 37 -1
0.1 38 39 -1
0.1 474 40 -1
0.1 475 41 -1
0.1 473 476 -1
0.1 472 477 -1
0.1 42 43 -1
0.1 479 44 -1
0.1 478 480 -1
0.1 470 481 -1
0.1 45 46 -1
0.1 49 50 -1
0.1 484 51 -1
0.1 48 485 -1
0.1 486 52 -1
0.1 47 487 -1
0.1 483 488 -1
0.1 53 54 -1
0.1 489 490 -1
0.1 482 491 -1
0.1 469 492 -1
0.1 56 57 -1
0.1 59 60 -1
0.1 58 495 -1
0.1 62 63 -1
0.1 61 497 -1
0.1 498 64 -1
0.1 499 65 -1
0.1 496 500 -1
0.1 494 501 -1
0.1 55 502 -1
0.1 493 503 -1
0.1 67 68 -1
0.1 69 70 -1
0.1 505 506 -1
0.1 71 72 -1
0.1 507 508 -1
0.1 74 75 -1
0.1 73 510 -1
0.1 509 511 -1
0.1 512 76 -1
0.1 66 513 -1
0.1 78 79 -1
0.1 77 515 -1
0.1 81 82 -1
0.1 80 517 -1
0.1 516 518 -1
0.1 514 519 -1
0.1 520 83 -1
0.1 87 88 -1
0.1 86 522 -1
0.1 91 92 -1
0.1 90 524 -1
0.1 525 93 -1
0.1 94 95 -1
0.1 96 97 -1
0.1 527 528 -1
0.1 98 99 -1
0.1 529 530 -1
0.1 526 531 -1
0.1 532 100 -1
0.1 533 101 -1
0.1 534 102 -1
0.1 89 535 -1
0.1 536 103 -1
0.1 537 104 -1
0.1 523 538 -1
0.1 85 539 -1
0.1 84 540 -1
0.1 521 541 -1
0.1 107 108 -1
0.1 111 112 -1
0.1 544 113 -1
0.1 545 114 -1
0.1 110 546 -1
0.1 547 115 -1
0.1 109 548 -1
0.1 543 549 -1
0.1 106 550 -1
0.1 105 551 -1
0.1 119 120 -1
0.1 118 553 -1
0.1 554 121 -1
0.1 555 122 -1
0.1 124 125 -1
0.1 557 126 -1
0.1 123 558 -1
0.1 556 559 -1
0.1 117 560 -1
0.1 116 561 -1
0.1 130 131 -1
0.1 563 132 -1
0.1 564 133 -1
0.1 135 136 -1
0.1 134 566 -1
0.1 567 137 -1
0.1 565 568 -1
0.1 129 569 -1
0.1 138 139 -1
0.1 570 571 -1
0.1 143 144 -1
0.1 573 145 -1
0.1 146 147 -1
0.1 574 575 -1
0.1 149 150 -1
0.1 148 577 -1
0.1 576 578 -1
0.1 579 151 -1
0.1 142 580 -1
0.1 152 153 -1
0.1 154 155 -1
0.1 157 158 -1
0.1 156 584 -1
0.1 583 585 -1
0.1 586 159 -1
0.1 162 163 -1
0.1 164 165 -1
0.1 167 168 -1
0.1 166 590 -1
0.1 169 170 -1
0.1 591 592 -1
0.1 589 593 -1
0.1 594 171 -1
0.1 588 595 -1
0.1 161 596 -1
0.1 597 172 -1
0.1 160 598 -1
0.1 173 174 -1
0.1 599 600 -1
0.1 587 601 -1
0.1 582 602 -1
0.1 176 177 -1
0.1 175 604 -1
0.1 603 605 -1
0.1 581 606 -1
0.1 141 607 -1
0.1 179 180 -1
0.1 178 609 -1
0.1 608 610 -1
0.1 611 181 -1
0.1 182 183 -1
0.1 612 613 -1
0.1 140 614 -1
0.1 185 186 -1
0.1 184 616 -1
0.1 187 188 -1
0.1 617 618 -1
0.1 189 190 -1
0.1 619 620 -1
0.1 191 192 -1
0.1 622 193 -1
0.1 196 197 -1
0.1 195 624 -1
0.1 625 198 -1
0.1 194 626 -1
0.1 199 200 -1
0.1 627 628 -1
0.1 623 629 -1
0.1 206 207 -1
0.1 631 208 -1
0.1 205 632 -1
0.1 204 633 -1
0.1 203 634 -1
0.1 635 209 -1
0.1 210 211 -1
0.1 636 637 -1
0.1 202 638 -1
0.1 639 212 -1
0.1 201 640 -1
0.1 641 213 -1
0.1 630 642 -1
0.1 621 643 -1
0.1 644 214 -1
0.1 615 645 -1
0.1 572 646 -1
0.1 647 215 -1
0.1 128 648 -1
0.1 127 649 -1
0.1 562 650 -1
0.1 552 651 -1
0.1 542 652 -1
0.1 504 653 -1
0.1 217 218 -1
0.1 216 655 -1
0.1 656 219 -1
0.1 221 222 -1
0.1 223 224 -1
0.1 658 659 -1
0.1 220 660 -1
0.1 661 225 -1
0.1 226 227 -1
0.1 229 230 -1
0.1 234 235 -1
0.1 233 665 -1
0.1 666 236 -1
0.1 667 237 -1
0.1 232 668 -1
0.1 669 238 -1
0.1 231 670 -1
0.1 664 671 -1
0.1 228 672 -1
0.1 663 673 -1
0.1 662 674 -1
0.1 675 239 -1
0.1 240 241 -1
0.1 245 246 -1
0.1 678 247 -1
0.1 244 679 -1
0.1 250 251 -1
0.1 249 681 -1
0.1 248 682 -1
0.1 680 683 -1
0.1 684 252 -1
0.1 243 685 -1
0.1 253 254 -1
0.1 256 257 -1
0.1 255 688 -1
0.1 689 258 -1
0.1 260 261 -1
0.1 259 691 -1
0.1 690 692 -1
0.1 687 693 -1
0.1 686 694 -1
0.1 242 695 -1
0.1 696 262 -1
0.1 263 264 -1
0.1 267 268 -1
0.1 266 699 -1
0.1 700 269 -1
0.1 701 270 -1
0.1 265 702 -1
0.1 698 703 -1
0.1 271 272 -1
0.1 704 705 -1
0.1 706 273 -1
0.1 697 707 -1
0.1 677 708 -1
0.1 676 709 -1
0.1 274 275 -1
0.1 710 711 -1
0.1 657 712 -1
0.1 277 278 -1
0.1 276 714 -1
0.1 279 280 -1
0.1 282 283 -1
0.1 717 284 -1
0.1 718 285 -1
0.1 281 719 -1
0.1 716 720 -1
0.1 715 721 -1
0.1 288 289 -1
0.1 287 723 -1
0.1 290 291 -1
0.1 292 293 -1
0.1 294 295 -1
0.1 726 727 -1
0.1 725 728 -1
0.1 724 729 -1
0.1 286 730 -1
0.1 296 297 -1
0.1 732 298 -1
0.1 731 733 -1
0.1 299 300 -1
0.1 304 305 -1
0.1 303 736 -1
0.1 306 307 -1
0.1 738 308 -1
0.1 737 739 -1
0.1 309 310 -1
0.1 740 741 -1
0.1 312 313 -1
0.1 311 743 -1
0.1 317 318 -1
0.1 316 745 -1
0.1 315 746 -1
0.1 319 320 -1
0.1 747 748 -1
0.1 314 749 -1
0.1 744 750 -1
0.1 323 324 -1
0.1 322 752 -1
0.1 325 326 -1
0.1 327 328 -1
0.1 331 332 -1
0.1 330 756 -1
0.1 757 333 -1
0.1 329 758 -1
0.1 334 335 -1
0.1 760 336 -1
0.1 759 761 -1
0.1 755 762 -1
0.1 763 337 -1
0.1 764 338 -1
0.1 754 765 -1
0.1 766 339 -1
0.1 767 340 -1
0.1 753 768 -1
0.1 321 769 -1
0.1 342 343 -1
0.1 345 346 -1
0.1 344 772 -1
0.1 773 347 -1
0.1 771 774 -1
0.1 348 349 -1
0.1 775 776 -1
0.1 350 351 -1
0.1 777 778 -1
0.1 341 779 -1
0.1 355 356 -1
0.1 781 357 -1
0.1 354 782 -1
0.1 783 358 -1
0.1 353 784 -1
0.1 785 359 -1
0.1 361 362 -1
0.1 360 787 -1
0.1 363 364 -1
0.1 788 789 -1
0.1 367 368 -1
0.1 791 369 -1
0.1 366 792 -1
0.1 365 793 -1
0.1 790 794 -1
0.1 370 371 -1
0.1 796 372 -1
0.1 795 797 -1
0.1 786 798 -1
0.1 352 799 -1
0.1 780 800 -1
0.1 770 801 -1
0.1 373 374 -1
0.1 375 376 -1
0.1 377 378 -1
0.1 804 805 -1
0.1 379 380 -1
0.1 806 807 -1
0.1 381 382 -1
0.1 809 383 -1
0.1 808 810 -1
0.1 811 384 -1
0.1 386 387 -1
0.1 388 389 -1
0.1 813 814 -1
0.1 385 815 -1
0.1 812 816 -1
0.1 393 394 -1
0.1 818 395 -1
0.1 392 819 -1
0.1 391 820 -1
0.1 390 821 -1
0.1 396 397 -1
0.1 823 398 -1
0.1 824 399 -1
0.1 822 825 -1
0.1 817 826 -1
0.1 400 401 -1
0.1 828 402 -1
0.1 827 829 -1
0.1 803 830 -1
0.1 802 831 -1
0.1 751 832 -1
0.1 833 403 -1
0.1 834 404 -1
0.1 835 405 -1
0.1 742 836 -1
0.1 302 837 -1
0.1 408 409 -1
0.1 407 839 -1
0.1 410 411 -1
0.1 413 414 -1
0.1 418 419 -1
0.1 417 843 -1
0.1 416 844 -1
0.1 415 845 -1
0.1 420 421 -1
0.1 846 847 -1
0.1 842 848 -1
0.1 412 849 -1
0.1 850 422 -1
0.1 851 423 -1
0.1 841 852 -1
0.1 840 853 -1
0.1 406 854 -1
0.1 838 855 -1
0.1 301 856 -1
0.1 735 857 -1
0.1 425 426 -1
0.1 424 859 -1
0.1 427 428 -1
0.1 860 861 -1
0.1 429 430 -1
0.1 862 863 -1
0.1 431 432 -1
0.1 864 865 -1
0.1 858 866 -1
0.1 734 867 -1
0.1 434 435 -1
0.1 436 437 -1
0.1 869 870 -1
0.1 438 439 -1
0.1 871 872 -1
0.1 433 873 -1
0.1 874 440 -1
0.1 868 875 -1
0.1 722 876 -1
0.1 713 877 -1
0.1 654 878 -1
