1 0 0 1
1 0 0 2
1 0 0 2
1 0 0 2
1 0 0 2
1 0 0 2
1 0 0 2
1 0 0 2
1 0 0 2
1 0 0 2
1 0 0 2
1 0 0 1
1 0 0 1
1 0 0 1
1 0 0 1
1 0 0 1
1 0 0 1
1 0 0 1
1 0 0 1
1 0 0 1
1 0 0 3
1 0 0 3
1 0 0 3
1 0 0 4
1 0 0 4
1 0 0 4
1 0 0 5
1 0 0 5
1 0 0 5
1 0 0 5
1 0 0 5
1 0 0 5
1 0 0 5
1 0 0 5
1 0 0 5
1 0 0 5
1 0 0 4
1 0 0 4
1 0 0 4
1 0 0 4
1 0 0 6
1 0 0 4
1 0 0 4
1 0 0 3
1 0 0 3
1 0 0 3
1 0 0 3
1 0 0 3
1 0 0 3
1 0 0 3
1 0 0 4
1 0 0 7
1 0 0 8
1 0 0 8
1 0 0 8
1 0 0 8
1 0 0 8
1 0 0 9
1 0 0 9
1 0 0 9
1 0 0 9
1 0 0 9
1 0 0 9
1 0 0 9
1 0 0 10
1 0 0 10
1 0 0 10
1 0 0 10
1 0 0 10
1 0 0 10
1 0 0 10
1 0 0 10
1 0 0 10
1 0 0 10
1 0 0 11
1 0 0 11
1 0 0 11
1 0 0 12
1 0 0 12
1 0 0 12
1 0 0 12
1 0 0 12
1 0 0 12
1 0 0 12
1 0 0 12
1 0 0 12
1 0 0 12
1 0 0 11
1 0 0 11
1 0 0 11
1 0 0 11
1 0 0 13
1 0 0 11
1 0 0 11
1 0 0 11
1 0 0 14
1 0 0 14
1 0 0 14
1 0 0 14
1 0 0 14
1 0 0 14
1 0 0 14
1 0 0 14
1 0 0 14
1 0 0 14
1 0 0 15
1 0 0 15
1 0 0 15
1 0 0 15
1 0 0 15
1 0 0 15
1 0 0 15
1 0 0 15
1 0 0 15
1 0 0 15
1 0 0 13
1 0 0 13
1 0 0 13
1 0 0 13
1 0 0 13
1 0 0 13
1 0 0 13
1 0 0 13
1 0 0 13
1 0 0 8
1 0 0 8
1 0 0 8
1 0 0 8
1 0 0 8
1 0 0 9
1 0 0 9
1 0 0 9
1 0 0 16
1 0 0 16
1 0 0 16
1 0 0 16
1 0 0 16
1 0 0 16
1 0 0 16
1 0 0 16
1 0 0 16
1 0 0 16
1 0 0 17
1 0 0 17
1 0 0 17
1 0 0 17
1 0 0 17
1 0 0 17
1 0 0 17
1 0 0 17
1 0 0 17
1 0 0 17
1 0 0 18
1 0 0 18
1 0 0 7
1 0 0 7
1 0 0 19
1 0 0 20
1 0 0 20
1 0 0 20
1 0 0 20
1 0 0 20
1 0 0 20
1 0 0 21
1 0 0 21
1 0 0 21
1 0 0 21
1 0 0 21
1 0 0 21
1 0 0 21
1 0 0 21
1 0 0 21
1 0 0 21
1 0 0 20
1 0 0 20
1 0 0 20
1 0 0 20
1 0 0 19
1 0 0 19
1 0 0 19
1 0 0 19
1 0 0 19
1 0 0 19
1 0 0 19
1 0 0 19
1 0 0 19
1 0 0 22
1 0 0 22
1 0 0 18
1 0 0 23
1 0 0 23
1 0 0 23
1 0 0 23
1 0 0 22
1 0 0 22
1 0 0 22
1 0 0 22
1 0 0 22
1 0 0 22
1 0 0 22
1 0 0 22
1 0 0 18
1 0 0 18
1 0 0 18
1 0 0 18
1 0 0 18
1 0 0 24
1 0 0 24
1 0 0 24
1 0 0 24
1 0 0 24
1 0 0 24
1 0 0 24
1 0 0 24
1 0 0 24
1 0 0 24
1 0 0 23
1 0 0 23
1 0 0 23
1 0 0 23
1 0 0 23
1 0 0 23
1 0 0 7
1 0 0 7
1 0 0 18
1 0 0 6
1 0 0 6
1 0 0 6
1 0 0 6
1 0 0 25
1 0 0 25
1 0 0 25
1 0 0 6
1 0 0 25
1 0 0 25
1 0 0 25
1 0 0 25
1 0 0 25
1 0 0 25
1 0 0 25
1 0 0 26
1 0 0 27
1 0 0 28
1 0 0 28
1 0 0 28
1 0 0 29
1 0 0 29
1 0 0 29
1 0 0 29
1 0 0 29
1 0 0 29
1 0 0 29
1 0 0 29
1 0 0 29
1 0 0 29
1 0 0 28
1 0 0 28
1 0 0 28
1 0 0 28
1 0 0 28
1 0 0 28
1 0 0 28
1 0 0 6
1 0 0 27
1 0 0 27
1 0 0 27
1 0 0 27
1 0 0 27
1 0 0 27
1 0 0 27
1 0 0 27
1 0 0 27
1 0 0 26
1 0 0 26
1 0 0 26
1 0 0 26
1 0 0 26
1 0 0 26
1 0 0 26
1 0 0 26
1 0 0 26
1 0 0 6
1 0 0 6
1 0 0 30
1 0 0 30
1 0 0 30
1 0 0 30
1 0 0 30
1 0 0 30
1 0 0 30
1 0 0 31
1 0 0 31
1 0 0 31
1 0 0 31
1 0 0 31
1 0 0 31
1 0 0 31
1 0 0 30
1 0 0 30
1 0 0 30
1 0 0 31
1 0 0 31
1 0 0 31
1 0 0 32
1 0 0 32
1 0 0 32
1 0 0 32
1 0 0 32
1 0 0 32
1 0 0 32
1 0 0 32
1 0 0 33
1 0 0 33
1 0 0 33
1 0 0 33
1 0 0 33
1 0 0 33
1 0 0 33
1 0 0 33
1 0 0 33
1 0 0 33
1 0 0 32
1 0 0 32
1 0 0 34
1 0 0 34
1 0 0 34
1 0 0 34
1 0 0 34
1 0 0 35
1 0 0 35
1 0 0 35
1 0 0 35
1 0 0 35
1 0 0 35
1 0 0 35
1 0 0 35
1 0 0 35
1 0 0 36
1 0 0 36
1 0 0 36
1 0 0 36
1 0 0 36
1 0 0 36
1 0 0 36
1 0 0 36
1 0 0 36
1 0 0 36
1 0 0 18
1 0 0 37
1 0 0 38
1 0 0 38
1 0 0 38
1 0 0 38
1 0 0 38
1 0 0 38
1 0 0 38
1 0 0 38
1 0 0 38
1 0 0 38
1 0 0 37
1 0 0 34
1 0 0 34
1 0 0 34
1 0 0 34
1 0 0 34
1 0 0 7
1 0 0 7
1 0 0 7
1 0 0 7
1 0 0 39
1 0 0 39
1 0 0 39
1 0 0 39
1 0 0 39
1 0 0 39
1 0 0 39
1 0 0 39
1 0 0 39
1 0 0 39
1 0 0 37
1 0 0 37
1 0 0 37
1 0 0 6
1 0 0 37
1 0 0 40
1 0 0 40
1 0 0 40
1 0 0 40
1 0 0 40
1 0 0 40
1 0 0 40
1 0 0 40
1 0 0 40
1 0 0 40
1 0 0 41
1 0 0 42
1 0 0 42
1 0 0 42
1 0 0 42
1 0 0 42
1 0 0 42
1 0 0 42
1 0 0 42
1 0 0 42
1 0 0 42
1 0 0 41
1 0 0 41
1 0 0 41
1 0 0 41
1 0 0 41
1 0 0 41
1 0 0 41
1 0 0 41
1 0 0 41
1 0 0 37
1 0 0 37
1 0 0 37
1 0 0 35
1 0 0 43
1 0 0 43
1 0 0 43
1 0 0 43
1 0 0 43
1 0 0 43
1 0 0 43
1 0 0 43
1 0 0 43
1 0 0 43
1 0 0 37
1 0 0 44
1 0 0 7
1 0 0 44
1 0 0 44
1 0 0 44
1 0 0 44
1 0 0 44
1 0 0 44
1 0 0 44
1 0 0 44
1 0 0 44
0.1 4 5 -1
0.1 7 8 -1
0.1 6 442 -1
0.1 441 443 -1
0.1 444 9 -1
0.1 445 10 -1
0.1 446 11 -1
0.1 3 447 -1
0.1 2 448 -1
0.1 449 12 -1
0.1 1 450 -1
0.1 14 15 -1
0.1 13 452 -1
0.1 451 453 -1
0.1 17 18 -1
0.1 455 19 -1
0.1 16 456 -1
0.1 457 20 -1
0.1 454 458 -1
0.1 22 23 -1
0.1 25 26 -1
0.1 28 29 -1
0.1 462 30 -1
0.1 463 31 -1
0.1 27 464 -1
0.1 33 34 -1
0.1 32 466 -1
0.1 35 36 -1
0.1 467 468 -1
0.1 465 469 -1
0.1 37 38 -1
0.1 471 39 -1
0.1 470 472 -1
0.1 461 473 -1
0.1 42 43 -1
0.1 41 475 -1
0.1 40 476 -1
0.1 474 477 -1
0.1 24 478 -1
0.1 479 44 -1
0.1 480 45 -1
0.1 46 47 -1
0.1 481 482 -1
0.1 460 483 -1
0.1 21 484 -1
0.1 485 48 -1
0.1 486 49 -1
0.1 487 50 -1
0.1 488 51 -1
0.1 459 489 -1
0.1 53 54 -1
0.1 491 55 -1
0.1 56 57 -1
0.1 492 493 -1
0.1 59 60 -1
0.1 61 62 -1
0.1 496 63 -1
0.1 495 497 -1
0.1 58 498 -1
0.1 499 64 -1
0.1 66 67 -1
0.1 70 71 -1
0.1 69 502 -1
0.1 72 73 -1
0.1 503 504 -1
0.1 68 505 -1
0.1 501 506 -1
0.1 507 74 -1
0.1 65 508 -1
0.1 80 81 -1
0.1 79 510 -1
0.1 82 83 -1
0.1 511 512 -1
0.1 78 513 -1
0.1 86 87 -1
0.1 85 515 -1
0.1 84 516 -1
0.1 88 89 -1
0.1 518 90 -1
0.1 517 519 -1
0.1 92 93 -1
0.1 94 95 -1
0.1 521 522 -1
0.1 91 523 -1
0.1 520 524 -1
0.1 97 98 -1
0.1 101 102 -1
0.1 100 527 -1
0.1 104 105 -1
0.1 103 529 -1
0.1 528 530 -1
0.1 99 531 -1
0.1 526 532 -1
0.1 96 533 -1
0.1 534 106 -1
0.1 107 108 -1
0.1 536 109 -1
0.1 111 112 -1
0.1 113 114 -1
0.1 538 539 -1
0.1 110 540 -1
0.1 541 115 -1
0.1 537 542 -1
0.1 535 543 -1
0.1 525 544 -1
0.1 514 545 -1
0.1 77 546 -1
0.1 76 547 -1
0.1 75 548 -1
0.1 117 118 -1
0.1 116 550 -1
0.1 120 121 -1
0.1 119 552 -1
0.1 122 123 -1
0.1 553 554 -1
0.1 551 555 -1
0.1 556 124 -1
0.1 549 557 -1
0.1 509 558 -1
0.1 126 127 -1
0.1 125 560 -1
0.1 128 129 -1
0.1 561 562 -1
0.1 131 132 -1
0.1 130 564 -1
0.1 563 565 -1
0.1 559 566 -1
0.1 500 567 -1
0.1 494 568 -1
0.1 135 136 -1
0.1 570 137 -1
0.1 571 138 -1
0.1 134 572 -1
0.1 133 573 -1
0.1 141 142 -1
0.1 140 575 -1
0.1 139 576 -1
0.1 574 577 -1
0.1 569 578 -1
0.1 52 579 -1
0.1 143 144 -1
0.1 146 147 -1
0.1 145 582 -1
0.1 150 151 -1
0.1 149 584 -1
0.1 148 585 -1
0.1 586 152 -1
0.1 583 587 -1
0.1 581 588 -1
0.1 153 154 -1
0.1 589 590 -1
0.1 580 591 -1
0.1 155 156 -1
0.1 160 161 -1
0.1 159 594 -1
0.1 595 162 -1
0.1 596 163 -1
0.1 158 597 -1
0.1 165 166 -1
0.1 164 599 -1
0.1 168 169 -1
0.1 167 601 -1
0.1 170 171 -1
0.1 172 173 -1
0.1 603 604 -1
0.1 602 605 -1
0.1 600 606 -1
0.1 174 175 -1
0.1 608 176 -1
0.1 609 177 -1
0.1 607 610 -1
0.1 598 611 -1
0.1 179 180 -1
0.1 178 613 -1
0.1 612 614 -1
0.1 157 615 -1
0.1 181 182 -1
0.1 617 183 -1
0.1 616 618 -1
0.1 619 184 -1
0.1 185 186 -1
0.1 620 621 -1
0.1 593 622 -1
0.1 623 187 -1
0.1 624 188 -1
0.1 189 190 -1
0.1 626 191 -1
0.1 627 192 -1
0.1 628 193 -1
0.1 625 629 -1
0.1 592 630 -1
0.1 490 631 -1
0.1 195 196 -1
0.1 198 199 -1
0.1 197 634 -1
0.1 633 635 -1
0.1 194 636 -1
0.1 200 201 -1
0.1 637 638 -1
0.1 632 639 -1
0.1 202 203 -1
0.1 204 205 -1
0.1 642 206 -1
0.1 209 210 -1
0.1 644 211 -1
0.1 212 213 -1
0.1 646 214 -1
0.1 647 215 -1
0.1 648 216 -1
0.1 645 649 -1
0.1 208 650 -1
0.1 207 651 -1
0.1 643 652 -1
0.1 641 653 -1
0.1 218 219 -1
0.1 217 655 -1
0.1 220 221 -1
0.1 657 222 -1
0.1 656 658 -1
0.1 224 225 -1
0.1 223 660 -1
0.1 659 661 -1
0.1 654 662 -1
0.1 640 663 -1
0.1 227 228 -1
0.1 226 665 -1
0.1 233 234 -1
0.1 236 237 -1
0.1 235 668 -1
0.1 669 238 -1
0.1 667 670 -1
0.1 232 671 -1
0.1 231 672 -1
0.1 673 239 -1
0.1 230 674 -1
0.1 675 240 -1
0.1 246 247 -1
0.1 249 250 -1
0.1 678 251 -1
0.1 252 253 -1
0.1 680 254 -1
0.1 681 255 -1
0.1 679 682 -1
0.1 248 683 -1
0.1 677 684 -1
0.1 245 685 -1
0.1 256 257 -1
0.1 686 687 -1
0.1 260 261 -1
0.1 689 262 -1
0.1 259 690 -1
0.1 258 691 -1
0.1 688 692 -1
0.1 244 693 -1
0.1 694 263 -1
0.1 243 695 -1
0.1 242 696 -1
0.1 266 267 -1
0.1 265 698 -1
0.1 264 699 -1
0.1 268 269 -1
0.1 701 270 -1
0.1 700 702 -1
0.1 271 272 -1
0.1 703 704 -1
0.1 697 705 -1
0.1 706 273 -1
0.1 707 274 -1
0.1 275 276 -1
0.1 708 709 -1
0.1 710 277 -1
0.1 279 280 -1
0.1 278 712 -1
0.1 711 713 -1
0.1 714 281 -1
0.1 241 715 -1
0.1 676 716 -1
0.1 229 717 -1
0.1 666 718 -1
0.1 282 283 -1
0.1 719 720 -1
0.1 286 287 -1
0.1 285 722 -1
0.1 292 293 -1
0.1 294 295 -1
0.1 296 297 -1
0.1 725 726 -1
0.1 724 727 -1
0.1 299 300 -1
0.1 298 729 -1
0.1 728 730 -1
0.1 302 303 -1
0.1 301 732 -1
0.1 731 733 -1
0.1 291 734 -1
0.1 290 735 -1
0.1 289 736 -1
0.1 288 737 -1
0.1 723 738 -1
0.1 284 739 -1
0.1 306 307 -1
0.1 305 741 -1
0.1 742 308 -1
0.1 304 743 -1
0.1 309 310 -1
0.1 744 745 -1
0.1 315 316 -1
0.1 747 317 -1
0.1 748 318 -1
0.1 749 319 -1
0.1 750 320 -1
0.1 751 321 -1
0.1 314 752 -1
0.1 313 753 -1
0.1 312 754 -1
0.1 755 322 -1
0.1 756 323 -1
0.1 311 757 -1
0.1 746 758 -1
0.1 324 325 -1
0.1 326 327 -1
0.1 760 761 -1
0.1 762 328 -1
0.1 759 763 -1
0.1 331 332 -1
0.1 330 765 -1
0.1 766 333 -1
0.1 329 767 -1
0.1 768 334 -1
0.1 336 337 -1
0.1 335 770 -1
0.1 769 771 -1
0.1 338 339 -1
0.1 772 773 -1
0.1 340 341 -1
0.1 775 342 -1
0.1 344 345 -1
0.1 777 346 -1
0.1 343 778 -1
0.1 779 347 -1
0.1 776 780 -1
0.1 774 781 -1
0.1 764 782 -1
0.1 351 352 -1
0.1 353 354 -1
0.1 784 785 -1
0.1 350 786 -1
0.1 355 356 -1
0.1 357 358 -1
0.1 788 789 -1
0.1 787 790 -1
0.1 791 359 -1
0.1 792 360 -1
0.1 349 793 -1
0.1 348 794 -1
0.1 783 795 -1
0.1 361 362 -1
0.1 364 365 -1
0.1 363 798 -1
0.1 799 366 -1
0.1 367 368 -1
0.1 801 369 -1
0.1 370 371 -1
0.1 372 373 -1
0.1 374 375 -1
0.1 804 805 -1
0.1 803 806 -1
0.1 377 378 -1
0.1 376 808 -1
0.1 807 809 -1
0.1 810 379 -1
0.1 802 811 -1
0.1 800 812 -1
0.1 380 381 -1
0.1 814 382 -1
0.1 383 384 -1
0.1 815 816 -1
0.1 389 390 -1
0.1 391 392 -1
0.1 393 394 -1
0.1 819 820 -1
0.1 818 821 -1
0.1 388 822 -1
0.1 387 823 -1
0.1 386 824 -1
0.1 385 825 -1
0.1 817 826 -1
0.1 396 397 -1
0.1 401 402 -1
0.1 400 829 -1
0.1 403 404 -1
0.1 831 405 -1
0.1 830 832 -1
0.1 399 833 -1
0.1 398 834 -1
0.1 828 835 -1
0.1 395 836 -1
0.1 837 406 -1
0.1 838 407 -1
0.1 408 409 -1
0.1 839 840 -1
0.1 411 412 -1
0.1 410 842 -1
0.1 841 843 -1
0.1 413 414 -1
0.1 844 845 -1
0.1 846 415 -1
0.1 416 417 -1
0.1 847 848 -1
0.1 827 849 -1
0.1 850 418 -1
0.1 813 851 -1
0.1 797 852 -1
0.1 796 853 -1
0.1 740 854 -1
0.1 420 421 -1
0.1 423 424 -1
0.1 857 425 -1
0.1 422 858 -1
0.1 426 427 -1
0.1 859 860 -1
0.1 856 861 -1
0.1 862 428 -1
0.1 419 863 -1
0.1 864 429 -1
0.1 431 432 -1
0.1 433 434 -1
0.1 867 435 -1
0.1 437 438 -1
0.1 436 869 -1
0.1 868 870 -1
0.1 866 871 -1
0.1 439 440 -1
0.1 872 873 -1
0.1 430 874 -1
0.1 865 875 -1
0.1 855 876 -1
0.1 721 877 -1
0.1 664 878 -1
