1 0 0 1
1 0 0 1
1 0 0 2
1 0 0 2
1 0 0 2
1 0 0 2
1 0 0 3
1 0 0 3
1 0 0 3
1 0 0 3
1 0 0 3
1 0 0 3
1 0 0 3
1 0 0 3
1 0 0 3
1 0 0 3
1 0 0 4
1 0 0 4
1 0 0 4
1 0 0 4
1 0 0 4
1 0 0 4
1 0 0 4
1 0 0 4
1 0 0 4
1 0 0 4
1 0 0 5
1 0 0 5
1 0 0 6
1 0 0 6
1 0 0 6
1 0 0 6
1 0 0 6
1 0 0 6
1 0 0 6
1 0 0 6
1 0 0 6
1 0 0 6
1 0 0 5
1 0 0 5
1 0 0 5
1 0 0 7
1 0 0 7
1 0 0 7
1 0 0 7
1 0 0 7
1 0 0 7
1 0 0 7
1 0 0 7
1 0 0 7
1 0 0 7
1 0 0 8
1 0 0 8
1 0 0 8
1 0 0 8
1 0 0 8
1 0 0 8
1 0 0 8
1 0 0 8
1 0 0 8
1 0 0 8
1 0 0 5
1 0 0 5
1 0 0 9
1 0 0 9
1 0 0 9
1 0 0 9
1 0 0 9
1 0 0 9
1 0 0 9
1 0 0 9
1 0 0 9
1 0 0 9
1 0 0 5
1 0 0 5
1 0 0 5
1 0 0 2
1 0 0 2
1 0 0 2
1 0 0 2
1 0 0 2
1 0 0 2
1 0 0 10
1 0 0 10
1 0 0 1
1 0 0 1
1 0 0 1
1 0 0 1
1 0 0 1
1 0 0 1
1 0 0 1
1 0 0 1
1 0 0 11
1 0 0 11
1 0 0 11
1 0 0 11
1 0 0 11
1 0 0 11
1 0 0 11
1 0 0 11
1 0 0 11
1 0 0 11
1 0 0 12
1 0 0 12
1 0 0 12
1 0 0 12
1 0 0 12
1 0 0 10
1 0 0 10
1 0 0 12
1 0 0 12
1 0 0 12
1 0 0 12
1 0 0 12
1 0 0 10
1 0 0 10
1 0 0 10
1 0 0 10
1 0 0 13
1 0 0 13
1 0 0 13
1 0 0 13
1 0 0 13
1 0 0 13
1 0 0 13
1 0 0 13
1 0 0 13
1 0 0 13
1 0 0 14
1 0 0 14
1 0 0 14
1 0 0 14
1 0 0 14
1 0 0 14
1 0 0 14
1 0 0 14
1 0 0 14
1 0 0 14
1 0 0 10
1 0 0 10
0.1 1 2 -1
0.1 3 4 -1
0.1 5 6 -1
0.1 9 10 -1
0.1 8 144 -1
0.1 7 145 -1
0.1 12 13 -1
0.1 14 15 -1
0.1 148 16 -1
0.1 147 149 -1
0.1 11 150 -1
0.1 146 151 -1
0.1 18 19 -1
0.1 20 21 -1
0.1 22 23 -1
0.1 24 25 -1
0.1 155 156 -1
0.1 154 157 -1
0.1 153 158 -1
0.1 159 26 -1
0.1 17 160 -1
0.1 27 28 -1
0.1 30 31 -1
0.1 29 163 -1
0.1 33 34 -1
0.1 32 165 -1
0.1 35 36 -1
0.1 166 167 -1
0.1 37 38 -1
0.1 168 169 -1
0.1 164 170 -1
0.1 162 171 -1
0.1 161 172 -1
0.1 39 40 -1
0.1 174 41 -1
0.1 46 47 -1
0.1 45 176 -1
0.1 177 48 -1
0.1 44 178 -1
0.1 50 51 -1
0.1 49 180 -1
0.1 179 181 -1
0.1 43 182 -1
0.1 42 183 -1
0.1 52 53 -1
0.1 55 56 -1
0.1 54 186 -1
0.1 185 187 -1
0.1 57 58 -1
0.1 59 60 -1
0.1 189 190 -1
0.1 188 191 -1
0.1 192 61 -1
0.1 184 193 -1
0.1 175 194 -1
0.1 173 195 -1
0.1 62 63 -1
0.1 64 65 -1
0.1 66 67 -1
0.1 69 70 -1
0.1 68 200 -1
0.1 199 201 -1
0.1 198 202 -1
0.1 71 72 -1
0.1 204 73 -1
0.1 203 205 -1
0.1 75 76 -1
0.1 74 207 -1
0.1 206 208 -1
0.1 197 209 -1
0.1 196 210 -1
0.1 152 211 -1
0.1 143 212 -1
0.1 77 78 -1
0.1 213 214 -1
0.1 80 81 -1
0.1 79 216 -1
0.1 217 82 -1
0.1 215 218 -1
0.1 142 219 -1
0.1 83 84 -1
0.1 220 221 -1
0.1 141 222 -1
0.1 85 86 -1
0.1 224 87 -1
0.1 88 89 -1
0.1 91 92 -1
0.1 90 227 -1
0.1 226 228 -1
0.1 93 94 -1
0.1 95 96 -1
0.1 97 98 -1
0.1 231 232 -1
0.1 99 100 -1
0.1 101 102 -1
0.1 234 235 -1
0.1 233 236 -1
0.1 230 237 -1
0.1 229 238 -1
0.1 225 239 -1
0.1 104 105 -1
0.1 103 241 -1
0.1 242 106 -1
0.1 108 109 -1
0.1 244 110 -1
0.1 107 245 -1
0.1 111 112 -1
0.1 246 247 -1
0.1 243 248 -1
0.1 249 113 -1
0.1 250 114 -1
0.1 240 251 -1
0.1 116 117 -1
0.1 115 253 -1
0.1 119 120 -1
0.1 255 121 -1
0.1 256 122 -1
0.1 124 125 -1
0.1 123 258 -1
0.1 257 259 -1
0.1 126 127 -1
0.1 261 128 -1
0.1 260 262 -1
0.1 130 131 -1
0.1 129 264 -1
0.1 132 133 -1
0.1 266 134 -1
0.1 135 136 -1
0.1 137 138 -1
0.1 268 269 -1
0.1 267 270 -1
0.1 265 271 -1
0.1 263 272 -1
0.1 139 140 -1
0.1 273 274 -1
0.1 118 275 -1
0.1 254 276 -1
0.1 252 277 -1
0.1 223 278 -1
