1 0 0 1
1 0 0 1
1 0 0 2
1 0 0 2
1 0 0 2
1 0 0 2
1 0 0 2
1 0 0 2
1 0 0 2
1 0 0 2
1 0 0 2
1 0 0 2
1 0 0 1
1 0 0 3
1 0 0 3
1 0 0 3
1 0 0 3
1 0 0 3
1 0 0 3
1 0 0 3
1 0 0 3
1 0 0 3
1 0 0 3
1 0 0 4
1 0 0 4
1 0 0 4
1 0 0 4
1 0 0 4
1 0 0 4
1 0 0 4
1 0 0 4
1 0 0 4
1 0 0 4
1 0 0 1
1 0 0 1
1 0 0 5
1 0 0 1
1 0 0 1
1 0 0 6
1 0 0 6
1 0 0 6
1 0 0 6
1 0 0 6
1 0 0 6
1 0 0 6
1 0 0 6
1 0 0 5
1 0 0 5
1 0 0 5
1 0 0 6
1 0 0 6
1 0 0 7
1 0 0 7
1 0 0 7
1 0 0 8
1 0 0 8
1 0 0 8
1 0 0 8
1 0 0 8
1 0 0 8
1 0 0 8
1 0 0 8
1 0 0 8
1 0 0 8
1 0 0 7
1 0 0 7
1 0 0 7
1 0 0 9
1 0 0 9
1 0 0 9
1 0 0 9
1 0 0 9
1 0 0 9
1 0 0 9
1 0 0 9
1 0 0 9
1 0 0 9
1 0 0 10
1 0 0 10
1 0 0 10
1 0 0 10
1 0 0 10
1 0 0 10
1 0 0 10
1 0 0 10
1 0 0 10
1 0 0 10
1 0 0 7
1 0 0 7
1 0 0 11
1 0 0 11
1 0 0 11
1 0 0 11
1 0 0 11
1 0 0 11
1 0 0 11
1 0 0 11
1 0 0 11
1 0 0 11
1 0 0 12
1 0 0 12
1 0 0 12
1 0 0 12
1 0 0 12
1 0 0 12
1 0 0 12
1 0 0 12
1 0 0 12
1 0 0 12
1 0 0 7
1 0 0 7
1 0 0 13
1 0 0 13
1 0 0 13
1 0 0 13
1 0 0 13
1 0 0 13
1 0 0 13
1 0 0 13
1 0 0 13
1 0 0 13
1 0 0 14
1 0 0 14
1 0 0 14
1 0 0 14
1 0 0 14
1 0 0 14
1 0 0 14
1 0 0 14
1 0 0 14
1 0 0 14
1 0 0 5
1 0 0 5
1 0 0 5
1 0 0 5
1 0 0 1
1 0 0 1
1 0 0 1
1 0 0 5
1 0 0 5
0.1 1 2 -1
0.1 3 4 -1
0.1 6 7 -1
0.1 5 143 -1
0.1 8 9 -1
0.1 144 145 -1
0.1 142 146 -1
0.1 11 12 -1
0.1 10 148 -1
0.1 147 149 -1
0.1 141 150 -1
0.1 14 15 -1
0.1 17 18 -1
0.1 16 153 -1
0.1 20 21 -1
0.1 155 22 -1
0.1 19 156 -1
0.1 154 157 -1
0.1 158 23 -1
0.1 152 159 -1
0.1 25 26 -1
0.1 24 161 -1
0.1 28 29 -1
0.1 27 163 -1
0.1 30 31 -1
0.1 32 33 -1
0.1 165 166 -1
0.1 164 167 -1
0.1 162 168 -1
0.1 160 169 -1
0.1 34 35 -1
0.1 170 171 -1
0.1 13 172 -1
0.1 151 173 -1
0.1 37 38 -1
0.1 39 40 -1
0.1 41 42 -1
0.1 176 177 -1
0.1 43 44 -1
0.1 45 46 -1
0.1 179 180 -1
0.1 178 181 -1
0.1 175 182 -1
0.1 183 47 -1
0.1 36 184 -1
0.1 48 49 -1
0.1 185 186 -1
0.1 50 51 -1
0.1 53 54 -1
0.1 52 189 -1
0.1 55 56 -1
0.1 57 58 -1
0.1 191 192 -1
0.1 59 60 -1
0.1 194 61 -1
0.1 193 195 -1
0.1 63 64 -1
0.1 62 197 -1
0.1 196 198 -1
0.1 190 199 -1
0.1 66 67 -1
0.1 65 201 -1
0.1 68 69 -1
0.1 70 71 -1
0.1 72 73 -1
0.1 204 205 -1
0.1 203 206 -1
0.1 74 75 -1
0.1 207 208 -1
0.1 76 77 -1
0.1 209 210 -1
0.1 78 79 -1
0.1 212 80 -1
0.1 213 81 -1
0.1 214 82 -1
0.1 83 84 -1
0.1 215 216 -1
0.1 86 87 -1
0.1 85 218 -1
0.1 217 219 -1
0.1 88 89 -1
0.1 220 221 -1
0.1 211 222 -1
0.1 94 95 -1
0.1 93 224 -1
0.1 92 225 -1
0.1 91 226 -1
0.1 97 98 -1
0.1 228 99 -1
0.1 96 229 -1
0.1 227 230 -1
0.1 90 231 -1
0.1 100 101 -1
0.1 233 102 -1
0.1 103 104 -1
0.1 234 235 -1
0.1 105 106 -1
0.1 107 108 -1
0.1 237 238 -1
0.1 236 239 -1
0.1 240 109 -1
0.1 232 241 -1
0.1 223 242 -1
0.1 202 243 -1
0.1 110 111 -1
0.1 244 245 -1
0.1 200 246 -1
0.1 113 114 -1
0.1 112 248 -1
0.1 116 117 -1
0.1 115 250 -1
0.1 249 251 -1
0.1 118 119 -1
0.1 253 120 -1
0.1 254 121 -1
0.1 252 255 -1
0.1 247 256 -1
0.1 122 123 -1
0.1 258 124 -1
0.1 125 126 -1
0.1 129 130 -1
0.1 128 261 -1
0.1 127 262 -1
0.1 260 263 -1
0.1 259 264 -1
0.1 265 131 -1
0.1 257 266 -1
0.1 188 267 -1
0.1 268 132 -1
0.1 134 135 -1
0.1 137 138 -1
0.1 136 271 -1
0.1 272 139 -1
0.1 270 273 -1
0.1 274 140 -1
0.1 133 275 -1
0.1 269 276 -1
0.1 187 277 -1
0.1 174 278 -1
