1 0 0 1
1 0 0 1
1 0 0 1
1 0 0 1
1 0 0 1
1 0 0 1
1 0 0 1
1 0 0 2
1 0 0 2
1 0 0 2
1 0 0 2
1 0 0 2
1 0 0 2
1 0 0 2
1 0 0 2
1 0 0 2
1 0 0 2
1 0 0 1
1 0 0 1
1 0 0 1
1 0 0 3
1 0 0 3
1 0 0 4
1 0 0 3
1 0 0 3
1 0 0 3
1 0 0 5
1 0 0 5
1 0 0 5
1 0 0 5
1 0 0 5
1 0 0 5
1 0 0 5
1 0 0 5
1 0 0 5
1 0 0 5
1 0 0 6
1 0 0 7
1 0 0 7
1 0 0 7
1 0 0 8
1 0 0 8
1 0 0 8
1 0 0 8
1 0 0 8
1 0 0 8
1 0 0 8
1 0 0 8
1 0 0 8
1 0 0 8
1 0 0 7
1 0 0 7
1 0 0 7
1 0 0 7
1 0 0 7
1 0 0 9
1 0 0 9
1 0 0 9
1 0 0 9
1 0 0 9
1 0 0 9
1 0 0 9
1 0 0 9
1 0 0 9
1 0 0 9
1 0 0 7
1 0 0 7
1 0 0 6
1 0 0 6
1 0 0 6
1 0 0 6
1 0 0 6
1 0 0 6
1 0 0 6
1 0 0 6
1 0 0 6
1 0 0 3
1 0 0 3
1 0 0 3
1 0 0 3
1 0 0 3
1 0 0 4
1 0 0 10
1 0 0 10
1 0 0 10
1 0 0 11
1 0 0 11
1 0 0 11
1 0 0 11
1 0 0 11
1 0 0 11
1 0 0 11
1 0 0 11
1 0 0 11
1 0 0 11
1 0 0 10
1 0 0 10
1 0 0 10
1 0 0 12
1 0 0 12
1 0 0 12
1 0 0 12
1 0 0 12
1 0 0 12
1 0 0 12
1 0 0 12
1 0 0 12
1 0 0 12
1 0 0 10
1 0 0 13
1 0 0 13
1 0 0 13
1 0 0 13
1 0 0 13
1 0 0 13
1 0 0 13
1 0 0 13
1 0 0 13
1 0 0 13
1 0 0 10
1 0 0 10
1 0 0 10
1 0 0 4
1 0 0 4
1 0 0 4
1 0 0 4
1 0 0 4
1 0 0 14
1 0 0 14
1 0 0 14
1 0 0 15
1 0 0 16
1 0 0 14
1 0 0 14
1 0 0 14
1 0 0 14
1 0 0 16
1 0 0 16
1 0 0 16
1 0 0 16
1 0 0 16
1 0 0 16
1 0 0 14
1 0 0 17
1 0 0 17
1 0 0 17
1 0 0 17
1 0 0 17
1 0 0 17
1 0 0 17
1 0 0 16
1 0 0 16
1 0 0 16
1 0 0 14
1 0 0 15
1 0 0 15
1 0 0 17
1 0 0 17
1 0 0 17
1 0 0 15
1 0 0 15
1 0 0 15
1 0 0 15
1 0 0 15
1 0 0 15
1 0 0 15
1 0 0 14
1 0 0 18
1 0 0 18
1 0 0 18
1 0 0 18
1 0 0 18
1 0 0 18
1 0 0 18
1 0 0 18
1 0 0 18
1 0 0 4
1 0 0 4
1 0 0 18
1 0 0 4
0.1 3 4 -1
0.1 2 181 -1
0.1 1 182 -1
0.1 5 6 -1
0.1 8 9 -1
0.1 10 11 -1
0.1 13 14 -1
0.1 15 16 -1
0.1 187 188 -1
0.1 12 189 -1
0.1 186 190 -1
0.1 191 17 -1
0.1 185 192 -1
0.1 7 193 -1
0.1 18 19 -1
0.1 194 195 -1
0.1 184 196 -1
0.1 197 20 -1
0.1 183 198 -1
0.1 21 22 -1
0.1 200 23 -1
0.1 25 26 -1
0.1 24 202 -1
0.1 27 28 -1
0.1 30 31 -1
0.1 205 32 -1
0.1 29 206 -1
0.1 207 33 -1
0.1 204 208 -1
0.1 34 35 -1
0.1 209 210 -1
0.1 211 36 -1
0.1 39 40 -1
0.1 42 43 -1
0.1 41 214 -1
0.1 45 46 -1
0.1 44 216 -1
0.1 47 48 -1
0.1 217 218 -1
0.1 49 50 -1
0.1 219 220 -1
0.1 215 221 -1
0.1 213 222 -1
0.1 38 223 -1
0.1 51 52 -1
0.1 53 54 -1
0.1 57 58 -1
0.1 227 59 -1
0.1 60 61 -1
0.1 228 229 -1
0.1 56 230 -1
0.1 63 64 -1
0.1 62 232 -1
0.1 233 65 -1
0.1 231 234 -1
0.1 235 66 -1
0.1 55 236 -1
0.1 237 67 -1
0.1 226 238 -1
0.1 225 239 -1
0.1 224 240 -1
0.1 241 68 -1
0.1 37 242 -1
0.1 69 70 -1
0.1 243 244 -1
0.1 212 245 -1
0.1 72 73 -1
0.1 71 247 -1
0.1 75 76 -1
0.1 74 249 -1
0.1 248 250 -1
0.1 246 251 -1
0.1 78 79 -1
0.1 253 80 -1
0.1 77 254 -1
0.1 255 81 -1
0.1 252 256 -1
0.1 203 257 -1
0.1 201 258 -1
0.1 199 259 -1
0.1 83 84 -1
0.1 87 88 -1
0.1 86 262 -1
0.1 89 90 -1
0.1 264 91 -1
0.1 92 93 -1
0.1 266 94 -1
0.1 265 267 -1
0.1 268 95 -1
0.1 263 269 -1
0.1 270 96 -1
0.1 85 271 -1
0.1 99 100 -1
0.1 103 104 -1
0.1 102 274 -1
0.1 101 275 -1
0.1 273 276 -1
0.1 107 108 -1
0.1 106 278 -1
0.1 105 279 -1
0.1 277 280 -1
0.1 98 281 -1
0.1 97 282 -1
0.1 272 283 -1
0.1 261 284 -1
0.1 110 111 -1
0.1 113 114 -1
0.1 112 287 -1
0.1 286 288 -1
0.1 115 116 -1
0.1 118 119 -1
0.1 117 291 -1
0.1 290 292 -1
0.1 289 293 -1
0.1 294 120 -1
0.1 109 295 -1
0.1 296 121 -1
0.1 297 122 -1
0.1 285 298 -1
0.1 124 125 -1
0.1 300 126 -1
0.1 123 301 -1
0.1 299 302 -1
0.1 82 303 -1
0.1 129 130 -1
0.1 128 305 -1
0.1 132 133 -1
0.1 135 136 -1
0.1 134 308 -1
0.1 307 309 -1
0.1 137 138 -1
0.1 139 140 -1
0.1 311 312 -1
0.1 310 313 -1
0.1 131 314 -1
0.1 141 142 -1
0.1 316 143 -1
0.1 145 146 -1
0.1 148 149 -1
0.1 319 150 -1
0.1 147 320 -1
0.1 318 321 -1
0.1 144 322 -1
0.1 317 323 -1
0.1 315 324 -1
0.1 152 153 -1
0.1 151 326 -1
0.1 327 154 -1
0.1 325 328 -1
0.1 329 155 -1
0.1 158 159 -1
0.1 157 331 -1
0.1 332 160 -1
0.1 333 161 -1
0.1 334 162 -1
0.1 165 166 -1
0.1 164 336 -1
0.1 163 337 -1
0.1 335 338 -1
0.1 156 339 -1
0.1 330 340 -1
0.1 306 341 -1
0.1 342 167 -1
0.1 170 171 -1
0.1 169 344 -1
0.1 168 345 -1
0.1 172 173 -1
0.1 175 176 -1
0.1 174 348 -1
0.1 347 349 -1
0.1 177 178 -1
0.1 350 351 -1
0.1 352 179 -1
0.1 346 353 -1
0.1 354 180 -1
0.1 343 355 -1
0.1 127 356 -1
0.1 304 357 -1
0.1 260 358 -1
