1 0 0 1
1 0 0 2
1 0 0 2
1 0 0 2
1 0 0 2
1 0 0 2
1 0 0 2
1 0 0 2
1 0 0 2
1 0 0 2
1 0 0 2
1 0 0 3
1 0 0 3
1 0 0 3
1 0 0 3
1 0 0 3
1 0 0 3
1 0 0 3
1 0 0 3
1 0 0 3
1 0 0 3
1 0 0 1
1 0 0 1
1 0 0 4
1 0 0 4
1 0 0 4
1 0 0 5
1 0 0 5
1 0 0 5
1 0 0 5
1 0 0 5
1 0 0 5
1 0 0 5
1 0 0 5
1 0 0 5
1 0 0 5
1 0 0 4
1 0 0 4
1 0 0 4
1 0 0 6
1 0 0 6
1 0 0 6
1 0 0 6
1 0 0 6
1 0 0 6
1 0 0 6
1 0 0 6
1 0 0 6
1 0 0 6
1 0 0 4
1 0 0 4
1 0 0 7
1 0 0 7
1 0 0 7
1 0 0 7
1 0 0 7
1 0 0 7
1 0 0 7
1 0 0 7
1 0 0 7
1 0 0 7
1 0 0 4
1 0 0 4
1 0 0 1
1 0 0 1
1 0 0 1
1 0 0 1
1 0 0 8
1 0 0 9
1 0 0 10
1 0 0 10
1 0 0 10
1 0 0 10
1 0 0 10
1 0 0 10
1 0 0 10
1 0 0 10
1 0 0 10
1 0 0 9
1 0 0 9
1 0 0 9
1 0 0 9
1 0 0 9
1 0 0 9
1 0 0 9
1 0 0 9
1 0 0 9
1 0 0 11
1 0 0 11
1 0 0 11
1 0 0 11
1 0 0 11
1 0 0 11
1 0 0 11
1 0 0 10
1 0 0 8
1 0 0 8
1 0 0 8
1 0 0 8
1 0 0 8
1 0 0 11
1 0 0 11
1 0 0 11
1 0 0 8
1 0 0 8
1 0 0 8
1 0 0 8
1 0 0 1
1 0 0 1
1 0 0 12
1 0 0 12
1 0 0 12
1 0 0 12
1 0 0 12
1 0 0 12
1 0 0 12
1 0 0 12
1 0 0 12
1 0 0 12
1 0 0 13
1 0 0 14
1 0 0 14
1 0 0 15
1 0 0 15
1 0 0 15
1 0 0 16
1 0 0 16
1 0 0 16
1 0 0 16
1 0 0 16
1 0 0 16
1 0 0 16
1 0 0 16
1 0 0 16
1 0 0 16
1 0 0 15
1 0 0 15
1 0 0 15
1 0 0 15
1 0 0 15
1 0 0 15
1 0 0 17
1 0 0 17
1 0 0 17
1 0 0 17
1 0 0 17
1 0 0 17
1 0 0 17
1 0 0 17
1 0 0 17
1 0 0 17
1 0 0 15
1 0 0 14
1 0 0 14
1 0 0 18
1 0 0 18
1 0 0 18
1 0 0 18
1 0 0 18
1 0 0 18
1 0 0 18
1 0 0 18
1 0 0 18
1 0 0 18
1 0 0 14
1 0 0 14
1 0 0 14
1 0 0 14
1 0 0 14
1 0 0 14
1 0 0 13
1 0 0 13
1 0 0 1
1 0 0 13
1 0 0 13
1 0 0 13
1 0 0 13
1 0 0 13
1 0 0 13
1 0 0 13
0.1 2 3 -1
0.1 4 5 -1
0.1 6 7 -1
0.1 9 10 -1
0.1 13 14 -1
0.1 15 16 -1
0.1 185 186 -1
0.1 12 187 -1
0.1 17 18 -1
0.1 189 19 -1
0.1 20 21 -1
0.1 190 191 -1
0.1 188 192 -1
0.1 11 193 -1
0.1 184 194 -1
0.1 8 195 -1
0.1 183 196 -1
0.1 182 197 -1
0.1 181 198 -1
0.1 27 28 -1
0.1 30 31 -1
0.1 29 201 -1
0.1 200 202 -1
0.1 32 33 -1
0.1 203 204 -1
0.1 34 35 -1
0.1 205 206 -1
0.1 207 36 -1
0.1 26 208 -1
0.1 25 209 -1
0.1 210 37 -1
0.1 24 211 -1
0.1 41 42 -1
0.1 213 43 -1
0.1 40 214 -1
0.1 45 46 -1
0.1 44 216 -1
0.1 48 49 -1
0.1 47 218 -1
0.1 217 219 -1
0.1 215 220 -1
0.1 39 221 -1
0.1 222 50 -1
0.1 54 55 -1
0.1 53 224 -1
0.1 52 225 -1
0.1 56 57 -1
0.1 59 60 -1
0.1 58 228 -1
0.1 229 61 -1
0.1 227 230 -1
0.1 226 231 -1
0.1 51 232 -1
0.1 233 62 -1
0.1 223 234 -1
0.1 235 63 -1
0.1 38 236 -1
0.1 212 237 -1
0.1 23 238 -1
0.1 64 65 -1
0.1 239 240 -1
0.1 241 66 -1
0.1 22 242 -1
0.1 199 243 -1
0.1 1 244 -1
0.1 245 67 -1
0.1 70 71 -1
0.1 73 74 -1
0.1 72 248 -1
0.1 247 249 -1
0.1 77 78 -1
0.1 76 251 -1
0.1 75 252 -1
0.1 250 253 -1
0.1 254 79 -1
0.1 255 80 -1
0.1 82 83 -1
0.1 81 257 -1
0.1 258 84 -1
0.1 256 259 -1
0.1 260 85 -1
0.1 86 87 -1
0.1 261 262 -1
0.1 69 263 -1
0.1 88 89 -1
0.1 91 92 -1
0.1 93 94 -1
0.1 266 267 -1
0.1 90 268 -1
0.1 265 269 -1
0.1 264 270 -1
0.1 95 96 -1
0.1 97 98 -1
0.1 273 99 -1
0.1 274 100 -1
0.1 272 275 -1
0.1 271 276 -1
0.1 102 103 -1
0.1 101 278 -1
0.1 105 106 -1
0.1 280 107 -1
0.1 104 281 -1
0.1 279 282 -1
0.1 277 283 -1
0.1 68 284 -1
0.1 108 109 -1
0.1 110 111 -1
0.1 114 115 -1
0.1 113 288 -1
0.1 112 289 -1
0.1 287 290 -1
0.1 117 118 -1
0.1 116 292 -1
0.1 293 119 -1
0.1 291 294 -1
0.1 286 295 -1
0.1 285 296 -1
0.1 124 125 -1
0.1 126 127 -1
0.1 129 130 -1
0.1 128 300 -1
0.1 131 132 -1
0.1 302 133 -1
0.1 301 303 -1
0.1 134 135 -1
0.1 304 305 -1
0.1 299 306 -1
0.1 298 307 -1
0.1 123 308 -1
0.1 136 137 -1
0.1 140 141 -1
0.1 143 144 -1
0.1 142 312 -1
0.1 146 147 -1
0.1 145 314 -1
0.1 315 148 -1
0.1 150 151 -1
0.1 149 317 -1
0.1 316 318 -1
0.1 313 319 -1
0.1 311 320 -1
0.1 139 321 -1
0.1 322 152 -1
0.1 138 323 -1
0.1 310 324 -1
0.1 309 325 -1
0.1 153 154 -1
0.1 326 327 -1
0.1 122 328 -1
0.1 121 329 -1
0.1 156 157 -1
0.1 331 158 -1
0.1 155 332 -1
0.1 333 159 -1
0.1 160 161 -1
0.1 335 162 -1
0.1 163 164 -1
0.1 336 337 -1
0.1 334 338 -1
0.1 330 339 -1
0.1 166 167 -1
0.1 165 341 -1
0.1 340 342 -1
0.1 168 169 -1
0.1 344 170 -1
0.1 343 345 -1
0.1 120 346 -1
0.1 171 172 -1
0.1 348 173 -1
0.1 174 175 -1
0.1 350 176 -1
0.1 177 178 -1
0.1 352 179 -1
0.1 351 353 -1
0.1 349 354 -1
0.1 347 355 -1
0.1 356 180 -1
0.1 297 357 -1
0.1 246 358 -1
