1 0 0 1
1 0 0 1
1 0 0 2
1 0 0 2
1 0 0 3
1 0 0 3
1 0 0 3
1 0 0 3
1 0 0 3
1 0 0 3
1 0 0 3
1 0 0 3
1 0 0 3
1 0 0 3
1 0 0 2
1 0 0 2
1 0 0 2
1 0 0 4
1 0 0 4
1 0 0 4
1 0 0 4
1 0 0 4
1 0 0 4
1 0 0 4
1 0 0 4
1 0 0 4
1 0 0 4
1 0 0 2
1 0 0 5
1 0 0 5
1 0 0 5
1 0 0 5
1 0 0 5
1 0 0 5
1 0 0 5
1 0 0 5
1 0 0 5
1 0 0 5
1 0 0 2
1 0 0 2
1 0 0 2
1 0 0 2
1 0 0 1
1 0 0 1
1 0 0 1
1 0 0 1
1 0 0 6
1 0 0 6
1 0 0 6
1 0 0 6
1 0 0 6
1 0 0 6
1 0 0 6
1 0 0 7
1 0 0 7
1 0 0 7
1 0 0 7
1 0 0 7
1 0 0 7
1 0 0 7
1 0 0 7
1 0 0 7
1 0 0 7
1 0 0 6
1 0 0 6
1 0 0 6
1 0 0 1
1 0 0 1
1 0 0 1
1 0 0 8
1 0 0 8
1 0 0 8
1 0 0 8
1 0 0 8
1 0 0 8
1 0 0 8
1 0 0 8
1 0 0 8
1 0 0 8
1 0 0 9
1 0 0 10
1 0 0 10
1 0 0 10
1 0 0 10
1 0 0 10
1 0 0 10
1 0 0 10
1 0 0 9
1 0 0 9
1 0 0 9
1 0 0 9
1 0 0 11
1 0 0 11
1 0 0 11
1 0 0 12
1 0 0 12
1 0 0 12
1 0 0 12
1 0 0 12
1 0 0 11
1 0 0 11
1 0 0 12
1 0 0 12
1 0 0 12
1 0 0 12
1 0 0 12
1 0 0 11
1 0 0 11
1 0 0 11
1 0 0 11
1 0 0 11
1 0 0 9
1 0 0 9
1 0 0 10
1 0 0 10
1 0 0 10
1 0 0 9
1 0 0 9
1 0 0 9
1 0 0 13
1 0 0 13
1 0 0 13
1 0 0 1
1 0 0 14
1 0 0 14
1 0 0 15
1 0 0 15
1 0 0 15
1 0 0 15
1 0 0 15
1 0 0 16
1 0 0 16
1 0 0 16
1 0 0 16
1 0 0 16
1 0 0 16
1 0 0 16
1 0 0 16
1 0 0 16
1 0 0 16
1 0 0 15
1 0 0 15
1 0 0 17
1 0 0 17
1 0 0 17
1 0 0 17
1 0 0 17
1 0 0 17
1 0 0 17
1 0 0 17
1 0 0 17
1 0 0 17
1 0 0 15
1 0 0 15
1 0 0 15
1 0 0 14
1 0 0 14
1 0 0 14
1 0 0 14
1 0 0 14
1 0 0 18
1 0 0 18
1 0 0 18
1 0 0 18
1 0 0 18
1 0 0 18
1 0 0 18
1 0 0 18
1 0 0 18
1 0 0 18
1 0 0 14
1 0 0 14
1 0 0 14
1 0 0 13
1 0 0 13
1 0 0 13
1 0 0 13
1 0 0 13
1 0 0 13
1 0 0 13
0.1 5 6 -1
0.1 7 8 -1
0.1 9 10 -1
0.1 182 183 -1
0.1 181 184 -1
0.1 185 11 -1
0.1 13 14 -1
0.1 12 187 -1
0.1 186 188 -1
0.1 189 15 -1
0.1 190 16 -1
0.1 18 19 -1
0.1 192 20 -1
0.1 23 24 -1
0.1 22 194 -1
0.1 21 195 -1
0.1 196 25 -1
0.1 26 27 -1
0.1 197 198 -1
0.1 193 199 -1
0.1 200 28 -1
0.1 17 201 -1
0.1 191 202 -1
0.1 29 30 -1
0.1 32 33 -1
0.1 31 205 -1
0.1 204 206 -1
0.1 34 35 -1
0.1 37 38 -1
0.1 36 209 -1
0.1 208 210 -1
0.1 207 211 -1
0.1 39 40 -1
0.1 212 213 -1
0.1 41 42 -1
0.1 214 215 -1
0.1 203 216 -1
0.1 4 217 -1
0.1 3 218 -1
0.1 219 43 -1
0.1 44 45 -1
0.1 48 49 -1
0.1 50 51 -1
0.1 52 53 -1
0.1 54 55 -1
0.1 56 57 -1
0.1 59 60 -1
0.1 61 62 -1
0.1 227 228 -1
0.1 58 229 -1
0.1 226 230 -1
0.1 231 63 -1
0.1 225 232 -1
0.1 233 64 -1
0.1 224 234 -1
0.1 223 235 -1
0.1 65 66 -1
0.1 236 237 -1
0.1 222 238 -1
0.1 47 239 -1
0.1 240 67 -1
0.1 46 241 -1
0.1 221 242 -1
0.1 220 243 -1
0.1 2 244 -1
0.1 1 245 -1
0.1 68 69 -1
0.1 71 72 -1
0.1 70 248 -1
0.1 73 74 -1
0.1 249 250 -1
0.1 251 75 -1
0.1 78 79 -1
0.1 77 253 -1
0.1 76 254 -1
0.1 252 255 -1
0.1 247 256 -1
0.1 81 82 -1
0.1 83 84 -1
0.1 86 87 -1
0.1 85 260 -1
0.1 259 261 -1
0.1 258 262 -1
0.1 88 89 -1
0.1 263 264 -1
0.1 90 91 -1
0.1 265 266 -1
0.1 93 94 -1
0.1 95 96 -1
0.1 97 98 -1
0.1 269 270 -1
0.1 271 99 -1
0.1 268 272 -1
0.1 273 100 -1
0.1 274 101 -1
0.1 104 105 -1
0.1 103 276 -1
0.1 277 106 -1
0.1 102 278 -1
0.1 279 107 -1
0.1 280 108 -1
0.1 275 281 -1
0.1 282 109 -1
0.1 110 111 -1
0.1 283 284 -1
0.1 92 285 -1
0.1 114 115 -1
0.1 287 116 -1
0.1 113 288 -1
0.1 112 289 -1
0.1 286 290 -1
0.1 267 291 -1
0.1 117 118 -1
0.1 293 119 -1
0.1 292 294 -1
0.1 80 295 -1
0.1 257 296 -1
0.1 121 122 -1
0.1 120 298 -1
0.1 126 127 -1
0.1 300 128 -1
0.1 131 132 -1
0.1 302 133 -1
0.1 135 136 -1
0.1 134 304 -1
0.1 305 137 -1
0.1 139 140 -1
0.1 138 307 -1
0.1 306 308 -1
0.1 303 309 -1
0.1 141 142 -1
0.1 143 144 -1
0.1 145 146 -1
0.1 148 149 -1
0.1 147 314 -1
0.1 313 315 -1
0.1 312 316 -1
0.1 151 152 -1
0.1 150 318 -1
0.1 317 319 -1
0.1 311 320 -1
0.1 321 153 -1
0.1 154 155 -1
0.1 322 323 -1
0.1 310 324 -1
0.1 130 325 -1
0.1 129 326 -1
0.1 301 327 -1
0.1 125 328 -1
0.1 124 329 -1
0.1 156 157 -1
0.1 330 331 -1
0.1 159 160 -1
0.1 158 333 -1
0.1 162 163 -1
0.1 161 335 -1
0.1 165 166 -1
0.1 337 167 -1
0.1 338 168 -1
0.1 164 339 -1
0.1 336 340 -1
0.1 169 170 -1
0.1 341 342 -1
0.1 334 343 -1
0.1 332 344 -1
0.1 172 173 -1
0.1 171 346 -1
0.1 345 347 -1
0.1 175 176 -1
0.1 174 349 -1
0.1 348 350 -1
0.1 123 351 -1
0.1 299 352 -1
0.1 353 177 -1
0.1 178 179 -1
0.1 354 355 -1
0.1 356 180 -1
0.1 297 357 -1
0.1 246 358 -1
