1 0 0 1
1 0 0 2
1 0 0 2
1 0 0 3
1 0 0 3
1 0 0 3
1 0 0 4
1 0 0 5
1 0 0 5
1 0 0 5
1 0 0 5
1 0 0 5
1 0 0 4
1 0 0 4
1 0 0 4
1 0 0 4
1 0 0 6
1 0 0 6
1 0 0 6
1 0 0 6
1 0 0 6
1 0 0 7
1 0 0 7
1 0 0 7
1 0 0 7
1 0 0 7
1 0 0 8
1 0 0 8
1 0 0 8
1 0 0 8
1 0 0 8
1 0 0 3
1 0 0 3
1 0 0 9
1 0 0 9
1 0 0 9
1 0 0 9
1 0 0 9
1 0 0 2
1 0 0 2
1 0 0 2
1 0 0 10
1 0 0 11
1 0 0 11
1 0 0 11
1 0 0 11
1 0 0 11
1 0 0 10
1 0 0 10
1 0 0 10
1 0 0 10
1 0 0 12
1 0 0 12
1 0 0 12
1 0 0 12
1 0 0 12
1 0 0 1
1 0 0 1
1 0 0 1
1 0 0 13
1 0 0 13
1 0 0 13
1 0 0 13
1 0 0 13
1 0 0 1
1 0 0 14
1 0 0 14
1 0 0 14
1 0 0 14
1 0 0 14
1 0 0 15
1 0 0 15
1 0 0 15
1 0 0 15
1 0 0 16
1 0 0 16
1 0 0 17
1 0 0 17
1 0 0 17
1 0 0 17
1 0 0 17
1 0 0 18
1 0 0 18
1 0 0 19
1 0 0 19
1 0 0 19
1 0 0 19
1 0 0 19
1 0 0 20
1 0 0 20
1 0 0 20
1 0 0 20
1 0 0 18
1 0 0 20
1 0 0 21
1 0 0 21
1 0 0 21
1 0 0 21
1 0 0 21
1 0 0 18
1 0 0 18
1 0 0 22
1 0 0 22
1 0 0 22
1 0 0 22
1 0 0 22
1 0 0 23
1 0 0 23
1 0 0 23
1 0 0 23
1 0 0 23
1 0 0 16
1 0 0 16
1 0 0 16
1 0 0 24
1 0 0 24
1 0 0 24
1 0 0 24
1 0 0 24
1 0 0 15
0.1 2 3 -1
0.1 5 6 -1
0.1 10 11 -1
0.1 9 123 -1
0.1 124 12 -1
0.1 8 125 -1
0.1 14 15 -1
0.1 127 16 -1
0.1 13 128 -1
0.1 126 129 -1
0.1 7 130 -1
0.1 122 131 -1
0.1 4 132 -1
0.1 17 18 -1
0.1 134 19 -1
0.1 20 21 -1
0.1 135 136 -1
0.1 22 23 -1
0.1 24 25 -1
0.1 139 26 -1
0.1 138 140 -1
0.1 141 27 -1
0.1 29 30 -1
0.1 143 31 -1
0.1 28 144 -1
0.1 142 145 -1
0.1 137 146 -1
0.1 147 32 -1
0.1 35 36 -1
0.1 37 38 -1
0.1 149 150 -1
0.1 34 151 -1
0.1 33 152 -1
0.1 148 153 -1
0.1 133 154 -1
0.1 155 39 -1
0.1 121 156 -1
0.1 40 41 -1
0.1 157 158 -1
0.1 1 159 -1
0.1 44 45 -1
0.1 46 47 -1
0.1 161 162 -1
0.1 43 163 -1
0.1 42 164 -1
0.1 48 49 -1
0.1 50 51 -1
0.1 166 167 -1
0.1 54 55 -1
0.1 169 56 -1
0.1 53 170 -1
0.1 52 171 -1
0.1 168 172 -1
0.1 165 173 -1
0.1 57 58 -1
0.1 175 59 -1
0.1 174 176 -1
0.1 60 61 -1
0.1 178 62 -1
0.1 63 64 -1
0.1 179 180 -1
0.1 177 181 -1
0.1 67 68 -1
0.1 183 69 -1
0.1 66 184 -1
0.1 185 70 -1
0.1 73 74 -1
0.1 72 187 -1
0.1 77 78 -1
0.1 79 80 -1
0.1 189 190 -1
0.1 191 81 -1
0.1 82 83 -1
0.1 86 87 -1
0.1 85 194 -1
0.1 195 88 -1
0.1 84 196 -1
0.1 89 90 -1
0.1 198 91 -1
0.1 199 92 -1
0.1 93 94 -1
0.1 200 201 -1
0.1 197 202 -1
0.1 96 97 -1
0.1 95 204 -1
0.1 205 98 -1
0.1 206 99 -1
0.1 203 207 -1
0.1 100 101 -1
0.1 102 103 -1
0.1 105 106 -1
0.1 104 211 -1
0.1 210 212 -1
0.1 209 213 -1
0.1 208 214 -1
0.1 193 215 -1
0.1 192 216 -1
0.1 76 217 -1
0.1 107 108 -1
0.1 219 109 -1
0.1 110 111 -1
0.1 220 221 -1
0.1 112 113 -1
0.1 222 223 -1
0.1 218 224 -1
0.1 75 225 -1
0.1 117 118 -1
0.1 116 227 -1
0.1 115 228 -1
0.1 229 119 -1
0.1 114 230 -1
0.1 226 231 -1
0.1 232 120 -1
0.1 188 233 -1
0.1 71 234 -1
0.1 186 235 -1
0.1 65 236 -1
0.1 182 237 -1
0.1 160 238 -1
