1 0 0 1
1 0 0 2
1 0 0 2
1 0 0 2
1 0 0 2
1 0 0 2
1 0 0 2
1 0 0 2
1 0 0 2
1 0 0 2
1 0 0 2
1 0 0 3
1 0 0 3
1 0 0 3
1 0 0 3
1 0 0 3
1 0 0 3
1 0 0 3
1 0 0 3
1 0 0 3
1 0 0 3
1 0 0 4
1 0 0 5
1 0 0 5
1 0 0 5
1 0 0 5
1 0 0 5
1 0 0 5
1 0 0 5
1 0 0 5
1 0 0 5
1 0 0 5
1 0 0 6
1 0 0 6
1 0 0 6
1 0 0 6
1 0 0 6
1 0 0 6
1 0 0 6
1 0 0 6
1 0 0 6
1 0 0 7
1 0 0 7
1 0 0 7
1 0 0 7
1 0 0 7
1 0 0 7
1 0 0 7
1 0 0 7
1 0 0 7
1 0 0 7
1 0 0 8
1 0 0 8
1 0 0 8
1 0 0 8
1 0 0 8
1 0 0 8
1 0 0 8
1 0 0 8
1 0 0 8
1 0 0 8
1 0 0 9
1 0 0 9
1 0 0 9
1 0 0 9
1 0 0 9
1 0 0 9
1 0 0 9
1 0 0 9
1 0 0 9
1 0 0 9
1 0 0 10
1 0 0 10
1 0 0 10
1 0 0 10
1 0 0 10
1 0 0 10
1 0 0 10
1 0 0 10
1 0 0 10
1 0 0 10
1 0 0 6
1 0 0 4
1 0 0 4
1 0 0 4
1 0 0 4
1 0 0 11
1 0 0 11
1 0 0 12
1 0 0 13
1 0 0 13
1 0 0 13
1 0 0 13
1 0 0 13
1 0 0 13
1 0 0 13
1 0 0 13
1 0 0 13
1 0 0 13
1 0 0 12
1 0 0 12
1 0 0 14
1 0 0 14
1 0 0 14
1 0 0 14
1 0 0 14
1 0 0 14
1 0 0 14
1 0 0 14
1 0 0 14
1 0 0 14
1 0 0 15
1 0 0 15
1 0 0 15
1 0 0 15
1 0 0 15
1 0 0 15
1 0 0 15
1 0 0 15
1 0 0 15
1 0 0 15
1 0 0 16
1 0 0 16
1 0 0 16
1 0 0 16
1 0 0 16
1 0 0 16
1 0 0 16
1 0 0 16
1 0 0 16
1 0 0 16
1 0 0 12
1 0 0 12
1 0 0 12
1 0 0 12
1 0 0 17
1 0 0 17
1 0 0 17
1 0 0 17
1 0 0 17
1 0 0 17
1 0 0 17
1 0 0 17
1 0 0 17
1 0 0 17
1 0 0 12
1 0 0 12
1 0 0 12
1 0 0 11
1 0 0 11
1 0 0 18
1 0 0 18
1 0 0 18
1 0 0 18
1 0 0 18
1 0 0 18
1 0 0 18
1 0 0 18
1 0 0 18
1 0 0 18
1 0 0 11
1 0 0 19
1 0 0 19
1 0 0 19
1 0 0 19
1 0 0 19
1 0 0 19
1 0 0 19
1 0 0 19
1 0 0 19
1 0 0 19
1 0 0 11
1 0 0 11
1 0 0 11
1 0 0 11
1 0 0 11
1 0 0 20
1 0 0 20
1 0 0 20
1 0 0 20
1 0 0 20
1 0 0 20
1 0 0 20
1 0 0 20
1 0 0 20
1 0 0 20
1 0 0 21
1 0 0 21
1 0 0 21
1 0 0 21
1 0 0 21
1 0 0 22
1 0 0 22
1 0 0 22
1 0 0 22
1 0 0 22
1 0 0 22
1 0 0 22
1 0 0 22
1 0 0 22
1 0 0 22
1 0 0 23
1 0 0 23
1 0 0 23
1 0 0 23
1 0 0 23
1 0 0 23
1 0 0 23
1 0 0 23
1 0 0 23
1 0 0 23
1 0 0 21
1 0 0 21
1 0 0 21
1 0 0 21
1 0 0 21
1 0 0 4
1 0 0 4
1 0 0 4
1 0 0 4
1 0 0 24
1 0 0 24
1 0 0 25
1 0 0 25
1 0 0 25
1 0 0 25
1 0 0 25
1 0 0 25
1 0 0 25
1 0 0 25
1 0 0 25
1 0 0 25
1 0 0 26
1 0 0 26
1 0 0 26
1 0 0 26
1 0 0 26
1 0 0 26
1 0 0 26
1 0 0 26
1 0 0 26
1 0 0 26
1 0 0 24
1 0 0 24
1 0 0 27
1 0 0 27
1 0 0 27
1 0 0 27
1 0 0 27
1 0 0 27
1 0 0 27
1 0 0 27
1 0 0 27
1 0 0 27
1 0 0 24
1 0 0 24
1 0 0 28
1 0 0 28
1 0 0 28
1 0 0 28
1 0 0 28
1 0 0 28
1 0 0 28
1 0 0 28
1 0 0 28
1 0 0 28
1 0 0 24
1 0 0 24
1 0 0 24
1 0 0 24
1 0 0 4
1 0 0 29
1 0 0 29
1 0 0 29
1 0 0 29
1 0 0 29
1 0 0 29
1 0 0 29
1 0 0 29
1 0 0 29
1 0 0 29
1 0 0 1
1 0 0 1
1 0 0 30
1 0 0 30
1 0 0 30
1 0 0 30
1 0 0 30
1 0 0 30
1 0 0 30
1 0 0 30
1 0 0 30
1 0 0 30
1 0 0 1
1 0 0 1
1 0 0 31
1 0 0 31
1 0 0 31
1 0 0 31
1 0 0 31
1 0 0 31
1 0 0 31
1 0 0 31
1 0 0 31
1 0 0 31
1 0 0 32
1 0 0 32
1 0 0 33
1 0 0 33
1 0 0 33
1 0 0 33
1 0 0 33
1 0 0 33
1 0 0 33
1 0 0 33
1 0 0 33
1 0 0 33
1 0 0 32
1 0 0 32
1 0 0 32
1 0 0 32
1 0 0 32
1 0 0 32
1 0 0 32
1 0 0 32
1 0 0 1
1 0 0 34
1 0 0 34
1 0 0 34
1 0 0 34
1 0 0 34
1 0 0 34
1 0 0 34
1 0 0 34
1 0 0 35
1 0 0 35
1 0 0 35
1 0 0 35
1 0 0 36
1 0 0 36
1 0 0 36
1 0 0 37
1 0 0 37
1 0 0 37
1 0 0 36
1 0 0 36
1 0 0 36
1 0 0 36
1 0 0 37
1 0 0 37
1 0 0 37
1 0 0 37
1 0 0 37
1 0 0 38
1 0 0 38
1 0 0 38
1 0 0 38
1 0 0 39
1 0 0 39
1 0 0 39
1 0 0 39
1 0 0 39
1 0 0 39
1 0 0 39
1 0 0 39
1 0 0 39
1 0 0 39
1 0 0 38
1 0 0 38
1 0 0 38
1 0 0 38
1 0 0 38
1 0 0 38
1 0 0 37
1 0 0 37
1 0 0 40
1 0 0 40
1 0 0 40
1 0 0 40
1 0 0 40
1 0 0 40
1 0 0 40
1 0 0 40
1 0 0 40
1 0 0 40
1 0 0 36
1 0 0 36
1 0 0 36
1 0 0 35
1 0 0 35
1 0 0 35
1 0 0 35
1 0 0 35
1 0 0 35
1 0 0 34
1 0 0 34
1 0 0 1
1 0 0 41
1 0 0 41
1 0 0 41
1 0 0 41
1 0 0 41
1 0 0 41
1 0 0 41
1 0 0 41
1 0 0 41
1 0 0 41
1 0 0 42
1 0 0 42
1 0 0 42
1 0 0 42
1 0 0 42
1 0 0 42
1 0 0 42
1 0 0 42
1 0 0 43
1 0 0 43
1 0 0 43
1 0 0 43
1 0 0 43
1 0 0 43
1 0 0 43
1 0 0 43
1 0 0 43
1 0 0 43
1 0 0 42
1 0 0 42
1 0 0 1
1 0 0 1
1 0 0 1
0.1 2 3 -1
0.1 4 5 -1
0.1 6 7 -1
0.1 432 433 -1
0.1 431 434 -1
0.1 8 9 -1
0.1 10 11 -1
0.1 436 437 -1
0.1 435 438 -1
0.1 14 15 -1
0.1 13 440 -1
0.1 12 441 -1
0.1 16 17 -1
0.1 18 19 -1
0.1 20 21 -1
0.1 444 445 -1
0.1 443 446 -1
0.1 442 447 -1
0.1 23 24 -1
0.1 25 26 -1
0.1 27 28 -1
0.1 450 451 -1
0.1 449 452 -1
0.1 453 29 -1
0.1 30 31 -1
0.1 455 32 -1
0.1 454 456 -1
0.1 22 457 -1
0.1 33 34 -1
0.1 37 38 -1
0.1 36 460 -1
0.1 39 40 -1
0.1 461 462 -1
0.1 35 463 -1
0.1 42 43 -1
0.1 44 45 -1
0.1 465 466 -1
0.1 46 47 -1
0.1 48 49 -1
0.1 468 469 -1
0.1 467 470 -1
0.1 50 51 -1
0.1 471 472 -1
0.1 41 473 -1
0.1 464 474 -1
0.1 459 475 -1
0.1 53 54 -1
0.1 59 60 -1
0.1 58 478 -1
0.1 479 61 -1
0.1 57 480 -1
0.1 56 481 -1
0.1 55 482 -1
0.1 477 483 -1
0.1 52 484 -1
0.1 62 63 -1
0.1 64 65 -1
0.1 487 66 -1
0.1 486 488 -1
0.1 67 68 -1
0.1 69 70 -1
0.1 491 71 -1
0.1 490 492 -1
0.1 489 493 -1
0.1 485 494 -1
0.1 476 495 -1
0.1 72 73 -1
0.1 75 76 -1
0.1 78 79 -1
0.1 77 499 -1
0.1 498 500 -1
0.1 74 501 -1
0.1 497 502 -1
0.1 80 81 -1
0.1 503 504 -1
0.1 496 505 -1
0.1 82 83 -1
0.1 507 84 -1
0.1 506 508 -1
0.1 85 86 -1
0.1 87 88 -1
0.1 92 93 -1
0.1 94 95 -1
0.1 512 513 -1
0.1 96 97 -1
0.1 514 515 -1
0.1 98 99 -1
0.1 516 517 -1
0.1 91 518 -1
0.1 90 519 -1
0.1 89 520 -1
0.1 100 101 -1
0.1 521 522 -1
0.1 102 103 -1
0.1 524 104 -1
0.1 107 108 -1
0.1 106 526 -1
0.1 105 527 -1
0.1 525 528 -1
0.1 110 111 -1
0.1 109 530 -1
0.1 529 531 -1
0.1 113 114 -1
0.1 533 115 -1
0.1 116 117 -1
0.1 119 120 -1
0.1 118 536 -1
0.1 537 121 -1
0.1 535 538 -1
0.1 534 539 -1
0.1 112 540 -1
0.1 124 125 -1
0.1 542 126 -1
0.1 128 129 -1
0.1 127 544 -1
0.1 543 545 -1
0.1 130 131 -1
0.1 546 547 -1
0.1 123 548 -1
0.1 122 549 -1
0.1 541 550 -1
0.1 532 551 -1
0.1 134 135 -1
0.1 136 137 -1
0.1 138 139 -1
0.1 554 555 -1
0.1 140 141 -1
0.1 557 142 -1
0.1 558 143 -1
0.1 559 144 -1
0.1 560 145 -1
0.1 556 561 -1
0.1 146 147 -1
0.1 562 563 -1
0.1 553 564 -1
0.1 133 565 -1
0.1 566 148 -1
0.1 132 567 -1
0.1 552 568 -1
0.1 523 569 -1
0.1 570 149 -1
0.1 153 154 -1
0.1 152 572 -1
0.1 573 155 -1
0.1 157 158 -1
0.1 156 575 -1
0.1 159 160 -1
0.1 576 577 -1
0.1 574 578 -1
0.1 151 579 -1
0.1 150 580 -1
0.1 581 161 -1
0.1 163 164 -1
0.1 583 165 -1
0.1 162 584 -1
0.1 166 167 -1
0.1 169 170 -1
0.1 168 587 -1
0.1 586 588 -1
0.1 589 171 -1
0.1 585 590 -1
0.1 172 173 -1
0.1 591 592 -1
0.1 582 593 -1
0.1 571 594 -1
0.1 174 175 -1
0.1 596 176 -1
0.1 595 597 -1
0.1 511 598 -1
0.1 510 599 -1
0.1 179 180 -1
0.1 178 601 -1
0.1 177 602 -1
0.1 183 184 -1
0.1 182 604 -1
0.1 181 605 -1
0.1 185 186 -1
0.1 606 607 -1
0.1 603 608 -1
0.1 600 609 -1
0.1 509 610 -1
0.1 458 611 -1
0.1 187 188 -1
0.1 189 190 -1
0.1 193 194 -1
0.1 615 195 -1
0.1 197 198 -1
0.1 196 617 -1
0.1 616 618 -1
0.1 192 619 -1
0.1 200 201 -1
0.1 199 621 -1
0.1 620 622 -1
0.1 202 203 -1
0.1 205 206 -1
0.1 208 209 -1
0.1 207 626 -1
0.1 625 627 -1
0.1 204 628 -1
0.1 210 211 -1
0.1 629 630 -1
0.1 624 631 -1
0.1 623 632 -1
0.1 191 633 -1
0.1 614 634 -1
0.1 214 215 -1
0.1 213 636 -1
0.1 212 637 -1
0.1 635 638 -1
0.1 613 639 -1
0.1 640 216 -1
0.1 217 218 -1
0.1 224 225 -1
0.1 227 228 -1
0.1 226 644 -1
0.1 643 645 -1
0.1 230 231 -1
0.1 229 647 -1
0.1 648 232 -1
0.1 646 649 -1
0.1 223 650 -1
0.1 222 651 -1
0.1 221 652 -1
0.1 235 236 -1
0.1 239 240 -1
0.1 238 655 -1
0.1 237 656 -1
0.1 654 657 -1
0.1 234 658 -1
0.1 233 659 -1
0.1 241 242 -1
0.1 660 661 -1
0.1 246 247 -1
0.1 248 249 -1
0.1 250 251 -1
0.1 664 665 -1
0.1 252 253 -1
0.1 666 667 -1
0.1 663 668 -1
0.1 245 669 -1
0.1 670 254 -1
0.1 244 671 -1
0.1 672 255 -1
0.1 243 673 -1
0.1 662 674 -1
0.1 653 675 -1
0.1 260 261 -1
0.1 259 677 -1
0.1 258 678 -1
0.1 257 679 -1
0.1 264 265 -1
0.1 681 266 -1
0.1 263 682 -1
0.1 262 683 -1
0.1 680 684 -1
0.1 256 685 -1
0.1 676 686 -1
0.1 268 269 -1
0.1 267 688 -1
0.1 687 689 -1
0.1 690 270 -1
0.1 220 691 -1
0.1 219 692 -1
0.1 642 693 -1
0.1 694 271 -1
0.1 641 695 -1
0.1 612 696 -1
0.1 448 697 -1
0.1 439 698 -1
0.1 274 275 -1
0.1 273 700 -1
0.1 279 280 -1
0.1 702 281 -1
0.1 278 703 -1
0.1 277 704 -1
0.1 276 705 -1
0.1 701 706 -1
0.1 272 707 -1
0.1 699 708 -1
0.1 282 283 -1
0.1 284 285 -1
0.1 711 286 -1
0.1 288 289 -1
0.1 287 713 -1
0.1 290 291 -1
0.1 292 293 -1
0.1 715 716 -1
0.1 714 717 -1
0.1 712 718 -1
0.1 710 719 -1
0.1 709 720 -1
0.1 1 721 -1
0.1 298 299 -1
0.1 297 723 -1
0.1 724 300 -1
0.1 296 725 -1
0.1 304 305 -1
0.1 303 727 -1
0.1 302 728 -1
0.1 301 729 -1
0.1 726 730 -1
0.1 308 309 -1
0.1 311 312 -1
0.1 310 733 -1
0.1 313 314 -1
0.1 315 316 -1
0.1 735 736 -1
0.1 737 317 -1
0.1 734 738 -1
0.1 732 739 -1
0.1 307 740 -1
0.1 306 741 -1
0.1 318 319 -1
0.1 320 321 -1
0.1 744 322 -1
0.1 745 323 -1
0.1 746 324 -1
0.1 747 325 -1
0.1 743 748 -1
0.1 742 749 -1
0.1 731 750 -1
0.1 295 751 -1
0.1 294 752 -1
0.1 753 326 -1
0.1 328 329 -1
0.1 327 755 -1
0.1 330 331 -1
0.1 757 332 -1
0.1 756 758 -1
0.1 336 337 -1
0.1 760 338 -1
0.1 335 761 -1
0.1 340 341 -1
0.1 339 763 -1
0.1 343 344 -1
0.1 342 765 -1
0.1 766 345 -1
0.1 764 767 -1
0.1 346 347 -1
0.1 350 351 -1
0.1 349 770 -1
0.1 352 353 -1
0.1 354 355 -1
0.1 356 357 -1
0.1 773 774 -1
0.1 359 360 -1
0.1 358 776 -1
0.1 777 361 -1
0.1 362 363 -1
0.1 364 365 -1
0.1 780 366 -1
0.1 779 781 -1
0.1 778 782 -1
0.1 783 367 -1
0.1 369 370 -1
0.1 368 785 -1
0.1 784 786 -1
0.1 372 373 -1
0.1 371 788 -1
0.1 787 789 -1
0.1 775 790 -1
0.1 772 791 -1
0.1 771 792 -1
0.1 374 375 -1
0.1 793 794 -1
0.1 348 795 -1
0.1 377 378 -1
0.1 376 797 -1
0.1 380 381 -1
0.1 379 799 -1
0.1 800 382 -1
0.1 798 801 -1
0.1 384 385 -1
0.1 383 803 -1
0.1 387 388 -1
0.1 386 805 -1
0.1 804 806 -1
0.1 802 807 -1
0.1 796 808 -1
0.1 769 809 -1
0.1 768 810 -1
0.1 390 391 -1
0.1 389 812 -1
0.1 811 813 -1
0.1 762 814 -1
0.1 393 394 -1
0.1 392 816 -1
0.1 815 817 -1
0.1 334 818 -1
0.1 333 819 -1
0.1 820 395 -1
0.1 821 396 -1
0.1 759 822 -1
0.1 398 399 -1
0.1 402 403 -1
0.1 401 825 -1
0.1 400 826 -1
0.1 824 827 -1
0.1 828 404 -1
0.1 406 407 -1
0.1 405 830 -1
0.1 829 831 -1
0.1 832 408 -1
0.1 833 409 -1
0.1 411 412 -1
0.1 413 414 -1
0.1 418 419 -1
0.1 417 837 -1
0.1 416 838 -1
0.1 421 422 -1
0.1 420 840 -1
0.1 424 425 -1
0.1 423 842 -1
0.1 841 843 -1
0.1 839 844 -1
0.1 415 845 -1
0.1 836 846 -1
0.1 835 847 -1
0.1 410 848 -1
0.1 849 426 -1
0.1 834 850 -1
0.1 851 427 -1
0.1 428 429 -1
0.1 852 853 -1
0.1 854 430 -1
0.1 397 855 -1
0.1 823 856 -1
0.1 754 857 -1
0.1 722 858 -1
