1 0 0 1
1 0 0 2
1 0 0 2
1 0 0 2
1 0 0 2
1 0 0 2
1 0 0 2
1 0 0 2
1 0 0 2
1 0 0 2
1 0 0 2
1 0 0 3
1 0 0 3
1 0 0 3
1 0 0 3
1 0 0 3
1 0 0 3
1 0 0 3
1 0 0 3
1 0 0 3
1 0 0 3
1 0 0 4
1 0 0 4
1 0 0 4
1 0 0 4
1 0 0 4
1 0 0 4
1 0 0 4
1 0 0 4
1 0 0 4
1 0 0 4
1 0 0 5
1 0 0 5
1 0 0 5
1 0 0 5
1 0 0 5
1 0 0 5
1 0 0 5
1 0 0 5
1 0 0 5
1 0 0 5
1 0 0 6
1 0 0 7
1 0 0 7
1 0 0 7
1 0 0 7
1 0 0 7
1 0 0 7
1 0 0 7
1 0 0 7
1 0 0 7
1 0 0 7
1 0 0 6
1 0 0 8
1 0 0 8
1 0 0 8
1 0 0 8
1 0 0 8
1 0 0 8
1 0 0 8
1 0 0 8
1 0 0 8
1 0 0 8
1 0 0 9
1 0 0 10
1 0 0 10
1 0 0 10
1 0 0 10
1 0 0 10
1 0 0 10
1 0 0 10
1 0 0 10
1 0 0 10
1 0 0 10
1 0 0 11
1 0 0 11
1 0 0 11
1 0 0 11
1 0 0 11
1 0 0 11
1 0 0 11
1 0 0 11
1 0 0 11
1 0 0 11
1 0 0 9
1 0 0 9
1 0 0 9
1 0 0 9
1 0 0 9
1 0 0 9
1 0 0 9
1 0 0 9
1 0 0 9
1 0 0 12
1 0 0 12
1 0 0 12
1 0 0 12
1 0 0 12
1 0 0 12
1 0 0 12
1 0 0 12
1 0 0 12
1 0 0 12
1 0 0 6
1 0 0 13
1 0 0 13
1 0 0 13
1 0 0 13
1 0 0 13
1 0 0 13
1 0 0 14
1 0 0 14
1 0 0 14
1 0 0 14
1 0 0 14
1 0 0 14
1 0 0 14
1 0 0 14
1 0 0 14
1 0 0 14
1 0 0 13
1 0 0 13
1 0 0 15
1 0 0 15
1 0 0 16
1 0 0 16
1 0 0 16
1 0 0 16
1 0 0 16
1 0 0 16
1 0 0 16
1 0 0 16
1 0 0 16
1 0 0 16
1 0 0 15
1 0 0 17
1 0 0 17
1 0 0 17
1 0 0 17
1 0 0 17
1 0 0 17
1 0 0 17
1 0 0 17
1 0 0 17
1 0 0 17
1 0 0 18
1 0 0 18
1 0 0 18
1 0 0 18
1 0 0 18
1 0 0 18
1 0 0 18
1 0 0 18
1 0 0 18
1 0 0 18
1 0 0 19
1 0 0 19
1 0 0 19
1 0 0 19
1 0 0 19
1 0 0 19
1 0 0 19
1 0 0 19
1 0 0 19
1 0 0 19
1 0 0 15
1 0 0 15
1 0 0 20
1 0 0 20
1 0 0 20
1 0 0 20
1 0 0 20
1 0 0 20
1 0 0 20
1 0 0 20
1 0 0 20
1 0 0 20
1 0 0 15
1 0 0 15
1 0 0 15
1 0 0 15
1 0 0 15
1 0 0 13
1 0 0 13
1 0 0 21
1 0 0 21
1 0 0 21
1 0 0 21
1 0 0 21
1 0 0 21
1 0 0 21
1 0 0 21
1 0 0 21
1 0 0 21
1 0 0 6
1 0 0 6
1 0 0 22
1 0 0 22
1 0 0 22
1 0 0 22
1 0 0 22
1 0 0 22
1 0 0 22
1 0 0 22
1 0 0 22
1 0 0 22
1 0 0 6
1 0 0 6
1 0 0 6
1 0 0 23
1 0 0 24
1 0 0 24
1 0 0 24
1 0 0 24
1 0 0 24
1 0 0 24
1 0 0 24
1 0 0 24
1 0 0 24
1 0 0 24
1 0 0 23
1 0 0 25
1 0 0 25
1 0 0 25
1 0 0 25
1 0 0 25
1 0 0 25
1 0 0 25
1 0 0 25
1 0 0 25
1 0 0 25
1 0 0 23
1 0 0 23
1 0 0 23
1 0 0 23
1 0 0 26
1 0 0 26
1 0 0 26
1 0 0 26
1 0 0 26
1 0 0 26
1 0 0 26
1 0 0 26
1 0 0 26
1 0 0 26
1 0 0 23
1 0 0 27
1 0 0 27
1 0 0 27
1 0 0 27
1 0 0 27
1 0 0 27
1 0 0 27
1 0 0 27
1 0 0 27
1 0 0 27
1 0 0 23
1 0 0 23
1 0 0 23
1 0 0 6
1 0 0 6
1 0 0 28
1 0 0 28
1 0 0 28
1 0 0 28
1 0 0 28
1 0 0 28
1 0 0 28
1 0 0 28
1 0 0 28
1 0 0 29
1 0 0 29
1 0 0 29
1 0 0 29
1 0 0 29
1 0 0 29
1 0 0 29
1 0 0 29
1 0 0 29
1 0 0 29
1 0 0 30
1 0 0 30
1 0 0 30
1 0 0 30
1 0 0 30
1 0 0 30
1 0 0 30
1 0 0 30
1 0 0 30
1 0 0 30
1 0 0 28
1 0 0 1
1 0 0 1
1 0 0 31
1 0 0 31
1 0 0 31
1 0 0 31
1 0 0 31
1 0 0 31
1 0 0 31
1 0 0 31
1 0 0 31
1 0 0 32
1 0 0 32
1 0 0 32
1 0 0 32
1 0 0 32
1 0 0 32
1 0 0 32
1 0 0 32
1 0 0 33
1 0 0 33
1 0 0 33
1 0 0 33
1 0 0 33
1 0 0 34
1 0 0 34
1 0 0 34
1 0 0 34
1 0 0 34
1 0 0 34
1 0 0 34
1 0 0 34
1 0 0 34
1 0 0 35
1 0 0 35
1 0 0 35
1 0 0 35
1 0 0 35
1 0 0 35
1 0 0 35
1 0 0 35
1 0 0 35
1 0 0 35
1 0 0 36
1 0 0 36
1 0 0 36
1 0 0 36
1 0 0 36
1 0 0 36
1 0 0 36
1 0 0 36
1 0 0 36
1 0 0 36
1 0 0 33
1 0 0 33
1 0 0 33
1 0 0 37
1 0 0 37
1 0 0 37
1 0 0 37
1 0 0 37
1 0 0 37
1 0 0 37
1 0 0 37
1 0 0 37
1 0 0 37
1 0 0 33
1 0 0 33
1 0 0 34
1 0 0 32
1 0 0 32
1 0 0 31
1 0 0 1
1 0 0 1
1 0 0 1
1 0 0 1
1 0 0 38
1 0 0 38
1 0 0 38
1 0 0 38
1 0 0 38
1 0 0 38
1 0 0 38
1 0 0 38
1 0 0 38
1 0 0 38
1 0 0 39
1 0 0 39
1 0 0 39
1 0 0 39
1 0 0 39
1 0 0 39
1 0 0 39
1 0 0 39
1 0 0 40
1 0 0 40
1 0 0 40
1 0 0 40
1 0 0 40
1 0 0 40
1 0 0 40
1 0 0 40
1 0 0 40
1 0 0 40
1 0 0 39
1 0 0 39
1 0 0 1
1 0 0 1
1 0 0 1
1 0 0 41
1 0 0 41
1 0 0 41
1 0 0 41
1 0 0 41
1 0 0 41
1 0 0 41
1 0 0 41
1 0 0 41
1 0 0 41
1 0 0 42
1 0 0 42
1 0 0 42
1 0 0 42
1 0 0 43
1 0 0 43
1 0 0 43
1 0 0 43
1 0 0 43
1 0 0 43
1 0 0 43
1 0 0 43
1 0 0 43
1 0 0 43
1 0 0 42
1 0 0 42
1 0 0 42
1 0 0 42
1 0 0 42
1 0 0 42
0.1 3 4 -1
0.1 2 431 -1
0.1 5 6 -1
0.1 433 7 -1
0.1 9 10 -1
0.1 435 11 -1
0.1 8 436 -1
0.1 434 437 -1
0.1 432 438 -1
0.1 1 439 -1
0.1 14 15 -1
0.1 13 441 -1
0.1 19 20 -1
0.1 18 443 -1
0.1 17 444 -1
0.1 16 445 -1
0.1 446 21 -1
0.1 442 447 -1
0.1 12 448 -1
0.1 24 25 -1
0.1 23 450 -1
0.1 22 451 -1
0.1 26 27 -1
0.1 28 29 -1
0.1 453 454 -1
0.1 452 455 -1
0.1 30 31 -1
0.1 456 457 -1
0.1 32 33 -1
0.1 34 35 -1
0.1 459 460 -1
0.1 36 37 -1
0.1 38 39 -1
0.1 462 463 -1
0.1 464 40 -1
0.1 465 41 -1
0.1 461 466 -1
0.1 44 45 -1
0.1 43 468 -1
0.1 46 47 -1
0.1 48 49 -1
0.1 470 471 -1
0.1 50 51 -1
0.1 472 473 -1
0.1 474 52 -1
0.1 469 475 -1
0.1 42 476 -1
0.1 54 55 -1
0.1 56 57 -1
0.1 58 59 -1
0.1 60 61 -1
0.1 481 62 -1
0.1 480 482 -1
0.1 483 63 -1
0.1 479 484 -1
0.1 478 485 -1
0.1 67 68 -1
0.1 70 71 -1
0.1 488 72 -1
0.1 69 489 -1
0.1 487 490 -1
0.1 66 491 -1
0.1 73 74 -1
0.1 492 493 -1
0.1 65 494 -1
0.1 76 77 -1
0.1 75 496 -1
0.1 78 79 -1
0.1 497 498 -1
0.1 81 82 -1
0.1 80 500 -1
0.1 83 84 -1
0.1 501 502 -1
0.1 499 503 -1
0.1 495 504 -1
0.1 85 86 -1
0.1 89 90 -1
0.1 88 507 -1
0.1 87 508 -1
0.1 506 509 -1
0.1 91 92 -1
0.1 94 95 -1
0.1 96 97 -1
0.1 98 99 -1
0.1 513 514 -1
0.1 100 101 -1
0.1 102 103 -1
0.1 516 517 -1
0.1 515 518 -1
0.1 512 519 -1
0.1 93 520 -1
0.1 511 521 -1
0.1 510 522 -1
0.1 505 523 -1
0.1 64 524 -1
0.1 486 525 -1
0.1 526 104 -1
0.1 53 527 -1
0.1 105 106 -1
0.1 108 109 -1
0.1 107 530 -1
0.1 113 114 -1
0.1 112 532 -1
0.1 111 533 -1
0.1 116 117 -1
0.1 115 535 -1
0.1 118 119 -1
0.1 536 537 -1
0.1 534 538 -1
0.1 539 120 -1
0.1 110 540 -1
0.1 123 124 -1
0.1 126 127 -1
0.1 543 128 -1
0.1 544 129 -1
0.1 130 131 -1
0.1 545 546 -1
0.1 547 132 -1
0.1 125 548 -1
0.1 133 134 -1
0.1 549 550 -1
0.1 542 551 -1
0.1 552 135 -1
0.1 139 140 -1
0.1 138 554 -1
0.1 137 555 -1
0.1 142 143 -1
0.1 141 557 -1
0.1 556 558 -1
0.1 559 144 -1
0.1 560 145 -1
0.1 136 561 -1
0.1 148 149 -1
0.1 147 563 -1
0.1 150 151 -1
0.1 152 153 -1
0.1 566 154 -1
0.1 567 155 -1
0.1 565 568 -1
0.1 564 569 -1
0.1 146 570 -1
0.1 157 158 -1
0.1 156 572 -1
0.1 159 160 -1
0.1 574 161 -1
0.1 162 163 -1
0.1 575 576 -1
0.1 573 577 -1
0.1 164 165 -1
0.1 578 579 -1
0.1 571 580 -1
0.1 562 581 -1
0.1 166 167 -1
0.1 169 170 -1
0.1 584 171 -1
0.1 168 585 -1
0.1 173 174 -1
0.1 175 176 -1
0.1 587 588 -1
0.1 589 177 -1
0.1 172 590 -1
0.1 586 591 -1
0.1 178 179 -1
0.1 592 593 -1
0.1 583 594 -1
0.1 595 180 -1
0.1 181 182 -1
0.1 596 597 -1
0.1 582 598 -1
0.1 553 599 -1
0.1 122 600 -1
0.1 121 601 -1
0.1 183 184 -1
0.1 187 188 -1
0.1 186 604 -1
0.1 185 605 -1
0.1 191 192 -1
0.1 190 607 -1
0.1 193 194 -1
0.1 608 609 -1
0.1 189 610 -1
0.1 606 611 -1
0.1 603 612 -1
0.1 602 613 -1
0.1 541 614 -1
0.1 531 615 -1
0.1 529 616 -1
0.1 195 196 -1
0.1 617 618 -1
0.1 528 619 -1
0.1 199 200 -1
0.1 198 621 -1
0.1 197 622 -1
0.1 203 204 -1
0.1 202 624 -1
0.1 201 625 -1
0.1 205 206 -1
0.1 626 627 -1
0.1 623 628 -1
0.1 620 629 -1
0.1 477 630 -1
0.1 207 208 -1
0.1 214 215 -1
0.1 213 633 -1
0.1 212 634 -1
0.1 211 635 -1
0.1 219 220 -1
0.1 218 637 -1
0.1 217 638 -1
0.1 216 639 -1
0.1 636 640 -1
0.1 225 226 -1
0.1 224 642 -1
0.1 223 643 -1
0.1 228 229 -1
0.1 227 645 -1
0.1 230 231 -1
0.1 646 647 -1
0.1 644 648 -1
0.1 222 649 -1
0.1 650 232 -1
0.1 651 233 -1
0.1 236 237 -1
0.1 238 239 -1
0.1 653 654 -1
0.1 241 242 -1
0.1 243 244 -1
0.1 656 657 -1
0.1 240 658 -1
0.1 655 659 -1
0.1 660 245 -1
0.1 235 661 -1
0.1 234 662 -1
0.1 663 246 -1
0.1 247 248 -1
0.1 252 253 -1
0.1 255 256 -1
0.1 254 667 -1
0.1 666 668 -1
0.1 251 669 -1
0.1 250 670 -1
0.1 249 671 -1
0.1 665 672 -1
0.1 664 673 -1
0.1 652 674 -1
0.1 221 675 -1
0.1 641 676 -1
0.1 258 259 -1
0.1 257 678 -1
0.1 677 679 -1
0.1 210 680 -1
0.1 681 260 -1
0.1 209 682 -1
0.1 632 683 -1
0.1 263 264 -1
0.1 685 265 -1
0.1 686 266 -1
0.1 267 268 -1
0.1 269 270 -1
0.1 272 273 -1
0.1 271 690 -1
0.1 274 275 -1
0.1 277 278 -1
0.1 276 693 -1
0.1 694 279 -1
0.1 692 695 -1
0.1 691 696 -1
0.1 697 280 -1
0.1 281 282 -1
0.1 284 285 -1
0.1 283 700 -1
0.1 286 287 -1
0.1 701 702 -1
0.1 703 288 -1
0.1 289 290 -1
0.1 704 705 -1
0.1 699 706 -1
0.1 698 707 -1
0.1 708 291 -1
0.1 689 709 -1
0.1 688 710 -1
0.1 687 711 -1
0.1 262 712 -1
0.1 261 713 -1
0.1 684 714 -1
0.1 631 715 -1
0.1 467 716 -1
0.1 458 717 -1
0.1 449 718 -1
0.1 292 293 -1
0.1 719 720 -1
0.1 440 721 -1
0.1 295 296 -1
0.1 298 299 -1
0.1 297 724 -1
0.1 725 300 -1
0.1 723 726 -1
0.1 727 301 -1
0.1 304 305 -1
0.1 303 729 -1
0.1 308 309 -1
0.1 307 731 -1
0.1 306 732 -1
0.1 312 313 -1
0.1 311 734 -1
0.1 735 314 -1
0.1 317 318 -1
0.1 316 737 -1
0.1 315 738 -1
0.1 321 322 -1
0.1 320 740 -1
0.1 319 741 -1
0.1 323 324 -1
0.1 326 327 -1
0.1 325 744 -1
0.1 329 330 -1
0.1 331 332 -1
0.1 747 333 -1
0.1 746 748 -1
0.1 328 749 -1
0.1 750 334 -1
0.1 745 751 -1
0.1 336 337 -1
0.1 335 753 -1
0.1 338 339 -1
0.1 340 341 -1
0.1 755 756 -1
0.1 343 344 -1
0.1 342 758 -1
0.1 757 759 -1
0.1 754 760 -1
0.1 752 761 -1
0.1 743 762 -1
0.1 742 763 -1
0.1 739 764 -1
0.1 346 347 -1
0.1 345 766 -1
0.1 349 350 -1
0.1 348 768 -1
0.1 352 353 -1
0.1 351 770 -1
0.1 771 354 -1
0.1 356 357 -1
0.1 355 773 -1
0.1 772 774 -1
0.1 769 775 -1
0.1 767 776 -1
0.1 765 777 -1
0.1 358 359 -1
0.1 778 779 -1
0.1 780 360 -1
0.1 736 781 -1
0.1 782 361 -1
0.1 783 362 -1
0.1 310 784 -1
0.1 733 785 -1
0.1 730 786 -1
0.1 302 787 -1
0.1 788 363 -1
0.1 728 789 -1
0.1 294 790 -1
0.1 366 367 -1
0.1 369 370 -1
0.1 373 374 -1
0.1 372 794 -1
0.1 371 795 -1
0.1 793 796 -1
0.1 797 375 -1
0.1 368 798 -1
0.1 799 376 -1
0.1 800 377 -1
0.1 801 378 -1
0.1 802 379 -1
0.1 803 380 -1
0.1 381 382 -1
0.1 383 384 -1
0.1 388 389 -1
0.1 387 807 -1
0.1 386 808 -1
0.1 391 392 -1
0.1 390 810 -1
0.1 393 394 -1
0.1 812 395 -1
0.1 811 813 -1
0.1 809 814 -1
0.1 385 815 -1
0.1 396 397 -1
0.1 816 817 -1
0.1 806 818 -1
0.1 805 819 -1
0.1 804 820 -1
0.1 792 821 -1
0.1 365 822 -1
0.1 364 823 -1
0.1 791 824 -1
0.1 402 403 -1
0.1 826 404 -1
0.1 827 405 -1
0.1 401 828 -1
0.1 408 409 -1
0.1 407 830 -1
0.1 406 831 -1
0.1 832 410 -1
0.1 829 833 -1
0.1 411 412 -1
0.1 415 416 -1
0.1 418 419 -1
0.1 417 837 -1
0.1 420 421 -1
0.1 422 423 -1
0.1 839 840 -1
0.1 841 424 -1
0.1 838 842 -1
0.1 836 843 -1
0.1 844 425 -1
0.1 414 845 -1
0.1 413 846 -1
0.1 427 428 -1
0.1 426 848 -1
0.1 429 430 -1
0.1 849 850 -1
0.1 847 851 -1
0.1 835 852 -1
0.1 834 853 -1
0.1 400 854 -1
0.1 399 855 -1
0.1 398 856 -1
0.1 825 857 -1
0.1 722 858 -1
