1 0 0 1
1 0 0 2
1 0 0 2
1 0 0 2
1 0 0 2
1 0 0 2
1 0 0 2
1 0 0 2
1 0 0 2
1 0 0 3
1 0 0 3
1 0 0 3
1 0 0 3
1 0 0 3
1 0 0 3
1 0 0 3
1 0 0 3
1 0 0 3
1 0 0 3
1 0 0 2
1 0 0 2
1 0 0 1
1 0 0 4
1 0 0 4
1 0 0 4
1 0 0 4
1 0 0 4
1 0 0 4
1 0 0 4
1 0 0 4
1 0 0 4
1 0 0 4
1 0 0 1
1 0 0 1
1 0 0 1
1 0 0 1
1 0 0 1
1 0 0 5
1 0 0 5
1 0 0 5
1 0 0 5
1 0 0 6
1 0 0 6
1 0 0 6
1 0 0 6
1 0 0 6
1 0 0 6
1 0 0 6
1 0 0 6
1 0 0 6
1 0 0 6
1 0 0 5
1 0 0 5
1 0 0 5
1 0 0 5
1 0 0 5
1 0 0 7
1 0 0 7
1 0 0 7
1 0 0 7
1 0 0 7
1 0 0 7
1 0 0 7
1 0 0 7
1 0 0 7
1 0 0 7
1 0 0 8
1 0 0 8
1 0 0 8
1 0 0 8
1 0 0 8
1 0 0 8
1 0 0 8
1 0 0 8
1 0 0 8
1 0 0 8
1 0 0 5
1 0 0 9
1 0 0 9
1 0 0 10
1 0 0 10
1 0 0 10
1 0 0 10
1 0 0 10
1 0 0 10
1 0 0 10
1 0 0 10
1 0 0 10
1 0 0 10
1 0 0 11
1 0 0 11
1 0 0 11
1 0 0 11
1 0 0 11
1 0 0 11
1 0 0 11
1 0 0 11
1 0 0 11
1 0 0 11
1 0 0 12
1 0 0 12
1 0 0 12
1 0 0 12
1 0 0 12
1 0 0 12
1 0 0 12
1 0 0 12
1 0 0 13
1 0 0 13
1 0 0 13
1 0 0 13
1 0 0 13
1 0 0 13
1 0 0 13
1 0 0 13
1 0 0 13
1 0 0 13
1 0 0 14
1 0 0 14
1 0 0 14
1 0 0 14
1 0 0 14
1 0 0 14
1 0 0 14
1 0 0 14
1 0 0 14
1 0 0 14
1 0 0 12
1 0 0 12
1 0 0 15
1 0 0 15
1 0 0 15
1 0 0 15
1 0 0 15
1 0 0 15
1 0 0 15
1 0 0 15
1 0 0 15
1 0 0 15
1 0 0 16
1 0 0 16
1 0 0 16
1 0 0 16
1 0 0 16
1 0 0 16
1 0 0 16
1 0 0 16
1 0 0 16
1 0 0 16
1 0 0 17
1 0 0 17
1 0 0 17
1 0 0 17
1 0 0 17
1 0 0 18
1 0 0 18
1 0 0 18
1 0 0 18
1 0 0 18
1 0 0 18
1 0 0 18
1 0 0 18
1 0 0 18
1 0 0 18
1 0 0 17
1 0 0 17
1 0 0 17
1 0 0 17
1 0 0 17
1 0 0 19
1 0 0 19
1 0 0 19
1 0 0 19
1 0 0 19
1 0 0 19
1 0 0 19
1 0 0 19
1 0 0 19
1 0 0 19
1 0 0 9
1 0 0 9
1 0 0 9
1 0 0 9
1 0 0 9
1 0 0 9
1 0 0 9
1 0 0 9
1 0 0 1
1 0 0 1
1 0 0 20
1 0 0 20
1 0 0 20
1 0 0 21
1 0 0 21
1 0 0 21
1 0 0 21
1 0 0 21
1 0 0 21
1 0 0 21
1 0 0 21
1 0 0 21
1 0 0 21
1 0 0 20
1 0 0 20
1 0 0 20
1 0 0 20
1 0 0 20
1 0 0 20
1 0 0 22
1 0 0 22
1 0 0 22
1 0 0 22
1 0 0 22
1 0 0 22
1 0 0 22
1 0 0 22
1 0 0 22
1 0 0 22
1 0 0 20
1 0 0 23
1 0 0 23
1 0 0 23
1 0 0 23
1 0 0 23
1 0 0 23
1 0 0 23
1 0 0 23
1 0 0 23
1 0 0 23
1 0 0 24
1 0 0 24
1 0 0 24
1 0 0 24
1 0 0 24
1 0 0 24
1 0 0 24
1 0 0 25
1 0 0 25
1 0 0 25
1 0 0 25
1 0 0 25
1 0 0 25
1 0 0 25
1 0 0 25
1 0 0 25
1 0 0 25
1 0 0 26
1 0 0 26
1 0 0 26
1 0 0 26
1 0 0 26
1 0 0 26
1 0 0 26
1 0 0 26
1 0 0 26
1 0 0 26
1 0 0 24
1 0 0 24
1 0 0 24
1 0 0 27
1 0 0 27
1 0 0 27
1 0 0 27
1 0 0 27
1 0 0 27
1 0 0 27
1 0 0 27
1 0 0 27
1 0 0 27
1 0 0 28
1 0 0 28
1 0 0 28
1 0 0 28
1 0 0 28
1 0 0 28
1 0 0 28
1 0 0 28
1 0 0 28
1 0 0 28
1 0 0 29
1 0 0 29
1 0 0 29
1 0 0 29
1 0 0 29
1 0 0 29
1 0 0 29
1 0 0 29
1 0 0 29
1 0 0 29
1 0 0 30
1 0 0 30
1 0 0 30
1 0 0 30
1 0 0 30
1 0 0 30
1 0 0 30
1 0 0 30
1 0 0 30
1 0 0 30
1 0 0 1
0.1 3 4 -1
0.1 2 301 -1
0.1 5 6 -1
0.1 7 8 -1
0.1 304 9 -1
0.1 303 305 -1
0.1 302 306 -1
0.1 10 11 -1
0.1 308 12 -1
0.1 13 14 -1
0.1 16 17 -1
0.1 15 311 -1
0.1 18 19 -1
0.1 312 313 -1
0.1 310 314 -1
0.1 309 315 -1
0.1 307 316 -1
0.1 20 21 -1
0.1 317 318 -1
0.1 1 319 -1
0.1 24 25 -1
0.1 23 321 -1
0.1 26 27 -1
0.1 29 30 -1
0.1 324 31 -1
0.1 28 325 -1
0.1 323 326 -1
0.1 322 327 -1
0.1 328 32 -1
0.1 22 329 -1
0.1 330 33 -1
0.1 34 35 -1
0.1 331 332 -1
0.1 333 36 -1
0.1 334 37 -1
0.1 320 335 -1
0.1 38 39 -1
0.1 337 40 -1
0.1 43 44 -1
0.1 45 46 -1
0.1 340 47 -1
0.1 49 50 -1
0.1 342 51 -1
0.1 48 343 -1
0.1 341 344 -1
0.1 339 345 -1
0.1 42 346 -1
0.1 41 347 -1
0.1 338 348 -1
0.1 52 53 -1
0.1 349 350 -1
0.1 54 55 -1
0.1 351 352 -1
0.1 57 58 -1
0.1 60 61 -1
0.1 62 63 -1
0.1 355 356 -1
0.1 59 357 -1
0.1 65 66 -1
0.1 64 359 -1
0.1 358 360 -1
0.1 70 71 -1
0.1 69 362 -1
0.1 68 363 -1
0.1 67 364 -1
0.1 72 73 -1
0.1 75 76 -1
0.1 74 367 -1
0.1 366 368 -1
0.1 365 369 -1
0.1 361 370 -1
0.1 354 371 -1
0.1 56 372 -1
0.1 373 77 -1
0.1 353 374 -1
0.1 336 375 -1
0.1 78 79 -1
0.1 82 83 -1
0.1 85 86 -1
0.1 84 379 -1
0.1 378 380 -1
0.1 81 381 -1
0.1 80 382 -1
0.1 88 89 -1
0.1 92 93 -1
0.1 91 385 -1
0.1 94 95 -1
0.1 387 96 -1
0.1 97 98 -1
0.1 388 389 -1
0.1 390 99 -1
0.1 386 391 -1
0.1 90 392 -1
0.1 384 393 -1
0.1 87 394 -1
0.1 100 101 -1
0.1 102 103 -1
0.1 397 104 -1
0.1 396 398 -1
0.1 105 106 -1
0.1 109 110 -1
0.1 108 401 -1
0.1 112 113 -1
0.1 111 403 -1
0.1 404 114 -1
0.1 402 405 -1
0.1 116 117 -1
0.1 115 407 -1
0.1 118 119 -1
0.1 409 120 -1
0.1 122 123 -1
0.1 121 411 -1
0.1 124 125 -1
0.1 126 127 -1
0.1 413 414 -1
0.1 412 415 -1
0.1 410 416 -1
0.1 408 417 -1
0.1 406 418 -1
0.1 107 419 -1
0.1 400 420 -1
0.1 399 421 -1
0.1 132 133 -1
0.1 131 423 -1
0.1 424 134 -1
0.1 130 425 -1
0.1 136 137 -1
0.1 138 139 -1
0.1 427 428 -1
0.1 135 429 -1
0.1 141 142 -1
0.1 145 146 -1
0.1 148 149 -1
0.1 147 433 -1
0.1 432 434 -1
0.1 144 435 -1
0.1 143 436 -1
0.1 431 437 -1
0.1 140 438 -1
0.1 430 439 -1
0.1 426 440 -1
0.1 129 441 -1
0.1 128 442 -1
0.1 422 443 -1
0.1 151 152 -1
0.1 150 445 -1
0.1 444 446 -1
0.1 155 156 -1
0.1 161 162 -1
0.1 449 163 -1
0.1 160 450 -1
0.1 451 164 -1
0.1 159 452 -1
0.1 158 453 -1
0.1 157 454 -1
0.1 448 455 -1
0.1 154 456 -1
0.1 153 457 -1
0.1 165 166 -1
0.1 458 459 -1
0.1 460 167 -1
0.1 447 461 -1
0.1 395 462 -1
0.1 383 463 -1
0.1 168 169 -1
0.1 464 465 -1
0.1 172 173 -1
0.1 171 467 -1
0.1 177 178 -1
0.1 469 179 -1
0.1 176 470 -1
0.1 175 471 -1
0.1 174 472 -1
0.1 468 473 -1
0.1 170 474 -1
0.1 181 182 -1
0.1 180 476 -1
0.1 477 183 -1
0.1 475 478 -1
0.1 466 479 -1
0.1 377 480 -1
0.1 184 185 -1
0.1 186 187 -1
0.1 482 483 -1
0.1 481 484 -1
0.1 191 192 -1
0.1 194 195 -1
0.1 487 196 -1
0.1 193 488 -1
0.1 199 200 -1
0.1 201 202 -1
0.1 490 491 -1
0.1 198 492 -1
0.1 197 493 -1
0.1 489 494 -1
0.1 495 203 -1
0.1 486 496 -1
0.1 497 204 -1
0.1 190 498 -1
0.1 205 206 -1
0.1 207 208 -1
0.1 211 212 -1
0.1 210 502 -1
0.1 503 213 -1
0.1 209 504 -1
0.1 505 214 -1
0.1 215 216 -1
0.1 217 218 -1
0.1 507 508 -1
0.1 506 509 -1
0.1 501 510 -1
0.1 511 219 -1
0.1 500 512 -1
0.1 499 513 -1
0.1 221 222 -1
0.1 515 223 -1
0.1 226 227 -1
0.1 225 517 -1
0.1 224 518 -1
0.1 519 228 -1
0.1 230 231 -1
0.1 521 232 -1
0.1 233 234 -1
0.1 522 523 -1
0.1 235 236 -1
0.1 238 239 -1
0.1 237 526 -1
0.1 241 242 -1
0.1 240 528 -1
0.1 527 529 -1
0.1 245 246 -1
0.1 244 531 -1
0.1 243 532 -1
0.1 530 533 -1
0.1 248 249 -1
0.1 247 535 -1
0.1 250 251 -1
0.1 536 537 -1
0.1 252 253 -1
0.1 255 256 -1
0.1 254 540 -1
0.1 539 541 -1
0.1 538 542 -1
0.1 258 259 -1
0.1 257 544 -1
0.1 543 545 -1
0.1 534 546 -1
0.1 525 547 -1
0.1 524 548 -1
0.1 260 261 -1
0.1 262 263 -1
0.1 264 265 -1
0.1 552 266 -1
0.1 268 269 -1
0.1 267 554 -1
0.1 553 555 -1
0.1 551 556 -1
0.1 550 557 -1
0.1 549 558 -1
0.1 229 559 -1
0.1 520 560 -1
0.1 516 561 -1
0.1 220 562 -1
0.1 272 273 -1
0.1 271 564 -1
0.1 276 277 -1
0.1 275 566 -1
0.1 274 567 -1
0.1 565 568 -1
0.1 270 569 -1
0.1 278 279 -1
0.1 570 571 -1
0.1 563 572 -1
0.1 280 281 -1
0.1 574 282 -1
0.1 285 286 -1
0.1 288 289 -1
0.1 287 577 -1
0.1 576 578 -1
0.1 284 579 -1
0.1 283 580 -1
0.1 575 581 -1
0.1 582 290 -1
0.1 583 291 -1
0.1 293 294 -1
0.1 292 585 -1
0.1 297 298 -1
0.1 296 587 -1
0.1 295 588 -1
0.1 589 299 -1
0.1 586 590 -1
0.1 584 591 -1
0.1 573 592 -1
0.1 514 593 -1
0.1 189 594 -1
0.1 595 300 -1
0.1 188 596 -1
0.1 485 597 -1
0.1 376 598 -1
