1 0 0 1
1 0 0 1
1 0 0 1
1 0 0 1
1 0 0 1
1 0 0 1
1 0 0 1
1 0 0 1
1 0 0 1
1 0 0 1
1 0 0 1
1 0 0 1
1 0 0 1
1 0 0 1
1 0 0 1
1 0 0 2
1 0 0 2
1 0 0 2
1 0 0 2
1 0 0 2
1 0 0 2
1 0 0 2
1 0 0 2
1 0 0 2
1 0 0 2
1 0 0 2
1 0 0 2
1 0 0 2
1 0 0 3
1 0 0 3
1 0 0 3
1 0 0 3
1 0 0 3
1 0 0 3
1 0 0 3
1 0 0 3
1 0 0 3
1 0 0 3
1 0 0 3
1 0 0 3
1 0 0 3
1 0 0 3
1 0 0 3
1 0 0 3
1 0 0 3
1 0 0 4
1 0 0 4
1 0 0 4
1 0 0 4
1 0 0 4
1 0 0 4
1 0 0 4
1 0 0 4
1 0 0 4
1 0 0 4
1 0 0 4
1 0 0 4
1 0 0 4
1 0 0 4
1 0 0 4
1 0 0 4
1 0 0 4
1 0 0 4
1 0 0 4
1 0 0 4
1 0 0 5
1 0 0 5
1 0 0 5
1 0 0 5
1 0 0 5
1 0 0 5
1 0 0 5
1 0 0 5
1 0 0 5
1 0 0 5
1 0 0 5
1 0 0 5
1 0 0 5
1 0 0 5
1 0 0 5
1 0 0 5
1 0 0 5
1 0 0 5
1 0 0 5
1 0 0 5
1 0 0 6
1 0 0 6
1 0 0 6
1 0 0 6
1 0 0 6
1 0 0 6
1 0 0 6
1 0 0 6
1 0 0 6
1 0 0 6
1 0 0 6
1 0 0 6
1 0 0 3
1 0 0 3
1 0 0 3
1 0 0 6
1 0 0 6
1 0 0 6
1 0 0 6
1 0 0 6
1 0 0 6
1 0 0 6
1 0 0 6
1 0 0 2
1 0 0 2
1 0 0 2
1 0 0 2
1 0 0 2
1 0 0 2
1 0 0 7
1 0 0 7
1 0 0 7
1 0 0 7
1 0 0 7
1 0 0 7
1 0 0 7
1 0 0 7
1 0 0 2
1 0 0 8
1 0 0 8
1 0 0 8
1 0 0 8
1 0 0 7
1 0 0 7
1 0 0 7
1 0 0 7
1 0 0 7
1 0 0 7
1 0 0 7
1 0 0 7
1 0 0 7
1 0 0 7
1 0 0 7
1 0 0 7
1 0 0 8
1 0 0 8
1 0 0 8
1 0 0 8
1 0 0 8
1 0 0 8
1 0 0 9
1 0 0 9
1 0 0 9
1 0 0 9
1 0 0 9
1 0 0 9
1 0 0 9
1 0 0 9
1 0 0 9
1 0 0 9
1 0 0 1
1 0 0 1
1 0 0 1
1 0 0 1
1 0 0 1
1 0 0 9
1 0 0 9
1 0 0 9
1 0 0 9
1 0 0 9
1 0 0 9
1 0 0 9
1 0 0 9
1 0 0 9
1 0 0 9
1 0 0 8
1 0 0 8
1 0 0 8
1 0 0 8
1 0 0 8
1 0 0 8
1 0 0 8
1 0 0 8
1 0 0 8
1 0 0 8
1 0 0 10
1 0 0 10
1 0 0 10
1 0 0 10
1 0 0 10
1 0 0 10
1 0 0 10
1 0 0 10
1 0 0 10
1 0 0 10
1 0 0 10
1 0 0 10
1 0 0 10
1 0 0 10
1 0 0 10
1 0 0 10
1 0 0 10
1 0 0 10
1 0 0 10
1 0 0 10
0.1 2 3 -1
0.1 201 4 -1
0.1 1 202 -1
0.1 5 6 -1
0.1 7 8 -1
0.1 204 205 -1
0.1 203 206 -1
0.1 9 10 -1
0.1 11 12 -1
0.1 209 13 -1
0.1 210 14 -1
0.1 208 211 -1
0.1 212 15 -1
0.1 207 213 -1
0.1 17 18 -1
0.1 215 19 -1
0.1 16 216 -1
0.1 24 25 -1
0.1 23 218 -1
0.1 22 219 -1
0.1 21 220 -1
0.1 20 221 -1
0.1 27 28 -1
0.1 33 34 -1
0.1 32 224 -1
0.1 31 225 -1
0.1 30 226 -1
0.1 227 35 -1
0.1 29 228 -1
0.1 38 39 -1
0.1 37 230 -1
0.1 36 231 -1
0.1 229 232 -1
0.1 42 43 -1
0.1 41 234 -1
0.1 235 44 -1
0.1 40 236 -1
0.1 46 47 -1
0.1 238 48 -1
0.1 50 51 -1
0.1 240 52 -1
0.1 49 241 -1
0.1 53 54 -1
0.1 243 55 -1
0.1 244 56 -1
0.1 57 58 -1
0.1 245 246 -1
0.1 60 61 -1
0.1 63 64 -1
0.1 62 249 -1
0.1 250 65 -1
0.1 248 251 -1
0.1 59 252 -1
0.1 247 253 -1
0.1 242 254 -1
0.1 239 255 -1
0.1 45 256 -1
0.1 237 257 -1
0.1 68 69 -1
0.1 70 71 -1
0.1 72 73 -1
0.1 261 74 -1
0.1 262 75 -1
0.1 260 263 -1
0.1 259 264 -1
0.1 78 79 -1
0.1 77 266 -1
0.1 76 267 -1
0.1 81 82 -1
0.1 80 269 -1
0.1 270 83 -1
0.1 268 271 -1
0.1 265 272 -1
0.1 84 85 -1
0.1 273 274 -1
0.1 67 275 -1
0.1 66 276 -1
0.1 258 277 -1
0.1 233 278 -1
0.1 86 87 -1
0.1 280 88 -1
0.1 90 91 -1
0.1 282 92 -1
0.1 89 283 -1
0.1 281 284 -1
0.1 93 94 -1
0.1 95 96 -1
0.1 287 97 -1
0.1 98 99 -1
0.1 289 100 -1
0.1 288 290 -1
0.1 286 291 -1
0.1 101 102 -1
0.1 293 103 -1
0.1 104 105 -1
0.1 294 295 -1
0.1 292 296 -1
0.1 106 107 -1
0.1 297 298 -1
0.1 285 299 -1
0.1 300 108 -1
0.1 279 301 -1
0.1 302 109 -1
0.1 223 303 -1
0.1 304 110 -1
0.1 111 112 -1
0.1 305 306 -1
0.1 26 307 -1
0.1 222 308 -1
0.1 113 114 -1
0.1 116 117 -1
0.1 311 118 -1
0.1 119 120 -1
0.1 313 121 -1
0.1 314 122 -1
0.1 312 315 -1
0.1 115 316 -1
0.1 317 123 -1
0.1 310 318 -1
0.1 309 319 -1
0.1 217 320 -1
0.1 214 321 -1
0.1 125 126 -1
0.1 124 323 -1
0.1 128 129 -1
0.1 325 130 -1
0.1 131 132 -1
0.1 134 135 -1
0.1 133 328 -1
0.1 327 329 -1
0.1 137 138 -1
0.1 136 331 -1
0.1 330 332 -1
0.1 326 333 -1
0.1 334 139 -1
0.1 335 140 -1
0.1 127 336 -1
0.1 337 141 -1
0.1 324 338 -1
0.1 142 143 -1
0.1 144 145 -1
0.1 340 341 -1
0.1 146 147 -1
0.1 148 149 -1
0.1 343 344 -1
0.1 151 152 -1
0.1 150 346 -1
0.1 347 153 -1
0.1 345 348 -1
0.1 154 155 -1
0.1 157 158 -1
0.1 156 351 -1
0.1 159 160 -1
0.1 352 353 -1
0.1 350 354 -1
0.1 349 355 -1
0.1 161 162 -1
0.1 163 164 -1
0.1 165 166 -1
0.1 169 170 -1
0.1 168 360 -1
0.1 167 361 -1
0.1 359 362 -1
0.1 358 363 -1
0.1 357 364 -1
0.1 356 365 -1
0.1 342 366 -1
0.1 367 171 -1
0.1 172 173 -1
0.1 176 177 -1
0.1 175 370 -1
0.1 174 371 -1
0.1 179 180 -1
0.1 178 373 -1
0.1 372 374 -1
0.1 369 375 -1
0.1 368 376 -1
0.1 181 182 -1
0.1 183 184 -1
0.1 185 186 -1
0.1 379 380 -1
0.1 378 381 -1
0.1 187 188 -1
0.1 383 189 -1
0.1 382 384 -1
0.1 191 192 -1
0.1 190 386 -1
0.1 196 197 -1
0.1 198 199 -1
0.1 388 389 -1
0.1 195 390 -1
0.1 391 200 -1
0.1 194 392 -1
0.1 193 393 -1
0.1 387 394 -1
0.1 385 395 -1
0.1 377 396 -1
0.1 339 397 -1
0.1 322 398 -1
