1 0 0 1
1 0 0 2
1 0 0 2
1 0 0 2
1 0 0 2
1 0 0 2
1 0 0 2
1 0 0 2
1 0 0 2
1 0 0 2
1 0 0 2
1 0 0 2
1 0 0 2
1 0 0 2
1 0 0 2
1 0 0 2
1 0 0 2
1 0 0 2
1 0 0 2
1 0 0 2
1 0 0 2
1 0 0 1
1 0 0 1
1 0 0 1
1 0 0 1
1 0 0 1
1 0 0 3
1 0 0 3
1 0 0 3
1 0 0 4
1 0 0 4
1 0 0 5
1 0 0 5
1 0 0 5
1 0 0 4
1 0 0 4
1 0 0 4
1 0 0 4
1 0 0 4
1 0 0 4
1 0 0 4
1 0 0 4
1 0 0 4
1 0 0 4
1 0 0 4
1 0 0 4
1 0 0 4
1 0 0 4
1 0 0 4
1 0 0 4
1 0 0 4
1 0 0 4
1 0 0 3
1 0 0 3
1 0 0 3
1 0 0 3
1 0 0 3
1 0 0 3
1 0 0 3
1 0 0 3
1 0 0 3
1 0 0 3
1 0 0 3
1 0 0 3
1 0 0 5
1 0 0 5
1 0 0 5
1 0 0 5
1 0 0 5
1 0 0 5
1 0 0 5
1 0 0 5
1 0 0 5
1 0 0 5
1 0 0 5
1 0 0 6
1 0 0 6
1 0 0 6
1 0 0 6
1 0 0 6
1 0 0 6
1 0 0 6
1 0 0 6
1 0 0 6
1 0 0 6
1 0 0 6
1 0 0 6
1 0 0 6
1 0 0 6
1 0 0 6
1 0 0 6
1 0 0 6
1 0 0 6
1 0 0 6
1 0 0 6
1 0 0 5
1 0 0 5
1 0 0 5
1 0 0 5
1 0 0 5
1 0 0 7
1 0 0 7
1 0 0 7
1 0 0 7
1 0 0 7
1 0 0 7
1 0 0 7
1 0 0 7
1 0 0 7
1 0 0 7
1 0 0 7
1 0 0 7
1 0 0 7
1 0 0 7
1 0 0 7
1 0 0 7
1 0 0 7
1 0 0 7
1 0 0 7
1 0 0 7
1 0 0 5
1 0 0 3
1 0 0 3
1 0 0 3
1 0 0 3
1 0 0 3
1 0 0 1
1 0 0 1
1 0 0 1
1 0 0 1
1 0 0 8
1 0 0 8
1 0 0 8
1 0 0 8
1 0 0 8
1 0 0 8
1 0 0 8
1 0 0 8
1 0 0 8
1 0 0 8
1 0 0 8
1 0 0 8
1 0 0 8
1 0 0 8
1 0 0 8
1 0 0 8
1 0 0 8
1 0 0 8
1 0 0 8
1 0 0 8
1 0 0 1
1 0 0 9
1 0 0 9
1 0 0 9
1 0 0 9
1 0 0 9
1 0 0 9
1 0 0 9
1 0 0 9
1 0 0 9
1 0 0 9
1 0 0 9
1 0 0 9
1 0 0 9
1 0 0 9
1 0 0 9
1 0 0 9
1 0 0 9
1 0 0 9
1 0 0 9
1 0 0 9
1 0 0 1
1 0 0 1
1 0 0 1
1 0 0 1
1 0 0 1
1 0 0 1
1 0 0 1
1 0 0 1
1 0 0 1
1 0 0 10
1 0 0 10
1 0 0 10
1 0 0 10
1 0 0 10
1 0 0 10
1 0 0 10
1 0 0 10
1 0 0 10
1 0 0 10
1 0 0 10
1 0 0 10
1 0 0 10
1 0 0 10
1 0 0 10
1 0 0 10
1 0 0 10
1 0 0 10
1 0 0 10
1 0 0 10
0.1 4 5 -1
0.1 3 201 -1
0.1 6 7 -1
0.1 203 8 -1
0.1 204 9 -1
0.1 202 205 -1
0.1 2 206 -1
0.1 11 12 -1
0.1 10 208 -1
0.1 15 16 -1
0.1 14 210 -1
0.1 13 211 -1
0.1 17 18 -1
0.1 20 21 -1
0.1 19 214 -1
0.1 213 215 -1
0.1 212 216 -1
0.1 209 217 -1
0.1 207 218 -1
0.1 22 23 -1
0.1 219 220 -1
0.1 1 221 -1
0.1 25 26 -1
0.1 24 223 -1
0.1 222 224 -1
0.1 27 28 -1
0.1 33 34 -1
0.1 32 227 -1
0.1 31 228 -1
0.1 35 36 -1
0.1 37 38 -1
0.1 40 41 -1
0.1 39 232 -1
0.1 231 233 -1
0.1 42 43 -1
0.1 45 46 -1
0.1 44 236 -1
0.1 235 237 -1
0.1 47 48 -1
0.1 238 239 -1
0.1 50 51 -1
0.1 49 241 -1
0.1 242 52 -1
0.1 240 243 -1
0.1 234 244 -1
0.1 230 245 -1
0.1 229 246 -1
0.1 30 247 -1
0.1 248 53 -1
0.1 29 249 -1
0.1 226 250 -1
0.1 55 56 -1
0.1 54 252 -1
0.1 59 60 -1
0.1 61 62 -1
0.1 254 255 -1
0.1 58 256 -1
0.1 57 257 -1
0.1 66 67 -1
0.1 65 259 -1
0.1 260 68 -1
0.1 69 70 -1
0.1 73 74 -1
0.1 72 263 -1
0.1 71 264 -1
0.1 262 265 -1
0.1 266 75 -1
0.1 261 267 -1
0.1 78 79 -1
0.1 77 269 -1
0.1 76 270 -1
0.1 81 82 -1
0.1 272 83 -1
0.1 80 273 -1
0.1 84 85 -1
0.1 86 87 -1
0.1 275 276 -1
0.1 88 89 -1
0.1 277 278 -1
0.1 91 92 -1
0.1 90 280 -1
0.1 279 281 -1
0.1 93 94 -1
0.1 283 95 -1
0.1 282 284 -1
0.1 274 285 -1
0.1 271 286 -1
0.1 97 98 -1
0.1 288 99 -1
0.1 96 289 -1
0.1 290 100 -1
0.1 101 102 -1
0.1 292 103 -1
0.1 105 106 -1
0.1 104 294 -1
0.1 107 108 -1
0.1 110 111 -1
0.1 297 112 -1
0.1 298 113 -1
0.1 109 299 -1
0.1 114 115 -1
0.1 301 116 -1
0.1 302 117 -1
0.1 119 120 -1
0.1 118 304 -1
0.1 303 305 -1
0.1 300 306 -1
0.1 296 307 -1
0.1 295 308 -1
0.1 293 309 -1
0.1 291 310 -1
0.1 311 121 -1
0.1 287 312 -1
0.1 268 313 -1
0.1 314 122 -1
0.1 64 315 -1
0.1 63 316 -1
0.1 317 123 -1
0.1 125 126 -1
0.1 124 319 -1
0.1 318 320 -1
0.1 258 321 -1
0.1 253 322 -1
0.1 251 323 -1
0.1 225 324 -1
0.1 131 132 -1
0.1 133 134 -1
0.1 135 136 -1
0.1 138 139 -1
0.1 329 140 -1
0.1 137 330 -1
0.1 141 142 -1
0.1 331 332 -1
0.1 328 333 -1
0.1 327 334 -1
0.1 143 144 -1
0.1 145 146 -1
0.1 336 337 -1
0.1 149 150 -1
0.1 148 339 -1
0.1 147 340 -1
0.1 338 341 -1
0.1 335 342 -1
0.1 326 343 -1
0.1 344 151 -1
0.1 153 154 -1
0.1 156 157 -1
0.1 155 347 -1
0.1 348 158 -1
0.1 346 349 -1
0.1 152 350 -1
0.1 159 160 -1
0.1 352 161 -1
0.1 353 162 -1
0.1 163 164 -1
0.1 165 166 -1
0.1 355 356 -1
0.1 354 357 -1
0.1 351 358 -1
0.1 167 168 -1
0.1 170 171 -1
0.1 169 361 -1
0.1 360 362 -1
0.1 359 363 -1
0.1 364 172 -1
0.1 365 173 -1
0.1 174 175 -1
0.1 366 367 -1
0.1 345 368 -1
0.1 130 369 -1
0.1 129 370 -1
0.1 177 178 -1
0.1 176 372 -1
0.1 371 373 -1
0.1 374 179 -1
0.1 375 180 -1
0.1 128 376 -1
0.1 127 377 -1
0.1 181 182 -1
0.1 379 183 -1
0.1 187 188 -1
0.1 189 190 -1
0.1 381 382 -1
0.1 383 191 -1
0.1 186 384 -1
0.1 185 385 -1
0.1 184 386 -1
0.1 380 387 -1
0.1 192 193 -1
0.1 194 195 -1
0.1 389 390 -1
0.1 197 198 -1
0.1 196 392 -1
0.1 391 393 -1
0.1 199 200 -1
0.1 394 395 -1
0.1 388 396 -1
0.1 378 397 -1
0.1 325 398 -1
