1 0 0 1
1 0 0 1
1 0 0 1
1 0 0 1
1 0 0 1
1 0 0 1
1 0 0 1
1 0 0 1
1 0 0 1
1 0 0 1
1 0 0 2
1 0 0 3
1 0 0 3
1 0 0 3
1 0 0 3
1 0 0 3
1 0 0 4
1 0 0 4
1 0 0 4
1 0 0 4
1 0 0 4
1 0 0 4
1 0 0 4
1 0 0 4
1 0 0 4
1 0 0 4
1 0 0 5
1 0 0 5
1 0 0 5
1 0 0 5
1 0 0 5
1 0 0 5
1 0 0 5
1 0 0 5
1 0 0 5
1 0 0 5
1 0 0 3
1 0 0 3
1 0 0 3
1 0 0 3
1 0 0 3
1 0 0 6
1 0 0 6
1 0 0 6
1 0 0 6
1 0 0 6
1 0 0 6
1 0 0 6
1 0 0 6
1 0 0 6
1 0 0 6
1 0 0 7
1 0 0 7
1 0 0 7
1 0 0 7
1 0 0 7
1 0 0 7
1 0 0 7
1 0 0 7
1 0 0 7
1 0 0 7
1 0 0 8
1 0 0 8
1 0 0 8
1 0 0 8
1 0 0 8
1 0 0 8
1 0 0 8
1 0 0 8
1 0 0 8
1 0 0 8
1 0 0 2
1 0 0 2
1 0 0 2
1 0 0 2
1 0 0 2
1 0 0 2
1 0 0 2
1 0 0 2
1 0 0 2
1 0 0 9
1 0 0 9
1 0 0 9
1 0 0 9
1 0 0 9
1 0 0 9
1 0 0 9
1 0 0 9
1 0 0 9
1 0 0 9
1 0 0 10
1 0 0 10
1 0 0 10
1 0 0 10
1 0 0 11
1 0 0 11
1 0 0 10
1 0 0 10
1 0 0 12
1 0 0 13
1 0 0 13
1 0 0 13
1 0 0 14
1 0 0 14
1 0 0 14
1 0 0 14
1 0 0 14
1 0 0 14
1 0 0 14
1 0 0 14
1 0 0 14
1 0 0 14
1 0 0 13
1 0 0 13
1 0 0 13
1 0 0 13
1 0 0 13
1 0 0 13
1 0 0 13
1 0 0 15
1 0 0 15
1 0 0 15
1 0 0 15
1 0 0 15
1 0 0 15
1 0 0 15
1 0 0 15
1 0 0 15
1 0 0 15
1 0 0 16
1 0 0 16
1 0 0 16
1 0 0 16
1 0 0 16
1 0 0 16
1 0 0 16
1 0 0 16
1 0 0 16
1 0 0 16
1 0 0 17
1 0 0 17
1 0 0 17
1 0 0 17
1 0 0 17
1 0 0 17
1 0 0 17
1 0 0 17
1 0 0 17
1 0 0 17
1 0 0 11
1 0 0 10
1 0 0 11
1 0 0 10
1 0 0 18
1 0 0 18
1 0 0 18
1 0 0 18
1 0 0 18
1 0 0 18
1 0 0 18
1 0 0 18
1 0 0 18
1 0 0 18
1 0 0 10
1 0 0 19
1 0 0 19
1 0 0 19
1 0 0 19
1 0 0 19
1 0 0 19
1 0 0 19
1 0 0 19
1 0 0 19
1 0 0 19
1 0 0 11
1 0 0 11
1 0 0 11
1 0 0 11
1 0 0 20
1 0 0 20
1 0 0 20
1 0 0 12
1 0 0 12
1 0 0 12
1 0 0 12
1 0 0 12
1 0 0 12
1 0 0 20
1 0 0 20
1 0 0 20
1 0 0 20
1 0 0 20
1 0 0 20
1 0 0 20
1 0 0 10
1 0 0 21
1 0 0 21
1 0 0 21
1 0 0 21
1 0 0 21
1 0 0 21
1 0 0 21
1 0 0 21
1 0 0 21
1 0 0 21
1 0 0 22
1 0 0 22
1 0 0 22
1 0 0 22
1 0 0 22
1 0 0 22
1 0 0 22
1 0 0 22
1 0 0 22
1 0 0 22
1 0 0 12
1 0 0 12
1 0 0 12
1 0 0 11
1 0 0 11
0.1 3 4 -1
0.1 5 6 -1
0.1 221 222 -1
0.1 2 223 -1
0.1 7 8 -1
0.1 224 225 -1
0.1 1 226 -1
0.1 9 10 -1
0.1 15 16 -1
0.1 14 229 -1
0.1 13 230 -1
0.1 12 231 -1
0.1 17 18 -1
0.1 233 19 -1
0.1 20 21 -1
0.1 235 22 -1
0.1 23 24 -1
0.1 237 25 -1
0.1 236 238 -1
0.1 239 26 -1
0.1 234 240 -1
0.1 27 28 -1
0.1 30 31 -1
0.1 29 243 -1
0.1 33 34 -1
0.1 32 245 -1
0.1 244 246 -1
0.1 242 247 -1
0.1 35 36 -1
0.1 39 40 -1
0.1 38 250 -1
0.1 37 251 -1
0.1 249 252 -1
0.1 248 253 -1
0.1 254 41 -1
0.1 42 43 -1
0.1 45 46 -1
0.1 44 257 -1
0.1 256 258 -1
0.1 259 47 -1
0.1 48 49 -1
0.1 50 51 -1
0.1 261 262 -1
0.1 52 53 -1
0.1 54 55 -1
0.1 57 58 -1
0.1 56 266 -1
0.1 267 59 -1
0.1 265 268 -1
0.1 60 61 -1
0.1 269 270 -1
0.1 264 271 -1
0.1 63 64 -1
0.1 67 68 -1
0.1 274 69 -1
0.1 66 275 -1
0.1 65 276 -1
0.1 277 70 -1
0.1 278 71 -1
0.1 273 279 -1
0.1 62 280 -1
0.1 272 281 -1
0.1 263 282 -1
0.1 260 283 -1
0.1 255 284 -1
0.1 241 285 -1
0.1 232 286 -1
0.1 11 287 -1
0.1 72 73 -1
0.1 74 75 -1
0.1 76 77 -1
0.1 291 78 -1
0.1 290 292 -1
0.1 293 79 -1
0.1 289 294 -1
0.1 288 295 -1
0.1 296 80 -1
0.1 228 297 -1
0.1 227 298 -1
0.1 84 85 -1
0.1 83 300 -1
0.1 82 301 -1
0.1 81 302 -1
0.1 303 86 -1
0.1 88 89 -1
0.1 87 305 -1
0.1 306 90 -1
0.1 304 307 -1
0.1 299 308 -1
0.1 91 92 -1
0.1 93 94 -1
0.1 310 311 -1
0.1 95 96 -1
0.1 312 313 -1
0.1 309 314 -1
0.1 97 98 -1
0.1 316 99 -1
0.1 315 317 -1
0.1 100 101 -1
0.1 104 105 -1
0.1 103 320 -1
0.1 106 107 -1
0.1 322 108 -1
0.1 109 110 -1
0.1 324 111 -1
0.1 323 325 -1
0.1 326 112 -1
0.1 321 327 -1
0.1 114 115 -1
0.1 116 117 -1
0.1 329 330 -1
0.1 113 331 -1
0.1 328 332 -1
0.1 333 118 -1
0.1 102 334 -1
0.1 335 119 -1
0.1 319 336 -1
0.1 121 122 -1
0.1 123 124 -1
0.1 338 339 -1
0.1 120 340 -1
0.1 126 127 -1
0.1 125 342 -1
0.1 343 128 -1
0.1 341 344 -1
0.1 345 129 -1
0.1 337 346 -1
0.1 130 131 -1
0.1 133 134 -1
0.1 132 349 -1
0.1 137 138 -1
0.1 136 351 -1
0.1 135 352 -1
0.1 350 353 -1
0.1 348 354 -1
0.1 355 139 -1
0.1 140 141 -1
0.1 142 143 -1
0.1 357 358 -1
0.1 144 145 -1
0.1 146 147 -1
0.1 361 148 -1
0.1 362 149 -1
0.1 360 363 -1
0.1 359 364 -1
0.1 356 365 -1
0.1 347 366 -1
0.1 367 150 -1
0.1 318 368 -1
0.1 151 152 -1
0.1 155 156 -1
0.1 158 159 -1
0.1 157 372 -1
0.1 371 373 -1
0.1 160 161 -1
0.1 162 163 -1
0.1 375 376 -1
0.1 374 377 -1
0.1 154 378 -1
0.1 379 164 -1
0.1 153 380 -1
0.1 167 168 -1
0.1 169 170 -1
0.1 171 172 -1
0.1 383 384 -1
0.1 385 173 -1
0.1 382 386 -1
0.1 166 387 -1
0.1 388 174 -1
0.1 165 389 -1
0.1 381 390 -1
0.1 176 177 -1
0.1 392 178 -1
0.1 175 393 -1
0.1 179 180 -1
0.1 182 183 -1
0.1 184 185 -1
0.1 396 397 -1
0.1 186 187 -1
0.1 398 399 -1
0.1 400 188 -1
0.1 190 191 -1
0.1 189 402 -1
0.1 401 403 -1
0.1 181 404 -1
0.1 395 405 -1
0.1 192 193 -1
0.1 407 194 -1
0.1 406 408 -1
0.1 195 196 -1
0.1 198 199 -1
0.1 197 411 -1
0.1 200 201 -1
0.1 412 413 -1
0.1 414 202 -1
0.1 203 204 -1
0.1 416 205 -1
0.1 415 417 -1
0.1 208 209 -1
0.1 207 419 -1
0.1 206 420 -1
0.1 210 211 -1
0.1 213 214 -1
0.1 212 423 -1
0.1 424 215 -1
0.1 422 425 -1
0.1 421 426 -1
0.1 418 427 -1
0.1 410 428 -1
0.1 217 218 -1
0.1 216 430 -1
0.1 429 431 -1
0.1 409 432 -1
0.1 394 433 -1
0.1 391 434 -1
0.1 219 220 -1
0.1 435 436 -1
0.1 370 437 -1
0.1 369 438 -1
