1 0 0 1
1 0 0 1
1 0 0 2
1 0 0 2
1 0 0 2
1 0 0 2
1 0 0 2
1 0 0 2
1 0 0 2
1 0 0 2
1 0 0 2
1 0 0 3
1 0 0 3
1 0 0 3
1 0 0 3
1 0 0 3
1 0 0 3
1 0 0 3
1 0 0 3
1 0 0 3
1 0 0 3
1 0 0 4
1 0 0 4
1 0 0 4
1 0 0 4
1 0 0 4
1 0 0 4
1 0 0 4
1 0 0 4
1 0 0 4
1 0 0 4
1 0 0 5
1 0 0 5
1 0 0 5
1 0 0 5
1 0 0 6
1 0 0 6
1 0 0 6
1 0 0 6
1 0 0 6
1 0 0 6
1 0 0 6
1 0 0 6
1 0 0 6
1 0 0 6
1 0 0 7
1 0 0 7
1 0 0 7
1 0 0 7
1 0 0 7
1 0 0 7
1 0 0 7
1 0 0 7
1 0 0 7
1 0 0 7
1 0 0 5
1 0 0 5
1 0 0 5
1 0 0 5
1 0 0 5
1 0 0 5
1 0 0 8
1 0 0 8
1 0 0 8
1 0 0 8
1 0 0 8
1 0 0 9
1 0 0 9
1 0 0 9
1 0 0 9
1 0 0 9
1 0 0 9
1 0 0 9
1 0 0 9
1 0 0 9
1 0 0 9
1 0 0 8
1 0 0 10
1 0 0 10
1 0 0 10
1 0 0 10
1 0 0 10
1 0 0 10
1 0 0 10
1 0 0 10
1 0 0 10
1 0 0 10
1 0 0 8
1 0 0 8
1 0 0 8
1 0 0 8
1 0 0 2
1 0 0 1
1 0 0 11
1 0 0 11
1 0 0 11
1 0 0 11
1 0 0 11
1 0 0 11
1 0 0 11
1 0 0 12
1 0 0 12
1 0 0 12
1 0 0 12
1 0 0 12
1 0 0 12
1 0 0 12
1 0 0 12
1 0 0 12
1 0 0 12
1 0 0 11
1 0 0 1
1 0 0 11
1 0 0 11
1 0 0 13
1 0 0 13
1 0 0 13
1 0 0 13
1 0 0 13
1 0 0 13
1 0 0 13
1 0 0 13
1 0 0 13
1 0 0 14
1 0 0 14
1 0 0 14
1 0 0 14
1 0 0 14
1 0 0 14
1 0 0 14
1 0 0 14
1 0 0 14
1 0 0 14
1 0 0 15
1 0 0 15
1 0 0 15
1 0 0 15
1 0 0 15
1 0 0 15
1 0 0 15
1 0 0 15
1 0 0 15
1 0 0 15
1 0 0 13
1 0 0 16
1 0 0 17
1 0 0 17
1 0 0 17
1 0 0 17
1 0 0 17
1 0 0 17
1 0 0 17
1 0 0 1
1 0 0 1
1 0 0 1
1 0 0 1
1 0 0 1
1 0 0 1
1 0 0 18
1 0 0 18
1 0 0 18
1 0 0 18
1 0 0 18
1 0 0 18
1 0 0 18
1 0 0 18
1 0 0 18
1 0 0 18
1 0 0 17
1 0 0 19
1 0 0 19
1 0 0 19
1 0 0 19
1 0 0 19
1 0 0 19
1 0 0 19
1 0 0 19
1 0 0 19
1 0 0 19
1 0 0 17
1 0 0 16
1 0 0 16
1 0 0 16
1 0 0 20
1 0 0 20
1 0 0 20
1 0 0 20
1 0 0 20
1 0 0 20
1 0 0 20
1 0 0 20
1 0 0 20
1 0 0 20
1 0 0 21
1 0 0 21
1 0 0 21
1 0 0 21
1 0 0 21
1 0 0 21
1 0 0 21
1 0 0 21
1 0 0 21
1 0 0 17
1 0 0 21
1 0 0 16
1 0 0 16
1 0 0 16
1 0 0 16
1 0 0 16
1 0 0 16
1 0 0 22
1 0 0 22
1 0 0 22
1 0 0 22
1 0 0 22
1 0 0 22
1 0 0 22
1 0 0 22
1 0 0 22
1 0 0 22
0.1 1 2 -1
0.1 4 5 -1
0.1 222 6 -1
0.1 223 7 -1
0.1 3 224 -1
0.1 10 11 -1
0.1 9 226 -1
0.1 14 15 -1
0.1 16 17 -1
0.1 228 229 -1
0.1 13 230 -1
0.1 18 19 -1
0.1 231 232 -1
0.1 12 233 -1
0.1 20 21 -1
0.1 234 235 -1
0.1 22 23 -1
0.1 25 26 -1
0.1 24 238 -1
0.1 28 29 -1
0.1 27 240 -1
0.1 239 241 -1
0.1 237 242 -1
0.1 30 31 -1
0.1 34 35 -1
0.1 33 245 -1
0.1 32 246 -1
0.1 36 37 -1
0.1 38 39 -1
0.1 40 41 -1
0.1 43 44 -1
0.1 251 45 -1
0.1 42 252 -1
0.1 250 253 -1
0.1 249 254 -1
0.1 248 255 -1
0.1 47 48 -1
0.1 49 50 -1
0.1 257 258 -1
0.1 46 259 -1
0.1 53 54 -1
0.1 52 261 -1
0.1 51 262 -1
0.1 263 55 -1
0.1 260 264 -1
0.1 256 265 -1
0.1 247 266 -1
0.1 58 59 -1
0.1 57 268 -1
0.1 60 61 -1
0.1 269 270 -1
0.1 56 271 -1
0.1 267 272 -1
0.1 65 66 -1
0.1 64 274 -1
0.1 63 275 -1
0.1 62 276 -1
0.1 68 69 -1
0.1 67 278 -1
0.1 71 72 -1
0.1 70 280 -1
0.1 279 281 -1
0.1 282 73 -1
0.1 75 76 -1
0.1 74 284 -1
0.1 283 285 -1
0.1 78 79 -1
0.1 80 81 -1
0.1 83 84 -1
0.1 82 289 -1
0.1 86 87 -1
0.1 85 291 -1
0.1 290 292 -1
0.1 288 293 -1
0.1 294 88 -1
0.1 89 90 -1
0.1 296 91 -1
0.1 295 297 -1
0.1 287 298 -1
0.1 77 299 -1
0.1 286 300 -1
0.1 277 301 -1
0.1 273 302 -1
0.1 244 303 -1
0.1 243 304 -1
0.1 236 305 -1
0.1 306 92 -1
0.1 227 307 -1
0.1 8 308 -1
0.1 225 309 -1
0.1 221 310 -1
0.1 96 97 -1
0.1 98 99 -1
0.1 312 313 -1
0.1 314 100 -1
0.1 102 103 -1
0.1 316 104 -1
0.1 101 317 -1
0.1 106 107 -1
0.1 109 110 -1
0.1 108 320 -1
0.1 319 321 -1
0.1 105 322 -1
0.1 318 323 -1
0.1 315 324 -1
0.1 95 325 -1
0.1 94 326 -1
0.1 113 114 -1
0.1 112 328 -1
0.1 111 329 -1
0.1 327 330 -1
0.1 117 118 -1
0.1 116 332 -1
0.1 115 333 -1
0.1 120 121 -1
0.1 122 123 -1
0.1 335 336 -1
0.1 119 337 -1
0.1 334 338 -1
0.1 124 125 -1
0.1 126 127 -1
0.1 340 341 -1
0.1 129 130 -1
0.1 128 343 -1
0.1 132 133 -1
0.1 131 345 -1
0.1 344 346 -1
0.1 342 347 -1
0.1 339 348 -1
0.1 331 349 -1
0.1 138 139 -1
0.1 351 140 -1
0.1 137 352 -1
0.1 141 142 -1
0.1 354 143 -1
0.1 353 355 -1
0.1 136 356 -1
0.1 135 357 -1
0.1 134 358 -1
0.1 350 359 -1
0.1 360 144 -1
0.1 146 147 -1
0.1 148 149 -1
0.1 362 363 -1
0.1 145 364 -1
0.1 361 365 -1
0.1 93 366 -1
0.1 311 367 -1
0.1 150 151 -1
0.1 369 152 -1
0.1 154 155 -1
0.1 153 371 -1
0.1 372 156 -1
0.1 157 158 -1
0.1 373 374 -1
0.1 160 161 -1
0.1 164 165 -1
0.1 163 377 -1
0.1 166 167 -1
0.1 378 379 -1
0.1 162 380 -1
0.1 376 381 -1
0.1 382 168 -1
0.1 159 383 -1
0.1 384 169 -1
0.1 375 385 -1
0.1 171 172 -1
0.1 173 174 -1
0.1 387 388 -1
0.1 176 177 -1
0.1 175 390 -1
0.1 391 178 -1
0.1 389 392 -1
0.1 393 179 -1
0.1 170 394 -1
0.1 386 395 -1
0.1 370 396 -1
0.1 182 183 -1
0.1 181 398 -1
0.1 187 188 -1
0.1 186 400 -1
0.1 185 401 -1
0.1 189 190 -1
0.1 191 192 -1
0.1 404 193 -1
0.1 403 405 -1
0.1 402 406 -1
0.1 184 407 -1
0.1 195 196 -1
0.1 198 199 -1
0.1 197 410 -1
0.1 409 411 -1
0.1 194 412 -1
0.1 201 202 -1
0.1 200 414 -1
0.1 413 415 -1
0.1 408 416 -1
0.1 203 204 -1
0.1 417 418 -1
0.1 399 419 -1
0.1 180 420 -1
0.1 205 206 -1
0.1 207 208 -1
0.1 209 210 -1
0.1 423 424 -1
0.1 422 425 -1
0.1 214 215 -1
0.1 213 427 -1
0.1 216 217 -1
0.1 429 218 -1
0.1 428 430 -1
0.1 431 219 -1
0.1 212 432 -1
0.1 433 220 -1
0.1 211 434 -1
0.1 426 435 -1
0.1 421 436 -1
0.1 397 437 -1
0.1 368 438 -1
