1 0 0 1
1 0 0 1
1 0 0 2
1 0 0 2
1 0 0 2
1 0 0 2
1 0 0 2
1 0 0 2
1 0 0 2
1 0 0 2
1 0 0 2
1 0 0 2
1 0 0 3
1 0 0 3
1 0 0 3
1 0 0 3
1 0 0 1
1 0 0 3
1 0 0 3
1 0 0 3
1 0 0 3
1 0 0 3
1 0 0 3
1 0 0 4
1 0 0 4
1 0 0 4
1 0 0 4
1 0 0 4
1 0 0 4
1 0 0 4
1 0 0 4
1 0 0 4
1 0 0 4
1 0 0 5
1 0 0 5
1 0 0 5
1 0 0 5
1 0 0 5
1 0 0 5
1 0 0 5
1 0 0 5
1 0 0 5
1 0 0 5
1 0 0 6
1 0 0 6
1 0 0 6
1 0 0 6
1 0 0 6
1 0 0 6
1 0 0 6
1 0 0 6
1 0 0 6
1 0 0 6
1 0 0 1
1 0 0 1
1 0 0 7
1 0 0 7
1 0 0 7
1 0 0 7
1 0 0 8
1 0 0 8
1 0 0 9
1 0 0 9
1 0 0 9
1 0 0 9
1 0 0 9
1 0 0 9
1 0 0 9
1 0 0 9
1 0 0 9
1 0 0 9
1 0 0 10
1 0 0 11
1 0 0 11
1 0 0 11
1 0 0 11
1 0 0 11
1 0 0 1
1 0 0 11
1 0 0 11
1 0 0 11
1 0 0 11
1 0 0 11
1 0 0 10
1 0 0 10
1 0 0 10
1 0 0 10
1 0 0 10
1 0 0 10
1 0 0 10
1 0 0 10
1 0 0 10
1 0 0 12
1 0 0 12
1 0 0 12
1 0 0 12
1 0 0 13
1 0 0 13
1 0 0 13
1 0 0 13
1 0 0 13
1 0 0 13
1 0 0 13
1 0 0 13
1 0 0 13
1 0 0 13
1 0 0 14
1 0 0 14
1 0 0 14
1 0 0 14
1 0 0 14
1 0 0 14
1 0 0 14
1 0 0 14
1 0 0 14
1 0 0 14
1 0 0 12
1 0 0 12
1 0 0 12
1 0 0 12
1 0 0 12
1 0 0 12
1 0 0 15
1 0 0 15
1 0 0 15
1 0 0 15
1 0 0 15
1 0 0 15
1 0 0 15
1 0 0 15
1 0 0 15
1 0 0 8
1 0 0 8
1 0 0 8
1 0 0 8
1 0 0 8
1 0 0 8
1 0 0 8
1 0 0 8
1 0 0 15
1 0 0 7
1 0 0 7
1 0 0 7
1 0 0 7
1 0 0 7
1 0 0 7
1 0 0 16
1 0 0 17
1 0 0 18
1 0 0 18
1 0 0 18
1 0 0 18
1 0 0 18
1 0 0 18
1 0 0 18
1 0 0 18
1 0 0 18
1 0 0 18
1 0 0 17
1 0 0 17
1 0 0 17
1 0 0 19
1 0 0 19
1 0 0 19
1 0 0 16
1 0 0 16
1 0 0 19
1 0 0 19
1 0 0 19
1 0 0 19
1 0 0 19
1 0 0 19
1 0 0 19
1 0 0 16
1 0 0 16
1 0 0 16
1 0 0 20
1 0 0 20
1 0 0 20
1 0 0 20
1 0 0 20
1 0 0 20
1 0 0 20
1 0 0 20
1 0 0 20
1 0 0 21
1 0 0 21
1 0 0 21
1 0 0 21
1 0 0 21
1 0 0 21
1 0 0 21
1 0 0 21
1 0 0 21
1 0 0 21
1 0 0 17
1 0 0 20
1 0 0 17
1 0 0 17
1 0 0 17
1 0 0 17
1 0 0 16
1 0 0 16
1 0 0 16
1 0 0 16
1 0 0 1
1 0 0 1
1 0 0 1
1 0 0 22
1 0 0 22
1 0 0 22
1 0 0 22
1 0 0 22
1 0 0 22
1 0 0 22
1 0 0 22
1 0 0 22
1 0 0 22
1 0 0 17
1 0 0 1
0.1 1 2 -1
0.1 5 6 -1
0.1 222 7 -1
0.1 4 223 -1
0.1 11 12 -1
0.1 10 225 -1
0.1 9 226 -1
0.1 8 227 -1
0.1 224 228 -1
0.1 3 229 -1
0.1 221 230 -1
0.1 13 14 -1
0.1 15 16 -1
0.1 232 233 -1
0.1 18 19 -1
0.1 21 22 -1
0.1 20 236 -1
0.1 237 23 -1
0.1 235 238 -1
0.1 17 239 -1
0.1 234 240 -1
0.1 25 26 -1
0.1 24 242 -1
0.1 29 30 -1
0.1 31 32 -1
0.1 244 245 -1
0.1 35 36 -1
0.1 34 247 -1
0.1 248 37 -1
0.1 38 39 -1
0.1 250 40 -1
0.1 42 43 -1
0.1 41 252 -1
0.1 251 253 -1
0.1 249 254 -1
0.1 33 255 -1
0.1 246 256 -1
0.1 28 257 -1
0.1 27 258 -1
0.1 243 259 -1
0.1 241 260 -1
0.1 231 261 -1
0.1 44 45 -1
0.1 46 47 -1
0.1 264 48 -1
0.1 263 265 -1
0.1 51 52 -1
0.1 50 267 -1
0.1 49 268 -1
0.1 266 269 -1
0.1 270 53 -1
0.1 262 271 -1
0.1 54 55 -1
0.1 57 58 -1
0.1 56 274 -1
0.1 63 64 -1
0.1 62 276 -1
0.1 67 68 -1
0.1 66 278 -1
0.1 70 71 -1
0.1 69 280 -1
0.1 279 281 -1
0.1 65 282 -1
0.1 277 283 -1
0.1 73 74 -1
0.1 75 76 -1
0.1 285 286 -1
0.1 287 77 -1
0.1 288 78 -1
0.1 79 80 -1
0.1 289 290 -1
0.1 291 81 -1
0.1 82 83 -1
0.1 292 293 -1
0.1 72 294 -1
0.1 295 84 -1
0.1 85 86 -1
0.1 90 91 -1
0.1 89 298 -1
0.1 299 92 -1
0.1 88 300 -1
0.1 87 301 -1
0.1 297 302 -1
0.1 296 303 -1
0.1 93 94 -1
0.1 95 96 -1
0.1 305 306 -1
0.1 99 100 -1
0.1 308 101 -1
0.1 98 309 -1
0.1 97 310 -1
0.1 105 106 -1
0.1 104 312 -1
0.1 103 313 -1
0.1 102 314 -1
0.1 311 315 -1
0.1 107 108 -1
0.1 109 110 -1
0.1 113 114 -1
0.1 112 319 -1
0.1 111 320 -1
0.1 318 321 -1
0.1 317 322 -1
0.1 115 116 -1
0.1 323 324 -1
0.1 316 325 -1
0.1 307 326 -1
0.1 117 118 -1
0.1 120 121 -1
0.1 119 329 -1
0.1 328 330 -1
0.1 331 122 -1
0.1 327 332 -1
0.1 304 333 -1
0.1 284 334 -1
0.1 125 126 -1
0.1 124 336 -1
0.1 337 127 -1
0.1 123 338 -1
0.1 335 339 -1
0.1 340 128 -1
0.1 129 130 -1
0.1 342 131 -1
0.1 133 134 -1
0.1 132 344 -1
0.1 135 136 -1
0.1 345 346 -1
0.1 138 139 -1
0.1 137 348 -1
0.1 347 349 -1
0.1 350 140 -1
0.1 343 351 -1
0.1 341 352 -1
0.1 61 353 -1
0.1 60 354 -1
0.1 355 141 -1
0.1 59 356 -1
0.1 144 145 -1
0.1 143 358 -1
0.1 142 359 -1
0.1 360 146 -1
0.1 357 361 -1
0.1 275 362 -1
0.1 273 363 -1
0.1 364 147 -1
0.1 272 365 -1
0.1 151 152 -1
0.1 367 153 -1
0.1 155 156 -1
0.1 157 158 -1
0.1 369 370 -1
0.1 154 371 -1
0.1 368 372 -1
0.1 150 373 -1
0.1 149 374 -1
0.1 148 375 -1
0.1 160 161 -1
0.1 159 377 -1
0.1 163 164 -1
0.1 165 166 -1
0.1 380 167 -1
0.1 169 170 -1
0.1 168 382 -1
0.1 171 172 -1
0.1 383 384 -1
0.1 385 173 -1
0.1 381 386 -1
0.1 379 387 -1
0.1 162 388 -1
0.1 175 176 -1
0.1 174 390 -1
0.1 178 179 -1
0.1 177 392 -1
0.1 181 182 -1
0.1 180 394 -1
0.1 184 185 -1
0.1 183 396 -1
0.1 395 397 -1
0.1 393 398 -1
0.1 187 188 -1
0.1 186 400 -1
0.1 190 191 -1
0.1 189 402 -1
0.1 192 193 -1
0.1 403 404 -1
0.1 405 194 -1
0.1 406 195 -1
0.1 401 407 -1
0.1 399 408 -1
0.1 196 197 -1
0.1 409 410 -1
0.1 391 411 -1
0.1 198 199 -1
0.1 200 201 -1
0.1 413 414 -1
0.1 412 415 -1
0.1 389 416 -1
0.1 378 417 -1
0.1 202 203 -1
0.1 204 205 -1
0.1 419 420 -1
0.1 418 421 -1
0.1 376 422 -1
0.1 207 208 -1
0.1 206 424 -1
0.1 210 211 -1
0.1 213 214 -1
0.1 212 427 -1
0.1 426 428 -1
0.1 215 216 -1
0.1 217 218 -1
0.1 430 431 -1
0.1 429 432 -1
0.1 209 433 -1
0.1 434 219 -1
0.1 435 220 -1
0.1 425 436 -1
0.1 423 437 -1
0.1 366 438 -1
