1 0 0 1
1 0 0 1
1 0 0 2
1 0 0 2
1 0 0 2
1 0 0 2
1 0 0 2
1 0 0 2
1 0 0 2
1 0 0 2
1 0 0 2
1 0 0 2
1 0 0 2
1 0 0 2
1 0 0 2
1 0 0 2
1 0 0 3
1 0 0 3
1 0 0 3
1 0 0 3
1 0 0 2
1 0 0 2
1 0 0 3
1 0 0 3
1 0 0 3
1 0 0 4
1 0 0 4
1 0 0 4
1 0 0 4
1 0 0 4
1 0 0 4
1 0 0 4
1 0 0 4
1 0 0 4
1 0 0 4
1 0 0 4
1 0 0 4
1 0 0 4
1 0 0 4
1 0 0 4
1 0 0 4
1 0 0 4
1 0 0 4
1 0 0 4
1 0 0 4
1 0 0 3
1 0 0 3
1 0 0 3
1 0 0 3
1 0 0 3
1 0 0 3
1 0 0 3
1 0 0 3
1 0 0 3
1 0 0 3
1 0 0 3
1 0 0 3
1 0 0 3
1 0 0 1
1 0 0 1
1 0 0 1
1 0 0 5
1 0 0 5
1 0 0 5
1 0 0 5
1 0 0 5
1 0 0 5
1 0 0 5
1 0 0 5
1 0 0 5
1 0 0 5
1 0 0 5
1 0 0 5
1 0 0 5
1 0 0 5
1 0 0 5
1 0 0 5
1 0 0 5
1 0 0 5
1 0 0 5
1 0 0 5
1 0 0 1
1 0 0 1
1 0 0 1
1 0 0 1
1 0 0 6
1 0 0 6
1 0 0 6
1 0 0 6
1 0 0 6
1 0 0 6
1 0 0 6
1 0 0 6
1 0 0 6
1 0 0 6
1 0 0 6
1 0 0 6
1 0 0 6
1 0 0 6
1 0 0 6
1 0 0 6
1 0 0 6
1 0 0 6
1 0 0 6
1 0 0 6
1 0 0 1
1 0 0 1
1 0 0 7
1 0 0 7
1 0 0 7
1 0 0 7
1 0 0 7
1 0 0 7
1 0 0 7
1 0 0 7
1 0 0 7
1 0 0 8
1 0 0 8
1 0 0 8
1 0 0 8
1 0 0 8
1 0 0 8
1 0 0 8
1 0 0 8
1 0 0 8
1 0 0 8
1 0 0 8
1 0 0 8
1 0 0 8
1 0 0 8
1 0 0 8
1 0 0 8
1 0 0 8
1 0 0 8
1 0 0 8
1 0 0 8
1 0 0 7
1 0 0 7
1 0 0 9
1 0 0 9
1 0 0 9
1 0 0 9
1 0 0 9
1 0 0 9
1 0 0 9
1 0 0 9
1 0 0 9
1 0 0 9
1 0 0 9
1 0 0 9
1 0 0 9
1 0 0 9
1 0 0 9
1 0 0 9
1 0 0 9
1 0 0 9
1 0 0 9
1 0 0 9
1 0 0 10
1 0 0 10
1 0 0 10
1 0 0 10
1 0 0 11
1 0 0 11
1 0 0 11
1 0 0 11
1 0 0 11
1 0 0 11
1 0 0 11
1 0 0 11
1 0 0 11
1 0 0 11
1 0 0 11
1 0 0 11
1 0 0 11
1 0 0 11
1 0 0 11
1 0 0 11
1 0 0 11
1 0 0 11
1 0 0 11
1 0 0 11
1 0 0 10
1 0 0 10
1 0 0 10
1 0 0 10
1 0 0 10
1 0 0 10
1 0 0 10
1 0 0 10
1 0 0 10
1 0 0 10
1 0 0 10
1 0 0 12
1 0 0 12
1 0 0 12
1 0 0 12
1 0 0 12
1 0 0 12
1 0 0 12
1 0 0 12
1 0 0 12
1 0 0 12
1 0 0 12
1 0 0 12
1 0 0 12
1 0 0 12
1 0 0 12
1 0 0 12
1 0 0 12
1 0 0 12
1 0 0 12
1 0 0 12
1 0 0 13
1 0 0 13
1 0 0 13
1 0 0 13
1 0 0 13
1 0 0 13
1 0 0 13
1 0 0 13
1 0 0 13
1 0 0 13
1 0 0 13
1 0 0 13
1 0 0 13
1 0 0 13
1 0 0 13
1 0 0 13
1 0 0 13
1 0 0 13
1 0 0 13
1 0 0 13
1 0 0 10
1 0 0 10
1 0 0 10
1 0 0 10
1 0 0 10
1 0 0 14
1 0 0 14
1 0 0 14
1 0 0 14
1 0 0 14
1 0 0 14
1 0 0 14
1 0 0 14
1 0 0 14
1 0 0 14
1 0 0 14
1 0 0 14
1 0 0 14
1 0 0 14
1 0 0 14
1 0 0 14
1 0 0 14
1 0 0 14
1 0 0 14
1 0 0 14
1 0 0 7
1 0 0 7
1 0 0 7
1 0 0 7
1 0 0 7
1 0 0 7
1 0 0 15
1 0 0 15
1 0 0 15
1 0 0 15
1 0 0 15
1 0 0 15
1 0 0 15
1 0 0 15
1 0 0 15
1 0 0 15
1 0 0 15
1 0 0 15
1 0 0 15
1 0 0 15
1 0 0 15
1 0 0 15
1 0 0 15
1 0 0 15
1 0 0 15
1 0 0 7
1 0 0 15
1 0 0 7
1 0 0 7
1 0 0 16
1 0 0 16
1 0 0 16
1 0 0 16
1 0 0 16
1 0 0 16
1 0 0 16
1 0 0 16
1 0 0 16
1 0 0 16
1 0 0 16
1 0 0 16
1 0 0 16
1 0 0 16
1 0 0 16
1 0 0 16
1 0 0 16
1 0 0 17
1 0 0 17
1 0 0 17
1 0 0 17
1 0 0 17
1 0 0 17
1 0 0 17
1 0 0 17
1 0 0 17
1 0 0 17
1 0 0 17
1 0 0 17
1 0 0 17
1 0 0 17
1 0 0 17
1 0 0 17
1 0 0 17
1 0 0 17
1 0 0 17
1 0 0 17
1 0 0 16
1 0 0 16
1 0 0 16
1 0 0 18
1 0 0 18
1 0 0 18
1 0 0 18
1 0 0 1
1 0 0 1
1 0 0 1
1 0 0 1
1 0 0 1
1 0 0 2
1 0 0 2
1 0 0 2
1 0 0 2
1 0 0 1
1 0 0 1
1 0 0 1
1 0 0 1
1 0 0 19
1 0 0 19
1 0 0 19
1 0 0 19
1 0 0 19
1 0 0 19
1 0 0 19
1 0 0 20
1 0 0 20
1 0 0 20
1 0 0 20
1 0 0 20
1 0 0 20
1 0 0 20
1 0 0 20
1 0 0 20
1 0 0 20
1 0 0 20
1 0 0 20
1 0 0 20
1 0 0 20
1 0 0 20
1 0 0 20
1 0 0 20
1 0 0 20
1 0 0 20
1 0 0 20
1 0 0 21
1 0 0 21
1 0 0 21
1 0 0 21
1 0 0 21
1 0 0 21
1 0 0 21
1 0 0 21
1 0 0 21
1 0 0 19
1 0 0 19
1 0 0 19
1 0 0 19
1 0 0 21
1 0 0 21
1 0 0 21
1 0 0 21
1 0 0 21
1 0 0 21
1 0 0 21
1 0 0 21
1 0 0 21
1 0 0 21
1 0 0 21
1 0 0 19
1 0 0 22
1 0 0 22
1 0 0 22
1 0 0 22
1 0 0 22
1 0 0 22
1 0 0 22
1 0 0 22
1 0 0 22
1 0 0 22
1 0 0 22
1 0 0 22
1 0 0 22
1 0 0 22
1 0 0 22
1 0 0 22
1 0 0 22
1 0 0 22
1 0 0 22
1 0 0 22
1 0 0 19
1 0 0 23
1 0 0 23
1 0 0 23
1 0 0 23
1 0 0 23
1 0 0 23
1 0 0 23
1 0 0 23
1 0 0 23
1 0 0 23
1 0 0 23
1 0 0 23
1 0 0 23
1 0 0 23
1 0 0 23
1 0 0 23
1 0 0 23
1 0 0 23
1 0 0 23
1 0 0 23
1 0 0 19
1 0 0 19
1 0 0 24
1 0 0 24
1 0 0 24
1 0 0 24
1 0 0 24
1 0 0 24
1 0 0 24
1 0 0 24
1 0 0 24
1 0 0 24
1 0 0 24
1 0 0 24
1 0 0 24
1 0 0 24
1 0 0 24
1 0 0 24
1 0 0 24
1 0 0 24
1 0 0 24
1 0 0 24
1 0 0 19
1 0 0 25
1 0 0 25
1 0 0 25
1 0 0 25
1 0 0 25
1 0 0 25
1 0 0 25
1 0 0 25
1 0 0 25
1 0 0 25
1 0 0 25
1 0 0 25
1 0 0 25
1 0 0 25
1 0 0 25
1 0 0 25
1 0 0 25
1 0 0 25
1 0 0 25
1 0 0 25
1 0 0 19
1 0 0 19
1 0 0 19
1 0 0 26
1 0 0 26
1 0 0 26
1 0 0 26
1 0 0 26
1 0 0 26
1 0 0 26
1 0 0 26
1 0 0 26
1 0 0 26
1 0 0 26
1 0 0 26
1 0 0 26
1 0 0 26
1 0 0 26
1 0 0 26
1 0 0 26
1 0 0 26
1 0 0 26
1 0 0 26
1 0 0 19
1 0 0 18
1 0 0 18
1 0 0 18
1 0 0 18
1 0 0 18
1 0 0 18
1 0 0 18
1 0 0 18
1 0 0 18
1 0 0 18
1 0 0 18
1 0 0 18
1 0 0 18
1 0 0 18
1 0 0 18
1 0 0 18
1 0 0 27
1 0 0 27
1 0 0 28
1 0 0 28
1 0 0 28
1 0 0 28
1 0 0 28
1 0 0 28
1 0 0 28
1 0 0 28
1 0 0 28
1 0 0 28
1 0 0 28
1 0 0 28
1 0 0 28
1 0 0 28
1 0 0 28
1 0 0 28
1 0 0 29
1 0 0 29
1 0 0 29
1 0 0 29
1 0 0 29
1 0 0 30
1 0 0 30
1 0 0 30
1 0 0 30
1 0 0 30
1 0 0 30
1 0 0 30
1 0 0 31
1 0 0 31
1 0 0 31
1 0 0 31
1 0 0 31
1 0 0 31
1 0 0 31
1 0 0 29
1 0 0 29
1 0 0 29
1 0 0 29
1 0 0 30
1 0 0 30
1 0 0 30
1 0 0 30
1 0 0 30
1 0 0 30
1 0 0 30
1 0 0 30
1 0 0 30
1 0 0 30
1 0 0 30
1 0 0 30
1 0 0 30
1 0 0 32
1 0 0 32
1 0 0 32
1 0 0 33
1 0 0 33
1 0 0 33
1 0 0 33
1 0 0 33
1 0 0 33
1 0 0 33
1 0 0 33
1 0 0 33
1 0 0 33
1 0 0 33
1 0 0 33
1 0 0 33
1 0 0 33
1 0 0 33
1 0 0 33
1 0 0 33
1 0 0 33
1 0 0 33
1 0 0 33
1 0 0 32
1 0 0 32
1 0 0 32
1 0 0 34
1 0 0 34
1 0 0 34
1 0 0 34
1 0 0 34
1 0 0 34
1 0 0 34
1 0 0 34
1 0 0 34
1 0 0 34
1 0 0 34
1 0 0 34
1 0 0 34
1 0 0 34
1 0 0 34
1 0 0 34
1 0 0 34
1 0 0 34
1 0 0 34
1 0 0 34
1 0 0 32
1 0 0 32
1 0 0 35
1 0 0 35
1 0 0 35
1 0 0 35
1 0 0 35
1 0 0 35
1 0 0 35
1 0 0 35
1 0 0 35
1 0 0 35
1 0 0 35
1 0 0 35
1 0 0 35
1 0 0 35
1 0 0 35
1 0 0 35
1 0 0 35
1 0 0 35
1 0 0 35
1 0 0 35
1 0 0 32
1 0 0 32
1 0 0 32
1 0 0 32
1 0 0 32
1 0 0 32
1 0 0 32
1 0 0 32
1 0 0 36
1 0 0 36
1 0 0 36
1 0 0 36
1 0 0 36
1 0 0 36
1 0 0 36
1 0 0 36
1 0 0 36
1 0 0 36
1 0 0 36
1 0 0 36
1 0 0 36
1 0 0 36
1 0 0 36
1 0 0 36
1 0 0 36
1 0 0 36
1 0 0 36
1 0 0 36
1 0 0 32
1 0 0 32
1 0 0 32
1 0 0 32
1 0 0 31
1 0 0 31
1 0 0 31
1 0 0 31
1 0 0 31
1 0 0 31
1 0 0 31
1 0 0 31
1 0 0 29
1 0 0 29
1 0 0 29
1 0 0 29
1 0 0 29
1 0 0 29
1 0 0 29
1 0 0 29
1 0 0 29
1 0 0 29
1 0 0 29
1 0 0 31
1 0 0 31
1 0 0 31
1 0 0 31
1 0 0 31
1 0 0 27
1 0 0 27
1 0 0 28
1 0 0 28
1 0 0 28
1 0 0 28
1 0 0 27
1 0 0 27
1 0 0 27
1 0 0 37
1 0 0 37
1 0 0 37
1 0 0 37
1 0 0 37
1 0 0 37
1 0 0 38
1 0 0 38
1 0 0 38
1 0 0 38
1 0 0 39
1 0 0 39
1 0 0 39
1 0 0 39
1 0 0 39
1 0 0 39
1 0 0 39
1 0 0 39
1 0 0 39
1 0 0 39
1 0 0 39
1 0 0 39
1 0 0 39
1 0 0 39
1 0 0 39
1 0 0 39
1 0 0 39
1 0 0 39
1 0 0 39
1 0 0 37
1 0 0 37
1 0 0 37
1 0 0 38
1 0 0 38
1 0 0 38
1 0 0 38
1 0 0 38
1 0 0 38
1 0 0 38
1 0 0 38
1 0 0 39
1 0 0 38
1 0 0 38
1 0 0 38
1 0 0 38
1 0 0 38
1 0 0 38
1 0 0 38
1 0 0 38
1 0 0 27
1 0 0 27
1 0 0 27
1 0 0 27
1 0 0 27
1 0 0 27
1 0 0 27
1 0 0 27
1 0 0 27
1 0 0 27
1 0 0 27
1 0 0 37
1 0 0 37
1 0 0 37
1 0 0 37
1 0 0 37
1 0 0 37
1 0 0 37
1 0 0 37
1 0 0 37
1 0 0 37
1 0 0 37
1 0 0 27
1 0 0 27
0.1 1 2 -1
0.1 6 7 -1
0.1 5 782 -1
0.1 8 9 -1
0.1 783 784 -1
0.1 4 785 -1
0.1 3 786 -1
0.1 10 11 -1
0.1 787 788 -1
0.1 12 13 -1
0.1 15 16 -1
0.1 14 791 -1
0.1 790 792 -1
0.1 789 793 -1
0.1 19 20 -1
0.1 18 795 -1
0.1 17 796 -1
0.1 21 22 -1
0.1 798 23 -1
0.1 799 24 -1
0.1 800 25 -1
0.1 797 801 -1
0.1 26 27 -1
0.1 28 29 -1
0.1 804 30 -1
0.1 805 31 -1
0.1 803 806 -1
0.1 32 33 -1
0.1 34 35 -1
0.1 809 36 -1
0.1 808 810 -1
0.1 37 38 -1
0.1 811 812 -1
0.1 40 41 -1
0.1 39 814 -1
0.1 42 43 -1
0.1 44 45 -1
0.1 816 817 -1
0.1 815 818 -1
0.1 813 819 -1
0.1 807 820 -1
0.1 48 49 -1
0.1 47 822 -1
0.1 46 823 -1
0.1 52 53 -1
0.1 51 825 -1
0.1 50 826 -1
0.1 824 827 -1
0.1 57 58 -1
0.1 56 829 -1
0.1 55 830 -1
0.1 54 831 -1
0.1 828 832 -1
0.1 821 833 -1
0.1 802 834 -1
0.1 60 61 -1
0.1 66 67 -1
0.1 65 837 -1
0.1 68 69 -1
0.1 839 70 -1
0.1 838 840 -1
0.1 71 72 -1
0.1 842 73 -1
0.1 76 77 -1
0.1 75 844 -1
0.1 74 845 -1
0.1 78 79 -1
0.1 80 81 -1
0.1 847 848 -1
0.1 846 849 -1
0.1 843 850 -1
0.1 841 851 -1
0.1 64 852 -1
0.1 63 853 -1
0.1 62 854 -1
0.1 855 82 -1
0.1 836 856 -1
0.1 59 857 -1
0.1 83 84 -1
0.1 88 89 -1
0.1 87 860 -1
0.1 86 861 -1
0.1 91 92 -1
0.1 93 94 -1
0.1 863 864 -1
0.1 95 96 -1
0.1 866 97 -1
0.1 865 867 -1
0.1 90 868 -1
0.1 862 869 -1
0.1 99 100 -1
0.1 871 101 -1
0.1 98 872 -1
0.1 103 104 -1
0.1 102 874 -1
0.1 873 875 -1
0.1 876 105 -1
0.1 870 877 -1
0.1 878 106 -1
0.1 85 879 -1
0.1 859 880 -1
0.1 858 881 -1
0.1 835 882 -1
0.1 794 883 -1
0.1 108 109 -1
0.1 110 111 -1
0.1 113 114 -1
0.1 112 887 -1
0.1 886 888 -1
0.1 885 889 -1
0.1 890 115 -1
0.1 117 118 -1
0.1 121 122 -1
0.1 120 893 -1
0.1 119 894 -1
0.1 892 895 -1
0.1 124 125 -1
0.1 126 127 -1
0.1 129 130 -1
0.1 128 899 -1
0.1 898 900 -1
0.1 897 901 -1
0.1 131 132 -1
0.1 903 133 -1
0.1 135 136 -1
0.1 134 905 -1
0.1 904 906 -1
0.1 902 907 -1
0.1 123 908 -1
0.1 896 909 -1
0.1 116 910 -1
0.1 891 911 -1
0.1 137 138 -1
0.1 140 141 -1
0.1 142 143 -1
0.1 914 915 -1
0.1 144 145 -1
0.1 916 917 -1
0.1 918 146 -1
0.1 149 150 -1
0.1 148 920 -1
0.1 147 921 -1
0.1 919 922 -1
0.1 139 923 -1
0.1 151 152 -1
0.1 154 155 -1
0.1 153 926 -1
0.1 925 927 -1
0.1 156 157 -1
0.1 929 158 -1
0.1 928 930 -1
0.1 924 931 -1
0.1 913 932 -1
0.1 160 161 -1
0.1 159 934 -1
0.1 163 164 -1
0.1 936 165 -1
0.1 166 167 -1
0.1 169 170 -1
0.1 168 939 -1
0.1 172 173 -1
0.1 171 941 -1
0.1 174 175 -1
0.1 177 178 -1
0.1 944 179 -1
0.1 180 181 -1
0.1 945 946 -1
0.1 176 947 -1
0.1 943 948 -1
0.1 949 182 -1
0.1 942 950 -1
0.1 940 951 -1
0.1 938 952 -1
0.1 937 953 -1
0.1 162 954 -1
0.1 935 955 -1
0.1 184 185 -1
0.1 957 186 -1
0.1 958 187 -1
0.1 183 959 -1
0.1 188 189 -1
0.1 191 192 -1
0.1 190 962 -1
0.1 961 963 -1
0.1 960 964 -1
0.1 194 195 -1
0.1 197 198 -1
0.1 196 967 -1
0.1 966 968 -1
0.1 199 200 -1
0.1 201 202 -1
0.1 970 971 -1
0.1 204 205 -1
0.1 973 206 -1
0.1 203 974 -1
0.1 207 208 -1
0.1 209 210 -1
0.1 976 977 -1
0.1 975 978 -1
0.1 979 211 -1
0.1 972 980 -1
0.1 969 981 -1
0.1 212 213 -1
0.1 982 983 -1
0.1 214 215 -1
0.1 985 216 -1
0.1 218 219 -1
0.1 217 987 -1
0.1 986 988 -1
0.1 220 221 -1
0.1 989 990 -1
0.1 224 225 -1
0.1 992 226 -1
0.1 223 993 -1
0.1 222 994 -1
0.1 227 228 -1
0.1 229 230 -1
0.1 996 997 -1
0.1 231 232 -1
0.1 999 233 -1
0.1 998 1000 -1
0.1 995 1001 -1
0.1 991 1002 -1
0.1 984 1003 -1
0.1 193 1004 -1
0.1 242 243 -1
0.1 1006 244 -1
0.1 1007 245 -1
0.1 241 1008 -1
0.1 240 1009 -1
0.1 239 1010 -1
0.1 246 247 -1
0.1 1012 248 -1
0.1 249 250 -1
0.1 252 253 -1
0.1 251 1015 -1
0.1 1014 1016 -1
0.1 254 255 -1
0.1 1018 256 -1
0.1 1017 1019 -1
0.1 1013 1020 -1
0.1 257 258 -1
0.1 1021 1022 -1
0.1 1011 1023 -1
0.1 238 1024 -1
0.1 237 1025 -1
0.1 236 1026 -1
0.1 235 1027 -1
0.1 234 1028 -1
0.1 1005 1029 -1
0.1 965 1030 -1
0.1 956 1031 -1
0.1 1032 259 -1
0.1 933 1033 -1
0.1 260 261 -1
0.1 262 263 -1
0.1 1035 1036 -1
0.1 1034 1037 -1
0.1 267 268 -1
0.1 270 271 -1
0.1 269 1040 -1
0.1 1039 1041 -1
0.1 266 1042 -1
0.1 265 1043 -1
0.1 274 275 -1
0.1 273 1045 -1
0.1 272 1046 -1
0.1 276 277 -1
0.1 1048 278 -1
0.1 279 280 -1
0.1 1049 1050 -1
0.1 282 283 -1
0.1 281 1052 -1
0.1 1051 1053 -1
0.1 1047 1054 -1
0.1 1055 284 -1
0.1 1056 285 -1
0.1 1044 1057 -1
0.1 264 1058 -1
0.1 286 287 -1
0.1 290 291 -1
0.1 289 1061 -1
0.1 288 1062 -1
0.1 292 293 -1
0.1 294 295 -1
0.1 1064 1065 -1
0.1 1063 1066 -1
0.1 296 297 -1
0.1 300 301 -1
0.1 299 1069 -1
0.1 302 303 -1
0.1 1070 1071 -1
0.1 1072 304 -1
0.1 298 1073 -1
0.1 1068 1074 -1
0.1 1067 1075 -1
0.1 307 308 -1
0.1 306 1077 -1
0.1 311 312 -1
0.1 1079 313 -1
0.1 310 1080 -1
0.1 309 1081 -1
0.1 315 316 -1
0.1 1083 317 -1
0.1 314 1084 -1
0.1 318 319 -1
0.1 1086 320 -1
0.1 1085 1087 -1
0.1 1082 1088 -1
0.1 1078 1089 -1
0.1 323 324 -1
0.1 322 1091 -1
0.1 321 1092 -1
0.1 1090 1093 -1
0.1 305 1094 -1
0.1 1076 1095 -1
0.1 326 327 -1
0.1 325 1097 -1
0.1 1096 1098 -1
0.1 1060 1099 -1
0.1 1059 1100 -1
0.1 1038 1101 -1
0.1 912 1102 -1
0.1 107 1103 -1
0.1 884 1104 -1
0.1 781 1105 -1
0.1 328 329 -1
0.1 330 331 -1
0.1 1107 1108 -1
0.1 1109 332 -1
0.1 333 334 -1
0.1 1110 1111 -1
0.1 335 336 -1
0.1 1112 1113 -1
0.1 1106 1114 -1
0.1 337 338 -1
0.1 339 340 -1
0.1 1116 1117 -1
0.1 343 344 -1
0.1 342 1119 -1
0.1 345 346 -1
0.1 347 348 -1
0.1 349 350 -1
0.1 1122 1123 -1
0.1 1121 1124 -1
0.1 354 355 -1
0.1 357 358 -1
0.1 356 1127 -1
0.1 1126 1128 -1
0.1 353 1129 -1
0.1 1130 359 -1
0.1 352 1131 -1
0.1 360 361 -1
0.1 1133 362 -1
0.1 1132 1134 -1
0.1 367 368 -1
0.1 1136 369 -1
0.1 366 1137 -1
0.1 365 1138 -1
0.1 1139 370 -1
0.1 1140 371 -1
0.1 364 1141 -1
0.1 363 1142 -1
0.1 1135 1143 -1
0.1 375 376 -1
0.1 374 1145 -1
0.1 1146 377 -1
0.1 373 1147 -1
0.1 379 380 -1
0.1 378 1149 -1
0.1 1148 1150 -1
0.1 383 384 -1
0.1 382 1152 -1
0.1 381 1153 -1
0.1 385 386 -1
0.1 389 390 -1
0.1 388 1156 -1
0.1 387 1157 -1
0.1 391 392 -1
0.1 1158 1159 -1
0.1 1155 1160 -1
0.1 1154 1161 -1
0.1 1151 1162 -1
0.1 393 394 -1
0.1 1164 395 -1
0.1 1163 1165 -1
0.1 372 1166 -1
0.1 1144 1167 -1
0.1 351 1168 -1
0.1 1125 1169 -1
0.1 397 398 -1
0.1 400 401 -1
0.1 399 1172 -1
0.1 402 403 -1
0.1 404 405 -1
0.1 407 408 -1
0.1 406 1176 -1
0.1 1175 1177 -1
0.1 1174 1178 -1
0.1 1173 1179 -1
0.1 1171 1180 -1
0.1 1181 409 -1
0.1 411 412 -1
0.1 410 1183 -1
0.1 1182 1184 -1
0.1 414 415 -1
0.1 413 1186 -1
0.1 1187 416 -1
0.1 1185 1188 -1
0.1 396 1189 -1
0.1 1190 417 -1
0.1 1170 1191 -1
0.1 418 419 -1
0.1 420 421 -1
0.1 1193 1194 -1
0.1 422 423 -1
0.1 425 426 -1
0.1 427 428 -1
0.1 1198 429 -1
0.1 1197 1199 -1
0.1 424 1200 -1
0.1 1196 1201 -1
0.1 430 431 -1
0.1 1203 432 -1
0.1 433 434 -1
0.1 436 437 -1
0.1 435 1206 -1
0.1 1205 1207 -1
0.1 1204 1208 -1
0.1 1202 1209 -1
0.1 1195 1210 -1
0.1 438 439 -1
0.1 440 441 -1
0.1 443 444 -1
0.1 442 1214 -1
0.1 446 447 -1
0.1 448 449 -1
0.1 1216 1217 -1
0.1 451 452 -1
0.1 454 455 -1
0.1 453 1220 -1
0.1 1219 1221 -1
0.1 450 1222 -1
0.1 1218 1223 -1
0.1 456 457 -1
0.1 1224 1225 -1
0.1 1226 458 -1
0.1 445 1227 -1
0.1 1228 459 -1
0.1 1215 1229 -1
0.1 1213 1230 -1
0.1 461 462 -1
0.1 467 468 -1
0.1 466 1233 -1
0.1 465 1234 -1
0.1 1235 469 -1
0.1 464 1236 -1
0.1 463 1237 -1
0.1 1232 1238 -1
0.1 471 472 -1
0.1 470 1240 -1
0.1 1239 1241 -1
0.1 473 474 -1
0.1 477 478 -1
0.1 479 480 -1
0.1 1244 1245 -1
0.1 476 1246 -1
0.1 475 1247 -1
0.1 1243 1248 -1
0.1 1242 1249 -1
0.1 460 1250 -1
0.1 1231 1251 -1
0.1 485 486 -1
0.1 1253 487 -1
0.1 484 1254 -1
0.1 489 490 -1
0.1 488 1256 -1
0.1 1255 1257 -1
0.1 492 493 -1
0.1 491 1259 -1
0.1 496 497 -1
0.1 495 1261 -1
0.1 494 1262 -1
0.1 1260 1263 -1
0.1 1258 1264 -1
0.1 498 499 -1
0.1 1266 500 -1
0.1 501 502 -1
0.1 1268 503 -1
0.1 1267 1269 -1
0.1 1265 1270 -1
0.1 483 1271 -1
0.1 482 1272 -1
0.1 481 1273 -1
0.1 1252 1274 -1
0.1 1275 504 -1
0.1 1212 1276 -1
0.1 1211 1277 -1
0.1 1192 1278 -1
0.1 507 508 -1
0.1 1280 509 -1
0.1 506 1281 -1
0.1 505 1282 -1
0.1 511 512 -1
0.1 510 1284 -1
0.1 1283 1285 -1
0.1 513 514 -1
0.1 515 516 -1
0.1 517 518 -1
0.1 519 520 -1
0.1 1289 1290 -1
0.1 1288 1291 -1
0.1 1287 1292 -1
0.1 1286 1293 -1
0.1 1279 1294 -1
0.1 1120 1295 -1
0.1 341 1296 -1
0.1 1118 1297 -1
0.1 1115 1298 -1
0.1 525 526 -1
0.1 1300 527 -1
0.1 1301 528 -1
0.1 524 1302 -1
0.1 523 1303 -1
0.1 1304 529 -1
0.1 534 535 -1
0.1 533 1306 -1
0.1 532 1307 -1
0.1 531 1308 -1
0.1 530 1309 -1
0.1 537 538 -1
0.1 536 1311 -1
0.1 1310 1312 -1
0.1 1305 1313 -1
0.1 540 541 -1
0.1 539 1315 -1
0.1 542 543 -1
0.1 1316 1317 -1
0.1 1314 1318 -1
0.1 548 549 -1
0.1 1320 550 -1
0.1 547 1321 -1
0.1 546 1322 -1
0.1 545 1323 -1
0.1 544 1324 -1
0.1 1319 1325 -1
0.1 552 553 -1
0.1 555 556 -1
0.1 554 1328 -1
0.1 1327 1329 -1
0.1 1330 557 -1
0.1 551 1331 -1
0.1 1326 1332 -1
0.1 559 560 -1
0.1 1334 561 -1
0.1 558 1335 -1
0.1 562 563 -1
0.1 564 565 -1
0.1 1337 1338 -1
0.1 567 568 -1
0.1 566 1340 -1
0.1 569 570 -1
0.1 571 572 -1
0.1 1343 573 -1
0.1 1342 1344 -1
0.1 1345 574 -1
0.1 1341 1346 -1
0.1 1339 1347 -1
0.1 1348 575 -1
0.1 1349 576 -1
0.1 1336 1350 -1
0.1 578 579 -1
0.1 1352 580 -1
0.1 582 583 -1
0.1 584 585 -1
0.1 1354 1355 -1
0.1 581 1356 -1
0.1 1353 1357 -1
0.1 586 587 -1
0.1 588 589 -1
0.1 590 591 -1
0.1 1360 1361 -1
0.1 1359 1362 -1
0.1 593 594 -1
0.1 592 1364 -1
0.1 595 596 -1
0.1 1366 597 -1
0.1 1365 1367 -1
0.1 1363 1368 -1
0.1 1358 1369 -1
0.1 577 1370 -1
0.1 599 600 -1
0.1 598 1372 -1
0.1 601 602 -1
0.1 603 604 -1
0.1 1375 605 -1
0.1 1374 1376 -1
0.1 607 608 -1
0.1 606 1378 -1
0.1 1377 1379 -1
0.1 610 611 -1
0.1 609 1381 -1
0.1 1380 1382 -1
0.1 613 614 -1
0.1 615 616 -1
0.1 1384 1385 -1
0.1 1386 617 -1
0.1 612 1387 -1
0.1 618 619 -1
0.1 1389 620 -1
0.1 1388 1390 -1
0.1 1383 1391 -1
0.1 1392 621 -1
0.1 1393 622 -1
0.1 1373 1394 -1
0.1 623 624 -1
0.1 625 626 -1
0.1 1396 1397 -1
0.1 628 629 -1
0.1 627 1399 -1
0.1 1400 630 -1
0.1 1401 631 -1
0.1 1398 1402 -1
0.1 632 633 -1
0.1 1404 634 -1
0.1 1403 1405 -1
0.1 636 637 -1
0.1 1407 638 -1
0.1 635 1408 -1
0.1 1406 1409 -1
0.1 640 641 -1
0.1 1411 642 -1
0.1 639 1412 -1
0.1 1410 1413 -1
0.1 643 644 -1
0.1 1414 1415 -1
0.1 1395 1416 -1
0.1 645 646 -1
0.1 1418 647 -1
0.1 648 649 -1
0.1 1419 1420 -1
0.1 1417 1421 -1
0.1 1371 1422 -1
0.1 653 654 -1
0.1 652 1424 -1
0.1 655 656 -1
0.1 1425 1426 -1
0.1 651 1427 -1
0.1 659 660 -1
0.1 658 1429 -1
0.1 657 1430 -1
0.1 1428 1431 -1
0.1 664 665 -1
0.1 663 1433 -1
0.1 666 667 -1
0.1 1434 1435 -1
0.1 662 1436 -1
0.1 661 1437 -1
0.1 668 669 -1
0.1 1439 670 -1
0.1 1438 1440 -1
0.1 1432 1441 -1
0.1 1442 671 -1
0.1 650 1443 -1
0.1 1423 1444 -1
0.1 672 673 -1
0.1 1445 1446 -1
0.1 1447 674 -1
0.1 1351 1448 -1
0.1 676 677 -1
0.1 678 679 -1
0.1 1450 1451 -1
0.1 1452 680 -1
0.1 1453 681 -1
0.1 1454 682 -1
0.1 675 1455 -1
0.1 683 684 -1
0.1 1457 685 -1
0.1 686 687 -1
0.1 692 693 -1
0.1 691 1460 -1
0.1 690 1461 -1
0.1 689 1462 -1
0.1 688 1463 -1
0.1 1459 1464 -1
0.1 1458 1465 -1
0.1 694 695 -1
0.1 696 697 -1
0.1 1468 698 -1
0.1 1467 1469 -1
0.1 1466 1470 -1
0.1 699 700 -1
0.1 1471 1472 -1
0.1 1456 1473 -1
0.1 703 704 -1
0.1 702 1475 -1
0.1 701 1476 -1
0.1 1477 705 -1
0.1 1474 1478 -1
0.1 1479 706 -1
0.1 708 709 -1
0.1 710 711 -1
0.1 1481 1482 -1
0.1 1483 712 -1
0.1 1484 713 -1
0.1 714 715 -1
0.1 716 717 -1
0.1 1486 1487 -1
0.1 718 719 -1
0.1 720 721 -1
0.1 722 723 -1
0.1 1490 1491 -1
0.1 724 725 -1
0.1 1492 1493 -1
0.1 1489 1494 -1
0.1 726 727 -1
0.1 728 729 -1
0.1 730 731 -1
0.1 1497 1498 -1
0.1 732 733 -1
0.1 734 735 -1
0.1 1500 1501 -1
0.1 1502 736 -1
0.1 1499 1503 -1
0.1 1496 1504 -1
0.1 1495 1505 -1
0.1 1488 1506 -1
0.1 738 739 -1
0.1 737 1508 -1
0.1 741 742 -1
0.1 740 1510 -1
0.1 744 745 -1
0.1 743 1512 -1
0.1 746 747 -1
0.1 1513 1514 -1
0.1 1511 1515 -1
0.1 1509 1516 -1
0.1 750 751 -1
0.1 753 754 -1
0.1 1519 755 -1
0.1 752 1520 -1
0.1 1518 1521 -1
0.1 749 1522 -1
0.1 748 1523 -1
0.1 1524 756 -1
0.1 1517 1525 -1
0.1 1507 1526 -1
0.1 1485 1527 -1
0.1 1528 757 -1
0.1 1529 758 -1
0.1 707 1530 -1
0.1 1480 1531 -1
0.1 1449 1532 -1
0.1 760 761 -1
0.1 1534 762 -1
0.1 759 1535 -1
0.1 1533 1536 -1
0.1 763 764 -1
0.1 1538 765 -1
0.1 1537 1539 -1
0.1 1333 1540 -1
0.1 522 1541 -1
0.1 521 1542 -1
0.1 771 772 -1
0.1 770 1544 -1
0.1 769 1545 -1
0.1 774 775 -1
0.1 776 777 -1
0.1 1547 1548 -1
0.1 773 1549 -1
0.1 1546 1550 -1
0.1 1551 778 -1
0.1 768 1552 -1
0.1 779 780 -1
0.1 1553 1554 -1
0.1 767 1555 -1
0.1 766 1556 -1
0.1 1543 1557 -1
0.1 1299 1558 -1
