1 0 0 1
1 0 0 2
1 0 0 3
1 0 0 3
1 0 0 3
1 0 0 3
1 0 0 3
1 0 0 3
1 0 0 3
1 0 0 3
1 0 0 3
1 0 0 3
1 0 0 2
1 0 0 4
1 0 0 4
1 0 0 4
1 0 0 4
1 0 0 4
1 0 0 4
1 0 0 4
1 0 0 4
1 0 0 4
1 0 0 4
1 0 0 5
1 0 0 5
1 0 0 5
1 0 0 5
1 0 0 5
1 0 0 5
1 0 0 5
1 0 0 5
1 0 0 5
1 0 0 5
1 0 0 6
1 0 0 6
1 0 0 6
1 0 0 6
1 0 0 6
1 0 0 6
1 0 0 6
1 0 0 6
1 0 0 6
1 0 0 6
1 0 0 7
1 0 0 7
1 0 0 7
1 0 0 7
1 0 0 7
1 0 0 7
1 0 0 7
1 0 0 7
1 0 0 7
1 0 0 7
1 0 0 2
1 0 0 2
1 0 0 2
1 0 0 2
1 0 0 8
1 0 0 8
1 0 0 8
1 0 0 8
1 0 0 8
1 0 0 8
1 0 0 8
1 0 0 8
1 0 0 8
1 0 0 8
1 0 0 9
1 0 0 9
1 0 0 9
1 0 0 9
1 0 0 9
1 0 0 9
1 0 0 9
1 0 0 9
1 0 0 9
1 0 0 9
1 0 0 10
1 0 0 10
1 0 0 10
1 0 0 10
1 0 0 10
1 0 0 10
1 0 0 10
1 0 0 10
1 0 0 10
1 0 0 10
1 0 0 11
1 0 0 11
1 0 0 11
1 0 0 11
1 0 0 11
1 0 0 11
1 0 0 11
1 0 0 11
1 0 0 11
1 0 0 11
1 0 0 12
1 0 0 12
1 0 0 12
1 0 0 12
1 0 0 12
1 0 0 12
1 0 0 12
1 0 0 12
1 0 0 12
1 0 0 12
1 0 0 2
1 0 0 2
1 0 0 13
1 0 0 13
1 0 0 13
1 0 0 13
1 0 0 13
1 0 0 13
1 0 0 13
1 0 0 14
1 0 0 14
1 0 0 14
1 0 0 14
1 0 0 14
1 0 0 14
1 0 0 14
1 0 0 14
1 0 0 14
1 0 0 14
1 0 0 13
1 0 0 13
1 0 0 13
1 0 0 2
1 0 0 2
1 0 0 15
1 0 0 15
1 0 0 15
1 0 0 15
1 0 0 15
1 0 0 15
1 0 0 15
1 0 0 15
1 0 0 15
1 0 0 15
1 0 0 1
1 0 0 1
1 0 0 1
1 0 0 16
1 0 0 16
1 0 0 16
1 0 0 16
1 0 0 16
1 0 0 16
1 0 0 16
1 0 0 16
1 0 0 16
1 0 0 16
1 0 0 17
1 0 0 17
1 0 0 17
1 0 0 17
1 0 0 17
1 0 0 17
1 0 0 17
1 0 0 17
1 0 0 17
1 0 0 17
1 0 0 18
1 0 0 18
1 0 0 18
1 0 0 18
1 0 0 18
1 0 0 18
1 0 0 18
1 0 0 18
1 0 0 18
1 0 0 18
1 0 0 1
1 0 0 19
1 0 0 19
1 0 0 19
1 0 0 19
1 0 0 19
1 0 0 19
1 0 0 19
1 0 0 19
1 0 0 19
1 0 0 19
1 0 0 1
1 0 0 20
1 0 0 20
1 0 0 20
1 0 0 20
1 0 0 20
1 0 0 20
1 0 0 20
1 0 0 20
1 0 0 20
1 0 0 20
1 0 0 21
1 0 0 22
1 0 0 22
1 0 0 22
1 0 0 22
1 0 0 22
1 0 0 22
1 0 0 22
1 0 0 22
1 0 0 22
1 0 0 22
1 0 0 23
1 0 0 23
1 0 0 23
1 0 0 23
1 0 0 23
1 0 0 23
1 0 0 23
1 0 0 23
1 0 0 23
1 0 0 23
1 0 0 21
1 0 0 21
1 0 0 21
1 0 0 21
1 0 0 21
1 0 0 21
1 0 0 21
1 0 0 21
1 0 0 21
1 0 0 24
1 0 0 24
1 0 0 24
1 0 0 24
1 0 0 24
1 0 0 24
1 0 0 24
1 0 0 25
1 0 0 25
1 0 0 25
1 0 0 26
1 0 0 25
1 0 0 25
1 0 0 25
1 0 0 25
1 0 0 25
1 0 0 25
1 0 0 25
1 0 0 1
1 0 0 27
1 0 0 27
1 0 0 27
1 0 0 27
1 0 0 27
1 0 0 27
1 0 0 28
1 0 0 28
1 0 0 28
1 0 0 28
1 0 0 28
1 0 0 28
1 0 0 28
1 0 0 28
1 0 0 28
1 0 0 29
1 0 0 29
1 0 0 29
1 0 0 29
1 0 0 29
1 0 0 29
1 0 0 29
1 0 0 28
1 0 0 29
1 0 0 29
1 0 0 29
1 0 0 26
1 0 0 26
1 0 0 26
1 0 0 26
1 0 0 26
1 0 0 26
1 0 0 26
1 0 0 26
1 0 0 26
1 0 0 30
1 0 0 30
1 0 0 30
1 0 0 30
1 0 0 30
1 0 0 30
1 0 0 30
1 0 0 30
1 0 0 30
1 0 0 30
1 0 0 24
1 0 0 31
1 0 0 31
1 0 0 31
1 0 0 31
1 0 0 31
1 0 0 31
1 0 0 31
1 0 0 31
1 0 0 31
1 0 0 31
1 0 0 24
1 0 0 24
1 0 0 1
1 0 0 1
1 0 0 1
1 0 0 32
1 0 0 32
1 0 0 32
1 0 0 32
1 0 0 32
1 0 0 32
1 0 0 32
1 0 0 32
1 0 0 32
1 0 0 32
1 0 0 33
1 0 0 33
1 0 0 33
1 0 0 33
1 0 0 33
1 0 0 34
1 0 0 34
1 0 0 34
1 0 0 34
1 0 0 33
1 0 0 33
1 0 0 33
1 0 0 33
1 0 0 33
1 0 0 27
1 0 0 27
1 0 0 27
1 0 0 27
1 0 0 34
1 0 0 34
1 0 0 34
1 0 0 34
1 0 0 34
1 0 0 34
1 0 0 35
1 0 0 35
1 0 0 35
1 0 0 35
1 0 0 36
1 0 0 36
1 0 0 36
1 0 0 36
1 0 0 36
1 0 0 36
1 0 0 36
1 0 0 36
1 0 0 36
1 0 0 36
1 0 0 35
1 0 0 35
1 0 0 35
1 0 0 35
1 0 0 35
1 0 0 35
0.1 4 5 -1
0.1 3 361 -1
0.1 6 7 -1
0.1 362 363 -1
0.1 9 10 -1
0.1 8 365 -1
0.1 366 11 -1
0.1 364 367 -1
0.1 368 12 -1
0.1 2 369 -1
0.1 14 15 -1
0.1 16 17 -1
0.1 19 20 -1
0.1 18 373 -1
0.1 21 22 -1
0.1 374 375 -1
0.1 376 23 -1
0.1 372 377 -1
0.1 371 378 -1
0.1 13 379 -1
0.1 24 25 -1
0.1 29 30 -1
0.1 28 382 -1
0.1 27 383 -1
0.1 26 384 -1
0.1 32 33 -1
0.1 31 386 -1
0.1 385 387 -1
0.1 381 388 -1
0.1 34 35 -1
0.1 390 36 -1
0.1 38 39 -1
0.1 37 392 -1
0.1 40 41 -1
0.1 394 42 -1
0.1 395 43 -1
0.1 393 396 -1
0.1 391 397 -1
0.1 45 46 -1
0.1 44 399 -1
0.1 47 48 -1
0.1 401 49 -1
0.1 402 50 -1
0.1 52 53 -1
0.1 51 404 -1
0.1 403 405 -1
0.1 400 406 -1
0.1 398 407 -1
0.1 408 54 -1
0.1 389 409 -1
0.1 410 55 -1
0.1 56 57 -1
0.1 58 59 -1
0.1 61 62 -1
0.1 60 414 -1
0.1 413 415 -1
0.1 64 65 -1
0.1 63 417 -1
0.1 418 66 -1
0.1 419 67 -1
0.1 416 420 -1
0.1 69 70 -1
0.1 68 422 -1
0.1 72 73 -1
0.1 75 76 -1
0.1 74 425 -1
0.1 424 426 -1
0.1 71 427 -1
0.1 428 77 -1
0.1 423 429 -1
0.1 421 430 -1
0.1 78 79 -1
0.1 80 81 -1
0.1 82 83 -1
0.1 433 434 -1
0.1 84 85 -1
0.1 86 87 -1
0.1 436 437 -1
0.1 435 438 -1
0.1 432 439 -1
0.1 88 89 -1
0.1 92 93 -1
0.1 91 442 -1
0.1 90 443 -1
0.1 96 97 -1
0.1 95 445 -1
0.1 94 446 -1
0.1 444 447 -1
0.1 441 448 -1
0.1 440 449 -1
0.1 431 450 -1
0.1 412 451 -1
0.1 411 452 -1
0.1 380 453 -1
0.1 98 99 -1
0.1 455 100 -1
0.1 102 103 -1
0.1 101 457 -1
0.1 106 107 -1
0.1 105 459 -1
0.1 104 460 -1
0.1 458 461 -1
0.1 456 462 -1
0.1 108 109 -1
0.1 463 464 -1
0.1 111 112 -1
0.1 110 466 -1
0.1 467 113 -1
0.1 114 115 -1
0.1 469 116 -1
0.1 118 119 -1
0.1 121 122 -1
0.1 120 472 -1
0.1 123 124 -1
0.1 125 126 -1
0.1 474 475 -1
0.1 473 476 -1
0.1 471 477 -1
0.1 117 478 -1
0.1 470 479 -1
0.1 127 128 -1
0.1 481 129 -1
0.1 480 482 -1
0.1 468 483 -1
0.1 130 131 -1
0.1 484 485 -1
0.1 465 486 -1
0.1 454 487 -1
0.1 370 488 -1
0.1 1 489 -1
0.1 133 134 -1
0.1 491 135 -1
0.1 132 492 -1
0.1 136 137 -1
0.1 494 138 -1
0.1 493 495 -1
0.1 139 140 -1
0.1 497 141 -1
0.1 496 498 -1
0.1 490 499 -1
0.1 143 144 -1
0.1 142 501 -1
0.1 145 146 -1
0.1 147 148 -1
0.1 151 152 -1
0.1 150 505 -1
0.1 149 506 -1
0.1 504 507 -1
0.1 503 508 -1
0.1 153 154 -1
0.1 509 510 -1
0.1 502 511 -1
0.1 500 512 -1
0.1 156 157 -1
0.1 155 514 -1
0.1 515 158 -1
0.1 160 161 -1
0.1 162 163 -1
0.1 517 518 -1
0.1 159 519 -1
0.1 520 164 -1
0.1 516 521 -1
0.1 166 167 -1
0.1 169 170 -1
0.1 524 171 -1
0.1 168 525 -1
0.1 173 174 -1
0.1 172 527 -1
0.1 526 528 -1
0.1 523 529 -1
0.1 165 530 -1
0.1 522 531 -1
0.1 178 179 -1
0.1 177 533 -1
0.1 176 534 -1
0.1 180 181 -1
0.1 536 182 -1
0.1 535 537 -1
0.1 183 184 -1
0.1 539 185 -1
0.1 538 540 -1
0.1 541 186 -1
0.1 175 542 -1
0.1 532 543 -1
0.1 513 544 -1
0.1 189 190 -1
0.1 188 546 -1
0.1 192 193 -1
0.1 191 548 -1
0.1 547 549 -1
0.1 194 195 -1
0.1 550 551 -1
0.1 552 196 -1
0.1 187 553 -1
0.1 545 554 -1
0.1 198 199 -1
0.1 556 200 -1
0.1 202 203 -1
0.1 201 558 -1
0.1 557 559 -1
0.1 205 206 -1
0.1 204 561 -1
0.1 562 207 -1
0.1 560 563 -1
0.1 209 210 -1
0.1 208 565 -1
0.1 564 566 -1
0.1 211 212 -1
0.1 213 214 -1
0.1 215 216 -1
0.1 569 570 -1
0.1 571 217 -1
0.1 568 572 -1
0.1 567 573 -1
0.1 574 218 -1
0.1 575 219 -1
0.1 221 222 -1
0.1 577 223 -1
0.1 220 578 -1
0.1 224 225 -1
0.1 579 580 -1
0.1 576 581 -1
0.1 197 582 -1
0.1 228 229 -1
0.1 227 584 -1
0.1 230 231 -1
0.1 232 233 -1
0.1 586 587 -1
0.1 585 588 -1
0.1 235 236 -1
0.1 234 590 -1
0.1 237 238 -1
0.1 592 239 -1
0.1 591 593 -1
0.1 240 241 -1
0.1 243 244 -1
0.1 242 596 -1
0.1 595 597 -1
0.1 594 598 -1
0.1 599 245 -1
0.1 247 248 -1
0.1 246 601 -1
0.1 602 249 -1
0.1 250 251 -1
0.1 603 604 -1
0.1 252 253 -1
0.1 255 256 -1
0.1 254 607 -1
0.1 259 260 -1
0.1 258 609 -1
0.1 257 610 -1
0.1 608 611 -1
0.1 262 263 -1
0.1 613 264 -1
0.1 614 265 -1
0.1 261 615 -1
0.1 266 267 -1
0.1 616 617 -1
0.1 269 270 -1
0.1 619 271 -1
0.1 268 620 -1
0.1 618 621 -1
0.1 612 622 -1
0.1 606 623 -1
0.1 276 277 -1
0.1 275 625 -1
0.1 274 626 -1
0.1 273 627 -1
0.1 272 628 -1
0.1 279 280 -1
0.1 278 630 -1
0.1 629 631 -1
0.1 283 284 -1
0.1 633 285 -1
0.1 634 286 -1
0.1 282 635 -1
0.1 636 287 -1
0.1 289 290 -1
0.1 288 638 -1
0.1 637 639 -1
0.1 281 640 -1
0.1 632 641 -1
0.1 624 642 -1
0.1 605 643 -1
0.1 600 644 -1
0.1 293 294 -1
0.1 295 296 -1
0.1 646 647 -1
0.1 292 648 -1
0.1 297 298 -1
0.1 299 300 -1
0.1 650 651 -1
0.1 652 301 -1
0.1 302 303 -1
0.1 653 654 -1
0.1 649 655 -1
0.1 291 656 -1
0.1 645 657 -1
0.1 589 658 -1
0.1 304 305 -1
0.1 659 660 -1
0.1 226 661 -1
0.1 583 662 -1
0.1 308 309 -1
0.1 310 311 -1
0.1 665 312 -1
0.1 664 666 -1
0.1 667 313 -1
0.1 307 668 -1
0.1 314 315 -1
0.1 669 670 -1
0.1 671 316 -1
0.1 318 319 -1
0.1 324 325 -1
0.1 323 674 -1
0.1 322 675 -1
0.1 676 326 -1
0.1 321 677 -1
0.1 320 678 -1
0.1 328 329 -1
0.1 327 680 -1
0.1 679 681 -1
0.1 673 682 -1
0.1 317 683 -1
0.1 684 330 -1
0.1 331 332 -1
0.1 333 334 -1
0.1 686 687 -1
0.1 685 688 -1
0.1 672 689 -1
0.1 306 690 -1
0.1 336 337 -1
0.1 338 339 -1
0.1 693 340 -1
0.1 692 694 -1
0.1 342 343 -1
0.1 341 696 -1
0.1 697 344 -1
0.1 695 698 -1
0.1 335 699 -1
0.1 348 349 -1
0.1 347 701 -1
0.1 346 702 -1
0.1 345 703 -1
0.1 350 351 -1
0.1 705 352 -1
0.1 706 353 -1
0.1 707 354 -1
0.1 704 708 -1
0.1 700 709 -1
0.1 691 710 -1
0.1 356 357 -1
0.1 712 358 -1
0.1 359 360 -1
0.1 713 714 -1
0.1 355 715 -1
0.1 711 716 -1
0.1 663 717 -1
0.1 555 718 -1
