1 0 0 1
1 0 0 2
1 0 0 2
1 0 0 2
1 0 0 2
1 0 0 2
1 0 0 2
1 0 0 2
1 0 0 1
1 0 0 1
1 0 0 3
1 0 0 3
1 0 0 3
1 0 0 3
1 0 0 3
1 0 0 1
1 0 0 4
1 0 0 4
1 0 0 4
1 0 0 4
1 0 0 4
1 0 0 4
1 0 0 4
1 0 0 5
1 0 0 5
1 0 0 5
1 0 0 5
1 0 0 5
1 0 0 5
1 0 0 5
1 0 0 5
1 0 0 6
1 0 0 6
1 0 0 6
1 0 0 6
1 0 0 6
1 0 0 1
1 0 0 5
1 0 0 5
1 0 0 2
1 0 0 2
1 0 0 2
1 0 0 1
1 0 0 1
1 0 0 1
1 0 0 1
1 0 0 1
1 0 0 7
1 0 0 7
1 0 0 7
1 0 0 6
1 0 0 6
1 0 0 6
1 0 0 6
1 0 0 6
1 0 0 3
1 0 0 3
1 0 0 3
1 0 0 3
1 0 0 3
1 0 0 8
1 0 0 7
1 0 0 7
1 0 0 9
1 0 0 9
1 0 0 9
1 0 0 9
1 0 0 9
1 0 0 9
1 0 0 9
1 0 0 9
1 0 0 9
1 0 0 9
1 0 0 7
1 0 0 7
1 0 0 7
1 0 0 8
1 0 0 8
1 0 0 7
1 0 0 8
1 0 0 8
1 0 0 8
1 0 0 8
1 0 0 8
1 0 0 8
1 0 0 8
1 0 0 4
1 0 0 4
1 0 0 4
1 0 0 7
0.1 3 4 -1
0.1 2 91 -1
0.1 5 6 -1
0.1 92 93 -1
0.1 7 8 -1
0.1 94 95 -1
0.1 1 96 -1
0.1 9 10 -1
0.1 97 98 -1
0.1 12 13 -1
0.1 11 100 -1
0.1 14 15 -1
0.1 101 102 -1
0.1 103 16 -1
0.1 17 18 -1
0.1 105 19 -1
0.1 21 22 -1
0.1 20 107 -1
0.1 106 108 -1
0.1 109 23 -1
0.1 27 28 -1
0.1 26 111 -1
0.1 25 112 -1
0.1 113 29 -1
0.1 30 31 -1
0.1 114 115 -1
0.1 24 116 -1
0.1 110 117 -1
0.1 32 33 -1
0.1 35 36 -1
0.1 34 120 -1
0.1 119 121 -1
0.1 118 122 -1
0.1 38 39 -1
0.1 37 124 -1
0.1 123 125 -1
0.1 40 41 -1
0.1 127 42 -1
0.1 43 44 -1
0.1 128 129 -1
0.1 126 130 -1
0.1 131 45 -1
0.1 104 132 -1
0.1 99 133 -1
0.1 46 47 -1
0.1 49 50 -1
0.1 48 136 -1
0.1 51 52 -1
0.1 53 54 -1
0.1 138 139 -1
0.1 140 55 -1
0.1 58 59 -1
0.1 57 142 -1
0.1 143 60 -1
0.1 56 144 -1
0.1 145 61 -1
0.1 141 146 -1
0.1 66 67 -1
0.1 71 72 -1
0.1 70 149 -1
0.1 69 150 -1
0.1 68 151 -1
0.1 148 152 -1
0.1 153 73 -1
0.1 65 154 -1
0.1 64 155 -1
0.1 63 156 -1
0.1 62 157 -1
0.1 147 158 -1
0.1 137 159 -1
0.1 75 76 -1
0.1 77 78 -1
0.1 162 79 -1
0.1 81 82 -1
0.1 83 84 -1
0.1 165 85 -1
0.1 164 166 -1
0.1 80 167 -1
0.1 168 86 -1
0.1 87 88 -1
0.1 169 170 -1
0.1 89 90 -1
0.1 171 172 -1
0.1 163 173 -1
0.1 161 174 -1
0.1 74 175 -1
0.1 160 176 -1
0.1 135 177 -1
0.1 134 178 -1
