1 0 0 1
1 0 0 1
1 0 0 1
1 0 0 1
1 0 0 1
1 0 0 1
1 0 0 1
1 0 0 1
1 0 0 2
1 0 0 2
1 0 0 2
1 0 0 2
1 0 0 2
1 0 0 2
1 0 0 2
1 0 0 2
1 0 0 2
1 0 0 2
1 0 0 3
1 0 0 3
1 0 0 3
1 0 0 3
1 0 0 3
1 0 0 3
1 0 0 3
1 0 0 3
1 0 0 3
1 0 0 3
1 0 0 4
1 0 0 4
1 0 0 4
1 0 0 4
1 0 0 4
1 0 0 4
1 0 0 4
1 0 0 4
1 0 0 4
1 0 0 4
1 0 0 5
1 0 0 5
1 0 0 5
1 0 0 5
1 0 0 5
1 0 0 5
1 0 0 5
1 0 0 5
1 0 0 5
1 0 0 5
1 0 0 6
1 0 0 6
1 0 0 6
1 0 0 6
1 0 0 6
1 0 0 6
1 0 0 6
1 0 0 6
1 0 0 6
1 0 0 6
1 0 0 1
1 0 0 1
1 0 0 7
1 0 0 7
1 0 0 7
1 0 0 7
1 0 0 7
1 0 0 7
1 0 0 7
1 0 0 7
1 0 0 7
1 0 0 7
1 0 0 8
1 0 0 8
1 0 0 8
1 0 0 8
1 0 0 8
1 0 0 8
1 0 0 9
1 0 0 9
1 0 0 9
1 0 0 9
1 0 0 9
1 0 0 9
1 0 0 9
1 0 0 9
1 0 0 9
1 0 0 9
1 0 0 8
1 0 0 8
1 0 0 8
1 0 0 8
1 0 0 10
1 0 0 10
1 0 0 10
1 0 0 10
1 0 0 10
1 0 0 10
1 0 0 11
1 0 0 11
1 0 0 11
1 0 0 11
1 0 0 11
1 0 0 11
1 0 0 12
1 0 0 12
1 0 0 12
1 0 0 12
1 0 0 12
1 0 0 12
1 0 0 12
1 0 0 12
1 0 0 12
1 0 0 12
1 0 0 11
1 0 0 11
1 0 0 11
1 0 0 11
1 0 0 13
1 0 0 13
1 0 0 13
1 0 0 13
1 0 0 13
1 0 0 13
1 0 0 13
1 0 0 13
1 0 0 13
1 0 0 13
1 0 0 14
1 0 0 14
1 0 0 14
1 0 0 14
1 0 0 14
1 0 0 14
1 0 0 14
1 0 0 14
1 0 0 14
1 0 0 14
1 0 0 10
1 0 0 10
1 0 0 15
1 0 0 15
1 0 0 15
1 0 0 15
1 0 0 15
1 0 0 15
1 0 0 15
1 0 0 15
1 0 0 16
1 0 0 16
1 0 0 16
1 0 0 16
1 0 0 16
1 0 0 17
1 0 0 17
1 0 0 17
1 0 0 17
1 0 0 17
1 0 0 17
1 0 0 17
1 0 0 17
1 0 0 17
1 0 0 17
1 0 0 16
1 0 0 16
1 0 0 16
1 0 0 16
1 0 0 16
1 0 0 15
1 0 0 15
1 0 0 10
1 0 0 10
1 0 0 18
1 0 0 18
1 0 0 18
1 0 0 18
1 0 0 18
1 0 0 18
1 0 0 18
1 0 0 18
1 0 0 18
1 0 0 18
1 0 0 19
1 0 0 20
1 0 0 20
1 0 0 20
1 0 0 20
1 0 0 20
1 0 0 20
1 0 0 20
1 0 0 20
1 0 0 20
1 0 0 20
1 0 0 21
1 0 0 21
1 0 0 21
1 0 0 21
1 0 0 21
1 0 0 21
1 0 0 21
1 0 0 21
1 0 0 21
1 0 0 21
1 0 0 19
1 0 0 19
1 0 0 19
1 0 0 19
1 0 0 22
1 0 0 22
1 0 0 22
1 0 0 22
1 0 0 22
1 0 0 22
1 0 0 22
1 0 0 22
1 0 0 22
1 0 0 22
1 0 0 23
1 0 0 23
1 0 0 23
1 0 0 23
1 0 0 23
1 0 0 23
1 0 0 23
1 0 0 23
1 0 0 23
1 0 0 24
1 0 0 24
1 0 0 24
1 0 0 24
1 0 0 24
1 0 0 24
1 0 0 24
1 0 0 24
1 0 0 24
1 0 0 24
1 0 0 23
1 0 0 25
1 0 0 25
1 0 0 25
1 0 0 25
1 0 0 25
1 0 0 25
1 0 0 25
1 0 0 25
1 0 0 25
1 0 0 26
1 0 0 26
1 0 0 26
1 0 0 26
1 0 0 26
1 0 0 26
1 0 0 26
1 0 0 26
1 0 0 26
1 0 0 26
1 0 0 27
1 0 0 27
1 0 0 27
1 0 0 27
1 0 0 27
1 0 0 27
1 0 0 27
1 0 0 27
1 0 0 27
1 0 0 27
1 0 0 25
1 0 0 28
1 0 0 28
1 0 0 28
1 0 0 28
1 0 0 28
1 0 0 28
1 0 0 28
1 0 0 28
1 0 0 28
1 0 0 28
1 0 0 19
1 0 0 19
1 0 0 19
1 0 0 19
1 0 0 19
1 0 0 29
1 0 0 30
1 0 0 30
1 0 0 30
1 0 0 30
1 0 0 30
1 0 0 30
1 0 0 30
1 0 0 31
1 0 0 31
1 0 0 31
1 0 0 31
1 0 0 31
1 0 0 31
1 0 0 31
1 0 0 31
1 0 0 31
1 0 0 31
1 0 0 30
1 0 0 30
1 0 0 30
1 0 0 29
1 0 0 29
1 0 0 29
1 0 0 29
1 0 0 29
1 0 0 29
1 0 0 29
1 0 0 29
1 0 0 29
0.1 3 4 -1
0.1 2 311 -1
0.1 1 312 -1
0.1 313 5 -1
0.1 6 7 -1
0.1 315 8 -1
0.1 10 11 -1
0.1 9 317 -1
0.1 12 13 -1
0.1 318 319 -1
0.1 320 14 -1
0.1 15 16 -1
0.1 321 322 -1
0.1 323 17 -1
0.1 324 18 -1
0.1 20 21 -1
0.1 19 326 -1
0.1 22 23 -1
0.1 328 24 -1
0.1 327 329 -1
0.1 25 26 -1
0.1 27 28 -1
0.1 331 332 -1
0.1 330 333 -1
0.1 325 334 -1
0.1 29 30 -1
0.1 33 34 -1
0.1 32 337 -1
0.1 35 36 -1
0.1 338 339 -1
0.1 37 38 -1
0.1 340 341 -1
0.1 31 342 -1
0.1 336 343 -1
0.1 39 40 -1
0.1 41 42 -1
0.1 44 45 -1
0.1 43 347 -1
0.1 346 348 -1
0.1 47 48 -1
0.1 46 350 -1
0.1 349 351 -1
0.1 345 352 -1
0.1 344 353 -1
0.1 52 53 -1
0.1 51 355 -1
0.1 356 54 -1
0.1 357 55 -1
0.1 50 358 -1
0.1 56 57 -1
0.1 359 360 -1
0.1 361 58 -1
0.1 49 362 -1
0.1 354 363 -1
0.1 335 364 -1
0.1 59 60 -1
0.1 62 63 -1
0.1 367 64 -1
0.1 65 66 -1
0.1 67 68 -1
0.1 69 70 -1
0.1 370 371 -1
0.1 369 372 -1
0.1 368 373 -1
0.1 61 374 -1
0.1 366 375 -1
0.1 365 376 -1
0.1 316 377 -1
0.1 314 378 -1
0.1 73 74 -1
0.1 72 380 -1
0.1 77 78 -1
0.1 80 81 -1
0.1 82 83 -1
0.1 384 84 -1
0.1 385 85 -1
0.1 383 386 -1
0.1 387 86 -1
0.1 79 388 -1
0.1 382 389 -1
0.1 87 88 -1
0.1 390 391 -1
0.1 89 90 -1
0.1 392 393 -1
0.1 76 394 -1
0.1 75 395 -1
0.1 381 396 -1
0.1 71 397 -1
0.1 379 398 -1
0.1 92 93 -1
0.1 91 400 -1
0.1 401 94 -1
0.1 399 402 -1
0.1 95 96 -1
0.1 97 98 -1
0.1 99 100 -1
0.1 405 406 -1
0.1 103 104 -1
0.1 105 106 -1
0.1 108 109 -1
0.1 107 410 -1
0.1 110 111 -1
0.1 411 412 -1
0.1 413 112 -1
0.1 409 414 -1
0.1 408 415 -1
0.1 102 416 -1
0.1 101 417 -1
0.1 407 418 -1
0.1 113 114 -1
0.1 115 116 -1
0.1 118 119 -1
0.1 117 422 -1
0.1 423 120 -1
0.1 122 123 -1
0.1 121 425 -1
0.1 424 426 -1
0.1 125 126 -1
0.1 124 428 -1
0.1 427 429 -1
0.1 421 430 -1
0.1 420 431 -1
0.1 419 432 -1
0.1 127 128 -1
0.1 434 129 -1
0.1 130 131 -1
0.1 435 436 -1
0.1 132 133 -1
0.1 135 136 -1
0.1 134 439 -1
0.1 438 440 -1
0.1 437 441 -1
0.1 433 442 -1
0.1 137 138 -1
0.1 443 444 -1
0.1 404 445 -1
0.1 142 143 -1
0.1 144 145 -1
0.1 448 146 -1
0.1 447 449 -1
0.1 141 450 -1
0.1 140 451 -1
0.1 139 452 -1
0.1 147 148 -1
0.1 149 150 -1
0.1 455 151 -1
0.1 454 456 -1
0.1 154 155 -1
0.1 156 157 -1
0.1 459 158 -1
0.1 159 160 -1
0.1 461 161 -1
0.1 460 462 -1
0.1 458 463 -1
0.1 153 464 -1
0.1 152 465 -1
0.1 164 165 -1
0.1 163 467 -1
0.1 162 468 -1
0.1 466 469 -1
0.1 457 470 -1
0.1 471 166 -1
0.1 167 168 -1
0.1 472 473 -1
0.1 453 474 -1
0.1 169 170 -1
0.1 475 476 -1
0.1 446 477 -1
0.1 403 478 -1
0.1 171 172 -1
0.1 174 175 -1
0.1 173 481 -1
0.1 480 482 -1
0.1 177 178 -1
0.1 176 484 -1
0.1 483 485 -1
0.1 179 180 -1
0.1 183 184 -1
0.1 185 186 -1
0.1 488 489 -1
0.1 187 188 -1
0.1 490 491 -1
0.1 189 190 -1
0.1 192 193 -1
0.1 494 194 -1
0.1 195 196 -1
0.1 197 198 -1
0.1 496 497 -1
0.1 495 498 -1
0.1 200 201 -1
0.1 199 500 -1
0.1 499 501 -1
0.1 191 502 -1
0.1 493 503 -1
0.1 492 504 -1
0.1 182 505 -1
0.1 202 203 -1
0.1 204 205 -1
0.1 206 207 -1
0.1 208 209 -1
0.1 509 510 -1
0.1 210 211 -1
0.1 512 212 -1
0.1 513 213 -1
0.1 511 514 -1
0.1 214 215 -1
0.1 515 516 -1
0.1 216 217 -1
0.1 219 220 -1
0.1 218 519 -1
0.1 518 520 -1
0.1 221 222 -1
0.1 223 224 -1
0.1 522 523 -1
0.1 227 228 -1
0.1 226 525 -1
0.1 229 230 -1
0.1 233 234 -1
0.1 232 528 -1
0.1 231 529 -1
0.1 527 530 -1
0.1 526 531 -1
0.1 225 532 -1
0.1 239 240 -1
0.1 238 534 -1
0.1 237 535 -1
0.1 236 536 -1
0.1 242 243 -1
0.1 241 538 -1
0.1 537 539 -1
0.1 247 248 -1
0.1 246 541 -1
0.1 245 542 -1
0.1 249 250 -1
0.1 251 252 -1
0.1 544 545 -1
0.1 253 254 -1
0.1 546 547 -1
0.1 255 256 -1
0.1 259 260 -1
0.1 261 262 -1
0.1 550 551 -1
0.1 263 264 -1
0.1 552 553 -1
0.1 258 554 -1
0.1 257 555 -1
0.1 549 556 -1
0.1 548 557 -1
0.1 543 558 -1
0.1 559 265 -1
0.1 244 560 -1
0.1 540 561 -1
0.1 235 562 -1
0.1 533 563 -1
0.1 524 564 -1
0.1 521 565 -1
0.1 268 269 -1
0.1 267 567 -1
0.1 266 568 -1
0.1 270 271 -1
0.1 272 273 -1
0.1 570 571 -1
0.1 569 572 -1
0.1 274 275 -1
0.1 573 574 -1
0.1 566 575 -1
0.1 517 576 -1
0.1 508 577 -1
0.1 507 578 -1
0.1 579 276 -1
0.1 580 277 -1
0.1 581 278 -1
0.1 506 582 -1
0.1 181 583 -1
0.1 279 280 -1
0.1 584 585 -1
0.1 487 586 -1
0.1 486 587 -1
0.1 283 284 -1
0.1 282 589 -1
0.1 286 287 -1
0.1 289 290 -1
0.1 291 292 -1
0.1 593 293 -1
0.1 294 295 -1
0.1 594 595 -1
0.1 596 296 -1
0.1 297 298 -1
0.1 597 598 -1
0.1 592 599 -1
0.1 288 600 -1
0.1 591 601 -1
0.1 285 602 -1
0.1 603 299 -1
0.1 590 604 -1
0.1 300 301 -1
0.1 605 606 -1
0.1 281 607 -1
0.1 304 305 -1
0.1 303 609 -1
0.1 302 610 -1
0.1 306 307 -1
0.1 611 612 -1
0.1 309 310 -1
0.1 308 614 -1
0.1 613 615 -1
0.1 608 616 -1
0.1 588 617 -1
0.1 479 618 -1
