1 0 0 1
1 0 0 1
1 0 0 2
1 0 0 2
1 0 0 2
1 0 0 3
1 0 0 3
1 0 0 3
1 0 0 3
1 0 0 3
1 0 0 3
1 0 0 3
1 0 0 3
1 0 0 2
1 0 0 2
1 0 0 2
1 0 0 2
1 0 0 2
1 0 0 2
1 0 0 3
1 0 0 3
1 0 0 2
1 0 0 4
1 0 0 4
1 0 0 4
1 0 0 4
1 0 0 4
1 0 0 4
1 0 0 4
1 0 0 4
1 0 0 4
1 0 0 4
1 0 0 1
1 0 0 5
1 0 0 6
1 0 0 6
1 0 0 6
1 0 0 6
1 0 0 6
1 0 0 6
1 0 0 6
1 0 0 6
1 0 0 6
1 0 0 6
1 0 0 5
1 0 0 5
1 0 0 5
1 0 0 5
1 0 0 5
1 0 0 5
1 0 0 5
1 0 0 5
1 0 0 5
1 0 0 1
1 0 0 1
1 0 0 7
1 0 0 7
1 0 0 7
1 0 0 7
1 0 0 7
1 0 0 7
1 0 0 7
1 0 0 7
1 0 0 7
1 0 0 7
1 0 0 8
1 0 0 8
1 0 0 8
1 0 0 1
1 0 0 1
1 0 0 1
1 0 0 8
1 0 0 8
1 0 0 8
1 0 0 8
1 0 0 9
1 0 0 9
1 0 0 9
1 0 0 9
1 0 0 9
1 0 0 9
1 0 0 9
1 0 0 9
1 0 0 9
1 0 0 9
1 0 0 8
1 0 0 8
1 0 0 8
1 0 0 10
1 0 0 11
1 0 0 11
1 0 0 11
1 0 0 11
1 0 0 11
1 0 0 11
1 0 0 11
1 0 0 11
1 0 0 11
1 0 0 11
1 0 0 10
1 0 0 10
1 0 0 10
1 0 0 12
1 0 0 12
1 0 0 12
1 0 0 12
1 0 0 12
1 0 0 12
1 0 0 12
1 0 0 12
1 0 0 12
1 0 0 12
1 0 0 13
1 0 0 13
1 0 0 13
1 0 0 13
1 0 0 13
1 0 0 13
1 0 0 13
1 0 0 13
1 0 0 13
1 0 0 13
1 0 0 14
1 0 0 14
1 0 0 14
1 0 0 14
1 0 0 14
1 0 0 14
1 0 0 14
1 0 0 14
1 0 0 14
1 0 0 14
1 0 0 10
1 0 0 10
1 0 0 10
1 0 0 15
1 0 0 15
1 0 0 15
1 0 0 15
1 0 0 15
1 0 0 15
1 0 0 15
1 0 0 15
1 0 0 15
1 0 0 15
1 0 0 10
1 0 0 16
1 0 0 16
1 0 0 16
1 0 0 16
1 0 0 16
1 0 0 16
1 0 0 16
1 0 0 16
1 0 0 16
1 0 0 16
1 0 0 10
1 0 0 10
1 0 0 17
1 0 0 17
1 0 0 17
1 0 0 17
1 0 0 17
1 0 0 17
1 0 0 17
1 0 0 17
1 0 0 17
1 0 0 17
1 0 0 1
1 0 0 18
1 0 0 18
1 0 0 18
1 0 0 18
1 0 0 18
1 0 0 18
1 0 0 18
1 0 0 18
1 0 0 18
1 0 0 18
1 0 0 1
1 0 0 19
1 0 0 19
1 0 0 19
1 0 0 19
1 0 0 19
1 0 0 19
1 0 0 19
1 0 0 19
1 0 0 19
1 0 0 19
1 0 0 20
1 0 0 21
1 0 0 21
1 0 0 21
1 0 0 21
1 0 0 21
1 0 0 21
1 0 0 21
1 0 0 21
1 0 0 21
1 0 0 21
1 0 0 22
1 0 0 22
1 0 0 22
1 0 0 22
1 0 0 22
1 0 0 22
1 0 0 22
1 0 0 22
1 0 0 22
1 0 0 22
1 0 0 20
1 0 0 20
1 0 0 23
1 0 0 23
1 0 0 20
1 0 0 20
1 0 0 24
1 0 0 24
1 0 0 24
1 0 0 25
1 0 0 25
1 0 0 25
1 0 0 25
1 0 0 25
1 0 0 25
1 0 0 25
1 0 0 25
1 0 0 25
1 0 0 25
1 0 0 24
1 0 0 26
1 0 0 26
1 0 0 26
1 0 0 26
1 0 0 24
1 0 0 27
1 0 0 27
1 0 0 24
1 0 0 24
1 0 0 24
1 0 0 24
1 0 0 24
1 0 0 28
1 0 0 28
1 0 0 29
1 0 0 29
1 0 0 29
1 0 0 26
1 0 0 26
1 0 0 26
1 0 0 26
1 0 0 29
1 0 0 29
1 0 0 29
1 0 0 28
1 0 0 28
1 0 0 28
1 0 0 28
1 0 0 28
1 0 0 28
1 0 0 28
1 0 0 28
1 0 0 30
1 0 0 30
1 0 0 30
1 0 0 30
1 0 0 30
1 0 0 30
1 0 0 30
1 0 0 30
1 0 0 30
1 0 0 27
1 0 0 27
1 0 0 31
1 0 0 31
1 0 0 31
1 0 0 31
1 0 0 31
1 0 0 31
1 0 0 31
1 0 0 31
1 0 0 31
1 0 0 27
1 0 0 32
1 0 0 32
1 0 0 32
1 0 0 32
1 0 0 32
1 0 0 32
1 0 0 32
1 0 0 32
1 0 0 32
1 0 0 32
1 0 0 27
1 0 0 27
1 0 0 27
1 0 0 31
1 0 0 27
1 0 0 30
1 0 0 26
1 0 0 29
1 0 0 29
1 0 0 29
1 0 0 29
1 0 0 33
1 0 0 33
1 0 0 33
1 0 0 33
1 0 0 33
1 0 0 33
1 0 0 34
1 0 0 34
1 0 0 34
1 0 0 34
1 0 0 34
1 0 0 34
1 0 0 34
1 0 0 34
1 0 0 35
1 0 0 35
1 0 0 35
1 0 0 35
1 0 0 35
1 0 0 35
1 0 0 35
1 0 0 35
1 0 0 35
1 0 0 35
1 0 0 34
1 0 0 34
1 0 0 33
1 0 0 27
1 0 0 33
1 0 0 33
1 0 0 33
1 0 0 23
1 0 0 23
1 0 0 23
1 0 0 26
1 0 0 23
1 0 0 23
1 0 0 23
1 0 0 23
1 0 0 23
1 0 0 20
1 0 0 20
1 0 0 20
1 0 0 20
1 0 0 20
0.1 3 4 -1
0.1 6 7 -1
0.1 8 9 -1
0.1 353 10 -1
0.1 352 354 -1
0.1 12 13 -1
0.1 11 356 -1
0.1 355 357 -1
0.1 358 14 -1
0.1 359 15 -1
0.1 5 360 -1
0.1 361 16 -1
0.1 351 362 -1
0.1 18 19 -1
0.1 17 364 -1
0.1 363 365 -1
0.1 20 21 -1
0.1 366 367 -1
0.1 368 22 -1
0.1 2 369 -1
0.1 1 370 -1
0.1 24 25 -1
0.1 372 26 -1
0.1 373 27 -1
0.1 374 28 -1
0.1 23 375 -1
0.1 29 30 -1
0.1 377 31 -1
0.1 378 32 -1
0.1 376 379 -1
0.1 380 33 -1
0.1 35 36 -1
0.1 38 39 -1
0.1 383 40 -1
0.1 37 384 -1
0.1 382 385 -1
0.1 41 42 -1
0.1 43 44 -1
0.1 387 388 -1
0.1 386 389 -1
0.1 34 390 -1
0.1 45 46 -1
0.1 47 48 -1
0.1 392 393 -1
0.1 391 394 -1
0.1 49 50 -1
0.1 396 51 -1
0.1 52 53 -1
0.1 397 398 -1
0.1 395 399 -1
0.1 400 54 -1
0.1 56 57 -1
0.1 59 60 -1
0.1 58 403 -1
0.1 402 404 -1
0.1 62 63 -1
0.1 61 406 -1
0.1 64 65 -1
0.1 407 408 -1
0.1 405 409 -1
0.1 55 410 -1
0.1 401 411 -1
0.1 381 412 -1
0.1 371 413 -1
0.1 67 68 -1
0.1 66 415 -1
0.1 416 69 -1
0.1 70 71 -1
0.1 417 418 -1
0.1 73 74 -1
0.1 72 420 -1
0.1 76 77 -1
0.1 422 78 -1
0.1 423 79 -1
0.1 424 80 -1
0.1 81 82 -1
0.1 426 83 -1
0.1 84 85 -1
0.1 427 428 -1
0.1 425 429 -1
0.1 75 430 -1
0.1 421 431 -1
0.1 86 87 -1
0.1 432 433 -1
0.1 419 434 -1
0.1 414 435 -1
0.1 92 93 -1
0.1 91 437 -1
0.1 438 94 -1
0.1 97 98 -1
0.1 96 440 -1
0.1 95 441 -1
0.1 439 442 -1
0.1 443 99 -1
0.1 90 444 -1
0.1 445 100 -1
0.1 446 101 -1
0.1 447 102 -1
0.1 103 104 -1
0.1 106 107 -1
0.1 105 450 -1
0.1 449 451 -1
0.1 109 110 -1
0.1 108 453 -1
0.1 111 112 -1
0.1 454 455 -1
0.1 452 456 -1
0.1 113 114 -1
0.1 116 117 -1
0.1 459 118 -1
0.1 115 460 -1
0.1 119 120 -1
0.1 461 462 -1
0.1 463 121 -1
0.1 458 464 -1
0.1 465 122 -1
0.1 457 466 -1
0.1 448 467 -1
0.1 89 468 -1
0.1 126 127 -1
0.1 128 129 -1
0.1 130 131 -1
0.1 471 472 -1
0.1 470 473 -1
0.1 474 132 -1
0.1 125 475 -1
0.1 124 476 -1
0.1 123 477 -1
0.1 133 134 -1
0.1 478 479 -1
0.1 480 135 -1
0.1 139 140 -1
0.1 141 142 -1
0.1 482 483 -1
0.1 138 484 -1
0.1 143 144 -1
0.1 485 486 -1
0.1 487 145 -1
0.1 137 488 -1
0.1 136 489 -1
0.1 481 490 -1
0.1 491 146 -1
0.1 150 151 -1
0.1 152 153 -1
0.1 494 154 -1
0.1 493 495 -1
0.1 149 496 -1
0.1 148 497 -1
0.1 155 156 -1
0.1 498 499 -1
0.1 147 500 -1
0.1 501 157 -1
0.1 492 502 -1
0.1 469 503 -1
0.1 504 158 -1
0.1 88 505 -1
0.1 436 506 -1
0.1 160 161 -1
0.1 159 508 -1
0.1 164 165 -1
0.1 163 510 -1
0.1 162 511 -1
0.1 166 167 -1
0.1 512 513 -1
0.1 509 514 -1
0.1 515 168 -1
0.1 516 169 -1
0.1 170 171 -1
0.1 518 172 -1
0.1 174 175 -1
0.1 520 176 -1
0.1 173 521 -1
0.1 177 178 -1
0.1 523 179 -1
0.1 522 524 -1
0.1 519 525 -1
0.1 181 182 -1
0.1 184 185 -1
0.1 183 528 -1
0.1 529 186 -1
0.1 188 189 -1
0.1 187 531 -1
0.1 530 532 -1
0.1 533 190 -1
0.1 527 534 -1
0.1 180 535 -1
0.1 526 536 -1
0.1 517 537 -1
0.1 507 538 -1
0.1 194 195 -1
0.1 193 540 -1
0.1 196 197 -1
0.1 198 199 -1
0.1 542 543 -1
0.1 541 544 -1
0.1 545 200 -1
0.1 546 201 -1
0.1 192 547 -1
0.1 191 548 -1
0.1 205 206 -1
0.1 207 208 -1
0.1 550 551 -1
0.1 204 552 -1
0.1 203 553 -1
0.1 210 211 -1
0.1 209 555 -1
0.1 554 556 -1
0.1 202 557 -1
0.1 558 212 -1
0.1 216 217 -1
0.1 218 219 -1
0.1 221 222 -1
0.1 562 223 -1
0.1 224 225 -1
0.1 227 228 -1
0.1 229 230 -1
0.1 565 566 -1
0.1 226 567 -1
0.1 564 568 -1
0.1 563 569 -1
0.1 220 570 -1
0.1 232 233 -1
0.1 234 235 -1
0.1 572 573 -1
0.1 231 574 -1
0.1 237 238 -1
0.1 239 240 -1
0.1 576 577 -1
0.1 236 578 -1
0.1 575 579 -1
0.1 242 243 -1
0.1 241 581 -1
0.1 580 582 -1
0.1 571 583 -1
0.1 561 584 -1
0.1 244 245 -1
0.1 246 247 -1
0.1 250 251 -1
0.1 588 252 -1
0.1 249 589 -1
0.1 248 590 -1
0.1 254 255 -1
0.1 253 592 -1
0.1 591 593 -1
0.1 587 594 -1
0.1 595 256 -1
0.1 596 257 -1
0.1 259 260 -1
0.1 258 598 -1
0.1 597 599 -1
0.1 261 262 -1
0.1 601 263 -1
0.1 600 602 -1
0.1 586 603 -1
0.1 585 604 -1
0.1 266 267 -1
0.1 268 269 -1
0.1 606 607 -1
0.1 608 270 -1
0.1 609 271 -1
0.1 273 274 -1
0.1 275 276 -1
0.1 612 277 -1
0.1 278 279 -1
0.1 280 281 -1
0.1 614 615 -1
0.1 282 283 -1
0.1 616 617 -1
0.1 613 618 -1
0.1 611 619 -1
0.1 620 284 -1
0.1 286 287 -1
0.1 285 622 -1
0.1 288 289 -1
0.1 624 290 -1
0.1 623 625 -1
0.1 626 291 -1
0.1 293 294 -1
0.1 292 628 -1
0.1 627 629 -1
0.1 295 296 -1
0.1 630 631 -1
0.1 621 632 -1
0.1 633 297 -1
0.1 634 298 -1
0.1 635 299 -1
0.1 636 300 -1
0.1 272 637 -1
0.1 610 638 -1
0.1 265 639 -1
0.1 264 640 -1
0.1 641 301 -1
0.1 642 302 -1
0.1 605 643 -1
0.1 304 305 -1
0.1 303 645 -1
0.1 644 646 -1
0.1 306 307 -1
0.1 648 308 -1
0.1 649 309 -1
0.1 310 311 -1
0.1 313 314 -1
0.1 312 652 -1
0.1 315 316 -1
0.1 654 317 -1
0.1 653 655 -1
0.1 320 321 -1
0.1 657 322 -1
0.1 323 324 -1
0.1 327 328 -1
0.1 326 660 -1
0.1 661 329 -1
0.1 325 662 -1
0.1 659 663 -1
0.1 658 664 -1
0.1 319 665 -1
0.1 318 666 -1
0.1 656 667 -1
0.1 651 668 -1
0.1 330 331 -1
0.1 670 332 -1
0.1 669 671 -1
0.1 650 672 -1
0.1 333 334 -1
0.1 673 674 -1
0.1 675 335 -1
0.1 676 336 -1
0.1 647 677 -1
0.1 340 341 -1
0.1 339 679 -1
0.1 338 680 -1
0.1 342 343 -1
0.1 681 682 -1
0.1 337 683 -1
0.1 678 684 -1
0.1 560 685 -1
0.1 686 344 -1
0.1 215 687 -1
0.1 688 345 -1
0.1 214 689 -1
0.1 348 349 -1
0.1 347 691 -1
0.1 346 692 -1
0.1 693 350 -1
0.1 690 694 -1
0.1 213 695 -1
0.1 559 696 -1
0.1 549 697 -1
0.1 539 698 -1
