1 0 0 1
1 0 0 1
1 0 0 2
1 0 0 2
1 0 0 2
1 0 0 3
1 0 0 3
1 0 0 4
1 0 0 4
1 0 0 4
1 0 0 4
1 0 0 4
1 0 0 4
1 0 0 4
1 0 0 4
1 0 0 4
1 0 0 4
1 0 0 3
1 0 0 1
1 0 0 5
1 0 0 5
1 0 0 5
1 0 0 5
1 0 0 5
1 0 0 5
1 0 0 5
1 0 0 5
1 0 0 5
1 0 0 5
1 0 0 1
1 0 0 6
1 0 0 6
1 0 0 6
1 0 0 6
1 0 0 7
1 0 0 7
1 0 0 7
1 0 0 7
1 0 0 7
1 0 0 7
1 0 0 7
1 0 0 7
1 0 0 7
1 0 0 7
1 0 0 6
1 0 0 6
1 0 0 6
1 0 0 6
1 0 0 6
1 0 0 6
1 0 0 1
1 0 0 8
1 0 0 8
1 0 0 8
1 0 0 8
1 0 0 8
1 0 0 8
1 0 0 8
1 0 0 8
1 0 0 8
1 0 0 8
1 0 0 1
1 0 0 9
1 0 0 9
1 0 0 9
1 0 0 9
1 0 0 9
1 0 0 9
1 0 0 9
1 0 0 9
1 0 0 9
1 0 0 9
1 0 0 10
1 0 0 10
1 0 0 10
1 0 0 10
1 0 0 10
1 0 0 10
1 0 0 11
1 0 0 11
1 0 0 11
1 0 0 11
1 0 0 11
1 0 0 11
1 0 0 11
1 0 0 11
1 0 0 11
1 0 0 11
1 0 0 10
1 0 0 10
1 0 0 10
1 0 0 10
1 0 0 2
1 0 0 2
1 0 0 2
1 0 0 2
1 0 0 2
1 0 0 2
1 0 0 2
1 0 0 12
1 0 0 12
1 0 0 12
1 0 0 12
1 0 0 12
1 0 0 12
1 0 0 12
1 0 0 12
1 0 0 12
1 0 0 12
1 0 0 13
1 0 0 13
1 0 0 13
1 0 0 13
1 0 0 13
1 0 0 13
1 0 0 13
1 0 0 13
1 0 0 13
1 0 0 13
1 0 0 14
1 0 0 14
1 0 0 14
1 0 0 14
1 0 0 14
1 0 0 14
1 0 0 14
1 0 0 14
1 0 0 14
1 0 0 14
1 0 0 15
1 0 0 15
1 0 0 15
1 0 0 15
1 0 0 15
1 0 0 15
1 0 0 15
1 0 0 15
1 0 0 15
1 0 0 15
1 0 0 3
1 0 0 3
1 0 0 3
1 0 0 3
1 0 0 16
1 0 0 16
1 0 0 16
1 0 0 16
1 0 0 16
1 0 0 16
1 0 0 16
1 0 0 16
1 0 0 16
1 0 0 16
1 0 0 3
1 0 0 3
1 0 0 3
1 0 0 1
1 0 0 1
1 0 0 17
1 0 0 17
1 0 0 17
1 0 0 17
1 0 0 17
1 0 0 17
1 0 0 17
1 0 0 18
1 0 0 18
1 0 0 18
1 0 0 18
1 0 0 18
1 0 0 18
1 0 0 18
1 0 0 18
1 0 0 18
1 0 0 1
1 0 0 18
1 0 0 1
1 0 0 19
1 0 0 19
1 0 0 19
1 0 0 19
1 0 0 19
1 0 0 19
1 0 0 17
1 0 0 17
1 0 0 17
1 0 0 19
1 0 0 19
1 0 0 19
1 0 0 19
1 0 0 20
1 0 0 20
1 0 0 20
1 0 0 20
1 0 0 21
1 0 0 22
1 0 0 22
1 0 0 22
1 0 0 22
1 0 0 22
1 0 0 22
1 0 0 22
1 0 0 22
1 0 0 21
1 0 0 21
1 0 0 21
1 0 0 21
1 0 0 21
1 0 0 21
1 0 0 21
1 0 0 21
1 0 0 21
1 0 0 23
1 0 0 23
1 0 0 24
1 0 0 24
1 0 0 24
1 0 0 24
1 0 0 25
1 0 0 25
1 0 0 25
1 0 0 26
1 0 0 26
1 0 0 26
1 0 0 26
1 0 0 26
1 0 0 26
1 0 0 26
1 0 0 26
1 0 0 26
1 0 0 26
1 0 0 27
1 0 0 27
1 0 0 27
1 0 0 27
1 0 0 27
1 0 0 27
1 0 0 27
1 0 0 27
1 0 0 27
1 0 0 27
1 0 0 25
1 0 0 25
1 0 0 25
1 0 0 25
1 0 0 28
1 0 0 28
1 0 0 28
1 0 0 28
1 0 0 28
1 0 0 28
1 0 0 28
1 0 0 28
1 0 0 28
1 0 0 28
1 0 0 25
1 0 0 29
1 0 0 29
1 0 0 29
1 0 0 29
1 0 0 29
1 0 0 29
1 0 0 30
1 0 0 30
1 0 0 30
1 0 0 30
1 0 0 31
1 0 0 31
1 0 0 31
1 0 0 31
1 0 0 31
1 0 0 31
1 0 0 31
1 0 0 31
1 0 0 31
1 0 0 31
1 0 0 30
1 0 0 30
1 0 0 30
1 0 0 30
1 0 0 30
1 0 0 30
1 0 0 29
1 0 0 29
1 0 0 29
1 0 0 29
1 0 0 23
1 0 0 23
1 0 0 23
1 0 0 23
1 0 0 23
1 0 0 25
1 0 0 25
1 0 0 32
1 0 0 32
1 0 0 32
1 0 0 32
1 0 0 32
1 0 0 32
1 0 0 32
1 0 0 32
1 0 0 32
1 0 0 32
1 0 0 23
1 0 0 22
1 0 0 22
1 0 0 23
1 0 0 24
1 0 0 24
1 0 0 24
1 0 0 24
1 0 0 24
1 0 0 24
1 0 0 23
1 0 0 20
1 0 0 33
1 0 0 33
1 0 0 20
1 0 0 20
1 0 0 20
1 0 0 20
1 0 0 20
1 0 0 33
1 0 0 33
1 0 0 33
1 0 0 33
1 0 0 33
1 0 0 33
1 0 0 34
1 0 0 34
1 0 0 34
1 0 0 34
1 0 0 34
1 0 0 34
1 0 0 34
1 0 0 34
1 0 0 34
1 0 0 34
1 0 0 33
1 0 0 35
1 0 0 35
1 0 0 35
1 0 0 35
1 0 0 35
1 0 0 35
1 0 0 35
1 0 0 35
1 0 0 35
1 0 0 35
1 0 0 33
0.1 1 2 -1
0.1 4 5 -1
0.1 3 352 -1
0.1 6 7 -1
0.1 10 11 -1
0.1 13 14 -1
0.1 15 16 -1
0.1 356 357 -1
0.1 358 17 -1
0.1 12 359 -1
0.1 355 360 -1
0.1 9 361 -1
0.1 8 362 -1
0.1 363 18 -1
0.1 354 364 -1
0.1 353 365 -1
0.1 351 366 -1
0.1 367 19 -1
0.1 22 23 -1
0.1 21 369 -1
0.1 20 370 -1
0.1 25 26 -1
0.1 372 27 -1
0.1 24 373 -1
0.1 28 29 -1
0.1 374 375 -1
0.1 371 376 -1
0.1 377 30 -1
0.1 31 32 -1
0.1 379 33 -1
0.1 35 36 -1
0.1 37 38 -1
0.1 381 382 -1
0.1 41 42 -1
0.1 40 384 -1
0.1 39 385 -1
0.1 43 44 -1
0.1 386 387 -1
0.1 383 388 -1
0.1 34 389 -1
0.1 45 46 -1
0.1 47 48 -1
0.1 391 392 -1
0.1 390 393 -1
0.1 49 50 -1
0.1 394 395 -1
0.1 380 396 -1
0.1 397 51 -1
0.1 52 53 -1
0.1 55 56 -1
0.1 59 60 -1
0.1 58 401 -1
0.1 57 402 -1
0.1 400 403 -1
0.1 54 404 -1
0.1 399 405 -1
0.1 406 61 -1
0.1 407 62 -1
0.1 398 408 -1
0.1 378 409 -1
0.1 63 64 -1
0.1 411 65 -1
0.1 66 67 -1
0.1 412 413 -1
0.1 68 69 -1
0.1 71 72 -1
0.1 70 416 -1
0.1 415 417 -1
0.1 414 418 -1
0.1 73 74 -1
0.1 75 76 -1
0.1 421 77 -1
0.1 79 80 -1
0.1 82 83 -1
0.1 81 424 -1
0.1 84 85 -1
0.1 426 86 -1
0.1 425 427 -1
0.1 87 88 -1
0.1 428 429 -1
0.1 430 89 -1
0.1 431 90 -1
0.1 423 432 -1
0.1 433 91 -1
0.1 78 434 -1
0.1 422 435 -1
0.1 436 92 -1
0.1 420 437 -1
0.1 419 438 -1
0.1 93 94 -1
0.1 96 97 -1
0.1 95 441 -1
0.1 442 98 -1
0.1 443 99 -1
0.1 440 444 -1
0.1 100 101 -1
0.1 446 102 -1
0.1 105 106 -1
0.1 104 448 -1
0.1 107 108 -1
0.1 449 450 -1
0.1 451 109 -1
0.1 103 452 -1
0.1 447 453 -1
0.1 110 111 -1
0.1 113 114 -1
0.1 112 456 -1
0.1 455 457 -1
0.1 116 117 -1
0.1 115 459 -1
0.1 458 460 -1
0.1 118 119 -1
0.1 461 462 -1
0.1 120 121 -1
0.1 122 123 -1
0.1 126 127 -1
0.1 125 466 -1
0.1 124 467 -1
0.1 465 468 -1
0.1 469 128 -1
0.1 464 470 -1
0.1 471 129 -1
0.1 463 472 -1
0.1 131 132 -1
0.1 130 474 -1
0.1 475 133 -1
0.1 136 137 -1
0.1 135 477 -1
0.1 134 478 -1
0.1 476 479 -1
0.1 138 139 -1
0.1 480 481 -1
0.1 140 141 -1
0.1 482 483 -1
0.1 484 142 -1
0.1 473 485 -1
0.1 454 486 -1
0.1 145 146 -1
0.1 147 148 -1
0.1 489 149 -1
0.1 150 151 -1
0.1 490 491 -1
0.1 152 153 -1
0.1 492 493 -1
0.1 488 494 -1
0.1 144 495 -1
0.1 143 496 -1
0.1 155 156 -1
0.1 154 498 -1
0.1 497 499 -1
0.1 487 500 -1
0.1 445 501 -1
0.1 439 502 -1
0.1 410 503 -1
0.1 368 504 -1
0.1 157 158 -1
0.1 505 506 -1
0.1 159 160 -1
0.1 508 161 -1
0.1 164 165 -1
0.1 163 510 -1
0.1 162 511 -1
0.1 509 512 -1
0.1 166 167 -1
0.1 169 170 -1
0.1 168 515 -1
0.1 514 516 -1
0.1 171 172 -1
0.1 517 518 -1
0.1 173 174 -1
0.1 519 520 -1
0.1 521 175 -1
0.1 522 176 -1
0.1 179 180 -1
0.1 178 524 -1
0.1 181 182 -1
0.1 526 183 -1
0.1 184 185 -1
0.1 528 186 -1
0.1 529 187 -1
0.1 188 189 -1
0.1 531 190 -1
0.1 530 532 -1
0.1 527 533 -1
0.1 525 534 -1
0.1 177 535 -1
0.1 523 536 -1
0.1 513 537 -1
0.1 507 538 -1
0.1 193 194 -1
0.1 192 540 -1
0.1 195 196 -1
0.1 197 198 -1
0.1 199 200 -1
0.1 544 201 -1
0.1 543 545 -1
0.1 202 203 -1
0.1 205 206 -1
0.1 204 548 -1
0.1 209 210 -1
0.1 208 550 -1
0.1 207 551 -1
0.1 211 212 -1
0.1 552 553 -1
0.1 549 554 -1
0.1 215 216 -1
0.1 217 218 -1
0.1 556 557 -1
0.1 220 221 -1
0.1 223 224 -1
0.1 222 560 -1
0.1 226 227 -1
0.1 225 562 -1
0.1 229 230 -1
0.1 228 564 -1
0.1 565 231 -1
0.1 563 566 -1
0.1 561 567 -1
0.1 233 234 -1
0.1 235 236 -1
0.1 569 570 -1
0.1 237 238 -1
0.1 239 240 -1
0.1 572 573 -1
0.1 574 241 -1
0.1 571 575 -1
0.1 232 576 -1
0.1 568 577 -1
0.1 578 242 -1
0.1 559 579 -1
0.1 580 243 -1
0.1 244 245 -1
0.1 246 247 -1
0.1 248 249 -1
0.1 250 251 -1
0.1 584 585 -1
0.1 253 254 -1
0.1 252 587 -1
0.1 586 588 -1
0.1 583 589 -1
0.1 590 255 -1
0.1 582 591 -1
0.1 581 592 -1
0.1 219 593 -1
0.1 558 594 -1
0.1 257 258 -1
0.1 260 261 -1
0.1 597 262 -1
0.1 264 265 -1
0.1 268 269 -1
0.1 267 600 -1
0.1 270 271 -1
0.1 273 274 -1
0.1 272 603 -1
0.1 604 275 -1
0.1 605 276 -1
0.1 602 606 -1
0.1 601 607 -1
0.1 266 608 -1
0.1 599 609 -1
0.1 278 279 -1
0.1 277 611 -1
0.1 610 612 -1
0.1 280 281 -1
0.1 614 282 -1
0.1 613 615 -1
0.1 263 616 -1
0.1 598 617 -1
0.1 284 285 -1
0.1 619 286 -1
0.1 283 620 -1
0.1 618 621 -1
0.1 259 622 -1
0.1 596 623 -1
0.1 256 624 -1
0.1 595 625 -1
0.1 626 287 -1
0.1 214 627 -1
0.1 213 628 -1
0.1 288 289 -1
0.1 630 290 -1
0.1 631 291 -1
0.1 292 293 -1
0.1 294 295 -1
0.1 297 298 -1
0.1 299 300 -1
0.1 635 636 -1
0.1 296 637 -1
0.1 638 301 -1
0.1 634 639 -1
0.1 302 303 -1
0.1 640 641 -1
0.1 633 642 -1
0.1 643 304 -1
0.1 632 644 -1
0.1 629 645 -1
0.1 555 646 -1
0.1 547 647 -1
0.1 305 306 -1
0.1 648 649 -1
0.1 546 650 -1
0.1 542 651 -1
0.1 652 307 -1
0.1 309 310 -1
0.1 312 313 -1
0.1 311 655 -1
0.1 654 656 -1
0.1 308 657 -1
0.1 658 314 -1
0.1 653 659 -1
0.1 660 315 -1
0.1 316 317 -1
0.1 318 319 -1
0.1 662 663 -1
0.1 661 664 -1
0.1 541 665 -1
0.1 666 320 -1
0.1 191 667 -1
0.1 668 321 -1
0.1 669 322 -1
0.1 324 325 -1
0.1 323 671 -1
0.1 672 326 -1
0.1 670 673 -1
0.1 674 327 -1
0.1 675 328 -1
0.1 330 331 -1
0.1 677 332 -1
0.1 333 334 -1
0.1 335 336 -1
0.1 679 680 -1
0.1 337 338 -1
0.1 681 682 -1
0.1 678 683 -1
0.1 329 684 -1
0.1 685 339 -1
0.1 676 686 -1
0.1 341 342 -1
0.1 343 344 -1
0.1 688 689 -1
0.1 690 345 -1
0.1 340 691 -1
0.1 692 346 -1
0.1 348 349 -1
0.1 347 694 -1
0.1 693 695 -1
0.1 696 350 -1
0.1 687 697 -1
0.1 539 698 -1
