1 0 0 1
1 0 0 2
1 0 0 3
1 0 0 3
1 0 0 4
1 0 0 4
1 0 0 4
1 0 0 3
1 0 0 3
1 0 0 3
1 0 0 3
1 0 0 3
1 0 0 4
1 0 0 4
1 0 0 4
1 0 0 4
1 0 0 4
1 0 0 4
1 0 0 4
1 0 0 3
1 0 0 3
1 0 0 3
1 0 0 5
1 0 0 5
1 0 0 5
1 0 0 2
1 0 0 6
1 0 0 6
1 0 0 6
1 0 0 6
1 0 0 6
1 0 0 6
1 0 0 6
1 0 0 6
1 0 0 6
1 0 0 6
1 0 0 5
1 0 0 5
1 0 0 5
1 0 0 5
1 0 0 5
1 0 0 2
1 0 0 7
1 0 0 7
1 0 0 7
1 0 0 7
1 0 0 7
1 0 0 7
1 0 0 7
1 0 0 7
1 0 0 7
1 0 0 7
1 0 0 5
1 0 0 5
1 0 0 8
1 0 0 9
1 0 0 9
1 0 0 9
1 0 0 9
1 0 0 9
1 0 0 9
1 0 0 9
1 0 0 9
1 0 0 9
1 0 0 9
1 0 0 10
1 0 0 10
1 0 0 10
1 0 0 10
1 0 0 10
1 0 0 10
1 0 0 10
1 0 0 10
1 0 0 10
1 0 0 10
1 0 0 11
1 0 0 11
1 0 0 11
1 0 0 11
1 0 0 11
1 0 0 11
1 0 0 11
1 0 0 11
1 0 0 11
1 0 0 11
1 0 0 8
1 0 0 8
1 0 0 8
1 0 0 8
1 0 0 8
1 0 0 12
1 0 0 12
1 0 0 12
1 0 0 12
1 0 0 12
1 0 0 12
1 0 0 12
1 0 0 12
1 0 0 12
1 0 0 12
1 0 0 13
1 0 0 13
1 0 0 13
1 0 0 13
1 0 0 13
1 0 0 13
1 0 0 13
1 0 0 13
1 0 0 13
1 0 0 13
1 0 0 8
1 0 0 8
1 0 0 8
1 0 0 14
1 0 0 14
1 0 0 14
1 0 0 14
1 0 0 14
1 0 0 14
1 0 0 14
1 0 0 14
1 0 0 14
1 0 0 14
1 0 0 8
1 0 0 15
1 0 0 15
1 0 0 15
1 0 0 15
1 0 0 15
1 0 0 16
1 0 0 16
1 0 0 16
1 0 0 16
1 0 0 16
1 0 0 16
1 0 0 16
1 0 0 16
1 0 0 16
1 0 0 16
1 0 0 15
1 0 0 15
1 0 0 15
1 0 0 2
1 0 0 2
1 0 0 2
1 0 0 15
1 0 0 15
1 0 0 2
1 0 0 17
1 0 0 17
1 0 0 17
1 0 0 17
1 0 0 17
1 0 0 17
1 0 0 17
1 0 0 17
1 0 0 17
1 0 0 17
1 0 0 2
1 0 0 18
1 0 0 18
1 0 0 18
1 0 0 18
1 0 0 18
1 0 0 18
1 0 0 18
1 0 0 18
1 0 0 19
1 0 0 19
1 0 0 19
1 0 0 19
1 0 0 19
1 0 0 19
1 0 0 19
1 0 0 19
1 0 0 19
1 0 0 19
1 0 0 18
1 0 0 18
1 0 0 20
1 0 0 20
1 0 0 20
1 0 0 20
1 0 0 20
1 0 0 20
1 0 0 20
1 0 0 20
1 0 0 20
1 0 0 20
1 0 0 2
1 0 0 2
1 0 0 21
1 0 0 21
1 0 0 21
1 0 0 21
1 0 0 21
1 0 0 21
1 0 0 21
1 0 0 21
1 0 0 21
1 0 0 21
1 0 0 22
1 0 0 22
1 0 0 22
1 0 0 22
1 0 0 22
1 0 0 22
1 0 0 22
1 0 0 22
1 0 0 22
1 0 0 22
1 0 0 1
1 0 0 1
1 0 0 23
1 0 0 23
1 0 0 24
1 0 0 24
1 0 0 24
1 0 0 25
1 0 0 25
1 0 0 26
1 0 0 26
1 0 0 26
1 0 0 26
1 0 0 26
1 0 0 26
1 0 0 26
1 0 0 26
1 0 0 26
1 0 0 26
1 0 0 27
1 0 0 27
1 0 0 27
1 0 0 27
1 0 0 27
1 0 0 27
1 0 0 27
1 0 0 27
1 0 0 27
1 0 0 27
1 0 0 25
1 0 0 25
1 0 0 28
1 0 0 28
1 0 0 28
1 0 0 28
1 0 0 28
1 0 0 28
1 0 0 28
1 0 0 28
1 0 0 28
1 0 0 28
1 0 0 25
1 0 0 25
1 0 0 25
1 0 0 24
1 0 0 24
1 0 0 24
1 0 0 24
1 0 0 24
1 0 0 24
1 0 0 24
1 0 0 29
1 0 0 29
1 0 0 29
1 0 0 30
1 0 0 30
1 0 0 30
1 0 0 30
1 0 0 30
1 0 0 29
1 0 0 29
1 0 0 29
1 0 0 29
1 0 0 29
1 0 0 31
1 0 0 31
1 0 0 31
1 0 0 31
1 0 0 31
1 0 0 31
1 0 0 31
1 0 0 31
1 0 0 31
1 0 0 31
1 0 0 29
1 0 0 32
1 0 0 25
1 0 0 25
1 0 0 30
1 0 0 33
1 0 0 33
1 0 0 33
1 0 0 33
1 0 0 33
1 0 0 33
1 0 0 33
1 0 0 34
1 0 0 34
1 0 0 34
1 0 0 34
1 0 0 34
1 0 0 34
1 0 0 34
1 0 0 34
1 0 0 34
1 0 0 35
1 0 0 35
1 0 0 35
1 0 0 35
1 0 0 35
1 0 0 35
1 0 0 35
1 0 0 35
1 0 0 35
1 0 0 35
1 0 0 34
1 0 0 33
1 0 0 33
1 0 0 33
1 0 0 25
1 0 0 29
1 0 0 32
1 0 0 32
1 0 0 32
1 0 0 32
1 0 0 32
1 0 0 32
1 0 0 30
1 0 0 30
1 0 0 30
1 0 0 30
1 0 0 32
1 0 0 32
1 0 0 32
1 0 0 23
1 0 0 23
1 0 0 23
1 0 0 23
1 0 0 23
1 0 0 23
1 0 0 23
1 0 0 23
1 0 0 1
1 0 0 1
1 0 0 1
1 0 0 1
1 0 0 1
1 0 0 1
1 0 0 1
0.1 3 4 -1
0.1 6 7 -1
0.1 5 352 -1
0.1 353 8 -1
0.1 354 9 -1
0.1 355 10 -1
0.1 11 12 -1
0.1 13 14 -1
0.1 15 16 -1
0.1 17 18 -1
0.1 360 19 -1
0.1 359 361 -1
0.1 358 362 -1
0.1 357 363 -1
0.1 20 21 -1
0.1 364 365 -1
0.1 356 366 -1
0.1 367 22 -1
0.1 351 368 -1
0.1 2 369 -1
0.1 24 25 -1
0.1 23 371 -1
0.1 372 26 -1
0.1 28 29 -1
0.1 27 374 -1
0.1 30 31 -1
0.1 375 376 -1
0.1 33 34 -1
0.1 32 378 -1
0.1 35 36 -1
0.1 379 380 -1
0.1 377 381 -1
0.1 382 37 -1
0.1 373 383 -1
0.1 38 39 -1
0.1 385 40 -1
0.1 386 41 -1
0.1 44 45 -1
0.1 43 388 -1
0.1 47 48 -1
0.1 46 390 -1
0.1 391 49 -1
0.1 389 392 -1
0.1 50 51 -1
0.1 394 52 -1
0.1 393 395 -1
0.1 42 396 -1
0.1 387 397 -1
0.1 398 53 -1
0.1 399 54 -1
0.1 384 400 -1
0.1 59 60 -1
0.1 58 402 -1
0.1 57 403 -1
0.1 63 64 -1
0.1 62 405 -1
0.1 61 406 -1
0.1 404 407 -1
0.1 408 65 -1
0.1 56 409 -1
0.1 67 68 -1
0.1 66 411 -1
0.1 69 70 -1
0.1 71 72 -1
0.1 414 73 -1
0.1 413 415 -1
0.1 74 75 -1
0.1 416 417 -1
0.1 412 418 -1
0.1 77 78 -1
0.1 80 81 -1
0.1 421 82 -1
0.1 79 422 -1
0.1 420 423 -1
0.1 84 85 -1
0.1 83 425 -1
0.1 424 426 -1
0.1 76 427 -1
0.1 419 428 -1
0.1 87 88 -1
0.1 86 430 -1
0.1 429 431 -1
0.1 410 432 -1
0.1 433 89 -1
0.1 92 93 -1
0.1 95 96 -1
0.1 97 98 -1
0.1 436 437 -1
0.1 94 438 -1
0.1 435 439 -1
0.1 91 440 -1
0.1 99 100 -1
0.1 441 442 -1
0.1 90 443 -1
0.1 102 103 -1
0.1 104 105 -1
0.1 445 446 -1
0.1 447 106 -1
0.1 108 109 -1
0.1 107 449 -1
0.1 448 450 -1
0.1 451 110 -1
0.1 101 452 -1
0.1 444 453 -1
0.1 434 454 -1
0.1 455 111 -1
0.1 55 456 -1
0.1 112 113 -1
0.1 115 116 -1
0.1 117 118 -1
0.1 119 120 -1
0.1 460 461 -1
0.1 459 462 -1
0.1 122 123 -1
0.1 121 464 -1
0.1 463 465 -1
0.1 114 466 -1
0.1 467 124 -1
0.1 458 468 -1
0.1 457 469 -1
0.1 125 126 -1
0.1 128 129 -1
0.1 127 472 -1
0.1 471 473 -1
0.1 131 132 -1
0.1 130 475 -1
0.1 133 134 -1
0.1 477 135 -1
0.1 136 137 -1
0.1 478 479 -1
0.1 138 139 -1
0.1 480 481 -1
0.1 476 482 -1
0.1 140 141 -1
0.1 484 142 -1
0.1 483 485 -1
0.1 474 486 -1
0.1 144 145 -1
0.1 143 488 -1
0.1 146 147 -1
0.1 489 490 -1
0.1 487 491 -1
0.1 470 492 -1
0.1 401 493 -1
0.1 150 151 -1
0.1 152 153 -1
0.1 495 496 -1
0.1 155 156 -1
0.1 154 498 -1
0.1 497 499 -1
0.1 149 500 -1
0.1 157 158 -1
0.1 501 502 -1
0.1 503 159 -1
0.1 160 161 -1
0.1 505 162 -1
0.1 163 164 -1
0.1 165 166 -1
0.1 507 508 -1
0.1 170 171 -1
0.1 172 173 -1
0.1 510 511 -1
0.1 174 175 -1
0.1 512 513 -1
0.1 169 514 -1
0.1 515 176 -1
0.1 516 177 -1
0.1 168 517 -1
0.1 167 518 -1
0.1 178 179 -1
0.1 519 520 -1
0.1 509 521 -1
0.1 506 522 -1
0.1 504 523 -1
0.1 148 524 -1
0.1 181 182 -1
0.1 526 183 -1
0.1 180 527 -1
0.1 184 185 -1
0.1 186 187 -1
0.1 529 530 -1
0.1 188 189 -1
0.1 531 532 -1
0.1 528 533 -1
0.1 534 190 -1
0.1 525 535 -1
0.1 494 536 -1
0.1 370 537 -1
0.1 538 191 -1
0.1 1 539 -1
0.1 194 195 -1
0.1 193 541 -1
0.1 196 197 -1
0.1 542 543 -1
0.1 198 199 -1
0.1 200 201 -1
0.1 545 546 -1
0.1 544 547 -1
0.1 192 548 -1
0.1 204 205 -1
0.1 206 207 -1
0.1 208 209 -1
0.1 551 552 -1
0.1 550 553 -1
0.1 554 210 -1
0.1 555 211 -1
0.1 203 556 -1
0.1 202 557 -1
0.1 558 212 -1
0.1 549 559 -1
0.1 216 217 -1
0.1 219 220 -1
0.1 223 224 -1
0.1 225 226 -1
0.1 563 564 -1
0.1 565 227 -1
0.1 566 228 -1
0.1 222 567 -1
0.1 229 230 -1
0.1 568 569 -1
0.1 221 570 -1
0.1 562 571 -1
0.1 232 233 -1
0.1 231 573 -1
0.1 234 235 -1
0.1 575 236 -1
0.1 574 576 -1
0.1 238 239 -1
0.1 578 240 -1
0.1 237 579 -1
0.1 577 580 -1
0.1 572 581 -1
0.1 241 242 -1
0.1 582 583 -1
0.1 244 245 -1
0.1 243 585 -1
0.1 246 247 -1
0.1 248 249 -1
0.1 250 251 -1
0.1 588 589 -1
0.1 587 590 -1
0.1 586 591 -1
0.1 592 252 -1
0.1 253 254 -1
0.1 593 594 -1
0.1 595 255 -1
0.1 584 596 -1
0.1 256 257 -1
0.1 597 598 -1
0.1 218 599 -1
0.1 258 259 -1
0.1 261 262 -1
0.1 260 602 -1
0.1 601 603 -1
0.1 264 265 -1
0.1 263 605 -1
0.1 266 267 -1
0.1 268 269 -1
0.1 607 608 -1
0.1 609 270 -1
0.1 273 274 -1
0.1 272 611 -1
0.1 271 612 -1
0.1 610 613 -1
0.1 276 277 -1
0.1 615 278 -1
0.1 279 280 -1
0.1 281 282 -1
0.1 617 618 -1
0.1 619 283 -1
0.1 616 620 -1
0.1 284 285 -1
0.1 621 622 -1
0.1 275 623 -1
0.1 614 624 -1
0.1 606 625 -1
0.1 286 287 -1
0.1 288 289 -1
0.1 628 290 -1
0.1 291 292 -1
0.1 630 293 -1
0.1 296 297 -1
0.1 295 632 -1
0.1 294 633 -1
0.1 631 634 -1
0.1 299 300 -1
0.1 298 636 -1
0.1 301 302 -1
0.1 303 304 -1
0.1 307 308 -1
0.1 310 311 -1
0.1 641 312 -1
0.1 642 313 -1
0.1 309 643 -1
0.1 640 644 -1
0.1 315 316 -1
0.1 314 646 -1
0.1 645 647 -1
0.1 306 648 -1
0.1 305 649 -1
0.1 639 650 -1
0.1 638 651 -1
0.1 637 652 -1
0.1 653 317 -1
0.1 318 319 -1
0.1 655 320 -1
0.1 654 656 -1
0.1 635 657 -1
0.1 658 321 -1
0.1 659 322 -1
0.1 629 660 -1
0.1 627 661 -1
0.1 626 662 -1
0.1 323 324 -1
0.1 326 327 -1
0.1 325 665 -1
0.1 666 328 -1
0.1 329 330 -1
0.1 668 331 -1
0.1 669 332 -1
0.1 667 670 -1
0.1 664 671 -1
0.1 334 335 -1
0.1 333 673 -1
0.1 672 674 -1
0.1 663 675 -1
0.1 604 676 -1
0.1 600 677 -1
0.1 561 678 -1
0.1 215 679 -1
0.1 339 340 -1
0.1 338 681 -1
0.1 341 342 -1
0.1 682 683 -1
0.1 337 684 -1
0.1 336 685 -1
0.1 686 343 -1
0.1 680 687 -1
0.1 214 688 -1
0.1 344 345 -1
0.1 689 690 -1
0.1 346 347 -1
0.1 692 348 -1
0.1 693 349 -1
0.1 691 694 -1
0.1 695 350 -1
0.1 213 696 -1
0.1 560 697 -1
0.1 540 698 -1
