1 0 0 1
1 0 0 1
1 0 0 1
1 0 0 1
1 0 0 1
1 0 0 1
1 0 0 1
1 0 0 2
1 0 0 2
1 0 0 2
1 0 0 2
1 0 0 2
1 0 0 2
1 0 0 2
1 0 0 2
1 0 0 2
1 0 0 2
1 0 0 2
1 0 0 2
1 0 0 2
1 0 0 2
1 0 0 2
1 0 0 2
1 0 0 2
1 0 0 2
1 0 0 2
1 0 0 2
1 0 0 1
1 0 0 1
1 0 0 1
1 0 0 1
1 0 0 1
1 0 0 1
1 0 0 1
1 0 0 1
1 0 0 1
1 0 0 1
1 0 0 1
1 0 0 1
1 0 0 1
1 0 0 3
1 0 0 3
1 0 0 3
1 0 0 3
1 0 0 3
1 0 0 3
1 0 0 3
1 0 0 3
1 0 0 3
1 0 0 3
1 0 0 3
1 0 0 3
1 0 0 3
1 0 0 3
1 0 0 3
1 0 0 3
1 0 0 3
1 0 0 3
1 0 0 3
1 0 0 3
1 0 0 4
1 0 0 4
1 0 0 4
1 0 0 4
1 0 0 4
1 0 0 5
1 0 0 5
1 0 0 5
1 0 0 6
1 0 0 6
1 0 0 6
1 0 0 6
1 0 0 6
1 0 0 6
1 0 0 6
1 0 0 6
1 0 0 6
1 0 0 6
1 0 0 6
1 0 0 6
1 0 0 6
1 0 0 6
1 0 0 6
1 0 0 6
1 0 0 6
1 0 0 6
1 0 0 6
1 0 0 6
1 0 0 5
1 0 0 5
1 0 0 5
1 0 0 5
1 0 0 5
1 0 0 5
1 0 0 5
1 0 0 5
1 0 0 5
1 0 0 5
1 0 0 5
1 0 0 5
1 0 0 5
1 0 0 5
1 0 0 5
1 0 0 5
1 0 0 5
1 0 0 4
1 0 0 4
1 0 0 4
1 0 0 4
1 0 0 4
1 0 0 4
1 0 0 4
1 0 0 4
1 0 0 4
1 0 0 4
1 0 0 4
1 0 0 4
1 0 0 4
1 0 0 4
1 0 0 4
0.1 2 3 -1
0.1 1 121 -1
0.1 122 4 -1
0.1 6 7 -1
0.1 5 124 -1
0.1 123 125 -1
0.1 9 10 -1
0.1 8 127 -1
0.1 128 11 -1
0.1 129 12 -1
0.1 13 14 -1
0.1 130 131 -1
0.1 16 17 -1
0.1 19 20 -1
0.1 18 134 -1
0.1 23 24 -1
0.1 22 136 -1
0.1 21 137 -1
0.1 25 26 -1
0.1 138 139 -1
0.1 135 140 -1
0.1 133 141 -1
0.1 142 27 -1
0.1 15 143 -1
0.1 132 144 -1
0.1 126 145 -1
0.1 28 29 -1
0.1 30 31 -1
0.1 147 148 -1
0.1 149 32 -1
0.1 37 38 -1
0.1 36 151 -1
0.1 152 39 -1
0.1 153 40 -1
0.1 35 154 -1
0.1 34 155 -1
0.1 33 156 -1
0.1 150 157 -1
0.1 146 158 -1
0.1 44 45 -1
0.1 43 160 -1
0.1 42 161 -1
0.1 46 47 -1
0.1 48 49 -1
0.1 51 52 -1
0.1 50 165 -1
0.1 164 166 -1
0.1 163 167 -1
0.1 162 168 -1
0.1 169 53 -1
0.1 57 58 -1
0.1 56 171 -1
0.1 55 172 -1
0.1 54 173 -1
0.1 170 174 -1
0.1 41 175 -1
0.1 176 59 -1
0.1 177 60 -1
0.1 63 64 -1
0.1 62 179 -1
0.1 180 65 -1
0.1 61 181 -1
0.1 182 66 -1
0.1 183 67 -1
0.1 69 70 -1
0.1 185 71 -1
0.1 73 74 -1
0.1 72 187 -1
0.1 77 78 -1
0.1 76 189 -1
0.1 75 190 -1
0.1 188 191 -1
0.1 81 82 -1
0.1 80 193 -1
0.1 194 83 -1
0.1 79 195 -1
0.1 192 196 -1
0.1 186 197 -1
0.1 198 84 -1
0.1 85 86 -1
0.1 200 87 -1
0.1 201 88 -1
0.1 199 202 -1
0.1 203 89 -1
0.1 204 90 -1
0.1 92 93 -1
0.1 94 95 -1
0.1 206 207 -1
0.1 208 96 -1
0.1 91 209 -1
0.1 205 210 -1
0.1 68 211 -1
0.1 100 101 -1
0.1 99 213 -1
0.1 98 214 -1
0.1 97 215 -1
0.1 102 103 -1
0.1 104 105 -1
0.1 217 218 -1
0.1 216 219 -1
0.1 212 220 -1
0.1 184 221 -1
0.1 178 222 -1
0.1 106 107 -1
0.1 224 108 -1
0.1 109 110 -1
0.1 226 111 -1
0.1 112 113 -1
0.1 228 114 -1
0.1 118 119 -1
0.1 230 120 -1
0.1 117 231 -1
0.1 116 232 -1
0.1 115 233 -1
0.1 229 234 -1
0.1 227 235 -1
0.1 225 236 -1
0.1 223 237 -1
0.1 159 238 -1
