1 0 0 1
1 0 0 1
1 0 0 1
1 0 0 1
1 0 0 1
1 0 0 2
1 0 0 2
1 0 0 3
1 0 0 3
1 0 0 3
1 0 0 3
1 0 0 3
1 0 0 3
1 0 0 3
1 0 0 3
1 0 0 3
1 0 0 3
1 0 0 4
1 0 0 4
1 0 0 4
1 0 0 4
1 0 0 4
1 0 0 4
1 0 0 4
1 0 0 4
1 0 0 4
1 0 0 4
1 0 0 2
1 0 0 5
1 0 0 5
1 0 0 5
1 0 0 5
1 0 0 5
1 0 0 5
1 0 0 5
1 0 0 5
1 0 0 5
1 0 0 5
1 0 0 2
1 0 0 2
1 0 0 2
1 0 0 2
1 0 0 2
1 0 0 2
1 0 0 2
1 0 0 1
1 0 0 6
1 0 0 6
1 0 0 6
1 0 0 6
1 0 0 6
1 0 0 6
1 0 0 6
1 0 0 6
1 0 0 6
1 0 0 6
1 0 0 7
1 0 0 7
1 0 0 7
1 0 0 7
1 0 0 7
1 0 0 7
1 0 0 7
1 0 0 7
1 0 0 7
1 0 0 7
1 0 0 8
1 0 0 8
1 0 0 8
1 0 0 8
1 0 0 8
1 0 0 8
1 0 0 8
1 0 0 8
1 0 0 8
1 0 0 8
1 0 0 1
1 0 0 9
1 0 0 9
1 0 0 9
1 0 0 9
1 0 0 9
1 0 0 9
1 0 0 9
1 0 0 10
1 0 0 10
1 0 0 10
1 0 0 10
1 0 0 9
1 0 0 9
1 0 0 9
1 0 0 10
1 0 0 10
1 0 0 10
1 0 0 10
1 0 0 10
1 0 0 10
1 0 0 11
1 0 0 11
1 0 0 11
1 0 0 11
1 0 0 12
1 0 0 12
1 0 0 12
1 0 0 12
1 0 0 12
1 0 0 11
1 0 0 11
1 0 0 13
1 0 0 13
1 0 0 13
1 0 0 13
1 0 0 13
1 0 0 13
1 0 0 13
1 0 0 13
1 0 0 13
1 0 0 13
1 0 0 11
1 0 0 11
1 0 0 11
1 0 0 11
1 0 0 14
1 0 0 14
1 0 0 14
1 0 0 14
1 0 0 14
1 0 0 14
1 0 0 14
1 0 0 14
1 0 0 14
1 0 0 14
1 0 0 1
1 0 0 15
1 0 0 15
1 0 0 15
1 0 0 15
1 0 0 15
1 0 0 15
1 0 0 15
1 0 0 15
1 0 0 15
1 0 0 15
1 0 0 16
1 0 0 16
1 0 0 16
1 0 0 16
1 0 0 16
1 0 0 16
1 0 0 16
1 0 0 16
1 0 0 16
1 0 0 1
1 0 0 16
1 0 0 12
1 0 0 12
1 0 0 12
1 0 0 12
1 0 0 12
1 0 0 17
1 0 0 17
1 0 0 17
1 0 0 17
1 0 0 17
1 0 0 17
1 0 0 17
1 0 0 17
1 0 0 18
1 0 0 18
1 0 0 18
1 0 0 18
1 0 0 18
1 0 0 18
1 0 0 18
1 0 0 18
1 0 0 18
1 0 0 18
1 0 0 19
1 0 0 19
1 0 0 19
1 0 0 19
1 0 0 19
1 0 0 19
1 0 0 19
1 0 0 19
1 0 0 19
1 0 0 19
1 0 0 20
1 0 0 20
1 0 0 20
1 0 0 20
1 0 0 20
1 0 0 20
1 0 0 20
1 0 0 20
1 0 0 20
1 0 0 20
1 0 0 17
1 0 0 17
1 0 0 1
0.1 2 3 -1
0.1 1 201 -1
0.1 10 11 -1
0.1 203 12 -1
0.1 13 14 -1
0.1 205 15 -1
0.1 204 206 -1
0.1 207 16 -1
0.1 208 17 -1
0.1 9 209 -1
0.1 8 210 -1
0.1 7 211 -1
0.1 6 212 -1
0.1 20 21 -1
0.1 214 22 -1
0.1 23 24 -1
0.1 215 216 -1
0.1 25 26 -1
0.1 217 218 -1
0.1 19 219 -1
0.1 18 220 -1
0.1 221 27 -1
0.1 222 28 -1
0.1 32 33 -1
0.1 31 224 -1
0.1 30 225 -1
0.1 29 226 -1
0.1 36 37 -1
0.1 228 38 -1
0.1 35 229 -1
0.1 34 230 -1
0.1 227 231 -1
0.1 40 41 -1
0.1 39 233 -1
0.1 234 42 -1
0.1 44 45 -1
0.1 43 236 -1
0.1 235 237 -1
0.1 232 238 -1
0.1 223 239 -1
0.1 213 240 -1
0.1 241 46 -1
0.1 47 48 -1
0.1 49 50 -1
0.1 243 244 -1
0.1 51 52 -1
0.1 245 246 -1
0.1 53 54 -1
0.1 55 56 -1
0.1 248 249 -1
0.1 247 250 -1
0.1 242 251 -1
0.1 57 58 -1
0.1 253 59 -1
0.1 60 61 -1
0.1 62 63 -1
0.1 256 64 -1
0.1 255 257 -1
0.1 258 65 -1
0.1 259 66 -1
0.1 254 260 -1
0.1 252 261 -1
0.1 5 262 -1
0.1 4 263 -1
0.1 68 69 -1
0.1 67 265 -1
0.1 266 70 -1
0.1 72 73 -1
0.1 268 74 -1
0.1 75 76 -1
0.1 269 270 -1
0.1 71 271 -1
0.1 267 272 -1
0.1 273 77 -1
0.1 264 274 -1
0.1 78 79 -1
0.1 276 80 -1
0.1 82 83 -1
0.1 81 278 -1
0.1 279 84 -1
0.1 277 280 -1
0.1 275 281 -1
0.1 202 282 -1
0.1 85 86 -1
0.1 284 87 -1
0.1 90 91 -1
0.1 89 286 -1
0.1 287 92 -1
0.1 88 288 -1
0.1 93 94 -1
0.1 290 95 -1
0.1 289 291 -1
0.1 285 292 -1
0.1 283 293 -1
0.1 96 97 -1
0.1 294 295 -1
0.1 99 100 -1
0.1 98 297 -1
0.1 298 101 -1
0.1 104 105 -1
0.1 103 300 -1
0.1 102 301 -1
0.1 302 106 -1
0.1 299 303 -1
0.1 112 113 -1
0.1 111 305 -1
0.1 306 114 -1
0.1 110 307 -1
0.1 115 116 -1
0.1 308 309 -1
0.1 310 117 -1
0.1 311 118 -1
0.1 109 312 -1
0.1 313 119 -1
0.1 108 314 -1
0.1 315 120 -1
0.1 107 316 -1
0.1 121 122 -1
0.1 317 318 -1
0.1 123 124 -1
0.1 320 125 -1
0.1 321 126 -1
0.1 127 128 -1
0.1 322 323 -1
0.1 130 131 -1
0.1 129 325 -1
0.1 324 326 -1
0.1 327 132 -1
0.1 134 135 -1
0.1 329 136 -1
0.1 139 140 -1
0.1 138 331 -1
0.1 137 332 -1
0.1 142 143 -1
0.1 141 334 -1
0.1 333 335 -1
0.1 330 336 -1
0.1 144 145 -1
0.1 146 147 -1
0.1 338 339 -1
0.1 148 149 -1
0.1 341 150 -1
0.1 151 152 -1
0.1 342 343 -1
0.1 340 344 -1
0.1 345 153 -1
0.1 346 154 -1
0.1 337 347 -1
0.1 133 348 -1
0.1 328 349 -1
0.1 157 158 -1
0.1 156 351 -1
0.1 352 159 -1
0.1 155 353 -1
0.1 350 354 -1
0.1 319 355 -1
0.1 304 356 -1
0.1 160 161 -1
0.1 162 163 -1
0.1 164 165 -1
0.1 359 360 -1
0.1 166 167 -1
0.1 168 169 -1
0.1 363 170 -1
0.1 173 174 -1
0.1 172 365 -1
0.1 171 366 -1
0.1 364 367 -1
0.1 176 177 -1
0.1 175 369 -1
0.1 368 370 -1
0.1 181 182 -1
0.1 372 183 -1
0.1 180 373 -1
0.1 179 374 -1
0.1 178 375 -1
0.1 184 185 -1
0.1 376 377 -1
0.1 186 187 -1
0.1 378 379 -1
0.1 371 380 -1
0.1 188 189 -1
0.1 190 191 -1
0.1 195 196 -1
0.1 384 197 -1
0.1 194 385 -1
0.1 193 386 -1
0.1 192 387 -1
0.1 383 388 -1
0.1 382 389 -1
0.1 381 390 -1
0.1 198 199 -1
0.1 391 392 -1
0.1 362 393 -1
0.1 361 394 -1
0.1 358 395 -1
0.1 396 200 -1
0.1 357 397 -1
0.1 296 398 -1
