1 0 0 1
1 0 0 1
1 0 0 1
1 0 0 1
1 0 0 1
1 0 0 1
1 0 0 1
1 0 0 1
1 0 0 2
1 0 0 3
1 0 0 2
1 0 0 2
1 0 0 2
1 0 0 2
1 0 0 2
1 0 0 2
1 0 0 2
1 0 0 2
1 0 0 2
1 0 0 3
1 0 0 4
1 0 0 4
1 0 0 4
1 0 0 4
1 0 0 4
1 0 0 4
1 0 0 4
1 0 0 4
1 0 0 4
1 0 0 4
1 0 0 1
1 0 0 1
1 0 0 3
1 0 0 3
1 0 0 3
1 0 0 3
1 0 0 5
1 0 0 5
1 0 0 5
1 0 0 5
1 0 0 6
1 0 0 6
1 0 0 6
1 0 0 6
1 0 0 6
1 0 0 6
1 0 0 6
1 0 0 6
1 0 0 6
1 0 0 6
1 0 0 7
1 0 0 7
1 0 0 7
1 0 0 7
1 0 0 7
1 0 0 7
1 0 0 7
1 0 0 7
1 0 0 7
1 0 0 7
1 0 0 8
1 0 0 8
1 0 0 8
1 0 0 8
1 0 0 8
1 0 0 8
1 0 0 8
1 0 0 8
1 0 0 8
1 0 0 8
1 0 0 5
1 0 0 5
1 0 0 5
1 0 0 5
1 0 0 5
1 0 0 5
1 0 0 9
1 0 0 9
1 0 0 9
1 0 0 9
1 0 0 9
1 0 0 9
1 0 0 9
1 0 0 9
1 0 0 9
1 0 0 9
1 0 0 10
1 0 0 10
1 0 0 10
1 0 0 3
1 0 0 11
1 0 0 11
1 0 0 11
1 0 0 11
1 0 0 11
1 0 0 11
1 0 0 11
1 0 0 11
1 0 0 11
1 0 0 11
1 0 0 12
1 0 0 12
1 0 0 12
1 0 0 12
1 0 0 12
1 0 0 12
1 0 0 12
1 0 0 12
1 0 0 12
1 0 0 12
1 0 0 13
1 0 0 14
1 0 0 14
1 0 0 14
1 0 0 14
1 0 0 14
1 0 0 14
1 0 0 14
1 0 0 14
1 0 0 14
1 0 0 14
1 0 0 15
1 0 0 15
1 0 0 15
1 0 0 15
1 0 0 15
1 0 0 15
1 0 0 15
1 0 0 15
1 0 0 15
1 0 0 13
1 0 0 15
1 0 0 16
1 0 0 16
1 0 0 16
1 0 0 16
1 0 0 16
1 0 0 16
1 0 0 16
1 0 0 16
1 0 0 16
1 0 0 16
1 0 0 13
1 0 0 13
1 0 0 13
1 0 0 13
1 0 0 13
1 0 0 13
1 0 0 13
1 0 0 13
1 0 0 3
1 0 0 17
1 0 0 17
1 0 0 17
1 0 0 17
1 0 0 17
1 0 0 17
1 0 0 17
1 0 0 17
1 0 0 17
1 0 0 17
1 0 0 3
1 0 0 3
1 0 0 10
1 0 0 10
1 0 0 10
1 0 0 10
1 0 0 10
1 0 0 10
1 0 0 18
1 0 0 18
1 0 0 18
1 0 0 18
1 0 0 18
1 0 0 19
1 0 0 19
1 0 0 18
1 0 0 18
1 0 0 18
1 0 0 18
1 0 0 18
1 0 0 19
1 0 0 19
1 0 0 19
1 0 0 19
1 0 0 19
1 0 0 19
1 0 0 19
1 0 0 20
1 0 0 20
1 0 0 20
1 0 0 20
1 0 0 20
1 0 0 20
1 0 0 20
1 0 0 20
1 0 0 20
1 0 0 20
1 0 0 19
1 0 0 10
0.1 1 2 -1
0.1 4 5 -1
0.1 6 7 -1
0.1 202 203 -1
0.1 204 8 -1
0.1 11 12 -1
0.1 206 13 -1
0.1 14 15 -1
0.1 207 208 -1
0.1 16 17 -1
0.1 18 19 -1
0.1 210 211 -1
0.1 209 212 -1
0.1 10 213 -1
0.1 9 214 -1
0.1 22 23 -1
0.1 21 216 -1
0.1 24 25 -1
0.1 218 26 -1
0.1 217 219 -1
0.1 27 28 -1
0.1 29 30 -1
0.1 221 222 -1
0.1 220 223 -1
0.1 20 224 -1
0.1 215 225 -1
0.1 205 226 -1
0.1 3 227 -1
0.1 31 32 -1
0.1 228 229 -1
0.1 201 230 -1
0.1 33 34 -1
0.1 232 35 -1
0.1 38 39 -1
0.1 234 40 -1
0.1 37 235 -1
0.1 42 43 -1
0.1 46 47 -1
0.1 45 238 -1
0.1 44 239 -1
0.1 240 48 -1
0.1 237 241 -1
0.1 41 242 -1
0.1 49 50 -1
0.1 243 244 -1
0.1 51 52 -1
0.1 53 54 -1
0.1 55 56 -1
0.1 57 58 -1
0.1 248 249 -1
0.1 247 250 -1
0.1 246 251 -1
0.1 59 60 -1
0.1 252 253 -1
0.1 245 254 -1
0.1 61 62 -1
0.1 67 68 -1
0.1 66 257 -1
0.1 65 258 -1
0.1 64 259 -1
0.1 63 260 -1
0.1 256 261 -1
0.1 69 70 -1
0.1 262 263 -1
0.1 255 264 -1
0.1 72 73 -1
0.1 71 266 -1
0.1 265 267 -1
0.1 74 75 -1
0.1 269 76 -1
0.1 268 270 -1
0.1 236 271 -1
0.1 36 272 -1
0.1 233 273 -1
0.1 231 274 -1
0.1 78 79 -1
0.1 77 276 -1
0.1 80 81 -1
0.1 82 83 -1
0.1 278 279 -1
0.1 277 280 -1
0.1 85 86 -1
0.1 84 282 -1
0.1 281 283 -1
0.1 275 284 -1
0.1 87 88 -1
0.1 286 89 -1
0.1 92 93 -1
0.1 91 288 -1
0.1 96 97 -1
0.1 95 290 -1
0.1 98 99 -1
0.1 291 292 -1
0.1 94 293 -1
0.1 289 294 -1
0.1 295 100 -1
0.1 101 102 -1
0.1 103 104 -1
0.1 105 106 -1
0.1 298 299 -1
0.1 297 300 -1
0.1 107 108 -1
0.1 109 110 -1
0.1 302 303 -1
0.1 301 304 -1
0.1 113 114 -1
0.1 117 118 -1
0.1 116 307 -1
0.1 120 121 -1
0.1 119 309 -1
0.1 308 310 -1
0.1 115 311 -1
0.1 306 312 -1
0.1 112 313 -1
0.1 111 314 -1
0.1 123 124 -1
0.1 126 127 -1
0.1 125 317 -1
0.1 316 318 -1
0.1 128 129 -1
0.1 319 320 -1
0.1 122 321 -1
0.1 322 130 -1
0.1 323 131 -1
0.1 324 132 -1
0.1 135 136 -1
0.1 134 326 -1
0.1 133 327 -1
0.1 140 141 -1
0.1 139 329 -1
0.1 330 142 -1
0.1 138 331 -1
0.1 137 332 -1
0.1 328 333 -1
0.1 325 334 -1
0.1 144 145 -1
0.1 147 148 -1
0.1 337 149 -1
0.1 146 338 -1
0.1 336 339 -1
0.1 143 340 -1
0.1 341 150 -1
0.1 335 342 -1
0.1 315 343 -1
0.1 344 151 -1
0.1 305 345 -1
0.1 296 346 -1
0.1 90 347 -1
0.1 154 155 -1
0.1 153 349 -1
0.1 152 350 -1
0.1 156 157 -1
0.1 159 160 -1
0.1 158 353 -1
0.1 352 354 -1
0.1 355 161 -1
0.1 351 356 -1
0.1 357 162 -1
0.1 358 163 -1
0.1 348 359 -1
0.1 287 360 -1
0.1 165 166 -1
0.1 167 168 -1
0.1 362 363 -1
0.1 164 364 -1
0.1 361 365 -1
0.1 172 173 -1
0.1 367 174 -1
0.1 171 368 -1
0.1 170 369 -1
0.1 175 176 -1
0.1 178 179 -1
0.1 177 372 -1
0.1 180 181 -1
0.1 373 374 -1
0.1 375 182 -1
0.1 371 376 -1
0.1 377 183 -1
0.1 184 185 -1
0.1 189 190 -1
0.1 193 194 -1
0.1 192 381 -1
0.1 382 195 -1
0.1 191 383 -1
0.1 196 197 -1
0.1 384 385 -1
0.1 380 386 -1
0.1 387 198 -1
0.1 188 388 -1
0.1 187 389 -1
0.1 390 199 -1
0.1 186 391 -1
0.1 379 392 -1
0.1 378 393 -1
0.1 370 394 -1
0.1 395 200 -1
0.1 169 396 -1
0.1 366 397 -1
0.1 285 398 -1
