1 0 0 1
1 0 0 1
1 0 0 1
1 0 0 1
1 0 0 1
1 0 0 1
1 0 0 1
1 0 0 1
1 0 0 1
1 0 0 1
1 0 0 2
1 0 0 2
1 0 0 3
1 0 0 3
1 0 0 3
1 0 0 3
1 0 0 3
1 0 0 3
1 0 0 3
1 0 0 3
1 0 0 3
1 0 0 3
1 0 0 4
1 0 0 4
1 0 0 4
1 0 0 4
1 0 0 4
1 0 0 4
1 0 0 4
1 0 0 4
1 0 0 4
1 0 0 4
1 0 0 5
1 0 0 2
1 0 0 6
1 0 0 6
1 0 0 6
1 0 0 6
1 0 0 6
1 0 0 6
1 0 0 6
1 0 0 6
1 0 0 6
1 0 0 6
1 0 0 5
1 0 0 5
1 0 0 5
1 0 0 5
1 0 0 5
1 0 0 5
1 0 0 5
1 0 0 5
1 0 0 7
1 0 0 7
1 0 0 7
1 0 0 7
1 0 0 7
1 0 0 7
1 0 0 7
1 0 0 7
1 0 0 7
1 0 0 7
1 0 0 5
1 0 0 8
1 0 0 8
1 0 0 8
1 0 0 8
1 0 0 8
1 0 0 8
1 0 0 8
1 0 0 8
1 0 0 8
1 0 0 8
1 0 0 9
1 0 0 9
1 0 0 9
1 0 0 9
1 0 0 9
1 0 0 9
1 0 0 9
1 0 0 9
1 0 0 9
1 0 0 9
1 0 0 2
1 0 0 10
1 0 0 10
1 0 0 10
1 0 0 2
1 0 0 2
1 0 0 2
1 0 0 11
1 0 0 11
1 0 0 11
1 0 0 11
1 0 0 11
1 0 0 11
1 0 0 11
1 0 0 11
1 0 0 12
1 0 0 12
1 0 0 12
1 0 0 12
1 0 0 12
1 0 0 12
1 0 0 12
1 0 0 12
1 0 0 12
1 0 0 12
1 0 0 13
1 0 0 13
1 0 0 13
1 0 0 13
1 0 0 13
1 0 0 13
1 0 0 13
1 0 0 13
1 0 0 13
1 0 0 13
1 0 0 14
1 0 0 14
1 0 0 14
1 0 0 14
1 0 0 14
1 0 0 14
1 0 0 14
1 0 0 14
1 0 0 14
1 0 0 14
1 0 0 11
1 0 0 11
1 0 0 2
1 0 0 10
1 0 0 10
1 0 0 10
1 0 0 10
1 0 0 10
1 0 0 15
1 0 0 15
1 0 0 15
1 0 0 15
1 0 0 15
1 0 0 15
1 0 0 15
1 0 0 15
1 0 0 16
1 0 0 16
1 0 0 16
1 0 0 16
1 0 0 16
1 0 0 16
1 0 0 16
1 0 0 16
1 0 0 16
1 0 0 16
1 0 0 17
1 0 0 17
1 0 0 17
1 0 0 17
1 0 0 17
1 0 0 17
1 0 0 17
1 0 0 17
1 0 0 17
1 0 0 17
1 0 0 18
1 0 0 18
1 0 0 18
1 0 0 18
1 0 0 18
1 0 0 18
1 0 0 18
1 0 0 18
1 0 0 18
1 0 0 2
1 0 0 18
1 0 0 2
1 0 0 15
1 0 0 15
1 0 0 19
1 0 0 19
1 0 0 19
1 0 0 19
1 0 0 19
1 0 0 19
1 0 0 20
1 0 0 20
1 0 0 20
1 0 0 20
1 0 0 20
1 0 0 20
1 0 0 20
1 0 0 20
1 0 0 20
1 0 0 20
1 0 0 19
1 0 0 19
1 0 0 19
1 0 0 19
1 0 0 10
1 0 0 10
0.1 2 3 -1
0.1 1 201 -1
0.1 6 7 -1
0.1 5 203 -1
0.1 4 204 -1
0.1 202 205 -1
0.1 9 10 -1
0.1 8 207 -1
0.1 206 208 -1
0.1 13 14 -1
0.1 17 18 -1
0.1 16 211 -1
0.1 21 22 -1
0.1 20 213 -1
0.1 19 214 -1
0.1 212 215 -1
0.1 15 216 -1
0.1 210 217 -1
0.1 23 24 -1
0.1 26 27 -1
0.1 220 28 -1
0.1 25 221 -1
0.1 219 222 -1
0.1 29 30 -1
0.1 31 32 -1
0.1 224 225 -1
0.1 223 226 -1
0.1 38 39 -1
0.1 40 41 -1
0.1 43 44 -1
0.1 42 230 -1
0.1 229 231 -1
0.1 228 232 -1
0.1 37 233 -1
0.1 36 234 -1
0.1 35 235 -1
0.1 236 45 -1
0.1 47 48 -1
0.1 50 51 -1
0.1 239 52 -1
0.1 49 240 -1
0.1 238 241 -1
0.1 46 242 -1
0.1 55 56 -1
0.1 54 244 -1
0.1 245 57 -1
0.1 53 246 -1
0.1 60 61 -1
0.1 59 248 -1
0.1 58 249 -1
0.1 250 62 -1
0.1 247 251 -1
0.1 243 252 -1
0.1 237 253 -1
0.1 34 254 -1
0.1 66 67 -1
0.1 65 256 -1
0.1 69 70 -1
0.1 68 258 -1
0.1 257 259 -1
0.1 260 71 -1
0.1 261 72 -1
0.1 64 262 -1
0.1 263 73 -1
0.1 63 264 -1
0.1 255 265 -1
0.1 33 266 -1
0.1 227 267 -1
0.1 218 268 -1
0.1 12 269 -1
0.1 77 78 -1
0.1 271 79 -1
0.1 76 272 -1
0.1 75 273 -1
0.1 80 81 -1
0.1 274 275 -1
0.1 82 83 -1
0.1 276 277 -1
0.1 74 278 -1
0.1 279 84 -1
0.1 270 280 -1
0.1 11 281 -1
0.1 209 282 -1
0.1 283 85 -1
0.1 284 86 -1
0.1 285 87 -1
0.1 88 89 -1
0.1 287 90 -1
0.1 91 92 -1
0.1 93 94 -1
0.1 95 96 -1
0.1 290 291 -1
0.1 289 292 -1
0.1 97 98 -1
0.1 101 102 -1
0.1 100 295 -1
0.1 296 103 -1
0.1 99 297 -1
0.1 104 105 -1
0.1 298 299 -1
0.1 300 106 -1
0.1 107 108 -1
0.1 301 302 -1
0.1 109 110 -1
0.1 304 111 -1
0.1 113 114 -1
0.1 306 115 -1
0.1 112 307 -1
0.1 117 118 -1
0.1 116 309 -1
0.1 308 310 -1
0.1 305 311 -1
0.1 303 312 -1
0.1 119 120 -1
0.1 122 123 -1
0.1 121 315 -1
0.1 314 316 -1
0.1 124 125 -1
0.1 317 318 -1
0.1 127 128 -1
0.1 126 320 -1
0.1 319 321 -1
0.1 313 322 -1
0.1 294 323 -1
0.1 129 130 -1
0.1 324 325 -1
0.1 293 326 -1
0.1 327 131 -1
0.1 288 328 -1
0.1 329 132 -1
0.1 330 133 -1
0.1 134 135 -1
0.1 332 136 -1
0.1 331 333 -1
0.1 137 138 -1
0.1 335 139 -1
0.1 141 142 -1
0.1 143 144 -1
0.1 337 338 -1
0.1 140 339 -1
0.1 145 146 -1
0.1 147 148 -1
0.1 149 150 -1
0.1 153 154 -1
0.1 152 344 -1
0.1 151 345 -1
0.1 343 346 -1
0.1 342 347 -1
0.1 341 348 -1
0.1 155 156 -1
0.1 350 157 -1
0.1 160 161 -1
0.1 159 352 -1
0.1 158 353 -1
0.1 162 163 -1
0.1 355 164 -1
0.1 354 356 -1
0.1 351 357 -1
0.1 165 166 -1
0.1 167 168 -1
0.1 169 170 -1
0.1 171 172 -1
0.1 361 362 -1
0.1 360 363 -1
0.1 364 173 -1
0.1 359 365 -1
0.1 366 174 -1
0.1 367 175 -1
0.1 358 368 -1
0.1 369 176 -1
0.1 349 370 -1
0.1 371 177 -1
0.1 340 372 -1
0.1 373 178 -1
0.1 179 180 -1
0.1 183 184 -1
0.1 186 187 -1
0.1 190 191 -1
0.1 189 378 -1
0.1 379 192 -1
0.1 188 380 -1
0.1 377 381 -1
0.1 382 193 -1
0.1 185 383 -1
0.1 384 194 -1
0.1 376 385 -1
0.1 182 386 -1
0.1 181 387 -1
0.1 375 388 -1
0.1 196 197 -1
0.1 390 198 -1
0.1 195 391 -1
0.1 389 392 -1
0.1 374 393 -1
0.1 336 394 -1
0.1 199 200 -1
0.1 395 396 -1
0.1 334 397 -1
0.1 286 398 -1
