1 0 0 1
1 0 0 2
1 0 0 2
1 0 0 2
1 0 0 3
1 0 0 3
1 0 0 3
1 0 0 3
1 0 0 3
1 0 0 3
1 0 0 3
1 0 0 3
1 0 0 3
1 0 0 3
1 0 0 2
1 0 0 4
1 0 0 4
1 0 0 4
1 0 0 4
1 0 0 4
1 0 0 4
1 0 0 4
1 0 0 4
1 0 0 4
1 0 0 4
1 0 0 2
1 0 0 2
1 0 0 5
1 0 0 6
1 0 0 6
1 0 0 6
1 0 0 6
1 0 0 6
1 0 0 6
1 0 0 7
1 0 0 7
1 0 0 7
1 0 0 8
1 0 0 8
1 0 0 8
1 0 0 8
1 0 0 8
1 0 0 8
1 0 0 8
1 0 0 8
1 0 0 9
1 0 0 9
1 0 0 9
1 0 0 9
1 0 0 9
1 0 0 10
1 0 0 6
1 0 0 7
1 0 0 7
1 0 0 7
1 0 0 7
1 0 0 7
1 0 0 7
1 0 0 7
1 0 0 6
1 0 0 6
1 0 0 6
1 0 0 5
1 0 0 2
1 0 0 5
1 0 0 5
1 0 0 5
1 0 0 5
1 0 0 5
1 0 0 5
1 0 0 5
1 0 0 5
1 0 0 11
1 0 0 11
1 0 0 11
1 0 0 11
1 0 0 12
1 0 0 12
1 0 0 12
1 0 0 12
1 0 0 13
1 0 0 13
1 0 0 13
1 0 0 13
1 0 0 13
1 0 0 13
1 0 0 13
1 0 0 13
1 0 0 13
1 0 0 13
1 0 0 12
1 0 0 14
1 0 0 14
1 0 0 14
1 0 0 15
1 0 0 2
1 0 0 2
1 0 0 15
1 0 0 15
1 0 0 15
1 0 0 15
1 0 0 15
1 0 0 15
1 0 0 15
1 0 0 15
1 0 0 15
1 0 0 14
1 0 0 11
1 0 0 16
1 0 0 16
1 0 0 16
1 0 0 16
1 0 0 16
1 0 0 16
1 0 0 16
1 0 0 16
1 0 0 16
1 0 0 16
1 0 0 17
1 0 0 17
1 0 0 17
1 0 0 17
1 0 0 17
1 0 0 18
1 0 0 18
1 0 0 18
1 0 0 18
1 0 0 18
1 0 0 18
1 0 0 18
1 0 0 18
1 0 0 18
1 0 0 18
1 0 0 17
1 0 0 17
1 0 0 11
1 0 0 17
1 0 0 17
1 0 0 17
1 0 0 19
1 0 0 19
1 0 0 19
1 0 0 19
1 0 0 19
1 0 0 19
1 0 0 19
1 0 0 19
1 0 0 19
1 0 0 19
1 0 0 14
1 0 0 14
1 0 0 14
1 0 0 14
1 0 0 14
1 0 0 20
1 0 0 20
1 0 0 20
1 0 0 20
1 0 0 20
1 0 0 21
1 0 0 21
1 0 0 21
1 0 0 21
1 0 0 21
1 0 0 21
1 0 0 21
1 0 0 21
1 0 0 21
1 0 0 21
1 0 0 22
1 0 0 20
1 0 0 20
1 0 0 20
1 0 0 20
1 0 0 20
1 0 0 14
1 0 0 12
1 0 0 12
1 0 0 12
1 0 0 12
1 0 0 12
1 0 0 23
1 0 0 23
1 0 0 23
1 0 0 23
1 0 0 23
1 0 0 23
1 0 0 11
1 0 0 11
1 0 0 11
1 0 0 23
1 0 0 23
1 0 0 23
1 0 0 23
1 0 0 11
1 0 0 24
1 0 0 24
1 0 0 24
1 0 0 24
1 0 0 24
1 0 0 24
1 0 0 24
1 0 0 24
1 0 0 24
1 0 0 22
1 0 0 22
1 0 0 22
1 0 0 25
1 0 0 25
1 0 0 25
1 0 0 25
1 0 0 25
1 0 0 25
1 0 0 25
1 0 0 25
1 0 0 25
1 0 0 25
1 0 0 24
1 0 0 22
1 0 0 9
1 0 0 9
1 0 0 9
1 0 0 9
1 0 0 9
1 0 0 26
1 0 0 26
1 0 0 26
1 0 0 26
1 0 0 26
1 0 0 26
1 0 0 26
1 0 0 26
1 0 0 26
1 0 0 26
1 0 0 27
1 0 0 27
1 0 0 27
1 0 0 27
1 0 0 27
1 0 0 27
1 0 0 27
1 0 0 27
1 0 0 27
1 0 0 27
1 0 0 1
1 0 0 1
1 0 0 1
1 0 0 1
1 0 0 1
1 0 0 1
1 0 0 1
1 0 0 1
1 0 0 1
1 0 0 28
1 0 0 28
1 0 0 28
1 0 0 28
1 0 0 28
1 0 0 28
1 0 0 28
1 0 0 29
1 0 0 29
1 0 0 29
1 0 0 29
1 0 0 29
1 0 0 29
1 0 0 29
1 0 0 29
1 0 0 29
1 0 0 28
1 0 0 29
1 0 0 30
1 0 0 30
1 0 0 30
1 0 0 30
1 0 0 30
1 0 0 31
1 0 0 31
1 0 0 31
1 0 0 31
1 0 0 31
1 0 0 31
1 0 0 31
1 0 0 31
1 0 0 31
1 0 0 31
1 0 0 30
1 0 0 32
1 0 0 32
1 0 0 32
1 0 0 32
1 0 0 32
1 0 0 32
1 0 0 32
1 0 0 32
1 0 0 32
1 0 0 32
1 0 0 30
1 0 0 30
1 0 0 30
1 0 0 30
1 0 0 33
1 0 0 34
1 0 0 34
1 0 0 34
1 0 0 34
1 0 0 34
1 0 0 34
1 0 0 34
1 0 0 34
1 0 0 34
1 0 0 33
1 0 0 33
1 0 0 33
1 0 0 33
1 0 0 33
1 0 0 33
1 0 0 33
1 0 0 10
1 0 0 33
1 0 0 10
1 0 0 2
1 0 0 10
1 0 0 10
1 0 0 10
1 0 0 35
1 0 0 35
1 0 0 35
1 0 0 35
1 0 0 35
1 0 0 35
1 0 0 35
1 0 0 35
1 0 0 35
1 0 0 35
1 0 0 10
1 0 0 36
1 0 0 36
1 0 0 36
1 0 0 36
1 0 0 36
1 0 0 36
1 0 0 36
1 0 0 37
1 0 0 37
1 0 0 37
1 0 0 37
1 0 0 37
1 0 0 37
1 0 0 37
1 0 0 37
1 0 0 37
1 0 0 37
1 0 0 36
1 0 0 36
1 0 0 36
1 0 0 38
1 0 0 38
1 0 0 39
1 0 0 39
1 0 0 38
1 0 0 39
1 0 0 39
1 0 0 39
1 0 0 39
1 0 0 39
1 0 0 39
1 0 0 39
1 0 0 39
1 0 0 38
1 0 0 38
1 0 0 38
1 0 0 40
1 0 0 40
1 0 0 40
1 0 0 40
1 0 0 40
1 0 0 40
1 0 0 40
1 0 0 40
1 0 0 40
1 0 0 40
1 0 0 38
1 0 0 38
1 0 0 38
1 0 0 41
1 0 0 41
1 0 0 41
1 0 0 41
1 0 0 41
1 0 0 41
1 0 0 41
1 0 0 41
1 0 0 41
1 0 0 41
1 0 0 38
1 0 0 10
1 0 0 42
1 0 0 42
1 0 0 42
1 0 0 42
1 0 0 42
1 0 0 42
1 0 0 42
1 0 0 42
1 0 0 42
1 0 0 42
1 0 0 10
1 0 0 10
1 0 0 33
1 0 0 34
1 0 0 8
1 0 0 22
1 0 0 22
1 0 0 22
1 0 0 22
1 0 0 22
1 0 0 8
1 0 0 28
1 0 0 28
0.1 3 4 -1
0.1 6 7 -1
0.1 8 9 -1
0.1 10 11 -1
0.1 12 13 -1
0.1 424 425 -1
0.1 423 426 -1
0.1 427 14 -1
0.1 422 428 -1
0.1 5 429 -1
0.1 421 430 -1
0.1 17 18 -1
0.1 16 432 -1
0.1 20 21 -1
0.1 19 434 -1
0.1 435 22 -1
0.1 433 436 -1
0.1 15 437 -1
0.1 24 25 -1
0.1 23 439 -1
0.1 438 440 -1
0.1 441 26 -1
0.1 442 27 -1
0.1 431 443 -1
0.1 444 28 -1
0.1 32 33 -1
0.1 446 34 -1
0.1 31 447 -1
0.1 30 448 -1
0.1 38 39 -1
0.1 41 42 -1
0.1 40 451 -1
0.1 43 44 -1
0.1 453 45 -1
0.1 452 454 -1
0.1 450 455 -1
0.1 47 48 -1
0.1 46 457 -1
0.1 49 50 -1
0.1 458 459 -1
0.1 456 460 -1
0.1 461 51 -1
0.1 37 462 -1
0.1 36 463 -1
0.1 35 464 -1
0.1 53 54 -1
0.1 55 56 -1
0.1 466 467 -1
0.1 57 58 -1
0.1 469 59 -1
0.1 468 470 -1
0.1 52 471 -1
0.1 465 472 -1
0.1 60 61 -1
0.1 473 474 -1
0.1 449 475 -1
0.1 476 62 -1
0.1 29 477 -1
0.1 63 64 -1
0.1 479 65 -1
0.1 66 67 -1
0.1 68 69 -1
0.1 481 482 -1
0.1 480 483 -1
0.1 71 72 -1
0.1 70 485 -1
0.1 484 486 -1
0.1 478 487 -1
0.1 445 488 -1
0.1 74 75 -1
0.1 78 79 -1
0.1 77 491 -1
0.1 84 85 -1
0.1 83 493 -1
0.1 86 87 -1
0.1 494 495 -1
0.1 88 89 -1
0.1 496 497 -1
0.1 498 90 -1
0.1 82 499 -1
0.1 81 500 -1
0.1 93 94 -1
0.1 96 97 -1
0.1 503 98 -1
0.1 100 101 -1
0.1 99 505 -1
0.1 504 506 -1
0.1 95 507 -1
0.1 103 104 -1
0.1 102 509 -1
0.1 510 105 -1
0.1 511 106 -1
0.1 508 512 -1
0.1 513 107 -1
0.1 502 514 -1
0.1 110 111 -1
0.1 113 114 -1
0.1 112 517 -1
0.1 516 518 -1
0.1 109 519 -1
0.1 520 115 -1
0.1 521 116 -1
0.1 522 117 -1
0.1 523 118 -1
0.1 108 524 -1
0.1 121 122 -1
0.1 120 526 -1
0.1 124 125 -1
0.1 128 129 -1
0.1 529 130 -1
0.1 127 530 -1
0.1 531 131 -1
0.1 532 132 -1
0.1 126 533 -1
0.1 528 534 -1
0.1 133 134 -1
0.1 535 536 -1
0.1 123 537 -1
0.1 527 538 -1
0.1 539 135 -1
0.1 119 540 -1
0.1 525 541 -1
0.1 138 139 -1
0.1 137 543 -1
0.1 136 544 -1
0.1 542 545 -1
0.1 142 143 -1
0.1 144 145 -1
0.1 547 548 -1
0.1 141 549 -1
0.1 140 550 -1
0.1 551 146 -1
0.1 546 552 -1
0.1 147 148 -1
0.1 553 554 -1
0.1 555 149 -1
0.1 150 151 -1
0.1 556 557 -1
0.1 515 558 -1
0.1 559 152 -1
0.1 153 154 -1
0.1 560 561 -1
0.1 92 562 -1
0.1 157 158 -1
0.1 156 564 -1
0.1 565 159 -1
0.1 155 566 -1
0.1 563 567 -1
0.1 160 161 -1
0.1 164 165 -1
0.1 163 570 -1
0.1 162 571 -1
0.1 572 166 -1
0.1 573 167 -1
0.1 569 574 -1
0.1 168 169 -1
0.1 575 576 -1
0.1 568 577 -1
0.1 578 170 -1
0.1 173 174 -1
0.1 580 175 -1
0.1 172 581 -1
0.1 171 582 -1
0.1 579 583 -1
0.1 584 176 -1
0.1 91 585 -1
0.1 178 179 -1
0.1 177 587 -1
0.1 586 588 -1
0.1 501 589 -1
0.1 80 590 -1
0.1 180 181 -1
0.1 591 592 -1
0.1 492 593 -1
0.1 76 594 -1
0.1 183 184 -1
0.1 596 185 -1
0.1 189 190 -1
0.1 188 598 -1
0.1 599 191 -1
0.1 600 192 -1
0.1 187 601 -1
0.1 186 602 -1
0.1 603 193 -1
0.1 597 604 -1
0.1 605 194 -1
0.1 182 606 -1
0.1 595 607 -1
0.1 490 608 -1
0.1 609 195 -1
0.1 73 610 -1
0.1 489 611 -1
0.1 2 612 -1
0.1 1 613 -1
0.1 198 199 -1
0.1 197 615 -1
0.1 203 204 -1
0.1 202 617 -1
0.1 201 618 -1
0.1 205 206 -1
0.1 620 207 -1
0.1 210 211 -1
0.1 622 212 -1
0.1 209 623 -1
0.1 624 213 -1
0.1 208 625 -1
0.1 626 214 -1
0.1 216 217 -1
0.1 215 628 -1
0.1 627 629 -1
0.1 621 630 -1
0.1 619 631 -1
0.1 632 218 -1
0.1 200 633 -1
0.1 616 634 -1
0.1 196 635 -1
0.1 636 219 -1
0.1 220 221 -1
0.1 222 223 -1
0.1 638 639 -1
0.1 640 224 -1
0.1 637 641 -1
0.1 227 228 -1
0.1 226 643 -1
0.1 231 232 -1
0.1 230 645 -1
0.1 233 234 -1
0.1 646 647 -1
0.1 229 648 -1
0.1 644 649 -1
0.1 225 650 -1
0.1 642 651 -1
0.1 237 238 -1
0.1 236 653 -1
0.1 654 239 -1
0.1 240 241 -1
0.1 656 242 -1
0.1 243 244 -1
0.1 657 658 -1
0.1 655 659 -1
0.1 235 660 -1
0.1 246 247 -1
0.1 245 662 -1
0.1 249 250 -1
0.1 248 664 -1
0.1 665 251 -1
0.1 663 666 -1
0.1 252 253 -1
0.1 667 668 -1
0.1 661 669 -1
0.1 652 670 -1
0.1 255 256 -1
0.1 254 672 -1
0.1 673 257 -1
0.1 674 258 -1
0.1 261 262 -1
0.1 263 264 -1
0.1 676 677 -1
0.1 265 266 -1
0.1 679 267 -1
0.1 268 269 -1
0.1 680 681 -1
0.1 678 682 -1
0.1 683 270 -1
0.1 260 684 -1
0.1 259 685 -1
0.1 274 275 -1
0.1 687 276 -1
0.1 273 688 -1
0.1 272 689 -1
0.1 278 279 -1
0.1 277 691 -1
0.1 690 692 -1
0.1 281 282 -1
0.1 283 284 -1
0.1 285 286 -1
0.1 695 696 -1
0.1 694 697 -1
0.1 280 698 -1
0.1 699 287 -1
0.1 288 289 -1
0.1 291 292 -1
0.1 290 702 -1
0.1 294 295 -1
0.1 704 296 -1
0.1 293 705 -1
0.1 706 297 -1
0.1 703 707 -1
0.1 708 298 -1
0.1 701 709 -1
0.1 299 300 -1
0.1 711 301 -1
0.1 710 712 -1
0.1 700 713 -1
0.1 693 714 -1
0.1 715 302 -1
0.1 305 306 -1
0.1 307 308 -1
0.1 718 309 -1
0.1 717 719 -1
0.1 304 720 -1
0.1 721 310 -1
0.1 722 311 -1
0.1 303 723 -1
0.1 716 724 -1
0.1 314 315 -1
0.1 313 726 -1
0.1 317 318 -1
0.1 316 728 -1
0.1 727 729 -1
0.1 730 319 -1
0.1 312 731 -1
0.1 732 320 -1
0.1 725 733 -1
0.1 321 322 -1
0.1 735 323 -1
0.1 324 325 -1
0.1 326 327 -1
0.1 328 329 -1
0.1 738 739 -1
0.1 740 330 -1
0.1 333 334 -1
0.1 332 742 -1
0.1 743 335 -1
0.1 331 744 -1
0.1 741 745 -1
0.1 337 338 -1
0.1 341 342 -1
0.1 340 748 -1
0.1 339 749 -1
0.1 747 750 -1
0.1 346 347 -1
0.1 752 348 -1
0.1 345 753 -1
0.1 349 350 -1
0.1 754 755 -1
0.1 352 353 -1
0.1 351 757 -1
0.1 756 758 -1
0.1 344 759 -1
0.1 760 354 -1
0.1 355 356 -1
0.1 761 762 -1
0.1 343 763 -1
0.1 751 764 -1
0.1 359 360 -1
0.1 363 364 -1
0.1 362 767 -1
0.1 365 366 -1
0.1 768 769 -1
0.1 770 367 -1
0.1 771 368 -1
0.1 772 369 -1
0.1 361 773 -1
0.1 766 774 -1
0.1 358 775 -1
0.1 371 372 -1
0.1 370 777 -1
0.1 375 376 -1
0.1 374 779 -1
0.1 373 780 -1
0.1 378 379 -1
0.1 782 380 -1
0.1 783 381 -1
0.1 377 784 -1
0.1 785 382 -1
0.1 383 384 -1
0.1 786 787 -1
0.1 781 788 -1
0.1 778 789 -1
0.1 776 790 -1
0.1 791 385 -1
0.1 357 792 -1
0.1 388 389 -1
0.1 794 390 -1
0.1 391 392 -1
0.1 796 393 -1
0.1 795 797 -1
0.1 798 394 -1
0.1 799 395 -1
0.1 387 800 -1
0.1 386 801 -1
0.1 802 396 -1
0.1 793 803 -1
0.1 765 804 -1
0.1 336 805 -1
0.1 746 806 -1
0.1 737 807 -1
0.1 736 808 -1
0.1 734 809 -1
0.1 810 397 -1
0.1 271 811 -1
0.1 686 812 -1
0.1 399 400 -1
0.1 401 402 -1
0.1 815 403 -1
0.1 814 816 -1
0.1 398 817 -1
0.1 405 406 -1
0.1 404 819 -1
0.1 820 407 -1
0.1 818 821 -1
0.1 408 409 -1
0.1 823 410 -1
0.1 822 824 -1
0.1 825 411 -1
0.1 413 414 -1
0.1 416 417 -1
0.1 415 828 -1
0.1 827 829 -1
0.1 830 418 -1
0.1 412 831 -1
0.1 826 832 -1
0.1 813 833 -1
0.1 675 834 -1
0.1 835 419 -1
0.1 836 420 -1
0.1 671 837 -1
0.1 614 838 -1
