1 0 0 1
1 0 0 1
1 0 0 1
1 0 0 2
1 0 0 2
1 0 0 2
1 0 0 2
1 0 0 3
1 0 0 3
1 0 0 3
1 0 0 3
1 0 0 3
1 0 0 3
1 0 0 3
1 0 0 3
1 0 0 3
1 0 0 3
1 0 0 2
1 0 0 4
1 0 0 5
1 0 0 5
1 0 0 4
1 0 0 4
1 0 0 6
1 0 0 6
1 0 0 6
1 0 0 6
1 0 0 6
1 0 0 6
1 0 0 6
1 0 0 6
1 0 0 6
1 0 0 6
1 0 0 7
1 0 0 7
1 0 0 8
1 0 0 8
1 0 0 8
1 0 0 9
1 0 0 9
1 0 0 9
1 0 0 9
1 0 0 10
1 0 0 10
1 0 0 10
1 0 0 10
1 0 0 10
1 0 0 10
1 0 0 10
1 0 0 10
1 0 0 10
1 0 0 10
1 0 0 9
1 0 0 9
1 0 0 9
1 0 0 9
1 0 0 9
1 0 0 9
1 0 0 8
1 0 0 8
1 0 0 8
1 0 0 8
1 0 0 8
1 0 0 2
1 0 0 11
1 0 0 11
1 0 0 11
1 0 0 11
1 0 0 11
1 0 0 11
1 0 0 11
1 0 0 11
1 0 0 11
1 0 0 11
1 0 0 12
1 0 0 12
1 0 0 12
1 0 0 13
1 0 0 13
1 0 0 13
1 0 0 13
1 0 0 13
1 0 0 13
1 0 0 13
1 0 0 13
1 0 0 13
1 0 0 13
1 0 0 12
1 0 0 12
1 0 0 12
1 0 0 12
1 0 0 12
1 0 0 12
1 0 0 2
1 0 0 12
1 0 0 14
1 0 0 14
1 0 0 14
1 0 0 14
1 0 0 14
1 0 0 14
1 0 0 14
1 0 0 14
1 0 0 14
1 0 0 14
1 0 0 8
1 0 0 7
1 0 0 7
1 0 0 5
1 0 0 5
1 0 0 5
1 0 0 15
1 0 0 15
1 0 0 15
1 0 0 15
1 0 0 15
1 0 0 15
1 0 0 15
1 0 0 15
1 0 0 15
1 0 0 15
1 0 0 8
1 0 0 7
1 0 0 16
1 0 0 16
1 0 0 16
1 0 0 16
1 0 0 16
1 0 0 16
1 0 0 16
1 0 0 16
1 0 0 16
1 0 0 16
1 0 0 7
1 0 0 7
1 0 0 7
1 0 0 7
1 0 0 7
1 0 0 2
1 0 0 2
1 0 0 2
1 0 0 4
1 0 0 17
1 0 0 17
1 0 0 17
1 0 0 18
1 0 0 18
1 0 0 17
1 0 0 19
1 0 0 19
1 0 0 19
1 0 0 19
1 0 0 20
1 0 0 20
1 0 0 20
1 0 0 20
1 0 0 19
1 0 0 19
1 0 0 19
1 0 0 19
1 0 0 19
1 0 0 17
1 0 0 20
1 0 0 17
1 0 0 17
1 0 0 20
1 0 0 20
1 0 0 20
1 0 0 20
1 0 0 20
1 0 0 19
1 0 0 17
1 0 0 17
1 0 0 17
1 0 0 21
1 0 0 18
1 0 0 18
1 0 0 18
1 0 0 18
1 0 0 18
1 0 0 18
1 0 0 18
1 0 0 18
1 0 0 1
1 0 0 1
1 0 0 21
1 0 0 21
1 0 0 21
1 0 0 21
1 0 0 21
1 0 0 22
1 0 0 22
1 0 0 22
1 0 0 22
1 0 0 22
1 0 0 22
1 0 0 22
1 0 0 22
1 0 0 22
1 0 0 22
1 0 0 21
1 0 0 21
1 0 0 21
1 0 0 21
1 0 0 1
1 0 0 1
1 0 0 23
1 0 0 23
1 0 0 23
1 0 0 23
1 0 0 23
1 0 0 23
1 0 0 23
1 0 0 23
1 0 0 23
1 0 0 23
1 0 0 1
1 0 0 4
1 0 0 4
1 0 0 24
1 0 0 24
1 0 0 24
1 0 0 24
1 0 0 24
1 0 0 24
1 0 0 24
1 0 0 4
1 0 0 24
1 0 0 24
1 0 0 24
1 0 0 4
1 0 0 4
1 0 0 25
1 0 0 25
1 0 0 25
1 0 0 25
1 0 0 25
1 0 0 25
1 0 0 25
1 0 0 25
1 0 0 25
1 0 0 25
1 0 0 1
1 0 0 26
1 0 0 26
1 0 0 26
1 0 0 26
1 0 0 26
1 0 0 26
1 0 0 26
1 0 0 27
1 0 0 28
1 0 0 28
1 0 0 28
1 0 0 28
1 0 0 28
1 0 0 28
1 0 0 28
1 0 0 28
1 0 0 28
1 0 0 28
1 0 0 27
1 0 0 29
1 0 0 29
1 0 0 29
1 0 0 29
1 0 0 30
1 0 0 30
1 0 0 30
1 0 0 30
1 0 0 30
1 0 0 30
1 0 0 30
1 0 0 30
1 0 0 29
1 0 0 29
1 0 0 29
1 0 0 29
1 0 0 29
1 0 0 30
1 0 0 30
1 0 0 27
1 0 0 29
1 0 0 27
1 0 0 27
1 0 0 31
1 0 0 32
1 0 0 32
1 0 0 32
1 0 0 32
1 0 0 32
1 0 0 32
1 0 0 32
1 0 0 32
1 0 0 32
1 0 0 32
1 0 0 27
1 0 0 27
1 0 0 27
1 0 0 33
1 0 0 33
1 0 0 33
1 0 0 33
1 0 0 33
1 0 0 33
1 0 0 33
1 0 0 33
1 0 0 33
1 0 0 33
1 0 0 34
1 0 0 34
1 0 0 34
1 0 0 34
1 0 0 34
1 0 0 34
1 0 0 34
1 0 0 34
1 0 0 34
1 0 0 34
1 0 0 35
1 0 0 35
1 0 0 31
1 0 0 31
1 0 0 31
1 0 0 31
1 0 0 31
1 0 0 31
1 0 0 31
1 0 0 31
1 0 0 31
1 0 0 35
1 0 0 36
1 0 0 36
1 0 0 36
1 0 0 36
1 0 0 36
1 0 0 36
1 0 0 36
1 0 0 36
1 0 0 36
1 0 0 36
1 0 0 35
1 0 0 35
1 0 0 37
1 0 0 37
1 0 0 37
1 0 0 37
1 0 0 37
1 0 0 37
1 0 0 37
1 0 0 37
1 0 0 37
1 0 0 37
1 0 0 35
1 0 0 35
1 0 0 35
1 0 0 35
1 0 0 35
1 0 0 27
1 0 0 38
1 0 0 39
1 0 0 38
1 0 0 38
1 0 0 39
1 0 0 38
1 0 0 38
1 0 0 38
1 0 0 38
1 0 0 38
1 0 0 38
1 0 0 38
1 0 0 39
1 0 0 39
1 0 0 39
1 0 0 39
1 0 0 27
1 0 0 40
1 0 0 40
1 0 0 40
1 0 0 40
1 0 0 40
1 0 0 40
1 0 0 40
1 0 0 40
1 0 0 40
1 0 0 40
1 0 0 39
1 0 0 39
1 0 0 39
1 0 0 4
1 0 0 39
1 0 0 41
1 0 0 41
1 0 0 42
1 0 0 42
1 0 0 42
1 0 0 42
1 0 0 42
1 0 0 42
1 0 0 42
1 0 0 42
1 0 0 42
1 0 0 42
1 0 0 41
1 0 0 41
1 0 0 41
1 0 0 41
1 0 0 41
1 0 0 41
1 0 0 5
1 0 0 5
1 0 0 5
1 0 0 5
1 0 0 5
1 0 0 41
1 0 0 41
1 0 0 26
1 0 0 26
1 0 0 26
1 0 0 1
0.1 1 2 -1
0.1 10 11 -1
0.1 9 422 -1
0.1 12 13 -1
0.1 423 424 -1
0.1 425 14 -1
0.1 8 426 -1
0.1 16 17 -1
0.1 15 428 -1
0.1 427 429 -1
0.1 7 430 -1
0.1 6 431 -1
0.1 432 18 -1
0.1 5 433 -1
0.1 4 434 -1
0.1 435 19 -1
0.1 20 21 -1
0.1 22 23 -1
0.1 437 438 -1
0.1 26 27 -1
0.1 25 440 -1
0.1 24 441 -1
0.1 31 32 -1
0.1 443 33 -1
0.1 30 444 -1
0.1 29 445 -1
0.1 28 446 -1
0.1 442 447 -1
0.1 439 448 -1
0.1 436 449 -1
0.1 36 37 -1
0.1 39 40 -1
0.1 43 44 -1
0.1 47 48 -1
0.1 46 454 -1
0.1 50 51 -1
0.1 49 456 -1
0.1 457 52 -1
0.1 455 458 -1
0.1 45 459 -1
0.1 453 460 -1
0.1 461 53 -1
0.1 42 462 -1
0.1 41 463 -1
0.1 464 54 -1
0.1 465 55 -1
0.1 452 466 -1
0.1 57 58 -1
0.1 56 468 -1
0.1 467 469 -1
0.1 59 60 -1
0.1 471 61 -1
0.1 472 62 -1
0.1 470 473 -1
0.1 38 474 -1
0.1 451 475 -1
0.1 66 67 -1
0.1 65 477 -1
0.1 72 73 -1
0.1 71 479 -1
0.1 70 480 -1
0.1 481 74 -1
0.1 69 482 -1
0.1 68 483 -1
0.1 478 484 -1
0.1 64 485 -1
0.1 79 80 -1
0.1 487 81 -1
0.1 488 82 -1
0.1 489 83 -1
0.1 490 84 -1
0.1 78 491 -1
0.1 85 86 -1
0.1 492 493 -1
0.1 494 87 -1
0.1 88 89 -1
0.1 496 90 -1
0.1 495 497 -1
0.1 498 91 -1
0.1 77 499 -1
0.1 76 500 -1
0.1 75 501 -1
0.1 92 93 -1
0.1 94 95 -1
0.1 503 504 -1
0.1 96 97 -1
0.1 506 98 -1
0.1 505 507 -1
0.1 102 103 -1
0.1 104 105 -1
0.1 509 510 -1
0.1 101 511 -1
0.1 100 512 -1
0.1 99 513 -1
0.1 508 514 -1
0.1 502 515 -1
0.1 486 516 -1
0.1 517 106 -1
0.1 63 518 -1
0.1 476 519 -1
0.1 109 110 -1
0.1 521 111 -1
0.1 113 114 -1
0.1 112 523 -1
0.1 119 120 -1
0.1 118 525 -1
0.1 526 121 -1
0.1 117 527 -1
0.1 116 528 -1
0.1 115 529 -1
0.1 524 530 -1
0.1 522 531 -1
0.1 532 122 -1
0.1 108 533 -1
0.1 107 534 -1
0.1 125 126 -1
0.1 127 128 -1
0.1 130 131 -1
0.1 129 538 -1
0.1 537 539 -1
0.1 536 540 -1
0.1 541 132 -1
0.1 124 542 -1
0.1 543 133 -1
0.1 123 544 -1
0.1 135 136 -1
0.1 134 546 -1
0.1 545 547 -1
0.1 548 137 -1
0.1 535 549 -1
0.1 520 550 -1
0.1 551 138 -1
0.1 35 552 -1
0.1 34 553 -1
0.1 140 141 -1
0.1 139 555 -1
0.1 554 556 -1
0.1 450 557 -1
0.1 144 145 -1
0.1 143 559 -1
0.1 142 560 -1
0.1 146 147 -1
0.1 561 562 -1
0.1 150 151 -1
0.1 154 155 -1
0.1 565 156 -1
0.1 153 566 -1
0.1 152 567 -1
0.1 568 157 -1
0.1 564 569 -1
0.1 149 570 -1
0.1 158 159 -1
0.1 571 572 -1
0.1 160 161 -1
0.1 573 574 -1
0.1 164 165 -1
0.1 166 167 -1
0.1 576 577 -1
0.1 163 578 -1
0.1 168 169 -1
0.1 580 170 -1
0.1 579 581 -1
0.1 162 582 -1
0.1 575 583 -1
0.1 584 171 -1
0.1 148 585 -1
0.1 563 586 -1
0.1 172 173 -1
0.1 588 174 -1
0.1 587 589 -1
0.1 590 175 -1
0.1 176 177 -1
0.1 592 178 -1
0.1 593 179 -1
0.1 594 180 -1
0.1 595 181 -1
0.1 182 183 -1
0.1 596 597 -1
0.1 591 598 -1
0.1 558 599 -1
0.1 184 185 -1
0.1 600 601 -1
0.1 3 602 -1
0.1 421 603 -1
0.1 188 189 -1
0.1 187 605 -1
0.1 191 192 -1
0.1 193 194 -1
0.1 607 608 -1
0.1 196 197 -1
0.1 610 198 -1
0.1 195 611 -1
0.1 609 612 -1
0.1 199 200 -1
0.1 613 614 -1
0.1 615 201 -1
0.1 616 202 -1
0.1 190 617 -1
0.1 203 204 -1
0.1 618 619 -1
0.1 606 620 -1
0.1 186 621 -1
0.1 207 208 -1
0.1 209 210 -1
0.1 211 212 -1
0.1 624 625 -1
0.1 213 214 -1
0.1 626 627 -1
0.1 623 628 -1
0.1 215 216 -1
0.1 629 630 -1
0.1 631 217 -1
0.1 206 632 -1
0.1 205 633 -1
0.1 622 634 -1
0.1 221 222 -1
0.1 220 636 -1
0.1 224 225 -1
0.1 638 226 -1
0.1 223 639 -1
0.1 637 640 -1
0.1 229 230 -1
0.1 228 642 -1
0.1 227 643 -1
0.1 641 644 -1
0.1 219 645 -1
0.1 218 646 -1
0.1 237 238 -1
0.1 236 648 -1
0.1 235 649 -1
0.1 239 240 -1
0.1 651 241 -1
0.1 650 652 -1
0.1 653 242 -1
0.1 234 654 -1
0.1 233 655 -1
0.1 232 656 -1
0.1 231 657 -1
0.1 647 658 -1
0.1 659 243 -1
0.1 244 245 -1
0.1 246 247 -1
0.1 661 662 -1
0.1 249 250 -1
0.1 248 664 -1
0.1 663 665 -1
0.1 252 253 -1
0.1 667 254 -1
0.1 258 259 -1
0.1 669 260 -1
0.1 257 670 -1
0.1 671 261 -1
0.1 256 672 -1
0.1 255 673 -1
0.1 262 263 -1
0.1 674 675 -1
0.1 668 676 -1
0.1 268 269 -1
0.1 270 271 -1
0.1 272 273 -1
0.1 679 680 -1
0.1 678 681 -1
0.1 682 274 -1
0.1 267 683 -1
0.1 684 275 -1
0.1 266 685 -1
0.1 265 686 -1
0.1 264 687 -1
0.1 677 688 -1
0.1 276 277 -1
0.1 278 279 -1
0.1 690 691 -1
0.1 280 281 -1
0.1 282 283 -1
0.1 693 694 -1
0.1 692 695 -1
0.1 689 696 -1
0.1 251 697 -1
0.1 284 285 -1
0.1 699 286 -1
0.1 291 292 -1
0.1 290 701 -1
0.1 289 702 -1
0.1 703 293 -1
0.1 288 704 -1
0.1 295 296 -1
0.1 294 706 -1
0.1 705 707 -1
0.1 287 708 -1
0.1 709 297 -1
0.1 298 299 -1
0.1 710 711 -1
0.1 302 303 -1
0.1 305 306 -1
0.1 714 307 -1
0.1 304 715 -1
0.1 713 716 -1
0.1 301 717 -1
0.1 308 309 -1
0.1 718 719 -1
0.1 312 313 -1
0.1 311 721 -1
0.1 314 315 -1
0.1 722 723 -1
0.1 318 319 -1
0.1 317 725 -1
0.1 316 726 -1
0.1 724 727 -1
0.1 310 728 -1
0.1 720 729 -1
0.1 300 730 -1
0.1 320 321 -1
0.1 323 324 -1
0.1 733 325 -1
0.1 734 326 -1
0.1 328 329 -1
0.1 327 736 -1
0.1 735 737 -1
0.1 738 330 -1
0.1 322 739 -1
0.1 732 740 -1
0.1 332 333 -1
0.1 335 336 -1
0.1 334 743 -1
0.1 742 744 -1
0.1 337 338 -1
0.1 746 339 -1
0.1 745 747 -1
0.1 340 341 -1
0.1 748 749 -1
0.1 750 342 -1
0.1 331 751 -1
0.1 347 348 -1
0.1 346 753 -1
0.1 754 349 -1
0.1 345 755 -1
0.1 344 756 -1
0.1 350 351 -1
0.1 352 353 -1
0.1 758 759 -1
0.1 757 760 -1
0.1 354 355 -1
0.1 761 762 -1
0.1 343 763 -1
0.1 752 764 -1
0.1 741 765 -1
0.1 357 358 -1
0.1 356 767 -1
0.1 766 768 -1
0.1 731 769 -1
0.1 712 770 -1
0.1 700 771 -1
0.1 698 772 -1
0.1 359 360 -1
0.1 361 362 -1
0.1 363 364 -1
0.1 365 366 -1
0.1 776 777 -1
0.1 367 368 -1
0.1 369 370 -1
0.1 779 780 -1
0.1 781 371 -1
0.1 778 782 -1
0.1 775 783 -1
0.1 774 784 -1
0.1 373 374 -1
0.1 786 375 -1
0.1 377 378 -1
0.1 788 379 -1
0.1 380 381 -1
0.1 790 382 -1
0.1 791 383 -1
0.1 792 384 -1
0.1 385 386 -1
0.1 793 794 -1
0.1 789 795 -1
0.1 376 796 -1
0.1 387 388 -1
0.1 797 798 -1
0.1 787 799 -1
0.1 800 389 -1
0.1 372 801 -1
0.1 785 802 -1
0.1 773 803 -1
0.1 666 804 -1
0.1 390 391 -1
0.1 805 806 -1
0.1 392 393 -1
0.1 394 395 -1
0.1 398 399 -1
0.1 397 810 -1
0.1 811 400 -1
0.1 812 401 -1
0.1 402 403 -1
0.1 813 814 -1
0.1 396 815 -1
0.1 809 816 -1
0.1 404 405 -1
0.1 818 406 -1
0.1 408 409 -1
0.1 407 820 -1
0.1 819 821 -1
0.1 410 411 -1
0.1 823 412 -1
0.1 413 414 -1
0.1 824 825 -1
0.1 826 415 -1
0.1 822 827 -1
0.1 817 828 -1
0.1 417 418 -1
0.1 830 419 -1
0.1 416 831 -1
0.1 829 832 -1
0.1 808 833 -1
0.1 807 834 -1
0.1 835 420 -1
0.1 660 836 -1
0.1 635 837 -1
0.1 604 838 -1
