1 0 0 1
1 0 0 1
1 0 0 1
1 0 0 1
1 0 0 2
1 0 0 2
1 0 0 2
1 0 0 2
1 0 0 2
1 0 0 1
1 0 0 1
1 0 0 1
1 0 0 1
1 0 0 3
1 0 0 3
1 0 0 3
1 0 0 3
1 0 0 3
1 0 0 3
1 0 0 3
1 0 0 3
1 0 0 3
1 0 0 3
1 0 0 1
1 0 0 4
1 0 0 4
1 0 0 5
1 0 0 5
1 0 0 5
1 0 0 5
1 0 0 5
1 0 0 5
1 0 0 5
1 0 0 5
1 0 0 5
1 0 0 5
1 0 0 4
1 0 0 6
1 0 0 6
1 0 0 6
1 0 0 6
1 0 0 6
1 0 0 6
1 0 0 7
1 0 0 7
1 0 0 7
1 0 0 7
1 0 0 7
1 0 0 7
1 0 0 7
1 0 0 7
1 0 0 7
1 0 0 7
1 0 0 6
1 0 0 6
1 0 0 6
1 0 0 6
1 0 0 4
1 0 0 4
1 0 0 4
1 0 0 4
1 0 0 8
1 0 0 8
1 0 0 8
1 0 0 8
1 0 0 8
1 0 0 8
1 0 0 8
1 0 0 8
1 0 0 8
1 0 0 8
1 0 0 4
1 0 0 4
1 0 0 4
1 0 0 9
1 0 0 9
1 0 0 9
1 0 0 10
1 0 0 10
1 0 0 10
1 0 0 10
1 0 0 10
1 0 0 10
1 0 0 10
1 0 0 10
1 0 0 9
1 0 0 9
1 0 0 9
1 0 0 9
1 0 0 9
1 0 0 9
1 0 0 10
1 0 0 10
1 0 0 2
1 0 0 2
1 0 0 2
1 0 0 2
1 0 0 2
1 0 0 9
1 0 0 11
1 0 0 11
1 0 0 11
1 0 0 11
1 0 0 11
1 0 0 11
1 0 0 11
1 0 0 1
1 0 0 11
1 0 0 11
1 0 0 11
0.1 2 3 -1
0.1 111 4 -1
0.1 1 112 -1
0.1 6 7 -1
0.1 5 114 -1
0.1 8 9 -1
0.1 115 116 -1
0.1 113 117 -1
0.1 10 11 -1
0.1 119 12 -1
0.1 14 15 -1
0.1 16 17 -1
0.1 122 18 -1
0.1 123 19 -1
0.1 121 124 -1
0.1 21 22 -1
0.1 20 126 -1
0.1 127 23 -1
0.1 125 128 -1
0.1 13 129 -1
0.1 27 28 -1
0.1 131 29 -1
0.1 30 31 -1
0.1 133 32 -1
0.1 33 34 -1
0.1 35 36 -1
0.1 135 136 -1
0.1 134 137 -1
0.1 132 138 -1
0.1 26 139 -1
0.1 25 140 -1
0.1 141 37 -1
0.1 38 39 -1
0.1 40 41 -1
0.1 42 43 -1
0.1 144 145 -1
0.1 44 45 -1
0.1 47 48 -1
0.1 46 148 -1
0.1 49 50 -1
0.1 52 53 -1
0.1 51 151 -1
0.1 150 152 -1
0.1 149 153 -1
0.1 147 154 -1
0.1 55 56 -1
0.1 54 156 -1
0.1 155 157 -1
0.1 146 158 -1
0.1 159 57 -1
0.1 143 160 -1
0.1 59 60 -1
0.1 58 162 -1
0.1 63 64 -1
0.1 62 164 -1
0.1 65 66 -1
0.1 166 67 -1
0.1 68 69 -1
0.1 167 168 -1
0.1 70 71 -1
0.1 169 170 -1
0.1 165 171 -1
0.1 61 172 -1
0.1 163 173 -1
0.1 161 174 -1
0.1 72 73 -1
0.1 176 74 -1
0.1 175 177 -1
0.1 142 178 -1
0.1 24 179 -1
0.1 130 180 -1
0.1 120 181 -1
0.1 118 182 -1
0.1 78 79 -1
0.1 184 80 -1
0.1 83 84 -1
0.1 186 85 -1
0.1 82 187 -1
0.1 81 188 -1
0.1 185 189 -1
0.1 190 86 -1
0.1 77 191 -1
0.1 76 192 -1
0.1 75 193 -1
0.1 88 89 -1
0.1 87 195 -1
0.1 194 196 -1
0.1 92 93 -1
0.1 95 96 -1
0.1 97 98 -1
0.1 199 200 -1
0.1 94 201 -1
0.1 198 202 -1
0.1 203 99 -1
0.1 91 204 -1
0.1 90 205 -1
0.1 101 102 -1
0.1 207 103 -1
0.1 105 106 -1
0.1 107 108 -1
0.1 209 210 -1
0.1 104 211 -1
0.1 109 110 -1
0.1 212 213 -1
0.1 208 214 -1
0.1 100 215 -1
0.1 206 216 -1
0.1 197 217 -1
0.1 183 218 -1
