1 0 0 1
1 0 0 1
1 0 0 1
1 0 0 1
1 0 0 1
1 0 0 2
1 0 0 3
1 0 0 3
1 0 0 3
1 0 0 3
1 0 0 3
1 0 0 3
1 0 0 3
1 0 0 3
1 0 0 3
1 0 0 3
1 0 0 2
1 0 0 4
1 0 0 4
1 0 0 4
1 0 0 4
1 0 0 5
1 0 0 5
1 0 0 5
1 0 0 5
1 0 0 5
1 0 0 5
1 0 0 5
1 0 0 5
1 0 0 5
1 0 0 5
1 0 0 6
1 0 0 6
1 0 0 6
1 0 0 6
1 0 0 6
1 0 0 6
1 0 0 6
1 0 0 7
1 0 0 7
1 0 0 7
1 0 0 7
1 0 0 7
1 0 0 7
1 0 0 7
1 0 0 7
1 0 0 7
1 0 0 7
1 0 0 6
1 0 0 6
1 0 0 6
1 0 0 4
1 0 0 4
1 0 0 4
1 0 0 4
1 0 0 4
1 0 0 4
1 0 0 8
1 0 0 8
1 0 0 8
1 0 0 8
1 0 0 8
1 0 0 8
1 0 0 8
1 0 0 8
1 0 0 8
1 0 0 8
1 0 0 2
1 0 0 2
1 0 0 2
1 0 0 9
1 0 0 9
1 0 0 9
1 0 0 10
1 0 0 10
1 0 0 10
1 0 0 10
1 0 0 10
1 0 0 10
1 0 0 10
1 0 0 10
1 0 0 10
1 0 0 10
1 0 0 1
1 0 0 1
1 0 0 1
1 0 0 1
1 0 0 1
1 0 0 9
1 0 0 9
1 0 0 2
1 0 0 2
1 0 0 2
1 0 0 2
1 0 0 2
1 0 0 9
1 0 0 9
1 0 0 9
1 0 0 9
1 0 0 11
1 0 0 11
1 0 0 11
1 0 0 11
1 0 0 11
1 0 0 11
1 0 0 11
1 0 0 11
1 0 0 11
1 0 0 11
1 0 0 9
0.1 1 2 -1
0.1 4 5 -1
0.1 3 112 -1
0.1 111 113 -1
0.1 10 11 -1
0.1 9 115 -1
0.1 8 116 -1
0.1 12 13 -1
0.1 117 118 -1
0.1 7 119 -1
0.1 14 15 -1
0.1 121 16 -1
0.1 120 122 -1
0.1 6 123 -1
0.1 18 19 -1
0.1 20 21 -1
0.1 22 23 -1
0.1 24 25 -1
0.1 128 26 -1
0.1 27 28 -1
0.1 129 130 -1
0.1 127 131 -1
0.1 30 31 -1
0.1 29 133 -1
0.1 132 134 -1
0.1 126 135 -1
0.1 125 136 -1
0.1 33 34 -1
0.1 35 36 -1
0.1 138 139 -1
0.1 39 40 -1
0.1 41 42 -1
0.1 43 44 -1
0.1 143 45 -1
0.1 142 144 -1
0.1 47 48 -1
0.1 46 146 -1
0.1 145 147 -1
0.1 141 148 -1
0.1 49 50 -1
0.1 149 150 -1
0.1 38 151 -1
0.1 37 152 -1
0.1 140 153 -1
0.1 154 51 -1
0.1 32 155 -1
0.1 53 54 -1
0.1 52 157 -1
0.1 58 59 -1
0.1 159 60 -1
0.1 61 62 -1
0.1 64 65 -1
0.1 63 162 -1
0.1 66 67 -1
0.1 163 164 -1
0.1 161 165 -1
0.1 160 166 -1
0.1 57 167 -1
0.1 56 168 -1
0.1 55 169 -1
0.1 158 170 -1
0.1 156 171 -1
0.1 137 172 -1
0.1 17 173 -1
0.1 124 174 -1
0.1 69 70 -1
0.1 68 176 -1
0.1 175 177 -1
0.1 114 178 -1
0.1 71 72 -1
0.1 180 73 -1
0.1 74 75 -1
0.1 77 78 -1
0.1 183 79 -1
0.1 76 184 -1
0.1 182 185 -1
0.1 186 80 -1
0.1 81 82 -1
0.1 188 83 -1
0.1 187 189 -1
0.1 181 190 -1
0.1 179 191 -1
0.1 87 88 -1
0.1 86 193 -1
0.1 85 194 -1
0.1 84 195 -1
0.1 196 89 -1
0.1 197 90 -1
0.1 93 94 -1
0.1 199 95 -1
0.1 92 200 -1
0.1 91 201 -1
0.1 202 96 -1
0.1 198 203 -1
0.1 98 99 -1
0.1 97 205 -1
0.1 101 102 -1
0.1 100 207 -1
0.1 103 104 -1
0.1 208 209 -1
0.1 107 108 -1
0.1 106 211 -1
0.1 105 212 -1
0.1 213 109 -1
0.1 210 214 -1
0.1 215 110 -1
0.1 206 216 -1
0.1 204 217 -1
0.1 192 218 -1
