1 0 0 1
1 0 0 1
1 0 0 1
1 0 0 1
1 0 0 1
1 0 0 1
1 0 0 1
1 0 0 1
1 0 0 1
1 0 0 1
1 0 0 2
1 0 0 2
1 0 0 2
1 0 0 2
1 0 0 2
1 0 0 2
1 0 0 2
1 0 0 2
1 0 0 2
1 0 0 2
1 0 0 3
1 0 0 3
1 0 0 3
1 0 0 3
1 0 0 3
1 0 0 3
1 0 0 3
1 0 0 3
1 0 0 3
1 0 0 3
1 0 0 4
1 0 0 4
1 0 0 4
1 0 0 4
1 0 0 4
1 0 0 4
1 0 0 4
1 0 0 4
1 0 0 4
1 0 0 4
1 0 0 5
1 0 0 6
1 0 0 6
1 0 0 6
1 0 0 6
1 0 0 6
1 0 0 6
1 0 0 6
1 0 0 6
1 0 0 6
1 0 0 6
1 0 0 7
1 0 0 7
1 0 0 7
1 0 0 7
1 0 0 7
1 0 0 7
1 0 0 7
1 0 0 7
1 0 0 7
1 0 0 7
1 0 0 5
1 0 0 8
1 0 0 8
1 0 0 8
1 0 0 8
1 0 0 8
1 0 0 8
1 0 0 8
1 0 0 8
1 0 0 8
1 0 0 8
1 0 0 9
1 0 0 10
1 0 0 10
1 0 0 10
1 0 0 10
1 0 0 10
1 0 0 10
1 0 0 10
1 0 0 10
1 0 0 10
1 0 0 10
1 0 0 9
1 0 0 9
1 0 0 9
1 0 0 9
1 0 0 9
1 0 0 9
1 0 0 9
1 0 0 9
1 0 0 9
1 0 0 11
1 0 0 5
1 0 0 5
1 0 0 12
1 0 0 12
1 0 0 12
1 0 0 12
1 0 0 12
1 0 0 12
1 0 0 12
1 0 0 12
1 0 0 12
1 0 0 12
1 0 0 5
1 0 0 13
1 0 0 13
1 0 0 13
1 0 0 13
1 0 0 13
1 0 0 13
1 0 0 13
1 0 0 13
1 0 0 13
1 0 0 13
1 0 0 14
1 0 0 14
1 0 0 14
1 0 0 14
1 0 0 14
1 0 0 14
1 0 0 14
1 0 0 14
1 0 0 14
1 0 0 14
1 0 0 5
1 0 0 15
1 0 0 15
1 0 0 15
1 0 0 15
1 0 0 15
1 0 0 15
1 0 0 15
1 0 0 15
1 0 0 15
1 0 0 15
1 0 0 16
1 0 0 16
1 0 0 16
1 0 0 16
1 0 0 16
1 0 0 16
1 0 0 16
1 0 0 16
1 0 0 17
1 0 0 17
1 0 0 17
1 0 0 17
1 0 0 17
1 0 0 17
1 0 0 17
1 0 0 17
1 0 0 17
1 0 0 17
1 0 0 16
1 0 0 16
1 0 0 5
1 0 0 5
1 0 0 18
1 0 0 18
1 0 0 18
1 0 0 18
1 0 0 18
1 0 0 18
1 0 0 18
1 0 0 18
1 0 0 18
1 0 0 18
1 0 0 5
1 0 0 19
1 0 0 19
1 0 0 19
1 0 0 20
1 0 0 20
1 0 0 20
1 0 0 20
1 0 0 20
1 0 0 20
1 0 0 20
1 0 0 20
1 0 0 20
1 0 0 20
1 0 0 19
1 0 0 11
1 0 0 11
1 0 0 21
1 0 0 21
1 0 0 21
1 0 0 21
1 0 0 21
1 0 0 21
1 0 0 21
1 0 0 21
1 0 0 21
1 0 0 22
1 0 0 22
1 0 0 22
1 0 0 22
1 0 0 22
1 0 0 22
1 0 0 22
1 0 0 22
1 0 0 22
1 0 0 22
1 0 0 21
1 0 0 11
1 0 0 5
1 0 0 11
1 0 0 11
1 0 0 11
1 0 0 11
1 0 0 19
1 0 0 19
1 0 0 19
1 0 0 23
1 0 0 23
1 0 0 23
1 0 0 23
1 0 0 23
1 0 0 23
1 0 0 23
1 0 0 23
1 0 0 23
1 0 0 23
1 0 0 24
1 0 0 24
1 0 0 25
1 0 0 25
1 0 0 25
1 0 0 25
1 0 0 25
1 0 0 25
1 0 0 26
1 0 0 26
1 0 0 26
1 0 0 26
1 0 0 26
1 0 0 26
1 0 0 26
1 0 0 26
1 0 0 26
1 0 0 26
1 0 0 24
1 0 0 27
1 0 0 24
1 0 0 28
1 0 0 28
1 0 0 28
1 0 0 28
1 0 0 28
1 0 0 29
1 0 0 29
1 0 0 30
1 0 0 30
1 0 0 30
1 0 0 30
1 0 0 30
1 0 0 30
1 0 0 30
1 0 0 30
1 0 0 30
1 0 0 30
1 0 0 29
1 0 0 31
1 0 0 31
1 0 0 31
1 0 0 31
1 0 0 31
1 0 0 31
1 0 0 31
1 0 0 31
1 0 0 31
1 0 0 31
1 0 0 32
1 0 0 32
1 0 0 32
1 0 0 32
1 0 0 32
1 0 0 32
1 0 0 32
1 0 0 32
1 0 0 32
1 0 0 32
1 0 0 29
1 0 0 29
1 0 0 29
1 0 0 29
1 0 0 29
1 0 0 33
1 0 0 33
1 0 0 33
1 0 0 33
1 0 0 33
1 0 0 33
1 0 0 33
1 0 0 33
1 0 0 33
1 0 0 33
1 0 0 34
1 0 0 34
1 0 0 34
1 0 0 34
1 0 0 34
1 0 0 34
1 0 0 34
1 0 0 34
1 0 0 34
1 0 0 34
1 0 0 35
1 0 0 35
1 0 0 35
1 0 0 35
1 0 0 35
1 0 0 35
1 0 0 35
1 0 0 35
1 0 0 35
1 0 0 35
1 0 0 36
1 0 0 36
1 0 0 36
1 0 0 36
1 0 0 36
1 0 0 36
1 0 0 36
1 0 0 36
1 0 0 36
1 0 0 36
1 0 0 37
1 0 0 37
1 0 0 38
1 0 0 38
1 0 0 38
1 0 0 38
1 0 0 38
1 0 0 38
1 0 0 38
1 0 0 38
1 0 0 38
1 0 0 38
1 0 0 37
1 0 0 37
1 0 0 39
1 0 0 39
1 0 0 39
1 0 0 39
1 0 0 39
1 0 0 39
1 0 0 39
1 0 0 39
1 0 0 39
1 0 0 39
1 0 0 40
1 0 0 40
1 0 0 40
1 0 0 40
1 0 0 40
1 0 0 40
1 0 0 40
1 0 0 40
1 0 0 41
1 0 0 41
1 0 0 41
1 0 0 41
1 0 0 41
1 0 0 41
1 0 0 41
1 0 0 41
1 0 0 41
1 0 0 41
1 0 0 40
1 0 0 40
1 0 0 37
1 0 0 37
1 0 0 37
1 0 0 37
1 0 0 37
1 0 0 42
1 0 0 42
1 0 0 42
1 0 0 42
1 0 0 42
1 0 0 42
1 0 0 42
1 0 0 42
1 0 0 42
1 0 0 42
1 0 0 43
1 0 0 43
1 0 0 43
1 0 0 43
1 0 0 43
1 0 0 43
1 0 0 43
1 0 0 43
1 0 0 43
1 0 0 43
1 0 0 37
1 0 0 44
1 0 0 44
1 0 0 44
1 0 0 44
1 0 0 44
1 0 0 44
1 0 0 44
1 0 0 44
1 0 0 44
1 0 0 44
1 0 0 45
1 0 0 45
1 0 0 45
1 0 0 45
1 0 0 45
1 0 0 45
1 0 0 45
1 0 0 45
1 0 0 45
1 0 0 45
1 0 0 46
1 0 0 46
1 0 0 46
1 0 0 46
1 0 0 46
1 0 0 46
1 0 0 46
1 0 0 46
1 0 0 46
1 0 0 46
1 0 0 29
1 0 0 29
1 0 0 47
1 0 0 47
1 0 0 47
1 0 0 47
1 0 0 47
1 0 0 47
1 0 0 47
1 0 0 47
1 0 0 47
1 0 0 47
1 0 0 24
1 0 0 24
1 0 0 24
1 0 0 24
1 0 0 24
1 0 0 24
1 0 0 48
1 0 0 48
1 0 0 48
1 0 0 48
1 0 0 48
1 0 0 48
1 0 0 28
1 0 0 28
1 0 0 28
1 0 0 28
1 0 0 28
1 0 0 48
1 0 0 48
1 0 0 48
1 0 0 48
1 0 0 27
1 0 0 27
1 0 0 27
1 0 0 27
1 0 0 27
1 0 0 27
1 0 0 27
1 0 0 27
1 0 0 27
1 0 0 25
1 0 0 25
1 0 0 25
1 0 0 25
1 0 0 19
1 0 0 19
1 0 0 19
1 0 0 49
1 0 0 49
1 0 0 49
1 0 0 49
1 0 0 49
1 0 0 49
1 0 0 49
1 0 0 49
1 0 0 49
1 0 0 49
1 0 0 11
1 0 0 11
0.1 2 3 -1
0.1 4 5 -1
0.1 6 7 -1
0.1 492 493 -1
0.1 8 9 -1
0.1 495 10 -1
0.1 494 496 -1
0.1 491 497 -1
0.1 1 498 -1
0.1 11 12 -1
0.1 14 15 -1
0.1 13 501 -1
0.1 500 502 -1
0.1 16 17 -1
0.1 504 18 -1
0.1 505 19 -1
0.1 506 20 -1
0.1 503 507 -1
0.1 22 23 -1
0.1 21 509 -1
0.1 25 26 -1
0.1 24 511 -1
0.1 28 29 -1
0.1 513 30 -1
0.1 27 514 -1
0.1 512 515 -1
0.1 510 516 -1
0.1 508 517 -1
0.1 499 518 -1
0.1 31 32 -1
0.1 33 34 -1
0.1 35 36 -1
0.1 521 522 -1
0.1 523 37 -1
0.1 520 524 -1
0.1 525 38 -1
0.1 39 40 -1
0.1 526 527 -1
0.1 528 41 -1
0.1 42 43 -1
0.1 44 45 -1
0.1 530 531 -1
0.1 49 50 -1
0.1 533 51 -1
0.1 48 534 -1
0.1 47 535 -1
0.1 46 536 -1
0.1 532 537 -1
0.1 53 54 -1
0.1 52 539 -1
0.1 538 540 -1
0.1 55 56 -1
0.1 58 59 -1
0.1 57 543 -1
0.1 60 61 -1
0.1 544 545 -1
0.1 542 546 -1
0.1 541 547 -1
0.1 548 62 -1
0.1 529 549 -1
0.1 65 66 -1
0.1 67 68 -1
0.1 551 552 -1
0.1 64 553 -1
0.1 554 69 -1
0.1 70 71 -1
0.1 556 72 -1
0.1 555 557 -1
0.1 76 77 -1
0.1 75 559 -1
0.1 74 560 -1
0.1 80 81 -1
0.1 79 562 -1
0.1 78 563 -1
0.1 561 564 -1
0.1 82 83 -1
0.1 565 566 -1
0.1 85 86 -1
0.1 84 568 -1
0.1 569 87 -1
0.1 89 90 -1
0.1 91 92 -1
0.1 571 572 -1
0.1 88 573 -1
0.1 570 574 -1
0.1 567 575 -1
0.1 73 576 -1
0.1 558 577 -1
0.1 63 578 -1
0.1 550 579 -1
0.1 519 580 -1
0.1 581 93 -1
0.1 94 95 -1
0.1 97 98 -1
0.1 96 584 -1
0.1 100 101 -1
0.1 99 586 -1
0.1 585 587 -1
0.1 102 103 -1
0.1 589 104 -1
0.1 588 590 -1
0.1 591 105 -1
0.1 583 592 -1
0.1 593 106 -1
0.1 582 594 -1
0.1 107 108 -1
0.1 109 110 -1
0.1 597 111 -1
0.1 596 598 -1
0.1 599 112 -1
0.1 115 116 -1
0.1 114 601 -1
0.1 113 602 -1
0.1 600 603 -1
0.1 117 118 -1
0.1 605 119 -1
0.1 120 121 -1
0.1 606 607 -1
0.1 124 125 -1
0.1 609 126 -1
0.1 123 610 -1
0.1 122 611 -1
0.1 608 612 -1
0.1 613 127 -1
0.1 128 129 -1
0.1 615 130 -1
0.1 616 131 -1
0.1 136 137 -1
0.1 135 618 -1
0.1 134 619 -1
0.1 133 620 -1
0.1 132 621 -1
0.1 617 622 -1
0.1 138 139 -1
0.1 624 140 -1
0.1 141 142 -1
0.1 144 145 -1
0.1 143 627 -1
0.1 626 628 -1
0.1 625 629 -1
0.1 146 147 -1
0.1 148 149 -1
0.1 632 150 -1
0.1 631 633 -1
0.1 152 153 -1
0.1 151 635 -1
0.1 154 155 -1
0.1 636 637 -1
0.1 634 638 -1
0.1 156 157 -1
0.1 639 640 -1
0.1 630 641 -1
0.1 623 642 -1
0.1 614 643 -1
0.1 604 644 -1
0.1 595 645 -1
0.1 160 161 -1
0.1 647 162 -1
0.1 163 164 -1
0.1 165 166 -1
0.1 649 650 -1
0.1 648 651 -1
0.1 652 167 -1
0.1 168 169 -1
0.1 653 654 -1
0.1 655 170 -1
0.1 159 656 -1
0.1 158 657 -1
0.1 172 173 -1
0.1 171 659 -1
0.1 174 175 -1
0.1 178 179 -1
0.1 177 662 -1
0.1 182 183 -1
0.1 181 664 -1
0.1 180 665 -1
0.1 663 666 -1
0.1 176 667 -1
0.1 661 668 -1
0.1 669 184 -1
0.1 660 670 -1
0.1 185 186 -1
0.1 190 191 -1
0.1 189 673 -1
0.1 188 674 -1
0.1 192 193 -1
0.1 675 676 -1
0.1 187 677 -1
0.1 194 195 -1
0.1 678 679 -1
0.1 196 197 -1
0.1 199 200 -1
0.1 682 201 -1
0.1 198 683 -1
0.1 202 203 -1
0.1 204 205 -1
0.1 685 686 -1
0.1 684 687 -1
0.1 681 688 -1
0.1 689 206 -1
0.1 680 690 -1
0.1 672 691 -1
0.1 692 207 -1
0.1 209 210 -1
0.1 211 212 -1
0.1 694 695 -1
0.1 696 213 -1
0.1 218 219 -1
0.1 217 698 -1
0.1 216 699 -1
0.1 220 221 -1
0.1 224 225 -1
0.1 223 702 -1
0.1 222 703 -1
0.1 701 704 -1
0.1 700 705 -1
0.1 706 226 -1
0.1 707 227 -1
0.1 229 230 -1
0.1 231 232 -1
0.1 710 233 -1
0.1 709 711 -1
0.1 228 712 -1
0.1 234 235 -1
0.1 236 237 -1
0.1 714 715 -1
0.1 238 239 -1
0.1 717 240 -1
0.1 242 243 -1
0.1 241 719 -1
0.1 718 720 -1
0.1 716 721 -1
0.1 713 722 -1
0.1 723 244 -1
0.1 245 246 -1
0.1 248 249 -1
0.1 247 726 -1
0.1 250 251 -1
0.1 727 728 -1
0.1 725 729 -1
0.1 724 730 -1
0.1 708 731 -1
0.1 254 255 -1
0.1 733 256 -1
0.1 259 260 -1
0.1 258 735 -1
0.1 257 736 -1
0.1 262 263 -1
0.1 261 738 -1
0.1 737 739 -1
0.1 734 740 -1
0.1 253 741 -1
0.1 265 266 -1
0.1 269 270 -1
0.1 268 744 -1
0.1 272 273 -1
0.1 746 274 -1
0.1 271 747 -1
0.1 745 748 -1
0.1 267 749 -1
0.1 743 750 -1
0.1 264 751 -1
0.1 742 752 -1
0.1 252 753 -1
0.1 275 276 -1
0.1 278 279 -1
0.1 280 281 -1
0.1 756 757 -1
0.1 277 758 -1
0.1 283 284 -1
0.1 282 760 -1
0.1 759 761 -1
0.1 755 762 -1
0.1 763 285 -1
0.1 288 289 -1
0.1 287 765 -1
0.1 291 292 -1
0.1 290 767 -1
0.1 293 294 -1
0.1 297 298 -1
0.1 296 770 -1
0.1 771 299 -1
0.1 295 772 -1
0.1 769 773 -1
0.1 768 774 -1
0.1 300 301 -1
0.1 776 302 -1
0.1 777 303 -1
0.1 305 306 -1
0.1 304 779 -1
0.1 308 309 -1
0.1 307 781 -1
0.1 780 782 -1
0.1 778 783 -1
0.1 312 313 -1
0.1 314 315 -1
0.1 785 786 -1
0.1 316 317 -1
0.1 787 788 -1
0.1 311 789 -1
0.1 318 319 -1
0.1 790 791 -1
0.1 310 792 -1
0.1 784 793 -1
0.1 320 321 -1
0.1 324 325 -1
0.1 323 796 -1
0.1 322 797 -1
0.1 798 326 -1
0.1 795 799 -1
0.1 327 328 -1
0.1 801 329 -1
0.1 800 802 -1
0.1 803 330 -1
0.1 794 804 -1
0.1 775 805 -1
0.1 333 334 -1
0.1 807 335 -1
0.1 808 336 -1
0.1 337 338 -1
0.1 809 810 -1
0.1 332 811 -1
0.1 340 341 -1
0.1 339 813 -1
0.1 812 814 -1
0.1 346 347 -1
0.1 345 816 -1
0.1 349 350 -1
0.1 818 351 -1
0.1 348 819 -1
0.1 352 353 -1
0.1 820 821 -1
0.1 817 822 -1
0.1 344 823 -1
0.1 358 359 -1
0.1 825 360 -1
0.1 357 826 -1
0.1 356 827 -1
0.1 355 828 -1
0.1 364 365 -1
0.1 366 367 -1
0.1 831 368 -1
0.1 832 369 -1
0.1 830 833 -1
0.1 370 371 -1
0.1 834 835 -1
0.1 363 836 -1
0.1 362 837 -1
0.1 361 838 -1
0.1 829 839 -1
0.1 840 372 -1
0.1 841 373 -1
0.1 354 842 -1
0.1 824 843 -1
0.1 343 844 -1
0.1 342 845 -1
0.1 815 846 -1
0.1 331 847 -1
0.1 374 375 -1
0.1 377 378 -1
0.1 380 381 -1
0.1 379 851 -1
0.1 382 383 -1
0.1 852 853 -1
0.1 384 385 -1
0.1 854 855 -1
0.1 386 387 -1
0.1 857 388 -1
0.1 856 858 -1
0.1 850 859 -1
0.1 376 860 -1
0.1 391 392 -1
0.1 862 393 -1
0.1 863 394 -1
0.1 864 395 -1
0.1 397 398 -1
0.1 396 866 -1
0.1 865 867 -1
0.1 390 868 -1
0.1 389 869 -1
0.1 861 870 -1
0.1 849 871 -1
0.1 872 399 -1
0.1 848 873 -1
0.1 401 402 -1
0.1 400 875 -1
0.1 403 404 -1
0.1 876 877 -1
0.1 405 406 -1
0.1 407 408 -1
0.1 880 409 -1
0.1 879 881 -1
0.1 878 882 -1
0.1 411 412 -1
0.1 413 414 -1
0.1 884 885 -1
0.1 415 416 -1
0.1 886 887 -1
0.1 888 417 -1
0.1 889 418 -1
0.1 890 419 -1
0.1 410 891 -1
0.1 883 892 -1
0.1 874 893 -1
0.1 806 894 -1
0.1 420 421 -1
0.1 422 423 -1
0.1 896 897 -1
0.1 426 427 -1
0.1 425 899 -1
0.1 424 900 -1
0.1 901 428 -1
0.1 902 429 -1
0.1 898 903 -1
0.1 895 904 -1
0.1 432 433 -1
0.1 434 435 -1
0.1 906 907 -1
0.1 908 436 -1
0.1 437 438 -1
0.1 440 441 -1
0.1 439 911 -1
0.1 910 912 -1
0.1 909 913 -1
0.1 431 914 -1
0.1 430 915 -1
0.1 905 916 -1
0.1 766 917 -1
0.1 286 918 -1
0.1 764 919 -1
0.1 754 920 -1
0.1 921 442 -1
0.1 445 446 -1
0.1 444 923 -1
0.1 443 924 -1
0.1 922 925 -1
0.1 448 449 -1
0.1 450 451 -1
0.1 927 928 -1
0.1 452 453 -1
0.1 929 930 -1
0.1 455 456 -1
0.1 932 457 -1
0.1 454 933 -1
0.1 934 458 -1
0.1 459 460 -1
0.1 935 936 -1
0.1 931 937 -1
0.1 461 462 -1
0.1 938 939 -1
0.1 447 940 -1
0.1 463 464 -1
0.1 942 465 -1
0.1 467 468 -1
0.1 466 944 -1
0.1 943 945 -1
0.1 470 471 -1
0.1 469 947 -1
0.1 946 948 -1
0.1 473 474 -1
0.1 950 475 -1
0.1 472 951 -1
0.1 949 952 -1
0.1 941 953 -1
0.1 926 954 -1
0.1 732 955 -1
0.1 956 476 -1
0.1 215 957 -1
0.1 214 958 -1
0.1 477 478 -1
0.1 959 960 -1
0.1 697 961 -1
0.1 208 962 -1
0.1 693 963 -1
0.1 671 964 -1
0.1 482 483 -1
0.1 481 966 -1
0.1 480 967 -1
0.1 479 968 -1
0.1 969 484 -1
0.1 485 486 -1
0.1 971 487 -1
0.1 970 972 -1
0.1 973 488 -1
0.1 965 974 -1
0.1 489 490 -1
0.1 975 976 -1
0.1 658 977 -1
0.1 646 978 -1
