1 0 0 1
1 0 0 1
1 0 0 1
1 0 0 2
1 0 0 3
1 0 0 3
1 0 0 3
1 0 0 3
1 0 0 3
1 0 0 3
1 0 0 4
1 0 0 4
1 0 0 4
1 0 0 4
1 0 0 4
1 0 0 3
1 0 0 3
1 0 0 3
1 0 0 3
1 0 0 5
1 0 0 5
1 0 0 5
1 0 0 5
1 0 0 5
1 0 0 5
1 0 0 5
1 0 0 5
1 0 0 5
1 0 0 5
1 0 0 4
1 0 0 4
1 0 0 4
1 0 0 4
1 0 0 4
1 0 0 2
1 0 0 2
1 0 0 2
1 0 0 2
1 0 0 2
1 0 0 2
1 0 0 6
1 0 0 6
1 0 0 6
1 0 0 7
1 0 0 6
1 0 0 6
1 0 0 6
1 0 0 6
1 0 0 6
1 0 0 6
1 0 0 6
1 0 0 7
1 0 0 7
1 0 0 7
1 0 0 7
1 0 0 7
1 0 0 7
1 0 0 7
1 0 0 7
1 0 0 7
1 0 0 2
1 0 0 2
1 0 0 2
1 0 0 8
1 0 0 8
1 0 0 8
1 0 0 8
1 0 0 8
1 0 0 8
1 0 0 8
1 0 0 8
1 0 0 8
1 0 0 8
1 0 0 9
1 0 0 10
1 0 0 10
1 0 0 11
1 0 0 11
1 0 0 11
1 0 0 11
1 0 0 11
1 0 0 11
1 0 0 11
1 0 0 11
1 0 0 11
1 0 0 11
1 0 0 10
1 0 0 10
1 0 0 10
1 0 0 10
1 0 0 10
1 0 0 10
1 0 0 10
1 0 0 10
1 0 0 9
1 0 0 9
1 0 0 9
1 0 0 9
1 0 0 9
1 0 0 9
1 0 0 9
1 0 0 9
1 0 0 9
1 0 0 1
1 0 0 12
1 0 0 12
1 0 0 12
1 0 0 12
1 0 0 12
1 0 0 12
1 0 0 12
1 0 0 12
1 0 0 12
1 0 0 12
1 0 0 1
1 0 0 1
1 0 0 1
1 0 0 1
1 0 0 1
1 0 0 13
1 0 0 13
1 0 0 13
1 0 0 13
1 0 0 13
1 0 0 13
1 0 0 13
1 0 0 13
1 0 0 13
1 0 0 13
1 0 0 14
1 0 0 14
1 0 0 14
1 0 0 14
1 0 0 14
1 0 0 14
1 0 0 14
1 0 0 14
1 0 0 14
1 0 0 14
1 0 0 15
1 0 0 15
1 0 0 15
1 0 0 15
1 0 0 15
1 0 0 16
1 0 0 16
1 0 0 16
1 0 0 16
1 0 0 16
1 0 0 16
1 0 0 16
1 0 0 16
1 0 0 16
1 0 0 16
1 0 0 17
1 0 0 17
1 0 0 17
1 0 0 17
1 0 0 17
1 0 0 17
1 0 0 17
1 0 0 17
1 0 0 17
1 0 0 17
1 0 0 15
1 0 0 15
1 0 0 15
1 0 0 15
1 0 0 15
1 0 0 1
1 0 0 18
1 0 0 18
1 0 0 18
1 0 0 19
1 0 0 19
1 0 0 19
1 0 0 19
1 0 0 19
1 0 0 19
1 0 0 19
1 0 0 19
1 0 0 19
1 0 0 19
1 0 0 18
1 0 0 18
1 0 0 18
1 0 0 18
1 0 0 18
1 0 0 18
1 0 0 18
1 0 0 20
1 0 0 20
1 0 0 20
1 0 0 20
1 0 0 20
1 0 0 20
1 0 0 20
1 0 0 20
1 0 0 20
1 0 0 20
1 0 0 21
1 0 0 21
1 0 0 22
1 0 0 23
1 0 0 23
1 0 0 23
1 0 0 23
1 0 0 23
1 0 0 23
1 0 0 23
1 0 0 23
1 0 0 23
1 0 0 23
1 0 0 22
1 0 0 22
1 0 0 22
1 0 0 22
1 0 0 22
1 0 0 22
1 0 0 24
1 0 0 24
1 0 0 24
1 0 0 24
1 0 0 24
1 0 0 24
1 0 0 24
1 0 0 24
1 0 0 24
1 0 0 24
1 0 0 22
1 0 0 22
1 0 0 22
1 0 0 21
1 0 0 21
1 0 0 21
1 0 0 21
1 0 0 21
1 0 0 21
1 0 0 25
1 0 0 25
1 0 0 25
1 0 0 25
1 0 0 26
1 0 0 26
1 0 0 26
1 0 0 26
1 0 0 26
1 0 0 26
1 0 0 26
1 0 0 26
1 0 0 26
1 0 0 26
1 0 0 27
1 0 0 27
1 0 0 28
1 0 0 29
1 0 0 29
1 0 0 29
1 0 0 29
1 0 0 29
1 0 0 29
1 0 0 29
1 0 0 29
1 0 0 29
1 0 0 29
1 0 0 28
1 0 0 28
1 0 0 28
1 0 0 28
1 0 0 28
1 0 0 28
1 0 0 28
1 0 0 28
1 0 0 28
1 0 0 27
1 0 0 27
1 0 0 27
1 0 0 27
1 0 0 27
1 0 0 27
1 0 0 27
1 0 0 27
1 0 0 25
1 0 0 25
1 0 0 25
1 0 0 30
1 0 0 30
1 0 0 30
1 0 0 30
1 0 0 30
1 0 0 30
1 0 0 30
1 0 0 30
1 0 0 31
1 0 0 31
1 0 0 31
1 0 0 31
1 0 0 31
1 0 0 31
1 0 0 31
1 0 0 31
1 0 0 31
1 0 0 31
1 0 0 32
1 0 0 32
1 0 0 32
1 0 0 32
1 0 0 32
1 0 0 32
1 0 0 32
1 0 0 32
1 0 0 32
1 0 0 32
1 0 0 30
1 0 0 30
1 0 0 25
1 0 0 25
1 0 0 25
1 0 0 33
1 0 0 33
1 0 0 33
1 0 0 33
1 0 0 33
1 0 0 33
1 0 0 33
1 0 0 33
1 0 0 33
1 0 0 33
1 0 0 21
1 0 0 21
1 0 0 34
1 0 0 34
1 0 0 34
1 0 0 34
1 0 0 34
1 0 0 35
1 0 0 35
1 0 0 35
1 0 0 35
1 0 0 35
1 0 0 35
1 0 0 35
1 0 0 35
1 0 0 35
1 0 0 35
1 0 0 34
1 0 0 34
1 0 0 34
1 0 0 34
1 0 0 36
1 0 0 36
1 0 0 36
1 0 0 36
1 0 0 36
1 0 0 36
1 0 0 36
1 0 0 36
1 0 0 36
1 0 0 36
1 0 0 34
1 0 0 37
1 0 0 37
1 0 0 37
1 0 0 37
1 0 0 37
1 0 0 37
1 0 0 37
1 0 0 37
1 0 0 37
1 0 0 37
1 0 0 38
1 0 0 38
1 0 0 38
1 0 0 38
1 0 0 38
1 0 0 38
1 0 0 38
1 0 0 38
1 0 0 38
1 0 0 38
0.1 2 3 -1
0.1 1 381 -1
0.1 5 6 -1
0.1 383 7 -1
0.1 384 8 -1
0.1 385 9 -1
0.1 386 10 -1
0.1 14 15 -1
0.1 13 388 -1
0.1 16 17 -1
0.1 18 19 -1
0.1 390 391 -1
0.1 20 21 -1
0.1 23 24 -1
0.1 22 394 -1
0.1 393 395 -1
0.1 25 26 -1
0.1 27 28 -1
0.1 398 29 -1
0.1 397 399 -1
0.1 396 400 -1
0.1 401 30 -1
0.1 392 402 -1
0.1 32 33 -1
0.1 31 404 -1
0.1 403 405 -1
0.1 389 406 -1
0.1 12 407 -1
0.1 408 34 -1
0.1 11 409 -1
0.1 387 410 -1
0.1 35 36 -1
0.1 412 37 -1
0.1 38 39 -1
0.1 413 414 -1
0.1 411 415 -1
0.1 4 416 -1
0.1 42 43 -1
0.1 41 418 -1
0.1 47 48 -1
0.1 46 420 -1
0.1 50 51 -1
0.1 49 422 -1
0.1 421 423 -1
0.1 45 424 -1
0.1 52 53 -1
0.1 54 55 -1
0.1 57 58 -1
0.1 428 59 -1
0.1 56 429 -1
0.1 430 60 -1
0.1 427 431 -1
0.1 426 432 -1
0.1 425 433 -1
0.1 44 434 -1
0.1 419 435 -1
0.1 40 436 -1
0.1 61 62 -1
0.1 437 438 -1
0.1 66 67 -1
0.1 440 68 -1
0.1 65 441 -1
0.1 69 70 -1
0.1 443 71 -1
0.1 72 73 -1
0.1 444 445 -1
0.1 442 446 -1
0.1 64 447 -1
0.1 63 448 -1
0.1 439 449 -1
0.1 78 79 -1
0.1 80 81 -1
0.1 84 85 -1
0.1 83 453 -1
0.1 454 86 -1
0.1 82 455 -1
0.1 452 456 -1
0.1 451 457 -1
0.1 77 458 -1
0.1 76 459 -1
0.1 75 460 -1
0.1 87 88 -1
0.1 91 92 -1
0.1 93 94 -1
0.1 463 464 -1
0.1 90 465 -1
0.1 89 466 -1
0.1 462 467 -1
0.1 461 468 -1
0.1 74 469 -1
0.1 98 99 -1
0.1 97 471 -1
0.1 96 472 -1
0.1 95 473 -1
0.1 100 101 -1
0.1 102 103 -1
0.1 475 476 -1
0.1 474 477 -1
0.1 470 478 -1
0.1 450 479 -1
0.1 417 480 -1
0.1 105 106 -1
0.1 108 109 -1
0.1 483 110 -1
0.1 111 112 -1
0.1 484 485 -1
0.1 107 486 -1
0.1 113 114 -1
0.1 487 488 -1
0.1 482 489 -1
0.1 104 490 -1
0.1 481 491 -1
0.1 116 117 -1
0.1 115 493 -1
0.1 118 119 -1
0.1 494 495 -1
0.1 492 496 -1
0.1 121 122 -1
0.1 123 124 -1
0.1 498 499 -1
0.1 120 500 -1
0.1 126 127 -1
0.1 502 128 -1
0.1 503 129 -1
0.1 125 504 -1
0.1 131 132 -1
0.1 130 506 -1
0.1 133 134 -1
0.1 135 136 -1
0.1 509 137 -1
0.1 508 510 -1
0.1 507 511 -1
0.1 138 139 -1
0.1 512 513 -1
0.1 505 514 -1
0.1 501 515 -1
0.1 497 516 -1
0.1 382 517 -1
0.1 140 141 -1
0.1 142 143 -1
0.1 520 144 -1
0.1 519 521 -1
0.1 146 147 -1
0.1 523 148 -1
0.1 145 524 -1
0.1 150 151 -1
0.1 526 152 -1
0.1 149 527 -1
0.1 528 153 -1
0.1 529 154 -1
0.1 525 530 -1
0.1 156 157 -1
0.1 158 159 -1
0.1 533 160 -1
0.1 532 534 -1
0.1 161 162 -1
0.1 163 164 -1
0.1 536 537 -1
0.1 535 538 -1
0.1 155 539 -1
0.1 166 167 -1
0.1 165 541 -1
0.1 540 542 -1
0.1 168 169 -1
0.1 543 544 -1
0.1 531 545 -1
0.1 522 546 -1
0.1 175 176 -1
0.1 174 548 -1
0.1 177 178 -1
0.1 180 181 -1
0.1 179 551 -1
0.1 550 552 -1
0.1 549 553 -1
0.1 182 183 -1
0.1 554 555 -1
0.1 173 556 -1
0.1 172 557 -1
0.1 171 558 -1
0.1 186 187 -1
0.1 560 188 -1
0.1 185 561 -1
0.1 189 190 -1
0.1 562 563 -1
0.1 191 192 -1
0.1 565 193 -1
0.1 194 195 -1
0.1 196 197 -1
0.1 567 568 -1
0.1 566 569 -1
0.1 199 200 -1
0.1 198 571 -1
0.1 570 572 -1
0.1 564 573 -1
0.1 184 574 -1
0.1 559 575 -1
0.1 170 576 -1
0.1 547 577 -1
0.1 518 578 -1
0.1 201 202 -1
0.1 205 206 -1
0.1 207 208 -1
0.1 581 582 -1
0.1 212 213 -1
0.1 211 584 -1
0.1 210 585 -1
0.1 209 586 -1
0.1 583 587 -1
0.1 204 588 -1
0.1 203 589 -1
0.1 214 215 -1
0.1 217 218 -1
0.1 216 592 -1
0.1 591 593 -1
0.1 220 221 -1
0.1 222 223 -1
0.1 595 596 -1
0.1 225 226 -1
0.1 224 598 -1
0.1 599 227 -1
0.1 600 228 -1
0.1 601 229 -1
0.1 597 602 -1
0.1 230 231 -1
0.1 604 232 -1
0.1 603 605 -1
0.1 219 606 -1
0.1 594 607 -1
0.1 590 608 -1
0.1 580 609 -1
0.1 233 234 -1
0.1 610 611 -1
0.1 237 238 -1
0.1 236 613 -1
0.1 235 614 -1
0.1 612 615 -1
0.1 579 616 -1
0.1 239 240 -1
0.1 241 242 -1
0.1 618 619 -1
0.1 245 246 -1
0.1 244 621 -1
0.1 247 248 -1
0.1 249 250 -1
0.1 624 251 -1
0.1 625 252 -1
0.1 623 626 -1
0.1 622 627 -1
0.1 243 628 -1
0.1 620 629 -1
0.1 253 254 -1
0.1 256 257 -1
0.1 259 260 -1
0.1 633 261 -1
0.1 263 264 -1
0.1 262 635 -1
0.1 634 636 -1
0.1 258 637 -1
0.1 638 265 -1
0.1 632 639 -1
0.1 266 267 -1
0.1 269 270 -1
0.1 268 642 -1
0.1 641 643 -1
0.1 271 272 -1
0.1 644 645 -1
0.1 640 646 -1
0.1 273 274 -1
0.1 647 648 -1
0.1 255 649 -1
0.1 275 276 -1
0.1 277 278 -1
0.1 651 652 -1
0.1 650 653 -1
0.1 281 282 -1
0.1 280 655 -1
0.1 279 656 -1
0.1 654 657 -1
0.1 631 658 -1
0.1 284 285 -1
0.1 290 291 -1
0.1 289 661 -1
0.1 288 662 -1
0.1 287 663 -1
0.1 292 293 -1
0.1 664 665 -1
0.1 286 666 -1
0.1 660 667 -1
0.1 295 296 -1
0.1 294 669 -1
0.1 297 298 -1
0.1 671 299 -1
0.1 301 302 -1
0.1 673 303 -1
0.1 300 674 -1
0.1 672 675 -1
0.1 670 676 -1
0.1 304 305 -1
0.1 308 309 -1
0.1 311 312 -1
0.1 310 680 -1
0.1 681 313 -1
0.1 679 682 -1
0.1 307 683 -1
0.1 306 684 -1
0.1 678 685 -1
0.1 314 315 -1
0.1 686 687 -1
0.1 677 688 -1
0.1 668 689 -1
0.1 317 318 -1
0.1 316 691 -1
0.1 690 692 -1
0.1 283 693 -1
0.1 659 694 -1
0.1 630 695 -1
0.1 319 320 -1
0.1 697 321 -1
0.1 323 324 -1
0.1 699 325 -1
0.1 327 328 -1
0.1 326 701 -1
0.1 700 702 -1
0.1 322 703 -1
0.1 698 704 -1
0.1 329 330 -1
0.1 332 333 -1
0.1 331 707 -1
0.1 338 339 -1
0.1 341 342 -1
0.1 340 710 -1
0.1 709 711 -1
0.1 337 712 -1
0.1 713 343 -1
0.1 344 345 -1
0.1 714 715 -1
0.1 336 716 -1
0.1 335 717 -1
0.1 334 718 -1
0.1 346 347 -1
0.1 348 349 -1
0.1 350 351 -1
0.1 352 353 -1
0.1 354 355 -1
0.1 723 724 -1
0.1 357 358 -1
0.1 356 726 -1
0.1 727 359 -1
0.1 725 728 -1
0.1 722 729 -1
0.1 721 730 -1
0.1 720 731 -1
0.1 732 360 -1
0.1 719 733 -1
0.1 362 363 -1
0.1 366 367 -1
0.1 365 736 -1
0.1 364 737 -1
0.1 735 738 -1
0.1 361 739 -1
0.1 371 372 -1
0.1 373 374 -1
0.1 741 742 -1
0.1 377 378 -1
0.1 376 744 -1
0.1 375 745 -1
0.1 379 380 -1
0.1 746 747 -1
0.1 743 748 -1
0.1 370 749 -1
0.1 369 750 -1
0.1 368 751 -1
0.1 740 752 -1
0.1 734 753 -1
0.1 708 754 -1
0.1 706 755 -1
0.1 705 756 -1
0.1 696 757 -1
0.1 617 758 -1
