1 0 0 1
1 0 0 1
1 0 0 1
1 0 0 1
1 0 0 1
1 0 0 1
1 0 0 1
1 0 0 1
1 0 0 1
1 0 0 2
1 0 0 2
1 0 0 2
1 0 0 2
1 0 0 2
1 0 0 2
1 0 0 2
1 0 0 3
1 0 0 4
1 0 0 4
1 0 0 4
1 0 0 4
1 0 0 4
1 0 0 4
1 0 0 4
1 0 0 4
1 0 0 4
1 0 0 4
1 0 0 3
1 0 0 3
1 0 0 3
1 0 0 2
1 0 0 5
1 0 0 5
1 0 0 5
1 0 0 5
1 0 0 5
1 0 0 5
1 0 0 5
1 0 0 6
1 0 0 6
1 0 0 6
1 0 0 6
1 0 0 6
1 0 0 6
1 0 0 6
1 0 0 6
1 0 0 6
1 0 0 6
1 0 0 5
1 0 0 5
1 0 0 5
1 0 0 7
1 0 0 7
1 0 0 7
1 0 0 7
1 0 0 7
1 0 0 7
1 0 0 8
1 0 0 8
1 0 0 8
1 0 0 8
1 0 0 8
1 0 0 8
1 0 0 8
1 0 0 8
1 0 0 8
1 0 0 8
1 0 0 9
1 0 0 10
1 0 0 10
1 0 0 10
1 0 0 10
1 0 0 10
1 0 0 10
1 0 0 10
1 0 0 10
1 0 0 11
1 0 0 11
1 0 0 11
1 0 0 12
1 0 0 11
1 0 0 11
1 0 0 11
1 0 0 7
1 0 0 7
1 0 0 11
1 0 0 11
1 0 0 11
1 0 0 11
1 0 0 7
1 0 0 7
1 0 0 1
1 0 0 13
1 0 0 13
1 0 0 13
1 0 0 13
1 0 0 13
1 0 0 13
1 0 0 13
1 0 0 13
1 0 0 13
1 0 0 13
1 0 0 12
1 0 0 12
1 0 0 12
1 0 0 12
1 0 0 9
1 0 0 9
1 0 0 10
1 0 0 10
1 0 0 9
1 0 0 2
1 0 0 2
1 0 0 9
1 0 0 9
1 0 0 9
1 0 0 9
1 0 0 9
1 0 0 9
1 0 0 3
1 0 0 3
1 0 0 3
1 0 0 3
1 0 0 14
1 0 0 14
1 0 0 14
1 0 0 14
1 0 0 14
1 0 0 14
1 0 0 12
1 0 0 12
1 0 0 12
1 0 0 12
1 0 0 12
1 0 0 3
1 0 0 3
1 0 0 14
1 0 0 14
1 0 0 14
1 0 0 14
0.1 1 2 -1
0.1 141 3 -1
0.1 5 6 -1
0.1 4 143 -1
0.1 142 144 -1
0.1 8 9 -1
0.1 7 146 -1
0.1 11 12 -1
0.1 14 15 -1
0.1 149 16 -1
0.1 13 150 -1
0.1 148 151 -1
0.1 10 152 -1
0.1 147 153 -1
0.1 154 17 -1
0.1 145 155 -1
0.1 18 19 -1
0.1 157 20 -1
0.1 22 23 -1
0.1 21 159 -1
0.1 158 160 -1
0.1 26 27 -1
0.1 25 162 -1
0.1 24 163 -1
0.1 161 164 -1
0.1 165 28 -1
0.1 29 30 -1
0.1 32 33 -1
0.1 31 168 -1
0.1 35 36 -1
0.1 34 170 -1
0.1 169 171 -1
0.1 37 38 -1
0.1 41 42 -1
0.1 40 174 -1
0.1 39 175 -1
0.1 44 45 -1
0.1 46 47 -1
0.1 177 178 -1
0.1 43 179 -1
0.1 176 180 -1
0.1 181 48 -1
0.1 182 49 -1
0.1 50 51 -1
0.1 183 184 -1
0.1 173 185 -1
0.1 172 186 -1
0.1 53 54 -1
0.1 52 188 -1
0.1 55 56 -1
0.1 190 57 -1
0.1 189 191 -1
0.1 187 192 -1
0.1 59 60 -1
0.1 58 194 -1
0.1 63 64 -1
0.1 196 65 -1
0.1 62 197 -1
0.1 66 67 -1
0.1 198 199 -1
0.1 61 200 -1
0.1 195 201 -1
0.1 193 202 -1
0.1 167 203 -1
0.1 166 204 -1
0.1 156 205 -1
0.1 72 73 -1
0.1 74 75 -1
0.1 207 208 -1
0.1 71 209 -1
0.1 78 79 -1
0.1 77 211 -1
0.1 82 83 -1
0.1 81 213 -1
0.1 80 214 -1
0.1 212 215 -1
0.1 84 85 -1
0.1 88 89 -1
0.1 87 218 -1
0.1 86 219 -1
0.1 217 220 -1
0.1 90 91 -1
0.1 221 222 -1
0.1 223 92 -1
0.1 216 224 -1
0.1 93 94 -1
0.1 97 98 -1
0.1 96 227 -1
0.1 99 100 -1
0.1 101 102 -1
0.1 229 230 -1
0.1 228 231 -1
0.1 95 232 -1
0.1 226 233 -1
0.1 225 234 -1
0.1 104 105 -1
0.1 236 106 -1
0.1 103 237 -1
0.1 107 108 -1
0.1 238 239 -1
0.1 235 240 -1
0.1 241 109 -1
0.1 242 110 -1
0.1 76 243 -1
0.1 210 244 -1
0.1 70 245 -1
0.1 69 246 -1
0.1 112 113 -1
0.1 114 115 -1
0.1 248 249 -1
0.1 118 119 -1
0.1 117 251 -1
0.1 116 252 -1
0.1 250 253 -1
0.1 111 254 -1
0.1 247 255 -1
0.1 68 256 -1
0.1 122 123 -1
0.1 121 258 -1
0.1 120 259 -1
0.1 257 260 -1
0.1 125 126 -1
0.1 124 262 -1
0.1 263 127 -1
0.1 128 129 -1
0.1 264 265 -1
0.1 133 134 -1
0.1 132 267 -1
0.1 131 268 -1
0.1 130 269 -1
0.1 266 270 -1
0.1 135 136 -1
0.1 139 140 -1
0.1 138 273 -1
0.1 137 274 -1
0.1 272 275 -1
0.1 271 276 -1
0.1 261 277 -1
0.1 206 278 -1
