1 0 0 1
1 0 0 2
1 0 0 2
1 0 0 2
1 0 0 2
1 0 0 2
1 0 0 2
1 0 0 2
1 0 0 3
1 0 0 3
1 0 0 3
1 0 0 3
1 0 0 3
1 0 0 3
1 0 0 3
1 0 0 3
1 0 0 3
1 0 0 3
1 0 0 2
1 0 0 2
1 0 0 2
1 0 0 4
1 0 0 4
1 0 0 4
1 0 0 4
1 0 0 4
1 0 0 4
1 0 0 4
1 0 0 4
1 0 0 4
1 0 0 4
1 0 0 5
1 0 0 5
1 0 0 6
1 0 0 6
1 0 0 5
1 0 0 6
1 0 0 6
1 0 0 6
1 0 0 6
1 0 0 5
1 0 0 5
1 0 0 5
1 0 0 7
1 0 0 7
1 0 0 7
1 0 0 7
1 0 0 7
1 0 0 7
1 0 0 7
1 0 0 7
1 0 0 7
1 0 0 7
1 0 0 5
1 0 0 5
1 0 0 5
1 0 0 5
1 0 0 8
1 0 0 8
1 0 0 8
1 0 0 8
1 0 0 8
1 0 0 8
1 0 0 8
1 0 0 8
1 0 0 8
1 0 0 8
1 0 0 9
1 0 0 10
1 0 0 10
1 0 0 11
1 0 0 11
1 0 0 11
1 0 0 11
1 0 0 12
1 0 0 12
1 0 0 12
1 0 0 12
1 0 0 12
1 0 0 12
1 0 0 12
1 0 0 12
1 0 0 12
1 0 0 12
1 0 0 9
1 0 0 9
1 0 0 6
1 0 0 6
1 0 0 6
1 0 0 6
1 0 0 11
1 0 0 11
1 0 0 11
1 0 0 11
1 0 0 11
1 0 0 11
1 0 0 13
1 0 0 13
1 0 0 13
1 0 0 13
1 0 0 13
1 0 0 1
1 0 0 1
1 0 0 9
1 0 0 9
1 0 0 1
1 0 0 1
1 0 0 1
1 0 0 1
1 0 0 1
1 0 0 1
1 0 0 1
1 0 0 13
1 0 0 13
1 0 0 13
1 0 0 13
1 0 0 13
1 0 0 9
1 0 0 9
1 0 0 9
1 0 0 9
1 0 0 9
1 0 0 10
1 0 0 10
1 0 0 10
1 0 0 14
1 0 0 10
1 0 0 10
1 0 0 10
1 0 0 10
1 0 0 10
1 0 0 14
1 0 0 14
1 0 0 14
1 0 0 14
1 0 0 14
1 0 0 14
1 0 0 14
1 0 0 14
1 0 0 14
0.1 2 3 -1
0.1 1 141 -1
0.1 5 6 -1
0.1 4 143 -1
0.1 142 144 -1
0.1 7 8 -1
0.1 11 12 -1
0.1 10 147 -1
0.1 14 15 -1
0.1 16 17 -1
0.1 149 150 -1
0.1 13 151 -1
0.1 148 152 -1
0.1 9 153 -1
0.1 154 18 -1
0.1 155 19 -1
0.1 20 21 -1
0.1 156 157 -1
0.1 146 158 -1
0.1 145 159 -1
0.1 24 25 -1
0.1 23 161 -1
0.1 27 28 -1
0.1 26 163 -1
0.1 164 29 -1
0.1 30 31 -1
0.1 165 166 -1
0.1 162 167 -1
0.1 22 168 -1
0.1 169 32 -1
0.1 170 33 -1
0.1 160 171 -1
0.1 34 35 -1
0.1 38 39 -1
0.1 37 174 -1
0.1 36 175 -1
0.1 173 176 -1
0.1 40 41 -1
0.1 177 178 -1
0.1 172 179 -1
0.1 42 43 -1
0.1 46 47 -1
0.1 45 182 -1
0.1 183 48 -1
0.1 49 50 -1
0.1 184 185 -1
0.1 52 53 -1
0.1 51 187 -1
0.1 186 188 -1
0.1 44 189 -1
0.1 181 190 -1
0.1 180 191 -1
0.1 56 57 -1
0.1 55 193 -1
0.1 54 194 -1
0.1 192 195 -1
0.1 58 59 -1
0.1 62 63 -1
0.1 61 198 -1
0.1 64 65 -1
0.1 66 67 -1
0.1 200 201 -1
0.1 199 202 -1
0.1 60 203 -1
0.1 197 204 -1
0.1 205 68 -1
0.1 196 206 -1
0.1 69 70 -1
0.1 207 208 -1
0.1 73 74 -1
0.1 72 210 -1
0.1 71 211 -1
0.1 212 75 -1
0.1 213 76 -1
0.1 77 78 -1
0.1 80 81 -1
0.1 79 216 -1
0.1 215 217 -1
0.1 82 83 -1
0.1 218 219 -1
0.1 214 220 -1
0.1 221 84 -1
0.1 85 86 -1
0.1 89 90 -1
0.1 88 224 -1
0.1 87 225 -1
0.1 92 93 -1
0.1 91 227 -1
0.1 95 96 -1
0.1 94 229 -1
0.1 228 230 -1
0.1 99 100 -1
0.1 232 101 -1
0.1 98 233 -1
0.1 97 234 -1
0.1 102 103 -1
0.1 235 236 -1
0.1 231 237 -1
0.1 226 238 -1
0.1 223 239 -1
0.1 222 240 -1
0.1 106 107 -1
0.1 109 110 -1
0.1 243 111 -1
0.1 108 244 -1
0.1 242 245 -1
0.1 105 246 -1
0.1 247 112 -1
0.1 104 248 -1
0.1 114 115 -1
0.1 116 117 -1
0.1 250 251 -1
0.1 113 252 -1
0.1 253 118 -1
0.1 121 122 -1
0.1 120 255 -1
0.1 119 256 -1
0.1 254 257 -1
0.1 249 258 -1
0.1 123 124 -1
0.1 260 125 -1
0.1 261 126 -1
0.1 127 128 -1
0.1 130 131 -1
0.1 129 264 -1
0.1 263 265 -1
0.1 133 134 -1
0.1 267 135 -1
0.1 137 138 -1
0.1 136 269 -1
0.1 268 270 -1
0.1 132 271 -1
0.1 266 272 -1
0.1 139 140 -1
0.1 273 274 -1
0.1 262 275 -1
0.1 259 276 -1
0.1 241 277 -1
0.1 209 278 -1
