1 0 0 1
1 0 0 1
1 0 0 1
1 0 0 1
1 0 0 1
1 0 0 1
1 0 0 1
1 0 0 1
1 0 0 1
1 0 0 1
1 0 0 2
1 0 0 2
1 0 0 2
1 0 0 3
1 0 0 3
1 0 0 3
1 0 0 3
1 0 0 4
1 0 0 4
1 0 0 4
1 0 0 4
1 0 0 4
1 0 0 4
1 0 0 4
1 0 0 4
1 0 0 4
1 0 0 4
1 0 0 3
1 0 0 3
1 0 0 5
1 0 0 3
1 0 0 3
1 0 0 3
1 0 0 3
1 0 0 6
1 0 0 6
1 0 0 7
1 0 0 2
1 0 0 2
1 0 0 2
1 0 0 2
1 0 0 2
1 0 0 7
1 0 0 8
1 0 0 8
1 0 0 8
1 0 0 8
1 0 0 8
1 0 0 8
1 0 0 8
1 0 0 8
1 0 0 8
1 0 0 8
1 0 0 7
1 0 0 7
1 0 0 9
1 0 0 9
1 0 0 9
1 0 0 5
1 0 0 9
1 0 0 9
1 0 0 9
1 0 0 9
1 0 0 9
1 0 0 9
1 0 0 9
1 0 0 10
1 0 0 10
1 0 0 10
1 0 0 10
1 0 0 10
1 0 0 10
1 0 0 10
1 0 0 10
1 0 0 11
1 0 0 11
1 0 0 6
1 0 0 6
1 0 0 6
1 0 0 6
1 0 0 6
1 0 0 6
1 0 0 6
1 0 0 6
1 0 0 11
1 0 0 11
1 0 0 11
1 0 0 11
1 0 0 11
1 0 0 11
1 0 0 11
1 0 0 11
1 0 0 12
1 0 0 12
1 0 0 12
1 0 0 12
1 0 0 5
1 0 0 5
1 0 0 5
1 0 0 5
1 0 0 5
1 0 0 5
1 0 0 5
1 0 0 5
1 0 0 10
1 0 0 12
1 0 0 12
1 0 0 12
1 0 0 13
1 0 0 13
1 0 0 13
1 0 0 13
1 0 0 13
1 0 0 12
1 0 0 12
1 0 0 12
1 0 0 10
1 0 0 7
1 0 0 7
1 0 0 7
1 0 0 7
1 0 0 13
1 0 0 13
1 0 0 13
1 0 0 13
1 0 0 13
1 0 0 14
1 0 0 14
1 0 0 14
1 0 0 14
1 0 0 14
1 0 0 14
1 0 0 14
1 0 0 14
1 0 0 14
1 0 0 14
1 0 0 2
1 0 0 2
1 0 0 7
1 0 0 7
0.1 2 3 -1
0.1 1 141 -1
0.1 142 4 -1
0.1 5 6 -1
0.1 8 9 -1
0.1 7 145 -1
0.1 146 10 -1
0.1 144 147 -1
0.1 143 148 -1
0.1 11 12 -1
0.1 150 13 -1
0.1 149 151 -1
0.1 14 15 -1
0.1 16 17 -1
0.1 20 21 -1
0.1 19 155 -1
0.1 156 22 -1
0.1 25 26 -1
0.1 24 158 -1
0.1 23 159 -1
0.1 160 27 -1
0.1 157 161 -1
0.1 18 162 -1
0.1 163 28 -1
0.1 154 164 -1
0.1 153 165 -1
0.1 31 32 -1
0.1 30 167 -1
0.1 29 168 -1
0.1 33 34 -1
0.1 169 170 -1
0.1 166 171 -1
0.1 152 172 -1
0.1 35 36 -1
0.1 38 39 -1
0.1 41 42 -1
0.1 40 176 -1
0.1 175 177 -1
0.1 178 43 -1
0.1 37 179 -1
0.1 174 180 -1
0.1 173 181 -1
0.1 44 45 -1
0.1 49 50 -1
0.1 48 184 -1
0.1 47 185 -1
0.1 51 52 -1
0.1 187 53 -1
0.1 186 188 -1
0.1 46 189 -1
0.1 183 190 -1
0.1 191 54 -1
0.1 192 55 -1
0.1 182 193 -1
0.1 57 58 -1
0.1 56 195 -1
0.1 59 60 -1
0.1 61 62 -1
0.1 198 63 -1
0.1 64 65 -1
0.1 200 66 -1
0.1 199 201 -1
0.1 197 202 -1
0.1 196 203 -1
0.1 194 204 -1
0.1 71 72 -1
0.1 70 206 -1
0.1 69 207 -1
0.1 73 74 -1
0.1 208 209 -1
0.1 68 210 -1
0.1 75 76 -1
0.1 78 79 -1
0.1 81 82 -1
0.1 80 214 -1
0.1 213 215 -1
0.1 83 84 -1
0.1 216 217 -1
0.1 77 218 -1
0.1 212 219 -1
0.1 86 87 -1
0.1 85 221 -1
0.1 220 222 -1
0.1 89 90 -1
0.1 88 224 -1
0.1 223 225 -1
0.1 95 96 -1
0.1 94 227 -1
0.1 93 228 -1
0.1 97 98 -1
0.1 100 101 -1
0.1 231 102 -1
0.1 99 232 -1
0.1 230 233 -1
0.1 229 234 -1
0.1 103 104 -1
0.1 107 108 -1
0.1 106 237 -1
0.1 110 111 -1
0.1 112 113 -1
0.1 239 240 -1
0.1 109 241 -1
0.1 238 242 -1
0.1 115 116 -1
0.1 114 244 -1
0.1 245 117 -1
0.1 243 246 -1
0.1 105 247 -1
0.1 236 248 -1
0.1 235 249 -1
0.1 92 250 -1
0.1 91 251 -1
0.1 226 252 -1
0.1 211 253 -1
0.1 67 254 -1
0.1 120 121 -1
0.1 119 256 -1
0.1 118 257 -1
0.1 255 258 -1
0.1 125 126 -1
0.1 124 260 -1
0.1 123 261 -1
0.1 122 262 -1
0.1 128 129 -1
0.1 131 132 -1
0.1 130 265 -1
0.1 264 266 -1
0.1 127 267 -1
0.1 135 136 -1
0.1 134 269 -1
0.1 133 270 -1
0.1 137 138 -1
0.1 272 139 -1
0.1 273 140 -1
0.1 271 274 -1
0.1 268 275 -1
0.1 263 276 -1
0.1 259 277 -1
0.1 205 278 -1
