1 0 0 1
1 0 0 1
1 0 0 2
1 0 0 2
1 0 0 2
1 0 0 2
1 0 0 3
1 0 0 3
1 0 0 3
1 0 0 3
1 0 0 3
1 0 0 3
1 0 0 3
1 0 0 3
1 0 0 3
1 0 0 3
1 0 0 2
1 0 0 2
1 0 0 2
1 0 0 2
1 0 0 2
1 0 0 2
1 0 0 4
1 0 0 4
1 0 0 4
1 0 0 4
1 0 0 4
1 0 0 4
1 0 0 4
1 0 0 4
1 0 0 4
1 0 0 4
1 0 0 5
1 0 0 5
1 0 0 5
1 0 0 5
1 0 0 5
1 0 0 5
1 0 0 5
1 0 0 5
1 0 0 5
1 0 0 5
1 0 0 1
1 0 0 1
1 0 0 1
1 0 0 1
1 0 0 1
1 0 0 1
1 0 0 6
1 0 0 6
1 0 0 7
1 0 0 7
1 0 0 7
1 0 0 7
1 0 0 7
1 0 0 7
1 0 0 7
1 0 0 7
1 0 0 7
1 0 0 7
1 0 0 6
1 0 0 6
1 0 0 6
1 0 0 6
1 0 0 6
1 0 0 6
1 0 0 8
1 0 0 8
1 0 0 8
1 0 0 8
1 0 0 8
1 0 0 8
1 0 0 8
1 0 0 8
1 0 0 8
1 0 0 8
1 0 0 6
1 0 0 6
1 0 0 1
1 0 0 1
0.1 1 2 -1
0.1 4 5 -1
0.1 82 6 -1
0.1 3 83 -1
0.1 9 10 -1
0.1 8 85 -1
0.1 11 12 -1
0.1 13 14 -1
0.1 87 88 -1
0.1 86 89 -1
0.1 7 90 -1
0.1 91 15 -1
0.1 92 16 -1
0.1 18 19 -1
0.1 17 94 -1
0.1 20 21 -1
0.1 96 22 -1
0.1 95 97 -1
0.1 93 98 -1
0.1 84 99 -1
0.1 81 100 -1
0.1 23 24 -1
0.1 28 29 -1
0.1 27 103 -1
0.1 26 104 -1
0.1 105 30 -1
0.1 106 31 -1
0.1 25 107 -1
0.1 108 32 -1
0.1 102 109 -1
0.1 35 36 -1
0.1 37 38 -1
0.1 111 112 -1
0.1 113 39 -1
0.1 40 41 -1
0.1 114 115 -1
0.1 116 42 -1
0.1 34 117 -1
0.1 33 118 -1
0.1 43 44 -1
0.1 120 45 -1
0.1 46 47 -1
0.1 56 57 -1
0.1 55 123 -1
0.1 54 124 -1
0.1 53 125 -1
0.1 52 126 -1
0.1 59 60 -1
0.1 58 128 -1
0.1 127 129 -1
0.1 51 130 -1
0.1 50 131 -1
0.1 63 64 -1
0.1 62 133 -1
0.1 61 134 -1
0.1 132 135 -1
0.1 67 68 -1
0.1 69 70 -1
0.1 71 72 -1
0.1 73 74 -1
0.1 140 75 -1
0.1 139 141 -1
0.1 138 142 -1
0.1 137 143 -1
0.1 144 76 -1
0.1 145 77 -1
0.1 66 146 -1
0.1 147 78 -1
0.1 65 148 -1
0.1 136 149 -1
0.1 49 150 -1
0.1 48 151 -1
0.1 79 80 -1
0.1 152 153 -1
0.1 122 154 -1
0.1 121 155 -1
0.1 119 156 -1
0.1 110 157 -1
0.1 101 158 -1
