1 0 0 1
1 0 0 1
1 0 0 1
1 0 0 1
1 0 0 1
1 0 0 2
1 0 0 2
1 0 0 2
1 0 0 2
1 0 0 2
1 0 0 2
1 0 0 1
1 0 0 3
1 0 0 3
1 0 0 3
1 0 0 3
1 0 0 3
1 0 0 3
1 0 0 3
1 0 0 3
1 0 0 3
1 0 0 3
1 0 0 4
1 0 0 4
1 0 0 4
1 0 0 4
1 0 0 4
1 0 0 4
1 0 0 4
1 0 0 2
1 0 0 2
1 0 0 2
1 0 0 2
1 0 0 5
1 0 0 5
1 0 0 6
1 0 0 7
1 0 0 7
1 0 0 7
1 0 0 7
1 0 0 7
1 0 0 7
1 0 0 7
1 0 0 7
1 0 0 7
1 0 0 7
1 0 0 6
1 0 0 8
1 0 0 8
1 0 0 8
1 0 0 8
1 0 0 8
1 0 0 8
1 0 0 8
1 0 0 8
1 0 0 8
1 0 0 8
1 0 0 9
1 0 0 9
1 0 0 9
1 0 0 9
1 0 0 9
1 0 0 9
1 0 0 9
1 0 0 9
1 0 0 9
1 0 0 9
1 0 0 6
1 0 0 6
1 0 0 6
1 0 0 6
1 0 0 6
1 0 0 6
1 0 0 6
1 0 0 6
1 0 0 5
1 0 0 5
1 0 0 5
1 0 0 1
1 0 0 1
1 0 0 1
1 0 0 1
1 0 0 10
1 0 0 10
1 0 0 10
1 0 0 10
1 0 0 10
1 0 0 10
1 0 0 11
1 0 0 11
1 0 0 11
1 0 0 12
1 0 0 12
1 0 0 12
1 0 0 12
1 0 0 12
1 0 0 12
1 0 0 11
1 0 0 12
1 0 0 12
1 0 0 12
1 0 0 12
1 0 0 11
1 0 0 11
1 0 0 11
1 0 0 11
1 0 0 11
1 0 0 13
1 0 0 13
1 0 0 13
1 0 0 13
1 0 0 13
1 0 0 13
1 0 0 13
1 0 0 13
1 0 0 13
1 0 0 13
1 0 0 11
1 0 0 5
1 0 0 5
1 0 0 10
1 0 0 10
1 0 0 10
1 0 0 10
1 0 0 5
1 0 0 5
1 0 0 5
1 0 0 14
1 0 0 14
1 0 0 14
1 0 0 4
1 0 0 4
1 0 0 4
1 0 0 15
1 0 0 15
1 0 0 16
1 0 0 16
1 0 0 16
1 0 0 16
1 0 0 16
1 0 0 16
1 0 0 16
1 0 0 16
1 0 0 16
1 0 0 16
1 0 0 17
1 0 0 17
1 0 0 18
1 0 0 18
1 0 0 18
1 0 0 18
1 0 0 18
1 0 0 18
1 0 0 18
1 0 0 18
1 0 0 18
1 0 0 18
1 0 0 15
1 0 0 15
1 0 0 15
1 0 0 15
1 0 0 15
1 0 0 14
1 0 0 17
1 0 0 17
1 0 0 19
1 0 0 19
1 0 0 19
1 0 0 19
1 0 0 19
1 0 0 19
1 0 0 19
1 0 0 19
1 0 0 19
1 0 0 19
1 0 0 20
1 0 0 20
1 0 0 20
1 0 0 20
1 0 0 20
1 0 0 20
1 0 0 20
1 0 0 20
1 0 0 20
1 0 0 20
1 0 0 21
1 0 0 21
1 0 0 21
1 0 0 21
1 0 0 21
1 0 0 21
1 0 0 21
1 0 0 21
1 0 0 21
1 0 0 21
1 0 0 17
1 0 0 17
1 0 0 22
1 0 0 22
1 0 0 22
1 0 0 22
1 0 0 22
1 0 0 22
1 0 0 22
1 0 0 22
1 0 0 22
1 0 0 22
1 0 0 17
1 0 0 17
1 0 0 17
1 0 0 17
1 0 0 23
1 0 0 23
1 0 0 23
1 0 0 23
1 0 0 15
1 0 0 24
1 0 0 24
1 0 0 24
1 0 0 24
1 0 0 24
1 0 0 25
1 0 0 26
1 0 0 26
1 0 0 26
1 0 0 26
1 0 0 26
1 0 0 26
1 0 0 26
1 0 0 26
1 0 0 25
1 0 0 25
1 0 0 25
1 0 0 25
1 0 0 25
1 0 0 25
1 0 0 26
1 0 0 26
1 0 0 25
1 0 0 25
1 0 0 25
1 0 0 15
1 0 0 27
1 0 0 27
1 0 0 27
1 0 0 27
1 0 0 14
1 0 0 14
1 0 0 14
1 0 0 14
1 0 0 14
1 0 0 14
1 0 0 23
1 0 0 23
1 0 0 24
1 0 0 24
1 0 0 24
1 0 0 24
1 0 0 24
1 0 0 27
1 0 0 27
1 0 0 27
1 0 0 27
1 0 0 27
1 0 0 27
1 0 0 23
1 0 0 23
1 0 0 23
1 0 0 23
1 0 0 15
0.1 2 3 -1
0.1 4 5 -1
0.1 271 272 -1
0.1 7 8 -1
0.1 6 274 -1
0.1 9 10 -1
0.1 276 11 -1
0.1 275 277 -1
0.1 273 278 -1
0.1 279 12 -1
0.1 1 280 -1
0.1 14 15 -1
0.1 13 282 -1
0.1 17 18 -1
0.1 19 20 -1
0.1 285 21 -1
0.1 284 286 -1
0.1 16 287 -1
0.1 288 22 -1
0.1 283 289 -1
0.1 23 24 -1
0.1 26 27 -1
0.1 25 292 -1
0.1 291 293 -1
0.1 28 29 -1
0.1 30 31 -1
0.1 296 32 -1
0.1 297 33 -1
0.1 295 298 -1
0.1 294 299 -1
0.1 300 34 -1
0.1 301 35 -1
0.1 290 302 -1
0.1 37 38 -1
0.1 41 42 -1
0.1 44 45 -1
0.1 43 306 -1
0.1 305 307 -1
0.1 40 308 -1
0.1 309 46 -1
0.1 39 310 -1
0.1 304 311 -1
0.1 36 312 -1
0.1 49 50 -1
0.1 48 314 -1
0.1 51 52 -1
0.1 315 316 -1
0.1 317 53 -1
0.1 318 54 -1
0.1 56 57 -1
0.1 55 320 -1
0.1 319 321 -1
0.1 58 59 -1
0.1 323 60 -1
0.1 61 62 -1
0.1 63 64 -1
0.1 66 67 -1
0.1 65 327 -1
0.1 326 328 -1
0.1 325 329 -1
0.1 324 330 -1
0.1 322 331 -1
0.1 47 332 -1
0.1 333 68 -1
0.1 69 70 -1
0.1 334 335 -1
0.1 71 72 -1
0.1 337 73 -1
0.1 74 75 -1
0.1 338 339 -1
0.1 336 340 -1
0.1 313 341 -1
0.1 342 76 -1
0.1 303 343 -1
0.1 77 78 -1
0.1 344 345 -1
0.1 80 81 -1
0.1 79 347 -1
0.1 348 82 -1
0.1 83 84 -1
0.1 85 86 -1
0.1 350 351 -1
0.1 349 352 -1
0.1 87 88 -1
0.1 353 354 -1
0.1 89 90 -1
0.1 355 356 -1
0.1 92 93 -1
0.1 95 96 -1
0.1 94 359 -1
0.1 358 360 -1
0.1 361 97 -1
0.1 362 98 -1
0.1 100 101 -1
0.1 99 364 -1
0.1 365 102 -1
0.1 103 104 -1
0.1 366 367 -1
0.1 363 368 -1
0.1 91 369 -1
0.1 357 370 -1
0.1 105 106 -1
0.1 111 112 -1
0.1 110 373 -1
0.1 109 374 -1
0.1 108 375 -1
0.1 113 114 -1
0.1 116 117 -1
0.1 115 378 -1
0.1 377 379 -1
0.1 376 380 -1
0.1 381 118 -1
0.1 107 382 -1
0.1 372 383 -1
0.1 371 384 -1
0.1 385 119 -1
0.1 386 120 -1
0.1 123 124 -1
0.1 122 388 -1
0.1 121 389 -1
0.1 387 390 -1
0.1 126 127 -1
0.1 125 392 -1
0.1 391 393 -1
0.1 346 394 -1
0.1 281 395 -1
0.1 128 129 -1
0.1 397 130 -1
0.1 132 133 -1
0.1 131 399 -1
0.1 398 400 -1
0.1 401 134 -1
0.1 137 138 -1
0.1 140 141 -1
0.1 139 404 -1
0.1 403 405 -1
0.1 136 406 -1
0.1 144 145 -1
0.1 143 408 -1
0.1 142 409 -1
0.1 407 410 -1
0.1 146 147 -1
0.1 150 151 -1
0.1 149 413 -1
0.1 148 414 -1
0.1 152 153 -1
0.1 154 155 -1
0.1 156 157 -1
0.1 417 418 -1
0.1 416 419 -1
0.1 415 420 -1
0.1 412 421 -1
0.1 411 422 -1
0.1 159 160 -1
0.1 158 424 -1
0.1 161 162 -1
0.1 425 426 -1
0.1 423 427 -1
0.1 164 165 -1
0.1 166 167 -1
0.1 168 169 -1
0.1 431 170 -1
0.1 172 173 -1
0.1 171 433 -1
0.1 432 434 -1
0.1 435 174 -1
0.1 430 436 -1
0.1 437 175 -1
0.1 176 177 -1
0.1 179 180 -1
0.1 440 181 -1
0.1 441 182 -1
0.1 178 442 -1
0.1 443 183 -1
0.1 439 444 -1
0.1 184 185 -1
0.1 445 446 -1
0.1 186 187 -1
0.1 448 188 -1
0.1 189 190 -1
0.1 449 450 -1
0.1 192 193 -1
0.1 191 452 -1
0.1 451 453 -1
0.1 194 195 -1
0.1 454 455 -1
0.1 447 456 -1
0.1 438 457 -1
0.1 429 458 -1
0.1 163 459 -1
0.1 196 197 -1
0.1 198 199 -1
0.1 200 201 -1
0.1 203 204 -1
0.1 202 464 -1
0.1 206 207 -1
0.1 205 466 -1
0.1 465 467 -1
0.1 463 468 -1
0.1 462 469 -1
0.1 461 470 -1
0.1 208 209 -1
0.1 210 211 -1
0.1 472 473 -1
0.1 471 474 -1
0.1 460 475 -1
0.1 213 214 -1
0.1 477 215 -1
0.1 212 478 -1
0.1 479 216 -1
0.1 476 480 -1
0.1 428 481 -1
0.1 218 219 -1
0.1 217 483 -1
0.1 484 220 -1
0.1 485 221 -1
0.1 224 225 -1
0.1 226 227 -1
0.1 487 488 -1
0.1 489 228 -1
0.1 223 490 -1
0.1 222 491 -1
0.1 229 230 -1
0.1 493 231 -1
0.1 494 232 -1
0.1 495 233 -1
0.1 234 235 -1
0.1 497 236 -1
0.1 237 238 -1
0.1 499 239 -1
0.1 240 241 -1
0.1 500 501 -1
0.1 498 502 -1
0.1 496 503 -1
0.1 492 504 -1
0.1 486 505 -1
0.1 506 242 -1
0.1 482 507 -1
0.1 243 244 -1
0.1 509 245 -1
0.1 510 246 -1
0.1 247 248 -1
0.1 512 249 -1
0.1 251 252 -1
0.1 250 514 -1
0.1 513 515 -1
0.1 511 516 -1
0.1 253 254 -1
0.1 256 257 -1
0.1 519 258 -1
0.1 255 520 -1
0.1 518 521 -1
0.1 260 261 -1
0.1 523 262 -1
0.1 259 524 -1
0.1 264 265 -1
0.1 263 526 -1
0.1 268 269 -1
0.1 267 528 -1
0.1 266 529 -1
0.1 527 530 -1
0.1 525 531 -1
0.1 522 532 -1
0.1 517 533 -1
0.1 508 534 -1
0.1 535 270 -1
0.1 135 536 -1
0.1 402 537 -1
0.1 396 538 -1
