1 0 0 1
1 0 0 2
1 0 0 2
1 0 0 2
1 0 0 2
1 0 0 2
1 0 0 2
1 0 0 2
1 0 0 2
1 0 0 2
1 0 0 2
1 0 0 3
1 0 0 3
1 0 0 3
1 0 0 3
1 0 0 3
1 0 0 3
1 0 0 3
1 0 0 3
1 0 0 3
1 0 0 3
1 0 0 1
1 0 0 4
1 0 0 4
1 0 0 4
1 0 0 4
1 0 0 4
1 0 0 4
1 0 0 4
1 0 0 5
1 0 0 5
1 0 0 5
1 0 0 5
1 0 0 5
1 0 0 5
1 0 0 5
1 0 0 5
1 0 0 5
1 0 0 5
1 0 0 6
1 0 0 6
1 0 0 6
1 0 0 6
1 0 0 6
1 0 0 6
1 0 0 6
1 0 0 6
1 0 0 6
1 0 0 6
1 0 0 4
1 0 0 4
1 0 0 7
1 0 0 7
1 0 0 7
1 0 0 7
1 0 0 7
1 0 0 7
1 0 0 7
1 0 0 7
1 0 0 7
1 0 0 7
1 0 0 8
1 0 0 8
1 0 0 8
1 0 0 8
1 0 0 8
1 0 0 8
1 0 0 8
1 0 0 8
1 0 0 8
1 0 0 8
1 0 0 9
1 0 0 9
1 0 0 9
1 0 0 9
1 0 0 9
1 0 0 9
1 0 0 9
1 0 0 9
1 0 0 9
1 0 0 9
1 0 0 4
1 0 0 10
1 0 0 10
1 0 0 10
1 0 0 10
1 0 0 10
1 0 0 10
1 0 0 10
1 0 0 1
1 0 0 1
1 0 0 1
1 0 0 1
1 0 0 11
1 0 0 11
1 0 0 11
1 0 0 11
1 0 0 11
1 0 0 11
1 0 0 11
1 0 0 11
1 0 0 11
1 0 0 11
1 0 0 12
1 0 0 12
1 0 0 12
1 0 0 12
1 0 0 12
1 0 0 12
1 0 0 13
1 0 0 13
1 0 0 13
1 0 0 13
1 0 0 13
1 0 0 13
1 0 0 13
1 0 0 13
1 0 0 13
1 0 0 13
1 0 0 12
1 0 0 14
1 0 0 14
1 0 0 14
1 0 0 14
1 0 0 14
1 0 0 14
1 0 0 14
1 0 0 14
1 0 0 14
1 0 0 14
1 0 0 15
1 0 0 15
1 0 0 15
1 0 0 15
1 0 0 15
1 0 0 15
1 0 0 15
1 0 0 15
1 0 0 15
1 0 0 15
1 0 0 12
1 0 0 16
1 0 0 16
1 0 0 16
1 0 0 17
1 0 0 17
1 0 0 17
1 0 0 18
1 0 0 18
1 0 0 18
1 0 0 18
1 0 0 18
1 0 0 18
1 0 0 18
1 0 0 18
1 0 0 18
1 0 0 18
1 0 0 19
1 0 0 19
1 0 0 19
1 0 0 19
1 0 0 19
1 0 0 19
1 0 0 19
1 0 0 19
1 0 0 19
1 0 0 19
1 0 0 17
1 0 0 17
1 0 0 17
1 0 0 17
1 0 0 17
1 0 0 17
1 0 0 16
1 0 0 16
1 0 0 17
1 0 0 16
1 0 0 16
1 0 0 16
1 0 0 20
1 0 0 20
1 0 0 20
1 0 0 20
1 0 0 20
1 0 0 20
1 0 0 20
1 0 0 20
1 0 0 20
1 0 0 21
1 0 0 21
1 0 0 21
1 0 0 21
1 0 0 21
1 0 0 21
1 0 0 21
1 0 0 21
1 0 0 21
1 0 0 21
1 0 0 22
1 0 0 23
1 0 0 23
1 0 0 23
1 0 0 23
1 0 0 23
1 0 0 23
1 0 0 23
1 0 0 23
1 0 0 23
1 0 0 23
1 0 0 22
1 0 0 22
1 0 0 22
1 0 0 22
1 0 0 22
1 0 0 22
1 0 0 22
1 0 0 22
1 0 0 20
1 0 0 24
1 0 0 24
1 0 0 24
1 0 0 24
1 0 0 24
1 0 0 24
1 0 0 24
1 0 0 24
1 0 0 24
1 0 0 24
1 0 0 22
1 0 0 16
1 0 0 16
1 0 0 12
1 0 0 12
1 0 0 25
1 0 0 25
1 0 0 25
1 0 0 25
1 0 0 25
1 0 0 25
1 0 0 25
1 0 0 25
1 0 0 25
1 0 0 25
1 0 0 10
1 0 0 10
1 0 0 10
1 0 0 1
1 0 0 1
1 0 0 1
1 0 0 1
0.1 3 4 -1
0.1 5 6 -1
0.1 252 7 -1
0.1 8 9 -1
0.1 253 254 -1
0.1 251 255 -1
0.1 2 256 -1
0.1 10 11 -1
0.1 257 258 -1
0.1 12 13 -1
0.1 260 14 -1
0.1 15 16 -1
0.1 17 18 -1
0.1 262 263 -1
0.1 20 21 -1
0.1 19 265 -1
0.1 264 266 -1
0.1 261 267 -1
0.1 259 268 -1
0.1 23 24 -1
0.1 270 25 -1
0.1 26 27 -1
0.1 271 272 -1
0.1 30 31 -1
0.1 32 33 -1
0.1 34 35 -1
0.1 276 36 -1
0.1 275 277 -1
0.1 274 278 -1
0.1 279 37 -1
0.1 280 38 -1
0.1 41 42 -1
0.1 43 44 -1
0.1 282 283 -1
0.1 40 284 -1
0.1 285 45 -1
0.1 48 49 -1
0.1 47 287 -1
0.1 46 288 -1
0.1 286 289 -1
0.1 39 290 -1
0.1 281 291 -1
0.1 29 292 -1
0.1 28 293 -1
0.1 273 294 -1
0.1 53 54 -1
0.1 56 57 -1
0.1 55 297 -1
0.1 296 298 -1
0.1 58 59 -1
0.1 299 300 -1
0.1 52 301 -1
0.1 302 60 -1
0.1 303 61 -1
0.1 304 62 -1
0.1 64 65 -1
0.1 63 306 -1
0.1 307 66 -1
0.1 68 69 -1
0.1 309 70 -1
0.1 74 75 -1
0.1 73 311 -1
0.1 77 78 -1
0.1 76 313 -1
0.1 80 81 -1
0.1 79 315 -1
0.1 314 316 -1
0.1 312 317 -1
0.1 72 318 -1
0.1 71 319 -1
0.1 310 320 -1
0.1 67 321 -1
0.1 308 322 -1
0.1 305 323 -1
0.1 324 82 -1
0.1 51 325 -1
0.1 50 326 -1
0.1 295 327 -1
0.1 22 328 -1
0.1 83 84 -1
0.1 85 86 -1
0.1 87 88 -1
0.1 332 89 -1
0.1 331 333 -1
0.1 330 334 -1
0.1 329 335 -1
0.1 269 336 -1
0.1 90 91 -1
0.1 337 338 -1
0.1 92 93 -1
0.1 339 340 -1
0.1 1 341 -1
0.1 95 96 -1
0.1 94 343 -1
0.1 97 98 -1
0.1 344 345 -1
0.1 99 100 -1
0.1 102 103 -1
0.1 101 348 -1
0.1 347 349 -1
0.1 346 350 -1
0.1 342 351 -1
0.1 108 109 -1
0.1 110 111 -1
0.1 112 113 -1
0.1 354 355 -1
0.1 116 117 -1
0.1 115 357 -1
0.1 114 358 -1
0.1 356 359 -1
0.1 360 118 -1
0.1 361 119 -1
0.1 121 122 -1
0.1 123 124 -1
0.1 363 364 -1
0.1 125 126 -1
0.1 128 129 -1
0.1 127 367 -1
0.1 366 368 -1
0.1 365 369 -1
0.1 370 130 -1
0.1 120 371 -1
0.1 362 372 -1
0.1 353 373 -1
0.1 132 133 -1
0.1 134 135 -1
0.1 375 376 -1
0.1 131 377 -1
0.1 136 137 -1
0.1 138 139 -1
0.1 379 380 -1
0.1 381 140 -1
0.1 378 382 -1
0.1 374 383 -1
0.1 143 144 -1
0.1 142 385 -1
0.1 146 147 -1
0.1 148 149 -1
0.1 150 151 -1
0.1 388 389 -1
0.1 390 152 -1
0.1 154 155 -1
0.1 392 156 -1
0.1 393 157 -1
0.1 153 394 -1
0.1 391 395 -1
0.1 387 396 -1
0.1 145 397 -1
0.1 158 159 -1
0.1 161 162 -1
0.1 160 400 -1
0.1 164 165 -1
0.1 163 402 -1
0.1 166 167 -1
0.1 403 404 -1
0.1 401 405 -1
0.1 399 406 -1
0.1 169 170 -1
0.1 168 408 -1
0.1 172 173 -1
0.1 171 410 -1
0.1 409 411 -1
0.1 407 412 -1
0.1 413 174 -1
0.1 398 414 -1
0.1 415 175 -1
0.1 416 176 -1
0.1 386 417 -1
0.1 180 181 -1
0.1 419 182 -1
0.1 183 184 -1
0.1 420 421 -1
0.1 185 186 -1
0.1 187 188 -1
0.1 423 424 -1
0.1 192 193 -1
0.1 191 426 -1
0.1 195 196 -1
0.1 428 197 -1
0.1 194 429 -1
0.1 430 198 -1
0.1 427 431 -1
0.1 190 432 -1
0.1 189 433 -1
0.1 202 203 -1
0.1 201 435 -1
0.1 204 205 -1
0.1 436 437 -1
0.1 208 209 -1
0.1 207 439 -1
0.1 206 440 -1
0.1 438 441 -1
0.1 200 442 -1
0.1 210 211 -1
0.1 443 444 -1
0.1 199 445 -1
0.1 212 213 -1
0.1 215 216 -1
0.1 214 448 -1
0.1 447 449 -1
0.1 446 450 -1
0.1 451 217 -1
0.1 452 218 -1
0.1 434 453 -1
0.1 219 220 -1
0.1 221 222 -1
0.1 226 227 -1
0.1 225 457 -1
0.1 224 458 -1
0.1 459 228 -1
0.1 223 460 -1
0.1 456 461 -1
0.1 455 462 -1
0.1 463 229 -1
0.1 454 464 -1
0.1 425 465 -1
0.1 422 466 -1
0.1 179 467 -1
0.1 230 231 -1
0.1 468 469 -1
0.1 178 470 -1
0.1 177 471 -1
0.1 418 472 -1
0.1 141 473 -1
0.1 474 232 -1
0.1 384 475 -1
0.1 107 476 -1
0.1 106 477 -1
0.1 105 478 -1
0.1 479 233 -1
0.1 104 480 -1
0.1 234 235 -1
0.1 481 482 -1
0.1 237 238 -1
0.1 236 484 -1
0.1 239 240 -1
0.1 485 486 -1
0.1 483 487 -1
0.1 242 243 -1
0.1 241 489 -1
0.1 488 490 -1
0.1 245 246 -1
0.1 244 492 -1
0.1 491 493 -1
0.1 249 250 -1
0.1 248 495 -1
0.1 247 496 -1
0.1 494 497 -1
0.1 352 498 -1
