1 0 0 1
1 0 0 1
1 0 0 2
1 0 0 2
1 0 0 2
1 0 0 2
1 0 0 2
1 0 0 2
1 0 0 2
1 0 0 3
1 0 0 3
1 0 0 3
1 0 0 3
1 0 0 3
1 0 0 3
1 0 0 3
1 0 0 3
1 0 0 3
1 0 0 3
1 0 0 2
1 0 0 2
1 0 0 2
1 0 0 4
1 0 0 4
1 0 0 4
1 0 0 4
1 0 0 4
1 0 0 4
1 0 0 4
1 0 0 4
1 0 0 4
1 0 0 4
1 0 0 5
1 0 0 5
1 0 0 5
1 0 0 5
1 0 0 5
1 0 0 5
1 0 0 5
1 0 0 5
1 0 0 5
1 0 0 5
1 0 0 6
1 0 0 6
1 0 0 7
1 0 0 7
1 0 0 7
1 0 0 7
1 0 0 7
1 0 0 7
1 0 0 7
1 0 0 7
1 0 0 7
1 0 0 7
1 0 0 6
1 0 0 6
1 0 0 6
1 0 0 6
1 0 0 8
1 0 0 8
1 0 0 9
1 0 0 9
1 0 0 9
1 0 0 9
1 0 0 9
1 0 0 9
1 0 0 9
1 0 0 9
1 0 0 9
1 0 0 9
1 0 0 8
1 0 0 8
1 0 0 8
1 0 0 10
1 0 0 10
1 0 0 10
1 0 0 10
1 0 0 10
1 0 0 10
1 0 0 10
1 0 0 10
1 0 0 10
1 0 0 10
1 0 0 8
1 0 0 8
1 0 0 8
1 0 0 8
1 0 0 8
1 0 0 6
1 0 0 6
1 0 0 6
1 0 0 6
1 0 0 11
1 0 0 11
1 0 0 11
1 0 0 11
1 0 0 11
1 0 0 11
1 0 0 11
1 0 0 11
1 0 0 11
1 0 0 11
1 0 0 1
1 0 0 1
1 0 0 1
1 0 0 1
1 0 0 12
1 0 0 12
1 0 0 12
1 0 0 12
1 0 0 12
1 0 0 12
1 0 0 12
1 0 0 12
1 0 0 12
1 0 0 12
1 0 0 1
1 0 0 1
1 0 0 1
1 0 0 13
1 0 0 13
1 0 0 14
1 0 0 14
1 0 0 14
1 0 0 14
1 0 0 14
1 0 0 14
1 0 0 14
1 0 0 14
1 0 0 14
1 0 0 14
1 0 0 13
1 0 0 13
1 0 0 13
1 0 0 13
1 0 0 13
1 0 0 13
1 0 0 13
1 0 0 13
1 0 0 1
0.1 1 2 -1
0.1 5 6 -1
0.1 4 142 -1
0.1 3 143 -1
0.1 8 9 -1
0.1 11 12 -1
0.1 15 16 -1
0.1 14 147 -1
0.1 148 17 -1
0.1 149 18 -1
0.1 13 150 -1
0.1 151 19 -1
0.1 146 152 -1
0.1 10 153 -1
0.1 145 154 -1
0.1 21 22 -1
0.1 20 156 -1
0.1 155 157 -1
0.1 26 27 -1
0.1 25 159 -1
0.1 28 29 -1
0.1 30 31 -1
0.1 161 162 -1
0.1 160 163 -1
0.1 164 32 -1
0.1 24 165 -1
0.1 23 166 -1
0.1 33 34 -1
0.1 168 35 -1
0.1 37 38 -1
0.1 36 170 -1
0.1 171 39 -1
0.1 172 40 -1
0.1 169 173 -1
0.1 174 41 -1
0.1 175 42 -1
0.1 43 44 -1
0.1 45 46 -1
0.1 50 51 -1
0.1 49 179 -1
0.1 180 52 -1
0.1 48 181 -1
0.1 47 182 -1
0.1 53 54 -1
0.1 183 184 -1
0.1 178 185 -1
0.1 177 186 -1
0.1 57 58 -1
0.1 56 188 -1
0.1 55 189 -1
0.1 187 190 -1
0.1 176 191 -1
0.1 59 60 -1
0.1 62 63 -1
0.1 64 65 -1
0.1 195 66 -1
0.1 67 68 -1
0.1 196 197 -1
0.1 198 69 -1
0.1 194 199 -1
0.1 200 70 -1
0.1 61 201 -1
0.1 75 76 -1
0.1 203 77 -1
0.1 74 204 -1
0.1 205 78 -1
0.1 81 82 -1
0.1 80 207 -1
0.1 79 208 -1
0.1 209 83 -1
0.1 206 210 -1
0.1 73 211 -1
0.1 72 212 -1
0.1 84 85 -1
0.1 213 214 -1
0.1 71 215 -1
0.1 202 216 -1
0.1 193 217 -1
0.1 87 88 -1
0.1 86 219 -1
0.1 218 220 -1
0.1 192 221 -1
0.1 167 222 -1
0.1 158 223 -1
0.1 7 224 -1
0.1 90 91 -1
0.1 89 226 -1
0.1 227 92 -1
0.1 225 228 -1
0.1 144 229 -1
0.1 141 230 -1
0.1 95 96 -1
0.1 97 98 -1
0.1 232 233 -1
0.1 94 234 -1
0.1 93 235 -1
0.1 101 102 -1
0.1 100 237 -1
0.1 99 238 -1
0.1 236 239 -1
0.1 103 104 -1
0.1 105 106 -1
0.1 107 108 -1
0.1 110 111 -1
0.1 109 244 -1
0.1 113 114 -1
0.1 112 246 -1
0.1 115 116 -1
0.1 247 248 -1
0.1 245 249 -1
0.1 243 250 -1
0.1 242 251 -1
0.1 252 117 -1
0.1 241 253 -1
0.1 240 254 -1
0.1 118 119 -1
0.1 255 256 -1
0.1 120 121 -1
0.1 123 124 -1
0.1 125 126 -1
0.1 259 260 -1
0.1 128 129 -1
0.1 130 131 -1
0.1 262 263 -1
0.1 127 264 -1
0.1 261 265 -1
0.1 122 266 -1
0.1 258 267 -1
0.1 132 133 -1
0.1 269 134 -1
0.1 268 270 -1
0.1 257 271 -1
0.1 136 137 -1
0.1 138 139 -1
0.1 273 274 -1
0.1 135 275 -1
0.1 272 276 -1
0.1 277 140 -1
0.1 231 278 -1
