1 0 0 1
1 0 0 1
1 0 0 1
1 0 0 1
1 0 0 1
1 0 0 1
1 0 0 1
1 0 0 1
1 0 0 1
1 0 0 2
1 0 0 2
1 0 0 2
1 0 0 3
1 0 0 3
1 0 0 3
1 0 0 3
1 0 0 3
1 0 0 3
1 0 0 3
1 0 0 3
1 0 0 3
1 0 0 3
1 0 0 2
1 0 0 2
1 0 0 2
1 0 0 2
1 0 0 2
1 0 0 2
1 0 0 4
1 0 0 4
1 0 0 4
1 0 0 4
1 0 0 4
1 0 0 4
1 0 0 4
1 0 0 4
1 0 0 4
1 0 0 4
1 0 0 2
1 0 0 5
1 0 0 5
1 0 0 5
1 0 0 5
1 0 0 5
1 0 0 5
1 0 0 5
1 0 0 5
1 0 0 5
1 0 0 5
1 0 0 6
1 0 0 6
1 0 0 6
1 0 0 6
1 0 0 7
1 0 0 7
1 0 0 7
1 0 0 7
1 0 0 7
1 0 0 7
1 0 0 7
1 0 0 7
1 0 0 7
1 0 0 7
1 0 0 6
1 0 0 8
1 0 0 8
1 0 0 8
1 0 0 8
1 0 0 8
1 0 0 8
1 0 0 8
1 0 0 8
1 0 0 8
1 0 0 8
1 0 0 6
1 0 0 6
1 0 0 9
1 0 0 9
1 0 0 9
1 0 0 9
1 0 0 9
1 0 0 9
1 0 0 9
1 0 0 9
1 0 0 9
1 0 0 9
1 0 0 10
1 0 0 10
1 0 0 10
1 0 0 10
1 0 0 10
1 0 0 10
1 0 0 10
1 0 0 10
1 0 0 10
1 0 0 10
1 0 0 6
1 0 0 6
1 0 0 6
1 0 0 1
1 0 0 11
1 0 0 11
1 0 0 11
1 0 0 11
1 0 0 11
1 0 0 11
1 0 0 11
1 0 0 11
1 0 0 11
1 0 0 12
1 0 0 12
1 0 0 12
1 0 0 12
1 0 0 12
1 0 0 12
1 0 0 12
1 0 0 12
1 0 0 12
1 0 0 12
1 0 0 13
1 0 0 13
1 0 0 13
1 0 0 13
1 0 0 13
1 0 0 13
1 0 0 13
1 0 0 13
1 0 0 14
1 0 0 14
1 0 0 14
1 0 0 14
1 0 0 14
1 0 0 14
1 0 0 14
1 0 0 14
1 0 0 14
1 0 0 14
1 0 0 15
1 0 0 15
1 0 0 15
1 0 0 15
1 0 0 15
1 0 0 15
1 0 0 15
1 0 0 15
1 0 0 15
1 0 0 15
1 0 0 13
1 0 0 13
1 0 0 11
1 0 0 16
1 0 0 16
1 0 0 16
1 0 0 16
1 0 0 16
1 0 0 17
1 0 0 17
1 0 0 17
1 0 0 17
1 0 0 17
1 0 0 17
1 0 0 17
1 0 0 16
1 0 0 16
1 0 0 16
1 0 0 18
1 0 0 18
1 0 0 18
1 0 0 18
1 0 0 18
1 0 0 18
1 0 0 18
1 0 0 18
1 0 0 18
1 0 0 18
1 0 0 19
1 0 0 19
1 0 0 19
1 0 0 19
1 0 0 19
1 0 0 19
1 0 0 19
1 0 0 19
1 0 0 19
1 0 0 19
1 0 0 16
1 0 0 16
1 0 0 17
1 0 0 17
1 0 0 17
1 0 0 20
1 0 0 20
1 0 0 20
1 0 0 20
1 0 0 20
1 0 0 20
1 0 0 20
1 0 0 20
1 0 0 20
1 0 0 20
1 0 0 21
1 0 0 21
1 0 0 21
1 0 0 21
1 0 0 21
1 0 0 21
1 0 0 21
1 0 0 22
1 0 0 22
1 0 0 22
1 0 0 23
1 0 0 23
1 0 0 23
1 0 0 24
1 0 0 25
1 0 0 25
1 0 0 25
1 0 0 25
1 0 0 25
1 0 0 25
1 0 0 25
1 0 0 25
1 0 0 25
1 0 0 25
1 0 0 24
1 0 0 24
1 0 0 24
1 0 0 24
1 0 0 26
1 0 0 26
1 0 0 26
1 0 0 26
1 0 0 26
1 0 0 26
1 0 0 26
1 0 0 26
1 0 0 26
1 0 0 26
1 0 0 24
1 0 0 24
1 0 0 24
1 0 0 24
1 0 0 24
1 0 0 23
1 0 0 27
1 0 0 27
1 0 0 27
1 0 0 27
1 0 0 27
1 0 0 27
1 0 0 27
1 0 0 27
1 0 0 27
1 0 0 27
1 0 0 23
1 0 0 23
1 0 0 23
1 0 0 23
1 0 0 21
1 0 0 21
1 0 0 21
1 0 0 23
1 0 0 23
1 0 0 22
1 0 0 22
1 0 0 22
1 0 0 22
1 0 0 22
1 0 0 22
1 0 0 22
1 0 0 28
1 0 0 28
1 0 0 28
1 0 0 28
1 0 0 28
1 0 0 29
1 0 0 29
1 0 0 29
1 0 0 29
1 0 0 29
1 0 0 29
1 0 0 29
1 0 0 29
1 0 0 29
1 0 0 29
1 0 0 30
1 0 0 30
1 0 0 30
1 0 0 30
1 0 0 31
1 0 0 31
1 0 0 31
1 0 0 31
1 0 0 31
1 0 0 31
1 0 0 31
1 0 0 31
1 0 0 31
1 0 0 31
1 0 0 32
1 0 0 32
1 0 0 32
1 0 0 32
1 0 0 32
1 0 0 32
1 0 0 32
1 0 0 32
1 0 0 32
1 0 0 32
1 0 0 30
1 0 0 30
1 0 0 30
1 0 0 30
1 0 0 30
1 0 0 30
1 0 0 28
1 0 0 28
1 0 0 28
1 0 0 33
1 0 0 33
1 0 0 33
1 0 0 33
1 0 0 33
1 0 0 33
1 0 0 33
1 0 0 33
1 0 0 33
1 0 0 33
1 0 0 28
1 0 0 28
1 0 0 34
1 0 0 34
1 0 0 34
1 0 0 34
1 0 0 34
1 0 0 34
1 0 0 34
1 0 0 34
1 0 0 34
1 0 0 34
0.1 1 2 -1
0.1 5 6 -1
0.1 4 342 -1
0.1 3 343 -1
0.1 341 344 -1
0.1 8 9 -1
0.1 7 346 -1
0.1 345 347 -1
0.1 11 12 -1
0.1 10 349 -1
0.1 14 15 -1
0.1 16 17 -1
0.1 351 352 -1
0.1 353 18 -1
0.1 354 19 -1
0.1 20 21 -1
0.1 355 356 -1
0.1 357 22 -1
0.1 13 358 -1
0.1 359 23 -1
0.1 350 360 -1
0.1 24 25 -1
0.1 361 362 -1
0.1 31 32 -1
0.1 30 364 -1
0.1 365 33 -1
0.1 29 366 -1
0.1 34 35 -1
0.1 36 37 -1
0.1 368 369 -1
0.1 370 38 -1
0.1 367 371 -1
0.1 28 372 -1
0.1 373 39 -1
0.1 27 374 -1
0.1 26 375 -1
0.1 363 376 -1
0.1 43 44 -1
0.1 378 45 -1
0.1 42 379 -1
0.1 47 48 -1
0.1 46 381 -1
0.1 380 382 -1
0.1 383 49 -1
0.1 41 384 -1
0.1 40 385 -1
0.1 50 51 -1
0.1 387 52 -1
0.1 388 53 -1
0.1 386 389 -1
0.1 54 55 -1
0.1 56 57 -1
0.1 58 59 -1
0.1 393 60 -1
0.1 392 394 -1
0.1 61 62 -1
0.1 395 396 -1
0.1 397 63 -1
0.1 391 398 -1
0.1 65 66 -1
0.1 400 67 -1
0.1 68 69 -1
0.1 401 402 -1
0.1 70 71 -1
0.1 403 404 -1
0.1 72 73 -1
0.1 405 406 -1
0.1 407 74 -1
0.1 64 408 -1
0.1 409 75 -1
0.1 410 76 -1
0.1 399 411 -1
0.1 77 78 -1
0.1 80 81 -1
0.1 79 414 -1
0.1 413 415 -1
0.1 84 85 -1
0.1 417 86 -1
0.1 83 418 -1
0.1 82 419 -1
0.1 416 420 -1
0.1 412 421 -1
0.1 90 91 -1
0.1 89 423 -1
0.1 88 424 -1
0.1 95 96 -1
0.1 94 426 -1
0.1 93 427 -1
0.1 92 428 -1
0.1 425 429 -1
0.1 87 430 -1
0.1 422 431 -1
0.1 390 432 -1
0.1 377 433 -1
0.1 98 99 -1
0.1 97 435 -1
0.1 434 436 -1
0.1 348 437 -1
0.1 102 103 -1
0.1 105 106 -1
0.1 440 107 -1
0.1 441 108 -1
0.1 104 442 -1
0.1 110 111 -1
0.1 444 112 -1
0.1 113 114 -1
0.1 118 119 -1
0.1 117 447 -1
0.1 116 448 -1
0.1 115 449 -1
0.1 446 450 -1
0.1 445 451 -1
0.1 120 121 -1
0.1 124 125 -1
0.1 123 454 -1
0.1 455 126 -1
0.1 456 127 -1
0.1 122 457 -1
0.1 129 130 -1
0.1 459 131 -1
0.1 132 133 -1
0.1 460 461 -1
0.1 462 134 -1
0.1 135 136 -1
0.1 463 464 -1
0.1 465 137 -1
0.1 128 466 -1
0.1 140 141 -1
0.1 139 468 -1
0.1 138 469 -1
0.1 144 145 -1
0.1 146 147 -1
0.1 471 472 -1
0.1 143 473 -1
0.1 142 474 -1
0.1 470 475 -1
0.1 467 476 -1
0.1 458 477 -1
0.1 478 148 -1
0.1 453 479 -1
0.1 480 149 -1
0.1 452 481 -1
0.1 109 482 -1
0.1 443 483 -1
0.1 484 150 -1
0.1 439 485 -1
0.1 101 486 -1
0.1 153 154 -1
0.1 152 488 -1
0.1 489 155 -1
0.1 158 159 -1
0.1 161 162 -1
0.1 160 492 -1
0.1 491 493 -1
0.1 157 494 -1
0.1 156 495 -1
0.1 163 164 -1
0.1 497 165 -1
0.1 166 167 -1
0.1 171 172 -1
0.1 170 500 -1
0.1 173 174 -1
0.1 502 175 -1
0.1 501 503 -1
0.1 169 504 -1
0.1 168 505 -1
0.1 177 178 -1
0.1 176 507 -1
0.1 181 182 -1
0.1 180 509 -1
0.1 179 510 -1
0.1 508 511 -1
0.1 184 185 -1
0.1 183 513 -1
0.1 512 514 -1
0.1 506 515 -1
0.1 499 516 -1
0.1 498 517 -1
0.1 186 187 -1
0.1 519 188 -1
0.1 518 520 -1
0.1 496 521 -1
0.1 189 190 -1
0.1 522 523 -1
0.1 490 524 -1
0.1 151 525 -1
0.1 191 192 -1
0.1 193 194 -1
0.1 195 196 -1
0.1 529 197 -1
0.1 198 199 -1
0.1 530 531 -1
0.1 532 200 -1
0.1 528 533 -1
0.1 527 534 -1
0.1 202 203 -1
0.1 201 536 -1
0.1 537 204 -1
0.1 538 205 -1
0.1 539 206 -1
0.1 540 207 -1
0.1 541 208 -1
0.1 209 210 -1
0.1 542 543 -1
0.1 212 213 -1
0.1 211 545 -1
0.1 216 217 -1
0.1 218 219 -1
0.1 547 548 -1
0.1 215 549 -1
0.1 220 221 -1
0.1 222 223 -1
0.1 551 552 -1
0.1 550 553 -1
0.1 554 224 -1
0.1 214 555 -1
0.1 225 226 -1
0.1 227 228 -1
0.1 557 558 -1
0.1 229 230 -1
0.1 559 560 -1
0.1 231 232 -1
0.1 236 237 -1
0.1 235 563 -1
0.1 564 238 -1
0.1 234 565 -1
0.1 233 566 -1
0.1 562 567 -1
0.1 561 568 -1
0.1 239 240 -1
0.1 241 242 -1
0.1 570 571 -1
0.1 569 572 -1
0.1 573 243 -1
0.1 556 574 -1
0.1 546 575 -1
0.1 246 247 -1
0.1 248 249 -1
0.1 250 251 -1
0.1 578 579 -1
0.1 252 253 -1
0.1 581 254 -1
0.1 580 582 -1
0.1 577 583 -1
0.1 245 584 -1
0.1 585 255 -1
0.1 244 586 -1
0.1 257 258 -1
0.1 256 588 -1
0.1 587 589 -1
0.1 576 590 -1
0.1 259 260 -1
0.1 592 261 -1
0.1 591 593 -1
0.1 262 263 -1
0.1 594 595 -1
0.1 544 596 -1
0.1 265 266 -1
0.1 267 268 -1
0.1 269 270 -1
0.1 599 600 -1
0.1 598 601 -1
0.1 264 602 -1
0.1 597 603 -1
0.1 535 604 -1
0.1 526 605 -1
0.1 487 606 -1
0.1 100 607 -1
0.1 438 608 -1
0.1 272 273 -1
0.1 610 274 -1
0.1 271 611 -1
0.1 612 275 -1
0.1 277 278 -1
0.1 276 614 -1
0.1 280 281 -1
0.1 616 282 -1
0.1 617 283 -1
0.1 279 618 -1
0.1 615 619 -1
0.1 284 285 -1
0.1 287 288 -1
0.1 286 622 -1
0.1 292 293 -1
0.1 291 624 -1
0.1 290 625 -1
0.1 626 294 -1
0.1 296 297 -1
0.1 295 628 -1
0.1 629 298 -1
0.1 627 630 -1
0.1 300 301 -1
0.1 302 303 -1
0.1 633 304 -1
0.1 634 305 -1
0.1 632 635 -1
0.1 307 308 -1
0.1 306 637 -1
0.1 638 309 -1
0.1 636 639 -1
0.1 299 640 -1
0.1 631 641 -1
0.1 289 642 -1
0.1 623 643 -1
0.1 644 310 -1
0.1 311 312 -1
0.1 645 646 -1
0.1 314 315 -1
0.1 313 648 -1
0.1 647 649 -1
0.1 621 650 -1
0.1 620 651 -1
0.1 316 317 -1
0.1 653 318 -1
0.1 652 654 -1
0.1 613 655 -1
0.1 320 321 -1
0.1 657 322 -1
0.1 325 326 -1
0.1 327 328 -1
0.1 659 660 -1
0.1 324 661 -1
0.1 323 662 -1
0.1 658 663 -1
0.1 319 664 -1
0.1 656 665 -1
0.1 329 330 -1
0.1 666 667 -1
0.1 331 332 -1
0.1 334 335 -1
0.1 670 336 -1
0.1 339 340 -1
0.1 338 672 -1
0.1 337 673 -1
0.1 671 674 -1
0.1 333 675 -1
0.1 669 676 -1
0.1 668 677 -1
0.1 609 678 -1
