1 0 0 1
1 0 0 2
1 0 0 2
1 0 0 2
1 0 0 2
1 0 0 2
1 0 0 2
1 0 0 2
1 0 0 2
1 0 0 2
1 0 0 2
1 0 0 3
1 0 0 3
1 0 0 3
1 0 0 3
1 0 0 3
1 0 0 3
1 0 0 3
1 0 0 4
1 0 0 4
1 0 0 4
1 0 0 4
1 0 0 4
1 0 0 5
1 0 0 6
1 0 0 6
1 0 0 6
1 0 0 6
1 0 0 6
1 0 0 6
1 0 0 6
1 0 0 6
1 0 0 6
1 0 0 6
1 0 0 5
1 0 0 5
1 0 0 5
1 0 0 5
1 0 0 7
1 0 0 7
1 0 0 7
1 0 0 7
1 0 0 7
1 0 0 7
1 0 0 7
1 0 0 7
1 0 0 7
1 0 0 7
1 0 0 5
1 0 0 5
1 0 0 5
1 0 0 5
1 0 0 5
1 0 0 4
1 0 0 4
1 0 0 4
1 0 0 4
1 0 0 8
1 0 0 8
1 0 0 8
1 0 0 8
1 0 0 8
1 0 0 8
1 0 0 8
1 0 0 8
1 0 0 8
1 0 0 8
1 0 0 4
1 0 0 9
1 0 0 9
1 0 0 9
1 0 0 9
1 0 0 3
1 0 0 3
1 0 0 3
1 0 0 9
1 0 0 9
1 0 0 9
1 0 0 9
1 0 0 9
1 0 0 9
1 0 0 10
1 0 0 10
1 0 0 11
1 0 0 11
1 0 0 11
1 0 0 11
1 0 0 11
1 0 0 11
1 0 0 11
1 0 0 11
1 0 0 10
1 0 0 10
1 0 0 10
1 0 0 10
1 0 0 10
1 0 0 10
1 0 0 10
1 0 0 10
1 0 0 12
1 0 0 12
1 0 0 12
1 0 0 12
1 0 0 12
1 0 0 13
1 0 0 13
1 0 0 13
1 0 0 13
1 0 0 13
1 0 0 13
1 0 0 13
1 0 0 13
1 0 0 13
1 0 0 13
1 0 0 11
1 0 0 11
1 0 0 12
1 0 0 12
1 0 0 12
1 0 0 12
1 0 0 12
1 0 0 14
1 0 0 14
1 0 0 14
1 0 0 14
1 0 0 15
1 0 0 15
1 0 0 15
1 0 0 15
1 0 0 15
1 0 0 15
1 0 0 15
1 0 0 15
1 0 0 15
1 0 0 15
1 0 0 14
1 0 0 14
1 0 0 14
1 0 0 16
1 0 0 16
1 0 0 16
1 0 0 16
1 0 0 16
1 0 0 16
1 0 0 16
1 0 0 16
1 0 0 16
1 0 0 16
1 0 0 17
1 0 0 17
1 0 0 17
1 0 0 17
1 0 0 17
1 0 0 17
1 0 0 17
1 0 0 17
1 0 0 17
1 0 0 17
1 0 0 18
1 0 0 18
1 0 0 18
1 0 0 18
1 0 0 18
1 0 0 18
1 0 0 18
1 0 0 18
1 0 0 18
1 0 0 18
1 0 0 14
1 0 0 14
1 0 0 19
1 0 0 19
1 0 0 19
1 0 0 19
1 0 0 19
1 0 0 19
1 0 0 19
1 0 0 19
1 0 0 19
1 0 0 19
1 0 0 14
1 0 0 20
1 0 0 21
1 0 0 21
1 0 0 21
1 0 0 21
1 0 0 21
1 0 0 21
1 0 0 21
1 0 0 21
1 0 0 21
1 0 0 21
1 0 0 20
1 0 0 20
1 0 0 20
1 0 0 20
1 0 0 20
1 0 0 20
1 0 0 20
1 0 0 20
1 0 0 22
1 0 0 22
1 0 0 22
1 0 0 20
1 0 0 22
1 0 0 22
1 0 0 22
1 0 0 22
1 0 0 22
1 0 0 22
1 0 0 22
1 0 0 23
1 0 0 23
1 0 0 23
1 0 0 23
1 0 0 23
1 0 0 23
1 0 0 23
1 0 0 23
1 0 0 23
1 0 0 23
1 0 0 1
1 0 0 1
1 0 0 1
1 0 0 1
1 0 0 1
1 0 0 1
1 0 0 24
1 0 0 24
1 0 0 24
1 0 0 24
1 0 0 24
1 0 0 24
1 0 0 24
1 0 0 24
1 0 0 24
1 0 0 24
1 0 0 25
1 0 0 25
1 0 0 25
1 0 0 25
1 0 0 25
1 0 0 25
1 0 0 25
1 0 0 25
1 0 0 25
1 0 0 26
1 0 0 26
1 0 0 26
1 0 0 26
1 0 0 26
1 0 0 26
1 0 0 26
1 0 0 26
1 0 0 26
1 0 0 26
1 0 0 25
1 0 0 27
1 0 0 27
1 0 0 27
1 0 0 27
1 0 0 27
1 0 0 27
1 0 0 27
1 0 0 27
1 0 0 27
1 0 0 27
1 0 0 1
1 0 0 1
1 0 0 1
1 0 0 28
1 0 0 28
1 0 0 28
1 0 0 28
1 0 0 28
1 0 0 29
1 0 0 29
1 0 0 29
1 0 0 29
1 0 0 29
1 0 0 29
1 0 0 29
1 0 0 30
1 0 0 30
1 0 0 30
1 0 0 30
1 0 0 30
1 0 0 30
1 0 0 30
1 0 0 30
1 0 0 30
1 0 0 30
1 0 0 31
1 0 0 31
1 0 0 31
1 0 0 31
1 0 0 31
1 0 0 31
1 0 0 31
1 0 0 31
1 0 0 31
1 0 0 31
1 0 0 29
1 0 0 29
1 0 0 29
1 0 0 28
1 0 0 28
1 0 0 28
1 0 0 28
1 0 0 28
1 0 0 32
1 0 0 32
1 0 0 32
1 0 0 32
1 0 0 32
1 0 0 32
1 0 0 32
1 0 0 32
1 0 0 32
1 0 0 32
1 0 0 33
1 0 0 33
1 0 0 33
1 0 0 33
1 0 0 33
1 0 0 33
1 0 0 33
1 0 0 33
1 0 0 33
1 0 0 33
1 0 0 34
1 0 0 34
1 0 0 34
1 0 0 34
1 0 0 34
1 0 0 34
1 0 0 34
1 0 0 34
1 0 0 34
1 0 0 34
0.1 4 5 -1
0.1 3 341 -1
0.1 6 7 -1
0.1 342 343 -1
0.1 2 344 -1
0.1 8 9 -1
0.1 345 346 -1
0.1 10 11 -1
0.1 13 14 -1
0.1 12 349 -1
0.1 15 16 -1
0.1 17 18 -1
0.1 351 352 -1
0.1 350 353 -1
0.1 20 21 -1
0.1 19 355 -1
0.1 22 23 -1
0.1 356 357 -1
0.1 25 26 -1
0.1 29 30 -1
0.1 31 32 -1
0.1 360 361 -1
0.1 28 362 -1
0.1 363 33 -1
0.1 27 364 -1
0.1 365 34 -1
0.1 359 366 -1
0.1 24 367 -1
0.1 35 36 -1
0.1 37 38 -1
0.1 369 370 -1
0.1 39 40 -1
0.1 41 42 -1
0.1 43 44 -1
0.1 374 45 -1
0.1 375 46 -1
0.1 376 47 -1
0.1 377 48 -1
0.1 373 378 -1
0.1 372 379 -1
0.1 371 380 -1
0.1 368 381 -1
0.1 51 52 -1
0.1 50 383 -1
0.1 49 384 -1
0.1 385 53 -1
0.1 382 386 -1
0.1 358 387 -1
0.1 54 55 -1
0.1 59 60 -1
0.1 63 64 -1
0.1 62 391 -1
0.1 392 65 -1
0.1 61 393 -1
0.1 66 67 -1
0.1 394 395 -1
0.1 390 396 -1
0.1 58 397 -1
0.1 57 398 -1
0.1 56 399 -1
0.1 400 68 -1
0.1 389 401 -1
0.1 388 402 -1
0.1 70 71 -1
0.1 404 72 -1
0.1 69 405 -1
0.1 403 406 -1
0.1 354 407 -1
0.1 73 74 -1
0.1 409 75 -1
0.1 408 410 -1
0.1 348 411 -1
0.1 347 412 -1
0.1 1 413 -1
0.1 76 77 -1
0.1 78 79 -1
0.1 416 80 -1
0.1 415 417 -1
0.1 418 81 -1
0.1 82 83 -1
0.1 85 86 -1
0.1 84 421 -1
0.1 89 90 -1
0.1 88 423 -1
0.1 87 424 -1
0.1 422 425 -1
0.1 426 91 -1
0.1 92 93 -1
0.1 96 97 -1
0.1 95 429 -1
0.1 94 430 -1
0.1 428 431 -1
0.1 98 99 -1
0.1 432 433 -1
0.1 427 434 -1
0.1 420 435 -1
0.1 100 101 -1
0.1 437 102 -1
0.1 103 104 -1
0.1 106 107 -1
0.1 105 440 -1
0.1 109 110 -1
0.1 112 113 -1
0.1 111 443 -1
0.1 442 444 -1
0.1 445 114 -1
0.1 108 446 -1
0.1 441 447 -1
0.1 439 448 -1
0.1 438 449 -1
0.1 115 116 -1
0.1 450 451 -1
0.1 436 452 -1
0.1 118 119 -1
0.1 454 120 -1
0.1 117 455 -1
0.1 453 456 -1
0.1 457 121 -1
0.1 123 124 -1
0.1 122 459 -1
0.1 129 130 -1
0.1 128 461 -1
0.1 132 133 -1
0.1 131 463 -1
0.1 134 135 -1
0.1 464 465 -1
0.1 462 466 -1
0.1 127 467 -1
0.1 126 468 -1
0.1 469 136 -1
0.1 125 470 -1
0.1 137 138 -1
0.1 471 472 -1
0.1 140 141 -1
0.1 139 474 -1
0.1 144 145 -1
0.1 143 476 -1
0.1 142 477 -1
0.1 478 146 -1
0.1 475 479 -1
0.1 147 148 -1
0.1 151 152 -1
0.1 150 482 -1
0.1 149 483 -1
0.1 157 158 -1
0.1 156 485 -1
0.1 155 486 -1
0.1 154 487 -1
0.1 153 488 -1
0.1 484 489 -1
0.1 481 490 -1
0.1 480 491 -1
0.1 159 160 -1
0.1 493 161 -1
0.1 494 162 -1
0.1 163 164 -1
0.1 495 496 -1
0.1 167 168 -1
0.1 166 498 -1
0.1 165 499 -1
0.1 497 500 -1
0.1 171 172 -1
0.1 502 173 -1
0.1 174 175 -1
0.1 503 504 -1
0.1 176 177 -1
0.1 178 179 -1
0.1 506 507 -1
0.1 508 180 -1
0.1 505 509 -1
0.1 170 510 -1
0.1 169 511 -1
0.1 512 181 -1
0.1 501 513 -1
0.1 492 514 -1
0.1 185 186 -1
0.1 184 516 -1
0.1 183 517 -1
0.1 188 189 -1
0.1 190 191 -1
0.1 519 520 -1
0.1 521 192 -1
0.1 187 522 -1
0.1 518 523 -1
0.1 182 524 -1
0.1 194 195 -1
0.1 193 526 -1
0.1 525 527 -1
0.1 196 197 -1
0.1 528 529 -1
0.1 198 199 -1
0.1 531 200 -1
0.1 530 532 -1
0.1 202 203 -1
0.1 204 205 -1
0.1 206 207 -1
0.1 208 209 -1
0.1 536 537 -1
0.1 535 538 -1
0.1 539 210 -1
0.1 534 540 -1
0.1 541 211 -1
0.1 201 542 -1
0.1 533 543 -1
0.1 515 544 -1
0.1 473 545 -1
0.1 460 546 -1
0.1 458 547 -1
0.1 419 548 -1
0.1 212 213 -1
0.1 550 214 -1
0.1 216 217 -1
0.1 215 552 -1
0.1 220 221 -1
0.1 219 554 -1
0.1 218 555 -1
0.1 553 556 -1
0.1 551 557 -1
0.1 223 224 -1
0.1 559 225 -1
0.1 560 226 -1
0.1 561 227 -1
0.1 222 562 -1
0.1 229 230 -1
0.1 232 233 -1
0.1 231 565 -1
0.1 566 234 -1
0.1 564 567 -1
0.1 228 568 -1
0.1 235 236 -1
0.1 570 237 -1
0.1 569 571 -1
0.1 239 240 -1
0.1 238 573 -1
0.1 243 244 -1
0.1 575 245 -1
0.1 576 246 -1
0.1 242 577 -1
0.1 241 578 -1
0.1 247 248 -1
0.1 250 251 -1
0.1 249 581 -1
0.1 252 253 -1
0.1 583 254 -1
0.1 584 255 -1
0.1 582 585 -1
0.1 580 586 -1
0.1 587 256 -1
0.1 260 261 -1
0.1 259 589 -1
0.1 258 590 -1
0.1 263 264 -1
0.1 262 592 -1
0.1 266 267 -1
0.1 265 594 -1
0.1 593 595 -1
0.1 591 596 -1
0.1 257 597 -1
0.1 588 598 -1
0.1 579 599 -1
0.1 574 600 -1
0.1 572 601 -1
0.1 602 268 -1
0.1 563 603 -1
0.1 269 270 -1
0.1 604 605 -1
0.1 558 606 -1
0.1 549 607 -1
0.1 414 608 -1
0.1 271 272 -1
0.1 610 273 -1
0.1 274 275 -1
0.1 277 278 -1
0.1 613 279 -1
0.1 280 281 -1
0.1 614 615 -1
0.1 276 616 -1
0.1 283 284 -1
0.1 285 286 -1
0.1 290 291 -1
0.1 289 620 -1
0.1 288 621 -1
0.1 287 622 -1
0.1 619 623 -1
0.1 618 624 -1
0.1 294 295 -1
0.1 293 626 -1
0.1 627 296 -1
0.1 297 298 -1
0.1 628 629 -1
0.1 301 302 -1
0.1 300 631 -1
0.1 299 632 -1
0.1 630 633 -1
0.1 292 634 -1
0.1 625 635 -1
0.1 282 636 -1
0.1 303 304 -1
0.1 638 305 -1
0.1 637 639 -1
0.1 617 640 -1
0.1 612 641 -1
0.1 307 308 -1
0.1 643 309 -1
0.1 306 644 -1
0.1 645 310 -1
0.1 642 646 -1
0.1 611 647 -1
0.1 312 313 -1
0.1 311 649 -1
0.1 315 316 -1
0.1 651 317 -1
0.1 314 652 -1
0.1 653 318 -1
0.1 650 654 -1
0.1 648 655 -1
0.1 319 320 -1
0.1 656 657 -1
0.1 324 325 -1
0.1 327 328 -1
0.1 326 660 -1
0.1 329 330 -1
0.1 661 662 -1
0.1 659 663 -1
0.1 323 664 -1
0.1 322 665 -1
0.1 321 666 -1
0.1 658 667 -1
0.1 331 332 -1
0.1 334 335 -1
0.1 333 670 -1
0.1 337 338 -1
0.1 672 339 -1
0.1 336 673 -1
0.1 674 340 -1
0.1 671 675 -1
0.1 669 676 -1
0.1 668 677 -1
0.1 609 678 -1
