1 0 0 1
1 0 0 1
1 0 0 2
1 0 0 2
1 0 0 2
1 0 0 2
1 0 0 2
1 0 0 1
1 0 0 3
1 0 0 3
1 0 0 3
1 0 0 3
1 0 0 3
1 0 0 4
1 0 0 4
1 0 0 4
1 0 0 4
1 0 0 4
1 0 0 5
1 0 0 5
1 0 0 5
1 0 0 5
1 0 0 5
1 0 0 6
1 0 0 6
1 0 0 6
1 0 0 6
1 0 0 6
1 0 0 1
1 0 0 7
1 0 0 7
1 0 0 7
1 0 0 7
1 0 0 7
1 0 0 8
1 0 0 8
1 0 0 8
1 0 0 8
1 0 0 8
1 0 0 9
1 0 0 9
1 0 0 9
1 0 0 9
1 0 0 9
1 0 0 1
1 0 0 10
1 0 0 11
1 0 0 11
1 0 0 12
1 0 0 12
1 0 0 12
1 0 0 12
1 0 0 12
1 0 0 11
1 0 0 11
1 0 0 11
1 0 0 13
1 0 0 13
1 0 0 13
1 0 0 13
1 0 0 13
1 0 0 10
1 0 0 10
1 0 0 10
1 0 0 10
1 0 0 14
1 0 0 14
1 0 0 15
1 0 0 16
1 0 0 16
1 0 0 16
1 0 0 16
1 0 0 16
1 0 0 15
1 0 0 15
1 0 0 15
1 0 0 17
1 0 0 17
1 0 0 17
1 0 0 17
1 0 0 17
1 0 0 18
1 0 0 18
1 0 0 18
1 0 0 18
1 0 0 18
1 0 0 19
1 0 0 19
1 0 0 19
1 0 0 19
1 0 0 19
1 0 0 15
1 0 0 14
1 0 0 14
1 0 0 14
1 0 0 20
1 0 0 21
1 0 0 21
1 0 0 21
1 0 0 21
1 0 0 21
1 0 0 20
1 0 0 20
1 0 0 20
1 0 0 20
1 0 0 22
1 0 0 22
1 0 0 22
1 0 0 22
1 0 0 22
0.1 1 2 -1
0.1 3 4 -1
0.1 6 7 -1
0.1 5 113 -1
0.1 112 114 -1
0.1 111 115 -1
0.1 9 10 -1
0.1 11 12 -1
0.1 118 13 -1
0.1 117 119 -1
0.1 14 15 -1
0.1 121 16 -1
0.1 20 21 -1
0.1 22 23 -1
0.1 123 124 -1
0.1 19 125 -1
0.1 18 126 -1
0.1 17 127 -1
0.1 122 128 -1
0.1 120 129 -1
0.1 8 130 -1
0.1 116 131 -1
0.1 24 25 -1
0.1 27 28 -1
0.1 26 134 -1
0.1 133 135 -1
0.1 31 32 -1
0.1 30 137 -1
0.1 33 34 -1
0.1 138 139 -1
0.1 38 39 -1
0.1 37 141 -1
0.1 36 142 -1
0.1 35 143 -1
0.1 40 41 -1
0.1 145 42 -1
0.1 43 44 -1
0.1 146 147 -1
0.1 144 148 -1
0.1 140 149 -1
0.1 29 150 -1
0.1 136 151 -1
0.1 152 45 -1
0.1 132 153 -1
0.1 49 50 -1
0.1 52 53 -1
0.1 51 156 -1
0.1 155 157 -1
0.1 48 158 -1
0.1 159 54 -1
0.1 55 56 -1
0.1 160 161 -1
0.1 58 59 -1
0.1 57 163 -1
0.1 164 60 -1
0.1 165 61 -1
0.1 162 166 -1
0.1 47 167 -1
0.1 46 168 -1
0.1 62 63 -1
0.1 64 65 -1
0.1 170 171 -1
0.1 169 172 -1
0.1 154 173 -1
0.1 66 67 -1
0.1 70 71 -1
0.1 69 176 -1
0.1 72 73 -1
0.1 177 178 -1
0.1 75 76 -1
0.1 74 180 -1
0.1 179 181 -1
0.1 77 78 -1
0.1 183 79 -1
0.1 80 81 -1
0.1 184 185 -1
0.1 82 83 -1
0.1 85 86 -1
0.1 90 91 -1
0.1 89 189 -1
0.1 88 190 -1
0.1 87 191 -1
0.1 188 192 -1
0.1 84 193 -1
0.1 187 194 -1
0.1 186 195 -1
0.1 182 196 -1
0.1 197 92 -1
0.1 68 198 -1
0.1 199 93 -1
0.1 94 95 -1
0.1 200 201 -1
0.1 99 100 -1
0.1 203 101 -1
0.1 98 204 -1
0.1 97 205 -1
0.1 102 103 -1
0.1 206 207 -1
0.1 96 208 -1
0.1 104 105 -1
0.1 209 210 -1
0.1 106 107 -1
0.1 109 110 -1
0.1 108 213 -1
0.1 212 214 -1
0.1 211 215 -1
0.1 202 216 -1
0.1 175 217 -1
0.1 174 218 -1
