1 0 0 1
1 0 0 2
1 0 0 2
1 0 0 2
1 0 0 2
1 0 0 2
1 0 0 2
1 0 0 2
1 0 0 2
1 0 0 2
1 0 0 2
1 0 0 2
1 0 0 2
1 0 0 1
1 0 0 1
1 0 0 1
1 0 0 1
1 0 0 1
1 0 0 1
1 0 0 1
1 0 0 1
1 0 0 1
1 0 0 3
1 0 0 3
1 0 0 4
1 0 0 4
1 0 0 4
1 0 0 4
1 0 0 4
1 0 0 4
1 0 0 4
1 0 0 4
1 0 0 4
1 0 0 4
1 0 0 4
1 0 0 4
1 0 0 3
1 0 0 3
1 0 0 3
1 0 0 3
1 0 0 3
1 0 0 3
1 0 0 3
1 0 0 3
1 0 0 3
1 0 0 3
1 0 0 3
1 0 0 3
1 0 0 3
1 0 0 3
1 0 0 3
1 0 0 3
1 0 0 3
1 0 0 2
1 0 0 4
1 0 0 4
1 0 0 4
1 0 0 4
1 0 0 4
1 0 0 4
1 0 0 5
1 0 0 5
1 0 0 5
1 0 0 6
1 0 0 6
1 0 0 6
1 0 0 6
1 0 0 6
1 0 0 6
1 0 0 6
1 0 0 6
1 0 0 6
1 0 0 6
1 0 0 6
1 0 0 6
1 0 0 6
1 0 0 6
1 0 0 6
1 0 0 6
1 0 0 6
1 0 0 6
1 0 0 6
1 0 0 6
1 0 0 7
1 0 0 7
1 0 0 7
1 0 0 7
1 0 0 7
1 0 0 7
1 0 0 7
1 0 0 7
1 0 0 7
1 0 0 7
1 0 0 7
1 0 0 7
1 0 0 7
1 0 0 7
1 0 0 7
1 0 0 7
1 0 0 7
1 0 0 7
1 0 0 7
1 0 0 7
1 0 0 8
1 0 0 8
1 0 0 8
1 0 0 8
1 0 0 8
1 0 0 9
1 0 0 9
1 0 0 9
1 0 0 9
1 0 0 9
1 0 0 9
1 0 0 9
1 0 0 9
1 0 0 9
1 0 0 9
1 0 0 9
1 0 0 9
1 0 0 9
1 0 0 9
1 0 0 9
1 0 0 9
1 0 0 9
1 0 0 9
1 0 0 9
1 0 0 9
1 0 0 10
1 0 0 10
1 0 0 10
1 0 0 10
1 0 0 10
1 0 0 10
1 0 0 10
1 0 0 10
1 0 0 10
1 0 0 10
1 0 0 10
1 0 0 10
1 0 0 10
1 0 0 10
1 0 0 10
1 0 0 10
1 0 0 10
1 0 0 10
1 0 0 10
1 0 0 10
1 0 0 8
1 0 0 8
1 0 0 8
1 0 0 8
1 0 0 8
1 0 0 8
1 0 0 8
1 0 0 8
1 0 0 8
1 0 0 8
1 0 0 11
1 0 0 11
1 0 0 11
1 0 0 11
1 0 0 11
1 0 0 11
1 0 0 11
1 0 0 11
1 0 0 11
1 0 0 11
1 0 0 11
1 0 0 11
1 0 0 11
1 0 0 11
1 0 0 11
1 0 0 11
1 0 0 11
1 0 0 11
1 0 0 11
1 0 0 11
1 0 0 8
1 0 0 8
1 0 0 12
1 0 0 12
1 0 0 12
1 0 0 12
1 0 0 12
1 0 0 12
1 0 0 12
1 0 0 12
1 0 0 12
1 0 0 12
1 0 0 12
1 0 0 12
1 0 0 12
1 0 0 12
1 0 0 12
1 0 0 12
1 0 0 12
1 0 0 12
1 0 0 12
1 0 0 12
1 0 0 8
1 0 0 8
1 0 0 8
1 0 0 13
1 0 0 14
1 0 0 14
1 0 0 14
1 0 0 14
1 0 0 14
1 0 0 14
1 0 0 14
1 0 0 14
1 0 0 14
1 0 0 14
1 0 0 14
1 0 0 14
1 0 0 14
1 0 0 14
1 0 0 14
1 0 0 14
1 0 0 14
1 0 0 14
1 0 0 14
1 0 0 14
1 0 0 15
1 0 0 15
1 0 0 15
1 0 0 15
1 0 0 15
1 0 0 15
1 0 0 15
1 0 0 15
1 0 0 15
1 0 0 15
1 0 0 15
1 0 0 15
1 0 0 15
1 0 0 15
1 0 0 15
1 0 0 15
1 0 0 15
1 0 0 15
1 0 0 15
1 0 0 15
1 0 0 13
1 0 0 13
1 0 0 13
1 0 0 13
1 0 0 13
1 0 0 16
1 0 0 16
1 0 0 16
1 0 0 16
1 0 0 16
1 0 0 16
1 0 0 16
1 0 0 16
1 0 0 16
1 0 0 16
1 0 0 16
1 0 0 16
1 0 0 16
1 0 0 16
1 0 0 16
1 0 0 16
1 0 0 16
1 0 0 16
1 0 0 16
1 0 0 16
1 0 0 13
1 0 0 17
1 0 0 17
1 0 0 17
1 0 0 17
1 0 0 17
1 0 0 17
1 0 0 17
1 0 0 17
1 0 0 17
1 0 0 17
1 0 0 17
1 0 0 17
1 0 0 17
1 0 0 17
1 0 0 17
1 0 0 17
1 0 0 17
1 0 0 17
1 0 0 17
1 0 0 17
1 0 0 13
1 0 0 13
1 0 0 18
1 0 0 18
1 0 0 18
1 0 0 18
1 0 0 18
1 0 0 18
1 0 0 18
1 0 0 18
1 0 0 18
1 0 0 18
1 0 0 18
1 0 0 18
1 0 0 18
1 0 0 18
1 0 0 18
1 0 0 18
1 0 0 18
1 0 0 18
1 0 0 18
1 0 0 18
1 0 0 19
1 0 0 19
1 0 0 19
1 0 0 19
1 0 0 19
1 0 0 19
1 0 0 19
1 0 0 19
1 0 0 19
1 0 0 19
1 0 0 19
1 0 0 19
1 0 0 19
1 0 0 19
1 0 0 19
1 0 0 19
1 0 0 19
1 0 0 19
1 0 0 19
1 0 0 19
1 0 0 20
1 0 0 20
1 0 0 20
1 0 0 20
1 0 0 20
1 0 0 20
1 0 0 20
1 0 0 20
1 0 0 20
1 0 0 20
1 0 0 20
1 0 0 20
1 0 0 20
1 0 0 20
1 0 0 20
1 0 0 20
1 0 0 20
1 0 0 20
1 0 0 20
1 0 0 20
1 0 0 21
1 0 0 21
1 0 0 21
1 0 0 21
1 0 0 21
1 0 0 21
1 0 0 21
1 0 0 21
1 0 0 21
1 0 0 21
1 0 0 21
1 0 0 21
1 0 0 22
1 0 0 22
1 0 0 22
1 0 0 22
1 0 0 22
1 0 0 22
1 0 0 22
1 0 0 22
1 0 0 22
1 0 0 22
1 0 0 22
1 0 0 22
1 0 0 22
1 0 0 22
1 0 0 22
1 0 0 22
1 0 0 22
1 0 0 22
1 0 0 22
1 0 0 22
1 0 0 23
1 0 0 23
1 0 0 23
1 0 0 23
1 0 0 23
1 0 0 13
1 0 0 13
1 0 0 13
1 0 0 13
1 0 0 24
1 0 0 24
1 0 0 24
1 0 0 24
1 0 0 24
1 0 0 24
1 0 0 24
1 0 0 24
1 0 0 24
1 0 0 24
1 0 0 24
1 0 0 24
1 0 0 24
1 0 0 24
1 0 0 24
1 0 0 24
1 0 0 24
1 0 0 24
1 0 0 24
1 0 0 24
1 0 0 13
1 0 0 13
1 0 0 13
1 0 0 13
1 0 0 13
1 0 0 13
1 0 0 13
1 0 0 25
1 0 0 25
1 0 0 26
1 0 0 26
1 0 0 26
1 0 0 26
1 0 0 26
1 0 0 26
1 0 0 26
1 0 0 26
1 0 0 26
1 0 0 4
1 0 0 4
1 0 0 2
1 0 0 2
1 0 0 2
1 0 0 2
1 0 0 25
1 0 0 25
1 0 0 25
1 0 0 25
1 0 0 5
1 0 0 5
1 0 0 27
1 0 0 27
1 0 0 27
1 0 0 27
1 0 0 27
1 0 0 27
1 0 0 27
1 0 0 27
1 0 0 27
1 0 0 27
1 0 0 27
1 0 0 27
1 0 0 27
1 0 0 27
1 0 0 27
1 0 0 27
1 0 0 27
1 0 0 27
1 0 0 27
1 0 0 27
1 0 0 5
1 0 0 5
1 0 0 5
1 0 0 5
1 0 0 5
1 0 0 28
1 0 0 28
1 0 0 28
1 0 0 28
1 0 0 28
1 0 0 28
1 0 0 28
1 0 0 28
1 0 0 28
1 0 0 28
1 0 0 28
1 0 0 28
1 0 0 28
1 0 0 28
1 0 0 28
1 0 0 28
1 0 0 28
1 0 0 28
1 0 0 28
1 0 0 28
1 0 0 5
1 0 0 29
1 0 0 29
1 0 0 29
1 0 0 29
1 0 0 29
1 0 0 29
1 0 0 29
1 0 0 29
1 0 0 29
1 0 0 29
1 0 0 29
1 0 0 29
1 0 0 29
1 0 0 29
1 0 0 29
1 0 0 29
1 0 0 29
1 0 0 29
1 0 0 29
1 0 0 29
1 0 0 30
1 0 0 30
1 0 0 30
1 0 0 31
1 0 0 31
1 0 0 31
1 0 0 31
1 0 0 31
1 0 0 31
1 0 0 31
1 0 0 31
1 0 0 31
1 0 0 31
1 0 0 31
1 0 0 31
1 0 0 31
1 0 0 31
1 0 0 31
1 0 0 31
1 0 0 31
1 0 0 31
1 0 0 31
1 0 0 31
1 0 0 30
1 0 0 30
1 0 0 30
1 0 0 30
1 0 0 30
1 0 0 30
1 0 0 30
1 0 0 30
1 0 0 30
1 0 0 30
1 0 0 30
1 0 0 30
1 0 0 30
1 0 0 30
1 0 0 30
1 0 0 30
1 0 0 30
1 0 0 5
1 0 0 5
1 0 0 25
1 0 0 25
1 0 0 32
1 0 0 32
1 0 0 32
1 0 0 32
1 0 0 32
1 0 0 32
1 0 0 32
1 0 0 32
1 0 0 26
1 0 0 26
1 0 0 26
1 0 0 26
1 0 0 26
1 0 0 26
1 0 0 26
1 0 0 26
1 0 0 26
1 0 0 1
1 0 0 1
1 0 0 1
1 0 0 33
1 0 0 33
1 0 0 33
1 0 0 33
1 0 0 25
1 0 0 25
1 0 0 25
1 0 0 25
1 0 0 25
1 0 0 25
1 0 0 25
1 0 0 21
1 0 0 5
1 0 0 5
1 0 0 34
1 0 0 34
1 0 0 34
1 0 0 34
1 0 0 34
1 0 0 34
1 0 0 34
1 0 0 34
1 0 0 34
1 0 0 34
1 0 0 34
1 0 0 34
1 0 0 34
1 0 0 34
1 0 0 34
1 0 0 34
1 0 0 34
1 0 0 34
1 0 0 34
1 0 0 34
1 0 0 5
1 0 0 5
1 0 0 35
1 0 0 35
1 0 0 35
1 0 0 35
1 0 0 35
1 0 0 35
1 0 0 35
1 0 0 35
1 0 0 35
1 0 0 35
1 0 0 35
1 0 0 35
1 0 0 35
1 0 0 35
1 0 0 35
1 0 0 35
1 0 0 35
1 0 0 35
1 0 0 35
1 0 0 35
1 0 0 5
1 0 0 5
1 0 0 5
1 0 0 25
1 0 0 25
1 0 0 25
1 0 0 25
1 0 0 25
1 0 0 23
1 0 0 23
1 0 0 23
1 0 0 23
1 0 0 23
1 0 0 23
1 0 0 32
1 0 0 32
1 0 0 32
1 0 0 32
1 0 0 32
1 0 0 32
1 0 0 32
1 0 0 32
1 0 0 32
1 0 0 32
1 0 0 36
1 0 0 36
1 0 0 36
1 0 0 36
1 0 0 36
1 0 0 36
1 0 0 36
1 0 0 36
1 0 0 36
1 0 0 36
1 0 0 23
1 0 0 23
1 0 0 23
1 0 0 23
1 0 0 23
1 0 0 23
1 0 0 23
1 0 0 23
1 0 0 23
1 0 0 37
1 0 0 37
1 0 0 37
1 0 0 37
1 0 0 37
1 0 0 37
1 0 0 37
1 0 0 37
1 0 0 37
1 0 0 37
1 0 0 37
1 0 0 37
1 0 0 37
1 0 0 37
1 0 0 37
1 0 0 37
1 0 0 37
1 0 0 37
1 0 0 37
1 0 0 37
1 0 0 32
1 0 0 32
1 0 0 36
1 0 0 33
1 0 0 33
1 0 0 33
1 0 0 33
1 0 0 33
1 0 0 33
1 0 0 33
1 0 0 33
1 0 0 33
1 0 0 33
1 0 0 33
1 0 0 33
1 0 0 33
1 0 0 33
1 0 0 33
1 0 0 33
1 0 0 1
1 0 0 38
1 0 0 38
1 0 0 38
1 0 0 38
1 0 0 38
1 0 0 38
1 0 0 38
1 0 0 38
1 0 0 38
1 0 0 38
1 0 0 38
1 0 0 38
1 0 0 38
1 0 0 38
1 0 0 38
1 0 0 38
1 0 0 38
1 0 0 38
1 0 0 38
1 0 0 38
1 0 0 21
1 0 0 21
1 0 0 21
1 0 0 21
1 0 0 21
1 0 0 21
1 0 0 21
1 0 0 2
1 0 0 2
1 0 0 2
1 0 0 39
1 0 0 39
1 0 0 39
1 0 0 39
1 0 0 39
1 0 0 39
1 0 0 39
1 0 0 39
1 0 0 39
1 0 0 39
1 0 0 39
1 0 0 39
1 0 0 3
1 0 0 39
1 0 0 39
1 0 0 39
1 0 0 39
1 0 0 39
1 0 0 39
1 0 0 26
1 0 0 26
1 0 0 36
1 0 0 36
1 0 0 36
1 0 0 36
1 0 0 36
1 0 0 36
1 0 0 36
1 0 0 36
1 0 0 36
1 0 0 40
1 0 0 40
1 0 0 40
1 0 0 40
1 0 0 40
1 0 0 40
1 0 0 40
1 0 0 40
1 0 0 40
1 0 0 40
1 0 0 40
1 0 0 40
1 0 0 40
1 0 0 40
1 0 0 40
1 0 0 40
1 0 0 40
1 0 0 40
1 0 0 40
1 0 0 40
1 0 0 39
1 0 0 39
1 0 0 1
1 0 0 1
1 0 0 1
1 0 0 1
1 0 0 1
1 0 0 1
0.1 3 4 -1
0.1 801 5 -1
0.1 2 802 -1
0.1 6 7 -1
0.1 803 804 -1
0.1 9 10 -1
0.1 11 12 -1
0.1 806 807 -1
0.1 8 808 -1
0.1 809 13 -1
0.1 805 810 -1
0.1 1 811 -1
0.1 14 15 -1
0.1 17 18 -1
0.1 16 814 -1
0.1 19 20 -1
0.1 815 816 -1
0.1 21 22 -1
0.1 817 818 -1
0.1 813 819 -1
0.1 812 820 -1
0.1 23 24 -1
0.1 27 28 -1
0.1 26 823 -1
0.1 25 824 -1
0.1 30 31 -1
0.1 33 34 -1
0.1 827 35 -1
0.1 32 828 -1
0.1 826 829 -1
0.1 29 830 -1
0.1 831 36 -1
0.1 825 832 -1
0.1 37 38 -1
0.1 39 40 -1
0.1 834 835 -1
0.1 41 42 -1
0.1 837 43 -1
0.1 836 838 -1
0.1 45 46 -1
0.1 44 840 -1
0.1 839 841 -1
0.1 47 48 -1
0.1 50 51 -1
0.1 49 844 -1
0.1 52 53 -1
0.1 845 846 -1
0.1 843 847 -1
0.1 842 848 -1
0.1 833 849 -1
0.1 850 54 -1
0.1 822 851 -1
0.1 59 60 -1
0.1 58 853 -1
0.1 57 854 -1
0.1 56 855 -1
0.1 55 856 -1
0.1 852 857 -1
0.1 821 858 -1
0.1 62 63 -1
0.1 61 860 -1
0.1 65 66 -1
0.1 64 862 -1
0.1 68 69 -1
0.1 67 864 -1
0.1 71 72 -1
0.1 70 866 -1
0.1 865 867 -1
0.1 73 74 -1
0.1 869 75 -1
0.1 78 79 -1
0.1 77 871 -1
0.1 76 872 -1
0.1 870 873 -1
0.1 868 874 -1
0.1 875 80 -1
0.1 81 82 -1
0.1 876 877 -1
0.1 878 83 -1
0.1 863 879 -1
0.1 84 85 -1
0.1 86 87 -1
0.1 881 882 -1
0.1 88 89 -1
0.1 91 92 -1
0.1 90 885 -1
0.1 886 93 -1
0.1 95 96 -1
0.1 94 888 -1
0.1 887 889 -1
0.1 97 98 -1
0.1 890 891 -1
0.1 884 892 -1
0.1 99 100 -1
0.1 894 101 -1
0.1 102 103 -1
0.1 895 896 -1
0.1 893 897 -1
0.1 883 898 -1
0.1 106 107 -1
0.1 105 900 -1
0.1 104 901 -1
0.1 109 110 -1
0.1 111 112 -1
0.1 113 114 -1
0.1 904 905 -1
0.1 903 906 -1
0.1 118 119 -1
0.1 117 908 -1
0.1 116 909 -1
0.1 910 120 -1
0.1 121 122 -1
0.1 911 912 -1
0.1 115 913 -1
0.1 907 914 -1
0.1 124 125 -1
0.1 123 916 -1
0.1 126 127 -1
0.1 918 128 -1
0.1 917 919 -1
0.1 915 920 -1
0.1 130 131 -1
0.1 132 133 -1
0.1 923 134 -1
0.1 922 924 -1
0.1 129 925 -1
0.1 135 136 -1
0.1 927 137 -1
0.1 926 928 -1
0.1 138 139 -1
0.1 141 142 -1
0.1 140 931 -1
0.1 930 932 -1
0.1 143 144 -1
0.1 934 145 -1
0.1 146 147 -1
0.1 936 148 -1
0.1 935 937 -1
0.1 933 938 -1
0.1 929 939 -1
0.1 921 940 -1
0.1 108 941 -1
0.1 150 151 -1
0.1 149 943 -1
0.1 942 944 -1
0.1 902 945 -1
0.1 152 153 -1
0.1 154 155 -1
0.1 947 948 -1
0.1 156 157 -1
0.1 950 158 -1
0.1 160 161 -1
0.1 159 952 -1
0.1 163 164 -1
0.1 166 167 -1
0.1 165 955 -1
0.1 954 956 -1
0.1 162 957 -1
0.1 168 169 -1
0.1 171 172 -1
0.1 173 174 -1
0.1 960 961 -1
0.1 170 962 -1
0.1 959 963 -1
0.1 958 964 -1
0.1 175 176 -1
0.1 177 178 -1
0.1 966 967 -1
0.1 965 968 -1
0.1 953 969 -1
0.1 951 970 -1
0.1 949 971 -1
0.1 179 180 -1
0.1 182 183 -1
0.1 181 974 -1
0.1 184 185 -1
0.1 186 187 -1
0.1 976 977 -1
0.1 975 978 -1
0.1 188 189 -1
0.1 191 192 -1
0.1 190 981 -1
0.1 980 982 -1
0.1 194 195 -1
0.1 193 984 -1
0.1 196 197 -1
0.1 985 986 -1
0.1 983 987 -1
0.1 198 199 -1
0.1 989 200 -1
0.1 988 990 -1
0.1 979 991 -1
0.1 973 992 -1
0.1 202 203 -1
0.1 201 994 -1
0.1 993 995 -1
0.1 972 996 -1
0.1 946 997 -1
0.1 899 998 -1
0.1 999 204 -1
0.1 880 1000 -1
0.1 205 206 -1
0.1 207 208 -1
0.1 1003 209 -1
0.1 210 211 -1
0.1 1004 1005 -1
0.1 1002 1006 -1
0.1 213 214 -1
0.1 212 1008 -1
0.1 215 216 -1
0.1 1009 1010 -1
0.1 217 218 -1
0.1 1011 1012 -1
0.1 1007 1013 -1
0.1 219 220 -1
0.1 222 223 -1
0.1 221 1016 -1
0.1 1015 1017 -1
0.1 1014 1018 -1
0.1 1019 224 -1
0.1 228 229 -1
0.1 230 231 -1
0.1 1021 1022 -1
0.1 227 1023 -1
0.1 226 1024 -1
0.1 232 233 -1
0.1 234 235 -1
0.1 237 238 -1
0.1 1028 239 -1
0.1 240 241 -1
0.1 1030 242 -1
0.1 1029 1031 -1
0.1 236 1032 -1
0.1 1027 1033 -1
0.1 1026 1034 -1
0.1 1025 1035 -1
0.1 225 1036 -1
0.1 243 244 -1
0.1 1037 1038 -1
0.1 1020 1039 -1
0.1 245 246 -1
0.1 1040 1041 -1
0.1 247 248 -1
0.1 1042 1043 -1
0.1 251 252 -1
0.1 1045 253 -1
0.1 250 1046 -1
0.1 254 255 -1
0.1 1047 1048 -1
0.1 256 257 -1
0.1 258 259 -1
0.1 260 261 -1
0.1 262 263 -1
0.1 1052 1053 -1
0.1 1051 1054 -1
0.1 1050 1055 -1
0.1 264 265 -1
0.1 266 267 -1
0.1 1057 1058 -1
0.1 268 269 -1
0.1 1059 1060 -1
0.1 1056 1061 -1
0.1 1049 1062 -1
0.1 249 1063 -1
0.1 1064 270 -1
0.1 1044 1065 -1
0.1 1001 1066 -1
0.1 272 273 -1
0.1 277 278 -1
0.1 276 1069 -1
0.1 275 1070 -1
0.1 274 1071 -1
0.1 279 280 -1
0.1 1072 1073 -1
0.1 1068 1074 -1
0.1 281 282 -1
0.1 284 285 -1
0.1 283 1077 -1
0.1 1076 1078 -1
0.1 1079 286 -1
0.1 1075 1080 -1
0.1 271 1081 -1
0.1 288 289 -1
0.1 1083 290 -1
0.1 287 1084 -1
0.1 1082 1085 -1
0.1 291 292 -1
0.1 1086 1087 -1
0.1 296 297 -1
0.1 295 1089 -1
0.1 294 1090 -1
0.1 298 299 -1
0.1 1091 1092 -1
0.1 293 1093 -1
0.1 303 304 -1
0.1 1095 305 -1
0.1 302 1096 -1
0.1 306 307 -1
0.1 1097 1098 -1
0.1 301 1099 -1
0.1 300 1100 -1
0.1 1094 1101 -1
0.1 309 310 -1
0.1 308 1103 -1
0.1 311 312 -1
0.1 1104 1105 -1
0.1 1102 1106 -1
0.1 1088 1107 -1
0.1 1067 1108 -1
0.1 314 315 -1
0.1 313 1110 -1
0.1 317 318 -1
0.1 1112 319 -1
0.1 321 322 -1
0.1 320 1114 -1
0.1 1113 1115 -1
0.1 1116 323 -1
0.1 316 1117 -1
0.1 1111 1118 -1
0.1 324 325 -1
0.1 326 327 -1
0.1 328 329 -1
0.1 331 332 -1
0.1 330 1123 -1
0.1 1122 1124 -1
0.1 1121 1125 -1
0.1 1120 1126 -1
0.1 1119 1127 -1
0.1 1109 1128 -1
0.1 861 1129 -1
0.1 336 337 -1
0.1 335 1131 -1
0.1 334 1132 -1
0.1 333 1133 -1
0.1 339 340 -1
0.1 343 344 -1
0.1 1136 345 -1
0.1 342 1137 -1
0.1 341 1138 -1
0.1 1135 1139 -1
0.1 346 347 -1
0.1 1140 1141 -1
0.1 348 349 -1
0.1 1143 350 -1
0.1 1142 1144 -1
0.1 351 352 -1
0.1 1145 1146 -1
0.1 338 1147 -1
0.1 1134 1148 -1
0.1 1130 1149 -1
0.1 859 1150 -1
0.1 353 354 -1
0.1 356 357 -1
0.1 1153 358 -1
0.1 1154 359 -1
0.1 355 1155 -1
0.1 1152 1156 -1
0.1 363 364 -1
0.1 362 1158 -1
0.1 361 1159 -1
0.1 360 1160 -1
0.1 1157 1161 -1
0.1 1151 1162 -1
0.1 365 366 -1
0.1 367 368 -1
0.1 1165 369 -1
0.1 1164 1166 -1
0.1 371 372 -1
0.1 373 374 -1
0.1 1168 1169 -1
0.1 375 376 -1
0.1 1170 1171 -1
0.1 370 1172 -1
0.1 377 378 -1
0.1 382 383 -1
0.1 381 1175 -1
0.1 380 1176 -1
0.1 1177 384 -1
0.1 379 1178 -1
0.1 1174 1179 -1
0.1 1173 1180 -1
0.1 1167 1181 -1
0.1 385 386 -1
0.1 387 388 -1
0.1 1184 389 -1
0.1 1183 1185 -1
0.1 390 391 -1
0.1 392 393 -1
0.1 394 395 -1
0.1 396 397 -1
0.1 1189 1190 -1
0.1 401 402 -1
0.1 400 1192 -1
0.1 399 1193 -1
0.1 398 1194 -1
0.1 404 405 -1
0.1 403 1196 -1
0.1 1195 1197 -1
0.1 1191 1198 -1
0.1 406 407 -1
0.1 409 410 -1
0.1 408 1201 -1
0.1 1202 411 -1
0.1 1203 412 -1
0.1 1200 1204 -1
0.1 1199 1205 -1
0.1 1206 413 -1
0.1 1188 1207 -1
0.1 414 415 -1
0.1 416 417 -1
0.1 1209 1210 -1
0.1 1208 1211 -1
0.1 1187 1212 -1
0.1 419 420 -1
0.1 418 1214 -1
0.1 1213 1215 -1
0.1 1216 421 -1
0.1 423 424 -1
0.1 425 426 -1
0.1 1218 1219 -1
0.1 427 428 -1
0.1 429 430 -1
0.1 1221 1222 -1
0.1 1220 1223 -1
0.1 1224 431 -1
0.1 422 1225 -1
0.1 1217 1226 -1
0.1 432 433 -1
0.1 435 436 -1
0.1 1229 437 -1
0.1 434 1230 -1
0.1 1228 1231 -1
0.1 438 439 -1
0.1 1232 1233 -1
0.1 440 441 -1
0.1 1234 1235 -1
0.1 444 445 -1
0.1 446 447 -1
0.1 451 452 -1
0.1 450 1239 -1
0.1 453 454 -1
0.1 1240 1241 -1
0.1 455 456 -1
0.1 1242 1243 -1
0.1 1244 457 -1
0.1 449 1245 -1
0.1 448 1246 -1
0.1 458 459 -1
0.1 462 463 -1
0.1 461 1249 -1
0.1 460 1250 -1
0.1 1248 1251 -1
0.1 1247 1252 -1
0.1 1238 1253 -1
0.1 1237 1254 -1
0.1 443 1255 -1
0.1 442 1256 -1
0.1 467 468 -1
0.1 471 472 -1
0.1 470 1259 -1
0.1 469 1260 -1
0.1 474 475 -1
0.1 473 1262 -1
0.1 478 479 -1
0.1 480 481 -1
0.1 1264 1265 -1
0.1 483 484 -1
0.1 482 1267 -1
0.1 1266 1268 -1
0.1 477 1269 -1
0.1 476 1270 -1
0.1 1263 1271 -1
0.1 487 488 -1
0.1 486 1273 -1
0.1 485 1274 -1
0.1 1272 1275 -1
0.1 1261 1276 -1
0.1 1258 1277 -1
0.1 466 1278 -1
0.1 465 1279 -1
0.1 491 492 -1
0.1 490 1281 -1
0.1 493 494 -1
0.1 495 496 -1
0.1 497 498 -1
0.1 1284 1285 -1
0.1 1283 1286 -1
0.1 1282 1287 -1
0.1 499 500 -1
0.1 1289 501 -1
0.1 503 504 -1
0.1 502 1291 -1
0.1 505 506 -1
0.1 1292 1293 -1
0.1 1290 1294 -1
0.1 1288 1295 -1
0.1 507 508 -1
0.1 1297 509 -1
0.1 1296 1298 -1
0.1 510 511 -1
0.1 1300 512 -1
0.1 515 516 -1
0.1 514 1302 -1
0.1 1303 517 -1
0.1 513 1304 -1
0.1 520 521 -1
0.1 519 1306 -1
0.1 523 524 -1
0.1 522 1308 -1
0.1 1307 1309 -1
0.1 518 1310 -1
0.1 1305 1311 -1
0.1 525 526 -1
0.1 1312 1313 -1
0.1 1314 527 -1
0.1 529 530 -1
0.1 528 1316 -1
0.1 531 532 -1
0.1 1317 1318 -1
0.1 1315 1319 -1
0.1 533 534 -1
0.1 536 537 -1
0.1 535 1322 -1
0.1 1321 1323 -1
0.1 1320 1324 -1
0.1 538 539 -1
0.1 540 541 -1
0.1 542 543 -1
0.1 1327 1328 -1
0.1 1326 1329 -1
0.1 545 546 -1
0.1 544 1331 -1
0.1 547 548 -1
0.1 1332 1333 -1
0.1 1334 549 -1
0.1 1330 1335 -1
0.1 1325 1336 -1
0.1 1301 1337 -1
0.1 1299 1338 -1
0.1 489 1339 -1
0.1 1280 1340 -1
0.1 464 1341 -1
0.1 1342 550 -1
0.1 1343 551 -1
0.1 1257 1344 -1
0.1 552 553 -1
0.1 554 555 -1
0.1 1347 556 -1
0.1 557 558 -1
0.1 1349 559 -1
0.1 560 561 -1
0.1 1350 1351 -1
0.1 1348 1352 -1
0.1 563 564 -1
0.1 562 1354 -1
0.1 565 566 -1
0.1 567 568 -1
0.1 1356 1357 -1
0.1 569 570 -1
0.1 1358 1359 -1
0.1 1355 1360 -1
0.1 572 573 -1
0.1 571 1362 -1
0.1 1361 1363 -1
0.1 575 576 -1
0.1 1365 577 -1
0.1 574 1366 -1
0.1 1364 1367 -1
0.1 1353 1368 -1
0.1 1346 1369 -1
0.1 1345 1370 -1
0.1 578 579 -1
0.1 580 581 -1
0.1 1372 1373 -1
0.1 582 583 -1
0.1 1375 584 -1
0.1 1374 1376 -1
0.1 1371 1377 -1
0.1 586 587 -1
0.1 589 590 -1
0.1 1380 591 -1
0.1 588 1381 -1
0.1 592 593 -1
0.1 1383 594 -1
0.1 595 596 -1
0.1 1384 1385 -1
0.1 1386 597 -1
0.1 598 599 -1
0.1 1387 1388 -1
0.1 602 603 -1
0.1 601 1390 -1
0.1 600 1391 -1
0.1 604 605 -1
0.1 606 607 -1
0.1 1393 1394 -1
0.1 1392 1395 -1
0.1 1389 1396 -1
0.1 1382 1397 -1
0.1 608 609 -1
0.1 610 611 -1
0.1 614 615 -1
0.1 613 1401 -1
0.1 617 618 -1
0.1 616 1403 -1
0.1 1402 1404 -1
0.1 612 1405 -1
0.1 1400 1406 -1
0.1 619 620 -1
0.1 1407 1408 -1
0.1 1409 621 -1
0.1 624 625 -1
0.1 623 1411 -1
0.1 1412 626 -1
0.1 622 1413 -1
0.1 627 628 -1
0.1 1415 629 -1
0.1 1414 1416 -1
0.1 1410 1417 -1
0.1 1399 1418 -1
0.1 1398 1419 -1
0.1 1379 1420 -1
0.1 631 632 -1
0.1 630 1422 -1
0.1 1421 1423 -1
0.1 585 1424 -1
0.1 1425 633 -1
0.1 1378 1426 -1
0.1 1236 1427 -1
0.1 636 637 -1
0.1 635 1429 -1
0.1 634 1430 -1
0.1 1428 1431 -1
0.1 1227 1432 -1
0.1 640 641 -1
0.1 639 1434 -1
0.1 642 643 -1
0.1 1435 1436 -1
0.1 645 646 -1
0.1 648 649 -1
0.1 647 1439 -1
0.1 651 652 -1
0.1 650 1441 -1
0.1 1440 1442 -1
0.1 1443 653 -1
0.1 1438 1444 -1
0.1 644 1445 -1
0.1 654 655 -1
0.1 657 658 -1
0.1 656 1448 -1
0.1 1447 1449 -1
0.1 661 662 -1
0.1 660 1451 -1
0.1 659 1452 -1
0.1 1453 663 -1
0.1 1450 1454 -1
0.1 1446 1455 -1
0.1 1437 1456 -1
0.1 638 1457 -1
0.1 1433 1458 -1
0.1 665 666 -1
0.1 664 1460 -1
0.1 1459 1461 -1
0.1 1186 1462 -1
0.1 668 669 -1
0.1 667 1464 -1
0.1 1465 670 -1
0.1 1463 1466 -1
0.1 671 672 -1
0.1 1467 1468 -1
0.1 674 675 -1
0.1 1470 676 -1
0.1 673 1471 -1
0.1 679 680 -1
0.1 678 1473 -1
0.1 677 1474 -1
0.1 1475 681 -1
0.1 682 683 -1
0.1 1477 684 -1
0.1 686 687 -1
0.1 685 1479 -1
0.1 1478 1480 -1
0.1 690 691 -1
0.1 1482 692 -1
0.1 689 1483 -1
0.1 688 1484 -1
0.1 1481 1485 -1
0.1 1476 1486 -1
0.1 1472 1487 -1
0.1 1469 1488 -1
0.1 1182 1489 -1
0.1 693 694 -1
0.1 698 699 -1
0.1 697 1492 -1
0.1 701 702 -1
0.1 703 704 -1
0.1 1495 705 -1
0.1 1494 1496 -1
0.1 700 1497 -1
0.1 1493 1498 -1
0.1 1499 706 -1
0.1 696 1500 -1
0.1 709 710 -1
0.1 708 1502 -1
0.1 1503 711 -1
0.1 707 1504 -1
0.1 1501 1505 -1
0.1 695 1506 -1
0.1 1491 1507 -1
0.1 1490 1508 -1
0.1 714 715 -1
0.1 716 717 -1
0.1 1510 1511 -1
0.1 713 1512 -1
0.1 719 720 -1
0.1 1514 721 -1
0.1 718 1515 -1
0.1 722 723 -1
0.1 1517 724 -1
0.1 1516 1518 -1
0.1 1513 1519 -1
0.1 725 726 -1
0.1 727 728 -1
0.1 1521 1522 -1
0.1 1520 1523 -1
0.1 729 730 -1
0.1 731 732 -1
0.1 1525 1526 -1
0.1 1524 1527 -1
0.1 712 1528 -1
0.1 733 734 -1
0.1 736 737 -1
0.1 735 1531 -1
0.1 1530 1532 -1
0.1 738 739 -1
0.1 1533 1534 -1
0.1 1529 1535 -1
0.1 740 741 -1
0.1 1537 742 -1
0.1 1536 1538 -1
0.1 743 744 -1
0.1 746 747 -1
0.1 745 1541 -1
0.1 1540 1542 -1
0.1 749 750 -1
0.1 753 754 -1
0.1 752 1545 -1
0.1 751 1546 -1
0.1 1544 1547 -1
0.1 748 1548 -1
0.1 757 758 -1
0.1 1550 759 -1
0.1 756 1551 -1
0.1 1552 760 -1
0.1 1553 761 -1
0.1 755 1554 -1
0.1 1549 1555 -1
0.1 1543 1556 -1
0.1 762 763 -1
0.1 1557 1558 -1
0.1 765 766 -1
0.1 1560 767 -1
0.1 764 1561 -1
0.1 769 770 -1
0.1 768 1563 -1
0.1 1564 771 -1
0.1 1565 772 -1
0.1 1562 1566 -1
0.1 775 776 -1
0.1 774 1568 -1
0.1 779 780 -1
0.1 778 1570 -1
0.1 777 1571 -1
0.1 1569 1572 -1
0.1 773 1573 -1
0.1 781 782 -1
0.1 1575 783 -1
0.1 784 785 -1
0.1 787 788 -1
0.1 786 1578 -1
0.1 1577 1579 -1
0.1 1576 1580 -1
0.1 790 791 -1
0.1 789 1582 -1
0.1 1581 1583 -1
0.1 1584 792 -1
0.1 1574 1585 -1
0.1 793 794 -1
0.1 795 796 -1
0.1 1588 797 -1
0.1 1589 798 -1
0.1 1587 1590 -1
0.1 1586 1591 -1
0.1 1567 1592 -1
0.1 1559 1593 -1
0.1 799 800 -1
0.1 1594 1595 -1
0.1 1539 1596 -1
0.1 1509 1597 -1
0.1 1163 1598 -1
