1 0 0 1
1 0 0 1
1 0 0 1
1 0 0 1
1 0 0 1
1 0 0 1
1 0 0 1
1 0 0 1
1 0 0 1
1 0 0 1
1 0 0 2
1 0 0 2
1 0 0 2
1 0 0 2
1 0 0 2
1 0 0 2
1 0 0 2
1 0 0 2
1 0 0 2
1 0 0 2
1 0 0 2
1 0 0 2
1 0 0 2
1 0 0 2
1 0 0 2
1 0 0 2
1 0 0 2
1 0 0 2
1 0 0 2
1 0 0 3
1 0 0 2
1 0 0 4
1 0 0 1
1 0 0 1
1 0 0 1
1 0 0 1
1 0 0 5
1 0 0 5
1 0 0 5
1 0 0 5
1 0 0 5
1 0 0 5
1 0 0 5
1 0 0 5
1 0 0 5
1 0 0 6
1 0 0 6
1 0 0 6
1 0 0 6
1 0 0 6
1 0 0 6
1 0 0 6
1 0 0 6
1 0 0 6
1 0 0 6
1 0 0 6
1 0 0 6
1 0 0 6
1 0 0 6
1 0 0 6
1 0 0 6
1 0 0 6
1 0 0 6
1 0 0 7
1 0 0 7
1 0 0 7
1 0 0 7
1 0 0 8
1 0 0 8
1 0 0 8
1 0 0 8
1 0 0 5
1 0 0 7
1 0 0 7
1 0 0 7
1 0 0 7
1 0 0 7
1 0 0 7
1 0 0 7
1 0 0 7
1 0 0 7
1 0 0 7
1 0 0 7
1 0 0 7
1 0 0 7
1 0 0 7
1 0 0 7
1 0 0 7
1 0 0 8
1 0 0 8
1 0 0 8
1 0 0 8
1 0 0 8
1 0 0 8
1 0 0 8
1 0 0 8
1 0 0 8
1 0 0 8
1 0 0 8
1 0 0 8
1 0 0 8
1 0 0 8
1 0 0 8
1 0 0 8
1 0 0 9
1 0 0 9
1 0 0 9
1 0 0 9
1 0 0 9
1 0 0 9
1 0 0 9
1 0 0 9
1 0 0 9
1 0 0 9
1 0 0 9
1 0 0 9
1 0 0 9
1 0 0 10
1 0 0 10
1 0 0 11
1 0 0 11
1 0 0 11
1 0 0 11
1 0 0 11
1 0 0 11
1 0 0 11
1 0 0 11
1 0 0 11
1 0 0 11
1 0 0 11
1 0 0 11
1 0 0 11
1 0 0 11
1 0 0 11
1 0 0 11
1 0 0 11
1 0 0 11
1 0 0 11
1 0 0 11
1 0 0 9
1 0 0 9
1 0 0 9
1 0 0 9
1 0 0 9
1 0 0 9
1 0 0 9
1 0 0 12
1 0 0 12
1 0 0 12
1 0 0 10
1 0 0 10
1 0 0 10
1 0 0 10
1 0 0 10
1 0 0 10
1 0 0 10
1 0 0 13
1 0 0 13
1 0 0 13
1 0 0 13
1 0 0 13
1 0 0 13
1 0 0 13
1 0 0 13
1 0 0 13
1 0 0 13
1 0 0 13
1 0 0 13
1 0 0 13
1 0 0 13
1 0 0 13
1 0 0 13
1 0 0 13
1 0 0 13
1 0 0 13
1 0 0 13
1 0 0 10
1 0 0 10
1 0 0 10
1 0 0 10
1 0 0 14
1 0 0 14
1 0 0 14
1 0 0 14
1 0 0 14
1 0 0 14
1 0 0 14
1 0 0 14
1 0 0 14
1 0 0 14
1 0 0 14
1 0 0 14
1 0 0 14
1 0 0 14
1 0 0 14
1 0 0 14
1 0 0 14
1 0 0 14
1 0 0 14
1 0 0 14
1 0 0 15
1 0 0 15
1 0 0 15
1 0 0 15
1 0 0 16
1 0 0 16
1 0 0 4
1 0 0 4
1 0 0 4
1 0 0 4
1 0 0 4
1 0 0 4
1 0 0 4
1 0 0 4
1 0 0 4
1 0 0 4
1 0 0 4
1 0 0 4
1 0 0 4
1 0 0 4
1 0 0 4
1 0 0 4
1 0 0 4
1 0 0 1
1 0 0 17
1 0 0 17
1 0 0 17
1 0 0 17
1 0 0 17
1 0 0 18
1 0 0 18
1 0 0 18
1 0 0 18
1 0 0 18
1 0 0 18
1 0 0 18
1 0 0 18
1 0 0 18
1 0 0 18
1 0 0 18
1 0 0 18
1 0 0 18
1 0 0 18
1 0 0 18
1 0 0 18
1 0 0 18
1 0 0 18
1 0 0 18
1 0 0 18
1 0 0 19
1 0 0 19
1 0 0 19
1 0 0 19
1 0 0 19
1 0 0 19
1 0 0 19
1 0 0 19
1 0 0 19
1 0 0 19
1 0 0 19
1 0 0 19
1 0 0 19
1 0 0 19
1 0 0 19
1 0 0 19
1 0 0 19
1 0 0 19
1 0 0 19
1 0 0 19
1 0 0 20
1 0 0 20
1 0 0 20
1 0 0 20
1 0 0 20
1 0 0 20
1 0 0 20
1 0 0 21
1 0 0 21
1 0 0 21
1 0 0 21
1 0 0 21
1 0 0 21
1 0 0 21
1 0 0 21
1 0 0 21
1 0 0 21
1 0 0 21
1 0 0 21
1 0 0 21
1 0 0 21
1 0 0 21
1 0 0 21
1 0 0 21
1 0 0 21
1 0 0 21
1 0 0 21
1 0 0 20
1 0 0 20
1 0 0 20
1 0 0 20
1 0 0 22
1 0 0 22
1 0 0 22
1 0 0 22
1 0 0 22
1 0 0 22
1 0 0 22
1 0 0 22
1 0 0 22
1 0 0 22
1 0 0 22
1 0 0 22
1 0 0 22
1 0 0 22
1 0 0 22
1 0 0 22
1 0 0 22
1 0 0 22
1 0 0 22
1 0 0 22
1 0 0 23
1 0 0 23
1 0 0 23
1 0 0 23
1 0 0 23
1 0 0 23
1 0 0 23
1 0 0 23
1 0 0 23
1 0 0 23
1 0 0 23
1 0 0 23
1 0 0 23
1 0 0 23
1 0 0 23
1 0 0 23
1 0 0 23
1 0 0 23
1 0 0 23
1 0 0 23
1 0 0 20
1 0 0 20
1 0 0 20
1 0 0 20
1 0 0 20
1 0 0 20
1 0 0 20
1 0 0 20
1 0 0 20
1 0 0 24
1 0 0 24
1 0 0 24
1 0 0 24
1 0 0 24
1 0 0 24
1 0 0 24
1 0 0 24
1 0 0 24
1 0 0 24
1 0 0 24
1 0 0 24
1 0 0 24
1 0 0 24
1 0 0 24
1 0 0 24
1 0 0 24
1 0 0 24
1 0 0 24
1 0 0 24
1 0 0 10
1 0 0 25
1 0 0 25
1 0 0 25
1 0 0 25
1 0 0 25
1 0 0 25
1 0 0 25
1 0 0 25
1 0 0 25
1 0 0 25
1 0 0 25
1 0 0 25
1 0 0 25
1 0 0 25
1 0 0 25
1 0 0 25
1 0 0 25
1 0 0 25
1 0 0 25
1 0 0 25
1 0 0 10
1 0 0 10
1 0 0 10
1 0 0 10
1 0 0 10
1 0 0 26
1 0 0 26
1 0 0 26
1 0 0 26
1 0 0 26
1 0 0 26
1 0 0 26
1 0 0 26
1 0 0 26
1 0 0 26
1 0 0 26
1 0 0 26
1 0 0 26
1 0 0 26
1 0 0 26
1 0 0 26
1 0 0 26
1 0 0 26
1 0 0 26
1 0 0 26
1 0 0 27
1 0 0 27
1 0 0 27
1 0 0 27
1 0 0 27
1 0 0 27
1 0 0 27
1 0 0 27
1 0 0 27
1 0 0 27
1 0 0 27
1 0 0 27
1 0 0 27
1 0 0 27
1 0 0 27
1 0 0 27
1 0 0 27
1 0 0 27
1 0 0 27
1 0 0 27
1 0 0 10
1 0 0 16
1 0 0 16
1 0 0 16
1 0 0 16
1 0 0 16
1 0 0 16
1 0 0 16
1 0 0 16
1 0 0 28
1 0 0 28
1 0 0 28
1 0 0 28
1 0 0 28
1 0 0 28
1 0 0 17
1 0 0 28
1 0 0 28
1 0 0 28
1 0 0 28
1 0 0 28
1 0 0 28
1 0 0 28
1 0 0 28
1 0 0 28
1 0 0 28
1 0 0 28
1 0 0 28
1 0 0 4
1 0 0 4
1 0 0 28
1 0 0 28
1 0 0 12
1 0 0 12
1 0 0 29
1 0 0 29
1 0 0 29
1 0 0 29
1 0 0 29
1 0 0 29
1 0 0 29
1 0 0 29
1 0 0 29
1 0 0 29
1 0 0 29
1 0 0 29
1 0 0 29
1 0 0 29
1 0 0 29
1 0 0 29
1 0 0 29
1 0 0 29
1 0 0 29
1 0 0 29
1 0 0 12
1 0 0 12
1 0 0 12
1 0 0 30
1 0 0 30
1 0 0 30
1 0 0 30
1 0 0 30
1 0 0 30
1 0 0 30
1 0 0 30
1 0 0 30
1 0 0 30
1 0 0 30
1 0 0 30
1 0 0 30
1 0 0 30
1 0 0 30
1 0 0 30
1 0 0 30
1 0 0 30
1 0 0 30
1 0 0 30
1 0 0 12
1 0 0 12
1 0 0 31
1 0 0 32
1 0 0 32
1 0 0 32
1 0 0 32
1 0 0 32
1 0 0 33
1 0 0 33
1 0 0 33
1 0 0 33
1 0 0 33
1 0 0 15
1 0 0 15
1 0 0 15
1 0 0 15
1 0 0 15
1 0 0 33
1 0 0 33
1 0 0 33
1 0 0 33
1 0 0 33
1 0 0 33
1 0 0 33
1 0 0 33
1 0 0 33
1 0 0 33
1 0 0 33
1 0 0 33
1 0 0 33
1 0 0 33
1 0 0 33
1 0 0 32
1 0 0 15
1 0 0 15
1 0 0 15
1 0 0 15
1 0 0 15
1 0 0 15
1 0 0 15
1 0 0 15
1 0 0 15
1 0 0 15
1 0 0 15
1 0 0 32
1 0 0 32
1 0 0 32
1 0 0 32
1 0 0 32
1 0 0 32
1 0 0 32
1 0 0 32
1 0 0 5
1 0 0 5
1 0 0 5
1 0 0 5
1 0 0 5
1 0 0 5
1 0 0 5
1 0 0 5
1 0 0 5
1 0 0 5
1 0 0 32
1 0 0 32
1 0 0 32
1 0 0 32
1 0 0 32
1 0 0 32
1 0 0 1
1 0 0 1
1 0 0 17
1 0 0 17
1 0 0 17
1 0 0 17
1 0 0 17
1 0 0 17
1 0 0 17
1 0 0 17
1 0 0 17
1 0 0 17
1 0 0 17
1 0 0 17
1 0 0 31
1 0 0 16
1 0 0 16
1 0 0 16
1 0 0 16
1 0 0 16
1 0 0 16
1 0 0 16
1 0 0 16
1 0 0 16
1 0 0 16
1 0 0 34
1 0 0 34
1 0 0 34
1 0 0 34
1 0 0 34
1 0 0 34
1 0 0 34
1 0 0 34
1 0 0 34
1 0 0 34
1 0 0 34
1 0 0 34
1 0 0 34
1 0 0 34
1 0 0 34
1 0 0 34
1 0 0 34
1 0 0 34
1 0 0 34
1 0 0 34
1 0 0 31
1 0 0 31
1 0 0 31
1 0 0 6
1 0 0 6
1 0 0 31
1 0 0 1
1 0 0 1
1 0 0 1
1 0 0 31
1 0 0 31
1 0 0 31
1 0 0 31
1 0 0 31
1 0 0 31
1 0 0 31
1 0 0 31
1 0 0 31
1 0 0 31
1 0 0 31
1 0 0 17
1 0 0 17
1 0 0 31
1 0 0 31
1 0 0 3
1 0 0 3
1 0 0 3
1 0 0 3
1 0 0 3
1 0 0 3
1 0 0 3
1 0 0 3
1 0 0 3
1 0 0 3
1 0 0 3
1 0 0 3
1 0 0 3
1 0 0 3
1 0 0 3
1 0 0 3
1 0 0 3
1 0 0 3
1 0 0 3
1 0 0 31
1 0 0 35
1 0 0 35
1 0 0 35
1 0 0 35
1 0 0 35
1 0 0 35
1 0 0 35
1 0 0 35
1 0 0 35
1 0 0 35
1 0 0 35
1 0 0 35
1 0 0 35
1 0 0 35
1 0 0 35
1 0 0 35
1 0 0 35
1 0 0 35
1 0 0 35
1 0 0 35
1 0 0 12
1 0 0 12
1 0 0 12
1 0 0 12
1 0 0 36
1 0 0 36
1 0 0 36
1 0 0 36
1 0 0 36
1 0 0 36
1 0 0 36
1 0 0 36
1 0 0 36
1 0 0 36
1 0 0 36
1 0 0 36
1 0 0 36
1 0 0 36
1 0 0 36
1 0 0 36
1 0 0 36
1 0 0 36
1 0 0 36
1 0 0 36
1 0 0 12
1 0 0 12
1 0 0 37
1 0 0 37
1 0 0 37
1 0 0 37
1 0 0 37
1 0 0 37
1 0 0 37
1 0 0 37
1 0 0 37
1 0 0 37
1 0 0 37
1 0 0 37
1 0 0 37
1 0 0 37
1 0 0 37
1 0 0 37
1 0 0 37
1 0 0 37
1 0 0 37
1 0 0 37
1 0 0 38
1 0 0 38
1 0 0 38
1 0 0 38
1 0 0 38
1 0 0 38
1 0 0 38
1 0 0 38
1 0 0 38
1 0 0 39
1 0 0 39
1 0 0 39
1 0 0 39
1 0 0 39
1 0 0 39
1 0 0 39
1 0 0 39
1 0 0 39
1 0 0 39
1 0 0 39
1 0 0 39
1 0 0 39
1 0 0 39
1 0 0 39
1 0 0 39
1 0 0 39
1 0 0 39
1 0 0 39
1 0 0 39
1 0 0 38
1 0 0 38
1 0 0 38
1 0 0 38
1 0 0 38
1 0 0 38
1 0 0 38
1 0 0 38
1 0 0 38
1 0 0 38
1 0 0 38
1 0 0 12
1 0 0 12
1 0 0 12
1 0 0 12
1 0 0 40
1 0 0 40
1 0 0 40
1 0 0 40
1 0 0 40
1 0 0 40
1 0 0 40
1 0 0 40
1 0 0 40
1 0 0 40
1 0 0 40
1 0 0 40
1 0 0 40
1 0 0 40
1 0 0 40
1 0 0 40
1 0 0 40
1 0 0 40
1 0 0 40
1 0 0 40
0.1 2 3 -1
0.1 4 5 -1
0.1 802 6 -1
0.1 7 8 -1
0.1 803 804 -1
0.1 9 10 -1
0.1 805 806 -1
0.1 801 807 -1
0.1 1 808 -1
0.1 14 15 -1
0.1 13 810 -1
0.1 17 18 -1
0.1 16 812 -1
0.1 811 813 -1
0.1 12 814 -1
0.1 11 815 -1
0.1 20 21 -1
0.1 19 817 -1
0.1 22 23 -1
0.1 25 26 -1
0.1 24 820 -1
0.1 819 821 -1
0.1 27 28 -1
0.1 822 823 -1
0.1 30 31 -1
0.1 29 825 -1
0.1 824 826 -1
0.1 818 827 -1
0.1 816 828 -1
0.1 34 35 -1
0.1 33 830 -1
0.1 831 36 -1
0.1 32 832 -1
0.1 39 40 -1
0.1 38 834 -1
0.1 37 835 -1
0.1 41 42 -1
0.1 43 44 -1
0.1 838 45 -1
0.1 837 839 -1
0.1 836 840 -1
0.1 46 47 -1
0.1 48 49 -1
0.1 843 50 -1
0.1 844 51 -1
0.1 842 845 -1
0.1 55 56 -1
0.1 54 847 -1
0.1 53 848 -1
0.1 57 58 -1
0.1 849 850 -1
0.1 52 851 -1
0.1 846 852 -1
0.1 59 60 -1
0.1 62 63 -1
0.1 61 855 -1
0.1 854 856 -1
0.1 853 857 -1
0.1 841 858 -1
0.1 833 859 -1
0.1 64 65 -1
0.1 66 67 -1
0.1 861 862 -1
0.1 68 69 -1
0.1 70 71 -1
0.1 864 865 -1
0.1 863 866 -1
0.1 74 75 -1
0.1 73 868 -1
0.1 78 79 -1
0.1 81 82 -1
0.1 80 871 -1
0.1 870 872 -1
0.1 77 873 -1
0.1 76 874 -1
0.1 869 875 -1
0.1 876 83 -1
0.1 85 86 -1
0.1 878 87 -1
0.1 84 879 -1
0.1 880 88 -1
0.1 877 881 -1
0.1 89 90 -1
0.1 91 92 -1
0.1 883 884 -1
0.1 93 94 -1
0.1 95 96 -1
0.1 886 887 -1
0.1 888 97 -1
0.1 99 100 -1
0.1 98 890 -1
0.1 102 103 -1
0.1 892 104 -1
0.1 101 893 -1
0.1 891 894 -1
0.1 889 895 -1
0.1 885 896 -1
0.1 882 897 -1
0.1 72 898 -1
0.1 867 899 -1
0.1 860 900 -1
0.1 829 901 -1
0.1 107 108 -1
0.1 110 111 -1
0.1 904 112 -1
0.1 109 905 -1
0.1 903 906 -1
0.1 106 907 -1
0.1 105 908 -1
0.1 114 115 -1
0.1 113 910 -1
0.1 116 117 -1
0.1 911 912 -1
0.1 909 913 -1
0.1 118 119 -1
0.1 122 123 -1
0.1 121 916 -1
0.1 120 917 -1
0.1 124 125 -1
0.1 127 128 -1
0.1 126 920 -1
0.1 921 129 -1
0.1 922 130 -1
0.1 131 132 -1
0.1 923 924 -1
0.1 919 925 -1
0.1 134 135 -1
0.1 133 927 -1
0.1 136 137 -1
0.1 928 929 -1
0.1 930 138 -1
0.1 926 931 -1
0.1 932 139 -1
0.1 918 933 -1
0.1 915 934 -1
0.1 141 142 -1
0.1 143 144 -1
0.1 145 146 -1
0.1 937 938 -1
0.1 936 939 -1
0.1 140 940 -1
0.1 935 941 -1
0.1 914 942 -1
0.1 147 148 -1
0.1 944 149 -1
0.1 150 151 -1
0.1 946 152 -1
0.1 153 154 -1
0.1 155 156 -1
0.1 158 159 -1
0.1 160 161 -1
0.1 950 951 -1
0.1 162 163 -1
0.1 953 164 -1
0.1 167 168 -1
0.1 955 169 -1
0.1 166 956 -1
0.1 165 957 -1
0.1 954 958 -1
0.1 952 959 -1
0.1 170 171 -1
0.1 174 175 -1
0.1 173 962 -1
0.1 963 176 -1
0.1 172 964 -1
0.1 961 965 -1
0.1 960 966 -1
0.1 157 967 -1
0.1 949 968 -1
0.1 177 178 -1
0.1 179 180 -1
0.1 970 971 -1
0.1 969 972 -1
0.1 948 973 -1
0.1 947 974 -1
0.1 945 975 -1
0.1 943 976 -1
0.1 182 183 -1
0.1 181 978 -1
0.1 186 187 -1
0.1 185 980 -1
0.1 184 981 -1
0.1 982 188 -1
0.1 979 983 -1
0.1 190 191 -1
0.1 189 985 -1
0.1 192 193 -1
0.1 987 194 -1
0.1 195 196 -1
0.1 988 989 -1
0.1 986 990 -1
0.1 199 200 -1
0.1 198 992 -1
0.1 197 993 -1
0.1 991 994 -1
0.1 984 995 -1
0.1 202 203 -1
0.1 201 997 -1
0.1 998 204 -1
0.1 205 206 -1
0.1 999 1000 -1
0.1 996 1001 -1
0.1 208 209 -1
0.1 207 1003 -1
0.1 210 211 -1
0.1 1004 1005 -1
0.1 212 213 -1
0.1 1006 1007 -1
0.1 214 215 -1
0.1 1009 216 -1
0.1 217 218 -1
0.1 219 220 -1
0.1 1011 1012 -1
0.1 1010 1013 -1
0.1 221 222 -1
0.1 1015 223 -1
0.1 1014 1016 -1
0.1 1008 1017 -1
0.1 1002 1018 -1
0.1 977 1019 -1
0.1 225 226 -1
0.1 228 229 -1
0.1 227 1022 -1
0.1 1021 1023 -1
0.1 224 1024 -1
0.1 1020 1025 -1
0.1 902 1026 -1
0.1 809 1027 -1
0.1 230 231 -1
0.1 1029 232 -1
0.1 233 234 -1
0.1 236 237 -1
0.1 235 1032 -1
0.1 238 239 -1
0.1 1034 240 -1
0.1 1035 241 -1
0.1 1033 1036 -1
0.1 243 244 -1
0.1 242 1038 -1
0.1 246 247 -1
0.1 245 1040 -1
0.1 1039 1041 -1
0.1 1037 1042 -1
0.1 1043 248 -1
0.1 1031 1044 -1
0.1 1045 249 -1
0.1 1030 1046 -1
0.1 250 251 -1
0.1 252 253 -1
0.1 1048 1049 -1
0.1 254 255 -1
0.1 256 257 -1
0.1 1052 258 -1
0.1 1053 259 -1
0.1 260 261 -1
0.1 1055 262 -1
0.1 1054 1056 -1
0.1 1051 1057 -1
0.1 263 264 -1
0.1 1059 265 -1
0.1 266 267 -1
0.1 1060 1061 -1
0.1 1058 1062 -1
0.1 268 269 -1
0.1 1063 1064 -1
0.1 1050 1065 -1
0.1 270 271 -1
0.1 272 273 -1
0.1 1067 1068 -1
0.1 275 276 -1
0.1 274 1070 -1
0.1 277 278 -1
0.1 279 280 -1
0.1 1072 1073 -1
0.1 281 282 -1
0.1 1075 283 -1
0.1 1074 1076 -1
0.1 285 286 -1
0.1 287 288 -1
0.1 1078 1079 -1
0.1 284 1080 -1
0.1 289 290 -1
0.1 1081 1082 -1
0.1 291 292 -1
0.1 294 295 -1
0.1 293 1085 -1
0.1 1084 1086 -1
0.1 1087 296 -1
0.1 1083 1088 -1
0.1 1077 1089 -1
0.1 1071 1090 -1
0.1 1069 1091 -1
0.1 298 299 -1
0.1 297 1093 -1
0.1 302 303 -1
0.1 301 1095 -1
0.1 305 306 -1
0.1 304 1097 -1
0.1 1096 1098 -1
0.1 307 308 -1
0.1 310 311 -1
0.1 1101 312 -1
0.1 309 1102 -1
0.1 314 315 -1
0.1 1104 316 -1
0.1 1105 317 -1
0.1 1106 318 -1
0.1 319 320 -1
0.1 1107 1108 -1
0.1 313 1109 -1
0.1 1103 1110 -1
0.1 1100 1111 -1
0.1 1099 1112 -1
0.1 321 322 -1
0.1 1114 323 -1
0.1 325 326 -1
0.1 328 329 -1
0.1 327 1117 -1
0.1 1116 1118 -1
0.1 324 1119 -1
0.1 1115 1120 -1
0.1 331 332 -1
0.1 330 1122 -1
0.1 334 335 -1
0.1 333 1124 -1
0.1 1123 1125 -1
0.1 336 337 -1
0.1 1127 338 -1
0.1 339 340 -1
0.1 1128 1129 -1
0.1 1126 1130 -1
0.1 1121 1131 -1
0.1 1113 1132 -1
0.1 300 1133 -1
0.1 1094 1134 -1
0.1 343 344 -1
0.1 342 1136 -1
0.1 341 1137 -1
0.1 1135 1138 -1
0.1 1092 1139 -1
0.1 346 347 -1
0.1 345 1141 -1
0.1 348 349 -1
0.1 350 351 -1
0.1 1144 352 -1
0.1 354 355 -1
0.1 353 1146 -1
0.1 357 358 -1
0.1 356 1148 -1
0.1 359 360 -1
0.1 361 362 -1
0.1 1151 363 -1
0.1 1150 1152 -1
0.1 1149 1153 -1
0.1 364 365 -1
0.1 1154 1155 -1
0.1 1147 1156 -1
0.1 1145 1157 -1
0.1 367 368 -1
0.1 366 1159 -1
0.1 1160 369 -1
0.1 1158 1161 -1
0.1 1143 1162 -1
0.1 1142 1163 -1
0.1 1140 1164 -1
0.1 1066 1165 -1
0.1 1166 370 -1
0.1 1047 1167 -1
0.1 372 373 -1
0.1 1169 374 -1
0.1 371 1170 -1
0.1 375 376 -1
0.1 377 378 -1
0.1 379 380 -1
0.1 381 382 -1
0.1 383 384 -1
0.1 1175 1176 -1
0.1 1174 1177 -1
0.1 1173 1178 -1
0.1 385 386 -1
0.1 387 388 -1
0.1 1180 1181 -1
0.1 1179 1182 -1
0.1 1172 1183 -1
0.1 389 390 -1
0.1 1184 1185 -1
0.1 1171 1186 -1
0.1 1187 391 -1
0.1 392 393 -1
0.1 1188 1189 -1
0.1 396 397 -1
0.1 399 400 -1
0.1 398 1192 -1
0.1 1193 401 -1
0.1 402 403 -1
0.1 404 405 -1
0.1 406 407 -1
0.1 1196 1197 -1
0.1 1198 408 -1
0.1 1195 1199 -1
0.1 1194 1200 -1
0.1 409 410 -1
0.1 411 412 -1
0.1 414 415 -1
0.1 413 1204 -1
0.1 1203 1205 -1
0.1 1202 1206 -1
0.1 1201 1207 -1
0.1 1191 1208 -1
0.1 416 417 -1
0.1 418 419 -1
0.1 420 421 -1
0.1 1212 422 -1
0.1 423 424 -1
0.1 1214 425 -1
0.1 1213 1215 -1
0.1 426 427 -1
0.1 1216 1217 -1
0.1 1218 428 -1
0.1 1211 1219 -1
0.1 432 433 -1
0.1 434 435 -1
0.1 1221 1222 -1
0.1 431 1223 -1
0.1 430 1224 -1
0.1 429 1225 -1
0.1 1220 1226 -1
0.1 1210 1227 -1
0.1 1209 1228 -1
0.1 395 1229 -1
0.1 394 1230 -1
0.1 1231 436 -1
0.1 1190 1232 -1
0.1 1168 1233 -1
0.1 1028 1234 -1
0.1 438 439 -1
0.1 437 1236 -1
0.1 440 441 -1
0.1 442 443 -1
0.1 1239 444 -1
0.1 1238 1240 -1
0.1 1237 1241 -1
0.1 446 447 -1
0.1 445 1243 -1
0.1 1244 448 -1
0.1 1245 449 -1
0.1 1246 450 -1
0.1 454 455 -1
0.1 453 1248 -1
0.1 452 1249 -1
0.1 457 458 -1
0.1 1251 459 -1
0.1 1252 460 -1
0.1 461 462 -1
0.1 1253 1254 -1
0.1 1255 463 -1
0.1 456 1256 -1
0.1 1250 1257 -1
0.1 451 1258 -1
0.1 1247 1259 -1
0.1 1242 1260 -1
0.1 464 465 -1
0.1 1261 1262 -1
0.1 466 467 -1
0.1 468 469 -1
0.1 471 472 -1
0.1 470 1266 -1
0.1 1267 473 -1
0.1 476 477 -1
0.1 475 1269 -1
0.1 474 1270 -1
0.1 478 479 -1
0.1 480 481 -1
0.1 1272 1273 -1
0.1 1271 1274 -1
0.1 482 483 -1
0.1 1275 1276 -1
0.1 484 485 -1
0.1 1278 486 -1
0.1 487 488 -1
0.1 1279 1280 -1
0.1 1281 489 -1
0.1 1277 1282 -1
0.1 1268 1283 -1
0.1 1284 490 -1
0.1 1265 1285 -1
0.1 491 492 -1
0.1 496 497 -1
0.1 495 1288 -1
0.1 494 1289 -1
0.1 493 1290 -1
0.1 498 499 -1
0.1 1292 500 -1
0.1 502 503 -1
0.1 1294 504 -1
0.1 505 506 -1
0.1 1296 507 -1
0.1 509 510 -1
0.1 508 1298 -1
0.1 1297 1299 -1
0.1 1295 1300 -1
0.1 511 512 -1
0.1 1301 1302 -1
0.1 501 1303 -1
0.1 1293 1304 -1
0.1 1291 1305 -1
0.1 1287 1306 -1
0.1 1286 1307 -1
0.1 513 514 -1
0.1 1308 1309 -1
0.1 1264 1310 -1
0.1 1263 1311 -1
0.1 517 518 -1
0.1 1313 519 -1
0.1 516 1314 -1
0.1 521 522 -1
0.1 1316 523 -1
0.1 524 525 -1
0.1 1317 1318 -1
0.1 526 527 -1
0.1 1320 528 -1
0.1 1321 529 -1
0.1 1322 530 -1
0.1 1323 531 -1
0.1 536 537 -1
0.1 535 1325 -1
0.1 534 1326 -1
0.1 1327 538 -1
0.1 533 1328 -1
0.1 532 1329 -1
0.1 1324 1330 -1
0.1 540 541 -1
0.1 542 543 -1
0.1 1332 1333 -1
0.1 544 545 -1
0.1 1334 1335 -1
0.1 539 1336 -1
0.1 1331 1337 -1
0.1 1319 1338 -1
0.1 1339 546 -1
0.1 520 1340 -1
0.1 548 549 -1
0.1 547 1342 -1
0.1 1343 550 -1
0.1 1344 551 -1
0.1 553 554 -1
0.1 552 1346 -1
0.1 556 557 -1
0.1 555 1348 -1
0.1 1347 1349 -1
0.1 1345 1350 -1
0.1 1341 1351 -1
0.1 1315 1352 -1
0.1 558 559 -1
0.1 561 562 -1
0.1 560 1355 -1
0.1 1354 1356 -1
0.1 564 565 -1
0.1 563 1358 -1
0.1 1357 1359 -1
0.1 1353 1360 -1
0.1 569 570 -1
0.1 568 1362 -1
0.1 567 1363 -1
0.1 566 1364 -1
0.1 572 573 -1
0.1 571 1366 -1
0.1 574 575 -1
0.1 1367 1368 -1
0.1 1365 1369 -1
0.1 578 579 -1
0.1 577 1371 -1
0.1 1372 580 -1
0.1 576 1373 -1
0.1 1370 1374 -1
0.1 1375 581 -1
0.1 1361 1376 -1
0.1 582 583 -1
0.1 584 585 -1
0.1 587 588 -1
0.1 1380 589 -1
0.1 586 1381 -1
0.1 1379 1382 -1
0.1 1383 590 -1
0.1 593 594 -1
0.1 1385 595 -1
0.1 592 1386 -1
0.1 591 1387 -1
0.1 1384 1388 -1
0.1 1378 1389 -1
0.1 1390 596 -1
0.1 597 598 -1
0.1 600 601 -1
0.1 599 1393 -1
0.1 602 603 -1
0.1 1395 604 -1
0.1 1394 1396 -1
0.1 1397 605 -1
0.1 1392 1398 -1
0.1 1399 606 -1
0.1 607 608 -1
0.1 609 610 -1
0.1 611 612 -1
0.1 1402 1403 -1
0.1 613 614 -1
0.1 1404 1405 -1
0.1 1401 1406 -1
0.1 1407 615 -1
0.1 616 617 -1
0.1 618 619 -1
0.1 620 621 -1
0.1 1410 1411 -1
0.1 1409 1412 -1
0.1 622 623 -1
0.1 1414 624 -1
0.1 1413 1415 -1
0.1 625 626 -1
0.1 1416 1417 -1
0.1 1408 1418 -1
0.1 1400 1419 -1
0.1 1391 1420 -1
0.1 1377 1421 -1
0.1 515 1422 -1
0.1 628 629 -1
0.1 630 631 -1
0.1 1425 632 -1
0.1 1424 1426 -1
0.1 627 1427 -1
0.1 634 635 -1
0.1 633 1429 -1
0.1 1430 636 -1
0.1 1431 637 -1
0.1 639 640 -1
0.1 1433 641 -1
0.1 638 1434 -1
0.1 642 643 -1
0.1 644 645 -1
0.1 1436 1437 -1
0.1 1435 1438 -1
0.1 1432 1439 -1
0.1 647 648 -1
0.1 649 650 -1
0.1 1441 1442 -1
0.1 646 1443 -1
0.1 652 653 -1
0.1 651 1445 -1
0.1 1446 654 -1
0.1 655 656 -1
0.1 657 658 -1
0.1 1449 659 -1
0.1 1450 660 -1
0.1 1448 1451 -1
0.1 661 662 -1
0.1 663 664 -1
0.1 1454 665 -1
0.1 1453 1455 -1
0.1 1456 666 -1
0.1 1452 1457 -1
0.1 1447 1458 -1
0.1 667 668 -1
0.1 1460 669 -1
0.1 1459 1461 -1
0.1 1462 670 -1
0.1 1444 1463 -1
0.1 1440 1464 -1
0.1 1428 1465 -1
0.1 1423 1466 -1
0.1 671 672 -1
0.1 674 675 -1
0.1 679 680 -1
0.1 678 1470 -1
0.1 677 1471 -1
0.1 676 1472 -1
0.1 681 682 -1
0.1 1473 1474 -1
0.1 1469 1475 -1
0.1 673 1476 -1
0.1 683 684 -1
0.1 1478 685 -1
0.1 1477 1479 -1
0.1 1468 1480 -1
0.1 688 689 -1
0.1 1482 690 -1
0.1 687 1483 -1
0.1 686 1484 -1
0.1 1481 1485 -1
0.1 697 698 -1
0.1 696 1487 -1
0.1 701 702 -1
0.1 700 1489 -1
0.1 699 1490 -1
0.1 705 706 -1
0.1 704 1492 -1
0.1 707 708 -1
0.1 709 710 -1
0.1 1494 1495 -1
0.1 711 712 -1
0.1 1497 713 -1
0.1 1496 1498 -1
0.1 1493 1499 -1
0.1 1500 714 -1
0.1 703 1501 -1
0.1 1491 1502 -1
0.1 1488 1503 -1
0.1 695 1504 -1
0.1 1505 715 -1
0.1 1506 716 -1
0.1 694 1507 -1
0.1 693 1508 -1
0.1 717 718 -1
0.1 720 721 -1
0.1 719 1511 -1
0.1 722 723 -1
0.1 1512 1513 -1
0.1 724 725 -1
0.1 726 727 -1
0.1 728 729 -1
0.1 1516 1517 -1
0.1 1515 1518 -1
0.1 730 731 -1
0.1 1520 732 -1
0.1 1519 1521 -1
0.1 1514 1522 -1
0.1 735 736 -1
0.1 734 1524 -1
0.1 733 1525 -1
0.1 1523 1526 -1
0.1 1510 1527 -1
0.1 738 739 -1
0.1 737 1529 -1
0.1 741 742 -1
0.1 740 1531 -1
0.1 744 745 -1
0.1 743 1533 -1
0.1 1532 1534 -1
0.1 748 749 -1
0.1 747 1536 -1
0.1 1537 750 -1
0.1 746 1538 -1
0.1 755 756 -1
0.1 754 1540 -1
0.1 753 1541 -1
0.1 1542 757 -1
0.1 759 760 -1
0.1 761 762 -1
0.1 1544 1545 -1
0.1 1546 763 -1
0.1 1547 764 -1
0.1 758 1548 -1
0.1 1543 1549 -1
0.1 752 1550 -1
0.1 751 1551 -1
0.1 1552 765 -1
0.1 1539 1553 -1
0.1 766 767 -1
0.1 768 769 -1
0.1 1556 770 -1
0.1 1555 1557 -1
0.1 1554 1558 -1
0.1 771 772 -1
0.1 773 774 -1
0.1 775 776 -1
0.1 1561 1562 -1
0.1 1560 1563 -1
0.1 1559 1564 -1
0.1 1535 1565 -1
0.1 1530 1566 -1
0.1 1528 1567 -1
0.1 1568 777 -1
0.1 1509 1569 -1
0.1 1570 778 -1
0.1 692 1571 -1
0.1 691 1572 -1
0.1 782 783 -1
0.1 1574 784 -1
0.1 781 1575 -1
0.1 786 787 -1
0.1 785 1577 -1
0.1 791 792 -1
0.1 790 1579 -1
0.1 793 794 -1
0.1 795 796 -1
0.1 1581 1582 -1
0.1 1580 1583 -1
0.1 1584 797 -1
0.1 789 1585 -1
0.1 788 1586 -1
0.1 798 799 -1
0.1 1587 1588 -1
0.1 1578 1589 -1
0.1 1576 1590 -1
0.1 1591 800 -1
0.1 780 1592 -1
0.1 779 1593 -1
0.1 1573 1594 -1
0.1 1486 1595 -1
0.1 1467 1596 -1
0.1 1312 1597 -1
0.1 1235 1598 -1
