1 0 0 1
1 0 0 2
1 0 0 2
1 0 0 3
1 0 0 3
1 0 0 3
1 0 0 3
1 0 0 3
1 0 0 3
1 0 0 3
1 0 0 3
1 0 0 3
1 0 0 3
1 0 0 4
1 0 0 4
1 0 0 4
1 0 0 4
1 0 0 4
1 0 0 4
1 0 0 5
1 0 0 5
1 0 0 5
1 0 0 5
1 0 0 5
1 0 0 5
1 0 0 5
1 0 0 5
1 0 0 5
1 0 0 5
1 0 0 4
1 0 0 4
1 0 0 4
1 0 0 4
1 0 0 6
1 0 0 6
1 0 0 6
1 0 0 6
1 0 0 6
1 0 0 6
1 0 0 6
1 0 0 6
1 0 0 6
1 0 0 6
1 0 0 7
1 0 0 7
1 0 0 8
1 0 0 8
1 0 0 8
1 0 0 8
1 0 0 8
1 0 0 8
1 0 0 8
1 0 0 8
1 0 0 8
1 0 0 8
1 0 0 7
1 0 0 7
1 0 0 9
1 0 0 9
1 0 0 9
1 0 0 9
1 0 0 9
1 0 0 9
1 0 0 9
1 0 0 9
1 0 0 7
1 0 0 10
1 0 0 10
1 0 0 10
1 0 0 10
1 0 0 10
1 0 0 7
1 0 0 7
1 0 0 7
1 0 0 7
1 0 0 7
1 0 0 11
1 0 0 11
1 0 0 12
1 0 0 12
1 0 0 12
1 0 0 12
1 0 0 13
1 0 0 13
1 0 0 13
1 0 0 13
1 0 0 13
1 0 0 13
1 0 0 13
1 0 0 13
1 0 0 13
1 0 0 13
1 0 0 12
1 0 0 14
1 0 0 14
1 0 0 14
1 0 0 14
1 0 0 14
1 0 0 14
1 0 0 14
1 0 0 14
1 0 0 14
1 0 0 14
1 0 0 15
1 0 0 15
1 0 0 15
1 0 0 15
1 0 0 15
1 0 0 16
1 0 0 16
1 0 0 16
1 0 0 16
1 0 0 16
1 0 0 16
1 0 0 16
1 0 0 16
1 0 0 16
1 0 0 16
1 0 0 17
1 0 0 17
1 0 0 17
1 0 0 17
1 0 0 17
1 0 0 17
1 0 0 17
1 0 0 17
1 0 0 17
1 0 0 17
1 0 0 18
1 0 0 18
1 0 0 18
1 0 0 18
1 0 0 18
1 0 0 18
1 0 0 18
1 0 0 18
1 0 0 18
1 0 0 18
1 0 0 15
1 0 0 19
1 0 0 19
1 0 0 19
1 0 0 19
1 0 0 19
1 0 0 19
1 0 0 19
1 0 0 19
1 0 0 19
1 0 0 19
1 0 0 15
1 0 0 15
1 0 0 15
1 0 0 15
1 0 0 20
1 0 0 20
1 0 0 20
1 0 0 20
1 0 0 20
1 0 0 20
1 0 0 20
1 0 0 20
1 0 0 20
1 0 0 20
1 0 0 21
1 0 0 21
1 0 0 22
1 0 0 22
1 0 0 22
1 0 0 22
1 0 0 22
1 0 0 22
1 0 0 21
1 0 0 21
1 0 0 21
1 0 0 21
1 0 0 21
1 0 0 21
1 0 0 23
1 0 0 23
1 0 0 23
1 0 0 23
1 0 0 23
1 0 0 23
1 0 0 23
1 0 0 23
1 0 0 23
1 0 0 23
1 0 0 21
1 0 0 21
1 0 0 24
1 0 0 24
1 0 0 24
1 0 0 24
1 0 0 24
1 0 0 24
1 0 0 24
1 0 0 24
1 0 0 24
1 0 0 24
1 0 0 25
1 0 0 25
1 0 0 25
1 0 0 25
1 0 0 25
1 0 0 25
1 0 0 25
1 0 0 25
1 0 0 25
1 0 0 25
1 0 0 26
1 0 0 26
1 0 0 26
1 0 0 26
1 0 0 26
1 0 0 27
1 0 0 28
1 0 0 28
1 0 0 28
1 0 0 28
1 0 0 28
1 0 0 28
1 0 0 29
1 0 0 29
1 0 0 29
1 0 0 29
1 0 0 29
1 0 0 29
1 0 0 29
1 0 0 29
1 0 0 29
1 0 0 29
1 0 0 28
1 0 0 28
1 0 0 28
1 0 0 28
1 0 0 27
1 0 0 27
1 0 0 27
1 0 0 30
1 0 0 30
1 0 0 30
1 0 0 30
1 0 0 30
1 0 0 30
1 0 0 30
1 0 0 30
1 0 0 27
1 0 0 27
1 0 0 30
1 0 0 30
1 0 0 26
1 0 0 26
1 0 0 26
1 0 0 26
1 0 0 26
1 0 0 27
1 0 0 27
1 0 0 27
1 0 0 27
1 0 0 31
1 0 0 31
1 0 0 31
1 0 0 31
1 0 0 31
1 0 0 31
1 0 0 31
1 0 0 31
1 0 0 31
1 0 0 31
1 0 0 32
1 0 0 32
1 0 0 32
1 0 0 32
1 0 0 32
1 0 0 32
1 0 0 32
1 0 0 32
1 0 0 32
1 0 0 32
1 0 0 12
1 0 0 12
1 0 0 12
1 0 0 33
1 0 0 1
1 0 0 1
1 0 0 1
1 0 0 1
1 0 0 1
1 0 0 34
1 0 0 34
1 0 0 34
1 0 0 34
1 0 0 34
1 0 0 35
1 0 0 35
1 0 0 35
1 0 0 35
1 0 0 35
1 0 0 35
1 0 0 35
1 0 0 35
1 0 0 35
1 0 0 35
1 0 0 34
1 0 0 34
1 0 0 34
1 0 0 34
1 0 0 34
1 0 0 36
1 0 0 36
1 0 0 36
1 0 0 36
1 0 0 36
1 0 0 36
1 0 0 36
1 0 0 36
1 0 0 36
1 0 0 36
1 0 0 1
1 0 0 33
1 0 0 33
1 0 0 33
1 0 0 33
1 0 0 33
1 0 0 37
1 0 0 38
1 0 0 38
1 0 0 38
1 0 0 38
1 0 0 38
1 0 0 38
1 0 0 38
1 0 0 38
1 0 0 38
1 0 0 38
1 0 0 37
1 0 0 37
1 0 0 37
1 0 0 37
1 0 0 37
1 0 0 39
1 0 0 39
1 0 0 39
1 0 0 39
1 0 0 39
1 0 0 39
1 0 0 39
1 0 0 39
1 0 0 39
1 0 0 39
1 0 0 37
1 0 0 37
1 0 0 37
1 0 0 37
1 0 0 33
1 0 0 40
1 0 0 40
1 0 0 40
1 0 0 40
1 0 0 40
1 0 0 40
1 0 0 40
1 0 0 40
1 0 0 40
1 0 0 40
1 0 0 33
1 0 0 41
1 0 0 41
1 0 0 41
1 0 0 41
1 0 0 41
1 0 0 41
1 0 0 41
1 0 0 41
1 0 0 41
1 0 0 41
1 0 0 33
1 0 0 33
1 0 0 42
1 0 0 42
1 0 0 42
1 0 0 42
1 0 0 42
1 0 0 42
1 0 0 42
1 0 0 42
1 0 0 42
1 0 0 42
1 0 0 12
1 0 0 43
1 0 0 43
1 0 0 43
1 0 0 43
1 0 0 43
1 0 0 43
1 0 0 43
1 0 0 43
1 0 0 43
1 0 0 43
1 0 0 12
1 0 0 44
1 0 0 44
1 0 0 44
1 0 0 44
1 0 0 44
1 0 0 44
1 0 0 45
1 0 0 45
1 0 0 46
1 0 0 47
1 0 0 46
1 0 0 46
1 0 0 46
1 0 0 46
1 0 0 46
1 0 0 46
1 0 0 46
1 0 0 46
1 0 0 46
1 0 0 47
1 0 0 44
1 0 0 44
1 0 0 44
1 0 0 44
1 0 0 45
1 0 0 45
1 0 0 45
1 0 0 45
1 0 0 45
1 0 0 45
1 0 0 45
1 0 0 45
1 0 0 48
1 0 0 48
1 0 0 48
1 0 0 48
1 0 0 48
1 0 0 48
1 0 0 48
1 0 0 48
1 0 0 48
1 0 0 48
1 0 0 47
1 0 0 11
1 0 0 11
1 0 0 11
1 0 0 11
1 0 0 11
1 0 0 11
1 0 0 11
1 0 0 11
1 0 0 22
1 0 0 22
1 0 0 22
1 0 0 47
1 0 0 47
1 0 0 47
1 0 0 10
1 0 0 10
1 0 0 9
1 0 0 9
1 0 0 49
1 0 0 49
1 0 0 49
1 0 0 49
1 0 0 49
1 0 0 49
1 0 0 49
1 0 0 49
1 0 0 49
1 0 0 49
1 0 0 2
1 0 0 50
1 0 0 50
1 0 0 50
1 0 0 50
1 0 0 50
1 0 0 50
1 0 0 50
1 0 0 50
1 0 0 50
1 0 0 50
1 0 0 2
1 0 0 2
1 0 0 2
1 0 0 51
1 0 0 51
1 0 0 51
1 0 0 51
1 0 0 51
1 0 0 51
1 0 0 51
1 0 0 51
1 0 0 51
1 0 0 51
1 0 0 52
1 0 0 53
1 0 0 53
1 0 0 53
1 0 0 53
1 0 0 53
1 0 0 53
1 0 0 53
1 0 0 53
1 0 0 53
1 0 0 53
1 0 0 52
1 0 0 54
1 0 0 54
1 0 0 54
1 0 0 54
1 0 0 54
1 0 0 54
1 0 0 54
1 0 0 54
1 0 0 54
1 0 0 54
1 0 0 52
1 0 0 52
1 0 0 52
1 0 0 55
1 0 0 55
1 0 0 55
1 0 0 55
1 0 0 55
1 0 0 55
1 0 0 55
1 0 0 55
1 0 0 55
1 0 0 55
1 0 0 52
1 0 0 52
1 0 0 52
1 0 0 52
1 0 0 52
1 0 0 56
1 0 0 56
1 0 0 57
1 0 0 57
1 0 0 57
1 0 0 57
1 0 0 57
1 0 0 57
1 0 0 57
1 0 0 57
1 0 0 57
1 0 0 57
1 0 0 58
1 0 0 58
1 0 0 58
1 0 0 58
1 0 0 58
1 0 0 58
1 0 0 58
1 0 0 58
1 0 0 56
1 0 0 58
1 0 0 58
1 0 0 56
1 0 0 56
1 0 0 56
1 0 0 56
1 0 0 56
1 0 0 56
1 0 0 56
1 0 0 2
1 0 0 2
1 0 0 59
1 0 0 59
1 0 0 59
1 0 0 59
1 0 0 59
1 0 0 59
1 0 0 59
1 0 0 59
1 0 0 59
1 0 0 59
1 0 0 60
1 0 0 60
1 0 0 60
1 0 0 60
1 0 0 60
1 0 0 60
1 0 0 60
1 0 0 60
1 0 0 60
1 0 0 60
1 0 0 2
1 0 0 61
1 0 0 61
1 0 0 61
1 0 0 61
1 0 0 61
1 0 0 61
1 0 0 61
1 0 0 61
1 0 0 61
1 0 0 61
1 0 0 2
1 0 0 62
1 0 0 62
1 0 0 62
1 0 0 62
1 0 0 62
1 0 0 62
1 0 0 62
1 0 0 62
1 0 0 62
1 0 0 62
1 0 0 10
1 0 0 10
1 0 0 10
1 0 0 47
1 0 0 22
1 0 0 1
1 0 0 1
1 0 0 1
1 0 0 63
1 0 0 63
1 0 0 63
1 0 0 63
1 0 0 63
1 0 0 63
1 0 0 63
1 0 0 63
1 0 0 47
1 0 0 47
1 0 0 64
1 0 0 64
1 0 0 64
1 0 0 64
1 0 0 47
1 0 0 64
1 0 0 64
1 0 0 64
1 0 0 64
1 0 0 64
1 0 0 64
1 0 0 63
1 0 0 63
0.1 2 3 -1
0.1 5 6 -1
0.1 4 642 -1
0.1 8 9 -1
0.1 7 644 -1
0.1 643 645 -1
0.1 11 12 -1
0.1 647 13 -1
0.1 10 648 -1
0.1 646 649 -1
0.1 14 15 -1
0.1 16 17 -1
0.1 651 652 -1
0.1 18 19 -1
0.1 20 21 -1
0.1 22 23 -1
0.1 655 656 -1
0.1 25 26 -1
0.1 27 28 -1
0.1 659 29 -1
0.1 658 660 -1
0.1 24 661 -1
0.1 657 662 -1
0.1 663 30 -1
0.1 32 33 -1
0.1 31 665 -1
0.1 664 666 -1
0.1 654 667 -1
0.1 653 668 -1
0.1 650 669 -1
0.1 641 670 -1
0.1 34 35 -1
0.1 672 36 -1
0.1 38 39 -1
0.1 40 41 -1
0.1 675 42 -1
0.1 674 676 -1
0.1 37 677 -1
0.1 678 43 -1
0.1 673 679 -1
0.1 671 680 -1
0.1 1 681 -1
0.1 46 47 -1
0.1 48 49 -1
0.1 684 50 -1
0.1 683 685 -1
0.1 686 51 -1
0.1 53 54 -1
0.1 688 55 -1
0.1 52 689 -1
0.1 687 690 -1
0.1 691 56 -1
0.1 692 57 -1
0.1 45 693 -1
0.1 44 694 -1
0.1 58 59 -1
0.1 62 63 -1
0.1 61 697 -1
0.1 60 698 -1
0.1 64 65 -1
0.1 699 700 -1
0.1 696 701 -1
0.1 702 66 -1
0.1 695 703 -1
0.1 69 70 -1
0.1 705 71 -1
0.1 68 706 -1
0.1 67 707 -1
0.1 75 76 -1
0.1 74 709 -1
0.1 73 710 -1
0.1 72 711 -1
0.1 708 712 -1
0.1 704 713 -1
0.1 682 714 -1
0.1 77 78 -1
0.1 81 82 -1
0.1 80 717 -1
0.1 83 84 -1
0.1 86 87 -1
0.1 88 89 -1
0.1 720 721 -1
0.1 90 91 -1
0.1 722 723 -1
0.1 85 724 -1
0.1 725 92 -1
0.1 719 726 -1
0.1 718 727 -1
0.1 728 93 -1
0.1 79 729 -1
0.1 96 97 -1
0.1 731 98 -1
0.1 95 732 -1
0.1 99 100 -1
0.1 101 102 -1
0.1 735 103 -1
0.1 734 736 -1
0.1 733 737 -1
0.1 94 738 -1
0.1 106 107 -1
0.1 105 740 -1
0.1 110 111 -1
0.1 112 113 -1
0.1 114 115 -1
0.1 743 744 -1
0.1 742 745 -1
0.1 116 117 -1
0.1 746 747 -1
0.1 748 118 -1
0.1 109 749 -1
0.1 119 120 -1
0.1 751 121 -1
0.1 122 123 -1
0.1 753 124 -1
0.1 752 754 -1
0.1 130 131 -1
0.1 129 756 -1
0.1 132 133 -1
0.1 134 135 -1
0.1 136 137 -1
0.1 759 760 -1
0.1 758 761 -1
0.1 762 138 -1
0.1 757 763 -1
0.1 128 764 -1
0.1 127 765 -1
0.1 126 766 -1
0.1 125 767 -1
0.1 755 768 -1
0.1 750 769 -1
0.1 770 139 -1
0.1 108 771 -1
0.1 140 141 -1
0.1 142 143 -1
0.1 144 145 -1
0.1 774 775 -1
0.1 773 776 -1
0.1 146 147 -1
0.1 777 778 -1
0.1 779 148 -1
0.1 780 149 -1
0.1 772 781 -1
0.1 741 782 -1
0.1 104 783 -1
0.1 150 151 -1
0.1 785 152 -1
0.1 786 153 -1
0.1 155 156 -1
0.1 788 157 -1
0.1 154 789 -1
0.1 158 159 -1
0.1 160 161 -1
0.1 791 792 -1
0.1 162 163 -1
0.1 793 794 -1
0.1 790 795 -1
0.1 787 796 -1
0.1 164 165 -1
0.1 797 798 -1
0.1 167 168 -1
0.1 166 800 -1
0.1 801 169 -1
0.1 170 171 -1
0.1 802 803 -1
0.1 172 173 -1
0.1 805 174 -1
0.1 804 806 -1
0.1 799 807 -1
0.1 784 808 -1
0.1 809 175 -1
0.1 182 183 -1
0.1 181 811 -1
0.1 180 812 -1
0.1 185 186 -1
0.1 184 814 -1
0.1 813 815 -1
0.1 179 816 -1
0.1 178 817 -1
0.1 818 187 -1
0.1 177 819 -1
0.1 176 820 -1
0.1 188 189 -1
0.1 190 191 -1
0.1 823 192 -1
0.1 193 194 -1
0.1 195 196 -1
0.1 825 826 -1
0.1 824 827 -1
0.1 197 198 -1
0.1 829 199 -1
0.1 828 830 -1
0.1 200 201 -1
0.1 832 202 -1
0.1 204 205 -1
0.1 203 834 -1
0.1 206 207 -1
0.1 835 836 -1
0.1 208 209 -1
0.1 837 838 -1
0.1 833 839 -1
0.1 831 840 -1
0.1 210 211 -1
0.1 213 214 -1
0.1 212 843 -1
0.1 842 844 -1
0.1 217 218 -1
0.1 216 846 -1
0.1 219 220 -1
0.1 847 848 -1
0.1 222 223 -1
0.1 224 225 -1
0.1 228 229 -1
0.1 227 852 -1
0.1 230 231 -1
0.1 853 854 -1
0.1 226 855 -1
0.1 851 856 -1
0.1 850 857 -1
0.1 233 234 -1
0.1 232 859 -1
0.1 858 860 -1
0.1 221 861 -1
0.1 862 235 -1
0.1 849 863 -1
0.1 215 864 -1
0.1 845 865 -1
0.1 841 866 -1
0.1 237 238 -1
0.1 236 868 -1
0.1 240 241 -1
0.1 242 243 -1
0.1 870 871 -1
0.1 239 872 -1
0.1 245 246 -1
0.1 244 874 -1
0.1 873 875 -1
0.1 252 253 -1
0.1 254 255 -1
0.1 877 878 -1
0.1 251 879 -1
0.1 250 880 -1
0.1 249 881 -1
0.1 882 256 -1
0.1 248 883 -1
0.1 247 884 -1
0.1 876 885 -1
0.1 257 258 -1
0.1 887 259 -1
0.1 886 888 -1
0.1 869 889 -1
0.1 867 890 -1
0.1 261 262 -1
0.1 260 892 -1
0.1 263 264 -1
0.1 893 894 -1
0.1 265 266 -1
0.1 268 269 -1
0.1 267 897 -1
0.1 896 898 -1
0.1 895 899 -1
0.1 891 900 -1
0.1 822 901 -1
0.1 821 902 -1
0.1 810 903 -1
0.1 739 904 -1
0.1 271 272 -1
0.1 270 906 -1
0.1 907 273 -1
0.1 908 274 -1
0.1 277 278 -1
0.1 910 279 -1
0.1 276 911 -1
0.1 275 912 -1
0.1 909 913 -1
0.1 905 914 -1
0.1 281 282 -1
0.1 280 916 -1
0.1 915 917 -1
0.1 730 918 -1
0.1 716 919 -1
0.1 715 920 -1
0.1 284 285 -1
0.1 286 287 -1
0.1 922 923 -1
0.1 924 288 -1
0.1 283 925 -1
0.1 290 291 -1
0.1 292 293 -1
0.1 298 299 -1
0.1 297 929 -1
0.1 930 300 -1
0.1 296 931 -1
0.1 295 932 -1
0.1 301 302 -1
0.1 933 934 -1
0.1 935 303 -1
0.1 294 936 -1
0.1 928 937 -1
0.1 938 304 -1
0.1 927 939 -1
0.1 307 308 -1
0.1 306 941 -1
0.1 305 942 -1
0.1 310 311 -1
0.1 944 312 -1
0.1 945 313 -1
0.1 314 315 -1
0.1 947 316 -1
0.1 946 948 -1
0.1 317 318 -1
0.1 949 950 -1
0.1 309 951 -1
0.1 943 952 -1
0.1 940 953 -1
0.1 289 954 -1
0.1 955 319 -1
0.1 926 956 -1
0.1 321 322 -1
0.1 326 327 -1
0.1 329 330 -1
0.1 328 960 -1
0.1 959 961 -1
0.1 332 333 -1
0.1 963 334 -1
0.1 964 335 -1
0.1 331 965 -1
0.1 962 966 -1
0.1 336 337 -1
0.1 339 340 -1
0.1 342 343 -1
0.1 970 344 -1
0.1 345 346 -1
0.1 347 348 -1
0.1 972 973 -1
0.1 349 350 -1
0.1 974 975 -1
0.1 971 976 -1
0.1 341 977 -1
0.1 351 352 -1
0.1 978 979 -1
0.1 969 980 -1
0.1 338 981 -1
0.1 968 982 -1
0.1 967 983 -1
0.1 984 353 -1
0.1 985 354 -1
0.1 325 986 -1
0.1 987 355 -1
0.1 324 988 -1
0.1 357 358 -1
0.1 356 990 -1
0.1 359 360 -1
0.1 361 362 -1
0.1 992 993 -1
0.1 991 994 -1
0.1 363 364 -1
0.1 996 365 -1
0.1 995 997 -1
0.1 998 366 -1
0.1 989 999 -1
0.1 323 1000 -1
0.1 958 1001 -1
0.1 368 369 -1
0.1 367 1003 -1
0.1 372 373 -1
0.1 371 1005 -1
0.1 370 1006 -1
0.1 374 375 -1
0.1 1008 376 -1
0.1 1007 1009 -1
0.1 1010 377 -1
0.1 1004 1011 -1
0.1 1012 378 -1
0.1 1002 1013 -1
0.1 320 1014 -1
0.1 957 1015 -1
0.1 381 382 -1
0.1 380 1017 -1
0.1 384 385 -1
0.1 383 1019 -1
0.1 1018 1020 -1
0.1 379 1021 -1
0.1 387 388 -1
0.1 386 1023 -1
0.1 1022 1024 -1
0.1 392 393 -1
0.1 391 1026 -1
0.1 1027 394 -1
0.1 396 397 -1
0.1 395 1029 -1
0.1 1030 398 -1
0.1 1031 399 -1
0.1 1028 1032 -1
0.1 390 1033 -1
0.1 389 1034 -1
0.1 1025 1035 -1
0.1 1036 400 -1
0.1 1016 1037 -1
0.1 403 404 -1
0.1 402 1039 -1
0.1 405 406 -1
0.1 1040 1041 -1
0.1 401 1042 -1
0.1 407 408 -1
0.1 1044 409 -1
0.1 1045 410 -1
0.1 411 412 -1
0.1 413 414 -1
0.1 416 417 -1
0.1 415 1049 -1
0.1 1048 1050 -1
0.1 1047 1051 -1
0.1 418 419 -1
0.1 1052 1053 -1
0.1 1054 420 -1
0.1 1046 1055 -1
0.1 1043 1056 -1
0.1 421 422 -1
0.1 423 424 -1
0.1 1058 1059 -1
0.1 427 428 -1
0.1 1061 429 -1
0.1 426 1062 -1
0.1 430 431 -1
0.1 1064 432 -1
0.1 1063 1065 -1
0.1 425 1066 -1
0.1 1060 1067 -1
0.1 434 435 -1
0.1 433 1069 -1
0.1 436 437 -1
0.1 1071 438 -1
0.1 439 440 -1
0.1 441 442 -1
0.1 1073 1074 -1
0.1 1072 1075 -1
0.1 1070 1076 -1
0.1 1068 1077 -1
0.1 1078 443 -1
0.1 1057 1079 -1
0.1 444 445 -1
0.1 447 448 -1
0.1 446 1082 -1
0.1 1081 1083 -1
0.1 449 450 -1
0.1 1085 451 -1
0.1 1084 1086 -1
0.1 453 454 -1
0.1 452 1088 -1
0.1 1087 1089 -1
0.1 1090 455 -1
0.1 1091 456 -1
0.1 1080 1092 -1
0.1 458 459 -1
0.1 460 461 -1
0.1 1094 1095 -1
0.1 462 463 -1
0.1 464 465 -1
0.1 467 468 -1
0.1 466 1099 -1
0.1 1098 1100 -1
0.1 1097 1101 -1
0.1 469 470 -1
0.1 1103 471 -1
0.1 1102 1104 -1
0.1 474 475 -1
0.1 473 1106 -1
0.1 1107 476 -1
0.1 477 478 -1
0.1 479 480 -1
0.1 481 482 -1
0.1 1110 1111 -1
0.1 1109 1112 -1
0.1 1108 1113 -1
0.1 472 1114 -1
0.1 1115 483 -1
0.1 484 485 -1
0.1 486 487 -1
0.1 488 489 -1
0.1 1118 1119 -1
0.1 491 492 -1
0.1 490 1121 -1
0.1 1120 1122 -1
0.1 494 495 -1
0.1 493 1124 -1
0.1 1123 1125 -1
0.1 498 499 -1
0.1 501 502 -1
0.1 500 1128 -1
0.1 1127 1129 -1
0.1 505 506 -1
0.1 504 1131 -1
0.1 503 1132 -1
0.1 1130 1133 -1
0.1 497 1134 -1
0.1 496 1135 -1
0.1 508 509 -1
0.1 1137 510 -1
0.1 511 512 -1
0.1 1138 1139 -1
0.1 514 515 -1
0.1 516 517 -1
0.1 1141 1142 -1
0.1 513 1143 -1
0.1 1140 1144 -1
0.1 507 1145 -1
0.1 1136 1146 -1
0.1 519 520 -1
0.1 518 1148 -1
0.1 523 524 -1
0.1 522 1150 -1
0.1 525 526 -1
0.1 528 529 -1
0.1 1153 530 -1
0.1 527 1154 -1
0.1 1152 1155 -1
0.1 1151 1156 -1
0.1 521 1157 -1
0.1 1149 1158 -1
0.1 531 532 -1
0.1 534 535 -1
0.1 533 1161 -1
0.1 1160 1162 -1
0.1 1159 1163 -1
0.1 1147 1164 -1
0.1 536 537 -1
0.1 538 539 -1
0.1 542 543 -1
0.1 541 1168 -1
0.1 540 1169 -1
0.1 1167 1170 -1
0.1 544 545 -1
0.1 546 547 -1
0.1 1172 1173 -1
0.1 1171 1174 -1
0.1 551 552 -1
0.1 1176 553 -1
0.1 550 1177 -1
0.1 549 1178 -1
0.1 548 1179 -1
0.1 554 555 -1
0.1 1180 1181 -1
0.1 557 558 -1
0.1 556 1183 -1
0.1 1182 1184 -1
0.1 1175 1185 -1
0.1 1166 1186 -1
0.1 1165 1187 -1
0.1 560 561 -1
0.1 564 565 -1
0.1 563 1190 -1
0.1 562 1191 -1
0.1 1189 1192 -1
0.1 559 1193 -1
0.1 1188 1194 -1
0.1 1126 1195 -1
0.1 1117 1196 -1
0.1 1116 1197 -1
0.1 568 569 -1
0.1 573 574 -1
0.1 1200 575 -1
0.1 572 1201 -1
0.1 576 577 -1
0.1 1202 1203 -1
0.1 571 1204 -1
0.1 570 1205 -1
0.1 1199 1206 -1
0.1 567 1207 -1
0.1 566 1208 -1
0.1 578 579 -1
0.1 580 581 -1
0.1 583 584 -1
0.1 582 1212 -1
0.1 1211 1213 -1
0.1 1214 585 -1
0.1 586 587 -1
0.1 1215 1216 -1
0.1 589 590 -1
0.1 591 592 -1
0.1 1218 1219 -1
0.1 593 594 -1
0.1 1220 1221 -1
0.1 596 597 -1
0.1 1223 598 -1
0.1 595 1224 -1
0.1 1222 1225 -1
0.1 588 1226 -1
0.1 1217 1227 -1
0.1 1210 1228 -1
0.1 1229 599 -1
0.1 1209 1230 -1
0.1 1198 1231 -1
0.1 1105 1232 -1
0.1 602 603 -1
0.1 601 1234 -1
0.1 600 1235 -1
0.1 605 606 -1
0.1 1237 607 -1
0.1 604 1238 -1
0.1 1236 1239 -1
0.1 1233 1240 -1
0.1 608 609 -1
0.1 1241 1242 -1
0.1 1096 1243 -1
0.1 457 1244 -1
0.1 1093 1245 -1
0.1 611 612 -1
0.1 610 1247 -1
0.1 615 616 -1
0.1 1249 617 -1
0.1 1250 618 -1
0.1 619 620 -1
0.1 1251 1252 -1
0.1 614 1253 -1
0.1 624 625 -1
0.1 623 1255 -1
0.1 622 1256 -1
0.1 621 1257 -1
0.1 1254 1258 -1
0.1 1259 626 -1
0.1 629 630 -1
0.1 628 1261 -1
0.1 1262 631 -1
0.1 633 634 -1
0.1 635 636 -1
0.1 1264 1265 -1
0.1 632 1266 -1
0.1 1263 1267 -1
0.1 637 638 -1
0.1 1268 1269 -1
0.1 627 1270 -1
0.1 639 640 -1
0.1 1271 1272 -1
0.1 1260 1273 -1
0.1 613 1274 -1
0.1 1248 1275 -1
0.1 1246 1276 -1
0.1 1038 1277 -1
0.1 921 1278 -1
