1 0 0 1
1 0 0 2
1 0 0 2
1 0 0 2
1 0 0 2
1 0 0 2
1 0 0 3
1 0 0 3
1 0 0 3
1 0 0 3
1 0 0 3
1 0 0 4
1 0 0 5
1 0 0 5
1 0 0 5
1 0 0 5
1 0 0 5
1 0 0 6
1 0 0 6
1 0 0 6
1 0 0 6
1 0 0 6
1 0 0 4
1 0 0 4
1 0 0 7
1 0 0 7
1 0 0 7
1 0 0 7
1 0 0 7
1 0 0 8
1 0 0 8
1 0 0 8
1 0 0 8
1 0 0 8
1 0 0 4
1 0 0 4
1 0 0 9
1 0 0 9
1 0 0 9
1 0 0 9
1 0 0 9
1 0 0 10
1 0 0 10
1 0 0 10
1 0 0 10
1 0 0 10
1 0 0 11
1 0 0 11
1 0 0 11
1 0 0 11
1 0 0 11
1 0 0 1
1 0 0 1
1 0 0 12
1 0 0 12
1 0 0 12
1 0 0 12
1 0 0 12
1 0 0 13
1 0 0 13
1 0 0 14
1 0 0 14
1 0 0 14
1 0 0 14
1 0 0 14
1 0 0 13
1 0 0 13
1 0 0 13
1 0 0 15
1 0 0 15
1 0 0 15
1 0 0 15
1 0 0 15
1 0 0 16
1 0 0 16
1 0 0 16
1 0 0 16
1 0 0 16
1 0 0 17
1 0 0 17
1 0 0 17
1 0 0 17
1 0 0 17
1 0 0 18
1 0 0 18
1 0 0 18
1 0 0 18
1 0 0 18
1 0 0 19
1 0 0 20
1 0 0 20
1 0 0 20
1 0 0 20
1 0 0 20
1 0 0 19
1 0 0 19
1 0 0 21
1 0 0 21
1 0 0 21
1 0 0 21
1 0 0 21
1 0 0 19
1 0 0 19
1 0 0 1
1 0 0 1
1 0 0 22
1 0 0 22
1 0 0 22
1 0 0 22
1 0 0 22
1 0 0 23
1 0 0 24
1 0 0 24
1 0 0 24
1 0 0 24
1 0 0 24
1 0 0 23
1 0 0 23
1 0 0 23
1 0 0 23
1 0 0 25
1 0 0 26
1 0 0 26
1 0 0 26
1 0 0 26
1 0 0 26
1 0 0 25
1 0 0 25
1 0 0 25
1 0 0 25
1 0 0 27
1 0 0 28
1 0 0 29
1 0 0 29
1 0 0 29
1 0 0 29
1 0 0 29
1 0 0 28
1 0 0 28
1 0 0 30
1 0 0 30
1 0 0 30
1 0 0 30
1 0 0 30
1 0 0 27
1 0 0 27
1 0 0 27
1 0 0 27
1 0 0 28
1 0 0 28
1 0 0 31
1 0 0 31
1 0 0 31
1 0 0 31
1 0 0 31
1 0 0 32
1 0 0 32
1 0 0 32
1 0 0 32
1 0 0 32
1 0 0 33
1 0 0 33
1 0 0 33
1 0 0 33
1 0 0 33
1 0 0 34
1 0 0 34
1 0 0 34
1 0 0 34
1 0 0 34
1 0 0 35
1 0 0 35
1 0 0 35
1 0 0 35
1 0 0 35
1 0 0 36
1 0 0 36
1 0 0 36
1 0 0 36
1 0 0 36
0.1 3 4 -1
0.1 2 181 -1
0.1 5 6 -1
0.1 182 183 -1
0.1 7 8 -1
0.1 10 11 -1
0.1 9 186 -1
0.1 185 187 -1
0.1 13 14 -1
0.1 16 17 -1
0.1 15 190 -1
0.1 189 191 -1
0.1 19 20 -1
0.1 18 193 -1
0.1 21 22 -1
0.1 194 195 -1
0.1 192 196 -1
0.1 197 23 -1
0.1 12 198 -1
0.1 26 27 -1
0.1 200 28 -1
0.1 201 29 -1
0.1 25 202 -1
0.1 33 34 -1
0.1 32 204 -1
0.1 31 205 -1
0.1 30 206 -1
0.1 203 207 -1
0.1 24 208 -1
0.1 199 209 -1
0.1 35 36 -1
0.1 37 38 -1
0.1 39 40 -1
0.1 213 41 -1
0.1 212 214 -1
0.1 211 215 -1
0.1 210 216 -1
0.1 188 217 -1
0.1 184 218 -1
0.1 43 44 -1
0.1 45 46 -1
0.1 220 221 -1
0.1 42 222 -1
0.1 219 223 -1
0.1 47 48 -1
0.1 50 51 -1
0.1 49 226 -1
0.1 225 227 -1
0.1 224 228 -1
0.1 1 229 -1
0.1 52 53 -1
0.1 55 56 -1
0.1 57 58 -1
0.1 232 233 -1
0.1 54 234 -1
0.1 64 65 -1
0.1 63 236 -1
0.1 62 237 -1
0.1 61 238 -1
0.1 60 239 -1
0.1 66 67 -1
0.1 241 68 -1
0.1 240 242 -1
0.1 59 243 -1
0.1 69 70 -1
0.1 71 72 -1
0.1 246 73 -1
0.1 245 247 -1
0.1 244 248 -1
0.1 235 249 -1
0.1 74 75 -1
0.1 76 77 -1
0.1 252 78 -1
0.1 251 253 -1
0.1 80 81 -1
0.1 82 83 -1
0.1 255 256 -1
0.1 79 257 -1
0.1 85 86 -1
0.1 87 88 -1
0.1 259 260 -1
0.1 84 261 -1
0.1 90 91 -1
0.1 92 93 -1
0.1 264 94 -1
0.1 263 265 -1
0.1 95 96 -1
0.1 266 267 -1
0.1 89 268 -1
0.1 98 99 -1
0.1 97 270 -1
0.1 100 101 -1
0.1 271 272 -1
0.1 102 103 -1
0.1 273 274 -1
0.1 269 275 -1
0.1 262 276 -1
0.1 258 277 -1
0.1 254 278 -1
0.1 250 279 -1
0.1 231 280 -1
0.1 107 108 -1
0.1 282 109 -1
0.1 106 283 -1
0.1 284 110 -1
0.1 105 285 -1
0.1 104 286 -1
0.1 281 287 -1
0.1 230 288 -1
0.1 114 115 -1
0.1 113 290 -1
0.1 291 116 -1
0.1 112 292 -1
0.1 111 293 -1
0.1 117 118 -1
0.1 119 120 -1
0.1 125 126 -1
0.1 124 297 -1
0.1 123 298 -1
0.1 122 299 -1
0.1 121 300 -1
0.1 128 129 -1
0.1 302 130 -1
0.1 127 303 -1
0.1 301 304 -1
0.1 296 305 -1
0.1 295 306 -1
0.1 294 307 -1
0.1 135 136 -1
0.1 134 309 -1
0.1 310 137 -1
0.1 133 311 -1
0.1 132 312 -1
0.1 138 139 -1
0.1 313 314 -1
0.1 141 142 -1
0.1 140 316 -1
0.1 315 317 -1
0.1 131 318 -1
0.1 143 144 -1
0.1 319 320 -1
0.1 146 147 -1
0.1 145 322 -1
0.1 323 148 -1
0.1 149 150 -1
0.1 156 157 -1
0.1 158 159 -1
0.1 327 160 -1
0.1 326 328 -1
0.1 155 329 -1
0.1 154 330 -1
0.1 162 163 -1
0.1 161 332 -1
0.1 164 165 -1
0.1 333 334 -1
0.1 168 169 -1
0.1 167 336 -1
0.1 166 337 -1
0.1 335 338 -1
0.1 339 170 -1
0.1 171 172 -1
0.1 173 174 -1
0.1 341 342 -1
0.1 343 175 -1
0.1 340 344 -1
0.1 331 345 -1
0.1 153 346 -1
0.1 152 347 -1
0.1 151 348 -1
0.1 325 349 -1
0.1 324 350 -1
0.1 321 351 -1
0.1 177 178 -1
0.1 179 180 -1
0.1 353 354 -1
0.1 176 355 -1
0.1 352 356 -1
0.1 308 357 -1
0.1 289 358 -1
