1 0 0 1
1 0 0 1
1 0 0 2
1 0 0 2
1 0 0 2
1 0 0 2
1 0 0 2
1 0 0 2
1 0 0 2
1 0 0 2
1 0 0 2
1 0 0 2
1 0 0 3
1 0 0 3
1 0 0 3
1 0 0 3
1 0 0 3
1 0 0 3
1 0 0 4
1 0 0 4
1 0 0 4
1 0 0 4
1 0 0 4
1 0 0 4
1 0 0 4
1 0 0 4
1 0 0 4
1 0 0 4
1 0 0 3
1 0 0 3
1 0 0 3
1 0 0 3
1 0 0 5
1 0 0 5
1 0 0 5
1 0 0 5
1 0 0 5
1 0 0 5
1 0 0 6
1 0 0 6
1 0 0 6
1 0 0 6
1 0 0 6
1 0 0 6
1 0 0 6
1 0 0 6
1 0 0 6
1 0 0 6
1 0 0 5
1 0 0 5
1 0 0 5
1 0 0 5
1 0 0 7
1 0 0 7
1 0 0 7
1 0 0 7
1 0 0 7
1 0 0 7
1 0 0 7
1 0 0 7
1 0 0 7
1 0 0 7
1 0 0 1
1 0 0 1
1 0 0 1
1 0 0 1
1 0 0 1
1 0 0 1
1 0 0 1
1 0 0 1
1 0 0 8
1 0 0 8
1 0 0 8
1 0 0 8
1 0 0 8
1 0 0 8
1 0 0 8
1 0 0 8
1 0 0 9
1 0 0 9
1 0 0 9
1 0 0 9
1 0 0 9
1 0 0 9
1 0 0 9
1 0 0 9
1 0 0 9
1 0 0 9
1 0 0 10
1 0 0 11
1 0 0 11
1 0 0 11
1 0 0 11
1 0 0 11
1 0 0 11
1 0 0 11
1 0 0 11
1 0 0 11
1 0 0 11
1 0 0 10
1 0 0 10
1 0 0 10
1 0 0 10
1 0 0 12
1 0 0 12
1 0 0 12
1 0 0 12
1 0 0 12
1 0 0 12
1 0 0 12
1 0 0 12
1 0 0 12
1 0 0 12
1 0 0 10
1 0 0 10
1 0 0 10
1 0 0 10
1 0 0 10
1 0 0 13
1 0 0 13
1 0 0 13
1 0 0 13
1 0 0 13
1 0 0 13
1 0 0 13
1 0 0 13
1 0 0 13
1 0 0 13
1 0 0 14
1 0 0 14
1 0 0 14
1 0 0 14
1 0 0 14
1 0 0 14
1 0 0 14
1 0 0 14
1 0 0 14
1 0 0 14
1 0 0 15
1 0 0 15
1 0 0 15
1 0 0 15
1 0 0 15
1 0 0 15
1 0 0 15
1 0 0 15
1 0 0 15
1 0 0 15
1 0 0 16
1 0 0 16
1 0 0 16
1 0 0 16
1 0 0 16
1 0 0 16
1 0 0 16
1 0 0 16
1 0 0 16
1 0 0 16
1 0 0 17
1 0 0 17
1 0 0 17
1 0 0 17
1 0 0 17
1 0 0 17
1 0 0 17
1 0 0 17
1 0 0 17
1 0 0 17
1 0 0 18
1 0 0 19
1 0 0 19
1 0 0 19
1 0 0 19
1 0 0 19
1 0 0 19
1 0 0 19
1 0 0 19
1 0 0 19
1 0 0 19
1 0 0 18
1 0 0 18
1 0 0 18
1 0 0 18
1 0 0 18
1 0 0 18
1 0 0 18
1 0 0 18
1 0 0 18
1 0 0 20
1 0 0 20
1 0 0 20
1 0 0 20
1 0 0 20
1 0 0 20
1 0 0 20
1 0 0 20
1 0 0 20
1 0 0 20
1 0 0 21
1 0 0 22
1 0 0 22
1 0 0 22
1 0 0 22
1 0 0 22
1 0 0 22
1 0 0 22
1 0 0 22
1 0 0 22
1 0 0 22
1 0 0 21
1 0 0 23
1 0 0 23
1 0 0 23
1 0 0 23
1 0 0 23
1 0 0 23
1 0 0 23
1 0 0 23
1 0 0 23
1 0 0 23
1 0 0 24
1 0 0 24
1 0 0 24
1 0 0 24
1 0 0 24
1 0 0 24
1 0 0 24
1 0 0 24
1 0 0 24
1 0 0 24
1 0 0 25
1 0 0 25
1 0 0 25
1 0 0 25
1 0 0 25
1 0 0 25
1 0 0 25
1 0 0 26
1 0 0 26
1 0 0 26
1 0 0 26
1 0 0 26
1 0 0 26
1 0 0 26
1 0 0 26
1 0 0 26
1 0 0 26
1 0 0 25
1 0 0 25
1 0 0 25
1 0 0 21
1 0 0 21
1 0 0 27
1 0 0 27
1 0 0 27
1 0 0 27
1 0 0 27
1 0 0 27
1 0 0 27
1 0 0 27
1 0 0 27
1 0 0 27
1 0 0 21
1 0 0 28
1 0 0 28
1 0 0 28
1 0 0 28
1 0 0 28
1 0 0 28
1 0 0 28
1 0 0 28
1 0 0 28
1 0 0 28
1 0 0 21
1 0 0 21
1 0 0 21
1 0 0 29
1 0 0 29
1 0 0 29
1 0 0 29
1 0 0 29
1 0 0 29
1 0 0 29
1 0 0 29
1 0 0 29
1 0 0 29
1 0 0 21
1 0 0 21
1 0 0 30
1 0 0 30
1 0 0 30
1 0 0 30
1 0 0 30
1 0 0 30
1 0 0 31
1 0 0 31
1 0 0 31
1 0 0 31
1 0 0 31
1 0 0 31
1 0 0 31
1 0 0 31
1 0 0 31
1 0 0 31
1 0 0 32
1 0 0 32
1 0 0 32
1 0 0 32
1 0 0 32
1 0 0 32
1 0 0 32
1 0 0 32
1 0 0 32
1 0 0 32
1 0 0 30
1 0 0 30
1 0 0 30
1 0 0 30
1 0 0 8
1 0 0 8
1 0 0 33
1 0 0 33
1 0 0 33
1 0 0 33
1 0 0 34
1 0 0 34
1 0 0 34
1 0 0 34
1 0 0 34
1 0 0 34
1 0 0 34
1 0 0 34
1 0 0 34
1 0 0 34
1 0 0 35
1 0 0 35
1 0 0 35
1 0 0 35
1 0 0 35
1 0 0 35
1 0 0 35
1 0 0 35
1 0 0 35
1 0 0 35
1 0 0 33
1 0 0 33
1 0 0 33
1 0 0 33
1 0 0 33
1 0 0 33
1 0 0 36
1 0 0 36
1 0 0 36
1 0 0 37
1 0 0 37
1 0 0 37
1 0 0 37
1 0 0 37
1 0 0 37
1 0 0 37
1 0 0 37
1 0 0 37
1 0 0 37
1 0 0 36
1 0 0 36
1 0 0 36
1 0 0 36
1 0 0 36
1 0 0 36
1 0 0 38
1 0 0 38
1 0 0 38
1 0 0 38
1 0 0 38
1 0 0 38
1 0 0 38
1 0 0 38
1 0 0 38
1 0 0 38
1 0 0 39
1 0 0 39
1 0 0 39
1 0 0 40
1 0 0 40
1 0 0 40
1 0 0 40
1 0 0 40
1 0 0 40
1 0 0 40
1 0 0 40
1 0 0 40
1 0 0 40
1 0 0 41
1 0 0 41
1 0 0 41
1 0 0 41
1 0 0 41
1 0 0 41
1 0 0 41
1 0 0 41
1 0 0 41
1 0 0 41
1 0 0 39
1 0 0 42
1 0 0 42
1 0 0 42
1 0 0 42
1 0 0 42
1 0 0 42
1 0 0 42
1 0 0 42
1 0 0 42
1 0 0 42
1 0 0 39
1 0 0 39
1 0 0 39
1 0 0 39
1 0 0 39
1 0 0 39
1 0 0 43
1 0 0 43
1 0 0 43
1 0 0 43
1 0 0 43
1 0 0 43
1 0 0 43
1 0 0 43
1 0 0 43
1 0 0 43
1 0 0 44
1 0 0 44
1 0 0 44
1 0 0 44
1 0 0 44
1 0 0 44
1 0 0 44
1 0 0 44
1 0 0 44
1 0 0 44
1 0 0 45
1 0 0 45
1 0 0 45
1 0 0 45
1 0 0 45
1 0 0 45
1 0 0 45
1 0 0 45
1 0 0 45
1 0 0 45
1 0 0 46
1 0 0 46
1 0 0 47
1 0 0 47
1 0 0 47
1 0 0 47
1 0 0 47
1 0 0 47
1 0 0 47
1 0 0 47
1 0 0 47
1 0 0 47
1 0 0 48
1 0 0 48
1 0 0 48
1 0 0 48
1 0 0 48
1 0 0 48
1 0 0 48
1 0 0 48
1 0 0 48
1 0 0 48
1 0 0 49
1 0 0 49
1 0 0 49
1 0 0 49
1 0 0 49
1 0 0 49
1 0 0 50
1 0 0 50
1 0 0 50
1 0 0 50
1 0 0 50
1 0 0 50
1 0 0 50
1 0 0 50
1 0 0 50
1 0 0 50
1 0 0 49
1 0 0 49
1 0 0 49
1 0 0 49
1 0 0 46
1 0 0 46
1 0 0 46
1 0 0 46
1 0 0 46
1 0 0 46
1 0 0 46
1 0 0 46
1 0 0 36
0.1 1 2 -1
0.1 4 5 -1
0.1 502 6 -1
0.1 503 7 -1
0.1 8 9 -1
0.1 504 505 -1
0.1 10 11 -1
0.1 507 12 -1
0.1 506 508 -1
0.1 3 509 -1
0.1 15 16 -1
0.1 14 511 -1
0.1 13 512 -1
0.1 17 18 -1
0.1 20 21 -1
0.1 22 23 -1
0.1 515 516 -1
0.1 25 26 -1
0.1 27 28 -1
0.1 518 519 -1
0.1 24 520 -1
0.1 517 521 -1
0.1 19 522 -1
0.1 30 31 -1
0.1 29 524 -1
0.1 523 525 -1
0.1 526 32 -1
0.1 514 527 -1
0.1 513 528 -1
0.1 34 35 -1
0.1 37 38 -1
0.1 42 43 -1
0.1 41 532 -1
0.1 40 533 -1
0.1 45 46 -1
0.1 44 535 -1
0.1 47 48 -1
0.1 536 537 -1
0.1 534 538 -1
0.1 39 539 -1
0.1 540 49 -1
0.1 541 50 -1
0.1 531 542 -1
0.1 36 543 -1
0.1 51 52 -1
0.1 544 545 -1
0.1 530 546 -1
0.1 33 547 -1
0.1 529 548 -1
0.1 55 56 -1
0.1 54 550 -1
0.1 53 551 -1
0.1 57 58 -1
0.1 59 60 -1
0.1 61 62 -1
0.1 554 555 -1
0.1 553 556 -1
0.1 552 557 -1
0.1 549 558 -1
0.1 510 559 -1
0.1 501 560 -1
0.1 64 65 -1
0.1 63 562 -1
0.1 66 67 -1
0.1 564 68 -1
0.1 69 70 -1
0.1 565 566 -1
0.1 563 567 -1
0.1 561 568 -1
0.1 72 73 -1
0.1 75 76 -1
0.1 74 571 -1
0.1 572 77 -1
0.1 570 573 -1
0.1 71 574 -1
0.1 81 82 -1
0.1 80 576 -1
0.1 79 577 -1
0.1 83 84 -1
0.1 85 86 -1
0.1 87 88 -1
0.1 580 581 -1
0.1 579 582 -1
0.1 578 583 -1
0.1 584 89 -1
0.1 90 91 -1
0.1 92 93 -1
0.1 95 96 -1
0.1 98 99 -1
0.1 97 589 -1
0.1 588 590 -1
0.1 94 591 -1
0.1 587 592 -1
0.1 586 593 -1
0.1 100 101 -1
0.1 102 103 -1
0.1 104 105 -1
0.1 106 107 -1
0.1 597 598 -1
0.1 109 110 -1
0.1 600 111 -1
0.1 108 601 -1
0.1 112 113 -1
0.1 602 603 -1
0.1 599 604 -1
0.1 115 116 -1
0.1 114 606 -1
0.1 605 607 -1
0.1 596 608 -1
0.1 595 609 -1
0.1 594 610 -1
0.1 585 611 -1
0.1 117 118 -1
0.1 120 121 -1
0.1 119 614 -1
0.1 615 122 -1
0.1 125 126 -1
0.1 617 127 -1
0.1 124 618 -1
0.1 123 619 -1
0.1 620 128 -1
0.1 616 621 -1
0.1 622 129 -1
0.1 131 132 -1
0.1 130 624 -1
0.1 625 133 -1
0.1 135 136 -1
0.1 134 627 -1
0.1 137 138 -1
0.1 628 629 -1
0.1 626 630 -1
0.1 623 631 -1
0.1 613 632 -1
0.1 612 633 -1
0.1 139 140 -1
0.1 142 143 -1
0.1 141 636 -1
0.1 144 145 -1
0.1 146 147 -1
0.1 638 639 -1
0.1 640 148 -1
0.1 637 641 -1
0.1 635 642 -1
0.1 149 150 -1
0.1 152 153 -1
0.1 151 645 -1
0.1 644 646 -1
0.1 155 156 -1
0.1 648 157 -1
0.1 154 649 -1
0.1 647 650 -1
0.1 651 158 -1
0.1 159 160 -1
0.1 653 161 -1
0.1 162 163 -1
0.1 164 165 -1
0.1 656 166 -1
0.1 167 168 -1
0.1 657 658 -1
0.1 655 659 -1
0.1 654 660 -1
0.1 652 661 -1
0.1 643 662 -1
0.1 634 663 -1
0.1 78 664 -1
0.1 575 665 -1
0.1 569 666 -1
0.1 170 171 -1
0.1 175 176 -1
0.1 174 669 -1
0.1 177 178 -1
0.1 670 671 -1
0.1 173 672 -1
0.1 172 673 -1
0.1 668 674 -1
0.1 675 179 -1
0.1 676 180 -1
0.1 169 677 -1
0.1 182 183 -1
0.1 187 188 -1
0.1 186 680 -1
0.1 185 681 -1
0.1 184 682 -1
0.1 679 683 -1
0.1 181 684 -1
0.1 678 685 -1
0.1 189 190 -1
0.1 192 193 -1
0.1 191 688 -1
0.1 194 195 -1
0.1 197 198 -1
0.1 196 691 -1
0.1 690 692 -1
0.1 689 693 -1
0.1 687 694 -1
0.1 695 199 -1
0.1 201 202 -1
0.1 204 205 -1
0.1 203 698 -1
0.1 699 206 -1
0.1 207 208 -1
0.1 701 209 -1
0.1 700 702 -1
0.1 697 703 -1
0.1 200 704 -1
0.1 705 210 -1
0.1 211 212 -1
0.1 219 220 -1
0.1 218 708 -1
0.1 217 709 -1
0.1 216 710 -1
0.1 215 711 -1
0.1 214 712 -1
0.1 213 713 -1
0.1 707 714 -1
0.1 706 715 -1
0.1 696 716 -1
0.1 222 223 -1
0.1 718 224 -1
0.1 227 228 -1
0.1 226 720 -1
0.1 225 721 -1
0.1 229 230 -1
0.1 722 723 -1
0.1 719 724 -1
0.1 221 725 -1
0.1 726 231 -1
0.1 727 232 -1
0.1 233 234 -1
0.1 235 236 -1
0.1 729 730 -1
0.1 731 237 -1
0.1 239 240 -1
0.1 241 242 -1
0.1 733 734 -1
0.1 243 244 -1
0.1 245 246 -1
0.1 736 737 -1
0.1 735 738 -1
0.1 739 247 -1
0.1 238 740 -1
0.1 248 249 -1
0.1 741 742 -1
0.1 732 743 -1
0.1 728 744 -1
0.1 745 250 -1
0.1 251 252 -1
0.1 253 254 -1
0.1 256 257 -1
0.1 255 749 -1
0.1 258 259 -1
0.1 261 262 -1
0.1 260 752 -1
0.1 751 753 -1
0.1 750 754 -1
0.1 748 755 -1
0.1 747 756 -1
0.1 746 757 -1
0.1 265 266 -1
0.1 267 268 -1
0.1 759 760 -1
0.1 270 271 -1
0.1 269 762 -1
0.1 761 763 -1
0.1 272 273 -1
0.1 764 765 -1
0.1 264 766 -1
0.1 263 767 -1
0.1 274 275 -1
0.1 278 279 -1
0.1 282 283 -1
0.1 281 771 -1
0.1 280 772 -1
0.1 770 773 -1
0.1 277 774 -1
0.1 285 286 -1
0.1 284 776 -1
0.1 775 777 -1
0.1 276 778 -1
0.1 769 779 -1
0.1 768 780 -1
0.1 758 781 -1
0.1 717 782 -1
0.1 686 783 -1
0.1 290 291 -1
0.1 289 785 -1
0.1 293 294 -1
0.1 292 787 -1
0.1 295 296 -1
0.1 300 301 -1
0.1 790 302 -1
0.1 791 303 -1
0.1 299 792 -1
0.1 793 304 -1
0.1 298 794 -1
0.1 297 795 -1
0.1 789 796 -1
0.1 788 797 -1
0.1 306 307 -1
0.1 799 308 -1
0.1 305 800 -1
0.1 310 311 -1
0.1 309 802 -1
0.1 312 313 -1
0.1 803 804 -1
0.1 805 314 -1
0.1 801 806 -1
0.1 315 316 -1
0.1 807 808 -1
0.1 809 317 -1
0.1 810 318 -1
0.1 798 811 -1
0.1 786 812 -1
0.1 288 813 -1
0.1 287 814 -1
0.1 319 320 -1
0.1 815 816 -1
0.1 784 817 -1
0.1 667 818 -1
0.1 321 322 -1
0.1 326 327 -1
0.1 821 328 -1
0.1 325 822 -1
0.1 332 333 -1
0.1 331 824 -1
0.1 825 334 -1
0.1 330 826 -1
0.1 335 336 -1
0.1 337 338 -1
0.1 339 340 -1
0.1 830 341 -1
0.1 342 343 -1
0.1 831 832 -1
0.1 829 833 -1
0.1 828 834 -1
0.1 835 344 -1
0.1 827 836 -1
0.1 329 837 -1
0.1 823 838 -1
0.1 324 839 -1
0.1 323 840 -1
0.1 345 346 -1
0.1 842 347 -1
0.1 348 349 -1
0.1 843 844 -1
0.1 845 350 -1
0.1 841 846 -1
0.1 352 353 -1
0.1 351 848 -1
0.1 355 356 -1
0.1 357 358 -1
0.1 851 359 -1
0.1 850 852 -1
0.1 354 853 -1
0.1 361 362 -1
0.1 855 363 -1
0.1 360 856 -1
0.1 854 857 -1
0.1 364 365 -1
0.1 859 366 -1
0.1 367 368 -1
0.1 861 369 -1
0.1 370 371 -1
0.1 863 372 -1
0.1 373 374 -1
0.1 376 377 -1
0.1 375 866 -1
0.1 378 379 -1
0.1 867 868 -1
0.1 865 869 -1
0.1 864 870 -1
0.1 381 382 -1
0.1 380 872 -1
0.1 383 384 -1
0.1 385 386 -1
0.1 875 387 -1
0.1 876 388 -1
0.1 390 391 -1
0.1 878 392 -1
0.1 389 879 -1
0.1 877 880 -1
0.1 874 881 -1
0.1 873 882 -1
0.1 393 394 -1
0.1 395 396 -1
0.1 884 885 -1
0.1 397 398 -1
0.1 399 400 -1
0.1 887 888 -1
0.1 401 402 -1
0.1 889 890 -1
0.1 886 891 -1
0.1 883 892 -1
0.1 871 893 -1
0.1 405 406 -1
0.1 407 408 -1
0.1 412 413 -1
0.1 411 897 -1
0.1 410 898 -1
0.1 409 899 -1
0.1 896 900 -1
0.1 895 901 -1
0.1 404 902 -1
0.1 415 416 -1
0.1 417 418 -1
0.1 904 905 -1
0.1 906 419 -1
0.1 414 907 -1
0.1 421 422 -1
0.1 420 909 -1
0.1 424 425 -1
0.1 423 911 -1
0.1 910 912 -1
0.1 426 427 -1
0.1 428 429 -1
0.1 914 915 -1
0.1 913 916 -1
0.1 908 917 -1
0.1 432 433 -1
0.1 431 919 -1
0.1 430 920 -1
0.1 435 436 -1
0.1 434 922 -1
0.1 923 437 -1
0.1 924 438 -1
0.1 925 439 -1
0.1 921 926 -1
0.1 918 927 -1
0.1 903 928 -1
0.1 403 929 -1
0.1 894 930 -1
0.1 862 931 -1
0.1 441 442 -1
0.1 440 933 -1
0.1 443 444 -1
0.1 445 446 -1
0.1 447 448 -1
0.1 936 937 -1
0.1 938 449 -1
0.1 935 939 -1
0.1 934 940 -1
0.1 450 451 -1
0.1 453 454 -1
0.1 943 455 -1
0.1 452 944 -1
0.1 457 458 -1
0.1 459 460 -1
0.1 947 461 -1
0.1 946 948 -1
0.1 456 949 -1
0.1 945 950 -1
0.1 942 951 -1
0.1 941 952 -1
0.1 462 463 -1
0.1 464 465 -1
0.1 467 468 -1
0.1 466 956 -1
0.1 955 957 -1
0.1 470 471 -1
0.1 469 959 -1
0.1 958 960 -1
0.1 954 961 -1
0.1 472 473 -1
0.1 474 475 -1
0.1 963 964 -1
0.1 965 476 -1
0.1 962 966 -1
0.1 480 481 -1
0.1 479 968 -1
0.1 969 482 -1
0.1 484 485 -1
0.1 483 971 -1
0.1 970 972 -1
0.1 973 486 -1
0.1 974 487 -1
0.1 478 975 -1
0.1 488 489 -1
0.1 976 977 -1
0.1 477 978 -1
0.1 490 491 -1
0.1 979 980 -1
0.1 967 981 -1
0.1 493 494 -1
0.1 492 983 -1
0.1 495 496 -1
0.1 984 985 -1
0.1 986 497 -1
0.1 982 987 -1
0.1 953 988 -1
0.1 498 499 -1
0.1 989 990 -1
0.1 991 500 -1
0.1 932 992 -1
0.1 860 993 -1
0.1 858 994 -1
0.1 849 995 -1
0.1 847 996 -1
0.1 820 997 -1
0.1 819 998 -1
