1 0 0 1
1 0 0 1
1 0 0 1
1 0 0 1
1 0 0 1
1 0 0 1
1 0 0 1
1 0 0 1
1 0 0 2
1 0 0 2
1 0 0 2
1 0 0 2
1 0 0 2
1 0 0 3
1 0 0 3
1 0 0 3
1 0 0 3
1 0 0 3
1 0 0 3
1 0 0 3
1 0 0 3
1 0 0 3
1 0 0 3
1 0 0 2
1 0 0 2
1 0 0 2
1 0 0 2
1 0 0 2
1 0 0 4
1 0 0 4
1 0 0 4
1 0 0 4
1 0 0 4
1 0 0 4
1 0 0 5
1 0 0 5
1 0 0 5
1 0 0 5
1 0 0 5
1 0 0 5
1 0 0 5
1 0 0 6
1 0 0 6
1 0 0 6
1 0 0 6
1 0 0 6
1 0 0 6
1 0 0 6
1 0 0 6
1 0 0 6
1 0 0 6
1 0 0 7
1 0 0 7
1 0 0 7
1 0 0 7
1 0 0 7
1 0 0 7
1 0 0 7
1 0 0 7
1 0 0 7
1 0 0 7
1 0 0 8
1 0 0 8
1 0 0 8
1 0 0 8
1 0 0 8
1 0 0 8
1 0 0 8
1 0 0 8
1 0 0 8
1 0 0 8
1 0 0 9
1 0 0 9
1 0 0 9
1 0 0 9
1 0 0 9
1 0 0 9
1 0 0 9
1 0 0 9
1 0 0 9
1 0 0 9
1 0 0 5
1 0 0 5
1 0 0 5
1 0 0 10
1 0 0 10
1 0 0 10
1 0 0 10
1 0 0 10
1 0 0 10
1 0 0 10
1 0 0 10
1 0 0 10
1 0 0 10
1 0 0 11
1 0 0 11
1 0 0 11
1 0 0 11
1 0 0 11
1 0 0 11
1 0 0 11
1 0 0 11
1 0 0 11
1 0 0 11
1 0 0 4
1 0 0 12
1 0 0 12
1 0 0 13
1 0 0 13
1 0 0 13
1 0 0 13
1 0 0 13
1 0 0 13
1 0 0 13
1 0 0 13
1 0 0 13
1 0 0 13
1 0 0 12
1 0 0 12
1 0 0 14
1 0 0 14
1 0 0 14
1 0 0 14
1 0 0 14
1 0 0 14
1 0 0 14
1 0 0 14
1 0 0 14
1 0 0 14
1 0 0 12
1 0 0 12
1 0 0 12
1 0 0 12
1 0 0 12
1 0 0 15
1 0 0 16
1 0 0 16
1 0 0 16
1 0 0 16
1 0 0 16
1 0 0 16
1 0 0 16
1 0 0 16
1 0 0 16
1 0 0 16
1 0 0 15
1 0 0 15
1 0 0 15
1 0 0 15
1 0 0 15
1 0 0 15
1 0 0 15
1 0 0 15
1 0 0 15
1 0 0 17
1 0 0 17
1 0 0 17
1 0 0 17
1 0 0 17
1 0 0 17
1 0 0 17
1 0 0 17
1 0 0 17
1 0 0 17
1 0 0 12
1 0 0 4
1 0 0 4
1 0 0 4
1 0 0 18
1 0 0 18
1 0 0 18
1 0 0 18
1 0 0 18
1 0 0 18
1 0 0 18
1 0 0 18
1 0 0 18
1 0 0 18
1 0 0 1
1 0 0 1
1 0 0 19
1 0 0 19
1 0 0 19
1 0 0 19
1 0 0 19
1 0 0 19
1 0 0 19
1 0 0 19
1 0 0 19
1 0 0 19
1 0 0 20
1 0 0 20
1 0 0 20
1 0 0 20
1 0 0 20
1 0 0 20
1 0 0 20
1 0 0 20
1 0 0 20
1 0 0 20
1 0 0 21
1 0 0 21
1 0 0 21
1 0 0 21
1 0 0 21
1 0 0 21
1 0 0 21
1 0 0 21
1 0 0 21
1 0 0 21
1 0 0 22
1 0 0 23
1 0 0 23
1 0 0 23
1 0 0 23
1 0 0 23
1 0 0 23
1 0 0 23
1 0 0 23
1 0 0 23
1 0 0 23
1 0 0 24
1 0 0 24
1 0 0 24
1 0 0 24
1 0 0 24
1 0 0 24
1 0 0 24
1 0 0 24
1 0 0 24
1 0 0 24
1 0 0 22
1 0 0 22
1 0 0 22
1 0 0 25
1 0 0 25
1 0 0 25
1 0 0 25
1 0 0 25
1 0 0 25
1 0 0 25
1 0 0 25
1 0 0 25
1 0 0 25
1 0 0 26
1 0 0 27
1 0 0 27
1 0 0 27
1 0 0 27
1 0 0 27
1 0 0 27
1 0 0 27
1 0 0 27
1 0 0 27
1 0 0 27
1 0 0 26
1 0 0 28
1 0 0 28
1 0 0 28
1 0 0 28
1 0 0 28
1 0 0 28
1 0 0 28
1 0 0 28
1 0 0 28
1 0 0 28
1 0 0 26
1 0 0 26
1 0 0 26
1 0 0 26
1 0 0 26
1 0 0 26
1 0 0 26
1 0 0 26
1 0 0 22
1 0 0 22
1 0 0 22
1 0 0 29
1 0 0 29
1 0 0 29
1 0 0 29
1 0 0 29
1 0 0 29
1 0 0 29
1 0 0 29
1 0 0 29
1 0 0 29
1 0 0 22
1 0 0 30
1 0 0 30
1 0 0 30
1 0 0 30
1 0 0 30
1 0 0 30
1 0 0 30
1 0 0 30
1 0 0 30
1 0 0 30
1 0 0 31
1 0 0 31
1 0 0 31
1 0 0 31
1 0 0 31
1 0 0 31
1 0 0 31
1 0 0 31
1 0 0 31
1 0 0 31
1 0 0 32
1 0 0 32
1 0 0 32
1 0 0 32
1 0 0 32
1 0 0 32
1 0 0 32
1 0 0 32
1 0 0 32
1 0 0 32
1 0 0 33
1 0 0 33
1 0 0 33
1 0 0 33
1 0 0 33
1 0 0 33
1 0 0 33
1 0 0 33
1 0 0 34
1 0 0 34
1 0 0 34
1 0 0 34
1 0 0 34
1 0 0 34
1 0 0 34
1 0 0 34
1 0 0 34
1 0 0 34
1 0 0 33
1 0 0 33
1 0 0 35
1 0 0 35
1 0 0 35
1 0 0 35
1 0 0 35
1 0 0 35
1 0 0 35
1 0 0 35
1 0 0 35
1 0 0 36
1 0 0 36
1 0 0 36
1 0 0 36
1 0 0 36
1 0 0 36
1 0 0 36
1 0 0 36
1 0 0 36
1 0 0 36
1 0 0 35
1 0 0 37
1 0 0 37
1 0 0 37
1 0 0 37
1 0 0 37
1 0 0 37
1 0 0 37
1 0 0 37
1 0 0 37
1 0 0 37
1 0 0 38
1 0 0 38
1 0 0 38
1 0 0 39
1 0 0 39
1 0 0 39
1 0 0 40
1 0 0 39
1 0 0 39
1 0 0 39
1 0 0 39
1 0 0 39
1 0 0 39
1 0 0 39
1 0 0 40
1 0 0 40
1 0 0 40
1 0 0 40
1 0 0 41
1 0 0 41
1 0 0 41
1 0 0 41
1 0 0 41
1 0 0 41
1 0 0 41
1 0 0 41
1 0 0 41
1 0 0 41
1 0 0 40
1 0 0 40
1 0 0 40
1 0 0 42
1 0 0 42
1 0 0 42
1 0 0 42
1 0 0 42
1 0 0 42
1 0 0 42
1 0 0 42
1 0 0 42
1 0 0 42
1 0 0 43
1 0 0 43
1 0 0 43
1 0 0 43
1 0 0 43
1 0 0 43
1 0 0 43
1 0 0 43
1 0 0 43
1 0 0 40
1 0 0 40
1 0 0 44
1 0 0 44
1 0 0 44
1 0 0 44
1 0 0 44
1 0 0 44
1 0 0 44
1 0 0 44
1 0 0 44
1 0 0 44
1 0 0 45
1 0 0 45
1 0 0 45
1 0 0 45
1 0 0 45
1 0 0 45
1 0 0 45
1 0 0 45
1 0 0 45
1 0 0 45
1 0 0 46
1 0 0 46
1 0 0 46
1 0 0 46
1 0 0 46
1 0 0 46
1 0 0 46
1 0 0 46
1 0 0 46
1 0 0 46
1 0 0 43
1 0 0 47
1 0 0 47
1 0 0 47
1 0 0 47
1 0 0 47
1 0 0 47
1 0 0 47
1 0 0 47
1 0 0 47
1 0 0 47
1 0 0 38
1 0 0 38
1 0 0 38
1 0 0 38
1 0 0 38
1 0 0 38
1 0 0 38
1 0 0 22
1 0 0 48
1 0 0 48
1 0 0 48
1 0 0 49
1 0 0 49
1 0 0 49
1 0 0 49
1 0 0 49
1 0 0 49
1 0 0 49
1 0 0 49
1 0 0 49
1 0 0 49
1 0 0 48
1 0 0 48
1 0 0 48
1 0 0 48
1 0 0 50
1 0 0 50
1 0 0 50
1 0 0 50
1 0 0 50
1 0 0 50
1 0 0 50
1 0 0 50
1 0 0 50
1 0 0 50
1 0 0 48
1 0 0 48
1 0 0 48
1 0 0 22
0.1 4 5 -1
0.1 3 501 -1
0.1 6 7 -1
0.1 502 503 -1
0.1 2 504 -1
0.1 1 505 -1
0.1 10 11 -1
0.1 507 12 -1
0.1 9 508 -1
0.1 16 17 -1
0.1 510 18 -1
0.1 19 20 -1
0.1 511 512 -1
0.1 15 513 -1
0.1 21 22 -1
0.1 514 515 -1
0.1 516 23 -1
0.1 14 517 -1
0.1 27 28 -1
0.1 26 519 -1
0.1 25 520 -1
0.1 24 521 -1
0.1 518 522 -1
0.1 13 523 -1
0.1 509 524 -1
0.1 8 525 -1
0.1 506 526 -1
0.1 30 31 -1
0.1 29 528 -1
0.1 32 33 -1
0.1 530 34 -1
0.1 38 39 -1
0.1 40 41 -1
0.1 532 533 -1
0.1 37 534 -1
0.1 36 535 -1
0.1 43 44 -1
0.1 45 46 -1
0.1 48 49 -1
0.1 539 50 -1
0.1 47 540 -1
0.1 541 51 -1
0.1 538 542 -1
0.1 537 543 -1
0.1 42 544 -1
0.1 53 54 -1
0.1 546 55 -1
0.1 52 547 -1
0.1 57 58 -1
0.1 56 549 -1
0.1 550 59 -1
0.1 60 61 -1
0.1 551 552 -1
0.1 548 553 -1
0.1 545 554 -1
0.1 62 63 -1
0.1 64 65 -1
0.1 556 557 -1
0.1 67 68 -1
0.1 66 559 -1
0.1 70 71 -1
0.1 69 561 -1
0.1 560 562 -1
0.1 558 563 -1
0.1 555 564 -1
0.1 536 565 -1
0.1 35 566 -1
0.1 72 73 -1
0.1 74 75 -1
0.1 568 569 -1
0.1 76 77 -1
0.1 78 79 -1
0.1 80 81 -1
0.1 572 573 -1
0.1 571 574 -1
0.1 82 83 -1
0.1 576 84 -1
0.1 85 86 -1
0.1 89 90 -1
0.1 88 579 -1
0.1 91 92 -1
0.1 580 581 -1
0.1 93 94 -1
0.1 582 583 -1
0.1 87 584 -1
0.1 578 585 -1
0.1 577 586 -1
0.1 575 587 -1
0.1 570 588 -1
0.1 96 97 -1
0.1 98 99 -1
0.1 100 101 -1
0.1 591 592 -1
0.1 102 103 -1
0.1 594 104 -1
0.1 593 595 -1
0.1 590 596 -1
0.1 95 597 -1
0.1 589 598 -1
0.1 567 599 -1
0.1 531 600 -1
0.1 106 107 -1
0.1 108 109 -1
0.1 110 111 -1
0.1 113 114 -1
0.1 112 605 -1
0.1 604 606 -1
0.1 603 607 -1
0.1 116 117 -1
0.1 115 609 -1
0.1 608 610 -1
0.1 118 119 -1
0.1 122 123 -1
0.1 121 613 -1
0.1 120 614 -1
0.1 124 125 -1
0.1 128 129 -1
0.1 127 617 -1
0.1 126 618 -1
0.1 616 619 -1
0.1 615 620 -1
0.1 612 621 -1
0.1 611 622 -1
0.1 132 133 -1
0.1 131 624 -1
0.1 130 625 -1
0.1 626 134 -1
0.1 136 137 -1
0.1 139 140 -1
0.1 138 629 -1
0.1 141 142 -1
0.1 631 143 -1
0.1 144 145 -1
0.1 632 633 -1
0.1 630 634 -1
0.1 628 635 -1
0.1 135 636 -1
0.1 146 147 -1
0.1 638 148 -1
0.1 639 149 -1
0.1 637 640 -1
0.1 150 151 -1
0.1 152 153 -1
0.1 157 158 -1
0.1 159 160 -1
0.1 644 645 -1
0.1 163 164 -1
0.1 162 647 -1
0.1 161 648 -1
0.1 646 649 -1
0.1 156 650 -1
0.1 155 651 -1
0.1 154 652 -1
0.1 643 653 -1
0.1 642 654 -1
0.1 641 655 -1
0.1 627 656 -1
0.1 657 165 -1
0.1 623 658 -1
0.1 602 659 -1
0.1 105 660 -1
0.1 601 661 -1
0.1 166 167 -1
0.1 663 168 -1
0.1 662 664 -1
0.1 171 172 -1
0.1 170 666 -1
0.1 173 174 -1
0.1 667 668 -1
0.1 169 669 -1
0.1 175 176 -1
0.1 177 178 -1
0.1 671 672 -1
0.1 670 673 -1
0.1 665 674 -1
0.1 529 675 -1
0.1 527 676 -1
0.1 179 180 -1
0.1 677 678 -1
0.1 185 186 -1
0.1 184 680 -1
0.1 681 187 -1
0.1 682 188 -1
0.1 183 683 -1
0.1 182 684 -1
0.1 189 190 -1
0.1 685 686 -1
0.1 181 687 -1
0.1 193 194 -1
0.1 192 689 -1
0.1 197 198 -1
0.1 196 691 -1
0.1 195 692 -1
0.1 690 693 -1
0.1 199 200 -1
0.1 694 695 -1
0.1 191 696 -1
0.1 688 697 -1
0.1 202 203 -1
0.1 205 206 -1
0.1 204 700 -1
0.1 701 207 -1
0.1 699 702 -1
0.1 209 210 -1
0.1 208 704 -1
0.1 703 705 -1
0.1 201 706 -1
0.1 213 214 -1
0.1 708 215 -1
0.1 216 217 -1
0.1 709 710 -1
0.1 218 219 -1
0.1 711 712 -1
0.1 713 220 -1
0.1 714 221 -1
0.1 212 715 -1
0.1 211 716 -1
0.1 226 227 -1
0.1 229 230 -1
0.1 228 719 -1
0.1 720 231 -1
0.1 718 721 -1
0.1 225 722 -1
0.1 224 723 -1
0.1 223 724 -1
0.1 222 725 -1
0.1 726 232 -1
0.1 717 727 -1
0.1 707 728 -1
0.1 233 234 -1
0.1 235 236 -1
0.1 237 238 -1
0.1 239 240 -1
0.1 242 243 -1
0.1 241 734 -1
0.1 733 735 -1
0.1 732 736 -1
0.1 737 244 -1
0.1 731 738 -1
0.1 730 739 -1
0.1 247 248 -1
0.1 250 251 -1
0.1 742 252 -1
0.1 249 743 -1
0.1 741 744 -1
0.1 254 255 -1
0.1 253 746 -1
0.1 745 747 -1
0.1 246 748 -1
0.1 749 256 -1
0.1 257 258 -1
0.1 259 260 -1
0.1 261 262 -1
0.1 752 753 -1
0.1 263 264 -1
0.1 265 266 -1
0.1 755 756 -1
0.1 754 757 -1
0.1 751 758 -1
0.1 269 270 -1
0.1 268 760 -1
0.1 267 761 -1
0.1 762 271 -1
0.1 272 273 -1
0.1 763 764 -1
0.1 759 765 -1
0.1 750 766 -1
0.1 767 274 -1
0.1 245 768 -1
0.1 740 769 -1
0.1 275 276 -1
0.1 279 280 -1
0.1 282 283 -1
0.1 281 773 -1
0.1 774 284 -1
0.1 772 775 -1
0.1 278 776 -1
0.1 277 777 -1
0.1 286 287 -1
0.1 285 779 -1
0.1 778 780 -1
0.1 771 781 -1
0.1 770 782 -1
0.1 289 290 -1
0.1 292 293 -1
0.1 291 785 -1
0.1 297 298 -1
0.1 296 787 -1
0.1 295 788 -1
0.1 294 789 -1
0.1 786 790 -1
0.1 784 791 -1
0.1 288 792 -1
0.1 783 793 -1
0.1 729 794 -1
0.1 698 795 -1
0.1 301 302 -1
0.1 300 797 -1
0.1 299 798 -1
0.1 303 304 -1
0.1 305 306 -1
0.1 307 308 -1
0.1 801 802 -1
0.1 800 803 -1
0.1 799 804 -1
0.1 310 311 -1
0.1 313 314 -1
0.1 312 807 -1
0.1 316 317 -1
0.1 315 809 -1
0.1 808 810 -1
0.1 806 811 -1
0.1 812 318 -1
0.1 309 813 -1
0.1 320 321 -1
0.1 323 324 -1
0.1 328 329 -1
0.1 817 330 -1
0.1 818 331 -1
0.1 332 333 -1
0.1 335 336 -1
0.1 334 821 -1
0.1 820 822 -1
0.1 819 823 -1
0.1 327 824 -1
0.1 326 825 -1
0.1 325 826 -1
0.1 816 827 -1
0.1 322 828 -1
0.1 337 338 -1
0.1 829 830 -1
0.1 815 831 -1
0.1 319 832 -1
0.1 341 342 -1
0.1 340 834 -1
0.1 339 835 -1
0.1 343 344 -1
0.1 345 346 -1
0.1 838 347 -1
0.1 351 352 -1
0.1 350 840 -1
0.1 356 357 -1
0.1 355 842 -1
0.1 354 843 -1
0.1 353 844 -1
0.1 841 845 -1
0.1 349 846 -1
0.1 348 847 -1
0.1 839 848 -1
0.1 849 358 -1
0.1 837 850 -1
0.1 836 851 -1
0.1 833 852 -1
0.1 814 853 -1
0.1 805 854 -1
0.1 359 360 -1
0.1 855 856 -1
0.1 361 362 -1
0.1 858 363 -1
0.1 365 366 -1
0.1 364 860 -1
0.1 367 368 -1
0.1 861 862 -1
0.1 859 863 -1
0.1 369 370 -1
0.1 373 374 -1
0.1 372 866 -1
0.1 377 378 -1
0.1 376 868 -1
0.1 380 381 -1
0.1 379 870 -1
0.1 869 871 -1
0.1 375 872 -1
0.1 867 873 -1
0.1 874 382 -1
0.1 383 384 -1
0.1 385 386 -1
0.1 387 388 -1
0.1 389 390 -1
0.1 878 879 -1
0.1 393 394 -1
0.1 392 881 -1
0.1 391 882 -1
0.1 395 396 -1
0.1 883 884 -1
0.1 880 885 -1
0.1 398 399 -1
0.1 397 887 -1
0.1 886 888 -1
0.1 877 889 -1
0.1 876 890 -1
0.1 400 401 -1
0.1 402 403 -1
0.1 406 407 -1
0.1 405 894 -1
0.1 404 895 -1
0.1 896 408 -1
0.1 897 409 -1
0.1 893 898 -1
0.1 892 899 -1
0.1 891 900 -1
0.1 875 901 -1
0.1 411 412 -1
0.1 410 903 -1
0.1 413 414 -1
0.1 904 905 -1
0.1 417 418 -1
0.1 416 907 -1
0.1 415 908 -1
0.1 906 909 -1
0.1 419 420 -1
0.1 910 911 -1
0.1 902 912 -1
0.1 421 422 -1
0.1 914 423 -1
0.1 424 425 -1
0.1 916 426 -1
0.1 427 428 -1
0.1 917 918 -1
0.1 429 430 -1
0.1 919 920 -1
0.1 915 921 -1
0.1 431 432 -1
0.1 434 435 -1
0.1 433 924 -1
0.1 923 925 -1
0.1 436 437 -1
0.1 926 927 -1
0.1 438 439 -1
0.1 929 440 -1
0.1 928 930 -1
0.1 922 931 -1
0.1 442 443 -1
0.1 441 933 -1
0.1 445 446 -1
0.1 447 448 -1
0.1 449 450 -1
0.1 936 937 -1
0.1 935 938 -1
0.1 444 939 -1
0.1 934 940 -1
0.1 932 941 -1
0.1 913 942 -1
0.1 455 456 -1
0.1 944 457 -1
0.1 454 945 -1
0.1 453 946 -1
0.1 452 947 -1
0.1 459 460 -1
0.1 949 461 -1
0.1 458 950 -1
0.1 948 951 -1
0.1 451 952 -1
0.1 943 953 -1
0.1 371 954 -1
0.1 465 466 -1
0.1 464 956 -1
0.1 463 957 -1
0.1 467 468 -1
0.1 958 959 -1
0.1 462 960 -1
0.1 955 961 -1
0.1 865 962 -1
0.1 864 963 -1
0.1 857 964 -1
0.1 471 472 -1
0.1 470 966 -1
0.1 473 474 -1
0.1 477 478 -1
0.1 479 480 -1
0.1 970 481 -1
0.1 969 971 -1
0.1 972 482 -1
0.1 476 973 -1
0.1 475 974 -1
0.1 968 975 -1
0.1 967 976 -1
0.1 483 484 -1
0.1 485 486 -1
0.1 978 979 -1
0.1 491 492 -1
0.1 490 981 -1
0.1 489 982 -1
0.1 488 983 -1
0.1 487 984 -1
0.1 493 494 -1
0.1 495 496 -1
0.1 986 987 -1
0.1 985 988 -1
0.1 980 989 -1
0.1 977 990 -1
0.1 498 499 -1
0.1 497 992 -1
0.1 991 993 -1
0.1 469 994 -1
0.1 995 500 -1
0.1 965 996 -1
0.1 796 997 -1
0.1 679 998 -1
