1 0 0 1
1 0 0 1
1 0 0 2
1 0 0 2
1 0 0 2
1 0 0 2
1 0 0 3
1 0 0 3
1 0 0 3
1 0 0 3
1 0 0 3
1 0 0 3
1 0 0 4
1 0 0 4
1 0 0 4
1 0 0 4
1 0 0 4
1 0 0 4
1 0 0 4
1 0 0 4
1 0 0 4
1 0 0 4
1 0 0 3
1 0 0 3
1 0 0 3
1 0 0 3
1 0 0 5
1 0 0 5
1 0 0 5
1 0 0 5
1 0 0 5
1 0 0 6
1 0 0 6
1 0 0 6
1 0 0 6
1 0 0 6
1 0 0 6
1 0 0 6
1 0 0 6
1 0 0 6
1 0 0 6
1 0 0 5
1 0 0 5
1 0 0 5
1 0 0 5
1 0 0 5
1 0 0 2
1 0 0 2
1 0 0 2
1 0 0 2
1 0 0 2
1 0 0 2
1 0 0 7
1 0 0 7
1 0 0 7
1 0 0 7
1 0 0 7
1 0 0 7
1 0 0 7
1 0 0 7
1 0 0 7
1 0 0 7
1 0 0 1
1 0 0 1
1 0 0 1
1 0 0 1
1 0 0 1
1 0 0 1
1 0 0 1
1 0 0 1
1 0 0 8
1 0 0 8
1 0 0 8
1 0 0 8
1 0 0 8
1 0 0 8
1 0 0 9
1 0 0 9
1 0 0 9
1 0 0 9
1 0 0 9
1 0 0 9
1 0 0 9
1 0 0 9
1 0 0 9
1 0 0 9
1 0 0 8
1 0 0 8
1 0 0 10
1 0 0 10
1 0 0 10
1 0 0 10
1 0 0 10
1 0 0 10
1 0 0 10
1 0 0 10
1 0 0 10
1 0 0 10
1 0 0 8
1 0 0 8
1 0 0 11
1 0 0 11
1 0 0 12
1 0 0 12
1 0 0 12
1 0 0 12
1 0 0 12
1 0 0 12
1 0 0 12
1 0 0 12
1 0 0 13
1 0 0 13
1 0 0 13
1 0 0 13
1 0 0 13
1 0 0 13
1 0 0 13
1 0 0 13
1 0 0 13
1 0 0 13
1 0 0 12
1 0 0 12
1 0 0 14
1 0 0 14
1 0 0 14
1 0 0 14
1 0 0 14
1 0 0 14
1 0 0 14
1 0 0 14
1 0 0 14
1 0 0 14
1 0 0 11
1 0 0 15
1 0 0 15
1 0 0 15
1 0 0 15
1 0 0 15
1 0 0 15
1 0 0 15
1 0 0 15
1 0 0 15
1 0 0 15
1 0 0 11
1 0 0 16
1 0 0 16
1 0 0 16
1 0 0 16
1 0 0 16
1 0 0 16
1 0 0 16
1 0 0 16
1 0 0 16
1 0 0 16
1 0 0 11
1 0 0 17
1 0 0 17
1 0 0 17
1 0 0 17
1 0 0 17
1 0 0 17
1 0 0 17
1 0 0 17
1 0 0 17
1 0 0 17
1 0 0 11
1 0 0 11
1 0 0 11
1 0 0 18
1 0 0 18
1 0 0 18
1 0 0 18
1 0 0 18
1 0 0 18
1 0 0 18
1 0 0 18
1 0 0 18
1 0 0 18
1 0 0 19
1 0 0 20
1 0 0 20
1 0 0 20
1 0 0 20
1 0 0 20
1 0 0 20
1 0 0 20
1 0 0 20
1 0 0 20
1 0 0 20
1 0 0 19
1 0 0 21
1 0 0 21
1 0 0 21
1 0 0 21
1 0 0 21
1 0 0 21
1 0 0 21
1 0 0 21
1 0 0 21
1 0 0 21
1 0 0 19
1 0 0 19
1 0 0 19
1 0 0 19
1 0 0 19
1 0 0 19
1 0 0 19
1 0 0 19
1 0 0 11
1 0 0 11
1 0 0 22
1 0 0 22
1 0 0 22
1 0 0 22
1 0 0 22
1 0 0 22
1 0 0 22
1 0 0 22
1 0 0 22
1 0 0 22
1 0 0 23
1 0 0 23
1 0 0 23
1 0 0 23
1 0 0 23
1 0 0 23
1 0 0 23
1 0 0 23
1 0 0 23
1 0 0 23
1 0 0 24
1 0 0 24
1 0 0 24
1 0 0 24
1 0 0 24
1 0 0 24
1 0 0 24
1 0 0 24
1 0 0 24
1 0 0 24
1 0 0 25
1 0 0 26
1 0 0 26
1 0 0 26
1 0 0 26
1 0 0 26
1 0 0 26
1 0 0 26
1 0 0 26
1 0 0 26
1 0 0 26
1 0 0 25
1 0 0 25
1 0 0 25
1 0 0 25
1 0 0 27
1 0 0 27
1 0 0 27
1 0 0 27
1 0 0 27
1 0 0 27
1 0 0 27
1 0 0 27
1 0 0 27
1 0 0 27
1 0 0 25
1 0 0 25
1 0 0 25
1 0 0 25
1 0 0 25
1 0 0 28
1 0 0 28
1 0 0 28
1 0 0 28
1 0 0 28
1 0 0 28
1 0 0 28
1 0 0 28
1 0 0 28
1 0 0 29
1 0 0 29
1 0 0 29
1 0 0 29
1 0 0 29
1 0 0 29
1 0 0 29
1 0 0 29
1 0 0 29
1 0 0 29
1 0 0 28
1 0 0 30
1 0 0 30
1 0 0 30
1 0 0 30
1 0 0 30
1 0 0 30
1 0 0 30
1 0 0 30
1 0 0 30
1 0 0 30
1 0 0 31
1 0 0 31
1 0 0 31
1 0 0 31
1 0 0 31
1 0 0 31
1 0 0 31
1 0 0 31
1 0 0 31
1 0 0 31
1 0 0 32
1 0 0 32
1 0 0 32
1 0 0 32
1 0 0 32
1 0 0 32
1 0 0 32
1 0 0 32
1 0 0 32
1 0 0 32
1 0 0 33
1 0 0 33
1 0 0 34
1 0 0 35
1 0 0 35
1 0 0 35
1 0 0 36
1 0 0 36
1 0 0 36
1 0 0 37
1 0 0 37
1 0 0 37
1 0 0 37
1 0 0 37
1 0 0 37
1 0 0 37
1 0 0 37
1 0 0 37
1 0 0 37
1 0 0 38
1 0 0 38
1 0 0 38
1 0 0 38
1 0 0 38
1 0 0 38
1 0 0 38
1 0 0 38
1 0 0 38
1 0 0 38
1 0 0 39
1 0 0 39
1 0 0 39
1 0 0 39
1 0 0 39
1 0 0 39
1 0 0 39
1 0 0 39
1 0 0 39
1 0 0 39
1 0 0 35
1 0 0 35
1 0 0 35
1 0 0 36
1 0 0 36
1 0 0 36
1 0 0 36
1 0 0 36
1 0 0 40
1 0 0 40
1 0 0 40
1 0 0 40
1 0 0 40
1 0 0 40
1 0 0 40
1 0 0 40
1 0 0 40
1 0 0 40
1 0 0 41
1 0 0 41
1 0 0 41
1 0 0 41
1 0 0 41
1 0 0 41
1 0 0 41
1 0 0 41
1 0 0 41
1 0 0 41
1 0 0 36
1 0 0 42
1 0 0 42
1 0 0 42
1 0 0 42
1 0 0 42
1 0 0 42
1 0 0 42
1 0 0 42
1 0 0 42
1 0 0 42
1 0 0 36
1 0 0 43
1 0 0 43
1 0 0 43
1 0 0 43
1 0 0 43
1 0 0 43
1 0 0 43
1 0 0 43
1 0 0 43
1 0 0 43
1 0 0 44
1 0 0 44
1 0 0 45
1 0 0 45
1 0 0 45
1 0 0 45
1 0 0 45
1 0 0 45
1 0 0 45
1 0 0 45
1 0 0 45
1 0 0 45
1 0 0 35
1 0 0 46
1 0 0 46
1 0 0 46
1 0 0 46
1 0 0 46
1 0 0 47
1 0 0 47
1 0 0 47
1 0 0 47
1 0 0 47
1 0 0 47
1 0 0 47
1 0 0 47
1 0 0 47
1 0 0 47
1 0 0 46
1 0 0 46
1 0 0 46
1 0 0 48
1 0 0 48
1 0 0 48
1 0 0 48
1 0 0 48
1 0 0 48
1 0 0 48
1 0 0 48
1 0 0 48
1 0 0 48
1 0 0 46
1 0 0 46
1 0 0 44
1 0 0 44
1 0 0 44
1 0 0 44
1 0 0 44
1 0 0 44
1 0 0 44
1 0 0 44
1 0 0 34
1 0 0 34
1 0 0 34
1 0 0 34
1 0 0 34
1 0 0 34
1 0 0 34
1 0 0 34
1 0 0 34
1 0 0 35
1 0 0 35
1 0 0 35
1 0 0 33
1 0 0 33
1 0 0 49
1 0 0 49
1 0 0 49
1 0 0 49
1 0 0 49
1 0 0 49
1 0 0 49
1 0 0 49
1 0 0 49
1 0 0 49
1 0 0 50
1 0 0 50
1 0 0 50
1 0 0 50
1 0 0 50
1 0 0 50
1 0 0 50
1 0 0 50
1 0 0 50
1 0 0 50
1 0 0 33
1 0 0 33
1 0 0 33
1 0 0 33
1 0 0 33
1 0 0 33
0.1 1 2 -1
0.1 5 6 -1
0.1 4 502 -1
0.1 3 503 -1
0.1 9 10 -1
0.1 8 505 -1
0.1 7 506 -1
0.1 11 12 -1
0.1 15 16 -1
0.1 17 18 -1
0.1 509 510 -1
0.1 14 511 -1
0.1 20 21 -1
0.1 19 513 -1
0.1 512 514 -1
0.1 515 22 -1
0.1 13 516 -1
0.1 24 25 -1
0.1 23 518 -1
0.1 517 519 -1
0.1 520 26 -1
0.1 508 521 -1
0.1 507 522 -1
0.1 28 29 -1
0.1 33 34 -1
0.1 525 35 -1
0.1 526 36 -1
0.1 38 39 -1
0.1 37 528 -1
0.1 40 41 -1
0.1 529 530 -1
0.1 527 531 -1
0.1 32 532 -1
0.1 533 42 -1
0.1 534 43 -1
0.1 31 535 -1
0.1 30 536 -1
0.1 537 44 -1
0.1 45 46 -1
0.1 538 539 -1
0.1 524 540 -1
0.1 27 541 -1
0.1 523 542 -1
0.1 47 48 -1
0.1 49 50 -1
0.1 51 52 -1
0.1 545 546 -1
0.1 544 547 -1
0.1 543 548 -1
0.1 504 549 -1
0.1 54 55 -1
0.1 551 56 -1
0.1 57 58 -1
0.1 59 60 -1
0.1 553 554 -1
0.1 61 62 -1
0.1 555 556 -1
0.1 552 557 -1
0.1 53 558 -1
0.1 550 559 -1
0.1 501 560 -1
0.1 64 65 -1
0.1 63 562 -1
0.1 66 67 -1
0.1 564 68 -1
0.1 69 70 -1
0.1 565 566 -1
0.1 563 567 -1
0.1 561 568 -1
0.1 72 73 -1
0.1 71 570 -1
0.1 75 76 -1
0.1 74 572 -1
0.1 77 78 -1
0.1 80 81 -1
0.1 575 82 -1
0.1 576 83 -1
0.1 577 84 -1
0.1 578 85 -1
0.1 579 86 -1
0.1 79 580 -1
0.1 574 581 -1
0.1 573 582 -1
0.1 87 88 -1
0.1 92 93 -1
0.1 91 585 -1
0.1 90 586 -1
0.1 89 587 -1
0.1 588 94 -1
0.1 95 96 -1
0.1 97 98 -1
0.1 590 591 -1
0.1 589 592 -1
0.1 584 593 -1
0.1 99 100 -1
0.1 594 595 -1
0.1 583 596 -1
0.1 571 597 -1
0.1 101 102 -1
0.1 598 599 -1
0.1 569 600 -1
0.1 104 105 -1
0.1 108 109 -1
0.1 107 603 -1
0.1 106 604 -1
0.1 116 117 -1
0.1 115 606 -1
0.1 607 118 -1
0.1 114 608 -1
0.1 113 609 -1
0.1 112 610 -1
0.1 111 611 -1
0.1 612 119 -1
0.1 613 120 -1
0.1 614 121 -1
0.1 110 615 -1
0.1 616 122 -1
0.1 605 617 -1
0.1 602 618 -1
0.1 103 619 -1
0.1 125 126 -1
0.1 124 621 -1
0.1 123 622 -1
0.1 128 129 -1
0.1 127 624 -1
0.1 623 625 -1
0.1 626 130 -1
0.1 131 132 -1
0.1 627 628 -1
0.1 134 135 -1
0.1 136 137 -1
0.1 139 140 -1
0.1 138 632 -1
0.1 631 633 -1
0.1 141 142 -1
0.1 634 635 -1
0.1 636 143 -1
0.1 630 637 -1
0.1 638 144 -1
0.1 133 639 -1
0.1 629 640 -1
0.1 147 148 -1
0.1 642 149 -1
0.1 150 151 -1
0.1 643 644 -1
0.1 146 645 -1
0.1 153 154 -1
0.1 152 647 -1
0.1 646 648 -1
0.1 145 649 -1
0.1 641 650 -1
0.1 156 157 -1
0.1 158 159 -1
0.1 652 653 -1
0.1 654 160 -1
0.1 162 163 -1
0.1 161 656 -1
0.1 655 657 -1
0.1 164 165 -1
0.1 658 659 -1
0.1 155 660 -1
0.1 166 167 -1
0.1 170 171 -1
0.1 174 175 -1
0.1 173 664 -1
0.1 172 665 -1
0.1 663 666 -1
0.1 169 667 -1
0.1 177 178 -1
0.1 176 669 -1
0.1 668 670 -1
0.1 168 671 -1
0.1 662 672 -1
0.1 181 182 -1
0.1 674 183 -1
0.1 185 186 -1
0.1 184 676 -1
0.1 677 187 -1
0.1 188 189 -1
0.1 678 679 -1
0.1 675 680 -1
0.1 180 681 -1
0.1 682 190 -1
0.1 179 683 -1
0.1 192 193 -1
0.1 194 195 -1
0.1 685 686 -1
0.1 197 198 -1
0.1 196 688 -1
0.1 689 199 -1
0.1 687 690 -1
0.1 691 200 -1
0.1 191 692 -1
0.1 201 202 -1
0.1 203 204 -1
0.1 205 206 -1
0.1 695 696 -1
0.1 697 207 -1
0.1 694 698 -1
0.1 693 699 -1
0.1 700 208 -1
0.1 684 701 -1
0.1 209 210 -1
0.1 211 212 -1
0.1 214 215 -1
0.1 217 218 -1
0.1 216 706 -1
0.1 705 707 -1
0.1 219 220 -1
0.1 708 709 -1
0.1 213 710 -1
0.1 704 711 -1
0.1 703 712 -1
0.1 702 713 -1
0.1 673 714 -1
0.1 661 715 -1
0.1 651 716 -1
0.1 620 717 -1
0.1 601 718 -1
0.1 221 222 -1
0.1 224 225 -1
0.1 227 228 -1
0.1 226 722 -1
0.1 723 229 -1
0.1 721 724 -1
0.1 223 725 -1
0.1 231 232 -1
0.1 233 234 -1
0.1 237 238 -1
0.1 236 729 -1
0.1 235 730 -1
0.1 239 240 -1
0.1 731 732 -1
0.1 728 733 -1
0.1 727 734 -1
0.1 735 241 -1
0.1 242 243 -1
0.1 244 245 -1
0.1 247 248 -1
0.1 249 250 -1
0.1 739 740 -1
0.1 741 251 -1
0.1 246 742 -1
0.1 738 743 -1
0.1 737 744 -1
0.1 252 253 -1
0.1 254 255 -1
0.1 256 257 -1
0.1 258 259 -1
0.1 748 749 -1
0.1 263 264 -1
0.1 751 265 -1
0.1 262 752 -1
0.1 261 753 -1
0.1 260 754 -1
0.1 750 755 -1
0.1 267 268 -1
0.1 266 757 -1
0.1 756 758 -1
0.1 747 759 -1
0.1 746 760 -1
0.1 745 761 -1
0.1 736 762 -1
0.1 269 270 -1
0.1 272 273 -1
0.1 271 765 -1
0.1 766 274 -1
0.1 276 277 -1
0.1 275 768 -1
0.1 278 279 -1
0.1 769 770 -1
0.1 767 771 -1
0.1 764 772 -1
0.1 280 281 -1
0.1 282 283 -1
0.1 774 775 -1
0.1 285 286 -1
0.1 777 287 -1
0.1 284 778 -1
0.1 779 288 -1
0.1 780 289 -1
0.1 776 781 -1
0.1 782 290 -1
0.1 773 783 -1
0.1 763 784 -1
0.1 291 292 -1
0.1 293 294 -1
0.1 787 295 -1
0.1 296 297 -1
0.1 299 300 -1
0.1 298 790 -1
0.1 789 791 -1
0.1 788 792 -1
0.1 786 793 -1
0.1 301 302 -1
0.1 795 303 -1
0.1 304 305 -1
0.1 306 307 -1
0.1 798 308 -1
0.1 309 310 -1
0.1 799 800 -1
0.1 797 801 -1
0.1 796 802 -1
0.1 794 803 -1
0.1 311 312 -1
0.1 315 316 -1
0.1 314 806 -1
0.1 317 318 -1
0.1 319 320 -1
0.1 808 809 -1
0.1 807 810 -1
0.1 313 811 -1
0.1 805 812 -1
0.1 804 813 -1
0.1 785 814 -1
0.1 230 815 -1
0.1 726 816 -1
0.1 720 817 -1
0.1 719 818 -1
0.1 321 322 -1
0.1 324 325 -1
0.1 821 326 -1
0.1 328 329 -1
0.1 327 823 -1
0.1 331 332 -1
0.1 333 334 -1
0.1 825 826 -1
0.1 330 827 -1
0.1 335 336 -1
0.1 828 829 -1
0.1 830 337 -1
0.1 338 339 -1
0.1 831 832 -1
0.1 824 833 -1
0.1 340 341 -1
0.1 835 342 -1
0.1 343 344 -1
0.1 345 346 -1
0.1 347 348 -1
0.1 838 839 -1
0.1 837 840 -1
0.1 836 841 -1
0.1 842 349 -1
0.1 350 351 -1
0.1 352 353 -1
0.1 844 845 -1
0.1 843 846 -1
0.1 354 355 -1
0.1 356 357 -1
0.1 848 849 -1
0.1 358 359 -1
0.1 850 851 -1
0.1 847 852 -1
0.1 834 853 -1
0.1 360 361 -1
0.1 855 362 -1
0.1 854 856 -1
0.1 365 366 -1
0.1 364 858 -1
0.1 363 859 -1
0.1 369 370 -1
0.1 861 371 -1
0.1 368 862 -1
0.1 373 374 -1
0.1 372 864 -1
0.1 865 375 -1
0.1 866 376 -1
0.1 867 377 -1
0.1 863 868 -1
0.1 379 380 -1
0.1 381 382 -1
0.1 386 387 -1
0.1 385 872 -1
0.1 384 873 -1
0.1 383 874 -1
0.1 871 875 -1
0.1 870 876 -1
0.1 378 877 -1
0.1 878 388 -1
0.1 869 879 -1
0.1 390 391 -1
0.1 389 881 -1
0.1 393 394 -1
0.1 392 883 -1
0.1 882 884 -1
0.1 395 396 -1
0.1 397 398 -1
0.1 886 887 -1
0.1 885 888 -1
0.1 880 889 -1
0.1 367 890 -1
0.1 860 891 -1
0.1 892 399 -1
0.1 857 893 -1
0.1 401 402 -1
0.1 400 895 -1
0.1 403 404 -1
0.1 405 406 -1
0.1 408 409 -1
0.1 407 899 -1
0.1 898 900 -1
0.1 897 901 -1
0.1 896 902 -1
0.1 410 411 -1
0.1 413 414 -1
0.1 905 415 -1
0.1 412 906 -1
0.1 418 419 -1
0.1 417 908 -1
0.1 420 421 -1
0.1 909 910 -1
0.1 416 911 -1
0.1 907 912 -1
0.1 904 913 -1
0.1 903 914 -1
0.1 915 422 -1
0.1 423 424 -1
0.1 425 426 -1
0.1 917 918 -1
0.1 428 429 -1
0.1 430 431 -1
0.1 433 434 -1
0.1 432 922 -1
0.1 921 923 -1
0.1 436 437 -1
0.1 435 925 -1
0.1 924 926 -1
0.1 920 927 -1
0.1 427 928 -1
0.1 919 929 -1
0.1 438 439 -1
0.1 443 444 -1
0.1 442 932 -1
0.1 441 933 -1
0.1 446 447 -1
0.1 445 935 -1
0.1 448 449 -1
0.1 936 937 -1
0.1 934 938 -1
0.1 939 450 -1
0.1 440 940 -1
0.1 931 941 -1
0.1 451 452 -1
0.1 942 943 -1
0.1 930 944 -1
0.1 456 457 -1
0.1 455 946 -1
0.1 454 947 -1
0.1 453 948 -1
0.1 949 458 -1
0.1 945 950 -1
0.1 916 951 -1
0.1 459 460 -1
0.1 952 953 -1
0.1 894 954 -1
0.1 822 955 -1
0.1 323 956 -1
0.1 461 462 -1
0.1 463 464 -1
0.1 959 465 -1
0.1 958 960 -1
0.1 957 961 -1
0.1 467 468 -1
0.1 963 469 -1
0.1 466 964 -1
0.1 471 472 -1
0.1 470 966 -1
0.1 965 967 -1
0.1 962 968 -1
0.1 476 477 -1
0.1 970 478 -1
0.1 475 971 -1
0.1 482 483 -1
0.1 481 973 -1
0.1 974 484 -1
0.1 480 975 -1
0.1 486 487 -1
0.1 485 977 -1
0.1 488 489 -1
0.1 978 979 -1
0.1 980 490 -1
0.1 492 493 -1
0.1 491 982 -1
0.1 981 983 -1
0.1 984 494 -1
0.1 976 985 -1
0.1 479 986 -1
0.1 972 987 -1
0.1 474 988 -1
0.1 473 989 -1
0.1 495 496 -1
0.1 991 497 -1
0.1 498 499 -1
0.1 992 993 -1
0.1 990 994 -1
0.1 995 500 -1
0.1 969 996 -1
0.1 820 997 -1
0.1 819 998 -1
