1 0 0 1
1 0 0 1
1 0 0 1
1 0 0 1
1 0 0 2
1 0 0 2
1 0 0 2
1 0 0 2
1 0 0 2
1 0 0 2
1 0 0 2
1 0 0 2
1 0 0 2
1 0 0 2
1 0 0 1
1 0 0 1
1 0 0 1
1 0 0 1
1 0 0 1
1 0 0 1
1 0 0 3
1 0 0 3
1 0 0 3
1 0 0 4
1 0 0 4
1 0 0 4
1 0 0 4
1 0 0 4
1 0 0 4
1 0 0 4
1 0 0 4
1 0 0 4
1 0 0 4
1 0 0 5
1 0 0 5
1 0 0 5
1 0 0 5
1 0 0 5
1 0 0 5
1 0 0 5
1 0 0 5
1 0 0 5
1 0 0 5
1 0 0 6
1 0 0 6
1 0 0 6
1 0 0 6
1 0 0 6
1 0 0 6
1 0 0 6
1 0 0 6
1 0 0 6
1 0 0 6
1 0 0 7
1 0 0 7
1 0 0 7
1 0 0 7
1 0 0 7
1 0 0 7
1 0 0 7
1 0 0 7
1 0 0 8
1 0 0 8
1 0 0 9
1 0 0 9
1 0 0 9
1 0 0 9
1 0 0 9
1 0 0 9
1 0 0 9
1 0 0 9
1 0 0 9
1 0 0 9
1 0 0 8
1 0 0 8
1 0 0 8
1 0 0 8
1 0 0 8
1 0 0 8
1 0 0 8
1 0 0 8
1 0 0 10
1 0 0 10
1 0 0 10
1 0 0 10
1 0 0 10
1 0 0 10
1 0 0 10
1 0 0 10
1 0 0 10
1 0 0 10
1 0 0 11
1 0 0 11
1 0 0 11
1 0 0 11
1 0 0 11
1 0 0 11
1 0 0 11
1 0 0 11
1 0 0 11
1 0 0 11
1 0 0 12
1 0 0 12
1 0 0 12
1 0 0 12
1 0 0 12
1 0 0 12
1 0 0 12
1 0 0 12
1 0 0 12
1 0 0 12
1 0 0 13
1 0 0 13
1 0 0 13
1 0 0 13
1 0 0 13
1 0 0 13
1 0 0 13
1 0 0 13
1 0 0 13
1 0 0 13
1 0 0 7
1 0 0 7
1 0 0 14
1 0 0 14
1 0 0 14
1 0 0 14
1 0 0 14
1 0 0 14
1 0 0 14
1 0 0 14
1 0 0 14
1 0 0 14
1 0 0 15
1 0 0 15
1 0 0 15
1 0 0 15
1 0 0 15
1 0 0 15
1 0 0 15
1 0 0 15
1 0 0 15
1 0 0 15
1 0 0 16
1 0 0 16
1 0 0 16
1 0 0 16
1 0 0 16
1 0 0 16
1 0 0 16
1 0 0 16
1 0 0 16
1 0 0 16
1 0 0 17
1 0 0 17
1 0 0 17
1 0 0 17
1 0 0 17
1 0 0 17
1 0 0 17
1 0 0 17
1 0 0 17
1 0 0 17
1 0 0 18
1 0 0 18
1 0 0 18
1 0 0 18
1 0 0 18
1 0 0 18
1 0 0 18
1 0 0 18
1 0 0 18
1 0 0 18
1 0 0 19
1 0 0 19
1 0 0 19
1 0 0 19
1 0 0 19
1 0 0 19
1 0 0 19
1 0 0 19
1 0 0 19
1 0 0 19
1 0 0 20
1 0 0 20
1 0 0 20
1 0 0 20
1 0 0 20
1 0 0 20
1 0 0 20
1 0 0 20
1 0 0 20
1 0 0 20
1 0 0 21
1 0 0 21
1 0 0 21
1 0 0 21
1 0 0 21
1 0 0 21
1 0 0 21
1 0 0 21
1 0 0 21
1 0 0 21
1 0 0 3
1 0 0 3
1 0 0 3
1 0 0 3
1 0 0 3
1 0 0 3
1 0 0 22
1 0 0 22
1 0 0 22
1 0 0 22
1 0 0 22
1 0 0 22
1 0 0 22
1 0 0 22
1 0 0 22
1 0 0 22
1 0 0 3
0.1 1 2 -1
0.1 3 4 -1
0.1 221 222 -1
0.1 5 6 -1
0.1 7 8 -1
0.1 224 225 -1
0.1 9 10 -1
0.1 13 14 -1
0.1 12 228 -1
0.1 11 229 -1
0.1 227 230 -1
0.1 226 231 -1
0.1 17 18 -1
0.1 16 233 -1
0.1 19 20 -1
0.1 234 235 -1
0.1 15 236 -1
0.1 232 237 -1
0.1 223 238 -1
0.1 239 21 -1
0.1 22 23 -1
0.1 24 25 -1
0.1 242 26 -1
0.1 27 28 -1
0.1 31 32 -1
0.1 30 245 -1
0.1 29 246 -1
0.1 244 247 -1
0.1 248 33 -1
0.1 243 249 -1
0.1 35 36 -1
0.1 34 251 -1
0.1 38 39 -1
0.1 37 253 -1
0.1 252 254 -1
0.1 40 41 -1
0.1 42 43 -1
0.1 256 257 -1
0.1 255 258 -1
0.1 250 259 -1
0.1 241 260 -1
0.1 240 261 -1
0.1 47 48 -1
0.1 46 263 -1
0.1 45 264 -1
0.1 44 265 -1
0.1 50 51 -1
0.1 52 53 -1
0.1 267 268 -1
0.1 49 269 -1
0.1 266 270 -1
0.1 56 57 -1
0.1 55 272 -1
0.1 54 273 -1
0.1 58 59 -1
0.1 60 61 -1
0.1 275 276 -1
0.1 274 277 -1
0.1 62 63 -1
0.1 64 65 -1
0.1 280 66 -1
0.1 68 69 -1
0.1 67 282 -1
0.1 71 72 -1
0.1 70 284 -1
0.1 283 285 -1
0.1 281 286 -1
0.1 74 75 -1
0.1 76 77 -1
0.1 78 79 -1
0.1 289 290 -1
0.1 288 291 -1
0.1 73 292 -1
0.1 287 293 -1
0.1 279 294 -1
0.1 80 81 -1
0.1 85 86 -1
0.1 297 87 -1
0.1 84 298 -1
0.1 83 299 -1
0.1 88 89 -1
0.1 90 91 -1
0.1 301 302 -1
0.1 300 303 -1
0.1 82 304 -1
0.1 92 93 -1
0.1 306 94 -1
0.1 98 99 -1
0.1 97 308 -1
0.1 100 101 -1
0.1 309 310 -1
0.1 96 311 -1
0.1 95 312 -1
0.1 307 313 -1
0.1 103 104 -1
0.1 102 315 -1
0.1 314 316 -1
0.1 105 106 -1
0.1 318 107 -1
0.1 108 109 -1
0.1 319 320 -1
0.1 317 321 -1
0.1 110 111 -1
0.1 322 323 -1
0.1 305 324 -1
0.1 296 325 -1
0.1 295 326 -1
0.1 112 113 -1
0.1 114 115 -1
0.1 116 117 -1
0.1 329 330 -1
0.1 328 331 -1
0.1 332 118 -1
0.1 119 120 -1
0.1 334 121 -1
0.1 333 335 -1
0.1 327 336 -1
0.1 278 337 -1
0.1 122 123 -1
0.1 338 339 -1
0.1 125 126 -1
0.1 124 341 -1
0.1 127 128 -1
0.1 129 130 -1
0.1 343 344 -1
0.1 131 132 -1
0.1 346 133 -1
0.1 345 347 -1
0.1 342 348 -1
0.1 340 349 -1
0.1 271 350 -1
0.1 262 351 -1
0.1 137 138 -1
0.1 353 139 -1
0.1 136 354 -1
0.1 140 141 -1
0.1 356 142 -1
0.1 357 143 -1
0.1 355 358 -1
0.1 135 359 -1
0.1 134 360 -1
0.1 146 147 -1
0.1 145 362 -1
0.1 148 149 -1
0.1 152 153 -1
0.1 151 365 -1
0.1 150 366 -1
0.1 364 367 -1
0.1 363 368 -1
0.1 144 369 -1
0.1 370 154 -1
0.1 361 371 -1
0.1 156 157 -1
0.1 373 158 -1
0.1 155 374 -1
0.1 159 160 -1
0.1 376 161 -1
0.1 375 377 -1
0.1 378 162 -1
0.1 379 163 -1
0.1 372 380 -1
0.1 166 167 -1
0.1 165 382 -1
0.1 164 383 -1
0.1 168 169 -1
0.1 385 170 -1
0.1 172 173 -1
0.1 171 387 -1
0.1 386 388 -1
0.1 174 175 -1
0.1 176 177 -1
0.1 391 178 -1
0.1 390 392 -1
0.1 179 180 -1
0.1 394 181 -1
0.1 182 183 -1
0.1 395 396 -1
0.1 184 185 -1
0.1 186 187 -1
0.1 191 192 -1
0.1 400 193 -1
0.1 190 401 -1
0.1 189 402 -1
0.1 188 403 -1
0.1 399 404 -1
0.1 398 405 -1
0.1 397 406 -1
0.1 393 407 -1
0.1 389 408 -1
0.1 384 409 -1
0.1 194 195 -1
0.1 197 198 -1
0.1 196 412 -1
0.1 411 413 -1
0.1 199 200 -1
0.1 201 202 -1
0.1 416 203 -1
0.1 415 417 -1
0.1 414 418 -1
0.1 410 419 -1
0.1 381 420 -1
0.1 204 205 -1
0.1 206 207 -1
0.1 423 208 -1
0.1 213 214 -1
0.1 212 425 -1
0.1 215 216 -1
0.1 426 427 -1
0.1 211 428 -1
0.1 218 219 -1
0.1 217 430 -1
0.1 429 431 -1
0.1 210 432 -1
0.1 209 433 -1
0.1 424 434 -1
0.1 435 220 -1
0.1 422 436 -1
0.1 421 437 -1
0.1 352 438 -1
