1 0 0 1
1 0 0 1
1 0 0 1
1 0 0 1
1 0 0 1
1 0 0 1
1 0 0 1
1 0 0 1
1 0 0 1
1 0 0 1
1 0 0 1
1 0 0 1
1 0 0 1
1 0 0 1
1 0 0 1
1 0 0 1
1 0 0 1
1 0 0 1
1 0 0 1
1 0 0 1
1 0 0 1
1 0 0 1
1 0 0 2
1 0 0 2
1 0 0 2
1 0 0 2
1 0 0 2
1 0 0 2
1 0 0 2
1 0 0 2
1 0 0 2
1 0 0 2
1 0 0 2
1 0 0 2
1 0 0 2
1 0 0 2
1 0 0 2
1 0 0 2
1 0 0 2
1 0 0 2
1 0 0 2
1 0 0 3
1 0 0 1
1 0 0 3
1 0 0 3
1 0 0 3
1 0 0 3
1 0 0 4
1 0 0 4
1 0 0 4
1 0 0 4
1 0 0 4
1 0 0 4
1 0 0 4
1 0 0 4
1 0 0 4
1 0 0 4
1 0 0 4
1 0 0 4
1 0 0 4
1 0 0 4
1 0 0 4
1 0 0 4
1 0 0 4
1 0 0 4
1 0 0 4
1 0 0 4
1 0 0 3
1 0 0 3
1 0 0 3
1 0 0 3
1 0 0 3
1 0 0 3
1 0 0 1
1 0 0 1
1 0 0 1
1 0 0 3
1 0 0 3
1 0 0 1
1 0 0 1
1 0 0 1
1 0 0 1
1 0 0 1
1 0 0 1
1 0 0 1
1 0 0 1
0.1 1 2 -1
0.1 5 6 -1
0.1 88 7 -1
0.1 4 89 -1
0.1 3 90 -1
0.1 91 8 -1
0.1 87 92 -1
0.1 93 9 -1
0.1 13 14 -1
0.1 12 95 -1
0.1 15 16 -1
0.1 96 97 -1
0.1 98 17 -1
0.1 11 99 -1
0.1 100 18 -1
0.1 10 101 -1
0.1 102 19 -1
0.1 94 103 -1
0.1 104 20 -1
0.1 26 27 -1
0.1 29 30 -1
0.1 107 31 -1
0.1 28 108 -1
0.1 32 33 -1
0.1 110 34 -1
0.1 111 35 -1
0.1 36 37 -1
0.1 113 38 -1
0.1 114 39 -1
0.1 112 115 -1
0.1 109 116 -1
0.1 106 117 -1
0.1 25 118 -1
0.1 119 40 -1
0.1 24 120 -1
0.1 23 121 -1
0.1 122 41 -1
0.1 22 123 -1
0.1 21 124 -1
0.1 42 43 -1
0.1 44 45 -1
0.1 127 46 -1
0.1 126 128 -1
0.1 129 47 -1
0.1 49 50 -1
0.1 53 54 -1
0.1 132 55 -1
0.1 56 57 -1
0.1 133 134 -1
0.1 135 58 -1
0.1 52 136 -1
0.1 51 137 -1
0.1 60 61 -1
0.1 59 139 -1
0.1 138 140 -1
0.1 141 62 -1
0.1 64 65 -1
0.1 63 143 -1
0.1 142 144 -1
0.1 131 145 -1
0.1 66 67 -1
0.1 146 147 -1
0.1 48 148 -1
0.1 149 68 -1
0.1 69 70 -1
0.1 71 72 -1
0.1 152 73 -1
0.1 74 75 -1
0.1 154 76 -1
0.1 155 77 -1
0.1 156 78 -1
0.1 153 157 -1
0.1 151 158 -1
0.1 150 159 -1
0.1 130 160 -1
0.1 80 81 -1
0.1 83 84 -1
0.1 163 85 -1
0.1 164 86 -1
0.1 82 165 -1
0.1 162 166 -1
0.1 79 167 -1
0.1 161 168 -1
0.1 125 169 -1
0.1 105 170 -1
