1 0 0 1
1 0 0 1
1 0 0 1
1 0 0 1
1 0 0 2
1 0 0 2
1 0 0 2
1 0 0 2
1 0 0 2
1 0 0 3
1 0 0 3
1 0 0 3
1 0 0 3
1 0 0 3
1 0 0 4
1 0 0 4
1 0 0 4
1 0 0 5
1 0 0 5
1 0 0 5
1 0 0 5
1 0 0 5
1 0 0 6
1 0 0 6
1 0 0 6
1 0 0 6
1 0 0 6
1 0 0 7
1 0 0 7
1 0 0 7
1 0 0 7
1 0 0 7
1 0 0 8
1 0 0 8
1 0 0 8
1 0 0 8
1 0 0 8
1 0 0 9
1 0 0 9
1 0 0 9
1 0 0 9
1 0 0 9
1 0 0 10
1 0 0 11
1 0 0 11
1 0 0 11
1 0 0 11
1 0 0 11
1 0 0 12
1 0 0 12
1 0 0 12
1 0 0 12
1 0 0 12
1 0 0 10
1 0 0 13
1 0 0 13
1 0 0 13
1 0 0 13
1 0 0 13
1 0 0 10
1 0 0 10
1 0 0 10
1 0 0 4
1 0 0 4
1 0 0 14
1 0 0 14
1 0 0 14
1 0 0 14
1 0 0 14
1 0 0 15
1 0 0 15
1 0 0 15
1 0 0 15
1 0 0 15
1 0 0 16
1 0 0 16
1 0 0 16
1 0 0 16
1 0 0 16
1 0 0 17
1 0 0 17
1 0 0 17
1 0 0 17
1 0 0 17
1 0 0 18
1 0 0 18
1 0 0 19
1 0 0 19
1 0 0 19
1 0 0 19
1 0 0 19
1 0 0 20
1 0 0 20
1 0 0 20
1 0 0 20
1 0 0 20
1 0 0 21
1 0 0 21
1 0 0 21
1 0 0 21
1 0 0 21
1 0 0 18
1 0 0 18
1 0 0 22
1 0 0 22
1 0 0 22
1 0 0 22
1 0 0 22
1 0 0 18
1 0 0 23
1 0 0 24
1 0 0 25
1 0 0 25
1 0 0 25
1 0 0 25
1 0 0 25
1 0 0 24
1 0 0 24
1 0 0 24
1 0 0 24
1 0 0 26
1 0 0 26
1 0 0 26
1 0 0 26
1 0 0 26
1 0 0 1
1 0 0 27
1 0 0 27
1 0 0 27
1 0 0 27
1 0 0 27
1 0 0 23
1 0 0 23
1 0 0 23
1 0 0 23
1 0 0 28
1 0 0 28
1 0 0 28
1 0 0 28
1 0 0 28
0.1 3 4 -1
0.1 2 141 -1
0.1 1 142 -1
0.1 5 6 -1
0.1 144 7 -1
0.1 8 9 -1
0.1 145 146 -1
0.1 143 147 -1
0.1 11 12 -1
0.1 10 149 -1
0.1 150 13 -1
0.1 151 14 -1
0.1 148 152 -1
0.1 16 17 -1
0.1 15 154 -1
0.1 18 19 -1
0.1 20 21 -1
0.1 157 22 -1
0.1 156 158 -1
0.1 23 24 -1
0.1 25 26 -1
0.1 160 161 -1
0.1 162 27 -1
0.1 29 30 -1
0.1 28 164 -1
0.1 165 31 -1
0.1 166 32 -1
0.1 163 167 -1
0.1 33 34 -1
0.1 36 37 -1
0.1 35 170 -1
0.1 169 171 -1
0.1 38 39 -1
0.1 41 42 -1
0.1 40 174 -1
0.1 173 175 -1
0.1 176 43 -1
0.1 172 177 -1
0.1 168 178 -1
0.1 159 179 -1
0.1 44 45 -1
0.1 181 46 -1
0.1 182 47 -1
0.1 183 48 -1
0.1 51 52 -1
0.1 50 185 -1
0.1 49 186 -1
0.1 187 53 -1
0.1 184 188 -1
0.1 180 189 -1
0.1 55 56 -1
0.1 58 59 -1
0.1 57 192 -1
0.1 191 193 -1
0.1 54 194 -1
0.1 195 60 -1
0.1 61 62 -1
0.1 196 197 -1
0.1 190 198 -1
0.1 63 64 -1
0.1 199 200 -1
0.1 155 201 -1
0.1 66 67 -1
0.1 65 203 -1
0.1 68 69 -1
0.1 204 205 -1
0.1 202 206 -1
0.1 153 207 -1
0.1 70 71 -1
0.1 72 73 -1
0.1 210 74 -1
0.1 209 211 -1
0.1 76 77 -1
0.1 75 213 -1
0.1 78 79 -1
0.1 214 215 -1
0.1 212 216 -1
0.1 81 82 -1
0.1 80 218 -1
0.1 83 84 -1
0.1 219 220 -1
0.1 217 221 -1
0.1 85 86 -1
0.1 89 90 -1
0.1 224 91 -1
0.1 88 225 -1
0.1 87 226 -1
0.1 92 93 -1
0.1 227 228 -1
0.1 95 96 -1
0.1 94 230 -1
0.1 229 231 -1
0.1 223 232 -1
0.1 99 100 -1
0.1 98 234 -1
0.1 235 101 -1
0.1 97 236 -1
0.1 237 102 -1
0.1 233 238 -1
0.1 222 239 -1
0.1 105 106 -1
0.1 104 241 -1
0.1 107 108 -1
0.1 242 243 -1
0.1 103 244 -1
0.1 245 109 -1
0.1 240 246 -1
0.1 110 111 -1
0.1 113 114 -1
0.1 249 115 -1
0.1 250 116 -1
0.1 112 251 -1
0.1 252 117 -1
0.1 119 120 -1
0.1 118 254 -1
0.1 253 255 -1
0.1 248 256 -1
0.1 247 257 -1
0.1 121 122 -1
0.1 123 124 -1
0.1 259 260 -1
0.1 261 125 -1
0.1 127 128 -1
0.1 126 263 -1
0.1 262 264 -1
0.1 258 265 -1
0.1 130 131 -1
0.1 129 267 -1
0.1 266 268 -1
0.1 132 133 -1
0.1 270 134 -1
0.1 271 135 -1
0.1 269 272 -1
0.1 137 138 -1
0.1 139 140 -1
0.1 274 275 -1
0.1 136 276 -1
0.1 273 277 -1
0.1 208 278 -1
