1 0 0 1
1 0 0 1
1 0 0 1
1 0 0 1
1 0 0 2
1 0 0 3
1 0 0 4
1 0 0 4
1 0 0 4
1 0 0 4
1 0 0 4
1 0 0 5
1 0 0 5
1 0 0 5
1 0 0 5
1 0 0 5
1 0 0 6
1 0 0 6
1 0 0 7
1 0 0 7
1 0 0 7
1 0 0 7
1 0 0 7
1 0 0 6
1 0 0 6
1 0 0 6
1 0 0 3
1 0 0 3
1 0 0 8
1 0 0 8
1 0 0 8
1 0 0 8
1 0 0 8
1 0 0 3
1 0 0 9
1 0 0 9
1 0 0 9
1 0 0 9
1 0 0 9
1 0 0 3
1 0 0 10
1 0 0 10
1 0 0 10
1 0 0 10
1 0 0 10
1 0 0 2
1 0 0 2
1 0 0 2
1 0 0 1
1 0 0 11
1 0 0 11
1 0 0 11
1 0 0 11
1 0 0 11
1 0 0 12
1 0 0 12
1 0 0 12
1 0 0 12
1 0 0 12
1 0 0 13
1 0 0 2
1 0 0 14
1 0 0 14
1 0 0 14
1 0 0 14
1 0 0 14
1 0 0 15
1 0 0 15
1 0 0 15
1 0 0 15
1 0 0 15
1 0 0 16
1 0 0 16
1 0 0 16
1 0 0 16
1 0 0 16
1 0 0 13
1 0 0 13
1 0 0 13
1 0 0 13
1 0 0 17
1 0 0 17
1 0 0 17
1 0 0 17
1 0 0 17
1 0 0 18
1 0 0 18
1 0 0 18
1 0 0 18
1 0 0 18
1 0 0 19
1 0 0 19
1 0 0 20
1 0 0 20
1 0 0 20
1 0 0 20
1 0 0 20
1 0 0 19
1 0 0 19
1 0 0 19
1 0 0 21
1 0 0 21
1 0 0 21
1 0 0 21
1 0 0 21
1 0 0 22
1 0 0 22
1 0 0 22
1 0 0 22
1 0 0 22
1 0 0 23
1 0 0 23
1 0 0 23
1 0 0 23
1 0 0 23
1 0 0 24
1 0 0 24
1 0 0 24
1 0 0 24
1 0 0 24
1 0 0 25
1 0 0 25
1 0 0 25
1 0 0 25
1 0 0 25
1 0 0 26
1 0 0 26
1 0 0 26
1 0 0 26
1 0 0 26
1 0 0 27
1 0 0 27
1 0 0 27
1 0 0 27
1 0 0 27
1 0 0 28
1 0 0 28
1 0 0 28
1 0 0 28
1 0 0 28
0.1 3 4 -1
0.1 2 141 -1
0.1 1 142 -1
0.1 10 11 -1
0.1 9 144 -1
0.1 8 145 -1
0.1 7 146 -1
0.1 12 13 -1
0.1 14 15 -1
0.1 149 16 -1
0.1 148 150 -1
0.1 19 20 -1
0.1 21 22 -1
0.1 153 23 -1
0.1 152 154 -1
0.1 24 25 -1
0.1 155 156 -1
0.1 157 26 -1
0.1 18 158 -1
0.1 17 159 -1
0.1 151 160 -1
0.1 147 161 -1
0.1 27 28 -1
0.1 29 30 -1
0.1 32 33 -1
0.1 31 165 -1
0.1 164 166 -1
0.1 163 167 -1
0.1 38 39 -1
0.1 37 169 -1
0.1 36 170 -1
0.1 35 171 -1
0.1 34 172 -1
0.1 168 173 -1
0.1 162 174 -1
0.1 6 175 -1
0.1 44 45 -1
0.1 43 177 -1
0.1 42 178 -1
0.1 41 179 -1
0.1 40 180 -1
0.1 176 181 -1
0.1 5 182 -1
0.1 143 183 -1
0.1 47 48 -1
0.1 185 49 -1
0.1 46 186 -1
0.1 53 54 -1
0.1 52 188 -1
0.1 51 189 -1
0.1 50 190 -1
0.1 187 191 -1
0.1 184 192 -1
0.1 56 57 -1
0.1 58 59 -1
0.1 194 195 -1
0.1 55 196 -1
0.1 193 197 -1
0.1 60 61 -1
0.1 198 199 -1
0.1 63 64 -1
0.1 62 201 -1
0.1 65 66 -1
0.1 202 203 -1
0.1 67 68 -1
0.1 70 71 -1
0.1 69 206 -1
0.1 205 207 -1
0.1 204 208 -1
0.1 72 73 -1
0.1 74 75 -1
0.1 211 76 -1
0.1 210 212 -1
0.1 209 213 -1
0.1 200 214 -1
0.1 79 80 -1
0.1 78 216 -1
0.1 77 217 -1
0.1 81 82 -1
0.1 83 84 -1
0.1 219 220 -1
0.1 221 85 -1
0.1 88 89 -1
0.1 87 223 -1
0.1 86 224 -1
0.1 91 92 -1
0.1 90 226 -1
0.1 95 96 -1
0.1 228 97 -1
0.1 94 229 -1
0.1 93 230 -1
0.1 99 100 -1
0.1 98 232 -1
0.1 102 103 -1
0.1 101 234 -1
0.1 235 104 -1
0.1 236 105 -1
0.1 233 237 -1
0.1 108 109 -1
0.1 107 239 -1
0.1 106 240 -1
0.1 241 110 -1
0.1 238 242 -1
0.1 231 243 -1
0.1 112 113 -1
0.1 245 114 -1
0.1 246 115 -1
0.1 111 247 -1
0.1 117 118 -1
0.1 116 249 -1
0.1 119 120 -1
0.1 250 251 -1
0.1 122 123 -1
0.1 121 253 -1
0.1 254 124 -1
0.1 255 125 -1
0.1 252 256 -1
0.1 126 127 -1
0.1 258 128 -1
0.1 129 130 -1
0.1 259 260 -1
0.1 261 131 -1
0.1 257 262 -1
0.1 248 263 -1
0.1 244 264 -1
0.1 265 132 -1
0.1 227 266 -1
0.1 133 134 -1
0.1 136 137 -1
0.1 138 139 -1
0.1 269 270 -1
0.1 271 140 -1
0.1 135 272 -1
0.1 268 273 -1
0.1 267 274 -1
0.1 225 275 -1
0.1 222 276 -1
0.1 218 277 -1
0.1 215 278 -1
