1 0 0 1
1 0 0 2
1 0 0 2
1 0 0 2
1 0 0 2
1 0 0 2
1 0 0 3
1 0 0 4
1 0 0 5
1 0 0 5
1 0 0 5
1 0 0 5
1 0 0 5
1 0 0 6
1 0 0 6
1 0 0 6
1 0 0 7
1 0 0 7
1 0 0 7
1 0 0 7
1 0 0 7
1 0 0 8
1 0 0 8
1 0 0 8
1 0 0 8
1 0 0 8
1 0 0 9
1 0 0 9
1 0 0 9
1 0 0 9
1 0 0 9
1 0 0 10
1 0 0 10
1 0 0 10
1 0 0 10
1 0 0 10
1 0 0 6
1 0 0 11
1 0 0 11
1 0 0 11
1 0 0 11
1 0 0 11
1 0 0 12
1 0 0 6
1 0 0 13
1 0 0 13
1 0 0 13
1 0 0 13
1 0 0 13
1 0 0 12
1 0 0 12
1 0 0 12
1 0 0 12
1 0 0 14
1 0 0 14
1 0 0 14
1 0 0 14
1 0 0 14
1 0 0 15
1 0 0 15
1 0 0 15
1 0 0 15
1 0 0 15
1 0 0 16
1 0 0 16
1 0 0 16
1 0 0 16
1 0 0 16
1 0 0 1
1 0 0 17
1 0 0 17
1 0 0 4
1 0 0 4
1 0 0 4
1 0 0 4
1 0 0 18
1 0 0 18
1 0 0 18
1 0 0 18
1 0 0 19
1 0 0 19
1 0 0 19
1 0 0 19
1 0 0 19
1 0 0 3
1 0 0 20
1 0 0 20
1 0 0 20
1 0 0 20
1 0 0 20
1 0 0 3
1 0 0 21
1 0 0 21
1 0 0 21
1 0 0 21
1 0 0 21
1 0 0 3
1 0 0 3
1 0 0 22
1 0 0 22
1 0 0 22
1 0 0 23
1 0 0 23
1 0 0 23
1 0 0 23
1 0 0 23
1 0 0 24
1 0 0 24
1 0 0 24
1 0 0 24
1 0 0 24
1 0 0 25
1 0 0 25
1 0 0 25
1 0 0 25
1 0 0 25
1 0 0 26
1 0 0 26
1 0 0 26
1 0 0 26
1 0 0 26
1 0 0 22
1 0 0 22
1 0 0 27
1 0 0 1
1 0 0 1
1 0 0 27
1 0 0 27
1 0 0 27
1 0 0 18
1 0 0 27
1 0 0 28
1 0 0 28
1 0 0 28
1 0 0 28
1 0 0 28
1 0 0 1
1 0 0 17
1 0 0 17
1 0 0 17
0.1 2 3 -1
0.1 5 6 -1
0.1 4 142 -1
0.1 141 143 -1
0.1 1 144 -1
0.1 145 7 -1
0.1 10 11 -1
0.1 9 147 -1
0.1 12 13 -1
0.1 148 149 -1
0.1 15 16 -1
0.1 18 19 -1
0.1 20 21 -1
0.1 152 153 -1
0.1 17 154 -1
0.1 22 23 -1
0.1 24 25 -1
0.1 157 26 -1
0.1 156 158 -1
0.1 27 28 -1
0.1 30 31 -1
0.1 29 161 -1
0.1 160 162 -1
0.1 35 36 -1
0.1 34 164 -1
0.1 33 165 -1
0.1 32 166 -1
0.1 39 40 -1
0.1 168 41 -1
0.1 38 169 -1
0.1 170 42 -1
0.1 37 171 -1
0.1 172 43 -1
0.1 167 173 -1
0.1 46 47 -1
0.1 45 175 -1
0.1 48 49 -1
0.1 176 177 -1
0.1 44 178 -1
0.1 174 179 -1
0.1 163 180 -1
0.1 159 181 -1
0.1 155 182 -1
0.1 52 53 -1
0.1 51 184 -1
0.1 50 185 -1
0.1 186 54 -1
0.1 57 58 -1
0.1 56 188 -1
0.1 55 189 -1
0.1 187 190 -1
0.1 183 191 -1
0.1 151 192 -1
0.1 14 193 -1
0.1 150 194 -1
0.1 60 61 -1
0.1 196 62 -1
0.1 197 63 -1
0.1 59 198 -1
0.1 195 199 -1
0.1 8 200 -1
0.1 146 201 -1
0.1 65 66 -1
0.1 67 68 -1
0.1 203 204 -1
0.1 64 205 -1
0.1 202 206 -1
0.1 70 71 -1
0.1 69 208 -1
0.1 72 73 -1
0.1 210 74 -1
0.1 211 75 -1
0.1 77 78 -1
0.1 76 213 -1
0.1 214 79 -1
0.1 212 215 -1
0.1 209 216 -1
0.1 80 81 -1
0.1 82 83 -1
0.1 218 219 -1
0.1 217 220 -1
0.1 86 87 -1
0.1 89 90 -1
0.1 88 223 -1
0.1 222 224 -1
0.1 85 225 -1
0.1 84 226 -1
0.1 93 94 -1
0.1 228 95 -1
0.1 229 96 -1
0.1 92 230 -1
0.1 91 231 -1
0.1 97 98 -1
0.1 100 101 -1
0.1 99 234 -1
0.1 233 235 -1
0.1 102 103 -1
0.1 104 105 -1
0.1 238 106 -1
0.1 237 239 -1
0.1 107 108 -1
0.1 109 110 -1
0.1 242 111 -1
0.1 241 243 -1
0.1 240 244 -1
0.1 112 113 -1
0.1 115 116 -1
0.1 114 247 -1
0.1 246 248 -1
0.1 245 249 -1
0.1 117 118 -1
0.1 251 119 -1
0.1 120 121 -1
0.1 252 253 -1
0.1 250 254 -1
0.1 236 255 -1
0.1 232 256 -1
0.1 122 123 -1
0.1 257 258 -1
0.1 227 259 -1
0.1 125 126 -1
0.1 261 127 -1
0.1 130 131 -1
0.1 129 263 -1
0.1 128 264 -1
0.1 135 136 -1
0.1 134 266 -1
0.1 133 267 -1
0.1 132 268 -1
0.1 265 269 -1
0.1 262 270 -1
0.1 124 271 -1
0.1 260 272 -1
0.1 139 140 -1
0.1 138 274 -1
0.1 137 275 -1
0.1 273 276 -1
0.1 221 277 -1
0.1 207 278 -1
