1 0 0 1
1 0 0 1
1 0 0 1
1 0 0 1
1 0 0 1
1 0 0 2
1 0 0 2
1 0 0 2
1 0 0 2
1 0 0 3
1 0 0 3
1 0 0 3
1 0 0 3
1 0 0 4
1 0 0 4
1 0 0 4
1 0 0 4
1 0 0 4
1 0 0 5
1 0 0 5
1 0 0 5
1 0 0 5
1 0 0 5
1 0 0 6
1 0 0 6
1 0 0 6
1 0 0 6
1 0 0 7
1 0 0 7
1 0 0 8
1 0 0 8
1 0 0 8
1 0 0 8
1 0 0 9
1 0 0 9
1 0 0 9
1 0 0 9
1 0 0 9
1 0 0 8
1 0 0 10
1 0 0 10
1 0 0 10
1 0 0 10
1 0 0 10
1 0 0 11
1 0 0 11
1 0 0 11
1 0 0 11
1 0 0 11
1 0 0 12
1 0 0 12
1 0 0 12
1 0 0 12
1 0 0 12
1 0 0 6
1 0 0 7
1 0 0 7
1 0 0 13
1 0 0 13
1 0 0 13
1 0 0 13
1 0 0 13
1 0 0 14
1 0 0 14
1 0 0 14
1 0 0 14
1 0 0 14
1 0 0 7
1 0 0 15
1 0 0 15
1 0 0 15
1 0 0 15
1 0 0 15
1 0 0 2
1 0 0 16
1 0 0 16
1 0 0 17
1 0 0 16
1 0 0 18
1 0 0 18
1 0 0 18
1 0 0 18
1 0 0 16
1 0 0 16
1 0 0 17
1 0 0 19
1 0 0 19
1 0 0 19
1 0 0 19
1 0 0 19
1 0 0 17
1 0 0 17
1 0 0 17
1 0 0 18
1 0 0 20
1 0 0 21
1 0 0 21
1 0 0 20
1 0 0 21
1 0 0 21
1 0 0 21
1 0 0 3
1 0 0 22
1 0 0 22
1 0 0 22
1 0 0 22
1 0 0 22
1 0 0 23
1 0 0 23
1 0 0 23
1 0 0 23
1 0 0 23
1 0 0 24
1 0 0 24
1 0 0 24
1 0 0 24
1 0 0 24
1 0 0 20
1 0 0 25
1 0 0 25
1 0 0 25
1 0 0 25
1 0 0 25
1 0 0 20
1 0 0 20
1 0 0 26
1 0 0 26
1 0 0 26
1 0 0 26
1 0 0 26
1 0 0 27
1 0 0 27
1 0 0 27
1 0 0 27
1 0 0 27
1 0 0 28
1 0 0 28
1 0 0 28
1 0 0 28
1 0 0 28
0.1 1 2 -1
0.1 141 3 -1
0.1 4 5 -1
0.1 142 143 -1
0.1 6 7 -1
0.1 145 8 -1
0.1 146 9 -1
0.1 144 147 -1
0.1 12 13 -1
0.1 11 149 -1
0.1 10 150 -1
0.1 148 151 -1
0.1 16 17 -1
0.1 15 153 -1
0.1 154 18 -1
0.1 14 155 -1
0.1 19 20 -1
0.1 157 21 -1
0.1 158 22 -1
0.1 159 23 -1
0.1 25 26 -1
0.1 24 161 -1
0.1 162 27 -1
0.1 28 29 -1
0.1 163 164 -1
0.1 32 33 -1
0.1 31 166 -1
0.1 30 167 -1
0.1 37 38 -1
0.1 36 169 -1
0.1 35 170 -1
0.1 34 171 -1
0.1 172 39 -1
0.1 168 173 -1
0.1 41 42 -1
0.1 43 44 -1
0.1 175 176 -1
0.1 40 177 -1
0.1 46 47 -1
0.1 45 179 -1
0.1 180 48 -1
0.1 181 49 -1
0.1 178 182 -1
0.1 50 51 -1
0.1 184 52 -1
0.1 53 54 -1
0.1 185 186 -1
0.1 183 187 -1
0.1 174 188 -1
0.1 55 56 -1
0.1 58 59 -1
0.1 60 61 -1
0.1 192 62 -1
0.1 191 193 -1
0.1 64 65 -1
0.1 195 66 -1
0.1 196 67 -1
0.1 63 197 -1
0.1 194 198 -1
0.1 57 199 -1
0.1 190 200 -1
0.1 189 201 -1
0.1 70 71 -1
0.1 69 203 -1
0.1 204 72 -1
0.1 205 73 -1
0.1 68 206 -1
0.1 202 207 -1
0.1 165 208 -1
0.1 160 209 -1
0.1 210 74 -1
0.1 156 211 -1
0.1 152 212 -1
0.1 77 78 -1
0.1 79 80 -1
0.1 81 82 -1
0.1 215 216 -1
0.1 217 83 -1
0.1 214 218 -1
0.1 76 219 -1
0.1 220 84 -1
0.1 75 221 -1
0.1 86 87 -1
0.1 223 88 -1
0.1 89 90 -1
0.1 224 225 -1
0.1 92 93 -1
0.1 91 227 -1
0.1 226 228 -1
0.1 85 229 -1
0.1 222 230 -1
0.1 96 97 -1
0.1 95 232 -1
0.1 94 233 -1
0.1 234 98 -1
0.1 100 101 -1
0.1 99 236 -1
0.1 237 102 -1
0.1 103 104 -1
0.1 105 106 -1
0.1 239 240 -1
0.1 108 109 -1
0.1 110 111 -1
0.1 243 112 -1
0.1 242 244 -1
0.1 107 245 -1
0.1 241 246 -1
0.1 113 114 -1
0.1 116 117 -1
0.1 115 249 -1
0.1 248 250 -1
0.1 247 251 -1
0.1 120 121 -1
0.1 253 122 -1
0.1 254 123 -1
0.1 119 255 -1
0.1 118 256 -1
0.1 124 125 -1
0.1 126 127 -1
0.1 259 128 -1
0.1 260 129 -1
0.1 261 130 -1
0.1 131 132 -1
0.1 134 135 -1
0.1 133 264 -1
0.1 263 265 -1
0.1 262 266 -1
0.1 258 267 -1
0.1 257 268 -1
0.1 252 269 -1
0.1 238 270 -1
0.1 235 271 -1
0.1 231 272 -1
0.1 137 138 -1
0.1 139 140 -1
0.1 274 275 -1
0.1 136 276 -1
0.1 273 277 -1
0.1 213 278 -1
