1 0 0 1
1 0 0 1
1 0 0 2
1 0 0 2
1 0 0 2
1 0 0 2
1 0 0 2
1 0 0 2
1 0 0 2
1 0 0 2
1 0 0 2
1 0 0 2
1 0 0 3
1 0 0 3
1 0 0 3
1 0 0 3
1 0 0 3
1 0 0 3
1 0 0 3
1 0 0 3
1 0 0 3
1 0 0 3
1 0 0 4
1 0 0 4
1 0 0 4
1 0 0 4
1 0 0 4
1 0 0 4
1 0 0 4
1 0 0 4
1 0 0 4
1 0 0 4
1 0 0 1
1 0 0 1
1 0 0 1
1 0 0 1
1 0 0 5
1 0 0 5
1 0 0 5
1 0 0 5
1 0 0 5
1 0 0 5
1 0 0 5
1 0 0 5
1 0 0 5
1 0 0 5
1 0 0 1
1 0 0 1
1 0 0 6
1 0 0 6
1 0 0 6
1 0 0 6
1 0 0 6
1 0 0 6
1 0 0 6
1 0 0 6
1 0 0 6
1 0 0 6
1 0 0 1
1 0 0 1
1 0 0 7
1 0 0 8
1 0 0 8
1 0 0 8
1 0 0 8
1 0 0 8
1 0 0 7
1 0 0 7
1 0 0 7
1 0 0 7
1 0 0 9
1 0 0 9
1 0 0 9
1 0 0 9
1 0 0 9
1 0 0 9
1 0 0 9
1 0 0 9
1 0 0 9
1 0 0 9
1 0 0 7
1 0 0 7
1 0 0 7
1 0 0 7
1 0 0 7
1 0 0 8
1 0 0 8
1 0 0 8
1 0 0 8
1 0 0 8
0.1 1 2 -1
0.1 4 5 -1
0.1 3 92 -1
0.1 6 7 -1
0.1 8 9 -1
0.1 10 11 -1
0.1 95 96 -1
0.1 94 97 -1
0.1 93 98 -1
0.1 99 12 -1
0.1 13 14 -1
0.1 15 16 -1
0.1 18 19 -1
0.1 17 103 -1
0.1 102 104 -1
0.1 101 105 -1
0.1 21 22 -1
0.1 20 107 -1
0.1 106 108 -1
0.1 25 26 -1
0.1 24 110 -1
0.1 23 111 -1
0.1 28 29 -1
0.1 27 113 -1
0.1 112 114 -1
0.1 30 31 -1
0.1 115 116 -1
0.1 117 32 -1
0.1 109 118 -1
0.1 119 33 -1
0.1 100 120 -1
0.1 91 121 -1
0.1 35 36 -1
0.1 37 38 -1
0.1 39 40 -1
0.1 42 43 -1
0.1 41 126 -1
0.1 125 127 -1
0.1 44 45 -1
0.1 128 129 -1
0.1 130 46 -1
0.1 124 131 -1
0.1 123 132 -1
0.1 34 133 -1
0.1 47 48 -1
0.1 54 55 -1
0.1 53 136 -1
0.1 137 56 -1
0.1 138 57 -1
0.1 52 139 -1
0.1 51 140 -1
0.1 50 141 -1
0.1 49 142 -1
0.1 143 58 -1
0.1 59 60 -1
0.1 144 145 -1
0.1 135 146 -1
0.1 134 147 -1
0.1 63 64 -1
0.1 62 149 -1
0.1 65 66 -1
0.1 150 151 -1
0.1 67 68 -1
0.1 69 70 -1
0.1 153 154 -1
0.1 72 73 -1
0.1 71 156 -1
0.1 157 74 -1
0.1 76 77 -1
0.1 75 159 -1
0.1 158 160 -1
0.1 79 80 -1
0.1 78 162 -1
0.1 161 163 -1
0.1 81 82 -1
0.1 83 84 -1
0.1 165 166 -1
0.1 85 86 -1
0.1 87 88 -1
0.1 89 90 -1
0.1 169 170 -1
0.1 168 171 -1
0.1 167 172 -1
0.1 164 173 -1
0.1 155 174 -1
0.1 152 175 -1
0.1 61 176 -1
0.1 148 177 -1
0.1 122 178 -1
