1 0 0 1
1 0 0 1
1 0 0 1
1 0 0 1
1 0 0 2
1 0 0 2
1 0 0 2
1 0 0 2
1 0 0 2
1 0 0 2
1 0 0 2
1 0 0 2
1 0 0 2
1 0 0 2
1 0 0 3
1 0 0 3
1 0 0 3
1 0 0 3
1 0 0 3
1 0 0 3
1 0 0 3
1 0 0 3
1 0 0 3
1 0 0 3
1 0 0 4
1 0 0 4
1 0 0 4
1 0 0 4
1 0 0 4
1 0 0 4
1 0 0 4
1 0 0 4
1 0 0 4
1 0 0 4
1 0 0 1
1 0 0 1
1 0 0 1
1 0 0 5
1 0 0 5
1 0 0 5
1 0 0 5
1 0 0 5
1 0 0 5
1 0 0 5
1 0 0 5
1 0 0 5
1 0 0 5
1 0 0 1
1 0 0 6
1 0 0 6
1 0 0 6
1 0 0 6
1 0 0 6
1 0 0 6
1 0 0 6
1 0 0 6
1 0 0 6
1 0 0 6
1 0 0 1
1 0 0 1
1 0 0 7
1 0 0 7
1 0 0 7
1 0 0 7
1 0 0 7
1 0 0 7
1 0 0 7
1 0 0 8
1 0 0 8
1 0 0 8
1 0 0 8
1 0 0 8
1 0 0 8
1 0 0 8
1 0 0 8
1 0 0 8
1 0 0 8
1 0 0 7
1 0 0 7
1 0 0 7
1 0 0 9
1 0 0 9
1 0 0 9
1 0 0 9
1 0 0 9
1 0 0 9
1 0 0 9
1 0 0 9
1 0 0 9
1 0 0 9
0.1 1 2 -1
0.1 3 4 -1
0.1 5 6 -1
0.1 7 8 -1
0.1 9 10 -1
0.1 94 95 -1
0.1 11 12 -1
0.1 96 97 -1
0.1 98 13 -1
0.1 99 14 -1
0.1 93 100 -1
0.1 15 16 -1
0.1 102 17 -1
0.1 18 19 -1
0.1 22 23 -1
0.1 21 105 -1
0.1 20 106 -1
0.1 104 107 -1
0.1 108 24 -1
0.1 103 109 -1
0.1 25 26 -1
0.1 28 29 -1
0.1 27 112 -1
0.1 111 113 -1
0.1 30 31 -1
0.1 114 115 -1
0.1 33 34 -1
0.1 32 117 -1
0.1 116 118 -1
0.1 110 119 -1
0.1 101 120 -1
0.1 121 35 -1
0.1 92 122 -1
0.1 91 123 -1
0.1 36 37 -1
0.1 38 39 -1
0.1 40 41 -1
0.1 127 42 -1
0.1 43 44 -1
0.1 128 129 -1
0.1 130 45 -1
0.1 46 47 -1
0.1 131 132 -1
0.1 126 133 -1
0.1 134 48 -1
0.1 125 135 -1
0.1 52 53 -1
0.1 51 137 -1
0.1 50 138 -1
0.1 55 56 -1
0.1 57 58 -1
0.1 140 141 -1
0.1 54 142 -1
0.1 139 143 -1
0.1 49 144 -1
0.1 59 60 -1
0.1 145 146 -1
0.1 61 62 -1
0.1 63 64 -1
0.1 65 66 -1
0.1 149 150 -1
0.1 69 70 -1
0.1 71 72 -1
0.1 152 153 -1
0.1 154 73 -1
0.1 68 155 -1
0.1 74 75 -1
0.1 76 77 -1
0.1 157 158 -1
0.1 156 159 -1
0.1 67 160 -1
0.1 151 161 -1
0.1 162 78 -1
0.1 148 163 -1
0.1 79 80 -1
0.1 164 165 -1
0.1 82 83 -1
0.1 81 167 -1
0.1 84 85 -1
0.1 86 87 -1
0.1 88 89 -1
0.1 171 90 -1
0.1 170 172 -1
0.1 169 173 -1
0.1 168 174 -1
0.1 166 175 -1
0.1 147 176 -1
0.1 136 177 -1
0.1 124 178 -1
