1 0 0 1
1 0 0 1
1 0 0 1
1 0 0 1
1 0 0 1
1 0 0 1
1 0 0 1
1 0 0 1
1 0 0 2
1 0 0 2
1 0 0 2
1 0 0 2
1 0 0 2
1 0 0 2
1 0 0 2
1 0 0 2
1 0 0 2
1 0 0 3
1 0 0 3
1 0 0 3
1 0 0 3
1 0 0 3
1 0 0 2
1 0 0 3
1 0 0 3
1 0 0 3
1 0 0 3
1 0 0 3
1 0 0 1
1 0 0 1
1 0 0 4
1 0 0 4
1 0 0 4
1 0 0 5
1 0 0 5
1 0 0 5
1 0 0 5
1 0 0 5
1 0 0 5
1 0 0 5
1 0 0 5
1 0 0 5
1 0 0 5
1 0 0 4
1 0 0 4
1 0 0 4
1 0 0 4
1 0 0 6
1 0 0 6
1 0 0 6
1 0 0 6
1 0 0 6
1 0 0 6
1 0 0 6
1 0 0 6
1 0 0 6
1 0 0 6
1 0 0 4
1 0 0 7
1 0 0 7
1 0 0 7
1 0 0 7
1 0 0 7
1 0 0 7
1 0 0 7
1 0 0 7
1 0 0 7
1 0 0 7
1 0 0 8
1 0 0 8
1 0 0 8
1 0 0 8
1 0 0 8
1 0 0 8
1 0 0 8
1 0 0 8
1 0 0 8
1 0 0 8
1 0 0 9
1 0 0 9
1 0 0 9
1 0 0 9
1 0 0 9
1 0 0 9
1 0 0 9
1 0 0 9
1 0 0 9
1 0 0 9
1 0 0 4
1 0 0 4
0.1 2 3 -1
0.1 1 91 -1
0.1 5 6 -1
0.1 4 93 -1
0.1 7 8 -1
0.1 94 95 -1
0.1 9 10 -1
0.1 11 12 -1
0.1 97 98 -1
0.1 13 14 -1
0.1 15 16 -1
0.1 100 101 -1
0.1 17 18 -1
0.1 19 20 -1
0.1 21 22 -1
0.1 104 105 -1
0.1 103 106 -1
0.1 102 107 -1
0.1 25 26 -1
0.1 24 109 -1
0.1 27 28 -1
0.1 110 111 -1
0.1 23 112 -1
0.1 108 113 -1
0.1 99 114 -1
0.1 115 29 -1
0.1 116 30 -1
0.1 96 117 -1
0.1 92 118 -1
0.1 32 33 -1
0.1 34 35 -1
0.1 37 38 -1
0.1 36 122 -1
0.1 121 123 -1
0.1 40 41 -1
0.1 39 125 -1
0.1 124 126 -1
0.1 42 43 -1
0.1 127 128 -1
0.1 120 129 -1
0.1 31 130 -1
0.1 119 131 -1
0.1 44 45 -1
0.1 46 47 -1
0.1 48 49 -1
0.1 50 51 -1
0.1 53 54 -1
0.1 52 137 -1
0.1 136 138 -1
0.1 135 139 -1
0.1 56 57 -1
0.1 55 141 -1
0.1 140 142 -1
0.1 143 58 -1
0.1 60 61 -1
0.1 64 65 -1
0.1 63 146 -1
0.1 62 147 -1
0.1 67 68 -1
0.1 66 149 -1
0.1 148 150 -1
0.1 145 151 -1
0.1 59 152 -1
0.1 70 71 -1
0.1 73 74 -1
0.1 75 76 -1
0.1 155 156 -1
0.1 72 157 -1
0.1 77 78 -1
0.1 158 159 -1
0.1 154 160 -1
0.1 69 161 -1
0.1 153 162 -1
0.1 144 163 -1
0.1 134 164 -1
0.1 81 82 -1
0.1 80 166 -1
0.1 167 83 -1
0.1 168 84 -1
0.1 85 86 -1
0.1 170 87 -1
0.1 169 171 -1
0.1 79 172 -1
0.1 173 88 -1
0.1 89 90 -1
0.1 174 175 -1
0.1 165 176 -1
0.1 133 177 -1
0.1 132 178 -1
