1 0 0 1
1 0 0 1
1 0 0 2
1 0 0 2
1 0 0 2
1 0 0 2
1 0 0 2
1 0 0 2
1 0 0 2
1 0 0 2
1 0 0 2
1 0 0 2
1 0 0 1
1 0 0 1
1 0 0 1
1 0 0 1
1 0 0 3
1 0 0 4
1 0 0 4
1 0 0 4
1 0 0 4
1 0 0 4
1 0 0 4
1 0 0 4
1 0 0 4
1 0 0 4
1 0 0 4
1 0 0 3
1 0 0 3
1 0 0 3
1 0 0 3
1 0 0 3
1 0 0 3
1 0 0 3
1 0 0 3
1 0 0 5
1 0 0 5
1 0 0 5
1 0 0 5
1 0 0 5
1 0 0 5
1 0 0 5
1 0 0 5
1 0 0 5
1 0 0 5
1 0 0 3
1 0 0 6
1 0 0 6
1 0 0 6
1 0 0 6
1 0 0 6
1 0 0 6
1 0 0 6
1 0 0 6
1 0 0 6
1 0 0 6
1 0 0 1
1 0 0 1
1 0 0 1
1 0 0 7
1 0 0 7
1 0 0 7
1 0 0 7
1 0 0 7
1 0 0 7
1 0 0 7
1 0 0 7
1 0 0 7
1 0 0 7
1 0 0 8
1 0 0 8
1 0 0 8
1 0 0 8
1 0 0 8
1 0 0 8
1 0 0 8
1 0 0 8
1 0 0 8
1 0 0 8
1 0 0 9
1 0 0 9
1 0 0 9
1 0 0 9
1 0 0 9
1 0 0 9
1 0 0 9
1 0 0 9
1 0 0 9
1 0 0 9
1 0 0 1
1 0 0 10
1 0 0 10
1 0 0 10
1 0 0 10
1 0 0 10
1 0 0 10
1 0 0 10
1 0 0 10
1 0 0 10
1 0 0 10
1 0 0 11
1 0 0 11
1 0 0 12
1 0 0 12
1 0 0 12
1 0 0 12
1 0 0 12
1 0 0 12
1 0 0 12
1 0 0 12
1 0 0 12
1 0 0 12
1 0 0 13
1 0 0 13
1 0 0 13
1 0 0 13
1 0 0 13
1 0 0 13
1 0 0 13
1 0 0 13
1 0 0 13
1 0 0 13
1 0 0 14
1 0 0 14
1 0 0 14
1 0 0 14
1 0 0 14
1 0 0 14
1 0 0 14
1 0 0 14
1 0 0 14
1 0 0 14
1 0 0 15
1 0 0 15
1 0 0 15
1 0 0 15
1 0 0 15
1 0 0 15
1 0 0 15
1 0 0 15
1 0 0 15
1 0 0 15
1 0 0 16
1 0 0 16
1 0 0 16
1 0 0 16
1 0 0 16
1 0 0 16
1 0 0 16
1 0 0 16
1 0 0 16
1 0 0 16
1 0 0 17
1 0 0 17
1 0 0 17
1 0 0 17
1 0 0 17
1 0 0 17
1 0 0 17
1 0 0 17
1 0 0 18
1 0 0 18
1 0 0 18
1 0 0 18
1 0 0 18
1 0 0 18
1 0 0 18
1 0 0 18
1 0 0 18
1 0 0 18
1 0 0 17
1 0 0 17
1 0 0 11
1 0 0 11
1 0 0 11
1 0 0 11
1 0 0 11
1 0 0 11
1 0 0 11
1 0 0 11
1 0 0 19
1 0 0 19
1 0 0 19
1 0 0 19
1 0 0 19
1 0 0 19
1 0 0 19
1 0 0 19
1 0 0 19
1 0 0 19
1 0 0 20
1 0 0 20
1 0 0 20
1 0 0 20
1 0 0 20
1 0 0 20
1 0 0 20
1 0 0 20
1 0 0 20
1 0 0 20
0.1 1 2 -1
0.1 3 4 -1
0.1 5 6 -1
0.1 7 8 -1
0.1 10 11 -1
0.1 205 12 -1
0.1 9 206 -1
0.1 204 207 -1
0.1 203 208 -1
0.1 202 209 -1
0.1 13 14 -1
0.1 210 211 -1
0.1 15 16 -1
0.1 212 213 -1
0.1 18 19 -1
0.1 20 21 -1
0.1 22 23 -1
0.1 217 24 -1
0.1 216 218 -1
0.1 26 27 -1
0.1 25 220 -1
0.1 219 221 -1
0.1 215 222 -1
0.1 17 223 -1
0.1 29 30 -1
0.1 28 225 -1
0.1 31 32 -1
0.1 227 33 -1
0.1 228 34 -1
0.1 229 35 -1
0.1 37 38 -1
0.1 231 39 -1
0.1 40 41 -1
0.1 232 233 -1
0.1 44 45 -1
0.1 43 235 -1
0.1 42 236 -1
0.1 234 237 -1
0.1 36 238 -1
0.1 230 239 -1
0.1 226 240 -1
0.1 224 241 -1
0.1 47 48 -1
0.1 50 51 -1
0.1 49 244 -1
0.1 53 54 -1
0.1 52 246 -1
0.1 55 56 -1
0.1 247 248 -1
0.1 245 249 -1
0.1 243 250 -1
0.1 57 58 -1
0.1 251 252 -1
0.1 46 253 -1
0.1 242 254 -1
0.1 255 59 -1
0.1 214 256 -1
0.1 201 257 -1
0.1 60 61 -1
0.1 63 64 -1
0.1 260 65 -1
0.1 62 261 -1
0.1 66 67 -1
0.1 262 263 -1
0.1 259 264 -1
0.1 68 69 -1
0.1 73 74 -1
0.1 267 75 -1
0.1 72 268 -1
0.1 269 76 -1
0.1 77 78 -1
0.1 271 79 -1
0.1 270 272 -1
0.1 71 273 -1
0.1 81 82 -1
0.1 275 83 -1
0.1 80 276 -1
0.1 84 85 -1
0.1 278 86 -1
0.1 88 89 -1
0.1 87 280 -1
0.1 279 281 -1
0.1 277 282 -1
0.1 274 283 -1
0.1 70 284 -1
0.1 266 285 -1
0.1 265 286 -1
0.1 93 94 -1
0.1 288 95 -1
0.1 96 97 -1
0.1 290 98 -1
0.1 291 99 -1
0.1 292 100 -1
0.1 289 293 -1
0.1 92 294 -1
0.1 91 295 -1
0.1 90 296 -1
0.1 287 297 -1
0.1 258 298 -1
0.1 101 102 -1
0.1 103 104 -1
0.1 108 109 -1
0.1 107 302 -1
0.1 106 303 -1
0.1 111 112 -1
0.1 110 305 -1
0.1 304 306 -1
0.1 105 307 -1
0.1 301 308 -1
0.1 114 115 -1
0.1 310 116 -1
0.1 117 118 -1
0.1 119 120 -1
0.1 313 121 -1
0.1 312 314 -1
0.1 311 315 -1
0.1 113 316 -1
0.1 317 122 -1
0.1 124 125 -1
0.1 123 319 -1
0.1 126 127 -1
0.1 320 321 -1
0.1 128 129 -1
0.1 131 132 -1
0.1 130 324 -1
0.1 323 325 -1
0.1 322 326 -1
0.1 318 327 -1
0.1 135 136 -1
0.1 138 139 -1
0.1 137 330 -1
0.1 331 140 -1
0.1 141 142 -1
0.1 332 333 -1
0.1 329 334 -1
0.1 134 335 -1
0.1 133 336 -1
0.1 144 145 -1
0.1 146 147 -1
0.1 149 150 -1
0.1 148 340 -1
0.1 341 151 -1
0.1 342 152 -1
0.1 339 343 -1
0.1 338 344 -1
0.1 143 345 -1
0.1 337 346 -1
0.1 328 347 -1
0.1 309 348 -1
0.1 349 153 -1
0.1 156 157 -1
0.1 155 351 -1
0.1 154 352 -1
0.1 353 158 -1
0.1 161 162 -1
0.1 163 164 -1
0.1 166 167 -1
0.1 357 168 -1
0.1 165 358 -1
0.1 359 169 -1
0.1 360 170 -1
0.1 356 361 -1
0.1 355 362 -1
0.1 160 363 -1
0.1 159 364 -1
0.1 171 172 -1
0.1 365 366 -1
0.1 354 367 -1
0.1 350 368 -1
0.1 173 174 -1
0.1 370 175 -1
0.1 177 178 -1
0.1 176 372 -1
0.1 179 180 -1
0.1 373 374 -1
0.1 181 182 -1
0.1 183 184 -1
0.1 377 185 -1
0.1 378 186 -1
0.1 187 188 -1
0.1 189 190 -1
0.1 380 381 -1
0.1 379 382 -1
0.1 376 383 -1
0.1 192 193 -1
0.1 195 196 -1
0.1 194 386 -1
0.1 385 387 -1
0.1 191 388 -1
0.1 384 389 -1
0.1 199 200 -1
0.1 198 391 -1
0.1 197 392 -1
0.1 390 393 -1
0.1 375 394 -1
0.1 371 395 -1
0.1 369 396 -1
0.1 300 397 -1
0.1 299 398 -1
