1 0 0 1
1 0 0 1
1 0 0 1
1 0 0 1
1 0 0 1
1 0 0 1
1 0 0 1
1 0 0 1
1 0 0 2
1 0 0 2
1 0 0 2
1 0 0 2
1 0 0 2
1 0 0 2
1 0 0 2
1 0 0 2
1 0 0 2
1 0 0 3
1 0 0 3
1 0 0 3
1 0 0 3
1 0 0 3
1 0 0 3
1 0 0 3
1 0 0 3
1 0 0 3
1 0 0 3
1 0 0 2
1 0 0 1
1 0 0 1
1 0 0 4
1 0 0 4
1 0 0 4
1 0 0 4
1 0 0 4
1 0 0 4
1 0 0 4
1 0 0 4
1 0 0 4
1 0 0 4
1 0 0 5
1 0 0 5
1 0 0 5
1 0 0 6
1 0 0 6
1 0 0 6
1 0 0 6
1 0 0 6
1 0 0 6
1 0 0 6
1 0 0 6
1 0 0 6
1 0 0 6
1 0 0 5
1 0 0 5
1 0 0 5
1 0 0 5
1 0 0 7
1 0 0 7
1 0 0 7
1 0 0 7
1 0 0 7
1 0 0 7
1 0 0 7
1 0 0 7
1 0 0 8
1 0 0 8
1 0 0 8
1 0 0 8
1 0 0 8
1 0 0 8
1 0 0 8
1 0 0 8
1 0 0 8
1 0 0 8
1 0 0 9
1 0 0 9
1 0 0 9
1 0 0 9
1 0 0 9
1 0 0 9
1 0 0 9
1 0 0 9
1 0 0 9
1 0 0 9
1 0 0 7
1 0 0 7
1 0 0 5
1 0 0 5
1 0 0 10
1 0 0 10
1 0 0 11
1 0 0 11
1 0 0 11
1 0 0 11
1 0 0 11
1 0 0 11
1 0 0 11
1 0 0 11
1 0 0 11
1 0 0 11
1 0 0 10
1 0 0 10
1 0 0 10
1 0 0 10
1 0 0 10
1 0 0 10
1 0 0 12
1 0 0 12
1 0 0 12
1 0 0 12
1 0 0 12
1 0 0 12
1 0 0 12
1 0 0 12
1 0 0 12
1 0 0 12
1 0 0 5
1 0 0 10
1 0 0 10
1 0 0 13
1 0 0 13
1 0 0 13
1 0 0 13
1 0 0 13
1 0 0 13
1 0 0 13
1 0 0 13
1 0 0 13
1 0 0 13
1 0 0 14
1 0 0 14
1 0 0 15
1 0 0 15
1 0 0 15
1 0 0 15
1 0 0 15
1 0 0 15
1 0 0 15
1 0 0 15
1 0 0 15
1 0 0 14
1 0 0 16
1 0 0 16
1 0 0 16
1 0 0 16
1 0 0 16
1 0 0 16
1 0 0 16
1 0 0 16
1 0 0 16
1 0 0 16
1 0 0 17
1 0 0 18
1 0 0 17
1 0 0 18
1 0 0 17
1 0 0 17
1 0 0 17
1 0 0 17
1 0 0 17
1 0 0 17
1 0 0 17
1 0 0 17
1 0 0 14
1 0 0 14
1 0 0 14
1 0 0 14
1 0 0 14
1 0 0 14
1 0 0 15
1 0 0 14
1 0 0 19
1 0 0 19
1 0 0 19
1 0 0 19
1 0 0 19
1 0 0 19
1 0 0 19
1 0 0 19
1 0 0 19
1 0 0 19
1 0 0 18
1 0 0 18
1 0 0 18
1 0 0 18
1 0 0 18
1 0 0 20
1 0 0 20
1 0 0 20
1 0 0 20
1 0 0 20
1 0 0 20
1 0 0 20
1 0 0 20
1 0 0 20
1 0 0 20
1 0 0 18
1 0 0 18
1 0 0 18
0.1 1 2 -1
0.1 3 4 -1
0.1 201 202 -1
0.1 5 6 -1
0.1 7 8 -1
0.1 204 205 -1
0.1 11 12 -1
0.1 10 207 -1
0.1 9 208 -1
0.1 209 13 -1
0.1 15 16 -1
0.1 14 211 -1
0.1 210 212 -1
0.1 19 20 -1
0.1 18 214 -1
0.1 22 23 -1
0.1 21 216 -1
0.1 215 217 -1
0.1 26 27 -1
0.1 25 219 -1
0.1 24 220 -1
0.1 218 221 -1
0.1 222 28 -1
0.1 17 223 -1
0.1 213 224 -1
0.1 29 30 -1
0.1 225 226 -1
0.1 206 227 -1
0.1 203 228 -1
0.1 32 33 -1
0.1 35 36 -1
0.1 34 231 -1
0.1 39 40 -1
0.1 38 233 -1
0.1 37 234 -1
0.1 232 235 -1
0.1 230 236 -1
0.1 31 237 -1
0.1 238 41 -1
0.1 229 239 -1
0.1 42 43 -1
0.1 44 45 -1
0.1 46 47 -1
0.1 48 49 -1
0.1 51 52 -1
0.1 245 53 -1
0.1 50 246 -1
0.1 244 247 -1
0.1 243 248 -1
0.1 242 249 -1
0.1 250 54 -1
0.1 251 55 -1
0.1 241 252 -1
0.1 56 57 -1
0.1 58 59 -1
0.1 61 62 -1
0.1 60 256 -1
0.1 64 65 -1
0.1 63 258 -1
0.1 67 68 -1
0.1 260 69 -1
0.1 66 261 -1
0.1 71 72 -1
0.1 74 75 -1
0.1 73 264 -1
0.1 263 265 -1
0.1 70 266 -1
0.1 76 77 -1
0.1 78 79 -1
0.1 81 82 -1
0.1 80 270 -1
0.1 271 83 -1
0.1 269 272 -1
0.1 268 273 -1
0.1 84 85 -1
0.1 274 275 -1
0.1 267 276 -1
0.1 262 277 -1
0.1 259 278 -1
0.1 86 87 -1
0.1 279 280 -1
0.1 257 281 -1
0.1 255 282 -1
0.1 254 283 -1
0.1 253 284 -1
0.1 285 88 -1
0.1 92 93 -1
0.1 94 95 -1
0.1 288 96 -1
0.1 287 289 -1
0.1 100 101 -1
0.1 99 291 -1
0.1 98 292 -1
0.1 97 293 -1
0.1 290 294 -1
0.1 103 104 -1
0.1 105 106 -1
0.1 296 297 -1
0.1 102 298 -1
0.1 295 299 -1
0.1 91 300 -1
0.1 90 301 -1
0.1 302 107 -1
0.1 89 303 -1
0.1 108 109 -1
0.1 111 112 -1
0.1 110 306 -1
0.1 305 307 -1
0.1 113 114 -1
0.1 309 115 -1
0.1 116 117 -1
0.1 310 311 -1
0.1 308 312 -1
0.1 313 118 -1
0.1 304 314 -1
0.1 121 122 -1
0.1 123 124 -1
0.1 317 125 -1
0.1 126 127 -1
0.1 318 319 -1
0.1 129 130 -1
0.1 128 321 -1
0.1 320 322 -1
0.1 316 323 -1
0.1 120 324 -1
0.1 119 325 -1
0.1 315 326 -1
0.1 286 327 -1
0.1 240 328 -1
0.1 131 132 -1
0.1 134 135 -1
0.1 331 136 -1
0.1 133 332 -1
0.1 333 137 -1
0.1 334 138 -1
0.1 335 139 -1
0.1 140 141 -1
0.1 336 337 -1
0.1 338 142 -1
0.1 143 144 -1
0.1 146 147 -1
0.1 148 149 -1
0.1 341 342 -1
0.1 151 152 -1
0.1 150 344 -1
0.1 343 345 -1
0.1 145 346 -1
0.1 340 347 -1
0.1 154 155 -1
0.1 153 349 -1
0.1 157 158 -1
0.1 156 351 -1
0.1 159 160 -1
0.1 353 161 -1
0.1 352 354 -1
0.1 163 164 -1
0.1 162 356 -1
0.1 355 357 -1
0.1 350 358 -1
0.1 348 359 -1
0.1 360 165 -1
0.1 361 166 -1
0.1 362 167 -1
0.1 339 363 -1
0.1 364 168 -1
0.1 171 172 -1
0.1 170 366 -1
0.1 169 367 -1
0.1 365 368 -1
0.1 330 369 -1
0.1 175 176 -1
0.1 174 371 -1
0.1 177 178 -1
0.1 372 373 -1
0.1 173 374 -1
0.1 180 181 -1
0.1 179 376 -1
0.1 377 182 -1
0.1 375 378 -1
0.1 370 379 -1
0.1 183 184 -1
0.1 185 186 -1
0.1 382 187 -1
0.1 188 189 -1
0.1 190 191 -1
0.1 385 192 -1
0.1 386 193 -1
0.1 194 195 -1
0.1 387 388 -1
0.1 389 196 -1
0.1 390 197 -1
0.1 384 391 -1
0.1 383 392 -1
0.1 393 198 -1
0.1 381 394 -1
0.1 199 200 -1
0.1 395 396 -1
0.1 380 397 -1
0.1 329 398 -1
