1 0 0 1
1 0 0 1
1 0 0 1
1 0 0 1
1 0 0 2
1 0 0 2
1 0 0 2
1 0 0 2
1 0 0 2
1 0 0 2
1 0 0 2
1 0 0 2
1 0 0 2
1 0 0 2
1 0 0 1
1 0 0 1
1 0 0 3
1 0 0 3
1 0 0 3
1 0 0 3
1 0 0 3
1 0 0 4
1 0 0 4
1 0 0 4
1 0 0 4
1 0 0 4
1 0 0 4
1 0 0 4
1 0 0 4
1 0 0 4
1 0 0 4
1 0 0 5
1 0 0 5
1 0 0 5
1 0 0 5
1 0 0 5
1 0 0 5
1 0 0 5
1 0 0 5
1 0 0 5
1 0 0 5
1 0 0 3
1 0 0 3
1 0 0 3
1 0 0 3
1 0 0 3
1 0 0 1
1 0 0 1
1 0 0 6
1 0 0 6
1 0 0 7
1 0 0 7
1 0 0 7
1 0 0 7
1 0 0 7
1 0 0 7
1 0 0 7
1 0 0 7
1 0 0 7
1 0 0 7
1 0 0 8
1 0 0 8
1 0 0 8
1 0 0 8
1 0 0 8
1 0 0 8
1 0 0 8
1 0 0 8
1 0 0 8
1 0 0 8
1 0 0 6
1 0 0 6
1 0 0 1
1 0 0 9
1 0 0 9
1 0 0 9
1 0 0 9
1 0 0 9
1 0 0 9
1 0 0 9
1 0 0 9
1 0 0 9
1 0 0 9
1 0 0 6
1 0 0 6
1 0 0 6
1 0 0 6
1 0 0 6
1 0 0 6
1 0 0 10
1 0 0 10
1 0 0 10
1 0 0 10
1 0 0 10
1 0 0 10
1 0 0 10
1 0 0 10
1 0 0 10
1 0 0 10
1 0 0 11
1 0 0 11
1 0 0 11
1 0 0 11
1 0 0 11
1 0 0 12
1 0 0 12
1 0 0 12
1 0 0 12
1 0 0 12
1 0 0 12
1 0 0 12
1 0 0 12
1 0 0 12
1 0 0 12
1 0 0 13
1 0 0 13
1 0 0 13
1 0 0 13
1 0 0 13
1 0 0 13
1 0 0 13
1 0 0 13
1 0 0 13
1 0 0 13
1 0 0 14
1 0 0 14
1 0 0 15
1 0 0 15
1 0 0 11
1 0 0 15
1 0 0 15
1 0 0 15
1 0 0 15
1 0 0 15
1 0 0 15
1 0 0 15
1 0 0 15
1 0 0 11
1 0 0 11
1 0 0 11
1 0 0 14
1 0 0 14
1 0 0 14
1 0 0 14
1 0 0 14
1 0 0 14
1 0 0 14
1 0 0 14
1 0 0 16
1 0 0 16
1 0 0 16
1 0 0 16
1 0 0 16
1 0 0 11
1 0 0 16
1 0 0 16
1 0 0 16
1 0 0 16
1 0 0 16
1 0 0 17
1 0 0 17
1 0 0 17
1 0 0 17
1 0 0 17
1 0 0 17
1 0 0 17
1 0 0 17
1 0 0 17
1 0 0 17
1 0 0 1
1 0 0 18
1 0 0 19
1 0 0 19
1 0 0 19
1 0 0 19
1 0 0 19
1 0 0 19
1 0 0 19
1 0 0 19
1 0 0 19
1 0 0 19
1 0 0 18
1 0 0 18
1 0 0 18
1 0 0 18
1 0 0 18
1 0 0 18
1 0 0 18
1 0 0 18
1 0 0 20
1 0 0 20
1 0 0 20
1 0 0 20
1 0 0 20
1 0 0 20
1 0 0 20
1 0 0 20
1 0 0 20
1 0 0 20
1 0 0 18
0.1 3 4 -1
0.1 5 6 -1
0.1 7 8 -1
0.1 11 12 -1
0.1 10 204 -1
0.1 9 205 -1
0.1 13 14 -1
0.1 206 207 -1
0.1 203 208 -1
0.1 202 209 -1
0.1 201 210 -1
0.1 15 16 -1
0.1 20 21 -1
0.1 19 213 -1
0.1 23 24 -1
0.1 22 215 -1
0.1 216 25 -1
0.1 27 28 -1
0.1 30 31 -1
0.1 29 219 -1
0.1 218 220 -1
0.1 26 221 -1
0.1 34 35 -1
0.1 33 223 -1
0.1 32 224 -1
0.1 36 37 -1
0.1 38 39 -1
0.1 226 227 -1
0.1 225 228 -1
0.1 40 41 -1
0.1 229 230 -1
0.1 222 231 -1
0.1 217 232 -1
0.1 214 233 -1
0.1 42 43 -1
0.1 234 235 -1
0.1 236 44 -1
0.1 18 237 -1
0.1 17 238 -1
0.1 45 46 -1
0.1 239 240 -1
0.1 212 241 -1
0.1 211 242 -1
0.1 47 48 -1
0.1 243 244 -1
0.1 2 245 -1
0.1 52 53 -1
0.1 51 247 -1
0.1 55 56 -1
0.1 54 249 -1
0.1 248 250 -1
0.1 58 59 -1
0.1 252 60 -1
0.1 57 253 -1
0.1 251 254 -1
0.1 66 67 -1
0.1 65 256 -1
0.1 64 257 -1
0.1 63 258 -1
0.1 62 259 -1
0.1 61 260 -1
0.1 68 69 -1
0.1 262 70 -1
0.1 261 263 -1
0.1 255 264 -1
0.1 71 72 -1
0.1 265 266 -1
0.1 50 267 -1
0.1 79 80 -1
0.1 78 269 -1
0.1 77 270 -1
0.1 76 271 -1
0.1 81 82 -1
0.1 273 83 -1
0.1 272 274 -1
0.1 75 275 -1
0.1 74 276 -1
0.1 73 277 -1
0.1 86 87 -1
0.1 88 89 -1
0.1 279 280 -1
0.1 85 281 -1
0.1 84 282 -1
0.1 278 283 -1
0.1 268 284 -1
0.1 49 285 -1
0.1 246 286 -1
0.1 90 91 -1
0.1 92 93 -1
0.1 289 94 -1
0.1 288 290 -1
0.1 95 96 -1
0.1 292 97 -1
0.1 98 99 -1
0.1 293 294 -1
0.1 291 295 -1
0.1 287 296 -1
0.1 1 297 -1
0.1 100 101 -1
0.1 102 103 -1
0.1 106 107 -1
0.1 105 301 -1
0.1 302 108 -1
0.1 110 111 -1
0.1 113 114 -1
0.1 112 305 -1
0.1 304 306 -1
0.1 109 307 -1
0.1 303 308 -1
0.1 116 117 -1
0.1 310 118 -1
0.1 115 311 -1
0.1 119 120 -1
0.1 313 121 -1
0.1 314 122 -1
0.1 123 124 -1
0.1 315 316 -1
0.1 312 317 -1
0.1 125 126 -1
0.1 130 131 -1
0.1 129 320 -1
0.1 128 321 -1
0.1 322 132 -1
0.1 323 133 -1
0.1 134 135 -1
0.1 325 136 -1
0.1 326 137 -1
0.1 324 327 -1
0.1 127 328 -1
0.1 138 139 -1
0.1 329 330 -1
0.1 331 140 -1
0.1 142 143 -1
0.1 144 145 -1
0.1 333 334 -1
0.1 147 148 -1
0.1 146 336 -1
0.1 335 337 -1
0.1 141 338 -1
0.1 332 339 -1
0.1 319 340 -1
0.1 149 150 -1
0.1 152 153 -1
0.1 151 343 -1
0.1 342 344 -1
0.1 156 157 -1
0.1 155 346 -1
0.1 158 159 -1
0.1 347 348 -1
0.1 154 349 -1
0.1 345 350 -1
0.1 341 351 -1
0.1 162 163 -1
0.1 353 164 -1
0.1 354 165 -1
0.1 161 355 -1
0.1 356 166 -1
0.1 160 357 -1
0.1 167 168 -1
0.1 358 359 -1
0.1 352 360 -1
0.1 361 169 -1
0.1 318 362 -1
0.1 309 363 -1
0.1 104 364 -1
0.1 300 365 -1
0.1 299 366 -1
0.1 367 170 -1
0.1 173 174 -1
0.1 172 369 -1
0.1 175 176 -1
0.1 370 371 -1
0.1 178 179 -1
0.1 177 373 -1
0.1 372 374 -1
0.1 180 181 -1
0.1 375 376 -1
0.1 171 377 -1
0.1 378 182 -1
0.1 191 192 -1
0.1 190 380 -1
0.1 194 195 -1
0.1 197 198 -1
0.1 196 383 -1
0.1 382 384 -1
0.1 193 385 -1
0.1 386 199 -1
0.1 381 387 -1
0.1 189 388 -1
0.1 188 389 -1
0.1 187 390 -1
0.1 391 200 -1
0.1 186 392 -1
0.1 185 393 -1
0.1 184 394 -1
0.1 183 395 -1
0.1 379 396 -1
0.1 368 397 -1
0.1 298 398 -1
