1 0 0 1
1 0 0 1
1 0 0 1
1 0 0 1
1 0 0 2
1 0 0 2
1 0 0 3
1 0 0 2
1 0 0 2
1 0 0 3
1 0 0 3
1 0 0 4
1 0 0 4
1 0 0 4
1 0 0 5
1 0 0 5
1 0 0 5
1 0 0 6
1 0 0 5
1 0 0 7
1 0 0 8
1 0 0 8
1 0 0 8
1 0 0 8
1 0 0 8
1 0 0 8
1 0 0 8
1 0 0 8
1 0 0 8
1 0 0 8
1 0 0 9
1 0 0 9
1 0 0 9
1 0 0 9
1 0 0 9
1 0 0 9
1 0 0 9
1 0 0 9
1 0 0 9
1 0 0 9
1 0 0 7
1 0 0 7
1 0 0 7
1 0 0 7
1 0 0 7
1 0 0 7
1 0 0 7
1 0 0 7
1 0 0 7
1 0 0 10
1 0 0 10
1 0 0 10
1 0 0 10
1 0 0 11
1 0 0 11
1 0 0 12
1 0 0 12
1 0 0 12
1 0 0 12
1 0 0 13
1 0 0 13
1 0 0 13
1 0 0 13
1 0 0 13
1 0 0 13
1 0 0 13
1 0 0 13
1 0 0 13
1 0 0 13
1 0 0 12
1 0 0 14
1 0 0 14
1 0 0 14
1 0 0 14
1 0 0 14
1 0 0 14
1 0 0 14
1 0 0 14
1 0 0 14
1 0 0 14
1 0 0 15
1 0 0 16
1 0 0 16
1 0 0 16
1 0 0 15
1 0 0 12
1 0 0 12
1 0 0 16
1 0 0 16
1 0 0 16
1 0 0 16
1 0 0 16
1 0 0 11
1 0 0 16
1 0 0 16
1 0 0 17
1 0 0 17
1 0 0 17
1 0 0 17
1 0 0 17
1 0 0 17
1 0 0 17
1 0 0 17
1 0 0 17
1 0 0 17
1 0 0 11
1 0 0 11
1 0 0 11
1 0 0 11
1 0 0 11
1 0 0 11
1 0 0 11
1 0 0 12
1 0 0 12
1 0 0 12
1 0 0 10
1 0 0 10
1 0 0 18
1 0 0 18
1 0 0 18
1 0 0 18
1 0 0 18
1 0 0 18
1 0 0 18
1 0 0 18
1 0 0 18
1 0 0 18
1 0 0 10
1 0 0 10
1 0 0 10
1 0 0 19
1 0 0 19
1 0 0 19
1 0 0 19
1 0 0 19
1 0 0 19
1 0 0 19
1 0 0 19
1 0 0 19
1 0 0 19
1 0 0 5
1 0 0 5
1 0 0 20
1 0 0 20
1 0 0 20
1 0 0 20
1 0 0 20
1 0 0 20
1 0 0 21
1 0 0 22
1 0 0 20
1 0 0 20
1 0 0 1
1 0 0 1
1 0 0 3
1 0 0 22
1 0 0 22
1 0 0 10
1 0 0 21
1 0 0 21
1 0 0 21
1 0 0 21
1 0 0 3
1 0 0 22
1 0 0 5
1 0 0 5
1 0 0 21
1 0 0 2
1 0 0 15
1 0 0 15
1 0 0 23
1 0 0 2
1 0 0 2
1 0 0 2
1 0 0 2
1 0 0 23
1 0 0 23
1 0 0 23
1 0 0 21
1 0 0 22
1 0 0 1
1 0 0 1
1 0 0 1
1 0 0 1
1 0 0 4
1 0 0 4
1 0 0 4
1 0 0 4
1 0 0 4
1 0 0 4
1 0 0 3
1 0 0 4
1 0 0 24
1 0 0 24
1 0 0 24
1 0 0 24
1 0 0 24
1 0 0 24
1 0 0 24
1 0 0 24
1 0 0 24
1 0 0 24
1 0 0 3
1 0 0 3
1 0 0 22
1 0 0 21
1 0 0 21
1 0 0 25
1 0 0 25
1 0 0 25
1 0 0 25
1 0 0 25
1 0 0 3
1 0 0 3
1 0 0 26
1 0 0 26
1 0 0 26
1 0 0 26
1 0 0 26
1 0 0 26
1 0 0 26
1 0 0 26
1 0 0 26
1 0 0 26
1 0 0 25
1 0 0 25
1 0 0 25
1 0 0 25
1 0 0 25
1 0 0 21
1 0 0 23
1 0 0 6
1 0 0 6
1 0 0 6
1 0 0 6
1 0 0 6
1 0 0 6
1 0 0 6
1 0 0 6
1 0 0 6
1 0 0 15
1 0 0 15
1 0 0 15
1 0 0 15
1 0 0 15
1 0 0 15
1 0 0 23
1 0 0 23
1 0 0 22
1 0 0 27
1 0 0 27
1 0 0 27
1 0 0 27
1 0 0 27
1 0 0 27
1 0 0 27
1 0 0 27
1 0 0 27
1 0 0 27
1 0 0 22
1 0 0 20
1 0 0 20
1 0 0 22
1 0 0 23
1 0 0 23
1 0 0 23
1 0 0 28
1 0 0 28
1 0 0 29
1 0 0 29
1 0 0 30
1 0 0 30
1 0 0 30
1 0 0 30
1 0 0 30
1 0 0 30
1 0 0 30
1 0 0 30
1 0 0 30
1 0 0 30
1 0 0 29
1 0 0 29
1 0 0 29
1 0 0 29
1 0 0 29
1 0 0 28
1 0 0 28
1 0 0 28
1 0 0 28
1 0 0 31
1 0 0 32
1 0 0 33
1 0 0 33
1 0 0 33
1 0 0 33
1 0 0 33
1 0 0 33
1 0 0 33
1 0 0 33
1 0 0 33
1 0 0 33
1 0 0 32
1 0 0 32
1 0 0 32
1 0 0 32
1 0 0 32
1 0 0 32
1 0 0 32
1 0 0 32
1 0 0 32
1 0 0 28
1 0 0 31
1 0 0 31
1 0 0 31
1 0 0 31
1 0 0 31
1 0 0 31
1 0 0 31
1 0 0 31
1 0 0 31
1 0 0 29
1 0 0 29
1 0 0 29
1 0 0 28
1 0 0 34
1 0 0 34
1 0 0 28
1 0 0 34
1 0 0 34
1 0 0 34
1 0 0 34
1 0 0 34
1 0 0 34
1 0 0 28
1 0 0 34
1 0 0 35
1 0 0 35
1 0 0 35
1 0 0 35
1 0 0 35
1 0 0 35
1 0 0 35
1 0 0 35
1 0 0 35
1 0 0 35
1 0 0 34
1 0 0 5
1 0 0 5
1 0 0 2
1 0 0 22
0.1 2 3 -1
0.1 351 4 -1
0.1 1 352 -1
0.1 5 6 -1
0.1 8 9 -1
0.1 7 355 -1
0.1 10 11 -1
0.1 356 357 -1
0.1 354 358 -1
0.1 13 14 -1
0.1 12 360 -1
0.1 16 17 -1
0.1 18 19 -1
0.1 22 23 -1
0.1 21 364 -1
0.1 24 25 -1
0.1 365 366 -1
0.1 27 28 -1
0.1 29 30 -1
0.1 368 369 -1
0.1 31 32 -1
0.1 33 34 -1
0.1 372 35 -1
0.1 373 36 -1
0.1 374 37 -1
0.1 38 39 -1
0.1 376 40 -1
0.1 375 377 -1
0.1 371 378 -1
0.1 370 379 -1
0.1 26 380 -1
0.1 367 381 -1
0.1 41 42 -1
0.1 382 383 -1
0.1 43 44 -1
0.1 45 46 -1
0.1 385 386 -1
0.1 384 387 -1
0.1 20 388 -1
0.1 48 49 -1
0.1 47 390 -1
0.1 389 391 -1
0.1 363 392 -1
0.1 50 51 -1
0.1 52 53 -1
0.1 58 59 -1
0.1 57 396 -1
0.1 61 62 -1
0.1 60 398 -1
0.1 63 64 -1
0.1 68 69 -1
0.1 67 401 -1
0.1 66 402 -1
0.1 65 403 -1
0.1 400 404 -1
0.1 399 405 -1
0.1 397 406 -1
0.1 72 73 -1
0.1 71 408 -1
0.1 409 74 -1
0.1 410 75 -1
0.1 411 76 -1
0.1 77 78 -1
0.1 412 413 -1
0.1 79 80 -1
0.1 414 415 -1
0.1 70 416 -1
0.1 417 81 -1
0.1 407 418 -1
0.1 56 419 -1
0.1 420 82 -1
0.1 85 86 -1
0.1 422 87 -1
0.1 423 88 -1
0.1 84 424 -1
0.1 89 90 -1
0.1 425 426 -1
0.1 91 92 -1
0.1 427 428 -1
0.1 83 429 -1
0.1 421 430 -1
0.1 431 93 -1
0.1 55 432 -1
0.1 94 95 -1
0.1 97 98 -1
0.1 100 101 -1
0.1 99 436 -1
0.1 435 437 -1
0.1 96 438 -1
0.1 103 104 -1
0.1 440 105 -1
0.1 102 441 -1
0.1 439 442 -1
0.1 106 107 -1
0.1 443 444 -1
0.1 108 109 -1
0.1 445 446 -1
0.1 434 447 -1
0.1 448 110 -1
0.1 111 112 -1
0.1 449 450 -1
0.1 433 451 -1
0.1 54 452 -1
0.1 114 115 -1
0.1 113 454 -1
0.1 453 455 -1
0.1 456 116 -1
0.1 118 119 -1
0.1 120 121 -1
0.1 459 122 -1
0.1 458 460 -1
0.1 124 125 -1
0.1 123 462 -1
0.1 461 463 -1
0.1 126 127 -1
0.1 464 465 -1
0.1 117 466 -1
0.1 457 467 -1
0.1 395 468 -1
0.1 394 469 -1
0.1 128 129 -1
0.1 471 130 -1
0.1 470 472 -1
0.1 393 473 -1
0.1 132 133 -1
0.1 131 475 -1
0.1 134 135 -1
0.1 136 137 -1
0.1 478 138 -1
0.1 477 479 -1
0.1 139 140 -1
0.1 480 481 -1
0.1 476 482 -1
0.1 141 142 -1
0.1 483 484 -1
0.1 474 485 -1
0.1 362 486 -1
0.1 15 487 -1
0.1 361 488 -1
0.1 359 489 -1
0.1 353 490 -1
0.1 145 146 -1
0.1 144 492 -1
0.1 143 493 -1
0.1 494 147 -1
0.1 495 148 -1
0.1 151 152 -1
0.1 153 154 -1
0.1 498 155 -1
0.1 497 499 -1
0.1 156 157 -1
0.1 500 501 -1
0.1 150 502 -1
0.1 158 159 -1
0.1 504 160 -1
0.1 165 166 -1
0.1 164 506 -1
0.1 507 167 -1
0.1 169 170 -1
0.1 174 175 -1
0.1 173 510 -1
0.1 172 511 -1
0.1 512 176 -1
0.1 171 513 -1
0.1 509 514 -1
0.1 177 178 -1
0.1 515 516 -1
0.1 517 179 -1
0.1 168 518 -1
0.1 508 519 -1
0.1 163 520 -1
0.1 162 521 -1
0.1 161 522 -1
0.1 505 523 -1
0.1 182 183 -1
0.1 525 184 -1
0.1 181 526 -1
0.1 180 527 -1
0.1 524 528 -1
0.1 185 186 -1
0.1 530 187 -1
0.1 531 188 -1
0.1 191 192 -1
0.1 194 195 -1
0.1 193 534 -1
0.1 196 197 -1
0.1 535 536 -1
0.1 199 200 -1
0.1 538 201 -1
0.1 539 202 -1
0.1 198 540 -1
0.1 537 541 -1
0.1 533 542 -1
0.1 190 543 -1
0.1 189 544 -1
0.1 532 545 -1
0.1 203 204 -1
0.1 547 205 -1
0.1 546 548 -1
0.1 549 206 -1
0.1 529 550 -1
0.1 503 551 -1
0.1 552 207 -1
0.1 209 210 -1
0.1 208 554 -1
0.1 211 212 -1
0.1 213 214 -1
0.1 557 215 -1
0.1 217 218 -1
0.1 216 559 -1
0.1 558 560 -1
0.1 220 221 -1
0.1 222 223 -1
0.1 562 563 -1
0.1 219 564 -1
0.1 561 565 -1
0.1 566 224 -1
0.1 226 227 -1
0.1 225 568 -1
0.1 569 228 -1
0.1 570 229 -1
0.1 567 571 -1
0.1 556 572 -1
0.1 555 573 -1
0.1 574 230 -1
0.1 553 575 -1
0.1 149 576 -1
0.1 496 577 -1
0.1 233 234 -1
0.1 237 238 -1
0.1 236 580 -1
0.1 581 239 -1
0.1 235 582 -1
0.1 579 583 -1
0.1 232 584 -1
0.1 585 240 -1
0.1 231 586 -1
0.1 241 242 -1
0.1 243 244 -1
0.1 588 589 -1
0.1 245 246 -1
0.1 590 591 -1
0.1 592 247 -1
0.1 593 248 -1
0.1 587 594 -1
0.1 578 595 -1
0.1 251 252 -1
0.1 597 253 -1
0.1 250 598 -1
0.1 254 255 -1
0.1 600 256 -1
0.1 257 258 -1
0.1 602 259 -1
0.1 601 603 -1
0.1 599 604 -1
0.1 605 260 -1
0.1 249 606 -1
0.1 261 262 -1
0.1 608 263 -1
0.1 607 609 -1
0.1 264 265 -1
0.1 611 266 -1
0.1 272 273 -1
0.1 613 274 -1
0.1 271 614 -1
0.1 275 276 -1
0.1 277 278 -1
0.1 616 617 -1
0.1 279 280 -1
0.1 618 619 -1
0.1 615 620 -1
0.1 270 621 -1
0.1 269 622 -1
0.1 282 283 -1
0.1 624 284 -1
0.1 281 625 -1
0.1 623 626 -1
0.1 268 627 -1
0.1 285 286 -1
0.1 287 288 -1
0.1 629 630 -1
0.1 290 291 -1
0.1 292 293 -1
0.1 633 294 -1
0.1 634 295 -1
0.1 296 297 -1
0.1 298 299 -1
0.1 300 301 -1
0.1 637 638 -1
0.1 636 639 -1
0.1 635 640 -1
0.1 302 303 -1
0.1 642 304 -1
0.1 641 643 -1
0.1 305 306 -1
0.1 644 645 -1
0.1 632 646 -1
0.1 308 309 -1
0.1 307 648 -1
0.1 649 310 -1
0.1 647 650 -1
0.1 289 651 -1
0.1 652 311 -1
0.1 631 653 -1
0.1 313 314 -1
0.1 655 315 -1
0.1 656 316 -1
0.1 318 319 -1
0.1 317 658 -1
0.1 657 659 -1
0.1 312 660 -1
0.1 661 320 -1
0.1 321 322 -1
0.1 663 323 -1
0.1 662 664 -1
0.1 654 665 -1
0.1 628 666 -1
0.1 267 667 -1
0.1 325 326 -1
0.1 669 327 -1
0.1 331 332 -1
0.1 330 671 -1
0.1 672 333 -1
0.1 329 673 -1
0.1 328 674 -1
0.1 670 675 -1
0.1 676 334 -1
0.1 338 339 -1
0.1 337 678 -1
0.1 336 679 -1
0.1 340 341 -1
0.1 681 342 -1
0.1 343 344 -1
0.1 682 683 -1
0.1 680 684 -1
0.1 685 345 -1
0.1 335 686 -1
0.1 677 687 -1
0.1 688 346 -1
0.1 324 689 -1
0.1 668 690 -1
0.1 691 347 -1
0.1 348 349 -1
0.1 692 693 -1
0.1 612 694 -1
0.1 610 695 -1
0.1 696 350 -1
0.1 596 697 -1
0.1 491 698 -1
