1 0 0 1
1 0 0 1
1 0 0 2
1 0 0 2
1 0 0 2
1 0 0 2
1 0 0 3
1 0 0 3
1 0 0 3
1 0 0 3
1 0 0 3
1 0 0 3
1 0 0 3
1 0 0 3
1 0 0 3
1 0 0 3
1 0 0 2
1 0 0 2
1 0 0 2
1 0 0 2
1 0 0 2
1 0 0 2
1 0 0 1
1 0 0 1
1 0 0 1
1 0 0 1
1 0 0 1
1 0 0 1
1 0 0 1
1 0 0 1
1 0 0 4
1 0 0 4
1 0 0 4
1 0 0 4
1 0 0 4
1 0 0 4
1 0 0 4
1 0 0 4
1 0 0 4
1 0 0 4
1 0 0 5
1 0 0 5
1 0 0 5
1 0 0 5
1 0 0 5
1 0 0 5
1 0 0 5
1 0 0 5
1 0 0 5
1 0 0 5
1 0 0 6
1 0 0 6
1 0 0 6
1 0 0 6
1 0 0 6
1 0 0 6
1 0 0 6
1 0 0 6
1 0 0 6
1 0 0 6
1 0 0 7
1 0 0 7
1 0 0 7
1 0 0 7
1 0 0 7
1 0 0 7
1 0 0 7
1 0 0 8
1 0 0 8
1 0 0 8
1 0 0 8
1 0 0 8
1 0 0 8
1 0 0 8
1 0 0 8
1 0 0 8
1 0 0 8
1 0 0 9
1 0 0 9
1 0 0 9
1 0 0 9
1 0 0 9
1 0 0 9
1 0 0 9
1 0 0 9
1 0 0 9
1 0 0 9
1 0 0 7
1 0 0 7
1 0 0 7
1 0 0 10
1 0 0 10
1 0 0 10
1 0 0 10
1 0 0 10
1 0 0 10
1 0 0 10
1 0 0 10
1 0 0 10
1 0 0 10
0.1 3 4 -1
0.1 5 6 -1
0.1 9 10 -1
0.1 8 103 -1
0.1 104 11 -1
0.1 12 13 -1
0.1 15 16 -1
0.1 14 107 -1
0.1 106 108 -1
0.1 105 109 -1
0.1 7 110 -1
0.1 17 18 -1
0.1 19 20 -1
0.1 113 21 -1
0.1 114 22 -1
0.1 112 115 -1
0.1 111 116 -1
0.1 102 117 -1
0.1 101 118 -1
0.1 2 119 -1
0.1 1 120 -1
0.1 23 24 -1
0.1 25 26 -1
0.1 123 27 -1
0.1 122 124 -1
0.1 121 125 -1
0.1 28 29 -1
0.1 127 30 -1
0.1 126 128 -1
0.1 32 33 -1
0.1 34 35 -1
0.1 130 131 -1
0.1 36 37 -1
0.1 38 39 -1
0.1 134 40 -1
0.1 133 135 -1
0.1 132 136 -1
0.1 31 137 -1
0.1 43 44 -1
0.1 42 139 -1
0.1 41 140 -1
0.1 45 46 -1
0.1 141 142 -1
0.1 48 49 -1
0.1 47 144 -1
0.1 145 50 -1
0.1 143 146 -1
0.1 51 52 -1
0.1 53 54 -1
0.1 148 149 -1
0.1 56 57 -1
0.1 58 59 -1
0.1 151 152 -1
0.1 55 153 -1
0.1 154 60 -1
0.1 150 155 -1
0.1 61 62 -1
0.1 64 65 -1
0.1 63 158 -1
0.1 157 159 -1
0.1 70 71 -1
0.1 161 72 -1
0.1 69 162 -1
0.1 73 74 -1
0.1 75 76 -1
0.1 164 165 -1
0.1 166 77 -1
0.1 163 167 -1
0.1 68 168 -1
0.1 79 80 -1
0.1 81 82 -1
0.1 170 171 -1
0.1 172 83 -1
0.1 84 85 -1
0.1 86 87 -1
0.1 174 175 -1
0.1 173 176 -1
0.1 78 177 -1
0.1 169 178 -1
0.1 179 88 -1
0.1 67 180 -1
0.1 66 181 -1
0.1 89 90 -1
0.1 182 183 -1
0.1 160 184 -1
0.1 156 185 -1
0.1 147 186 -1
0.1 138 187 -1
0.1 188 91 -1
0.1 92 93 -1
0.1 189 190 -1
0.1 94 95 -1
0.1 192 96 -1
0.1 98 99 -1
0.1 97 194 -1
0.1 195 100 -1
0.1 193 196 -1
0.1 191 197 -1
0.1 129 198 -1
