1 0 0 1
1 0 0 2
1 0 0 2
1 0 0 2
1 0 0 2
1 0 0 2
1 0 0 2
1 0 0 2
1 0 0 2
1 0 0 2
1 0 0 2
1 0 0 1
1 0 0 1
1 0 0 1
1 0 0 1
1 0 0 1
1 0 0 1
1 0 0 1
1 0 0 1
1 0 0 3
1 0 0 3
1 0 0 3
1 0 0 3
1 0 0 3
1 0 0 4
1 0 0 4
1 0 0 4
1 0 0 4
1 0 0 4
1 0 0 4
1 0 0 4
1 0 0 4
1 0 0 4
1 0 0 4
1 0 0 3
1 0 0 5
1 0 0 5
1 0 0 5
1 0 0 5
1 0 0 5
1 0 0 5
1 0 0 5
1 0 0 5
1 0 0 5
1 0 0 5
1 0 0 6
1 0 0 6
1 0 0 6
1 0 0 6
1 0 0 6
1 0 0 6
1 0 0 6
1 0 0 6
1 0 0 6
1 0 0 6
1 0 0 3
1 0 0 7
1 0 0 7
1 0 0 7
1 0 0 7
1 0 0 7
1 0 0 7
1 0 0 7
1 0 0 7
1 0 0 7
1 0 0 7
1 0 0 3
1 0 0 8
1 0 0 8
1 0 0 8
1 0 0 8
1 0 0 8
1 0 0 8
1 0 0 9
1 0 0 9
1 0 0 9
1 0 0 9
1 0 0 9
1 0 0 9
1 0 0 9
1 0 0 9
1 0 0 9
1 0 0 9
1 0 0 8
1 0 0 8
1 0 0 8
1 0 0 8
1 0 0 10
1 0 0 10
1 0 0 10
1 0 0 10
1 0 0 10
1 0 0 10
1 0 0 10
1 0 0 10
1 0 0 10
1 0 0 10
1 0 0 11
1 0 0 12
1 0 0 12
1 0 0 12
1 0 0 12
1 0 0 12
1 0 0 12
1 0 0 12
1 0 0 12
1 0 0 12
1 0 0 12
1 0 0 11
1 0 0 11
1 0 0 11
1 0 0 11
1 0 0 11
1 0 0 11
1 0 0 11
1 0 0 11
1 0 0 11
1 0 0 3
1 0 0 3
1 0 0 13
1 0 0 13
1 0 0 13
1 0 0 13
1 0 0 13
1 0 0 13
1 0 0 13
1 0 0 13
1 0 0 13
1 0 0 13
1 0 0 14
1 0 0 14
1 0 0 14
1 0 0 14
1 0 0 14
1 0 0 14
1 0 0 14
1 0 0 14
1 0 0 14
1 0 0 14
1 0 0 15
1 0 0 15
1 0 0 15
1 0 0 15
1 0 0 15
1 0 0 15
1 0 0 15
1 0 0 15
1 0 0 15
1 0 0 15
1 0 0 16
1 0 0 16
1 0 0 16
1 0 0 16
1 0 0 16
1 0 0 16
1 0 0 16
1 0 0 16
1 0 0 16
1 0 0 16
1 0 0 17
1 0 0 17
1 0 0 17
1 0 0 17
1 0 0 17
1 0 0 17
1 0 0 17
1 0 0 17
1 0 0 17
1 0 0 17
1 0 0 18
1 0 0 18
1 0 0 18
1 0 0 18
1 0 0 18
1 0 0 18
1 0 0 18
1 0 0 18
1 0 0 18
1 0 0 18
1 0 0 19
1 0 0 19
1 0 0 19
1 0 0 19
1 0 0 19
1 0 0 19
1 0 0 19
1 0 0 19
1 0 0 19
1 0 0 19
1 0 0 20
1 0 0 20
1 0 0 20
1 0 0 20
1 0 0 20
1 0 0 20
1 0 0 20
1 0 0 20
1 0 0 20
1 0 0 20
1 0 0 21
1 0 0 21
1 0 0 21
1 0 0 21
1 0 0 21
1 0 0 21
1 0 0 21
1 0 0 21
1 0 0 21
1 0 0 21
1 0 0 22
1 0 0 22
1 0 0 22
1 0 0 22
1 0 0 22
1 0 0 22
1 0 0 22
1 0 0 22
1 0 0 22
1 0 0 22
1 0 0 23
1 0 0 24
1 0 0 24
1 0 0 24
1 0 0 24
1 0 0 24
1 0 0 24
1 0 0 24
1 0 0 24
1 0 0 24
1 0 0 24
1 0 0 23
1 0 0 23
1 0 0 23
1 0 0 23
1 0 0 23
1 0 0 23
1 0 0 23
1 0 0 23
1 0 0 23
1 0 0 1
1 0 0 25
1 0 0 26
1 0 0 26
1 0 0 26
1 0 0 26
1 0 0 26
1 0 0 26
1 0 0 26
1 0 0 26
1 0 0 26
1 0 0 26
1 0 0 25
1 0 0 27
1 0 0 27
1 0 0 28
1 0 0 28
1 0 0 28
1 0 0 28
1 0 0 28
1 0 0 28
1 0 0 28
1 0 0 28
1 0 0 28
1 0 0 29
1 0 0 29
1 0 0 29
1 0 0 29
1 0 0 29
1 0 0 29
1 0 0 29
1 0 0 29
1 0 0 29
1 0 0 29
1 0 0 28
1 0 0 27
1 0 0 27
1 0 0 27
1 0 0 27
1 0 0 30
1 0 0 30
1 0 0 30
1 0 0 30
1 0 0 30
1 0 0 30
1 0 0 30
1 0 0 30
1 0 0 30
1 0 0 30
1 0 0 27
1 0 0 27
1 0 0 27
1 0 0 27
1 0 0 31
1 0 0 31
1 0 0 31
1 0 0 31
1 0 0 31
1 0 0 31
1 0 0 31
1 0 0 31
1 0 0 31
1 0 0 31
1 0 0 25
1 0 0 25
1 0 0 25
1 0 0 25
1 0 0 32
1 0 0 32
1 0 0 32
1 0 0 32
1 0 0 32
1 0 0 32
1 0 0 32
1 0 0 32
1 0 0 32
1 0 0 32
1 0 0 25
1 0 0 25
1 0 0 25
1 0 0 25
1 0 0 33
1 0 0 33
1 0 0 33
1 0 0 33
1 0 0 33
1 0 0 34
1 0 0 34
1 0 0 34
1 0 0 34
1 0 0 34
1 0 0 35
1 0 0 35
1 0 0 35
1 0 0 35
1 0 0 35
1 0 0 35
1 0 0 35
1 0 0 35
1 0 0 35
1 0 0 35
1 0 0 34
1 0 0 34
1 0 0 34
1 0 0 34
1 0 0 34
1 0 0 36
1 0 0 36
1 0 0 36
1 0 0 36
1 0 0 36
1 0 0 36
1 0 0 36
1 0 0 36
1 0 0 36
1 0 0 36
1 0 0 37
1 0 0 37
1 0 0 38
1 0 0 38
1 0 0 38
1 0 0 38
1 0 0 38
1 0 0 38
1 0 0 38
1 0 0 38
1 0 0 38
1 0 0 38
1 0 0 37
1 0 0 37
1 0 0 37
1 0 0 37
1 0 0 37
1 0 0 39
1 0 0 39
1 0 0 39
1 0 0 39
1 0 0 39
1 0 0 39
1 0 0 39
1 0 0 39
1 0 0 39
1 0 0 39
1 0 0 40
1 0 0 40
1 0 0 40
1 0 0 40
1 0 0 40
1 0 0 40
1 0 0 40
1 0 0 41
1 0 0 41
1 0 0 41
1 0 0 41
1 0 0 41
1 0 0 41
1 0 0 41
1 0 0 41
1 0 0 41
1 0 0 41
1 0 0 42
1 0 0 42
1 0 0 42
1 0 0 42
1 0 0 42
1 0 0 42
1 0 0 42
1 0 0 42
1 0 0 42
1 0 0 42
1 0 0 40
1 0 0 40
1 0 0 40
1 0 0 37
1 0 0 37
1 0 0 43
1 0 0 43
1 0 0 43
1 0 0 43
1 0 0 43
1 0 0 43
1 0 0 43
1 0 0 43
1 0 0 43
1 0 0 43
1 0 0 44
1 0 0 44
1 0 0 44
1 0 0 44
1 0 0 44
1 0 0 44
1 0 0 44
1 0 0 44
1 0 0 44
1 0 0 44
1 0 0 45
1 0 0 45
1 0 0 45
1 0 0 45
1 0 0 45
1 0 0 45
1 0 0 45
1 0 0 45
1 0 0 45
1 0 0 45
1 0 0 37
1 0 0 46
1 0 0 46
1 0 0 46
1 0 0 46
1 0 0 46
1 0 0 46
1 0 0 46
1 0 0 46
1 0 0 46
1 0 0 46
1 0 0 33
1 0 0 33
1 0 0 33
1 0 0 33
1 0 0 47
1 0 0 47
1 0 0 47
1 0 0 47
1 0 0 47
1 0 0 47
1 0 0 47
1 0 0 47
1 0 0 47
1 0 0 47
1 0 0 33
1 0 0 48
1 0 0 48
1 0 0 48
1 0 0 48
1 0 0 48
1 0 0 48
1 0 0 49
1 0 0 49
1 0 0 49
1 0 0 49
1 0 0 49
1 0 0 49
1 0 0 49
1 0 0 49
1 0 0 49
1 0 0 49
1 0 0 48
1 0 0 48
1 0 0 48
1 0 0 48
0.1 3 4 -1
0.1 491 5 -1
0.1 2 492 -1
0.1 493 6 -1
0.1 8 9 -1
0.1 495 10 -1
0.1 7 496 -1
0.1 497 11 -1
0.1 498 12 -1
0.1 494 499 -1
0.1 1 500 -1
0.1 16 17 -1
0.1 15 502 -1
0.1 14 503 -1
0.1 504 18 -1
0.1 13 505 -1
0.1 20 21 -1
0.1 22 23 -1
0.1 508 24 -1
0.1 507 509 -1
0.1 26 27 -1
0.1 25 511 -1
0.1 29 30 -1
0.1 28 513 -1
0.1 514 31 -1
0.1 32 33 -1
0.1 515 516 -1
0.1 512 517 -1
0.1 518 34 -1
0.1 519 35 -1
0.1 510 520 -1
0.1 37 38 -1
0.1 36 522 -1
0.1 39 40 -1
0.1 41 42 -1
0.1 43 44 -1
0.1 526 45 -1
0.1 525 527 -1
0.1 524 528 -1
0.1 523 529 -1
0.1 48 49 -1
0.1 50 51 -1
0.1 532 52 -1
0.1 533 53 -1
0.1 54 55 -1
0.1 534 535 -1
0.1 531 536 -1
0.1 47 537 -1
0.1 46 538 -1
0.1 530 539 -1
0.1 58 59 -1
0.1 57 541 -1
0.1 62 63 -1
0.1 61 543 -1
0.1 60 544 -1
0.1 64 65 -1
0.1 545 546 -1
0.1 547 66 -1
0.1 542 548 -1
0.1 56 549 -1
0.1 540 550 -1
0.1 551 67 -1
0.1 69 70 -1
0.1 68 553 -1
0.1 72 73 -1
0.1 71 555 -1
0.1 554 556 -1
0.1 75 76 -1
0.1 80 81 -1
0.1 79 559 -1
0.1 82 83 -1
0.1 560 561 -1
0.1 78 562 -1
0.1 77 563 -1
0.1 558 564 -1
0.1 74 565 -1
0.1 86 87 -1
0.1 85 567 -1
0.1 84 568 -1
0.1 566 569 -1
0.1 90 91 -1
0.1 92 93 -1
0.1 571 572 -1
0.1 94 95 -1
0.1 573 574 -1
0.1 89 575 -1
0.1 88 576 -1
0.1 96 97 -1
0.1 577 578 -1
0.1 101 102 -1
0.1 100 580 -1
0.1 99 581 -1
0.1 105 106 -1
0.1 104 583 -1
0.1 103 584 -1
0.1 585 107 -1
0.1 582 586 -1
0.1 587 108 -1
0.1 98 588 -1
0.1 579 589 -1
0.1 109 110 -1
0.1 590 591 -1
0.1 111 112 -1
0.1 592 593 -1
0.1 114 115 -1
0.1 113 595 -1
0.1 116 117 -1
0.1 596 597 -1
0.1 594 598 -1
0.1 570 599 -1
0.1 557 600 -1
0.1 601 118 -1
0.1 121 122 -1
0.1 125 126 -1
0.1 604 127 -1
0.1 124 605 -1
0.1 123 606 -1
0.1 603 607 -1
0.1 128 129 -1
0.1 608 609 -1
0.1 120 610 -1
0.1 119 611 -1
0.1 130 131 -1
0.1 136 137 -1
0.1 138 139 -1
0.1 614 615 -1
0.1 135 616 -1
0.1 134 617 -1
0.1 133 618 -1
0.1 132 619 -1
0.1 613 620 -1
0.1 612 621 -1
0.1 140 141 -1
0.1 623 142 -1
0.1 143 144 -1
0.1 146 147 -1
0.1 145 626 -1
0.1 627 148 -1
0.1 628 149 -1
0.1 625 629 -1
0.1 624 630 -1
0.1 150 151 -1
0.1 152 153 -1
0.1 633 154 -1
0.1 632 634 -1
0.1 155 156 -1
0.1 157 158 -1
0.1 637 159 -1
0.1 636 638 -1
0.1 635 639 -1
0.1 631 640 -1
0.1 160 161 -1
0.1 162 163 -1
0.1 642 643 -1
0.1 165 166 -1
0.1 164 645 -1
0.1 644 646 -1
0.1 168 169 -1
0.1 172 173 -1
0.1 171 649 -1
0.1 174 175 -1
0.1 651 176 -1
0.1 178 179 -1
0.1 177 653 -1
0.1 652 654 -1
0.1 650 655 -1
0.1 170 656 -1
0.1 648 657 -1
0.1 167 658 -1
0.1 182 183 -1
0.1 184 185 -1
0.1 187 188 -1
0.1 662 189 -1
0.1 186 663 -1
0.1 661 664 -1
0.1 660 665 -1
0.1 181 666 -1
0.1 180 667 -1
0.1 191 192 -1
0.1 193 194 -1
0.1 196 197 -1
0.1 195 671 -1
0.1 670 672 -1
0.1 198 199 -1
0.1 673 674 -1
0.1 669 675 -1
0.1 190 676 -1
0.1 201 202 -1
0.1 203 204 -1
0.1 678 679 -1
0.1 200 680 -1
0.1 205 206 -1
0.1 208 209 -1
0.1 207 683 -1
0.1 682 684 -1
0.1 681 685 -1
0.1 211 212 -1
0.1 213 214 -1
0.1 688 215 -1
0.1 687 689 -1
0.1 210 690 -1
0.1 217 218 -1
0.1 216 692 -1
0.1 693 219 -1
0.1 691 694 -1
0.1 686 695 -1
0.1 677 696 -1
0.1 668 697 -1
0.1 659 698 -1
0.1 647 699 -1
0.1 641 700 -1
0.1 222 223 -1
0.1 225 226 -1
0.1 224 703 -1
0.1 227 228 -1
0.1 704 705 -1
0.1 702 706 -1
0.1 221 707 -1
0.1 229 230 -1
0.1 708 709 -1
0.1 238 239 -1
0.1 237 711 -1
0.1 236 712 -1
0.1 235 713 -1
0.1 234 714 -1
0.1 233 715 -1
0.1 232 716 -1
0.1 231 717 -1
0.1 710 718 -1
0.1 220 719 -1
0.1 701 720 -1
0.1 622 721 -1
0.1 602 722 -1
0.1 552 723 -1
0.1 521 724 -1
0.1 725 240 -1
0.1 19 726 -1
0.1 506 727 -1
0.1 501 728 -1
0.1 242 243 -1
0.1 244 245 -1
0.1 246 247 -1
0.1 732 248 -1
0.1 731 733 -1
0.1 249 250 -1
0.1 734 735 -1
0.1 730 736 -1
0.1 737 251 -1
0.1 241 738 -1
0.1 739 252 -1
0.1 253 254 -1
0.1 256 257 -1
0.1 260 261 -1
0.1 262 263 -1
0.1 743 744 -1
0.1 259 745 -1
0.1 258 746 -1
0.1 742 747 -1
0.1 269 270 -1
0.1 268 749 -1
0.1 750 271 -1
0.1 267 751 -1
0.1 266 752 -1
0.1 265 753 -1
0.1 264 754 -1
0.1 272 273 -1
0.1 755 756 -1
0.1 757 274 -1
0.1 748 758 -1
0.1 255 759 -1
0.1 741 760 -1
0.1 277 278 -1
0.1 280 281 -1
0.1 284 285 -1
0.1 287 288 -1
0.1 286 765 -1
0.1 764 766 -1
0.1 283 767 -1
0.1 282 768 -1
0.1 763 769 -1
0.1 279 770 -1
0.1 762 771 -1
0.1 276 772 -1
0.1 275 773 -1
0.1 289 290 -1
0.1 295 296 -1
0.1 294 776 -1
0.1 293 777 -1
0.1 297 298 -1
0.1 779 299 -1
0.1 300 301 -1
0.1 781 302 -1
0.1 780 782 -1
0.1 778 783 -1
0.1 292 784 -1
0.1 291 785 -1
0.1 775 786 -1
0.1 774 787 -1
0.1 788 303 -1
0.1 761 789 -1
0.1 305 306 -1
0.1 304 791 -1
0.1 309 310 -1
0.1 308 793 -1
0.1 307 794 -1
0.1 795 311 -1
0.1 313 314 -1
0.1 312 797 -1
0.1 796 798 -1
0.1 315 316 -1
0.1 800 317 -1
0.1 799 801 -1
0.1 318 319 -1
0.1 802 803 -1
0.1 804 320 -1
0.1 792 805 -1
0.1 790 806 -1
0.1 740 807 -1
0.1 729 808 -1
0.1 321 322 -1
0.1 323 324 -1
0.1 327 328 -1
0.1 326 812 -1
0.1 329 330 -1
0.1 332 333 -1
0.1 334 335 -1
0.1 816 336 -1
0.1 337 338 -1
0.1 817 818 -1
0.1 819 339 -1
0.1 815 820 -1
0.1 821 340 -1
0.1 331 822 -1
0.1 341 342 -1
0.1 823 824 -1
0.1 814 825 -1
0.1 813 826 -1
0.1 343 344 -1
0.1 348 349 -1
0.1 347 829 -1
0.1 350 351 -1
0.1 354 355 -1
0.1 353 832 -1
0.1 352 833 -1
0.1 831 834 -1
0.1 830 835 -1
0.1 346 836 -1
0.1 359 360 -1
0.1 361 362 -1
0.1 838 839 -1
0.1 358 840 -1
0.1 363 364 -1
0.1 841 842 -1
0.1 366 367 -1
0.1 365 844 -1
0.1 843 845 -1
0.1 846 368 -1
0.1 357 847 -1
0.1 356 848 -1
0.1 370 371 -1
0.1 369 850 -1
0.1 849 851 -1
0.1 837 852 -1
0.1 375 376 -1
0.1 374 854 -1
0.1 377 378 -1
0.1 855 856 -1
0.1 373 857 -1
0.1 381 382 -1
0.1 380 859 -1
0.1 379 860 -1
0.1 858 861 -1
0.1 383 384 -1
0.1 385 386 -1
0.1 387 388 -1
0.1 865 389 -1
0.1 864 866 -1
0.1 393 394 -1
0.1 395 396 -1
0.1 868 869 -1
0.1 392 870 -1
0.1 391 871 -1
0.1 390 872 -1
0.1 397 398 -1
0.1 874 399 -1
0.1 873 875 -1
0.1 401 402 -1
0.1 403 404 -1
0.1 877 878 -1
0.1 400 879 -1
0.1 880 405 -1
0.1 407 408 -1
0.1 882 409 -1
0.1 406 883 -1
0.1 881 884 -1
0.1 876 885 -1
0.1 867 886 -1
0.1 863 887 -1
0.1 411 412 -1
0.1 410 889 -1
0.1 888 890 -1
0.1 862 891 -1
0.1 372 892 -1
0.1 418 419 -1
0.1 417 894 -1
0.1 420 421 -1
0.1 895 896 -1
0.1 416 897 -1
0.1 415 898 -1
0.1 423 424 -1
0.1 422 900 -1
0.1 899 901 -1
0.1 427 428 -1
0.1 426 903 -1
0.1 431 432 -1
0.1 430 905 -1
0.1 429 906 -1
0.1 433 434 -1
0.1 907 908 -1
0.1 904 909 -1
0.1 425 910 -1
0.1 902 911 -1
0.1 435 436 -1
0.1 439 440 -1
0.1 438 914 -1
0.1 437 915 -1
0.1 441 442 -1
0.1 916 917 -1
0.1 443 444 -1
0.1 918 919 -1
0.1 913 920 -1
0.1 912 921 -1
0.1 414 922 -1
0.1 413 923 -1
0.1 924 445 -1
0.1 893 925 -1
0.1 853 926 -1
0.1 345 927 -1
0.1 828 928 -1
0.1 827 929 -1
0.1 930 446 -1
0.1 447 448 -1
0.1 931 932 -1
0.1 453 454 -1
0.1 452 934 -1
0.1 451 935 -1
0.1 450 936 -1
0.1 449 937 -1
0.1 938 455 -1
0.1 933 939 -1
0.1 940 456 -1
0.1 325 941 -1
0.1 457 458 -1
0.1 942 943 -1
0.1 811 944 -1
0.1 810 945 -1
0.1 460 461 -1
0.1 463 464 -1
0.1 467 468 -1
0.1 466 949 -1
0.1 465 950 -1
0.1 951 469 -1
0.1 948 952 -1
0.1 462 953 -1
0.1 947 954 -1
0.1 459 955 -1
0.1 956 470 -1
0.1 946 957 -1
0.1 472 473 -1
0.1 471 959 -1
0.1 477 478 -1
0.1 479 480 -1
0.1 962 481 -1
0.1 482 483 -1
0.1 485 486 -1
0.1 484 965 -1
0.1 964 966 -1
0.1 963 967 -1
0.1 961 968 -1
0.1 487 488 -1
0.1 969 970 -1
0.1 476 971 -1
0.1 475 972 -1
0.1 474 973 -1
0.1 960 974 -1
0.1 958 975 -1
0.1 489 490 -1
0.1 976 977 -1
0.1 809 978 -1
