1 0 0 1
1 0 0 1
1 0 0 1
1 0 0 1
1 0 0 1
1 0 0 1
1 0 0 1
1 0 0 1
1 0 0 1
1 0 0 1
1 0 0 2
1 0 0 2
1 0 0 3
1 0 0 4
1 0 0 4
1 0 0 4
1 0 0 4
1 0 0 4
1 0 0 4
1 0 0 4
1 0 0 4
1 0 0 4
1 0 0 4
1 0 0 5
1 0 0 5
1 0 0 6
1 0 0 6
1 0 0 6
1 0 0 6
1 0 0 6
1 0 0 6
1 0 0 6
1 0 0 6
1 0 0 6
1 0 0 6
1 0 0 5
1 0 0 5
1 0 0 5
1 0 0 5
1 0 0 5
1 0 0 5
1 0 0 5
1 0 0 5
1 0 0 3
1 0 0 3
1 0 0 3
1 0 0 3
1 0 0 3
1 0 0 3
1 0 0 3
1 0 0 3
1 0 0 3
1 0 0 2
1 0 0 2
1 0 0 2
1 0 0 2
1 0 0 2
1 0 0 2
1 0 0 7
1 0 0 7
1 0 0 8
1 0 0 8
1 0 0 8
1 0 0 8
1 0 0 8
1 0 0 8
1 0 0 8
1 0 0 8
1 0 0 8
1 0 0 8
1 0 0 7
1 0 0 7
1 0 0 7
1 0 0 7
1 0 0 7
1 0 0 9
1 0 0 9
1 0 0 9
1 0 0 9
1 0 0 9
1 0 0 9
1 0 0 9
1 0 0 9
1 0 0 9
1 0 0 9
1 0 0 7
1 0 0 7
1 0 0 7
1 0 0 10
1 0 0 11
1 0 0 11
1 0 0 11
1 0 0 11
1 0 0 11
1 0 0 11
1 0 0 11
1 0 0 11
1 0 0 11
1 0 0 11
1 0 0 10
1 0 0 10
1 0 0 10
1 0 0 10
1 0 0 10
1 0 0 10
1 0 0 10
1 0 0 10
1 0 0 10
1 0 0 12
1 0 0 12
1 0 0 12
1 0 0 12
1 0 0 12
1 0 0 12
1 0 0 12
1 0 0 12
1 0 0 12
1 0 0 12
1 0 0 2
1 0 0 2
1 0 0 13
1 0 0 13
1 0 0 13
1 0 0 13
1 0 0 13
1 0 0 13
1 0 0 13
1 0 0 14
1 0 0 14
1 0 0 14
1 0 0 14
1 0 0 14
1 0 0 14
1 0 0 14
1 0 0 14
1 0 0 14
1 0 0 14
1 0 0 13
1 0 0 13
1 0 0 13
1 0 0 15
1 0 0 15
1 0 0 15
1 0 0 15
1 0 0 15
1 0 0 15
1 0 0 15
1 0 0 15
1 0 0 15
1 0 0 15
1 0 0 16
1 0 0 16
1 0 0 16
1 0 0 16
1 0 0 16
1 0 0 16
1 0 0 16
1 0 0 16
1 0 0 16
1 0 0 16
1 0 0 17
1 0 0 17
1 0 0 17
1 0 0 17
1 0 0 17
1 0 0 17
1 0 0 18
1 0 0 18
1 0 0 18
1 0 0 18
1 0 0 18
1 0 0 18
1 0 0 18
1 0 0 18
1 0 0 18
1 0 0 18
1 0 0 17
1 0 0 17
1 0 0 17
1 0 0 17
1 0 0 19
1 0 0 20
1 0 0 20
1 0 0 20
1 0 0 20
1 0 0 20
1 0 0 20
1 0 0 20
1 0 0 20
1 0 0 20
1 0 0 20
1 0 0 21
1 0 0 21
1 0 0 21
1 0 0 21
1 0 0 21
1 0 0 21
1 0 0 21
1 0 0 22
1 0 0 22
1 0 0 22
1 0 0 22
1 0 0 22
1 0 0 22
1 0 0 22
1 0 0 22
1 0 0 22
1 0 0 21
1 0 0 21
1 0 0 21
1 0 0 23
1 0 0 23
1 0 0 23
1 0 0 23
1 0 0 23
1 0 0 23
1 0 0 23
1 0 0 23
1 0 0 23
1 0 0 23
1 0 0 24
1 0 0 24
1 0 0 24
1 0 0 24
1 0 0 24
1 0 0 24
1 0 0 24
1 0 0 24
1 0 0 24
1 0 0 24
1 0 0 22
1 0 0 25
1 0 0 25
1 0 0 25
1 0 0 25
1 0 0 25
1 0 0 25
1 0 0 25
1 0 0 25
1 0 0 26
1 0 0 26
1 0 0 26
1 0 0 26
1 0 0 26
1 0 0 26
1 0 0 26
1 0 0 26
1 0 0 26
1 0 0 26
1 0 0 25
1 0 0 25
1 0 0 19
1 0 0 19
1 0 0 27
1 0 0 27
1 0 0 27
1 0 0 27
1 0 0 27
1 0 0 27
1 0 0 27
1 0 0 27
1 0 0 27
1 0 0 27
1 0 0 28
1 0 0 28
1 0 0 28
1 0 0 28
1 0 0 28
1 0 0 28
1 0 0 28
1 0 0 29
1 0 0 29
1 0 0 29
1 0 0 29
1 0 0 29
1 0 0 29
1 0 0 29
1 0 0 29
1 0 0 29
1 0 0 29
1 0 0 30
1 0 0 30
1 0 0 30
1 0 0 30
1 0 0 30
1 0 0 30
1 0 0 30
1 0 0 30
1 0 0 30
1 0 0 30
1 0 0 28
1 0 0 28
1 0 0 28
1 0 0 19
1 0 0 31
1 0 0 31
1 0 0 31
1 0 0 31
1 0 0 31
1 0 0 31
1 0 0 31
1 0 0 31
1 0 0 31
1 0 0 31
1 0 0 32
1 0 0 32
1 0 0 32
1 0 0 32
1 0 0 32
1 0 0 32
1 0 0 33
1 0 0 33
1 0 0 33
1 0 0 33
1 0 0 33
1 0 0 33
1 0 0 33
1 0 0 33
1 0 0 33
1 0 0 33
1 0 0 34
1 0 0 34
1 0 0 34
1 0 0 34
1 0 0 34
1 0 0 34
1 0 0 34
1 0 0 34
1 0 0 34
1 0 0 34
1 0 0 32
1 0 0 32
1 0 0 32
1 0 0 32
1 0 0 35
1 0 0 35
1 0 0 35
1 0 0 35
1 0 0 35
1 0 0 35
1 0 0 35
1 0 0 35
1 0 0 35
1 0 0 35
1 0 0 19
1 0 0 19
1 0 0 19
1 0 0 19
1 0 0 19
1 0 0 36
1 0 0 36
1 0 0 36
1 0 0 36
1 0 0 36
1 0 0 36
1 0 0 36
1 0 0 36
1 0 0 36
1 0 0 36
1 0 0 37
1 0 0 37
1 0 0 38
1 0 0 38
1 0 0 38
1 0 0 38
1 0 0 38
1 0 0 38
1 0 0 38
1 0 0 38
1 0 0 38
1 0 0 38
1 0 0 37
1 0 0 37
1 0 0 37
1 0 0 37
1 0 0 37
1 0 0 37
1 0 0 39
1 0 0 39
1 0 0 39
1 0 0 39
1 0 0 39
1 0 0 39
1 0 0 39
1 0 0 40
1 0 0 40
1 0 0 40
1 0 0 40
1 0 0 40
1 0 0 40
1 0 0 40
1 0 0 40
1 0 0 40
1 0 0 40
1 0 0 41
1 0 0 41
1 0 0 41
1 0 0 41
1 0 0 41
1 0 0 41
1 0 0 41
1 0 0 41
1 0 0 42
1 0 0 42
1 0 0 42
1 0 0 42
1 0 0 42
1 0 0 42
1 0 0 42
1 0 0 42
1 0 0 42
1 0 0 42
1 0 0 43
1 0 0 43
1 0 0 43
1 0 0 43
1 0 0 43
1 0 0 43
1 0 0 44
1 0 0 44
1 0 0 44
1 0 0 44
1 0 0 44
1 0 0 44
1 0 0 44
1 0 0 44
1 0 0 44
1 0 0 44
1 0 0 43
1 0 0 43
1 0 0 43
1 0 0 43
1 0 0 41
1 0 0 41
1 0 0 45
1 0 0 45
1 0 0 45
1 0 0 45
1 0 0 45
1 0 0 45
1 0 0 45
1 0 0 45
1 0 0 45
1 0 0 45
1 0 0 46
1 0 0 46
1 0 0 39
1 0 0 39
1 0 0 39
1 0 0 46
1 0 0 46
1 0 0 46
1 0 0 46
1 0 0 46
1 0 0 46
1 0 0 46
1 0 0 46
1 0 0 47
1 0 0 47
1 0 0 48
1 0 0 48
1 0 0 48
1 0 0 48
1 0 0 48
1 0 0 48
1 0 0 48
1 0 0 48
1 0 0 48
1 0 0 48
1 0 0 47
1 0 0 47
1 0 0 47
1 0 0 47
1 0 0 47
1 0 0 47
1 0 0 47
1 0 0 47
1 0 0 37
1 0 0 49
1 0 0 49
1 0 0 49
1 0 0 37
1 0 0 49
1 0 0 49
1 0 0 49
1 0 0 49
1 0 0 49
1 0 0 49
1 0 0 49
1 0 0 50
1 0 0 50
1 0 0 50
1 0 0 50
1 0 0 50
1 0 0 50
1 0 0 50
1 0 0 51
1 0 0 51
1 0 0 51
1 0 0 51
1 0 0 51
1 0 0 51
1 0 0 51
1 0 0 51
1 0 0 51
1 0 0 51
1 0 0 50
1 0 0 50
1 0 0 52
1 0 0 52
1 0 0 52
1 0 0 52
1 0 0 52
1 0 0 52
1 0 0 52
1 0 0 52
1 0 0 52
1 0 0 52
1 0 0 50
1 0 0 53
1 0 0 53
1 0 0 53
1 0 0 53
1 0 0 53
1 0 0 53
1 0 0 53
1 0 0 53
1 0 0 53
1 0 0 53
1 0 0 54
1 0 0 54
1 0 0 54
1 0 0 54
1 0 0 54
1 0 0 54
1 0 0 54
1 0 0 54
1 0 0 54
1 0 0 54
1 0 0 55
1 0 0 55
1 0 0 55
1 0 0 55
1 0 0 55
1 0 0 55
1 0 0 55
1 0 0 56
1 0 0 56
1 0 0 56
1 0 0 56
1 0 0 57
1 0 0 57
1 0 0 57
1 0 0 57
1 0 0 57
1 0 0 57
1 0 0 57
1 0 0 57
1 0 0 57
1 0 0 57
1 0 0 56
1 0 0 56
1 0 0 56
1 0 0 56
1 0 0 56
1 0 0 56
1 0 0 58
1 0 0 58
1 0 0 58
1 0 0 58
1 0 0 58
1 0 0 58
1 0 0 58
1 0 0 58
1 0 0 58
1 0 0 58
1 0 0 59
1 0 0 59
1 0 0 59
1 0 0 59
1 0 0 59
1 0 0 59
1 0 0 59
1 0 0 60
1 0 0 60
1 0 0 60
1 0 0 60
1 0 0 60
1 0 0 60
1 0 0 60
1 0 0 60
1 0 0 60
1 0 0 60
1 0 0 59
1 0 0 59
1 0 0 59
1 0 0 55
1 0 0 55
1 0 0 55
1 0 0 61
1 0 0 61
1 0 0 61
1 0 0 61
1 0 0 61
1 0 0 61
1 0 0 61
1 0 0 61
1 0 0 61
1 0 0 61
1 0 0 62
1 0 0 62
1 0 0 62
1 0 0 62
1 0 0 62
1 0 0 62
1 0 0 62
1 0 0 62
1 0 0 62
1 0 0 62
1 0 0 63
1 0 0 64
1 0 0 64
1 0 0 64
1 0 0 64
1 0 0 64
1 0 0 64
1 0 0 64
1 0 0 64
1 0 0 64
1 0 0 64
1 0 0 63
1 0 0 63
1 0 0 63
1 0 0 63
1 0 0 63
1 0 0 63
1 0 0 63
1 0 0 63
1 0 0 63
1 0 0 19
0.1 2 3 -1
0.1 5 6 -1
0.1 4 642 -1
0.1 641 643 -1
0.1 1 644 -1
0.1 8 9 -1
0.1 7 646 -1
0.1 647 10 -1
0.1 645 648 -1
0.1 11 12 -1
0.1 15 16 -1
0.1 14 651 -1
0.1 652 17 -1
0.1 19 20 -1
0.1 21 22 -1
0.1 655 23 -1
0.1 654 656 -1
0.1 18 657 -1
0.1 653 658 -1
0.1 27 28 -1
0.1 660 29 -1
0.1 30 31 -1
0.1 33 34 -1
0.1 32 663 -1
0.1 664 35 -1
0.1 662 665 -1
0.1 661 666 -1
0.1 26 667 -1
0.1 25 668 -1
0.1 669 36 -1
0.1 24 670 -1
0.1 37 38 -1
0.1 672 39 -1
0.1 40 41 -1
0.1 42 43 -1
0.1 674 675 -1
0.1 673 676 -1
0.1 671 677 -1
0.1 659 678 -1
0.1 44 45 -1
0.1 47 48 -1
0.1 46 681 -1
0.1 680 682 -1
0.1 679 683 -1
0.1 49 50 -1
0.1 685 51 -1
0.1 686 52 -1
0.1 684 687 -1
0.1 13 688 -1
0.1 55 56 -1
0.1 54 690 -1
0.1 57 58 -1
0.1 691 692 -1
0.1 53 693 -1
0.1 59 60 -1
0.1 62 63 -1
0.1 61 696 -1
0.1 64 65 -1
0.1 66 67 -1
0.1 698 699 -1
0.1 697 700 -1
0.1 69 70 -1
0.1 68 702 -1
0.1 701 703 -1
0.1 695 704 -1
0.1 71 72 -1
0.1 706 73 -1
0.1 707 74 -1
0.1 708 75 -1
0.1 76 77 -1
0.1 78 79 -1
0.1 80 81 -1
0.1 712 82 -1
0.1 711 713 -1
0.1 710 714 -1
0.1 83 84 -1
0.1 716 85 -1
0.1 715 717 -1
0.1 709 718 -1
0.1 86 87 -1
0.1 720 88 -1
0.1 719 721 -1
0.1 705 722 -1
0.1 90 91 -1
0.1 89 724 -1
0.1 97 98 -1
0.1 726 99 -1
0.1 96 727 -1
0.1 95 728 -1
0.1 94 729 -1
0.1 93 730 -1
0.1 92 731 -1
0.1 725 732 -1
0.1 101 102 -1
0.1 100 734 -1
0.1 104 105 -1
0.1 103 736 -1
0.1 107 108 -1
0.1 106 738 -1
0.1 737 739 -1
0.1 735 740 -1
0.1 733 741 -1
0.1 723 742 -1
0.1 109 110 -1
0.1 112 113 -1
0.1 111 745 -1
0.1 744 746 -1
0.1 114 115 -1
0.1 747 748 -1
0.1 117 118 -1
0.1 116 750 -1
0.1 749 751 -1
0.1 743 752 -1
0.1 753 119 -1
0.1 694 754 -1
0.1 689 755 -1
0.1 756 120 -1
0.1 650 757 -1
0.1 649 758 -1
0.1 121 122 -1
0.1 125 126 -1
0.1 128 129 -1
0.1 131 132 -1
0.1 130 763 -1
0.1 764 133 -1
0.1 762 765 -1
0.1 134 135 -1
0.1 767 136 -1
0.1 768 137 -1
0.1 766 769 -1
0.1 127 770 -1
0.1 139 140 -1
0.1 138 772 -1
0.1 771 773 -1
0.1 761 774 -1
0.1 124 775 -1
0.1 123 776 -1
0.1 760 777 -1
0.1 143 144 -1
0.1 142 779 -1
0.1 780 145 -1
0.1 146 147 -1
0.1 148 149 -1
0.1 782 783 -1
0.1 781 784 -1
0.1 785 150 -1
0.1 141 786 -1
0.1 778 787 -1
0.1 154 155 -1
0.1 153 789 -1
0.1 152 790 -1
0.1 156 157 -1
0.1 158 159 -1
0.1 793 160 -1
0.1 792 794 -1
0.1 791 795 -1
0.1 151 796 -1
0.1 788 797 -1
0.1 759 798 -1
0.1 161 162 -1
0.1 164 165 -1
0.1 163 801 -1
0.1 168 169 -1
0.1 172 173 -1
0.1 171 804 -1
0.1 805 174 -1
0.1 170 806 -1
0.1 807 175 -1
0.1 808 176 -1
0.1 803 809 -1
0.1 167 810 -1
0.1 166 811 -1
0.1 802 812 -1
0.1 800 813 -1
0.1 179 180 -1
0.1 178 815 -1
0.1 177 816 -1
0.1 814 817 -1
0.1 799 818 -1
0.1 183 184 -1
0.1 185 186 -1
0.1 188 189 -1
0.1 822 190 -1
0.1 187 823 -1
0.1 821 824 -1
0.1 820 825 -1
0.1 826 191 -1
0.1 182 827 -1
0.1 192 193 -1
0.1 194 195 -1
0.1 829 830 -1
0.1 197 198 -1
0.1 196 832 -1
0.1 831 833 -1
0.1 200 201 -1
0.1 199 835 -1
0.1 202 203 -1
0.1 836 837 -1
0.1 838 204 -1
0.1 206 207 -1
0.1 205 840 -1
0.1 839 841 -1
0.1 834 842 -1
0.1 828 843 -1
0.1 209 210 -1
0.1 208 845 -1
0.1 844 846 -1
0.1 211 212 -1
0.1 215 216 -1
0.1 214 849 -1
0.1 213 850 -1
0.1 848 851 -1
0.1 218 219 -1
0.1 217 853 -1
0.1 854 220 -1
0.1 852 855 -1
0.1 221 222 -1
0.1 223 224 -1
0.1 857 858 -1
0.1 225 226 -1
0.1 229 230 -1
0.1 228 861 -1
0.1 227 862 -1
0.1 860 863 -1
0.1 859 864 -1
0.1 233 234 -1
0.1 866 235 -1
0.1 232 867 -1
0.1 236 237 -1
0.1 869 238 -1
0.1 868 870 -1
0.1 240 241 -1
0.1 244 245 -1
0.1 243 873 -1
0.1 242 874 -1
0.1 246 247 -1
0.1 248 249 -1
0.1 876 877 -1
0.1 875 878 -1
0.1 872 879 -1
0.1 239 880 -1
0.1 250 251 -1
0.1 881 882 -1
0.1 871 883 -1
0.1 231 884 -1
0.1 865 885 -1
0.1 856 886 -1
0.1 847 887 -1
0.1 181 888 -1
0.1 252 253 -1
0.1 889 890 -1
0.1 257 258 -1
0.1 256 892 -1
0.1 255 893 -1
0.1 254 894 -1
0.1 259 260 -1
0.1 262 263 -1
0.1 261 897 -1
0.1 896 898 -1
0.1 895 899 -1
0.1 265 266 -1
0.1 901 267 -1
0.1 264 902 -1
0.1 269 270 -1
0.1 268 904 -1
0.1 903 905 -1
0.1 274 275 -1
0.1 273 907 -1
0.1 276 277 -1
0.1 278 279 -1
0.1 909 910 -1
0.1 911 280 -1
0.1 908 912 -1
0.1 272 913 -1
0.1 271 914 -1
0.1 282 283 -1
0.1 916 284 -1
0.1 287 288 -1
0.1 289 290 -1
0.1 918 919 -1
0.1 286 920 -1
0.1 285 921 -1
0.1 917 922 -1
0.1 281 923 -1
0.1 915 924 -1
0.1 291 292 -1
0.1 926 293 -1
0.1 925 927 -1
0.1 906 928 -1
0.1 900 929 -1
0.1 930 294 -1
0.1 296 297 -1
0.1 299 300 -1
0.1 298 933 -1
0.1 301 302 -1
0.1 934 935 -1
0.1 936 303 -1
0.1 932 937 -1
0.1 938 304 -1
0.1 295 939 -1
0.1 307 308 -1
0.1 309 310 -1
0.1 941 942 -1
0.1 312 313 -1
0.1 944 314 -1
0.1 315 316 -1
0.1 945 946 -1
0.1 311 947 -1
0.1 317 318 -1
0.1 948 949 -1
0.1 319 320 -1
0.1 950 951 -1
0.1 321 322 -1
0.1 952 953 -1
0.1 324 325 -1
0.1 323 955 -1
0.1 326 327 -1
0.1 328 329 -1
0.1 957 958 -1
0.1 956 959 -1
0.1 960 330 -1
0.1 954 961 -1
0.1 332 333 -1
0.1 331 963 -1
0.1 964 334 -1
0.1 962 965 -1
0.1 943 966 -1
0.1 306 967 -1
0.1 305 968 -1
0.1 337 338 -1
0.1 970 339 -1
0.1 336 971 -1
0.1 335 972 -1
0.1 973 340 -1
0.1 341 342 -1
0.1 975 343 -1
0.1 976 344 -1
0.1 974 977 -1
0.1 347 348 -1
0.1 346 979 -1
0.1 345 980 -1
0.1 981 349 -1
0.1 978 982 -1
0.1 969 983 -1
0.1 940 984 -1
0.1 931 985 -1
0.1 891 986 -1
0.1 354 355 -1
0.1 353 988 -1
0.1 352 989 -1
0.1 351 990 -1
0.1 350 991 -1
0.1 357 358 -1
0.1 993 359 -1
0.1 356 994 -1
0.1 992 995 -1
0.1 362 363 -1
0.1 997 364 -1
0.1 998 365 -1
0.1 366 367 -1
0.1 999 1000 -1
0.1 368 369 -1
0.1 370 371 -1
0.1 1002 1003 -1
0.1 1001 1004 -1
0.1 361 1005 -1
0.1 372 373 -1
0.1 374 375 -1
0.1 376 377 -1
0.1 1008 1009 -1
0.1 1007 1010 -1
0.1 1006 1011 -1
0.1 360 1012 -1
0.1 382 383 -1
0.1 381 1014 -1
0.1 380 1015 -1
0.1 379 1016 -1
0.1 378 1017 -1
0.1 386 387 -1
0.1 385 1019 -1
0.1 388 389 -1
0.1 1021 390 -1
0.1 391 392 -1
0.1 1023 393 -1
0.1 1024 394 -1
0.1 1022 1025 -1
0.1 1020 1026 -1
0.1 396 397 -1
0.1 398 399 -1
0.1 1029 400 -1
0.1 1028 1030 -1
0.1 401 402 -1
0.1 405 406 -1
0.1 407 408 -1
0.1 1033 1034 -1
0.1 411 412 -1
0.1 410 1036 -1
0.1 409 1037 -1
0.1 1035 1038 -1
0.1 404 1039 -1
0.1 403 1040 -1
0.1 413 414 -1
0.1 1041 1042 -1
0.1 417 418 -1
0.1 416 1044 -1
0.1 415 1045 -1
0.1 421 422 -1
0.1 420 1047 -1
0.1 419 1048 -1
0.1 424 425 -1
0.1 423 1050 -1
0.1 426 427 -1
0.1 1052 428 -1
0.1 1051 1053 -1
0.1 1049 1054 -1
0.1 430 431 -1
0.1 429 1056 -1
0.1 1055 1057 -1
0.1 1058 432 -1
0.1 1046 1059 -1
0.1 1043 1060 -1
0.1 1061 433 -1
0.1 1032 1062 -1
0.1 1031 1063 -1
0.1 435 436 -1
0.1 437 438 -1
0.1 1066 439 -1
0.1 1065 1067 -1
0.1 441 442 -1
0.1 440 1069 -1
0.1 1070 443 -1
0.1 1071 444 -1
0.1 1068 1072 -1
0.1 434 1073 -1
0.1 1064 1074 -1
0.1 395 1075 -1
0.1 1027 1076 -1
0.1 384 1077 -1
0.1 1018 1078 -1
0.1 445 446 -1
0.1 448 449 -1
0.1 447 1081 -1
0.1 450 451 -1
0.1 1083 452 -1
0.1 1084 453 -1
0.1 454 455 -1
0.1 456 457 -1
0.1 1086 1087 -1
0.1 1085 1088 -1
0.1 1082 1089 -1
0.1 1080 1090 -1
0.1 1079 1091 -1
0.1 462 463 -1
0.1 1093 464 -1
0.1 461 1094 -1
0.1 466 467 -1
0.1 465 1096 -1
0.1 468 469 -1
0.1 1097 1098 -1
0.1 1095 1099 -1
0.1 460 1100 -1
0.1 1101 470 -1
0.1 1102 471 -1
0.1 459 1103 -1
0.1 458 1104 -1
0.1 473 474 -1
0.1 472 1106 -1
0.1 476 477 -1
0.1 475 1108 -1
0.1 1107 1109 -1
0.1 1105 1110 -1
0.1 1111 478 -1
0.1 479 480 -1
0.1 481 482 -1
0.1 483 484 -1
0.1 488 489 -1
0.1 487 1116 -1
0.1 486 1117 -1
0.1 485 1118 -1
0.1 1115 1119 -1
0.1 1114 1120 -1
0.1 1113 1121 -1
0.1 1112 1122 -1
0.1 490 491 -1
0.1 495 496 -1
0.1 494 1125 -1
0.1 498 499 -1
0.1 1127 500 -1
0.1 497 1128 -1
0.1 501 502 -1
0.1 1129 1130 -1
0.1 503 504 -1
0.1 1132 505 -1
0.1 1133 506 -1
0.1 1131 1134 -1
0.1 1126 1135 -1
0.1 493 1136 -1
0.1 492 1137 -1
0.1 507 508 -1
0.1 509 510 -1
0.1 511 512 -1
0.1 515 516 -1
0.1 514 1142 -1
0.1 1143 517 -1
0.1 513 1144 -1
0.1 1145 518 -1
0.1 1141 1146 -1
0.1 1140 1147 -1
0.1 1139 1148 -1
0.1 1138 1149 -1
0.1 1150 519 -1
0.1 1124 1151 -1
0.1 520 521 -1
0.1 523 524 -1
0.1 522 1154 -1
0.1 1155 525 -1
0.1 1156 526 -1
0.1 528 529 -1
0.1 527 1158 -1
0.1 1157 1159 -1
0.1 1153 1160 -1
0.1 1152 1161 -1
0.1 1123 1162 -1
0.1 1092 1163 -1
0.1 1013 1164 -1
0.1 996 1165 -1
0.1 530 531 -1
0.1 532 533 -1
0.1 535 536 -1
0.1 1169 537 -1
0.1 534 1170 -1
0.1 1168 1171 -1
0.1 1172 538 -1
0.1 1173 539 -1
0.1 1167 1174 -1
0.1 540 541 -1
0.1 543 544 -1
0.1 1177 545 -1
0.1 542 1178 -1
0.1 549 550 -1
0.1 548 1180 -1
0.1 547 1181 -1
0.1 553 554 -1
0.1 552 1183 -1
0.1 551 1184 -1
0.1 555 556 -1
0.1 1185 1186 -1
0.1 557 558 -1
0.1 559 560 -1
0.1 1188 1189 -1
0.1 1187 1190 -1
0.1 561 562 -1
0.1 563 564 -1
0.1 1192 1193 -1
0.1 1191 1194 -1
0.1 565 566 -1
0.1 1195 1196 -1
0.1 568 569 -1
0.1 567 1198 -1
0.1 571 572 -1
0.1 1200 573 -1
0.1 570 1201 -1
0.1 1202 574 -1
0.1 1199 1203 -1
0.1 575 576 -1
0.1 1204 1205 -1
0.1 1197 1206 -1
0.1 1182 1207 -1
0.1 578 579 -1
0.1 580 581 -1
0.1 1209 1210 -1
0.1 577 1211 -1
0.1 1208 1212 -1
0.1 584 585 -1
0.1 587 588 -1
0.1 586 1215 -1
0.1 1214 1216 -1
0.1 592 593 -1
0.1 591 1218 -1
0.1 590 1219 -1
0.1 589 1220 -1
0.1 1217 1221 -1
0.1 595 596 -1
0.1 594 1223 -1
0.1 1222 1224 -1
0.1 583 1225 -1
0.1 582 1226 -1
0.1 1213 1227 -1
0.1 601 602 -1
0.1 603 604 -1
0.1 606 607 -1
0.1 605 1231 -1
0.1 1230 1232 -1
0.1 608 609 -1
0.1 1233 1234 -1
0.1 1229 1235 -1
0.1 600 1236 -1
0.1 599 1237 -1
0.1 598 1238 -1
0.1 597 1239 -1
0.1 1228 1240 -1
0.1 546 1241 -1
0.1 1179 1242 -1
0.1 1176 1243 -1
0.1 610 611 -1
0.1 1245 612 -1
0.1 618 619 -1
0.1 617 1247 -1
0.1 616 1248 -1
0.1 615 1249 -1
0.1 614 1250 -1
0.1 613 1251 -1
0.1 1246 1252 -1
0.1 1244 1253 -1
0.1 1175 1254 -1
0.1 1166 1255 -1
0.1 621 622 -1
0.1 1257 623 -1
0.1 624 625 -1
0.1 627 628 -1
0.1 626 1260 -1
0.1 1259 1261 -1
0.1 1262 629 -1
0.1 1263 630 -1
0.1 1258 1264 -1
0.1 620 1265 -1
0.1 1266 631 -1
0.1 1267 632 -1
0.1 635 636 -1
0.1 634 1269 -1
0.1 633 1270 -1
0.1 637 638 -1
0.1 1272 639 -1
0.1 1271 1273 -1
0.1 1268 1274 -1
0.1 1256 1275 -1
0.1 1276 640 -1
0.1 987 1277 -1
0.1 819 1278 -1
