1 0 0 1
1 0 0 1
1 0 0 1
1 0 0 1
1 0 0 2
1 0 0 2
1 0 0 2
1 0 0 2
1 0 0 2
1 0 0 2
1 0 0 2
1 0 0 2
1 0 0 2
1 0 0 2
1 0 0 1
1 0 0 1
1 0 0 1
1 0 0 1
1 0 0 1
1 0 0 1
1 0 0 3
1 0 0 3
1 0 0 3
1 0 0 3
1 0 0 3
1 0 0 3
1 0 0 3
1 0 0 4
1 0 0 4
1 0 0 4
1 0 0 4
1 0 0 5
1 0 0 5
1 0 0 5
1 0 0 5
1 0 0 5
1 0 0 5
1 0 0 5
1 0 0 5
1 0 0 5
1 0 0 5
1 0 0 6
1 0 0 6
1 0 0 7
1 0 0 7
1 0 0 7
1 0 0 7
1 0 0 7
1 0 0 7
1 0 0 7
1 0 0 7
1 0 0 7
1 0 0 7
1 0 0 6
1 0 0 6
1 0 0 6
1 0 0 6
1 0 0 6
1 0 0 6
1 0 0 6
1 0 0 6
1 0 0 4
1 0 0 4
1 0 0 4
1 0 0 4
1 0 0 4
1 0 0 4
1 0 0 8
1 0 0 8
1 0 0 8
1 0 0 8
1 0 0 8
1 0 0 8
1 0 0 8
1 0 0 8
1 0 0 8
1 0 0 8
1 0 0 9
1 0 0 9
1 0 0 9
1 0 0 9
1 0 0 9
1 0 0 9
1 0 0 9
1 0 0 9
1 0 0 9
1 0 0 9
1 0 0 10
1 0 0 10
1 0 0 10
1 0 0 10
1 0 0 10
1 0 0 10
1 0 0 10
1 0 0 10
1 0 0 11
1 0 0 11
1 0 0 11
1 0 0 11
1 0 0 11
1 0 0 11
1 0 0 11
1 0 0 11
1 0 0 11
1 0 0 11
1 0 0 10
1 0 0 10
1 0 0 12
1 0 0 12
1 0 0 12
1 0 0 12
1 0 0 12
1 0 0 12
1 0 0 12
1 0 0 12
1 0 0 12
1 0 0 12
1 0 0 13
1 0 0 13
1 0 0 13
1 0 0 13
1 0 0 13
1 0 0 13
1 0 0 13
1 0 0 13
1 0 0 13
1 0 0 13
1 0 0 3
1 0 0 3
1 0 0 3
1 0 0 14
1 0 0 14
1 0 0 14
1 0 0 14
1 0 0 14
1 0 0 14
1 0 0 14
1 0 0 14
1 0 0 14
1 0 0 14
1 0 0 15
1 0 0 15
1 0 0 15
1 0 0 15
1 0 0 15
1 0 0 15
1 0 0 15
1 0 0 15
1 0 0 15
1 0 0 15
1 0 0 16
1 0 0 16
1 0 0 16
1 0 0 16
1 0 0 16
1 0 0 16
1 0 0 16
1 0 0 17
1 0 0 17
1 0 0 17
1 0 0 17
1 0 0 17
1 0 0 17
1 0 0 17
1 0 0 17
1 0 0 17
1 0 0 17
1 0 0 16
1 0 0 16
1 0 0 16
1 0 0 18
1 0 0 18
1 0 0 18
1 0 0 18
1 0 0 18
1 0 0 18
1 0 0 18
1 0 0 18
1 0 0 18
1 0 0 18
1 0 0 19
1 0 0 19
1 0 0 20
1 0 0 20
1 0 0 20
1 0 0 20
1 0 0 20
1 0 0 20
1 0 0 20
1 0 0 20
1 0 0 20
1 0 0 20
1 0 0 19
1 0 0 19
1 0 0 19
1 0 0 19
1 0 0 19
1 0 0 19
1 0 0 19
1 0 0 19
1 0 0 21
1 0 0 21
1 0 0 21
1 0 0 21
1 0 0 21
1 0 0 21
1 0 0 21
1 0 0 22
1 0 0 22
1 0 0 22
1 0 0 22
1 0 0 22
1 0 0 22
1 0 0 22
1 0 0 22
1 0 0 22
1 0 0 22
1 0 0 21
1 0 0 21
1 0 0 23
1 0 0 23
1 0 0 23
1 0 0 23
1 0 0 23
1 0 0 23
1 0 0 24
1 0 0 24
1 0 0 24
1 0 0 24
1 0 0 24
1 0 0 24
1 0 0 24
1 0 0 24
1 0 0 24
1 0 0 24
1 0 0 23
1 0 0 23
1 0 0 23
1 0 0 23
1 0 0 25
1 0 0 25
1 0 0 25
1 0 0 25
1 0 0 25
1 0 0 25
1 0 0 25
1 0 0 25
1 0 0 25
1 0 0 21
1 0 0 25
1 0 0 26
1 0 0 26
1 0 0 26
1 0 0 26
1 0 0 26
1 0 0 26
1 0 0 26
1 0 0 26
1 0 0 26
1 0 0 26
1 0 0 27
1 0 0 27
1 0 0 28
1 0 0 28
1 0 0 28
1 0 0 28
1 0 0 28
1 0 0 28
1 0 0 28
1 0 0 28
1 0 0 28
1 0 0 28
1 0 0 27
1 0 0 27
1 0 0 27
1 0 0 27
1 0 0 29
1 0 0 29
1 0 0 29
1 0 0 29
1 0 0 29
1 0 0 29
1 0 0 29
1 0 0 29
1 0 0 29
1 0 0 29
1 0 0 27
1 0 0 27
1 0 0 27
1 0 0 27
1 0 0 30
1 0 0 30
1 0 0 30
1 0 0 30
1 0 0 30
1 0 0 30
1 0 0 30
1 0 0 30
1 0 0 30
1 0 0 30
1 0 0 31
1 0 0 31
1 0 0 32
1 0 0 32
1 0 0 32
1 0 0 31
1 0 0 31
1 0 0 31
1 0 0 31
1 0 0 31
1 0 0 31
1 0 0 31
1 0 0 31
1 0 0 32
1 0 0 32
1 0 0 32
1 0 0 32
1 0 0 32
1 0 0 32
1 0 0 32
1 0 0 33
1 0 0 33
1 0 0 33
1 0 0 33
1 0 0 33
1 0 0 33
1 0 0 33
1 0 0 33
1 0 0 33
1 0 0 33
1 0 0 34
1 0 0 34
1 0 0 35
1 0 0 35
1 0 0 35
1 0 0 35
1 0 0 35
1 0 0 35
1 0 0 35
1 0 0 35
1 0 0 35
1 0 0 35
1 0 0 34
1 0 0 34
1 0 0 34
1 0 0 34
1 0 0 34
1 0 0 34
1 0 0 34
1 0 0 34
1 0 0 36
1 0 0 36
1 0 0 36
1 0 0 36
1 0 0 36
1 0 0 36
1 0 0 36
1 0 0 36
1 0 0 36
1 0 0 36
1 0 0 37
1 0 0 37
1 0 0 37
1 0 0 37
1 0 0 37
1 0 0 37
1 0 0 37
1 0 0 37
1 0 0 37
1 0 0 37
1 0 0 38
1 0 0 38
1 0 0 38
1 0 0 38
1 0 0 38
1 0 0 38
1 0 0 38
1 0 0 38
1 0 0 38
1 0 0 38
1 0 0 39
1 0 0 39
1 0 0 39
1 0 0 40
1 0 0 40
1 0 0 40
1 0 0 40
1 0 0 40
1 0 0 40
1 0 0 40
1 0 0 40
1 0 0 40
1 0 0 41
1 0 0 41
1 0 0 41
1 0 0 41
1 0 0 41
1 0 0 41
1 0 0 41
1 0 0 41
1 0 0 41
1 0 0 41
1 0 0 42
1 0 0 42
1 0 0 42
1 0 0 42
1 0 0 42
1 0 0 42
1 0 0 42
1 0 0 42
1 0 0 42
1 0 0 42
1 0 0 40
1 0 0 43
1 0 0 43
1 0 0 43
1 0 0 43
1 0 0 43
1 0 0 43
1 0 0 43
1 0 0 44
1 0 0 44
1 0 0 44
1 0 0 44
1 0 0 44
1 0 0 44
1 0 0 44
1 0 0 44
1 0 0 44
1 0 0 44
1 0 0 43
1 0 0 43
1 0 0 43
1 0 0 39
1 0 0 45
1 0 0 45
1 0 0 45
1 0 0 45
1 0 0 45
1 0 0 45
1 0 0 45
1 0 0 45
1 0 0 45
1 0 0 45
1 0 0 39
1 0 0 39
1 0 0 39
1 0 0 39
1 0 0 39
1 0 0 39
1 0 0 46
1 0 0 46
1 0 0 46
1 0 0 46
1 0 0 46
1 0 0 46
1 0 0 46
1 0 0 46
1 0 0 46
1 0 0 46
1 0 0 47
1 0 0 47
1 0 0 47
1 0 0 47
1 0 0 47
1 0 0 47
1 0 0 47
1 0 0 47
1 0 0 47
1 0 0 47
1 0 0 48
1 0 0 48
1 0 0 48
1 0 0 48
1 0 0 48
1 0 0 48
1 0 0 48
1 0 0 49
1 0 0 49
1 0 0 49
1 0 0 49
1 0 0 49
1 0 0 49
1 0 0 49
1 0 0 49
1 0 0 49
1 0 0 50
1 0 0 50
1 0 0 50
1 0 0 50
1 0 0 50
1 0 0 50
1 0 0 50
1 0 0 50
1 0 0 50
1 0 0 50
1 0 0 48
1 0 0 48
1 0 0 48
1 0 0 51
1 0 0 51
1 0 0 51
1 0 0 51
1 0 0 51
1 0 0 51
1 0 0 49
1 0 0 52
1 0 0 52
1 0 0 52
1 0 0 52
1 0 0 52
1 0 0 52
1 0 0 52
1 0 0 52
1 0 0 52
1 0 0 52
1 0 0 53
1 0 0 53
1 0 0 53
1 0 0 53
1 0 0 53
1 0 0 53
1 0 0 53
1 0 0 54
1 0 0 54
1 0 0 54
1 0 0 54
1 0 0 54
1 0 0 54
1 0 0 54
1 0 0 54
1 0 0 54
1 0 0 54
1 0 0 53
1 0 0 53
1 0 0 53
1 0 0 51
1 0 0 51
1 0 0 51
1 0 0 51
1 0 0 55
1 0 0 55
1 0 0 55
1 0 0 55
1 0 0 55
1 0 0 56
1 0 0 56
1 0 0 56
1 0 0 56
1 0 0 56
1 0 0 56
1 0 0 56
1 0 0 56
1 0 0 56
1 0 0 56
1 0 0 57
1 0 0 57
1 0 0 57
1 0 0 57
1 0 0 57
1 0 0 57
1 0 0 57
1 0 0 57
1 0 0 57
1 0 0 57
1 0 0 55
1 0 0 55
1 0 0 55
1 0 0 55
1 0 0 55
1 0 0 58
1 0 0 58
1 0 0 58
1 0 0 58
1 0 0 58
1 0 0 58
1 0 0 58
1 0 0 58
1 0 0 58
1 0 0 58
1 0 0 59
1 0 0 59
1 0 0 59
1 0 0 59
1 0 0 59
1 0 0 59
1 0 0 59
1 0 0 59
1 0 0 59
1 0 0 59
1 0 0 60
1 0 0 60
1 0 0 60
1 0 0 60
1 0 0 60
1 0 0 60
1 0 0 60
1 0 0 60
1 0 0 60
1 0 0 60
1 0 0 61
1 0 0 61
1 0 0 61
1 0 0 62
1 0 0 62
1 0 0 62
1 0 0 62
1 0 0 62
1 0 0 62
1 0 0 62
1 0 0 62
1 0 0 62
1 0 0 62
1 0 0 63
1 0 0 63
1 0 0 63
1 0 0 63
1 0 0 63
1 0 0 63
1 0 0 63
1 0 0 63
1 0 0 63
1 0 0 63
1 0 0 61
1 0 0 61
1 0 0 61
1 0 0 61
1 0 0 61
1 0 0 61
1 0 0 61
1 0 0 64
1 0 0 64
1 0 0 64
1 0 0 64
1 0 0 64
1 0 0 64
1 0 0 64
1 0 0 64
1 0 0 64
1 0 0 64
0.1 2 3 -1
0.1 1 641 -1
0.1 8 9 -1
0.1 7 643 -1
0.1 6 644 -1
0.1 5 645 -1
0.1 10 11 -1
0.1 12 13 -1
0.1 647 648 -1
0.1 649 14 -1
0.1 646 650 -1
0.1 4 651 -1
0.1 16 17 -1
0.1 15 653 -1
0.1 652 654 -1
0.1 655 18 -1
0.1 19 20 -1
0.1 656 657 -1
0.1 642 658 -1
0.1 24 25 -1
0.1 23 660 -1
0.1 26 27 -1
0.1 661 662 -1
0.1 22 663 -1
0.1 29 30 -1
0.1 28 665 -1
0.1 666 31 -1
0.1 33 34 -1
0.1 32 668 -1
0.1 669 35 -1
0.1 40 41 -1
0.1 39 671 -1
0.1 38 672 -1
0.1 37 673 -1
0.1 36 674 -1
0.1 670 675 -1
0.1 44 45 -1
0.1 46 47 -1
0.1 678 48 -1
0.1 50 51 -1
0.1 680 52 -1
0.1 681 53 -1
0.1 49 682 -1
0.1 679 683 -1
0.1 677 684 -1
0.1 43 685 -1
0.1 686 54 -1
0.1 42 687 -1
0.1 56 57 -1
0.1 55 689 -1
0.1 58 59 -1
0.1 60 61 -1
0.1 691 692 -1
0.1 690 693 -1
0.1 688 694 -1
0.1 676 695 -1
0.1 62 63 -1
0.1 65 66 -1
0.1 64 698 -1
0.1 697 699 -1
0.1 696 700 -1
0.1 701 67 -1
0.1 667 702 -1
0.1 73 74 -1
0.1 72 704 -1
0.1 71 705 -1
0.1 70 706 -1
0.1 69 707 -1
0.1 68 708 -1
0.1 76 77 -1
0.1 75 710 -1
0.1 79 80 -1
0.1 78 712 -1
0.1 81 82 -1
0.1 84 85 -1
0.1 83 715 -1
0.1 86 87 -1
0.1 716 717 -1
0.1 714 718 -1
0.1 713 719 -1
0.1 89 90 -1
0.1 88 721 -1
0.1 92 93 -1
0.1 94 95 -1
0.1 723 724 -1
0.1 91 725 -1
0.1 722 726 -1
0.1 720 727 -1
0.1 96 97 -1
0.1 729 98 -1
0.1 100 101 -1
0.1 99 731 -1
0.1 102 103 -1
0.1 104 105 -1
0.1 733 734 -1
0.1 732 735 -1
0.1 730 736 -1
0.1 106 107 -1
0.1 737 738 -1
0.1 728 739 -1
0.1 108 109 -1
0.1 111 112 -1
0.1 742 113 -1
0.1 743 114 -1
0.1 110 744 -1
0.1 745 115 -1
0.1 746 116 -1
0.1 747 117 -1
0.1 748 118 -1
0.1 741 749 -1
0.1 119 120 -1
0.1 751 121 -1
0.1 123 124 -1
0.1 122 753 -1
0.1 126 127 -1
0.1 125 755 -1
0.1 754 756 -1
0.1 752 757 -1
0.1 750 758 -1
0.1 740 759 -1
0.1 711 760 -1
0.1 709 761 -1
0.1 703 762 -1
0.1 664 763 -1
0.1 764 128 -1
0.1 21 765 -1
0.1 129 130 -1
0.1 132 133 -1
0.1 135 136 -1
0.1 134 769 -1
0.1 768 770 -1
0.1 131 771 -1
0.1 138 139 -1
0.1 137 773 -1
0.1 774 140 -1
0.1 772 775 -1
0.1 143 144 -1
0.1 146 147 -1
0.1 145 778 -1
0.1 779 148 -1
0.1 780 149 -1
0.1 781 150 -1
0.1 777 782 -1
0.1 142 783 -1
0.1 141 784 -1
0.1 151 152 -1
0.1 154 155 -1
0.1 153 787 -1
0.1 788 156 -1
0.1 158 159 -1
0.1 161 162 -1
0.1 791 163 -1
0.1 160 792 -1
0.1 790 793 -1
0.1 164 165 -1
0.1 795 166 -1
0.1 796 167 -1
0.1 794 797 -1
0.1 157 798 -1
0.1 168 169 -1
0.1 799 800 -1
0.1 789 801 -1
0.1 802 170 -1
0.1 786 803 -1
0.1 785 804 -1
0.1 776 805 -1
0.1 172 173 -1
0.1 171 807 -1
0.1 174 175 -1
0.1 178 179 -1
0.1 177 810 -1
0.1 176 811 -1
0.1 809 812 -1
0.1 813 180 -1
0.1 808 814 -1
0.1 806 815 -1
0.1 767 816 -1
0.1 766 817 -1
0.1 659 818 -1
0.1 184 185 -1
0.1 186 187 -1
0.1 821 188 -1
0.1 820 822 -1
0.1 191 192 -1
0.1 190 824 -1
0.1 189 825 -1
0.1 823 826 -1
0.1 183 827 -1
0.1 182 828 -1
0.1 829 193 -1
0.1 181 830 -1
0.1 196 197 -1
0.1 195 832 -1
0.1 194 833 -1
0.1 199 200 -1
0.1 198 835 -1
0.1 834 836 -1
0.1 831 837 -1
0.1 203 204 -1
0.1 202 839 -1
0.1 201 840 -1
0.1 205 206 -1
0.1 841 842 -1
0.1 209 210 -1
0.1 211 212 -1
0.1 215 216 -1
0.1 214 846 -1
0.1 213 847 -1
0.1 845 848 -1
0.1 844 849 -1
0.1 850 217 -1
0.1 208 851 -1
0.1 207 852 -1
0.1 843 853 -1
0.1 854 218 -1
0.1 220 221 -1
0.1 856 222 -1
0.1 224 225 -1
0.1 223 858 -1
0.1 229 230 -1
0.1 228 860 -1
0.1 227 861 -1
0.1 232 233 -1
0.1 231 863 -1
0.1 234 235 -1
0.1 864 865 -1
0.1 862 866 -1
0.1 226 867 -1
0.1 868 236 -1
0.1 869 237 -1
0.1 870 238 -1
0.1 871 239 -1
0.1 859 872 -1
0.1 857 873 -1
0.1 219 874 -1
0.1 240 241 -1
0.1 244 245 -1
0.1 243 877 -1
0.1 878 246 -1
0.1 242 879 -1
0.1 876 880 -1
0.1 247 248 -1
0.1 882 249 -1
0.1 883 250 -1
0.1 881 884 -1
0.1 875 885 -1
0.1 855 886 -1
0.1 251 252 -1
0.1 253 254 -1
0.1 889 255 -1
0.1 258 259 -1
0.1 891 260 -1
0.1 257 892 -1
0.1 256 893 -1
0.1 890 894 -1
0.1 888 895 -1
0.1 264 265 -1
0.1 266 267 -1
0.1 897 898 -1
0.1 263 899 -1
0.1 900 268 -1
0.1 269 270 -1
0.1 901 902 -1
0.1 271 272 -1
0.1 903 904 -1
0.1 262 905 -1
0.1 273 274 -1
0.1 906 907 -1
0.1 275 276 -1
0.1 908 909 -1
0.1 279 280 -1
0.1 278 911 -1
0.1 277 912 -1
0.1 283 284 -1
0.1 282 914 -1
0.1 281 915 -1
0.1 285 286 -1
0.1 916 917 -1
0.1 913 918 -1
0.1 288 289 -1
0.1 287 920 -1
0.1 919 921 -1
0.1 910 922 -1
0.1 923 290 -1
0.1 261 924 -1
0.1 896 925 -1
0.1 292 293 -1
0.1 291 927 -1
0.1 928 294 -1
0.1 297 298 -1
0.1 296 930 -1
0.1 299 300 -1
0.1 931 932 -1
0.1 295 933 -1
0.1 929 934 -1
0.1 926 935 -1
0.1 887 936 -1
0.1 301 302 -1
0.1 304 305 -1
0.1 303 939 -1
0.1 306 307 -1
0.1 308 309 -1
0.1 941 942 -1
0.1 312 313 -1
0.1 311 944 -1
0.1 310 945 -1
0.1 943 946 -1
0.1 940 947 -1
0.1 938 948 -1
0.1 317 318 -1
0.1 316 950 -1
0.1 951 319 -1
0.1 315 952 -1
0.1 314 953 -1
0.1 321 322 -1
0.1 323 324 -1
0.1 955 956 -1
0.1 326 327 -1
0.1 325 958 -1
0.1 957 959 -1
0.1 328 329 -1
0.1 961 330 -1
0.1 960 962 -1
0.1 335 336 -1
0.1 334 964 -1
0.1 965 337 -1
0.1 333 966 -1
0.1 339 340 -1
0.1 338 968 -1
0.1 341 342 -1
0.1 969 970 -1
0.1 967 971 -1
0.1 332 972 -1
0.1 343 344 -1
0.1 346 347 -1
0.1 345 975 -1
0.1 974 976 -1
0.1 348 349 -1
0.1 351 352 -1
0.1 353 354 -1
0.1 355 356 -1
0.1 980 981 -1
0.1 359 360 -1
0.1 358 983 -1
0.1 357 984 -1
0.1 363 364 -1
0.1 362 986 -1
0.1 361 987 -1
0.1 366 367 -1
0.1 365 989 -1
0.1 368 369 -1
0.1 991 370 -1
0.1 990 992 -1
0.1 988 993 -1
0.1 985 994 -1
0.1 982 995 -1
0.1 979 996 -1
0.1 373 374 -1
0.1 372 998 -1
0.1 371 999 -1
0.1 375 376 -1
0.1 377 378 -1
0.1 379 380 -1
0.1 1002 1003 -1
0.1 1001 1004 -1
0.1 1000 1005 -1
0.1 997 1006 -1
0.1 350 1007 -1
0.1 978 1008 -1
0.1 977 1009 -1
0.1 973 1010 -1
0.1 331 1011 -1
0.1 963 1012 -1
0.1 320 1013 -1
0.1 954 1014 -1
0.1 949 1015 -1
0.1 937 1016 -1
0.1 381 382 -1
0.1 386 387 -1
0.1 385 1019 -1
0.1 384 1020 -1
0.1 391 392 -1
0.1 390 1022 -1
0.1 389 1023 -1
0.1 394 395 -1
0.1 393 1025 -1
0.1 1026 396 -1
0.1 397 398 -1
0.1 1027 1028 -1
0.1 399 400 -1
0.1 401 402 -1
0.1 1030 1031 -1
0.1 1029 1032 -1
0.1 1024 1033 -1
0.1 403 404 -1
0.1 406 407 -1
0.1 405 1036 -1
0.1 410 411 -1
0.1 1038 412 -1
0.1 409 1039 -1
0.1 408 1040 -1
0.1 1037 1041 -1
0.1 1035 1042 -1
0.1 1034 1043 -1
0.1 388 1044 -1
0.1 1045 413 -1
0.1 1021 1046 -1
0.1 415 416 -1
0.1 417 418 -1
0.1 1048 1049 -1
0.1 414 1050 -1
0.1 1047 1051 -1
0.1 422 423 -1
0.1 1053 424 -1
0.1 1054 425 -1
0.1 421 1055 -1
0.1 426 427 -1
0.1 429 430 -1
0.1 428 1058 -1
0.1 1057 1059 -1
0.1 1056 1060 -1
0.1 431 432 -1
0.1 1062 433 -1
0.1 1061 1063 -1
0.1 420 1064 -1
0.1 419 1065 -1
0.1 1052 1066 -1
0.1 437 438 -1
0.1 436 1068 -1
0.1 439 440 -1
0.1 441 442 -1
0.1 1070 1071 -1
0.1 443 444 -1
0.1 1072 1073 -1
0.1 1069 1074 -1
0.1 435 1075 -1
0.1 1076 445 -1
0.1 434 1077 -1
0.1 1078 446 -1
0.1 1067 1079 -1
0.1 383 1080 -1
0.1 447 448 -1
0.1 1082 449 -1
0.1 1083 450 -1
0.1 1081 1084 -1
0.1 1018 1085 -1
0.1 451 452 -1
0.1 457 458 -1
0.1 456 1088 -1
0.1 459 460 -1
0.1 1089 1090 -1
0.1 455 1091 -1
0.1 454 1092 -1
0.1 453 1093 -1
0.1 1087 1094 -1
0.1 1086 1095 -1
0.1 1017 1096 -1
0.1 467 468 -1
0.1 466 1098 -1
0.1 465 1099 -1
0.1 1100 469 -1
0.1 464 1101 -1
0.1 463 1102 -1
0.1 462 1103 -1
0.1 1104 470 -1
0.1 461 1105 -1
0.1 1097 1106 -1
0.1 838 1107 -1
0.1 472 473 -1
0.1 471 1109 -1
0.1 474 475 -1
0.1 476 477 -1
0.1 1111 1112 -1
0.1 1110 1113 -1
0.1 478 479 -1
0.1 480 481 -1
0.1 482 483 -1
0.1 1117 484 -1
0.1 1116 1118 -1
0.1 1119 485 -1
0.1 1120 486 -1
0.1 1115 1121 -1
0.1 1114 1122 -1
0.1 487 488 -1
0.1 1124 489 -1
0.1 491 492 -1
0.1 1126 493 -1
0.1 490 1127 -1
0.1 494 495 -1
0.1 1128 1129 -1
0.1 1125 1130 -1
0.1 1131 496 -1
0.1 498 499 -1
0.1 497 1133 -1
0.1 1132 1134 -1
0.1 1123 1135 -1
0.1 501 502 -1
0.1 500 1137 -1
0.1 1138 503 -1
0.1 504 505 -1
0.1 1139 1140 -1
0.1 509 510 -1
0.1 508 1142 -1
0.1 507 1143 -1
0.1 512 513 -1
0.1 511 1145 -1
0.1 1146 514 -1
0.1 515 516 -1
0.1 1147 1148 -1
0.1 1144 1149 -1
0.1 506 1150 -1
0.1 519 520 -1
0.1 518 1152 -1
0.1 517 1153 -1
0.1 522 523 -1
0.1 521 1155 -1
0.1 1154 1156 -1
0.1 524 525 -1
0.1 527 528 -1
0.1 531 532 -1
0.1 530 1160 -1
0.1 529 1161 -1
0.1 1159 1162 -1
0.1 1163 533 -1
0.1 526 1164 -1
0.1 1158 1165 -1
0.1 535 536 -1
0.1 534 1167 -1
0.1 1166 1168 -1
0.1 1157 1169 -1
0.1 1151 1170 -1
0.1 537 538 -1
0.1 539 540 -1
0.1 1172 1173 -1
0.1 1171 1174 -1
0.1 1141 1175 -1
0.1 1136 1176 -1
0.1 542 543 -1
0.1 541 1178 -1
0.1 1179 544 -1
0.1 548 549 -1
0.1 547 1181 -1
0.1 546 1182 -1
0.1 554 555 -1
0.1 553 1184 -1
0.1 552 1185 -1
0.1 551 1186 -1
0.1 550 1187 -1
0.1 1183 1188 -1
0.1 556 557 -1
0.1 558 559 -1
0.1 561 562 -1
0.1 564 565 -1
0.1 563 1193 -1
0.1 1192 1194 -1
0.1 560 1195 -1
0.1 1191 1196 -1
0.1 1190 1197 -1
0.1 1189 1198 -1
0.1 545 1199 -1
0.1 567 568 -1
0.1 566 1201 -1
0.1 1202 569 -1
0.1 1203 570 -1
0.1 572 573 -1
0.1 571 1205 -1
0.1 1206 574 -1
0.1 575 576 -1
0.1 577 578 -1
0.1 1208 1209 -1
0.1 579 580 -1
0.1 1210 1211 -1
0.1 582 583 -1
0.1 585 586 -1
0.1 584 1214 -1
0.1 587 588 -1
0.1 1215 1216 -1
0.1 1213 1217 -1
0.1 581 1218 -1
0.1 589 590 -1
0.1 1219 1220 -1
0.1 591 592 -1
0.1 1221 1222 -1
0.1 1223 593 -1
0.1 594 595 -1
0.1 596 597 -1
0.1 1225 1226 -1
0.1 599 600 -1
0.1 598 1228 -1
0.1 1227 1229 -1
0.1 1224 1230 -1
0.1 1212 1231 -1
0.1 1207 1232 -1
0.1 1204 1233 -1
0.1 1200 1234 -1
0.1 601 602 -1
0.1 1236 603 -1
0.1 607 608 -1
0.1 609 610 -1
0.1 1238 1239 -1
0.1 606 1240 -1
0.1 605 1241 -1
0.1 612 613 -1
0.1 611 1243 -1
0.1 1242 1244 -1
0.1 604 1245 -1
0.1 616 617 -1
0.1 618 619 -1
0.1 1248 620 -1
0.1 622 623 -1
0.1 621 1250 -1
0.1 1249 1251 -1
0.1 1247 1252 -1
0.1 615 1253 -1
0.1 614 1254 -1
0.1 1246 1255 -1
0.1 1237 1256 -1
0.1 625 626 -1
0.1 1258 627 -1
0.1 624 1259 -1
0.1 629 630 -1
0.1 628 1261 -1
0.1 1260 1262 -1
0.1 1257 1263 -1
0.1 631 632 -1
0.1 634 635 -1
0.1 633 1266 -1
0.1 1265 1267 -1
0.1 637 638 -1
0.1 1269 639 -1
0.1 636 1270 -1
0.1 1271 640 -1
0.1 1268 1272 -1
0.1 1264 1273 -1
0.1 1235 1274 -1
0.1 1180 1275 -1
0.1 1177 1276 -1
0.1 1108 1277 -1
0.1 819 1278 -1
