1 0 0 1
1 0 0 1
1 0 0 1
1 0 0 2
1 0 0 2
1 0 0 2
1 0 0 2
1 0 0 2
1 0 0 2
1 0 0 2
1 0 0 2
1 0 0 2
1 0 0 2
1 0 0 1
1 0 0 1
1 0 0 1
1 0 0 1
1 0 0 1
1 0 0 1
1 0 0 1
1 0 0 3
1 0 0 3
1 0 0 3
1 0 0 3
1 0 0 3
1 0 0 3
1 0 0 3
1 0 0 3
1 0 0 3
1 0 0 3
1 0 0 4
1 0 0 4
1 0 0 4
1 0 0 4
1 0 0 4
1 0 0 4
1 0 0 4
1 0 0 4
1 0 0 4
1 0 0 4
1 0 0 5
1 0 0 5
1 0 0 5
1 0 0 6
1 0 0 7
1 0 0 7
1 0 0 6
1 0 0 6
1 0 0 6
1 0 0 6
1 0 0 6
1 0 0 7
1 0 0 7
1 0 0 7
1 0 0 7
1 0 0 7
1 0 0 7
1 0 0 7
1 0 0 7
1 0 0 6
1 0 0 6
1 0 0 6
1 0 0 6
1 0 0 5
1 0 0 5
1 0 0 5
1 0 0 5
1 0 0 8
1 0 0 8
1 0 0 8
1 0 0 8
1 0 0 8
1 0 0 8
1 0 0 8
1 0 0 8
1 0 0 8
1 0 0 8
1 0 0 5
1 0 0 5
1 0 0 5
0.1 1 2 -1
0.1 7 8 -1
0.1 10 11 -1
0.1 12 13 -1
0.1 83 84 -1
0.1 9 85 -1
0.1 82 86 -1
0.1 6 87 -1
0.1 5 88 -1
0.1 4 89 -1
0.1 90 14 -1
0.1 16 17 -1
0.1 18 19 -1
0.1 92 93 -1
0.1 15 94 -1
0.1 95 20 -1
0.1 91 96 -1
0.1 3 97 -1
0.1 81 98 -1
0.1 21 22 -1
0.1 24 25 -1
0.1 23 101 -1
0.1 100 102 -1
0.1 99 103 -1
0.1 29 30 -1
0.1 28 105 -1
0.1 27 106 -1
0.1 32 33 -1
0.1 34 35 -1
0.1 108 109 -1
0.1 31 110 -1
0.1 37 38 -1
0.1 36 112 -1
0.1 39 40 -1
0.1 113 114 -1
0.1 111 115 -1
0.1 107 116 -1
0.1 26 117 -1
0.1 104 118 -1
0.1 42 43 -1
0.1 41 120 -1
0.1 45 46 -1
0.1 47 48 -1
0.1 50 51 -1
0.1 49 124 -1
0.1 123 125 -1
0.1 126 52 -1
0.1 127 53 -1
0.1 122 128 -1
0.1 54 55 -1
0.1 56 57 -1
0.1 130 131 -1
0.1 58 59 -1
0.1 132 133 -1
0.1 129 134 -1
0.1 44 135 -1
0.1 60 61 -1
0.1 62 63 -1
0.1 137 138 -1
0.1 136 139 -1
0.1 121 140 -1
0.1 119 141 -1
0.1 64 65 -1
0.1 66 67 -1
0.1 69 70 -1
0.1 72 73 -1
0.1 71 146 -1
0.1 74 75 -1
0.1 147 148 -1
0.1 76 77 -1
0.1 149 150 -1
0.1 145 151 -1
0.1 68 152 -1
0.1 144 153 -1
0.1 143 154 -1
0.1 155 78 -1
0.1 79 80 -1
0.1 156 157 -1
0.1 142 158 -1
