1 0 0 1
1 0 0 2
1 0 0 2
1 0 0 2
1 0 0 2
1 0 0 2
1 0 0 2
1 0 0 2
1 0 0 2
1 0 0 2
1 0 0 2
1 0 0 1
1 0 0 1
1 0 0 1
1 0 0 3
1 0 0 3
1 0 0 3
1 0 0 3
1 0 0 3
1 0 0 3
1 0 0 3
1 0 0 4
1 0 0 4
1 0 0 4
1 0 0 4
1 0 0 4
1 0 0 4
1 0 0 4
1 0 0 4
1 0 0 4
1 0 0 4
1 0 0 5
1 0 0 6
1 0 0 6
1 0 0 6
1 0 0 5
1 0 0 5
1 0 0 5
1 0 0 5
1 0 0 5
1 0 0 7
1 0 0 7
1 0 0 7
1 0 0 7
1 0 0 7
1 0 0 7
1 0 0 7
1 0 0 7
1 0 0 7
1 0 0 7
1 0 0 8
1 0 0 8
1 0 0 8
1 0 0 8
1 0 0 8
1 0 0 8
1 0 0 8
1 0 0 8
1 0 0 8
1 0 0 8
1 0 0 5
1 0 0 5
1 0 0 5
1 0 0 5
1 0 0 9
1 0 0 9
1 0 0 9
1 0 0 9
1 0 0 9
1 0 0 9
1 0 0 9
1 0 0 9
1 0 0 9
1 0 0 9
1 0 0 10
1 0 0 10
1 0 0 10
1 0 0 10
1 0 0 10
1 0 0 10
1 0 0 10
1 0 0 10
1 0 0 10
1 0 0 10
1 0 0 11
1 0 0 11
1 0 0 11
1 0 0 11
1 0 0 11
1 0 0 11
1 0 0 11
1 0 0 11
1 0 0 11
1 0 0 11
1 0 0 12
1 0 0 12
1 0 0 12
1 0 0 12
1 0 0 12
1 0 0 12
1 0 0 12
1 0 0 12
1 0 0 12
1 0 0 12
1 0 0 6
1 0 0 6
1 0 0 6
1 0 0 6
1 0 0 6
1 0 0 6
1 0 0 6
1 0 0 3
1 0 0 3
1 0 0 3
1 0 0 13
1 0 0 13
1 0 0 13
1 0 0 13
1 0 0 13
1 0 0 13
1 0 0 13
1 0 0 13
1 0 0 13
1 0 0 13
1 0 0 1
1 0 0 14
1 0 0 14
1 0 0 14
1 0 0 14
1 0 0 14
1 0 0 14
1 0 0 14
1 0 0 14
1 0 0 14
1 0 0 14
1 0 0 1
1 0 0 15
1 0 0 15
1 0 0 15
1 0 0 15
1 0 0 15
1 0 0 1
1 0 0 15
1 0 0 15
1 0 0 15
1 0 0 15
1 0 0 15
1 0 0 1
1 0 0 1
1 0 0 1
1 0 0 16
1 0 0 17
1 0 0 17
1 0 0 17
1 0 0 17
1 0 0 17
1 0 0 17
1 0 0 17
1 0 0 17
1 0 0 17
1 0 0 17
1 0 0 16
1 0 0 16
1 0 0 16
1 0 0 16
1 0 0 18
1 0 0 18
1 0 0 18
1 0 0 18
1 0 0 18
1 0 0 18
1 0 0 18
1 0 0 18
1 0 0 19
1 0 0 19
1 0 0 20
1 0 0 20
1 0 0 21
1 0 0 21
1 0 0 21
1 0 0 21
1 0 0 21
1 0 0 21
1 0 0 21
1 0 0 21
1 0 0 21
1 0 0 21
1 0 0 20
1 0 0 20
1 0 0 20
1 0 0 20
1 0 0 22
1 0 0 22
1 0 0 22
1 0 0 22
1 0 0 22
1 0 0 22
1 0 0 22
1 0 0 22
1 0 0 22
1 0 0 22
1 0 0 20
1 0 0 20
1 0 0 20
1 0 0 20
1 0 0 19
1 0 0 23
1 0 0 23
1 0 0 23
1 0 0 23
1 0 0 23
1 0 0 23
1 0 0 23
1 0 0 23
1 0 0 23
1 0 0 23
1 0 0 19
1 0 0 19
1 0 0 19
1 0 0 24
1 0 0 25
1 0 0 25
1 0 0 25
1 0 0 25
1 0 0 25
1 0 0 25
1 0 0 25
1 0 0 25
1 0 0 25
1 0 0 25
1 0 0 24
1 0 0 24
1 0 0 24
1 0 0 24
1 0 0 24
1 0 0 24
1 0 0 24
1 0 0 24
1 0 0 24
1 0 0 19
1 0 0 19
1 0 0 26
1 0 0 26
1 0 0 26
1 0 0 26
1 0 0 26
1 0 0 26
1 0 0 26
1 0 0 26
1 0 0 26
1 0 0 26
1 0 0 27
1 0 0 27
1 0 0 27
1 0 0 27
1 0 0 27
1 0 0 27
1 0 0 27
1 0 0 27
1 0 0 27
1 0 0 27
1 0 0 19
1 0 0 19
1 0 0 18
1 0 0 18
1 0 0 16
1 0 0 28
1 0 0 29
1 0 0 29
1 0 0 28
1 0 0 30
1 0 0 30
1 0 0 30
1 0 0 30
1 0 0 30
1 0 0 30
1 0 0 30
1 0 0 30
1 0 0 30
1 0 0 30
1 0 0 29
1 0 0 29
1 0 0 29
1 0 0 29
1 0 0 29
1 0 0 31
1 0 0 31
1 0 0 31
1 0 0 31
1 0 0 31
1 0 0 31
1 0 0 31
1 0 0 31
1 0 0 31
1 0 0 31
1 0 0 32
1 0 0 32
1 0 0 32
1 0 0 32
1 0 0 32
1 0 0 32
1 0 0 32
1 0 0 32
1 0 0 32
1 0 0 32
1 0 0 28
1 0 0 28
1 0 0 28
1 0 0 28
1 0 0 33
1 0 0 33
1 0 0 33
1 0 0 33
1 0 0 33
1 0 0 33
1 0 0 33
1 0 0 33
1 0 0 33
1 0 0 33
1 0 0 29
1 0 0 29
1 0 0 34
1 0 0 34
1 0 0 34
1 0 0 34
1 0 0 34
1 0 0 35
1 0 0 35
1 0 0 35
1 0 0 35
1 0 0 35
1 0 0 35
1 0 0 35
1 0 0 35
1 0 0 35
1 0 0 35
1 0 0 34
1 0 0 36
1 0 0 36
1 0 0 36
1 0 0 36
1 0 0 36
1 0 0 36
1 0 0 36
1 0 0 36
1 0 0 36
1 0 0 36
1 0 0 34
1 0 0 34
1 0 0 34
1 0 0 37
1 0 0 37
1 0 0 37
1 0 0 37
1 0 0 37
1 0 0 37
1 0 0 37
1 0 0 37
1 0 0 37
1 0 0 37
1 0 0 34
1 0 0 29
1 0 0 38
1 0 0 38
1 0 0 38
1 0 0 38
1 0 0 38
1 0 0 38
1 0 0 38
1 0 0 38
1 0 0 38
1 0 0 38
1 0 0 28
1 0 0 28
1 0 0 28
1 0 0 28
1 0 0 39
1 0 0 39
1 0 0 39
1 0 0 39
1 0 0 39
1 0 0 39
1 0 0 39
1 0 0 39
1 0 0 39
1 0 0 39
1 0 0 40
1 0 0 40
1 0 0 40
1 0 0 40
1 0 0 40
1 0 0 40
1 0 0 40
1 0 0 40
1 0 0 40
1 0 0 40
1 0 0 41
1 0 0 41
1 0 0 41
1 0 0 41
1 0 0 41
1 0 0 41
1 0 0 41
1 0 0 41
1 0 0 41
1 0 0 41
1 0 0 16
1 0 0 16
1 0 0 16
1 0 0 16
0.1 2 3 -1
0.1 4 5 -1
0.1 6 7 -1
0.1 9 10 -1
0.1 8 414 -1
0.1 415 11 -1
0.1 413 416 -1
0.1 412 417 -1
0.1 411 418 -1
0.1 1 419 -1
0.1 12 13 -1
0.1 420 421 -1
0.1 17 18 -1
0.1 16 423 -1
0.1 424 19 -1
0.1 15 425 -1
0.1 25 26 -1
0.1 24 427 -1
0.1 28 29 -1
0.1 27 429 -1
0.1 428 430 -1
0.1 23 431 -1
0.1 432 30 -1
0.1 433 31 -1
0.1 22 434 -1
0.1 21 435 -1
0.1 32 33 -1
0.1 34 35 -1
0.1 36 37 -1
0.1 439 38 -1
0.1 39 40 -1
0.1 41 42 -1
0.1 442 43 -1
0.1 45 46 -1
0.1 44 444 -1
0.1 48 49 -1
0.1 446 50 -1
0.1 47 447 -1
0.1 445 448 -1
0.1 443 449 -1
0.1 51 52 -1
0.1 451 53 -1
0.1 452 54 -1
0.1 56 57 -1
0.1 58 59 -1
0.1 455 60 -1
0.1 454 456 -1
0.1 55 457 -1
0.1 453 458 -1
0.1 450 459 -1
0.1 63 64 -1
0.1 62 461 -1
0.1 61 462 -1
0.1 69 70 -1
0.1 68 464 -1
0.1 67 465 -1
0.1 73 74 -1
0.1 72 467 -1
0.1 71 468 -1
0.1 466 469 -1
0.1 78 79 -1
0.1 471 80 -1
0.1 77 472 -1
0.1 81 82 -1
0.1 83 84 -1
0.1 474 475 -1
0.1 473 476 -1
0.1 76 477 -1
0.1 75 478 -1
0.1 85 86 -1
0.1 480 87 -1
0.1 89 90 -1
0.1 88 482 -1
0.1 92 93 -1
0.1 91 484 -1
0.1 96 97 -1
0.1 95 486 -1
0.1 99 100 -1
0.1 98 488 -1
0.1 103 104 -1
0.1 102 490 -1
0.1 101 491 -1
0.1 489 492 -1
0.1 487 493 -1
0.1 94 494 -1
0.1 485 495 -1
0.1 483 496 -1
0.1 481 497 -1
0.1 479 498 -1
0.1 470 499 -1
0.1 66 500 -1
0.1 65 501 -1
0.1 463 502 -1
0.1 460 503 -1
0.1 441 504 -1
0.1 440 505 -1
0.1 506 105 -1
0.1 108 109 -1
0.1 107 508 -1
0.1 509 110 -1
0.1 106 510 -1
0.1 511 111 -1
0.1 507 512 -1
0.1 438 513 -1
0.1 437 514 -1
0.1 112 113 -1
0.1 515 516 -1
0.1 436 517 -1
0.1 116 117 -1
0.1 115 519 -1
0.1 119 120 -1
0.1 521 121 -1
0.1 118 522 -1
0.1 520 523 -1
0.1 123 124 -1
0.1 122 525 -1
0.1 524 526 -1
0.1 114 527 -1
0.1 518 528 -1
0.1 20 529 -1
0.1 426 530 -1
0.1 14 531 -1
0.1 128 129 -1
0.1 127 533 -1
0.1 126 534 -1
0.1 132 133 -1
0.1 131 536 -1
0.1 537 134 -1
0.1 130 538 -1
0.1 539 135 -1
0.1 535 540 -1
0.1 541 136 -1
0.1 137 138 -1
0.1 139 140 -1
0.1 544 141 -1
0.1 543 545 -1
0.1 546 142 -1
0.1 143 144 -1
0.1 146 147 -1
0.1 145 549 -1
0.1 548 550 -1
0.1 547 551 -1
0.1 542 552 -1
0.1 125 553 -1
0.1 148 149 -1
0.1 554 555 -1
0.1 532 556 -1
0.1 422 557 -1
0.1 558 150 -1
0.1 153 154 -1
0.1 155 156 -1
0.1 560 561 -1
0.1 152 562 -1
0.1 563 157 -1
0.1 159 160 -1
0.1 158 565 -1
0.1 564 566 -1
0.1 567 161 -1
0.1 568 162 -1
0.1 151 569 -1
0.1 559 570 -1
0.1 166 167 -1
0.1 168 169 -1
0.1 573 170 -1
0.1 574 171 -1
0.1 572 575 -1
0.1 172 173 -1
0.1 576 577 -1
0.1 174 175 -1
0.1 179 180 -1
0.1 178 580 -1
0.1 182 183 -1
0.1 184 185 -1
0.1 582 583 -1
0.1 186 187 -1
0.1 584 585 -1
0.1 181 586 -1
0.1 581 587 -1
0.1 177 588 -1
0.1 589 188 -1
0.1 176 590 -1
0.1 193 194 -1
0.1 195 196 -1
0.1 593 197 -1
0.1 592 594 -1
0.1 198 199 -1
0.1 596 200 -1
0.1 595 597 -1
0.1 598 201 -1
0.1 192 599 -1
0.1 191 600 -1
0.1 190 601 -1
0.1 189 602 -1
0.1 204 205 -1
0.1 203 604 -1
0.1 202 605 -1
0.1 603 606 -1
0.1 591 607 -1
0.1 579 608 -1
0.1 208 209 -1
0.1 207 610 -1
0.1 210 211 -1
0.1 612 212 -1
0.1 613 213 -1
0.1 614 214 -1
0.1 215 216 -1
0.1 615 616 -1
0.1 611 617 -1
0.1 206 618 -1
0.1 217 218 -1
0.1 620 219 -1
0.1 619 621 -1
0.1 222 223 -1
0.1 221 623 -1
0.1 624 224 -1
0.1 625 225 -1
0.1 229 230 -1
0.1 228 627 -1
0.1 227 628 -1
0.1 226 629 -1
0.1 626 630 -1
0.1 231 232 -1
0.1 631 632 -1
0.1 233 234 -1
0.1 236 237 -1
0.1 635 238 -1
0.1 235 636 -1
0.1 637 239 -1
0.1 634 638 -1
0.1 633 639 -1
0.1 220 640 -1
0.1 242 243 -1
0.1 642 244 -1
0.1 245 246 -1
0.1 643 644 -1
0.1 247 248 -1
0.1 249 250 -1
0.1 646 647 -1
0.1 648 251 -1
0.1 645 649 -1
0.1 252 253 -1
0.1 255 256 -1
0.1 254 652 -1
0.1 651 653 -1
0.1 257 258 -1
0.1 259 260 -1
0.1 655 656 -1
0.1 654 657 -1
0.1 658 261 -1
0.1 650 659 -1
0.1 241 660 -1
0.1 240 661 -1
0.1 262 263 -1
0.1 662 663 -1
0.1 641 664 -1
0.1 622 665 -1
0.1 609 666 -1
0.1 264 265 -1
0.1 667 668 -1
0.1 578 669 -1
0.1 165 670 -1
0.1 164 671 -1
0.1 163 672 -1
0.1 571 673 -1
0.1 268 269 -1
0.1 675 270 -1
0.1 272 273 -1
0.1 275 276 -1
0.1 278 279 -1
0.1 277 679 -1
0.1 678 680 -1
0.1 274 681 -1
0.1 682 280 -1
0.1 677 683 -1
0.1 271 684 -1
0.1 281 282 -1
0.1 686 283 -1
0.1 284 285 -1
0.1 289 290 -1
0.1 291 292 -1
0.1 689 690 -1
0.1 288 691 -1
0.1 287 692 -1
0.1 286 693 -1
0.1 694 293 -1
0.1 294 295 -1
0.1 695 696 -1
0.1 296 297 -1
0.1 299 300 -1
0.1 298 699 -1
0.1 698 700 -1
0.1 301 302 -1
0.1 303 304 -1
0.1 702 703 -1
0.1 701 704 -1
0.1 705 305 -1
0.1 697 706 -1
0.1 688 707 -1
0.1 687 708 -1
0.1 685 709 -1
0.1 307 308 -1
0.1 711 309 -1
0.1 306 712 -1
0.1 710 713 -1
0.1 676 714 -1
0.1 312 313 -1
0.1 314 315 -1
0.1 716 717 -1
0.1 311 718 -1
0.1 719 316 -1
0.1 318 319 -1
0.1 317 721 -1
0.1 720 722 -1
0.1 310 723 -1
0.1 322 323 -1
0.1 327 328 -1
0.1 331 332 -1
0.1 330 727 -1
0.1 329 728 -1
0.1 729 333 -1
0.1 726 730 -1
0.1 335 336 -1
0.1 334 732 -1
0.1 731 733 -1
0.1 326 734 -1
0.1 325 735 -1
0.1 324 736 -1
0.1 340 341 -1
0.1 339 738 -1
0.1 338 739 -1
0.1 344 345 -1
0.1 346 347 -1
0.1 741 742 -1
0.1 343 743 -1
0.1 342 744 -1
0.1 740 745 -1
0.1 337 746 -1
0.1 737 747 -1
0.1 725 748 -1
0.1 349 350 -1
0.1 348 750 -1
0.1 749 751 -1
0.1 352 353 -1
0.1 355 356 -1
0.1 354 754 -1
0.1 753 755 -1
0.1 358 359 -1
0.1 357 757 -1
0.1 758 360 -1
0.1 756 759 -1
0.1 351 760 -1
0.1 752 761 -1
0.1 762 361 -1
0.1 763 362 -1
0.1 321 764 -1
0.1 320 765 -1
0.1 724 766 -1
0.1 715 767 -1
0.1 365 366 -1
0.1 368 369 -1
0.1 367 770 -1
0.1 771 370 -1
0.1 769 772 -1
0.1 364 773 -1
0.1 774 371 -1
0.1 363 775 -1
0.1 776 372 -1
0.1 373 374 -1
0.1 777 778 -1
0.1 375 376 -1
0.1 779 780 -1
0.1 768 781 -1
0.1 267 782 -1
0.1 378 379 -1
0.1 377 784 -1
0.1 380 381 -1
0.1 383 384 -1
0.1 385 386 -1
0.1 787 788 -1
0.1 382 789 -1
0.1 786 790 -1
0.1 785 791 -1
0.1 388 389 -1
0.1 387 793 -1
0.1 794 390 -1
0.1 392 393 -1
0.1 391 796 -1
0.1 795 797 -1
0.1 394 395 -1
0.1 799 396 -1
0.1 798 800 -1
0.1 398 399 -1
0.1 397 802 -1
0.1 401 402 -1
0.1 400 804 -1
0.1 803 805 -1
0.1 404 405 -1
0.1 403 807 -1
0.1 808 406 -1
0.1 806 809 -1
0.1 801 810 -1
0.1 792 811 -1
0.1 409 410 -1
0.1 408 813 -1
0.1 407 814 -1
0.1 812 815 -1
0.1 783 816 -1
0.1 266 817 -1
0.1 674 818 -1
