1 0 0 1
1 0 0 1
1 0 0 1
1 0 0 1
1 0 0 1
1 0 0 2
1 0 0 2
1 0 0 2
1 0 0 2
1 0 0 3
1 0 0 2
1 0 0 2
1 0 0 2
1 0 0 2
1 0 0 2
1 0 0 2
1 0 0 3
1 0 0 3
1 0 0 3
1 0 0 3
1 0 0 3
1 0 0 3
1 0 0 4
1 0 0 4
1 0 0 4
1 0 0 4
1 0 0 4
1 0 0 4
1 0 0 4
1 0 0 4
1 0 0 4
1 0 0 4
1 0 0 5
1 0 0 5
1 0 0 5
1 0 0 5
1 0 0 5
1 0 0 5
1 0 0 5
1 0 0 5
1 0 0 5
1 0 0 5
1 0 0 6
1 0 0 6
1 0 0 6
1 0 0 6
1 0 0 6
1 0 0 7
1 0 0 7
1 0 0 7
1 0 0 7
1 0 0 7
1 0 0 7
1 0 0 7
1 0 0 7
1 0 0 7
1 0 0 7
1 0 0 6
1 0 0 6
1 0 0 6
1 0 0 6
1 0 0 6
1 0 0 3
1 0 0 3
1 0 0 8
1 0 0 8
1 0 0 8
1 0 0 8
1 0 0 8
1 0 0 8
1 0 0 9
1 0 0 9
1 0 0 9
1 0 0 9
1 0 0 9
1 0 0 9
1 0 0 9
1 0 0 9
1 0 0 9
1 0 0 9
1 0 0 8
1 0 0 8
1 0 0 8
1 0 0 8
1 0 0 10
1 0 0 10
1 0 0 10
1 0 0 10
1 0 0 10
1 0 0 10
1 0 0 10
1 0 0 10
1 0 0 10
1 0 0 10
1 0 0 3
1 0 0 11
1 0 0 11
1 0 0 11
1 0 0 11
1 0 0 11
1 0 0 11
1 0 0 11
1 0 0 11
1 0 0 11
1 0 0 11
1 0 0 1
1 0 0 1
1 0 0 12
1 0 0 12
1 0 0 12
1 0 0 12
1 0 0 12
1 0 0 1
1 0 0 1
1 0 0 12
1 0 0 12
1 0 0 12
1 0 0 12
1 0 0 12
1 0 0 1
1 0 0 13
1 0 0 13
1 0 0 13
1 0 0 13
1 0 0 14
1 0 0 14
1 0 0 14
1 0 0 14
1 0 0 14
1 0 0 14
1 0 0 14
1 0 0 14
1 0 0 14
1 0 0 14
1 0 0 15
1 0 0 15
1 0 0 15
1 0 0 16
1 0 0 16
1 0 0 16
1 0 0 16
1 0 0 16
1 0 0 16
1 0 0 16
1 0 0 16
1 0 0 16
1 0 0 16
1 0 0 17
1 0 0 17
1 0 0 17
1 0 0 17
1 0 0 17
1 0 0 17
1 0 0 17
1 0 0 17
1 0 0 18
1 0 0 18
1 0 0 18
1 0 0 18
1 0 0 18
1 0 0 18
1 0 0 18
1 0 0 18
1 0 0 18
1 0 0 18
1 0 0 17
1 0 0 17
1 0 0 15
1 0 0 15
1 0 0 19
1 0 0 19
1 0 0 19
1 0 0 19
1 0 0 19
1 0 0 19
1 0 0 19
1 0 0 19
1 0 0 19
1 0 0 19
1 0 0 15
1 0 0 15
1 0 0 15
1 0 0 15
1 0 0 20
1 0 0 20
1 0 0 20
1 0 0 20
1 0 0 20
1 0 0 20
1 0 0 20
1 0 0 20
1 0 0 20
1 0 0 20
1 0 0 15
1 0 0 13
1 0 0 13
1 0 0 21
1 0 0 21
1 0 0 21
1 0 0 21
1 0 0 21
1 0 0 21
1 0 0 21
1 0 0 13
1 0 0 21
1 0 0 21
1 0 0 21
1 0 0 13
1 0 0 22
1 0 0 22
1 0 0 22
1 0 0 22
1 0 0 22
1 0 0 22
1 0 0 22
1 0 0 22
1 0 0 22
1 0 0 22
1 0 0 13
1 0 0 13
1 0 0 23
1 0 0 23
1 0 0 23
1 0 0 23
1 0 0 23
1 0 0 23
1 0 0 23
1 0 0 23
1 0 0 23
1 0 0 23
0.1 2 3 -1
0.1 1 231 -1
0.1 8 9 -1
0.1 7 233 -1
0.1 6 234 -1
0.1 235 10 -1
0.1 11 12 -1
0.1 13 14 -1
0.1 237 238 -1
0.1 15 16 -1
0.1 239 240 -1
0.1 236 241 -1
0.1 242 17 -1
0.1 243 18 -1
0.1 19 20 -1
0.1 21 22 -1
0.1 23 24 -1
0.1 25 26 -1
0.1 248 27 -1
0.1 247 249 -1
0.1 28 29 -1
0.1 250 251 -1
0.1 30 31 -1
0.1 253 32 -1
0.1 252 254 -1
0.1 246 255 -1
0.1 245 256 -1
0.1 36 37 -1
0.1 35 258 -1
0.1 34 259 -1
0.1 33 260 -1
0.1 41 42 -1
0.1 40 262 -1
0.1 39 263 -1
0.1 38 264 -1
0.1 261 265 -1
0.1 257 266 -1
0.1 43 44 -1
0.1 45 46 -1
0.1 268 269 -1
0.1 50 51 -1
0.1 52 53 -1
0.1 54 55 -1
0.1 56 57 -1
0.1 273 274 -1
0.1 272 275 -1
0.1 271 276 -1
0.1 49 277 -1
0.1 48 278 -1
0.1 47 279 -1
0.1 270 280 -1
0.1 59 60 -1
0.1 58 282 -1
0.1 61 62 -1
0.1 283 284 -1
0.1 281 285 -1
0.1 286 63 -1
0.1 66 67 -1
0.1 288 68 -1
0.1 69 70 -1
0.1 72 73 -1
0.1 76 77 -1
0.1 75 292 -1
0.1 74 293 -1
0.1 78 79 -1
0.1 294 295 -1
0.1 291 296 -1
0.1 297 80 -1
0.1 71 298 -1
0.1 290 299 -1
0.1 83 84 -1
0.1 82 301 -1
0.1 81 302 -1
0.1 300 303 -1
0.1 289 304 -1
0.1 65 305 -1
0.1 86 87 -1
0.1 85 307 -1
0.1 88 89 -1
0.1 91 92 -1
0.1 90 310 -1
0.1 309 311 -1
0.1 93 94 -1
0.1 312 313 -1
0.1 308 314 -1
0.1 306 315 -1
0.1 64 316 -1
0.1 96 97 -1
0.1 100 101 -1
0.1 99 319 -1
0.1 98 320 -1
0.1 104 105 -1
0.1 103 322 -1
0.1 102 323 -1
0.1 321 324 -1
0.1 318 325 -1
0.1 95 326 -1
0.1 317 327 -1
0.1 287 328 -1
0.1 267 329 -1
0.1 244 330 -1
0.1 331 106 -1
0.1 332 107 -1
0.1 5 333 -1
0.1 4 334 -1
0.1 232 335 -1
0.1 109 110 -1
0.1 111 112 -1
0.1 337 338 -1
0.1 113 114 -1
0.1 339 340 -1
0.1 108 341 -1
0.1 116 117 -1
0.1 115 343 -1
0.1 344 118 -1
0.1 342 345 -1
0.1 346 119 -1
0.1 347 120 -1
0.1 122 123 -1
0.1 121 349 -1
0.1 126 127 -1
0.1 125 351 -1
0.1 352 128 -1
0.1 130 131 -1
0.1 129 354 -1
0.1 132 133 -1
0.1 356 134 -1
0.1 355 357 -1
0.1 353 358 -1
0.1 135 136 -1
0.1 140 141 -1
0.1 144 145 -1
0.1 143 362 -1
0.1 146 147 -1
0.1 363 364 -1
0.1 142 365 -1
0.1 361 366 -1
0.1 139 367 -1
0.1 138 368 -1
0.1 151 152 -1
0.1 150 370 -1
0.1 149 371 -1
0.1 372 153 -1
0.1 148 373 -1
0.1 154 155 -1
0.1 158 159 -1
0.1 157 376 -1
0.1 160 161 -1
0.1 378 162 -1
0.1 377 379 -1
0.1 164 165 -1
0.1 163 381 -1
0.1 380 382 -1
0.1 156 383 -1
0.1 166 167 -1
0.1 384 385 -1
0.1 375 386 -1
0.1 374 387 -1
0.1 369 388 -1
0.1 168 169 -1
0.1 389 390 -1
0.1 137 391 -1
0.1 174 175 -1
0.1 173 393 -1
0.1 177 178 -1
0.1 395 179 -1
0.1 176 396 -1
0.1 394 397 -1
0.1 172 398 -1
0.1 171 399 -1
0.1 170 400 -1
0.1 401 180 -1
0.1 181 182 -1
0.1 402 403 -1
0.1 404 183 -1
0.1 392 405 -1
0.1 185 186 -1
0.1 184 407 -1
0.1 188 189 -1
0.1 187 409 -1
0.1 191 192 -1
0.1 190 411 -1
0.1 410 412 -1
0.1 413 193 -1
0.1 408 414 -1
0.1 415 194 -1
0.1 406 416 -1
0.1 360 417 -1
0.1 195 196 -1
0.1 418 419 -1
0.1 359 420 -1
0.1 124 421 -1
0.1 350 422 -1
0.1 198 199 -1
0.1 424 200 -1
0.1 197 425 -1
0.1 202 203 -1
0.1 201 427 -1
0.1 426 428 -1
0.1 205 206 -1
0.1 430 207 -1
0.1 204 431 -1
0.1 432 208 -1
0.1 429 433 -1
0.1 423 434 -1
0.1 209 210 -1
0.1 211 212 -1
0.1 437 213 -1
0.1 436 438 -1
0.1 215 216 -1
0.1 440 217 -1
0.1 214 441 -1
0.1 439 442 -1
0.1 443 218 -1
0.1 219 220 -1
0.1 444 445 -1
0.1 435 446 -1
0.1 222 223 -1
0.1 221 448 -1
0.1 224 225 -1
0.1 227 228 -1
0.1 226 451 -1
0.1 450 452 -1
0.1 229 230 -1
0.1 453 454 -1
0.1 449 455 -1
0.1 447 456 -1
0.1 348 457 -1
0.1 336 458 -1
