1 0 0 1
1 0 0 1
1 0 0 2
1 0 0 2
1 0 0 2
1 0 0 2
1 0 0 3
1 0 0 3
1 0 0 3
1 0 0 3
1 0 0 3
1 0 0 3
1 0 0 3
1 0 0 3
1 0 0 3
1 0 0 3
1 0 0 1
1 0 0 2
1 0 0 4
1 0 0 5
1 0 0 5
1 0 0 5
1 0 0 5
1 0 0 5
1 0 0 5
1 0 0 5
1 0 0 5
1 0 0 5
1 0 0 5
1 0 0 4
1 0 0 4
1 0 0 4
1 0 0 4
1 0 0 4
1 0 0 4
1 0 0 4
1 0 0 4
1 0 0 4
1 0 0 6
1 0 0 6
1 0 0 6
1 0 0 6
1 0 0 6
1 0 0 6
1 0 0 6
1 0 0 6
1 0 0 6
1 0 0 6
1 0 0 2
1 0 0 2
1 0 0 7
1 0 0 7
1 0 0 7
1 0 0 7
1 0 0 7
1 0 0 8
1 0 0 8
1 0 0 8
1 0 0 8
1 0 0 8
1 0 0 8
1 0 0 8
1 0 0 8
1 0 0 8
1 0 0 8
1 0 0 7
1 0 0 7
1 0 0 7
1 0 0 7
1 0 0 7
1 0 0 9
1 0 0 9
1 0 0 9
1 0 0 9
1 0 0 9
1 0 0 9
1 0 0 9
1 0 0 9
1 0 0 9
1 0 0 9
1 0 0 10
1 0 0 10
1 0 0 10
1 0 0 10
1 0 0 10
1 0 0 10
1 0 0 10
1 0 0 10
1 0 0 10
1 0 0 10
1 0 0 2
1 0 0 2
1 0 0 11
1 0 0 11
1 0 0 11
1 0 0 11
1 0 0 2
1 0 0 11
1 0 0 11
1 0 0 11
1 0 0 11
1 0 0 11
1 0 0 11
1 0 0 1
1 0 0 1
1 0 0 1
1 0 0 12
1 0 0 12
1 0 0 12
1 0 0 12
1 0 0 12
1 0 0 12
1 0 0 12
1 0 0 12
1 0 0 12
1 0 0 12
1 0 0 1
1 0 0 13
1 0 0 13
1 0 0 13
1 0 0 13
1 0 0 13
1 0 0 13
1 0 0 13
1 0 0 13
1 0 0 13
1 0 0 13
1 0 0 14
1 0 0 14
1 0 0 15
1 0 0 15
1 0 0 15
1 0 0 15
1 0 0 15
1 0 0 15
1 0 0 15
1 0 0 15
1 0 0 15
1 0 0 15
1 0 0 14
1 0 0 14
1 0 0 16
1 0 0 16
1 0 0 16
1 0 0 16
1 0 0 16
1 0 0 16
1 0 0 16
1 0 0 16
1 0 0 16
1 0 0 16
1 0 0 14
1 0 0 17
1 0 0 17
1 0 0 17
1 0 0 17
1 0 0 17
1 0 0 17
1 0 0 17
1 0 0 17
1 0 0 17
1 0 0 17
1 0 0 18
1 0 0 18
1 0 0 18
1 0 0 18
1 0 0 18
1 0 0 18
1 0 0 18
1 0 0 18
1 0 0 18
1 0 0 18
1 0 0 19
1 0 0 19
1 0 0 19
1 0 0 19
1 0 0 19
1 0 0 19
1 0 0 19
1 0 0 19
1 0 0 19
1 0 0 19
1 0 0 20
1 0 0 20
1 0 0 20
1 0 0 20
1 0 0 20
1 0 0 20
1 0 0 20
1 0 0 20
1 0 0 20
1 0 0 20
1 0 0 21
1 0 0 21
1 0 0 21
1 0 0 21
1 0 0 21
1 0 0 22
1 0 0 22
1 0 0 22
1 0 0 22
1 0 0 22
1 0 0 22
1 0 0 22
1 0 0 22
1 0 0 22
1 0 0 22
1 0 0 21
1 0 0 21
1 0 0 21
1 0 0 21
1 0 0 23
1 0 0 23
1 0 0 23
1 0 0 23
1 0 0 23
1 0 0 23
1 0 0 23
1 0 0 23
1 0 0 23
1 0 0 23
1 0 0 21
1 0 0 14
1 0 0 14
1 0 0 14
1 0 0 14
1 0 0 14
1 0 0 1
1 0 0 1
1 0 0 1
0.1 3 4 -1
0.1 5 6 -1
0.1 7 8 -1
0.1 9 10 -1
0.1 234 11 -1
0.1 12 13 -1
0.1 15 16 -1
0.1 14 237 -1
0.1 236 238 -1
0.1 235 239 -1
0.1 233 240 -1
0.1 232 241 -1
0.1 231 242 -1
0.1 21 22 -1
0.1 23 24 -1
0.1 244 245 -1
0.1 25 26 -1
0.1 28 29 -1
0.1 27 248 -1
0.1 247 249 -1
0.1 246 250 -1
0.1 20 251 -1
0.1 19 252 -1
0.1 30 31 -1
0.1 32 33 -1
0.1 254 255 -1
0.1 253 256 -1
0.1 35 36 -1
0.1 37 38 -1
0.1 258 259 -1
0.1 34 260 -1
0.1 257 261 -1
0.1 18 262 -1
0.1 39 40 -1
0.1 43 44 -1
0.1 42 265 -1
0.1 41 266 -1
0.1 46 47 -1
0.1 45 268 -1
0.1 269 48 -1
0.1 267 270 -1
0.1 264 271 -1
0.1 272 49 -1
0.1 53 54 -1
0.1 52 274 -1
0.1 56 57 -1
0.1 59 60 -1
0.1 277 61 -1
0.1 58 278 -1
0.1 276 279 -1
0.1 62 63 -1
0.1 64 65 -1
0.1 281 282 -1
0.1 280 283 -1
0.1 55 284 -1
0.1 66 67 -1
0.1 286 68 -1
0.1 69 70 -1
0.1 287 288 -1
0.1 285 289 -1
0.1 275 290 -1
0.1 51 291 -1
0.1 73 74 -1
0.1 293 75 -1
0.1 76 77 -1
0.1 294 295 -1
0.1 72 296 -1
0.1 71 297 -1
0.1 79 80 -1
0.1 78 299 -1
0.1 298 300 -1
0.1 292 301 -1
0.1 50 302 -1
0.1 273 303 -1
0.1 263 304 -1
0.1 17 305 -1
0.1 243 306 -1
0.1 84 85 -1
0.1 83 308 -1
0.1 82 309 -1
0.1 81 310 -1
0.1 87 88 -1
0.1 312 89 -1
0.1 86 313 -1
0.1 314 90 -1
0.1 311 315 -1
0.1 95 96 -1
0.1 94 317 -1
0.1 93 318 -1
0.1 319 97 -1
0.1 98 99 -1
0.1 100 101 -1
0.1 321 322 -1
0.1 102 103 -1
0.1 323 324 -1
0.1 320 325 -1
0.1 92 326 -1
0.1 91 327 -1
0.1 316 328 -1
0.1 307 329 -1
0.1 2 330 -1
0.1 331 104 -1
0.1 1 332 -1
0.1 105 106 -1
0.1 109 110 -1
0.1 111 112 -1
0.1 335 336 -1
0.1 108 337 -1
0.1 107 338 -1
0.1 114 115 -1
0.1 113 340 -1
0.1 339 341 -1
0.1 342 116 -1
0.1 334 343 -1
0.1 344 117 -1
0.1 118 119 -1
0.1 346 120 -1
0.1 121 122 -1
0.1 347 348 -1
0.1 124 125 -1
0.1 123 350 -1
0.1 349 351 -1
0.1 126 127 -1
0.1 352 353 -1
0.1 128 129 -1
0.1 130 131 -1
0.1 133 134 -1
0.1 132 357 -1
0.1 356 358 -1
0.1 137 138 -1
0.1 136 360 -1
0.1 135 361 -1
0.1 359 362 -1
0.1 363 139 -1
0.1 355 364 -1
0.1 354 365 -1
0.1 143 144 -1
0.1 367 145 -1
0.1 147 148 -1
0.1 146 369 -1
0.1 370 149 -1
0.1 368 371 -1
0.1 142 372 -1
0.1 150 151 -1
0.1 373 374 -1
0.1 141 375 -1
0.1 376 152 -1
0.1 154 155 -1
0.1 153 378 -1
0.1 379 156 -1
0.1 157 158 -1
0.1 160 161 -1
0.1 159 382 -1
0.1 381 383 -1
0.1 384 162 -1
0.1 380 385 -1
0.1 167 168 -1
0.1 166 387 -1
0.1 165 388 -1
0.1 164 389 -1
0.1 163 390 -1
0.1 169 170 -1
0.1 171 172 -1
0.1 175 176 -1
0.1 174 394 -1
0.1 178 179 -1
0.1 177 396 -1
0.1 395 397 -1
0.1 180 181 -1
0.1 399 182 -1
0.1 398 400 -1
0.1 173 401 -1
0.1 393 402 -1
0.1 392 403 -1
0.1 391 404 -1
0.1 185 186 -1
0.1 188 189 -1
0.1 407 190 -1
0.1 191 192 -1
0.1 408 409 -1
0.1 187 410 -1
0.1 406 411 -1
0.1 184 412 -1
0.1 183 413 -1
0.1 405 414 -1
0.1 193 194 -1
0.1 415 416 -1
0.1 417 195 -1
0.1 198 199 -1
0.1 200 201 -1
0.1 420 202 -1
0.1 419 421 -1
0.1 422 203 -1
0.1 205 206 -1
0.1 204 424 -1
0.1 425 207 -1
0.1 423 426 -1
0.1 427 208 -1
0.1 209 210 -1
0.1 428 429 -1
0.1 197 430 -1
0.1 196 431 -1
0.1 432 211 -1
0.1 214 215 -1
0.1 434 216 -1
0.1 213 435 -1
0.1 212 436 -1
0.1 218 219 -1
0.1 217 438 -1
0.1 220 221 -1
0.1 439 440 -1
0.1 437 441 -1
0.1 442 222 -1
0.1 433 443 -1
0.1 418 444 -1
0.1 386 445 -1
0.1 223 224 -1
0.1 447 225 -1
0.1 446 448 -1
0.1 377 449 -1
0.1 226 227 -1
0.1 450 451 -1
0.1 140 452 -1
0.1 366 453 -1
0.1 454 228 -1
0.1 345 455 -1
0.1 229 230 -1
0.1 456 457 -1
0.1 333 458 -1
