1 0 0 1
1 0 0 1
1 0 0 1
1 0 0 1
1 0 0 2
1 0 0 2
1 0 0 2
1 0 0 2
1 0 0 2
1 0 0 2
1 0 0 2
1 0 0 2
1 0 0 2
1 0 0 2
1 0 0 3
1 0 0 3
1 0 0 4
1 0 0 4
1 0 0 4
1 0 0 4
1 0 0 3
1 0 0 4
1 0 0 4
1 0 0 4
1 0 0 4
1 0 0 4
1 0 0 4
1 0 0 5
1 0 0 5
1 0 0 5
1 0 0 5
1 0 0 6
1 0 0 6
1 0 0 6
1 0 0 6
1 0 0 6
1 0 0 6
1 0 0 6
1 0 0 6
1 0 0 6
1 0 0 6
1 0 0 5
1 0 0 5
1 0 0 5
1 0 0 5
1 0 0 3
1 0 0 5
1 0 0 5
1 0 0 3
1 0 0 7
1 0 0 7
1 0 0 7
1 0 0 7
1 0 0 7
1 0 0 7
1 0 0 7
1 0 0 7
1 0 0 7
1 0 0 7
1 0 0 8
1 0 0 8
1 0 0 8
1 0 0 8
1 0 0 8
1 0 0 8
1 0 0 8
1 0 0 8
1 0 0 8
1 0 0 8
1 0 0 9
1 0 0 9
1 0 0 9
1 0 0 9
1 0 0 9
1 0 0 9
1 0 0 9
1 0 0 9
1 0 0 9
1 0 0 9
1 0 0 10
1 0 0 10
1 0 0 10
1 0 0 10
1 0 0 10
1 0 0 10
1 0 0 10
1 0 0 10
1 0 0 10
1 0 0 10
1 0 0 3
1 0 0 11
1 0 0 11
1 0 0 11
1 0 0 11
1 0 0 11
1 0 0 11
1 0 0 11
1 0 0 11
1 0 0 11
1 0 0 11
1 0 0 3
1 0 0 3
1 0 0 3
1 0 0 3
1 0 0 1
1 0 0 1
1 0 0 1
1 0 0 12
1 0 0 12
1 0 0 13
1 0 0 13
1 0 0 13
1 0 0 13
1 0 0 13
1 0 0 13
1 0 0 13
1 0 0 13
1 0 0 13
1 0 0 13
1 0 0 14
1 0 0 14
1 0 0 14
1 0 0 14
1 0 0 14
1 0 0 14
1 0 0 14
1 0 0 14
1 0 0 14
1 0 0 14
1 0 0 12
1 0 0 12
1 0 0 15
1 0 0 15
1 0 0 16
1 0 0 16
1 0 0 16
1 0 0 16
1 0 0 16
1 0 0 16
1 0 0 16
1 0 0 16
1 0 0 16
1 0 0 16
1 0 0 17
1 0 0 17
1 0 0 17
1 0 0 17
1 0 0 17
1 0 0 17
1 0 0 17
1 0 0 17
1 0 0 18
1 0 0 18
1 0 0 18
1 0 0 18
1 0 0 18
1 0 0 18
1 0 0 18
1 0 0 18
1 0 0 18
1 0 0 18
1 0 0 17
1 0 0 17
1 0 0 15
1 0 0 15
1 0 0 15
1 0 0 15
1 0 0 15
1 0 0 19
1 0 0 19
1 0 0 19
1 0 0 19
1 0 0 19
1 0 0 19
1 0 0 19
1 0 0 19
1 0 0 19
1 0 0 19
1 0 0 15
1 0 0 20
1 0 0 20
1 0 0 20
1 0 0 20
1 0 0 20
1 0 0 20
1 0 0 20
1 0 0 20
1 0 0 20
1 0 0 20
1 0 0 15
1 0 0 15
1 0 0 12
1 0 0 21
1 0 0 21
1 0 0 21
1 0 0 21
1 0 0 21
1 0 0 21
1 0 0 21
1 0 0 21
1 0 0 21
1 0 0 21
1 0 0 12
1 0 0 12
1 0 0 12
1 0 0 12
1 0 0 22
1 0 0 22
1 0 0 22
1 0 0 22
1 0 0 22
1 0 0 22
1 0 0 22
1 0 0 22
1 0 0 22
1 0 0 22
1 0 0 12
1 0 0 23
1 0 0 23
1 0 0 1
1 0 0 1
1 0 0 23
1 0 0 23
1 0 0 23
1 0 0 23
1 0 0 23
1 0 0 23
1 0 0 23
1 0 0 23
1 0 0 1
0.1 6 7 -1
0.1 10 11 -1
0.1 232 12 -1
0.1 9 233 -1
0.1 8 234 -1
0.1 235 13 -1
0.1 236 14 -1
0.1 231 237 -1
0.1 5 238 -1
0.1 18 19 -1
0.1 240 20 -1
0.1 17 241 -1
0.1 242 21 -1
0.1 22 23 -1
0.1 24 25 -1
0.1 26 27 -1
0.1 245 246 -1
0.1 244 247 -1
0.1 243 248 -1
0.1 16 249 -1
0.1 15 250 -1
0.1 239 251 -1
0.1 28 29 -1
0.1 33 34 -1
0.1 35 36 -1
0.1 254 255 -1
0.1 37 38 -1
0.1 40 41 -1
0.1 39 258 -1
0.1 257 259 -1
0.1 256 260 -1
0.1 32 261 -1
0.1 31 262 -1
0.1 30 263 -1
0.1 42 43 -1
0.1 44 45 -1
0.1 265 266 -1
0.1 264 267 -1
0.1 253 268 -1
0.1 269 46 -1
0.1 47 48 -1
0.1 270 271 -1
0.1 50 51 -1
0.1 52 53 -1
0.1 274 54 -1
0.1 55 56 -1
0.1 276 57 -1
0.1 277 58 -1
0.1 275 278 -1
0.1 273 279 -1
0.1 280 59 -1
0.1 49 281 -1
0.1 60 61 -1
0.1 283 62 -1
0.1 65 66 -1
0.1 68 69 -1
0.1 67 286 -1
0.1 285 287 -1
0.1 64 288 -1
0.1 63 289 -1
0.1 284 290 -1
0.1 72 73 -1
0.1 71 292 -1
0.1 70 293 -1
0.1 74 75 -1
0.1 294 295 -1
0.1 76 77 -1
0.1 78 79 -1
0.1 297 298 -1
0.1 296 299 -1
0.1 80 81 -1
0.1 301 82 -1
0.1 84 85 -1
0.1 83 303 -1
0.1 87 88 -1
0.1 86 305 -1
0.1 304 306 -1
0.1 302 307 -1
0.1 300 308 -1
0.1 309 89 -1
0.1 291 310 -1
0.1 311 90 -1
0.1 282 312 -1
0.1 272 313 -1
0.1 252 314 -1
0.1 91 92 -1
0.1 94 95 -1
0.1 93 317 -1
0.1 316 318 -1
0.1 96 97 -1
0.1 320 98 -1
0.1 319 321 -1
0.1 99 100 -1
0.1 322 323 -1
0.1 101 102 -1
0.1 324 325 -1
0.1 103 104 -1
0.1 326 327 -1
0.1 315 328 -1
0.1 4 329 -1
0.1 3 330 -1
0.1 2 331 -1
0.1 1 332 -1
0.1 105 106 -1
0.1 334 107 -1
0.1 108 109 -1
0.1 111 112 -1
0.1 110 337 -1
0.1 338 113 -1
0.1 116 117 -1
0.1 115 340 -1
0.1 118 119 -1
0.1 341 342 -1
0.1 114 343 -1
0.1 339 344 -1
0.1 336 345 -1
0.1 120 121 -1
0.1 122 123 -1
0.1 124 125 -1
0.1 348 349 -1
0.1 127 128 -1
0.1 351 129 -1
0.1 126 352 -1
0.1 350 353 -1
0.1 347 354 -1
0.1 130 131 -1
0.1 132 133 -1
0.1 136 137 -1
0.1 135 358 -1
0.1 134 359 -1
0.1 138 139 -1
0.1 140 141 -1
0.1 361 362 -1
0.1 142 143 -1
0.1 363 364 -1
0.1 360 365 -1
0.1 147 148 -1
0.1 146 367 -1
0.1 368 149 -1
0.1 145 369 -1
0.1 144 370 -1
0.1 150 151 -1
0.1 154 155 -1
0.1 153 373 -1
0.1 159 160 -1
0.1 158 375 -1
0.1 157 376 -1
0.1 377 161 -1
0.1 156 378 -1
0.1 374 379 -1
0.1 152 380 -1
0.1 372 381 -1
0.1 162 163 -1
0.1 382 383 -1
0.1 371 384 -1
0.1 366 385 -1
0.1 357 386 -1
0.1 387 164 -1
0.1 166 167 -1
0.1 171 172 -1
0.1 390 173 -1
0.1 176 177 -1
0.1 175 392 -1
0.1 174 393 -1
0.1 391 394 -1
0.1 395 178 -1
0.1 170 396 -1
0.1 169 397 -1
0.1 168 398 -1
0.1 389 399 -1
0.1 165 400 -1
0.1 401 179 -1
0.1 181 182 -1
0.1 180 403 -1
0.1 184 185 -1
0.1 183 405 -1
0.1 406 186 -1
0.1 187 188 -1
0.1 407 408 -1
0.1 409 189 -1
0.1 404 410 -1
0.1 411 190 -1
0.1 402 412 -1
0.1 413 191 -1
0.1 388 414 -1
0.1 356 415 -1
0.1 195 196 -1
0.1 194 417 -1
0.1 193 418 -1
0.1 197 198 -1
0.1 420 199 -1
0.1 201 202 -1
0.1 200 422 -1
0.1 421 423 -1
0.1 419 424 -1
0.1 192 425 -1
0.1 416 426 -1
0.1 203 204 -1
0.1 428 205 -1
0.1 208 209 -1
0.1 207 430 -1
0.1 206 431 -1
0.1 213 214 -1
0.1 212 433 -1
0.1 211 434 -1
0.1 210 435 -1
0.1 215 216 -1
0.1 436 437 -1
0.1 432 438 -1
0.1 439 217 -1
0.1 429 440 -1
0.1 427 441 -1
0.1 355 442 -1
0.1 346 443 -1
0.1 335 444 -1
0.1 220 221 -1
0.1 224 225 -1
0.1 223 447 -1
0.1 222 448 -1
0.1 446 449 -1
0.1 219 450 -1
0.1 451 226 -1
0.1 227 228 -1
0.1 452 453 -1
0.1 218 454 -1
0.1 455 229 -1
0.1 456 230 -1
0.1 445 457 -1
0.1 333 458 -1
