1 0 0 1
1 0 0 1
1 0 0 2
1 0 0 3
1 0 0 3
1 0 0 3
1 0 0 3
1 0 0 3
1 0 0 3
1 0 0 3
1 0 0 3
1 0 0 3
1 0 0 3
1 0 0 4
1 0 0 4
1 0 0 4
1 0 0 4
1 0 0 4
1 0 0 4
1 0 0 4
1 0 0 5
1 0 0 5
1 0 0 5
1 0 0 5
1 0 0 5
1 0 0 5
1 0 0 5
1 0 0 5
1 0 0 5
1 0 0 5
1 0 0 4
1 0 0 4
1 0 0 4
1 0 0 1
1 0 0 1
1 0 0 1
1 0 0 1
1 0 0 1
1 0 0 2
1 0 0 2
1 0 0 2
1 0 0 2
1 0 0 2
1 0 0 2
1 0 0 2
1 0 0 2
1 0 0 2
1 0 0 6
1 0 0 6
1 0 0 6
1 0 0 6
1 0 0 7
1 0 0 7
1 0 0 7
1 0 0 7
1 0 0 7
1 0 0 7
1 0 0 7
1 0 0 7
1 0 0 7
1 0 0 7
1 0 0 6
1 0 0 6
1 0 0 6
1 0 0 6
1 0 0 6
1 0 0 6
1 0 0 1
1 0 0 1
1 0 0 1
1 0 0 8
1 0 0 8
1 0 0 8
1 0 0 8
1 0 0 8
1 0 0 8
1 0 0 8
1 0 0 8
1 0 0 8
1 0 0 8
0.1 1 2 -1
0.1 4 5 -1
0.1 82 6 -1
0.1 9 10 -1
0.1 8 84 -1
0.1 7 85 -1
0.1 11 12 -1
0.1 87 13 -1
0.1 86 88 -1
0.1 83 89 -1
0.1 3 90 -1
0.1 81 91 -1
0.1 14 15 -1
0.1 16 17 -1
0.1 19 20 -1
0.1 18 95 -1
0.1 21 22 -1
0.1 24 25 -1
0.1 23 98 -1
0.1 97 99 -1
0.1 28 29 -1
0.1 27 101 -1
0.1 26 102 -1
0.1 100 103 -1
0.1 104 30 -1
0.1 96 105 -1
0.1 94 106 -1
0.1 32 33 -1
0.1 31 108 -1
0.1 107 109 -1
0.1 34 35 -1
0.1 110 111 -1
0.1 93 112 -1
0.1 37 38 -1
0.1 36 114 -1
0.1 113 115 -1
0.1 40 41 -1
0.1 39 117 -1
0.1 118 42 -1
0.1 44 45 -1
0.1 43 120 -1
0.1 46 47 -1
0.1 121 122 -1
0.1 119 123 -1
0.1 116 124 -1
0.1 92 125 -1
0.1 48 49 -1
0.1 50 51 -1
0.1 52 53 -1
0.1 129 54 -1
0.1 55 56 -1
0.1 130 131 -1
0.1 58 59 -1
0.1 60 61 -1
0.1 133 134 -1
0.1 57 135 -1
0.1 132 136 -1
0.1 137 62 -1
0.1 63 64 -1
0.1 138 139 -1
0.1 65 66 -1
0.1 140 141 -1
0.1 128 142 -1
0.1 143 67 -1
0.1 127 144 -1
0.1 68 69 -1
0.1 146 70 -1
0.1 72 73 -1
0.1 71 148 -1
0.1 149 74 -1
0.1 75 76 -1
0.1 151 77 -1
0.1 79 80 -1
0.1 78 153 -1
0.1 152 154 -1
0.1 150 155 -1
0.1 147 156 -1
0.1 145 157 -1
0.1 126 158 -1
