1 0 0 1
1 0 0 2
1 0 0 2
1 0 0 2
1 0 0 2
1 0 0 2
1 0 0 2
1 0 0 2
1 0 0 2
1 0 0 2
1 0 0 2
1 0 0 1
1 0 0 1
1 0 0 1
1 0 0 1
1 0 0 1
1 0 0 1
1 0 0 1
1 0 0 1
1 0 0 1
1 0 0 3
1 0 0 3
1 0 0 4
1 0 0 4
1 0 0 4
1 0 0 4
1 0 0 4
1 0 0 4
1 0 0 4
1 0 0 5
1 0 0 5
1 0 0 5
1 0 0 5
1 0 0 4
1 0 0 4
1 0 0 4
1 0 0 5
1 0 0 5
1 0 0 5
1 0 0 5
1 0 0 5
1 0 0 5
1 0 0 3
1 0 0 3
1 0 0 3
1 0 0 3
1 0 0 3
1 0 0 6
1 0 0 6
1 0 0 6
1 0 0 7
1 0 0 7
1 0 0 7
1 0 0 7
1 0 0 7
1 0 0 7
1 0 0 7
1 0 0 7
1 0 0 7
1 0 0 7
1 0 0 6
1 0 0 6
1 0 0 6
1 0 0 6
1 0 0 6
1 0 0 6
1 0 0 6
1 0 0 3
1 0 0 3
1 0 0 3
1 0 0 8
1 0 0 8
1 0 0 8
1 0 0 8
1 0 0 8
1 0 0 8
1 0 0 8
1 0 0 8
1 0 0 8
1 0 0 8
0.1 2 3 -1
0.1 6 7 -1
0.1 5 82 -1
0.1 83 8 -1
0.1 4 84 -1
0.1 81 85 -1
0.1 10 11 -1
0.1 9 87 -1
0.1 86 88 -1
0.1 1 89 -1
0.1 13 14 -1
0.1 12 91 -1
0.1 15 16 -1
0.1 92 93 -1
0.1 18 19 -1
0.1 17 95 -1
0.1 96 20 -1
0.1 94 97 -1
0.1 21 22 -1
0.1 98 99 -1
0.1 23 24 -1
0.1 25 26 -1
0.1 28 29 -1
0.1 27 103 -1
0.1 31 32 -1
0.1 30 105 -1
0.1 35 36 -1
0.1 34 107 -1
0.1 33 108 -1
0.1 38 39 -1
0.1 110 40 -1
0.1 37 111 -1
0.1 41 42 -1
0.1 112 113 -1
0.1 109 114 -1
0.1 106 115 -1
0.1 104 116 -1
0.1 102 117 -1
0.1 43 44 -1
0.1 118 119 -1
0.1 101 120 -1
0.1 46 47 -1
0.1 45 122 -1
0.1 121 123 -1
0.1 100 124 -1
0.1 90 125 -1
0.1 48 49 -1
0.1 52 53 -1
0.1 51 128 -1
0.1 54 55 -1
0.1 129 130 -1
0.1 56 57 -1
0.1 59 60 -1
0.1 58 133 -1
0.1 132 134 -1
0.1 135 61 -1
0.1 131 136 -1
0.1 62 63 -1
0.1 137 138 -1
0.1 139 64 -1
0.1 50 140 -1
0.1 127 141 -1
0.1 142 65 -1
0.1 143 66 -1
0.1 144 67 -1
0.1 68 69 -1
0.1 146 70 -1
0.1 73 74 -1
0.1 72 148 -1
0.1 75 76 -1
0.1 150 77 -1
0.1 149 151 -1
0.1 71 152 -1
0.1 79 80 -1
0.1 78 154 -1
0.1 153 155 -1
0.1 147 156 -1
0.1 145 157 -1
0.1 126 158 -1
