1 0 0 1
1 0 0 1
1 0 0 2
1 0 0 2
1 0 0 3
1 0 0 3
1 0 0 3
1 0 0 3
1 0 0 3
1 0 0 2
1 0 0 2
1 0 0 2
1 0 0 1
1 0 0 4
1 0 0 5
1 0 0 5
1 0 0 5
1 0 0 5
1 0 0 5
1 0 0 6
1 0 0 6
1 0 0 6
1 0 0 6
1 0 0 6
1 0 0 7
1 0 0 7
1 0 0 7
1 0 0 7
1 0 0 7
1 0 0 4
1 0 0 4
1 0 0 4
1 0 0 4
1 0 0 1
1 0 0 1
1 0 0 8
1 0 0 8
1 0 0 8
1 0 0 8
1 0 0 8
1 0 0 9
1 0 0 10
1 0 0 10
1 0 0 10
1 0 0 10
1 0 0 10
1 0 0 9
1 0 0 9
1 0 0 9
1 0 0 9
1 0 0 11
1 0 0 11
1 0 0 11
1 0 0 11
1 0 0 11
1 0 0 12
1 0 0 12
1 0 0 12
1 0 0 12
1 0 0 12
0.1 5 6 -1
0.1 7 8 -1
0.1 61 62 -1
0.1 63 9 -1
0.1 11 12 -1
0.1 10 65 -1
0.1 64 66 -1
0.1 4 67 -1
0.1 3 68 -1
0.1 69 13 -1
0.1 15 16 -1
0.1 71 17 -1
0.1 18 19 -1
0.1 72 73 -1
0.1 14 74 -1
0.1 21 22 -1
0.1 20 76 -1
0.1 23 24 -1
0.1 77 78 -1
0.1 28 29 -1
0.1 27 80 -1
0.1 26 81 -1
0.1 25 82 -1
0.1 32 33 -1
0.1 31 84 -1
0.1 30 85 -1
0.1 83 86 -1
0.1 79 87 -1
0.1 75 88 -1
0.1 70 89 -1
0.1 2 90 -1
0.1 1 91 -1
0.1 34 35 -1
0.1 92 93 -1
0.1 37 38 -1
0.1 36 95 -1
0.1 96 39 -1
0.1 97 40 -1
0.1 94 98 -1
0.1 42 43 -1
0.1 44 45 -1
0.1 101 46 -1
0.1 100 102 -1
0.1 47 48 -1
0.1 103 104 -1
0.1 41 105 -1
0.1 49 50 -1
0.1 106 107 -1
0.1 54 55 -1
0.1 53 109 -1
0.1 52 110 -1
0.1 51 111 -1
0.1 108 112 -1
0.1 58 59 -1
0.1 57 114 -1
0.1 56 115 -1
0.1 116 60 -1
0.1 113 117 -1
0.1 99 118 -1
