1 0 0 1
1 0 0 1
1 0 0 1
1 0 0 1
1 0 0 1
1 0 0 1
1 0 0 1
1 0 0 1
1 0 0 1
1 0 0 1
1 0 0 2
1 0 0 2
1 0 0 2
1 0 0 2
1 0 0 2
1 0 0 2
1 0 0 2
1 0 0 2
1 0 0 2
1 0 0 2
1 0 0 3
1 0 0 3
1 0 0 3
1 0 0 3
1 0 0 3
1 0 0 3
1 0 0 3
1 0 0 4
1 0 0 4
1 0 0 4
1 0 0 5
1 0 0 5
1 0 0 5
1 0 0 5
1 0 0 5
1 0 0 5
1 0 0 5
1 0 0 5
1 0 0 5
1 0 0 5
1 0 0 4
1 0 0 4
1 0 0 4
1 0 0 4
1 0 0 4
1 0 0 4
1 0 0 4
1 0 0 6
1 0 0 6
1 0 0 6
1 0 0 6
1 0 0 6
1 0 0 6
1 0 0 6
1 0 0 6
1 0 0 6
1 0 0 6
1 0 0 7
1 0 0 7
1 0 0 7
1 0 0 7
1 0 0 7
1 0 0 8
1 0 0 8
1 0 0 8
1 0 0 8
1 0 0 8
1 0 0 8
1 0 0 8
1 0 0 9
1 0 0 9
1 0 0 9
1 0 0 9
1 0 0 9
1 0 0 9
1 0 0 9
1 0 0 9
1 0 0 9
1 0 0 9
1 0 0 10
1 0 0 10
1 0 0 10
1 0 0 10
1 0 0 10
1 0 0 10
1 0 0 10
1 0 0 10
1 0 0 10
1 0 0 10
1 0 0 8
1 0 0 8
1 0 0 8
1 0 0 7
1 0 0 7
1 0 0 7
1 0 0 7
1 0 0 7
1 0 0 11
1 0 0 11
1 0 0 11
1 0 0 11
1 0 0 11
1 0 0 11
1 0 0 11
1 0 0 11
1 0 0 11
1 0 0 11
1 0 0 12
1 0 0 12
1 0 0 12
1 0 0 12
1 0 0 12
1 0 0 13
1 0 0 13
1 0 0 13
1 0 0 13
1 0 0 13
1 0 0 13
1 0 0 13
1 0 0 13
1 0 0 13
1 0 0 13
1 0 0 12
1 0 0 12
1 0 0 12
1 0 0 12
1 0 0 14
1 0 0 14
1 0 0 14
1 0 0 14
1 0 0 14
1 0 0 14
1 0 0 14
1 0 0 14
1 0 0 14
1 0 0 14
1 0 0 12
1 0 0 3
1 0 0 3
1 0 0 3
1 0 0 15
1 0 0 15
1 0 0 15
1 0 0 16
1 0 0 16
1 0 0 16
1 0 0 16
1 0 0 16
1 0 0 16
1 0 0 16
1 0 0 16
1 0 0 16
1 0 0 16
1 0 0 15
1 0 0 15
1 0 0 15
1 0 0 17
1 0 0 17
1 0 0 17
1 0 0 17
1 0 0 17
1 0 0 17
1 0 0 17
1 0 0 17
1 0 0 17
1 0 0 17
1 0 0 15
1 0 0 15
1 0 0 15
1 0 0 15
1 0 0 18
1 0 0 18
1 0 0 18
1 0 0 18
1 0 0 18
1 0 0 18
1 0 0 18
1 0 0 18
1 0 0 18
1 0 0 18
1 0 0 19
1 0 0 19
1 0 0 19
1 0 0 19
1 0 0 19
1 0 0 20
1 0 0 20
1 0 0 20
1 0 0 20
1 0 0 20
1 0 0 20
1 0 0 20
1 0 0 20
1 0 0 20
1 0 0 20
1 0 0 21
1 0 0 21
1 0 0 19
1 0 0 19
1 0 0 19
1 0 0 21
1 0 0 21
1 0 0 21
1 0 0 22
1 0 0 22
1 0 0 22
1 0 0 23
1 0 0 23
1 0 0 23
1 0 0 23
1 0 0 23
1 0 0 23
1 0 0 23
1 0 0 23
1 0 0 23
1 0 0 23
1 0 0 22
1 0 0 22
1 0 0 22
1 0 0 22
1 0 0 22
1 0 0 22
1 0 0 22
1 0 0 24
1 0 0 24
1 0 0 24
1 0 0 24
1 0 0 24
1 0 0 24
1 0 0 24
1 0 0 24
1 0 0 24
1 0 0 24
1 0 0 21
1 0 0 21
1 0 0 21
1 0 0 21
1 0 0 21
1 0 0 25
1 0 0 25
1 0 0 25
1 0 0 26
1 0 0 26
1 0 0 26
1 0 0 26
1 0 0 26
1 0 0 26
1 0 0 26
1 0 0 26
1 0 0 26
1 0 0 26
1 0 0 27
1 0 0 27
1 0 0 27
1 0 0 27
1 0 0 27
1 0 0 27
1 0 0 27
1 0 0 27
1 0 0 27
1 0 0 27
1 0 0 28
1 0 0 28
1 0 0 28
1 0 0 28
1 0 0 28
1 0 0 28
1 0 0 28
1 0 0 28
1 0 0 28
1 0 0 28
1 0 0 29
1 0 0 29
1 0 0 29
1 0 0 29
1 0 0 29
1 0 0 29
1 0 0 29
1 0 0 29
1 0 0 29
1 0 0 29
1 0 0 30
1 0 0 30
1 0 0 30
1 0 0 30
1 0 0 30
1 0 0 30
1 0 0 30
1 0 0 30
1 0 0 30
1 0 0 30
1 0 0 25
1 0 0 25
1 0 0 25
1 0 0 25
1 0 0 25
1 0 0 25
1 0 0 25
1 0 0 19
1 0 0 19
1 0 0 31
1 0 0 31
1 0 0 31
1 0 0 31
1 0 0 31
1 0 0 31
1 0 0 31
1 0 0 31
1 0 0 31
1 0 0 31
0.1 1 2 -1
0.1 311 3 -1
0.1 6 7 -1
0.1 5 313 -1
0.1 4 314 -1
0.1 9 10 -1
0.1 8 316 -1
0.1 315 317 -1
0.1 312 318 -1
0.1 12 13 -1
0.1 15 16 -1
0.1 321 17 -1
0.1 14 322 -1
0.1 18 19 -1
0.1 323 324 -1
0.1 320 325 -1
0.1 11 326 -1
0.1 327 20 -1
0.1 22 23 -1
0.1 26 27 -1
0.1 25 330 -1
0.1 24 331 -1
0.1 329 332 -1
0.1 21 333 -1
0.1 32 33 -1
0.1 31 335 -1
0.1 36 37 -1
0.1 35 337 -1
0.1 34 338 -1
0.1 336 339 -1
0.1 39 40 -1
0.1 38 341 -1
0.1 340 342 -1
0.1 30 343 -1
0.1 41 42 -1
0.1 344 345 -1
0.1 29 346 -1
0.1 28 347 -1
0.1 43 44 -1
0.1 45 46 -1
0.1 349 350 -1
0.1 348 351 -1
0.1 352 47 -1
0.1 48 49 -1
0.1 51 52 -1
0.1 53 54 -1
0.1 56 57 -1
0.1 55 357 -1
0.1 356 358 -1
0.1 355 359 -1
0.1 50 360 -1
0.1 354 361 -1
0.1 60 61 -1
0.1 363 62 -1
0.1 59 364 -1
0.1 58 365 -1
0.1 63 64 -1
0.1 68 69 -1
0.1 67 368 -1
0.1 66 369 -1
0.1 71 72 -1
0.1 70 371 -1
0.1 73 74 -1
0.1 372 373 -1
0.1 76 77 -1
0.1 75 375 -1
0.1 374 376 -1
0.1 78 79 -1
0.1 80 81 -1
0.1 82 83 -1
0.1 379 380 -1
0.1 86 87 -1
0.1 85 382 -1
0.1 84 383 -1
0.1 88 89 -1
0.1 384 385 -1
0.1 381 386 -1
0.1 378 387 -1
0.1 377 388 -1
0.1 370 389 -1
0.1 390 90 -1
0.1 65 391 -1
0.1 392 91 -1
0.1 393 92 -1
0.1 367 394 -1
0.1 366 395 -1
0.1 396 93 -1
0.1 95 96 -1
0.1 398 97 -1
0.1 94 399 -1
0.1 99 100 -1
0.1 98 401 -1
0.1 102 103 -1
0.1 101 403 -1
0.1 105 106 -1
0.1 104 405 -1
0.1 406 107 -1
0.1 404 407 -1
0.1 402 408 -1
0.1 400 409 -1
0.1 397 410 -1
0.1 362 411 -1
0.1 353 412 -1
0.1 108 109 -1
0.1 111 112 -1
0.1 110 415 -1
0.1 113 114 -1
0.1 115 116 -1
0.1 417 418 -1
0.1 119 120 -1
0.1 121 122 -1
0.1 420 421 -1
0.1 118 422 -1
0.1 117 423 -1
0.1 419 424 -1
0.1 123 124 -1
0.1 425 426 -1
0.1 416 427 -1
0.1 414 428 -1
0.1 125 126 -1
0.1 131 132 -1
0.1 130 431 -1
0.1 129 432 -1
0.1 128 433 -1
0.1 133 134 -1
0.1 434 435 -1
0.1 135 136 -1
0.1 436 437 -1
0.1 127 438 -1
0.1 439 137 -1
0.1 430 440 -1
0.1 429 441 -1
0.1 413 442 -1
0.1 334 443 -1
0.1 328 444 -1
0.1 138 139 -1
0.1 446 140 -1
0.1 445 447 -1
0.1 319 448 -1
0.1 141 142 -1
0.1 449 450 -1
0.1 146 147 -1
0.1 145 452 -1
0.1 144 453 -1
0.1 152 153 -1
0.1 151 455 -1
0.1 150 456 -1
0.1 149 457 -1
0.1 148 458 -1
0.1 454 459 -1
0.1 143 460 -1
0.1 451 461 -1
0.1 155 156 -1
0.1 154 463 -1
0.1 161 162 -1
0.1 163 164 -1
0.1 465 466 -1
0.1 160 467 -1
0.1 159 468 -1
0.1 158 469 -1
0.1 165 166 -1
0.1 470 471 -1
0.1 157 472 -1
0.1 169 170 -1
0.1 168 474 -1
0.1 172 173 -1
0.1 171 476 -1
0.1 174 175 -1
0.1 177 178 -1
0.1 176 479 -1
0.1 478 480 -1
0.1 179 180 -1
0.1 481 482 -1
0.1 477 483 -1
0.1 475 484 -1
0.1 167 485 -1
0.1 182 183 -1
0.1 181 487 -1
0.1 184 185 -1
0.1 488 489 -1
0.1 188 189 -1
0.1 491 190 -1
0.1 187 492 -1
0.1 193 194 -1
0.1 494 195 -1
0.1 192 495 -1
0.1 191 496 -1
0.1 493 497 -1
0.1 186 498 -1
0.1 196 197 -1
0.1 499 500 -1
0.1 199 200 -1
0.1 198 502 -1
0.1 205 206 -1
0.1 204 504 -1
0.1 209 210 -1
0.1 211 212 -1
0.1 213 214 -1
0.1 215 216 -1
0.1 508 509 -1
0.1 507 510 -1
0.1 506 511 -1
0.1 208 512 -1
0.1 207 513 -1
0.1 217 218 -1
0.1 515 219 -1
0.1 516 220 -1
0.1 517 221 -1
0.1 514 518 -1
0.1 505 519 -1
0.1 222 223 -1
0.1 225 226 -1
0.1 224 522 -1
0.1 523 227 -1
0.1 228 229 -1
0.1 524 525 -1
0.1 231 232 -1
0.1 230 527 -1
0.1 528 233 -1
0.1 526 529 -1
0.1 521 530 -1
0.1 520 531 -1
0.1 203 532 -1
0.1 202 533 -1
0.1 201 534 -1
0.1 234 235 -1
0.1 536 236 -1
0.1 237 238 -1
0.1 537 538 -1
0.1 535 539 -1
0.1 239 240 -1
0.1 541 241 -1
0.1 242 243 -1
0.1 245 246 -1
0.1 244 544 -1
0.1 543 545 -1
0.1 248 249 -1
0.1 247 547 -1
0.1 250 251 -1
0.1 252 253 -1
0.1 550 254 -1
0.1 256 257 -1
0.1 255 552 -1
0.1 258 259 -1
0.1 553 554 -1
0.1 260 261 -1
0.1 555 556 -1
0.1 551 557 -1
0.1 262 263 -1
0.1 559 264 -1
0.1 265 266 -1
0.1 560 561 -1
0.1 269 270 -1
0.1 268 563 -1
0.1 267 564 -1
0.1 273 274 -1
0.1 272 566 -1
0.1 275 276 -1
0.1 278 279 -1
0.1 569 280 -1
0.1 277 570 -1
0.1 568 571 -1
0.1 572 281 -1
0.1 567 573 -1
0.1 271 574 -1
0.1 286 287 -1
0.1 576 288 -1
0.1 285 577 -1
0.1 284 578 -1
0.1 283 579 -1
0.1 290 291 -1
0.1 289 581 -1
0.1 580 582 -1
0.1 282 583 -1
0.1 575 584 -1
0.1 565 585 -1
0.1 562 586 -1
0.1 558 587 -1
0.1 549 588 -1
0.1 548 589 -1
0.1 546 590 -1
0.1 292 293 -1
0.1 591 592 -1
0.1 294 295 -1
0.1 593 594 -1
0.1 542 595 -1
0.1 297 298 -1
0.1 296 597 -1
0.1 596 598 -1
0.1 540 599 -1
0.1 503 600 -1
0.1 501 601 -1
0.1 299 300 -1
0.1 602 603 -1
0.1 490 604 -1
0.1 486 605 -1
0.1 473 606 -1
0.1 301 302 -1
0.1 607 608 -1
0.1 304 305 -1
0.1 306 307 -1
0.1 611 308 -1
0.1 610 612 -1
0.1 303 613 -1
0.1 309 310 -1
0.1 614 615 -1
0.1 609 616 -1
0.1 464 617 -1
0.1 462 618 -1
