1 0 0 1
1 0 0 1
1 0 0 1
1 0 0 2
1 0 0 2
1 0 0 2
1 0 0 2
1 0 0 2
1 0 0 2
1 0 0 2
1 0 0 2
1 0 0 2
1 0 0 2
1 0 0 3
1 0 0 3
1 0 0 3
1 0 0 3
1 0 0 3
1 0 0 3
1 0 0 3
1 0 0 3
1 0 0 3
1 0 0 3
1 0 0 4
1 0 0 4
1 0 0 4
1 0 0 4
1 0 0 4
1 0 0 4
1 0 0 4
1 0 0 4
1 0 0 4
1 0 0 4
1 0 0 5
1 0 0 5
1 0 0 5
1 0 0 5
1 0 0 5
1 0 0 5
1 0 0 5
1 0 0 5
1 0 0 5
1 0 0 5
1 0 0 6
1 0 0 6
1 0 0 6
1 0 0 6
1 0 0 6
1 0 0 6
1 0 0 6
1 0 0 6
1 0 0 6
1 0 0 7
1 0 0 7
1 0 0 7
1 0 0 7
1 0 0 7
1 0 0 7
1 0 0 7
1 0 0 7
1 0 0 7
1 0 0 7
1 0 0 1
1 0 0 8
1 0 0 8
1 0 0 8
1 0 0 8
1 0 0 8
1 0 0 8
1 0 0 8
1 0 0 8
1 0 0 8
1 0 0 8
1 0 0 6
1 0 0 1
1 0 0 9
1 0 0 9
1 0 0 9
1 0 0 9
1 0 0 9
1 0 0 9
1 0 0 9
1 0 0 9
1 0 0 9
1 0 0 9
1 0 0 10
1 0 0 10
1 0 0 10
1 0 0 10
1 0 0 10
1 0 0 10
1 0 0 10
1 0 0 10
1 0 0 10
1 0 0 10
1 0 0 11
1 0 0 11
1 0 0 11
1 0 0 11
1 0 0 11
1 0 0 11
1 0 0 11
1 0 0 11
1 0 0 11
1 0 0 11
1 0 0 12
1 0 0 12
1 0 0 12
1 0 0 12
1 0 0 12
1 0 0 1
1 0 0 12
1 0 0 12
1 0 0 12
1 0 0 12
1 0 0 12
1 0 0 13
1 0 0 13
1 0 0 13
1 0 0 13
1 0 0 13
1 0 0 13
1 0 0 13
1 0 0 13
1 0 0 13
1 0 0 13
1 0 0 1
1 0 0 14
1 0 0 14
1 0 0 14
1 0 0 14
1 0 0 14
1 0 0 14
1 0 0 14
1 0 0 14
1 0 0 14
1 0 0 14
1 0 0 15
1 0 0 15
1 0 0 15
1 0 0 15
1 0 0 15
1 0 0 16
1 0 0 16
1 0 0 16
1 0 0 16
1 0 0 16
1 0 0 17
1 0 0 17
1 0 0 17
1 0 0 17
1 0 0 17
1 0 0 17
1 0 0 17
1 0 0 17
1 0 0 17
1 0 0 17
1 0 0 16
1 0 0 16
1 0 0 16
1 0 0 18
1 0 0 18
1 0 0 18
1 0 0 18
1 0 0 18
1 0 0 18
1 0 0 18
1 0 0 18
1 0 0 18
1 0 0 18
1 0 0 16
1 0 0 16
1 0 0 15
1 0 0 19
1 0 0 19
1 0 0 19
1 0 0 19
1 0 0 19
1 0 0 15
1 0 0 15
1 0 0 19
1 0 0 19
1 0 0 19
1 0 0 19
1 0 0 19
1 0 0 15
1 0 0 15
1 0 0 20
1 0 0 21
1 0 0 21
1 0 0 21
1 0 0 1
1 0 0 21
1 0 0 21
1 0 0 21
1 0 0 21
1 0 0 21
1 0 0 21
1 0 0 21
1 0 0 22
1 0 0 22
1 0 0 22
1 0 0 22
1 0 0 22
1 0 0 22
1 0 0 22
1 0 0 22
1 0 0 22
1 0 0 22
1 0 0 1
1 0 0 23
1 0 0 23
1 0 0 23
1 0 0 23
1 0 0 23
1 0 0 23
1 0 0 23
1 0 0 23
1 0 0 23
1 0 0 23
1 0 0 24
1 0 0 24
1 0 0 24
1 0 0 24
1 0 0 24
1 0 0 24
1 0 0 24
1 0 0 24
1 0 0 24
1 0 0 24
1 0 0 25
1 0 0 25
1 0 0 25
1 0 0 25
1 0 0 25
1 0 0 25
1 0 0 25
1 0 0 25
1 0 0 25
1 0 0 25
1 0 0 26
1 0 0 26
1 0 0 26
1 0 0 26
1 0 0 26
1 0 0 26
1 0 0 26
1 0 0 27
1 0 0 28
1 0 0 28
1 0 0 28
1 0 0 28
1 0 0 28
1 0 0 28
1 0 0 28
1 0 0 28
1 0 0 28
1 0 0 28
1 0 0 29
1 0 0 29
1 0 0 29
1 0 0 26
1 0 0 26
1 0 0 26
1 0 0 30
1 0 0 31
1 0 0 31
1 0 0 31
1 0 0 31
1 0 0 31
1 0 0 31
1 0 0 29
1 0 0 29
1 0 0 32
1 0 0 32
1 0 0 32
1 0 0 32
1 0 0 32
1 0 0 32
1 0 0 32
1 0 0 32
1 0 0 32
1 0 0 32
1 0 0 33
1 0 0 33
1 0 0 33
1 0 0 33
1 0 0 33
1 0 0 33
1 0 0 33
1 0 0 33
1 0 0 33
1 0 0 33
1 0 0 29
1 0 0 31
1 0 0 29
1 0 0 29
1 0 0 29
1 0 0 34
1 0 0 34
1 0 0 34
1 0 0 34
1 0 0 34
1 0 0 34
1 0 0 34
1 0 0 34
1 0 0 34
1 0 0 34
1 0 0 29
1 0 0 35
1 0 0 35
1 0 0 35
1 0 0 35
1 0 0 35
1 0 0 35
1 0 0 35
1 0 0 35
1 0 0 35
1 0 0 35
1 0 0 31
1 0 0 31
1 0 0 20
1 0 0 20
1 0 0 20
1 0 0 20
1 0 0 20
1 0 0 20
1 0 0 27
1 0 0 27
1 0 0 36
1 0 0 36
1 0 0 36
1 0 0 36
1 0 0 36
1 0 0 36
1 0 0 36
1 0 0 36
1 0 0 36
1 0 0 36
1 0 0 27
1 0 0 27
1 0 0 27
1 0 0 27
1 0 0 37
1 0 0 37
1 0 0 37
1 0 0 37
1 0 0 37
1 0 0 37
1 0 0 37
1 0 0 37
1 0 0 37
1 0 0 37
1 0 0 27
1 0 0 38
1 0 0 38
1 0 0 38
1 0 0 38
1 0 0 38
1 0 0 38
1 0 0 38
1 0 0 38
1 0 0 38
1 0 0 38
1 0 0 39
1 0 0 39
1 0 0 39
1 0 0 39
1 0 0 39
1 0 0 39
1 0 0 39
1 0 0 39
1 0 0 39
1 0 0 39
1 0 0 27
1 0 0 27
1 0 0 20
1 0 0 20
1 0 0 20
1 0 0 31
1 0 0 1
1 0 0 40
1 0 0 40
1 0 0 40
1 0 0 40
1 0 0 40
1 0 0 40
1 0 0 40
1 0 0 40
1 0 0 40
1 0 0 40
1 0 0 41
1 0 0 41
1 0 0 41
1 0 0 41
1 0 0 41
1 0 0 41
1 0 0 41
1 0 0 41
1 0 0 41
1 0 0 41
1 0 0 42
1 0 0 42
1 0 0 42
1 0 0 42
1 0 0 42
1 0 0 42
1 0 0 42
1 0 0 42
1 0 0 42
1 0 0 42
1 0 0 30
1 0 0 30
1 0 0 30
1 0 0 30
1 0 0 30
1 0 0 30
1 0 0 30
1 0 0 30
1 0 0 30
0.1 2 3 -1
0.1 1 421 -1
0.1 7 8 -1
0.1 6 423 -1
0.1 5 424 -1
0.1 11 12 -1
0.1 10 426 -1
0.1 9 427 -1
0.1 428 13 -1
0.1 425 429 -1
0.1 4 430 -1
0.1 16 17 -1
0.1 18 19 -1
0.1 432 433 -1
0.1 15 434 -1
0.1 20 21 -1
0.1 22 23 -1
0.1 436 437 -1
0.1 435 438 -1
0.1 14 439 -1
0.1 24 25 -1
0.1 26 27 -1
0.1 441 442 -1
0.1 443 28 -1
0.1 31 32 -1
0.1 445 33 -1
0.1 30 446 -1
0.1 29 447 -1
0.1 444 448 -1
0.1 34 35 -1
0.1 36 37 -1
0.1 38 39 -1
0.1 451 452 -1
0.1 450 453 -1
0.1 40 41 -1
0.1 454 455 -1
0.1 456 42 -1
0.1 457 43 -1
0.1 449 458 -1
0.1 45 46 -1
0.1 44 460 -1
0.1 461 47 -1
0.1 49 50 -1
0.1 463 51 -1
0.1 464 52 -1
0.1 48 465 -1
0.1 462 466 -1
0.1 54 55 -1
0.1 53 468 -1
0.1 57 58 -1
0.1 56 470 -1
0.1 59 60 -1
0.1 471 472 -1
0.1 473 61 -1
0.1 469 474 -1
0.1 475 62 -1
0.1 467 476 -1
0.1 477 63 -1
0.1 66 67 -1
0.1 65 479 -1
0.1 68 69 -1
0.1 481 70 -1
0.1 72 73 -1
0.1 71 483 -1
0.1 482 484 -1
0.1 480 485 -1
0.1 64 486 -1
0.1 478 487 -1
0.1 74 75 -1
0.1 488 489 -1
0.1 459 490 -1
0.1 440 491 -1
0.1 76 77 -1
0.1 79 80 -1
0.1 78 494 -1
0.1 495 81 -1
0.1 493 496 -1
0.1 82 83 -1
0.1 497 498 -1
0.1 84 85 -1
0.1 499 500 -1
0.1 492 501 -1
0.1 431 502 -1
0.1 88 89 -1
0.1 87 504 -1
0.1 86 505 -1
0.1 91 92 -1
0.1 90 507 -1
0.1 508 93 -1
0.1 94 95 -1
0.1 509 510 -1
0.1 506 511 -1
0.1 97 98 -1
0.1 96 513 -1
0.1 99 100 -1
0.1 514 515 -1
0.1 102 103 -1
0.1 517 104 -1
0.1 101 518 -1
0.1 516 519 -1
0.1 520 105 -1
0.1 512 521 -1
0.1 107 108 -1
0.1 106 523 -1
0.1 109 110 -1
0.1 524 525 -1
0.1 113 114 -1
0.1 527 115 -1
0.1 112 528 -1
0.1 529 116 -1
0.1 111 530 -1
0.1 526 531 -1
0.1 117 118 -1
0.1 533 119 -1
0.1 123 124 -1
0.1 535 125 -1
0.1 122 536 -1
0.1 121 537 -1
0.1 120 538 -1
0.1 539 126 -1
0.1 534 540 -1
0.1 541 127 -1
0.1 532 542 -1
0.1 128 129 -1
0.1 544 130 -1
0.1 135 136 -1
0.1 134 546 -1
0.1 133 547 -1
0.1 548 137 -1
0.1 132 549 -1
0.1 131 550 -1
0.1 545 551 -1
0.1 139 140 -1
0.1 138 553 -1
0.1 141 142 -1
0.1 554 555 -1
0.1 146 147 -1
0.1 145 557 -1
0.1 150 151 -1
0.1 149 559 -1
0.1 148 560 -1
0.1 152 153 -1
0.1 154 155 -1
0.1 563 156 -1
0.1 564 157 -1
0.1 562 565 -1
0.1 561 566 -1
0.1 567 158 -1
0.1 558 568 -1
0.1 144 569 -1
0.1 570 159 -1
0.1 143 571 -1
0.1 164 165 -1
0.1 166 167 -1
0.1 573 574 -1
0.1 163 575 -1
0.1 168 169 -1
0.1 577 170 -1
0.1 576 578 -1
0.1 162 579 -1
0.1 161 580 -1
0.1 160 581 -1
0.1 171 172 -1
0.1 582 583 -1
0.1 572 584 -1
0.1 585 173 -1
0.1 174 175 -1
0.1 176 177 -1
0.1 588 178 -1
0.1 587 589 -1
0.1 590 179 -1
0.1 182 183 -1
0.1 592 184 -1
0.1 181 593 -1
0.1 180 594 -1
0.1 591 595 -1
0.1 586 596 -1
0.1 186 187 -1
0.1 185 598 -1
0.1 597 599 -1
0.1 556 600 -1
0.1 552 601 -1
0.1 543 602 -1
0.1 522 603 -1
0.1 503 604 -1
0.1 422 605 -1
0.1 190 191 -1
0.1 189 607 -1
0.1 194 195 -1
0.1 193 609 -1
0.1 198 199 -1
0.1 197 611 -1
0.1 196 612 -1
0.1 610 613 -1
0.1 192 614 -1
0.1 608 615 -1
0.1 188 616 -1
0.1 200 201 -1
0.1 202 203 -1
0.1 619 204 -1
0.1 205 206 -1
0.1 620 621 -1
0.1 618 622 -1
0.1 208 209 -1
0.1 207 624 -1
0.1 623 625 -1
0.1 214 215 -1
0.1 213 627 -1
0.1 212 628 -1
0.1 216 217 -1
0.1 218 219 -1
0.1 631 220 -1
0.1 630 632 -1
0.1 629 633 -1
0.1 211 634 -1
0.1 222 223 -1
0.1 636 224 -1
0.1 226 227 -1
0.1 225 638 -1
0.1 637 639 -1
0.1 640 228 -1
0.1 229 230 -1
0.1 641 642 -1
0.1 221 643 -1
0.1 232 233 -1
0.1 231 645 -1
0.1 235 236 -1
0.1 647 237 -1
0.1 239 240 -1
0.1 238 649 -1
0.1 648 650 -1
0.1 234 651 -1
0.1 646 652 -1
0.1 644 653 -1
0.1 635 654 -1
0.1 210 655 -1
0.1 626 656 -1
0.1 617 657 -1
0.1 241 242 -1
0.1 244 245 -1
0.1 243 660 -1
0.1 246 247 -1
0.1 661 662 -1
0.1 251 252 -1
0.1 250 664 -1
0.1 249 665 -1
0.1 253 254 -1
0.1 255 256 -1
0.1 667 668 -1
0.1 257 258 -1
0.1 669 670 -1
0.1 666 671 -1
0.1 248 672 -1
0.1 663 673 -1
0.1 659 674 -1
0.1 260 261 -1
0.1 259 676 -1
0.1 263 264 -1
0.1 262 678 -1
0.1 679 265 -1
0.1 677 680 -1
0.1 675 681 -1
0.1 267 268 -1
0.1 266 683 -1
0.1 269 270 -1
0.1 684 685 -1
0.1 276 277 -1
0.1 278 279 -1
0.1 688 280 -1
0.1 687 689 -1
0.1 690 281 -1
0.1 275 691 -1
0.1 282 283 -1
0.1 692 693 -1
0.1 274 694 -1
0.1 284 285 -1
0.1 286 287 -1
0.1 697 288 -1
0.1 696 698 -1
0.1 289 290 -1
0.1 292 293 -1
0.1 291 701 -1
0.1 700 702 -1
0.1 699 703 -1
0.1 695 704 -1
0.1 705 294 -1
0.1 273 706 -1
0.1 272 707 -1
0.1 708 295 -1
0.1 271 709 -1
0.1 297 298 -1
0.1 296 711 -1
0.1 301 302 -1
0.1 304 305 -1
0.1 303 714 -1
0.1 713 715 -1
0.1 306 307 -1
0.1 716 717 -1
0.1 718 308 -1
0.1 300 719 -1
0.1 299 720 -1
0.1 721 309 -1
0.1 313 314 -1
0.1 723 315 -1
0.1 316 317 -1
0.1 318 319 -1
0.1 725 726 -1
0.1 724 727 -1
0.1 312 728 -1
0.1 311 729 -1
0.1 310 730 -1
0.1 722 731 -1
0.1 712 732 -1
0.1 733 320 -1
0.1 710 734 -1
0.1 686 735 -1
0.1 322 323 -1
0.1 737 324 -1
0.1 325 326 -1
0.1 739 327 -1
0.1 738 740 -1
0.1 330 331 -1
0.1 742 332 -1
0.1 333 334 -1
0.1 744 335 -1
0.1 336 337 -1
0.1 745 746 -1
0.1 338 339 -1
0.1 747 748 -1
0.1 743 749 -1
0.1 750 340 -1
0.1 751 341 -1
0.1 329 752 -1
0.1 347 348 -1
0.1 346 754 -1
0.1 345 755 -1
0.1 350 351 -1
0.1 757 352 -1
0.1 349 758 -1
0.1 756 759 -1
0.1 760 353 -1
0.1 344 761 -1
0.1 343 762 -1
0.1 355 356 -1
0.1 357 358 -1
0.1 765 359 -1
0.1 361 362 -1
0.1 363 364 -1
0.1 767 768 -1
0.1 360 769 -1
0.1 766 770 -1
0.1 764 771 -1
0.1 365 366 -1
0.1 367 368 -1
0.1 773 774 -1
0.1 369 370 -1
0.1 776 371 -1
0.1 777 372 -1
0.1 373 374 -1
0.1 778 779 -1
0.1 775 780 -1
0.1 772 781 -1
0.1 354 782 -1
0.1 763 783 -1
0.1 342 784 -1
0.1 375 376 -1
0.1 785 786 -1
0.1 753 787 -1
0.1 328 788 -1
0.1 741 789 -1
0.1 378 379 -1
0.1 377 791 -1
0.1 790 792 -1
0.1 793 380 -1
0.1 321 794 -1
0.1 736 795 -1
0.1 382 383 -1
0.1 384 385 -1
0.1 386 387 -1
0.1 389 390 -1
0.1 388 800 -1
0.1 799 801 -1
0.1 798 802 -1
0.1 797 803 -1
0.1 804 391 -1
0.1 392 393 -1
0.1 394 395 -1
0.1 807 396 -1
0.1 397 398 -1
0.1 400 401 -1
0.1 399 810 -1
0.1 809 811 -1
0.1 808 812 -1
0.1 806 813 -1
0.1 403 404 -1
0.1 815 405 -1
0.1 402 816 -1
0.1 406 407 -1
0.1 409 410 -1
0.1 408 819 -1
0.1 818 820 -1
0.1 817 821 -1
0.1 822 411 -1
0.1 814 823 -1
0.1 805 824 -1
0.1 381 825 -1
0.1 412 413 -1
0.1 414 415 -1
0.1 828 416 -1
0.1 827 829 -1
0.1 417 418 -1
0.1 419 420 -1
0.1 831 832 -1
0.1 830 833 -1
0.1 826 834 -1
0.1 796 835 -1
0.1 682 836 -1
0.1 658 837 -1
0.1 606 838 -1
