1 0 0 1
1 0 0 1
1 0 0 1
1 0 0 1
1 0 0 2
1 0 0 2
1 0 0 2
1 0 0 2
1 0 0 2
1 0 0 2
1 0 0 2
1 0 0 2
1 0 0 2
1 0 0 2
1 0 0 1
1 0 0 1
1 0 0 3
1 0 0 3
1 0 0 3
1 0 0 3
1 0 0 3
1 0 0 3
1 0 0 3
1 0 0 3
1 0 0 3
1 0 0 3
1 0 0 1
1 0 0 4
1 0 0 5
1 0 0 5
1 0 0 5
1 0 0 5
1 0 0 5
1 0 0 5
1 0 0 5
1 0 0 5
1 0 0 5
1 0 0 6
1 0 0 7
1 0 0 8
1 0 0 8
1 0 0 9
1 0 0 9
1 0 0 10
1 0 0 10
1 0 0 10
1 0 0 10
1 0 0 10
1 0 0 10
1 0 0 10
1 0 0 10
1 0 0 10
1 0 0 10
1 0 0 6
1 0 0 6
1 0 0 6
1 0 0 9
1 0 0 9
1 0 0 9
1 0 0 9
1 0 0 9
1 0 0 9
1 0 0 9
1 0 0 9
1 0 0 1
1 0 0 6
1 0 0 11
1 0 0 11
1 0 0 11
1 0 0 11
1 0 0 11
1 0 0 11
1 0 0 11
1 0 0 11
1 0 0 11
1 0 0 11
1 0 0 12
1 0 0 12
1 0 0 12
1 0 0 12
1 0 0 12
1 0 0 12
1 0 0 12
1 0 0 12
1 0 0 12
1 0 0 12
1 0 0 8
1 0 0 8
1 0 0 8
1 0 0 1
1 0 0 13
1 0 0 13
1 0 0 13
1 0 0 6
1 0 0 14
1 0 0 14
1 0 0 14
1 0 0 14
1 0 0 14
1 0 0 14
1 0 0 14
1 0 0 14
1 0 0 14
1 0 0 14
1 0 0 13
1 0 0 13
1 0 0 13
1 0 0 13
1 0 0 13
1 0 0 13
1 0 0 13
1 0 0 7
1 0 0 7
1 0 0 7
1 0 0 7
1 0 0 7
1 0 0 7
1 0 0 7
1 0 0 6
1 0 0 6
1 0 0 6
1 0 0 6
1 0 0 4
1 0 0 4
1 0 0 4
1 0 0 5
1 0 0 4
1 0 0 8
1 0 0 8
1 0 0 8
1 0 0 8
1 0 0 8
1 0 0 4
1 0 0 4
1 0 0 7
1 0 0 7
1 0 0 4
1 0 0 1
1 0 0 15
1 0 0 15
1 0 0 15
1 0 0 15
1 0 0 15
1 0 0 15
1 0 0 15
1 0 0 15
1 0 0 15
1 0 0 15
1 0 0 4
1 0 0 4
0.1 2 3 -1
0.1 151 4 -1
0.1 1 152 -1
0.1 6 7 -1
0.1 5 154 -1
0.1 8 9 -1
0.1 10 11 -1
0.1 12 13 -1
0.1 157 158 -1
0.1 156 159 -1
0.1 160 14 -1
0.1 155 161 -1
0.1 15 16 -1
0.1 18 19 -1
0.1 164 20 -1
0.1 165 21 -1
0.1 22 23 -1
0.1 166 167 -1
0.1 168 24 -1
0.1 17 169 -1
0.1 163 170 -1
0.1 25 26 -1
0.1 171 172 -1
0.1 162 173 -1
0.1 174 27 -1
0.1 153 175 -1
0.1 176 28 -1
0.1 32 33 -1
0.1 31 178 -1
0.1 34 35 -1
0.1 179 180 -1
0.1 181 36 -1
0.1 30 182 -1
0.1 183 37 -1
0.1 29 184 -1
0.1 185 38 -1
0.1 177 186 -1
0.1 40 41 -1
0.1 39 188 -1
0.1 42 43 -1
0.1 45 46 -1
0.1 191 47 -1
0.1 49 50 -1
0.1 48 193 -1
0.1 192 194 -1
0.1 51 52 -1
0.1 195 196 -1
0.1 197 53 -1
0.1 55 56 -1
0.1 54 199 -1
0.1 198 200 -1
0.1 44 201 -1
0.1 190 202 -1
0.1 59 60 -1
0.1 58 204 -1
0.1 57 205 -1
0.1 206 61 -1
0.1 207 62 -1
0.1 63 64 -1
0.1 208 209 -1
0.1 203 210 -1
0.1 65 66 -1
0.1 68 69 -1
0.1 67 213 -1
0.1 71 72 -1
0.1 70 215 -1
0.1 214 216 -1
0.1 73 74 -1
0.1 75 76 -1
0.1 218 219 -1
0.1 217 220 -1
0.1 212 221 -1
0.1 211 222 -1
0.1 189 223 -1
0.1 187 224 -1
0.1 77 78 -1
0.1 226 79 -1
0.1 80 81 -1
0.1 82 83 -1
0.1 229 84 -1
0.1 228 230 -1
0.1 85 86 -1
0.1 231 232 -1
0.1 227 233 -1
0.1 88 89 -1
0.1 87 235 -1
0.1 92 93 -1
0.1 91 237 -1
0.1 95 96 -1
0.1 97 98 -1
0.1 240 99 -1
0.1 241 100 -1
0.1 239 242 -1
0.1 103 104 -1
0.1 102 244 -1
0.1 101 245 -1
0.1 243 246 -1
0.1 94 247 -1
0.1 105 106 -1
0.1 108 109 -1
0.1 250 110 -1
0.1 107 251 -1
0.1 252 111 -1
0.1 249 253 -1
0.1 248 254 -1
0.1 238 255 -1
0.1 113 114 -1
0.1 257 115 -1
0.1 116 117 -1
0.1 258 259 -1
0.1 112 260 -1
0.1 261 118 -1
0.1 119 120 -1
0.1 121 122 -1
0.1 263 264 -1
0.1 262 265 -1
0.1 256 266 -1
0.1 90 267 -1
0.1 236 268 -1
0.1 124 125 -1
0.1 123 270 -1
0.1 271 126 -1
0.1 128 129 -1
0.1 131 132 -1
0.1 130 274 -1
0.1 273 275 -1
0.1 276 133 -1
0.1 277 134 -1
0.1 135 136 -1
0.1 143 144 -1
0.1 145 146 -1
0.1 281 147 -1
0.1 280 282 -1
0.1 142 283 -1
0.1 141 284 -1
0.1 285 148 -1
0.1 140 286 -1
0.1 139 287 -1
0.1 138 288 -1
0.1 137 289 -1
0.1 279 290 -1
0.1 278 291 -1
0.1 127 292 -1
0.1 293 149 -1
0.1 294 150 -1
0.1 272 295 -1
0.1 269 296 -1
0.1 234 297 -1
0.1 225 298 -1
