1 0 0 1
1 0 0 1
1 0 0 2
1 0 0 2
1 0 0 2
1 0 0 2
1 0 0 2
1 0 0 2
1 0 0 2
1 0 0 2
1 0 0 2
1 0 0 2
1 0 0 3
1 0 0 4
1 0 0 4
1 0 0 4
1 0 0 1
1 0 0 5
1 0 0 5
1 0 0 5
1 0 0 5
1 0 0 5
1 0 0 5
1 0 0 5
1 0 0 5
1 0 0 5
1 0 0 5
1 0 0 1
1 0 0 1
1 0 0 1
1 0 0 1
1 0 0 6
1 0 0 6
1 0 0 6
1 0 0 6
1 0 0 6
1 0 0 6
1 0 0 7
1 0 0 7
1 0 0 7
1 0 0 7
1 0 0 7
1 0 0 7
1 0 0 7
1 0 0 7
1 0 0 7
1 0 0 7
1 0 0 6
1 0 0 6
1 0 0 6
1 0 0 1
1 0 0 6
1 0 0 4
1 0 0 4
1 0 0 4
1 0 0 4
1 0 0 4
1 0 0 4
1 0 0 4
1 0 0 8
1 0 0 8
1 0 0 8
1 0 0 8
1 0 0 8
1 0 0 8
1 0 0 8
1 0 0 8
1 0 0 8
1 0 0 9
1 0 0 9
1 0 0 9
1 0 0 9
1 0 0 8
1 0 0 1
1 0 0 1
1 0 0 9
1 0 0 9
1 0 0 9
1 0 0 10
1 0 0 3
1 0 0 3
1 0 0 3
1 0 0 3
1 0 0 11
1 0 0 11
1 0 0 11
1 0 0 11
1 0 0 11
1 0 0 11
1 0 0 11
1 0 0 11
1 0 0 11
1 0 0 11
1 0 0 12
1 0 0 12
1 0 0 12
1 0 0 12
1 0 0 12
1 0 0 12
1 0 0 12
1 0 0 12
1 0 0 12
1 0 0 12
1 0 0 3
1 0 0 3
1 0 0 3
1 0 0 10
1 0 0 10
1 0 0 10
1 0 0 10
1 0 0 10
1 0 0 10
1 0 0 10
1 0 0 10
1 0 0 10
1 0 0 13
1 0 0 13
1 0 0 14
1 0 0 14
1 0 0 14
1 0 0 14
1 0 0 14
1 0 0 14
1 0 0 14
1 0 0 14
1 0 0 14
1 0 0 14
1 0 0 15
1 0 0 15
1 0 0 15
1 0 0 15
1 0 0 15
1 0 0 15
1 0 0 15
1 0 0 15
1 0 0 15
1 0 0 15
1 0 0 13
1 0 0 13
1 0 0 9
1 0 0 9
1 0 0 9
1 0 0 3
1 0 0 3
1 0 0 13
1 0 0 13
1 0 0 13
1 0 0 13
1 0 0 13
1 0 0 13
0.1 4 5 -1
0.1 6 7 -1
0.1 8 9 -1
0.1 152 153 -1
0.1 10 11 -1
0.1 154 155 -1
0.1 156 12 -1
0.1 151 157 -1
0.1 3 158 -1
0.1 2 159 -1
0.1 15 16 -1
0.1 14 161 -1
0.1 13 162 -1
0.1 160 163 -1
0.1 1 164 -1
0.1 20 21 -1
0.1 24 25 -1
0.1 23 167 -1
0.1 22 168 -1
0.1 166 169 -1
0.1 170 26 -1
0.1 19 171 -1
0.1 18 172 -1
0.1 173 27 -1
0.1 29 30 -1
0.1 28 175 -1
0.1 176 31 -1
0.1 34 35 -1
0.1 178 36 -1
0.1 33 179 -1
0.1 38 39 -1
0.1 40 41 -1
0.1 182 42 -1
0.1 44 45 -1
0.1 43 184 -1
0.1 183 185 -1
0.1 181 186 -1
0.1 46 47 -1
0.1 187 188 -1
0.1 189 48 -1
0.1 190 49 -1
0.1 37 191 -1
0.1 192 50 -1
0.1 193 51 -1
0.1 194 52 -1
0.1 180 195 -1
0.1 32 196 -1
0.1 177 197 -1
0.1 174 198 -1
0.1 17 199 -1
0.1 165 200 -1
0.1 53 54 -1
0.1 55 56 -1
0.1 203 57 -1
0.1 204 58 -1
0.1 205 59 -1
0.1 202 206 -1
0.1 62 63 -1
0.1 61 208 -1
0.1 209 64 -1
0.1 65 66 -1
0.1 210 211 -1
0.1 60 212 -1
0.1 67 68 -1
0.1 213 214 -1
0.1 207 215 -1
0.1 201 216 -1
0.1 70 71 -1
0.1 218 72 -1
0.1 74 75 -1
0.1 73 220 -1
0.1 219 221 -1
0.1 77 78 -1
0.1 76 223 -1
0.1 222 224 -1
0.1 69 225 -1
0.1 80 81 -1
0.1 227 82 -1
0.1 87 88 -1
0.1 86 229 -1
0.1 230 89 -1
0.1 231 90 -1
0.1 232 91 -1
0.1 85 233 -1
0.1 84 234 -1
0.1 92 93 -1
0.1 96 97 -1
0.1 95 237 -1
0.1 98 99 -1
0.1 100 101 -1
0.1 102 103 -1
0.1 240 241 -1
0.1 239 242 -1
0.1 238 243 -1
0.1 94 244 -1
0.1 236 245 -1
0.1 235 246 -1
0.1 83 247 -1
0.1 104 105 -1
0.1 249 106 -1
0.1 248 250 -1
0.1 228 251 -1
0.1 108 109 -1
0.1 107 253 -1
0.1 254 110 -1
0.1 252 255 -1
0.1 79 256 -1
0.1 112 113 -1
0.1 111 258 -1
0.1 114 115 -1
0.1 259 260 -1
0.1 257 261 -1
0.1 116 117 -1
0.1 118 119 -1
0.1 120 121 -1
0.1 123 124 -1
0.1 126 127 -1
0.1 125 267 -1
0.1 266 268 -1
0.1 122 269 -1
0.1 265 270 -1
0.1 264 271 -1
0.1 263 272 -1
0.1 129 130 -1
0.1 274 131 -1
0.1 275 132 -1
0.1 133 134 -1
0.1 277 135 -1
0.1 276 278 -1
0.1 128 279 -1
0.1 280 136 -1
0.1 281 137 -1
0.1 282 138 -1
0.1 141 142 -1
0.1 140 284 -1
0.1 139 285 -1
0.1 283 286 -1
0.1 143 144 -1
0.1 288 145 -1
0.1 287 289 -1
0.1 147 148 -1
0.1 146 291 -1
0.1 292 149 -1
0.1 290 293 -1
0.1 294 150 -1
0.1 273 295 -1
0.1 262 296 -1
0.1 226 297 -1
0.1 217 298 -1
