1 0 0 1
1 0 0 1
1 0 0 2
1 0 0 2
1 0 0 2
1 0 0 2
1 0 0 2
1 0 0 3
1 0 0 4
1 0 0 4
1 0 0 4
1 0 0 4
1 0 0 4
1 0 0 4
1 0 0 4
1 0 0 4
1 0 0 4
1 0 0 4
1 0 0 5
1 0 0 5
1 0 0 5
1 0 0 5
1 0 0 5
1 0 0 5
1 0 0 5
1 0 0 5
1 0 0 5
1 0 0 5
1 0 0 3
1 0 0 3
1 0 0 3
1 0 0 3
1 0 0 6
1 0 0 6
1 0 0 6
1 0 0 6
1 0 0 6
1 0 0 6
1 0 0 6
1 0 0 6
1 0 0 6
1 0 0 6
1 0 0 3
1 0 0 3
1 0 0 3
1 0 0 3
1 0 0 3
1 0 0 7
1 0 0 7
1 0 0 7
1 0 0 7
1 0 0 7
1 0 0 7
1 0 0 8
1 0 0 8
1 0 0 8
1 0 0 8
1 0 0 8
1 0 0 8
1 0 0 8
1 0 0 8
1 0 0 8
1 0 0 8
1 0 0 7
1 0 0 7
1 0 0 7
1 0 0 7
1 0 0 1
1 0 0 1
1 0 0 1
1 0 0 1
1 0 0 1
1 0 0 1
1 0 0 1
1 0 0 1
1 0 0 9
1 0 0 9
1 0 0 9
1 0 0 9
1 0 0 10
1 0 0 10
1 0 0 9
1 0 0 9
1 0 0 9
1 0 0 9
1 0 0 9
1 0 0 10
1 0 0 10
1 0 0 10
1 0 0 10
1 0 0 10
1 0 0 10
1 0 0 10
1 0 0 10
1 0 0 9
1 0 0 11
1 0 0 11
1 0 0 11
1 0 0 11
1 0 0 11
1 0 0 11
1 0 0 12
1 0 0 12
1 0 0 13
1 0 0 13
1 0 0 13
1 0 0 12
1 0 0 12
1 0 0 12
1 0 0 12
1 0 0 14
1 0 0 14
1 0 0 14
1 0 0 14
1 0 0 14
1 0 0 11
1 0 0 14
1 0 0 14
1 0 0 14
1 0 0 14
1 0 0 14
1 0 0 12
1 0 0 12
1 0 0 12
1 0 0 12
1 0 0 13
1 0 0 13
1 0 0 13
1 0 0 13
1 0 0 13
1 0 0 13
1 0 0 13
1 0 0 11
1 0 0 11
1 0 0 11
1 0 0 15
1 0 0 15
1 0 0 15
1 0 0 15
1 0 0 15
1 0 0 15
1 0 0 15
1 0 0 15
1 0 0 15
1 0 0 15
1 0 0 16
1 0 0 16
1 0 0 16
1 0 0 16
1 0 0 16
1 0 0 16
1 0 0 16
1 0 0 16
1 0 0 16
1 0 0 16
1 0 0 17
1 0 0 17
1 0 0 17
1 0 0 17
1 0 0 17
1 0 0 17
1 0 0 17
1 0 0 18
1 0 0 19
1 0 0 19
1 0 0 19
1 0 0 19
1 0 0 19
1 0 0 19
1 0 0 19
1 0 0 19
1 0 0 19
1 0 0 19
1 0 0 20
1 0 0 20
1 0 0 18
1 0 0 18
1 0 0 21
1 0 0 21
1 0 0 21
1 0 0 20
1 0 0 20
1 0 0 20
1 0 0 20
1 0 0 20
1 0 0 20
1 0 0 20
1 0 0 20
1 0 0 21
1 0 0 21
1 0 0 22
1 0 0 22
1 0 0 22
1 0 0 23
1 0 0 23
1 0 0 23
1 0 0 23
1 0 0 23
1 0 0 23
1 0 0 23
1 0 0 23
1 0 0 23
1 0 0 22
1 0 0 22
1 0 0 22
1 0 0 22
1 0 0 22
1 0 0 22
1 0 0 23
1 0 0 22
1 0 0 21
1 0 0 21
1 0 0 21
1 0 0 21
1 0 0 21
1 0 0 18
1 0 0 18
1 0 0 18
1 0 0 18
1 0 0 18
1 0 0 18
1 0 0 18
1 0 0 17
1 0 0 17
1 0 0 17
1 0 0 2
1 0 0 2
1 0 0 2
1 0 0 2
1 0 0 2
1 0 0 24
1 0 0 24
1 0 0 24
1 0 0 24
1 0 0 24
1 0 0 24
1 0 0 25
1 0 0 26
1 0 0 27
1 0 0 26
1 0 0 26
1 0 0 26
1 0 0 26
1 0 0 26
1 0 0 26
1 0 0 26
1 0 0 26
1 0 0 26
1 0 0 25
1 0 0 25
1 0 0 25
1 0 0 25
1 0 0 25
1 0 0 28
1 0 0 28
1 0 0 28
1 0 0 28
1 0 0 28
1 0 0 28
1 0 0 28
1 0 0 28
1 0 0 28
1 0 0 28
1 0 0 25
1 0 0 25
1 0 0 25
1 0 0 25
1 0 0 24
1 0 0 24
1 0 0 24
1 0 0 24
1 0 0 27
1 0 0 27
1 0 0 27
1 0 0 27
1 0 0 27
1 0 0 27
1 0 0 27
1 0 0 27
1 0 0 27
0.1 3 4 -1
0.1 5 6 -1
0.1 281 282 -1
0.1 283 7 -1
0.1 2 284 -1
0.1 9 10 -1
0.1 11 12 -1
0.1 287 13 -1
0.1 286 288 -1
0.1 289 14 -1
0.1 15 16 -1
0.1 17 18 -1
0.1 291 292 -1
0.1 290 293 -1
0.1 19 20 -1
0.1 22 23 -1
0.1 21 296 -1
0.1 297 24 -1
0.1 26 27 -1
0.1 25 299 -1
0.1 298 300 -1
0.1 295 301 -1
0.1 302 28 -1
0.1 294 303 -1
0.1 304 29 -1
0.1 30 31 -1
0.1 37 38 -1
0.1 36 307 -1
0.1 308 39 -1
0.1 40 41 -1
0.1 309 310 -1
0.1 35 311 -1
0.1 312 42 -1
0.1 34 313 -1
0.1 33 314 -1
0.1 315 43 -1
0.1 32 316 -1
0.1 306 317 -1
0.1 318 44 -1
0.1 45 46 -1
0.1 319 320 -1
0.1 305 321 -1
0.1 322 47 -1
0.1 8 323 -1
0.1 49 50 -1
0.1 48 325 -1
0.1 52 53 -1
0.1 51 327 -1
0.1 326 328 -1
0.1 324 329 -1
0.1 54 55 -1
0.1 56 57 -1
0.1 331 332 -1
0.1 58 59 -1
0.1 334 60 -1
0.1 62 63 -1
0.1 61 336 -1
0.1 335 337 -1
0.1 333 338 -1
0.1 330 339 -1
0.1 285 340 -1
0.1 64 65 -1
0.1 66 67 -1
0.1 342 343 -1
0.1 341 344 -1
0.1 69 70 -1
0.1 68 346 -1
0.1 347 71 -1
0.1 345 348 -1
0.1 74 75 -1
0.1 73 350 -1
0.1 72 351 -1
0.1 76 77 -1
0.1 78 79 -1
0.1 82 83 -1
0.1 355 84 -1
0.1 85 86 -1
0.1 356 357 -1
0.1 87 88 -1
0.1 89 90 -1
0.1 359 360 -1
0.1 361 91 -1
0.1 358 362 -1
0.1 81 363 -1
0.1 364 92 -1
0.1 80 365 -1
0.1 93 94 -1
0.1 366 367 -1
0.1 354 368 -1
0.1 353 369 -1
0.1 370 95 -1
0.1 97 98 -1
0.1 96 372 -1
0.1 100 101 -1
0.1 99 374 -1
0.1 105 106 -1
0.1 104 376 -1
0.1 107 108 -1
0.1 109 110 -1
0.1 378 379 -1
0.1 114 115 -1
0.1 113 381 -1
0.1 382 116 -1
0.1 112 383 -1
0.1 119 120 -1
0.1 385 121 -1
0.1 118 386 -1
0.1 117 387 -1
0.1 384 388 -1
0.1 111 389 -1
0.1 380 390 -1
0.1 123 124 -1
0.1 392 125 -1
0.1 122 393 -1
0.1 394 126 -1
0.1 391 395 -1
0.1 128 129 -1
0.1 127 397 -1
0.1 130 131 -1
0.1 399 132 -1
0.1 398 400 -1
0.1 396 401 -1
0.1 377 402 -1
0.1 103 403 -1
0.1 102 404 -1
0.1 134 135 -1
0.1 133 406 -1
0.1 136 137 -1
0.1 408 138 -1
0.1 407 409 -1
0.1 405 410 -1
0.1 142 143 -1
0.1 141 412 -1
0.1 140 413 -1
0.1 414 144 -1
0.1 415 145 -1
0.1 139 416 -1
0.1 411 417 -1
0.1 375 418 -1
0.1 373 419 -1
0.1 147 148 -1
0.1 146 421 -1
0.1 150 151 -1
0.1 149 423 -1
0.1 152 153 -1
0.1 424 425 -1
0.1 154 155 -1
0.1 426 427 -1
0.1 422 428 -1
0.1 420 429 -1
0.1 371 430 -1
0.1 352 431 -1
0.1 349 432 -1
0.1 1 433 -1
0.1 156 157 -1
0.1 159 160 -1
0.1 158 436 -1
0.1 435 437 -1
0.1 438 161 -1
0.1 165 166 -1
0.1 440 167 -1
0.1 164 441 -1
0.1 442 168 -1
0.1 169 170 -1
0.1 444 171 -1
0.1 443 445 -1
0.1 172 173 -1
0.1 446 447 -1
0.1 176 177 -1
0.1 178 179 -1
0.1 450 180 -1
0.1 449 451 -1
0.1 181 182 -1
0.1 453 183 -1
0.1 454 184 -1
0.1 455 185 -1
0.1 456 186 -1
0.1 452 457 -1
0.1 458 187 -1
0.1 459 188 -1
0.1 175 460 -1
0.1 174 461 -1
0.1 448 462 -1
0.1 189 190 -1
0.1 194 195 -1
0.1 196 197 -1
0.1 198 199 -1
0.1 201 202 -1
0.1 200 468 -1
0.1 467 469 -1
0.1 466 470 -1
0.1 465 471 -1
0.1 193 472 -1
0.1 192 473 -1
0.1 191 474 -1
0.1 203 204 -1
0.1 475 476 -1
0.1 477 205 -1
0.1 207 208 -1
0.1 206 479 -1
0.1 478 480 -1
0.1 481 209 -1
0.1 482 210 -1
0.1 464 483 -1
0.1 484 211 -1
0.1 212 213 -1
0.1 214 215 -1
0.1 486 487 -1
0.1 485 488 -1
0.1 463 489 -1
0.1 216 217 -1
0.1 490 491 -1
0.1 163 492 -1
0.1 219 220 -1
0.1 221 222 -1
0.1 494 495 -1
0.1 218 496 -1
0.1 493 497 -1
0.1 224 225 -1
0.1 223 499 -1
0.1 498 500 -1
0.1 162 501 -1
0.1 439 502 -1
0.1 226 227 -1
0.1 229 230 -1
0.1 232 233 -1
0.1 231 506 -1
0.1 507 234 -1
0.1 239 240 -1
0.1 509 241 -1
0.1 243 244 -1
0.1 242 511 -1
0.1 510 512 -1
0.1 238 513 -1
0.1 247 248 -1
0.1 246 515 -1
0.1 245 516 -1
0.1 514 517 -1
0.1 249 250 -1
0.1 519 251 -1
0.1 256 257 -1
0.1 258 259 -1
0.1 260 261 -1
0.1 522 523 -1
0.1 521 524 -1
0.1 525 262 -1
0.1 526 263 -1
0.1 255 527 -1
0.1 254 528 -1
0.1 529 264 -1
0.1 265 266 -1
0.1 530 531 -1
0.1 253 532 -1
0.1 252 533 -1
0.1 534 267 -1
0.1 520 535 -1
0.1 518 536 -1
0.1 237 537 -1
0.1 538 268 -1
0.1 236 539 -1
0.1 235 540 -1
0.1 269 270 -1
0.1 541 542 -1
0.1 543 271 -1
0.1 508 544 -1
0.1 272 273 -1
0.1 546 274 -1
0.1 547 275 -1
0.1 548 276 -1
0.1 277 278 -1
0.1 279 280 -1
0.1 550 551 -1
0.1 549 552 -1
0.1 545 553 -1
0.1 505 554 -1
0.1 228 555 -1
0.1 504 556 -1
0.1 503 557 -1
0.1 434 558 -1
