1 0 0 1
1 0 0 1
1 0 0 1
1 0 0 1
1 0 0 1
1 0 0 1
1 0 0 1
1 0 0 1
1 0 0 1
1 0 0 2
1 0 0 2
1 0 0 2
1 0 0 2
1 0 0 2
1 0 0 2
1 0 0 3
1 0 0 4
1 0 0 4
1 0 0 4
1 0 0 4
1 0 0 5
1 0 0 5
1 0 0 5
1 0 0 5
1 0 0 5
1 0 0 5
1 0 0 5
1 0 0 5
1 0 0 5
1 0 0 5
1 0 0 4
1 0 0 4
1 0 0 4
1 0 0 4
1 0 0 4
1 0 0 4
1 0 0 6
1 0 0 6
1 0 0 6
1 0 0 6
1 0 0 6
1 0 0 6
1 0 0 6
1 0 0 1
1 0 0 7
1 0 0 7
1 0 0 8
1 0 0 7
1 0 0 7
1 0 0 7
1 0 0 7
1 0 0 7
1 0 0 7
1 0 0 7
1 0 0 7
1 0 0 3
1 0 0 3
1 0 0 3
1 0 0 3
1 0 0 3
1 0 0 3
1 0 0 8
1 0 0 8
1 0 0 6
1 0 0 8
1 0 0 9
1 0 0 2
1 0 0 2
1 0 0 2
1 0 0 2
1 0 0 8
1 0 0 8
1 0 0 8
1 0 0 8
1 0 0 8
1 0 0 8
1 0 0 10
1 0 0 10
1 0 0 10
1 0 0 10
1 0 0 9
1 0 0 11
1 0 0 11
1 0 0 11
1 0 0 11
1 0 0 11
1 0 0 11
1 0 0 11
1 0 0 11
1 0 0 11
1 0 0 11
1 0 0 9
1 0 0 9
1 0 0 6
1 0 0 6
1 0 0 9
1 0 0 9
1 0 0 9
1 0 0 9
1 0 0 9
1 0 0 9
1 0 0 12
1 0 0 12
1 0 0 12
1 0 0 12
1 0 0 12
1 0 0 12
1 0 0 12
1 0 0 12
1 0 0 12
1 0 0 12
1 0 0 13
1 0 0 13
1 0 0 13
1 0 0 13
1 0 0 13
1 0 0 13
1 0 0 13
1 0 0 13
1 0 0 13
1 0 0 13
1 0 0 14
1 0 0 14
1 0 0 14
1 0 0 14
1 0 0 14
1 0 0 14
1 0 0 14
1 0 0 15
1 0 0 15
1 0 0 15
1 0 0 15
1 0 0 15
1 0 0 15
1 0 0 15
1 0 0 15
1 0 0 15
1 0 0 14
1 0 0 15
1 0 0 14
1 0 0 14
1 0 0 10
1 0 0 10
1 0 0 10
1 0 0 10
1 0 0 10
1 0 0 10
1 0 0 3
1 0 0 3
1 0 0 3
0.1 2 3 -1
0.1 1 151 -1
0.1 4 5 -1
0.1 152 153 -1
0.1 7 8 -1
0.1 155 9 -1
0.1 6 156 -1
0.1 154 157 -1
0.1 10 11 -1
0.1 13 14 -1
0.1 160 15 -1
0.1 12 161 -1
0.1 159 162 -1
0.1 158 163 -1
0.1 18 19 -1
0.1 17 165 -1
0.1 166 20 -1
0.1 21 22 -1
0.1 24 25 -1
0.1 23 169 -1
0.1 168 170 -1
0.1 28 29 -1
0.1 27 172 -1
0.1 26 173 -1
0.1 171 174 -1
0.1 175 30 -1
0.1 167 176 -1
0.1 33 34 -1
0.1 32 178 -1
0.1 35 36 -1
0.1 179 180 -1
0.1 31 181 -1
0.1 177 182 -1
0.1 16 183 -1
0.1 37 38 -1
0.1 40 41 -1
0.1 39 186 -1
0.1 185 187 -1
0.1 42 43 -1
0.1 188 189 -1
0.1 190 44 -1
0.1 184 191 -1
0.1 45 46 -1
0.1 47 48 -1
0.1 193 194 -1
0.1 50 51 -1
0.1 52 53 -1
0.1 196 197 -1
0.1 49 198 -1
0.1 195 199 -1
0.1 54 55 -1
0.1 200 201 -1
0.1 56 57 -1
0.1 202 203 -1
0.1 192 204 -1
0.1 164 205 -1
0.1 60 61 -1
0.1 59 207 -1
0.1 58 208 -1
0.1 206 209 -1
0.1 62 63 -1
0.1 211 64 -1
0.1 65 66 -1
0.1 67 68 -1
0.1 213 214 -1
0.1 69 70 -1
0.1 215 216 -1
0.1 73 74 -1
0.1 72 218 -1
0.1 71 219 -1
0.1 75 76 -1
0.1 220 221 -1
0.1 79 80 -1
0.1 78 223 -1
0.1 77 224 -1
0.1 222 225 -1
0.1 217 226 -1
0.1 212 227 -1
0.1 84 85 -1
0.1 83 229 -1
0.1 82 230 -1
0.1 87 88 -1
0.1 86 232 -1
0.1 231 233 -1
0.1 89 90 -1
0.1 235 91 -1
0.1 234 236 -1
0.1 237 92 -1
0.1 238 93 -1
0.1 81 239 -1
0.1 94 95 -1
0.1 98 99 -1
0.1 97 242 -1
0.1 96 243 -1
0.1 102 103 -1
0.1 104 105 -1
0.1 245 246 -1
0.1 108 109 -1
0.1 107 248 -1
0.1 106 249 -1
0.1 250 110 -1
0.1 251 111 -1
0.1 247 252 -1
0.1 101 253 -1
0.1 100 254 -1
0.1 244 255 -1
0.1 241 256 -1
0.1 240 257 -1
0.1 228 258 -1
0.1 113 114 -1
0.1 112 260 -1
0.1 115 116 -1
0.1 117 118 -1
0.1 262 263 -1
0.1 261 264 -1
0.1 120 121 -1
0.1 119 266 -1
0.1 265 267 -1
0.1 268 122 -1
0.1 269 123 -1
0.1 270 124 -1
0.1 125 126 -1
0.1 131 132 -1
0.1 130 273 -1
0.1 133 134 -1
0.1 274 275 -1
0.1 276 135 -1
0.1 129 277 -1
0.1 136 137 -1
0.1 278 279 -1
0.1 128 280 -1
0.1 127 281 -1
0.1 139 140 -1
0.1 138 283 -1
0.1 282 284 -1
0.1 285 141 -1
0.1 272 286 -1
0.1 271 287 -1
0.1 142 143 -1
0.1 144 145 -1
0.1 290 146 -1
0.1 289 291 -1
0.1 292 147 -1
0.1 293 148 -1
0.1 294 149 -1
0.1 295 150 -1
0.1 288 296 -1
0.1 259 297 -1
0.1 210 298 -1
