1 0 0 1
1 0 0 1
1 0 0 1
1 0 0 1
1 0 0 1
1 0 0 2
1 0 0 2
1 0 0 2
1 0 0 2
1 0 0 2
1 0 0 2
1 0 0 2
1 0 0 2
1 0 0 3
1 0 0 3
1 0 0 3
1 0 0 3
1 0 0 4
1 0 0 4
1 0 0 4
1 0 0 4
1 0 0 4
1 0 0 5
1 0 0 5
1 0 0 5
1 0 0 5
1 0 0 5
1 0 0 5
1 0 0 5
1 0 0 5
1 0 0 5
1 0 0 5
1 0 0 4
1 0 0 4
1 0 0 2
1 0 0 2
1 0 0 4
1 0 0 4
1 0 0 6
1 0 0 6
1 0 0 6
1 0 0 6
1 0 0 6
1 0 0 6
1 0 0 6
1 0 0 6
1 0 0 6
1 0 0 6
1 0 0 4
1 0 0 7
1 0 0 7
1 0 0 8
1 0 0 8
1 0 0 8
1 0 0 8
1 0 0 8
1 0 0 8
1 0 0 8
1 0 0 8
1 0 0 8
1 0 0 8
1 0 0 7
1 0 0 7
1 0 0 7
1 0 0 7
1 0 0 9
1 0 0 1
1 0 0 1
1 0 0 1
1 0 0 1
1 0 0 1
1 0 0 9
1 0 0 9
1 0 0 9
1 0 0 9
1 0 0 9
1 0 0 9
1 0 0 9
1 0 0 9
1 0 0 9
1 0 0 10
1 0 0 11
1 0 0 11
1 0 0 11
1 0 0 11
1 0 0 11
1 0 0 11
1 0 0 11
1 0 0 11
1 0 0 11
1 0 0 11
1 0 0 10
1 0 0 10
1 0 0 3
1 0 0 3
1 0 0 3
1 0 0 3
1 0 0 7
1 0 0 7
1 0 0 12
1 0 0 12
1 0 0 12
1 0 0 12
1 0 0 12
1 0 0 12
1 0 0 12
1 0 0 12
1 0 0 12
1 0 0 12
1 0 0 7
1 0 0 7
1 0 0 13
1 0 0 13
1 0 0 13
1 0 0 13
1 0 0 13
1 0 0 13
1 0 0 10
1 0 0 10
1 0 0 10
1 0 0 3
1 0 0 3
1 0 0 13
1 0 0 13
1 0 0 13
1 0 0 13
1 0 0 10
1 0 0 10
1 0 0 10
1 0 0 14
1 0 0 14
1 0 0 14
1 0 0 14
1 0 0 14
1 0 0 14
1 0 0 14
1 0 0 14
1 0 0 14
1 0 0 14
1 0 0 15
1 0 0 15
1 0 0 15
1 0 0 15
1 0 0 15
1 0 0 15
1 0 0 15
1 0 0 15
1 0 0 15
1 0 0 15
1 0 0 10
0.1 2 3 -1
0.1 1 151 -1
0.1 4 5 -1
0.1 152 153 -1
0.1 7 8 -1
0.1 9 10 -1
0.1 156 11 -1
0.1 157 12 -1
0.1 155 158 -1
0.1 6 159 -1
0.1 160 13 -1
0.1 14 15 -1
0.1 16 17 -1
0.1 162 163 -1
0.1 161 164 -1
0.1 18 19 -1
0.1 24 25 -1
0.1 27 28 -1
0.1 26 168 -1
0.1 167 169 -1
0.1 170 29 -1
0.1 23 171 -1
0.1 30 31 -1
0.1 173 32 -1
0.1 172 174 -1
0.1 22 175 -1
0.1 21 176 -1
0.1 20 177 -1
0.1 166 178 -1
0.1 35 36 -1
0.1 39 40 -1
0.1 41 42 -1
0.1 43 44 -1
0.1 46 47 -1
0.1 45 184 -1
0.1 183 185 -1
0.1 182 186 -1
0.1 187 48 -1
0.1 181 188 -1
0.1 38 189 -1
0.1 37 190 -1
0.1 180 191 -1
0.1 34 192 -1
0.1 33 193 -1
0.1 194 49 -1
0.1 179 195 -1
0.1 165 196 -1
0.1 154 197 -1
0.1 55 56 -1
0.1 54 199 -1
0.1 200 57 -1
0.1 53 201 -1
0.1 58 59 -1
0.1 60 61 -1
0.1 203 204 -1
0.1 202 205 -1
0.1 52 206 -1
0.1 51 207 -1
0.1 50 208 -1
0.1 63 64 -1
0.1 210 65 -1
0.1 62 211 -1
0.1 209 212 -1
0.1 69 70 -1
0.1 68 214 -1
0.1 67 215 -1
0.1 216 71 -1
0.1 66 217 -1
0.1 72 73 -1
0.1 218 219 -1
0.1 213 220 -1
0.1 198 221 -1
0.1 74 75 -1
0.1 77 78 -1
0.1 76 224 -1
0.1 223 225 -1
0.1 79 80 -1
0.1 226 227 -1
0.1 228 81 -1
0.1 83 84 -1
0.1 82 230 -1
0.1 86 87 -1
0.1 88 89 -1
0.1 232 233 -1
0.1 85 234 -1
0.1 231 235 -1
0.1 90 91 -1
0.1 236 237 -1
0.1 238 92 -1
0.1 239 93 -1
0.1 229 240 -1
0.1 95 96 -1
0.1 242 97 -1
0.1 94 243 -1
0.1 101 102 -1
0.1 245 103 -1
0.1 100 246 -1
0.1 105 106 -1
0.1 104 248 -1
0.1 108 109 -1
0.1 107 250 -1
0.1 249 251 -1
0.1 247 252 -1
0.1 99 253 -1
0.1 254 110 -1
0.1 98 255 -1
0.1 256 111 -1
0.1 112 113 -1
0.1 114 115 -1
0.1 116 117 -1
0.1 259 260 -1
0.1 258 261 -1
0.1 257 262 -1
0.1 244 263 -1
0.1 264 118 -1
0.1 265 119 -1
0.1 266 120 -1
0.1 121 122 -1
0.1 267 268 -1
0.1 241 269 -1
0.1 123 124 -1
0.1 125 126 -1
0.1 271 272 -1
0.1 127 128 -1
0.1 274 129 -1
0.1 130 131 -1
0.1 132 133 -1
0.1 277 134 -1
0.1 276 278 -1
0.1 279 135 -1
0.1 137 138 -1
0.1 281 139 -1
0.1 136 282 -1
0.1 142 143 -1
0.1 141 284 -1
0.1 140 285 -1
0.1 286 144 -1
0.1 147 148 -1
0.1 146 288 -1
0.1 145 289 -1
0.1 290 149 -1
0.1 287 291 -1
0.1 283 292 -1
0.1 280 293 -1
0.1 294 150 -1
0.1 275 295 -1
0.1 273 296 -1
0.1 270 297 -1
0.1 222 298 -1
