1 0 0 1
1 0 0 1
1 0 0 1
1 0 0 1
1 0 0 1
1 0 0 1
1 0 0 1
1 0 0 1
1 0 0 1
1 0 0 1
1 0 0 2
1 0 0 2
1 0 0 2
1 0 0 2
1 0 0 2
1 0 0 2
1 0 0 2
1 0 0 2
1 0 0 2
1 0 0 2
1 0 0 3
1 0 0 3
1 0 0 4
1 0 0 4
1 0 0 3
1 0 0 3
1 0 0 3
1 0 0 3
1 0 0 3
1 0 0 3
1 0 0 3
1 0 0 5
1 0 0 5
1 0 0 5
1 0 0 5
1 0 0 5
1 0 0 5
1 0 0 3
1 0 0 5
1 0 0 5
1 0 0 5
1 0 0 5
1 0 0 4
1 0 0 4
1 0 0 4
1 0 0 4
1 0 0 4
1 0 0 6
1 0 0 6
1 0 0 6
1 0 0 6
1 0 0 6
1 0 0 6
1 0 0 6
1 0 0 6
1 0 0 6
1 0 0 6
1 0 0 7
1 0 0 7
1 0 0 7
1 0 0 7
1 0 0 7
1 0 0 7
1 0 0 7
1 0 0 8
1 0 0 8
1 0 0 8
1 0 0 8
1 0 0 8
1 0 0 8
1 0 0 8
1 0 0 8
1 0 0 8
1 0 0 8
1 0 0 9
1 0 0 9
1 0 0 9
1 0 0 9
1 0 0 9
1 0 0 9
1 0 0 9
1 0 0 9
1 0 0 9
1 0 0 9
1 0 0 7
1 0 0 10
1 0 0 10
1 0 0 10
1 0 0 10
1 0 0 10
1 0 0 10
1 0 0 10
1 0 0 10
1 0 0 10
1 0 0 10
1 0 0 7
1 0 0 7
1 0 0 11
1 0 0 11
1 0 0 11
1 0 0 11
1 0 0 11
1 0 0 11
1 0 0 11
1 0 0 11
1 0 0 11
1 0 0 11
1 0 0 4
1 0 0 4
1 0 0 4
1 0 0 12
1 0 0 12
1 0 0 12
1 0 0 12
1 0 0 12
1 0 0 12
1 0 0 12
1 0 0 12
1 0 0 12
1 0 0 12
1 0 0 13
1 0 0 13
1 0 0 13
1 0 0 13
1 0 0 13
1 0 0 13
1 0 0 13
1 0 0 13
1 0 0 13
1 0 0 13
1 0 0 14
1 0 0 14
1 0 0 14
1 0 0 14
1 0 0 14
1 0 0 14
1 0 0 14
1 0 0 14
1 0 0 14
1 0 0 14
1 0 0 15
1 0 0 15
1 0 0 15
1 0 0 15
1 0 0 15
1 0 0 15
1 0 0 15
1 0 0 15
1 0 0 16
1 0 0 16
1 0 0 16
1 0 0 16
1 0 0 16
1 0 0 16
1 0 0 16
1 0 0 16
1 0 0 16
1 0 0 16
1 0 0 15
1 0 0 17
1 0 0 17
1 0 0 17
1 0 0 17
1 0 0 17
1 0 0 17
1 0 0 17
1 0 0 18
1 0 0 18
1 0 0 18
1 0 0 18
1 0 0 18
1 0 0 18
1 0 0 18
1 0 0 18
1 0 0 18
1 0 0 18
1 0 0 17
1 0 0 17
1 0 0 19
1 0 0 19
1 0 0 19
1 0 0 19
1 0 0 19
1 0 0 19
1 0 0 19
1 0 0 19
1 0 0 19
1 0 0 19
1 0 0 20
1 0 0 20
1 0 0 20
1 0 0 20
1 0 0 20
1 0 0 20
1 0 0 20
1 0 0 20
1 0 0 20
1 0 0 20
1 0 0 17
1 0 0 21
1 0 0 21
1 0 0 21
1 0 0 21
1 0 0 21
1 0 0 21
1 0 0 21
1 0 0 21
1 0 0 21
1 0 0 21
1 0 0 22
1 0 0 22
1 0 0 22
1 0 0 22
1 0 0 22
1 0 0 22
1 0 0 22
1 0 0 22
1 0 0 22
1 0 0 22
1 0 0 23
1 0 0 23
1 0 0 23
1 0 0 23
1 0 0 23
1 0 0 23
1 0 0 23
1 0 0 23
1 0 0 23
1 0 0 23
1 0 0 15
1 0 0 24
1 0 0 24
1 0 0 24
1 0 0 24
1 0 0 24
1 0 0 24
1 0 0 24
1 0 0 24
1 0 0 24
1 0 0 24
1 0 0 25
1 0 0 25
1 0 0 25
1 0 0 25
1 0 0 25
1 0 0 25
1 0 0 26
1 0 0 26
1 0 0 26
1 0 0 26
1 0 0 26
1 0 0 26
1 0 0 26
1 0 0 26
1 0 0 25
1 0 0 25
1 0 0 25
1 0 0 26
1 0 0 26
1 0 0 25
1 0 0 27
1 0 0 27
1 0 0 27
1 0 0 27
1 0 0 27
1 0 0 27
1 0 0 27
1 0 0 27
1 0 0 27
1 0 0 27
1 0 0 28
1 0 0 28
1 0 0 28
1 0 0 28
1 0 0 28
1 0 0 28
1 0 0 28
1 0 0 28
1 0 0 29
1 0 0 29
1 0 0 29
1 0 0 29
1 0 0 29
1 0 0 29
1 0 0 29
1 0 0 29
1 0 0 29
1 0 0 29
1 0 0 30
1 0 0 30
1 0 0 30
1 0 0 30
1 0 0 30
1 0 0 30
1 0 0 30
1 0 0 30
1 0 0 30
1 0 0 30
1 0 0 31
1 0 0 31
1 0 0 31
1 0 0 31
1 0 0 31
1 0 0 31
1 0 0 31
1 0 0 31
1 0 0 31
1 0 0 31
1 0 0 28
1 0 0 28
1 0 0 32
1 0 0 32
1 0 0 32
1 0 0 32
1 0 0 32
1 0 0 32
1 0 0 32
1 0 0 32
1 0 0 32
1 0 0 32
1 0 0 33
1 0 0 33
1 0 0 33
1 0 0 33
1 0 0 33
1 0 0 33
1 0 0 33
1 0 0 33
1 0 0 33
1 0 0 33
1 0 0 34
1 0 0 34
1 0 0 34
1 0 0 35
1 0 0 35
1 0 0 35
1 0 0 35
1 0 0 35
1 0 0 35
1 0 0 35
1 0 0 35
1 0 0 35
1 0 0 35
1 0 0 34
1 0 0 34
1 0 0 34
1 0 0 34
1 0 0 34
1 0 0 34
1 0 0 34
1 0 0 36
1 0 0 36
1 0 0 36
1 0 0 36
1 0 0 36
1 0 0 36
1 0 0 36
1 0 0 36
1 0 0 36
1 0 0 37
1 0 0 37
1 0 0 37
1 0 0 37
1 0 0 37
1 0 0 37
1 0 0 37
1 0 0 37
1 0 0 37
1 0 0 37
1 0 0 36
0.1 3 4 -1
0.1 9 10 -1
0.1 8 372 -1
0.1 7 373 -1
0.1 6 374 -1
0.1 5 375 -1
0.1 371 376 -1
0.1 2 377 -1
0.1 1 378 -1
0.1 11 12 -1
0.1 13 14 -1
0.1 15 16 -1
0.1 381 382 -1
0.1 380 383 -1
0.1 384 17 -1
0.1 19 20 -1
0.1 18 386 -1
0.1 385 387 -1
0.1 21 22 -1
0.1 388 389 -1
0.1 379 390 -1
0.1 23 24 -1
0.1 25 26 -1
0.1 27 28 -1
0.1 394 29 -1
0.1 30 31 -1
0.1 395 396 -1
0.1 393 397 -1
0.1 32 33 -1
0.1 35 36 -1
0.1 34 400 -1
0.1 399 401 -1
0.1 402 37 -1
0.1 39 40 -1
0.1 404 41 -1
0.1 405 42 -1
0.1 38 406 -1
0.1 403 407 -1
0.1 398 408 -1
0.1 409 43 -1
0.1 44 45 -1
0.1 411 46 -1
0.1 410 412 -1
0.1 392 413 -1
0.1 391 414 -1
0.1 415 47 -1
0.1 49 50 -1
0.1 48 417 -1
0.1 51 52 -1
0.1 418 419 -1
0.1 53 54 -1
0.1 56 57 -1
0.1 55 422 -1
0.1 421 423 -1
0.1 420 424 -1
0.1 59 60 -1
0.1 58 426 -1
0.1 61 62 -1
0.1 63 64 -1
0.1 428 429 -1
0.1 65 66 -1
0.1 67 68 -1
0.1 70 71 -1
0.1 72 73 -1
0.1 434 74 -1
0.1 433 435 -1
0.1 69 436 -1
0.1 432 437 -1
0.1 431 438 -1
0.1 77 78 -1
0.1 76 440 -1
0.1 75 441 -1
0.1 81 82 -1
0.1 80 443 -1
0.1 83 84 -1
0.1 444 445 -1
0.1 79 446 -1
0.1 442 447 -1
0.1 88 89 -1
0.1 87 449 -1
0.1 91 92 -1
0.1 93 94 -1
0.1 452 95 -1
0.1 451 453 -1
0.1 90 454 -1
0.1 450 455 -1
0.1 86 456 -1
0.1 85 457 -1
0.1 448 458 -1
0.1 439 459 -1
0.1 96 97 -1
0.1 460 461 -1
0.1 430 462 -1
0.1 427 463 -1
0.1 98 99 -1
0.1 100 101 -1
0.1 466 102 -1
0.1 104 105 -1
0.1 106 107 -1
0.1 468 469 -1
0.1 103 470 -1
0.1 467 471 -1
0.1 465 472 -1
0.1 464 473 -1
0.1 109 110 -1
0.1 111 112 -1
0.1 113 114 -1
0.1 115 116 -1
0.1 477 478 -1
0.1 479 117 -1
0.1 476 480 -1
0.1 119 120 -1
0.1 118 482 -1
0.1 481 483 -1
0.1 123 124 -1
0.1 122 485 -1
0.1 126 127 -1
0.1 125 487 -1
0.1 486 488 -1
0.1 121 489 -1
0.1 128 129 -1
0.1 490 491 -1
0.1 492 130 -1
0.1 484 493 -1
0.1 132 133 -1
0.1 131 495 -1
0.1 135 136 -1
0.1 497 137 -1
0.1 139 140 -1
0.1 138 499 -1
0.1 498 500 -1
0.1 134 501 -1
0.1 496 502 -1
0.1 494 503 -1
0.1 475 504 -1
0.1 108 505 -1
0.1 474 506 -1
0.1 425 507 -1
0.1 416 508 -1
0.1 143 144 -1
0.1 142 510 -1
0.1 511 145 -1
0.1 146 147 -1
0.1 154 155 -1
0.1 156 157 -1
0.1 515 158 -1
0.1 514 516 -1
0.1 153 517 -1
0.1 152 518 -1
0.1 151 519 -1
0.1 150 520 -1
0.1 149 521 -1
0.1 148 522 -1
0.1 523 159 -1
0.1 513 524 -1
0.1 512 525 -1
0.1 141 526 -1
0.1 160 161 -1
0.1 162 163 -1
0.1 528 529 -1
0.1 165 166 -1
0.1 164 531 -1
0.1 167 168 -1
0.1 169 170 -1
0.1 533 534 -1
0.1 173 174 -1
0.1 175 176 -1
0.1 536 537 -1
0.1 172 538 -1
0.1 171 539 -1
0.1 535 540 -1
0.1 541 177 -1
0.1 542 178 -1
0.1 532 543 -1
0.1 530 544 -1
0.1 179 180 -1
0.1 181 182 -1
0.1 547 183 -1
0.1 184 185 -1
0.1 549 186 -1
0.1 548 550 -1
0.1 546 551 -1
0.1 187 188 -1
0.1 552 553 -1
0.1 190 191 -1
0.1 194 195 -1
0.1 193 556 -1
0.1 192 557 -1
0.1 197 198 -1
0.1 196 559 -1
0.1 558 560 -1
0.1 555 561 -1
0.1 189 562 -1
0.1 563 199 -1
0.1 554 564 -1
0.1 545 565 -1
0.1 201 202 -1
0.1 200 567 -1
0.1 204 205 -1
0.1 206 207 -1
0.1 210 211 -1
0.1 571 212 -1
0.1 213 214 -1
0.1 573 215 -1
0.1 216 217 -1
0.1 574 575 -1
0.1 218 219 -1
0.1 576 577 -1
0.1 572 578 -1
0.1 209 579 -1
0.1 208 580 -1
0.1 570 581 -1
0.1 569 582 -1
0.1 203 583 -1
0.1 221 222 -1
0.1 223 224 -1
0.1 585 586 -1
0.1 225 226 -1
0.1 588 227 -1
0.1 228 229 -1
0.1 589 590 -1
0.1 587 591 -1
0.1 220 592 -1
0.1 584 593 -1
0.1 568 594 -1
0.1 566 595 -1
0.1 231 232 -1
0.1 597 233 -1
0.1 235 236 -1
0.1 234 599 -1
0.1 237 238 -1
0.1 600 601 -1
0.1 239 240 -1
0.1 602 603 -1
0.1 598 604 -1
0.1 243 244 -1
0.1 245 246 -1
0.1 606 607 -1
0.1 242 608 -1
0.1 241 609 -1
0.1 247 248 -1
0.1 251 252 -1
0.1 253 254 -1
0.1 612 613 -1
0.1 250 614 -1
0.1 249 615 -1
0.1 611 616 -1
0.1 256 257 -1
0.1 255 618 -1
0.1 258 259 -1
0.1 619 620 -1
0.1 265 266 -1
0.1 264 622 -1
0.1 263 623 -1
0.1 624 267 -1
0.1 262 625 -1
0.1 261 626 -1
0.1 268 269 -1
0.1 628 270 -1
0.1 627 629 -1
0.1 260 630 -1
0.1 621 631 -1
0.1 617 632 -1
0.1 610 633 -1
0.1 605 634 -1
0.1 230 635 -1
0.1 596 636 -1
0.1 527 637 -1
0.1 274 275 -1
0.1 639 276 -1
0.1 273 640 -1
0.1 272 641 -1
0.1 271 642 -1
0.1 280 281 -1
0.1 644 282 -1
0.1 279 645 -1
0.1 283 284 -1
0.1 646 647 -1
0.1 285 286 -1
0.1 287 288 -1
0.1 649 650 -1
0.1 648 651 -1
0.1 278 652 -1
0.1 277 653 -1
0.1 643 654 -1
0.1 289 290 -1
0.1 292 293 -1
0.1 291 657 -1
0.1 297 298 -1
0.1 296 659 -1
0.1 295 660 -1
0.1 294 661 -1
0.1 658 662 -1
0.1 656 663 -1
0.1 300 301 -1
0.1 665 302 -1
0.1 299 666 -1
0.1 305 306 -1
0.1 307 308 -1
0.1 668 669 -1
0.1 304 670 -1
0.1 303 671 -1
0.1 667 672 -1
0.1 664 673 -1
0.1 309 310 -1
0.1 674 675 -1
0.1 655 676 -1
0.1 638 677 -1
0.1 311 312 -1
0.1 313 314 -1
0.1 315 316 -1
0.1 317 318 -1
0.1 681 682 -1
0.1 680 683 -1
0.1 679 684 -1
0.1 319 320 -1
0.1 685 686 -1
0.1 687 321 -1
0.1 688 322 -1
0.1 323 324 -1
0.1 690 325 -1
0.1 689 691 -1
0.1 326 327 -1
0.1 328 329 -1
0.1 694 330 -1
0.1 693 695 -1
0.1 334 335 -1
0.1 336 337 -1
0.1 697 698 -1
0.1 340 341 -1
0.1 342 343 -1
0.1 700 701 -1
0.1 339 702 -1
0.1 338 703 -1
0.1 699 704 -1
0.1 333 705 -1
0.1 332 706 -1
0.1 344 345 -1
0.1 347 348 -1
0.1 346 709 -1
0.1 349 350 -1
0.1 710 711 -1
0.1 708 712 -1
0.1 707 713 -1
0.1 331 714 -1
0.1 696 715 -1
0.1 351 352 -1
0.1 717 353 -1
0.1 354 355 -1
0.1 719 356 -1
0.1 357 358 -1
0.1 720 721 -1
0.1 718 722 -1
0.1 362 363 -1
0.1 365 366 -1
0.1 725 367 -1
0.1 368 369 -1
0.1 726 727 -1
0.1 364 728 -1
0.1 724 729 -1
0.1 361 730 -1
0.1 360 731 -1
0.1 359 732 -1
0.1 723 733 -1
0.1 734 370 -1
0.1 716 735 -1
0.1 692 736 -1
0.1 678 737 -1
0.1 509 738 -1
