1 0 0 1
1 0 0 1
1 0 0 2
1 0 0 2
1 0 0 3
1 0 0 4
1 0 0 4
1 0 0 4
1 0 0 4
1 0 0 4
1 0 0 3
1 0 0 5
1 0 0 5
1 0 0 5
1 0 0 5
1 0 0 5
1 0 0 6
1 0 0 6
1 0 0 6
1 0 0 6
1 0 0 6
1 0 0 7
1 0 0 7
1 0 0 7
1 0 0 7
1 0 0 7
1 0 0 3
1 0 0 3
1 0 0 8
1 0 0 9
1 0 0 10
1 0 0 10
1 0 0 10
1 0 0 10
1 0 0 10
1 0 0 11
1 0 0 12
1 0 0 12
1 0 0 2
1 0 0 1
1 0 0 1
1 0 0 3
1 0 0 11
1 0 0 11
1 0 0 12
1 0 0 12
1 0 0 9
1 0 0 9
1 0 0 9
1 0 0 9
1 0 0 12
1 0 0 1
1 0 0 13
1 0 0 13
1 0 0 13
1 0 0 13
1 0 0 13
1 0 0 8
1 0 0 8
1 0 0 8
1 0 0 8
1 0 0 14
1 0 0 14
1 0 0 11
1 0 0 11
1 0 0 2
1 0 0 2
1 0 0 14
1 0 0 14
1 0 0 14
1 0 0 15
1 0 0 15
1 0 0 15
1 0 0 15
1 0 0 15
1 0 0 16
1 0 0 16
1 0 0 16
1 0 0 16
1 0 0 16
1 0 0 17
1 0 0 17
1 0 0 17
1 0 0 17
1 0 0 17
1 0 0 18
1 0 0 18
1 0 0 18
1 0 0 18
1 0 0 18
1 0 0 19
1 0 0 19
1 0 0 19
1 0 0 19
1 0 0 19
1 0 0 20
1 0 0 20
1 0 0 20
1 0 0 20
1 0 0 20
1 0 0 21
1 0 0 21
1 0 0 21
1 0 0 21
1 0 0 21
1 0 0 22
1 0 0 23
1 0 0 23
1 0 0 23
1 0 0 23
1 0 0 23
1 0 0 24
1 0 0 24
1 0 0 24
1 0 0 22
1 0 0 24
1 0 0 24
1 0 0 22
1 0 0 25
1 0 0 25
1 0 0 25
1 0 0 25
1 0 0 25
1 0 0 26
1 0 0 26
1 0 0 26
1 0 0 26
1 0 0 26
1 0 0 27
1 0 0 27
1 0 0 27
1 0 0 27
1 0 0 27
1 0 0 28
1 0 0 28
1 0 0 28
1 0 0 28
1 0 0 28
1 0 0 29
1 0 0 29
1 0 0 29
1 0 0 29
1 0 0 29
1 0 0 30
1 0 0 30
1 0 0 30
1 0 0 30
1 0 0 30
1 0 0 22
1 0 0 31
1 0 0 31
1 0 0 31
1 0 0 31
1 0 0 31
1 0 0 32
1 0 0 32
1 0 0 32
1 0 0 32
1 0 0 32
1 0 0 33
1 0 0 33
1 0 0 33
1 0 0 33
1 0 0 33
1 0 0 34
1 0 0 34
1 0 0 34
1 0 0 34
1 0 0 34
1 0 0 35
1 0 0 35
1 0 0 35
1 0 0 35
1 0 0 35
1 0 0 36
1 0 0 36
1 0 0 36
1 0 0 36
1 0 0 36
1 0 0 37
1 0 0 37
1 0 0 37
1 0 0 37
1 0 0 37
1 0 0 38
1 0 0 38
1 0 0 38
1 0 0 38
1 0 0 38
1 0 0 22
1 0 0 39
1 0 0 39
1 0 0 39
1 0 0 39
1 0 0 39
1 0 0 40
1 0 0 40
1 0 0 40
1 0 0 40
1 0 0 40
1 0 0 41
1 0 0 41
1 0 0 41
1 0 0 41
1 0 0 41
1 0 0 42
1 0 0 42
1 0 0 42
1 0 0 42
1 0 0 42
0.1 1 2 -1
0.1 3 4 -1
0.1 211 212 -1
0.1 6 7 -1
0.1 214 8 -1
0.1 9 10 -1
0.1 215 216 -1
0.1 217 11 -1
0.1 5 218 -1
0.1 12 13 -1
0.1 220 14 -1
0.1 15 16 -1
0.1 221 222 -1
0.1 19 20 -1
0.1 18 224 -1
0.1 23 24 -1
0.1 22 226 -1
0.1 25 26 -1
0.1 227 228 -1
0.1 21 229 -1
0.1 225 230 -1
0.1 17 231 -1
0.1 223 232 -1
0.1 219 233 -1
0.1 27 28 -1
0.1 234 235 -1
0.1 213 236 -1
0.1 31 32 -1
0.1 33 34 -1
0.1 239 35 -1
0.1 238 240 -1
0.1 30 241 -1
0.1 29 242 -1
0.1 37 38 -1
0.1 36 244 -1
0.1 243 245 -1
0.1 237 246 -1
0.1 40 41 -1
0.1 39 248 -1
0.1 249 42 -1
0.1 247 250 -1
0.1 43 44 -1
0.1 45 46 -1
0.1 48 49 -1
0.1 254 50 -1
0.1 47 255 -1
0.1 253 256 -1
0.1 51 52 -1
0.1 54 55 -1
0.1 53 259 -1
0.1 56 57 -1
0.1 260 261 -1
0.1 258 262 -1
0.1 58 59 -1
0.1 264 60 -1
0.1 265 61 -1
0.1 263 266 -1
0.1 257 267 -1
0.1 252 268 -1
0.1 64 65 -1
0.1 66 67 -1
0.1 270 271 -1
0.1 69 70 -1
0.1 68 273 -1
0.1 272 274 -1
0.1 63 275 -1
0.1 62 276 -1
0.1 72 73 -1
0.1 71 278 -1
0.1 279 74 -1
0.1 79 80 -1
0.1 78 281 -1
0.1 77 282 -1
0.1 76 283 -1
0.1 83 84 -1
0.1 82 285 -1
0.1 81 286 -1
0.1 287 85 -1
0.1 284 288 -1
0.1 86 87 -1
0.1 88 89 -1
0.1 291 90 -1
0.1 290 292 -1
0.1 289 293 -1
0.1 92 93 -1
0.1 91 295 -1
0.1 94 95 -1
0.1 296 297 -1
0.1 98 99 -1
0.1 299 100 -1
0.1 97 300 -1
0.1 96 301 -1
0.1 102 103 -1
0.1 104 105 -1
0.1 303 304 -1
0.1 101 305 -1
0.1 302 306 -1
0.1 107 108 -1
0.1 109 110 -1
0.1 308 309 -1
0.1 310 111 -1
0.1 106 311 -1
0.1 307 312 -1
0.1 298 313 -1
0.1 294 314 -1
0.1 112 113 -1
0.1 316 114 -1
0.1 116 117 -1
0.1 115 318 -1
0.1 317 319 -1
0.1 119 120 -1
0.1 121 122 -1
0.1 322 123 -1
0.1 321 323 -1
0.1 118 324 -1
0.1 126 127 -1
0.1 125 326 -1
0.1 327 128 -1
0.1 124 328 -1
0.1 325 329 -1
0.1 320 330 -1
0.1 130 131 -1
0.1 132 133 -1
0.1 332 333 -1
0.1 129 334 -1
0.1 135 136 -1
0.1 134 336 -1
0.1 137 138 -1
0.1 337 338 -1
0.1 335 339 -1
0.1 139 140 -1
0.1 142 143 -1
0.1 141 342 -1
0.1 341 343 -1
0.1 146 147 -1
0.1 145 345 -1
0.1 346 148 -1
0.1 144 347 -1
0.1 150 151 -1
0.1 349 152 -1
0.1 153 154 -1
0.1 350 351 -1
0.1 155 156 -1
0.1 158 159 -1
0.1 157 354 -1
0.1 353 355 -1
0.1 352 356 -1
0.1 149 357 -1
0.1 160 161 -1
0.1 359 162 -1
0.1 163 164 -1
0.1 360 361 -1
0.1 165 166 -1
0.1 168 169 -1
0.1 167 364 -1
0.1 363 365 -1
0.1 362 366 -1
0.1 358 367 -1
0.1 348 368 -1
0.1 344 369 -1
0.1 170 171 -1
0.1 173 174 -1
0.1 172 372 -1
0.1 371 373 -1
0.1 175 176 -1
0.1 177 178 -1
0.1 376 179 -1
0.1 375 377 -1
0.1 374 378 -1
0.1 182 183 -1
0.1 380 184 -1
0.1 181 381 -1
0.1 180 382 -1
0.1 379 383 -1
0.1 370 384 -1
0.1 186 187 -1
0.1 188 189 -1
0.1 386 387 -1
0.1 185 388 -1
0.1 193 194 -1
0.1 192 390 -1
0.1 191 391 -1
0.1 392 195 -1
0.1 190 393 -1
0.1 197 198 -1
0.1 199 200 -1
0.1 395 396 -1
0.1 196 397 -1
0.1 394 398 -1
0.1 389 399 -1
0.1 204 205 -1
0.1 203 401 -1
0.1 202 402 -1
0.1 201 403 -1
0.1 206 207 -1
0.1 208 209 -1
0.1 405 406 -1
0.1 407 210 -1
0.1 404 408 -1
0.1 400 409 -1
0.1 385 410 -1
0.1 340 411 -1
0.1 331 412 -1
0.1 315 413 -1
0.1 75 414 -1
0.1 280 415 -1
0.1 277 416 -1
0.1 269 417 -1
0.1 251 418 -1
