1 0 0 1
1 0 0 1
1 0 0 2
1 0 0 2
1 0 0 2
1 0 0 2
1 0 0 2
1 0 0 3
1 0 0 4
1 0 0 4
1 0 0 4
1 0 0 4
1 0 0 4
1 0 0 5
1 0 0 5
1 0 0 5
1 0 0 5
1 0 0 5
1 0 0 6
1 0 0 7
1 0 0 7
1 0 0 7
1 0 0 7
1 0 0 7
1 0 0 8
1 0 0 8
1 0 0 8
1 0 0 8
1 0 0 8
1 0 0 9
1 0 0 9
1 0 0 9
1 0 0 9
1 0 0 9
1 0 0 10
1 0 0 10
1 0 0 10
1 0 0 10
1 0 0 10
1 0 0 11
1 0 0 11
1 0 0 11
1 0 0 11
1 0 0 11
1 0 0 12
1 0 0 12
1 0 0 12
1 0 0 12
1 0 0 12
1 0 0 13
1 0 0 13
1 0 0 13
1 0 0 13
1 0 0 13
1 0 0 14
1 0 0 14
1 0 0 14
1 0 0 14
1 0 0 14
1 0 0 15
1 0 0 15
1 0 0 15
1 0 0 15
1 0 0 15
1 0 0 16
1 0 0 16
1 0 0 16
1 0 0 16
1 0 0 16
1 0 0 17
1 0 0 17
1 0 0 17
1 0 0 17
1 0 0 17
1 0 0 18
1 0 0 18
1 0 0 18
1 0 0 18
1 0 0 18
1 0 0 19
1 0 0 19
1 0 0 19
1 0 0 19
1 0 0 19
1 0 0 6
1 0 0 20
1 0 0 20
1 0 0 20
1 0 0 20
1 0 0 20
1 0 0 21
1 0 0 21
1 0 0 21
1 0 0 21
1 0 0 21
1 0 0 6
1 0 0 22
1 0 0 22
1 0 0 22
1 0 0 22
1 0 0 22
1 0 0 6
1 0 0 23
1 0 0 23
1 0 0 23
1 0 0 23
1 0 0 23
1 0 0 24
1 0 0 24
1 0 0 24
1 0 0 24
1 0 0 24
1 0 0 25
1 0 0 25
1 0 0 25
1 0 0 25
1 0 0 25
1 0 0 26
1 0 0 26
1 0 0 26
1 0 0 26
1 0 0 26
1 0 0 27
1 0 0 27
1 0 0 27
1 0 0 27
1 0 0 27
1 0 0 28
1 0 0 28
1 0 0 28
1 0 0 28
1 0 0 28
1 0 0 29
1 0 0 29
1 0 0 29
1 0 0 29
1 0 0 29
1 0 0 6
1 0 0 30
1 0 0 30
1 0 0 30
1 0 0 30
1 0 0 30
1 0 0 3
1 0 0 3
1 0 0 3
1 0 0 3
1 0 0 31
1 0 0 31
1 0 0 31
1 0 0 31
1 0 0 31
1 0 0 32
1 0 0 33
1 0 0 33
1 0 0 33
1 0 0 33
1 0 0 33
1 0 0 34
1 0 0 34
1 0 0 34
1 0 0 34
1 0 0 34
1 0 0 32
1 0 0 32
1 0 0 32
1 0 0 35
1 0 0 35
1 0 0 32
1 0 0 1
1 0 0 1
1 0 0 36
1 0 0 37
1 0 0 37
1 0 0 37
1 0 0 37
1 0 0 37
1 0 0 36
1 0 0 36
1 0 0 38
1 0 0 38
1 0 0 38
1 0 0 39
1 0 0 39
1 0 0 39
1 0 0 39
1 0 0 39
1 0 0 38
1 0 0 38
1 0 0 40
1 0 0 40
1 0 0 40
1 0 0 40
1 0 0 40
1 0 0 36
1 0 0 36
1 0 0 41
1 0 0 41
1 0 0 41
1 0 0 41
1 0 0 41
1 0 0 35
1 0 0 35
1 0 0 35
1 0 0 1
1 0 0 42
1 0 0 42
1 0 0 42
1 0 0 42
1 0 0 42
0.1 5 6 -1
0.1 4 211 -1
0.1 212 7 -1
0.1 3 213 -1
0.1 10 11 -1
0.1 215 12 -1
0.1 216 13 -1
0.1 9 217 -1
0.1 15 16 -1
0.1 14 219 -1
0.1 17 18 -1
0.1 220 221 -1
0.1 20 21 -1
0.1 23 24 -1
0.1 22 224 -1
0.1 223 225 -1
0.1 25 26 -1
0.1 227 27 -1
0.1 28 29 -1
0.1 228 229 -1
0.1 226 230 -1
0.1 19 231 -1
0.1 30 31 -1
0.1 32 33 -1
0.1 234 34 -1
0.1 233 235 -1
0.1 232 236 -1
0.1 222 237 -1
0.1 36 37 -1
0.1 35 239 -1
0.1 240 38 -1
0.1 241 39 -1
0.1 238 242 -1
0.1 41 42 -1
0.1 43 44 -1
0.1 244 245 -1
0.1 40 246 -1
0.1 46 47 -1
0.1 45 248 -1
0.1 48 49 -1
0.1 249 250 -1
0.1 247 251 -1
0.1 243 252 -1
0.1 218 253 -1
0.1 50 51 -1
0.1 52 53 -1
0.1 255 256 -1
0.1 257 54 -1
0.1 55 56 -1
0.1 58 59 -1
0.1 57 260 -1
0.1 259 261 -1
0.1 60 61 -1
0.1 63 64 -1
0.1 62 264 -1
0.1 263 265 -1
0.1 262 266 -1
0.1 258 267 -1
0.1 65 66 -1
0.1 68 69 -1
0.1 67 270 -1
0.1 71 72 -1
0.1 70 272 -1
0.1 73 74 -1
0.1 273 274 -1
0.1 271 275 -1
0.1 269 276 -1
0.1 77 78 -1
0.1 278 79 -1
0.1 76 279 -1
0.1 75 280 -1
0.1 81 82 -1
0.1 83 84 -1
0.1 282 283 -1
0.1 80 284 -1
0.1 89 90 -1
0.1 88 286 -1
0.1 87 287 -1
0.1 86 288 -1
0.1 85 289 -1
0.1 285 290 -1
0.1 281 291 -1
0.1 277 292 -1
0.1 268 293 -1
0.1 254 294 -1
0.1 94 95 -1
0.1 93 296 -1
0.1 92 297 -1
0.1 91 298 -1
0.1 98 99 -1
0.1 97 300 -1
0.1 100 101 -1
0.1 301 302 -1
0.1 96 303 -1
0.1 299 304 -1
0.1 103 104 -1
0.1 102 306 -1
0.1 105 106 -1
0.1 308 107 -1
0.1 307 309 -1
0.1 305 310 -1
0.1 295 311 -1
0.1 109 110 -1
0.1 108 313 -1
0.1 111 112 -1
0.1 314 315 -1
0.1 113 114 -1
0.1 317 115 -1
0.1 318 116 -1
0.1 319 117 -1
0.1 121 122 -1
0.1 120 321 -1
0.1 119 322 -1
0.1 118 323 -1
0.1 320 324 -1
0.1 123 124 -1
0.1 126 127 -1
0.1 125 327 -1
0.1 326 328 -1
0.1 325 329 -1
0.1 129 130 -1
0.1 128 331 -1
0.1 332 131 -1
0.1 333 132 -1
0.1 133 134 -1
0.1 135 136 -1
0.1 335 336 -1
0.1 337 137 -1
0.1 334 338 -1
0.1 140 141 -1
0.1 142 143 -1
0.1 340 341 -1
0.1 139 342 -1
0.1 138 343 -1
0.1 339 344 -1
0.1 330 345 -1
0.1 316 346 -1
0.1 312 347 -1
0.1 8 348 -1
0.1 144 145 -1
0.1 350 146 -1
0.1 351 147 -1
0.1 349 352 -1
0.1 149 150 -1
0.1 148 354 -1
0.1 151 152 -1
0.1 355 356 -1
0.1 353 357 -1
0.1 214 358 -1
0.1 2 359 -1
0.1 1 360 -1
0.1 156 157 -1
0.1 155 362 -1
0.1 363 158 -1
0.1 154 364 -1
0.1 153 365 -1
0.1 159 160 -1
0.1 162 163 -1
0.1 161 368 -1
0.1 367 369 -1
0.1 370 164 -1
0.1 366 371 -1
0.1 167 168 -1
0.1 373 169 -1
0.1 166 374 -1
0.1 165 375 -1
0.1 372 376 -1
0.1 170 171 -1
0.1 173 174 -1
0.1 175 176 -1
0.1 380 177 -1
0.1 379 381 -1
0.1 382 178 -1
0.1 383 179 -1
0.1 181 182 -1
0.1 180 385 -1
0.1 183 184 -1
0.1 387 185 -1
0.1 186 187 -1
0.1 388 389 -1
0.1 390 188 -1
0.1 386 391 -1
0.1 392 189 -1
0.1 190 191 -1
0.1 192 193 -1
0.1 395 194 -1
0.1 394 396 -1
0.1 393 397 -1
0.1 384 398 -1
0.1 198 199 -1
0.1 197 400 -1
0.1 200 201 -1
0.1 401 402 -1
0.1 196 403 -1
0.1 195 404 -1
0.1 399 405 -1
0.1 172 406 -1
0.1 202 203 -1
0.1 408 204 -1
0.1 205 206 -1
0.1 409 410 -1
0.1 207 208 -1
0.1 209 210 -1
0.1 412 413 -1
0.1 411 414 -1
0.1 407 415 -1
0.1 378 416 -1
0.1 377 417 -1
0.1 361 418 -1
