1 0 0 1
1 0 0 2
1 0 0 1
1 0 0 1
1 0 0 3
1 0 0 4
1 0 0 5
1 0 0 5
1 0 0 5
1 0 0 5
1 0 0 5
1 0 0 5
1 0 0 4
1 0 0 1
1 0 0 1
1 0 0 1
1 0 0 1
1 0 0 1
1 0 0 1
1 0 0 4
1 0 0 6
1 0 0 7
1 0 0 7
1 0 0 7
1 0 0 7
1 0 0 7
1 0 0 7
1 0 0 7
1 0 0 4
1 0 0 1
1 0 0 1
1 0 0 1
1 0 0 1
1 0 0 2
1 0 0 1
1 0 0 4
1 0 0 8
1 0 0 2
1 0 0 1
1 0 0 1
1 0 0 6
1 0 0 4
1 0 0 1
1 0 0 4
1 0 0 1
1 0 0 6
1 0 0 8
1 0 0 1
1 0 0 3
1 0 0 1
1 0 0 1
1 0 0 1
1 0 0 6
1 0 0 4
1 0 0 1
1 0 0 1
1 0 0 1
1 0 0 1
1 0 0 7
1 0 0 1
1 0 0 4
1 0 0 1
1 0 0 9
1 0 0 1
1 0 0 5
1 0 0 5
1 0 0 5
1 0 0 5
1 0 0 4
1 0 0 8
1 0 0 1
1 0 0 9
1 0 0 8
1 0 0 9
1 0 0 6
1 0 0 9
1 0 0 1
1 0 0 5
1 0 0 8
1 0 0 2
1 0 0 6
1 0 0 1
0.1 4 5 -1
0.1 3 83 -1
0.1 2 84 -1
0.1 8 9 -1
0.1 86 10 -1
0.1 7 87 -1
0.1 88 11 -1
0.1 89 12 -1
0.1 6 90 -1
0.1 85 91 -1
0.1 1 92 -1
0.1 13 14 -1
0.1 94 15 -1
0.1 93 95 -1
0.1 16 17 -1
0.1 19 20 -1
0.1 18 98 -1
0.1 97 99 -1
0.1 23 24 -1
0.1 25 26 -1
0.1 102 27 -1
0.1 101 103 -1
0.1 104 28 -1
0.1 22 105 -1
0.1 29 30 -1
0.1 107 31 -1
0.1 106 108 -1
0.1 21 109 -1
0.1 32 33 -1
0.1 111 34 -1
0.1 112 35 -1
0.1 113 36 -1
0.1 110 114 -1
0.1 37 38 -1
0.1 115 116 -1
0.1 40 41 -1
0.1 39 118 -1
0.1 117 119 -1
0.1 100 120 -1
0.1 121 42 -1
0.1 96 122 -1
0.1 46 47 -1
0.1 124 48 -1
0.1 45 125 -1
0.1 126 49 -1
0.1 52 53 -1
0.1 56 57 -1
0.1 55 129 -1
0.1 130 58 -1
0.1 59 60 -1
0.1 131 132 -1
0.1 54 133 -1
0.1 62 63 -1
0.1 61 135 -1
0.1 136 64 -1
0.1 67 68 -1
0.1 66 138 -1
0.1 65 139 -1
0.1 140 69 -1
0.1 137 141 -1
0.1 134 142 -1
0.1 143 70 -1
0.1 128 144 -1
0.1 145 71 -1
0.1 146 72 -1
0.1 51 147 -1
0.1 73 74 -1
0.1 149 75 -1
0.1 150 76 -1
0.1 148 151 -1
0.1 50 152 -1
0.1 127 153 -1
0.1 154 77 -1
0.1 44 155 -1
0.1 156 78 -1
0.1 79 80 -1
0.1 158 81 -1
0.1 157 159 -1
0.1 160 82 -1
0.1 43 161 -1
0.1 123 162 -1
