1 0 0 1
1 0 0 1
1 0 0 2
1 0 0 2
1 0 0 2
1 0 0 2
1 0 0 2
1 0 0 2
1 0 0 2
1 0 0 2
1 0 0 2
1 0 0 2
1 0 0 2
1 0 0 2
1 0 0 2
1 0 0 2
1 0 0 2
1 0 0 3
1 0 0 3
1 0 0 3
1 0 0 3
1 0 0 3
1 0 0 3
1 0 0 3
1 0 0 3
1 0 0 3
1 0 0 3
1 0 0 4
1 0 0 4
1 0 0 4
1 0 0 4
1 0 0 4
1 0 0 4
1 0 0 4
1 0 0 4
1 0 0 4
1 0 0 4
1 0 0 4
1 0 0 4
1 0 0 4
1 0 0 4
1 0 0 4
1 0 0 4
1 0 0 4
1 0 0 4
1 0 0 4
1 0 0 4
1 0 0 3
1 0 0 3
1 0 0 3
1 0 0 3
1 0 0 3
1 0 0 3
1 0 0 3
1 0 0 3
1 0 0 3
1 0 0 3
1 0 0 2
1 0 0 2
1 0 0 2
1 0 0 2
1 0 0 2
1 0 0 1
1 0 0 1
1 0 0 1
1 0 0 1
1 0 0 1
1 0 0 1
1 0 0 1
1 0 0 1
1 0 0 1
1 0 0 1
1 0 0 1
1 0 0 1
1 0 0 5
1 0 0 5
1 0 0 5
1 0 0 5
1 0 0 5
1 0 0 5
1 0 0 5
1 0 0 5
1 0 0 5
1 0 0 5
1 0 0 6
1 0 0 6
1 0 0 6
1 0 0 6
1 0 0 6
1 0 0 6
1 0 0 6
1 0 0 6
1 0 0 6
1 0 0 6
1 0 0 6
1 0 0 6
1 0 0 6
1 0 0 6
1 0 0 6
1 0 0 6
1 0 0 6
1 0 0 6
1 0 0 6
1 0 0 6
1 0 0 7
1 0 0 7
1 0 0 7
1 0 0 7
1 0 0 7
1 0 0 7
1 0 0 7
1 0 0 7
1 0 0 7
1 0 0 7
1 0 0 7
1 0 0 8
1 0 0 8
1 0 0 8
1 0 0 8
1 0 0 8
1 0 0 8
1 0 0 8
1 0 0 8
1 0 0 8
1 0 0 8
1 0 0 8
1 0 0 8
1 0 0 8
1 0 0 8
1 0 0 8
1 0 0 8
1 0 0 8
1 0 0 8
1 0 0 8
1 0 0 8
1 0 0 7
1 0 0 7
1 0 0 7
1 0 0 7
1 0 0 7
1 0 0 7
1 0 0 7
1 0 0 7
1 0 0 7
1 0 0 5
1 0 0 5
1 0 0 5
1 0 0 5
1 0 0 5
1 0 0 5
1 0 0 5
1 0 0 5
1 0 0 5
1 0 0 5
1 0 0 1
1 0 0 1
1 0 0 1
1 0 0 1
1 0 0 1
1 0 0 1
0.1 1 2 -1
0.1 3 4 -1
0.1 5 6 -1
0.1 163 7 -1
0.1 9 10 -1
0.1 12 13 -1
0.1 166 14 -1
0.1 11 167 -1
0.1 165 168 -1
0.1 8 169 -1
0.1 164 170 -1
0.1 162 171 -1
0.1 16 17 -1
0.1 15 173 -1
0.1 172 174 -1
0.1 18 19 -1
0.1 20 21 -1
0.1 22 23 -1
0.1 177 178 -1
0.1 26 27 -1
0.1 25 180 -1
0.1 24 181 -1
0.1 28 29 -1
0.1 183 30 -1
0.1 32 33 -1
0.1 31 185 -1
0.1 35 36 -1
0.1 34 187 -1
0.1 186 188 -1
0.1 184 189 -1
0.1 37 38 -1
0.1 39 40 -1
0.1 192 41 -1
0.1 193 42 -1
0.1 43 44 -1
0.1 194 195 -1
0.1 191 196 -1
0.1 197 45 -1
0.1 46 47 -1
0.1 198 199 -1
0.1 190 200 -1
0.1 182 201 -1
0.1 179 202 -1
0.1 48 49 -1
0.1 50 51 -1
0.1 204 205 -1
0.1 206 52 -1
0.1 54 55 -1
0.1 56 57 -1
0.1 208 209 -1
0.1 53 210 -1
0.1 207 211 -1
0.1 203 212 -1
0.1 176 213 -1
0.1 60 61 -1
0.1 59 215 -1
0.1 216 62 -1
0.1 58 217 -1
0.1 214 218 -1
0.1 175 219 -1
0.1 161 220 -1
0.1 63 64 -1
0.1 222 65 -1
0.1 70 71 -1
0.1 69 224 -1
0.1 68 225 -1
0.1 67 226 -1
0.1 73 74 -1
0.1 76 77 -1
0.1 78 79 -1
0.1 229 230 -1
0.1 75 231 -1
0.1 82 83 -1
0.1 81 233 -1
0.1 80 234 -1
0.1 232 235 -1
0.1 86 87 -1
0.1 237 88 -1
0.1 90 91 -1
0.1 239 92 -1
0.1 89 240 -1
0.1 93 94 -1
0.1 241 242 -1
0.1 238 243 -1
0.1 96 97 -1
0.1 95 245 -1
0.1 99 100 -1
0.1 101 102 -1
0.1 247 248 -1
0.1 98 249 -1
0.1 103 104 -1
0.1 250 251 -1
0.1 246 252 -1
0.1 244 253 -1
0.1 85 254 -1
0.1 108 109 -1
0.1 107 256 -1
0.1 110 111 -1
0.1 257 258 -1
0.1 106 259 -1
0.1 260 112 -1
0.1 116 117 -1
0.1 118 119 -1
0.1 121 122 -1
0.1 120 264 -1
0.1 123 124 -1
0.1 266 125 -1
0.1 126 127 -1
0.1 128 129 -1
0.1 269 130 -1
0.1 268 270 -1
0.1 267 271 -1
0.1 131 132 -1
0.1 133 134 -1
0.1 274 135 -1
0.1 273 275 -1
0.1 272 276 -1
0.1 265 277 -1
0.1 263 278 -1
0.1 262 279 -1
0.1 115 280 -1
0.1 114 281 -1
0.1 137 138 -1
0.1 136 283 -1
0.1 139 140 -1
0.1 284 285 -1
0.1 282 286 -1
0.1 143 144 -1
0.1 142 288 -1
0.1 141 289 -1
0.1 287 290 -1
0.1 113 291 -1
0.1 261 292 -1
0.1 105 293 -1
0.1 255 294 -1
0.1 84 295 -1
0.1 236 296 -1
0.1 145 146 -1
0.1 147 148 -1
0.1 150 151 -1
0.1 149 300 -1
0.1 299 301 -1
0.1 153 154 -1
0.1 152 303 -1
0.1 302 304 -1
0.1 298 305 -1
0.1 297 306 -1
0.1 307 155 -1
0.1 228 308 -1
0.1 72 309 -1
0.1 227 310 -1
0.1 66 311 -1
0.1 156 157 -1
0.1 313 158 -1
0.1 314 159 -1
0.1 315 160 -1
0.1 312 316 -1
0.1 223 317 -1
0.1 221 318 -1
