1 0 0 1
1 0 0 2
1 0 0 2
1 0 0 2
1 0 0 2
1 0 0 2
1 0 0 2
1 0 0 2
1 0 0 2
1 0 0 2
1 0 0 2
1 0 0 1
1 0 0 3
1 0 0 3
1 0 0 3
1 0 0 3
1 0 0 3
1 0 0 3
1 0 0 3
1 0 0 3
1 0 0 3
1 0 0 3
1 0 0 4
1 0 0 4
1 0 0 4
1 0 0 4
1 0 0 4
1 0 0 4
1 0 0 4
1 0 0 4
1 0 0 4
1 0 0 4
1 0 0 5
1 0 0 5
1 0 0 5
1 0 0 5
1 0 0 5
1 0 0 5
1 0 0 5
1 0 0 5
1 0 0 5
1 0 0 5
1 0 0 6
1 0 0 6
1 0 0 6
1 0 0 6
1 0 0 6
1 0 0 6
1 0 0 6
1 0 0 6
1 0 0 6
1 0 0 6
1 0 0 1
1 0 0 1
1 0 0 7
1 0 0 7
1 0 0 7
1 0 0 7
1 0 0 7
1 0 0 7
1 0 0 7
1 0 0 7
1 0 0 1
1 0 0 8
1 0 0 8
1 0 0 8
1 0 0 8
1 0 0 8
1 0 0 8
1 0 0 8
1 0 0 8
1 0 0 8
1 0 0 8
1 0 0 9
1 0 0 9
1 0 0 9
1 0 0 9
1 0 0 9
1 0 0 9
1 0 0 9
1 0 0 9
1 0 0 9
1 0 0 9
1 0 0 7
1 0 0 7
1 0 0 1
1 0 0 1
1 0 0 10
1 0 0 10
1 0 0 10
1 0 0 10
1 0 0 10
1 0 0 10
1 0 0 10
1 0 0 10
1 0 0 10
1 0 0 10
1 0 0 1
1 0 0 1
1 0 0 1
1 0 0 11
1 0 0 11
1 0 0 11
1 0 0 11
1 0 0 11
1 0 0 11
1 0 0 11
1 0 0 11
1 0 0 11
1 0 0 11
0.1 3 4 -1
0.1 111 5 -1
0.1 2 112 -1
0.1 113 6 -1
0.1 8 9 -1
0.1 10 11 -1
0.1 115 116 -1
0.1 7 117 -1
0.1 114 118 -1
0.1 13 14 -1
0.1 120 15 -1
0.1 16 17 -1
0.1 121 122 -1
0.1 18 19 -1
0.1 20 21 -1
0.1 124 125 -1
0.1 126 22 -1
0.1 123 127 -1
0.1 12 128 -1
0.1 27 28 -1
0.1 26 130 -1
0.1 25 131 -1
0.1 24 132 -1
0.1 31 32 -1
0.1 30 134 -1
0.1 29 135 -1
0.1 133 136 -1
0.1 23 137 -1
0.1 129 138 -1
0.1 119 139 -1
0.1 34 35 -1
0.1 141 36 -1
0.1 37 38 -1
0.1 143 39 -1
0.1 142 144 -1
0.1 145 40 -1
0.1 41 42 -1
0.1 146 147 -1
0.1 33 148 -1
0.1 43 44 -1
0.1 45 46 -1
0.1 151 47 -1
0.1 152 48 -1
0.1 150 153 -1
0.1 154 49 -1
0.1 51 52 -1
0.1 50 156 -1
0.1 155 157 -1
0.1 149 158 -1
0.1 159 53 -1
0.1 160 54 -1
0.1 140 161 -1
0.1 1 162 -1
0.1 55 56 -1
0.1 57 58 -1
0.1 165 59 -1
0.1 164 166 -1
0.1 60 61 -1
0.1 168 62 -1
0.1 65 66 -1
0.1 64 170 -1
0.1 68 69 -1
0.1 67 172 -1
0.1 72 73 -1
0.1 71 174 -1
0.1 70 175 -1
0.1 173 176 -1
0.1 171 177 -1
0.1 63 178 -1
0.1 74 75 -1
0.1 77 78 -1
0.1 76 181 -1
0.1 180 182 -1
0.1 80 81 -1
0.1 82 83 -1
0.1 184 185 -1
0.1 79 186 -1
0.1 183 187 -1
0.1 179 188 -1
0.1 169 189 -1
0.1 167 190 -1
0.1 84 85 -1
0.1 191 192 -1
0.1 88 89 -1
0.1 194 90 -1
0.1 91 92 -1
0.1 196 93 -1
0.1 195 197 -1
0.1 94 95 -1
0.1 96 97 -1
0.1 199 200 -1
0.1 198 201 -1
0.1 87 202 -1
0.1 203 98 -1
0.1 86 204 -1
0.1 205 99 -1
0.1 193 206 -1
0.1 101 102 -1
0.1 208 103 -1
0.1 104 105 -1
0.1 106 107 -1
0.1 210 211 -1
0.1 209 212 -1
0.1 109 110 -1
0.1 108 214 -1
0.1 213 215 -1
0.1 100 216 -1
0.1 207 217 -1
0.1 163 218 -1
