1 0 0 1
1 0 0 1
1 0 0 2
1 0 0 2
1 0 0 2
1 0 0 2
1 0 0 2
1 0 0 2
1 0 0 2
1 0 0 2
1 0 0 2
1 0 0 2
1 0 0 3
1 0 0 3
1 0 0 3
1 0 0 3
1 0 0 3
1 0 0 3
1 0 0 3
1 0 0 3
1 0 0 3
1 0 0 3
1 0 0 1
1 0 0 4
1 0 0 4
1 0 0 4
1 0 0 4
1 0 0 4
1 0 0 4
1 0 0 4
1 0 0 4
1 0 0 4
1 0 0 4
1 0 0 1
1 0 0 5
1 0 0 5
1 0 0 5
1 0 0 5
1 0 0 5
1 0 0 5
1 0 0 5
1 0 0 5
1 0 0 5
1 0 0 5
1 0 0 6
1 0 0 6
1 0 0 6
1 0 0 6
1 0 0 6
1 0 0 6
1 0 0 6
1 0 0 6
1 0 0 6
1 0 0 6
1 0 0 7
1 0 0 7
1 0 0 7
1 0 0 7
1 0 0 7
1 0 0 8
1 0 0 8
1 0 0 8
1 0 0 8
1 0 0 8
1 0 0 8
1 0 0 8
1 0 0 8
1 0 0 8
1 0 0 8
1 0 0 7
1 0 0 7
1 0 0 7
1 0 0 7
1 0 0 7
1 0 0 1
1 0 0 9
1 0 0 9
1 0 0 9
1 0 0 9
1 0 0 9
1 0 0 9
1 0 0 9
1 0 0 9
1 0 0 9
1 0 0 9
1 0 0 1
1 0 0 10
1 0 0 10
1 0 0 10
1 0 0 10
1 0 0 10
1 0 0 10
1 0 0 10
1 0 0 10
1 0 0 10
1 0 0 10
1 0 0 1
1 0 0 1
1 0 0 1
1 0 0 1
1 0 0 11
1 0 0 11
1 0 0 11
1 0 0 11
1 0 0 11
1 0 0 11
1 0 0 11
1 0 0 11
1 0 0 11
1 0 0 11
0.1 3 4 -1
0.1 5 6 -1
0.1 111 112 -1
0.1 7 8 -1
0.1 114 9 -1
0.1 10 11 -1
0.1 116 12 -1
0.1 115 117 -1
0.1 113 118 -1
0.1 14 15 -1
0.1 13 120 -1
0.1 16 17 -1
0.1 18 19 -1
0.1 122 123 -1
0.1 124 20 -1
0.1 21 22 -1
0.1 125 126 -1
0.1 121 127 -1
0.1 119 128 -1
0.1 129 23 -1
0.1 2 130 -1
0.1 26 27 -1
0.1 132 28 -1
0.1 25 133 -1
0.1 24 134 -1
0.1 30 31 -1
0.1 136 32 -1
0.1 137 33 -1
0.1 29 138 -1
0.1 135 139 -1
0.1 36 37 -1
0.1 35 141 -1
0.1 40 41 -1
0.1 39 143 -1
0.1 38 144 -1
0.1 42 43 -1
0.1 145 146 -1
0.1 147 44 -1
0.1 142 148 -1
0.1 34 149 -1
0.1 49 50 -1
0.1 48 151 -1
0.1 47 152 -1
0.1 46 153 -1
0.1 53 54 -1
0.1 52 155 -1
0.1 51 156 -1
0.1 154 157 -1
0.1 45 158 -1
0.1 150 159 -1
0.1 140 160 -1
0.1 131 161 -1
0.1 1 162 -1
0.1 55 56 -1
0.1 164 57 -1
0.1 58 59 -1
0.1 165 166 -1
0.1 60 61 -1
0.1 62 63 -1
0.1 169 64 -1
0.1 168 170 -1
0.1 66 67 -1
0.1 68 69 -1
0.1 172 173 -1
0.1 65 174 -1
0.1 171 175 -1
0.1 71 72 -1
0.1 70 177 -1
0.1 176 178 -1
0.1 167 179 -1
0.1 73 74 -1
0.1 180 181 -1
0.1 76 77 -1
0.1 183 78 -1
0.1 80 81 -1
0.1 79 185 -1
0.1 184 186 -1
0.1 82 83 -1
0.1 188 84 -1
0.1 189 85 -1
0.1 187 190 -1
0.1 75 191 -1
0.1 182 192 -1
0.1 88 89 -1
0.1 194 90 -1
0.1 92 93 -1
0.1 196 94 -1
0.1 91 197 -1
0.1 195 198 -1
0.1 95 96 -1
0.1 199 200 -1
0.1 87 201 -1
0.1 98 99 -1
0.1 97 203 -1
0.1 202 204 -1
0.1 86 205 -1
0.1 193 206 -1
0.1 102 103 -1
0.1 101 208 -1
0.1 105 106 -1
0.1 104 210 -1
0.1 211 107 -1
0.1 108 109 -1
0.1 212 213 -1
0.1 214 110 -1
0.1 209 215 -1
0.1 100 216 -1
0.1 207 217 -1
0.1 163 218 -1
