1 0 0 1
1 0 0 1
1 0 0 1
1 0 0 1
1 0 0 1
1 0 0 1
1 0 0 2
1 0 0 3
1 0 0 3
1 0 0 3
1 0 0 3
1 0 0 3
1 0 0 3
1 0 0 3
1 0 0 3
1 0 0 3
1 0 0 3
1 0 0 2
1 0 0 4
1 0 0 4
1 0 0 4
1 0 0 4
1 0 0 4
1 0 0 4
1 0 0 4
1 0 0 5
1 0 0 5
1 0 0 5
1 0 0 5
1 0 0 5
1 0 0 5
1 0 0 6
1 0 0 6
1 0 0 6
1 0 0 7
1 0 0 7
1 0 0 8
1 0 0 8
1 0 0 8
1 0 0 8
1 0 0 8
1 0 0 8
1 0 0 8
1 0 0 8
1 0 0 8
1 0 0 8
1 0 0 7
1 0 0 7
1 0 0 7
1 0 0 9
1 0 0 9
1 0 0 9
1 0 0 9
1 0 0 9
1 0 0 9
1 0 0 9
1 0 0 9
1 0 0 9
1 0 0 9
1 0 0 7
1 0 0 7
1 0 0 10
1 0 0 10
1 0 0 10
1 0 0 10
1 0 0 10
1 0 0 10
1 0 0 10
1 0 0 10
1 0 0 11
1 0 0 11
1 0 0 11
1 0 0 11
1 0 0 11
1 0 0 11
1 0 0 11
1 0 0 11
1 0 0 11
1 0 0 11
1 0 0 7
1 0 0 7
1 0 0 7
1 0 0 6
1 0 0 6
1 0 0 6
1 0 0 6
1 0 0 6
1 0 0 6
1 0 0 6
1 0 0 10
1 0 0 10
1 0 0 12
1 0 0 12
1 0 0 12
1 0 0 12
1 0 0 12
1 0 0 12
1 0 0 12
1 0 0 12
1 0 0 12
1 0 0 12
1 0 0 13
1 0 0 13
1 0 0 13
1 0 0 13
1 0 0 13
1 0 0 13
1 0 0 13
1 0 0 13
1 0 0 13
1 0 0 13
1 0 0 14
1 0 0 14
1 0 0 14
1 0 0 14
1 0 0 14
1 0 0 14
1 0 0 14
1 0 0 14
1 0 0 14
1 0 0 14
1 0 0 5
1 0 0 5
1 0 0 5
1 0 0 5
1 0 0 4
1 0 0 4
1 0 0 4
1 0 0 15
1 0 0 15
1 0 0 15
1 0 0 15
1 0 0 15
1 0 0 15
1 0 0 15
1 0 0 15
1 0 0 16
1 0 0 16
1 0 0 16
1 0 0 16
1 0 0 16
1 0 0 16
1 0 0 16
1 0 0 16
1 0 0 16
1 0 0 15
1 0 0 15
1 0 0 16
1 0 0 2
1 0 0 2
1 0 0 2
1 0 0 2
1 0 0 17
1 0 0 17
1 0 0 17
1 0 0 17
1 0 0 17
1 0 0 17
1 0 0 17
1 0 0 17
1 0 0 17
1 0 0 17
1 0 0 18
1 0 0 18
1 0 0 18
1 0 0 18
1 0 0 18
1 0 0 18
1 0 0 18
1 0 0 18
1 0 0 18
1 0 0 18
1 0 0 19
1 0 0 19
1 0 0 19
1 0 0 19
1 0 0 19
1 0 0 19
1 0 0 19
1 0 0 19
1 0 0 19
1 0 0 19
1 0 0 2
1 0 0 2
1 0 0 20
1 0 0 20
1 0 0 20
1 0 0 20
1 0 0 20
1 0 0 20
1 0 0 20
1 0 0 20
1 0 0 20
1 0 0 20
1 0 0 2
1 0 0 2
1 0 0 21
1 0 0 21
1 0 0 21
1 0 0 21
1 0 0 21
1 0 0 21
1 0 0 21
1 0 0 21
1 0 0 21
1 0 0 21
1 0 0 22
1 0 0 22
1 0 0 22
1 0 0 22
1 0 0 22
1 0 0 22
1 0 0 22
1 0 0 22
1 0 0 22
1 0 0 23
1 0 0 23
1 0 0 23
1 0 0 23
1 0 0 23
1 0 0 24
1 0 0 24
1 0 0 24
1 0 0 24
1 0 0 24
1 0 0 24
1 0 0 24
1 0 0 24
1 0 0 24
1 0 0 24
1 0 0 25
1 0 0 25
1 0 0 25
1 0 0 25
1 0 0 25
1 0 0 25
1 0 0 25
1 0 0 25
1 0 0 25
1 0 0 25
1 0 0 23
1 0 0 23
1 0 0 26
1 0 0 26
1 0 0 26
1 0 0 26
1 0 0 26
1 0 0 26
1 0 0 26
1 0 0 27
1 0 0 27
1 0 0 27
1 0 0 27
1 0 0 27
1 0 0 27
1 0 0 27
1 0 0 27
1 0 0 27
1 0 0 27
1 0 0 26
1 0 0 26
1 0 0 26
1 0 0 23
1 0 0 28
1 0 0 28
1 0 0 28
1 0 0 28
1 0 0 28
1 0 0 28
1 0 0 28
1 0 0 28
1 0 0 28
1 0 0 28
1 0 0 23
1 0 0 23
1 0 0 22
1 0 0 1
1 0 0 1
1 0 0 1
1 0 0 1
1 0 0 29
1 0 0 29
1 0 0 29
1 0 0 29
1 0 0 29
1 0 0 29
1 0 0 29
1 0 0 29
1 0 0 30
1 0 0 30
1 0 0 30
1 0 0 30
1 0 0 30
1 0 0 30
1 0 0 31
1 0 0 31
1 0 0 31
1 0 0 31
1 0 0 31
1 0 0 31
1 0 0 32
1 0 0 32
1 0 0 32
1 0 0 32
1 0 0 32
1 0 0 32
1 0 0 32
1 0 0 32
1 0 0 32
1 0 0 32
1 0 0 33
1 0 0 33
1 0 0 33
1 0 0 33
1 0 0 33
1 0 0 33
1 0 0 33
1 0 0 33
1 0 0 33
1 0 0 33
1 0 0 34
1 0 0 34
1 0 0 34
1 0 0 34
1 0 0 34
1 0 0 34
1 0 0 34
1 0 0 34
1 0 0 34
1 0 0 34
1 0 0 31
1 0 0 31
1 0 0 31
1 0 0 35
1 0 0 35
1 0 0 35
1 0 0 35
1 0 0 35
1 0 0 35
1 0 0 35
1 0 0 35
1 0 0 35
1 0 0 35
1 0 0 31
1 0 0 30
1 0 0 30
1 0 0 36
1 0 0 36
1 0 0 36
1 0 0 36
1 0 0 36
1 0 0 36
1 0 0 36
1 0 0 36
1 0 0 36
1 0 0 36
1 0 0 30
1 0 0 30
1 0 0 29
1 0 0 29
1 0 0 37
1 0 0 38
1 0 0 38
1 0 0 38
1 0 0 38
1 0 0 38
1 0 0 38
1 0 0 38
1 0 0 38
1 0 0 38
1 0 0 38
1 0 0 39
1 0 0 39
1 0 0 39
1 0 0 39
1 0 0 39
1 0 0 39
1 0 0 39
1 0 0 39
1 0 0 39
1 0 0 39
1 0 0 37
1 0 0 37
1 0 0 37
1 0 0 40
1 0 0 40
1 0 0 40
1 0 0 40
1 0 0 40
1 0 0 40
1 0 0 40
1 0 0 40
1 0 0 40
1 0 0 40
1 0 0 41
1 0 0 42
1 0 0 43
1 0 0 43
1 0 0 43
1 0 0 43
1 0 0 43
1 0 0 43
1 0 0 43
1 0 0 43
1 0 0 43
1 0 0 43
1 0 0 42
1 0 0 41
1 0 0 42
1 0 0 42
1 0 0 44
1 0 0 44
1 0 0 44
1 0 0 44
1 0 0 45
1 0 0 45
1 0 0 45
1 0 0 45
1 0 0 45
1 0 0 46
1 0 0 46
1 0 0 46
1 0 0 46
1 0 0 46
1 0 0 46
1 0 0 46
1 0 0 46
1 0 0 46
1 0 0 46
1 0 0 45
1 0 0 45
1 0 0 45
1 0 0 45
1 0 0 45
1 0 0 44
1 0 0 44
1 0 0 47
1 0 0 47
1 0 0 47
1 0 0 47
1 0 0 47
1 0 0 47
1 0 0 47
1 0 0 47
1 0 0 47
1 0 0 47
1 0 0 44
1 0 0 44
1 0 0 44
1 0 0 42
1 0 0 48
1 0 0 48
1 0 0 48
1 0 0 48
1 0 0 48
1 0 0 48
1 0 0 48
1 0 0 48
1 0 0 48
1 0 0 48
1 0 0 42
1 0 0 44
1 0 0 42
1 0 0 42
1 0 0 49
1 0 0 49
1 0 0 49
1 0 0 49
1 0 0 49
1 0 0 49
1 0 0 49
1 0 0 49
1 0 0 50
1 0 0 50
1 0 0 50
1 0 0 50
1 0 0 49
1 0 0 50
1 0 0 50
1 0 0 50
1 0 0 50
1 0 0 50
1 0 0 50
1 0 0 49
1 0 0 42
1 0 0 42
1 0 0 41
1 0 0 41
1 0 0 41
1 0 0 41
1 0 0 41
1 0 0 41
1 0 0 41
1 0 0 41
1 0 0 51
1 0 0 51
1 0 0 51
1 0 0 51
1 0 0 51
1 0 0 51
1 0 0 51
1 0 0 51
1 0 0 51
1 0 0 51
1 0 0 37
1 0 0 37
1 0 0 37
1 0 0 52
1 0 0 52
1 0 0 53
1 0 0 53
1 0 0 53
1 0 0 53
1 0 0 53
1 0 0 53
1 0 0 53
1 0 0 53
1 0 0 53
1 0 0 53
1 0 0 52
1 0 0 52
1 0 0 52
1 0 0 52
1 0 0 52
1 0 0 52
1 0 0 52
1 0 0 52
1 0 0 37
1 0 0 37
1 0 0 37
0.1 2 3 -1
0.1 1 531 -1
0.1 5 6 -1
0.1 8 9 -1
0.1 10 11 -1
0.1 534 535 -1
0.1 15 16 -1
0.1 14 537 -1
0.1 13 538 -1
0.1 12 539 -1
0.1 540 17 -1
0.1 536 541 -1
0.1 542 18 -1
0.1 20 21 -1
0.1 544 22 -1
0.1 545 23 -1
0.1 19 546 -1
0.1 24 25 -1
0.1 26 27 -1
0.1 29 30 -1
0.1 28 550 -1
0.1 33 34 -1
0.1 32 552 -1
0.1 38 39 -1
0.1 41 42 -1
0.1 40 555 -1
0.1 554 556 -1
0.1 44 45 -1
0.1 558 46 -1
0.1 43 559 -1
0.1 557 560 -1
0.1 37 561 -1
0.1 36 562 -1
0.1 48 49 -1
0.1 47 564 -1
0.1 51 52 -1
0.1 54 55 -1
0.1 57 58 -1
0.1 56 568 -1
0.1 567 569 -1
0.1 53 570 -1
0.1 571 59 -1
0.1 566 572 -1
0.1 50 573 -1
0.1 574 60 -1
0.1 565 575 -1
0.1 576 61 -1
0.1 563 577 -1
0.1 35 578 -1
0.1 63 64 -1
0.1 66 67 -1
0.1 65 581 -1
0.1 580 582 -1
0.1 583 68 -1
0.1 584 69 -1
0.1 62 585 -1
0.1 579 586 -1
0.1 70 71 -1
0.1 72 73 -1
0.1 74 75 -1
0.1 589 590 -1
0.1 588 591 -1
0.1 77 78 -1
0.1 76 593 -1
0.1 594 79 -1
0.1 592 595 -1
0.1 596 80 -1
0.1 81 82 -1
0.1 597 598 -1
0.1 587 599 -1
0.1 600 83 -1
0.1 86 87 -1
0.1 85 602 -1
0.1 84 603 -1
0.1 601 604 -1
0.1 88 89 -1
0.1 605 606 -1
0.1 553 607 -1
0.1 90 91 -1
0.1 608 609 -1
0.1 93 94 -1
0.1 92 611 -1
0.1 95 96 -1
0.1 612 613 -1
0.1 97 98 -1
0.1 99 100 -1
0.1 615 616 -1
0.1 617 101 -1
0.1 614 618 -1
0.1 102 103 -1
0.1 620 104 -1
0.1 105 106 -1
0.1 108 109 -1
0.1 110 111 -1
0.1 623 624 -1
0.1 107 625 -1
0.1 622 626 -1
0.1 621 627 -1
0.1 619 628 -1
0.1 610 629 -1
0.1 31 630 -1
0.1 551 631 -1
0.1 114 115 -1
0.1 113 633 -1
0.1 112 634 -1
0.1 635 116 -1
0.1 119 120 -1
0.1 118 637 -1
0.1 638 121 -1
0.1 117 639 -1
0.1 636 640 -1
0.1 641 122 -1
0.1 642 123 -1
0.1 124 125 -1
0.1 643 644 -1
0.1 632 645 -1
0.1 549 646 -1
0.1 126 127 -1
0.1 647 648 -1
0.1 548 649 -1
0.1 650 128 -1
0.1 547 651 -1
0.1 129 130 -1
0.1 131 132 -1
0.1 135 136 -1
0.1 134 655 -1
0.1 133 656 -1
0.1 654 657 -1
0.1 137 138 -1
0.1 142 143 -1
0.1 141 660 -1
0.1 140 661 -1
0.1 662 144 -1
0.1 663 145 -1
0.1 139 664 -1
0.1 659 665 -1
0.1 658 666 -1
0.1 146 147 -1
0.1 667 668 -1
0.1 653 669 -1
0.1 670 148 -1
0.1 652 671 -1
0.1 543 672 -1
0.1 7 673 -1
0.1 149 150 -1
0.1 675 151 -1
0.1 154 155 -1
0.1 153 677 -1
0.1 157 158 -1
0.1 156 679 -1
0.1 159 160 -1
0.1 161 162 -1
0.1 681 682 -1
0.1 680 683 -1
0.1 678 684 -1
0.1 163 164 -1
0.1 166 167 -1
0.1 687 168 -1
0.1 688 169 -1
0.1 165 689 -1
0.1 171 172 -1
0.1 170 691 -1
0.1 173 174 -1
0.1 693 175 -1
0.1 694 176 -1
0.1 178 179 -1
0.1 696 180 -1
0.1 181 182 -1
0.1 697 698 -1
0.1 177 699 -1
0.1 695 700 -1
0.1 692 701 -1
0.1 690 702 -1
0.1 686 703 -1
0.1 685 704 -1
0.1 152 705 -1
0.1 706 183 -1
0.1 676 707 -1
0.1 185 186 -1
0.1 188 189 -1
0.1 187 710 -1
0.1 191 192 -1
0.1 193 194 -1
0.1 712 713 -1
0.1 190 714 -1
0.1 711 715 -1
0.1 709 716 -1
0.1 184 717 -1
0.1 718 195 -1
0.1 708 719 -1
0.1 199 200 -1
0.1 721 201 -1
0.1 198 722 -1
0.1 202 203 -1
0.1 724 204 -1
0.1 205 206 -1
0.1 725 726 -1
0.1 723 727 -1
0.1 197 728 -1
0.1 207 208 -1
0.1 210 211 -1
0.1 212 213 -1
0.1 732 214 -1
0.1 733 215 -1
0.1 731 734 -1
0.1 217 218 -1
0.1 736 219 -1
0.1 216 737 -1
0.1 224 225 -1
0.1 739 226 -1
0.1 223 740 -1
0.1 222 741 -1
0.1 221 742 -1
0.1 228 229 -1
0.1 227 744 -1
0.1 743 745 -1
0.1 746 230 -1
0.1 220 747 -1
0.1 738 748 -1
0.1 231 232 -1
0.1 234 235 -1
0.1 233 751 -1
0.1 236 237 -1
0.1 752 753 -1
0.1 750 754 -1
0.1 238 239 -1
0.1 756 240 -1
0.1 755 757 -1
0.1 244 245 -1
0.1 247 248 -1
0.1 246 760 -1
0.1 759 761 -1
0.1 243 762 -1
0.1 250 251 -1
0.1 252 253 -1
0.1 764 765 -1
0.1 254 255 -1
0.1 256 257 -1
0.1 768 258 -1
0.1 769 259 -1
0.1 767 770 -1
0.1 766 771 -1
0.1 249 772 -1
0.1 260 261 -1
0.1 773 774 -1
0.1 763 775 -1
0.1 776 262 -1
0.1 242 777 -1
0.1 241 778 -1
0.1 264 265 -1
0.1 780 266 -1
0.1 268 269 -1
0.1 267 782 -1
0.1 271 272 -1
0.1 784 273 -1
0.1 270 785 -1
0.1 783 786 -1
0.1 781 787 -1
0.1 263 788 -1
0.1 779 789 -1
0.1 758 790 -1
0.1 749 791 -1
0.1 274 275 -1
0.1 792 793 -1
0.1 735 794 -1
0.1 209 795 -1
0.1 730 796 -1
0.1 797 276 -1
0.1 729 798 -1
0.1 196 799 -1
0.1 720 800 -1
0.1 674 801 -1
0.1 802 277 -1
0.1 533 803 -1
0.1 4 804 -1
0.1 532 805 -1
0.1 279 280 -1
0.1 278 807 -1
0.1 806 808 -1
0.1 284 285 -1
0.1 810 286 -1
0.1 287 288 -1
0.1 811 812 -1
0.1 289 290 -1
0.1 293 294 -1
0.1 292 815 -1
0.1 291 816 -1
0.1 297 298 -1
0.1 296 818 -1
0.1 295 819 -1
0.1 302 303 -1
0.1 821 304 -1
0.1 301 822 -1
0.1 823 305 -1
0.1 824 306 -1
0.1 307 308 -1
0.1 309 310 -1
0.1 826 827 -1
0.1 825 828 -1
0.1 311 312 -1
0.1 830 313 -1
0.1 829 831 -1
0.1 832 314 -1
0.1 316 317 -1
0.1 315 834 -1
0.1 833 835 -1
0.1 318 319 -1
0.1 837 320 -1
0.1 836 838 -1
0.1 322 323 -1
0.1 321 840 -1
0.1 325 326 -1
0.1 324 842 -1
0.1 328 329 -1
0.1 844 330 -1
0.1 327 845 -1
0.1 843 846 -1
0.1 841 847 -1
0.1 839 848 -1
0.1 300 849 -1
0.1 299 850 -1
0.1 820 851 -1
0.1 332 333 -1
0.1 335 336 -1
0.1 854 337 -1
0.1 334 855 -1
0.1 339 340 -1
0.1 342 343 -1
0.1 341 858 -1
0.1 857 859 -1
0.1 338 860 -1
0.1 856 861 -1
0.1 853 862 -1
0.1 331 863 -1
0.1 852 864 -1
0.1 865 344 -1
0.1 866 345 -1
0.1 817 867 -1
0.1 348 349 -1
0.1 347 869 -1
0.1 870 350 -1
0.1 354 355 -1
0.1 353 872 -1
0.1 352 873 -1
0.1 874 356 -1
0.1 351 875 -1
0.1 871 876 -1
0.1 877 357 -1
0.1 878 358 -1
0.1 346 879 -1
0.1 868 880 -1
0.1 814 881 -1
0.1 813 882 -1
0.1 359 360 -1
0.1 883 884 -1
0.1 283 885 -1
0.1 282 886 -1
0.1 281 887 -1
0.1 364 365 -1
0.1 368 369 -1
0.1 367 890 -1
0.1 370 371 -1
0.1 891 892 -1
0.1 366 893 -1
0.1 889 894 -1
0.1 363 895 -1
0.1 362 896 -1
0.1 373 374 -1
0.1 898 375 -1
0.1 899 376 -1
0.1 377 378 -1
0.1 379 380 -1
0.1 902 381 -1
0.1 901 903 -1
0.1 900 904 -1
0.1 372 905 -1
0.1 897 906 -1
0.1 382 383 -1
0.1 908 384 -1
0.1 385 386 -1
0.1 389 390 -1
0.1 388 911 -1
0.1 387 912 -1
0.1 910 913 -1
0.1 391 392 -1
0.1 393 394 -1
0.1 915 916 -1
0.1 914 917 -1
0.1 398 399 -1
0.1 397 919 -1
0.1 401 402 -1
0.1 400 921 -1
0.1 404 405 -1
0.1 403 923 -1
0.1 924 406 -1
0.1 922 925 -1
0.1 920 926 -1
0.1 408 409 -1
0.1 928 410 -1
0.1 412 413 -1
0.1 416 417 -1
0.1 415 931 -1
0.1 418 419 -1
0.1 422 423 -1
0.1 421 934 -1
0.1 426 427 -1
0.1 425 936 -1
0.1 424 937 -1
0.1 938 428 -1
0.1 935 939 -1
0.1 420 940 -1
0.1 941 429 -1
0.1 942 430 -1
0.1 431 432 -1
0.1 433 434 -1
0.1 944 945 -1
0.1 943 946 -1
0.1 933 947 -1
0.1 932 948 -1
0.1 435 436 -1
0.1 949 950 -1
0.1 440 441 -1
0.1 439 952 -1
0.1 438 953 -1
0.1 444 445 -1
0.1 443 955 -1
0.1 956 446 -1
0.1 442 957 -1
0.1 954 958 -1
0.1 437 959 -1
0.1 951 960 -1
0.1 414 961 -1
0.1 448 449 -1
0.1 447 963 -1
0.1 962 964 -1
0.1 930 965 -1
0.1 411 966 -1
0.1 967 450 -1
0.1 451 452 -1
0.1 969 453 -1
0.1 455 456 -1
0.1 454 971 -1
0.1 970 972 -1
0.1 973 457 -1
0.1 459 460 -1
0.1 458 975 -1
0.1 974 976 -1
0.1 977 461 -1
0.1 968 978 -1
0.1 979 462 -1
0.1 929 980 -1
0.1 463 464 -1
0.1 981 982 -1
0.1 407 983 -1
0.1 465 466 -1
0.1 467 468 -1
0.1 469 470 -1
0.1 986 987 -1
0.1 474 475 -1
0.1 989 476 -1
0.1 473 990 -1
0.1 472 991 -1
0.1 471 992 -1
0.1 478 479 -1
0.1 477 994 -1
0.1 481 482 -1
0.1 480 996 -1
0.1 997 483 -1
0.1 995 998 -1
0.1 993 999 -1
0.1 988 1000 -1
0.1 985 1001 -1
0.1 1002 484 -1
0.1 984 1003 -1
0.1 927 1004 -1
0.1 1005 485 -1
0.1 1006 486 -1
0.1 396 1007 -1
0.1 487 488 -1
0.1 489 490 -1
0.1 1009 1010 -1
0.1 491 492 -1
0.1 493 494 -1
0.1 1012 1013 -1
0.1 1011 1014 -1
0.1 1008 1015 -1
0.1 395 1016 -1
0.1 918 1017 -1
0.1 496 497 -1
0.1 499 500 -1
0.1 498 1020 -1
0.1 1019 1021 -1
0.1 1022 501 -1
0.1 502 503 -1
0.1 1023 1024 -1
0.1 1025 504 -1
0.1 495 1026 -1
0.1 505 506 -1
0.1 1027 1028 -1
0.1 510 511 -1
0.1 1030 512 -1
0.1 515 516 -1
0.1 514 1032 -1
0.1 513 1033 -1
0.1 517 518 -1
0.1 1035 519 -1
0.1 1034 1036 -1
0.1 1031 1037 -1
0.1 509 1038 -1
0.1 508 1039 -1
0.1 520 521 -1
0.1 523 524 -1
0.1 522 1042 -1
0.1 1041 1043 -1
0.1 526 527 -1
0.1 525 1045 -1
0.1 1044 1046 -1
0.1 1040 1047 -1
0.1 1048 528 -1
0.1 507 1049 -1
0.1 529 530 -1
0.1 1050 1051 -1
0.1 1029 1052 -1
0.1 1018 1053 -1
0.1 909 1054 -1
0.1 907 1055 -1
0.1 361 1056 -1
0.1 888 1057 -1
0.1 809 1058 -1
