1 0 0 1
1 0 0 1
1 0 0 2
1 0 0 2
1 0 0 2
1 0 0 2
1 0 0 2
1 0 0 2
1 0 0 2
1 0 0 2
1 0 0 2
1 0 0 3
1 0 0 3
1 0 0 3
1 0 0 3
1 0 0 3
1 0 0 3
1 0 0 3
1 0 0 3
1 0 0 3
1 0 0 3
1 0 0 2
1 0 0 4
1 0 0 4
1 0 0 4
1 0 0 4
1 0 0 4
1 0 0 4
1 0 0 4
1 0 0 4
1 0 0 4
1 0 0 4
1 0 0 1
1 0 0 1
1 0 0 1
1 0 0 1
1 0 0 1
1 0 0 1
1 0 0 1
1 0 0 1
1 0 0 5
1 0 0 5
1 0 0 5
1 0 0 5
1 0 0 5
1 0 0 5
1 0 0 5
1 0 0 5
1 0 0 5
1 0 0 5
1 0 0 6
1 0 0 6
1 0 0 7
1 0 0 7
1 0 0 7
1 0 0 7
1 0 0 7
1 0 0 7
1 0 0 7
1 0 0 8
1 0 0 8
1 0 0 8
1 0 0 8
1 0 0 8
1 0 0 7
1 0 0 7
1 0 0 9
1 0 0 9
1 0 0 7
1 0 0 6
1 0 0 6
1 0 0 6
1 0 0 6
1 0 0 6
1 0 0 6
1 0 0 6
1 0 0 6
1 0 0 8
1 0 0 8
1 0 0 8
1 0 0 8
1 0 0 8
1 0 0 9
1 0 0 9
1 0 0 9
1 0 0 9
1 0 0 9
1 0 0 9
1 0 0 9
1 0 0 9
0.1 1 2 -1
0.1 3 4 -1
0.1 7 8 -1
0.1 6 93 -1
0.1 5 94 -1
0.1 9 10 -1
0.1 96 11 -1
0.1 12 13 -1
0.1 98 14 -1
0.1 99 15 -1
0.1 16 17 -1
0.1 100 101 -1
0.1 102 18 -1
0.1 103 19 -1
0.1 20 21 -1
0.1 104 105 -1
0.1 97 106 -1
0.1 107 22 -1
0.1 95 108 -1
0.1 92 109 -1
0.1 91 110 -1
0.1 24 25 -1
0.1 23 112 -1
0.1 26 27 -1
0.1 28 29 -1
0.1 114 115 -1
0.1 30 31 -1
0.1 116 117 -1
0.1 118 32 -1
0.1 113 119 -1
0.1 34 35 -1
0.1 33 121 -1
0.1 122 36 -1
0.1 120 123 -1
0.1 111 124 -1
0.1 125 37 -1
0.1 39 40 -1
0.1 38 127 -1
0.1 45 46 -1
0.1 44 129 -1
0.1 48 49 -1
0.1 47 131 -1
0.1 132 50 -1
0.1 130 133 -1
0.1 43 134 -1
0.1 42 135 -1
0.1 41 136 -1
0.1 128 137 -1
0.1 126 138 -1
0.1 51 52 -1
0.1 139 140 -1
0.1 57 58 -1
0.1 56 142 -1
0.1 55 143 -1
0.1 54 144 -1
0.1 53 145 -1
0.1 146 59 -1
0.1 61 62 -1
0.1 63 64 -1
0.1 65 66 -1
0.1 67 68 -1
0.1 71 72 -1
0.1 70 152 -1
0.1 73 74 -1
0.1 76 77 -1
0.1 75 155 -1
0.1 154 156 -1
0.1 153 157 -1
0.1 69 158 -1
0.1 151 159 -1
0.1 150 160 -1
0.1 161 78 -1
0.1 79 80 -1
0.1 163 81 -1
0.1 162 164 -1
0.1 149 165 -1
0.1 148 166 -1
0.1 60 167 -1
0.1 168 82 -1
0.1 147 169 -1
0.1 83 84 -1
0.1 85 86 -1
0.1 89 90 -1
0.1 88 173 -1
0.1 87 174 -1
0.1 172 175 -1
0.1 171 176 -1
0.1 170 177 -1
0.1 141 178 -1
