1 0 0 1
1 0 0 2
1 0 0 2
1 0 0 2
1 0 0 2
1 0 0 2
1 0 0 2
1 0 0 2
1 0 0 3
1 0 0 3
1 0 0 3
1 0 0 2
1 0 0 2
1 0 0 2
1 0 0 4
1 0 0 4
1 0 0 4
1 0 0 4
1 0 0 4
1 0 0 4
1 0 0 5
1 0 0 5
1 0 0 5
1 0 0 5
1 0 0 5
1 0 0 5
1 0 0 5
1 0 0 5
1 0 0 5
1 0 0 5
1 0 0 4
1 0 0 4
1 0 0 1
1 0 0 1
1 0 0 4
1 0 0 4
1 0 0 6
1 0 0 6
1 0 0 6
1 0 0 6
1 0 0 6
1 0 0 6
1 0 0 6
1 0 0 6
1 0 0 6
1 0 0 6
1 0 0 3
1 0 0 3
1 0 0 3
1 0 0 3
1 0 0 3
1 0 0 3
1 0 0 3
1 0 0 7
1 0 0 7
1 0 0 8
1 0 0 8
1 0 0 8
1 0 0 8
1 0 0 8
1 0 0 8
1 0 0 8
1 0 0 8
1 0 0 8
1 0 0 8
1 0 0 7
1 0 0 7
1 0 0 7
1 0 0 7
1 0 0 7
1 0 0 7
1 0 0 7
1 0 0 7
1 0 0 1
1 0 0 1
1 0 0 1
1 0 0 1
1 0 0 1
1 0 0 1
1 0 0 1
1 0 0 9
1 0 0 9
1 0 0 9
1 0 0 9
1 0 0 9
1 0 0 9
1 0 0 9
1 0 0 9
1 0 0 9
1 0 0 9
0.1 2 3 -1
0.1 4 5 -1
0.1 91 92 -1
0.1 7 8 -1
0.1 6 94 -1
0.1 93 95 -1
0.1 1 96 -1
0.1 9 10 -1
0.1 98 11 -1
0.1 13 14 -1
0.1 12 100 -1
0.1 99 101 -1
0.1 97 102 -1
0.1 15 16 -1
0.1 18 19 -1
0.1 17 105 -1
0.1 106 20 -1
0.1 22 23 -1
0.1 21 108 -1
0.1 25 26 -1
0.1 24 110 -1
0.1 111 27 -1
0.1 29 30 -1
0.1 28 113 -1
0.1 112 114 -1
0.1 109 115 -1
0.1 107 116 -1
0.1 104 117 -1
0.1 31 32 -1
0.1 118 119 -1
0.1 103 120 -1
0.1 33 34 -1
0.1 35 36 -1
0.1 122 123 -1
0.1 38 39 -1
0.1 37 125 -1
0.1 126 40 -1
0.1 41 42 -1
0.1 128 43 -1
0.1 129 44 -1
0.1 45 46 -1
0.1 130 131 -1
0.1 127 132 -1
0.1 49 50 -1
0.1 48 134 -1
0.1 47 135 -1
0.1 133 136 -1
0.1 137 51 -1
0.1 52 53 -1
0.1 54 55 -1
0.1 57 58 -1
0.1 56 141 -1
0.1 60 61 -1
0.1 59 143 -1
0.1 62 63 -1
0.1 64 65 -1
0.1 145 146 -1
0.1 144 147 -1
0.1 142 148 -1
0.1 67 68 -1
0.1 66 150 -1
0.1 149 151 -1
0.1 152 69 -1
0.1 72 73 -1
0.1 71 154 -1
0.1 70 155 -1
0.1 153 156 -1
0.1 140 157 -1
0.1 139 158 -1
0.1 138 159 -1
0.1 75 76 -1
0.1 161 77 -1
0.1 78 79 -1
0.1 163 80 -1
0.1 162 164 -1
0.1 74 165 -1
0.1 160 166 -1
0.1 124 167 -1
0.1 83 84 -1
0.1 82 169 -1
0.1 85 86 -1
0.1 87 88 -1
0.1 171 172 -1
0.1 89 90 -1
0.1 173 174 -1
0.1 170 175 -1
0.1 81 176 -1
0.1 168 177 -1
0.1 121 178 -1
