1 0 0 1
1 0 0 1
1 0 0 1
1 0 0 1
1 0 0 1
1 0 0 1
1 0 0 1
1 0 0 1
1 0 0 1
1 0 0 1
1 0 0 2
1 0 0 2
1 0 0 2
1 0 0 2
1 0 0 2
1 0 0 2
1 0 0 3
1 0 0 3
1 0 0 4
1 0 0 4
1 0 0 4
1 0 0 4
1 0 0 4
1 0 0 4
1 0 0 4
1 0 0 4
1 0 0 4
1 0 0 4
1 0 0 3
1 0 0 3
1 0 0 3
1 0 0 3
1 0 0 3
1 0 0 3
1 0 0 3
1 0 0 3
1 0 0 2
1 0 0 5
1 0 0 5
1 0 0 6
1 0 0 6
1 0 0 6
1 0 0 6
1 0 0 6
1 0 0 6
1 0 0 6
1 0 0 6
1 0 0 6
1 0 0 6
1 0 0 7
1 0 0 7
1 0 0 5
1 0 0 5
1 0 0 5
1 0 0 5
1 0 0 5
1 0 0 5
1 0 0 5
1 0 0 5
1 0 0 8
1 0 0 8
1 0 0 8
1 0 0 8
1 0 0 8
1 0 0 8
1 0 0 7
1 0 0 7
1 0 0 7
1 0 0 7
1 0 0 7
1 0 0 8
1 0 0 9
1 0 0 2
1 0 0 2
1 0 0 2
1 0 0 8
1 0 0 8
1 0 0 8
1 0 0 9
1 0 0 9
1 0 0 9
1 0 0 9
1 0 0 9
1 0 0 9
1 0 0 9
1 0 0 9
1 0 0 9
1 0 0 7
1 0 0 7
1 0 0 7
0.1 1 2 -1
0.1 4 5 -1
0.1 92 6 -1
0.1 3 93 -1
0.1 7 8 -1
0.1 94 95 -1
0.1 91 96 -1
0.1 9 10 -1
0.1 97 98 -1
0.1 12 13 -1
0.1 11 100 -1
0.1 101 14 -1
0.1 15 16 -1
0.1 17 18 -1
0.1 20 21 -1
0.1 23 24 -1
0.1 22 106 -1
0.1 105 107 -1
0.1 19 108 -1
0.1 25 26 -1
0.1 109 110 -1
0.1 27 28 -1
0.1 111 112 -1
0.1 29 30 -1
0.1 114 31 -1
0.1 34 35 -1
0.1 33 116 -1
0.1 32 117 -1
0.1 115 118 -1
0.1 113 119 -1
0.1 120 36 -1
0.1 104 121 -1
0.1 103 122 -1
0.1 102 123 -1
0.1 99 124 -1
0.1 125 37 -1
0.1 38 39 -1
0.1 40 41 -1
0.1 43 44 -1
0.1 129 45 -1
0.1 47 48 -1
0.1 46 131 -1
0.1 130 132 -1
0.1 42 133 -1
0.1 134 49 -1
0.1 128 135 -1
0.1 127 136 -1
0.1 50 51 -1
0.1 137 138 -1
0.1 126 139 -1
0.1 52 53 -1
0.1 54 55 -1
0.1 58 59 -1
0.1 57 143 -1
0.1 56 144 -1
0.1 142 145 -1
0.1 141 146 -1
0.1 61 62 -1
0.1 148 63 -1
0.1 64 65 -1
0.1 67 68 -1
0.1 66 151 -1
0.1 69 70 -1
0.1 152 153 -1
0.1 74 75 -1
0.1 73 155 -1
0.1 72 156 -1
0.1 76 77 -1
0.1 157 158 -1
0.1 71 159 -1
0.1 160 78 -1
0.1 154 161 -1
0.1 150 162 -1
0.1 149 163 -1
0.1 60 164 -1
0.1 79 80 -1
0.1 84 85 -1
0.1 167 86 -1
0.1 83 168 -1
0.1 169 87 -1
0.1 82 170 -1
0.1 81 171 -1
0.1 166 172 -1
0.1 165 173 -1
0.1 147 174 -1
0.1 89 90 -1
0.1 88 176 -1
0.1 175 177 -1
0.1 140 178 -1
