1 0 0 1
1 0 0 2
1 0 0 3
1 0 0 3
1 0 0 3
1 0 0 3
1 0 0 4
1 0 0 4
1 0 0 4
1 0 0 4
1 0 0 4
1 0 0 4
1 0 0 4
1 0 0 4
1 0 0 4
1 0 0 4
1 0 0 5
1 0 0 5
1 0 0 5
1 0 0 5
1 0 0 5
1 0 0 5
1 0 0 5
1 0 0 6
1 0 0 6
1 0 0 6
1 0 0 6
1 0 0 6
1 0 0 6
1 0 0 6
1 0 0 6
1 0 0 6
1 0 0 6
1 0 0 7
1 0 0 7
1 0 0 7
1 0 0 7
1 0 0 7
1 0 0 7
1 0 0 7
1 0 0 7
1 0 0 7
1 0 0 7
1 0 0 5
1 0 0 5
1 0 0 5
1 0 0 3
1 0 0 3
1 0 0 3
1 0 0 3
1 0 0 3
1 0 0 3
1 0 0 2
1 0 0 2
1 0 0 2
1 0 0 2
1 0 0 2
1 0 0 2
1 0 0 2
1 0 0 8
1 0 0 1
1 0 0 1
1 0 0 1
1 0 0 1
1 0 0 9
1 0 0 9
1 0 0 9
1 0 0 9
1 0 0 9
1 0 0 9
1 0 0 9
1 0 0 9
1 0 0 9
1 0 0 9
1 0 0 1
1 0 0 1
1 0 0 1
1 0 0 1
1 0 0 1
1 0 0 8
1 0 0 8
1 0 0 8
1 0 0 8
1 0 0 10
1 0 0 10
1 0 0 10
1 0 0 10
1 0 0 10
1 0 0 10
1 0 0 10
1 0 0 10
1 0 0 10
1 0 0 10
1 0 0 8
1 0 0 8
1 0 0 8
1 0 0 8
1 0 0 8
1 0 0 2
1 0 0 2
0.1 7 8 -1
0.1 10 11 -1
0.1 102 12 -1
0.1 103 13 -1
0.1 9 104 -1
0.1 14 15 -1
0.1 106 16 -1
0.1 105 107 -1
0.1 101 108 -1
0.1 19 20 -1
0.1 21 22 -1
0.1 111 23 -1
0.1 110 112 -1
0.1 25 26 -1
0.1 24 114 -1
0.1 27 28 -1
0.1 115 116 -1
0.1 31 32 -1
0.1 30 118 -1
0.1 29 119 -1
0.1 120 33 -1
0.1 117 121 -1
0.1 34 35 -1
0.1 37 38 -1
0.1 36 124 -1
0.1 125 39 -1
0.1 123 126 -1
0.1 40 41 -1
0.1 127 128 -1
0.1 42 43 -1
0.1 129 130 -1
0.1 122 131 -1
0.1 113 132 -1
0.1 18 133 -1
0.1 44 45 -1
0.1 134 135 -1
0.1 136 46 -1
0.1 17 137 -1
0.1 109 138 -1
0.1 47 48 -1
0.1 140 49 -1
0.1 139 141 -1
0.1 50 51 -1
0.1 142 143 -1
0.1 6 144 -1
0.1 5 145 -1
0.1 146 52 -1
0.1 4 147 -1
0.1 3 148 -1
0.1 149 53 -1
0.1 2 150 -1
0.1 1 151 -1
0.1 54 55 -1
0.1 56 57 -1
0.1 154 58 -1
0.1 153 155 -1
0.1 62 63 -1
0.1 157 64 -1
0.1 61 158 -1
0.1 68 69 -1
0.1 67 160 -1
0.1 161 70 -1
0.1 66 162 -1
0.1 71 72 -1
0.1 73 74 -1
0.1 164 165 -1
0.1 163 166 -1
0.1 65 167 -1
0.1 75 76 -1
0.1 169 77 -1
0.1 168 170 -1
0.1 159 171 -1
0.1 78 79 -1
0.1 172 173 -1
0.1 60 174 -1
0.1 84 85 -1
0.1 176 86 -1
0.1 89 90 -1
0.1 178 91 -1
0.1 88 179 -1
0.1 87 180 -1
0.1 177 181 -1
0.1 92 93 -1
0.1 182 183 -1
0.1 184 94 -1
0.1 83 185 -1
0.1 82 186 -1
0.1 81 187 -1
0.1 95 96 -1
0.1 188 189 -1
0.1 80 190 -1
0.1 97 98 -1
0.1 191 192 -1
0.1 175 193 -1
0.1 99 100 -1
0.1 194 195 -1
0.1 59 196 -1
0.1 156 197 -1
0.1 152 198 -1
