1 0 0 1
1 0 0 2
1 0 0 2
1 0 0 3
1 0 0 3
1 0 0 3
1 0 0 3
1 0 0 3
1 0 0 3
1 0 0 3
1 0 0 4
1 0 0 4
1 0 0 4
1 0 0 4
1 0 0 4
1 0 0 4
1 0 0 4
1 0 0 4
1 0 0 4
1 0 0 4
1 0 0 5
1 0 0 5
1 0 0 5
1 0 0 5
1 0 0 5
1 0 0 5
1 0 0 5
1 0 0 5
1 0 0 5
1 0 0 5
1 0 0 3
1 0 0 3
1 0 0 3
1 0 0 6
1 0 0 7
1 0 0 7
1 0 0 7
1 0 0 7
1 0 0 7
1 0 0 7
1 0 0 7
1 0 0 7
1 0 0 7
1 0 0 7
1 0 0 6
1 0 0 6
1 0 0 6
1 0 0 6
1 0 0 6
1 0 0 6
1 0 0 6
1 0 0 6
1 0 0 6
1 0 0 2
1 0 0 2
1 0 0 2
1 0 0 2
1 0 0 2
1 0 0 2
1 0 0 2
1 0 0 2
1 0 0 8
1 0 0 8
1 0 0 8
1 0 0 8
1 0 0 9
1 0 0 9
1 0 0 9
1 0 0 9
1 0 0 9
1 0 0 9
1 0 0 9
1 0 0 9
1 0 0 9
1 0 0 9
1 0 0 8
1 0 0 8
1 0 0 8
1 0 0 8
1 0 0 8
1 0 0 8
1 0 0 1
1 0 0 1
1 0 0 1
1 0 0 1
1 0 0 1
1 0 0 1
1 0 0 10
1 0 0 10
1 0 0 10
1 0 0 10
1 0 0 10
1 0 0 10
1 0 0 10
1 0 0 10
1 0 0 10
1 0 0 10
1 0 0 1
1 0 0 1
1 0 0 1
0.1 4 5 -1
0.1 6 7 -1
0.1 8 9 -1
0.1 11 12 -1
0.1 15 16 -1
0.1 14 105 -1
0.1 13 106 -1
0.1 17 18 -1
0.1 107 108 -1
0.1 19 20 -1
0.1 109 110 -1
0.1 104 111 -1
0.1 22 23 -1
0.1 113 24 -1
0.1 21 114 -1
0.1 115 25 -1
0.1 26 27 -1
0.1 28 29 -1
0.1 117 118 -1
0.1 119 30 -1
0.1 116 120 -1
0.1 112 121 -1
0.1 10 122 -1
0.1 103 123 -1
0.1 124 31 -1
0.1 102 125 -1
0.1 32 33 -1
0.1 126 127 -1
0.1 101 128 -1
0.1 129 34 -1
0.1 40 41 -1
0.1 39 131 -1
0.1 38 132 -1
0.1 37 133 -1
0.1 134 42 -1
0.1 135 43 -1
0.1 36 136 -1
0.1 137 44 -1
0.1 35 138 -1
0.1 139 45 -1
0.1 46 47 -1
0.1 140 141 -1
0.1 130 142 -1
0.1 49 50 -1
0.1 48 144 -1
0.1 143 145 -1
0.1 51 52 -1
0.1 147 53 -1
0.1 146 148 -1
0.1 3 149 -1
0.1 2 150 -1
0.1 1 151 -1
0.1 56 57 -1
0.1 55 153 -1
0.1 58 59 -1
0.1 154 155 -1
0.1 54 156 -1
0.1 60 61 -1
0.1 157 158 -1
0.1 67 68 -1
0.1 69 70 -1
0.1 160 161 -1
0.1 71 72 -1
0.1 74 75 -1
0.1 73 164 -1
0.1 163 165 -1
0.1 162 166 -1
0.1 66 167 -1
0.1 65 168 -1
0.1 169 76 -1
0.1 64 170 -1
0.1 63 171 -1
0.1 77 78 -1
0.1 172 173 -1
0.1 62 174 -1
0.1 175 79 -1
0.1 80 81 -1
0.1 176 177 -1
0.1 85 86 -1
0.1 84 179 -1
0.1 83 180 -1
0.1 181 87 -1
0.1 90 91 -1
0.1 92 93 -1
0.1 183 184 -1
0.1 89 185 -1
0.1 95 96 -1
0.1 94 187 -1
0.1 188 97 -1
0.1 186 189 -1
0.1 88 190 -1
0.1 99 100 -1
0.1 98 192 -1
0.1 191 193 -1
0.1 182 194 -1
0.1 82 195 -1
0.1 178 196 -1
0.1 159 197 -1
0.1 152 198 -1
