1 0 0 1
1 0 0 2
1 0 0 2
1 0 0 2
1 0 0 2
1 0 0 2
1 0 0 2
1 0 0 2
1 0 0 2
1 0 0 2
1 0 0 2
1 0 0 2
1 0 0 2
1 0 0 2
1 0 0 2
1 0 0 2
1 0 0 2
1 0 0 2
1 0 0 2
1 0 0 2
1 0 0 2
1 0 0 3
1 0 0 3
1 0 0 3
1 0 0 3
1 0 0 3
1 0 0 3
1 0 0 3
1 0 0 3
1 0 0 3
1 0 0 3
1 0 0 3
1 0 0 3
1 0 0 3
1 0 0 3
1 0 0 3
1 0 0 3
1 0 0 3
1 0 0 3
1 0 0 3
1 0 0 3
1 0 0 4
1 0 0 4
1 0 0 4
1 0 0 4
1 0 0 4
1 0 0 4
1 0 0 4
1 0 0 4
1 0 0 4
1 0 0 4
1 0 0 4
1 0 0 4
1 0 0 4
1 0 0 4
1 0 0 4
1 0 0 4
1 0 0 4
1 0 0 4
1 0 0 4
1 0 0 4
1 0 0 1
1 0 0 1
1 0 0 1
1 0 0 1
1 0 0 5
1 0 0 5
1 0 0 5
1 0 0 5
1 0 0 5
1 0 0 5
1 0 0 5
1 0 0 5
1 0 0 5
1 0 0 5
1 0 0 5
1 0 0 5
1 0 0 5
1 0 0 5
1 0 0 5
1 0 0 5
1 0 0 5
1 0 0 5
1 0 0 5
1 0 0 5
1 0 0 1
1 0 0 1
1 0 0 1
1 0 0 6
1 0 0 6
1 0 0 6
1 0 0 6
1 0 0 6
1 0 0 6
1 0 0 6
1 0 0 6
1 0 0 6
1 0 0 6
1 0 0 6
1 0 0 1
1 0 0 1
1 0 0 1
1 0 0 1
1 0 0 1
1 0 0 7
1 0 0 7
1 0 0 7
1 0 0 7
1 0 0 7
1 0 0 7
1 0 0 7
1 0 0 7
1 0 0 7
1 0 0 7
1 0 0 7
1 0 0 7
1 0 0 7
1 0 0 7
1 0 0 7
1 0 0 7
1 0 0 7
1 0 0 7
1 0 0 7
1 0 0 7
1 0 0 1
1 0 0 1
1 0 0 8
1 0 0 8
1 0 0 8
1 0 0 6
1 0 0 6
1 0 0 6
1 0 0 6
1 0 0 6
1 0 0 6
1 0 0 6
1 0 0 8
1 0 0 8
1 0 0 8
1 0 0 8
1 0 0 8
1 0 0 8
1 0 0 9
1 0 0 9
1 0 0 9
1 0 0 9
1 0 0 9
1 0 0 9
1 0 0 9
1 0 0 9
1 0 0 9
1 0 0 9
1 0 0 9
1 0 0 9
1 0 0 9
1 0 0 10
1 0 0 10
1 0 0 9
1 0 0 9
1 0 0 9
1 0 0 9
1 0 0 9
1 0 0 9
1 0 0 9
1 0 0 10
1 0 0 6
1 0 0 6
1 0 0 10
1 0 0 10
1 0 0 10
1 0 0 10
1 0 0 10
1 0 0 10
1 0 0 10
1 0 0 10
1 0 0 10
1 0 0 10
1 0 0 10
1 0 0 10
1 0 0 10
1 0 0 10
1 0 0 10
1 0 0 10
1 0 0 10
1 0 0 8
1 0 0 8
1 0 0 8
1 0 0 8
1 0 0 8
1 0 0 8
1 0 0 8
1 0 0 8
1 0 0 8
1 0 0 8
1 0 0 8
1 0 0 1
1 0 0 11
1 0 0 11
1 0 0 11
1 0 0 11
1 0 0 11
1 0 0 11
1 0 0 11
1 0 0 11
1 0 0 11
1 0 0 11
1 0 0 11
1 0 0 11
1 0 0 11
1 0 0 11
1 0 0 11
1 0 0 11
1 0 0 11
1 0 0 11
1 0 0 11
1 0 0 11
1 0 0 12
1 0 0 12
1 0 0 12
1 0 0 12
1 0 0 12
1 0 0 12
1 0 0 12
1 0 0 12
1 0 0 12
1 0 0 12
1 0 0 12
1 0 0 12
1 0 0 12
1 0 0 12
1 0 0 12
1 0 0 12
1 0 0 12
1 0 0 12
1 0 0 12
1 0 0 12
1 0 0 1
1 0 0 13
1 0 0 13
1 0 0 13
1 0 0 13
1 0 0 13
1 0 0 13
1 0 0 13
1 0 0 13
1 0 0 13
1 0 0 13
1 0 0 13
1 0 0 13
1 0 0 13
1 0 0 13
1 0 0 13
1 0 0 13
1 0 0 13
1 0 0 13
1 0 0 13
1 0 0 13
1 0 0 1
1 0 0 14
1 0 0 14
1 0 0 14
1 0 0 14
1 0 0 14
1 0 0 14
1 0 0 14
1 0 0 14
1 0 0 14
1 0 0 14
1 0 0 14
1 0 0 14
1 0 0 14
1 0 0 14
1 0 0 14
1 0 0 14
1 0 0 14
1 0 0 14
1 0 0 14
1 0 0 14
1 0 0 1
1 0 0 1
0.1 3 4 -1
0.1 2 281 -1
0.1 282 5 -1
0.1 6 7 -1
0.1 9 10 -1
0.1 8 285 -1
0.1 11 12 -1
0.1 287 13 -1
0.1 286 288 -1
0.1 284 289 -1
0.1 283 290 -1
0.1 14 15 -1
0.1 16 17 -1
0.1 293 18 -1
0.1 292 294 -1
0.1 20 21 -1
0.1 19 296 -1
0.1 295 297 -1
0.1 291 298 -1
0.1 22 23 -1
0.1 24 25 -1
0.1 300 301 -1
0.1 27 28 -1
0.1 26 303 -1
0.1 304 29 -1
0.1 302 305 -1
0.1 306 30 -1
0.1 31 32 -1
0.1 308 33 -1
0.1 34 35 -1
0.1 309 310 -1
0.1 36 37 -1
0.1 311 312 -1
0.1 38 39 -1
0.1 40 41 -1
0.1 314 315 -1
0.1 313 316 -1
0.1 307 317 -1
0.1 42 43 -1
0.1 45 46 -1
0.1 44 320 -1
0.1 319 321 -1
0.1 47 48 -1
0.1 322 323 -1
0.1 49 50 -1
0.1 51 52 -1
0.1 325 326 -1
0.1 324 327 -1
0.1 53 54 -1
0.1 55 56 -1
0.1 329 330 -1
0.1 58 59 -1
0.1 60 61 -1
0.1 332 333 -1
0.1 57 334 -1
0.1 331 335 -1
0.1 328 336 -1
0.1 318 337 -1
0.1 299 338 -1
0.1 62 63 -1
0.1 339 340 -1
0.1 341 64 -1
0.1 1 342 -1
0.1 68 69 -1
0.1 344 70 -1
0.1 67 345 -1
0.1 73 74 -1
0.1 72 347 -1
0.1 71 348 -1
0.1 346 349 -1
0.1 66 350 -1
0.1 75 76 -1
0.1 77 78 -1
0.1 352 353 -1
0.1 351 354 -1
0.1 81 82 -1
0.1 356 83 -1
0.1 80 357 -1
0.1 79 358 -1
0.1 84 85 -1
0.1 359 360 -1
0.1 355 361 -1
0.1 65 362 -1
0.1 86 87 -1
0.1 364 88 -1
0.1 363 365 -1
0.1 343 366 -1
0.1 89 90 -1
0.1 92 93 -1
0.1 91 369 -1
0.1 95 96 -1
0.1 97 98 -1
0.1 371 372 -1
0.1 373 99 -1
0.1 94 374 -1
0.1 370 375 -1
0.1 368 376 -1
0.1 101 102 -1
0.1 100 378 -1
0.1 379 103 -1
0.1 377 380 -1
0.1 107 108 -1
0.1 109 110 -1
0.1 382 383 -1
0.1 112 113 -1
0.1 116 117 -1
0.1 115 386 -1
0.1 114 387 -1
0.1 385 388 -1
0.1 119 120 -1
0.1 118 390 -1
0.1 389 391 -1
0.1 121 122 -1
0.1 123 124 -1
0.1 393 394 -1
0.1 392 395 -1
0.1 111 396 -1
0.1 384 397 -1
0.1 106 398 -1
0.1 105 399 -1
0.1 400 125 -1
0.1 401 126 -1
0.1 104 402 -1
0.1 381 403 -1
0.1 367 404 -1
0.1 127 128 -1
0.1 132 133 -1
0.1 131 407 -1
0.1 130 408 -1
0.1 135 136 -1
0.1 134 410 -1
0.1 409 411 -1
0.1 412 137 -1
0.1 413 138 -1
0.1 414 139 -1
0.1 129 415 -1
0.1 141 142 -1
0.1 144 145 -1
0.1 146 147 -1
0.1 418 419 -1
0.1 149 150 -1
0.1 148 421 -1
0.1 151 152 -1
0.1 422 423 -1
0.1 154 155 -1
0.1 153 425 -1
0.1 424 426 -1
0.1 420 427 -1
0.1 143 428 -1
0.1 156 157 -1
0.1 158 159 -1
0.1 160 161 -1
0.1 432 162 -1
0.1 431 433 -1
0.1 163 164 -1
0.1 434 435 -1
0.1 430 436 -1
0.1 429 437 -1
0.1 166 167 -1
0.1 169 170 -1
0.1 168 440 -1
0.1 172 173 -1
0.1 171 442 -1
0.1 443 174 -1
0.1 444 175 -1
0.1 441 445 -1
0.1 439 446 -1
0.1 165 447 -1
0.1 178 179 -1
0.1 181 182 -1
0.1 180 450 -1
0.1 183 184 -1
0.1 451 452 -1
0.1 449 453 -1
0.1 177 454 -1
0.1 176 455 -1
0.1 448 456 -1
0.1 457 185 -1
0.1 438 458 -1
0.1 417 459 -1
0.1 460 186 -1
0.1 140 461 -1
0.1 188 189 -1
0.1 187 463 -1
0.1 190 191 -1
0.1 192 193 -1
0.1 465 466 -1
0.1 467 194 -1
0.1 464 468 -1
0.1 462 469 -1
0.1 416 470 -1
0.1 471 195 -1
0.1 406 472 -1
0.1 198 199 -1
0.1 201 202 -1
0.1 200 475 -1
0.1 476 203 -1
0.1 477 204 -1
0.1 474 478 -1
0.1 197 479 -1
0.1 206 207 -1
0.1 205 481 -1
0.1 208 209 -1
0.1 482 483 -1
0.1 484 210 -1
0.1 214 215 -1
0.1 213 486 -1
0.1 212 487 -1
0.1 488 216 -1
0.1 211 489 -1
0.1 485 490 -1
0.1 480 491 -1
0.1 218 219 -1
0.1 493 220 -1
0.1 217 494 -1
0.1 221 222 -1
0.1 495 496 -1
0.1 223 224 -1
0.1 225 226 -1
0.1 229 230 -1
0.1 228 500 -1
0.1 227 501 -1
0.1 499 502 -1
0.1 232 233 -1
0.1 234 235 -1
0.1 504 505 -1
0.1 231 506 -1
0.1 507 236 -1
0.1 503 508 -1
0.1 498 509 -1
0.1 497 510 -1
0.1 492 511 -1
0.1 238 239 -1
0.1 242 243 -1
0.1 241 514 -1
0.1 240 515 -1
0.1 513 516 -1
0.1 246 247 -1
0.1 248 249 -1
0.1 519 250 -1
0.1 518 520 -1
0.1 245 521 -1
0.1 251 252 -1
0.1 254 255 -1
0.1 253 524 -1
0.1 523 525 -1
0.1 522 526 -1
0.1 256 257 -1
0.1 527 528 -1
0.1 244 529 -1
0.1 517 530 -1
0.1 237 531 -1
0.1 512 532 -1
0.1 259 260 -1
0.1 261 262 -1
0.1 534 535 -1
0.1 263 264 -1
0.1 537 265 -1
0.1 266 267 -1
0.1 539 268 -1
0.1 269 270 -1
0.1 540 541 -1
0.1 538 542 -1
0.1 543 271 -1
0.1 536 544 -1
0.1 272 273 -1
0.1 546 274 -1
0.1 276 277 -1
0.1 548 278 -1
0.1 275 549 -1
0.1 547 550 -1
0.1 545 551 -1
0.1 258 552 -1
0.1 553 279 -1
0.1 554 280 -1
0.1 533 555 -1
0.1 196 556 -1
0.1 473 557 -1
0.1 405 558 -1
