1 0 0 1
1 0 0 1
1 0 0 1
1 0 0 1
1 0 0 1
1 0 0 1
1 0 0 1
1 0 0 2
1 0 0 2
1 0 0 2
1 0 0 2
1 0 0 2
1 0 0 2
1 0 0 2
1 0 0 2
1 0 0 2
1 0 0 2
1 0 0 3
1 0 0 3
1 0 0 3
1 0 0 3
1 0 0 3
1 0 0 3
1 0 0 3
1 0 0 3
1 0 0 3
1 0 0 3
1 0 0 1
1 0 0 1
1 0 0 1
1 0 0 4
1 0 0 4
1 0 0 4
1 0 0 4
1 0 0 4
1 0 0 5
1 0 0 5
1 0 0 5
1 0 0 5
1 0 0 5
1 0 0 5
1 0 0 5
1 0 0 5
1 0 0 5
1 0 0 5
1 0 0 6
1 0 0 6
1 0 0 6
1 0 0 6
1 0 0 6
1 0 0 6
1 0 0 6
1 0 0 6
1 0 0 6
1 0 0 6
1 0 0 7
1 0 0 8
1 0 0 8
1 0 0 9
1 0 0 9
1 0 0 9
1 0 0 9
1 0 0 9
1 0 0 9
1 0 0 9
1 0 0 9
1 0 0 9
1 0 0 9
1 0 0 8
1 0 0 8
1 0 0 8
1 0 0 8
1 0 0 8
1 0 0 8
1 0 0 8
1 0 0 8
1 0 0 7
1 0 0 7
1 0 0 7
1 0 0 7
1 0 0 7
1 0 0 7
1 0 0 7
1 0 0 7
1 0 0 7
1 0 0 10
1 0 0 10
1 0 0 10
1 0 0 10
1 0 0 10
1 0 0 10
1 0 0 10
1 0 0 10
1 0 0 10
1 0 0 10
1 0 0 11
1 0 0 11
1 0 0 11
1 0 0 11
1 0 0 11
1 0 0 11
1 0 0 11
1 0 0 11
1 0 0 11
1 0 0 11
1 0 0 12
1 0 0 12
1 0 0 12
1 0 0 12
1 0 0 12
1 0 0 13
1 0 0 13
1 0 0 13
1 0 0 13
1 0 0 13
1 0 0 13
1 0 0 13
1 0 0 13
1 0 0 13
1 0 0 13
1 0 0 12
1 0 0 12
1 0 0 12
1 0 0 12
1 0 0 12
1 0 0 14
1 0 0 14
1 0 0 14
1 0 0 14
1 0 0 14
1 0 0 14
1 0 0 14
1 0 0 14
1 0 0 14
1 0 0 14
1 0 0 4
1 0 0 4
1 0 0 4
1 0 0 4
1 0 0 4
1 0 0 15
1 0 0 15
1 0 0 15
1 0 0 15
1 0 0 15
1 0 0 16
1 0 0 16
1 0 0 16
1 0 0 16
1 0 0 16
1 0 0 16
1 0 0 16
1 0 0 16
1 0 0 16
1 0 0 16
1 0 0 17
1 0 0 17
1 0 0 17
1 0 0 17
1 0 0 17
1 0 0 17
1 0 0 17
1 0 0 17
1 0 0 17
1 0 0 17
1 0 0 15
1 0 0 15
1 0 0 15
1 0 0 15
1 0 0 15
1 0 0 18
1 0 0 18
1 0 0 18
1 0 0 18
1 0 0 18
1 0 0 18
1 0 0 18
1 0 0 18
1 0 0 19
1 0 0 19
1 0 0 19
1 0 0 19
1 0 0 20
1 0 0 20
1 0 0 20
1 0 0 20
1 0 0 20
1 0 0 20
1 0 0 20
1 0 0 20
1 0 0 20
1 0 0 20
1 0 0 19
1 0 0 19
1 0 0 19
1 0 0 19
1 0 0 19
1 0 0 19
1 0 0 21
1 0 0 21
1 0 0 22
1 0 0 22
1 0 0 22
1 0 0 22
1 0 0 22
1 0 0 22
1 0 0 22
1 0 0 22
1 0 0 22
1 0 0 22
1 0 0 23
1 0 0 23
1 0 0 23
1 0 0 23
1 0 0 23
1 0 0 23
1 0 0 23
1 0 0 23
1 0 0 23
1 0 0 23
1 0 0 24
1 0 0 24
1 0 0 24
1 0 0 24
1 0 0 24
1 0 0 24
1 0 0 24
1 0 0 24
1 0 0 24
1 0 0 24
1 0 0 21
1 0 0 21
1 0 0 21
1 0 0 21
1 0 0 21
1 0 0 21
1 0 0 21
1 0 0 21
1 0 0 18
1 0 0 18
0.1 2 3 -1
0.1 1 241 -1
0.1 4 5 -1
0.1 6 7 -1
0.1 8 9 -1
0.1 11 12 -1
0.1 13 14 -1
0.1 247 15 -1
0.1 246 248 -1
0.1 249 16 -1
0.1 250 17 -1
0.1 10 251 -1
0.1 245 252 -1
0.1 19 20 -1
0.1 21 22 -1
0.1 23 24 -1
0.1 256 25 -1
0.1 26 27 -1
0.1 257 258 -1
0.1 255 259 -1
0.1 254 260 -1
0.1 18 261 -1
0.1 253 262 -1
0.1 244 263 -1
0.1 243 264 -1
0.1 28 29 -1
0.1 32 33 -1
0.1 34 35 -1
0.1 267 268 -1
0.1 31 269 -1
0.1 36 37 -1
0.1 40 41 -1
0.1 39 272 -1
0.1 38 273 -1
0.1 271 274 -1
0.1 42 43 -1
0.1 44 45 -1
0.1 276 277 -1
0.1 275 278 -1
0.1 47 48 -1
0.1 46 280 -1
0.1 49 50 -1
0.1 52 53 -1
0.1 51 283 -1
0.1 54 55 -1
0.1 284 285 -1
0.1 282 286 -1
0.1 281 287 -1
0.1 59 60 -1
0.1 63 64 -1
0.1 62 290 -1
0.1 67 68 -1
0.1 66 292 -1
0.1 65 293 -1
0.1 291 294 -1
0.1 61 295 -1
0.1 289 296 -1
0.1 58 297 -1
0.1 57 298 -1
0.1 71 72 -1
0.1 70 300 -1
0.1 69 301 -1
0.1 74 75 -1
0.1 73 303 -1
0.1 304 76 -1
0.1 302 305 -1
0.1 299 306 -1
0.1 56 307 -1
0.1 77 78 -1
0.1 79 80 -1
0.1 309 310 -1
0.1 308 311 -1
0.1 288 312 -1
0.1 82 83 -1
0.1 84 85 -1
0.1 314 315 -1
0.1 81 316 -1
0.1 88 89 -1
0.1 87 318 -1
0.1 91 92 -1
0.1 90 320 -1
0.1 319 321 -1
0.1 86 322 -1
0.1 94 95 -1
0.1 93 324 -1
0.1 323 325 -1
0.1 317 326 -1
0.1 313 327 -1
0.1 279 328 -1
0.1 99 100 -1
0.1 330 101 -1
0.1 98 331 -1
0.1 97 332 -1
0.1 96 333 -1
0.1 102 103 -1
0.1 335 104 -1
0.1 336 105 -1
0.1 334 337 -1
0.1 329 338 -1
0.1 106 107 -1
0.1 109 110 -1
0.1 111 112 -1
0.1 114 115 -1
0.1 117 118 -1
0.1 344 119 -1
0.1 116 345 -1
0.1 343 346 -1
0.1 113 347 -1
0.1 342 348 -1
0.1 349 120 -1
0.1 341 350 -1
0.1 108 351 -1
0.1 121 122 -1
0.1 124 125 -1
0.1 123 354 -1
0.1 353 355 -1
0.1 352 356 -1
0.1 340 357 -1
0.1 339 358 -1
0.1 127 128 -1
0.1 360 129 -1
0.1 131 132 -1
0.1 130 362 -1
0.1 133 134 -1
0.1 363 364 -1
0.1 365 135 -1
0.1 361 366 -1
0.1 126 367 -1
0.1 138 139 -1
0.1 369 140 -1
0.1 137 370 -1
0.1 136 371 -1
0.1 368 372 -1
0.1 359 373 -1
0.1 270 374 -1
0.1 30 375 -1
0.1 266 376 -1
0.1 265 377 -1
0.1 242 378 -1
0.1 142 143 -1
0.1 380 144 -1
0.1 381 145 -1
0.1 141 382 -1
0.1 146 147 -1
0.1 148 149 -1
0.1 150 151 -1
0.1 385 386 -1
0.1 384 387 -1
0.1 154 155 -1
0.1 153 389 -1
0.1 152 390 -1
0.1 388 391 -1
0.1 156 157 -1
0.1 158 159 -1
0.1 393 394 -1
0.1 395 160 -1
0.1 164 165 -1
0.1 163 397 -1
0.1 162 398 -1
0.1 161 399 -1
0.1 396 400 -1
0.1 392 401 -1
0.1 167 168 -1
0.1 166 403 -1
0.1 169 170 -1
0.1 404 405 -1
0.1 402 406 -1
0.1 383 407 -1
0.1 379 408 -1
0.1 171 172 -1
0.1 173 174 -1
0.1 176 177 -1
0.1 175 412 -1
0.1 411 413 -1
0.1 179 180 -1
0.1 415 181 -1
0.1 184 185 -1
0.1 417 186 -1
0.1 187 188 -1
0.1 189 190 -1
0.1 419 420 -1
0.1 418 421 -1
0.1 422 191 -1
0.1 423 192 -1
0.1 183 424 -1
0.1 182 425 -1
0.1 193 194 -1
0.1 197 198 -1
0.1 196 428 -1
0.1 195 429 -1
0.1 427 430 -1
0.1 426 431 -1
0.1 416 432 -1
0.1 178 433 -1
0.1 414 434 -1
0.1 410 435 -1
0.1 199 200 -1
0.1 201 202 -1
0.1 203 204 -1
0.1 205 206 -1
0.1 439 440 -1
0.1 438 441 -1
0.1 207 208 -1
0.1 443 209 -1
0.1 211 212 -1
0.1 214 215 -1
0.1 213 446 -1
0.1 219 220 -1
0.1 218 448 -1
0.1 217 449 -1
0.1 216 450 -1
0.1 221 222 -1
0.1 227 228 -1
0.1 226 453 -1
0.1 225 454 -1
0.1 224 455 -1
0.1 223 456 -1
0.1 452 457 -1
0.1 229 230 -1
0.1 458 459 -1
0.1 451 460 -1
0.1 447 461 -1
0.1 445 462 -1
0.1 210 463 -1
0.1 444 464 -1
0.1 442 465 -1
0.1 231 232 -1
0.1 466 467 -1
0.1 468 233 -1
0.1 235 236 -1
0.1 470 237 -1
0.1 234 471 -1
0.1 469 472 -1
0.1 473 238 -1
0.1 437 474 -1
0.1 436 475 -1
0.1 239 240 -1
0.1 476 477 -1
0.1 409 478 -1
