1 0 0 1
1 0 0 2
1 0 0 2
1 0 0 2
1 0 0 2
1 0 0 2
1 0 0 2
1 0 0 2
1 0 0 2
1 0 0 2
1 0 0 2
1 0 0 3
1 0 0 3
1 0 0 3
1 0 0 3
1 0 0 3
1 0 0 3
1 0 0 4
1 0 0 4
1 0 0 4
1 0 0 4
1 0 0 4
1 0 0 4
1 0 0 4
1 0 0 4
1 0 0 4
1 0 0 4
1 0 0 5
1 0 0 5
1 0 0 5
1 0 0 5
1 0 0 5
1 0 0 5
1 0 0 5
1 0 0 5
1 0 0 5
1 0 0 5
1 0 0 3
1 0 0 3
1 0 0 3
1 0 0 1
1 0 0 3
1 0 0 6
1 0 0 6
1 0 0 6
1 0 0 6
1 0 0 6
1 0 0 6
1 0 0 6
1 0 0 6
1 0 0 6
1 0 0 6
1 0 0 1
1 0 0 1
1 0 0 1
1 0 0 7
1 0 0 7
1 0 0 7
1 0 0 7
1 0 0 7
1 0 0 1
1 0 0 7
1 0 0 7
1 0 0 7
1 0 0 8
1 0 0 8
1 0 0 8
1 0 0 8
1 0 0 8
1 0 0 8
1 0 0 8
1 0 0 8
1 0 0 8
1 0 0 8
1 0 0 7
1 0 0 7
1 0 0 9
1 0 0 9
1 0 0 9
1 0 0 9
1 0 0 9
1 0 0 9
1 0 0 9
1 0 0 9
1 0 0 9
1 0 0 9
1 0 0 10
1 0 0 10
1 0 0 10
1 0 0 10
1 0 0 10
1 0 0 10
1 0 0 10
1 0 0 10
1 0 0 10
1 0 0 10
1 0 0 11
1 0 0 11
1 0 0 11
1 0 0 11
1 0 0 11
1 0 0 11
1 0 0 11
1 0 0 11
1 0 0 11
1 0 0 11
1 0 0 12
1 0 0 12
1 0 0 12
1 0 0 12
1 0 0 12
1 0 0 12
1 0 0 12
1 0 0 12
1 0 0 12
1 0 0 12
1 0 0 1
1 0 0 1
1 0 0 1
1 0 0 1
0.1 3 4 -1
0.1 2 121 -1
0.1 5 6 -1
0.1 8 9 -1
0.1 7 124 -1
0.1 123 125 -1
0.1 122 126 -1
0.1 10 11 -1
0.1 127 128 -1
0.1 129 12 -1
0.1 13 14 -1
0.1 18 19 -1
0.1 21 22 -1
0.1 20 133 -1
0.1 132 134 -1
0.1 135 23 -1
0.1 25 26 -1
0.1 24 137 -1
0.1 138 27 -1
0.1 136 139 -1
0.1 29 30 -1
0.1 31 32 -1
0.1 141 142 -1
0.1 34 35 -1
0.1 33 144 -1
0.1 143 145 -1
0.1 28 146 -1
0.1 36 37 -1
0.1 147 148 -1
0.1 140 149 -1
0.1 17 150 -1
0.1 16 151 -1
0.1 15 152 -1
0.1 131 153 -1
0.1 38 39 -1
0.1 155 40 -1
0.1 154 156 -1
0.1 130 157 -1
0.1 158 41 -1
0.1 1 159 -1
0.1 42 43 -1
0.1 161 44 -1
0.1 46 47 -1
0.1 45 163 -1
0.1 162 164 -1
0.1 49 50 -1
0.1 166 51 -1
0.1 48 167 -1
0.1 168 52 -1
0.1 165 169 -1
0.1 53 54 -1
0.1 171 55 -1
0.1 170 172 -1
0.1 59 60 -1
0.1 58 174 -1
0.1 57 175 -1
0.1 56 176 -1
0.1 177 61 -1
0.1 65 66 -1
0.1 67 68 -1
0.1 180 69 -1
0.1 181 70 -1
0.1 179 182 -1
0.1 72 73 -1
0.1 184 74 -1
0.1 71 185 -1
0.1 183 186 -1
0.1 64 187 -1
0.1 63 188 -1
0.1 75 76 -1
0.1 189 190 -1
0.1 62 191 -1
0.1 178 192 -1
0.1 173 193 -1
0.1 160 194 -1
0.1 77 78 -1
0.1 79 80 -1
0.1 197 81 -1
0.1 84 85 -1
0.1 199 86 -1
0.1 83 200 -1
0.1 82 201 -1
0.1 198 202 -1
0.1 88 89 -1
0.1 87 204 -1
0.1 90 91 -1
0.1 206 92 -1
0.1 205 207 -1
0.1 93 94 -1
0.1 209 95 -1
0.1 210 96 -1
0.1 208 211 -1
0.1 203 212 -1
0.1 196 213 -1
0.1 97 98 -1
0.1 99 100 -1
0.1 215 216 -1
0.1 101 102 -1
0.1 217 218 -1
0.1 103 104 -1
0.1 220 105 -1
0.1 219 221 -1
0.1 222 106 -1
0.1 214 223 -1
0.1 109 110 -1
0.1 225 111 -1
0.1 108 226 -1
0.1 107 227 -1
0.1 112 113 -1
0.1 228 229 -1
0.1 115 116 -1
0.1 114 231 -1
0.1 230 232 -1
0.1 224 233 -1
0.1 119 120 -1
0.1 118 235 -1
0.1 117 236 -1
0.1 234 237 -1
0.1 195 238 -1
