1 0 0 1
1 0 0 2
1 0 0 2
1 0 0 2
1 0 0 2
1 0 0 2
1 0 0 2
1 0 0 2
1 0 0 2
1 0 0 2
1 0 0 2
1 0 0 3
1 0 0 3
1 0 0 3
1 0 0 4
1 0 0 3
1 0 0 4
1 0 0 4
1 0 0 4
1 0 0 4
1 0 0 4
1 0 0 4
1 0 0 4
1 0 0 4
1 0 0 4
1 0 0 5
1 0 0 5
1 0 0 5
1 0 0 5
1 0 0 5
1 0 0 5
1 0 0 5
1 0 0 5
1 0 0 5
1 0 0 5
1 0 0 6
1 0 0 6
1 0 0 6
1 0 0 6
1 0 0 6
1 0 0 6
1 0 0 6
1 0 0 6
1 0 0 6
1 0 0 6
1 0 0 7
1 0 0 7
1 0 0 7
1 0 0 7
1 0 0 8
1 0 0 8
1 0 0 8
1 0 0 8
1 0 0 8
1 0 0 8
1 0 0 8
1 0 0 8
1 0 0 8
1 0 0 7
1 0 0 7
1 0 0 7
1 0 0 7
1 0 0 7
1 0 0 7
1 0 0 8
1 0 0 9
1 0 0 9
1 0 0 9
1 0 0 9
1 0 0 9
1 0 0 9
1 0 0 9
1 0 0 9
1 0 0 9
1 0 0 9
1 0 0 3
1 0 0 3
1 0 0 3
1 0 0 3
1 0 0 3
1 0 0 3
1 0 0 1
1 0 0 10
1 0 0 10
1 0 0 10
1 0 0 10
1 0 0 10
1 0 0 10
1 0 0 10
1 0 0 10
1 0 0 10
1 0 0 10
1 0 0 1
1 0 0 1
1 0 0 11
1 0 0 11
1 0 0 11
1 0 0 11
1 0 0 11
1 0 0 11
1 0 0 11
1 0 0 11
1 0 0 11
1 0 0 11
1 0 0 12
1 0 0 12
1 0 0 12
1 0 0 12
1 0 0 12
1 0 0 12
1 0 0 12
1 0 0 12
1 0 0 12
1 0 0 12
1 0 0 1
1 0 0 1
1 0 0 1
1 0 0 1
1 0 0 1
1 0 0 1
0.1 1 2 -1
0.1 3 4 -1
0.1 122 5 -1
0.1 123 6 -1
0.1 121 124 -1
0.1 7 8 -1
0.1 10 11 -1
0.1 9 127 -1
0.1 126 128 -1
0.1 125 129 -1
0.1 12 13 -1
0.1 131 14 -1
0.1 130 132 -1
0.1 15 16 -1
0.1 18 19 -1
0.1 135 20 -1
0.1 17 136 -1
0.1 137 21 -1
0.1 22 23 -1
0.1 27 28 -1
0.1 140 29 -1
0.1 26 141 -1
0.1 30 31 -1
0.1 142 143 -1
0.1 33 34 -1
0.1 32 145 -1
0.1 146 35 -1
0.1 144 147 -1
0.1 25 148 -1
0.1 24 149 -1
0.1 139 150 -1
0.1 138 151 -1
0.1 134 152 -1
0.1 133 153 -1
0.1 36 37 -1
0.1 155 38 -1
0.1 156 39 -1
0.1 157 40 -1
0.1 41 42 -1
0.1 158 159 -1
0.1 44 45 -1
0.1 43 161 -1
0.1 160 162 -1
0.1 47 48 -1
0.1 50 51 -1
0.1 165 52 -1
0.1 54 55 -1
0.1 167 56 -1
0.1 57 58 -1
0.1 168 169 -1
0.1 53 170 -1
0.1 166 171 -1
0.1 60 61 -1
0.1 59 173 -1
0.1 174 62 -1
0.1 172 175 -1
0.1 49 176 -1
0.1 164 177 -1
0.1 46 178 -1
0.1 63 64 -1
0.1 179 180 -1
0.1 181 65 -1
0.1 67 68 -1
0.1 66 183 -1
0.1 69 70 -1
0.1 71 72 -1
0.1 185 186 -1
0.1 184 187 -1
0.1 74 75 -1
0.1 73 189 -1
0.1 188 190 -1
0.1 182 191 -1
0.1 163 192 -1
0.1 76 77 -1
0.1 78 79 -1
0.1 194 195 -1
0.1 193 196 -1
0.1 83 84 -1
0.1 85 86 -1
0.1 199 87 -1
0.1 89 90 -1
0.1 88 201 -1
0.1 200 202 -1
0.1 198 203 -1
0.1 204 91 -1
0.1 205 92 -1
0.1 82 206 -1
0.1 97 98 -1
0.1 100 101 -1
0.1 99 209 -1
0.1 208 210 -1
0.1 96 211 -1
0.1 103 104 -1
0.1 102 213 -1
0.1 212 214 -1
0.1 95 215 -1
0.1 94 216 -1
0.1 106 107 -1
0.1 108 109 -1
0.1 218 219 -1
0.1 110 111 -1
0.1 221 112 -1
0.1 220 222 -1
0.1 113 114 -1
0.1 223 224 -1
0.1 105 225 -1
0.1 217 226 -1
0.1 93 227 -1
0.1 228 115 -1
0.1 116 117 -1
0.1 119 120 -1
0.1 118 231 -1
0.1 230 232 -1
0.1 229 233 -1
0.1 207 234 -1
0.1 81 235 -1
0.1 80 236 -1
0.1 197 237 -1
0.1 154 238 -1
