1 0 0 1
1 0 0 1
1 0 0 1
1 0 0 1
1 0 0 1
1 0 0 2
1 0 0 2
1 0 0 2
1 0 0 2
1 0 0 2
1 0 0 3
1 0 0 3
1 0 0 3
1 0 0 3
1 0 0 3
1 0 0 4
1 0 0 4
1 0 0 4
1 0 0 4
1 0 0 4
1 0 0 5
1 0 0 6
1 0 0 6
1 0 0 7
1 0 0 7
1 0 0 7
1 0 0 7
1 0 0 7
1 0 0 6
1 0 0 6
1 0 0 6
1 0 0 8
1 0 0 8
1 0 0 8
1 0 0 9
1 0 0 9
1 0 0 9
1 0 0 9
1 0 0 9
1 0 0 8
1 0 0 8
1 0 0 5
1 0 0 10
1 0 0 10
1 0 0 10
1 0 0 10
1 0 0 10
1 0 0 11
1 0 0 11
1 0 0 11
1 0 0 11
1 0 0 12
1 0 0 12
1 0 0 12
1 0 0 12
1 0 0 12
1 0 0 13
1 0 0 13
1 0 0 13
1 0 0 13
1 0 0 13
1 0 0 14
1 0 0 14
1 0 0 14
1 0 0 14
1 0 0 14
1 0 0 15
1 0 0 15
1 0 0 15
1 0 0 15
1 0 0 16
1 0 0 16
1 0 0 16
1 0 0 16
1 0 0 16
1 0 0 17
1 0 0 17
1 0 0 17
1 0 0 17
1 0 0 17
1 0 0 18
1 0 0 18
1 0 0 18
1 0 0 18
1 0 0 18
1 0 0 15
1 0 0 11
1 0 0 5
1 0 0 19
1 0 0 19
1 0 0 19
1 0 0 19
1 0 0 19
1 0 0 5
1 0 0 5
1 0 0 20
1 0 0 20
1 0 0 20
1 0 0 20
1 0 0 20
1 0 0 21
1 0 0 22
1 0 0 22
1 0 0 23
1 0 0 23
1 0 0 23
1 0 0 24
1 0 0 24
1 0 0 24
1 0 0 24
1 0 0 24
1 0 0 25
1 0 0 25
1 0 0 25
1 0 0 25
1 0 0 25
1 0 0 26
1 0 0 26
1 0 0 26
1 0 0 26
1 0 0 26
1 0 0 23
1 0 0 23
1 0 0 27
1 0 0 27
1 0 0 27
1 0 0 27
1 0 0 27
1 0 0 28
1 0 0 28
1 0 0 28
1 0 0 28
1 0 0 28
1 0 0 29
1 0 0 29
1 0 0 30
1 0 0 29
1 0 0 29
1 0 0 29
1 0 0 30
1 0 0 30
1 0 0 30
1 0 0 30
1 0 0 31
1 0 0 31
1 0 0 31
1 0 0 31
1 0 0 31
1 0 0 32
1 0 0 32
1 0 0 32
1 0 0 32
1 0 0 32
1 0 0 33
1 0 0 33
1 0 0 33
1 0 0 33
1 0 0 33
1 0 0 34
1 0 0 34
1 0 0 34
1 0 0 34
1 0 0 34
1 0 0 35
1 0 0 35
1 0 0 35
1 0 0 35
1 0 0 35
1 0 0 22
1 0 0 22
1 0 0 22
1 0 0 21
1 0 0 21
1 0 0 21
1 0 0 21
1 0 0 36
1 0 0 36
1 0 0 36
1 0 0 36
1 0 0 36
0.1 2 3 -1
0.1 1 181 -1
0.1 4 5 -1
0.1 182 183 -1
0.1 6 7 -1
0.1 8 9 -1
0.1 185 186 -1
0.1 187 10 -1
0.1 184 188 -1
0.1 14 15 -1
0.1 13 190 -1
0.1 12 191 -1
0.1 11 192 -1
0.1 16 17 -1
0.1 18 19 -1
0.1 195 20 -1
0.1 194 196 -1
0.1 193 197 -1
0.1 198 21 -1
0.1 25 26 -1
0.1 24 200 -1
0.1 201 27 -1
0.1 202 28 -1
0.1 23 203 -1
0.1 30 31 -1
0.1 29 205 -1
0.1 204 206 -1
0.1 35 36 -1
0.1 37 38 -1
0.1 209 39 -1
0.1 208 210 -1
0.1 34 211 -1
0.1 33 212 -1
0.1 32 213 -1
0.1 207 214 -1
0.1 40 41 -1
0.1 215 216 -1
0.1 22 217 -1
0.1 218 42 -1
0.1 43 44 -1
0.1 45 46 -1
0.1 220 221 -1
0.1 222 47 -1
0.1 49 50 -1
0.1 48 224 -1
0.1 225 51 -1
0.1 54 55 -1
0.1 227 56 -1
0.1 53 228 -1
0.1 52 229 -1
0.1 58 59 -1
0.1 57 231 -1
0.1 60 61 -1
0.1 232 233 -1
0.1 62 63 -1
0.1 64 65 -1
0.1 236 66 -1
0.1 235 237 -1
0.1 68 69 -1
0.1 239 70 -1
0.1 67 240 -1
0.1 238 241 -1
0.1 72 73 -1
0.1 74 75 -1
0.1 243 244 -1
0.1 71 245 -1
0.1 76 77 -1
0.1 247 78 -1
0.1 79 80 -1
0.1 248 249 -1
0.1 81 82 -1
0.1 84 85 -1
0.1 83 252 -1
0.1 251 253 -1
0.1 254 86 -1
0.1 250 255 -1
0.1 246 256 -1
0.1 242 257 -1
0.1 234 258 -1
0.1 230 259 -1
0.1 260 87 -1
0.1 226 261 -1
0.1 262 88 -1
0.1 223 263 -1
0.1 219 264 -1
0.1 199 265 -1
0.1 189 266 -1
0.1 89 90 -1
0.1 92 93 -1
0.1 91 269 -1
0.1 268 270 -1
0.1 271 94 -1
0.1 272 95 -1
0.1 96 97 -1
0.1 98 99 -1
0.1 275 100 -1
0.1 274 276 -1
0.1 104 105 -1
0.1 278 106 -1
0.1 110 111 -1
0.1 109 280 -1
0.1 108 281 -1
0.1 112 113 -1
0.1 115 116 -1
0.1 114 284 -1
0.1 283 285 -1
0.1 117 118 -1
0.1 287 119 -1
0.1 120 121 -1
0.1 288 289 -1
0.1 286 290 -1
0.1 282 291 -1
0.1 107 292 -1
0.1 122 123 -1
0.1 124 125 -1
0.1 127 128 -1
0.1 126 296 -1
0.1 295 297 -1
0.1 129 130 -1
0.1 131 132 -1
0.1 300 133 -1
0.1 299 301 -1
0.1 298 302 -1
0.1 134 135 -1
0.1 303 304 -1
0.1 138 139 -1
0.1 137 306 -1
0.1 136 307 -1
0.1 140 141 -1
0.1 309 142 -1
0.1 310 143 -1
0.1 308 311 -1
0.1 305 312 -1
0.1 144 145 -1
0.1 314 146 -1
0.1 147 148 -1
0.1 315 316 -1
0.1 150 151 -1
0.1 149 318 -1
0.1 152 153 -1
0.1 319 320 -1
0.1 317 321 -1
0.1 313 322 -1
0.1 294 323 -1
0.1 293 324 -1
0.1 279 325 -1
0.1 154 155 -1
0.1 156 157 -1
0.1 328 158 -1
0.1 160 161 -1
0.1 159 330 -1
0.1 331 162 -1
0.1 164 165 -1
0.1 166 167 -1
0.1 334 168 -1
0.1 333 335 -1
0.1 163 336 -1
0.1 332 337 -1
0.1 329 338 -1
0.1 327 339 -1
0.1 326 340 -1
0.1 103 341 -1
0.1 102 342 -1
0.1 170 171 -1
0.1 169 344 -1
0.1 343 345 -1
0.1 101 346 -1
0.1 174 175 -1
0.1 173 348 -1
0.1 172 349 -1
0.1 347 350 -1
0.1 277 351 -1
0.1 273 352 -1
0.1 176 177 -1
0.1 178 179 -1
0.1 354 355 -1
0.1 356 180 -1
0.1 353 357 -1
0.1 267 358 -1
