1 0 0 1
1 0 0 1
1 0 0 2
1 0 0 2
1 0 0 2
1 0 0 3
1 0 0 3
1 0 0 3
1 0 0 3
1 0 0 3
1 0 0 3
1 0 0 3
1 0 0 3
1 0 0 3
1 0 0 3
1 0 0 1
1 0 0 1
1 0 0 1
1 0 0 1
1 0 0 1
1 0 0 2
1 0 0 2
1 0 0 2
1 0 0 2
1 0 0 2
1 0 0 2
1 0 0 2
1 0 0 4
1 0 0 1
1 0 0 1
1 0 0 1
1 0 0 5
1 0 0 5
1 0 0 5
1 0 0 5
1 0 0 5
1 0 0 4
1 0 0 6
1 0 0 6
1 0 0 6
1 0 0 6
1 0 0 6
1 0 0 6
1 0 0 6
1 0 0 6
1 0 0 6
1 0 0 6
1 0 0 4
1 0 0 4
1 0 0 4
1 0 0 4
1 0 0 7
1 0 0 7
1 0 0 7
1 0 0 8
1 0 0 8
1 0 0 8
1 0 0 8
1 0 0 8
1 0 0 8
1 0 0 8
1 0 0 8
1 0 0 8
1 0 0 8
1 0 0 9
1 0 0 9
1 0 0 9
1 0 0 9
1 0 0 9
1 0 0 9
1 0 0 9
1 0 0 9
1 0 0 9
1 0 0 9
1 0 0 10
1 0 0 5
1 0 0 11
1 0 0 11
1 0 0 11
1 0 0 7
1 0 0 7
1 0 0 7
1 0 0 7
1 0 0 12
1 0 0 12
1 0 0 12
1 0 0 12
1 0 0 12
1 0 0 12
1 0 0 12
1 0 0 12
1 0 0 12
1 0 0 12
1 0 0 13
1 0 0 13
1 0 0 13
1 0 0 13
1 0 0 13
1 0 0 13
1 0 0 13
1 0 0 13
1 0 0 13
1 0 0 13
1 0 0 7
1 0 0 14
1 0 0 14
1 0 0 14
1 0 0 14
1 0 0 14
1 0 0 14
1 0 0 14
1 0 0 14
1 0 0 14
1 0 0 14
1 0 0 15
1 0 0 15
1 0 0 15
1 0 0 15
1 0 0 15
1 0 0 15
1 0 0 15
1 0 0 15
1 0 0 15
1 0 0 15
1 0 0 16
1 0 0 16
1 0 0 16
1 0 0 16
1 0 0 16
1 0 0 16
1 0 0 16
1 0 0 16
1 0 0 16
1 0 0 16
1 0 0 5
1 0 0 5
1 0 0 5
1 0 0 10
1 0 0 10
1 0 0 10
1 0 0 10
1 0 0 10
1 0 0 10
1 0 0 10
1 0 0 10
1 0 0 10
1 0 0 11
1 0 0 11
1 0 0 11
1 0 0 11
1 0 0 11
1 0 0 11
1 0 0 11
1 0 0 7
1 0 0 7
1 0 0 5
1 0 0 17
1 0 0 17
1 0 0 17
1 0 0 17
1 0 0 17
1 0 0 17
1 0 0 17
1 0 0 17
1 0 0 17
1 0 0 17
1 0 0 18
1 0 0 19
1 0 0 19
1 0 0 19
1 0 0 19
1 0 0 19
1 0 0 19
1 0 0 19
1 0 0 19
1 0 0 19
1 0 0 19
1 0 0 18
1 0 0 18
1 0 0 18
1 0 0 18
1 0 0 18
1 0 0 18
1 0 0 20
1 0 0 20
1 0 0 20
1 0 0 20
1 0 0 20
1 0 0 20
1 0 0 20
1 0 0 20
1 0 0 20
1 0 0 20
1 0 0 18
1 0 0 18
1 0 0 18
1 0 0 21
1 0 0 21
1 0 0 21
1 0 0 21
1 0 0 21
1 0 0 21
1 0 0 21
1 0 0 21
1 0 0 21
1 0 0 21
1 0 0 22
1 0 0 22
1 0 0 22
1 0 0 22
1 0 0 22
1 0 0 22
1 0 0 22
1 0 0 22
1 0 0 22
1 0 0 22
1 0 0 23
1 0 0 23
1 0 0 23
1 0 0 23
1 0 0 24
1 0 0 24
1 0 0 24
1 0 0 24
1 0 0 24
1 0 0 24
1 0 0 24
1 0 0 24
1 0 0 25
1 0 0 25
1 0 0 25
1 0 0 25
1 0 0 25
1 0 0 25
1 0 0 25
1 0 0 25
1 0 0 25
1 0 0 25
1 0 0 23
1 0 0 23
1 0 0 23
1 0 0 23
1 0 0 23
1 0 0 23
1 0 0 26
1 0 0 26
1 0 0 24
1 0 0 24
1 0 0 26
1 0 0 27
1 0 0 27
1 0 0 27
1 0 0 27
1 0 0 27
1 0 0 27
1 0 0 27
1 0 0 27
1 0 0 27
1 0 0 27
1 0 0 28
1 0 0 28
1 0 0 29
1 0 0 29
1 0 0 29
1 0 0 29
1 0 0 29
1 0 0 29
1 0 0 29
1 0 0 29
1 0 0 29
1 0 0 29
1 0 0 28
1 0 0 28
1 0 0 28
1 0 0 28
1 0 0 30
1 0 0 30
1 0 0 30
1 0 0 30
1 0 0 30
1 0 0 30
1 0 0 30
1 0 0 30
1 0 0 30
1 0 0 30
1 0 0 31
1 0 0 31
1 0 0 31
1 0 0 31
1 0 0 31
1 0 0 31
1 0 0 31
1 0 0 31
1 0 0 31
1 0 0 31
1 0 0 28
1 0 0 28
1 0 0 32
1 0 0 32
1 0 0 32
1 0 0 32
1 0 0 32
1 0 0 32
1 0 0 32
1 0 0 33
1 0 0 33
1 0 0 33
1 0 0 33
1 0 0 33
1 0 0 33
1 0 0 33
1 0 0 33
1 0 0 33
1 0 0 33
1 0 0 32
1 0 0 34
1 0 0 34
1 0 0 34
1 0 0 34
1 0 0 34
1 0 0 34
1 0 0 34
1 0 0 34
1 0 0 34
1 0 0 34
1 0 0 35
1 0 0 35
1 0 0 35
1 0 0 35
1 0 0 35
1 0 0 35
1 0 0 35
1 0 0 35
1 0 0 35
1 0 0 35
1 0 0 36
1 0 0 36
1 0 0 36
1 0 0 36
1 0 0 36
1 0 0 36
1 0 0 36
1 0 0 36
1 0 0 36
1 0 0 36
1 0 0 32
1 0 0 32
1 0 0 37
1 0 0 37
1 0 0 37
1 0 0 37
1 0 0 37
1 0 0 37
1 0 0 37
1 0 0 37
1 0 0 37
1 0 0 37
1 0 0 38
1 0 0 38
1 0 0 38
1 0 0 38
1 0 0 38
1 0 0 38
1 0 0 38
1 0 0 38
1 0 0 38
1 0 0 38
1 0 0 28
1 0 0 39
1 0 0 39
1 0 0 39
1 0 0 39
1 0 0 39
1 0 0 39
1 0 0 39
1 0 0 39
1 0 0 39
1 0 0 39
1 0 0 28
1 0 0 26
1 0 0 40
1 0 0 40
1 0 0 40
1 0 0 40
1 0 0 40
1 0 0 40
1 0 0 40
1 0 0 40
1 0 0 40
1 0 0 40
1 0 0 41
1 0 0 41
1 0 0 41
1 0 0 41
1 0 0 41
1 0 0 41
1 0 0 41
1 0 0 41
1 0 0 41
1 0 0 41
1 0 0 42
1 0 0 42
1 0 0 42
1 0 0 42
1 0 0 42
1 0 0 42
1 0 0 42
1 0 0 42
1 0 0 42
1 0 0 42
1 0 0 26
1 0 0 43
1 0 0 43
1 0 0 43
1 0 0 43
1 0 0 43
1 0 0 43
1 0 0 43
1 0 0 43
1 0 0 43
1 0 0 43
1 0 0 44
1 0 0 44
1 0 0 44
1 0 0 44
1 0 0 44
1 0 0 44
1 0 0 44
1 0 0 44
1 0 0 44
1 0 0 44
1 0 0 45
1 0 0 45
1 0 0 45
1 0 0 45
1 0 0 45
1 0 0 45
1 0 0 45
1 0 0 45
1 0 0 45
1 0 0 45
1 0 0 46
1 0 0 46
1 0 0 46
1 0 0 46
1 0 0 46
1 0 0 46
1 0 0 46
1 0 0 46
1 0 0 46
1 0 0 46
1 0 0 26
1 0 0 26
1 0 0 26
1 0 0 47
1 0 0 47
1 0 0 47
1 0 0 47
1 0 0 47
1 0 0 47
1 0 0 47
1 0 0 47
1 0 0 47
1 0 0 47
1 0 0 48
1 0 0 48
1 0 0 48
1 0 0 48
1 0 0 48
1 0 0 48
1 0 0 48
1 0 0 48
1 0 0 48
1 0 0 48
1 0 0 49
1 0 0 49
1 0 0 49
1 0 0 49
1 0 0 49
1 0 0 49
1 0 0 49
1 0 0 49
1 0 0 49
1 0 0 49
1 0 0 50
1 0 0 50
1 0 0 50
1 0 0 50
1 0 0 50
1 0 0 50
1 0 0 50
1 0 0 50
1 0 0 50
1 0 0 50
1 0 0 51
1 0 0 51
1 0 0 51
1 0 0 51
1 0 0 51
1 0 0 51
1 0 0 51
1 0 0 51
1 0 0 51
1 0 0 51
1 0 0 52
1 0 0 53
1 0 0 53
1 0 0 53
1 0 0 53
1 0 0 53
1 0 0 53
1 0 0 53
1 0 0 53
1 0 0 53
1 0 0 53
1 0 0 52
1 0 0 52
1 0 0 52
1 0 0 54
1 0 0 54
1 0 0 54
1 0 0 54
1 0 0 54
1 0 0 54
1 0 0 54
1 0 0 54
1 0 0 54
1 0 0 54
1 0 0 52
1 0 0 52
1 0 0 55
1 0 0 55
1 0 0 55
1 0 0 55
1 0 0 55
1 0 0 55
1 0 0 55
1 0 0 55
1 0 0 55
1 0 0 55
1 0 0 52
1 0 0 52
1 0 0 52
1 0 0 56
1 0 0 56
1 0 0 56
1 0 0 56
1 0 0 56
1 0 0 56
1 0 0 56
1 0 0 56
1 0 0 56
1 0 0 56
1 0 0 52
1 0 0 26
1 0 0 26
1 0 0 4
1 0 0 4
1 0 0 4
1 0 0 57
1 0 0 57
1 0 0 57
1 0 0 57
1 0 0 57
1 0 0 57
1 0 0 57
1 0 0 57
1 0 0 57
1 0 0 57
1 0 0 4
0.1 1 2 -1
0.1 571 3 -1
0.1 4 5 -1
0.1 572 573 -1
0.1 7 8 -1
0.1 6 575 -1
0.1 10 11 -1
0.1 9 577 -1
0.1 576 578 -1
0.1 12 13 -1
0.1 14 15 -1
0.1 580 581 -1
0.1 579 582 -1
0.1 17 18 -1
0.1 16 584 -1
0.1 19 20 -1
0.1 585 586 -1
0.1 21 22 -1
0.1 588 23 -1
0.1 589 24 -1
0.1 26 27 -1
0.1 25 591 -1
0.1 590 592 -1
0.1 587 593 -1
0.1 583 594 -1
0.1 574 595 -1
0.1 596 28 -1
0.1 29 30 -1
0.1 598 31 -1
0.1 34 35 -1
0.1 600 36 -1
0.1 33 601 -1
0.1 32 602 -1
0.1 39 40 -1
0.1 38 604 -1
0.1 42 43 -1
0.1 41 606 -1
0.1 605 607 -1
0.1 44 45 -1
0.1 609 46 -1
0.1 608 610 -1
0.1 611 47 -1
0.1 37 612 -1
0.1 603 613 -1
0.1 599 614 -1
0.1 597 615 -1
0.1 48 49 -1
0.1 616 617 -1
0.1 55 56 -1
0.1 57 58 -1
0.1 619 620 -1
0.1 60 61 -1
0.1 59 622 -1
0.1 621 623 -1
0.1 63 64 -1
0.1 62 625 -1
0.1 624 626 -1
0.1 65 66 -1
0.1 69 70 -1
0.1 68 629 -1
0.1 67 630 -1
0.1 72 73 -1
0.1 71 632 -1
0.1 633 74 -1
0.1 631 634 -1
0.1 628 635 -1
0.1 627 636 -1
0.1 54 637 -1
0.1 53 638 -1
0.1 52 639 -1
0.1 640 75 -1
0.1 78 79 -1
0.1 77 642 -1
0.1 76 643 -1
0.1 641 644 -1
0.1 80 81 -1
0.1 646 82 -1
0.1 88 89 -1
0.1 87 648 -1
0.1 90 91 -1
0.1 649 650 -1
0.1 86 651 -1
0.1 652 92 -1
0.1 85 653 -1
0.1 654 93 -1
0.1 84 655 -1
0.1 94 95 -1
0.1 97 98 -1
0.1 96 658 -1
0.1 99 100 -1
0.1 659 660 -1
0.1 657 661 -1
0.1 101 102 -1
0.1 663 103 -1
0.1 662 664 -1
0.1 665 104 -1
0.1 656 666 -1
0.1 83 667 -1
0.1 105 106 -1
0.1 109 110 -1
0.1 108 670 -1
0.1 107 671 -1
0.1 111 112 -1
0.1 672 673 -1
0.1 113 114 -1
0.1 674 675 -1
0.1 669 676 -1
0.1 116 117 -1
0.1 119 120 -1
0.1 118 679 -1
0.1 678 680 -1
0.1 121 122 -1
0.1 123 124 -1
0.1 682 683 -1
0.1 681 684 -1
0.1 115 685 -1
0.1 127 128 -1
0.1 126 687 -1
0.1 129 130 -1
0.1 688 689 -1
0.1 125 690 -1
0.1 133 134 -1
0.1 132 692 -1
0.1 131 693 -1
0.1 691 694 -1
0.1 686 695 -1
0.1 677 696 -1
0.1 668 697 -1
0.1 647 698 -1
0.1 135 136 -1
0.1 700 137 -1
0.1 138 139 -1
0.1 701 702 -1
0.1 140 141 -1
0.1 143 144 -1
0.1 145 146 -1
0.1 705 706 -1
0.1 142 707 -1
0.1 704 708 -1
0.1 148 149 -1
0.1 147 710 -1
0.1 151 152 -1
0.1 150 712 -1
0.1 713 153 -1
0.1 711 714 -1
0.1 709 715 -1
0.1 703 716 -1
0.1 154 155 -1
0.1 717 718 -1
0.1 699 719 -1
0.1 645 720 -1
0.1 721 156 -1
0.1 157 158 -1
0.1 159 160 -1
0.1 723 724 -1
0.1 161 162 -1
0.1 165 166 -1
0.1 164 727 -1
0.1 163 728 -1
0.1 726 729 -1
0.1 725 730 -1
0.1 168 169 -1
0.1 170 171 -1
0.1 174 175 -1
0.1 173 734 -1
0.1 172 735 -1
0.1 733 736 -1
0.1 176 177 -1
0.1 737 738 -1
0.1 732 739 -1
0.1 740 178 -1
0.1 167 741 -1
0.1 180 181 -1
0.1 743 182 -1
0.1 179 744 -1
0.1 742 745 -1
0.1 186 187 -1
0.1 185 747 -1
0.1 188 189 -1
0.1 191 192 -1
0.1 190 750 -1
0.1 751 193 -1
0.1 749 752 -1
0.1 748 753 -1
0.1 184 754 -1
0.1 183 755 -1
0.1 194 195 -1
0.1 197 198 -1
0.1 758 199 -1
0.1 759 200 -1
0.1 202 203 -1
0.1 201 761 -1
0.1 204 205 -1
0.1 762 763 -1
0.1 764 206 -1
0.1 760 765 -1
0.1 209 210 -1
0.1 208 767 -1
0.1 214 215 -1
0.1 213 769 -1
0.1 212 770 -1
0.1 211 771 -1
0.1 772 216 -1
0.1 768 773 -1
0.1 207 774 -1
0.1 766 775 -1
0.1 196 776 -1
0.1 757 777 -1
0.1 756 778 -1
0.1 746 779 -1
0.1 731 780 -1
0.1 722 781 -1
0.1 51 782 -1
0.1 50 783 -1
0.1 618 784 -1
0.1 217 218 -1
0.1 219 220 -1
0.1 222 223 -1
0.1 788 224 -1
0.1 221 789 -1
0.1 227 228 -1
0.1 226 791 -1
0.1 225 792 -1
0.1 790 793 -1
0.1 230 231 -1
0.1 229 795 -1
0.1 794 796 -1
0.1 233 234 -1
0.1 232 798 -1
0.1 235 236 -1
0.1 799 800 -1
0.1 237 238 -1
0.1 801 802 -1
0.1 797 803 -1
0.1 787 804 -1
0.1 240 241 -1
0.1 806 242 -1
0.1 239 807 -1
0.1 805 808 -1
0.1 243 244 -1
0.1 809 810 -1
0.1 786 811 -1
0.1 245 246 -1
0.1 247 248 -1
0.1 252 253 -1
0.1 251 815 -1
0.1 255 256 -1
0.1 254 817 -1
0.1 257 258 -1
0.1 818 819 -1
0.1 820 259 -1
0.1 816 821 -1
0.1 250 822 -1
0.1 263 264 -1
0.1 262 824 -1
0.1 265 266 -1
0.1 826 267 -1
0.1 827 268 -1
0.1 269 270 -1
0.1 829 271 -1
0.1 828 830 -1
0.1 825 831 -1
0.1 261 832 -1
0.1 260 833 -1
0.1 272 273 -1
0.1 274 275 -1
0.1 835 836 -1
0.1 834 837 -1
0.1 278 279 -1
0.1 277 839 -1
0.1 276 840 -1
0.1 281 282 -1
0.1 280 842 -1
0.1 283 284 -1
0.1 844 285 -1
0.1 843 845 -1
0.1 841 846 -1
0.1 286 287 -1
0.1 289 290 -1
0.1 288 849 -1
0.1 848 850 -1
0.1 294 295 -1
0.1 293 852 -1
0.1 292 853 -1
0.1 291 854 -1
0.1 851 855 -1
0.1 296 297 -1
0.1 300 301 -1
0.1 299 858 -1
0.1 298 859 -1
0.1 303 304 -1
0.1 306 307 -1
0.1 310 311 -1
0.1 309 863 -1
0.1 312 313 -1
0.1 864 865 -1
0.1 308 866 -1
0.1 862 867 -1
0.1 305 868 -1
0.1 869 314 -1
0.1 861 870 -1
0.1 319 320 -1
0.1 318 872 -1
0.1 317 873 -1
0.1 321 322 -1
0.1 874 875 -1
0.1 324 325 -1
0.1 323 877 -1
0.1 876 878 -1
0.1 316 879 -1
0.1 315 880 -1
0.1 327 328 -1
0.1 882 329 -1
0.1 883 330 -1
0.1 326 884 -1
0.1 331 332 -1
0.1 334 335 -1
0.1 333 887 -1
0.1 886 888 -1
0.1 885 889 -1
0.1 338 339 -1
0.1 337 891 -1
0.1 340 341 -1
0.1 343 344 -1
0.1 342 894 -1
0.1 893 895 -1
0.1 892 896 -1
0.1 897 345 -1
0.1 336 898 -1
0.1 890 899 -1
0.1 881 900 -1
0.1 871 901 -1
0.1 302 902 -1
0.1 346 347 -1
0.1 349 350 -1
0.1 351 352 -1
0.1 906 353 -1
0.1 905 907 -1
0.1 355 356 -1
0.1 909 357 -1
0.1 354 910 -1
0.1 908 911 -1
0.1 348 912 -1
0.1 904 913 -1
0.1 903 914 -1
0.1 860 915 -1
0.1 358 359 -1
0.1 360 361 -1
0.1 917 918 -1
0.1 362 363 -1
0.1 366 367 -1
0.1 365 921 -1
0.1 364 922 -1
0.1 920 923 -1
0.1 919 924 -1
0.1 916 925 -1
0.1 857 926 -1
0.1 927 368 -1
0.1 856 928 -1
0.1 847 929 -1
0.1 369 370 -1
0.1 371 372 -1
0.1 375 376 -1
0.1 374 933 -1
0.1 934 377 -1
0.1 935 378 -1
0.1 373 936 -1
0.1 932 937 -1
0.1 931 938 -1
0.1 939 379 -1
0.1 930 940 -1
0.1 838 941 -1
0.1 823 942 -1
0.1 249 943 -1
0.1 814 944 -1
0.1 813 945 -1
0.1 381 382 -1
0.1 947 383 -1
0.1 948 384 -1
0.1 387 388 -1
0.1 386 950 -1
0.1 389 390 -1
0.1 951 952 -1
0.1 385 953 -1
0.1 949 954 -1
0.1 392 393 -1
0.1 391 956 -1
0.1 394 395 -1
0.1 958 396 -1
0.1 398 399 -1
0.1 397 960 -1
0.1 959 961 -1
0.1 957 962 -1
0.1 963 400 -1
0.1 401 402 -1
0.1 404 405 -1
0.1 403 966 -1
0.1 406 407 -1
0.1 967 968 -1
0.1 969 408 -1
0.1 970 409 -1
0.1 965 971 -1
0.1 972 410 -1
0.1 964 973 -1
0.1 955 974 -1
0.1 414 415 -1
0.1 413 976 -1
0.1 412 977 -1
0.1 418 419 -1
0.1 417 979 -1
0.1 416 980 -1
0.1 981 420 -1
0.1 982 421 -1
0.1 978 983 -1
0.1 411 984 -1
0.1 424 425 -1
0.1 986 426 -1
0.1 423 987 -1
0.1 422 988 -1
0.1 989 427 -1
0.1 428 429 -1
0.1 991 430 -1
0.1 990 992 -1
0.1 993 431 -1
0.1 432 433 -1
0.1 435 436 -1
0.1 434 996 -1
0.1 437 438 -1
0.1 439 440 -1
0.1 998 999 -1
0.1 1000 441 -1
0.1 997 1001 -1
0.1 995 1002 -1
0.1 442 443 -1
0.1 444 445 -1
0.1 446 447 -1
0.1 1005 1006 -1
0.1 1007 448 -1
0.1 449 450 -1
0.1 1009 451 -1
0.1 1008 1010 -1
0.1 1004 1011 -1
0.1 1003 1012 -1
0.1 994 1013 -1
0.1 985 1014 -1
0.1 975 1015 -1
0.1 380 1016 -1
0.1 946 1017 -1
0.1 812 1018 -1
0.1 452 453 -1
0.1 456 457 -1
0.1 455 1021 -1
0.1 460 461 -1
0.1 459 1023 -1
0.1 1024 462 -1
0.1 463 464 -1
0.1 1025 1026 -1
0.1 458 1027 -1
0.1 1022 1028 -1
0.1 454 1029 -1
0.1 466 467 -1
0.1 465 1031 -1
0.1 470 471 -1
0.1 469 1033 -1
0.1 468 1034 -1
0.1 1032 1035 -1
0.1 473 474 -1
0.1 472 1037 -1
0.1 1036 1038 -1
0.1 479 480 -1
0.1 1040 481 -1
0.1 478 1041 -1
0.1 477 1042 -1
0.1 1043 482 -1
0.1 476 1044 -1
0.1 483 484 -1
0.1 1045 1046 -1
0.1 475 1047 -1
0.1 485 486 -1
0.1 488 489 -1
0.1 487 1050 -1
0.1 1049 1051 -1
0.1 491 492 -1
0.1 1053 493 -1
0.1 1054 494 -1
0.1 490 1055 -1
0.1 1052 1056 -1
0.1 1048 1057 -1
0.1 498 499 -1
0.1 497 1059 -1
0.1 500 501 -1
0.1 1060 1061 -1
0.1 496 1062 -1
0.1 503 504 -1
0.1 502 1064 -1
0.1 1063 1065 -1
0.1 495 1066 -1
0.1 508 509 -1
0.1 510 511 -1
0.1 1068 1069 -1
0.1 507 1070 -1
0.1 512 513 -1
0.1 1072 514 -1
0.1 1071 1073 -1
0.1 1074 515 -1
0.1 506 1075 -1
0.1 505 1076 -1
0.1 1077 516 -1
0.1 1067 1078 -1
0.1 517 518 -1
0.1 520 521 -1
0.1 523 524 -1
0.1 522 1082 -1
0.1 1081 1083 -1
0.1 519 1084 -1
0.1 525 526 -1
0.1 527 528 -1
0.1 1086 1087 -1
0.1 1085 1088 -1
0.1 1080 1089 -1
0.1 1079 1090 -1
0.1 531 532 -1
0.1 534 535 -1
0.1 536 537 -1
0.1 1093 1094 -1
0.1 533 1095 -1
0.1 539 540 -1
0.1 538 1097 -1
0.1 1096 1098 -1
0.1 1092 1099 -1
0.1 530 1100 -1
0.1 529 1101 -1
0.1 542 543 -1
0.1 541 1103 -1
0.1 546 547 -1
0.1 545 1105 -1
0.1 548 549 -1
0.1 550 551 -1
0.1 552 553 -1
0.1 1108 1109 -1
0.1 1107 1110 -1
0.1 1106 1111 -1
0.1 544 1112 -1
0.1 1104 1113 -1
0.1 1102 1114 -1
0.1 1091 1115 -1
0.1 1116 554 -1
0.1 1058 1117 -1
0.1 1039 1118 -1
0.1 1119 555 -1
0.1 1120 556 -1
0.1 1030 1121 -1
0.1 1020 1122 -1
0.1 1019 1123 -1
0.1 558 559 -1
0.1 557 1125 -1
0.1 560 561 -1
0.1 563 564 -1
0.1 562 1128 -1
0.1 1127 1129 -1
0.1 566 567 -1
0.1 565 1131 -1
0.1 568 569 -1
0.1 1132 1133 -1
0.1 1130 1134 -1
0.1 1135 570 -1
0.1 1126 1136 -1
0.1 1124 1137 -1
0.1 785 1138 -1
