1 0 0 1
1 0 0 1
1 0 0 2
1 0 0 3
1 0 0 3
1 0 0 3
1 0 0 3
1 0 0 3
1 0 0 2
1 0 0 2
1 0 0 2
1 0 0 2
1 0 0 2
1 0 0 4
1 0 0 2
1 0 0 2
1 0 0 1
1 0 0 2
1 0 0 2
1 0 0 5
1 0 0 5
1 0 0 5
1 0 0 5
1 0 0 5
1 0 0 5
1 0 0 5
1 0 0 5
1 0 0 5
1 0 0 5
1 0 0 6
1 0 0 6
1 0 0 6
1 0 0 4
1 0 0 6
1 0 0 6
1 0 0 6
1 0 0 6
1 0 0 6
1 0 0 6
1 0 0 6
1 0 0 7
1 0 0 7
1 0 0 7
1 0 0 7
1 0 0 7
1 0 0 7
1 0 0 7
1 0 0 7
1 0 0 7
1 0 0 3
1 0 0 3
1 0 0 3
1 0 0 3
1 0 0 3
1 0 0 8
1 0 0 8
1 0 0 8
1 0 0 8
1 0 0 8
1 0 0 8
1 0 0 8
1 0 0 8
1 0 0 8
1 0 0 8
1 0 0 9
1 0 0 9
1 0 0 9
1 0 0 9
1 0 0 9
1 0 0 9
1 0 0 9
1 0 0 9
1 0 0 9
1 0 0 9
1 0 0 10
1 0 0 10
1 0 0 10
1 0 0 10
1 0 0 10
1 0 0 10
1 0 0 10
1 0 0 10
1 0 0 10
1 0 0 10
1 0 0 11
1 0 0 11
1 0 0 11
1 0 0 12
1 0 0 12
1 0 0 12
1 0 0 12
1 0 0 12
1 0 0 12
1 0 0 12
1 0 0 12
1 0 0 12
1 0 0 12
1 0 0 11
1 0 0 13
1 0 0 13
1 0 0 13
1 0 0 13
1 0 0 13
1 0 0 13
1 0 0 13
1 0 0 13
1 0 0 13
1 0 0 13
1 0 0 11
1 0 0 11
1 0 0 14
1 0 0 14
1 0 0 11
1 0 0 11
1 0 0 11
1 0 0 15
1 0 0 15
1 0 0 15
1 0 0 15
1 0 0 15
1 0 0 15
1 0 0 15
1 0 0 15
1 0 0 15
1 0 0 15
1 0 0 16
1 0 0 16
1 0 0 16
1 0 0 16
1 0 0 16
1 0 0 16
1 0 0 16
1 0 0 16
1 0 0 16
1 0 0 16
1 0 0 11
1 0 0 7
1 0 0 1
1 0 0 1
1 0 0 1
1 0 0 17
1 0 0 17
1 0 0 17
1 0 0 17
1 0 0 17
1 0 0 14
1 0 0 14
1 0 0 14
1 0 0 14
1 0 0 14
1 0 0 14
1 0 0 14
1 0 0 14
1 0 0 1
1 0 0 1
1 0 0 1
1 0 0 1
1 0 0 4
1 0 0 4
1 0 0 4
1 0 0 4
1 0 0 18
1 0 0 18
1 0 0 18
1 0 0 18
1 0 0 18
1 0 0 18
1 0 0 18
1 0 0 18
1 0 0 18
1 0 0 18
1 0 0 19
1 0 0 20
1 0 0 20
1 0 0 20
1 0 0 20
1 0 0 20
1 0 0 20
1 0 0 20
1 0 0 20
1 0 0 20
1 0 0 20
1 0 0 19
1 0 0 19
1 0 0 19
1 0 0 21
1 0 0 21
1 0 0 21
1 0 0 21
1 0 0 21
1 0 0 21
1 0 0 21
1 0 0 21
1 0 0 21
1 0 0 21
1 0 0 22
1 0 0 22
1 0 0 22
1 0 0 22
1 0 0 22
1 0 0 22
1 0 0 22
1 0 0 22
1 0 0 22
1 0 0 22
1 0 0 19
1 0 0 23
1 0 0 23
1 0 0 23
1 0 0 23
1 0 0 23
1 0 0 23
1 0 0 23
1 0 0 23
1 0 0 23
1 0 0 23
1 0 0 19
1 0 0 19
1 0 0 19
1 0 0 19
1 0 0 19
1 0 0 24
1 0 0 25
1 0 0 25
1 0 0 25
1 0 0 25
1 0 0 25
1 0 0 25
1 0 0 25
1 0 0 25
1 0 0 25
1 0 0 25
1 0 0 26
1 0 0 26
1 0 0 27
1 0 0 27
1 0 0 27
1 0 0 27
1 0 0 27
1 0 0 27
1 0 0 27
1 0 0 27
1 0 0 27
1 0 0 27
1 0 0 26
1 0 0 26
1 0 0 26
1 0 0 26
1 0 0 28
1 0 0 28
1 0 0 28
1 0 0 28
1 0 0 28
1 0 0 28
1 0 0 28
1 0 0 28
1 0 0 28
1 0 0 28
1 0 0 29
1 0 0 29
1 0 0 29
1 0 0 29
1 0 0 29
1 0 0 29
1 0 0 29
1 0 0 29
1 0 0 29
1 0 0 29
1 0 0 26
1 0 0 26
1 0 0 30
1 0 0 30
1 0 0 30
1 0 0 30
1 0 0 30
1 0 0 30
1 0 0 30
1 0 0 30
1 0 0 30
1 0 0 30
1 0 0 31
1 0 0 31
1 0 0 31
1 0 0 31
1 0 0 31
1 0 0 31
1 0 0 31
1 0 0 32
1 0 0 32
1 0 0 32
1 0 0 32
1 0 0 32
1 0 0 32
1 0 0 32
1 0 0 32
1 0 0 32
1 0 0 32
1 0 0 33
1 0 0 33
1 0 0 33
1 0 0 33
1 0 0 33
1 0 0 33
1 0 0 33
1 0 0 33
1 0 0 33
1 0 0 33
1 0 0 34
1 0 0 34
1 0 0 34
1 0 0 34
1 0 0 34
1 0 0 34
1 0 0 34
1 0 0 34
1 0 0 34
1 0 0 34
1 0 0 31
1 0 0 35
1 0 0 35
1 0 0 35
1 0 0 35
1 0 0 35
1 0 0 35
1 0 0 35
1 0 0 35
1 0 0 35
1 0 0 35
1 0 0 31
1 0 0 31
1 0 0 36
1 0 0 36
1 0 0 36
1 0 0 36
1 0 0 36
1 0 0 36
1 0 0 36
1 0 0 36
1 0 0 36
1 0 0 36
1 0 0 26
1 0 0 37
1 0 0 37
1 0 0 37
1 0 0 37
1 0 0 37
1 0 0 37
1 0 0 37
1 0 0 37
1 0 0 37
1 0 0 37
1 0 0 26
1 0 0 38
1 0 0 38
1 0 0 38
1 0 0 38
1 0 0 38
1 0 0 38
1 0 0 38
1 0 0 38
1 0 0 38
1 0 0 38
1 0 0 39
1 0 0 39
1 0 0 39
1 0 0 39
1 0 0 39
1 0 0 39
1 0 0 39
1 0 0 39
1 0 0 39
1 0 0 39
1 0 0 40
1 0 0 40
1 0 0 40
1 0 0 40
1 0 0 40
1 0 0 40
1 0 0 40
1 0 0 40
1 0 0 40
1 0 0 40
1 0 0 41
1 0 0 41
1 0 0 41
1 0 0 41
1 0 0 41
1 0 0 41
1 0 0 41
1 0 0 41
1 0 0 41
1 0 0 41
1 0 0 42
1 0 0 42
1 0 0 42
1 0 0 42
1 0 0 42
1 0 0 42
1 0 0 42
1 0 0 42
1 0 0 42
1 0 0 42
1 0 0 43
1 0 0 43
1 0 0 43
1 0 0 43
1 0 0 43
1 0 0 43
1 0 0 43
1 0 0 43
1 0 0 43
1 0 0 43
1 0 0 44
1 0 0 44
1 0 0 44
1 0 0 44
1 0 0 44
1 0 0 44
1 0 0 44
1 0 0 44
1 0 0 44
1 0 0 44
1 0 0 24
1 0 0 24
1 0 0 45
1 0 0 45
1 0 0 45
1 0 0 45
1 0 0 45
1 0 0 45
1 0 0 45
1 0 0 45
1 0 0 45
1 0 0 45
1 0 0 46
1 0 0 46
1 0 0 47
1 0 0 47
1 0 0 47
1 0 0 47
1 0 0 47
1 0 0 47
1 0 0 47
1 0 0 47
1 0 0 47
1 0 0 47
1 0 0 46
1 0 0 46
1 0 0 46
1 0 0 46
1 0 0 46
1 0 0 46
1 0 0 46
1 0 0 46
1 0 0 24
1 0 0 24
1 0 0 24
1 0 0 24
1 0 0 24
1 0 0 48
1 0 0 48
1 0 0 48
1 0 0 48
1 0 0 48
1 0 0 48
1 0 0 48
1 0 0 48
1 0 0 48
1 0 0 48
1 0 0 49
1 0 0 49
1 0 0 49
1 0 0 49
1 0 0 49
1 0 0 49
1 0 0 49
1 0 0 49
1 0 0 49
1 0 0 49
1 0 0 50
1 0 0 50
1 0 0 50
1 0 0 50
1 0 0 50
1 0 0 50
1 0 0 50
1 0 0 50
1 0 0 50
1 0 0 50
1 0 0 51
1 0 0 52
1 0 0 52
1 0 0 52
1 0 0 52
1 0 0 52
1 0 0 52
1 0 0 52
1 0 0 52
1 0 0 52
1 0 0 52
1 0 0 51
1 0 0 51
1 0 0 51
1 0 0 53
1 0 0 53
1 0 0 53
1 0 0 53
1 0 0 53
1 0 0 53
1 0 0 53
1 0 0 53
1 0 0 53
1 0 0 53
1 0 0 51
1 0 0 51
1 0 0 54
1 0 0 54
1 0 0 54
1 0 0 54
1 0 0 54
1 0 0 54
1 0 0 54
1 0 0 54
1 0 0 54
1 0 0 54
1 0 0 51
1 0 0 51
1 0 0 51
1 0 0 55
1 0 0 55
1 0 0 55
1 0 0 55
1 0 0 55
1 0 0 55
1 0 0 55
1 0 0 55
1 0 0 55
1 0 0 55
1 0 0 51
1 0 0 56
1 0 0 56
1 0 0 56
1 0 0 56
1 0 0 56
1 0 0 56
1 0 0 56
1 0 0 56
1 0 0 56
1 0 0 56
1 0 0 57
1 0 0 57
1 0 0 57
1 0 0 57
1 0 0 57
1 0 0 57
1 0 0 57
1 0 0 57
1 0 0 57
1 0 0 57
1 0 0 24
1 0 0 24
1 0 0 17
1 0 0 17
1 0 0 17
1 0 0 17
1 0 0 17
1 0 0 4
1 0 0 4
1 0 0 4
1 0 0 4
0.1 1 2 -1
0.1 571 3 -1
0.1 5 6 -1
0.1 4 573 -1
0.1 7 8 -1
0.1 574 575 -1
0.1 9 10 -1
0.1 12 13 -1
0.1 11 578 -1
0.1 577 579 -1
0.1 576 580 -1
0.1 15 16 -1
0.1 18 19 -1
0.1 17 583 -1
0.1 582 584 -1
0.1 14 585 -1
0.1 21 22 -1
0.1 20 587 -1
0.1 24 25 -1
0.1 23 589 -1
0.1 588 590 -1
0.1 26 27 -1
0.1 28 29 -1
0.1 592 593 -1
0.1 591 594 -1
0.1 586 595 -1
0.1 581 596 -1
0.1 572 597 -1
0.1 30 31 -1
0.1 599 32 -1
0.1 36 37 -1
0.1 35 601 -1
0.1 34 602 -1
0.1 39 40 -1
0.1 38 604 -1
0.1 603 605 -1
0.1 33 606 -1
0.1 600 607 -1
0.1 44 45 -1
0.1 609 46 -1
0.1 43 610 -1
0.1 42 611 -1
0.1 41 612 -1
0.1 47 48 -1
0.1 614 49 -1
0.1 50 51 -1
0.1 52 53 -1
0.1 617 54 -1
0.1 616 618 -1
0.1 615 619 -1
0.1 55 56 -1
0.1 57 58 -1
0.1 59 60 -1
0.1 622 623 -1
0.1 62 63 -1
0.1 61 625 -1
0.1 624 626 -1
0.1 621 627 -1
0.1 628 64 -1
0.1 66 67 -1
0.1 69 70 -1
0.1 68 631 -1
0.1 630 632 -1
0.1 71 72 -1
0.1 73 74 -1
0.1 634 635 -1
0.1 633 636 -1
0.1 65 637 -1
0.1 77 78 -1
0.1 76 639 -1
0.1 79 80 -1
0.1 640 641 -1
0.1 75 642 -1
0.1 83 84 -1
0.1 82 644 -1
0.1 81 645 -1
0.1 643 646 -1
0.1 638 647 -1
0.1 629 648 -1
0.1 85 86 -1
0.1 650 87 -1
0.1 649 651 -1
0.1 88 89 -1
0.1 91 92 -1
0.1 94 95 -1
0.1 96 97 -1
0.1 655 656 -1
0.1 93 657 -1
0.1 654 658 -1
0.1 90 659 -1
0.1 653 660 -1
0.1 661 98 -1
0.1 99 100 -1
0.1 102 103 -1
0.1 101 664 -1
0.1 665 104 -1
0.1 106 107 -1
0.1 105 667 -1
0.1 666 668 -1
0.1 663 669 -1
0.1 670 108 -1
0.1 671 109 -1
0.1 662 672 -1
0.1 652 673 -1
0.1 111 112 -1
0.1 675 113 -1
0.1 110 676 -1
0.1 116 117 -1
0.1 118 119 -1
0.1 678 679 -1
0.1 121 122 -1
0.1 120 681 -1
0.1 680 682 -1
0.1 124 125 -1
0.1 123 684 -1
0.1 683 685 -1
0.1 128 129 -1
0.1 127 687 -1
0.1 130 131 -1
0.1 133 134 -1
0.1 132 690 -1
0.1 691 135 -1
0.1 689 692 -1
0.1 688 693 -1
0.1 126 694 -1
0.1 695 136 -1
0.1 686 696 -1
0.1 115 697 -1
0.1 114 698 -1
0.1 677 699 -1
0.1 674 700 -1
0.1 139 140 -1
0.1 138 702 -1
0.1 137 703 -1
0.1 142 143 -1
0.1 141 705 -1
0.1 144 145 -1
0.1 706 707 -1
0.1 147 148 -1
0.1 150 151 -1
0.1 152 153 -1
0.1 710 711 -1
0.1 149 712 -1
0.1 709 713 -1
0.1 146 714 -1
0.1 708 715 -1
0.1 704 716 -1
0.1 155 156 -1
0.1 154 718 -1
0.1 719 157 -1
0.1 717 720 -1
0.1 701 721 -1
0.1 620 722 -1
0.1 613 723 -1
0.1 608 724 -1
0.1 598 725 -1
0.1 158 159 -1
0.1 726 727 -1
0.1 162 163 -1
0.1 164 165 -1
0.1 729 730 -1
0.1 166 167 -1
0.1 170 171 -1
0.1 169 733 -1
0.1 168 734 -1
0.1 732 735 -1
0.1 731 736 -1
0.1 174 175 -1
0.1 173 738 -1
0.1 739 176 -1
0.1 179 180 -1
0.1 178 741 -1
0.1 177 742 -1
0.1 181 182 -1
0.1 743 744 -1
0.1 740 745 -1
0.1 172 746 -1
0.1 183 184 -1
0.1 186 187 -1
0.1 749 188 -1
0.1 750 189 -1
0.1 191 192 -1
0.1 190 752 -1
0.1 193 194 -1
0.1 753 754 -1
0.1 755 195 -1
0.1 751 756 -1
0.1 198 199 -1
0.1 197 758 -1
0.1 759 200 -1
0.1 196 760 -1
0.1 204 205 -1
0.1 203 762 -1
0.1 202 763 -1
0.1 201 764 -1
0.1 761 765 -1
0.1 757 766 -1
0.1 185 767 -1
0.1 748 768 -1
0.1 747 769 -1
0.1 737 770 -1
0.1 161 771 -1
0.1 160 772 -1
0.1 728 773 -1
0.1 207 208 -1
0.1 209 210 -1
0.1 213 214 -1
0.1 212 777 -1
0.1 211 778 -1
0.1 776 779 -1
0.1 215 216 -1
0.1 780 781 -1
0.1 775 782 -1
0.1 783 217 -1
0.1 206 784 -1
0.1 218 219 -1
0.1 785 786 -1
0.1 220 221 -1
0.1 787 788 -1
0.1 224 225 -1
0.1 223 790 -1
0.1 226 227 -1
0.1 228 229 -1
0.1 230 231 -1
0.1 793 794 -1
0.1 795 232 -1
0.1 792 796 -1
0.1 791 797 -1
0.1 236 237 -1
0.1 235 799 -1
0.1 238 239 -1
0.1 801 240 -1
0.1 802 241 -1
0.1 242 243 -1
0.1 804 244 -1
0.1 803 805 -1
0.1 800 806 -1
0.1 234 807 -1
0.1 233 808 -1
0.1 245 246 -1
0.1 247 248 -1
0.1 810 811 -1
0.1 809 812 -1
0.1 251 252 -1
0.1 250 814 -1
0.1 249 815 -1
0.1 254 255 -1
0.1 253 817 -1
0.1 256 257 -1
0.1 819 258 -1
0.1 818 820 -1
0.1 816 821 -1
0.1 259 260 -1
0.1 262 263 -1
0.1 261 824 -1
0.1 823 825 -1
0.1 267 268 -1
0.1 266 827 -1
0.1 265 828 -1
0.1 264 829 -1
0.1 826 830 -1
0.1 269 270 -1
0.1 272 273 -1
0.1 833 274 -1
0.1 277 278 -1
0.1 835 279 -1
0.1 276 836 -1
0.1 275 837 -1
0.1 838 280 -1
0.1 834 839 -1
0.1 271 840 -1
0.1 283 284 -1
0.1 282 842 -1
0.1 281 843 -1
0.1 841 844 -1
0.1 286 287 -1
0.1 289 290 -1
0.1 291 292 -1
0.1 294 295 -1
0.1 293 849 -1
0.1 296 297 -1
0.1 850 851 -1
0.1 848 852 -1
0.1 847 853 -1
0.1 288 854 -1
0.1 846 855 -1
0.1 285 856 -1
0.1 298 299 -1
0.1 858 300 -1
0.1 301 302 -1
0.1 859 860 -1
0.1 303 304 -1
0.1 306 307 -1
0.1 305 863 -1
0.1 862 864 -1
0.1 861 865 -1
0.1 310 311 -1
0.1 309 867 -1
0.1 312 313 -1
0.1 868 869 -1
0.1 315 316 -1
0.1 314 871 -1
0.1 870 872 -1
0.1 873 317 -1
0.1 308 874 -1
0.1 866 875 -1
0.1 320 321 -1
0.1 323 324 -1
0.1 322 878 -1
0.1 326 327 -1
0.1 325 880 -1
0.1 879 881 -1
0.1 882 328 -1
0.1 877 883 -1
0.1 319 884 -1
0.1 318 885 -1
0.1 329 330 -1
0.1 886 887 -1
0.1 876 888 -1
0.1 857 889 -1
0.1 845 890 -1
0.1 331 332 -1
0.1 333 334 -1
0.1 892 893 -1
0.1 335 336 -1
0.1 339 340 -1
0.1 338 896 -1
0.1 337 897 -1
0.1 895 898 -1
0.1 894 899 -1
0.1 891 900 -1
0.1 832 901 -1
0.1 902 341 -1
0.1 831 903 -1
0.1 822 904 -1
0.1 342 343 -1
0.1 344 345 -1
0.1 348 349 -1
0.1 347 908 -1
0.1 909 350 -1
0.1 910 351 -1
0.1 346 911 -1
0.1 907 912 -1
0.1 906 913 -1
0.1 914 352 -1
0.1 905 915 -1
0.1 813 916 -1
0.1 798 917 -1
0.1 222 918 -1
0.1 789 919 -1
0.1 355 356 -1
0.1 921 357 -1
0.1 354 922 -1
0.1 353 923 -1
0.1 924 358 -1
0.1 360 361 -1
0.1 359 926 -1
0.1 927 362 -1
0.1 925 928 -1
0.1 363 364 -1
0.1 366 367 -1
0.1 365 931 -1
0.1 368 369 -1
0.1 371 372 -1
0.1 370 934 -1
0.1 933 935 -1
0.1 932 936 -1
0.1 930 937 -1
0.1 373 374 -1
0.1 375 376 -1
0.1 377 378 -1
0.1 940 941 -1
0.1 942 379 -1
0.1 943 380 -1
0.1 381 382 -1
0.1 944 945 -1
0.1 939 946 -1
0.1 938 947 -1
0.1 929 948 -1
0.1 385 386 -1
0.1 384 950 -1
0.1 383 951 -1
0.1 389 390 -1
0.1 388 953 -1
0.1 387 954 -1
0.1 955 391 -1
0.1 956 392 -1
0.1 952 957 -1
0.1 393 394 -1
0.1 959 395 -1
0.1 960 396 -1
0.1 398 399 -1
0.1 397 962 -1
0.1 961 963 -1
0.1 401 402 -1
0.1 400 965 -1
0.1 964 966 -1
0.1 404 405 -1
0.1 403 968 -1
0.1 408 409 -1
0.1 407 970 -1
0.1 406 971 -1
0.1 410 411 -1
0.1 972 973 -1
0.1 974 412 -1
0.1 414 415 -1
0.1 413 976 -1
0.1 416 417 -1
0.1 419 420 -1
0.1 979 421 -1
0.1 980 422 -1
0.1 418 981 -1
0.1 978 982 -1
0.1 977 983 -1
0.1 975 984 -1
0.1 969 985 -1
0.1 967 986 -1
0.1 987 423 -1
0.1 958 988 -1
0.1 989 424 -1
0.1 949 990 -1
0.1 920 991 -1
0.1 425 426 -1
0.1 428 429 -1
0.1 994 430 -1
0.1 427 995 -1
0.1 433 434 -1
0.1 432 997 -1
0.1 431 998 -1
0.1 996 999 -1
0.1 993 1000 -1
0.1 435 436 -1
0.1 438 439 -1
0.1 437 1003 -1
0.1 441 442 -1
0.1 440 1005 -1
0.1 443 444 -1
0.1 1006 1007 -1
0.1 445 446 -1
0.1 1008 1009 -1
0.1 1004 1010 -1
0.1 1002 1011 -1
0.1 448 449 -1
0.1 1013 450 -1
0.1 447 1014 -1
0.1 1012 1015 -1
0.1 1016 451 -1
0.1 452 453 -1
0.1 1018 454 -1
0.1 1017 1019 -1
0.1 1001 1020 -1
0.1 992 1021 -1
0.1 455 456 -1
0.1 457 458 -1
0.1 462 463 -1
0.1 461 1025 -1
0.1 1026 464 -1
0.1 466 467 -1
0.1 465 1028 -1
0.1 1027 1029 -1
0.1 460 1030 -1
0.1 468 469 -1
0.1 1031 1032 -1
0.1 459 1033 -1
0.1 472 473 -1
0.1 471 1035 -1
0.1 475 476 -1
0.1 474 1037 -1
0.1 1036 1038 -1
0.1 478 479 -1
0.1 477 1040 -1
0.1 1039 1041 -1
0.1 470 1042 -1
0.1 482 483 -1
0.1 481 1044 -1
0.1 484 485 -1
0.1 1045 1046 -1
0.1 480 1047 -1
0.1 487 488 -1
0.1 486 1049 -1
0.1 1050 489 -1
0.1 1048 1051 -1
0.1 493 494 -1
0.1 495 496 -1
0.1 1053 1054 -1
0.1 492 1055 -1
0.1 497 498 -1
0.1 1057 499 -1
0.1 1056 1058 -1
0.1 1059 500 -1
0.1 491 1060 -1
0.1 490 1061 -1
0.1 1062 501 -1
0.1 1052 1063 -1
0.1 502 503 -1
0.1 505 506 -1
0.1 508 509 -1
0.1 507 1067 -1
0.1 1066 1068 -1
0.1 504 1069 -1
0.1 511 512 -1
0.1 510 1071 -1
0.1 1072 513 -1
0.1 1070 1073 -1
0.1 1065 1074 -1
0.1 1064 1075 -1
0.1 516 517 -1
0.1 520 521 -1
0.1 1078 522 -1
0.1 519 1079 -1
0.1 518 1080 -1
0.1 524 525 -1
0.1 523 1082 -1
0.1 1081 1083 -1
0.1 1077 1084 -1
0.1 515 1085 -1
0.1 514 1086 -1
0.1 527 528 -1
0.1 526 1088 -1
0.1 530 531 -1
0.1 534 535 -1
0.1 533 1091 -1
0.1 532 1092 -1
0.1 536 537 -1
0.1 1093 1094 -1
0.1 1090 1095 -1
0.1 1096 538 -1
0.1 529 1097 -1
0.1 1089 1098 -1
0.1 1087 1099 -1
0.1 542 543 -1
0.1 1101 544 -1
0.1 541 1102 -1
0.1 540 1103 -1
0.1 1104 545 -1
0.1 1105 546 -1
0.1 547 548 -1
0.1 1107 549 -1
0.1 1106 1108 -1
0.1 550 551 -1
0.1 553 554 -1
0.1 552 1111 -1
0.1 1110 1112 -1
0.1 556 557 -1
0.1 1114 558 -1
0.1 1115 559 -1
0.1 555 1116 -1
0.1 1113 1117 -1
0.1 1109 1118 -1
0.1 539 1119 -1
0.1 1100 1120 -1
0.1 1076 1121 -1
0.1 1043 1122 -1
0.1 1123 560 -1
0.1 1034 1124 -1
0.1 1125 561 -1
0.1 1024 1126 -1
0.1 1023 1127 -1
0.1 1022 1128 -1
0.1 562 563 -1
0.1 565 566 -1
0.1 564 1131 -1
0.1 1130 1132 -1
0.1 1133 567 -1
0.1 568 569 -1
0.1 1135 570 -1
0.1 1134 1136 -1
0.1 1129 1137 -1
0.1 774 1138 -1
