1 0 0 1
1 0 0 1
1 0 0 1
1 0 0 2
1 0 0 2
1 0 0 1
1 0 0 2
1 0 0 2
1 0 0 2
1 0 0 2
1 0 0 2
1 0 0 2
1 0 0 2
1 0 0 1
1 0 0 1
1 0 0 1
1 0 0 1
1 0 0 1
1 0 0 1
1 0 0 2
1 0 0 3
1 0 0 3
1 0 0 3
1 0 0 3
1 0 0 4
1 0 0 4
1 0 0 4
1 0 0 4
1 0 0 4
1 0 0 4
1 0 0 4
1 0 0 5
1 0 0 5
1 0 0 5
1 0 0 5
1 0 0 5
1 0 0 5
1 0 0 5
1 0 0 5
1 0 0 5
1 0 0 5
1 0 0 6
1 0 0 6
1 0 0 6
1 0 0 6
1 0 0 6
1 0 0 6
1 0 0 6
1 0 0 6
1 0 0 6
1 0 0 6
1 0 0 4
1 0 0 4
1 0 0 4
1 0 0 3
1 0 0 3
1 0 0 7
1 0 0 7
1 0 0 7
1 0 0 7
1 0 0 7
1 0 0 7
1 0 0 7
1 0 0 7
1 0 0 7
1 0 0 7
1 0 0 3
1 0 0 3
1 0 0 3
1 0 0 3
0.1 2 3 -1
0.1 4 5 -1
0.1 71 72 -1
0.1 73 6 -1
0.1 7 8 -1
0.1 10 11 -1
0.1 76 12 -1
0.1 9 77 -1
0.1 75 78 -1
0.1 79 13 -1
0.1 16 17 -1
0.1 15 81 -1
0.1 14 82 -1
0.1 80 83 -1
0.1 74 84 -1
0.1 18 19 -1
0.1 85 86 -1
0.1 1 87 -1
0.1 88 20 -1
0.1 89 21 -1
0.1 90 22 -1
0.1 23 24 -1
0.1 91 92 -1
0.1 26 27 -1
0.1 94 28 -1
0.1 25 95 -1
0.1 96 29 -1
0.1 97 30 -1
0.1 98 31 -1
0.1 33 34 -1
0.1 32 100 -1
0.1 35 36 -1
0.1 101 102 -1
0.1 38 39 -1
0.1 37 104 -1
0.1 40 41 -1
0.1 42 43 -1
0.1 45 46 -1
0.1 44 108 -1
0.1 109 47 -1
0.1 48 49 -1
0.1 50 51 -1
0.1 111 112 -1
0.1 110 113 -1
0.1 107 114 -1
0.1 106 115 -1
0.1 105 116 -1
0.1 103 117 -1
0.1 52 53 -1
0.1 119 54 -1
0.1 118 120 -1
0.1 99 121 -1
0.1 57 58 -1
0.1 61 62 -1
0.1 60 124 -1
0.1 59 125 -1
0.1 64 65 -1
0.1 63 127 -1
0.1 126 128 -1
0.1 123 129 -1
0.1 130 66 -1
0.1 56 131 -1
0.1 55 132 -1
0.1 122 133 -1
0.1 67 68 -1
0.1 135 69 -1
0.1 136 70 -1
0.1 134 137 -1
0.1 93 138 -1
