1 0 0 1
1 0 0 1
1 0 0 1
1 0 0 1
1 0 0 2
1 0 0 3
1 0 0 3
1 0 0 3
1 0 0 3
1 0 0 3
1 0 0 2
1 0 0 2
1 0 0 2
1 0 0 2
1 0 0 1
1 0 0 4
1 0 0 4
1 0 0 4
1 0 0 4
1 0 0 4
1 0 0 5
1 0 0 5
1 0 0 6
1 0 0 6
1 0 0 6
1 0 0 6
1 0 0 6
1 0 0 7
1 0 0 7
1 0 0 7
1 0 0 7
1 0 0 7
1 0 0 5
1 0 0 5
1 0 0 5
1 0 0 8
1 0 0 8
1 0 0 8
1 0 0 8
1 0 0 8
1 0 0 9
1 0 0 9
1 0 0 10
1 0 0 10
1 0 0 10
1 0 0 10
1 0 0 10
1 0 0 9
1 0 0 9
1 0 0 11
1 0 0 11
1 0 0 11
1 0 0 11
1 0 0 11
1 0 0 9
1 0 0 12
1 0 0 12
1 0 0 12
1 0 0 12
1 0 0 12
0.1 1 2 -1
0.1 3 4 -1
0.1 6 7 -1
0.1 8 9 -1
0.1 64 10 -1
0.1 63 65 -1
0.1 13 14 -1
0.1 12 67 -1
0.1 11 68 -1
0.1 66 69 -1
0.1 5 70 -1
0.1 71 15 -1
0.1 62 72 -1
0.1 61 73 -1
0.1 16 17 -1
0.1 75 18 -1
0.1 19 20 -1
0.1 76 77 -1
0.1 23 24 -1
0.1 79 25 -1
0.1 26 27 -1
0.1 80 81 -1
0.1 28 29 -1
0.1 30 31 -1
0.1 84 32 -1
0.1 83 85 -1
0.1 82 86 -1
0.1 22 87 -1
0.1 21 88 -1
0.1 33 34 -1
0.1 37 38 -1
0.1 36 91 -1
0.1 39 40 -1
0.1 92 93 -1
0.1 35 94 -1
0.1 90 95 -1
0.1 89 96 -1
0.1 78 97 -1
0.1 74 98 -1
0.1 46 47 -1
0.1 45 100 -1
0.1 44 101 -1
0.1 43 102 -1
0.1 42 103 -1
0.1 104 48 -1
0.1 41 105 -1
0.1 50 51 -1
0.1 52 53 -1
0.1 108 54 -1
0.1 107 109 -1
0.1 49 110 -1
0.1 111 55 -1
0.1 106 112 -1
0.1 56 57 -1
0.1 58 59 -1
0.1 114 115 -1
0.1 116 60 -1
0.1 113 117 -1
0.1 99 118 -1
