1 0 0 1
1 0 0 2
1 0 0 2
1 0 0 2
1 0 0 3
1 0 0 3
1 0 0 3
1 0 0 3
1 0 0 3
1 0 0 2
1 0 0 4
1 0 0 4
1 0 0 4
1 0 0 4
1 0 0 4
1 0 0 2
1 0 0 5
1 0 0 6
1 0 0 6
1 0 0 6
1 0 0 6
1 0 0 6
1 0 0 7
1 0 0 8
1 0 0 8
1 0 0 8
1 0 0 8
1 0 0 8
1 0 0 7
1 0 0 7
1 0 0 7
1 0 0 9
1 0 0 9
1 0 0 9
1 0 0 9
1 0 0 9
1 0 0 10
1 0 0 10
1 0 0 10
1 0 0 10
1 0 0 10
1 0 0 11
1 0 0 11
1 0 0 11
1 0 0 11
1 0 0 11
1 0 0 12
1 0 0 12
1 0 0 12
1 0 0 12
1 0 0 12
1 0 0 7
1 0 0 13
1 0 0 14
1 0 0 14
1 0 0 14
1 0 0 14
1 0 0 14
1 0 0 13
1 0 0 15
1 0 0 15
1 0 0 15
1 0 0 15
1 0 0 15
1 0 0 13
1 0 0 13
1 0 0 13
1 0 0 16
1 0 0 16
1 0 0 16
1 0 0 16
1 0 0 16
1 0 0 17
1 0 0 17
1 0 0 17
1 0 0 17
1 0 0 17
1 0 0 18
1 0 0 18
1 0 0 18
1 0 0 18
1 0 0 18
1 0 0 19
1 0 0 19
1 0 0 19
1 0 0 19
1 0 0 19
1 0 0 20
1 0 0 20
1 0 0 20
1 0 0 20
1 0 0 20
1 0 0 21
1 0 0 21
1 0 0 21
1 0 0 21
1 0 0 21
1 0 0 22
1 0 0 22
1 0 0 22
1 0 0 22
1 0 0 22
1 0 0 23
1 0 0 23
1 0 0 23
1 0 0 23
1 0 0 23
1 0 0 24
1 0 0 25
1 0 0 25
1 0 0 25
1 0 0 25
1 0 0 26
1 0 0 26
1 0 0 26
1 0 0 26
1 0 0 26
1 0 0 25
1 0 0 24
1 0 0 24
1 0 0 24
1 0 0 24
1 0 0 27
1 0 0 27
1 0 0 27
1 0 0 27
1 0 0 27
1 0 0 28
1 0 0 28
1 0 0 29
1 0 0 29
1 0 0 29
1 0 0 29
1 0 0 29
1 0 0 28
1 0 0 28
1 0 0 30
1 0 0 30
1 0 0 30
1 0 0 30
1 0 0 30
1 0 0 28
1 0 0 5
1 0 0 5
1 0 0 31
1 0 0 31
1 0 0 31
1 0 0 31
1 0 0 31
1 0 0 32
1 0 0 32
1 0 0 32
1 0 0 32
1 0 0 33
1 0 0 33
1 0 0 33
1 0 0 33
1 0 0 33
1 0 0 5
1 0 0 5
1 0 0 32
1 0 0 1
1 0 0 1
1 0 0 34
1 0 0 34
1 0 0 34
1 0 0 34
1 0 0 34
1 0 0 1
1 0 0 1
1 0 0 35
1 0 0 35
1 0 0 35
1 0 0 35
1 0 0 35
1 0 0 36
1 0 0 36
1 0 0 36
1 0 0 36
1 0 0 36
1 0 0 37
1 0 0 37
1 0 0 37
1 0 0 37
1 0 0 37
1 0 0 38
1 0 0 39
1 0 0 40
1 0 0 40
1 0 0 40
1 0 0 40
1 0 0 40
1 0 0 39
1 0 0 39
1 0 0 39
1 0 0 39
1 0 0 41
1 0 0 42
1 0 0 42
1 0 0 42
1 0 0 42
1 0 0 42
1 0 0 43
1 0 0 43
1 0 0 44
1 0 0 44
1 0 0 44
1 0 0 44
1 0 0 44
1 0 0 45
1 0 0 45
1 0 0 45
1 0 0 45
1 0 0 45
1 0 0 43
1 0 0 46
1 0 0 46
1 0 0 46
1 0 0 46
1 0 0 46
1 0 0 47
1 0 0 47
1 0 0 47
1 0 0 47
1 0 0 47
1 0 0 43
1 0 0 48
1 0 0 48
1 0 0 48
1 0 0 48
1 0 0 48
1 0 0 43
1 0 0 41
1 0 0 41
1 0 0 41
1 0 0 41
1 0 0 49
1 0 0 49
1 0 0 49
1 0 0 49
1 0 0 49
1 0 0 38
1 0 0 38
1 0 0 38
1 0 0 50
1 0 0 51
1 0 0 51
1 0 0 51
1 0 0 50
1 0 0 50
1 0 0 51
1 0 0 51
1 0 0 50
1 0 0 50
1 0 0 38
0.1 3 4 -1
0.1 2 256 -1
0.1 5 6 -1
0.1 7 8 -1
0.1 259 9 -1
0.1 258 260 -1
0.1 11 12 -1
0.1 13 14 -1
0.1 263 15 -1
0.1 262 264 -1
0.1 10 265 -1
0.1 261 266 -1
0.1 267 16 -1
0.1 257 268 -1
0.1 19 20 -1
0.1 21 22 -1
0.1 270 271 -1
0.1 18 272 -1
0.1 25 26 -1
0.1 24 274 -1
0.1 27 28 -1
0.1 275 276 -1
0.1 29 30 -1
0.1 277 278 -1
0.1 34 35 -1
0.1 33 280 -1
0.1 281 36 -1
0.1 32 282 -1
0.1 31 283 -1
0.1 37 38 -1
0.1 40 41 -1
0.1 39 286 -1
0.1 285 287 -1
0.1 284 288 -1
0.1 279 289 -1
0.1 44 45 -1
0.1 43 291 -1
0.1 42 292 -1
0.1 293 46 -1
0.1 48 49 -1
0.1 50 51 -1
0.1 295 296 -1
0.1 47 297 -1
0.1 298 52 -1
0.1 54 55 -1
0.1 57 58 -1
0.1 56 301 -1
0.1 300 302 -1
0.1 53 303 -1
0.1 61 62 -1
0.1 60 305 -1
0.1 63 64 -1
0.1 306 307 -1
0.1 59 308 -1
0.1 304 309 -1
0.1 65 66 -1
0.1 69 70 -1
0.1 68 312 -1
0.1 71 72 -1
0.1 313 314 -1
0.1 67 315 -1
0.1 311 316 -1
0.1 310 317 -1
0.1 75 76 -1
0.1 74 319 -1
0.1 73 320 -1
0.1 321 77 -1
0.1 81 82 -1
0.1 80 323 -1
0.1 79 324 -1
0.1 78 325 -1
0.1 84 85 -1
0.1 327 86 -1
0.1 328 87 -1
0.1 83 329 -1
0.1 88 89 -1
0.1 90 91 -1
0.1 332 92 -1
0.1 331 333 -1
0.1 330 334 -1
0.1 326 335 -1
0.1 322 336 -1
0.1 318 337 -1
0.1 299 338 -1
0.1 94 95 -1
0.1 340 96 -1
0.1 341 97 -1
0.1 93 342 -1
0.1 339 343 -1
0.1 100 101 -1
0.1 99 345 -1
0.1 346 102 -1
0.1 98 347 -1
0.1 344 348 -1
0.1 294 349 -1
0.1 290 350 -1
0.1 23 351 -1
0.1 103 104 -1
0.1 105 106 -1
0.1 353 354 -1
0.1 355 107 -1
0.1 352 356 -1
0.1 357 108 -1
0.1 273 358 -1
0.1 109 110 -1
0.1 115 116 -1
0.1 361 117 -1
0.1 114 362 -1
0.1 113 363 -1
0.1 112 364 -1
0.1 365 118 -1
0.1 111 366 -1
0.1 360 367 -1
0.1 368 119 -1
0.1 120 121 -1
0.1 369 370 -1
0.1 125 126 -1
0.1 124 372 -1
0.1 123 373 -1
0.1 131 132 -1
0.1 375 133 -1
0.1 130 376 -1
0.1 377 134 -1
0.1 129 378 -1
0.1 128 379 -1
0.1 135 136 -1
0.1 137 138 -1
0.1 140 141 -1
0.1 139 383 -1
0.1 382 384 -1
0.1 385 142 -1
0.1 381 386 -1
0.1 380 387 -1
0.1 127 388 -1
0.1 374 389 -1
0.1 122 390 -1
0.1 371 391 -1
0.1 359 392 -1
0.1 393 143 -1
0.1 394 144 -1
0.1 147 148 -1
0.1 146 396 -1
0.1 397 149 -1
0.1 145 398 -1
0.1 152 153 -1
0.1 151 400 -1
0.1 150 401 -1
0.1 155 156 -1
0.1 157 158 -1
0.1 403 404 -1
0.1 405 159 -1
0.1 154 406 -1
0.1 407 160 -1
0.1 402 408 -1
0.1 399 409 -1
0.1 395 410 -1
0.1 17 411 -1
0.1 412 161 -1
0.1 269 413 -1
0.1 1 414 -1
0.1 162 163 -1
0.1 415 416 -1
0.1 167 168 -1
0.1 166 418 -1
0.1 165 419 -1
0.1 164 420 -1
0.1 417 421 -1
0.1 172 173 -1
0.1 423 174 -1
0.1 424 175 -1
0.1 171 425 -1
0.1 177 178 -1
0.1 176 427 -1
0.1 179 180 -1
0.1 428 429 -1
0.1 426 430 -1
0.1 170 431 -1
0.1 169 432 -1
0.1 422 433 -1
0.1 181 182 -1
0.1 183 184 -1
0.1 436 185 -1
0.1 435 437 -1
0.1 188 189 -1
0.1 439 190 -1
0.1 440 191 -1
0.1 441 192 -1
0.1 194 195 -1
0.1 443 196 -1
0.1 193 444 -1
0.1 442 445 -1
0.1 187 446 -1
0.1 186 447 -1
0.1 438 448 -1
0.1 199 200 -1
0.1 198 450 -1
0.1 201 202 -1
0.1 451 452 -1
0.1 197 453 -1
0.1 203 204 -1
0.1 206 207 -1
0.1 456 208 -1
0.1 205 457 -1
0.1 458 209 -1
0.1 459 210 -1
0.1 460 211 -1
0.1 212 213 -1
0.1 462 214 -1
0.1 461 463 -1
0.1 464 215 -1
0.1 216 217 -1
0.1 466 218 -1
0.1 219 220 -1
0.1 467 468 -1
0.1 465 469 -1
0.1 221 222 -1
0.1 471 223 -1
0.1 224 225 -1
0.1 472 473 -1
0.1 227 228 -1
0.1 475 229 -1
0.1 230 231 -1
0.1 476 477 -1
0.1 226 478 -1
0.1 474 479 -1
0.1 480 232 -1
0.1 470 481 -1
0.1 455 482 -1
0.1 234 235 -1
0.1 233 484 -1
0.1 483 485 -1
0.1 486 236 -1
0.1 454 487 -1
0.1 240 241 -1
0.1 239 489 -1
0.1 238 490 -1
0.1 237 491 -1
0.1 488 492 -1
0.1 493 242 -1
0.1 247 248 -1
0.1 246 495 -1
0.1 496 249 -1
0.1 251 252 -1
0.1 498 253 -1
0.1 499 254 -1
0.1 250 500 -1
0.1 497 501 -1
0.1 245 502 -1
0.1 503 255 -1
0.1 244 504 -1
0.1 243 505 -1
0.1 494 506 -1
0.1 449 507 -1
0.1 434 508 -1
