1 0 0 1
1 0 0 2
1 0 0 2
1 0 0 2
1 0 0 2
1 0 0 2
1 0 0 3
1 0 0 3
1 0 0 3
1 0 0 3
1 0 0 3
1 0 0 4
1 0 0 4
1 0 0 4
1 0 0 4
1 0 0 4
1 0 0 5
1 0 0 5
1 0 0 5
1 0 0 5
1 0 0 5
1 0 0 6
1 0 0 6
1 0 0 6
1 0 0 6
1 0 0 6
1 0 0 1
1 0 0 7
1 0 0 7
1 0 0 8
1 0 0 8
1 0 0 8
1 0 0 8
1 0 0 8
1 0 0 9
1 0 0 10
1 0 0 10
1 0 0 10
1 0 0 10
1 0 0 10
1 0 0 11
1 0 0 12
1 0 0 12
1 0 0 12
1 0 0 12
1 0 0 12
1 0 0 13
1 0 0 13
1 0 0 13
1 0 0 11
1 0 0 14
1 0 0 14
1 0 0 14
1 0 0 14
1 0 0 14
1 0 0 15
1 0 0 15
1 0 0 15
1 0 0 15
1 0 0 15
1 0 0 11
1 0 0 16
1 0 0 16
1 0 0 16
1 0 0 16
1 0 0 16
1 0 0 17
1 0 0 17
1 0 0 17
1 0 0 17
1 0 0 17
1 0 0 18
1 0 0 18
1 0 0 18
1 0 0 18
1 0 0 18
1 0 0 19
1 0 0 19
1 0 0 19
1 0 0 19
1 0 0 19
1 0 0 20
1 0 0 21
1 0 0 21
1 0 0 21
1 0 0 21
1 0 0 21
1 0 0 20
1 0 0 22
1 0 0 22
1 0 0 22
1 0 0 22
1 0 0 22
1 0 0 20
1 0 0 20
1 0 0 20
1 0 0 23
1 0 0 23
1 0 0 23
1 0 0 23
1 0 0 23
1 0 0 24
1 0 0 24
1 0 0 24
1 0 0 24
1 0 0 24
1 0 0 25
1 0 0 25
1 0 0 25
1 0 0 25
1 0 0 25
1 0 0 26
1 0 0 26
1 0 0 26
1 0 0 26
1 0 0 26
1 0 0 11
1 0 0 11
1 0 0 13
1 0 0 13
1 0 0 9
1 0 0 27
1 0 0 27
1 0 0 27
1 0 0 27
1 0 0 27
1 0 0 28
1 0 0 28
1 0 0 28
1 0 0 28
1 0 0 28
1 0 0 29
1 0 0 29
1 0 0 29
1 0 0 29
1 0 0 30
1 0 0 30
1 0 0 30
1 0 0 30
1 0 0 30
1 0 0 29
1 0 0 31
1 0 0 32
1 0 0 32
1 0 0 32
1 0 0 32
1 0 0 32
1 0 0 31
1 0 0 31
1 0 0 31
1 0 0 31
1 0 0 9
1 0 0 9
1 0 0 9
1 0 0 7
1 0 0 33
1 0 0 33
1 0 0 34
1 0 0 33
1 0 0 33
1 0 0 33
1 0 0 7
1 0 0 34
1 0 0 34
1 0 0 34
1 0 0 34
1 0 0 7
1 0 0 35
1 0 0 35
1 0 0 35
1 0 0 35
1 0 0 35
1 0 0 1
1 0 0 1
1 0 0 1
1 0 0 36
1 0 0 36
1 0 0 36
1 0 0 36
1 0 0 36
1 0 0 37
1 0 0 38
1 0 0 38
1 0 0 38
1 0 0 38
1 0 0 39
1 0 0 37
1 0 0 37
1 0 0 37
1 0 0 37
1 0 0 38
1 0 0 40
1 0 0 40
1 0 0 40
1 0 0 40
1 0 0 40
1 0 0 41
1 0 0 41
1 0 0 41
1 0 0 41
1 0 0 41
1 0 0 42
1 0 0 43
1 0 0 43
1 0 0 44
1 0 0 44
1 0 0 44
1 0 0 44
1 0 0 44
1 0 0 43
1 0 0 45
1 0 0 45
1 0 0 45
1 0 0 45
1 0 0 45
1 0 0 46
1 0 0 46
1 0 0 46
1 0 0 46
1 0 0 46
1 0 0 43
1 0 0 47
1 0 0 47
1 0 0 47
1 0 0 47
1 0 0 47
1 0 0 43
1 0 0 48
1 0 0 48
1 0 0 48
1 0 0 48
1 0 0 48
1 0 0 42
1 0 0 42
1 0 0 42
1 0 0 42
1 0 0 49
1 0 0 49
1 0 0 49
1 0 0 49
1 0 0 49
1 0 0 39
1 0 0 39
1 0 0 50
1 0 0 50
1 0 0 50
1 0 0 50
1 0 0 51
1 0 0 51
1 0 0 51
1 0 0 51
1 0 0 51
1 0 0 50
1 0 0 39
1 0 0 39
0.1 3 4 -1
0.1 5 6 -1
0.1 256 257 -1
0.1 2 258 -1
0.1 7 8 -1
0.1 260 9 -1
0.1 10 11 -1
0.1 261 262 -1
0.1 259 263 -1
0.1 1 264 -1
0.1 12 13 -1
0.1 266 14 -1
0.1 17 18 -1
0.1 16 268 -1
0.1 20 21 -1
0.1 19 270 -1
0.1 269 271 -1
0.1 22 23 -1
0.1 25 26 -1
0.1 24 274 -1
0.1 273 275 -1
0.1 272 276 -1
0.1 15 277 -1
0.1 267 278 -1
0.1 31 32 -1
0.1 33 34 -1
0.1 280 281 -1
0.1 30 282 -1
0.1 36 37 -1
0.1 39 40 -1
0.1 38 285 -1
0.1 284 286 -1
0.1 44 45 -1
0.1 43 288 -1
0.1 289 46 -1
0.1 42 290 -1
0.1 41 291 -1
0.1 287 292 -1
0.1 47 48 -1
0.1 294 49 -1
0.1 51 52 -1
0.1 53 54 -1
0.1 297 55 -1
0.1 296 298 -1
0.1 50 299 -1
0.1 295 300 -1
0.1 57 58 -1
0.1 56 302 -1
0.1 303 59 -1
0.1 304 60 -1
0.1 64 65 -1
0.1 306 66 -1
0.1 63 307 -1
0.1 62 308 -1
0.1 70 71 -1
0.1 69 310 -1
0.1 68 311 -1
0.1 67 312 -1
0.1 72 73 -1
0.1 74 75 -1
0.1 315 76 -1
0.1 314 316 -1
0.1 313 317 -1
0.1 78 79 -1
0.1 80 81 -1
0.1 319 320 -1
0.1 77 321 -1
0.1 318 322 -1
0.1 309 323 -1
0.1 83 84 -1
0.1 86 87 -1
0.1 85 326 -1
0.1 325 327 -1
0.1 328 88 -1
0.1 90 91 -1
0.1 89 330 -1
0.1 92 93 -1
0.1 331 332 -1
0.1 329 333 -1
0.1 82 334 -1
0.1 94 95 -1
0.1 97 98 -1
0.1 100 101 -1
0.1 99 338 -1
0.1 337 339 -1
0.1 96 340 -1
0.1 336 341 -1
0.1 335 342 -1
0.1 324 343 -1
0.1 103 104 -1
0.1 105 106 -1
0.1 345 346 -1
0.1 102 347 -1
0.1 344 348 -1
0.1 61 349 -1
0.1 109 110 -1
0.1 108 351 -1
0.1 107 352 -1
0.1 353 111 -1
0.1 350 354 -1
0.1 305 355 -1
0.1 113 114 -1
0.1 112 357 -1
0.1 358 115 -1
0.1 359 116 -1
0.1 356 360 -1
0.1 117 118 -1
0.1 119 120 -1
0.1 362 363 -1
0.1 361 364 -1
0.1 301 365 -1
0.1 293 366 -1
0.1 35 367 -1
0.1 283 368 -1
0.1 123 124 -1
0.1 370 125 -1
0.1 122 371 -1
0.1 130 131 -1
0.1 129 373 -1
0.1 128 374 -1
0.1 127 375 -1
0.1 132 133 -1
0.1 376 377 -1
0.1 134 135 -1
0.1 136 137 -1
0.1 139 140 -1
0.1 138 381 -1
0.1 380 382 -1
0.1 383 141 -1
0.1 379 384 -1
0.1 378 385 -1
0.1 126 386 -1
0.1 372 387 -1
0.1 121 388 -1
0.1 145 146 -1
0.1 390 147 -1
0.1 144 391 -1
0.1 143 392 -1
0.1 393 148 -1
0.1 394 149 -1
0.1 142 395 -1
0.1 150 151 -1
0.1 396 397 -1
0.1 398 152 -1
0.1 153 154 -1
0.1 399 400 -1
0.1 389 401 -1
0.1 369 402 -1
0.1 29 403 -1
0.1 28 404 -1
0.1 156 157 -1
0.1 159 160 -1
0.1 158 407 -1
0.1 406 408 -1
0.1 161 162 -1
0.1 409 410 -1
0.1 155 411 -1
0.1 165 166 -1
0.1 164 413 -1
0.1 163 414 -1
0.1 415 167 -1
0.1 412 416 -1
0.1 405 417 -1
0.1 169 170 -1
0.1 419 171 -1
0.1 168 420 -1
0.1 421 172 -1
0.1 418 422 -1
0.1 27 423 -1
0.1 279 424 -1
0.1 173 174 -1
0.1 426 175 -1
0.1 425 427 -1
0.1 265 428 -1
0.1 177 178 -1
0.1 176 430 -1
0.1 431 179 -1
0.1 432 180 -1
0.1 429 433 -1
0.1 184 185 -1
0.1 183 435 -1
0.1 182 436 -1
0.1 181 437 -1
0.1 438 186 -1
0.1 189 190 -1
0.1 188 440 -1
0.1 187 441 -1
0.1 442 191 -1
0.1 195 196 -1
0.1 194 444 -1
0.1 193 445 -1
0.1 192 446 -1
0.1 199 200 -1
0.1 448 201 -1
0.1 198 449 -1
0.1 197 450 -1
0.1 451 202 -1
0.1 203 204 -1
0.1 206 207 -1
0.1 205 454 -1
0.1 208 209 -1
0.1 455 456 -1
0.1 214 215 -1
0.1 213 458 -1
0.1 212 459 -1
0.1 211 460 -1
0.1 461 216 -1
0.1 462 217 -1
0.1 218 219 -1
0.1 464 220 -1
0.1 463 465 -1
0.1 210 466 -1
0.1 457 467 -1
0.1 222 223 -1
0.1 224 225 -1
0.1 470 226 -1
0.1 469 471 -1
0.1 472 227 -1
0.1 221 473 -1
0.1 230 231 -1
0.1 475 232 -1
0.1 229 476 -1
0.1 228 477 -1
0.1 474 478 -1
0.1 468 479 -1
0.1 233 234 -1
0.1 481 235 -1
0.1 480 482 -1
0.1 453 483 -1
0.1 484 236 -1
0.1 452 485 -1
0.1 447 486 -1
0.1 443 487 -1
0.1 237 238 -1
0.1 240 241 -1
0.1 239 490 -1
0.1 489 491 -1
0.1 242 243 -1
0.1 245 246 -1
0.1 249 250 -1
0.1 248 495 -1
0.1 251 252 -1
0.1 496 497 -1
0.1 247 498 -1
0.1 499 253 -1
0.1 494 500 -1
0.1 244 501 -1
0.1 493 502 -1
0.1 492 503 -1
0.1 504 254 -1
0.1 505 255 -1
0.1 488 506 -1
0.1 439 507 -1
0.1 434 508 -1
