1 0 0 1
1 0 0 1
1 0 0 1
1 0 0 1
1 0 0 2
1 0 0 2
1 0 0 3
1 0 0 4
1 0 0 4
1 0 0 4
1 0 0 4
1 0 0 5
1 0 0 5
1 0 0 5
1 0 0 5
1 0 0 5
1 0 0 6
1 0 0 6
1 0 0 6
1 0 0 7
1 0 0 7
1 0 0 7
1 0 0 7
1 0 0 7
1 0 0 6
1 0 0 6
1 0 0 4
1 0 0 8
1 0 0 8
1 0 0 9
1 0 0 9
1 0 0 9
1 0 0 9
1 0 0 9
1 0 0 8
1 0 0 8
1 0 0 8
1 0 0 3
1 0 0 3
1 0 0 3
1 0 0 10
1 0 0 10
1 0 0 10
1 0 0 10
1 0 0 10
1 0 0 11
1 0 0 11
1 0 0 11
1 0 0 11
1 0 0 11
1 0 0 12
1 0 0 13
1 0 0 13
1 0 0 13
1 0 0 13
1 0 0 13
1 0 0 12
1 0 0 14
1 0 0 14
1 0 0 14
1 0 0 14
1 0 0 14
1 0 0 15
1 0 0 15
1 0 0 15
1 0 0 15
1 0 0 15
1 0 0 16
1 0 0 16
1 0 0 16
1 0 0 16
1 0 0 16
1 0 0 12
1 0 0 17
1 0 0 17
1 0 0 18
1 0 0 18
1 0 0 18
1 0 0 18
1 0 0 18
1 0 0 19
1 0 0 19
1 0 0 19
1 0 0 19
1 0 0 19
1 0 0 17
1 0 0 17
1 0 0 20
1 0 0 20
1 0 0 20
1 0 0 20
1 0 0 20
1 0 0 17
1 0 0 21
1 0 0 21
1 0 0 21
1 0 0 21
1 0 0 21
1 0 0 22
1 0 0 22
1 0 0 22
1 0 0 22
1 0 0 22
1 0 0 23
1 0 0 23
1 0 0 23
1 0 0 23
1 0 0 23
1 0 0 24
1 0 0 24
1 0 0 24
1 0 0 24
1 0 0 24
1 0 0 25
1 0 0 25
1 0 0 25
1 0 0 25
1 0 0 25
1 0 0 12
1 0 0 12
1 0 0 26
1 0 0 26
1 0 0 26
1 0 0 26
1 0 0 26
1 0 0 27
1 0 0 27
1 0 0 27
1 0 0 27
1 0 0 27
1 0 0 3
1 0 0 2
1 0 0 28
1 0 0 28
1 0 0 28
1 0 0 28
1 0 0 28
1 0 0 2
1 0 0 29
1 0 0 29
1 0 0 29
1 0 0 29
1 0 0 29
1 0 0 1
1 0 0 2
1 0 0 30
1 0 0 30
1 0 0 31
1 0 0 31
1 0 0 31
1 0 0 31
1 0 0 31
1 0 0 32
1 0 0 32
1 0 0 32
1 0 0 32
1 0 0 32
1 0 0 30
1 0 0 30
1 0 0 30
1 0 0 33
1 0 0 33
1 0 0 34
1 0 0 34
1 0 0 34
1 0 0 34
1 0 0 34
1 0 0 33
1 0 0 33
1 0 0 33
1 0 0 35
1 0 0 35
1 0 0 35
1 0 0 35
1 0 0 35
1 0 0 36
1 0 0 36
1 0 0 36
1 0 0 36
1 0 0 36
1 0 0 37
1 0 0 37
1 0 0 37
1 0 0 37
1 0 0 38
1 0 0 38
1 0 0 37
1 0 0 38
1 0 0 38
1 0 0 38
1 0 0 39
1 0 0 39
1 0 0 40
1 0 0 40
1 0 0 40
1 0 0 40
1 0 0 41
1 0 0 41
1 0 0 41
1 0 0 41
1 0 0 41
1 0 0 40
1 0 0 39
1 0 0 42
1 0 0 43
1 0 0 43
1 0 0 44
1 0 0 44
1 0 0 44
1 0 0 44
1 0 0 44
1 0 0 43
1 0 0 43
1 0 0 45
1 0 0 45
1 0 0 45
1 0 0 45
1 0 0 45
1 0 0 46
1 0 0 46
1 0 0 46
1 0 0 46
1 0 0 46
1 0 0 43
1 0 0 47
1 0 0 47
1 0 0 48
1 0 0 48
1 0 0 48
1 0 0 48
1 0 0 48
1 0 0 47
1 0 0 47
1 0 0 47
1 0 0 42
1 0 0 42
1 0 0 42
1 0 0 42
1 0 0 49
1 0 0 49
1 0 0 49
1 0 0 49
1 0 0 49
1 0 0 50
1 0 0 50
1 0 0 50
1 0 0 50
1 0 0 50
1 0 0 39
1 0 0 51
1 0 0 51
1 0 0 51
1 0 0 51
1 0 0 51
1 0 0 39
0.1 3 4 -1
0.1 2 256 -1
0.1 257 5 -1
0.1 10 11 -1
0.1 9 259 -1
0.1 8 260 -1
0.1 14 15 -1
0.1 13 262 -1
0.1 12 263 -1
0.1 264 16 -1
0.1 17 18 -1
0.1 265 266 -1
0.1 20 21 -1
0.1 23 24 -1
0.1 22 269 -1
0.1 268 270 -1
0.1 19 271 -1
0.1 25 26 -1
0.1 272 273 -1
0.1 267 274 -1
0.1 275 27 -1
0.1 261 276 -1
0.1 7 277 -1
0.1 31 32 -1
0.1 33 34 -1
0.1 279 280 -1
0.1 30 281 -1
0.1 29 282 -1
0.1 28 283 -1
0.1 35 36 -1
0.1 285 37 -1
0.1 284 286 -1
0.1 287 38 -1
0.1 39 40 -1
0.1 288 289 -1
0.1 278 290 -1
0.1 42 43 -1
0.1 41 292 -1
0.1 44 45 -1
0.1 293 294 -1
0.1 46 47 -1
0.1 49 50 -1
0.1 48 297 -1
0.1 296 298 -1
0.1 299 51 -1
0.1 295 300 -1
0.1 52 53 -1
0.1 55 56 -1
0.1 54 303 -1
0.1 302 304 -1
0.1 305 57 -1
0.1 60 61 -1
0.1 59 307 -1
0.1 58 308 -1
0.1 309 62 -1
0.1 64 65 -1
0.1 66 67 -1
0.1 311 312 -1
0.1 63 313 -1
0.1 69 70 -1
0.1 68 315 -1
0.1 316 71 -1
0.1 317 72 -1
0.1 76 77 -1
0.1 79 80 -1
0.1 78 320 -1
0.1 319 321 -1
0.1 82 83 -1
0.1 81 323 -1
0.1 84 85 -1
0.1 324 325 -1
0.1 322 326 -1
0.1 75 327 -1
0.1 74 328 -1
0.1 86 87 -1
0.1 89 90 -1
0.1 88 331 -1
0.1 91 92 -1
0.1 332 333 -1
0.1 334 93 -1
0.1 330 335 -1
0.1 329 336 -1
0.1 95 96 -1
0.1 97 98 -1
0.1 338 339 -1
0.1 94 340 -1
0.1 99 100 -1
0.1 102 103 -1
0.1 101 343 -1
0.1 342 344 -1
0.1 107 108 -1
0.1 106 346 -1
0.1 105 347 -1
0.1 104 348 -1
0.1 345 349 -1
0.1 341 350 -1
0.1 111 112 -1
0.1 110 352 -1
0.1 109 353 -1
0.1 354 113 -1
0.1 351 355 -1
0.1 337 356 -1
0.1 114 115 -1
0.1 116 117 -1
0.1 358 359 -1
0.1 360 118 -1
0.1 357 361 -1
0.1 73 362 -1
0.1 318 363 -1
0.1 314 364 -1
0.1 310 365 -1
0.1 306 366 -1
0.1 119 120 -1
0.1 122 123 -1
0.1 121 369 -1
0.1 124 125 -1
0.1 370 371 -1
0.1 368 372 -1
0.1 367 373 -1
0.1 301 374 -1
0.1 127 128 -1
0.1 129 130 -1
0.1 376 377 -1
0.1 126 378 -1
0.1 379 131 -1
0.1 375 380 -1
0.1 291 381 -1
0.1 6 382 -1
0.1 383 132 -1
0.1 134 135 -1
0.1 133 385 -1
0.1 386 136 -1
0.1 387 137 -1
0.1 384 388 -1
0.1 140 141 -1
0.1 142 143 -1
0.1 390 391 -1
0.1 139 392 -1
0.1 138 393 -1
0.1 144 145 -1
0.1 394 395 -1
0.1 389 396 -1
0.1 258 397 -1
0.1 1 398 -1
0.1 149 150 -1
0.1 148 400 -1
0.1 151 152 -1
0.1 401 402 -1
0.1 147 403 -1
0.1 153 154 -1
0.1 156 157 -1
0.1 155 406 -1
0.1 405 407 -1
0.1 404 408 -1
0.1 159 160 -1
0.1 158 410 -1
0.1 409 411 -1
0.1 146 412 -1
0.1 399 413 -1
0.1 161 162 -1
0.1 414 415 -1
0.1 166 167 -1
0.1 165 417 -1
0.1 164 418 -1
0.1 163 419 -1
0.1 416 420 -1
0.1 173 174 -1
0.1 422 175 -1
0.1 172 423 -1
0.1 171 424 -1
0.1 176 177 -1
0.1 426 178 -1
0.1 179 180 -1
0.1 427 428 -1
0.1 425 429 -1
0.1 170 430 -1
0.1 169 431 -1
0.1 168 432 -1
0.1 421 433 -1
0.1 185 186 -1
0.1 184 435 -1
0.1 183 436 -1
0.1 188 189 -1
0.1 438 190 -1
0.1 187 439 -1
0.1 437 440 -1
0.1 182 441 -1
0.1 181 442 -1
0.1 191 192 -1
0.1 194 195 -1
0.1 193 445 -1
0.1 446 196 -1
0.1 199 200 -1
0.1 198 448 -1
0.1 197 449 -1
0.1 450 201 -1
0.1 451 202 -1
0.1 447 452 -1
0.1 453 203 -1
0.1 205 206 -1
0.1 208 209 -1
0.1 207 456 -1
0.1 210 211 -1
0.1 457 458 -1
0.1 215 216 -1
0.1 214 460 -1
0.1 217 218 -1
0.1 461 462 -1
0.1 213 463 -1
0.1 212 464 -1
0.1 459 465 -1
0.1 219 220 -1
0.1 467 221 -1
0.1 222 223 -1
0.1 468 469 -1
0.1 229 230 -1
0.1 471 231 -1
0.1 228 472 -1
0.1 227 473 -1
0.1 226 474 -1
0.1 225 475 -1
0.1 233 234 -1
0.1 232 477 -1
0.1 476 478 -1
0.1 224 479 -1
0.1 470 480 -1
0.1 466 481 -1
0.1 455 482 -1
0.1 236 237 -1
0.1 235 484 -1
0.1 483 485 -1
0.1 204 486 -1
0.1 239 240 -1
0.1 241 242 -1
0.1 489 243 -1
0.1 488 490 -1
0.1 238 491 -1
0.1 487 492 -1
0.1 247 248 -1
0.1 246 494 -1
0.1 245 495 -1
0.1 244 496 -1
0.1 493 497 -1
0.1 498 249 -1
0.1 250 251 -1
0.1 500 252 -1
0.1 253 254 -1
0.1 501 502 -1
0.1 499 503 -1
0.1 504 255 -1
0.1 454 505 -1
0.1 444 506 -1
0.1 443 507 -1
0.1 434 508 -1
