1 0 0 1
1 0 0 2
1 0 0 2
1 0 0 2
1 0 0 2
1 0 0 2
1 0 0 2
1 0 0 2
1 0 0 2
1 0 0 2
1 0 0 2
1 0 0 3
1 0 0 3
1 0 0 3
1 0 0 3
1 0 0 3
1 0 0 3
1 0 0 3
1 0 0 3
1 0 0 3
1 0 0 3
1 0 0 1
1 0 0 1
1 0 0 1
1 0 0 1
1 0 0 1
1 0 0 1
1 0 0 1
1 0 0 1
1 0 0 1
1 0 0 4
1 0 0 5
1 0 0 6
1 0 0 6
1 0 0 6
1 0 0 6
1 0 0 6
1 0 0 6
1 0 0 6
1 0 0 6
1 0 0 6
1 0 0 6
1 0 0 5
1 0 0 5
1 0 0 5
1 0 0 5
1 0 0 5
1 0 0 5
1 0 0 7
1 0 0 7
1 0 0 7
1 0 0 7
1 0 0 7
1 0 0 7
1 0 0 7
1 0 0 7
1 0 0 7
1 0 0 7
1 0 0 5
1 0 0 5
1 0 0 5
1 0 0 8
1 0 0 8
1 0 0 8
1 0 0 8
1 0 0 8
1 0 0 8
1 0 0 8
1 0 0 8
1 0 0 8
1 0 0 8
1 0 0 9
1 0 0 9
1 0 0 9
1 0 0 9
1 0 0 10
1 0 0 10
1 0 0 10
1 0 0 10
1 0 0 10
1 0 0 10
1 0 0 10
1 0 0 10
1 0 0 10
1 0 0 10
1 0 0 9
1 0 0 9
1 0 0 9
1 0 0 9
1 0 0 11
1 0 0 11
1 0 0 11
1 0 0 11
1 0 0 11
1 0 0 11
1 0 0 11
1 0 0 11
1 0 0 11
1 0 0 11
1 0 0 9
1 0 0 12
1 0 0 12
1 0 0 12
1 0 0 12
1 0 0 12
1 0 0 12
1 0 0 12
1 0 0 12
1 0 0 12
1 0 0 12
1 0 0 13
1 0 0 13
1 0 0 13
1 0 0 13
1 0 0 13
1 0 0 13
1 0 0 13
1 0 0 13
1 0 0 13
1 0 0 13
1 0 0 9
1 0 0 4
1 0 0 4
1 0 0 4
1 0 0 4
1 0 0 4
1 0 0 4
1 0 0 4
1 0 0 14
1 0 0 14
1 0 0 14
1 0 0 14
1 0 0 14
1 0 0 14
1 0 0 14
1 0 0 14
1 0 0 15
1 0 0 15
1 0 0 15
1 0 0 15
1 0 0 15
1 0 0 15
1 0 0 15
1 0 0 15
1 0 0 15
1 0 0 15
1 0 0 16
1 0 0 16
1 0 0 17
1 0 0 18
1 0 0 18
1 0 0 18
1 0 0 19
1 0 0 19
1 0 0 19
1 0 0 18
1 0 0 18
1 0 0 18
1 0 0 19
1 0 0 19
1 0 0 19
1 0 0 19
1 0 0 19
1 0 0 19
1 0 0 19
1 0 0 17
1 0 0 17
1 0 0 17
1 0 0 17
1 0 0 17
1 0 0 17
1 0 0 17
1 0 0 17
1 0 0 20
1 0 0 16
1 0 0 21
1 0 0 21
1 0 0 21
1 0 0 21
1 0 0 21
1 0 0 21
1 0 0 21
1 0 0 21
1 0 0 21
1 0 0 21
1 0 0 22
1 0 0 22
1 0 0 22
1 0 0 22
1 0 0 22
1 0 0 22
1 0 0 22
1 0 0 22
1 0 0 22
1 0 0 22
1 0 0 16
1 0 0 23
1 0 0 23
1 0 0 23
1 0 0 23
1 0 0 23
1 0 0 23
1 0 0 23
1 0 0 23
1 0 0 23
1 0 0 23
1 0 0 16
1 0 0 16
1 0 0 16
1 0 0 16
1 0 0 16
1 0 0 16
1 0 0 20
1 0 0 20
1 0 0 20
1 0 0 20
1 0 0 20
1 0 0 20
1 0 0 20
1 0 0 20
1 0 0 20
1 0 0 18
1 0 0 18
1 0 0 18
1 0 0 18
1 0 0 17
1 0 0 14
1 0 0 14
1 0 0 4
1 0 0 4
0.1 5 6 -1
0.1 7 8 -1
0.1 231 232 -1
0.1 4 233 -1
0.1 3 234 -1
0.1 2 235 -1
0.1 9 10 -1
0.1 237 11 -1
0.1 236 238 -1
0.1 13 14 -1
0.1 15 16 -1
0.1 241 17 -1
0.1 240 242 -1
0.1 18 19 -1
0.1 20 21 -1
0.1 244 245 -1
0.1 243 246 -1
0.1 12 247 -1
0.1 239 248 -1
0.1 23 24 -1
0.1 22 250 -1
0.1 251 25 -1
0.1 26 27 -1
0.1 253 28 -1
0.1 29 30 -1
0.1 254 255 -1
0.1 252 256 -1
0.1 249 257 -1
0.1 1 258 -1
0.1 33 34 -1
0.1 260 35 -1
0.1 36 37 -1
0.1 38 39 -1
0.1 263 40 -1
0.1 262 264 -1
0.1 261 265 -1
0.1 266 41 -1
0.1 267 42 -1
0.1 32 268 -1
0.1 43 44 -1
0.1 269 270 -1
0.1 45 46 -1
0.1 272 47 -1
0.1 273 48 -1
0.1 271 274 -1
0.1 52 53 -1
0.1 276 54 -1
0.1 51 277 -1
0.1 278 55 -1
0.1 57 58 -1
0.1 56 280 -1
0.1 279 281 -1
0.1 50 282 -1
0.1 49 283 -1
0.1 275 284 -1
0.1 60 61 -1
0.1 59 286 -1
0.1 63 64 -1
0.1 65 66 -1
0.1 288 289 -1
0.1 62 290 -1
0.1 69 70 -1
0.1 292 71 -1
0.1 68 293 -1
0.1 67 294 -1
0.1 291 295 -1
0.1 287 296 -1
0.1 73 74 -1
0.1 72 298 -1
0.1 76 77 -1
0.1 300 78 -1
0.1 79 80 -1
0.1 302 81 -1
0.1 83 84 -1
0.1 82 304 -1
0.1 303 305 -1
0.1 301 306 -1
0.1 307 85 -1
0.1 75 308 -1
0.1 299 309 -1
0.1 87 88 -1
0.1 311 89 -1
0.1 86 312 -1
0.1 310 313 -1
0.1 90 91 -1
0.1 93 94 -1
0.1 316 95 -1
0.1 92 317 -1
0.1 96 97 -1
0.1 318 319 -1
0.1 315 320 -1
0.1 314 321 -1
0.1 98 99 -1
0.1 322 323 -1
0.1 104 105 -1
0.1 107 108 -1
0.1 106 326 -1
0.1 325 327 -1
0.1 103 328 -1
0.1 102 329 -1
0.1 101 330 -1
0.1 109 110 -1
0.1 331 332 -1
0.1 100 333 -1
0.1 112 113 -1
0.1 118 119 -1
0.1 117 336 -1
0.1 337 120 -1
0.1 116 338 -1
0.1 115 339 -1
0.1 114 340 -1
0.1 335 341 -1
0.1 111 342 -1
0.1 343 121 -1
0.1 334 344 -1
0.1 324 345 -1
0.1 297 346 -1
0.1 285 347 -1
0.1 122 123 -1
0.1 125 126 -1
0.1 124 350 -1
0.1 349 351 -1
0.1 348 352 -1
0.1 31 353 -1
0.1 259 354 -1
0.1 127 128 -1
0.1 132 133 -1
0.1 131 357 -1
0.1 130 358 -1
0.1 129 359 -1
0.1 360 134 -1
0.1 141 142 -1
0.1 140 362 -1
0.1 144 145 -1
0.1 143 364 -1
0.1 363 365 -1
0.1 139 366 -1
0.1 367 146 -1
0.1 138 368 -1
0.1 137 369 -1
0.1 136 370 -1
0.1 135 371 -1
0.1 361 372 -1
0.1 356 373 -1
0.1 147 148 -1
0.1 151 152 -1
0.1 376 153 -1
0.1 154 155 -1
0.1 157 158 -1
0.1 156 379 -1
0.1 380 159 -1
0.1 160 161 -1
0.1 162 163 -1
0.1 383 164 -1
0.1 384 165 -1
0.1 382 385 -1
0.1 381 386 -1
0.1 378 387 -1
0.1 377 388 -1
0.1 150 389 -1
0.1 390 166 -1
0.1 169 170 -1
0.1 392 171 -1
0.1 168 393 -1
0.1 167 394 -1
0.1 172 173 -1
0.1 395 396 -1
0.1 391 397 -1
0.1 179 180 -1
0.1 178 399 -1
0.1 177 400 -1
0.1 176 401 -1
0.1 402 181 -1
0.1 184 185 -1
0.1 183 404 -1
0.1 182 405 -1
0.1 403 406 -1
0.1 190 191 -1
0.1 189 408 -1
0.1 192 193 -1
0.1 194 195 -1
0.1 410 411 -1
0.1 409 412 -1
0.1 188 413 -1
0.1 187 414 -1
0.1 186 415 -1
0.1 416 196 -1
0.1 199 200 -1
0.1 198 418 -1
0.1 197 419 -1
0.1 201 202 -1
0.1 420 421 -1
0.1 203 204 -1
0.1 205 206 -1
0.1 423 424 -1
0.1 422 425 -1
0.1 417 426 -1
0.1 407 427 -1
0.1 208 209 -1
0.1 207 429 -1
0.1 210 211 -1
0.1 430 431 -1
0.1 428 432 -1
0.1 433 212 -1
0.1 175 434 -1
0.1 213 214 -1
0.1 215 216 -1
0.1 436 437 -1
0.1 435 438 -1
0.1 218 219 -1
0.1 217 440 -1
0.1 220 221 -1
0.1 441 442 -1
0.1 439 443 -1
0.1 174 444 -1
0.1 398 445 -1
0.1 224 225 -1
0.1 223 447 -1
0.1 222 448 -1
0.1 446 449 -1
0.1 450 226 -1
0.1 149 451 -1
0.1 375 452 -1
0.1 374 453 -1
0.1 227 228 -1
0.1 454 455 -1
0.1 456 229 -1
0.1 457 230 -1
0.1 355 458 -1
