1 0 0 1
1 0 0 1
1 0 0 1
1 0 0 2
1 0 0 2
1 0 0 2
1 0 0 2
1 0 0 2
1 0 0 2
1 0 0 2
1 0 0 2
1 0 0 2
1 0 0 2
1 0 0 1
1 0 0 1
1 0 0 1
1 0 0 1
1 0 0 3
1 0 0 3
1 0 0 3
1 0 0 3
1 0 0 3
1 0 0 3
1 0 0 3
1 0 0 3
1 0 0 3
1 0 0 3
1 0 0 4
1 0 0 4
1 0 0 4
1 0 0 4
1 0 0 4
1 0 0 4
1 0 0 4
1 0 0 4
1 0 0 4
1 0 0 4
1 0 0 5
1 0 0 6
1 0 0 6
1 0 0 6
1 0 0 6
1 0 0 6
1 0 0 6
1 0 0 6
1 0 0 6
1 0 0 5
1 0 0 5
1 0 0 5
1 0 0 5
1 0 0 5
1 0 0 5
1 0 0 5
1 0 0 5
1 0 0 7
1 0 0 7
1 0 0 7
1 0 0 7
1 0 0 7
1 0 0 7
1 0 0 7
1 0 0 7
1 0 0 1
1 0 0 1
1 0 0 1
1 0 0 7
1 0 0 7
1 0 0 5
1 0 0 6
1 0 0 6
1 0 0 8
1 0 0 8
1 0 0 8
1 0 0 8
1 0 0 8
1 0 0 8
1 0 0 8
1 0 0 8
1 0 0 8
1 0 0 8
1 0 0 9
1 0 0 9
1 0 0 9
1 0 0 9
1 0 0 9
1 0 0 9
1 0 0 9
1 0 0 9
1 0 0 9
1 0 0 9
1 0 0 10
1 0 0 10
1 0 0 10
1 0 0 10
1 0 0 10
1 0 0 10
1 0 0 11
1 0 0 12
1 0 0 12
1 0 0 12
1 0 0 12
1 0 0 12
1 0 0 12
1 0 0 12
1 0 0 12
1 0 0 12
1 0 0 12
1 0 0 11
1 0 0 13
1 0 0 13
1 0 0 14
1 0 0 14
1 0 0 15
1 0 0 15
1 0 0 16
1 0 0 16
1 0 0 16
1 0 0 16
1 0 0 16
1 0 0 16
1 0 0 16
1 0 0 16
1 0 0 16
1 0 0 16
1 0 0 17
1 0 0 17
1 0 0 17
1 0 0 17
1 0 0 17
1 0 0 17
1 0 0 17
1 0 0 17
1 0 0 17
1 0 0 17
1 0 0 15
1 0 0 18
1 0 0 18
1 0 0 18
1 0 0 18
1 0 0 18
1 0 0 18
1 0 0 18
1 0 0 18
1 0 0 18
1 0 0 18
1 0 0 15
1 0 0 15
1 0 0 15
1 0 0 15
1 0 0 15
1 0 0 19
1 0 0 19
1 0 0 19
1 0 0 19
1 0 0 19
1 0 0 19
1 0 0 19
1 0 0 19
1 0 0 19
1 0 0 19
1 0 0 14
1 0 0 14
1 0 0 14
1 0 0 14
1 0 0 20
1 0 0 20
1 0 0 20
1 0 0 20
1 0 0 20
1 0 0 20
1 0 0 20
1 0 0 20
1 0 0 20
1 0 0 20
1 0 0 14
1 0 0 14
1 0 0 14
1 0 0 14
1 0 0 15
1 0 0 15
1 0 0 13
1 0 0 13
1 0 0 13
1 0 0 13
1 0 0 13
1 0 0 13
1 0 0 13
1 0 0 13
1 0 0 10
1 0 0 10
1 0 0 21
1 0 0 21
1 0 0 21
1 0 0 21
1 0 0 21
1 0 0 21
1 0 0 22
1 0 0 22
1 0 0 22
1 0 0 22
1 0 0 22
1 0 0 22
1 0 0 22
1 0 0 23
1 0 0 22
1 0 0 22
1 0 0 22
1 0 0 23
1 0 0 23
1 0 0 23
1 0 0 23
1 0 0 23
1 0 0 23
1 0 0 23
1 0 0 23
1 0 0 23
1 0 0 21
1 0 0 21
1 0 0 21
1 0 0 21
1 0 0 11
1 0 0 11
1 0 0 11
1 0 0 11
1 0 0 11
1 0 0 11
1 0 0 11
1 0 0 11
1 0 0 10
1 0 0 10
0.1 2 3 -1
0.1 1 231 -1
0.1 6 7 -1
0.1 5 233 -1
0.1 10 11 -1
0.1 9 235 -1
0.1 8 236 -1
0.1 237 12 -1
0.1 234 238 -1
0.1 239 13 -1
0.1 4 240 -1
0.1 14 15 -1
0.1 21 22 -1
0.1 20 243 -1
0.1 19 244 -1
0.1 18 245 -1
0.1 24 25 -1
0.1 247 26 -1
0.1 248 27 -1
0.1 23 249 -1
0.1 246 250 -1
0.1 17 251 -1
0.1 16 252 -1
0.1 242 253 -1
0.1 241 254 -1
0.1 232 255 -1
0.1 28 29 -1
0.1 30 31 -1
0.1 258 32 -1
0.1 257 259 -1
0.1 35 36 -1
0.1 34 261 -1
0.1 262 37 -1
0.1 33 263 -1
0.1 260 264 -1
0.1 265 38 -1
0.1 39 40 -1
0.1 267 41 -1
0.1 268 42 -1
0.1 43 44 -1
0.1 45 46 -1
0.1 270 271 -1
0.1 269 272 -1
0.1 48 49 -1
0.1 274 50 -1
0.1 47 275 -1
0.1 53 54 -1
0.1 52 277 -1
0.1 57 58 -1
0.1 56 279 -1
0.1 59 60 -1
0.1 281 61 -1
0.1 64 65 -1
0.1 63 283 -1
0.1 62 284 -1
0.1 285 66 -1
0.1 286 67 -1
0.1 282 287 -1
0.1 280 288 -1
0.1 55 289 -1
0.1 278 290 -1
0.1 51 291 -1
0.1 276 292 -1
0.1 273 293 -1
0.1 294 68 -1
0.1 266 295 -1
0.1 69 70 -1
0.1 296 297 -1
0.1 72 73 -1
0.1 71 299 -1
0.1 300 74 -1
0.1 77 78 -1
0.1 76 302 -1
0.1 75 303 -1
0.1 304 79 -1
0.1 301 305 -1
0.1 306 80 -1
0.1 298 307 -1
0.1 82 83 -1
0.1 84 85 -1
0.1 309 310 -1
0.1 311 86 -1
0.1 81 312 -1
0.1 88 89 -1
0.1 87 314 -1
0.1 313 315 -1
0.1 316 90 -1
0.1 308 317 -1
0.1 256 318 -1
0.1 92 93 -1
0.1 91 320 -1
0.1 94 95 -1
0.1 321 322 -1
0.1 319 323 -1
0.1 324 96 -1
0.1 100 101 -1
0.1 102 103 -1
0.1 327 104 -1
0.1 328 105 -1
0.1 326 329 -1
0.1 99 330 -1
0.1 98 331 -1
0.1 106 107 -1
0.1 332 333 -1
0.1 97 334 -1
0.1 335 108 -1
0.1 109 110 -1
0.1 111 112 -1
0.1 115 116 -1
0.1 117 118 -1
0.1 119 120 -1
0.1 340 341 -1
0.1 339 342 -1
0.1 122 123 -1
0.1 344 124 -1
0.1 121 345 -1
0.1 343 346 -1
0.1 125 126 -1
0.1 127 128 -1
0.1 129 130 -1
0.1 132 133 -1
0.1 131 351 -1
0.1 350 352 -1
0.1 353 134 -1
0.1 349 354 -1
0.1 348 355 -1
0.1 356 135 -1
0.1 138 139 -1
0.1 137 358 -1
0.1 140 141 -1
0.1 359 360 -1
0.1 142 143 -1
0.1 144 145 -1
0.1 362 363 -1
0.1 361 364 -1
0.1 136 365 -1
0.1 357 366 -1
0.1 347 367 -1
0.1 146 147 -1
0.1 369 148 -1
0.1 368 370 -1
0.1 114 371 -1
0.1 149 150 -1
0.1 372 373 -1
0.1 113 374 -1
0.1 338 375 -1
0.1 152 153 -1
0.1 377 154 -1
0.1 151 378 -1
0.1 376 379 -1
0.1 156 157 -1
0.1 155 381 -1
0.1 158 159 -1
0.1 383 160 -1
0.1 382 384 -1
0.1 380 385 -1
0.1 163 164 -1
0.1 162 387 -1
0.1 161 388 -1
0.1 165 166 -1
0.1 390 167 -1
0.1 389 391 -1
0.1 168 169 -1
0.1 393 170 -1
0.1 394 171 -1
0.1 172 173 -1
0.1 395 396 -1
0.1 397 174 -1
0.1 392 398 -1
0.1 386 399 -1
0.1 177 178 -1
0.1 176 401 -1
0.1 175 402 -1
0.1 179 180 -1
0.1 403 404 -1
0.1 405 181 -1
0.1 182 183 -1
0.1 406 407 -1
0.1 185 186 -1
0.1 184 409 -1
0.1 410 187 -1
0.1 408 411 -1
0.1 412 188 -1
0.1 400 413 -1
0.1 337 414 -1
0.1 336 415 -1
0.1 189 190 -1
0.1 416 417 -1
0.1 192 193 -1
0.1 194 195 -1
0.1 420 196 -1
0.1 200 201 -1
0.1 202 203 -1
0.1 422 423 -1
0.1 199 424 -1
0.1 198 425 -1
0.1 197 426 -1
0.1 205 206 -1
0.1 428 207 -1
0.1 204 429 -1
0.1 427 430 -1
0.1 208 209 -1
0.1 432 210 -1
0.1 211 212 -1
0.1 214 215 -1
0.1 435 216 -1
0.1 213 436 -1
0.1 434 437 -1
0.1 433 438 -1
0.1 431 439 -1
0.1 421 440 -1
0.1 419 441 -1
0.1 217 218 -1
0.1 443 219 -1
0.1 444 220 -1
0.1 442 445 -1
0.1 191 446 -1
0.1 224 225 -1
0.1 448 226 -1
0.1 223 449 -1
0.1 222 450 -1
0.1 221 451 -1
0.1 452 227 -1
0.1 453 228 -1
0.1 454 229 -1
0.1 455 230 -1
0.1 447 456 -1
0.1 418 457 -1
0.1 325 458 -1
