1 0 0 1
1 0 0 2
1 0 0 3
1 0 0 4
1 0 0 3
1 0 0 3
1 0 0 3
1 0 0 2
1 0 0 3
1 0 0 3
1 0 0 3
1 0 0 3
1 0 0 4
1 0 0 3
1 0 0 3
1 0 0 4
1 0 0 4
1 0 0 4
1 0 0 5
1 0 0 5
1 0 0 5
1 0 0 5
1 0 0 5
1 0 0 5
1 0 0 5
1 0 0 5
1 0 0 5
1 0 0 5
1 0 0 6
1 0 0 6
1 0 0 6
1 0 0 6
1 0 0 6
1 0 0 6
1 0 0 6
1 0 0 6
1 0 0 2
1 0 0 2
1 0 0 2
1 0 0 6
1 0 0 6
1 0 0 2
1 0 0 2
1 0 0 2
1 0 0 7
1 0 0 4
1 0 0 4
1 0 0 4
1 0 0 4
1 0 0 4
1 0 0 8
1 0 0 8
1 0 0 8
1 0 0 8
1 0 0 8
1 0 0 8
1 0 0 8
1 0 0 1
1 0 0 1
1 0 0 2
1 0 0 1
1 0 0 1
1 0 0 1
1 0 0 9
1 0 0 9
1 0 0 9
1 0 0 9
1 0 0 9
1 0 0 9
1 0 0 1
1 0 0 1
1 0 0 1
1 0 0 1
1 0 0 9
1 0 0 9
1 0 0 8
1 0 0 8
1 0 0 8
1 0 0 9
1 0 0 9
1 0 0 7
1 0 0 7
1 0 0 10
1 0 0 10
1 0 0 10
1 0 0 10
1 0 0 10
1 0 0 10
1 0 0 10
1 0 0 10
1 0 0 10
1 0 0 10
1 0 0 7
1 0 0 7
1 0 0 7
1 0 0 7
1 0 0 11
1 0 0 11
1 0 0 11
1 0 0 11
1 0 0 2
1 0 0 7
1 0 0 11
1 0 0 11
1 0 0 7
1 0 0 7
1 0 0 11
1 0 0 11
1 0 0 11
1 0 0 11
0.1 4 5 -1
0.1 6 7 -1
0.1 112 8 -1
0.1 113 9 -1
0.1 114 10 -1
0.1 111 115 -1
0.1 3 116 -1
0.1 2 117 -1
0.1 118 11 -1
0.1 119 12 -1
0.1 120 13 -1
0.1 14 15 -1
0.1 121 122 -1
0.1 17 18 -1
0.1 19 20 -1
0.1 21 22 -1
0.1 125 126 -1
0.1 25 26 -1
0.1 24 128 -1
0.1 129 27 -1
0.1 23 130 -1
0.1 127 131 -1
0.1 132 28 -1
0.1 124 133 -1
0.1 16 134 -1
0.1 135 29 -1
0.1 31 32 -1
0.1 137 33 -1
0.1 30 138 -1
0.1 136 139 -1
0.1 38 39 -1
0.1 37 141 -1
0.1 142 40 -1
0.1 143 41 -1
0.1 36 144 -1
0.1 35 145 -1
0.1 43 44 -1
0.1 42 147 -1
0.1 146 148 -1
0.1 34 149 -1
0.1 140 150 -1
0.1 123 151 -1
0.1 1 152 -1
0.1 46 47 -1
0.1 49 50 -1
0.1 48 155 -1
0.1 154 156 -1
0.1 45 157 -1
0.1 51 52 -1
0.1 53 54 -1
0.1 160 55 -1
0.1 159 161 -1
0.1 56 57 -1
0.1 58 59 -1
0.1 164 60 -1
0.1 165 61 -1
0.1 166 62 -1
0.1 167 63 -1
0.1 163 168 -1
0.1 162 169 -1
0.1 65 66 -1
0.1 171 67 -1
0.1 172 68 -1
0.1 71 72 -1
0.1 174 73 -1
0.1 70 175 -1
0.1 176 74 -1
0.1 69 177 -1
0.1 178 75 -1
0.1 173 179 -1
0.1 76 77 -1
0.1 181 78 -1
0.1 182 79 -1
0.1 183 80 -1
0.1 180 184 -1
0.1 64 185 -1
0.1 170 186 -1
0.1 81 82 -1
0.1 84 85 -1
0.1 83 189 -1
0.1 88 89 -1
0.1 87 191 -1
0.1 86 192 -1
0.1 193 90 -1
0.1 190 194 -1
0.1 195 91 -1
0.1 196 92 -1
0.1 188 197 -1
0.1 198 93 -1
0.1 94 95 -1
0.1 200 96 -1
0.1 199 201 -1
0.1 98 99 -1
0.1 102 103 -1
0.1 101 204 -1
0.1 100 205 -1
0.1 203 206 -1
0.1 97 207 -1
0.1 202 208 -1
0.1 187 209 -1
0.1 105 106 -1
0.1 109 110 -1
0.1 108 212 -1
0.1 107 213 -1
0.1 211 214 -1
0.1 104 215 -1
0.1 210 216 -1
0.1 158 217 -1
0.1 153 218 -1
