1 0 0 1
1 0 0 2
1 0 0 2
1 0 0 2
1 0 0 2
1 0 0 2
1 0 0 2
1 0 0 2
1 0 0 2
1 0 0 2
1 0 0 2
1 0 0 3
1 0 0 3
1 0 0 3
1 0 0 4
1 0 0 4
1 0 0 5
1 0 0 5
1 0 0 5
1 0 0 5
1 0 0 5
1 0 0 5
1 0 0 5
1 0 0 5
1 0 0 1
1 0 0 1
1 0 0 6
1 0 0 6
1 0 0 6
1 0 0 6
1 0 0 6
1 0 0 6
1 0 0 6
1 0 0 6
1 0 0 6
1 0 0 6
1 0 0 1
1 0 0 1
1 0 0 5
1 0 0 5
1 0 0 7
1 0 0 4
1 0 0 4
1 0 0 4
1 0 0 4
1 0 0 4
1 0 0 4
1 0 0 4
1 0 0 4
1 0 0 8
1 0 0 8
1 0 0 8
1 0 0 8
1 0 0 8
1 0 0 8
1 0 0 8
1 0 0 7
1 0 0 8
1 0 0 8
1 0 0 8
1 0 0 9
1 0 0 9
1 0 0 9
1 0 0 3
1 0 0 3
1 0 0 7
1 0 0 9
1 0 0 9
1 0 0 9
1 0 0 9
1 0 0 9
1 0 0 9
1 0 0 9
1 0 0 1
1 0 0 7
1 0 0 10
1 0 0 10
1 0 0 10
1 0 0 3
1 0 0 3
1 0 0 3
1 0 0 3
1 0 0 3
1 0 0 1
1 0 0 1
1 0 0 10
1 0 0 10
1 0 0 10
1 0 0 10
1 0 0 10
1 0 0 10
1 0 0 10
1 0 0 11
1 0 0 11
1 0 0 7
1 0 0 7
1 0 0 7
1 0 0 11
1 0 0 11
1 0 0 11
1 0 0 11
1 0 0 11
1 0 0 11
1 0 0 11
1 0 0 11
1 0 0 7
1 0 0 1
1 0 0 1
1 0 0 7
1 0 0 7
0.1 3 4 -1
0.1 111 5 -1
0.1 112 6 -1
0.1 9 10 -1
0.1 8 114 -1
0.1 115 11 -1
0.1 7 116 -1
0.1 113 117 -1
0.1 2 118 -1
0.1 13 14 -1
0.1 12 120 -1
0.1 119 121 -1
0.1 122 15 -1
0.1 1 123 -1
0.1 22 23 -1
0.1 21 125 -1
0.1 25 26 -1
0.1 27 28 -1
0.1 31 32 -1
0.1 30 129 -1
0.1 29 130 -1
0.1 34 35 -1
0.1 33 132 -1
0.1 131 133 -1
0.1 128 134 -1
0.1 135 36 -1
0.1 127 136 -1
0.1 137 37 -1
0.1 24 138 -1
0.1 126 139 -1
0.1 38 39 -1
0.1 140 141 -1
0.1 142 40 -1
0.1 20 143 -1
0.1 19 144 -1
0.1 18 145 -1
0.1 17 146 -1
0.1 16 147 -1
0.1 124 148 -1
0.1 149 41 -1
0.1 44 45 -1
0.1 43 151 -1
0.1 48 49 -1
0.1 47 153 -1
0.1 46 154 -1
0.1 152 155 -1
0.1 42 156 -1
0.1 150 157 -1
0.1 52 53 -1
0.1 51 159 -1
0.1 160 54 -1
0.1 50 161 -1
0.1 55 56 -1
0.1 57 58 -1
0.1 59 60 -1
0.1 164 165 -1
0.1 163 166 -1
0.1 162 167 -1
0.1 61 62 -1
0.1 169 63 -1
0.1 64 65 -1
0.1 171 66 -1
0.1 170 172 -1
0.1 67 68 -1
0.1 69 70 -1
0.1 72 73 -1
0.1 71 176 -1
0.1 175 177 -1
0.1 174 178 -1
0.1 74 75 -1
0.1 179 180 -1
0.1 173 181 -1
0.1 168 182 -1
0.1 76 77 -1
0.1 80 81 -1
0.1 185 82 -1
0.1 84 85 -1
0.1 83 187 -1
0.1 186 188 -1
0.1 79 189 -1
0.1 190 86 -1
0.1 89 90 -1
0.1 88 192 -1
0.1 87 193 -1
0.1 91 92 -1
0.1 194 195 -1
0.1 191 196 -1
0.1 78 197 -1
0.1 184 198 -1
0.1 93 94 -1
0.1 95 96 -1
0.1 201 97 -1
0.1 202 98 -1
0.1 203 99 -1
0.1 200 204 -1
0.1 103 104 -1
0.1 206 105 -1
0.1 102 207 -1
0.1 101 208 -1
0.1 100 209 -1
0.1 205 210 -1
0.1 211 106 -1
0.1 107 108 -1
0.1 212 213 -1
0.1 109 110 -1
0.1 214 215 -1
0.1 199 216 -1
0.1 183 217 -1
0.1 158 218 -1
