1 0 0 1
1 0 0 1
1 0 0 2
1 0 0 3
1 0 0 3
1 0 0 3
1 0 0 3
1 0 0 3
1 0 0 4
1 0 0 4
1 0 0 4
1 0 0 4
1 0 0 4
1 0 0 2
1 0 0 1
1 0 0 1
1 0 0 1
1 0 0 2
1 0 0 2
1 0 0 2
1 0 0 5
1 0 0 5
1 0 0 5
1 0 0 5
1 0 0 5
1 0 0 6
1 0 0 6
1 0 0 6
1 0 0 6
1 0 0 7
1 0 0 7
1 0 0 7
1 0 0 7
1 0 0 7
1 0 0 8
1 0 0 8
1 0 0 8
1 0 0 8
1 0 0 8
1 0 0 6
1 0 0 9
1 0 0 9
1 0 0 9
1 0 0 9
1 0 0 9
1 0 0 10
1 0 0 10
1 0 0 10
1 0 0 10
1 0 0 10
0.1 1 2 -1
0.1 4 5 -1
0.1 7 8 -1
0.1 6 53 -1
0.1 10 11 -1
0.1 55 12 -1
0.1 56 13 -1
0.1 9 57 -1
0.1 54 58 -1
0.1 52 59 -1
0.1 3 60 -1
0.1 61 14 -1
0.1 51 62 -1
0.1 15 16 -1
0.1 64 17 -1
0.1 19 20 -1
0.1 18 66 -1
0.1 21 22 -1
0.1 24 25 -1
0.1 23 69 -1
0.1 68 70 -1
0.1 67 71 -1
0.1 65 72 -1
0.1 63 73 -1
0.1 27 28 -1
0.1 30 31 -1
0.1 32 33 -1
0.1 77 34 -1
0.1 76 78 -1
0.1 36 37 -1
0.1 35 80 -1
0.1 38 39 -1
0.1 81 82 -1
0.1 79 83 -1
0.1 84 40 -1
0.1 29 85 -1
0.1 75 86 -1
0.1 26 87 -1
0.1 43 44 -1
0.1 42 89 -1
0.1 41 90 -1
0.1 47 48 -1
0.1 49 50 -1
0.1 92 93 -1
0.1 46 94 -1
0.1 45 95 -1
0.1 91 96 -1
0.1 88 97 -1
0.1 74 98 -1
