1 0 0 1
1 0 0 1
1 0 0 1
1 0 0 2
1 0 0 3
1 0 0 3
1 0 0 4
1 0 0 1
1 0 0 1
1 0 0 1
1 0 0 4
1 0 0 5
1 0 0 5
1 0 0 6
1 0 0 6
1 0 0 6
1 0 0 7
1 0 0 8
1 0 0 2
1 0 0 6
1 0 0 9
1 0 0 9
1 0 0 9
1 0 0 9
1 0 0 9
1 0 0 9
1 0 0 9
1 0 0 9
1 0 0 9
1 0 0 9
1 0 0 6
1 0 0 6
1 0 0 10
1 0 0 9
1 0 0 10
1 0 0 6
1 0 0 6
1 0 0 6
1 0 0 10
1 0 0 10
1 0 0 10
1 0 0 10
1 0 0 10
1 0 0 2
1 0 0 8
1 0 0 8
1 0 0 8
1 0 0 8
1 0 0 8
1 0 0 8
1 0 0 7
1 0 0 11
1 0 0 11
1 0 0 6
1 0 0 11
1 0 0 2
1 0 0 7
1 0 0 7
1 0 0 11
1 0 0 8
1 0 0 11
1 0 0 11
1 0 0 6
1 0 0 2
1 0 0 11
1 0 0 10
1 0 0 8
1 0 0 8
1 0 0 8
1 0 0 8
1 0 0 8
1 0 0 6
1 0 0 6
1 0 0 6
1 0 0 6
1 0 0 6
1 0 0 4
1 0 0 2
1 0 0 4
1 0 0 3
1 0 0 2
1 0 0 5
1 0 0 1
1 0 0 10
1 0 0 7
1 0 0 1
1 0 0 10
1 0 0 5
1 0 0 10
1 0 0 5
1 0 0 6
1 0 0 5
1 0 0 5
1 0 0 1
1 0 0 5
1 0 0 10
1 0 0 5
1 0 0 5
1 0 0 1
1 0 0 6
1 0 0 12
1 0 0 12
1 0 0 1
1 0 0 6
1 0 0 13
1 0 0 13
1 0 0 14
1 0 0 13
1 0 0 13
1 0 0 14
1 0 0 13
1 0 0 14
1 0 0 13
1 0 0 13
1 0 0 13
1 0 0 10
1 0 0 10
1 0 0 13
1 0 0 13
1 0 0 14
1 0 0 14
1 0 0 12
1 0 0 12
1 0 0 15
1 0 0 15
1 0 0 6
1 0 0 15
1 0 0 15
1 0 0 6
1 0 0 15
1 0 0 15
1 0 0 15
1 0 0 6
1 0 0 12
1 0 0 1
1 0 0 7
1 0 0 1
1 0 0 12
1 0 0 12
1 0 0 10
1 0 0 12
1 0 0 12
1 0 0 1
1 0 0 12
1 0 0 12
1 0 0 12
1 0 0 1
1 0 0 3
1 0 0 3
1 0 0 2
1 0 0 1
1 0 0 3
1 0 0 1
1 0 0 1
1 0 0 3
1 0 0 4
1 0 0 6
1 0 0 6
1 0 0 6
1 0 0 6
1 0 0 6
1 0 0 6
1 0 0 6
0.1 2 3 -1
0.1 4 5 -1
0.1 8 9 -1
0.1 7 166 -1
0.1 10 11 -1
0.1 16 17 -1
0.1 169 18 -1
0.1 15 170 -1
0.1 14 171 -1
0.1 19 20 -1
0.1 173 21 -1
0.1 24 25 -1
0.1 23 175 -1
0.1 176 26 -1
0.1 177 27 -1
0.1 22 178 -1
0.1 174 179 -1
0.1 28 29 -1
0.1 181 30 -1
0.1 180 182 -1
0.1 31 32 -1
0.1 183 184 -1
0.1 33 34 -1
0.1 185 186 -1
0.1 172 187 -1
0.1 35 36 -1
0.1 188 189 -1
0.1 38 39 -1
0.1 191 40 -1
0.1 37 192 -1
0.1 190 193 -1
0.1 194 41 -1
0.1 42 43 -1
0.1 195 196 -1
0.1 44 45 -1
0.1 47 48 -1
0.1 199 49 -1
0.1 46 200 -1
0.1 201 50 -1
0.1 198 202 -1
0.1 203 51 -1
0.1 52 53 -1
0.1 54 55 -1
0.1 205 206 -1
0.1 204 207 -1
0.1 56 57 -1
0.1 58 59 -1
0.1 209 210 -1
0.1 61 62 -1
0.1 60 212 -1
0.1 211 213 -1
0.1 63 64 -1
0.1 214 215 -1
0.1 216 65 -1
0.1 208 217 -1
0.1 218 66 -1
0.1 197 219 -1
0.1 67 68 -1
0.1 221 69 -1
0.1 222 70 -1
0.1 223 71 -1
0.1 220 224 -1
0.1 13 225 -1
0.1 12 226 -1
0.1 73 74 -1
0.1 72 228 -1
0.1 75 76 -1
0.1 229 230 -1
0.1 227 231 -1
0.1 168 232 -1
0.1 167 233 -1
0.1 6 234 -1
0.1 235 77 -1
0.1 236 78 -1
0.1 165 237 -1
0.1 238 79 -1
0.1 164 239 -1
0.1 240 80 -1
0.1 1 241 -1
0.1 85 86 -1
0.1 87 88 -1
0.1 244 89 -1
0.1 245 90 -1
0.1 91 92 -1
0.1 247 93 -1
0.1 246 248 -1
0.1 95 96 -1
0.1 250 97 -1
0.1 94 251 -1
0.1 249 252 -1
0.1 253 98 -1
0.1 243 254 -1
0.1 255 99 -1
0.1 100 101 -1
0.1 256 257 -1
0.1 106 107 -1
0.1 108 109 -1
0.1 259 260 -1
0.1 105 261 -1
0.1 110 111 -1
0.1 263 112 -1
0.1 262 264 -1
0.1 114 115 -1
0.1 116 117 -1
0.1 266 267 -1
0.1 113 268 -1
0.1 118 119 -1
0.1 270 120 -1
0.1 269 271 -1
0.1 272 121 -1
0.1 265 273 -1
0.1 104 274 -1
0.1 275 122 -1
0.1 103 276 -1
0.1 277 123 -1
0.1 102 278 -1
0.1 124 125 -1
0.1 127 128 -1
0.1 281 129 -1
0.1 130 131 -1
0.1 282 283 -1
0.1 126 284 -1
0.1 280 285 -1
0.1 286 132 -1
0.1 287 133 -1
0.1 134 135 -1
0.1 289 136 -1
0.1 137 138 -1
0.1 290 291 -1
0.1 140 141 -1
0.1 139 293 -1
0.1 292 294 -1
0.1 142 143 -1
0.1 295 296 -1
0.1 288 297 -1
0.1 298 144 -1
0.1 279 299 -1
0.1 258 300 -1
0.1 84 301 -1
0.1 302 145 -1
0.1 303 146 -1
0.1 83 304 -1
0.1 82 305 -1
0.1 150 151 -1
0.1 152 153 -1
0.1 308 154 -1
0.1 307 309 -1
0.1 149 310 -1
0.1 148 311 -1
0.1 147 312 -1
0.1 313 155 -1
0.1 306 314 -1
0.1 315 156 -1
0.1 157 158 -1
0.1 160 161 -1
0.1 159 318 -1
0.1 317 319 -1
0.1 320 162 -1
0.1 321 163 -1
0.1 316 322 -1
0.1 81 323 -1
0.1 242 324 -1
