1 0 0 1
1 0 0 1
1 0 0 1
1 0 0 1
1 0 0 1
1 0 0 1
1 0 0 1
1 0 0 1
1 0 0 1
1 0 0 1
1 0 0 1
1 0 0 1
1 0 0 2
1 0 0 2
1 0 0 2
1 0 0 2
1 0 0 2
1 0 0 2
1 0 0 2
1 0 0 2
1 0 0 2
1 0 0 2
1 0 0 2
1 0 0 2
1 0 0 2
1 0 0 2
1 0 0 2
1 0 0 3
1 0 0 3
1 0 0 3
1 0 0 3
1 0 0 3
1 0 0 3
1 0 0 3
1 0 0 3
1 0 0 3
1 0 0 3
1 0 0 3
1 0 0 3
1 0 0 3
1 0 0 3
1 0 0 3
1 0 0 3
1 0 0 3
1 0 0 3
1 0 0 3
1 0 0 3
1 0 0 4
1 0 0 4
1 0 0 5
1 0 0 5
1 0 0 5
1 0 0 5
1 0 0 5
1 0 0 5
1 0 0 5
1 0 0 5
1 0 0 4
1 0 0 4
1 0 0 4
1 0 0 4
1 0 0 4
1 0 0 6
1 0 0 6
1 0 0 6
1 0 0 6
1 0 0 6
1 0 0 6
1 0 0 6
1 0 0 6
1 0 0 6
1 0 0 6
1 0 0 6
1 0 0 6
1 0 0 6
1 0 0 6
1 0 0 6
1 0 0 6
1 0 0 6
1 0 0 6
1 0 0 6
1 0 0 6
1 0 0 4
1 0 0 4
1 0 0 4
1 0 0 4
1 0 0 4
1 0 0 4
1 0 0 4
1 0 0 4
1 0 0 4
1 0 0 4
1 0 0 4
1 0 0 4
1 0 0 4
1 0 0 7
1 0 0 7
1 0 0 7
1 0 0 7
1 0 0 8
1 0 0 7
1 0 0 7
1 0 0 7
1 0 0 7
1 0 0 1
1 0 0 1
1 0 0 1
1 0 0 7
1 0 0 7
1 0 0 1
1 0 0 1
1 0 0 1
1 0 0 7
1 0 0 7
1 0 0 7
1 0 0 7
1 0 0 7
1 0 0 7
1 0 0 7
1 0 0 7
1 0 0 7
1 0 0 7
1 0 0 5
1 0 0 5
1 0 0 5
1 0 0 5
1 0 0 5
1 0 0 5
1 0 0 5
1 0 0 5
1 0 0 5
1 0 0 5
1 0 0 5
1 0 0 5
1 0 0 8
1 0 0 8
1 0 0 8
1 0 0 8
1 0 0 8
1 0 0 1
1 0 0 1
1 0 0 8
1 0 0 8
1 0 0 8
1 0 0 8
1 0 0 9
1 0 0 9
1 0 0 9
1 0 0 9
1 0 0 9
1 0 0 9
1 0 0 9
1 0 0 9
1 0 0 9
1 0 0 9
1 0 0 9
1 0 0 9
1 0 0 9
1 0 0 9
1 0 0 9
1 0 0 9
1 0 0 9
1 0 0 9
1 0 0 10
1 0 0 10
1 0 0 10
1 0 0 10
1 0 0 10
1 0 0 10
1 0 0 10
1 0 0 10
1 0 0 10
1 0 0 10
1 0 0 10
1 0 0 10
1 0 0 10
1 0 0 10
1 0 0 10
1 0 0 10
1 0 0 10
1 0 0 10
1 0 0 10
1 0 0 9
1 0 0 9
1 0 0 10
1 0 0 2
1 0 0 2
1 0 0 2
1 0 0 2
1 0 0 2
1 0 0 8
1 0 0 8
1 0 0 8
1 0 0 8
1 0 0 8
1 0 0 8
1 0 0 8
1 0 0 8
1 0 0 8
1 0 0 8
0.1 4 5 -1
0.1 3 201 -1
0.1 2 202 -1
0.1 1 203 -1
0.1 7 8 -1
0.1 6 205 -1
0.1 9 10 -1
0.1 11 12 -1
0.1 207 208 -1
0.1 206 209 -1
0.1 204 210 -1
0.1 13 14 -1
0.1 212 15 -1
0.1 16 17 -1
0.1 18 19 -1
0.1 214 215 -1
0.1 213 216 -1
0.1 211 217 -1
0.1 22 23 -1
0.1 219 24 -1
0.1 21 220 -1
0.1 26 27 -1
0.1 25 222 -1
0.1 221 223 -1
0.1 20 224 -1
0.1 29 30 -1
0.1 28 226 -1
0.1 31 32 -1
0.1 34 35 -1
0.1 33 229 -1
0.1 228 230 -1
0.1 37 38 -1
0.1 232 39 -1
0.1 36 233 -1
0.1 231 234 -1
0.1 227 235 -1
0.1 40 41 -1
0.1 43 44 -1
0.1 42 238 -1
0.1 239 45 -1
0.1 237 240 -1
0.1 46 47 -1
0.1 241 242 -1
0.1 236 243 -1
0.1 225 244 -1
0.1 218 245 -1
0.1 48 49 -1
0.1 52 53 -1
0.1 54 55 -1
0.1 248 249 -1
0.1 51 250 -1
0.1 56 57 -1
0.1 251 252 -1
0.1 50 253 -1
0.1 59 60 -1
0.1 58 255 -1
0.1 61 62 -1
0.1 256 257 -1
0.1 254 258 -1
0.1 247 259 -1
0.1 63 64 -1
0.1 66 67 -1
0.1 65 262 -1
0.1 261 263 -1
0.1 264 68 -1
0.1 70 71 -1
0.1 69 266 -1
0.1 72 73 -1
0.1 74 75 -1
0.1 269 76 -1
0.1 77 78 -1
0.1 270 271 -1
0.1 268 272 -1
0.1 80 81 -1
0.1 274 82 -1
0.1 79 275 -1
0.1 273 276 -1
0.1 267 277 -1
0.1 265 278 -1
0.1 84 85 -1
0.1 83 280 -1
0.1 86 87 -1
0.1 88 89 -1
0.1 90 91 -1
0.1 283 284 -1
0.1 285 92 -1
0.1 286 93 -1
0.1 94 95 -1
0.1 287 288 -1
0.1 282 289 -1
0.1 281 290 -1
0.1 279 291 -1
0.1 260 292 -1
0.1 246 293 -1
0.1 97 98 -1
0.1 99 100 -1
0.1 103 104 -1
0.1 106 107 -1
0.1 105 298 -1
0.1 299 108 -1
0.1 110 111 -1
0.1 301 112 -1
0.1 302 113 -1
0.1 109 303 -1
0.1 300 304 -1
0.1 114 115 -1
0.1 116 117 -1
0.1 306 307 -1
0.1 308 118 -1
0.1 305 309 -1
0.1 297 310 -1
0.1 102 311 -1
0.1 101 312 -1
0.1 296 313 -1
0.1 295 314 -1
0.1 315 119 -1
0.1 96 316 -1
0.1 121 122 -1
0.1 120 318 -1
0.1 317 319 -1
0.1 123 124 -1
0.1 126 127 -1
0.1 322 128 -1
0.1 125 323 -1
0.1 321 324 -1
0.1 130 131 -1
0.1 129 326 -1
0.1 133 134 -1
0.1 132 328 -1
0.1 327 329 -1
0.1 325 330 -1
0.1 331 135 -1
0.1 332 136 -1
0.1 137 138 -1
0.1 333 334 -1
0.1 320 335 -1
0.1 140 141 -1
0.1 337 142 -1
0.1 139 338 -1
0.1 336 339 -1
0.1 144 145 -1
0.1 143 341 -1
0.1 146 147 -1
0.1 151 152 -1
0.1 150 344 -1
0.1 149 345 -1
0.1 153 154 -1
0.1 346 347 -1
0.1 148 348 -1
0.1 343 349 -1
0.1 157 158 -1
0.1 351 159 -1
0.1 156 352 -1
0.1 353 160 -1
0.1 354 161 -1
0.1 162 163 -1
0.1 355 356 -1
0.1 155 357 -1
0.1 350 358 -1
0.1 359 164 -1
0.1 165 166 -1
0.1 169 170 -1
0.1 362 171 -1
0.1 168 363 -1
0.1 172 173 -1
0.1 364 365 -1
0.1 167 366 -1
0.1 361 367 -1
0.1 368 174 -1
0.1 175 176 -1
0.1 177 178 -1
0.1 370 371 -1
0.1 372 179 -1
0.1 373 180 -1
0.1 369 374 -1
0.1 360 375 -1
0.1 376 181 -1
0.1 183 184 -1
0.1 378 185 -1
0.1 182 379 -1
0.1 377 380 -1
0.1 342 381 -1
0.1 187 188 -1
0.1 189 190 -1
0.1 383 384 -1
0.1 186 385 -1
0.1 194 195 -1
0.1 193 387 -1
0.1 192 388 -1
0.1 191 389 -1
0.1 386 390 -1
0.1 382 391 -1
0.1 340 392 -1
0.1 393 196 -1
0.1 197 198 -1
0.1 394 395 -1
0.1 199 200 -1
0.1 396 397 -1
0.1 294 398 -1
