1 0 0 1
1 0 0 1
1 0 0 1
1 0 0 1
1 0 0 1
1 0 0 1
1 0 0 1
1 0 0 1
1 0 0 1
1 0 0 1
1 0 0 2
1 0 0 2
1 0 0 2
1 0 0 2
1 0 0 2
1 0 0 2
1 0 0 2
1 0 0 2
1 0 0 2
1 0 0 2
1 0 0 3
1 0 0 3
1 0 0 3
1 0 0 3
1 0 0 3
1 0 0 3
1 0 0 4
1 0 0 4
1 0 0 5
1 0 0 5
1 0 0 5
1 0 0 5
1 0 0 5
1 0 0 5
1 0 0 5
1 0 0 5
1 0 0 5
1 0 0 5
1 0 0 6
1 0 0 6
1 0 0 6
1 0 0 6
1 0 0 6
1 0 0 6
1 0 0 6
1 0 0 6
1 0 0 6
1 0 0 6
1 0 0 7
1 0 0 7
1 0 0 7
1 0 0 7
1 0 0 7
1 0 0 7
1 0 0 7
1 0 0 7
1 0 0 7
1 0 0 7
1 0 0 4
1 0 0 4
1 0 0 4
1 0 0 8
1 0 0 8
1 0 0 8
1 0 0 8
1 0 0 8
1 0 0 8
1 0 0 8
1 0 0 8
1 0 0 9
1 0 0 9
1 0 0 9
1 0 0 9
1 0 0 9
1 0 0 9
1 0 0 9
1 0 0 9
1 0 0 9
1 0 0 9
1 0 0 10
1 0 0 10
1 0 0 10
1 0 0 10
1 0 0 10
1 0 0 10
1 0 0 10
1 0 0 10
1 0 0 10
1 0 0 11
1 0 0 11
1 0 0 11
1 0 0 11
1 0 0 11
1 0 0 11
1 0 0 11
1 0 0 11
1 0 0 11
1 0 0 11
1 0 0 10
1 0 0 12
1 0 0 12
1 0 0 12
1 0 0 12
1 0 0 12
1 0 0 12
1 0 0 12
1 0 0 12
1 0 0 12
1 0 0 12
1 0 0 8
1 0 0 8
1 0 0 3
1 0 0 3
1 0 0 3
1 0 0 3
1 0 0 13
1 0 0 13
1 0 0 13
1 0 0 13
1 0 0 13
1 0 0 13
1 0 0 13
1 0 0 13
1 0 0 13
1 0 0 13
1 0 0 4
1 0 0 14
1 0 0 14
1 0 0 14
1 0 0 14
1 0 0 14
1 0 0 14
1 0 0 14
1 0 0 14
1 0 0 14
1 0 0 14
1 0 0 15
1 0 0 16
1 0 0 16
1 0 0 16
1 0 0 16
1 0 0 16
1 0 0 16
1 0 0 16
1 0 0 15
1 0 0 15
1 0 0 16
1 0 0 16
1 0 0 16
1 0 0 15
1 0 0 15
1 0 0 15
1 0 0 15
1 0 0 15
1 0 0 15
1 0 0 15
1 0 0 17
1 0 0 17
1 0 0 17
1 0 0 17
1 0 0 17
1 0 0 17
1 0 0 17
1 0 0 17
1 0 0 17
1 0 0 18
1 0 0 18
1 0 0 18
1 0 0 18
1 0 0 18
1 0 0 18
1 0 0 18
1 0 0 18
1 0 0 18
1 0 0 18
1 0 0 17
1 0 0 4
1 0 0 4
1 0 0 19
1 0 0 19
1 0 0 19
1 0 0 19
1 0 0 19
1 0 0 19
1 0 0 19
1 0 0 19
1 0 0 19
1 0 0 19
1 0 0 4
1 0 0 4
1 0 0 20
1 0 0 20
1 0 0 20
1 0 0 20
1 0 0 20
1 0 0 20
1 0 0 20
1 0 0 20
1 0 0 20
1 0 0 20
0.1 3 4 -1
0.1 2 201 -1
0.1 5 6 -1
0.1 7 8 -1
0.1 203 204 -1
0.1 205 9 -1
0.1 202 206 -1
0.1 207 10 -1
0.1 1 208 -1
0.1 12 13 -1
0.1 11 210 -1
0.1 211 14 -1
0.1 209 212 -1
0.1 15 16 -1
0.1 213 214 -1
0.1 19 20 -1
0.1 18 216 -1
0.1 17 217 -1
0.1 215 218 -1
0.1 21 22 -1
0.1 25 26 -1
0.1 24 221 -1
0.1 23 222 -1
0.1 220 223 -1
0.1 27 28 -1
0.1 29 30 -1
0.1 31 32 -1
0.1 33 34 -1
0.1 36 37 -1
0.1 229 38 -1
0.1 35 230 -1
0.1 228 231 -1
0.1 227 232 -1
0.1 226 233 -1
0.1 40 41 -1
0.1 39 235 -1
0.1 42 43 -1
0.1 44 45 -1
0.1 237 238 -1
0.1 236 239 -1
0.1 234 240 -1
0.1 50 51 -1
0.1 49 242 -1
0.1 54 55 -1
0.1 53 244 -1
0.1 52 245 -1
0.1 57 58 -1
0.1 56 247 -1
0.1 246 248 -1
0.1 243 249 -1
0.1 48 250 -1
0.1 47 251 -1
0.1 46 252 -1
0.1 241 253 -1
0.1 225 254 -1
0.1 60 61 -1
0.1 59 256 -1
0.1 255 257 -1
0.1 224 258 -1
0.1 65 66 -1
0.1 64 260 -1
0.1 63 261 -1
0.1 62 262 -1
0.1 263 67 -1
0.1 68 69 -1
0.1 264 265 -1
0.1 72 73 -1
0.1 267 74 -1
0.1 71 268 -1
0.1 76 77 -1
0.1 75 270 -1
0.1 269 271 -1
0.1 78 79 -1
0.1 272 273 -1
0.1 70 274 -1
0.1 266 275 -1
0.1 80 81 -1
0.1 82 83 -1
0.1 277 278 -1
0.1 85 86 -1
0.1 280 87 -1
0.1 89 90 -1
0.1 91 92 -1
0.1 282 283 -1
0.1 93 94 -1
0.1 284 285 -1
0.1 95 96 -1
0.1 286 287 -1
0.1 97 98 -1
0.1 288 289 -1
0.1 290 99 -1
0.1 88 291 -1
0.1 281 292 -1
0.1 84 293 -1
0.1 279 294 -1
0.1 100 101 -1
0.1 104 105 -1
0.1 103 297 -1
0.1 102 298 -1
0.1 296 299 -1
0.1 295 300 -1
0.1 107 108 -1
0.1 302 109 -1
0.1 106 303 -1
0.1 301 304 -1
0.1 110 111 -1
0.1 305 306 -1
0.1 276 307 -1
0.1 112 113 -1
0.1 309 114 -1
0.1 310 115 -1
0.1 308 311 -1
0.1 259 312 -1
0.1 117 118 -1
0.1 116 314 -1
0.1 119 120 -1
0.1 122 123 -1
0.1 121 317 -1
0.1 316 318 -1
0.1 124 125 -1
0.1 319 320 -1
0.1 315 321 -1
0.1 128 129 -1
0.1 130 131 -1
0.1 323 324 -1
0.1 325 132 -1
0.1 326 133 -1
0.1 134 135 -1
0.1 328 136 -1
0.1 327 329 -1
0.1 140 141 -1
0.1 139 331 -1
0.1 138 332 -1
0.1 143 144 -1
0.1 142 334 -1
0.1 333 335 -1
0.1 336 145 -1
0.1 337 146 -1
0.1 137 338 -1
0.1 148 149 -1
0.1 147 340 -1
0.1 339 341 -1
0.1 151 152 -1
0.1 150 343 -1
0.1 344 153 -1
0.1 155 156 -1
0.1 154 346 -1
0.1 345 347 -1
0.1 342 348 -1
0.1 330 349 -1
0.1 127 350 -1
0.1 126 351 -1
0.1 157 158 -1
0.1 159 160 -1
0.1 161 162 -1
0.1 355 163 -1
0.1 164 165 -1
0.1 356 357 -1
0.1 354 358 -1
0.1 353 359 -1
0.1 169 170 -1
0.1 168 361 -1
0.1 171 172 -1
0.1 363 173 -1
0.1 364 174 -1
0.1 365 175 -1
0.1 362 366 -1
0.1 167 367 -1
0.1 166 368 -1
0.1 369 176 -1
0.1 360 370 -1
0.1 177 178 -1
0.1 183 184 -1
0.1 186 187 -1
0.1 185 374 -1
0.1 375 188 -1
0.1 373 376 -1
0.1 182 377 -1
0.1 181 378 -1
0.1 180 379 -1
0.1 179 380 -1
0.1 372 381 -1
0.1 371 382 -1
0.1 383 189 -1
0.1 384 190 -1
0.1 352 385 -1
0.1 191 192 -1
0.1 387 193 -1
0.1 194 195 -1
0.1 197 198 -1
0.1 196 390 -1
0.1 391 199 -1
0.1 389 392 -1
0.1 393 200 -1
0.1 388 394 -1
0.1 386 395 -1
0.1 322 396 -1
0.1 313 397 -1
0.1 219 398 -1
