1 0 0 1
1 0 0 1
1 0 0 1
1 0 0 1
1 0 0 1
1 0 0 1
1 0 0 2
1 0 0 2
1 0 0 2
1 0 0 2
1 0 0 2
1 0 0 2
1 0 0 2
1 0 0 2
1 0 0 2
1 0 0 2
1 0 0 1
1 0 0 1
1 0 0 1
1 0 0 1
1 0 0 3
1 0 0 3
1 0 0 3
1 0 0 3
1 0 0 3
1 0 0 4
1 0 0 5
1 0 0 6
1 0 0 6
1 0 0 6
1 0 0 6
1 0 0 6
1 0 0 6
1 0 0 6
1 0 0 6
1 0 0 6
1 0 0 6
1 0 0 5
1 0 0 5
1 0 0 5
1 0 0 5
1 0 0 5
1 0 0 5
1 0 0 5
1 0 0 5
1 0 0 5
1 0 0 4
1 0 0 4
1 0 0 4
1 0 0 4
1 0 0 4
1 0 0 4
1 0 0 4
1 0 0 4
1 0 0 4
1 0 0 7
1 0 0 7
1 0 0 7
1 0 0 7
1 0 0 7
1 0 0 8
1 0 0 8
1 0 0 8
1 0 0 8
1 0 0 8
1 0 0 8
1 0 0 8
1 0 0 8
1 0 0 8
1 0 0 8
1 0 0 7
1 0 0 7
1 0 0 7
1 0 0 7
1 0 0 7
1 0 0 9
1 0 0 9
1 0 0 9
1 0 0 9
1 0 0 9
1 0 0 9
1 0 0 9
1 0 0 9
1 0 0 10
1 0 0 10
1 0 0 10
1 0 0 10
1 0 0 10
1 0 0 10
1 0 0 10
1 0 0 10
1 0 0 10
1 0 0 10
1 0 0 9
1 0 0 9
1 0 0 11
1 0 0 11
1 0 0 11
1 0 0 11
1 0 0 11
1 0 0 11
1 0 0 11
1 0 0 11
1 0 0 11
1 0 0 11
1 0 0 12
1 0 0 12
1 0 0 12
1 0 0 12
1 0 0 12
1 0 0 12
1 0 0 12
1 0 0 12
1 0 0 12
1 0 0 12
1 0 0 13
1 0 0 13
1 0 0 13
1 0 0 13
1 0 0 13
1 0 0 13
1 0 0 13
1 0 0 13
1 0 0 13
1 0 0 13
1 0 0 14
1 0 0 14
1 0 0 14
1 0 0 14
1 0 0 14
1 0 0 14
1 0 0 14
1 0 0 14
1 0 0 14
1 0 0 14
1 0 0 3
1 0 0 15
1 0 0 15
1 0 0 15
1 0 0 15
1 0 0 15
1 0 0 15
1 0 0 15
1 0 0 15
1 0 0 15
1 0 0 16
1 0 0 16
1 0 0 16
1 0 0 16
1 0 0 16
1 0 0 16
1 0 0 16
1 0 0 16
1 0 0 16
1 0 0 16
1 0 0 15
1 0 0 3
1 0 0 17
1 0 0 17
1 0 0 17
1 0 0 17
1 0 0 17
1 0 0 17
1 0 0 17
1 0 0 17
1 0 0 17
1 0 0 17
1 0 0 3
1 0 0 3
1 0 0 3
1 0 0 18
1 0 0 18
1 0 0 18
1 0 0 18
1 0 0 18
1 0 0 18
1 0 0 18
1 0 0 18
1 0 0 18
1 0 0 18
1 0 0 19
1 0 0 19
1 0 0 19
1 0 0 19
1 0 0 19
1 0 0 19
1 0 0 20
1 0 0 20
1 0 0 20
1 0 0 20
1 0 0 20
1 0 0 20
1 0 0 20
1 0 0 20
1 0 0 20
1 0 0 20
1 0 0 19
1 0 0 19
1 0 0 19
1 0 0 19
0.1 1 2 -1
0.1 201 3 -1
0.1 4 5 -1
0.1 202 203 -1
0.1 204 6 -1
0.1 9 10 -1
0.1 8 206 -1
0.1 11 12 -1
0.1 13 14 -1
0.1 208 209 -1
0.1 210 15 -1
0.1 207 211 -1
0.1 7 212 -1
0.1 213 16 -1
0.1 205 214 -1
0.1 19 20 -1
0.1 18 216 -1
0.1 17 217 -1
0.1 215 218 -1
0.1 22 23 -1
0.1 21 220 -1
0.1 24 25 -1
0.1 30 31 -1
0.1 223 32 -1
0.1 33 34 -1
0.1 225 35 -1
0.1 224 226 -1
0.1 227 36 -1
0.1 29 228 -1
0.1 229 37 -1
0.1 28 230 -1
0.1 38 39 -1
0.1 231 232 -1
0.1 27 233 -1
0.1 40 41 -1
0.1 42 43 -1
0.1 235 236 -1
0.1 45 46 -1
0.1 44 238 -1
0.1 237 239 -1
0.1 234 240 -1
0.1 47 48 -1
0.1 241 242 -1
0.1 49 50 -1
0.1 51 52 -1
0.1 244 245 -1
0.1 243 246 -1
0.1 53 54 -1
0.1 247 248 -1
0.1 249 55 -1
0.1 26 250 -1
0.1 222 251 -1
0.1 221 252 -1
0.1 59 60 -1
0.1 58 254 -1
0.1 57 255 -1
0.1 56 256 -1
0.1 61 62 -1
0.1 64 65 -1
0.1 63 259 -1
0.1 66 67 -1
0.1 261 68 -1
0.1 262 69 -1
0.1 260 263 -1
0.1 258 264 -1
0.1 265 70 -1
0.1 257 266 -1
0.1 72 73 -1
0.1 71 268 -1
0.1 267 269 -1
0.1 74 75 -1
0.1 76 77 -1
0.1 78 79 -1
0.1 272 273 -1
0.1 81 82 -1
0.1 80 275 -1
0.1 86 87 -1
0.1 89 90 -1
0.1 88 278 -1
0.1 279 91 -1
0.1 277 280 -1
0.1 85 281 -1
0.1 92 93 -1
0.1 282 283 -1
0.1 84 284 -1
0.1 83 285 -1
0.1 286 94 -1
0.1 276 287 -1
0.1 288 95 -1
0.1 274 289 -1
0.1 98 99 -1
0.1 97 291 -1
0.1 96 292 -1
0.1 100 101 -1
0.1 293 294 -1
0.1 290 295 -1
0.1 104 105 -1
0.1 103 297 -1
0.1 102 298 -1
0.1 296 299 -1
0.1 271 300 -1
0.1 270 301 -1
0.1 107 108 -1
0.1 303 109 -1
0.1 106 304 -1
0.1 302 305 -1
0.1 110 111 -1
0.1 307 112 -1
0.1 113 114 -1
0.1 308 309 -1
0.1 310 115 -1
0.1 306 311 -1
0.1 253 312 -1
0.1 119 120 -1
0.1 118 314 -1
0.1 315 121 -1
0.1 123 124 -1
0.1 317 125 -1
0.1 122 318 -1
0.1 316 319 -1
0.1 117 320 -1
0.1 116 321 -1
0.1 127 128 -1
0.1 126 323 -1
0.1 130 131 -1
0.1 132 133 -1
0.1 325 326 -1
0.1 134 135 -1
0.1 327 328 -1
0.1 129 329 -1
0.1 324 330 -1
0.1 137 138 -1
0.1 140 141 -1
0.1 142 143 -1
0.1 144 145 -1
0.1 334 335 -1
0.1 333 336 -1
0.1 139 337 -1
0.1 148 149 -1
0.1 147 339 -1
0.1 152 153 -1
0.1 151 341 -1
0.1 150 342 -1
0.1 343 154 -1
0.1 340 344 -1
0.1 345 155 -1
0.1 146 346 -1
0.1 347 156 -1
0.1 338 348 -1
0.1 332 349 -1
0.1 350 157 -1
0.1 161 162 -1
0.1 352 163 -1
0.1 165 166 -1
0.1 164 354 -1
0.1 353 355 -1
0.1 160 356 -1
0.1 159 357 -1
0.1 358 167 -1
0.1 158 359 -1
0.1 168 169 -1
0.1 360 361 -1
0.1 351 362 -1
0.1 136 363 -1
0.1 173 174 -1
0.1 172 365 -1
0.1 175 176 -1
0.1 177 178 -1
0.1 179 180 -1
0.1 368 369 -1
0.1 367 370 -1
0.1 366 371 -1
0.1 182 183 -1
0.1 181 373 -1
0.1 185 186 -1
0.1 188 189 -1
0.1 187 376 -1
0.1 191 192 -1
0.1 378 193 -1
0.1 190 379 -1
0.1 377 380 -1
0.1 194 195 -1
0.1 382 196 -1
0.1 381 383 -1
0.1 375 384 -1
0.1 184 385 -1
0.1 199 200 -1
0.1 198 387 -1
0.1 197 388 -1
0.1 386 389 -1
0.1 374 390 -1
0.1 372 391 -1
0.1 171 392 -1
0.1 170 393 -1
0.1 364 394 -1
0.1 331 395 -1
0.1 322 396 -1
0.1 313 397 -1
0.1 219 398 -1
