1 0 0 1
1 0 0 2
1 0 0 1
1 0 0 1
1 0 0 2
1 0 0 2
1 0 0 2
1 0 0 2
1 0 0 2
1 0 0 2
1 0 0 2
1 0 0 2
1 0 0 2
1 0 0 1
1 0 0 1
1 0 0 1
1 0 0 1
1 0 0 1
1 0 0 3
1 0 0 3
1 0 0 3
1 0 0 3
1 0 0 3
1 0 0 3
1 0 0 3
1 0 0 3
1 0 0 3
1 0 0 3
1 0 0 4
1 0 0 4
1 0 0 5
1 0 0 5
1 0 0 5
1 0 0 5
1 0 0 5
1 0 0 5
1 0 0 5
1 0 0 5
1 0 0 5
1 0 0 5
1 0 0 4
1 0 0 4
1 0 0 4
1 0 0 4
1 0 0 4
1 0 0 4
1 0 0 4
1 0 0 4
1 0 0 1
1 0 0 1
1 0 0 6
1 0 0 6
1 0 0 6
1 0 0 6
1 0 0 6
1 0 0 6
1 0 0 6
1 0 0 6
1 0 0 6
1 0 0 6
1 0 0 7
1 0 0 7
1 0 0 7
1 0 0 7
1 0 0 7
1 0 0 7
1 0 0 7
1 0 0 7
1 0 0 7
1 0 0 7
0.1 1 2 -1
0.1 3 4 -1
0.1 9 10 -1
0.1 8 73 -1
0.1 7 74 -1
0.1 6 75 -1
0.1 12 13 -1
0.1 11 77 -1
0.1 76 78 -1
0.1 5 79 -1
0.1 72 80 -1
0.1 71 81 -1
0.1 14 15 -1
0.1 17 18 -1
0.1 16 84 -1
0.1 83 85 -1
0.1 82 86 -1
0.1 22 23 -1
0.1 21 88 -1
0.1 20 89 -1
0.1 90 24 -1
0.1 25 26 -1
0.1 92 27 -1
0.1 93 28 -1
0.1 91 94 -1
0.1 19 95 -1
0.1 29 30 -1
0.1 32 33 -1
0.1 98 34 -1
0.1 35 36 -1
0.1 99 100 -1
0.1 37 38 -1
0.1 39 40 -1
0.1 102 103 -1
0.1 101 104 -1
0.1 31 105 -1
0.1 41 42 -1
0.1 43 44 -1
0.1 45 46 -1
0.1 108 109 -1
0.1 47 48 -1
0.1 110 111 -1
0.1 107 112 -1
0.1 106 113 -1
0.1 97 114 -1
0.1 49 50 -1
0.1 51 52 -1
0.1 54 55 -1
0.1 53 118 -1
0.1 57 58 -1
0.1 59 60 -1
0.1 120 121 -1
0.1 56 122 -1
0.1 119 123 -1
0.1 117 124 -1
0.1 62 63 -1
0.1 61 126 -1
0.1 64 65 -1
0.1 128 66 -1
0.1 67 68 -1
0.1 129 130 -1
0.1 127 131 -1
0.1 69 70 -1
0.1 132 133 -1
0.1 125 134 -1
0.1 116 135 -1
0.1 115 136 -1
0.1 96 137 -1
0.1 87 138 -1
