1 0 0 1
1 0 0 1
1 0 0 1
1 0 0 1
1 0 0 1
1 0 0 1
1 0 0 2
1 0 0 2
1 0 0 2
1 0 0 2
1 0 0 2
1 0 0 2
1 0 0 2
1 0 0 2
1 0 0 2
1 0 0 2
1 0 0 1
1 0 0 1
1 0 0 3
1 0 0 3
1 0 0 3
1 0 0 3
1 0 0 3
1 0 0 3
1 0 0 3
1 0 0 3
1 0 0 3
1 0 0 3
1 0 0 4
1 0 0 4
1 0 0 4
1 0 0 4
1 0 0 4
1 0 0 4
1 0 0 4
1 0 0 4
1 0 0 4
1 0 0 4
1 0 0 1
1 0 0 1
1 0 0 5
1 0 0 5
1 0 0 5
1 0 0 5
1 0 0 5
1 0 0 5
1 0 0 5
1 0 0 5
1 0 0 5
1 0 0 5
1 0 0 6
1 0 0 6
1 0 0 6
1 0 0 6
1 0 0 6
1 0 0 6
1 0 0 6
1 0 0 6
1 0 0 6
1 0 0 6
1 0 0 7
1 0 0 7
1 0 0 7
1 0 0 7
1 0 0 7
1 0 0 7
1 0 0 7
1 0 0 7
1 0 0 7
1 0 0 7
0.1 1 2 -1
0.1 3 4 -1
0.1 71 72 -1
0.1 5 6 -1
0.1 73 74 -1
0.1 8 9 -1
0.1 10 11 -1
0.1 76 77 -1
0.1 14 15 -1
0.1 13 79 -1
0.1 80 16 -1
0.1 12 81 -1
0.1 78 82 -1
0.1 7 83 -1
0.1 17 18 -1
0.1 84 85 -1
0.1 75 86 -1
0.1 19 20 -1
0.1 21 22 -1
0.1 25 26 -1
0.1 24 90 -1
0.1 23 91 -1
0.1 27 28 -1
0.1 92 93 -1
0.1 89 94 -1
0.1 29 30 -1
0.1 32 33 -1
0.1 34 35 -1
0.1 97 98 -1
0.1 31 99 -1
0.1 37 38 -1
0.1 36 101 -1
0.1 100 102 -1
0.1 96 103 -1
0.1 95 104 -1
0.1 88 105 -1
0.1 39 40 -1
0.1 41 42 -1
0.1 43 44 -1
0.1 46 47 -1
0.1 45 110 -1
0.1 48 49 -1
0.1 111 112 -1
0.1 113 50 -1
0.1 109 114 -1
0.1 108 115 -1
0.1 51 52 -1
0.1 53 54 -1
0.1 118 55 -1
0.1 117 119 -1
0.1 57 58 -1
0.1 56 121 -1
0.1 59 60 -1
0.1 122 123 -1
0.1 120 124 -1
0.1 116 125 -1
0.1 107 126 -1
0.1 106 127 -1
0.1 62 63 -1
0.1 129 64 -1
0.1 65 66 -1
0.1 130 131 -1
0.1 69 70 -1
0.1 68 133 -1
0.1 67 134 -1
0.1 132 135 -1
0.1 61 136 -1
0.1 128 137 -1
0.1 87 138 -1
