1 0 0 1
1 0 0 1
1 0 0 1
1 0 0 1
1 0 0 1
1 0 0 1
1 0 0 1
1 0 0 1
1 0 0 1
1 0 0 1
1 0 0 2
1 0 0 2
1 0 0 2
1 0 0 2
1 0 0 2
1 0 0 2
1 0 0 2
1 0 0 2
1 0 0 3
1 0 0 3
1 0 0 3
1 0 0 3
1 0 0 3
1 0 0 3
1 0 0 3
1 0 0 3
1 0 0 3
1 0 0 3
1 0 0 2
1 0 0 2
1 0 0 4
1 0 0 4
1 0 0 4
1 0 0 4
1 0 0 4
1 0 0 5
1 0 0 5
1 0 0 5
1 0 0 5
1 0 0 5
1 0 0 5
1 0 0 5
1 0 0 5
1 0 0 5
1 0 0 5
1 0 0 6
1 0 0 6
1 0 0 6
1 0 0 6
1 0 0 6
1 0 0 6
1 0 0 6
1 0 0 6
1 0 0 7
1 0 0 7
1 0 0 7
1 0 0 7
1 0 0 7
1 0 0 7
1 0 0 7
1 0 0 7
1 0 0 7
1 0 0 7
1 0 0 6
1 0 0 6
1 0 0 8
1 0 0 8
1 0 0 8
1 0 0 8
1 0 0 8
1 0 0 8
1 0 0 8
1 0 0 8
1 0 0 8
1 0 0 8
1 0 0 9
1 0 0 9
1 0 0 9
1 0 0 9
1 0 0 9
1 0 0 9
1 0 0 9
1 0 0 9
1 0 0 9
1 0 0 9
1 0 0 4
1 0 0 4
1 0 0 4
1 0 0 4
1 0 0 4
0.1 1 2 -1
0.1 7 8 -1
0.1 6 92 -1
0.1 5 93 -1
0.1 4 94 -1
0.1 3 95 -1
0.1 91 96 -1
0.1 9 10 -1
0.1 97 98 -1
0.1 12 13 -1
0.1 11 100 -1
0.1 15 16 -1
0.1 14 102 -1
0.1 103 17 -1
0.1 104 18 -1
0.1 20 21 -1
0.1 22 23 -1
0.1 106 107 -1
0.1 19 108 -1
0.1 25 26 -1
0.1 24 110 -1
0.1 27 28 -1
0.1 111 112 -1
0.1 109 113 -1
0.1 105 114 -1
0.1 115 29 -1
0.1 116 30 -1
0.1 101 117 -1
0.1 99 118 -1
0.1 33 34 -1
0.1 32 120 -1
0.1 121 35 -1
0.1 36 37 -1
0.1 38 39 -1
0.1 40 41 -1
0.1 124 125 -1
0.1 126 42 -1
0.1 43 44 -1
0.1 128 45 -1
0.1 127 129 -1
0.1 123 130 -1
0.1 47 48 -1
0.1 132 49 -1
0.1 46 133 -1
0.1 131 134 -1
0.1 57 58 -1
0.1 56 136 -1
0.1 55 137 -1
0.1 59 60 -1
0.1 138 139 -1
0.1 54 140 -1
0.1 61 62 -1
0.1 141 142 -1
0.1 143 63 -1
0.1 53 144 -1
0.1 145 64 -1
0.1 52 146 -1
0.1 51 147 -1
0.1 148 65 -1
0.1 50 149 -1
0.1 135 150 -1
0.1 66 67 -1
0.1 68 69 -1
0.1 153 70 -1
0.1 71 72 -1
0.1 73 74 -1
0.1 155 156 -1
0.1 154 157 -1
0.1 152 158 -1
0.1 159 75 -1
0.1 151 160 -1
0.1 77 78 -1
0.1 82 83 -1
0.1 81 163 -1
0.1 164 84 -1
0.1 165 85 -1
0.1 80 166 -1
0.1 79 167 -1
0.1 162 168 -1
0.1 76 169 -1
0.1 161 170 -1
0.1 122 171 -1
0.1 87 88 -1
0.1 89 90 -1
0.1 173 174 -1
0.1 86 175 -1
0.1 172 176 -1
0.1 31 177 -1
0.1 119 178 -1
