1 0 0 1
1 0 0 2
1 0 0 2
1 0 0 2
1 0 0 2
1 0 0 1
1 0 0 1
1 0 0 1
1 0 0 1
1 0 0 1
1 0 0 1
1 0 0 1
1 0 0 3
1 0 0 3
1 0 0 3
1 0 0 3
1 0 0 3
1 0 0 3
1 0 0 3
1 0 0 3
1 0 0 3
1 0 0 3
1 0 0 4
1 0 0 4
1 0 0 4
1 0 0 4
1 0 0 4
1 0 0 4
1 0 0 4
1 0 0 4
1 0 0 4
1 0 0 4
1 0 0 1
1 0 0 2
1 0 0 2
1 0 0 2
1 0 0 5
1 0 0 6
1 0 0 6
1 0 0 6
1 0 0 6
1 0 0 6
1 0 0 6
1 0 0 7
1 0 0 7
1 0 0 7
1 0 0 7
1 0 0 7
1 0 0 7
1 0 0 8
1 0 0 8
1 0 0 8
1 0 0 8
1 0 0 8
1 0 0 8
1 0 0 8
1 0 0 8
1 0 0 8
1 0 0 8
1 0 0 7
1 0 0 7
1 0 0 7
1 0 0 7
1 0 0 6
1 0 0 6
1 0 0 6
1 0 0 6
1 0 0 5
1 0 0 5
1 0 0 5
1 0 0 5
1 0 0 5
1 0 0 5
1 0 0 5
1 0 0 5
1 0 0 5
1 0 0 2
1 0 0 9
1 0 0 9
1 0 0 9
1 0 0 9
1 0 0 10
1 0 0 10
1 0 0 11
1 0 0 11
1 0 0 11
1 0 0 11
1 0 0 11
1 0 0 11
1 0 0 11
1 0 0 11
1 0 0 11
1 0 0 11
1 0 0 2
1 0 0 12
1 0 0 1
1 0 0 9
1 0 0 9
1 0 0 9
1 0 0 9
1 0 0 10
1 0 0 10
1 0 0 12
1 0 0 12
1 0 0 12
1 0 0 12
1 0 0 12
1 0 0 12
1 0 0 9
1 0 0 9
1 0 0 13
1 0 0 13
1 0 0 13
1 0 0 13
1 0 0 13
1 0 0 13
1 0 0 13
1 0 0 13
1 0 0 13
1 0 0 13
1 0 0 10
1 0 0 10
1 0 0 10
1 0 0 10
1 0 0 10
1 0 0 14
1 0 0 14
1 0 0 14
1 0 0 14
1 0 0 14
1 0 0 14
1 0 0 14
1 0 0 14
1 0 0 14
1 0 0 14
1 0 0 10
1 0 0 15
1 0 0 15
1 0 0 15
1 0 0 15
1 0 0 15
1 0 0 15
1 0 0 15
1 0 0 15
1 0 0 15
1 0 0 15
1 0 0 12
1 0 0 12
1 0 0 12
1 0 0 2
0.1 1 2 -1
0.1 151 3 -1
0.1 4 5 -1
0.1 8 9 -1
0.1 154 10 -1
0.1 7 155 -1
0.1 6 156 -1
0.1 11 12 -1
0.1 16 17 -1
0.1 15 159 -1
0.1 14 160 -1
0.1 18 19 -1
0.1 161 162 -1
0.1 163 20 -1
0.1 164 21 -1
0.1 165 22 -1
0.1 24 25 -1
0.1 26 27 -1
0.1 28 29 -1
0.1 168 169 -1
0.1 167 170 -1
0.1 23 171 -1
0.1 31 32 -1
0.1 30 173 -1
0.1 172 174 -1
0.1 166 175 -1
0.1 13 176 -1
0.1 158 177 -1
0.1 157 178 -1
0.1 153 179 -1
0.1 152 180 -1
0.1 35 36 -1
0.1 34 182 -1
0.1 39 40 -1
0.1 184 41 -1
0.1 38 185 -1
0.1 42 43 -1
0.1 45 46 -1
0.1 44 188 -1
0.1 189 47 -1
0.1 190 48 -1
0.1 54 55 -1
0.1 53 192 -1
0.1 52 193 -1
0.1 56 57 -1
0.1 195 58 -1
0.1 196 59 -1
0.1 194 197 -1
0.1 51 198 -1
0.1 50 199 -1
0.1 62 63 -1
0.1 61 201 -1
0.1 60 202 -1
0.1 200 203 -1
0.1 49 204 -1
0.1 191 205 -1
0.1 206 64 -1
0.1 65 66 -1
0.1 208 67 -1
0.1 207 209 -1
0.1 187 210 -1
0.1 186 211 -1
0.1 212 68 -1
0.1 213 69 -1
0.1 70 71 -1
0.1 72 73 -1
0.1 216 74 -1
0.1 215 217 -1
0.1 218 75 -1
0.1 219 76 -1
0.1 214 220 -1
0.1 37 221 -1
0.1 222 77 -1
0.1 183 223 -1
0.1 33 224 -1
0.1 78 79 -1
0.1 80 81 -1
0.1 226 227 -1
0.1 82 83 -1
0.1 86 87 -1
0.1 85 230 -1
0.1 88 89 -1
0.1 231 232 -1
0.1 233 90 -1
0.1 84 234 -1
0.1 235 91 -1
0.1 236 92 -1
0.1 237 93 -1
0.1 229 238 -1
0.1 228 239 -1
0.1 240 94 -1
0.1 225 241 -1
0.1 181 242 -1
0.1 95 96 -1
0.1 97 98 -1
0.1 245 99 -1
0.1 101 102 -1
0.1 100 247 -1
0.1 248 103 -1
0.1 246 249 -1
0.1 105 106 -1
0.1 104 251 -1
0.1 250 252 -1
0.1 107 108 -1
0.1 253 254 -1
0.1 109 110 -1
0.1 115 116 -1
0.1 114 257 -1
0.1 258 117 -1
0.1 259 118 -1
0.1 113 260 -1
0.1 261 119 -1
0.1 262 120 -1
0.1 112 263 -1
0.1 111 264 -1
0.1 256 265 -1
0.1 255 266 -1
0.1 121 122 -1
0.1 123 124 -1
0.1 127 128 -1
0.1 130 131 -1
0.1 129 271 -1
0.1 133 134 -1
0.1 132 273 -1
0.1 272 274 -1
0.1 275 135 -1
0.1 270 276 -1
0.1 126 277 -1
0.1 125 278 -1
0.1 279 136 -1
0.1 138 139 -1
0.1 281 140 -1
0.1 282 141 -1
0.1 143 144 -1
0.1 142 284 -1
0.1 285 145 -1
0.1 283 286 -1
0.1 287 146 -1
0.1 137 288 -1
0.1 280 289 -1
0.1 269 290 -1
0.1 268 291 -1
0.1 147 148 -1
0.1 292 293 -1
0.1 267 294 -1
0.1 244 295 -1
0.1 296 149 -1
0.1 297 150 -1
0.1 243 298 -1
