1 0 0 1
1 0 0 2
1 0 0 2
1 0 0 3
1 0 0 3
1 0 0 3
1 0 0 3
1 0 0 3
1 0 0 3
1 0 0 3
1 0 0 3
1 0 0 3
1 0 0 3
1 0 0 2
1 0 0 2
1 0 0 2
1 0 0 2
1 0 0 4
1 0 0 4
1 0 0 4
1 0 0 4
1 0 0 4
1 0 0 4
1 0 0 4
1 0 0 4
1 0 0 4
1 0 0 4
1 0 0 2
1 0 0 2
1 0 0 5
1 0 0 5
1 0 0 5
1 0 0 5
1 0 0 5
1 0 0 5
1 0 0 5
1 0 0 5
1 0 0 5
1 0 0 5
1 0 0 2
1 0 0 2
1 0 0 1
1 0 0 1
1 0 0 6
1 0 0 6
1 0 0 6
1 0 0 6
1 0 0 7
1 0 0 7
1 0 0 7
1 0 0 8
1 0 0 8
1 0 0 8
1 0 0 8
1 0 0 8
1 0 0 8
1 0 0 8
1 0 0 8
1 0 0 8
1 0 0 8
1 0 0 7
1 0 0 7
1 0 0 7
1 0 0 7
1 0 0 7
1 0 0 7
1 0 0 7
1 0 0 9
1 0 0 9
1 0 0 9
1 0 0 9
1 0 0 9
1 0 0 9
1 0 0 9
1 0 0 9
1 0 0 9
1 0 0 9
1 0 0 6
1 0 0 6
1 0 0 6
1 0 0 6
1 0 0 6
1 0 0 6
1 0 0 10
1 0 0 10
1 0 0 10
1 0 0 11
1 0 0 11
1 0 0 11
1 0 0 11
1 0 0 11
1 0 0 11
1 0 0 11
1 0 0 11
1 0 0 11
1 0 0 11
1 0 0 1
1 0 0 1
1 0 0 10
1 0 0 1
1 0 0 10
1 0 0 10
1 0 0 12
1 0 0 12
1 0 0 12
1 0 0 10
1 0 0 10
1 0 0 12
1 0 0 12
1 0 0 12
1 0 0 12
1 0 0 12
1 0 0 12
1 0 0 12
1 0 0 10
1 0 0 10
1 0 0 13
1 0 0 14
1 0 0 14
1 0 0 14
1 0 0 14
1 0 0 14
1 0 0 14
1 0 0 14
1 0 0 14
1 0 0 14
1 0 0 14
1 0 0 15
1 0 0 15
1 0 0 15
1 0 0 15
1 0 0 15
1 0 0 15
1 0 0 15
1 0 0 15
1 0 0 15
1 0 0 15
1 0 0 13
1 0 0 13
1 0 0 13
1 0 0 13
1 0 0 13
1 0 0 13
1 0 0 13
1 0 0 13
1 0 0 13
1 0 0 1
1 0 0 1
1 0 0 1
1 0 0 1
0.1 2 3 -1
0.1 6 7 -1
0.1 152 8 -1
0.1 153 9 -1
0.1 154 10 -1
0.1 5 155 -1
0.1 156 11 -1
0.1 12 13 -1
0.1 157 158 -1
0.1 4 159 -1
0.1 16 17 -1
0.1 15 161 -1
0.1 18 19 -1
0.1 163 20 -1
0.1 22 23 -1
0.1 24 25 -1
0.1 165 166 -1
0.1 21 167 -1
0.1 168 26 -1
0.1 164 169 -1
0.1 170 27 -1
0.1 31 32 -1
0.1 33 34 -1
0.1 173 35 -1
0.1 172 174 -1
0.1 36 37 -1
0.1 175 176 -1
0.1 38 39 -1
0.1 177 178 -1
0.1 30 179 -1
0.1 29 180 -1
0.1 28 181 -1
0.1 171 182 -1
0.1 162 183 -1
0.1 14 184 -1
0.1 40 41 -1
0.1 185 186 -1
0.1 160 187 -1
0.1 151 188 -1
0.1 1 189 -1
0.1 42 43 -1
0.1 46 47 -1
0.1 45 192 -1
0.1 49 50 -1
0.1 48 194 -1
0.1 51 52 -1
0.1 53 54 -1
0.1 196 197 -1
0.1 55 56 -1
0.1 57 58 -1
0.1 199 200 -1
0.1 198 201 -1
0.1 202 59 -1
0.1 203 60 -1
0.1 63 64 -1
0.1 65 66 -1
0.1 205 206 -1
0.1 207 67 -1
0.1 62 208 -1
0.1 61 209 -1
0.1 204 210 -1
0.1 195 211 -1
0.1 193 212 -1
0.1 68 69 -1
0.1 71 72 -1
0.1 74 75 -1
0.1 216 76 -1
0.1 73 217 -1
0.1 215 218 -1
0.1 219 77 -1
0.1 70 220 -1
0.1 214 221 -1
0.1 213 222 -1
0.1 80 81 -1
0.1 82 83 -1
0.1 224 225 -1
0.1 79 226 -1
0.1 85 86 -1
0.1 84 228 -1
0.1 227 229 -1
0.1 78 230 -1
0.1 223 231 -1
0.1 44 232 -1
0.1 89 90 -1
0.1 234 91 -1
0.1 88 235 -1
0.1 236 92 -1
0.1 94 95 -1
0.1 93 238 -1
0.1 237 239 -1
0.1 240 96 -1
0.1 87 241 -1
0.1 233 242 -1
0.1 243 97 -1
0.1 191 244 -1
0.1 190 245 -1
0.1 99 100 -1
0.1 101 102 -1
0.1 103 104 -1
0.1 249 105 -1
0.1 248 250 -1
0.1 106 107 -1
0.1 109 110 -1
0.1 108 253 -1
0.1 111 112 -1
0.1 254 255 -1
0.1 113 114 -1
0.1 256 257 -1
0.1 252 258 -1
0.1 251 259 -1
0.1 115 116 -1
0.1 260 261 -1
0.1 121 122 -1
0.1 263 123 -1
0.1 264 124 -1
0.1 265 125 -1
0.1 266 126 -1
0.1 267 127 -1
0.1 120 268 -1
0.1 119 269 -1
0.1 118 270 -1
0.1 128 129 -1
0.1 130 131 -1
0.1 272 273 -1
0.1 274 132 -1
0.1 271 275 -1
0.1 133 134 -1
0.1 277 135 -1
0.1 136 137 -1
0.1 278 279 -1
0.1 276 280 -1
0.1 117 281 -1
0.1 138 139 -1
0.1 282 283 -1
0.1 284 140 -1
0.1 285 141 -1
0.1 286 142 -1
0.1 145 146 -1
0.1 144 288 -1
0.1 143 289 -1
0.1 287 290 -1
0.1 262 291 -1
0.1 292 147 -1
0.1 247 293 -1
0.1 98 294 -1
0.1 149 150 -1
0.1 148 296 -1
0.1 295 297 -1
0.1 246 298 -1
