1 0 0 1
1 0 0 2
1 0 0 2
1 0 0 2
1 0 0 2
1 0 0 2
1 0 0 2
1 0 0 2
1 0 0 2
1 0 0 3
1 0 0 3
1 0 0 3
1 0 0 3
1 0 0 3
1 0 0 3
1 0 0 3
1 0 0 3
1 0 0 3
1 0 0 3
1 0 0 2
1 0 0 2
1 0 0 4
1 0 0 4
1 0 0 4
1 0 0 4
1 0 0 4
1 0 0 4
1 0 0 4
1 0 0 4
1 0 0 4
1 0 0 4
1 0 0 1
1 0 0 1
1 0 0 1
1 0 0 1
1 0 0 1
1 0 0 1
1 0 0 1
1 0 0 1
1 0 0 5
1 0 0 5
1 0 0 6
1 0 0 6
1 0 0 6
1 0 0 5
1 0 0 5
1 0 0 6
1 0 0 6
1 0 0 6
1 0 0 6
1 0 0 6
1 0 0 6
1 0 0 6
1 0 0 1
1 0 0 7
1 0 0 7
1 0 0 7
1 0 0 7
1 0 0 7
1 0 0 7
1 0 0 7
1 0 0 7
1 0 0 7
1 0 0 7
1 0 0 5
1 0 0 8
1 0 0 8
1 0 0 8
1 0 0 8
1 0 0 9
1 0 0 9
1 0 0 9
1 0 0 9
1 0 0 9
1 0 0 9
1 0 0 9
1 0 0 9
1 0 0 9
1 0 0 9
1 0 0 10
1 0 0 10
1 0 0 10
1 0 0 10
1 0 0 10
1 0 0 10
1 0 0 10
1 0 0 10
1 0 0 10
1 0 0 10
1 0 0 11
1 0 0 11
1 0 0 8
1 0 0 11
1 0 0 11
1 0 0 8
1 0 0 11
1 0 0 11
1 0 0 11
1 0 0 11
1 0 0 11
1 0 0 11
1 0 0 8
1 0 0 8
1 0 0 5
1 0 0 8
1 0 0 12
1 0 0 12
1 0 0 12
1 0 0 13
1 0 0 13
1 0 0 5
1 0 0 5
1 0 0 5
1 0 0 12
1 0 0 12
1 0 0 12
1 0 0 8
1 0 0 12
1 0 0 13
1 0 0 13
1 0 0 13
1 0 0 14
1 0 0 14
1 0 0 14
1 0 0 14
1 0 0 14
1 0 0 14
1 0 0 14
1 0 0 14
1 0 0 14
1 0 0 14
1 0 0 15
1 0 0 15
1 0 0 15
1 0 0 15
1 0 0 15
1 0 0 15
1 0 0 15
1 0 0 15
1 0 0 15
1 0 0 15
1 0 0 13
1 0 0 13
1 0 0 13
1 0 0 13
1 0 0 13
1 0 0 5
1 0 0 12
1 0 0 12
1 0 0 12
0.1 3 4 -1
0.1 7 8 -1
0.1 6 152 -1
0.1 153 9 -1
0.1 5 154 -1
0.1 12 13 -1
0.1 15 16 -1
0.1 14 157 -1
0.1 156 158 -1
0.1 17 18 -1
0.1 160 19 -1
0.1 159 161 -1
0.1 11 162 -1
0.1 10 163 -1
0.1 155 164 -1
0.1 165 20 -1
0.1 151 166 -1
0.1 2 167 -1
0.1 168 21 -1
0.1 23 24 -1
0.1 22 170 -1
0.1 25 26 -1
0.1 172 27 -1
0.1 171 173 -1
0.1 169 174 -1
0.1 28 29 -1
0.1 30 31 -1
0.1 176 177 -1
0.1 175 178 -1
0.1 179 32 -1
0.1 35 36 -1
0.1 34 181 -1
0.1 33 182 -1
0.1 183 37 -1
0.1 180 184 -1
0.1 185 38 -1
0.1 186 39 -1
0.1 40 41 -1
0.1 43 44 -1
0.1 45 46 -1
0.1 48 49 -1
0.1 50 51 -1
0.1 192 52 -1
0.1 191 193 -1
0.1 47 194 -1
0.1 195 53 -1
0.1 190 196 -1
0.1 189 197 -1
0.1 42 198 -1
0.1 188 199 -1
0.1 187 200 -1
0.1 201 54 -1
0.1 1 202 -1
0.1 57 58 -1
0.1 56 204 -1
0.1 205 59 -1
0.1 55 206 -1
0.1 207 60 -1
0.1 61 62 -1
0.1 208 209 -1
0.1 210 63 -1
0.1 211 64 -1
0.1 212 65 -1
0.1 67 68 -1
0.1 66 214 -1
0.1 215 69 -1
0.1 74 75 -1
0.1 73 217 -1
0.1 72 218 -1
0.1 76 77 -1
0.1 219 220 -1
0.1 221 78 -1
0.1 222 79 -1
0.1 71 223 -1
0.1 70 224 -1
0.1 80 81 -1
0.1 82 83 -1
0.1 84 85 -1
0.1 227 228 -1
0.1 226 229 -1
0.1 86 87 -1
0.1 230 231 -1
0.1 232 88 -1
0.1 233 89 -1
0.1 225 234 -1
0.1 90 91 -1
0.1 93 94 -1
0.1 92 237 -1
0.1 95 96 -1
0.1 98 99 -1
0.1 97 240 -1
0.1 239 241 -1
0.1 100 101 -1
0.1 242 243 -1
0.1 238 244 -1
0.1 236 245 -1
0.1 235 246 -1
0.1 247 102 -1
0.1 248 103 -1
0.1 216 249 -1
0.1 250 104 -1
0.1 213 251 -1
0.1 203 252 -1
0.1 107 108 -1
0.1 106 254 -1
0.1 109 110 -1
0.1 112 113 -1
0.1 111 257 -1
0.1 256 258 -1
0.1 115 116 -1
0.1 117 118 -1
0.1 123 124 -1
0.1 126 127 -1
0.1 125 263 -1
0.1 128 129 -1
0.1 265 130 -1
0.1 264 266 -1
0.1 267 131 -1
0.1 262 268 -1
0.1 122 269 -1
0.1 121 270 -1
0.1 120 271 -1
0.1 133 134 -1
0.1 137 138 -1
0.1 136 274 -1
0.1 135 275 -1
0.1 273 276 -1
0.1 139 140 -1
0.1 277 278 -1
0.1 279 141 -1
0.1 132 280 -1
0.1 272 281 -1
0.1 142 143 -1
0.1 144 145 -1
0.1 283 284 -1
0.1 282 285 -1
0.1 286 146 -1
0.1 119 287 -1
0.1 288 147 -1
0.1 289 148 -1
0.1 149 150 -1
0.1 290 291 -1
0.1 261 292 -1
0.1 260 293 -1
0.1 114 294 -1
0.1 259 295 -1
0.1 255 296 -1
0.1 105 297 -1
0.1 253 298 -1
