1 0 0 1
1 0 0 1
1 0 0 2
1 0 0 2
1 0 0 2
1 0 0 2
1 0 0 2
1 0 0 1
1 0 0 1
1 0 0 3
1 0 0 3
1 0 0 3
1 0 0 3
1 0 0 3
1 0 0 1
1 0 0 4
1 0 0 4
1 0 0 4
1 0 0 4
1 0 0 4
1 0 0 5
1 0 0 5
1 0 0 6
1 0 0 6
1 0 0 6
1 0 0 6
1 0 0 7
1 0 0 7
1 0 0 7
1 0 0 7
1 0 0 7
1 0 0 6
1 0 0 8
1 0 0 8
1 0 0 8
1 0 0 8
1 0 0 8
1 0 0 5
1 0 0 5
1 0 0 5
1 0 0 9
1 0 0 9
1 0 0 10
1 0 0 10
1 0 0 10
1 0 0 10
1 0 0 10
1 0 0 9
1 0 0 11
1 0 0 11
1 0 0 11
1 0 0 11
1 0 0 12
1 0 0 12
1 0 0 12
1 0 0 12
1 0 0 12
1 0 0 13
1 0 0 13
1 0 0 13
1 0 0 13
1 0 0 13
1 0 0 11
1 0 0 14
1 0 0 14
1 0 0 14
1 0 0 14
1 0 0 14
1 0 0 9
1 0 0 9
0.1 1 2 -1
0.1 5 6 -1
0.1 4 72 -1
0.1 3 73 -1
0.1 74 7 -1
0.1 8 9 -1
0.1 75 76 -1
0.1 71 77 -1
0.1 10 11 -1
0.1 13 14 -1
0.1 12 80 -1
0.1 79 81 -1
0.1 16 17 -1
0.1 15 83 -1
0.1 19 20 -1
0.1 18 85 -1
0.1 84 86 -1
0.1 82 87 -1
0.1 78 88 -1
0.1 21 22 -1
0.1 25 26 -1
0.1 27 28 -1
0.1 92 29 -1
0.1 30 31 -1
0.1 93 94 -1
0.1 91 95 -1
0.1 96 32 -1
0.1 24 97 -1
0.1 23 98 -1
0.1 34 35 -1
0.1 33 100 -1
0.1 36 37 -1
0.1 101 102 -1
0.1 99 103 -1
0.1 90 104 -1
0.1 105 38 -1
0.1 39 40 -1
0.1 106 107 -1
0.1 89 108 -1
0.1 43 44 -1
0.1 110 45 -1
0.1 46 47 -1
0.1 111 112 -1
0.1 42 113 -1
0.1 41 114 -1
0.1 51 52 -1
0.1 50 116 -1
0.1 53 54 -1
0.1 56 57 -1
0.1 55 119 -1
0.1 118 120 -1
0.1 59 60 -1
0.1 58 122 -1
0.1 123 61 -1
0.1 124 62 -1
0.1 121 125 -1
0.1 117 126 -1
0.1 49 127 -1
0.1 128 63 -1
0.1 64 65 -1
0.1 67 68 -1
0.1 66 131 -1
0.1 130 132 -1
0.1 129 133 -1
0.1 48 134 -1
0.1 115 135 -1
0.1 69 70 -1
0.1 136 137 -1
0.1 109 138 -1
