1 0 0 1
1 0 0 1
1 0 0 2
1 0 0 2
1 0 0 2
1 0 0 2
1 0 0 2
1 0 0 2
1 0 0 2
1 0 0 2
1 0 0 2
1 0 0 2
1 0 0 3
1 0 0 3
1 0 0 3
1 0 0 3
1 0 0 3
1 0 0 3
1 0 0 3
1 0 0 3
1 0 0 3
1 0 0 3
1 0 0 4
1 0 0 4
1 0 0 4
1 0 0 4
1 0 0 4
1 0 0 4
1 0 0 4
1 0 0 4
1 0 0 4
1 0 0 4
1 0 0 5
1 0 0 5
1 0 0 5
1 0 0 5
1 0 0 5
1 0 0 6
1 0 0 6
1 0 0 6
1 0 0 7
1 0 0 7
1 0 0 7
1 0 0 7
1 0 0 7
1 0 0 7
1 0 0 7
1 0 0 7
1 0 0 7
1 0 0 7
1 0 0 6
1 0 0 6
1 0 0 6
1 0 0 6
1 0 0 8
1 0 0 8
1 0 0 8
1 0 0 8
1 0 0 8
1 0 0 8
1 0 0 8
1 0 0 8
1 0 0 8
1 0 0 8
1 0 0 6
1 0 0 6
1 0 0 6
1 0 0 5
1 0 0 5
1 0 0 5
1 0 0 5
1 0 0 5
1 0 0 9
1 0 0 9
1 0 0 9
1 0 0 9
1 0 0 9
1 0 0 9
1 0 0 9
1 0 0 9
1 0 0 9
1 0 0 9
1 0 0 10
1 0 0 10
1 0 0 10
1 0 0 10
1 0 0 10
1 0 0 10
1 0 0 10
1 0 0 10
1 0 0 10
1 0 0 11
1 0 0 11
1 0 0 11
1 0 0 11
1 0 0 11
1 0 0 11
1 0 0 11
1 0 0 11
1 0 0 11
1 0 0 11
1 0 0 10
1 0 0 1
1 0 0 12
1 0 0 12
1 0 0 12
1 0 0 12
1 0 0 12
1 0 0 12
1 0 0 12
1 0 0 12
1 0 0 12
1 0 0 12
1 0 0 13
1 0 0 13
1 0 0 13
1 0 0 13
1 0 0 13
1 0 0 13
1 0 0 13
1 0 0 13
1 0 0 13
1 0 0 13
1 0 0 1
1 0 0 1
1 0 0 1
1 0 0 1
1 0 0 1
1 0 0 1
1 0 0 1
1 0 0 14
1 0 0 14
1 0 0 14
1 0 0 14
1 0 0 14
1 0 0 14
1 0 0 14
1 0 0 14
1 0 0 14
1 0 0 14
0.1 5 6 -1
0.1 4 141 -1
0.1 3 142 -1
0.1 8 9 -1
0.1 7 144 -1
0.1 10 11 -1
0.1 146 12 -1
0.1 145 147 -1
0.1 14 15 -1
0.1 13 149 -1
0.1 16 17 -1
0.1 151 18 -1
0.1 19 20 -1
0.1 21 22 -1
0.1 153 154 -1
0.1 152 155 -1
0.1 150 156 -1
0.1 148 157 -1
0.1 143 158 -1
0.1 2 159 -1
0.1 1 160 -1
0.1 24 25 -1
0.1 26 27 -1
0.1 163 28 -1
0.1 162 164 -1
0.1 23 165 -1
0.1 29 30 -1
0.1 31 32 -1
0.1 167 168 -1
0.1 166 169 -1
0.1 161 170 -1
0.1 34 35 -1
0.1 36 37 -1
0.1 172 173 -1
0.1 33 174 -1
0.1 39 40 -1
0.1 44 45 -1
0.1 177 46 -1
0.1 49 50 -1
0.1 48 179 -1
0.1 47 180 -1
0.1 178 181 -1
0.1 43 182 -1
0.1 42 183 -1
0.1 41 184 -1
0.1 176 185 -1
0.1 38 186 -1
0.1 175 187 -1
0.1 52 53 -1
0.1 51 189 -1
0.1 57 58 -1
0.1 56 191 -1
0.1 59 60 -1
0.1 61 62 -1
0.1 193 194 -1
0.1 63 64 -1
0.1 195 196 -1
0.1 192 197 -1
0.1 55 198 -1
0.1 66 67 -1
0.1 65 200 -1
0.1 199 201 -1
0.1 54 202 -1
0.1 190 203 -1
0.1 68 69 -1
0.1 70 71 -1
0.1 74 75 -1
0.1 73 207 -1
0.1 208 76 -1
0.1 78 79 -1
0.1 81 82 -1
0.1 80 211 -1
0.1 210 212 -1
0.1 77 213 -1
0.1 209 214 -1
0.1 72 215 -1
0.1 206 216 -1
0.1 205 217 -1
0.1 204 218 -1
0.1 188 219 -1
0.1 171 220 -1
0.1 83 84 -1
0.1 86 87 -1
0.1 88 89 -1
0.1 90 91 -1
0.1 224 225 -1
0.1 223 226 -1
0.1 85 227 -1
0.1 222 228 -1
0.1 92 93 -1
0.1 94 95 -1
0.1 230 231 -1
0.1 98 99 -1
0.1 97 233 -1
0.1 96 234 -1
0.1 100 101 -1
0.1 235 236 -1
0.1 232 237 -1
0.1 238 102 -1
0.1 229 239 -1
0.1 104 105 -1
0.1 107 108 -1
0.1 106 242 -1
0.1 241 243 -1
0.1 109 110 -1
0.1 111 112 -1
0.1 245 246 -1
0.1 247 113 -1
0.1 244 248 -1
0.1 103 249 -1
0.1 115 116 -1
0.1 117 118 -1
0.1 251 252 -1
0.1 114 253 -1
0.1 122 123 -1
0.1 121 255 -1
0.1 120 256 -1
0.1 119 257 -1
0.1 254 258 -1
0.1 250 259 -1
0.1 124 125 -1
0.1 126 127 -1
0.1 261 262 -1
0.1 128 129 -1
0.1 131 132 -1
0.1 134 135 -1
0.1 266 136 -1
0.1 133 267 -1
0.1 139 140 -1
0.1 138 269 -1
0.1 137 270 -1
0.1 268 271 -1
0.1 265 272 -1
0.1 130 273 -1
0.1 264 274 -1
0.1 263 275 -1
0.1 260 276 -1
0.1 240 277 -1
0.1 221 278 -1
