1 0 0 1
1 0 0 1
1 0 0 1
1 0 0 1
1 0 0 1
1 0 0 1
1 0 0 1
1 0 0 1
1 0 0 1
1 0 0 1
1 0 0 2
1 0 0 3
1 0 0 3
1 0 0 3
1 0 0 3
1 0 0 3
1 0 0 3
1 0 0 3
1 0 0 3
1 0 0 3
1 0 0 3
1 0 0 4
1 0 0 4
1 0 0 4
1 0 0 4
1 0 0 4
1 0 0 4
1 0 0 4
1 0 0 4
1 0 0 4
1 0 0 4
1 0 0 2
1 0 0 5
1 0 0 5
1 0 0 5
1 0 0 2
1 0 0 6
1 0 0 6
1 0 0 2
1 0 0 2
1 0 0 2
1 0 0 2
1 0 0 2
1 0 0 7
1 0 0 7
1 0 0 7
1 0 0 7
1 0 0 7
1 0 0 7
1 0 0 7
1 0 0 7
1 0 0 7
1 0 0 7
1 0 0 5
1 0 0 5
1 0 0 5
1 0 0 5
1 0 0 5
1 0 0 5
1 0 0 8
1 0 0 8
1 0 0 8
1 0 0 8
1 0 0 8
1 0 0 8
1 0 0 8
1 0 0 8
1 0 0 8
1 0 0 8
1 0 0 9
1 0 0 9
1 0 0 9
1 0 0 9
1 0 0 5
1 0 0 10
1 0 0 9
1 0 0 9
1 0 0 10
1 0 0 10
1 0 0 10
1 0 0 10
1 0 0 10
1 0 0 10
1 0 0 10
1 0 0 10
1 0 0 10
1 0 0 9
1 0 0 9
1 0 0 9
1 0 0 9
1 0 0 2
1 0 0 2
1 0 0 6
1 0 0 6
1 0 0 11
1 0 0 11
1 0 0 11
1 0 0 11
1 0 0 11
1 0 0 11
1 0 0 11
1 0 0 11
1 0 0 11
1 0 0 11
1 0 0 6
1 0 0 12
1 0 0 12
1 0 0 12
1 0 0 12
1 0 0 12
1 0 0 12
1 0 0 12
1 0 0 12
1 0 0 12
1 0 0 12
1 0 0 6
1 0 0 13
1 0 0 13
1 0 0 13
1 0 0 13
1 0 0 13
1 0 0 13
1 0 0 14
1 0 0 14
1 0 0 14
1 0 0 14
1 0 0 14
1 0 0 14
1 0 0 14
1 0 0 14
1 0 0 14
1 0 0 14
1 0 0 13
1 0 0 13
1 0 0 13
1 0 0 13
1 0 0 6
1 0 0 6
1 0 0 6
1 0 0 6
0.1 2 3 -1
0.1 6 7 -1
0.1 5 142 -1
0.1 8 9 -1
0.1 143 144 -1
0.1 145 10 -1
0.1 4 146 -1
0.1 141 147 -1
0.1 1 148 -1
0.1 12 13 -1
0.1 11 150 -1
0.1 17 18 -1
0.1 19 20 -1
0.1 152 153 -1
0.1 154 21 -1
0.1 16 155 -1
0.1 15 156 -1
0.1 14 157 -1
0.1 151 158 -1
0.1 25 26 -1
0.1 24 160 -1
0.1 23 161 -1
0.1 162 27 -1
0.1 163 28 -1
0.1 164 29 -1
0.1 165 30 -1
0.1 166 31 -1
0.1 22 167 -1
0.1 168 32 -1
0.1 159 169 -1
0.1 33 34 -1
0.1 171 35 -1
0.1 170 172 -1
0.1 37 38 -1
0.1 174 39 -1
0.1 41 42 -1
0.1 40 176 -1
0.1 175 177 -1
0.1 36 178 -1
0.1 179 43 -1
0.1 173 180 -1
0.1 149 181 -1
0.1 45 46 -1
0.1 47 48 -1
0.1 183 184 -1
0.1 185 49 -1
0.1 50 51 -1
0.1 52 53 -1
0.1 187 188 -1
0.1 186 189 -1
0.1 44 190 -1
0.1 54 55 -1
0.1 56 57 -1
0.1 58 59 -1
0.1 193 194 -1
0.1 192 195 -1
0.1 62 63 -1
0.1 61 197 -1
0.1 198 64 -1
0.1 60 199 -1
0.1 67 68 -1
0.1 66 201 -1
0.1 202 69 -1
0.1 65 203 -1
0.1 200 204 -1
0.1 71 72 -1
0.1 206 73 -1
0.1 70 207 -1
0.1 74 75 -1
0.1 208 209 -1
0.1 76 77 -1
0.1 80 81 -1
0.1 212 82 -1
0.1 79 213 -1
0.1 214 83 -1
0.1 85 86 -1
0.1 84 216 -1
0.1 215 217 -1
0.1 78 218 -1
0.1 211 219 -1
0.1 89 90 -1
0.1 88 221 -1
0.1 87 222 -1
0.1 220 223 -1
0.1 210 224 -1
0.1 205 225 -1
0.1 196 226 -1
0.1 191 227 -1
0.1 182 228 -1
0.1 93 94 -1
0.1 96 97 -1
0.1 98 99 -1
0.1 101 102 -1
0.1 100 233 -1
0.1 234 103 -1
0.1 232 235 -1
0.1 236 104 -1
0.1 231 237 -1
0.1 95 238 -1
0.1 106 107 -1
0.1 109 110 -1
0.1 108 241 -1
0.1 240 242 -1
0.1 112 113 -1
0.1 114 115 -1
0.1 244 245 -1
0.1 111 246 -1
0.1 243 247 -1
0.1 105 248 -1
0.1 239 249 -1
0.1 250 116 -1
0.1 119 120 -1
0.1 118 252 -1
0.1 121 122 -1
0.1 253 254 -1
0.1 125 126 -1
0.1 124 256 -1
0.1 123 257 -1
0.1 128 129 -1
0.1 127 259 -1
0.1 130 131 -1
0.1 261 132 -1
0.1 260 262 -1
0.1 258 263 -1
0.1 134 135 -1
0.1 265 136 -1
0.1 133 266 -1
0.1 264 267 -1
0.1 255 268 -1
0.1 269 137 -1
0.1 117 270 -1
0.1 271 138 -1
0.1 251 272 -1
0.1 139 140 -1
0.1 273 274 -1
0.1 230 275 -1
0.1 92 276 -1
0.1 91 277 -1
0.1 229 278 -1
