1 0 0 1
1 0 0 1
1 0 0 1
1 0 0 1
1 0 0 1
1 0 0 1
1 0 0 1
1 0 0 2
1 0 0 2
1 0 0 2
1 0 0 2
1 0 0 2
1 0 0 2
1 0 0 2
1 0 0 2
1 0 0 2
1 0 0 2
1 0 0 3
1 0 0 4
1 0 0 5
1 0 0 5
1 0 0 5
1 0 0 5
1 0 0 5
1 0 0 3
1 0 0 3
1 0 0 4
1 0 0 4
1 0 0 4
1 0 0 4
1 0 0 4
1 0 0 4
1 0 0 4
1 0 0 4
1 0 0 4
1 0 0 6
1 0 0 6
1 0 0 6
1 0 0 6
1 0 0 6
1 0 0 6
1 0 0 6
1 0 0 6
1 0 0 6
1 0 0 6
1 0 0 7
1 0 0 7
1 0 0 7
1 0 0 7
1 0 0 7
1 0 0 7
1 0 0 7
1 0 0 7
1 0 0 7
1 0 0 7
1 0 0 8
1 0 0 8
1 0 0 8
1 0 0 8
1 0 0 8
1 0 0 8
1 0 0 8
1 0 0 8
1 0 0 8
1 0 0 8
1 0 0 1
1 0 0 9
1 0 0 10
1 0 0 10
1 0 0 10
1 0 0 10
1 0 0 10
1 0 0 10
1 0 0 10
1 0 0 10
1 0 0 9
1 0 0 9
1 0 0 9
1 0 0 9
1 0 0 9
1 0 0 9
1 0 0 3
1 0 0 5
1 0 0 10
1 0 0 10
1 0 0 9
1 0 0 9
1 0 0 9
1 0 0 3
1 0 0 11
1 0 0 11
1 0 0 11
1 0 0 11
1 0 0 11
1 0 0 11
1 0 0 11
1 0 0 11
1 0 0 11
1 0 0 11
1 0 0 12
1 0 0 12
1 0 0 12
1 0 0 12
1 0 0 12
1 0 0 12
1 0 0 12
1 0 0 12
1 0 0 12
1 0 0 12
1 0 0 3
1 0 0 3
1 0 0 13
1 0 0 14
1 0 0 13
1 0 0 14
1 0 0 13
1 0 0 13
1 0 0 3
1 0 0 13
1 0 0 13
1 0 0 13
1 0 0 13
1 0 0 13
1 0 0 13
1 0 0 14
1 0 0 14
1 0 0 14
1 0 0 14
1 0 0 14
1 0 0 14
1 0 0 14
1 0 0 14
1 0 0 3
1 0 0 3
1 0 0 5
1 0 0 5
1 0 0 5
1 0 0 5
1 0 0 1
1 0 0 1
0.1 2 3 -1
0.1 141 4 -1
0.1 142 5 -1
0.1 1 143 -1
0.1 8 9 -1
0.1 12 13 -1
0.1 15 16 -1
0.1 14 147 -1
0.1 146 148 -1
0.1 149 17 -1
0.1 11 150 -1
0.1 10 151 -1
0.1 145 152 -1
0.1 7 153 -1
0.1 6 154 -1
0.1 144 155 -1
0.1 156 18 -1
0.1 21 22 -1
0.1 20 158 -1
0.1 23 24 -1
0.1 159 160 -1
0.1 25 26 -1
0.1 161 162 -1
0.1 27 28 -1
0.1 29 30 -1
0.1 32 33 -1
0.1 31 166 -1
0.1 167 34 -1
0.1 168 35 -1
0.1 165 169 -1
0.1 164 170 -1
0.1 163 171 -1
0.1 19 172 -1
0.1 38 39 -1
0.1 41 42 -1
0.1 175 43 -1
0.1 176 44 -1
0.1 40 177 -1
0.1 174 178 -1
0.1 37 179 -1
0.1 36 180 -1
0.1 181 45 -1
0.1 47 48 -1
0.1 49 50 -1
0.1 183 184 -1
0.1 185 51 -1
0.1 46 186 -1
0.1 52 53 -1
0.1 188 54 -1
0.1 189 55 -1
0.1 187 190 -1
0.1 182 191 -1
0.1 59 60 -1
0.1 58 193 -1
0.1 57 194 -1
0.1 56 195 -1
0.1 63 64 -1
0.1 62 197 -1
0.1 61 198 -1
0.1 199 65 -1
0.1 196 200 -1
0.1 192 201 -1
0.1 173 202 -1
0.1 157 203 -1
0.1 68 69 -1
0.1 70 71 -1
0.1 205 206 -1
0.1 67 207 -1
0.1 73 74 -1
0.1 209 75 -1
0.1 72 210 -1
0.1 79 80 -1
0.1 78 212 -1
0.1 77 213 -1
0.1 214 81 -1
0.1 76 215 -1
0.1 82 83 -1
0.1 84 85 -1
0.1 218 86 -1
0.1 217 219 -1
0.1 216 220 -1
0.1 87 88 -1
0.1 221 222 -1
0.1 211 223 -1
0.1 208 224 -1
0.1 66 225 -1
0.1 204 226 -1
0.1 90 91 -1
0.1 95 96 -1
0.1 229 97 -1
0.1 94 230 -1
0.1 231 98 -1
0.1 93 232 -1
0.1 92 233 -1
0.1 228 234 -1
0.1 235 99 -1
0.1 101 102 -1
0.1 103 104 -1
0.1 237 238 -1
0.1 100 239 -1
0.1 240 105 -1
0.1 107 108 -1
0.1 242 109 -1
0.1 106 243 -1
0.1 241 244 -1
0.1 110 111 -1
0.1 245 246 -1
0.1 236 247 -1
0.1 114 115 -1
0.1 116 117 -1
0.1 250 118 -1
0.1 249 251 -1
0.1 119 120 -1
0.1 122 123 -1
0.1 121 254 -1
0.1 253 255 -1
0.1 256 124 -1
0.1 126 127 -1
0.1 125 258 -1
0.1 259 128 -1
0.1 257 260 -1
0.1 252 261 -1
0.1 129 130 -1
0.1 263 131 -1
0.1 264 132 -1
0.1 262 265 -1
0.1 113 266 -1
0.1 112 267 -1
0.1 248 268 -1
0.1 89 269 -1
0.1 133 134 -1
0.1 270 271 -1
0.1 136 137 -1
0.1 273 138 -1
0.1 135 274 -1
0.1 139 140 -1
0.1 275 276 -1
0.1 272 277 -1
0.1 227 278 -1
