1 0 0 1
1 0 0 1
1 0 0 2
1 0 0 2
1 0 0 2
1 0 0 2
1 0 0 2
1 0 0 2
1 0 0 2
1 0 0 2
1 0 0 1
1 0 0 1
1 0 0 1
1 0 0 3
1 0 0 1
1 0 0 1
1 0 0 4
1 0 0 5
1 0 0 5
1 0 0 5
1 0 0 5
1 0 0 1
1 0 0 1
1 0 0 6
1 0 0 6
1 0 0 6
1 0 0 6
1 0 0 6
1 0 0 6
1 0 0 6
1 0 0 5
1 0 0 5
1 0 0 7
1 0 0 8
1 0 0 8
1 0 0 8
1 0 0 8
1 0 0 8
1 0 0 9
1 0 0 9
1 0 0 9
1 0 0 9
1 0 0 9
1 0 0 9
1 0 0 9
1 0 0 9
1 0 0 9
1 0 0 9
1 0 0 8
1 0 0 8
1 0 0 8
1 0 0 8
1 0 0 8
1 0 0 7
1 0 0 10
1 0 0 10
1 0 0 10
1 0 0 10
1 0 0 10
1 0 0 10
1 0 0 10
1 0 0 10
1 0 0 10
1 0 0 10
1 0 0 11
1 0 0 11
1 0 0 11
1 0 0 11
1 0 0 11
1 0 0 11
1 0 0 11
1 0 0 11
1 0 0 11
1 0 0 11
1 0 0 12
1 0 0 12
1 0 0 12
1 0 0 12
1 0 0 12
1 0 0 12
1 0 0 12
1 0 0 12
1 0 0 13
1 0 0 13
1 0 0 13
1 0 0 13
1 0 0 13
1 0 0 13
1 0 0 13
1 0 0 13
1 0 0 13
1 0 0 13
1 0 0 12
1 0 0 12
1 0 0 14
1 0 0 14
1 0 0 14
1 0 0 14
1 0 0 14
1 0 0 14
1 0 0 14
1 0 0 14
1 0 0 14
1 0 0 14
1 0 0 7
1 0 0 15
1 0 0 15
1 0 0 15
1 0 0 15
1 0 0 15
1 0 0 15
1 0 0 15
1 0 0 15
1 0 0 15
1 0 0 15
1 0 0 16
1 0 0 16
1 0 0 16
1 0 0 16
1 0 0 16
1 0 0 16
1 0 0 16
1 0 0 16
1 0 0 16
1 0 0 16
1 0 0 17
1 0 0 17
1 0 0 17
1 0 0 17
1 0 0 17
1 0 0 17
1 0 0 17
1 0 0 17
1 0 0 17
1 0 0 17
1 0 0 7
1 0 0 7
1 0 0 7
1 0 0 18
1 0 0 19
1 0 0 19
1 0 0 19
1 0 0 19
1 0 0 19
1 0 0 19
1 0 0 19
1 0 0 19
1 0 0 19
1 0 0 19
1 0 0 20
1 0 0 20
1 0 0 20
1 0 0 20
1 0 0 20
1 0 0 20
1 0 0 20
1 0 0 20
1 0 0 20
1 0 0 20
1 0 0 21
1 0 0 21
1 0 0 21
1 0 0 21
1 0 0 21
1 0 0 21
1 0 0 21
1 0 0 21
1 0 0 21
1 0 0 21
1 0 0 22
1 0 0 22
1 0 0 22
1 0 0 22
1 0 0 22
1 0 0 22
1 0 0 22
1 0 0 22
1 0 0 22
1 0 0 22
1 0 0 18
1 0 0 18
1 0 0 18
1 0 0 18
1 0 0 18
1 0 0 18
1 0 0 18
1 0 0 18
1 0 0 18
1 0 0 7
1 0 0 7
1 0 0 7
1 0 0 7
1 0 0 4
1 0 0 4
1 0 0 4
1 0 0 5
1 0 0 23
1 0 0 6
1 0 0 4
1 0 0 24
1 0 0 24
1 0 0 24
1 0 0 24
1 0 0 24
1 0 0 24
1 0 0 24
1 0 0 24
1 0 0 24
1 0 0 24
1 0 0 4
1 0 0 6
1 0 0 6
1 0 0 5
1 0 0 5
1 0 0 5
1 0 0 23
1 0 0 23
1 0 0 23
1 0 0 23
1 0 0 1
1 0 0 2
1 0 0 2
1 0 0 3
1 0 0 3
1 0 0 3
1 0 0 4
1 0 0 4
1 0 0 4
1 0 0 4
1 0 0 3
1 0 0 3
1 0 0 3
1 0 0 3
1 0 0 3
1 0 0 3
1 0 0 25
1 0 0 25
1 0 0 25
1 0 0 25
1 0 0 26
1 0 0 26
1 0 0 26
1 0 0 27
1 0 0 27
1 0 0 27
1 0 0 27
1 0 0 28
1 0 0 28
1 0 0 28
1 0 0 28
1 0 0 28
1 0 0 28
1 0 0 28
1 0 0 28
1 0 0 28
1 0 0 28
1 0 0 27
1 0 0 26
1 0 0 26
1 0 0 26
1 0 0 26
1 0 0 26
1 0 0 26
1 0 0 26
1 0 0 29
1 0 0 29
1 0 0 29
1 0 0 29
1 0 0 29
1 0 0 29
1 0 0 29
1 0 0 29
1 0 0 29
1 0 0 29
1 0 0 27
1 0 0 27
1 0 0 27
1 0 0 27
1 0 0 27
1 0 0 25
1 0 0 25
1 0 0 25
1 0 0 25
1 0 0 30
1 0 0 30
1 0 0 31
1 0 0 31
1 0 0 31
1 0 0 31
1 0 0 31
1 0 0 31
1 0 0 31
1 0 0 23
1 0 0 23
1 0 0 23
1 0 0 31
1 0 0 31
1 0 0 31
1 0 0 30
1 0 0 32
1 0 0 32
1 0 0 32
1 0 0 32
1 0 0 32
1 0 0 32
1 0 0 32
1 0 0 32
1 0 0 32
1 0 0 32
1 0 0 30
1 0 0 33
1 0 0 30
1 0 0 30
1 0 0 30
1 0 0 30
1 0 0 33
1 0 0 33
1 0 0 33
1 0 0 33
1 0 0 33
1 0 0 33
1 0 0 33
1 0 0 33
1 0 0 33
1 0 0 30
1 0 0 23
1 0 0 23
1 0 0 30
1 0 0 25
1 0 0 34
1 0 0 34
1 0 0 34
1 0 0 34
1 0 0 34
1 0 0 34
1 0 0 34
1 0 0 35
1 0 0 35
1 0 0 34
1 0 0 35
1 0 0 35
1 0 0 35
1 0 0 35
1 0 0 35
1 0 0 35
1 0 0 35
1 0 0 35
1 0 0 25
1 0 0 34
1 0 0 34
0.1 4 5 -1
0.1 351 6 -1
0.1 3 352 -1
0.1 8 9 -1
0.1 7 354 -1
0.1 355 10 -1
0.1 353 356 -1
0.1 357 11 -1
0.1 358 12 -1
0.1 14 15 -1
0.1 13 360 -1
0.1 19 20 -1
0.1 18 362 -1
0.1 363 21 -1
0.1 364 22 -1
0.1 365 23 -1
0.1 17 366 -1
0.1 24 25 -1
0.1 27 28 -1
0.1 26 369 -1
0.1 29 30 -1
0.1 370 371 -1
0.1 31 32 -1
0.1 37 38 -1
0.1 36 374 -1
0.1 40 41 -1
0.1 42 43 -1
0.1 376 377 -1
0.1 44 45 -1
0.1 378 379 -1
0.1 39 380 -1
0.1 46 47 -1
0.1 382 48 -1
0.1 381 383 -1
0.1 375 384 -1
0.1 50 51 -1
0.1 49 386 -1
0.1 387 52 -1
0.1 385 388 -1
0.1 35 389 -1
0.1 390 53 -1
0.1 34 391 -1
0.1 55 56 -1
0.1 57 58 -1
0.1 393 394 -1
0.1 60 61 -1
0.1 62 63 -1
0.1 396 397 -1
0.1 398 64 -1
0.1 59 399 -1
0.1 395 400 -1
0.1 69 70 -1
0.1 68 402 -1
0.1 67 403 -1
0.1 66 404 -1
0.1 65 405 -1
0.1 71 72 -1
0.1 73 74 -1
0.1 407 408 -1
0.1 406 409 -1
0.1 401 410 -1
0.1 77 78 -1
0.1 79 80 -1
0.1 81 82 -1
0.1 413 414 -1
0.1 87 88 -1
0.1 86 416 -1
0.1 85 417 -1
0.1 84 418 -1
0.1 419 89 -1
0.1 90 91 -1
0.1 420 421 -1
0.1 422 92 -1
0.1 83 423 -1
0.1 424 93 -1
0.1 425 94 -1
0.1 415 426 -1
0.1 412 427 -1
0.1 76 428 -1
0.1 75 429 -1
0.1 96 97 -1
0.1 95 431 -1
0.1 99 100 -1
0.1 98 433 -1
0.1 101 102 -1
0.1 434 435 -1
0.1 432 436 -1
0.1 437 103 -1
0.1 438 104 -1
0.1 430 439 -1
0.1 107 108 -1
0.1 110 111 -1
0.1 109 442 -1
0.1 441 443 -1
0.1 444 112 -1
0.1 106 445 -1
0.1 446 113 -1
0.1 114 115 -1
0.1 447 448 -1
0.1 105 449 -1
0.1 118 119 -1
0.1 120 121 -1
0.1 451 452 -1
0.1 453 122 -1
0.1 454 123 -1
0.1 117 455 -1
0.1 116 456 -1
0.1 124 125 -1
0.1 457 458 -1
0.1 127 128 -1
0.1 126 460 -1
0.1 130 131 -1
0.1 129 462 -1
0.1 463 132 -1
0.1 461 464 -1
0.1 133 134 -1
0.1 465 466 -1
0.1 467 135 -1
0.1 459 468 -1
0.1 469 136 -1
0.1 450 470 -1
0.1 440 471 -1
0.1 472 137 -1
0.1 411 473 -1
0.1 54 474 -1
0.1 392 475 -1
0.1 140 141 -1
0.1 142 143 -1
0.1 144 145 -1
0.1 478 479 -1
0.1 146 147 -1
0.1 481 148 -1
0.1 482 149 -1
0.1 480 483 -1
0.1 477 484 -1
0.1 153 154 -1
0.1 152 486 -1
0.1 155 156 -1
0.1 487 488 -1
0.1 151 489 -1
0.1 157 158 -1
0.1 491 159 -1
0.1 490 492 -1
0.1 150 493 -1
0.1 485 494 -1
0.1 163 164 -1
0.1 162 496 -1
0.1 161 497 -1
0.1 167 168 -1
0.1 499 169 -1
0.1 166 500 -1
0.1 165 501 -1
0.1 498 502 -1
0.1 160 503 -1
0.1 170 171 -1
0.1 172 173 -1
0.1 174 175 -1
0.1 506 507 -1
0.1 505 508 -1
0.1 176 177 -1
0.1 178 179 -1
0.1 510 511 -1
0.1 509 512 -1
0.1 504 513 -1
0.1 495 514 -1
0.1 180 181 -1
0.1 182 183 -1
0.1 186 187 -1
0.1 185 518 -1
0.1 184 519 -1
0.1 517 520 -1
0.1 521 188 -1
0.1 516 522 -1
0.1 515 523 -1
0.1 139 524 -1
0.1 189 190 -1
0.1 525 526 -1
0.1 191 192 -1
0.1 527 528 -1
0.1 138 529 -1
0.1 476 530 -1
0.1 33 531 -1
0.1 194 195 -1
0.1 193 533 -1
0.1 532 534 -1
0.1 535 196 -1
0.1 373 536 -1
0.1 537 197 -1
0.1 538 198 -1
0.1 200 201 -1
0.1 202 203 -1
0.1 540 541 -1
0.1 207 208 -1
0.1 543 209 -1
0.1 206 544 -1
0.1 205 545 -1
0.1 204 546 -1
0.1 542 547 -1
0.1 548 210 -1
0.1 199 549 -1
0.1 539 550 -1
0.1 372 551 -1
0.1 211 212 -1
0.1 214 215 -1
0.1 213 554 -1
0.1 553 555 -1
0.1 216 217 -1
0.1 557 218 -1
0.1 558 219 -1
0.1 556 559 -1
0.1 552 560 -1
0.1 368 561 -1
0.1 367 562 -1
0.1 16 563 -1
0.1 361 564 -1
0.1 565 220 -1
0.1 359 566 -1
0.1 2 567 -1
0.1 1 568 -1
0.1 221 222 -1
0.1 223 224 -1
0.1 571 225 -1
0.1 228 229 -1
0.1 227 573 -1
0.1 226 574 -1
0.1 572 575 -1
0.1 570 576 -1
0.1 230 231 -1
0.1 578 232 -1
0.1 233 234 -1
0.1 579 580 -1
0.1 577 581 -1
0.1 582 235 -1
0.1 238 239 -1
0.1 240 241 -1
0.1 585 242 -1
0.1 244 245 -1
0.1 243 587 -1
0.1 248 249 -1
0.1 589 250 -1
0.1 251 252 -1
0.1 591 253 -1
0.1 254 255 -1
0.1 593 256 -1
0.1 592 594 -1
0.1 590 595 -1
0.1 247 596 -1
0.1 597 257 -1
0.1 246 598 -1
0.1 259 260 -1
0.1 258 600 -1
0.1 601 261 -1
0.1 602 262 -1
0.1 603 263 -1
0.1 604 264 -1
0.1 266 267 -1
0.1 606 268 -1
0.1 607 269 -1
0.1 265 608 -1
0.1 270 271 -1
0.1 272 273 -1
0.1 610 611 -1
0.1 612 274 -1
0.1 609 613 -1
0.1 605 614 -1
0.1 599 615 -1
0.1 588 616 -1
0.1 586 617 -1
0.1 275 276 -1
0.1 278 279 -1
0.1 277 620 -1
0.1 619 621 -1
0.1 618 622 -1
0.1 281 282 -1
0.1 280 624 -1
0.1 623 625 -1
0.1 284 285 -1
0.1 287 288 -1
0.1 290 291 -1
0.1 629 292 -1
0.1 289 630 -1
0.1 628 631 -1
0.1 294 295 -1
0.1 293 633 -1
0.1 634 296 -1
0.1 297 298 -1
0.1 635 636 -1
0.1 632 637 -1
0.1 286 638 -1
0.1 639 299 -1
0.1 627 640 -1
0.1 301 302 -1
0.1 300 642 -1
0.1 303 304 -1
0.1 306 307 -1
0.1 308 309 -1
0.1 645 646 -1
0.1 305 647 -1
0.1 644 648 -1
0.1 643 649 -1
0.1 311 312 -1
0.1 313 314 -1
0.1 317 318 -1
0.1 319 320 -1
0.1 321 322 -1
0.1 654 655 -1
0.1 653 656 -1
0.1 323 324 -1
0.1 657 658 -1
0.1 316 659 -1
0.1 660 325 -1
0.1 315 661 -1
0.1 652 662 -1
0.1 651 663 -1
0.1 310 664 -1
0.1 650 665 -1
0.1 641 666 -1
0.1 326 327 -1
0.1 667 668 -1
0.1 283 669 -1
0.1 670 328 -1
0.1 671 329 -1
0.1 626 672 -1
0.1 330 331 -1
0.1 332 333 -1
0.1 675 334 -1
0.1 676 335 -1
0.1 674 677 -1
0.1 337 338 -1
0.1 679 339 -1
0.1 336 680 -1
0.1 678 681 -1
0.1 341 342 -1
0.1 340 683 -1
0.1 345 346 -1
0.1 344 685 -1
0.1 343 686 -1
0.1 684 687 -1
0.1 688 347 -1
0.1 682 689 -1
0.1 673 690 -1
0.1 584 691 -1
0.1 692 348 -1
0.1 237 693 -1
0.1 236 694 -1
0.1 349 350 -1
0.1 695 696 -1
0.1 583 697 -1
0.1 569 698 -1
