1 0 0 1
1 0 0 1
1 0 0 1
1 0 0 1
1 0 0 2
1 0 0 3
1 0 0 3
1 0 0 4
1 0 0 4
1 0 0 4
1 0 0 4
1 0 0 4
1 0 0 4
1 0 0 4
1 0 0 5
1 0 0 5
1 0 0 6
1 0 0 6
1 0 0 6
1 0 0 6
1 0 0 5
1 0 0 5
1 0 0 5
1 0 0 5
1 0 0 5
1 0 0 5
1 0 0 5
1 0 0 5
1 0 0 7
1 0 0 7
1 0 0 7
1 0 0 7
1 0 0 7
1 0 0 7
1 0 0 7
1 0 0 7
1 0 0 4
1 0 0 4
1 0 0 4
1 0 0 8
1 0 0 9
1 0 0 9
1 0 0 9
1 0 0 9
1 0 0 9
1 0 0 9
1 0 0 9
1 0 0 9
1 0 0 9
1 0 0 9
1 0 0 8
1 0 0 8
1 0 0 8
1 0 0 8
1 0 0 8
1 0 0 8
1 0 0 8
1 0 0 8
1 0 0 7
1 0 0 7
1 0 0 8
1 0 0 3
1 0 0 2
1 0 0 10
1 0 0 10
1 0 0 10
1 0 0 10
1 0 0 10
1 0 0 10
1 0 0 10
1 0 0 10
1 0 0 10
1 0 0 10
1 0 0 2
1 0 0 11
1 0 0 11
1 0 0 11
1 0 0 11
1 0 0 11
1 0 0 11
1 0 0 11
1 0 0 11
1 0 0 11
1 0 0 11
1 0 0 12
1 0 0 12
1 0 0 12
1 0 0 12
1 0 0 12
1 0 0 12
1 0 0 12
1 0 0 12
1 0 0 12
1 0 0 12
1 0 0 3
1 0 0 3
1 0 0 3
1 0 0 13
1 0 0 13
1 0 0 13
1 0 0 14
1 0 0 14
1 0 0 14
1 0 0 14
1 0 0 14
1 0 0 14
1 0 0 14
1 0 0 14
1 0 0 14
1 0 0 14
1 0 0 13
1 0 0 13
1 0 0 13
1 0 0 15
1 0 0 13
1 0 0 13
1 0 0 15
1 0 0 15
1 0 0 15
1 0 0 15
1 0 0 15
1 0 0 15
1 0 0 15
1 0 0 15
1 0 0 15
1 0 0 13
1 0 0 13
1 0 0 16
1 0 0 16
1 0 0 16
1 0 0 16
1 0 0 16
1 0 0 16
1 0 0 16
1 0 0 16
1 0 0 16
1 0 0 16
1 0 0 3
1 0 0 17
1 0 0 17
1 0 0 17
1 0 0 17
1 0 0 17
1 0 0 17
1 0 0 17
1 0 0 17
1 0 0 3
1 0 0 3
1 0 0 17
1 0 0 17
1 0 0 3
1 0 0 18
1 0 0 19
1 0 0 19
1 0 0 19
1 0 0 19
1 0 0 20
1 0 0 20
1 0 0 21
1 0 0 6
1 0 0 6
1 0 0 6
1 0 0 6
1 0 0 6
1 0 0 21
1 0 0 21
1 0 0 21
1 0 0 21
1 0 0 21
1 0 0 21
1 0 0 21
1 0 0 21
1 0 0 22
1 0 0 22
1 0 0 22
1 0 0 22
1 0 0 22
1 0 0 22
1 0 0 22
1 0 0 22
1 0 0 22
1 0 0 22
1 0 0 19
1 0 0 23
1 0 0 18
1 0 0 1
1 0 0 1
1 0 0 1
1 0 0 23
1 0 0 19
1 0 0 23
1 0 0 2
1 0 0 2
1 0 0 24
1 0 0 25
1 0 0 25
1 0 0 25
1 0 0 25
1 0 0 25
1 0 0 25
1 0 0 25
1 0 0 25
1 0 0 25
1 0 0 25
1 0 0 24
1 0 0 24
1 0 0 24
1 0 0 24
1 0 0 24
1 0 0 24
1 0 0 24
1 0 0 24
1 0 0 24
1 0 0 26
1 0 0 26
1 0 0 26
1 0 0 26
1 0 0 26
1 0 0 26
1 0 0 26
1 0 0 26
1 0 0 27
1 0 0 27
1 0 0 27
1 0 0 27
1 0 0 27
1 0 0 27
1 0 0 27
1 0 0 27
1 0 0 27
1 0 0 27
1 0 0 26
1 0 0 26
1 0 0 2
1 0 0 2
1 0 0 19
1 0 0 19
1 0 0 21
1 0 0 23
1 0 0 23
1 0 0 20
1 0 0 20
1 0 0 20
1 0 0 20
1 0 0 20
1 0 0 20
1 0 0 20
1 0 0 20
1 0 0 23
1 0 0 23
1 0 0 23
1 0 0 23
1 0 0 19
1 0 0 18
1 0 0 19
1 0 0 6
1 0 0 18
1 0 0 18
1 0 0 18
1 0 0 18
1 0 0 2
1 0 0 28
1 0 0 28
1 0 0 28
1 0 0 28
1 0 0 28
1 0 0 28
1 0 0 28
1 0 0 28
1 0 0 28
1 0 0 28
1 0 0 29
1 0 0 29
1 0 0 29
1 0 0 29
1 0 0 29
1 0 0 29
1 0 0 29
1 0 0 29
1 0 0 29
1 0 0 29
1 0 0 30
1 0 0 30
1 0 0 30
1 0 0 30
1 0 0 30
1 0 0 30
1 0 0 30
1 0 0 30
1 0 0 30
1 0 0 30
1 0 0 31
1 0 0 31
1 0 0 31
1 0 0 31
1 0 0 31
1 0 0 31
1 0 0 31
1 0 0 31
1 0 0 31
1 0 0 31
1 0 0 32
1 0 0 32
1 0 0 32
1 0 0 32
1 0 0 32
1 0 0 32
1 0 0 32
1 0 0 32
1 0 0 32
1 0 0 32
1 0 0 2
1 0 0 2
1 0 0 1
1 0 0 1
1 0 0 1
1 0 0 18
1 0 0 18
1 0 0 18
1 0 0 33
1 0 0 33
1 0 0 33
1 0 0 33
1 0 0 33
1 0 0 33
1 0 0 33
1 0 0 33
1 0 0 34
1 0 0 34
1 0 0 34
1 0 0 34
1 0 0 34
1 0 0 34
1 0 0 34
1 0 0 35
1 0 0 35
1 0 0 35
1 0 0 35
1 0 0 35
1 0 0 35
1 0 0 35
1 0 0 35
1 0 0 35
1 0 0 35
1 0 0 34
1 0 0 34
1 0 0 34
1 0 0 33
1 0 0 33
1 0 0 23
0.1 3 4 -1
0.1 2 351 -1
0.1 1 352 -1
0.1 9 10 -1
0.1 13 14 -1
0.1 12 355 -1
0.1 11 356 -1
0.1 354 357 -1
0.1 8 358 -1
0.1 19 20 -1
0.1 18 360 -1
0.1 17 361 -1
0.1 362 21 -1
0.1 363 22 -1
0.1 23 24 -1
0.1 365 25 -1
0.1 364 366 -1
0.1 367 26 -1
0.1 368 27 -1
0.1 16 369 -1
0.1 15 370 -1
0.1 371 28 -1
0.1 359 372 -1
0.1 30 31 -1
0.1 374 32 -1
0.1 34 35 -1
0.1 33 376 -1
0.1 377 36 -1
0.1 375 378 -1
0.1 29 379 -1
0.1 373 380 -1
0.1 38 39 -1
0.1 37 382 -1
0.1 43 44 -1
0.1 42 384 -1
0.1 46 47 -1
0.1 45 386 -1
0.1 387 48 -1
0.1 388 49 -1
0.1 389 50 -1
0.1 385 390 -1
0.1 41 391 -1
0.1 40 392 -1
0.1 393 51 -1
0.1 52 53 -1
0.1 395 54 -1
0.1 396 55 -1
0.1 397 56 -1
0.1 394 398 -1
0.1 59 60 -1
0.1 400 61 -1
0.1 58 401 -1
0.1 57 402 -1
0.1 399 403 -1
0.1 383 404 -1
0.1 67 68 -1
0.1 406 69 -1
0.1 66 407 -1
0.1 71 72 -1
0.1 409 73 -1
0.1 70 410 -1
0.1 408 411 -1
0.1 65 412 -1
0.1 64 413 -1
0.1 63 414 -1
0.1 77 78 -1
0.1 416 79 -1
0.1 76 417 -1
0.1 75 418 -1
0.1 80 81 -1
0.1 420 82 -1
0.1 419 421 -1
0.1 422 83 -1
0.1 423 84 -1
0.1 87 88 -1
0.1 89 90 -1
0.1 91 92 -1
0.1 426 427 -1
0.1 425 428 -1
0.1 429 93 -1
0.1 430 94 -1
0.1 86 431 -1
0.1 85 432 -1
0.1 424 433 -1
0.1 74 434 -1
0.1 415 435 -1
0.1 436 95 -1
0.1 62 437 -1
0.1 438 96 -1
0.1 405 439 -1
0.1 381 440 -1
0.1 97 98 -1
0.1 99 100 -1
0.1 102 103 -1
0.1 101 444 -1
0.1 104 105 -1
0.1 446 106 -1
0.1 107 108 -1
0.1 447 448 -1
0.1 109 110 -1
0.1 449 450 -1
0.1 113 114 -1
0.1 117 118 -1
0.1 119 120 -1
0.1 121 122 -1
0.1 454 455 -1
0.1 453 456 -1
0.1 124 125 -1
0.1 123 458 -1
0.1 457 459 -1
0.1 460 126 -1
0.1 116 461 -1
0.1 115 462 -1
0.1 452 463 -1
0.1 112 464 -1
0.1 111 465 -1
0.1 451 466 -1
0.1 445 467 -1
0.1 128 129 -1
0.1 131 132 -1
0.1 130 470 -1
0.1 133 134 -1
0.1 135 136 -1
0.1 472 473 -1
0.1 471 474 -1
0.1 469 475 -1
0.1 476 137 -1
0.1 127 477 -1
0.1 468 478 -1
0.1 443 479 -1
0.1 442 480 -1
0.1 481 138 -1
0.1 441 482 -1
0.1 141 142 -1
0.1 140 484 -1
0.1 139 485 -1
0.1 143 144 -1
0.1 145 146 -1
0.1 487 488 -1
0.1 486 489 -1
0.1 490 147 -1
0.1 483 491 -1
0.1 7 492 -1
0.1 149 150 -1
0.1 494 151 -1
0.1 148 495 -1
0.1 493 496 -1
0.1 6 497 -1
0.1 5 498 -1
0.1 353 499 -1
0.1 152 153 -1
0.1 501 154 -1
0.1 155 156 -1
0.1 157 158 -1
0.1 161 162 -1
0.1 160 505 -1
0.1 506 163 -1
0.1 507 164 -1
0.1 508 165 -1
0.1 166 167 -1
0.1 509 510 -1
0.1 159 511 -1
0.1 170 171 -1
0.1 513 172 -1
0.1 169 514 -1
0.1 168 515 -1
0.1 512 516 -1
0.1 504 517 -1
0.1 173 174 -1
0.1 519 175 -1
0.1 520 176 -1
0.1 177 178 -1
0.1 521 522 -1
0.1 179 180 -1
0.1 523 524 -1
0.1 181 182 -1
0.1 525 526 -1
0.1 527 183 -1
0.1 518 528 -1
0.1 503 529 -1
0.1 502 530 -1
0.1 187 188 -1
0.1 186 532 -1
0.1 185 533 -1
0.1 184 534 -1
0.1 535 189 -1
0.1 192 193 -1
0.1 196 197 -1
0.1 195 538 -1
0.1 198 199 -1
0.1 540 200 -1
0.1 202 203 -1
0.1 201 542 -1
0.1 543 204 -1
0.1 541 544 -1
0.1 539 545 -1
0.1 205 206 -1
0.1 547 207 -1
0.1 208 209 -1
0.1 548 549 -1
0.1 211 212 -1
0.1 210 551 -1
0.1 552 213 -1
0.1 550 553 -1
0.1 546 554 -1
0.1 194 555 -1
0.1 215 216 -1
0.1 214 557 -1
0.1 218 219 -1
0.1 217 559 -1
0.1 222 223 -1
0.1 224 225 -1
0.1 561 562 -1
0.1 226 227 -1
0.1 563 564 -1
0.1 228 229 -1
0.1 230 231 -1
0.1 566 567 -1
0.1 565 568 -1
0.1 569 232 -1
0.1 221 570 -1
0.1 220 571 -1
0.1 560 572 -1
0.1 573 233 -1
0.1 558 574 -1
0.1 556 575 -1
0.1 537 576 -1
0.1 234 235 -1
0.1 577 578 -1
0.1 236 237 -1
0.1 579 580 -1
0.1 581 238 -1
0.1 191 582 -1
0.1 239 240 -1
0.1 242 243 -1
0.1 241 585 -1
0.1 586 244 -1
0.1 247 248 -1
0.1 246 588 -1
0.1 245 589 -1
0.1 587 590 -1
0.1 591 249 -1
0.1 592 250 -1
0.1 584 593 -1
0.1 583 594 -1
0.1 190 595 -1
0.1 536 596 -1
0.1 251 252 -1
0.1 253 254 -1
0.1 599 255 -1
0.1 257 258 -1
0.1 601 259 -1
0.1 602 260 -1
0.1 256 603 -1
0.1 263 264 -1
0.1 265 266 -1
0.1 605 606 -1
0.1 268 269 -1
0.1 267 608 -1
0.1 270 271 -1
0.1 609 610 -1
0.1 607 611 -1
0.1 262 612 -1
0.1 261 613 -1
0.1 276 277 -1
0.1 275 615 -1
0.1 274 616 -1
0.1 273 617 -1
0.1 618 278 -1
0.1 280 281 -1
0.1 279 620 -1
0.1 619 621 -1
0.1 272 622 -1
0.1 285 286 -1
0.1 284 624 -1
0.1 283 625 -1
0.1 289 290 -1
0.1 288 627 -1
0.1 287 628 -1
0.1 626 629 -1
0.1 282 630 -1
0.1 631 291 -1
0.1 292 293 -1
0.1 294 295 -1
0.1 633 634 -1
0.1 632 635 -1
0.1 296 297 -1
0.1 636 637 -1
0.1 298 299 -1
0.1 300 301 -1
0.1 639 640 -1
0.1 638 641 -1
0.1 623 642 -1
0.1 303 304 -1
0.1 306 307 -1
0.1 645 308 -1
0.1 305 646 -1
0.1 647 309 -1
0.1 648 310 -1
0.1 649 311 -1
0.1 644 650 -1
0.1 302 651 -1
0.1 643 652 -1
0.1 614 653 -1
0.1 312 313 -1
0.1 654 655 -1
0.1 604 656 -1
0.1 315 316 -1
0.1 314 658 -1
0.1 317 318 -1
0.1 660 319 -1
0.1 321 322 -1
0.1 320 662 -1
0.1 323 324 -1
0.1 326 327 -1
0.1 325 665 -1
0.1 664 666 -1
0.1 663 667 -1
0.1 330 331 -1
0.1 669 332 -1
0.1 333 334 -1
0.1 670 671 -1
0.1 337 338 -1
0.1 339 340 -1
0.1 341 342 -1
0.1 674 675 -1
0.1 343 344 -1
0.1 676 677 -1
0.1 673 678 -1
0.1 336 679 -1
0.1 335 680 -1
0.1 346 347 -1
0.1 345 682 -1
0.1 681 683 -1
0.1 672 684 -1
0.1 329 685 -1
0.1 328 686 -1
0.1 687 348 -1
0.1 688 349 -1
0.1 668 689 -1
0.1 661 690 -1
0.1 659 691 -1
0.1 657 692 -1
0.1 600 693 -1
0.1 694 350 -1
0.1 598 695 -1
0.1 597 696 -1
0.1 531 697 -1
0.1 500 698 -1
