1 0 0 1
1 0 0 1
1 0 0 2
1 0 0 2
1 0 0 3
1 0 0 3
1 0 0 3
1 0 0 4
1 0 0 5
1 0 0 6
1 0 0 2
1 0 0 2
1 0 0 2
1 0 0 2
1 0 0 2
1 0 0 2
1 0 0 2
1 0 0 2
1 0 0 7
1 0 0 7
1 0 0 7
1 0 0 7
1 0 0 7
1 0 0 8
1 0 0 8
1 0 0 8
1 0 0 8
1 0 0 8
1 0 0 8
1 0 0 8
1 0 0 8
1 0 0 8
1 0 0 8
1 0 0 7
1 0 0 7
1 0 0 7
1 0 0 7
1 0 0 9
1 0 0 4
1 0 0 4
1 0 0 6
1 0 0 6
1 0 0 10
1 0 0 10
1 0 0 10
1 0 0 10
1 0 0 10
1 0 0 10
1 0 0 10
1 0 0 10
1 0 0 10
1 0 0 10
1 0 0 5
1 0 0 11
1 0 0 5
1 0 0 11
1 0 0 11
1 0 0 11
1 0 0 11
1 0 0 11
1 0 0 11
1 0 0 11
1 0 0 11
1 0 0 11
1 0 0 5
1 0 0 5
1 0 0 5
1 0 0 5
1 0 0 12
1 0 0 12
1 0 0 12
1 0 0 12
1 0 0 12
1 0 0 12
1 0 0 12
1 0 0 12
1 0 0 12
1 0 0 12
1 0 0 3
1 0 0 3
1 0 0 13
1 0 0 13
1 0 0 13
1 0 0 13
1 0 0 13
1 0 0 13
1 0 0 13
1 0 0 13
1 0 0 13
1 0 0 13
1 0 0 5
1 0 0 5
1 0 0 5
1 0 0 6
1 0 0 6
1 0 0 6
1 0 0 6
1 0 0 4
1 0 0 4
1 0 0 4
1 0 0 4
1 0 0 4
1 0 0 4
1 0 0 4
1 0 0 3
1 0 0 3
1 0 0 3
1 0 0 3
1 0 0 3
1 0 0 14
1 0 0 14
1 0 0 14
1 0 0 6
1 0 0 15
1 0 0 6
1 0 0 6
1 0 0 9
1 0 0 9
1 0 0 16
1 0 0 16
1 0 0 1
1 0 0 1
1 0 0 1
1 0 0 1
1 0 0 1
1 0 0 17
1 0 0 17
1 0 0 17
1 0 0 17
1 0 0 17
1 0 0 17
1 0 0 17
1 0 0 18
1 0 0 18
1 0 0 18
1 0 0 18
1 0 0 18
1 0 0 18
1 0 0 18
1 0 0 18
1 0 0 18
1 0 0 18
1 0 0 17
1 0 0 17
1 0 0 19
1 0 0 19
1 0 0 19
1 0 0 19
1 0 0 19
1 0 0 19
1 0 0 19
1 0 0 19
1 0 0 19
1 0 0 19
1 0 0 20
1 0 0 20
1 0 0 20
1 0 0 20
1 0 0 20
1 0 0 20
1 0 0 20
1 0 0 20
1 0 0 20
1 0 0 20
1 0 0 21
1 0 0 21
1 0 0 21
1 0 0 21
1 0 0 21
1 0 0 21
1 0 0 21
1 0 0 21
1 0 0 21
1 0 0 21
1 0 0 17
1 0 0 15
1 0 0 16
1 0 0 16
1 0 0 16
1 0 0 15
1 0 0 15
1 0 0 15
1 0 0 22
1 0 0 22
1 0 0 22
1 0 0 22
1 0 0 22
1 0 0 22
1 0 0 22
1 0 0 22
1 0 0 23
1 0 0 23
1 0 0 23
1 0 0 23
1 0 0 23
1 0 0 23
1 0 0 23
1 0 0 23
1 0 0 23
1 0 0 23
1 0 0 22
1 0 0 22
1 0 0 15
1 0 0 24
1 0 0 24
1 0 0 24
1 0 0 24
1 0 0 24
1 0 0 24
1 0 0 24
1 0 0 24
1 0 0 24
1 0 0 24
1 0 0 7
1 0 0 16
1 0 0 16
1 0 0 16
1 0 0 16
1 0 0 9
1 0 0 9
1 0 0 9
1 0 0 16
1 0 0 1
1 0 0 25
1 0 0 25
1 0 0 25
1 0 0 15
1 0 0 15
1 0 0 26
1 0 0 26
1 0 0 26
1 0 0 26
1 0 0 26
1 0 0 26
1 0 0 26
1 0 0 26
1 0 0 26
1 0 0 26
1 0 0 27
1 0 0 27
1 0 0 27
1 0 0 27
1 0 0 27
1 0 0 27
1 0 0 27
1 0 0 27
1 0 0 27
1 0 0 27
1 0 0 15
1 0 0 15
1 0 0 28
1 0 0 28
1 0 0 28
1 0 0 28
1 0 0 28
1 0 0 28
1 0 0 28
1 0 0 28
1 0 0 28
1 0 0 28
1 0 0 29
1 0 0 29
1 0 0 29
1 0 0 29
1 0 0 29
1 0 0 29
1 0 0 29
1 0 0 29
1 0 0 29
1 0 0 29
1 0 0 30
1 0 0 30
1 0 0 14
1 0 0 14
1 0 0 14
1 0 0 14
1 0 0 14
1 0 0 14
1 0 0 14
1 0 0 1
1 0 0 31
1 0 0 31
1 0 0 31
1 0 0 31
1 0 0 31
1 0 0 31
1 0 0 31
1 0 0 31
1 0 0 31
1 0 0 31
1 0 0 32
1 0 0 32
1 0 0 32
1 0 0 33
1 0 0 33
1 0 0 33
1 0 0 33
1 0 0 33
1 0 0 33
1 0 0 33
1 0 0 33
1 0 0 33
1 0 0 33
1 0 0 32
1 0 0 32
1 0 0 32
1 0 0 32
1 0 0 32
1 0 0 32
1 0 0 32
1 0 0 34
1 0 0 34
1 0 0 34
1 0 0 34
1 0 0 34
1 0 0 34
1 0 0 34
1 0 0 34
1 0 0 34
1 0 0 34
1 0 0 35
1 0 0 35
1 0 0 35
1 0 0 35
1 0 0 1
1 0 0 35
1 0 0 35
1 0 0 35
1 0 0 35
1 0 0 35
1 0 0 35
1 0 0 25
1 0 0 25
1 0 0 25
1 0 0 25
1 0 0 30
1 0 0 30
1 0 0 30
1 0 0 30
1 0 0 30
1 0 0 30
1 0 0 30
1 0 0 30
1 0 0 25
1 0 0 25
1 0 0 25
1 0 0 9
1 0 0 9
1 0 0 9
1 0 0 9
0.1 1 2 -1
0.1 3 4 -1
0.1 5 6 -1
0.1 353 7 -1
0.1 352 354 -1
0.1 12 13 -1
0.1 356 14 -1
0.1 15 16 -1
0.1 358 17 -1
0.1 357 359 -1
0.1 11 360 -1
0.1 361 18 -1
0.1 19 20 -1
0.1 22 23 -1
0.1 21 364 -1
0.1 363 365 -1
0.1 27 28 -1
0.1 26 367 -1
0.1 25 368 -1
0.1 29 30 -1
0.1 370 31 -1
0.1 369 371 -1
0.1 372 32 -1
0.1 373 33 -1
0.1 24 374 -1
0.1 366 375 -1
0.1 35 36 -1
0.1 34 377 -1
0.1 378 37 -1
0.1 376 379 -1
0.1 380 38 -1
0.1 362 381 -1
0.1 39 40 -1
0.1 382 383 -1
0.1 10 384 -1
0.1 41 42 -1
0.1 44 45 -1
0.1 43 387 -1
0.1 46 47 -1
0.1 48 49 -1
0.1 390 50 -1
0.1 389 391 -1
0.1 51 52 -1
0.1 392 393 -1
0.1 53 54 -1
0.1 59 60 -1
0.1 58 396 -1
0.1 57 397 -1
0.1 61 62 -1
0.1 63 64 -1
0.1 399 400 -1
0.1 398 401 -1
0.1 56 402 -1
0.1 65 66 -1
0.1 403 404 -1
0.1 405 67 -1
0.1 55 406 -1
0.1 407 68 -1
0.1 395 408 -1
0.1 394 409 -1
0.1 70 71 -1
0.1 73 74 -1
0.1 72 412 -1
0.1 77 78 -1
0.1 76 414 -1
0.1 75 415 -1
0.1 413 416 -1
0.1 411 417 -1
0.1 69 418 -1
0.1 419 79 -1
0.1 420 80 -1
0.1 410 421 -1
0.1 388 422 -1
0.1 81 82 -1
0.1 83 84 -1
0.1 86 87 -1
0.1 88 89 -1
0.1 426 427 -1
0.1 85 428 -1
0.1 425 429 -1
0.1 424 430 -1
0.1 431 90 -1
0.1 432 91 -1
0.1 92 93 -1
0.1 433 434 -1
0.1 423 435 -1
0.1 386 436 -1
0.1 95 96 -1
0.1 94 438 -1
0.1 437 439 -1
0.1 385 440 -1
0.1 9 441 -1
0.1 99 100 -1
0.1 443 101 -1
0.1 103 104 -1
0.1 102 445 -1
0.1 444 446 -1
0.1 98 447 -1
0.1 105 106 -1
0.1 107 108 -1
0.1 450 109 -1
0.1 449 451 -1
0.1 111 112 -1
0.1 110 453 -1
0.1 452 454 -1
0.1 448 455 -1
0.1 97 456 -1
0.1 442 457 -1
0.1 114 115 -1
0.1 459 116 -1
0.1 113 460 -1
0.1 458 461 -1
0.1 8 462 -1
0.1 355 463 -1
0.1 117 118 -1
0.1 465 119 -1
0.1 464 466 -1
0.1 351 467 -1
0.1 122 123 -1
0.1 121 469 -1
0.1 124 125 -1
0.1 127 128 -1
0.1 129 130 -1
0.1 131 132 -1
0.1 473 474 -1
0.1 134 135 -1
0.1 137 138 -1
0.1 139 140 -1
0.1 477 478 -1
0.1 141 142 -1
0.1 479 480 -1
0.1 136 481 -1
0.1 476 482 -1
0.1 133 483 -1
0.1 484 143 -1
0.1 485 144 -1
0.1 475 486 -1
0.1 147 148 -1
0.1 146 488 -1
0.1 151 152 -1
0.1 150 490 -1
0.1 149 491 -1
0.1 153 154 -1
0.1 492 493 -1
0.1 489 494 -1
0.1 145 495 -1
0.1 156 157 -1
0.1 160 161 -1
0.1 498 162 -1
0.1 163 164 -1
0.1 499 500 -1
0.1 159 501 -1
0.1 158 502 -1
0.1 497 503 -1
0.1 155 504 -1
0.1 169 170 -1
0.1 171 172 -1
0.1 173 174 -1
0.1 507 508 -1
0.1 506 509 -1
0.1 168 510 -1
0.1 167 511 -1
0.1 166 512 -1
0.1 165 513 -1
0.1 505 514 -1
0.1 496 515 -1
0.1 487 516 -1
0.1 472 517 -1
0.1 126 518 -1
0.1 519 175 -1
0.1 178 179 -1
0.1 177 521 -1
0.1 522 180 -1
0.1 176 523 -1
0.1 520 524 -1
0.1 525 181 -1
0.1 186 187 -1
0.1 527 188 -1
0.1 185 528 -1
0.1 184 529 -1
0.1 530 189 -1
0.1 195 196 -1
0.1 194 532 -1
0.1 197 198 -1
0.1 534 199 -1
0.1 533 535 -1
0.1 193 536 -1
0.1 537 200 -1
0.1 192 538 -1
0.1 191 539 -1
0.1 190 540 -1
0.1 531 541 -1
0.1 542 201 -1
0.1 543 202 -1
0.1 183 544 -1
0.1 182 545 -1
0.1 205 206 -1
0.1 208 209 -1
0.1 207 548 -1
0.1 210 211 -1
0.1 549 550 -1
0.1 212 213 -1
0.1 551 552 -1
0.1 547 553 -1
0.1 204 554 -1
0.1 203 555 -1
0.1 546 556 -1
0.1 526 557 -1
0.1 216 217 -1
0.1 215 559 -1
0.1 560 218 -1
0.1 214 561 -1
0.1 220 221 -1
0.1 219 563 -1
0.1 564 222 -1
0.1 562 565 -1
0.1 566 223 -1
0.1 558 567 -1
0.1 471 568 -1
0.1 470 569 -1
0.1 120 570 -1
0.1 224 225 -1
0.1 572 226 -1
0.1 227 228 -1
0.1 229 230 -1
0.1 575 231 -1
0.1 576 232 -1
0.1 577 233 -1
0.1 235 236 -1
0.1 237 238 -1
0.1 579 580 -1
0.1 234 581 -1
0.1 578 582 -1
0.1 241 242 -1
0.1 240 584 -1
0.1 585 243 -1
0.1 246 247 -1
0.1 245 587 -1
0.1 244 588 -1
0.1 589 248 -1
0.1 586 590 -1
0.1 239 591 -1
0.1 583 592 -1
0.1 574 593 -1
0.1 252 253 -1
0.1 251 595 -1
0.1 596 254 -1
0.1 255 256 -1
0.1 597 598 -1
0.1 258 259 -1
0.1 257 600 -1
0.1 601 260 -1
0.1 599 602 -1
0.1 264 265 -1
0.1 604 266 -1
0.1 263 605 -1
0.1 268 269 -1
0.1 267 607 -1
0.1 606 608 -1
0.1 262 609 -1
0.1 610 270 -1
0.1 261 611 -1
0.1 603 612 -1
0.1 250 613 -1
0.1 249 614 -1
0.1 594 615 -1
0.1 271 272 -1
0.1 274 275 -1
0.1 618 276 -1
0.1 277 278 -1
0.1 620 279 -1
0.1 619 621 -1
0.1 273 622 -1
0.1 617 623 -1
0.1 616 624 -1
0.1 625 280 -1
0.1 281 282 -1
0.1 283 284 -1
0.1 627 628 -1
0.1 287 288 -1
0.1 630 289 -1
0.1 286 631 -1
0.1 632 290 -1
0.1 285 633 -1
0.1 629 634 -1
0.1 292 293 -1
0.1 295 296 -1
0.1 637 297 -1
0.1 298 299 -1
0.1 638 639 -1
0.1 301 302 -1
0.1 300 641 -1
0.1 640 642 -1
0.1 643 303 -1
0.1 294 644 -1
0.1 304 305 -1
0.1 645 646 -1
0.1 636 647 -1
0.1 307 308 -1
0.1 306 649 -1
0.1 309 310 -1
0.1 650 651 -1
0.1 648 652 -1
0.1 291 653 -1
0.1 313 314 -1
0.1 315 316 -1
0.1 319 320 -1
0.1 318 657 -1
0.1 317 658 -1
0.1 656 659 -1
0.1 655 660 -1
0.1 312 661 -1
0.1 311 662 -1
0.1 654 663 -1
0.1 321 322 -1
0.1 665 323 -1
0.1 666 324 -1
0.1 664 667 -1
0.1 635 668 -1
0.1 669 325 -1
0.1 626 670 -1
0.1 326 327 -1
0.1 672 328 -1
0.1 673 329 -1
0.1 674 330 -1
0.1 675 331 -1
0.1 676 332 -1
0.1 671 677 -1
0.1 333 334 -1
0.1 338 339 -1
0.1 337 680 -1
0.1 681 340 -1
0.1 342 343 -1
0.1 341 683 -1
0.1 682 684 -1
0.1 336 685 -1
0.1 335 686 -1
0.1 687 344 -1
0.1 679 688 -1
0.1 678 689 -1
0.1 573 690 -1
0.1 345 346 -1
0.1 347 348 -1
0.1 349 350 -1
0.1 693 694 -1
0.1 692 695 -1
0.1 691 696 -1
0.1 571 697 -1
0.1 468 698 -1
