1 0 0 1
1 0 0 1
1 0 0 1
1 0 0 1
1 0 0 1
1 0 0 1
1 0 0 1
1 0 0 1
1 0 0 1
1 0 0 1
1 0 0 2
1 0 0 2
1 0 0 2
1 0 0 2
1 0 0 2
1 0 0 2
1 0 0 2
1 0 0 2
1 0 0 2
1 0 0 2
1 0 0 3
1 0 0 4
1 0 0 5
1 0 0 5
1 0 0 3
1 0 0 3
1 0 0 3
1 0 0 3
1 0 0 3
1 0 0 3
1 0 0 6
1 0 0 6
1 0 0 6
1 0 0 6
1 0 0 3
1 0 0 3
1 0 0 3
1 0 0 5
1 0 0 5
1 0 0 5
1 0 0 5
1 0 0 5
1 0 0 5
1 0 0 6
1 0 0 6
1 0 0 5
1 0 0 5
1 0 0 4
1 0 0 4
1 0 0 4
1 0 0 4
1 0 0 4
1 0 0 7
1 0 0 7
1 0 0 7
1 0 0 7
1 0 0 7
1 0 0 7
1 0 0 7
1 0 0 7
1 0 0 7
1 0 0 7
1 0 0 6
1 0 0 6
1 0 0 6
1 0 0 6
1 0 0 4
1 0 0 4
1 0 0 4
1 0 0 4
0.1 3 4 -1
0.1 2 71 -1
0.1 5 6 -1
0.1 72 73 -1
0.1 7 8 -1
0.1 9 10 -1
0.1 75 76 -1
0.1 74 77 -1
0.1 1 78 -1
0.1 11 12 -1
0.1 80 13 -1
0.1 81 14 -1
0.1 16 17 -1
0.1 83 18 -1
0.1 15 84 -1
0.1 19 20 -1
0.1 85 86 -1
0.1 82 87 -1
0.1 79 88 -1
0.1 89 21 -1
0.1 90 22 -1
0.1 25 26 -1
0.1 92 27 -1
0.1 93 28 -1
0.1 29 30 -1
0.1 94 95 -1
0.1 31 32 -1
0.1 33 34 -1
0.1 97 98 -1
0.1 36 37 -1
0.1 35 100 -1
0.1 99 101 -1
0.1 96 102 -1
0.1 39 40 -1
0.1 104 41 -1
0.1 38 105 -1
0.1 103 106 -1
0.1 42 43 -1
0.1 107 108 -1
0.1 24 109 -1
0.1 23 110 -1
0.1 44 45 -1
0.1 112 46 -1
0.1 113 47 -1
0.1 114 48 -1
0.1 111 115 -1
0.1 50 51 -1
0.1 49 117 -1
0.1 116 118 -1
0.1 119 52 -1
0.1 53 54 -1
0.1 56 57 -1
0.1 55 122 -1
0.1 58 59 -1
0.1 123 124 -1
0.1 121 125 -1
0.1 61 62 -1
0.1 60 127 -1
0.1 126 128 -1
0.1 63 64 -1
0.1 129 130 -1
0.1 65 66 -1
0.1 131 132 -1
0.1 133 67 -1
0.1 68 69 -1
0.1 134 135 -1
0.1 136 70 -1
0.1 120 137 -1
0.1 91 138 -1
