1 0 0 1
1 0 0 1
1 0 0 1
1 0 0 1
1 0 0 1
1 0 0 1
1 0 0 1
1 0 0 1
1 0 0 1
1 0 0 1
1 0 0 2
1 0 0 2
1 0 0 2
1 0 0 3
1 0 0 3
1 0 0 3
1 0 0 3
1 0 0 3
1 0 0 3
1 0 0 4
1 0 0 4
1 0 0 4
1 0 0 4
1 0 0 4
1 0 0 4
1 0 0 4
1 0 0 4
1 0 0 4
1 0 0 4
1 0 0 3
1 0 0 3
1 0 0 3
1 0 0 3
1 0 0 2
1 0 0 2
1 0 0 2
1 0 0 2
1 0 0 2
1 0 0 2
1 0 0 2
1 0 0 5
1 0 0 5
1 0 0 5
1 0 0 5
1 0 0 5
1 0 0 5
1 0 0 5
1 0 0 5
1 0 0 5
1 0 0 5
1 0 0 6
1 0 0 6
1 0 0 6
1 0 0 6
1 0 0 6
1 0 0 6
1 0 0 6
1 0 0 6
1 0 0 6
1 0 0 6
1 0 0 7
1 0 0 7
1 0 0 7
1 0 0 7
1 0 0 7
1 0 0 7
1 0 0 7
1 0 0 7
1 0 0 7
1 0 0 7
1 0 0 8
1 0 0 8
1 0 0 8
1 0 0 8
1 0 0 8
1 0 0 8
1 0 0 8
1 0 0 8
1 0 0 8
1 0 0 8
1 0 0 9
1 0 0 9
1 0 0 9
1 0 0 9
1 0 0 9
1 0 0 9
1 0 0 9
1 0 0 9
1 0 0 9
1 0 0 9
1 0 0 10
1 0 0 10
1 0 0 10
1 0 0 11
1 0 0 11
1 0 0 11
1 0 0 11
1 0 0 11
1 0 0 11
1 0 0 11
1 0 0 11
1 0 0 11
1 0 0 11
1 0 0 12
1 0 0 12
1 0 0 12
1 0 0 12
1 0 0 12
1 0 0 12
1 0 0 12
1 0 0 12
1 0 0 12
1 0 0 12
1 0 0 10
1 0 0 10
1 0 0 10
1 0 0 10
1 0 0 10
1 0 0 10
1 0 0 10
1 0 0 13
1 0 0 13
1 0 0 13
1 0 0 13
1 0 0 13
1 0 0 13
1 0 0 13
1 0 0 13
1 0 0 13
1 0 0 13
1 0 0 14
1 0 0 14
1 0 0 14
1 0 0 14
1 0 0 14
1 0 0 14
1 0 0 14
1 0 0 14
1 0 0 14
1 0 0 14
1 0 0 15
1 0 0 15
1 0 0 15
1 0 0 15
1 0 0 15
1 0 0 15
1 0 0 15
1 0 0 15
1 0 0 15
1 0 0 15
1 0 0 16
1 0 0 16
1 0 0 16
1 0 0 16
1 0 0 16
1 0 0 16
1 0 0 16
1 0 0 16
1 0 0 16
1 0 0 16
1 0 0 17
1 0 0 17
1 0 0 17
1 0 0 17
1 0 0 17
1 0 0 17
1 0 0 17
1 0 0 17
1 0 0 17
1 0 0 17
1 0 0 18
1 0 0 18
1 0 0 18
1 0 0 18
1 0 0 18
1 0 0 18
1 0 0 18
1 0 0 18
1 0 0 18
1 0 0 18
1 0 0 19
1 0 0 19
1 0 0 19
1 0 0 19
1 0 0 19
1 0 0 19
1 0 0 19
1 0 0 19
1 0 0 19
1 0 0 19
1 0 0 20
1 0 0 20
1 0 0 20
1 0 0 20
1 0 0 20
1 0 0 20
1 0 0 20
1 0 0 20
1 0 0 20
1 0 0 20
1 0 0 21
1 0 0 21
1 0 0 21
1 0 0 22
1 0 0 22
1 0 0 22
1 0 0 22
1 0 0 23
1 0 0 23
1 0 0 23
1 0 0 23
1 0 0 23
1 0 0 23
1 0 0 23
1 0 0 23
1 0 0 23
1 0 0 23
1 0 0 22
1 0 0 22
1 0 0 22
1 0 0 22
1 0 0 22
1 0 0 22
1 0 0 21
1 0 0 24
1 0 0 24
1 0 0 24
1 0 0 24
1 0 0 24
1 0 0 24
1 0 0 24
1 0 0 24
1 0 0 24
1 0 0 24
1 0 0 25
1 0 0 25
1 0 0 25
1 0 0 25
1 0 0 25
1 0 0 25
1 0 0 25
1 0 0 25
1 0 0 25
1 0 0 25
1 0 0 26
1 0 0 26
1 0 0 26
1 0 0 26
1 0 0 27
1 0 0 27
1 0 0 27
1 0 0 27
1 0 0 27
1 0 0 27
1 0 0 27
1 0 0 27
1 0 0 27
1 0 0 27
1 0 0 26
1 0 0 26
1 0 0 26
1 0 0 28
1 0 0 28
1 0 0 28
1 0 0 28
1 0 0 28
1 0 0 28
1 0 0 28
1 0 0 28
1 0 0 28
1 0 0 28
1 0 0 26
1 0 0 29
1 0 0 29
1 0 0 26
1 0 0 26
1 0 0 29
1 0 0 29
1 0 0 29
1 0 0 29
1 0 0 29
1 0 0 29
1 0 0 29
1 0 0 29
1 0 0 30
1 0 0 30
1 0 0 30
1 0 0 30
1 0 0 30
1 0 0 30
1 0 0 30
1 0 0 30
1 0 0 30
1 0 0 30
1 0 0 21
1 0 0 21
1 0 0 21
1 0 0 21
1 0 0 21
1 0 0 21
1 0 0 31
1 0 0 31
1 0 0 31
1 0 0 31
1 0 0 31
1 0 0 31
1 0 0 31
1 0 0 31
1 0 0 31
1 0 0 31
0.1 3 4 -1
0.1 2 311 -1
0.1 1 312 -1
0.1 6 7 -1
0.1 5 314 -1
0.1 8 9 -1
0.1 316 10 -1
0.1 315 317 -1
0.1 313 318 -1
0.1 12 13 -1
0.1 11 320 -1
0.1 15 16 -1
0.1 322 17 -1
0.1 14 323 -1
0.1 18 19 -1
0.1 324 325 -1
0.1 22 23 -1
0.1 21 327 -1
0.1 24 25 -1
0.1 26 27 -1
0.1 329 330 -1
0.1 328 331 -1
0.1 28 29 -1
0.1 332 333 -1
0.1 20 334 -1
0.1 326 335 -1
0.1 32 33 -1
0.1 31 337 -1
0.1 30 338 -1
0.1 336 339 -1
0.1 321 340 -1
0.1 34 35 -1
0.1 38 39 -1
0.1 37 343 -1
0.1 36 344 -1
0.1 342 345 -1
0.1 41 42 -1
0.1 45 46 -1
0.1 348 47 -1
0.1 44 349 -1
0.1 43 350 -1
0.1 49 50 -1
0.1 48 352 -1
0.1 351 353 -1
0.1 347 354 -1
0.1 54 55 -1
0.1 53 356 -1
0.1 52 357 -1
0.1 59 60 -1
0.1 58 359 -1
0.1 57 360 -1
0.1 56 361 -1
0.1 358 362 -1
0.1 51 363 -1
0.1 61 62 -1
0.1 64 65 -1
0.1 63 366 -1
0.1 67 68 -1
0.1 66 368 -1
0.1 367 369 -1
0.1 365 370 -1
0.1 69 70 -1
0.1 71 72 -1
0.1 74 75 -1
0.1 73 374 -1
0.1 76 77 -1
0.1 78 79 -1
0.1 377 80 -1
0.1 376 378 -1
0.1 375 379 -1
0.1 373 380 -1
0.1 372 381 -1
0.1 371 382 -1
0.1 364 383 -1
0.1 355 384 -1
0.1 40 385 -1
0.1 346 386 -1
0.1 341 387 -1
0.1 319 388 -1
0.1 82 83 -1
0.1 84 85 -1
0.1 390 391 -1
0.1 81 392 -1
0.1 86 87 -1
0.1 394 88 -1
0.1 89 90 -1
0.1 395 396 -1
0.1 393 397 -1
0.1 92 93 -1
0.1 95 96 -1
0.1 98 99 -1
0.1 97 401 -1
0.1 400 402 -1
0.1 94 403 -1
0.1 102 103 -1
0.1 101 405 -1
0.1 100 406 -1
0.1 104 105 -1
0.1 106 107 -1
0.1 108 109 -1
0.1 111 112 -1
0.1 110 411 -1
0.1 412 113 -1
0.1 410 413 -1
0.1 409 414 -1
0.1 408 415 -1
0.1 407 416 -1
0.1 404 417 -1
0.1 399 418 -1
0.1 91 419 -1
0.1 398 420 -1
0.1 115 116 -1
0.1 114 422 -1
0.1 117 118 -1
0.1 424 119 -1
0.1 124 125 -1
0.1 426 126 -1
0.1 123 427 -1
0.1 127 128 -1
0.1 129 130 -1
0.1 429 430 -1
0.1 428 431 -1
0.1 122 432 -1
0.1 121 433 -1
0.1 120 434 -1
0.1 425 435 -1
0.1 423 436 -1
0.1 421 437 -1
0.1 131 132 -1
0.1 135 136 -1
0.1 134 440 -1
0.1 139 140 -1
0.1 138 442 -1
0.1 137 443 -1
0.1 441 444 -1
0.1 133 445 -1
0.1 439 446 -1
0.1 141 142 -1
0.1 148 149 -1
0.1 449 150 -1
0.1 147 450 -1
0.1 146 451 -1
0.1 145 452 -1
0.1 144 453 -1
0.1 143 454 -1
0.1 448 455 -1
0.1 447 456 -1
0.1 151 152 -1
0.1 153 154 -1
0.1 155 156 -1
0.1 459 460 -1
0.1 458 461 -1
0.1 157 158 -1
0.1 159 160 -1
0.1 463 464 -1
0.1 462 465 -1
0.1 163 164 -1
0.1 166 167 -1
0.1 165 468 -1
0.1 467 469 -1
0.1 162 470 -1
0.1 169 170 -1
0.1 168 472 -1
0.1 471 473 -1
0.1 161 474 -1
0.1 466 475 -1
0.1 457 476 -1
0.1 438 477 -1
0.1 389 478 -1
0.1 171 172 -1
0.1 174 175 -1
0.1 176 177 -1
0.1 482 178 -1
0.1 179 180 -1
0.1 483 484 -1
0.1 481 485 -1
0.1 173 486 -1
0.1 480 487 -1
0.1 183 184 -1
0.1 182 489 -1
0.1 185 186 -1
0.1 490 491 -1
0.1 188 189 -1
0.1 187 493 -1
0.1 494 190 -1
0.1 492 495 -1
0.1 181 496 -1
0.1 488 497 -1
0.1 479 498 -1
0.1 192 193 -1
0.1 191 500 -1
0.1 194 195 -1
0.1 196 197 -1
0.1 199 200 -1
0.1 198 504 -1
0.1 503 505 -1
0.1 502 506 -1
0.1 501 507 -1
0.1 204 205 -1
0.1 208 209 -1
0.1 210 211 -1
0.1 510 511 -1
0.1 212 213 -1
0.1 215 216 -1
0.1 214 514 -1
0.1 515 217 -1
0.1 513 516 -1
0.1 512 517 -1
0.1 219 220 -1
0.1 519 221 -1
0.1 218 520 -1
0.1 518 521 -1
0.1 207 522 -1
0.1 206 523 -1
0.1 222 223 -1
0.1 524 525 -1
0.1 509 526 -1
0.1 203 527 -1
0.1 202 528 -1
0.1 225 226 -1
0.1 228 229 -1
0.1 227 531 -1
0.1 532 230 -1
0.1 231 232 -1
0.1 534 233 -1
0.1 236 237 -1
0.1 235 536 -1
0.1 238 239 -1
0.1 538 240 -1
0.1 537 539 -1
0.1 243 244 -1
0.1 242 541 -1
0.1 241 542 -1
0.1 540 543 -1
0.1 234 544 -1
0.1 535 545 -1
0.1 533 546 -1
0.1 530 547 -1
0.1 247 248 -1
0.1 246 549 -1
0.1 245 550 -1
0.1 250 251 -1
0.1 252 253 -1
0.1 552 553 -1
0.1 249 554 -1
0.1 255 256 -1
0.1 254 556 -1
0.1 257 258 -1
0.1 557 558 -1
0.1 555 559 -1
0.1 259 260 -1
0.1 560 561 -1
0.1 263 264 -1
0.1 262 563 -1
0.1 265 266 -1
0.1 565 267 -1
0.1 564 566 -1
0.1 268 269 -1
0.1 567 568 -1
0.1 270 271 -1
0.1 569 570 -1
0.1 261 571 -1
0.1 562 572 -1
0.1 273 274 -1
0.1 275 276 -1
0.1 277 278 -1
0.1 279 280 -1
0.1 577 281 -1
0.1 283 284 -1
0.1 282 579 -1
0.1 578 580 -1
0.1 576 581 -1
0.1 575 582 -1
0.1 574 583 -1
0.1 272 584 -1
0.1 573 585 -1
0.1 551 586 -1
0.1 548 587 -1
0.1 224 588 -1
0.1 285 286 -1
0.1 288 289 -1
0.1 591 290 -1
0.1 287 592 -1
0.1 590 593 -1
0.1 291 292 -1
0.1 595 293 -1
0.1 594 596 -1
0.1 597 294 -1
0.1 296 297 -1
0.1 295 599 -1
0.1 598 600 -1
0.1 298 299 -1
0.1 602 300 -1
0.1 601 603 -1
0.1 589 604 -1
0.1 529 605 -1
0.1 201 606 -1
0.1 304 305 -1
0.1 303 608 -1
0.1 302 609 -1
0.1 306 307 -1
0.1 309 310 -1
0.1 308 612 -1
0.1 611 613 -1
0.1 610 614 -1
0.1 301 615 -1
0.1 607 616 -1
0.1 508 617 -1
0.1 499 618 -1
