1 0 0 1
1 0 0 1
1 0 0 1
1 0 0 1
1 0 0 1
1 0 0 1
1 0 0 2
1 0 0 2
1 0 0 2
1 0 0 2
1 0 0 2
1 0 0 2
1 0 0 2
1 0 0 2
1 0 0 2
1 0 0 2
1 0 0 1
1 0 0 1
1 0 0 1
1 0 0 1
1 0 0 3
1 0 0 3
1 0 0 3
1 0 0 3
1 0 0 3
1 0 0 3
1 0 0 3
1 0 0 4
1 0 0 4
1 0 0 4
1 0 0 4
1 0 0 4
1 0 0 4
1 0 0 4
1 0 0 4
1 0 0 4
1 0 0 4
1 0 0 5
1 0 0 5
1 0 0 6
1 0 0 6
1 0 0 6
1 0 0 6
1 0 0 6
1 0 0 6
1 0 0 6
1 0 0 6
1 0 0 6
1 0 0 6
1 0 0 5
1 0 0 5
1 0 0 5
1 0 0 5
1 0 0 5
1 0 0 5
1 0 0 5
1 0 0 5
1 0 0 7
1 0 0 7
1 0 0 7
1 0 0 7
1 0 0 7
1 0 0 7
1 0 0 7
1 0 0 7
1 0 0 7
1 0 0 7
1 0 0 3
1 0 0 3
1 0 0 3
1 0 0 8
1 0 0 8
1 0 0 8
1 0 0 8
1 0 0 8
1 0 0 8
1 0 0 8
1 0 0 8
1 0 0 8
1 0 0 8
1 0 0 9
1 0 0 9
1 0 0 9
1 0 0 9
1 0 0 9
1 0 0 9
1 0 0 9
1 0 0 9
1 0 0 9
1 0 0 9
1 0 0 10
1 0 0 10
1 0 0 10
1 0 0 10
1 0 0 10
1 0 0 10
1 0 0 10
1 0 0 10
1 0 0 10
1 0 0 10
1 0 0 11
1 0 0 11
1 0 0 11
1 0 0 11
1 0 0 11
1 0 0 11
1 0 0 11
1 0 0 11
1 0 0 11
1 0 0 11
1 0 0 12
1 0 0 12
1 0 0 12
1 0 0 12
1 0 0 12
1 0 0 12
1 0 0 12
1 0 0 12
1 0 0 12
1 0 0 12
1 0 0 13
1 0 0 13
1 0 0 13
1 0 0 13
1 0 0 13
1 0 0 13
1 0 0 13
1 0 0 13
1 0 0 13
1 0 0 13
1 0 0 14
1 0 0 14
1 0 0 14
1 0 0 15
1 0 0 15
1 0 0 15
1 0 0 15
1 0 0 15
1 0 0 15
1 0 0 15
1 0 0 15
1 0 0 15
1 0 0 15
1 0 0 14
1 0 0 14
1 0 0 14
1 0 0 16
1 0 0 16
1 0 0 16
1 0 0 16
1 0 0 16
1 0 0 16
1 0 0 16
1 0 0 16
1 0 0 16
1 0 0 16
1 0 0 17
1 0 0 17
1 0 0 17
1 0 0 17
1 0 0 17
1 0 0 17
1 0 0 17
1 0 0 17
1 0 0 17
1 0 0 17
1 0 0 14
1 0 0 14
1 0 0 14
1 0 0 18
1 0 0 18
1 0 0 18
1 0 0 18
1 0 0 18
1 0 0 18
1 0 0 18
1 0 0 18
1 0 0 18
1 0 0 18
1 0 0 14
1 0 0 19
1 0 0 19
1 0 0 19
1 0 0 19
1 0 0 19
1 0 0 19
1 0 0 19
1 0 0 19
1 0 0 19
1 0 0 19
1 0 0 20
1 0 0 20
1 0 0 20
1 0 0 20
1 0 0 20
1 0 0 20
1 0 0 20
1 0 0 20
1 0 0 20
1 0 0 20
1 0 0 21
1 0 0 22
1 0 0 22
1 0 0 22
1 0 0 22
1 0 0 22
1 0 0 22
1 0 0 22
1 0 0 22
1 0 0 22
1 0 0 22
1 0 0 23
1 0 0 23
1 0 0 23
1 0 0 23
1 0 0 23
1 0 0 24
1 0 0 24
1 0 0 24
1 0 0 24
1 0 0 24
1 0 0 24
1 0 0 24
1 0 0 24
1 0 0 24
1 0 0 24
1 0 0 23
1 0 0 23
1 0 0 23
1 0 0 23
1 0 0 23
1 0 0 25
1 0 0 25
1 0 0 25
1 0 0 26
1 0 0 26
1 0 0 26
1 0 0 26
1 0 0 26
1 0 0 26
1 0 0 26
1 0 0 26
1 0 0 26
1 0 0 26
1 0 0 25
1 0 0 25
1 0 0 25
1 0 0 25
1 0 0 25
1 0 0 25
1 0 0 25
1 0 0 27
1 0 0 27
1 0 0 27
1 0 0 27
1 0 0 27
1 0 0 27
1 0 0 27
1 0 0 27
1 0 0 27
1 0 0 27
1 0 0 21
1 0 0 21
1 0 0 21
1 0 0 28
1 0 0 28
1 0 0 28
1 0 0 28
1 0 0 28
1 0 0 28
1 0 0 28
1 0 0 28
1 0 0 28
1 0 0 28
1 0 0 21
1 0 0 21
1 0 0 21
1 0 0 21
1 0 0 29
1 0 0 29
1 0 0 29
1 0 0 29
1 0 0 29
1 0 0 29
1 0 0 29
1 0 0 29
1 0 0 29
1 0 0 29
1 0 0 21
1 0 0 30
1 0 0 30
1 0 0 30
1 0 0 30
1 0 0 30
1 0 0 30
1 0 0 30
1 0 0 30
1 0 0 30
1 0 0 30
1 0 0 31
1 0 0 31
1 0 0 31
1 0 0 31
1 0 0 31
1 0 0 31
1 0 0 31
1 0 0 31
1 0 0 31
1 0 0 31
1 0 0 21
0.1 1 2 -1
0.1 3 4 -1
0.1 311 312 -1
0.1 5 6 -1
0.1 313 314 -1
0.1 8 9 -1
0.1 11 12 -1
0.1 10 317 -1
0.1 13 14 -1
0.1 15 16 -1
0.1 319 320 -1
0.1 318 321 -1
0.1 316 322 -1
0.1 7 323 -1
0.1 315 324 -1
0.1 18 19 -1
0.1 326 20 -1
0.1 17 327 -1
0.1 325 328 -1
0.1 21 22 -1
0.1 23 24 -1
0.1 331 25 -1
0.1 332 26 -1
0.1 330 333 -1
0.1 28 29 -1
0.1 30 31 -1
0.1 336 32 -1
0.1 33 34 -1
0.1 35 36 -1
0.1 338 339 -1
0.1 340 37 -1
0.1 337 341 -1
0.1 335 342 -1
0.1 38 39 -1
0.1 40 41 -1
0.1 43 44 -1
0.1 42 346 -1
0.1 46 47 -1
0.1 45 348 -1
0.1 48 49 -1
0.1 349 350 -1
0.1 347 351 -1
0.1 345 352 -1
0.1 50 51 -1
0.1 353 354 -1
0.1 344 355 -1
0.1 53 54 -1
0.1 52 357 -1
0.1 56 57 -1
0.1 55 359 -1
0.1 358 360 -1
0.1 356 361 -1
0.1 61 62 -1
0.1 60 363 -1
0.1 59 364 -1
0.1 58 365 -1
0.1 66 67 -1
0.1 65 367 -1
0.1 64 368 -1
0.1 63 369 -1
0.1 366 370 -1
0.1 362 371 -1
0.1 343 372 -1
0.1 27 373 -1
0.1 334 374 -1
0.1 68 69 -1
0.1 376 70 -1
0.1 375 377 -1
0.1 329 378 -1
0.1 71 72 -1
0.1 380 73 -1
0.1 74 75 -1
0.1 77 78 -1
0.1 79 80 -1
0.1 383 384 -1
0.1 76 385 -1
0.1 382 386 -1
0.1 381 387 -1
0.1 81 82 -1
0.1 389 83 -1
0.1 390 84 -1
0.1 86 87 -1
0.1 85 392 -1
0.1 88 89 -1
0.1 394 90 -1
0.1 393 395 -1
0.1 391 396 -1
0.1 388 397 -1
0.1 93 94 -1
0.1 95 96 -1
0.1 400 97 -1
0.1 399 401 -1
0.1 92 402 -1
0.1 98 99 -1
0.1 404 100 -1
0.1 403 405 -1
0.1 91 406 -1
0.1 103 104 -1
0.1 102 408 -1
0.1 101 409 -1
0.1 105 106 -1
0.1 107 108 -1
0.1 411 412 -1
0.1 109 110 -1
0.1 413 414 -1
0.1 410 415 -1
0.1 113 114 -1
0.1 112 417 -1
0.1 116 117 -1
0.1 115 419 -1
0.1 420 118 -1
0.1 418 421 -1
0.1 111 422 -1
0.1 119 120 -1
0.1 423 424 -1
0.1 125 126 -1
0.1 124 426 -1
0.1 427 127 -1
0.1 123 428 -1
0.1 122 429 -1
0.1 121 430 -1
0.1 128 129 -1
0.1 431 432 -1
0.1 433 130 -1
0.1 425 434 -1
0.1 416 435 -1
0.1 132 133 -1
0.1 131 437 -1
0.1 137 138 -1
0.1 136 439 -1
0.1 135 440 -1
0.1 134 441 -1
0.1 139 140 -1
0.1 443 141 -1
0.1 142 143 -1
0.1 444 445 -1
0.1 442 446 -1
0.1 145 146 -1
0.1 147 148 -1
0.1 149 150 -1
0.1 152 153 -1
0.1 151 451 -1
0.1 452 154 -1
0.1 450 453 -1
0.1 155 156 -1
0.1 454 455 -1
0.1 449 456 -1
0.1 159 160 -1
0.1 158 458 -1
0.1 161 162 -1
0.1 459 460 -1
0.1 157 461 -1
0.1 164 165 -1
0.1 463 166 -1
0.1 163 464 -1
0.1 462 465 -1
0.1 457 466 -1
0.1 448 467 -1
0.1 144 468 -1
0.1 447 469 -1
0.1 167 168 -1
0.1 172 173 -1
0.1 174 175 -1
0.1 472 473 -1
0.1 178 179 -1
0.1 177 475 -1
0.1 176 476 -1
0.1 474 477 -1
0.1 171 478 -1
0.1 170 479 -1
0.1 169 480 -1
0.1 471 481 -1
0.1 482 180 -1
0.1 470 483 -1
0.1 438 484 -1
0.1 436 485 -1
0.1 183 184 -1
0.1 182 487 -1
0.1 186 187 -1
0.1 189 190 -1
0.1 188 490 -1
0.1 489 491 -1
0.1 185 492 -1
0.1 488 493 -1
0.1 181 494 -1
0.1 191 192 -1
0.1 194 195 -1
0.1 196 197 -1
0.1 198 199 -1
0.1 499 200 -1
0.1 498 500 -1
0.1 497 501 -1
0.1 193 502 -1
0.1 496 503 -1
0.1 495 504 -1
0.1 486 505 -1
0.1 407 506 -1
0.1 398 507 -1
0.1 379 508 -1
0.1 203 204 -1
0.1 202 510 -1
0.1 205 206 -1
0.1 511 512 -1
0.1 207 208 -1
0.1 210 211 -1
0.1 209 515 -1
0.1 514 516 -1
0.1 513 517 -1
0.1 213 214 -1
0.1 212 519 -1
0.1 218 219 -1
0.1 217 521 -1
0.1 522 220 -1
0.1 222 223 -1
0.1 221 524 -1
0.1 224 225 -1
0.1 526 226 -1
0.1 525 527 -1
0.1 523 528 -1
0.1 227 228 -1
0.1 530 229 -1
0.1 529 531 -1
0.1 216 532 -1
0.1 215 533 -1
0.1 520 534 -1
0.1 230 231 -1
0.1 535 536 -1
0.1 232 233 -1
0.1 235 236 -1
0.1 238 239 -1
0.1 237 540 -1
0.1 241 242 -1
0.1 240 542 -1
0.1 541 543 -1
0.1 243 244 -1
0.1 544 545 -1
0.1 539 546 -1
0.1 547 245 -1
0.1 548 246 -1
0.1 234 549 -1
0.1 249 250 -1
0.1 248 551 -1
0.1 247 552 -1
0.1 550 553 -1
0.1 252 253 -1
0.1 254 255 -1
0.1 556 256 -1
0.1 258 259 -1
0.1 257 558 -1
0.1 557 559 -1
0.1 260 261 -1
0.1 560 561 -1
0.1 555 562 -1
0.1 251 563 -1
0.1 554 564 -1
0.1 538 565 -1
0.1 537 566 -1
0.1 518 567 -1
0.1 201 568 -1
0.1 263 264 -1
0.1 262 570 -1
0.1 266 267 -1
0.1 270 271 -1
0.1 269 573 -1
0.1 268 574 -1
0.1 572 575 -1
0.1 272 273 -1
0.1 576 577 -1
0.1 265 578 -1
0.1 579 274 -1
0.1 276 277 -1
0.1 275 581 -1
0.1 580 582 -1
0.1 571 583 -1
0.1 569 584 -1
0.1 279 280 -1
0.1 282 283 -1
0.1 281 587 -1
0.1 586 588 -1
0.1 286 287 -1
0.1 285 590 -1
0.1 284 591 -1
0.1 592 288 -1
0.1 589 593 -1
0.1 278 594 -1
0.1 595 289 -1
0.1 585 596 -1
0.1 290 291 -1
0.1 292 293 -1
0.1 298 299 -1
0.1 297 600 -1
0.1 296 601 -1
0.1 295 602 -1
0.1 300 301 -1
0.1 302 303 -1
0.1 605 304 -1
0.1 606 305 -1
0.1 604 607 -1
0.1 306 307 -1
0.1 308 309 -1
0.1 609 610 -1
0.1 608 611 -1
0.1 603 612 -1
0.1 294 613 -1
0.1 599 614 -1
0.1 598 615 -1
0.1 616 310 -1
0.1 597 617 -1
0.1 509 618 -1
