1 0 0 1
1 0 0 1
1 0 0 1
1 0 0 1
1 0 0 1
1 0 0 1
1 0 0 2
1 0 0 2
1 0 0 2
1 0 0 2
1 0 0 2
1 0 0 2
1 0 0 2
1 0 0 2
1 0 0 2
1 0 0 2
1 0 0 3
1 0 0 3
1 0 0 3
1 0 0 3
1 0 0 3
1 0 0 3
1 0 0 3
1 0 0 3
1 0 0 3
1 0 0 3
1 0 0 1
1 0 0 4
1 0 0 4
1 0 0 4
1 0 0 4
1 0 0 4
1 0 0 4
1 0 0 4
1 0 0 4
1 0 0 4
1 0 0 4
1 0 0 5
1 0 0 5
1 0 0 5
1 0 0 5
1 0 0 5
1 0 0 5
1 0 0 5
1 0 0 5
1 0 0 5
1 0 0 5
1 0 0 6
1 0 0 6
1 0 0 6
1 0 0 7
1 0 0 7
1 0 0 7
1 0 0 7
1 0 0 7
1 0 0 7
1 0 0 7
1 0 0 7
1 0 0 7
1 0 0 7
1 0 0 6
1 0 0 6
1 0 0 8
1 0 0 8
1 0 0 8
1 0 0 8
1 0 0 8
1 0 0 8
1 0 0 8
1 0 0 9
1 0 0 9
1 0 0 9
1 0 0 9
1 0 0 9
1 0 0 9
1 0 0 9
1 0 0 9
1 0 0 9
1 0 0 9
1 0 0 8
1 0 0 10
1 0 0 10
1 0 0 10
1 0 0 10
1 0 0 10
1 0 0 10
1 0 0 10
1 0 0 10
1 0 0 10
1 0 0 10
1 0 0 8
1 0 0 8
1 0 0 11
1 0 0 11
1 0 0 11
1 0 0 11
1 0 0 11
1 0 0 11
1 0 0 11
1 0 0 11
1 0 0 11
1 0 0 11
1 0 0 6
1 0 0 12
1 0 0 12
1 0 0 12
1 0 0 12
1 0 0 12
1 0 0 12
1 0 0 12
1 0 0 12
1 0 0 6
1 0 0 6
1 0 0 12
1 0 0 12
1 0 0 6
1 0 0 6
1 0 0 13
1 0 0 13
1 0 0 13
1 0 0 13
1 0 0 13
1 0 0 13
1 0 0 13
1 0 0 13
1 0 0 13
1 0 0 13
1 0 0 14
1 0 0 14
1 0 0 14
1 0 0 14
1 0 0 14
1 0 0 14
1 0 0 14
1 0 0 14
1 0 0 14
1 0 0 14
1 0 0 15
1 0 0 15
1 0 0 15
1 0 0 15
1 0 0 15
1 0 0 15
1 0 0 15
1 0 0 15
1 0 0 15
1 0 0 15
1 0 0 16
1 0 0 16
1 0 0 17
1 0 0 17
1 0 0 17
1 0 0 17
1 0 0 17
1 0 0 17
1 0 0 17
1 0 0 17
1 0 0 17
1 0 0 17
1 0 0 16
1 0 0 16
1 0 0 16
1 0 0 16
1 0 0 16
1 0 0 16
1 0 0 18
1 0 0 18
1 0 0 18
1 0 0 18
1 0 0 18
1 0 0 18
1 0 0 18
1 0 0 18
1 0 0 18
1 0 0 18
1 0 0 16
1 0 0 16
1 0 0 1
1 0 0 1
1 0 0 1
1 0 0 19
1 0 0 19
1 0 0 19
1 0 0 19
1 0 0 19
1 0 0 19
1 0 0 19
1 0 0 19
1 0 0 20
1 0 0 20
1 0 0 21
1 0 0 21
1 0 0 22
1 0 0 22
1 0 0 22
1 0 0 22
1 0 0 22
1 0 0 22
1 0 0 22
1 0 0 22
1 0 0 22
1 0 0 22
1 0 0 23
1 0 0 23
1 0 0 24
1 0 0 24
1 0 0 24
1 0 0 24
1 0 0 24
1 0 0 24
1 0 0 24
1 0 0 24
1 0 0 24
1 0 0 24
1 0 0 23
1 0 0 23
1 0 0 23
1 0 0 23
1 0 0 23
1 0 0 23
1 0 0 23
1 0 0 23
1 0 0 21
1 0 0 21
1 0 0 21
1 0 0 25
1 0 0 25
1 0 0 25
1 0 0 25
1 0 0 21
1 0 0 21
1 0 0 21
1 0 0 21
1 0 0 25
1 0 0 25
1 0 0 25
1 0 0 21
1 0 0 26
1 0 0 26
1 0 0 26
1 0 0 26
1 0 0 26
1 0 0 26
1 0 0 26
1 0 0 26
1 0 0 26
1 0 0 26
1 0 0 25
1 0 0 25
1 0 0 25
1 0 0 20
1 0 0 27
1 0 0 20
1 0 0 20
1 0 0 20
1 0 0 20
1 0 0 20
1 0 0 20
1 0 0 27
1 0 0 27
1 0 0 27
1 0 0 27
1 0 0 27
1 0 0 27
1 0 0 27
1 0 0 27
1 0 0 27
1 0 0 20
1 0 0 19
1 0 0 19
0.1 3 4 -1
0.1 2 271 -1
0.1 5 6 -1
0.1 8 9 -1
0.1 7 274 -1
0.1 10 11 -1
0.1 275 276 -1
0.1 13 14 -1
0.1 12 278 -1
0.1 277 279 -1
0.1 15 16 -1
0.1 280 281 -1
0.1 17 18 -1
0.1 21 22 -1
0.1 284 23 -1
0.1 20 285 -1
0.1 19 286 -1
0.1 283 287 -1
0.1 25 26 -1
0.1 24 289 -1
0.1 288 290 -1
0.1 282 291 -1
0.1 273 292 -1
0.1 293 27 -1
0.1 272 294 -1
0.1 1 295 -1
0.1 30 31 -1
0.1 29 297 -1
0.1 28 298 -1
0.1 34 35 -1
0.1 33 300 -1
0.1 301 36 -1
0.1 32 302 -1
0.1 303 37 -1
0.1 299 304 -1
0.1 38 39 -1
0.1 306 40 -1
0.1 44 45 -1
0.1 43 308 -1
0.1 42 309 -1
0.1 46 47 -1
0.1 310 311 -1
0.1 54 55 -1
0.1 53 313 -1
0.1 52 314 -1
0.1 315 56 -1
0.1 58 59 -1
0.1 317 60 -1
0.1 57 318 -1
0.1 316 319 -1
0.1 51 320 -1
0.1 50 321 -1
0.1 49 322 -1
0.1 48 323 -1
0.1 64 65 -1
0.1 66 67 -1
0.1 325 326 -1
0.1 63 327 -1
0.1 68 69 -1
0.1 75 76 -1
0.1 74 330 -1
0.1 73 331 -1
0.1 72 332 -1
0.1 71 333 -1
0.1 77 78 -1
0.1 334 335 -1
0.1 336 79 -1
0.1 70 337 -1
0.1 338 80 -1
0.1 329 339 -1
0.1 81 82 -1
0.1 84 85 -1
0.1 83 342 -1
0.1 343 86 -1
0.1 87 88 -1
0.1 89 90 -1
0.1 345 346 -1
0.1 344 347 -1
0.1 341 348 -1
0.1 91 92 -1
0.1 349 350 -1
0.1 340 351 -1
0.1 328 352 -1
0.1 62 353 -1
0.1 61 354 -1
0.1 93 94 -1
0.1 96 97 -1
0.1 95 357 -1
0.1 358 98 -1
0.1 101 102 -1
0.1 100 360 -1
0.1 99 361 -1
0.1 359 362 -1
0.1 356 363 -1
0.1 355 364 -1
0.1 105 106 -1
0.1 108 109 -1
0.1 107 367 -1
0.1 110 111 -1
0.1 368 369 -1
0.1 366 370 -1
0.1 104 371 -1
0.1 112 113 -1
0.1 114 115 -1
0.1 373 374 -1
0.1 372 375 -1
0.1 103 376 -1
0.1 377 116 -1
0.1 378 117 -1
0.1 365 379 -1
0.1 324 380 -1
0.1 121 122 -1
0.1 120 382 -1
0.1 123 124 -1
0.1 383 384 -1
0.1 119 385 -1
0.1 125 126 -1
0.1 387 127 -1
0.1 386 388 -1
0.1 118 389 -1
0.1 381 390 -1
0.1 312 391 -1
0.1 41 392 -1
0.1 307 393 -1
0.1 129 130 -1
0.1 395 131 -1
0.1 128 396 -1
0.1 133 134 -1
0.1 132 398 -1
0.1 397 399 -1
0.1 135 136 -1
0.1 143 144 -1
0.1 402 145 -1
0.1 142 403 -1
0.1 141 404 -1
0.1 140 405 -1
0.1 146 147 -1
0.1 406 407 -1
0.1 139 408 -1
0.1 138 409 -1
0.1 137 410 -1
0.1 401 411 -1
0.1 400 412 -1
0.1 152 153 -1
0.1 151 414 -1
0.1 150 415 -1
0.1 154 155 -1
0.1 158 159 -1
0.1 157 418 -1
0.1 156 419 -1
0.1 417 420 -1
0.1 416 421 -1
0.1 149 422 -1
0.1 148 423 -1
0.1 161 162 -1
0.1 160 425 -1
0.1 424 426 -1
0.1 427 163 -1
0.1 413 428 -1
0.1 429 164 -1
0.1 167 168 -1
0.1 166 431 -1
0.1 173 174 -1
0.1 172 433 -1
0.1 171 434 -1
0.1 170 435 -1
0.1 436 175 -1
0.1 169 437 -1
0.1 432 438 -1
0.1 165 439 -1
0.1 430 440 -1
0.1 441 176 -1
0.1 442 177 -1
0.1 394 443 -1
0.1 305 444 -1
0.1 179 180 -1
0.1 178 446 -1
0.1 445 447 -1
0.1 296 448 -1
0.1 449 181 -1
0.1 185 186 -1
0.1 184 451 -1
0.1 187 188 -1
0.1 452 453 -1
0.1 183 454 -1
0.1 182 455 -1
0.1 191 192 -1
0.1 194 195 -1
0.1 458 196 -1
0.1 197 198 -1
0.1 460 199 -1
0.1 200 201 -1
0.1 461 462 -1
0.1 459 463 -1
0.1 208 209 -1
0.1 207 465 -1
0.1 206 466 -1
0.1 210 211 -1
0.1 467 468 -1
0.1 205 469 -1
0.1 470 212 -1
0.1 213 214 -1
0.1 471 472 -1
0.1 204 473 -1
0.1 203 474 -1
0.1 475 215 -1
0.1 476 216 -1
0.1 219 220 -1
0.1 218 478 -1
0.1 217 479 -1
0.1 221 222 -1
0.1 480 481 -1
0.1 477 482 -1
0.1 202 483 -1
0.1 464 484 -1
0.1 193 485 -1
0.1 457 486 -1
0.1 224 225 -1
0.1 223 488 -1
0.1 487 489 -1
0.1 490 226 -1
0.1 491 227 -1
0.1 228 229 -1
0.1 231 232 -1
0.1 230 494 -1
0.1 495 233 -1
0.1 496 234 -1
0.1 497 235 -1
0.1 238 239 -1
0.1 240 241 -1
0.1 499 500 -1
0.1 242 243 -1
0.1 244 245 -1
0.1 503 246 -1
0.1 502 504 -1
0.1 501 505 -1
0.1 506 247 -1
0.1 237 507 -1
0.1 508 248 -1
0.1 236 509 -1
0.1 498 510 -1
0.1 493 511 -1
0.1 492 512 -1
0.1 249 250 -1
0.1 513 514 -1
0.1 190 515 -1
0.1 516 251 -1
0.1 253 254 -1
0.1 252 518 -1
0.1 256 257 -1
0.1 255 520 -1
0.1 259 260 -1
0.1 261 262 -1
0.1 263 264 -1
0.1 523 524 -1
0.1 522 525 -1
0.1 265 266 -1
0.1 526 527 -1
0.1 528 267 -1
0.1 529 268 -1
0.1 258 530 -1
0.1 521 531 -1
0.1 519 532 -1
0.1 517 533 -1
0.1 189 534 -1
0.1 269 270 -1
0.1 535 536 -1
0.1 456 537 -1
0.1 450 538 -1
