1 0 0 1
1 0 0 1
1 0 0 1
1 0 0 2
1 0 0 2
1 0 0 2
1 0 0 2
1 0 0 2
1 0 0 2
1 0 0 2
1 0 0 2
1 0 0 2
1 0 0 2
1 0 0 3
1 0 0 3
1 0 0 3
1 0 0 3
1 0 0 3
1 0 0 3
1 0 0 3
1 0 0 3
1 0 0 3
1 0 0 3
1 0 0 1
1 0 0 1
1 0 0 1
1 0 0 1
1 0 0 1
1 0 0 4
1 0 0 4
1 0 0 4
1 0 0 4
1 0 0 4
1 0 0 4
1 0 0 4
1 0 0 4
1 0 0 4
1 0 0 4
1 0 0 5
1 0 0 5
1 0 0 5
1 0 0 5
1 0 0 6
1 0 0 6
1 0 0 6
1 0 0 6
1 0 0 6
1 0 0 6
1 0 0 6
1 0 0 6
1 0 0 6
1 0 0 6
1 0 0 5
1 0 0 5
1 0 0 5
1 0 0 5
1 0 0 5
1 0 0 5
1 0 0 7
1 0 0 7
1 0 0 7
1 0 0 7
1 0 0 7
1 0 0 7
1 0 0 7
1 0 0 7
1 0 0 7
1 0 0 7
1 0 0 8
1 0 0 9
1 0 0 9
1 0 0 9
1 0 0 9
1 0 0 9
1 0 0 9
1 0 0 9
1 0 0 9
1 0 0 9
1 0 0 9
1 0 0 8
1 0 0 8
1 0 0 8
1 0 0 8
1 0 0 8
1 0 0 8
1 0 0 8
1 0 0 8
1 0 0 8
1 0 0 10
1 0 0 10
1 0 0 10
1 0 0 10
1 0 0 10
1 0 0 10
1 0 0 10
1 0 0 10
1 0 0 10
1 0 0 10
1 0 0 11
1 0 0 11
1 0 0 11
1 0 0 11
1 0 0 11
1 0 0 11
1 0 0 11
1 0 0 11
1 0 0 11
1 0 0 11
1 0 0 12
1 0 0 12
1 0 0 12
1 0 0 13
1 0 0 13
1 0 0 13
1 0 0 13
1 0 0 13
1 0 0 13
1 0 0 13
1 0 0 13
1 0 0 13
1 0 0 13
1 0 0 12
1 0 0 12
1 0 0 14
1 0 0 14
1 0 0 14
1 0 0 14
1 0 0 14
1 0 0 14
1 0 0 14
1 0 0 14
1 0 0 14
1 0 0 14
1 0 0 12
1 0 0 12
1 0 0 12
1 0 0 12
1 0 0 15
1 0 0 15
1 0 0 15
1 0 0 15
1 0 0 15
1 0 0 16
1 0 0 16
1 0 0 16
1 0 0 16
1 0 0 16
1 0 0 16
1 0 0 16
1 0 0 16
1 0 0 16
1 0 0 16
1 0 0 15
1 0 0 15
1 0 0 15
1 0 0 15
1 0 0 15
1 0 0 17
1 0 0 17
1 0 0 17
1 0 0 17
1 0 0 17
1 0 0 17
1 0 0 17
1 0 0 17
1 0 0 17
1 0 0 17
1 0 0 12
1 0 0 18
1 0 0 18
1 0 0 18
1 0 0 18
1 0 0 18
1 0 0 18
1 0 0 18
1 0 0 18
1 0 0 18
1 0 0 18
1 0 0 1
1 0 0 1
1 0 0 19
1 0 0 19
1 0 0 19
1 0 0 19
1 0 0 19
1 0 0 19
1 0 0 19
1 0 0 20
1 0 0 20
1 0 0 20
1 0 0 20
1 0 0 20
1 0 0 20
1 0 0 21
1 0 0 20
1 0 0 20
1 0 0 20
1 0 0 19
1 0 0 19
1 0 0 22
1 0 0 20
1 0 0 22
1 0 0 22
1 0 0 22
1 0 0 22
1 0 0 23
1 0 0 23
1 0 0 23
1 0 0 23
1 0 0 23
1 0 0 24
1 0 0 24
1 0 0 24
1 0 0 24
1 0 0 24
1 0 0 24
1 0 0 24
1 0 0 24
1 0 0 24
1 0 0 24
1 0 0 22
1 0 0 25
1 0 0 26
1 0 0 26
1 0 0 26
1 0 0 27
1 0 0 27
1 0 0 27
1 0 0 27
1 0 0 27
1 0 0 27
1 0 0 27
1 0 0 27
1 0 0 27
1 0 0 27
1 0 0 26
1 0 0 26
1 0 0 26
1 0 0 26
1 0 0 26
1 0 0 26
1 0 0 26
1 0 0 25
1 0 0 25
1 0 0 25
1 0 0 25
1 0 0 25
1 0 0 25
1 0 0 25
1 0 0 25
1 0 0 25
1 0 0 22
1 0 0 22
1 0 0 22
1 0 0 22
1 0 0 23
1 0 0 23
1 0 0 23
1 0 0 23
1 0 0 23
1 0 0 21
1 0 0 21
1 0 0 21
1 0 0 21
1 0 0 21
1 0 0 21
1 0 0 21
1 0 0 21
1 0 0 21
1 0 0 19
0.1 2 3 -1
0.1 4 5 -1
0.1 272 6 -1
0.1 7 8 -1
0.1 273 274 -1
0.1 9 10 -1
0.1 275 276 -1
0.1 12 13 -1
0.1 11 278 -1
0.1 277 279 -1
0.1 15 16 -1
0.1 14 281 -1
0.1 17 18 -1
0.1 22 23 -1
0.1 21 284 -1
0.1 20 285 -1
0.1 19 286 -1
0.1 283 287 -1
0.1 282 288 -1
0.1 280 289 -1
0.1 271 290 -1
0.1 291 24 -1
0.1 25 26 -1
0.1 293 27 -1
0.1 292 294 -1
0.1 295 28 -1
0.1 29 30 -1
0.1 32 33 -1
0.1 35 36 -1
0.1 34 299 -1
0.1 298 300 -1
0.1 31 301 -1
0.1 302 37 -1
0.1 297 303 -1
0.1 304 38 -1
0.1 39 40 -1
0.1 48 49 -1
0.1 47 307 -1
0.1 46 308 -1
0.1 45 309 -1
0.1 44 310 -1
0.1 43 311 -1
0.1 50 51 -1
0.1 313 52 -1
0.1 312 314 -1
0.1 42 315 -1
0.1 41 316 -1
0.1 55 56 -1
0.1 54 318 -1
0.1 60 61 -1
0.1 320 62 -1
0.1 59 321 -1
0.1 65 66 -1
0.1 64 323 -1
0.1 63 324 -1
0.1 325 67 -1
0.1 326 68 -1
0.1 322 327 -1
0.1 58 328 -1
0.1 57 329 -1
0.1 319 330 -1
0.1 53 331 -1
0.1 72 73 -1
0.1 78 79 -1
0.1 77 334 -1
0.1 76 335 -1
0.1 75 336 -1
0.1 74 337 -1
0.1 333 338 -1
0.1 71 339 -1
0.1 70 340 -1
0.1 69 341 -1
0.1 80 81 -1
0.1 342 343 -1
0.1 83 84 -1
0.1 82 345 -1
0.1 85 86 -1
0.1 87 88 -1
0.1 347 348 -1
0.1 346 349 -1
0.1 344 350 -1
0.1 332 351 -1
0.1 317 352 -1
0.1 306 353 -1
0.1 305 354 -1
0.1 90 91 -1
0.1 89 356 -1
0.1 93 94 -1
0.1 97 98 -1
0.1 96 359 -1
0.1 95 360 -1
0.1 358 361 -1
0.1 92 362 -1
0.1 100 101 -1
0.1 103 104 -1
0.1 102 365 -1
0.1 364 366 -1
0.1 367 105 -1
0.1 107 108 -1
0.1 106 369 -1
0.1 368 370 -1
0.1 109 110 -1
0.1 372 111 -1
0.1 116 117 -1
0.1 115 374 -1
0.1 375 118 -1
0.1 114 376 -1
0.1 113 377 -1
0.1 112 378 -1
0.1 120 121 -1
0.1 119 380 -1
0.1 379 381 -1
0.1 373 382 -1
0.1 124 125 -1
0.1 126 127 -1
0.1 128 129 -1
0.1 386 130 -1
0.1 131 132 -1
0.1 387 388 -1
0.1 385 389 -1
0.1 384 390 -1
0.1 391 133 -1
0.1 134 135 -1
0.1 392 393 -1
0.1 123 394 -1
0.1 122 395 -1
0.1 396 136 -1
0.1 139 140 -1
0.1 141 142 -1
0.1 398 399 -1
0.1 138 400 -1
0.1 143 144 -1
0.1 145 146 -1
0.1 147 148 -1
0.1 403 404 -1
0.1 150 151 -1
0.1 406 152 -1
0.1 149 407 -1
0.1 405 408 -1
0.1 402 409 -1
0.1 153 154 -1
0.1 410 411 -1
0.1 155 156 -1
0.1 158 159 -1
0.1 161 162 -1
0.1 163 164 -1
0.1 415 416 -1
0.1 417 165 -1
0.1 166 167 -1
0.1 418 419 -1
0.1 160 420 -1
0.1 414 421 -1
0.1 157 422 -1
0.1 413 423 -1
0.1 412 424 -1
0.1 401 425 -1
0.1 426 168 -1
0.1 137 427 -1
0.1 169 170 -1
0.1 173 174 -1
0.1 172 430 -1
0.1 171 431 -1
0.1 177 178 -1
0.1 176 433 -1
0.1 175 434 -1
0.1 432 435 -1
0.1 429 436 -1
0.1 428 437 -1
0.1 397 438 -1
0.1 383 439 -1
0.1 371 440 -1
0.1 99 441 -1
0.1 363 442 -1
0.1 357 443 -1
0.1 355 444 -1
0.1 445 179 -1
0.1 296 446 -1
0.1 447 180 -1
0.1 1 448 -1
0.1 449 181 -1
0.1 183 184 -1
0.1 182 451 -1
0.1 186 187 -1
0.1 185 453 -1
0.1 452 454 -1
0.1 189 190 -1
0.1 192 193 -1
0.1 191 457 -1
0.1 456 458 -1
0.1 195 196 -1
0.1 194 460 -1
0.1 459 461 -1
0.1 198 199 -1
0.1 463 200 -1
0.1 464 201 -1
0.1 204 205 -1
0.1 203 466 -1
0.1 202 467 -1
0.1 206 207 -1
0.1 468 469 -1
0.1 208 209 -1
0.1 213 214 -1
0.1 215 216 -1
0.1 472 473 -1
0.1 212 474 -1
0.1 219 220 -1
0.1 218 476 -1
0.1 217 477 -1
0.1 475 478 -1
0.1 211 479 -1
0.1 223 224 -1
0.1 226 227 -1
0.1 231 232 -1
0.1 230 483 -1
0.1 229 484 -1
0.1 485 233 -1
0.1 228 486 -1
0.1 487 234 -1
0.1 488 235 -1
0.1 482 489 -1
0.1 225 490 -1
0.1 491 236 -1
0.1 481 492 -1
0.1 237 238 -1
0.1 239 240 -1
0.1 495 241 -1
0.1 496 242 -1
0.1 494 497 -1
0.1 493 498 -1
0.1 222 499 -1
0.1 243 244 -1
0.1 245 246 -1
0.1 502 247 -1
0.1 501 503 -1
0.1 248 249 -1
0.1 505 250 -1
0.1 504 506 -1
0.1 507 251 -1
0.1 500 508 -1
0.1 509 252 -1
0.1 221 510 -1
0.1 254 255 -1
0.1 253 512 -1
0.1 511 513 -1
0.1 514 256 -1
0.1 480 515 -1
0.1 210 516 -1
0.1 257 258 -1
0.1 517 518 -1
0.1 471 519 -1
0.1 259 260 -1
0.1 520 521 -1
0.1 470 522 -1
0.1 465 523 -1
0.1 197 524 -1
0.1 462 525 -1
0.1 261 262 -1
0.1 263 264 -1
0.1 527 528 -1
0.1 265 266 -1
0.1 529 530 -1
0.1 531 267 -1
0.1 268 269 -1
0.1 532 533 -1
0.1 526 534 -1
0.1 188 535 -1
0.1 455 536 -1
0.1 537 270 -1
0.1 450 538 -1
