1 0 0 1
1 0 0 1
1 0 0 1
1 0 0 1
1 0 0 2
1 0 0 2
1 0 0 2
1 0 0 2
1 0 0 2
1 0 0 2
1 0 0 2
1 0 0 2
1 0 0 2
1 0 0 2
1 0 0 3
1 0 0 4
1 0 0 4
1 0 0 4
1 0 0 4
1 0 0 4
1 0 0 4
1 0 0 4
1 0 0 4
1 0 0 4
1 0 0 4
1 0 0 3
1 0 0 3
1 0 0 3
1 0 0 5
1 0 0 5
1 0 0 5
1 0 0 5
1 0 0 5
1 0 0 5
1 0 0 6
1 0 0 6
1 0 0 7
1 0 0 7
1 0 0 7
1 0 0 7
1 0 0 8
1 0 0 8
1 0 0 8
1 0 0 8
1 0 0 8
1 0 0 8
1 0 0 8
1 0 0 8
1 0 0 8
1 0 0 8
1 0 0 6
1 0 0 6
1 0 0 6
1 0 0 6
1 0 0 9
1 0 0 9
1 0 0 9
1 0 0 9
1 0 0 9
1 0 0 9
1 0 0 9
1 0 0 9
1 0 0 9
1 0 0 9
1 0 0 10
1 0 0 10
1 0 0 10
1 0 0 10
1 0 0 10
1 0 0 6
1 0 0 10
1 0 0 10
1 0 0 10
1 0 0 7
1 0 0 7
1 0 0 7
1 0 0 7
1 0 0 10
1 0 0 10
1 0 0 6
1 0 0 6
1 0 0 6
1 0 0 5
1 0 0 5
1 0 0 5
1 0 0 5
1 0 0 11
1 0 0 3
1 0 0 3
1 0 0 12
1 0 0 12
1 0 0 13
1 0 0 13
1 0 0 14
1 0 0 11
1 0 0 11
1 0 0 11
1 0 0 15
1 0 0 15
1 0 0 15
1 0 0 15
1 0 0 15
1 0 0 15
1 0 0 15
1 0 0 15
1 0 0 15
1 0 0 16
1 0 0 16
1 0 0 16
1 0 0 16
1 0 0 16
1 0 0 16
1 0 0 16
1 0 0 17
1 0 0 18
1 0 0 18
1 0 0 18
1 0 0 18
1 0 0 18
1 0 0 19
1 0 0 19
1 0 0 19
1 0 0 19
1 0 0 19
1 0 0 19
1 0 0 19
1 0 0 19
1 0 0 19
1 0 0 19
1 0 0 18
1 0 0 18
1 0 0 18
1 0 0 18
1 0 0 18
1 0 0 17
1 0 0 17
1 0 0 17
1 0 0 16
1 0 0 16
1 0 0 16
1 0 0 20
1 0 0 20
1 0 0 20
1 0 0 20
1 0 0 20
1 0 0 21
1 0 0 21
1 0 0 21
1 0 0 21
1 0 0 21
1 0 0 21
1 0 0 21
1 0 0 21
1 0 0 21
1 0 0 21
1 0 0 22
1 0 0 22
1 0 0 22
1 0 0 22
1 0 0 22
1 0 0 22
1 0 0 22
1 0 0 22
1 0 0 22
1 0 0 7
1 0 0 22
1 0 0 23
1 0 0 23
1 0 0 23
1 0 0 23
1 0 0 23
1 0 0 23
1 0 0 23
1 0 0 23
1 0 0 23
1 0 0 23
1 0 0 11
1 0 0 11
1 0 0 11
1 0 0 11
1 0 0 11
1 0 0 1
1 0 0 1
1 0 0 1
1 0 0 1
1 0 0 1
1 0 0 3
1 0 0 7
1 0 0 3
1 0 0 20
1 0 0 20
1 0 0 20
1 0 0 20
1 0 0 14
1 0 0 14
1 0 0 14
1 0 0 14
1 0 0 13
1 0 0 13
1 0 0 15
1 0 0 3
1 0 0 3
1 0 0 13
1 0 0 13
1 0 0 13
1 0 0 11
1 0 0 13
1 0 0 13
1 0 0 13
1 0 0 12
1 0 0 1
1 0 0 12
1 0 0 12
1 0 0 12
1 0 0 12
1 0 0 12
1 0 0 12
1 0 0 12
1 0 0 14
1 0 0 20
1 0 0 14
1 0 0 14
1 0 0 14
1 0 0 14
1 0 0 17
1 0 0 17
1 0 0 17
1 0 0 17
1 0 0 17
1 0 0 17
0.1 1 2 -1
0.1 3 4 -1
0.1 231 232 -1
0.1 5 6 -1
0.1 7 8 -1
0.1 235 9 -1
0.1 234 236 -1
0.1 237 10 -1
0.1 12 13 -1
0.1 11 239 -1
0.1 240 14 -1
0.1 238 241 -1
0.1 233 242 -1
0.1 17 18 -1
0.1 244 19 -1
0.1 20 21 -1
0.1 245 246 -1
0.1 22 23 -1
0.1 248 24 -1
0.1 247 249 -1
0.1 16 250 -1
0.1 251 25 -1
0.1 15 252 -1
0.1 27 28 -1
0.1 26 254 -1
0.1 253 255 -1
0.1 31 32 -1
0.1 33 34 -1
0.1 257 258 -1
0.1 30 259 -1
0.1 39 40 -1
0.1 38 261 -1
0.1 37 262 -1
0.1 41 42 -1
0.1 43 44 -1
0.1 46 47 -1
0.1 266 48 -1
0.1 267 49 -1
0.1 45 268 -1
0.1 265 269 -1
0.1 264 270 -1
0.1 271 50 -1
0.1 263 272 -1
0.1 36 273 -1
0.1 51 52 -1
0.1 53 54 -1
0.1 58 59 -1
0.1 57 277 -1
0.1 60 61 -1
0.1 278 279 -1
0.1 63 64 -1
0.1 62 281 -1
0.1 280 282 -1
0.1 56 283 -1
0.1 55 284 -1
0.1 67 68 -1
0.1 66 286 -1
0.1 65 287 -1
0.1 285 288 -1
0.1 71 72 -1
0.1 70 290 -1
0.1 291 73 -1
0.1 69 292 -1
0.1 76 77 -1
0.1 75 294 -1
0.1 74 295 -1
0.1 293 296 -1
0.1 297 78 -1
0.1 289 298 -1
0.1 276 299 -1
0.1 300 79 -1
0.1 275 301 -1
0.1 274 302 -1
0.1 80 81 -1
0.1 304 82 -1
0.1 303 305 -1
0.1 35 306 -1
0.1 307 83 -1
0.1 260 308 -1
0.1 29 309 -1
0.1 85 86 -1
0.1 84 311 -1
0.1 310 312 -1
0.1 87 88 -1
0.1 313 314 -1
0.1 315 89 -1
0.1 90 91 -1
0.1 92 93 -1
0.1 317 318 -1
0.1 316 319 -1
0.1 320 94 -1
0.1 256 321 -1
0.1 95 96 -1
0.1 323 97 -1
0.1 99 100 -1
0.1 98 325 -1
0.1 326 101 -1
0.1 324 327 -1
0.1 103 104 -1
0.1 102 329 -1
0.1 105 106 -1
0.1 330 331 -1
0.1 328 332 -1
0.1 107 108 -1
0.1 109 110 -1
0.1 334 335 -1
0.1 336 111 -1
0.1 112 113 -1
0.1 337 338 -1
0.1 333 339 -1
0.1 322 340 -1
0.1 243 341 -1
0.1 117 118 -1
0.1 116 343 -1
0.1 124 125 -1
0.1 345 126 -1
0.1 123 346 -1
0.1 122 347 -1
0.1 348 127 -1
0.1 121 349 -1
0.1 350 128 -1
0.1 351 129 -1
0.1 120 352 -1
0.1 130 131 -1
0.1 353 354 -1
0.1 119 355 -1
0.1 132 133 -1
0.1 356 357 -1
0.1 344 358 -1
0.1 359 134 -1
0.1 115 360 -1
0.1 135 136 -1
0.1 362 137 -1
0.1 361 363 -1
0.1 114 364 -1
0.1 342 365 -1
0.1 138 139 -1
0.1 367 140 -1
0.1 141 142 -1
0.1 369 143 -1
0.1 144 145 -1
0.1 370 371 -1
0.1 151 152 -1
0.1 150 373 -1
0.1 149 374 -1
0.1 148 375 -1
0.1 153 154 -1
0.1 376 377 -1
0.1 147 378 -1
0.1 146 379 -1
0.1 380 155 -1
0.1 372 381 -1
0.1 368 382 -1
0.1 160 161 -1
0.1 162 163 -1
0.1 384 385 -1
0.1 165 166 -1
0.1 164 387 -1
0.1 386 388 -1
0.1 159 389 -1
0.1 158 390 -1
0.1 157 391 -1
0.1 156 392 -1
0.1 168 169 -1
0.1 167 394 -1
0.1 174 175 -1
0.1 173 396 -1
0.1 172 397 -1
0.1 398 176 -1
0.1 171 399 -1
0.1 170 400 -1
0.1 395 401 -1
0.1 393 402 -1
0.1 177 178 -1
0.1 179 180 -1
0.1 404 405 -1
0.1 406 181 -1
0.1 182 183 -1
0.1 184 185 -1
0.1 409 186 -1
0.1 408 410 -1
0.1 187 188 -1
0.1 412 189 -1
0.1 411 413 -1
0.1 190 191 -1
0.1 415 192 -1
0.1 416 193 -1
0.1 194 195 -1
0.1 418 196 -1
0.1 419 197 -1
0.1 417 420 -1
0.1 198 199 -1
0.1 421 422 -1
0.1 414 423 -1
0.1 424 200 -1
0.1 407 425 -1
0.1 403 426 -1
0.1 427 201 -1
0.1 428 202 -1
0.1 383 429 -1
0.1 203 204 -1
0.1 206 207 -1
0.1 205 432 -1
0.1 433 208 -1
0.1 434 209 -1
0.1 431 435 -1
0.1 211 212 -1
0.1 210 437 -1
0.1 214 215 -1
0.1 213 439 -1
0.1 216 217 -1
0.1 440 441 -1
0.1 442 218 -1
0.1 438 443 -1
0.1 436 444 -1
0.1 220 221 -1
0.1 223 224 -1
0.1 222 447 -1
0.1 446 448 -1
0.1 219 449 -1
0.1 445 450 -1
0.1 430 451 -1
0.1 452 225 -1
0.1 453 226 -1
0.1 228 229 -1
0.1 227 455 -1
0.1 456 230 -1
0.1 454 457 -1
0.1 366 458 -1
