1 0 0 1
1 0 0 1
1 0 0 1
1 0 0 1
1 0 0 2
1 0 0 2
1 0 0 3
1 0 0 3
1 0 0 2
1 0 0 2
1 0 0 4
1 0 0 4
1 0 0 4
1 0 0 4
1 0 0 5
1 0 0 5
1 0 0 6
1 0 0 6
1 0 0 6
1 0 0 6
1 0 0 6
1 0 0 6
1 0 0 6
1 0 0 6
1 0 0 6
1 0 0 6
1 0 0 2
1 0 0 7
1 0 0 7
1 0 0 8
1 0 0 8
1 0 0 7
1 0 0 7
1 0 0 7
1 0 0 7
1 0 0 7
1 0 0 7
1 0 0 7
1 0 0 7
1 0 0 5
1 0 0 5
1 0 0 5
1 0 0 9
1 0 0 9
1 0 0 1
1 0 0 10
1 0 0 10
1 0 0 10
1 0 0 10
1 0 0 10
1 0 0 3
1 0 0 11
1 0 0 11
1 0 0 11
1 0 0 11
1 0 0 11
1 0 0 11
1 0 0 11
1 0 0 11
1 0 0 11
1 0 0 11
1 0 0 12
1 0 0 12
1 0 0 12
1 0 0 12
1 0 0 12
1 0 0 12
1 0 0 12
1 0 0 12
1 0 0 12
1 0 0 12
1 0 0 13
1 0 0 13
1 0 0 13
1 0 0 13
1 0 0 13
1 0 0 13
1 0 0 13
1 0 0 13
1 0 0 14
1 0 0 13
1 0 0 13
1 0 0 15
1 0 0 15
1 0 0 15
1 0 0 4
1 0 0 4
1 0 0 4
1 0 0 4
1 0 0 4
1 0 0 9
1 0 0 8
1 0 0 8
1 0 0 8
1 0 0 8
1 0 0 8
1 0 0 8
1 0 0 8
1 0 0 8
1 0 0 16
1 0 0 16
1 0 0 16
1 0 0 16
1 0 0 16
1 0 0 17
1 0 0 18
1 0 0 18
1 0 0 18
1 0 0 18
1 0 0 18
1 0 0 18
1 0 0 18
1 0 0 18
1 0 0 18
1 0 0 18
1 0 0 17
1 0 0 17
1 0 0 14
1 0 0 14
1 0 0 14
1 0 0 14
1 0 0 19
1 0 0 19
1 0 0 19
1 0 0 19
1 0 0 19
1 0 0 19
1 0 0 19
1 0 0 19
1 0 0 19
1 0 0 19
1 0 0 20
1 0 0 20
1 0 0 20
1 0 0 20
1 0 0 20
1 0 0 20
1 0 0 14
1 0 0 14
1 0 0 14
1 0 0 14
1 0 0 20
1 0 0 20
1 0 0 20
1 0 0 20
1 0 0 17
1 0 0 17
1 0 0 17
1 0 0 17
1 0 0 17
1 0 0 17
1 0 0 17
1 0 0 10
1 0 0 2
1 0 0 2
1 0 0 2
1 0 0 2
1 0 0 16
1 0 0 16
1 0 0 16
1 0 0 16
1 0 0 10
1 0 0 10
1 0 0 10
1 0 0 10
1 0 0 3
1 0 0 4
1 0 0 3
1 0 0 3
1 0 0 3
1 0 0 3
1 0 0 15
1 0 0 15
1 0 0 15
1 0 0 15
1 0 0 15
1 0 0 15
1 0 0 15
1 0 0 3
1 0 0 3
1 0 0 21
1 0 0 21
1 0 0 21
1 0 0 21
1 0 0 21
1 0 0 21
1 0 0 21
1 0 0 21
1 0 0 9
1 0 0 9
1 0 0 9
1 0 0 9
1 0 0 9
1 0 0 9
1 0 0 9
1 0 0 14
1 0 0 5
1 0 0 22
1 0 0 22
1 0 0 22
1 0 0 22
1 0 0 22
1 0 0 22
1 0 0 22
1 0 0 22
1 0 0 22
1 0 0 22
1 0 0 23
1 0 0 23
1 0 0 23
1 0 0 23
1 0 0 23
1 0 0 23
1 0 0 23
1 0 0 23
1 0 0 23
1 0 0 23
1 0 0 5
1 0 0 5
1 0 0 2
1 0 0 16
1 0 0 1
1 0 0 1
1 0 0 1
1 0 0 1
1 0 0 1
1 0 0 5
1 0 0 5
1 0 0 21
1 0 0 21
0.1 1 2 -1
0.1 3 4 -1
0.1 231 232 -1
0.1 7 8 -1
0.1 234 9 -1
0.1 6 235 -1
0.1 236 10 -1
0.1 5 237 -1
0.1 233 238 -1
0.1 13 14 -1
0.1 12 240 -1
0.1 11 241 -1
0.1 17 18 -1
0.1 19 20 -1
0.1 21 22 -1
0.1 244 245 -1
0.1 243 246 -1
0.1 23 24 -1
0.1 25 26 -1
0.1 248 249 -1
0.1 247 250 -1
0.1 16 251 -1
0.1 15 252 -1
0.1 242 253 -1
0.1 254 27 -1
0.1 30 31 -1
0.1 256 32 -1
0.1 33 34 -1
0.1 35 36 -1
0.1 258 259 -1
0.1 257 260 -1
0.1 29 261 -1
0.1 28 262 -1
0.1 38 39 -1
0.1 37 264 -1
0.1 263 265 -1
0.1 40 41 -1
0.1 267 42 -1
0.1 266 268 -1
0.1 255 269 -1
0.1 239 270 -1
0.1 44 45 -1
0.1 43 272 -1
0.1 47 48 -1
0.1 46 274 -1
0.1 49 50 -1
0.1 275 276 -1
0.1 273 277 -1
0.1 55 56 -1
0.1 54 279 -1
0.1 53 280 -1
0.1 281 57 -1
0.1 58 59 -1
0.1 283 60 -1
0.1 282 284 -1
0.1 285 61 -1
0.1 52 286 -1
0.1 63 64 -1
0.1 66 67 -1
0.1 289 68 -1
0.1 65 290 -1
0.1 69 70 -1
0.1 292 71 -1
0.1 291 293 -1
0.1 288 294 -1
0.1 62 295 -1
0.1 76 77 -1
0.1 75 297 -1
0.1 74 298 -1
0.1 78 79 -1
0.1 299 300 -1
0.1 73 301 -1
0.1 302 80 -1
0.1 303 81 -1
0.1 304 82 -1
0.1 72 305 -1
0.1 296 306 -1
0.1 287 307 -1
0.1 83 84 -1
0.1 309 85 -1
0.1 308 310 -1
0.1 51 311 -1
0.1 87 88 -1
0.1 89 90 -1
0.1 313 314 -1
0.1 86 315 -1
0.1 312 316 -1
0.1 93 94 -1
0.1 92 318 -1
0.1 95 96 -1
0.1 319 320 -1
0.1 97 98 -1
0.1 321 322 -1
0.1 323 99 -1
0.1 91 324 -1
0.1 317 325 -1
0.1 278 326 -1
0.1 271 327 -1
0.1 100 101 -1
0.1 329 102 -1
0.1 103 104 -1
0.1 330 331 -1
0.1 108 109 -1
0.1 333 110 -1
0.1 334 111 -1
0.1 107 335 -1
0.1 112 113 -1
0.1 336 337 -1
0.1 114 115 -1
0.1 338 339 -1
0.1 106 340 -1
0.1 116 117 -1
0.1 119 120 -1
0.1 118 343 -1
0.1 344 121 -1
0.1 123 124 -1
0.1 346 125 -1
0.1 126 127 -1
0.1 347 348 -1
0.1 122 349 -1
0.1 128 129 -1
0.1 350 351 -1
0.1 130 131 -1
0.1 352 353 -1
0.1 133 134 -1
0.1 136 137 -1
0.1 139 140 -1
0.1 357 141 -1
0.1 138 358 -1
0.1 359 142 -1
0.1 356 360 -1
0.1 143 144 -1
0.1 361 362 -1
0.1 135 363 -1
0.1 364 145 -1
0.1 355 365 -1
0.1 132 366 -1
0.1 354 367 -1
0.1 345 368 -1
0.1 149 150 -1
0.1 148 370 -1
0.1 147 371 -1
0.1 146 372 -1
0.1 369 373 -1
0.1 342 374 -1
0.1 151 152 -1
0.1 375 376 -1
0.1 341 377 -1
0.1 105 378 -1
0.1 379 153 -1
0.1 332 380 -1
0.1 154 155 -1
0.1 382 156 -1
0.1 383 157 -1
0.1 381 384 -1
0.1 159 160 -1
0.1 158 386 -1
0.1 387 161 -1
0.1 162 163 -1
0.1 389 164 -1
0.1 390 165 -1
0.1 168 169 -1
0.1 392 170 -1
0.1 393 171 -1
0.1 167 394 -1
0.1 172 173 -1
0.1 174 175 -1
0.1 396 397 -1
0.1 176 177 -1
0.1 398 399 -1
0.1 400 178 -1
0.1 395 401 -1
0.1 402 179 -1
0.1 403 180 -1
0.1 166 404 -1
0.1 391 405 -1
0.1 388 406 -1
0.1 185 186 -1
0.1 184 408 -1
0.1 183 409 -1
0.1 182 410 -1
0.1 187 188 -1
0.1 189 190 -1
0.1 193 194 -1
0.1 192 414 -1
0.1 415 195 -1
0.1 191 416 -1
0.1 413 417 -1
0.1 201 202 -1
0.1 419 203 -1
0.1 200 420 -1
0.1 206 207 -1
0.1 205 422 -1
0.1 204 423 -1
0.1 421 424 -1
0.1 199 425 -1
0.1 198 426 -1
0.1 209 210 -1
0.1 428 211 -1
0.1 429 212 -1
0.1 213 214 -1
0.1 431 215 -1
0.1 430 432 -1
0.1 208 433 -1
0.1 216 217 -1
0.1 434 435 -1
0.1 427 436 -1
0.1 437 218 -1
0.1 197 438 -1
0.1 196 439 -1
0.1 223 224 -1
0.1 222 441 -1
0.1 225 226 -1
0.1 442 443 -1
0.1 221 444 -1
0.1 220 445 -1
0.1 219 446 -1
0.1 447 227 -1
0.1 440 448 -1
0.1 418 449 -1
0.1 412 450 -1
0.1 411 451 -1
0.1 181 452 -1
0.1 228 229 -1
0.1 453 454 -1
0.1 455 230 -1
0.1 407 456 -1
0.1 385 457 -1
0.1 328 458 -1
