1 0 0 1
1 0 0 1
1 0 0 1
1 0 0 1
1 0 0 1
1 0 0 2
1 0 0 2
1 0 0 2
1 0 0 3
1 0 0 3
1 0 0 3
1 0 0 3
1 0 0 3
1 0 0 3
1 0 0 3
1 0 0 3
1 0 0 3
1 0 0 3
1 0 0 4
1 0 0 4
1 0 0 5
1 0 0 5
1 0 0 6
1 0 0 6
1 0 0 6
1 0 0 6
1 0 0 6
1 0 0 6
1 0 0 6
1 0 0 6
1 0 0 6
1 0 0 6
1 0 0 7
1 0 0 7
1 0 0 7
1 0 0 7
1 0 0 7
1 0 0 7
1 0 0 7
1 0 0 7
1 0 0 8
1 0 0 8
1 0 0 8
1 0 0 2
1 0 0 2
1 0 0 2
1 0 0 2
1 0 0 2
1 0 0 2
1 0 0 9
1 0 0 9
1 0 0 9
1 0 0 9
1 0 0 9
1 0 0 9
1 0 0 9
1 0 0 5
1 0 0 10
1 0 0 10
1 0 0 10
1 0 0 11
1 0 0 11
1 0 0 11
1 0 0 11
1 0 0 12
1 0 0 11
1 0 0 12
1 0 0 12
1 0 0 11
1 0 0 12
1 0 0 12
1 0 0 12
1 0 0 12
1 0 0 12
1 0 0 12
1 0 0 12
1 0 0 11
1 0 0 11
1 0 0 11
1 0 0 11
1 0 0 13
1 0 0 13
1 0 0 13
1 0 0 13
1 0 0 13
1 0 0 13
1 0 0 13
1 0 0 13
1 0 0 13
1 0 0 13
1 0 0 14
1 0 0 14
1 0 0 14
1 0 0 14
1 0 0 14
1 0 0 14
1 0 0 14
1 0 0 14
1 0 0 10
1 0 0 10
1 0 0 10
1 0 0 10
1 0 0 10
1 0 0 10
1 0 0 10
1 0 0 15
1 0 0 15
1 0 0 15
1 0 0 15
1 0 0 16
1 0 0 16
1 0 0 16
1 0 0 16
1 0 0 16
1 0 0 16
1 0 0 16
1 0 0 16
1 0 0 16
1 0 0 16
1 0 0 15
1 0 0 15
1 0 0 15
1 0 0 15
1 0 0 15
1 0 0 15
1 0 0 14
1 0 0 17
1 0 0 17
1 0 0 17
1 0 0 17
1 0 0 17
1 0 0 17
1 0 0 17
1 0 0 17
1 0 0 17
1 0 0 17
1 0 0 9
1 0 0 9
1 0 0 18
1 0 0 18
1 0 0 18
1 0 0 18
1 0 0 18
1 0 0 19
1 0 0 19
1 0 0 19
1 0 0 19
1 0 0 19
1 0 0 19
1 0 0 19
1 0 0 19
1 0 0 19
1 0 0 19
1 0 0 18
1 0 0 18
1 0 0 18
1 0 0 18
1 0 0 18
1 0 0 5
1 0 0 5
1 0 0 5
1 0 0 20
1 0 0 20
1 0 0 21
1 0 0 21
1 0 0 21
1 0 0 20
1 0 0 20
1 0 0 7
1 0 0 22
1 0 0 7
1 0 0 1
1 0 0 20
1 0 0 1
1 0 0 4
1 0 0 4
1 0 0 4
1 0 0 4
1 0 0 4
1 0 0 4
1 0 0 4
1 0 0 8
1 0 0 4
1 0 0 1
1 0 0 8
1 0 0 21
1 0 0 21
1 0 0 21
1 0 0 21
1 0 0 21
1 0 0 20
1 0 0 20
1 0 0 20
1 0 0 20
1 0 0 20
1 0 0 2
1 0 0 14
1 0 0 5
1 0 0 5
1 0 0 5
1 0 0 22
1 0 0 22
1 0 0 22
1 0 0 22
1 0 0 22
1 0 0 22
1 0 0 22
1 0 0 22
1 0 0 1
1 0 0 22
1 0 0 5
1 0 0 21
1 0 0 21
1 0 0 1
1 0 0 23
1 0 0 23
1 0 0 23
1 0 0 23
1 0 0 23
1 0 0 23
1 0 0 23
1 0 0 23
1 0 0 23
1 0 0 23
1 0 0 8
1 0 0 8
1 0 0 8
1 0 0 8
1 0 0 8
1 0 0 9
0.1 4 5 -1
0.1 3 231 -1
0.1 2 232 -1
0.1 1 233 -1
0.1 6 7 -1
0.1 12 13 -1
0.1 14 15 -1
0.1 237 16 -1
0.1 236 238 -1
0.1 17 18 -1
0.1 239 240 -1
0.1 11 241 -1
0.1 10 242 -1
0.1 9 243 -1
0.1 19 20 -1
0.1 23 24 -1
0.1 26 27 -1
0.1 25 247 -1
0.1 28 29 -1
0.1 30 31 -1
0.1 249 250 -1
0.1 248 251 -1
0.1 252 32 -1
0.1 246 253 -1
0.1 22 254 -1
0.1 21 255 -1
0.1 245 256 -1
0.1 33 34 -1
0.1 258 35 -1
0.1 36 37 -1
0.1 38 39 -1
0.1 260 261 -1
0.1 262 40 -1
0.1 259 263 -1
0.1 257 264 -1
0.1 244 265 -1
0.1 42 43 -1
0.1 41 267 -1
0.1 266 268 -1
0.1 44 45 -1
0.1 270 46 -1
0.1 47 48 -1
0.1 271 272 -1
0.1 269 273 -1
0.1 8 274 -1
0.1 235 275 -1
0.1 276 49 -1
0.1 50 51 -1
0.1 52 53 -1
0.1 278 279 -1
0.1 54 55 -1
0.1 280 281 -1
0.1 282 56 -1
0.1 277 283 -1
0.1 59 60 -1
0.1 58 285 -1
0.1 63 64 -1
0.1 67 68 -1
0.1 66 288 -1
0.1 65 289 -1
0.1 287 290 -1
0.1 71 72 -1
0.1 70 292 -1
0.1 293 73 -1
0.1 294 74 -1
0.1 295 75 -1
0.1 296 76 -1
0.1 69 297 -1
0.1 291 298 -1
0.1 62 299 -1
0.1 77 78 -1
0.1 79 80 -1
0.1 301 302 -1
0.1 300 303 -1
0.1 61 304 -1
0.1 82 83 -1
0.1 81 306 -1
0.1 307 84 -1
0.1 308 85 -1
0.1 86 87 -1
0.1 310 88 -1
0.1 89 90 -1
0.1 311 312 -1
0.1 309 313 -1
0.1 93 94 -1
0.1 92 315 -1
0.1 91 316 -1
0.1 314 317 -1
0.1 95 96 -1
0.1 319 97 -1
0.1 320 98 -1
0.1 318 321 -1
0.1 305 322 -1
0.1 99 100 -1
0.1 323 324 -1
0.1 286 325 -1
0.1 101 102 -1
0.1 327 103 -1
0.1 326 328 -1
0.1 104 105 -1
0.1 329 330 -1
0.1 108 109 -1
0.1 107 332 -1
0.1 111 112 -1
0.1 114 115 -1
0.1 113 335 -1
0.1 116 117 -1
0.1 336 337 -1
0.1 334 338 -1
0.1 118 119 -1
0.1 339 340 -1
0.1 110 341 -1
0.1 121 122 -1
0.1 120 343 -1
0.1 342 344 -1
0.1 333 345 -1
0.1 346 123 -1
0.1 347 124 -1
0.1 348 125 -1
0.1 106 349 -1
0.1 128 129 -1
0.1 351 130 -1
0.1 131 132 -1
0.1 134 135 -1
0.1 133 354 -1
0.1 353 355 -1
0.1 356 136 -1
0.1 352 357 -1
0.1 127 358 -1
0.1 126 359 -1
0.1 350 360 -1
0.1 331 361 -1
0.1 137 138 -1
0.1 362 363 -1
0.1 57 364 -1
0.1 284 365 -1
0.1 234 366 -1
0.1 141 142 -1
0.1 145 146 -1
0.1 147 148 -1
0.1 369 370 -1
0.1 150 151 -1
0.1 149 372 -1
0.1 152 153 -1
0.1 373 374 -1
0.1 371 375 -1
0.1 144 376 -1
0.1 154 155 -1
0.1 377 378 -1
0.1 143 379 -1
0.1 368 380 -1
0.1 140 381 -1
0.1 156 157 -1
0.1 383 158 -1
0.1 382 384 -1
0.1 139 385 -1
0.1 160 161 -1
0.1 159 387 -1
0.1 162 163 -1
0.1 167 168 -1
0.1 170 171 -1
0.1 172 173 -1
0.1 392 174 -1
0.1 391 393 -1
0.1 169 394 -1
0.1 176 177 -1
0.1 396 178 -1
0.1 175 397 -1
0.1 180 181 -1
0.1 179 399 -1
0.1 398 400 -1
0.1 182 183 -1
0.1 184 185 -1
0.1 402 403 -1
0.1 401 404 -1
0.1 395 405 -1
0.1 390 406 -1
0.1 187 188 -1
0.1 408 189 -1
0.1 186 409 -1
0.1 407 410 -1
0.1 193 194 -1
0.1 192 412 -1
0.1 191 413 -1
0.1 414 195 -1
0.1 196 197 -1
0.1 416 198 -1
0.1 417 199 -1
0.1 415 418 -1
0.1 203 204 -1
0.1 202 420 -1
0.1 201 421 -1
0.1 206 207 -1
0.1 423 208 -1
0.1 205 424 -1
0.1 209 210 -1
0.1 425 426 -1
0.1 422 427 -1
0.1 428 211 -1
0.1 200 429 -1
0.1 419 430 -1
0.1 431 212 -1
0.1 432 213 -1
0.1 190 433 -1
0.1 411 434 -1
0.1 166 435 -1
0.1 165 436 -1
0.1 164 437 -1
0.1 215 216 -1
0.1 439 217 -1
0.1 440 218 -1
0.1 220 221 -1
0.1 222 223 -1
0.1 443 224 -1
0.1 442 444 -1
0.1 219 445 -1
0.1 441 446 -1
0.1 214 447 -1
0.1 438 448 -1
0.1 389 449 -1
0.1 388 450 -1
0.1 227 228 -1
0.1 226 452 -1
0.1 453 229 -1
0.1 225 454 -1
0.1 455 230 -1
0.1 451 456 -1
0.1 386 457 -1
0.1 367 458 -1
