1 0 0 1
1 0 0 2
1 0 0 3
1 0 0 3
1 0 0 3
1 0 0 3
1 0 0 3
1 0 0 3
1 0 0 3
1 0 0 3
1 0 0 2
1 0 0 2
1 0 0 4
1 0 0 4
1 0 0 4
1 0 0 4
1 0 0 4
1 0 0 4
1 0 0 5
1 0 0 4
1 0 0 4
1 0 0 4
1 0 0 4
1 0 0 2
1 0 0 2
1 0 0 2
1 0 0 2
1 0 0 3
1 0 0 3
1 0 0 2
1 0 0 6
1 0 0 6
1 0 0 6
1 0 0 7
1 0 0 8
1 0 0 8
1 0 0 8
1 0 0 8
1 0 0 8
1 0 0 8
1 0 0 8
1 0 0 8
1 0 0 8
1 0 0 8
1 0 0 9
1 0 0 9
1 0 0 9
1 0 0 9
1 0 0 9
1 0 0 9
1 0 0 9
1 0 0 9
1 0 0 9
1 0 0 9
1 0 0 7
1 0 0 7
1 0 0 7
1 0 0 7
1 0 0 10
1 0 0 10
1 0 0 7
1 0 0 11
1 0 0 11
1 0 0 11
1 0 0 11
1 0 0 11
1 0 0 11
1 0 0 11
1 0 0 11
1 0 0 11
1 0 0 11
1 0 0 7
1 0 0 10
1 0 0 10
1 0 0 10
1 0 0 10
1 0 0 10
1 0 0 10
1 0 0 10
1 0 0 10
1 0 0 12
1 0 0 12
1 0 0 12
1 0 0 12
1 0 0 12
1 0 0 12
1 0 0 12
1 0 0 12
1 0 0 12
1 0 0 7
1 0 0 12
1 0 0 7
1 0 0 13
1 0 0 13
1 0 0 13
1 0 0 13
1 0 0 13
1 0 0 13
1 0 0 13
1 0 0 13
1 0 0 13
1 0 0 13
1 0 0 7
1 0 0 6
1 0 0 6
1 0 0 6
1 0 0 6
1 0 0 14
1 0 0 14
1 0 0 14
1 0 0 15
1 0 0 15
1 0 0 15
1 0 0 15
1 0 0 15
1 0 0 15
1 0 0 15
1 0 0 15
1 0 0 15
1 0 0 15
1 0 0 16
1 0 0 17
1 0 0 17
1 0 0 17
1 0 0 17
1 0 0 18
1 0 0 18
1 0 0 18
1 0 0 18
1 0 0 18
1 0 0 18
1 0 0 19
1 0 0 18
1 0 0 18
1 0 0 19
1 0 0 19
1 0 0 19
1 0 0 19
1 0 0 19
1 0 0 19
1 0 0 19
1 0 0 19
1 0 0 19
1 0 0 18
1 0 0 18
1 0 0 20
1 0 0 20
1 0 0 20
1 0 0 20
1 0 0 20
1 0 0 20
1 0 0 20
1 0 0 20
1 0 0 20
1 0 0 20
1 0 0 17
1 0 0 17
1 0 0 17
1 0 0 21
1 0 0 21
1 0 0 21
1 0 0 21
1 0 0 21
1 0 0 21
1 0 0 21
1 0 0 21
1 0 0 21
1 0 0 21
1 0 0 17
1 0 0 17
1 0 0 17
1 0 0 16
1 0 0 16
1 0 0 16
1 0 0 16
1 0 0 16
1 0 0 16
1 0 0 16
1 0 0 16
1 0 0 16
1 0 0 14
1 0 0 14
1 0 0 14
1 0 0 14
1 0 0 14
1 0 0 14
1 0 0 6
1 0 0 6
1 0 0 14
1 0 0 6
1 0 0 2
1 0 0 2
1 0 0 5
1 0 0 5
1 0 0 5
1 0 0 5
1 0 0 22
1 0 0 22
1 0 0 22
1 0 0 22
1 0 0 22
1 0 0 22
1 0 0 23
1 0 0 23
1 0 0 23
1 0 0 23
1 0 0 23
1 0 0 23
1 0 0 23
1 0 0 23
1 0 0 23
1 0 0 23
1 0 0 22
1 0 0 22
1 0 0 22
1 0 0 22
1 0 0 5
1 0 0 24
1 0 0 24
1 0 0 24
1 0 0 24
1 0 0 24
1 0 0 24
1 0 0 24
1 0 0 24
1 0 0 24
1 0 0 24
1 0 0 5
1 0 0 25
1 0 0 25
1 0 0 25
1 0 0 25
1 0 0 25
1 0 0 25
1 0 0 25
1 0 0 25
1 0 0 25
1 0 0 25
1 0 0 5
1 0 0 5
1 0 0 5
1 0 0 1
1 0 0 1
1 0 0 1
1 0 0 1
1 0 0 1
1 0 0 1
1 0 0 1
1 0 0 26
1 0 0 26
1 0 0 26
1 0 0 26
1 0 0 26
1 0 0 27
1 0 0 27
1 0 0 27
1 0 0 27
1 0 0 27
1 0 0 27
1 0 0 27
1 0 0 27
1 0 0 27
1 0 0 27
1 0 0 28
1 0 0 28
1 0 0 28
1 0 0 28
1 0 0 29
1 0 0 29
1 0 0 29
1 0 0 29
1 0 0 30
1 0 0 31
1 0 0 31
1 0 0 31
1 0 0 30
1 0 0 30
1 0 0 30
1 0 0 30
1 0 0 30
1 0 0 30
1 0 0 30
1 0 0 30
1 0 0 30
1 0 0 31
1 0 0 31
1 0 0 31
1 0 0 31
1 0 0 31
1 0 0 31
1 0 0 31
1 0 0 29
1 0 0 29
1 0 0 29
1 0 0 29
1 0 0 29
1 0 0 29
1 0 0 28
1 0 0 32
1 0 0 32
1 0 0 32
1 0 0 32
1 0 0 32
1 0 0 32
1 0 0 32
1 0 0 32
1 0 0 32
1 0 0 32
1 0 0 26
1 0 0 28
1 0 0 28
1 0 0 28
1 0 0 28
1 0 0 28
1 0 0 33
1 0 0 33
1 0 0 33
1 0 0 33
1 0 0 33
1 0 0 33
1 0 0 33
1 0 0 33
1 0 0 33
1 0 0 33
1 0 0 34
1 0 0 34
1 0 0 34
1 0 0 34
1 0 0 34
1 0 0 35
1 0 0 35
1 0 0 35
1 0 0 35
1 0 0 35
1 0 0 35
1 0 0 35
1 0 0 35
1 0 0 35
1 0 0 35
1 0 0 36
1 0 0 36
1 0 0 36
1 0 0 36
1 0 0 36
1 0 0 36
1 0 0 36
1 0 0 36
1 0 0 36
1 0 0 36
1 0 0 37
1 0 0 37
1 0 0 37
1 0 0 37
1 0 0 37
1 0 0 38
1 0 0 38
1 0 0 38
1 0 0 38
1 0 0 38
1 0 0 38
1 0 0 38
1 0 0 38
1 0 0 38
1 0 0 38
1 0 0 37
1 0 0 39
1 0 0 39
1 0 0 39
1 0 0 39
1 0 0 39
1 0 0 39
1 0 0 39
1 0 0 39
1 0 0 39
1 0 0 39
1 0 0 40
1 0 0 40
1 0 0 40
1 0 0 40
1 0 0 40
1 0 0 40
1 0 0 40
1 0 0 40
1 0 0 40
1 0 0 40
1 0 0 41
1 0 0 41
1 0 0 41
1 0 0 41
1 0 0 41
1 0 0 41
1 0 0 41
1 0 0 41
1 0 0 41
1 0 0 41
1 0 0 42
1 0 0 42
1 0 0 42
1 0 0 42
1 0 0 42
1 0 0 42
1 0 0 42
1 0 0 42
1 0 0 42
1 0 0 42
1 0 0 37
1 0 0 37
1 0 0 37
1 0 0 43
1 0 0 43
1 0 0 43
1 0 0 43
1 0 0 43
1 0 0 43
1 0 0 43
1 0 0 43
1 0 0 43
1 0 0 43
1 0 0 44
1 0 0 44
1 0 0 44
1 0 0 44
1 0 0 44
1 0 0 44
1 0 0 44
1 0 0 44
1 0 0 44
1 0 0 44
1 0 0 45
1 0 0 45
1 0 0 45
1 0 0 45
1 0 0 45
1 0 0 45
1 0 0 45
1 0 0 45
1 0 0 45
1 0 0 45
1 0 0 46
1 0 0 46
1 0 0 46
1 0 0 46
1 0 0 46
1 0 0 46
1 0 0 46
1 0 0 46
1 0 0 46
1 0 0 46
1 0 0 47
1 0 0 47
1 0 0 47
1 0 0 47
1 0 0 47
1 0 0 47
1 0 0 47
1 0 0 47
1 0 0 47
1 0 0 47
1 0 0 48
1 0 0 48
1 0 0 48
1 0 0 48
1 0 0 48
1 0 0 48
1 0 0 48
1 0 0 48
1 0 0 48
1 0 0 48
1 0 0 37
1 0 0 49
1 0 0 49
1 0 0 49
1 0 0 49
1 0 0 49
1 0 0 49
1 0 0 49
1 0 0 49
1 0 0 49
1 0 0 49
1 0 0 34
1 0 0 34
1 0 0 34
1 0 0 50
1 0 0 50
1 0 0 50
1 0 0 50
1 0 0 50
1 0 0 50
1 0 0 50
1 0 0 50
1 0 0 50
1 0 0 50
1 0 0 51
1 0 0 51
1 0 0 51
1 0 0 51
1 0 0 51
1 0 0 51
1 0 0 51
1 0 0 51
1 0 0 51
1 0 0 51
1 0 0 52
1 0 0 52
1 0 0 52
1 0 0 52
1 0 0 52
1 0 0 52
1 0 0 52
1 0 0 52
1 0 0 53
1 0 0 53
1 0 0 53
1 0 0 53
1 0 0 53
1 0 0 53
1 0 0 53
1 0 0 53
1 0 0 52
1 0 0 53
1 0 0 53
1 0 0 52
1 0 0 34
1 0 0 34
1 0 0 26
1 0 0 26
1 0 0 26
1 0 0 26
1 0 0 1
1 0 0 1
0.1 3 4 -1
0.1 6 7 -1
0.1 5 532 -1
0.1 533 8 -1
0.1 531 534 -1
0.1 9 10 -1
0.1 535 536 -1
0.1 537 11 -1
0.1 2 538 -1
0.1 14 15 -1
0.1 13 540 -1
0.1 16 17 -1
0.1 541 542 -1
0.1 543 18 -1
0.1 19 20 -1
0.1 21 22 -1
0.1 546 23 -1
0.1 545 547 -1
0.1 544 548 -1
0.1 12 549 -1
0.1 25 26 -1
0.1 551 27 -1
0.1 28 29 -1
0.1 553 30 -1
0.1 552 554 -1
0.1 24 555 -1
0.1 550 556 -1
0.1 539 557 -1
0.1 32 33 -1
0.1 31 559 -1
0.1 36 37 -1
0.1 35 561 -1
0.1 39 40 -1
0.1 38 563 -1
0.1 562 564 -1
0.1 41 42 -1
0.1 43 44 -1
0.1 566 567 -1
0.1 565 568 -1
0.1 45 46 -1
0.1 48 49 -1
0.1 47 571 -1
0.1 51 52 -1
0.1 50 573 -1
0.1 53 54 -1
0.1 574 575 -1
0.1 572 576 -1
0.1 570 577 -1
0.1 55 56 -1
0.1 578 579 -1
0.1 569 580 -1
0.1 57 58 -1
0.1 59 60 -1
0.1 63 64 -1
0.1 62 584 -1
0.1 65 66 -1
0.1 67 68 -1
0.1 69 70 -1
0.1 587 588 -1
0.1 589 71 -1
0.1 586 590 -1
0.1 585 591 -1
0.1 592 72 -1
0.1 61 593 -1
0.1 583 594 -1
0.1 73 74 -1
0.1 76 77 -1
0.1 75 597 -1
0.1 598 78 -1
0.1 596 599 -1
0.1 79 80 -1
0.1 600 601 -1
0.1 82 83 -1
0.1 81 603 -1
0.1 84 85 -1
0.1 86 87 -1
0.1 605 606 -1
0.1 604 607 -1
0.1 88 89 -1
0.1 608 609 -1
0.1 602 610 -1
0.1 611 90 -1
0.1 595 612 -1
0.1 613 91 -1
0.1 614 92 -1
0.1 582 615 -1
0.1 581 616 -1
0.1 95 96 -1
0.1 94 618 -1
0.1 93 619 -1
0.1 97 98 -1
0.1 620 621 -1
0.1 100 101 -1
0.1 623 102 -1
0.1 99 624 -1
0.1 622 625 -1
0.1 626 103 -1
0.1 617 627 -1
0.1 34 628 -1
0.1 105 106 -1
0.1 630 107 -1
0.1 104 631 -1
0.1 108 109 -1
0.1 112 113 -1
0.1 111 634 -1
0.1 117 118 -1
0.1 116 636 -1
0.1 637 119 -1
0.1 115 638 -1
0.1 114 639 -1
0.1 635 640 -1
0.1 641 120 -1
0.1 110 642 -1
0.1 122 123 -1
0.1 128 129 -1
0.1 132 133 -1
0.1 646 134 -1
0.1 131 647 -1
0.1 135 136 -1
0.1 137 138 -1
0.1 139 140 -1
0.1 650 651 -1
0.1 649 652 -1
0.1 142 143 -1
0.1 141 654 -1
0.1 653 655 -1
0.1 144 145 -1
0.1 146 147 -1
0.1 658 148 -1
0.1 149 150 -1
0.1 659 660 -1
0.1 152 153 -1
0.1 154 155 -1
0.1 662 663 -1
0.1 151 664 -1
0.1 661 665 -1
0.1 657 666 -1
0.1 656 667 -1
0.1 648 668 -1
0.1 130 669 -1
0.1 645 670 -1
0.1 127 671 -1
0.1 126 672 -1
0.1 125 673 -1
0.1 124 674 -1
0.1 156 157 -1
0.1 160 161 -1
0.1 677 162 -1
0.1 678 163 -1
0.1 159 679 -1
0.1 165 166 -1
0.1 167 168 -1
0.1 681 682 -1
0.1 164 683 -1
0.1 680 684 -1
0.1 158 685 -1
0.1 676 686 -1
0.1 687 169 -1
0.1 688 170 -1
0.1 675 689 -1
0.1 644 690 -1
0.1 691 171 -1
0.1 692 172 -1
0.1 175 176 -1
0.1 179 180 -1
0.1 178 695 -1
0.1 177 696 -1
0.1 694 697 -1
0.1 174 698 -1
0.1 173 699 -1
0.1 693 700 -1
0.1 121 701 -1
0.1 181 182 -1
0.1 702 703 -1
0.1 643 704 -1
0.1 633 705 -1
0.1 183 184 -1
0.1 185 186 -1
0.1 707 708 -1
0.1 706 709 -1
0.1 710 187 -1
0.1 711 188 -1
0.1 632 712 -1
0.1 713 189 -1
0.1 714 190 -1
0.1 629 715 -1
0.1 716 191 -1
0.1 560 717 -1
0.1 193 194 -1
0.1 197 198 -1
0.1 200 201 -1
0.1 199 721 -1
0.1 720 722 -1
0.1 203 204 -1
0.1 205 206 -1
0.1 724 725 -1
0.1 207 208 -1
0.1 211 212 -1
0.1 210 728 -1
0.1 209 729 -1
0.1 727 730 -1
0.1 726 731 -1
0.1 202 732 -1
0.1 733 213 -1
0.1 215 216 -1
0.1 214 735 -1
0.1 734 736 -1
0.1 723 737 -1
0.1 196 738 -1
0.1 218 219 -1
0.1 740 220 -1
0.1 221 222 -1
0.1 741 742 -1
0.1 224 225 -1
0.1 223 744 -1
0.1 743 745 -1
0.1 226 227 -1
0.1 746 747 -1
0.1 217 748 -1
0.1 749 228 -1
0.1 739 750 -1
0.1 229 230 -1
0.1 232 233 -1
0.1 231 753 -1
0.1 752 754 -1
0.1 235 236 -1
0.1 234 756 -1
0.1 757 237 -1
0.1 755 758 -1
0.1 759 238 -1
0.1 751 760 -1
0.1 195 761 -1
0.1 719 762 -1
0.1 763 239 -1
0.1 240 241 -1
0.1 764 765 -1
0.1 192 766 -1
0.1 718 767 -1
0.1 558 768 -1
0.1 1 769 -1
0.1 243 244 -1
0.1 245 246 -1
0.1 772 247 -1
0.1 249 250 -1
0.1 774 251 -1
0.1 254 255 -1
0.1 257 258 -1
0.1 256 777 -1
0.1 778 259 -1
0.1 776 779 -1
0.1 261 262 -1
0.1 260 781 -1
0.1 782 263 -1
0.1 780 783 -1
0.1 784 264 -1
0.1 265 266 -1
0.1 786 267 -1
0.1 268 269 -1
0.1 272 273 -1
0.1 274 275 -1
0.1 277 278 -1
0.1 791 279 -1
0.1 276 792 -1
0.1 282 283 -1
0.1 281 794 -1
0.1 280 795 -1
0.1 796 284 -1
0.1 793 797 -1
0.1 285 286 -1
0.1 287 288 -1
0.1 800 289 -1
0.1 799 801 -1
0.1 798 802 -1
0.1 290 291 -1
0.1 803 804 -1
0.1 790 805 -1
0.1 789 806 -1
0.1 271 807 -1
0.1 270 808 -1
0.1 788 809 -1
0.1 292 293 -1
0.1 810 811 -1
0.1 294 295 -1
0.1 813 296 -1
0.1 814 297 -1
0.1 812 815 -1
0.1 816 298 -1
0.1 300 301 -1
0.1 304 305 -1
0.1 303 819 -1
0.1 302 820 -1
0.1 818 821 -1
0.1 822 306 -1
0.1 307 308 -1
0.1 823 824 -1
0.1 299 825 -1
0.1 817 826 -1
0.1 787 827 -1
0.1 785 828 -1
0.1 829 309 -1
0.1 311 312 -1
0.1 310 831 -1
0.1 315 316 -1
0.1 833 317 -1
0.1 834 318 -1
0.1 319 320 -1
0.1 835 836 -1
0.1 323 324 -1
0.1 322 838 -1
0.1 321 839 -1
0.1 837 840 -1
0.1 314 841 -1
0.1 313 842 -1
0.1 832 843 -1
0.1 325 326 -1
0.1 328 329 -1
0.1 330 331 -1
0.1 332 333 -1
0.1 848 334 -1
0.1 335 336 -1
0.1 850 337 -1
0.1 849 851 -1
0.1 847 852 -1
0.1 338 339 -1
0.1 853 854 -1
0.1 340 341 -1
0.1 342 343 -1
0.1 856 857 -1
0.1 345 346 -1
0.1 344 859 -1
0.1 348 349 -1
0.1 347 861 -1
0.1 860 862 -1
0.1 858 863 -1
0.1 350 351 -1
0.1 864 865 -1
0.1 352 353 -1
0.1 867 354 -1
0.1 866 868 -1
0.1 359 360 -1
0.1 358 870 -1
0.1 357 871 -1
0.1 356 872 -1
0.1 361 362 -1
0.1 363 364 -1
0.1 874 875 -1
0.1 873 876 -1
0.1 355 877 -1
0.1 367 368 -1
0.1 366 879 -1
0.1 880 369 -1
0.1 372 373 -1
0.1 371 882 -1
0.1 370 883 -1
0.1 374 375 -1
0.1 884 885 -1
0.1 881 886 -1
0.1 365 887 -1
0.1 878 888 -1
0.1 377 378 -1
0.1 376 890 -1
0.1 379 380 -1
0.1 892 381 -1
0.1 384 385 -1
0.1 383 894 -1
0.1 382 895 -1
0.1 893 896 -1
0.1 891 897 -1
0.1 387 388 -1
0.1 391 392 -1
0.1 390 900 -1
0.1 389 901 -1
0.1 899 902 -1
0.1 393 394 -1
0.1 904 395 -1
0.1 903 905 -1
0.1 386 906 -1
0.1 898 907 -1
0.1 399 400 -1
0.1 398 909 -1
0.1 397 910 -1
0.1 396 911 -1
0.1 401 402 -1
0.1 913 403 -1
0.1 404 405 -1
0.1 914 915 -1
0.1 912 916 -1
0.1 908 917 -1
0.1 406 407 -1
0.1 919 408 -1
0.1 918 920 -1
0.1 889 921 -1
0.1 411 412 -1
0.1 410 923 -1
0.1 409 924 -1
0.1 413 414 -1
0.1 416 417 -1
0.1 415 927 -1
0.1 928 418 -1
0.1 926 929 -1
0.1 925 930 -1
0.1 419 420 -1
0.1 932 421 -1
0.1 422 423 -1
0.1 933 934 -1
0.1 425 426 -1
0.1 427 428 -1
0.1 936 937 -1
0.1 424 938 -1
0.1 935 939 -1
0.1 931 940 -1
0.1 429 430 -1
0.1 433 434 -1
0.1 943 435 -1
0.1 432 944 -1
0.1 431 945 -1
0.1 436 437 -1
0.1 947 438 -1
0.1 946 948 -1
0.1 942 949 -1
0.1 439 440 -1
0.1 951 441 -1
0.1 444 445 -1
0.1 446 447 -1
0.1 954 448 -1
0.1 953 955 -1
0.1 443 956 -1
0.1 442 957 -1
0.1 952 958 -1
0.1 950 959 -1
0.1 449 450 -1
0.1 451 452 -1
0.1 961 962 -1
0.1 456 457 -1
0.1 455 964 -1
0.1 454 965 -1
0.1 453 966 -1
0.1 963 967 -1
0.1 968 458 -1
0.1 459 460 -1
0.1 970 461 -1
0.1 464 465 -1
0.1 463 972 -1
0.1 466 467 -1
0.1 974 468 -1
0.1 973 975 -1
0.1 462 976 -1
0.1 971 977 -1
0.1 969 978 -1
0.1 960 979 -1
0.1 980 469 -1
0.1 941 981 -1
0.1 470 471 -1
0.1 472 473 -1
0.1 983 984 -1
0.1 474 475 -1
0.1 476 477 -1
0.1 986 987 -1
0.1 478 479 -1
0.1 988 989 -1
0.1 985 990 -1
0.1 982 991 -1
0.1 922 992 -1
0.1 869 993 -1
0.1 855 994 -1
0.1 846 995 -1
0.1 996 480 -1
0.1 481 482 -1
0.1 483 484 -1
0.1 999 485 -1
0.1 487 488 -1
0.1 486 1001 -1
0.1 1002 489 -1
0.1 491 492 -1
0.1 490 1004 -1
0.1 1003 1005 -1
0.1 1000 1006 -1
0.1 493 494 -1
0.1 497 498 -1
0.1 496 1009 -1
0.1 495 1010 -1
0.1 499 500 -1
0.1 1011 1012 -1
0.1 1013 501 -1
0.1 1008 1014 -1
0.1 1015 502 -1
0.1 504 505 -1
0.1 1017 506 -1
0.1 503 1018 -1
0.1 509 510 -1
0.1 513 514 -1
0.1 512 1021 -1
0.1 511 1022 -1
0.1 517 518 -1
0.1 516 1024 -1
0.1 519 520 -1
0.1 1025 1026 -1
0.1 1027 521 -1
0.1 515 1028 -1
0.1 1023 1029 -1
0.1 1020 1030 -1
0.1 1031 522 -1
0.1 508 1032 -1
0.1 507 1033 -1
0.1 1019 1034 -1
0.1 1016 1035 -1
0.1 1036 523 -1
0.1 1007 1037 -1
0.1 1038 524 -1
0.1 998 1039 -1
0.1 997 1040 -1
0.1 327 1041 -1
0.1 845 1042 -1
0.1 844 1043 -1
0.1 1044 525 -1
0.1 830 1045 -1
0.1 1046 526 -1
0.1 253 1047 -1
0.1 252 1048 -1
0.1 527 528 -1
0.1 1049 1050 -1
0.1 775 1051 -1
0.1 1052 529 -1
0.1 248 1053 -1
0.1 773 1054 -1
0.1 771 1055 -1
0.1 1056 530 -1
0.1 242 1057 -1
0.1 770 1058 -1
