1 0 0 1
1 0 0 1
1 0 0 2
1 0 0 2
1 0 0 3
1 0 0 4
1 0 0 4
1 0 0 4
1 0 0 2
1 0 0 5
1 0 0 5
1 0 0 5
1 0 0 5
1 0 0 5
1 0 0 5
1 0 0 5
1 0 0 5
1 0 0 5
1 0 0 5
1 0 0 6
1 0 0 6
1 0 0 6
1 0 0 7
1 0 0 7
1 0 0 7
1 0 0 7
1 0 0 7
1 0 0 7
1 0 0 7
1 0 0 7
1 0 0 7
1 0 0 7
1 0 0 6
1 0 0 6
1 0 0 6
1 0 0 6
1 0 0 6
1 0 0 6
1 0 0 6
1 0 0 2
1 0 0 8
1 0 0 8
1 0 0 8
1 0 0 8
1 0 0 8
1 0 0 8
1 0 0 8
1 0 0 8
1 0 0 8
1 0 0 8
1 0 0 2
1 0 0 2
1 0 0 2
1 0 0 2
1 0 0 2
1 0 0 2
1 0 0 9
1 0 0 10
1 0 0 10
1 0 0 10
1 0 0 10
1 0 0 10
1 0 0 10
1 0 0 10
1 0 0 10
1 0 0 10
1 0 0 10
1 0 0 11
1 0 0 11
1 0 0 11
1 0 0 11
1 0 0 11
1 0 0 11
1 0 0 11
1 0 0 11
1 0 0 11
1 0 0 11
1 0 0 9
1 0 0 9
1 0 0 9
1 0 0 12
1 0 0 12
1 0 0 12
1 0 0 12
1 0 0 12
1 0 0 12
1 0 0 12
1 0 0 12
1 0 0 12
1 0 0 12
1 0 0 9
1 0 0 9
1 0 0 13
1 0 0 13
1 0 0 13
1 0 0 13
1 0 0 13
1 0 0 13
1 0 0 13
1 0 0 13
1 0 0 13
1 0 0 13
1 0 0 9
1 0 0 14
1 0 0 14
1 0 0 14
1 0 0 14
1 0 0 14
1 0 0 14
1 0 0 14
1 0 0 14
1 0 0 14
1 0 0 14
1 0 0 15
1 0 0 15
1 0 0 15
1 0 0 15
1 0 0 15
1 0 0 15
1 0 0 15
1 0 0 15
1 0 0 15
1 0 0 9
1 0 0 15
1 0 0 9
1 0 0 9
1 0 0 16
1 0 0 17
1 0 0 17
1 0 0 17
1 0 0 17
1 0 0 17
1 0 0 17
1 0 0 17
1 0 0 17
1 0 0 17
1 0 0 17
1 0 0 18
1 0 0 18
1 0 0 19
1 0 0 19
1 0 0 19
1 0 0 20
1 0 0 20
1 0 0 21
1 0 0 21
1 0 0 21
1 0 0 21
1 0 0 21
1 0 0 21
1 0 0 21
1 0 0 21
1 0 0 21
1 0 0 21
1 0 0 20
1 0 0 20
1 0 0 22
1 0 0 22
1 0 0 22
1 0 0 22
1 0 0 22
1 0 0 22
1 0 0 22
1 0 0 22
1 0 0 22
1 0 0 22
1 0 0 20
1 0 0 20
1 0 0 20
1 0 0 20
1 0 0 20
1 0 0 20
1 0 0 19
1 0 0 19
1 0 0 19
1 0 0 19
1 0 0 23
1 0 0 23
1 0 0 23
1 0 0 23
1 0 0 23
1 0 0 23
1 0 0 23
1 0 0 23
1 0 0 23
1 0 0 23
1 0 0 19
1 0 0 19
1 0 0 19
1 0 0 18
1 0 0 18
1 0 0 18
1 0 0 18
1 0 0 18
1 0 0 18
1 0 0 18
1 0 0 18
1 0 0 16
1 0 0 16
1 0 0 16
1 0 0 16
1 0 0 16
1 0 0 4
1 0 0 4
1 0 0 4
1 0 0 4
1 0 0 4
1 0 0 4
1 0 0 4
1 0 0 3
1 0 0 3
1 0 0 3
1 0 0 24
1 0 0 24
1 0 0 24
1 0 0 24
1 0 0 24
1 0 0 24
1 0 0 24
1 0 0 24
1 0 0 3
1 0 0 25
1 0 0 25
1 0 0 25
1 0 0 25
1 0 0 25
1 0 0 25
1 0 0 25
1 0 0 25
1 0 0 25
1 0 0 25
1 0 0 3
1 0 0 24
1 0 0 24
1 0 0 3
1 0 0 3
1 0 0 16
1 0 0 16
1 0 0 16
1 0 0 16
1 0 0 3
1 0 0 3
1 0 0 1
1 0 0 1
1 0 0 1
1 0 0 1
1 0 0 26
1 0 0 26
1 0 0 26
1 0 0 26
1 0 0 26
1 0 0 26
1 0 0 26
1 0 0 26
1 0 0 27
1 0 0 28
1 0 0 28
1 0 0 28
1 0 0 28
1 0 0 28
1 0 0 28
1 0 0 28
1 0 0 28
1 0 0 28
1 0 0 28
1 0 0 27
1 0 0 27
1 0 0 27
1 0 0 27
1 0 0 26
1 0 0 26
1 0 0 29
1 0 0 29
1 0 0 30
1 0 0 30
1 0 0 30
1 0 0 30
1 0 0 30
1 0 0 30
1 0 0 30
1 0 0 30
1 0 0 30
1 0 0 31
1 0 0 31
1 0 0 31
1 0 0 31
1 0 0 31
1 0 0 31
1 0 0 31
1 0 0 31
1 0 0 31
1 0 0 31
1 0 0 30
1 0 0 29
1 0 0 29
1 0 0 29
1 0 0 29
1 0 0 29
1 0 0 29
1 0 0 29
1 0 0 29
1 0 0 27
1 0 0 32
1 0 0 32
1 0 0 32
1 0 0 32
1 0 0 32
1 0 0 32
1 0 0 32
1 0 0 32
1 0 0 32
1 0 0 32
1 0 0 27
1 0 0 27
1 0 0 27
1 0 0 33
1 0 0 33
1 0 0 33
1 0 0 33
1 0 0 33
1 0 0 33
1 0 0 33
1 0 0 33
1 0 0 33
1 0 0 33
1 0 0 27
1 0 0 34
1 0 0 34
1 0 0 34
1 0 0 34
1 0 0 34
1 0 0 35
1 0 0 35
1 0 0 35
1 0 0 35
1 0 0 35
1 0 0 35
1 0 0 35
1 0 0 36
1 0 0 36
1 0 0 36
1 0 0 36
1 0 0 36
1 0 0 36
1 0 0 36
1 0 0 36
1 0 0 36
1 0 0 36
1 0 0 35
1 0 0 35
1 0 0 35
1 0 0 37
1 0 0 37
1 0 0 37
1 0 0 37
1 0 0 37
1 0 0 37
1 0 0 37
1 0 0 37
1 0 0 37
1 0 0 37
1 0 0 34
1 0 0 38
1 0 0 38
1 0 0 38
1 0 0 38
1 0 0 38
1 0 0 38
1 0 0 38
1 0 0 38
1 0 0 38
1 0 0 38
1 0 0 34
1 0 0 34
1 0 0 39
1 0 0 39
1 0 0 40
1 0 0 40
1 0 0 40
1 0 0 40
1 0 0 40
1 0 0 40
1 0 0 40
1 0 0 40
1 0 0 40
1 0 0 40
1 0 0 39
1 0 0 39
1 0 0 39
1 0 0 41
1 0 0 41
1 0 0 41
1 0 0 41
1 0 0 41
1 0 0 41
1 0 0 41
1 0 0 41
1 0 0 41
1 0 0 41
1 0 0 42
1 0 0 42
1 0 0 42
1 0 0 42
1 0 0 42
1 0 0 42
1 0 0 42
1 0 0 42
1 0 0 42
1 0 0 42
1 0 0 43
1 0 0 43
1 0 0 43
1 0 0 43
1 0 0 43
1 0 0 43
1 0 0 43
1 0 0 43
1 0 0 43
1 0 0 43
1 0 0 44
1 0 0 44
1 0 0 44
1 0 0 44
1 0 0 44
1 0 0 44
1 0 0 44
1 0 0 44
1 0 0 44
1 0 0 44
1 0 0 45
1 0 0 45
1 0 0 45
1 0 0 45
1 0 0 45
1 0 0 45
1 0 0 45
1 0 0 45
1 0 0 45
1 0 0 45
1 0 0 39
1 0 0 46
1 0 0 46
1 0 0 46
1 0 0 46
1 0 0 46
1 0 0 46
1 0 0 46
1 0 0 46
1 0 0 46
1 0 0 46
1 0 0 47
1 0 0 47
1 0 0 47
1 0 0 47
1 0 0 47
1 0 0 47
1 0 0 47
1 0 0 47
1 0 0 47
1 0 0 47
1 0 0 48
1 0 0 48
1 0 0 48
1 0 0 48
1 0 0 48
1 0 0 48
1 0 0 48
1 0 0 48
1 0 0 48
1 0 0 48
1 0 0 39
1 0 0 49
1 0 0 49
1 0 0 49
1 0 0 49
1 0 0 49
1 0 0 49
1 0 0 49
1 0 0 49
1 0 0 49
1 0 0 49
1 0 0 50
1 0 0 50
1 0 0 50
1 0 0 50
1 0 0 50
1 0 0 50
1 0 0 50
1 0 0 50
1 0 0 50
1 0 0 50
1 0 0 51
1 0 0 51
1 0 0 51
1 0 0 51
1 0 0 51
1 0 0 51
1 0 0 51
1 0 0 51
1 0 0 51
1 0 0 51
1 0 0 52
1 0 0 52
1 0 0 52
1 0 0 52
1 0 0 52
1 0 0 52
1 0 0 52
1 0 0 52
1 0 0 52
1 0 0 52
1 0 0 39
1 0 0 39
1 0 0 39
1 0 0 53
1 0 0 53
1 0 0 53
1 0 0 53
1 0 0 53
1 0 0 53
1 0 0 53
1 0 0 53
1 0 0 53
1 0 0 53
1 0 0 34
1 0 0 34
1 0 0 1
1 0 0 1
1 0 0 1
1 0 0 1
0.1 3 4 -1
0.1 531 5 -1
0.1 6 7 -1
0.1 533 8 -1
0.1 11 12 -1
0.1 535 13 -1
0.1 14 15 -1
0.1 536 537 -1
0.1 17 18 -1
0.1 16 539 -1
0.1 538 540 -1
0.1 541 19 -1
0.1 10 542 -1
0.1 21 22 -1
0.1 20 544 -1
0.1 23 24 -1
0.1 27 28 -1
0.1 26 547 -1
0.1 25 548 -1
0.1 546 549 -1
0.1 29 30 -1
0.1 31 32 -1
0.1 551 552 -1
0.1 550 553 -1
0.1 554 33 -1
0.1 555 34 -1
0.1 35 36 -1
0.1 557 37 -1
0.1 38 39 -1
0.1 558 559 -1
0.1 556 560 -1
0.1 545 561 -1
0.1 562 40 -1
0.1 41 42 -1
0.1 43 44 -1
0.1 46 47 -1
0.1 45 566 -1
0.1 565 567 -1
0.1 49 50 -1
0.1 48 569 -1
0.1 568 570 -1
0.1 564 571 -1
0.1 572 51 -1
0.1 563 573 -1
0.1 574 52 -1
0.1 575 53 -1
0.1 543 576 -1
0.1 54 55 -1
0.1 577 578 -1
0.1 579 56 -1
0.1 9 580 -1
0.1 534 581 -1
0.1 58 59 -1
0.1 62 63 -1
0.1 61 584 -1
0.1 60 585 -1
0.1 583 586 -1
0.1 65 66 -1
0.1 64 588 -1
0.1 589 67 -1
0.1 587 590 -1
0.1 57 591 -1
0.1 68 69 -1
0.1 593 70 -1
0.1 72 73 -1
0.1 71 595 -1
0.1 594 596 -1
0.1 74 75 -1
0.1 76 77 -1
0.1 598 599 -1
0.1 597 600 -1
0.1 78 79 -1
0.1 601 602 -1
0.1 81 82 -1
0.1 84 85 -1
0.1 83 605 -1
0.1 604 606 -1
0.1 87 88 -1
0.1 86 608 -1
0.1 89 90 -1
0.1 609 610 -1
0.1 607 611 -1
0.1 612 91 -1
0.1 80 613 -1
0.1 94 95 -1
0.1 93 615 -1
0.1 97 98 -1
0.1 99 100 -1
0.1 617 618 -1
0.1 96 619 -1
0.1 101 102 -1
0.1 620 621 -1
0.1 616 622 -1
0.1 92 623 -1
0.1 104 105 -1
0.1 103 625 -1
0.1 624 626 -1
0.1 108 109 -1
0.1 111 112 -1
0.1 629 113 -1
0.1 110 630 -1
0.1 628 631 -1
0.1 107 632 -1
0.1 106 633 -1
0.1 115 116 -1
0.1 114 635 -1
0.1 117 118 -1
0.1 119 120 -1
0.1 637 638 -1
0.1 121 122 -1
0.1 639 640 -1
0.1 636 641 -1
0.1 642 123 -1
0.1 634 643 -1
0.1 627 644 -1
0.1 645 124 -1
0.1 646 125 -1
0.1 614 647 -1
0.1 603 648 -1
0.1 592 649 -1
0.1 650 126 -1
0.1 131 132 -1
0.1 130 652 -1
0.1 129 653 -1
0.1 133 134 -1
0.1 654 655 -1
0.1 128 656 -1
0.1 136 137 -1
0.1 135 658 -1
0.1 657 659 -1
0.1 127 660 -1
0.1 140 141 -1
0.1 143 144 -1
0.1 146 147 -1
0.1 148 149 -1
0.1 664 665 -1
0.1 145 666 -1
0.1 150 151 -1
0.1 153 154 -1
0.1 152 669 -1
0.1 668 670 -1
0.1 667 671 -1
0.1 155 156 -1
0.1 672 673 -1
0.1 158 159 -1
0.1 160 161 -1
0.1 675 676 -1
0.1 162 163 -1
0.1 677 678 -1
0.1 165 166 -1
0.1 164 680 -1
0.1 679 681 -1
0.1 157 682 -1
0.1 683 167 -1
0.1 168 169 -1
0.1 684 685 -1
0.1 686 170 -1
0.1 674 687 -1
0.1 688 171 -1
0.1 689 172 -1
0.1 663 690 -1
0.1 691 173 -1
0.1 142 692 -1
0.1 174 175 -1
0.1 177 178 -1
0.1 179 180 -1
0.1 695 696 -1
0.1 697 181 -1
0.1 183 184 -1
0.1 185 186 -1
0.1 699 700 -1
0.1 182 701 -1
0.1 698 702 -1
0.1 176 703 -1
0.1 187 188 -1
0.1 704 705 -1
0.1 694 706 -1
0.1 693 707 -1
0.1 662 708 -1
0.1 709 189 -1
0.1 193 194 -1
0.1 192 711 -1
0.1 195 196 -1
0.1 712 713 -1
0.1 191 714 -1
0.1 190 715 -1
0.1 710 716 -1
0.1 139 717 -1
0.1 718 197 -1
0.1 138 719 -1
0.1 198 199 -1
0.1 720 721 -1
0.1 661 722 -1
0.1 723 200 -1
0.1 201 202 -1
0.1 724 725 -1
0.1 205 206 -1
0.1 204 727 -1
0.1 203 728 -1
0.1 726 729 -1
0.1 207 208 -1
0.1 731 209 -1
0.1 730 732 -1
0.1 651 733 -1
0.1 582 734 -1
0.1 532 735 -1
0.1 736 210 -1
0.1 213 214 -1
0.1 216 217 -1
0.1 215 739 -1
0.1 740 218 -1
0.1 738 741 -1
0.1 219 220 -1
0.1 742 743 -1
0.1 212 744 -1
0.1 211 745 -1
0.1 223 224 -1
0.1 747 225 -1
0.1 222 748 -1
0.1 227 228 -1
0.1 226 750 -1
0.1 229 230 -1
0.1 751 752 -1
0.1 753 231 -1
0.1 749 754 -1
0.1 221 755 -1
0.1 233 234 -1
0.1 757 235 -1
0.1 758 236 -1
0.1 237 238 -1
0.1 239 240 -1
0.1 760 761 -1
0.1 241 242 -1
0.1 762 763 -1
0.1 759 764 -1
0.1 232 765 -1
0.1 756 766 -1
0.1 746 767 -1
0.1 737 768 -1
0.1 2 769 -1
0.1 1 770 -1
0.1 771 243 -1
0.1 248 249 -1
0.1 247 773 -1
0.1 251 252 -1
0.1 775 253 -1
0.1 776 254 -1
0.1 250 777 -1
0.1 257 258 -1
0.1 256 779 -1
0.1 259 260 -1
0.1 261 262 -1
0.1 782 263 -1
0.1 783 264 -1
0.1 781 784 -1
0.1 780 785 -1
0.1 786 265 -1
0.1 255 787 -1
0.1 788 266 -1
0.1 268 269 -1
0.1 267 790 -1
0.1 789 791 -1
0.1 270 271 -1
0.1 792 793 -1
0.1 778 794 -1
0.1 774 795 -1
0.1 272 273 -1
0.1 276 277 -1
0.1 798 278 -1
0.1 799 279 -1
0.1 275 800 -1
0.1 280 281 -1
0.1 284 285 -1
0.1 803 286 -1
0.1 283 804 -1
0.1 805 287 -1
0.1 291 292 -1
0.1 290 807 -1
0.1 289 808 -1
0.1 288 809 -1
0.1 806 810 -1
0.1 811 293 -1
0.1 282 812 -1
0.1 802 813 -1
0.1 801 814 -1
0.1 274 815 -1
0.1 816 294 -1
0.1 797 817 -1
0.1 296 297 -1
0.1 295 819 -1
0.1 818 820 -1
0.1 298 299 -1
0.1 822 300 -1
0.1 823 301 -1
0.1 821 824 -1
0.1 303 304 -1
0.1 306 307 -1
0.1 827 308 -1
0.1 305 828 -1
0.1 310 311 -1
0.1 309 830 -1
0.1 829 831 -1
0.1 832 312 -1
0.1 826 833 -1
0.1 313 314 -1
0.1 834 835 -1
0.1 302 836 -1
0.1 825 837 -1
0.1 318 319 -1
0.1 839 320 -1
0.1 323 324 -1
0.1 322 841 -1
0.1 321 842 -1
0.1 843 325 -1
0.1 840 844 -1
0.1 317 845 -1
0.1 316 846 -1
0.1 315 847 -1
0.1 848 326 -1
0.1 838 849 -1
0.1 796 850 -1
0.1 327 328 -1
0.1 329 330 -1
0.1 333 334 -1
0.1 854 335 -1
0.1 332 855 -1
0.1 336 337 -1
0.1 341 342 -1
0.1 340 858 -1
0.1 339 859 -1
0.1 346 347 -1
0.1 345 861 -1
0.1 862 348 -1
0.1 344 863 -1
0.1 343 864 -1
0.1 860 865 -1
0.1 338 866 -1
0.1 857 867 -1
0.1 349 350 -1
0.1 868 869 -1
0.1 856 870 -1
0.1 871 351 -1
0.1 353 354 -1
0.1 352 873 -1
0.1 874 355 -1
0.1 356 357 -1
0.1 875 876 -1
0.1 360 361 -1
0.1 359 878 -1
0.1 358 879 -1
0.1 877 880 -1
0.1 872 881 -1
0.1 364 365 -1
0.1 363 883 -1
0.1 367 368 -1
0.1 366 885 -1
0.1 370 371 -1
0.1 369 887 -1
0.1 886 888 -1
0.1 884 889 -1
0.1 890 372 -1
0.1 362 891 -1
0.1 882 892 -1
0.1 331 893 -1
0.1 853 894 -1
0.1 373 374 -1
0.1 895 896 -1
0.1 375 376 -1
0.1 377 378 -1
0.1 379 380 -1
0.1 899 900 -1
0.1 382 383 -1
0.1 381 902 -1
0.1 384 385 -1
0.1 904 386 -1
0.1 903 905 -1
0.1 901 906 -1
0.1 898 907 -1
0.1 388 389 -1
0.1 387 909 -1
0.1 908 910 -1
0.1 391 392 -1
0.1 912 393 -1
0.1 913 394 -1
0.1 395 396 -1
0.1 914 915 -1
0.1 916 397 -1
0.1 390 917 -1
0.1 398 399 -1
0.1 918 919 -1
0.1 402 403 -1
0.1 404 405 -1
0.1 922 406 -1
0.1 921 923 -1
0.1 924 407 -1
0.1 401 925 -1
0.1 400 926 -1
0.1 927 408 -1
0.1 928 409 -1
0.1 413 414 -1
0.1 416 417 -1
0.1 415 931 -1
0.1 930 932 -1
0.1 412 933 -1
0.1 411 934 -1
0.1 410 935 -1
0.1 418 419 -1
0.1 936 937 -1
0.1 929 938 -1
0.1 420 421 -1
0.1 940 422 -1
0.1 423 424 -1
0.1 426 427 -1
0.1 425 943 -1
0.1 942 944 -1
0.1 428 429 -1
0.1 945 946 -1
0.1 941 947 -1
0.1 939 948 -1
0.1 433 434 -1
0.1 432 950 -1
0.1 431 951 -1
0.1 435 436 -1
0.1 437 438 -1
0.1 953 954 -1
0.1 955 439 -1
0.1 952 956 -1
0.1 430 957 -1
0.1 949 958 -1
0.1 959 440 -1
0.1 441 442 -1
0.1 444 445 -1
0.1 443 962 -1
0.1 963 446 -1
0.1 961 964 -1
0.1 447 448 -1
0.1 966 449 -1
0.1 967 450 -1
0.1 965 968 -1
0.1 452 453 -1
0.1 454 455 -1
0.1 970 971 -1
0.1 451 972 -1
0.1 457 458 -1
0.1 456 974 -1
0.1 459 460 -1
0.1 975 976 -1
0.1 973 977 -1
0.1 969 978 -1
0.1 960 979 -1
0.1 920 980 -1
0.1 461 462 -1
0.1 465 466 -1
0.1 464 983 -1
0.1 463 984 -1
0.1 469 470 -1
0.1 468 986 -1
0.1 467 987 -1
0.1 985 988 -1
0.1 982 989 -1
0.1 990 471 -1
0.1 474 475 -1
0.1 992 476 -1
0.1 473 993 -1
0.1 994 477 -1
0.1 478 479 -1
0.1 480 481 -1
0.1 996 997 -1
0.1 995 998 -1
0.1 472 999 -1
0.1 991 1000 -1
0.1 482 483 -1
0.1 1002 484 -1
0.1 1003 485 -1
0.1 1004 486 -1
0.1 487 488 -1
0.1 489 490 -1
0.1 1007 491 -1
0.1 1006 1008 -1
0.1 1005 1009 -1
0.1 494 495 -1
0.1 493 1011 -1
0.1 497 498 -1
0.1 496 1013 -1
0.1 500 501 -1
0.1 499 1015 -1
0.1 1014 1016 -1
0.1 1012 1017 -1
0.1 492 1018 -1
0.1 503 504 -1
0.1 502 1020 -1
0.1 505 506 -1
0.1 1022 507 -1
0.1 510 511 -1
0.1 509 1024 -1
0.1 508 1025 -1
0.1 1023 1026 -1
0.1 1021 1027 -1
0.1 1019 1028 -1
0.1 1010 1029 -1
0.1 1001 1030 -1
0.1 513 514 -1
0.1 512 1032 -1
0.1 1031 1033 -1
0.1 981 1034 -1
0.1 911 1035 -1
0.1 515 516 -1
0.1 1037 517 -1
0.1 519 520 -1
0.1 518 1039 -1
0.1 1038 1040 -1
0.1 521 522 -1
0.1 523 524 -1
0.1 1042 1043 -1
0.1 1041 1044 -1
0.1 1036 1045 -1
0.1 1046 525 -1
0.1 897 1047 -1
0.1 1048 526 -1
0.1 852 1049 -1
0.1 851 1050 -1
0.1 246 1051 -1
0.1 245 1052 -1
0.1 528 529 -1
0.1 527 1054 -1
0.1 1053 1055 -1
0.1 244 1056 -1
0.1 1057 530 -1
0.1 772 1058 -1
