1 0 0 1
1 0 0 2
1 0 0 2
1 0 0 1
1 0 0 3
1 0 0 3
1 0 0 3
1 0 0 3
1 0 0 3
1 0 0 3
1 0 0 3
1 0 0 3
1 0 0 4
1 0 0 4
1 0 0 4
1 0 0 4
1 0 0 5
1 0 0 5
1 0 0 5
1 0 0 5
1 0 0 6
1 0 0 6
1 0 0 7
1 0 0 7
1 0 0 7
1 0 0 7
1 0 0 7
1 0 0 7
1 0 0 7
1 0 0 7
1 0 0 7
1 0 0 7
1 0 0 8
1 0 0 9
1 0 0 9
1 0 0 9
1 0 0 9
1 0 0 9
1 0 0 9
1 0 0 9
1 0 0 9
1 0 0 9
1 0 0 9
1 0 0 8
1 0 0 8
1 0 0 10
1 0 0 10
1 0 0 10
1 0 0 10
1 0 0 10
1 0 0 10
1 0 0 10
1 0 0 10
1 0 0 8
1 0 0 11
1 0 0 11
1 0 0 11
1 0 0 11
1 0 0 11
1 0 0 11
1 0 0 11
1 0 0 11
1 0 0 11
1 0 0 8
1 0 0 8
1 0 0 8
1 0 0 12
1 0 0 12
1 0 0 12
1 0 0 12
1 0 0 12
1 0 0 12
1 0 0 12
1 0 0 12
1 0 0 12
1 0 0 12
1 0 0 13
1 0 0 13
1 0 0 13
1 0 0 13
1 0 0 13
1 0 0 13
1 0 0 13
1 0 0 13
1 0 0 13
1 0 0 13
1 0 0 11
1 0 0 8
1 0 0 8
1 0 0 8
1 0 0 6
1 0 0 14
1 0 0 14
1 0 0 14
1 0 0 14
1 0 0 14
1 0 0 14
1 0 0 14
1 0 0 14
1 0 0 14
1 0 0 14
1 0 0 15
1 0 0 15
1 0 0 15
1 0 0 15
1 0 0 15
1 0 0 15
1 0 0 15
1 0 0 15
1 0 0 15
1 0 0 15
1 0 0 16
1 0 0 16
1 0 0 16
1 0 0 16
1 0 0 16
1 0 0 17
1 0 0 17
1 0 0 17
1 0 0 17
1 0 0 17
1 0 0 17
1 0 0 17
1 0 0 17
1 0 0 17
1 0 0 17
1 0 0 16
1 0 0 16
1 0 0 16
1 0 0 18
1 0 0 18
1 0 0 18
1 0 0 18
1 0 0 18
1 0 0 18
1 0 0 18
1 0 0 19
1 0 0 19
1 0 0 19
1 0 0 19
1 0 0 19
1 0 0 19
1 0 0 19
1 0 0 19
1 0 0 19
1 0 0 18
1 0 0 19
1 0 0 20
1 0 0 20
1 0 0 20
1 0 0 20
1 0 0 20
1 0 0 20
1 0 0 20
1 0 0 20
1 0 0 20
1 0 0 20
1 0 0 18
1 0 0 18
1 0 0 16
1 0 0 16
1 0 0 6
1 0 0 6
1 0 0 5
1 0 0 5
1 0 0 5
1 0 0 5
1 0 0 5
1 0 0 6
1 0 0 10
1 0 0 10
1 0 0 2
1 0 0 2
1 0 0 21
1 0 0 21
1 0 0 21
1 0 0 21
1 0 0 21
1 0 0 21
1 0 0 21
1 0 0 21
1 0 0 21
1 0 0 21
1 0 0 2
1 0 0 22
1 0 0 22
1 0 0 22
1 0 0 23
1 0 0 23
1 0 0 23
1 0 0 23
1 0 0 23
1 0 0 23
1 0 0 23
1 0 0 23
1 0 0 23
1 0 0 23
1 0 0 22
1 0 0 22
1 0 0 22
1 0 0 22
1 0 0 22
1 0 0 22
1 0 0 22
1 0 0 24
1 0 0 24
1 0 0 24
1 0 0 24
1 0 0 24
1 0 0 24
1 0 0 24
1 0 0 24
1 0 0 24
1 0 0 24
1 0 0 2
1 0 0 2
1 0 0 2
1 0 0 2
1 0 0 2
1 0 0 6
1 0 0 6
1 0 0 6
1 0 0 6
1 0 0 5
1 0 0 4
1 0 0 4
1 0 0 3
1 0 0 3
1 0 0 4
1 0 0 4
1 0 0 4
1 0 0 4
1 0 0 25
1 0 0 25
1 0 0 25
1 0 0 25
1 0 0 25
1 0 0 25
1 0 0 25
1 0 0 25
1 0 0 25
1 0 0 25
1 0 0 26
1 0 0 26
1 0 0 26
1 0 0 26
1 0 0 27
1 0 0 27
1 0 0 27
1 0 0 27
1 0 0 27
1 0 0 27
1 0 0 28
1 0 0 28
1 0 0 28
1 0 0 28
1 0 0 28
1 0 0 28
1 0 0 28
1 0 0 28
1 0 0 28
1 0 0 28
1 0 0 29
1 0 0 29
1 0 0 29
1 0 0 29
1 0 0 30
1 0 0 30
1 0 0 30
1 0 0 30
1 0 0 30
1 0 0 30
1 0 0 30
1 0 0 30
1 0 0 30
1 0 0 30
1 0 0 29
1 0 0 29
1 0 0 29
1 0 0 29
1 0 0 29
1 0 0 29
1 0 0 31
1 0 0 31
1 0 0 31
1 0 0 31
1 0 0 31
1 0 0 31
1 0 0 31
1 0 0 31
1 0 0 31
1 0 0 31
1 0 0 32
1 0 0 32
1 0 0 32
1 0 0 32
1 0 0 32
1 0 0 32
1 0 0 32
1 0 0 32
1 0 0 32
1 0 0 32
1 0 0 33
1 0 0 34
1 0 0 34
1 0 0 34
1 0 0 34
1 0 0 34
1 0 0 34
1 0 0 34
1 0 0 34
1 0 0 34
1 0 0 34
1 0 0 35
1 0 0 35
1 0 0 35
1 0 0 35
1 0 0 35
1 0 0 35
1 0 0 35
1 0 0 35
1 0 0 35
1 0 0 35
1 0 0 36
1 0 0 36
1 0 0 36
1 0 0 36
1 0 0 36
1 0 0 36
1 0 0 36
1 0 0 36
1 0 0 36
1 0 0 36
1 0 0 37
1 0 0 37
1 0 0 37
1 0 0 37
1 0 0 37
1 0 0 37
1 0 0 37
1 0 0 37
1 0 0 37
1 0 0 37
1 0 0 38
1 0 0 38
1 0 0 38
1 0 0 38
1 0 0 38
1 0 0 38
1 0 0 38
1 0 0 38
1 0 0 38
1 0 0 38
1 0 0 33
1 0 0 33
1 0 0 33
1 0 0 39
1 0 0 39
1 0 0 39
1 0 0 39
1 0 0 39
1 0 0 39
1 0 0 39
1 0 0 39
1 0 0 39
1 0 0 39
1 0 0 40
1 0 0 40
1 0 0 40
1 0 0 40
1 0 0 40
1 0 0 40
1 0 0 40
1 0 0 40
1 0 0 40
1 0 0 40
1 0 0 41
1 0 0 41
1 0 0 41
1 0 0 41
1 0 0 41
1 0 0 41
1 0 0 41
1 0 0 41
1 0 0 41
1 0 0 41
1 0 0 42
1 0 0 42
1 0 0 42
1 0 0 42
1 0 0 42
1 0 0 42
1 0 0 42
1 0 0 42
1 0 0 42
1 0 0 42
1 0 0 43
1 0 0 43
1 0 0 43
1 0 0 43
1 0 0 43
1 0 0 43
1 0 0 43
1 0 0 43
1 0 0 43
1 0 0 43
1 0 0 44
1 0 0 44
1 0 0 44
1 0 0 44
1 0 0 44
1 0 0 44
1 0 0 44
1 0 0 44
1 0 0 44
1 0 0 44
1 0 0 45
1 0 0 45
1 0 0 45
1 0 0 45
1 0 0 45
1 0 0 45
1 0 0 45
1 0 0 45
1 0 0 45
1 0 0 45
1 0 0 33
1 0 0 33
1 0 0 33
1 0 0 46
1 0 0 46
1 0 0 46
1 0 0 46
1 0 0 46
1 0 0 46
1 0 0 46
1 0 0 46
1 0 0 46
1 0 0 46
1 0 0 33
1 0 0 33
1 0 0 33
1 0 0 27
1 0 0 27
1 0 0 47
1 0 0 47
1 0 0 48
1 0 0 48
1 0 0 48
1 0 0 48
1 0 0 48
1 0 0 48
1 0 0 48
1 0 0 48
1 0 0 48
1 0 0 48
1 0 0 49
1 0 0 49
1 0 0 49
1 0 0 49
1 0 0 49
1 0 0 50
1 0 0 50
1 0 0 50
1 0 0 50
1 0 0 50
1 0 0 50
1 0 0 50
1 0 0 50
1 0 0 51
1 0 0 51
1 0 0 51
1 0 0 51
1 0 0 51
1 0 0 51
1 0 0 51
1 0 0 51
1 0 0 51
1 0 0 51
1 0 0 50
1 0 0 50
1 0 0 49
1 0 0 49
1 0 0 49
1 0 0 49
1 0 0 49
1 0 0 47
1 0 0 47
1 0 0 52
1 0 0 52
1 0 0 52
1 0 0 52
1 0 0 52
1 0 0 52
1 0 0 52
1 0 0 52
1 0 0 52
1 0 0 52
1 0 0 47
1 0 0 26
1 0 0 47
1 0 0 47
1 0 0 53
1 0 0 53
1 0 0 53
1 0 0 53
1 0 0 53
1 0 0 53
1 0 0 53
1 0 0 53
1 0 0 53
1 0 0 53
1 0 0 47
1 0 0 47
1 0 0 47
1 0 0 26
1 0 0 26
1 0 0 26
1 0 0 26
1 0 0 26
1 0 0 27
1 0 0 27
1 0 0 1
1 0 0 1
1 0 0 1
1 0 0 1
1 0 0 1
1 0 0 1
1 0 0 1
1 0 0 1
0.1 2 3 -1
0.1 531 4 -1
0.1 5 6 -1
0.1 9 10 -1
0.1 8 534 -1
0.1 7 535 -1
0.1 11 12 -1
0.1 536 537 -1
0.1 533 538 -1
0.1 13 14 -1
0.1 539 540 -1
0.1 18 19 -1
0.1 17 542 -1
0.1 21 22 -1
0.1 23 24 -1
0.1 25 26 -1
0.1 545 546 -1
0.1 29 30 -1
0.1 28 548 -1
0.1 31 32 -1
0.1 549 550 -1
0.1 27 551 -1
0.1 547 552 -1
0.1 34 35 -1
0.1 38 39 -1
0.1 37 555 -1
0.1 36 556 -1
0.1 554 557 -1
0.1 42 43 -1
0.1 41 559 -1
0.1 40 560 -1
0.1 558 561 -1
0.1 33 562 -1
0.1 553 563 -1
0.1 44 45 -1
0.1 47 48 -1
0.1 46 566 -1
0.1 49 50 -1
0.1 568 51 -1
0.1 52 53 -1
0.1 569 570 -1
0.1 567 571 -1
0.1 55 56 -1
0.1 57 58 -1
0.1 573 574 -1
0.1 59 60 -1
0.1 575 576 -1
0.1 62 63 -1
0.1 61 578 -1
0.1 577 579 -1
0.1 580 64 -1
0.1 70 71 -1
0.1 72 73 -1
0.1 582 583 -1
0.1 69 584 -1
0.1 68 585 -1
0.1 67 586 -1
0.1 75 76 -1
0.1 74 588 -1
0.1 587 589 -1
0.1 66 590 -1
0.1 65 591 -1
0.1 77 78 -1
0.1 79 80 -1
0.1 594 81 -1
0.1 595 82 -1
0.1 593 596 -1
0.1 83 84 -1
0.1 597 598 -1
0.1 85 86 -1
0.1 599 600 -1
0.1 592 601 -1
0.1 581 602 -1
0.1 603 87 -1
0.1 54 604 -1
0.1 88 89 -1
0.1 605 606 -1
0.1 572 607 -1
0.1 565 608 -1
0.1 564 609 -1
0.1 610 90 -1
0.1 544 611 -1
0.1 98 99 -1
0.1 97 613 -1
0.1 96 614 -1
0.1 95 615 -1
0.1 94 616 -1
0.1 93 617 -1
0.1 92 618 -1
0.1 100 101 -1
0.1 619 620 -1
0.1 91 621 -1
0.1 102 103 -1
0.1 623 104 -1
0.1 107 108 -1
0.1 106 625 -1
0.1 109 110 -1
0.1 627 111 -1
0.1 626 628 -1
0.1 105 629 -1
0.1 624 630 -1
0.1 114 115 -1
0.1 117 118 -1
0.1 119 120 -1
0.1 633 634 -1
0.1 635 121 -1
0.1 124 125 -1
0.1 637 126 -1
0.1 123 638 -1
0.1 122 639 -1
0.1 636 640 -1
0.1 116 641 -1
0.1 632 642 -1
0.1 643 127 -1
0.1 113 644 -1
0.1 130 131 -1
0.1 135 136 -1
0.1 137 138 -1
0.1 139 140 -1
0.1 648 649 -1
0.1 141 142 -1
0.1 650 651 -1
0.1 144 145 -1
0.1 143 653 -1
0.1 652 654 -1
0.1 655 146 -1
0.1 647 656 -1
0.1 657 147 -1
0.1 148 149 -1
0.1 150 151 -1
0.1 660 152 -1
0.1 659 661 -1
0.1 153 154 -1
0.1 155 156 -1
0.1 663 664 -1
0.1 665 157 -1
0.1 662 666 -1
0.1 158 159 -1
0.1 667 668 -1
0.1 658 669 -1
0.1 134 670 -1
0.1 133 671 -1
0.1 132 672 -1
0.1 646 673 -1
0.1 129 674 -1
0.1 128 675 -1
0.1 645 676 -1
0.1 160 161 -1
0.1 677 678 -1
0.1 112 679 -1
0.1 631 680 -1
0.1 162 163 -1
0.1 681 682 -1
0.1 622 683 -1
0.1 612 684 -1
0.1 20 685 -1
0.1 165 166 -1
0.1 687 167 -1
0.1 164 688 -1
0.1 170 171 -1
0.1 169 690 -1
0.1 174 175 -1
0.1 177 178 -1
0.1 176 693 -1
0.1 180 181 -1
0.1 179 695 -1
0.1 694 696 -1
0.1 692 697 -1
0.1 182 183 -1
0.1 698 699 -1
0.1 173 700 -1
0.1 185 186 -1
0.1 188 189 -1
0.1 190 191 -1
0.1 704 192 -1
0.1 705 193 -1
0.1 194 195 -1
0.1 707 196 -1
0.1 708 197 -1
0.1 706 709 -1
0.1 703 710 -1
0.1 711 198 -1
0.1 187 712 -1
0.1 713 199 -1
0.1 200 201 -1
0.1 203 204 -1
0.1 202 716 -1
0.1 715 717 -1
0.1 714 718 -1
0.1 702 719 -1
0.1 184 720 -1
0.1 701 721 -1
0.1 206 207 -1
0.1 723 208 -1
0.1 724 209 -1
0.1 211 212 -1
0.1 210 726 -1
0.1 213 214 -1
0.1 727 728 -1
0.1 725 729 -1
0.1 205 730 -1
0.1 731 215 -1
0.1 722 732 -1
0.1 733 216 -1
0.1 217 218 -1
0.1 734 735 -1
0.1 172 736 -1
0.1 737 219 -1
0.1 220 221 -1
0.1 222 223 -1
0.1 739 740 -1
0.1 738 741 -1
0.1 691 742 -1
0.1 743 224 -1
0.1 168 744 -1
0.1 689 745 -1
0.1 686 746 -1
0.1 543 747 -1
0.1 16 748 -1
0.1 15 749 -1
0.1 227 228 -1
0.1 229 230 -1
0.1 751 752 -1
0.1 753 231 -1
0.1 226 754 -1
0.1 225 755 -1
0.1 235 236 -1
0.1 234 757 -1
0.1 233 758 -1
0.1 237 238 -1
0.1 239 240 -1
0.1 760 761 -1
0.1 762 241 -1
0.1 763 242 -1
0.1 759 764 -1
0.1 232 765 -1
0.1 756 766 -1
0.1 750 767 -1
0.1 541 768 -1
0.1 532 769 -1
0.1 1 770 -1
0.1 243 244 -1
0.1 772 245 -1
0.1 247 248 -1
0.1 249 250 -1
0.1 254 255 -1
0.1 776 256 -1
0.1 253 777 -1
0.1 258 259 -1
0.1 257 779 -1
0.1 780 260 -1
0.1 261 262 -1
0.1 781 782 -1
0.1 778 783 -1
0.1 264 265 -1
0.1 269 270 -1
0.1 786 271 -1
0.1 787 272 -1
0.1 268 788 -1
0.1 274 275 -1
0.1 273 790 -1
0.1 791 276 -1
0.1 789 792 -1
0.1 267 793 -1
0.1 266 794 -1
0.1 785 795 -1
0.1 796 277 -1
0.1 263 797 -1
0.1 280 281 -1
0.1 279 799 -1
0.1 278 800 -1
0.1 798 801 -1
0.1 802 282 -1
0.1 784 803 -1
0.1 252 804 -1
0.1 284 285 -1
0.1 283 806 -1
0.1 287 288 -1
0.1 290 291 -1
0.1 289 809 -1
0.1 810 292 -1
0.1 808 811 -1
0.1 286 812 -1
0.1 807 813 -1
0.1 805 814 -1
0.1 251 815 -1
0.1 775 816 -1
0.1 774 817 -1
0.1 294 295 -1
0.1 293 819 -1
0.1 297 298 -1
0.1 296 821 -1
0.1 820 822 -1
0.1 299 300 -1
0.1 823 824 -1
0.1 301 302 -1
0.1 825 826 -1
0.1 305 306 -1
0.1 828 307 -1
0.1 304 829 -1
0.1 310 311 -1
0.1 309 831 -1
0.1 308 832 -1
0.1 830 833 -1
0.1 312 313 -1
0.1 834 835 -1
0.1 303 836 -1
0.1 318 319 -1
0.1 317 838 -1
0.1 316 839 -1
0.1 315 840 -1
0.1 320 321 -1
0.1 322 323 -1
0.1 842 843 -1
0.1 841 844 -1
0.1 314 845 -1
0.1 837 846 -1
0.1 325 326 -1
0.1 848 327 -1
0.1 849 328 -1
0.1 324 850 -1
0.1 329 330 -1
0.1 852 331 -1
0.1 332 333 -1
0.1 853 854 -1
0.1 851 855 -1
0.1 334 335 -1
0.1 857 336 -1
0.1 338 339 -1
0.1 859 340 -1
0.1 337 860 -1
0.1 341 342 -1
0.1 862 343 -1
0.1 861 863 -1
0.1 858 864 -1
0.1 345 346 -1
0.1 866 347 -1
0.1 348 349 -1
0.1 867 868 -1
0.1 869 350 -1
0.1 344 870 -1
0.1 352 353 -1
0.1 351 872 -1
0.1 871 873 -1
0.1 865 874 -1
0.1 856 875 -1
0.1 355 356 -1
0.1 354 877 -1
0.1 876 878 -1
0.1 847 879 -1
0.1 359 360 -1
0.1 361 362 -1
0.1 881 882 -1
0.1 363 364 -1
0.1 365 366 -1
0.1 884 885 -1
0.1 883 886 -1
0.1 358 887 -1
0.1 357 888 -1
0.1 367 368 -1
0.1 890 369 -1
0.1 370 371 -1
0.1 891 892 -1
0.1 372 373 -1
0.1 375 376 -1
0.1 374 895 -1
0.1 894 896 -1
0.1 893 897 -1
0.1 377 378 -1
0.1 381 382 -1
0.1 380 900 -1
0.1 379 901 -1
0.1 899 902 -1
0.1 384 385 -1
0.1 383 904 -1
0.1 905 386 -1
0.1 903 906 -1
0.1 898 907 -1
0.1 387 388 -1
0.1 392 393 -1
0.1 395 396 -1
0.1 394 911 -1
0.1 910 912 -1
0.1 391 913 -1
0.1 390 914 -1
0.1 389 915 -1
0.1 909 916 -1
0.1 399 400 -1
0.1 918 401 -1
0.1 402 403 -1
0.1 404 405 -1
0.1 920 921 -1
0.1 919 922 -1
0.1 398 923 -1
0.1 924 406 -1
0.1 397 925 -1
0.1 917 926 -1
0.1 408 409 -1
0.1 407 928 -1
0.1 411 412 -1
0.1 410 930 -1
0.1 929 931 -1
0.1 415 416 -1
0.1 414 933 -1
0.1 413 934 -1
0.1 932 935 -1
0.1 417 418 -1
0.1 419 420 -1
0.1 937 938 -1
0.1 423 424 -1
0.1 422 940 -1
0.1 421 941 -1
0.1 939 942 -1
0.1 943 425 -1
0.1 944 426 -1
0.1 936 945 -1
0.1 927 946 -1
0.1 947 427 -1
0.1 908 948 -1
0.1 889 949 -1
0.1 880 950 -1
0.1 428 429 -1
0.1 430 431 -1
0.1 432 433 -1
0.1 953 954 -1
0.1 434 435 -1
0.1 956 436 -1
0.1 438 439 -1
0.1 437 958 -1
0.1 957 959 -1
0.1 955 960 -1
0.1 952 961 -1
0.1 440 441 -1
0.1 963 442 -1
0.1 962 964 -1
0.1 951 965 -1
0.1 827 966 -1
0.1 967 443 -1
0.1 818 968 -1
0.1 969 444 -1
0.1 447 448 -1
0.1 452 453 -1
0.1 451 972 -1
0.1 450 973 -1
0.1 455 456 -1
0.1 454 975 -1
0.1 974 976 -1
0.1 449 977 -1
0.1 971 978 -1
0.1 446 979 -1
0.1 445 980 -1
0.1 459 460 -1
0.1 458 982 -1
0.1 457 983 -1
0.1 466 467 -1
0.1 465 985 -1
0.1 464 986 -1
0.1 463 987 -1
0.1 468 469 -1
0.1 473 474 -1
0.1 472 990 -1
0.1 471 991 -1
0.1 470 992 -1
0.1 478 479 -1
0.1 477 994 -1
0.1 476 995 -1
0.1 475 996 -1
0.1 993 997 -1
0.1 998 480 -1
0.1 999 481 -1
0.1 989 1000 -1
0.1 988 1001 -1
0.1 462 1002 -1
0.1 461 1003 -1
0.1 482 483 -1
0.1 1004 1005 -1
0.1 484 485 -1
0.1 1007 486 -1
0.1 1006 1008 -1
0.1 984 1009 -1
0.1 487 488 -1
0.1 491 492 -1
0.1 490 1012 -1
0.1 494 495 -1
0.1 1014 496 -1
0.1 493 1015 -1
0.1 1013 1016 -1
0.1 497 498 -1
0.1 1017 1018 -1
0.1 489 1019 -1
0.1 1020 499 -1
0.1 1011 1021 -1
0.1 1010 1022 -1
0.1 981 1023 -1
0.1 970 1024 -1
0.1 1025 500 -1
0.1 505 506 -1
0.1 504 1027 -1
0.1 503 1028 -1
0.1 509 510 -1
0.1 508 1030 -1
0.1 507 1031 -1
0.1 511 512 -1
0.1 1032 1033 -1
0.1 1029 1034 -1
0.1 502 1035 -1
0.1 1036 513 -1
0.1 514 515 -1
0.1 1037 1038 -1
0.1 501 1039 -1
0.1 1040 516 -1
0.1 1041 517 -1
0.1 1026 1042 -1
0.1 246 1043 -1
0.1 773 1044 -1
0.1 518 519 -1
0.1 1046 520 -1
0.1 1045 1047 -1
0.1 521 522 -1
0.1 1049 523 -1
0.1 1048 1050 -1
0.1 1051 524 -1
0.1 1052 525 -1
0.1 526 527 -1
0.1 1053 1054 -1
0.1 1055 528 -1
0.1 1056 529 -1
0.1 1057 530 -1
0.1 771 1058 -1
