1 0 0 1
1 0 0 1
1 0 0 1
1 0 0 2
1 0 0 2
1 0 0 2
1 0 0 2
1 0 0 2
1 0 0 1
1 0 0 3
1 0 0 3
1 0 0 3
1 0 0 4
1 0 0 4
1 0 0 4
1 0 0 5
1 0 0 5
1 0 0 5
1 0 0 5
1 0 0 5
1 0 0 4
1 0 0 4
1 0 0 3
1 0 0 3
1 0 0 6
1 0 0 6
1 0 0 7
1 0 0 7
1 0 0 7
1 0 0 7
1 0 0 7
1 0 0 6
1 0 0 6
1 0 0 6
1 0 0 8
1 0 0 8
1 0 0 8
1 0 0 8
1 0 0 8
1 0 0 9
1 0 0 9
1 0 0 9
1 0 0 9
1 0 0 10
1 0 0 10
1 0 0 10
1 0 0 10
1 0 0 10
1 0 0 11
1 0 0 11
1 0 0 11
1 0 0 11
1 0 0 11
1 0 0 9
1 0 0 12
1 0 0 12
1 0 0 12
1 0 0 12
1 0 0 12
1 0 0 1
0.1 1 2 -1
0.1 6 7 -1
0.1 5 62 -1
0.1 63 8 -1
0.1 4 64 -1
0.1 3 65 -1
0.1 61 66 -1
0.1 67 9 -1
0.1 10 11 -1
0.1 14 15 -1
0.1 19 20 -1
0.1 18 71 -1
0.1 17 72 -1
0.1 16 73 -1
0.1 21 22 -1
0.1 74 75 -1
0.1 70 76 -1
0.1 13 77 -1
0.1 12 78 -1
0.1 79 23 -1
0.1 69 80 -1
0.1 68 81 -1
0.1 82 24 -1
0.1 25 26 -1
0.1 27 28 -1
0.1 85 29 -1
0.1 30 31 -1
0.1 33 34 -1
0.1 32 88 -1
0.1 87 89 -1
0.1 86 90 -1
0.1 84 91 -1
0.1 36 37 -1
0.1 35 93 -1
0.1 38 39 -1
0.1 40 41 -1
0.1 44 45 -1
0.1 46 47 -1
0.1 98 48 -1
0.1 97 99 -1
0.1 52 53 -1
0.1 51 101 -1
0.1 50 102 -1
0.1 49 103 -1
0.1 100 104 -1
0.1 43 105 -1
0.1 106 54 -1
0.1 42 107 -1
0.1 96 108 -1
0.1 95 109 -1
0.1 55 56 -1
0.1 57 58 -1
0.1 112 59 -1
0.1 111 113 -1
0.1 110 114 -1
0.1 94 115 -1
0.1 116 60 -1
0.1 92 117 -1
0.1 83 118 -1
