1 0 0 1
1 0 0 1
1 0 0 1
1 0 0 1
1 0 0 1
1 0 0 1
1 0 0 1
1 0 0 1
1 0 0 1
1 0 0 1
1 0 0 2
1 0 0 2
1 0 0 2
1 0 0 2
1 0 0 2
1 0 0 2
1 0 0 2
1 0 0 2
1 0 0 2
1 0 0 2
1 0 0 3
1 0 0 3
1 0 0 3
1 0 0 3
1 0 0 3
1 0 0 3
1 0 0 4
1 0 0 4
1 0 0 4
1 0 0 4
1 0 0 4
1 0 0 4
1 0 0 4
1 0 0 4
1 0 0 4
1 0 0 4
1 0 0 3
1 0 0 3
1 0 0 3
1 0 0 3
1 0 0 5
1 0 0 5
1 0 0 5
1 0 0 5
1 0 0 5
1 0 0 5
1 0 0 5
1 0 0 5
1 0 0 5
1 0 0 5
1 0 0 6
1 0 0 6
1 0 0 6
1 0 0 6
1 0 0 6
1 0 0 6
1 0 0 6
1 0 0 6
1 0 0 6
1 0 0 6
1 0 0 7
1 0 0 7
1 0 0 7
1 0 0 7
1 0 0 7
1 0 0 7
1 0 0 7
1 0 0 7
1 0 0 7
1 0 0 7
1 0 0 8
1 0 0 8
1 0 0 8
1 0 0 8
1 0 0 8
1 0 0 8
1 0 0 8
1 0 0 9
1 0 0 9
1 0 0 9
1 0 0 9
1 0 0 9
1 0 0 9
1 0 0 9
1 0 0 9
1 0 0 9
1 0 0 9
1 0 0 8
1 0 0 8
1 0 0 8
1 0 0 10
1 0 0 10
1 0 0 10
1 0 0 10
1 0 0 10
1 0 0 10
1 0 0 10
1 0 0 10
1 0 0 10
1 0 0 11
1 0 0 11
1 0 0 11
1 0 0 11
1 0 0 11
1 0 0 11
1 0 0 11
1 0 0 11
1 0 0 11
1 0 0 11
1 0 0 12
1 0 0 12
1 0 0 12
1 0 0 12
1 0 0 12
1 0 0 12
1 0 0 12
1 0 0 12
1 0 0 12
1 0 0 12
1 0 0 13
1 0 0 13
1 0 0 13
1 0 0 13
1 0 0 13
1 0 0 13
1 0 0 13
1 0 0 13
1 0 0 13
1 0 0 13
1 0 0 14
1 0 0 14
1 0 0 14
1 0 0 14
1 0 0 14
1 0 0 14
1 0 0 14
1 0 0 14
1 0 0 14
1 0 0 14
1 0 0 15
1 0 0 15
1 0 0 15
1 0 0 15
1 0 0 15
1 0 0 15
1 0 0 15
1 0 0 15
1 0 0 15
1 0 0 15
1 0 0 16
1 0 0 16
1 0 0 16
1 0 0 16
1 0 0 16
1 0 0 16
1 0 0 16
1 0 0 16
1 0 0 16
1 0 0 16
1 0 0 10
1 0 0 17
1 0 0 17
1 0 0 17
1 0 0 17
1 0 0 17
1 0 0 17
1 0 0 17
1 0 0 18
1 0 0 18
1 0 0 18
1 0 0 18
1 0 0 18
1 0 0 18
1 0 0 18
1 0 0 18
1 0 0 18
1 0 0 18
1 0 0 17
1 0 0 17
1 0 0 17
1 0 0 19
1 0 0 20
1 0 0 20
1 0 0 20
1 0 0 20
1 0 0 20
1 0 0 20
1 0 0 20
1 0 0 20
1 0 0 20
1 0 0 20
1 0 0 19
1 0 0 19
1 0 0 19
1 0 0 21
1 0 0 21
1 0 0 21
1 0 0 21
1 0 0 21
1 0 0 21
1 0 0 22
1 0 0 22
1 0 0 22
1 0 0 22
1 0 0 22
1 0 0 22
1 0 0 22
1 0 0 22
1 0 0 22
1 0 0 22
1 0 0 21
1 0 0 21
1 0 0 21
1 0 0 21
1 0 0 19
1 0 0 19
1 0 0 19
1 0 0 19
1 0 0 19
1 0 0 19
1 0 0 23
1 0 0 23
1 0 0 23
1 0 0 23
1 0 0 23
1 0 0 24
1 0 0 24
1 0 0 24
1 0 0 24
1 0 0 24
1 0 0 24
1 0 0 24
1 0 0 24
1 0 0 24
1 0 0 24
1 0 0 25
1 0 0 25
1 0 0 25
1 0 0 25
1 0 0 25
1 0 0 25
1 0 0 25
1 0 0 25
1 0 0 25
1 0 0 25
1 0 0 23
1 0 0 23
1 0 0 23
1 0 0 23
1 0 0 23
1 0 0 26
1 0 0 26
1 0 0 26
1 0 0 26
1 0 0 26
1 0 0 26
1 0 0 26
1 0 0 26
1 0 0 26
1 0 0 26
1 0 0 27
1 0 0 28
1 0 0 28
1 0 0 28
1 0 0 28
1 0 0 28
1 0 0 28
1 0 0 28
1 0 0 28
1 0 0 28
1 0 0 28
1 0 0 27
1 0 0 27
1 0 0 27
1 0 0 27
1 0 0 27
1 0 0 27
1 0 0 27
1 0 0 29
1 0 0 29
1 0 0 29
1 0 0 29
1 0 0 29
1 0 0 29
1 0 0 29
1 0 0 29
1 0 0 29
1 0 0 29
1 0 0 30
1 0 0 30
1 0 0 30
1 0 0 30
1 0 0 30
1 0 0 30
1 0 0 30
1 0 0 30
1 0 0 30
1 0 0 30
1 0 0 27
1 0 0 27
0.1 2 3 -1
0.1 1 301 -1
0.1 5 6 -1
0.1 4 303 -1
0.1 8 9 -1
0.1 305 10 -1
0.1 7 306 -1
0.1 304 307 -1
0.1 302 308 -1
0.1 11 12 -1
0.1 310 13 -1
0.1 15 16 -1
0.1 17 18 -1
0.1 19 20 -1
0.1 313 314 -1
0.1 312 315 -1
0.1 14 316 -1
0.1 311 317 -1
0.1 22 23 -1
0.1 25 26 -1
0.1 24 320 -1
0.1 29 30 -1
0.1 28 322 -1
0.1 27 323 -1
0.1 31 32 -1
0.1 33 34 -1
0.1 326 35 -1
0.1 325 327 -1
0.1 328 36 -1
0.1 324 329 -1
0.1 38 39 -1
0.1 37 331 -1
0.1 330 332 -1
0.1 321 333 -1
0.1 334 40 -1
0.1 319 335 -1
0.1 21 336 -1
0.1 318 337 -1
0.1 309 338 -1
0.1 41 42 -1
0.1 43 44 -1
0.1 340 341 -1
0.1 45 46 -1
0.1 47 48 -1
0.1 343 344 -1
0.1 345 49 -1
0.1 342 346 -1
0.1 347 50 -1
0.1 51 52 -1
0.1 54 55 -1
0.1 53 350 -1
0.1 59 60 -1
0.1 58 352 -1
0.1 57 353 -1
0.1 56 354 -1
0.1 351 355 -1
0.1 349 356 -1
0.1 61 62 -1
0.1 65 66 -1
0.1 64 359 -1
0.1 63 360 -1
0.1 358 361 -1
0.1 67 68 -1
0.1 69 70 -1
0.1 363 364 -1
0.1 362 365 -1
0.1 71 72 -1
0.1 73 74 -1
0.1 367 368 -1
0.1 76 77 -1
0.1 75 370 -1
0.1 78 79 -1
0.1 372 80 -1
0.1 82 83 -1
0.1 81 374 -1
0.1 86 87 -1
0.1 85 376 -1
0.1 84 377 -1
0.1 375 378 -1
0.1 373 379 -1
0.1 89 90 -1
0.1 88 381 -1
0.1 380 382 -1
0.1 371 383 -1
0.1 369 384 -1
0.1 366 385 -1
0.1 357 386 -1
0.1 348 387 -1
0.1 92 93 -1
0.1 91 389 -1
0.1 94 95 -1
0.1 391 96 -1
0.1 390 392 -1
0.1 388 393 -1
0.1 101 102 -1
0.1 395 103 -1
0.1 107 108 -1
0.1 106 397 -1
0.1 105 398 -1
0.1 399 109 -1
0.1 104 400 -1
0.1 396 401 -1
0.1 100 402 -1
0.1 99 403 -1
0.1 98 404 -1
0.1 97 405 -1
0.1 112 113 -1
0.1 111 407 -1
0.1 110 408 -1
0.1 114 115 -1
0.1 117 118 -1
0.1 411 119 -1
0.1 116 412 -1
0.1 410 413 -1
0.1 409 414 -1
0.1 122 123 -1
0.1 121 416 -1
0.1 124 125 -1
0.1 417 418 -1
0.1 120 419 -1
0.1 126 127 -1
0.1 128 129 -1
0.1 421 422 -1
0.1 420 423 -1
0.1 132 133 -1
0.1 135 136 -1
0.1 134 426 -1
0.1 425 427 -1
0.1 131 428 -1
0.1 137 138 -1
0.1 429 430 -1
0.1 140 141 -1
0.1 143 144 -1
0.1 142 433 -1
0.1 432 434 -1
0.1 146 147 -1
0.1 145 436 -1
0.1 148 149 -1
0.1 437 438 -1
0.1 435 439 -1
0.1 139 440 -1
0.1 431 441 -1
0.1 130 442 -1
0.1 424 443 -1
0.1 415 444 -1
0.1 150 151 -1
0.1 153 154 -1
0.1 447 155 -1
0.1 157 158 -1
0.1 156 449 -1
0.1 450 159 -1
0.1 448 451 -1
0.1 152 452 -1
0.1 446 453 -1
0.1 445 454 -1
0.1 406 455 -1
0.1 456 160 -1
0.1 394 457 -1
0.1 162 163 -1
0.1 161 459 -1
0.1 164 165 -1
0.1 166 167 -1
0.1 461 462 -1
0.1 460 463 -1
0.1 458 464 -1
0.1 339 465 -1
0.1 169 170 -1
0.1 168 467 -1
0.1 468 171 -1
0.1 172 173 -1
0.1 469 470 -1
0.1 174 175 -1
0.1 471 472 -1
0.1 176 177 -1
0.1 473 474 -1
0.1 179 180 -1
0.1 178 476 -1
0.1 183 184 -1
0.1 182 478 -1
0.1 186 187 -1
0.1 185 480 -1
0.1 188 189 -1
0.1 481 482 -1
0.1 479 483 -1
0.1 190 191 -1
0.1 484 485 -1
0.1 486 192 -1
0.1 181 487 -1
0.1 193 194 -1
0.1 198 199 -1
0.1 490 200 -1
0.1 197 491 -1
0.1 196 492 -1
0.1 201 202 -1
0.1 205 206 -1
0.1 495 207 -1
0.1 208 209 -1
0.1 496 497 -1
0.1 204 498 -1
0.1 499 210 -1
0.1 203 500 -1
0.1 494 501 -1
0.1 213 214 -1
0.1 212 503 -1
0.1 211 504 -1
0.1 502 505 -1
0.1 493 506 -1
0.1 195 507 -1
0.1 489 508 -1
0.1 488 509 -1
0.1 217 218 -1
0.1 216 511 -1
0.1 219 220 -1
0.1 512 513 -1
0.1 215 514 -1
0.1 510 515 -1
0.1 221 222 -1
0.1 226 227 -1
0.1 228 229 -1
0.1 230 231 -1
0.1 520 232 -1
0.1 519 521 -1
0.1 234 235 -1
0.1 233 523 -1
0.1 522 524 -1
0.1 236 237 -1
0.1 239 240 -1
0.1 527 241 -1
0.1 238 528 -1
0.1 242 243 -1
0.1 529 530 -1
0.1 526 531 -1
0.1 244 245 -1
0.1 532 533 -1
0.1 525 534 -1
0.1 518 535 -1
0.1 225 536 -1
0.1 246 247 -1
0.1 537 538 -1
0.1 249 250 -1
0.1 248 540 -1
0.1 539 541 -1
0.1 224 542 -1
0.1 223 543 -1
0.1 517 544 -1
0.1 252 253 -1
0.1 251 546 -1
0.1 256 257 -1
0.1 255 548 -1
0.1 549 258 -1
0.1 259 260 -1
0.1 550 551 -1
0.1 254 552 -1
0.1 547 553 -1
0.1 262 263 -1
0.1 555 264 -1
0.1 266 267 -1
0.1 265 557 -1
0.1 556 558 -1
0.1 270 271 -1
0.1 269 560 -1
0.1 268 561 -1
0.1 559 562 -1
0.1 261 563 -1
0.1 273 274 -1
0.1 272 565 -1
0.1 276 277 -1
0.1 275 567 -1
0.1 281 282 -1
0.1 280 569 -1
0.1 279 570 -1
0.1 283 284 -1
0.1 285 286 -1
0.1 287 288 -1
0.1 573 574 -1
0.1 572 575 -1
0.1 571 576 -1
0.1 278 577 -1
0.1 290 291 -1
0.1 289 579 -1
0.1 292 293 -1
0.1 580 581 -1
0.1 295 296 -1
0.1 294 583 -1
0.1 297 298 -1
0.1 584 585 -1
0.1 582 586 -1
0.1 578 587 -1
0.1 299 300 -1
0.1 588 589 -1
0.1 568 590 -1
0.1 566 591 -1
0.1 564 592 -1
0.1 554 593 -1
0.1 545 594 -1
0.1 516 595 -1
0.1 477 596 -1
0.1 475 597 -1
0.1 466 598 -1
