1 0 0 1
1 0 0 1
1 0 0 1
1 0 0 1
1 0 0 1
1 0 0 1
1 0 0 1
1 0 0 1
1 0 0 1
1 0 0 2
1 0 0 2
1 0 0 2
1 0 0 2
1 0 0 2
1 0 0 2
1 0 0 2
1 0 0 2
1 0 0 2
1 0 0 2
1 0 0 3
1 0 0 3
1 0 0 3
1 0 0 3
1 0 0 4
1 0 0 4
1 0 0 4
1 0 0 4
1 0 0 4
1 0 0 4
1 0 0 4
1 0 0 5
1 0 0 5
1 0 0 5
1 0 0 5
1 0 0 5
1 0 0 5
1 0 0 5
1 0 0 5
1 0 0 5
1 0 0 5
1 0 0 4
1 0 0 4
1 0 0 4
1 0 0 3
1 0 0 3
1 0 0 3
1 0 0 3
1 0 0 3
1 0 0 3
1 0 0 1
1 0 0 6
1 0 0 6
1 0 0 6
1 0 0 6
1 0 0 7
1 0 0 7
1 0 0 7
1 0 0 7
1 0 0 7
1 0 0 7
1 0 0 7
1 0 0 7
1 0 0 7
1 0 0 7
1 0 0 8
1 0 0 8
1 0 0 8
1 0 0 8
1 0 0 8
1 0 0 8
1 0 0 8
1 0 0 8
1 0 0 8
1 0 0 8
1 0 0 9
1 0 0 9
1 0 0 9
1 0 0 9
1 0 0 9
1 0 0 9
1 0 0 9
1 0 0 9
1 0 0 9
1 0 0 9
1 0 0 10
1 0 0 10
1 0 0 10
1 0 0 10
1 0 0 10
1 0 0 10
1 0 0 10
1 0 0 10
1 0 0 10
1 0 0 10
1 0 0 11
1 0 0 11
1 0 0 11
1 0 0 11
1 0 0 11
1 0 0 11
1 0 0 11
1 0 0 11
1 0 0 11
1 0 0 11
1 0 0 12
1 0 0 12
1 0 0 12
1 0 0 12
1 0 0 12
1 0 0 12
1 0 0 12
1 0 0 12
1 0 0 12
1 0 0 12
1 0 0 6
1 0 0 6
1 0 0 6
1 0 0 6
1 0 0 6
1 0 0 6
1 0 0 13
1 0 0 13
1 0 0 13
1 0 0 13
1 0 0 13
1 0 0 13
1 0 0 13
1 0 0 13
1 0 0 13
1 0 0 14
1 0 0 14
1 0 0 14
1 0 0 14
1 0 0 14
1 0 0 14
1 0 0 14
1 0 0 14
1 0 0 14
1 0 0 14
1 0 0 13
1 0 0 15
1 0 0 15
1 0 0 15
1 0 0 15
1 0 0 15
1 0 0 15
1 0 0 15
1 0 0 15
1 0 0 15
1 0 0 15
1 0 0 16
1 0 0 16
1 0 0 16
1 0 0 16
1 0 0 16
1 0 0 16
1 0 0 16
1 0 0 16
1 0 0 16
1 0 0 16
1 0 0 17
1 0 0 17
1 0 0 17
1 0 0 17
1 0 0 17
1 0 0 17
1 0 0 17
1 0 0 18
1 0 0 18
1 0 0 18
1 0 0 18
1 0 0 19
1 0 0 19
1 0 0 19
1 0 0 19
1 0 0 19
1 0 0 19
1 0 0 19
1 0 0 19
1 0 0 20
1 0 0 20
1 0 0 20
1 0 0 20
1 0 0 20
1 0 0 20
1 0 0 20
1 0 0 20
1 0 0 20
1 0 0 20
1 0 0 19
1 0 0 19
1 0 0 18
1 0 0 18
1 0 0 18
1 0 0 18
1 0 0 18
1 0 0 18
1 0 0 21
1 0 0 21
1 0 0 21
1 0 0 21
1 0 0 21
1 0 0 21
1 0 0 22
1 0 0 22
1 0 0 22
1 0 0 22
1 0 0 22
1 0 0 22
1 0 0 22
1 0 0 22
1 0 0 22
1 0 0 22
1 0 0 21
1 0 0 21
1 0 0 21
1 0 0 23
1 0 0 23
1 0 0 23
1 0 0 23
1 0 0 23
1 0 0 23
1 0 0 23
1 0 0 23
1 0 0 23
1 0 0 23
1 0 0 24
1 0 0 24
1 0 0 24
1 0 0 24
1 0 0 24
1 0 0 24
1 0 0 24
1 0 0 24
1 0 0 24
1 0 0 24
1 0 0 21
1 0 0 25
1 0 0 26
1 0 0 26
1 0 0 26
1 0 0 26
1 0 0 26
1 0 0 26
1 0 0 26
1 0 0 26
1 0 0 26
1 0 0 26
1 0 0 27
1 0 0 27
1 0 0 27
1 0 0 27
1 0 0 27
1 0 0 27
1 0 0 27
1 0 0 27
1 0 0 27
1 0 0 27
1 0 0 25
1 0 0 25
1 0 0 25
1 0 0 25
1 0 0 25
1 0 0 25
1 0 0 28
1 0 0 28
1 0 0 28
1 0 0 28
1 0 0 28
1 0 0 28
1 0 0 28
1 0 0 28
1 0 0 28
1 0 0 28
1 0 0 29
1 0 0 29
1 0 0 29
1 0 0 29
1 0 0 29
1 0 0 29
1 0 0 29
1 0 0 29
1 0 0 29
1 0 0 29
1 0 0 25
1 0 0 25
1 0 0 25
1 0 0 30
1 0 0 30
1 0 0 30
1 0 0 30
1 0 0 30
1 0 0 30
1 0 0 30
1 0 0 30
1 0 0 30
1 0 0 30
1 0 0 17
1 0 0 17
1 0 0 17
0.1 1 2 -1
0.1 3 4 -1
0.1 301 302 -1
0.1 5 6 -1
0.1 7 8 -1
0.1 304 305 -1
0.1 306 9 -1
0.1 303 307 -1
0.1 11 12 -1
0.1 10 309 -1
0.1 16 17 -1
0.1 15 311 -1
0.1 14 312 -1
0.1 13 313 -1
0.1 310 314 -1
0.1 18 19 -1
0.1 315 316 -1
0.1 20 21 -1
0.1 22 23 -1
0.1 318 319 -1
0.1 24 25 -1
0.1 26 27 -1
0.1 321 322 -1
0.1 29 30 -1
0.1 28 324 -1
0.1 32 33 -1
0.1 31 326 -1
0.1 35 36 -1
0.1 34 328 -1
0.1 39 40 -1
0.1 38 330 -1
0.1 37 331 -1
0.1 329 332 -1
0.1 327 333 -1
0.1 42 43 -1
0.1 41 335 -1
0.1 334 336 -1
0.1 325 337 -1
0.1 323 338 -1
0.1 320 339 -1
0.1 317 340 -1
0.1 44 45 -1
0.1 48 49 -1
0.1 47 343 -1
0.1 46 344 -1
0.1 342 345 -1
0.1 341 346 -1
0.1 347 50 -1
0.1 308 348 -1
0.1 58 59 -1
0.1 57 350 -1
0.1 60 61 -1
0.1 351 352 -1
0.1 56 353 -1
0.1 62 63 -1
0.1 355 64 -1
0.1 354 356 -1
0.1 55 357 -1
0.1 54 358 -1
0.1 53 359 -1
0.1 52 360 -1
0.1 65 66 -1
0.1 69 70 -1
0.1 68 363 -1
0.1 71 72 -1
0.1 73 74 -1
0.1 365 366 -1
0.1 364 367 -1
0.1 67 368 -1
0.1 362 369 -1
0.1 361 370 -1
0.1 75 76 -1
0.1 372 77 -1
0.1 373 78 -1
0.1 79 80 -1
0.1 82 83 -1
0.1 81 376 -1
0.1 377 84 -1
0.1 375 378 -1
0.1 374 379 -1
0.1 86 87 -1
0.1 381 88 -1
0.1 89 90 -1
0.1 382 383 -1
0.1 92 93 -1
0.1 91 385 -1
0.1 384 386 -1
0.1 95 96 -1
0.1 98 99 -1
0.1 97 389 -1
0.1 388 390 -1
0.1 101 102 -1
0.1 100 392 -1
0.1 103 104 -1
0.1 393 394 -1
0.1 391 395 -1
0.1 94 396 -1
0.1 387 397 -1
0.1 85 398 -1
0.1 105 106 -1
0.1 107 108 -1
0.1 401 109 -1
0.1 402 110 -1
0.1 400 403 -1
0.1 111 112 -1
0.1 113 114 -1
0.1 405 406 -1
0.1 404 407 -1
0.1 399 408 -1
0.1 380 409 -1
0.1 371 410 -1
0.1 51 411 -1
0.1 115 116 -1
0.1 413 117 -1
0.1 119 120 -1
0.1 118 415 -1
0.1 414 416 -1
0.1 412 417 -1
0.1 349 418 -1
0.1 122 123 -1
0.1 121 420 -1
0.1 421 124 -1
0.1 125 126 -1
0.1 128 129 -1
0.1 127 424 -1
0.1 130 131 -1
0.1 132 133 -1
0.1 427 134 -1
0.1 137 138 -1
0.1 136 429 -1
0.1 135 430 -1
0.1 428 431 -1
0.1 426 432 -1
0.1 433 139 -1
0.1 425 434 -1
0.1 423 435 -1
0.1 422 436 -1
0.1 141 142 -1
0.1 438 143 -1
0.1 145 146 -1
0.1 144 440 -1
0.1 149 150 -1
0.1 148 442 -1
0.1 147 443 -1
0.1 441 444 -1
0.1 439 445 -1
0.1 140 446 -1
0.1 152 153 -1
0.1 151 448 -1
0.1 155 156 -1
0.1 157 158 -1
0.1 450 451 -1
0.1 159 160 -1
0.1 452 453 -1
0.1 154 454 -1
0.1 449 455 -1
0.1 447 456 -1
0.1 437 457 -1
0.1 419 458 -1
0.1 162 163 -1
0.1 161 460 -1
0.1 164 165 -1
0.1 166 167 -1
0.1 462 463 -1
0.1 461 464 -1
0.1 459 465 -1
0.1 168 169 -1
0.1 173 174 -1
0.1 172 468 -1
0.1 175 176 -1
0.1 178 179 -1
0.1 177 471 -1
0.1 470 472 -1
0.1 469 473 -1
0.1 184 185 -1
0.1 183 475 -1
0.1 182 476 -1
0.1 477 186 -1
0.1 181 478 -1
0.1 187 188 -1
0.1 479 480 -1
0.1 481 189 -1
0.1 180 482 -1
0.1 190 191 -1
0.1 483 484 -1
0.1 474 485 -1
0.1 171 486 -1
0.1 193 194 -1
0.1 192 488 -1
0.1 487 489 -1
0.1 195 196 -1
0.1 490 491 -1
0.1 170 492 -1
0.1 493 197 -1
0.1 467 494 -1
0.1 198 199 -1
0.1 200 201 -1
0.1 497 202 -1
0.1 496 498 -1
0.1 204 205 -1
0.1 207 208 -1
0.1 206 501 -1
0.1 209 210 -1
0.1 212 213 -1
0.1 211 504 -1
0.1 503 505 -1
0.1 502 506 -1
0.1 500 507 -1
0.1 508 214 -1
0.1 203 509 -1
0.1 215 216 -1
0.1 220 221 -1
0.1 219 512 -1
0.1 218 513 -1
0.1 514 222 -1
0.1 225 226 -1
0.1 224 516 -1
0.1 223 517 -1
0.1 227 228 -1
0.1 230 231 -1
0.1 232 233 -1
0.1 234 235 -1
0.1 521 522 -1
0.1 520 523 -1
0.1 229 524 -1
0.1 525 236 -1
0.1 519 526 -1
0.1 518 527 -1
0.1 515 528 -1
0.1 217 529 -1
0.1 511 530 -1
0.1 510 531 -1
0.1 532 237 -1
0.1 499 533 -1
0.1 240 241 -1
0.1 535 242 -1
0.1 239 536 -1
0.1 244 245 -1
0.1 243 538 -1
0.1 247 248 -1
0.1 246 540 -1
0.1 539 541 -1
0.1 537 542 -1
0.1 238 543 -1
0.1 250 251 -1
0.1 253 254 -1
0.1 252 546 -1
0.1 547 255 -1
0.1 545 548 -1
0.1 249 549 -1
0.1 257 258 -1
0.1 256 551 -1
0.1 550 552 -1
0.1 259 260 -1
0.1 262 263 -1
0.1 261 555 -1
0.1 554 556 -1
0.1 265 266 -1
0.1 267 268 -1
0.1 269 270 -1
0.1 559 560 -1
0.1 558 561 -1
0.1 272 273 -1
0.1 563 274 -1
0.1 271 564 -1
0.1 562 565 -1
0.1 264 566 -1
0.1 275 276 -1
0.1 568 277 -1
0.1 278 279 -1
0.1 569 570 -1
0.1 281 282 -1
0.1 280 572 -1
0.1 283 284 -1
0.1 573 574 -1
0.1 571 575 -1
0.1 567 576 -1
0.1 557 577 -1
0.1 286 287 -1
0.1 285 579 -1
0.1 578 580 -1
0.1 553 581 -1
0.1 544 582 -1
0.1 534 583 -1
0.1 495 584 -1
0.1 288 289 -1
0.1 290 291 -1
0.1 294 295 -1
0.1 293 588 -1
0.1 292 589 -1
0.1 587 590 -1
0.1 296 297 -1
0.1 591 592 -1
0.1 299 300 -1
0.1 298 594 -1
0.1 593 595 -1
0.1 586 596 -1
0.1 585 597 -1
0.1 466 598 -1
