1 0 0 1
1 0 0 1
1 0 0 1
1 0 0 1
1 0 0 1
1 0 0 1
1 0 0 1
1 0 0 1
1 0 0 1
1 0 0 1
1 0 0 2
1 0 0 2
1 0 0 2
1 0 0 2
1 0 0 2
1 0 0 2
1 0 0 3
1 0 0 3
1 0 0 3
1 0 0 3
1 0 0 3
1 0 0 3
1 0 0 3
1 0 0 3
1 0 0 3
1 0 0 3
1 0 0 4
1 0 0 4
1 0 0 4
1 0 0 4
1 0 0 4
1 0 0 4
1 0 0 4
1 0 0 4
1 0 0 4
1 0 0 4
1 0 0 5
1 0 0 5
1 0 0 5
1 0 0 5
1 0 0 5
1 0 0 5
1 0 0 5
1 0 0 5
1 0 0 5
1 0 0 5
1 0 0 6
1 0 0 6
1 0 0 6
1 0 0 6
1 0 0 7
1 0 0 7
1 0 0 8
1 0 0 8
1 0 0 8
1 0 0 8
1 0 0 8
1 0 0 8
1 0 0 8
1 0 0 8
1 0 0 8
1 0 0 8
1 0 0 7
1 0 0 7
1 0 0 7
1 0 0 7
1 0 0 7
1 0 0 9
1 0 0 9
1 0 0 9
1 0 0 9
1 0 0 9
1 0 0 9
1 0 0 9
1 0 0 9
1 0 0 9
1 0 0 9
1 0 0 7
1 0 0 7
1 0 0 7
1 0 0 6
1 0 0 6
1 0 0 6
1 0 0 6
1 0 0 6
1 0 0 6
1 0 0 10
1 0 0 10
1 0 0 10
1 0 0 10
1 0 0 10
1 0 0 10
1 0 0 10
1 0 0 10
1 0 0 10
1 0 0 10
1 0 0 11
1 0 0 11
1 0 0 11
1 0 0 11
1 0 0 11
1 0 0 11
1 0 0 11
1 0 0 11
1 0 0 11
1 0 0 11
1 0 0 12
1 0 0 12
1 0 0 12
1 0 0 12
1 0 0 12
1 0 0 12
1 0 0 12
1 0 0 12
1 0 0 12
1 0 0 12
1 0 0 13
1 0 0 13
1 0 0 13
1 0 0 13
1 0 0 13
1 0 0 13
1 0 0 13
1 0 0 13
1 0 0 13
1 0 0 13
1 0 0 14
1 0 0 15
1 0 0 15
1 0 0 15
1 0 0 15
1 0 0 15
1 0 0 15
1 0 0 15
1 0 0 15
1 0 0 15
1 0 0 15
1 0 0 16
1 0 0 16
1 0 0 16
1 0 0 16
1 0 0 16
1 0 0 16
1 0 0 16
1 0 0 16
1 0 0 16
1 0 0 16
1 0 0 17
1 0 0 17
1 0 0 17
1 0 0 17
1 0 0 17
1 0 0 17
1 0 0 17
1 0 0 17
1 0 0 17
1 0 0 17
1 0 0 18
1 0 0 18
1 0 0 18
1 0 0 18
1 0 0 18
1 0 0 18
1 0 0 18
1 0 0 18
1 0 0 18
1 0 0 18
1 0 0 19
1 0 0 19
1 0 0 19
1 0 0 19
1 0 0 19
1 0 0 19
1 0 0 19
1 0 0 19
1 0 0 19
1 0 0 19
1 0 0 20
1 0 0 20
1 0 0 20
1 0 0 20
1 0 0 20
1 0 0 20
1 0 0 20
1 0 0 20
1 0 0 20
1 0 0 20
1 0 0 21
1 0 0 21
1 0 0 21
1 0 0 21
1 0 0 21
1 0 0 21
1 0 0 21
1 0 0 21
1 0 0 21
1 0 0 21
1 0 0 22
1 0 0 22
1 0 0 22
1 0 0 22
1 0 0 22
1 0 0 22
1 0 0 22
1 0 0 22
1 0 0 22
1 0 0 22
1 0 0 14
1 0 0 23
1 0 0 23
1 0 0 23
1 0 0 23
1 0 0 23
1 0 0 23
1 0 0 23
1 0 0 23
1 0 0 23
1 0 0 23
1 0 0 24
1 0 0 24
1 0 0 24
1 0 0 24
1 0 0 24
1 0 0 24
1 0 0 24
1 0 0 24
1 0 0 24
1 0 0 24
1 0 0 25
1 0 0 25
1 0 0 25
1 0 0 25
1 0 0 25
1 0 0 25
1 0 0 25
1 0 0 25
1 0 0 25
1 0 0 25
1 0 0 26
1 0 0 26
1 0 0 26
1 0 0 26
1 0 0 26
1 0 0 26
1 0 0 27
1 0 0 27
1 0 0 27
1 0 0 27
1 0 0 27
1 0 0 27
1 0 0 27
1 0 0 27
1 0 0 27
1 0 0 27
1 0 0 26
1 0 0 26
1 0 0 26
1 0 0 26
1 0 0 28
1 0 0 28
1 0 0 28
1 0 0 28
1 0 0 28
1 0 0 28
1 0 0 28
1 0 0 28
1 0 0 28
1 0 0 28
1 0 0 29
1 0 0 29
1 0 0 29
1 0 0 29
1 0 0 29
1 0 0 29
1 0 0 29
1 0 0 29
1 0 0 30
1 0 0 30
1 0 0 30
1 0 0 30
1 0 0 30
1 0 0 30
1 0 0 30
1 0 0 31
1 0 0 31
1 0 0 31
1 0 0 31
1 0 0 31
1 0 0 31
1 0 0 31
1 0 0 31
1 0 0 31
1 0 0 31
1 0 0 32
1 0 0 32
1 0 0 32
1 0 0 32
1 0 0 32
1 0 0 32
1 0 0 32
1 0 0 32
1 0 0 32
1 0 0 32
1 0 0 30
1 0 0 30
1 0 0 30
1 0 0 33
1 0 0 33
1 0 0 33
1 0 0 33
1 0 0 33
1 0 0 33
1 0 0 33
1 0 0 33
1 0 0 33
1 0 0 33
1 0 0 29
1 0 0 29
1 0 0 34
1 0 0 34
1 0 0 34
1 0 0 34
1 0 0 34
1 0 0 34
1 0 0 34
1 0 0 34
1 0 0 34
1 0 0 34
1 0 0 2
1 0 0 2
1 0 0 2
1 0 0 2
1 0 0 35
1 0 0 35
1 0 0 35
1 0 0 35
1 0 0 35
1 0 0 35
1 0 0 35
1 0 0 35
1 0 0 35
1 0 0 35
1 0 0 36
1 0 0 36
1 0 0 36
1 0 0 36
1 0 0 36
1 0 0 36
1 0 0 36
1 0 0 36
1 0 0 36
1 0 0 36
1 0 0 37
1 0 0 37
1 0 0 37
1 0 0 37
1 0 0 37
1 0 0 37
1 0 0 37
1 0 0 37
1 0 0 37
1 0 0 37
1 0 0 38
1 0 0 38
1 0 0 38
1 0 0 38
1 0 0 38
1 0 0 38
1 0 0 38
1 0 0 38
1 0 0 38
1 0 0 38
1 0 0 39
1 0 0 40
1 0 0 40
1 0 0 40
1 0 0 40
1 0 0 40
1 0 0 40
1 0 0 40
1 0 0 40
1 0 0 40
1 0 0 40
1 0 0 39
1 0 0 39
1 0 0 39
1 0 0 39
1 0 0 39
1 0 0 39
1 0 0 39
1 0 0 39
1 0 0 39
1 0 0 41
1 0 0 41
1 0 0 41
1 0 0 42
1 0 0 42
1 0 0 42
1 0 0 42
1 0 0 42
1 0 0 42
1 0 0 42
1 0 0 42
1 0 0 42
1 0 0 42
1 0 0 41
1 0 0 41
1 0 0 41
1 0 0 41
1 0 0 41
1 0 0 41
1 0 0 41
1 0 0 43
1 0 0 43
1 0 0 43
1 0 0 43
1 0 0 43
1 0 0 43
1 0 0 43
1 0 0 43
1 0 0 43
1 0 0 43
1 0 0 44
1 0 0 45
1 0 0 45
1 0 0 45
1 0 0 45
1 0 0 45
1 0 0 45
1 0 0 45
1 0 0 45
1 0 0 45
1 0 0 45
1 0 0 46
1 0 0 46
1 0 0 46
1 0 0 46
1 0 0 46
1 0 0 46
1 0 0 46
1 0 0 46
1 0 0 46
1 0 0 46
1 0 0 44
1 0 0 47
1 0 0 47
1 0 0 47
1 0 0 47
1 0 0 47
1 0 0 47
1 0 0 47
1 0 0 47
1 0 0 47
1 0 0 47
1 0 0 48
1 0 0 48
1 0 0 48
1 0 0 48
1 0 0 48
1 0 0 48
1 0 0 48
1 0 0 48
1 0 0 48
1 0 0 48
1 0 0 49
1 0 0 49
1 0 0 49
1 0 0 49
1 0 0 49
1 0 0 49
1 0 0 49
1 0 0 49
1 0 0 49
1 0 0 49
1 0 0 44
1 0 0 44
1 0 0 44
1 0 0 44
1 0 0 44
1 0 0 50
1 0 0 50
1 0 0 50
1 0 0 50
1 0 0 50
1 0 0 50
1 0 0 50
1 0 0 50
1 0 0 50
1 0 0 50
1 0 0 44
1 0 0 44
1 0 0 44
1 0 0 51
1 0 0 51
1 0 0 51
1 0 0 51
1 0 0 51
1 0 0 51
1 0 0 51
1 0 0 51
1 0 0 51
1 0 0 51
1 0 0 52
1 0 0 52
1 0 0 52
1 0 0 52
1 0 0 52
1 0 0 52
1 0 0 52
1 0 0 52
1 0 0 52
1 0 0 52
1 0 0 53
1 0 0 53
1 0 0 53
1 0 0 53
1 0 0 53
1 0 0 53
1 0 0 53
1 0 0 53
1 0 0 53
1 0 0 53
1 0 0 54
1 0 0 54
1 0 0 54
1 0 0 54
1 0 0 54
1 0 0 54
1 0 0 54
1 0 0 54
1 0 0 54
1 0 0 54
1 0 0 14
1 0 0 14
1 0 0 14
1 0 0 14
1 0 0 14
1 0 0 55
1 0 0 55
1 0 0 55
1 0 0 55
1 0 0 56
1 0 0 56
1 0 0 56
1 0 0 56
1 0 0 56
1 0 0 56
1 0 0 56
1 0 0 56
1 0 0 56
1 0 0 56
1 0 0 55
1 0 0 55
1 0 0 55
1 0 0 55
1 0 0 55
1 0 0 55
1 0 0 57
1 0 0 57
1 0 0 57
1 0 0 57
1 0 0 57
1 0 0 57
1 0 0 57
1 0 0 57
1 0 0 57
1 0 0 57
1 0 0 14
1 0 0 14
1 0 0 58
1 0 0 58
1 0 0 58
1 0 0 58
1 0 0 58
1 0 0 58
1 0 0 58
1 0 0 58
1 0 0 58
1 0 0 58
1 0 0 14
0.1 1 2 -1
0.1 4 5 -1
0.1 3 582 -1
0.1 6 7 -1
0.1 8 9 -1
0.1 585 10 -1
0.1 584 586 -1
0.1 583 587 -1
0.1 581 588 -1
0.1 12 13 -1
0.1 14 15 -1
0.1 590 591 -1
0.1 11 592 -1
0.1 16 17 -1
0.1 18 19 -1
0.1 20 21 -1
0.1 595 596 -1
0.1 24 25 -1
0.1 598 26 -1
0.1 23 599 -1
0.1 22 600 -1
0.1 597 601 -1
0.1 594 602 -1
0.1 593 603 -1
0.1 589 604 -1
0.1 28 29 -1
0.1 31 32 -1
0.1 30 607 -1
0.1 606 608 -1
0.1 27 609 -1
0.1 33 34 -1
0.1 37 38 -1
0.1 39 40 -1
0.1 41 42 -1
0.1 44 45 -1
0.1 43 615 -1
0.1 614 616 -1
0.1 613 617 -1
0.1 618 46 -1
0.1 612 619 -1
0.1 36 620 -1
0.1 35 621 -1
0.1 611 622 -1
0.1 610 623 -1
0.1 605 624 -1
0.1 48 49 -1
0.1 626 50 -1
0.1 47 627 -1
0.1 55 56 -1
0.1 54 629 -1
0.1 630 57 -1
0.1 59 60 -1
0.1 58 632 -1
0.1 61 62 -1
0.1 633 634 -1
0.1 631 635 -1
0.1 53 636 -1
0.1 63 64 -1
0.1 66 67 -1
0.1 70 71 -1
0.1 69 640 -1
0.1 641 72 -1
0.1 68 642 -1
0.1 75 76 -1
0.1 74 644 -1
0.1 73 645 -1
0.1 646 77 -1
0.1 643 647 -1
0.1 639 648 -1
0.1 649 78 -1
0.1 65 650 -1
0.1 638 651 -1
0.1 637 652 -1
0.1 52 653 -1
0.1 51 654 -1
0.1 79 80 -1
0.1 655 656 -1
0.1 628 657 -1
0.1 82 83 -1
0.1 81 659 -1
0.1 85 86 -1
0.1 84 661 -1
0.1 660 662 -1
0.1 658 663 -1
0.1 88 89 -1
0.1 87 665 -1
0.1 666 90 -1
0.1 93 94 -1
0.1 95 96 -1
0.1 668 669 -1
0.1 92 670 -1
0.1 91 671 -1
0.1 667 672 -1
0.1 98 99 -1
0.1 97 674 -1
0.1 100 101 -1
0.1 102 103 -1
0.1 676 677 -1
0.1 675 678 -1
0.1 105 106 -1
0.1 104 680 -1
0.1 679 681 -1
0.1 107 108 -1
0.1 109 110 -1
0.1 684 111 -1
0.1 112 113 -1
0.1 685 686 -1
0.1 683 687 -1
0.1 114 115 -1
0.1 688 689 -1
0.1 119 120 -1
0.1 118 691 -1
0.1 117 692 -1
0.1 121 122 -1
0.1 123 124 -1
0.1 694 695 -1
0.1 125 126 -1
0.1 696 697 -1
0.1 693 698 -1
0.1 116 699 -1
0.1 690 700 -1
0.1 682 701 -1
0.1 131 132 -1
0.1 130 703 -1
0.1 133 134 -1
0.1 704 705 -1
0.1 129 706 -1
0.1 136 137 -1
0.1 135 708 -1
0.1 707 709 -1
0.1 128 710 -1
0.1 139 140 -1
0.1 138 712 -1
0.1 141 142 -1
0.1 713 714 -1
0.1 143 144 -1
0.1 145 146 -1
0.1 716 717 -1
0.1 148 149 -1
0.1 150 151 -1
0.1 720 152 -1
0.1 721 153 -1
0.1 719 722 -1
0.1 155 156 -1
0.1 154 724 -1
0.1 725 157 -1
0.1 723 726 -1
0.1 158 159 -1
0.1 160 161 -1
0.1 728 729 -1
0.1 164 165 -1
0.1 163 731 -1
0.1 162 732 -1
0.1 733 166 -1
0.1 734 167 -1
0.1 730 735 -1
0.1 171 172 -1
0.1 170 737 -1
0.1 169 738 -1
0.1 739 173 -1
0.1 168 740 -1
0.1 174 175 -1
0.1 742 176 -1
0.1 743 177 -1
0.1 741 744 -1
0.1 736 745 -1
0.1 727 746 -1
0.1 147 747 -1
0.1 718 748 -1
0.1 178 179 -1
0.1 180 181 -1
0.1 751 182 -1
0.1 183 184 -1
0.1 753 185 -1
0.1 752 754 -1
0.1 750 755 -1
0.1 186 187 -1
0.1 756 757 -1
0.1 749 758 -1
0.1 715 759 -1
0.1 711 760 -1
0.1 127 761 -1
0.1 702 762 -1
0.1 673 763 -1
0.1 664 764 -1
0.1 189 190 -1
0.1 188 766 -1
0.1 191 192 -1
0.1 193 194 -1
0.1 196 197 -1
0.1 195 770 -1
0.1 769 771 -1
0.1 768 772 -1
0.1 767 773 -1
0.1 200 201 -1
0.1 202 203 -1
0.1 775 776 -1
0.1 199 777 -1
0.1 198 778 -1
0.1 204 205 -1
0.1 206 207 -1
0.1 780 781 -1
0.1 779 782 -1
0.1 211 212 -1
0.1 210 784 -1
0.1 213 214 -1
0.1 215 216 -1
0.1 786 787 -1
0.1 217 218 -1
0.1 788 789 -1
0.1 785 790 -1
0.1 209 791 -1
0.1 208 792 -1
0.1 783 793 -1
0.1 774 794 -1
0.1 221 222 -1
0.1 220 796 -1
0.1 219 797 -1
0.1 224 225 -1
0.1 226 227 -1
0.1 799 800 -1
0.1 223 801 -1
0.1 798 802 -1
0.1 229 230 -1
0.1 231 232 -1
0.1 235 236 -1
0.1 234 806 -1
0.1 233 807 -1
0.1 805 808 -1
0.1 237 238 -1
0.1 809 810 -1
0.1 804 811 -1
0.1 240 241 -1
0.1 239 813 -1
0.1 812 814 -1
0.1 243 244 -1
0.1 242 816 -1
0.1 245 246 -1
0.1 247 248 -1
0.1 250 251 -1
0.1 820 252 -1
0.1 253 254 -1
0.1 821 822 -1
0.1 249 823 -1
0.1 819 824 -1
0.1 818 825 -1
0.1 255 256 -1
0.1 257 258 -1
0.1 827 828 -1
0.1 826 829 -1
0.1 817 830 -1
0.1 815 831 -1
0.1 228 832 -1
0.1 803 833 -1
0.1 259 260 -1
0.1 835 261 -1
0.1 263 264 -1
0.1 262 837 -1
0.1 838 265 -1
0.1 267 268 -1
0.1 266 840 -1
0.1 839 841 -1
0.1 836 842 -1
0.1 834 843 -1
0.1 269 270 -1
0.1 273 274 -1
0.1 272 846 -1
0.1 275 276 -1
0.1 847 848 -1
0.1 271 849 -1
0.1 845 850 -1
0.1 280 281 -1
0.1 279 852 -1
0.1 278 853 -1
0.1 277 854 -1
0.1 282 283 -1
0.1 855 856 -1
0.1 284 285 -1
0.1 287 288 -1
0.1 286 859 -1
0.1 858 860 -1
0.1 289 290 -1
0.1 862 291 -1
0.1 292 293 -1
0.1 863 864 -1
0.1 295 296 -1
0.1 294 866 -1
0.1 297 298 -1
0.1 867 868 -1
0.1 299 300 -1
0.1 870 301 -1
0.1 302 303 -1
0.1 871 872 -1
0.1 869 873 -1
0.1 865 874 -1
0.1 861 875 -1
0.1 857 876 -1
0.1 304 305 -1
0.1 307 308 -1
0.1 309 310 -1
0.1 879 880 -1
0.1 315 316 -1
0.1 314 882 -1
0.1 313 883 -1
0.1 312 884 -1
0.1 311 885 -1
0.1 881 886 -1
0.1 306 887 -1
0.1 878 888 -1
0.1 877 889 -1
0.1 851 890 -1
0.1 844 891 -1
0.1 317 318 -1
0.1 892 893 -1
0.1 320 321 -1
0.1 895 322 -1
0.1 319 896 -1
0.1 894 897 -1
0.1 326 327 -1
0.1 325 899 -1
0.1 900 328 -1
0.1 324 901 -1
0.1 323 902 -1
0.1 898 903 -1
0.1 795 904 -1
0.1 765 905 -1
0.1 331 332 -1
0.1 330 907 -1
0.1 329 908 -1
0.1 906 909 -1
0.1 625 910 -1
0.1 333 334 -1
0.1 335 336 -1
0.1 912 913 -1
0.1 337 338 -1
0.1 340 341 -1
0.1 339 916 -1
0.1 915 917 -1
0.1 914 918 -1
0.1 919 342 -1
0.1 911 920 -1
0.1 344 345 -1
0.1 346 347 -1
0.1 923 348 -1
0.1 922 924 -1
0.1 343 925 -1
0.1 349 350 -1
0.1 927 351 -1
0.1 928 352 -1
0.1 926 929 -1
0.1 355 356 -1
0.1 354 931 -1
0.1 353 932 -1
0.1 933 357 -1
0.1 359 360 -1
0.1 361 362 -1
0.1 935 936 -1
0.1 358 937 -1
0.1 934 938 -1
0.1 930 939 -1
0.1 363 364 -1
0.1 369 370 -1
0.1 368 942 -1
0.1 367 943 -1
0.1 366 944 -1
0.1 371 372 -1
0.1 945 946 -1
0.1 365 947 -1
0.1 941 948 -1
0.1 377 378 -1
0.1 376 950 -1
0.1 375 951 -1
0.1 380 381 -1
0.1 379 953 -1
0.1 382 383 -1
0.1 954 955 -1
0.1 952 956 -1
0.1 374 957 -1
0.1 385 386 -1
0.1 384 959 -1
0.1 958 960 -1
0.1 389 390 -1
0.1 388 962 -1
0.1 387 963 -1
0.1 961 964 -1
0.1 373 965 -1
0.1 391 392 -1
0.1 393 394 -1
0.1 968 395 -1
0.1 398 399 -1
0.1 970 400 -1
0.1 397 971 -1
0.1 396 972 -1
0.1 402 403 -1
0.1 401 974 -1
0.1 973 975 -1
0.1 404 405 -1
0.1 976 977 -1
0.1 406 407 -1
0.1 409 410 -1
0.1 408 980 -1
0.1 411 412 -1
0.1 981 982 -1
0.1 979 983 -1
0.1 978 984 -1
0.1 969 985 -1
0.1 967 986 -1
0.1 966 987 -1
0.1 949 988 -1
0.1 414 415 -1
0.1 413 990 -1
0.1 416 417 -1
0.1 419 420 -1
0.1 418 993 -1
0.1 992 994 -1
0.1 421 422 -1
0.1 995 996 -1
0.1 991 997 -1
0.1 989 998 -1
0.1 940 999 -1
0.1 426 427 -1
0.1 428 429 -1
0.1 1001 1002 -1
0.1 432 433 -1
0.1 431 1004 -1
0.1 430 1005 -1
0.1 1003 1006 -1
0.1 425 1007 -1
0.1 424 1008 -1
0.1 423 1009 -1
0.1 434 435 -1
0.1 436 437 -1
0.1 438 439 -1
0.1 1012 1013 -1
0.1 442 443 -1
0.1 441 1015 -1
0.1 440 1016 -1
0.1 1014 1017 -1
0.1 1011 1018 -1
0.1 1010 1019 -1
0.1 446 447 -1
0.1 1021 448 -1
0.1 445 1022 -1
0.1 1023 449 -1
0.1 451 452 -1
0.1 450 1025 -1
0.1 453 454 -1
0.1 1026 1027 -1
0.1 1024 1028 -1
0.1 444 1029 -1
0.1 455 456 -1
0.1 457 458 -1
0.1 1031 1032 -1
0.1 1033 459 -1
0.1 461 462 -1
0.1 1035 463 -1
0.1 460 1036 -1
0.1 1034 1037 -1
0.1 467 468 -1
0.1 466 1039 -1
0.1 470 471 -1
0.1 469 1041 -1
0.1 472 473 -1
0.1 1043 474 -1
0.1 1042 1044 -1
0.1 1040 1045 -1
0.1 465 1046 -1
0.1 464 1047 -1
0.1 1038 1048 -1
0.1 1030 1049 -1
0.1 475 476 -1
0.1 1050 1051 -1
0.1 1052 477 -1
0.1 481 482 -1
0.1 483 484 -1
0.1 1054 1055 -1
0.1 480 1056 -1
0.1 486 487 -1
0.1 485 1058 -1
0.1 488 489 -1
0.1 1059 1060 -1
0.1 1057 1061 -1
0.1 1062 490 -1
0.1 479 1063 -1
0.1 478 1064 -1
0.1 1053 1065 -1
0.1 493 494 -1
0.1 495 496 -1
0.1 1068 497 -1
0.1 1069 498 -1
0.1 1067 1070 -1
0.1 501 502 -1
0.1 500 1072 -1
0.1 499 1073 -1
0.1 503 504 -1
0.1 506 507 -1
0.1 505 1076 -1
0.1 1077 508 -1
0.1 1075 1078 -1
0.1 1079 509 -1
0.1 511 512 -1
0.1 510 1081 -1
0.1 1080 1082 -1
0.1 514 515 -1
0.1 513 1084 -1
0.1 1085 516 -1
0.1 520 521 -1
0.1 519 1087 -1
0.1 518 1088 -1
0.1 517 1089 -1
0.1 1090 522 -1
0.1 1086 1091 -1
0.1 1083 1092 -1
0.1 1074 1093 -1
0.1 1071 1094 -1
0.1 492 1095 -1
0.1 491 1096 -1
0.1 1066 1097 -1
0.1 1020 1098 -1
0.1 525 526 -1
0.1 524 1100 -1
0.1 528 529 -1
0.1 531 532 -1
0.1 530 1103 -1
0.1 1102 1104 -1
0.1 527 1105 -1
0.1 1101 1106 -1
0.1 523 1107 -1
0.1 535 536 -1
0.1 534 1109 -1
0.1 533 1110 -1
0.1 1108 1111 -1
0.1 539 540 -1
0.1 1113 541 -1
0.1 538 1114 -1
0.1 542 543 -1
0.1 544 545 -1
0.1 1116 1117 -1
0.1 546 547 -1
0.1 1118 1119 -1
0.1 548 549 -1
0.1 550 551 -1
0.1 1121 1122 -1
0.1 553 554 -1
0.1 555 556 -1
0.1 1124 1125 -1
0.1 552 1126 -1
0.1 1123 1127 -1
0.1 1120 1128 -1
0.1 1115 1129 -1
0.1 558 559 -1
0.1 563 564 -1
0.1 566 567 -1
0.1 565 1133 -1
0.1 1132 1134 -1
0.1 562 1135 -1
0.1 561 1136 -1
0.1 560 1137 -1
0.1 1131 1138 -1
0.1 557 1139 -1
0.1 1130 1140 -1
0.1 537 1141 -1
0.1 1112 1142 -1
0.1 1099 1143 -1
0.1 568 569 -1
0.1 570 571 -1
0.1 572 573 -1
0.1 1146 1147 -1
0.1 575 576 -1
0.1 574 1149 -1
0.1 1150 577 -1
0.1 1148 1151 -1
0.1 1152 578 -1
0.1 1153 579 -1
0.1 1154 580 -1
0.1 1145 1155 -1
0.1 1144 1156 -1
0.1 1000 1157 -1
0.1 921 1158 -1
