1 0 0 1
1 0 0 1
1 0 0 2
1 0 0 2
1 0 0 2
1 0 0 2
1 0 0 2
1 0 0 2
1 0 0 2
1 0 0 2
1 0 0 2
1 0 0 2
1 0 0 3
1 0 0 3
1 0 0 3
1 0 0 3
1 0 0 3
1 0 0 3
1 0 0 3
1 0 0 3
1 0 0 3
1 0 0 3
1 0 0 4
1 0 0 4
1 0 0 4
1 0 0 4
1 0 0 4
1 0 0 4
1 0 0 4
1 0 0 4
1 0 0 4
1 0 0 4
1 0 0 5
1 0 0 5
1 0 0 5
1 0 0 5
1 0 0 5
1 0 0 6
1 0 0 6
1 0 0 6
1 0 0 6
1 0 0 6
1 0 0 6
1 0 0 6
1 0 0 6
1 0 0 6
1 0 0 6
1 0 0 5
1 0 0 5
1 0 0 5
1 0 0 5
1 0 0 5
1 0 0 7
1 0 0 7
1 0 0 7
1 0 0 7
1 0 0 7
1 0 0 7
1 0 0 7
1 0 0 7
1 0 0 7
1 0 0 7
1 0 0 8
1 0 0 8
1 0 0 8
1 0 0 8
1 0 0 8
1 0 0 8
1 0 0 8
1 0 0 8
1 0 0 8
1 0 0 8
1 0 0 9
1 0 0 9
1 0 0 9
1 0 0 9
1 0 0 9
1 0 0 9
1 0 0 9
1 0 0 9
1 0 0 9
1 0 0 9
1 0 0 1
1 0 0 10
1 0 0 10
1 0 0 10
1 0 0 10
1 0 0 10
1 0 0 10
1 0 0 10
1 0 0 10
1 0 0 10
1 0 0 10
1 0 0 11
1 0 0 11
1 0 0 11
1 0 0 11
1 0 0 11
1 0 0 11
1 0 0 11
1 0 0 11
1 0 0 11
1 0 0 11
1 0 0 12
1 0 0 12
1 0 0 12
1 0 0 12
1 0 0 12
1 0 0 12
1 0 0 12
1 0 0 12
1 0 0 12
1 0 0 12
1 0 0 13
1 0 0 13
1 0 0 13
1 0 0 13
1 0 0 13
1 0 0 13
1 0 0 13
1 0 0 13
1 0 0 13
1 0 0 13
1 0 0 14
1 0 0 14
1 0 0 14
1 0 0 14
1 0 0 14
1 0 0 14
1 0 0 14
1 0 0 14
1 0 0 14
1 0 0 14
1 0 0 15
1 0 0 15
1 0 0 15
1 0 0 15
1 0 0 15
1 0 0 15
1 0 0 15
1 0 0 15
1 0 0 15
1 0 0 15
1 0 0 16
1 0 0 16
1 0 0 16
1 0 0 16
1 0 0 16
1 0 0 16
1 0 0 16
1 0 0 16
1 0 0 16
1 0 0 16
1 0 0 17
1 0 0 17
1 0 0 17
1 0 0 17
1 0 0 17
1 0 0 17
1 0 0 17
1 0 0 17
1 0 0 17
1 0 0 17
1 0 0 18
1 0 0 18
1 0 0 18
1 0 0 18
1 0 0 18
1 0 0 18
1 0 0 18
1 0 0 18
1 0 0 18
1 0 0 18
1 0 0 19
1 0 0 19
1 0 0 19
1 0 0 19
1 0 0 19
1 0 0 19
1 0 0 19
1 0 0 19
1 0 0 19
1 0 0 19
1 0 0 20
1 0 0 20
1 0 0 20
1 0 0 20
1 0 0 20
1 0 0 20
1 0 0 20
1 0 0 20
1 0 0 20
1 0 0 20
1 0 0 21
1 0 0 21
1 0 0 21
1 0 0 22
1 0 0 22
1 0 0 22
1 0 0 22
1 0 0 22
1 0 0 22
1 0 0 22
1 0 0 22
1 0 0 22
1 0 0 22
1 0 0 21
1 0 0 21
1 0 0 23
1 0 0 23
1 0 0 23
1 0 0 23
1 0 0 23
1 0 0 23
1 0 0 23
1 0 0 23
1 0 0 23
1 0 0 23
1 0 0 21
1 0 0 24
1 0 0 24
1 0 0 24
1 0 0 24
1 0 0 24
1 0 0 24
1 0 0 24
1 0 0 24
1 0 0 24
1 0 0 24
1 0 0 21
1 0 0 21
1 0 0 21
1 0 0 21
1 0 0 25
1 0 0 25
1 0 0 25
1 0 0 25
1 0 0 25
1 0 0 25
1 0 0 25
1 0 0 25
1 0 0 25
1 0 0 25
1 0 0 26
1 0 0 26
1 0 0 26
1 0 0 26
1 0 0 26
1 0 0 26
1 0 0 26
1 0 0 26
1 0 0 26
1 0 0 26
1 0 0 27
1 0 0 27
1 0 0 27
1 0 0 27
1 0 0 27
1 0 0 27
1 0 0 27
1 0 0 27
1 0 0 27
1 0 0 27
1 0 0 28
1 0 0 28
1 0 0 28
1 0 0 28
1 0 0 28
1 0 0 28
1 0 0 28
1 0 0 28
1 0 0 28
1 0 0 28
1 0 0 29
1 0 0 29
1 0 0 29
1 0 0 29
1 0 0 29
1 0 0 29
1 0 0 29
1 0 0 29
1 0 0 29
1 0 0 29
1 0 0 30
1 0 0 30
1 0 0 30
1 0 0 30
1 0 0 30
1 0 0 30
1 0 0 30
1 0 0 30
1 0 0 30
1 0 0 30
1 0 0 31
1 0 0 31
1 0 0 31
1 0 0 31
1 0 0 31
1 0 0 31
1 0 0 31
1 0 0 31
1 0 0 31
1 0 0 31
1 0 0 32
1 0 0 32
1 0 0 32
1 0 0 32
1 0 0 32
1 0 0 32
1 0 0 32
1 0 0 32
1 0 0 32
1 0 0 32
1 0 0 1
1 0 0 33
1 0 0 33
1 0 0 33
1 0 0 33
1 0 0 34
1 0 0 34
1 0 0 34
1 0 0 34
1 0 0 34
1 0 0 34
1 0 0 34
1 0 0 34
1 0 0 34
1 0 0 34
1 0 0 33
1 0 0 35
1 0 0 35
1 0 0 35
1 0 0 35
1 0 0 35
1 0 0 35
1 0 0 35
1 0 0 35
1 0 0 35
1 0 0 35
1 0 0 33
1 0 0 36
1 0 0 36
1 0 0 36
1 0 0 36
1 0 0 36
1 0 0 36
1 0 0 36
1 0 0 36
1 0 0 36
1 0 0 36
1 0 0 33
1 0 0 33
1 0 0 33
1 0 0 33
1 0 0 37
1 0 0 37
1 0 0 37
1 0 0 37
1 0 0 37
1 0 0 37
1 0 0 37
1 0 0 37
1 0 0 37
1 0 0 37
1 0 0 38
1 0 0 38
1 0 0 38
1 0 0 38
1 0 0 38
1 0 0 38
1 0 0 38
1 0 0 38
1 0 0 38
1 0 0 38
1 0 0 39
1 0 0 39
1 0 0 39
1 0 0 39
1 0 0 39
1 0 0 39
1 0 0 39
1 0 0 39
1 0 0 39
1 0 0 39
1 0 0 40
1 0 0 40
1 0 0 40
1 0 0 40
1 0 0 40
1 0 0 40
1 0 0 40
1 0 0 40
1 0 0 40
1 0 0 40
1 0 0 41
1 0 0 41
1 0 0 41
1 0 0 41
1 0 0 41
1 0 0 41
1 0 0 41
1 0 0 41
1 0 0 41
1 0 0 41
1 0 0 42
1 0 0 42
1 0 0 42
1 0 0 42
1 0 0 42
1 0 0 42
1 0 0 42
1 0 0 42
1 0 0 42
1 0 0 42
1 0 0 43
1 0 0 43
1 0 0 43
1 0 0 43
1 0 0 43
1 0 0 43
1 0 0 43
1 0 0 43
1 0 0 43
1 0 0 43
1 0 0 44
1 0 0 44
1 0 0 44
1 0 0 44
1 0 0 44
1 0 0 44
1 0 0 44
1 0 0 44
1 0 0 44
1 0 0 44
1 0 0 45
1 0 0 45
1 0 0 45
1 0 0 45
1 0 0 45
1 0 0 45
1 0 0 45
1 0 0 45
1 0 0 45
1 0 0 45
1 0 0 46
1 0 0 46
1 0 0 46
1 0 0 46
1 0 0 46
1 0 0 46
1 0 0 46
1 0 0 46
1 0 0 46
1 0 0 46
1 0 0 47
1 0 0 47
1 0 0 47
1 0 0 47
1 0 0 47
1 0 0 47
1 0 0 47
1 0 0 47
1 0 0 47
1 0 0 47
1 0 0 48
1 0 0 48
1 0 0 48
1 0 0 48
1 0 0 48
1 0 0 48
1 0 0 48
1 0 0 48
1 0 0 48
1 0 0 48
1 0 0 1
1 0 0 1
1 0 0 1
1 0 0 1
1 0 0 1
1 0 0 1
1 0 0 49
1 0 0 49
1 0 0 49
1 0 0 49
1 0 0 49
1 0 0 49
1 0 0 49
1 0 0 49
1 0 0 49
1 0 0 49
1 0 0 50
1 0 0 50
1 0 0 50
1 0 0 50
1 0 0 50
1 0 0 50
1 0 0 50
1 0 0 50
1 0 0 50
1 0 0 50
1 0 0 51
1 0 0 51
1 0 0 51
1 0 0 51
1 0 0 51
1 0 0 51
1 0 0 51
1 0 0 51
1 0 0 51
1 0 0 51
1 0 0 52
1 0 0 52
1 0 0 52
1 0 0 52
1 0 0 52
1 0 0 52
1 0 0 52
1 0 0 52
1 0 0 52
1 0 0 52
0.1 1 2 -1
0.1 4 5 -1
0.1 6 7 -1
0.1 8 9 -1
0.1 11 12 -1
0.1 10 525 -1
0.1 524 526 -1
0.1 523 527 -1
0.1 522 528 -1
0.1 3 529 -1
0.1 15 16 -1
0.1 531 17 -1
0.1 532 18 -1
0.1 533 19 -1
0.1 534 20 -1
0.1 535 21 -1
0.1 14 536 -1
0.1 13 537 -1
0.1 538 22 -1
0.1 24 25 -1
0.1 27 28 -1
0.1 541 29 -1
0.1 542 30 -1
0.1 543 31 -1
0.1 26 544 -1
0.1 540 545 -1
0.1 23 546 -1
0.1 547 32 -1
0.1 539 548 -1
0.1 35 36 -1
0.1 34 550 -1
0.1 551 37 -1
0.1 38 39 -1
0.1 41 42 -1
0.1 40 554 -1
0.1 555 43 -1
0.1 44 45 -1
0.1 556 557 -1
0.1 46 47 -1
0.1 558 559 -1
0.1 553 560 -1
0.1 552 561 -1
0.1 48 49 -1
0.1 562 563 -1
0.1 564 50 -1
0.1 565 51 -1
0.1 566 52 -1
0.1 33 567 -1
0.1 53 54 -1
0.1 56 57 -1
0.1 55 570 -1
0.1 569 571 -1
0.1 58 59 -1
0.1 60 61 -1
0.1 574 62 -1
0.1 573 575 -1
0.1 572 576 -1
0.1 568 577 -1
0.1 64 65 -1
0.1 66 67 -1
0.1 579 580 -1
0.1 63 581 -1
0.1 68 69 -1
0.1 71 72 -1
0.1 70 584 -1
0.1 583 585 -1
0.1 582 586 -1
0.1 75 76 -1
0.1 588 77 -1
0.1 78 79 -1
0.1 589 590 -1
0.1 80 81 -1
0.1 591 592 -1
0.1 74 593 -1
0.1 73 594 -1
0.1 595 82 -1
0.1 587 596 -1
0.1 578 597 -1
0.1 549 598 -1
0.1 530 599 -1
0.1 86 87 -1
0.1 601 88 -1
0.1 85 602 -1
0.1 84 603 -1
0.1 89 90 -1
0.1 605 91 -1
0.1 92 93 -1
0.1 606 607 -1
0.1 604 608 -1
0.1 95 96 -1
0.1 94 610 -1
0.1 97 98 -1
0.1 612 99 -1
0.1 611 613 -1
0.1 614 100 -1
0.1 102 103 -1
0.1 101 616 -1
0.1 615 617 -1
0.1 104 105 -1
0.1 107 108 -1
0.1 106 620 -1
0.1 619 621 -1
0.1 109 110 -1
0.1 623 111 -1
0.1 112 113 -1
0.1 624 625 -1
0.1 622 626 -1
0.1 118 119 -1
0.1 117 628 -1
0.1 116 629 -1
0.1 115 630 -1
0.1 114 631 -1
0.1 120 121 -1
0.1 122 123 -1
0.1 633 634 -1
0.1 632 635 -1
0.1 627 636 -1
0.1 125 126 -1
0.1 124 638 -1
0.1 128 129 -1
0.1 130 131 -1
0.1 640 641 -1
0.1 132 133 -1
0.1 642 643 -1
0.1 127 644 -1
0.1 639 645 -1
0.1 637 646 -1
0.1 618 647 -1
0.1 609 648 -1
0.1 83 649 -1
0.1 135 136 -1
0.1 138 139 -1
0.1 141 142 -1
0.1 140 653 -1
0.1 652 654 -1
0.1 655 143 -1
0.1 137 656 -1
0.1 651 657 -1
0.1 144 145 -1
0.1 659 146 -1
0.1 148 149 -1
0.1 661 150 -1
0.1 151 152 -1
0.1 662 663 -1
0.1 147 664 -1
0.1 660 665 -1
0.1 666 153 -1
0.1 154 155 -1
0.1 668 156 -1
0.1 158 159 -1
0.1 157 670 -1
0.1 160 161 -1
0.1 671 672 -1
0.1 669 673 -1
0.1 162 163 -1
0.1 165 166 -1
0.1 676 167 -1
0.1 169 170 -1
0.1 168 678 -1
0.1 677 679 -1
0.1 171 172 -1
0.1 680 681 -1
0.1 164 682 -1
0.1 683 173 -1
0.1 675 684 -1
0.1 174 175 -1
0.1 686 176 -1
0.1 687 177 -1
0.1 180 181 -1
0.1 179 689 -1
0.1 182 183 -1
0.1 690 691 -1
0.1 178 692 -1
0.1 688 693 -1
0.1 685 694 -1
0.1 674 695 -1
0.1 186 187 -1
0.1 185 697 -1
0.1 188 189 -1
0.1 698 699 -1
0.1 184 700 -1
0.1 701 190 -1
0.1 192 193 -1
0.1 191 703 -1
0.1 702 704 -1
0.1 194 195 -1
0.1 199 200 -1
0.1 198 707 -1
0.1 708 201 -1
0.1 205 206 -1
0.1 204 710 -1
0.1 203 711 -1
0.1 202 712 -1
0.1 709 713 -1
0.1 197 714 -1
0.1 715 207 -1
0.1 196 716 -1
0.1 717 208 -1
0.1 706 718 -1
0.1 705 719 -1
0.1 696 720 -1
0.1 211 212 -1
0.1 210 722 -1
0.1 209 723 -1
0.1 215 216 -1
0.1 217 218 -1
0.1 725 726 -1
0.1 214 727 -1
0.1 213 728 -1
0.1 724 729 -1
0.1 220 221 -1
0.1 223 224 -1
0.1 225 226 -1
0.1 733 227 -1
0.1 732 734 -1
0.1 228 229 -1
0.1 735 736 -1
0.1 222 737 -1
0.1 731 738 -1
0.1 230 231 -1
0.1 739 740 -1
0.1 219 741 -1
0.1 730 742 -1
0.1 721 743 -1
0.1 667 744 -1
0.1 232 233 -1
0.1 745 746 -1
0.1 658 747 -1
0.1 134 748 -1
0.1 650 749 -1
0.1 600 750 -1
0.1 521 751 -1
0.1 235 236 -1
0.1 753 237 -1
0.1 238 239 -1
0.1 754 755 -1
0.1 234 756 -1
0.1 240 241 -1
0.1 758 242 -1
0.1 759 243 -1
0.1 757 760 -1
0.1 244 245 -1
0.1 247 248 -1
0.1 246 763 -1
0.1 764 249 -1
0.1 762 765 -1
0.1 250 251 -1
0.1 252 253 -1
0.1 767 768 -1
0.1 766 769 -1
0.1 761 770 -1
0.1 255 256 -1
0.1 257 258 -1
0.1 260 261 -1
0.1 259 774 -1
0.1 773 775 -1
0.1 772 776 -1
0.1 262 263 -1
0.1 777 778 -1
0.1 254 779 -1
0.1 264 265 -1
0.1 267 268 -1
0.1 266 782 -1
0.1 781 783 -1
0.1 784 269 -1
0.1 271 272 -1
0.1 270 786 -1
0.1 787 273 -1
0.1 785 788 -1
0.1 780 789 -1
0.1 275 276 -1
0.1 277 278 -1
0.1 279 280 -1
0.1 792 793 -1
0.1 281 282 -1
0.1 794 795 -1
0.1 791 796 -1
0.1 797 283 -1
0.1 274 798 -1
0.1 285 286 -1
0.1 287 288 -1
0.1 290 291 -1
0.1 289 802 -1
0.1 292 293 -1
0.1 803 804 -1
0.1 801 805 -1
0.1 800 806 -1
0.1 284 807 -1
0.1 799 808 -1
0.1 790 809 -1
0.1 294 295 -1
0.1 811 296 -1
0.1 297 298 -1
0.1 813 299 -1
0.1 812 814 -1
0.1 815 300 -1
0.1 301 302 -1
0.1 817 303 -1
0.1 816 818 -1
0.1 810 819 -1
0.1 304 305 -1
0.1 306 307 -1
0.1 822 308 -1
0.1 312 313 -1
0.1 311 824 -1
0.1 310 825 -1
0.1 309 826 -1
0.1 823 827 -1
0.1 821 828 -1
0.1 820 829 -1
0.1 771 830 -1
0.1 831 314 -1
0.1 315 316 -1
0.1 833 317 -1
0.1 319 320 -1
0.1 322 323 -1
0.1 836 324 -1
0.1 837 325 -1
0.1 327 328 -1
0.1 326 839 -1
0.1 838 840 -1
0.1 321 841 -1
0.1 835 842 -1
0.1 318 843 -1
0.1 834 844 -1
0.1 330 331 -1
0.1 846 332 -1
0.1 334 335 -1
0.1 333 848 -1
0.1 338 339 -1
0.1 337 850 -1
0.1 336 851 -1
0.1 849 852 -1
0.1 847 853 -1
0.1 342 343 -1
0.1 341 855 -1
0.1 344 345 -1
0.1 857 346 -1
0.1 856 858 -1
0.1 348 349 -1
0.1 860 350 -1
0.1 347 861 -1
0.1 859 862 -1
0.1 340 863 -1
0.1 352 353 -1
0.1 356 357 -1
0.1 355 866 -1
0.1 358 359 -1
0.1 868 360 -1
0.1 867 869 -1
0.1 354 870 -1
0.1 361 362 -1
0.1 363 364 -1
0.1 872 873 -1
0.1 871 874 -1
0.1 865 875 -1
0.1 351 876 -1
0.1 864 877 -1
0.1 854 878 -1
0.1 329 879 -1
0.1 845 880 -1
0.1 366 367 -1
0.1 371 372 -1
0.1 883 373 -1
0.1 370 884 -1
0.1 885 374 -1
0.1 369 886 -1
0.1 368 887 -1
0.1 882 888 -1
0.1 365 889 -1
0.1 881 890 -1
0.1 832 891 -1
0.1 752 892 -1
0.1 376 377 -1
0.1 894 378 -1
0.1 375 895 -1
0.1 381 382 -1
0.1 383 384 -1
0.1 897 898 -1
0.1 380 899 -1
0.1 379 900 -1
0.1 896 901 -1
0.1 386 387 -1
0.1 388 389 -1
0.1 390 391 -1
0.1 905 392 -1
0.1 904 906 -1
0.1 393 394 -1
0.1 907 908 -1
0.1 903 909 -1
0.1 385 910 -1
0.1 396 397 -1
0.1 912 398 -1
0.1 395 913 -1
0.1 399 400 -1
0.1 915 401 -1
0.1 403 404 -1
0.1 402 917 -1
0.1 916 918 -1
0.1 914 919 -1
0.1 911 920 -1
0.1 902 921 -1
0.1 405 406 -1
0.1 409 410 -1
0.1 408 924 -1
0.1 407 925 -1
0.1 926 411 -1
0.1 413 414 -1
0.1 412 928 -1
0.1 927 929 -1
0.1 923 930 -1
0.1 416 417 -1
0.1 418 419 -1
0.1 932 933 -1
0.1 934 420 -1
0.1 415 935 -1
0.1 423 424 -1
0.1 422 937 -1
0.1 421 938 -1
0.1 936 939 -1
0.1 931 940 -1
0.1 922 941 -1
0.1 425 426 -1
0.1 428 429 -1
0.1 427 944 -1
0.1 431 432 -1
0.1 430 946 -1
0.1 945 947 -1
0.1 943 948 -1
0.1 433 434 -1
0.1 949 950 -1
0.1 436 437 -1
0.1 435 952 -1
0.1 440 441 -1
0.1 439 954 -1
0.1 438 955 -1
0.1 442 443 -1
0.1 957 444 -1
0.1 956 958 -1
0.1 953 959 -1
0.1 445 446 -1
0.1 449 450 -1
0.1 962 451 -1
0.1 448 963 -1
0.1 447 964 -1
0.1 452 453 -1
0.1 966 454 -1
0.1 965 967 -1
0.1 961 968 -1
0.1 960 969 -1
0.1 455 456 -1
0.1 971 457 -1
0.1 458 459 -1
0.1 973 460 -1
0.1 972 974 -1
0.1 975 461 -1
0.1 976 462 -1
0.1 463 464 -1
0.1 977 978 -1
0.1 970 979 -1
0.1 951 980 -1
0.1 465 466 -1
0.1 467 468 -1
0.1 982 983 -1
0.1 470 471 -1
0.1 469 985 -1
0.1 984 986 -1
0.1 472 473 -1
0.1 988 474 -1
0.1 987 989 -1
0.1 981 990 -1
0.1 942 991 -1
0.1 475 476 -1
0.1 992 993 -1
0.1 479 480 -1
0.1 478 995 -1
0.1 483 484 -1
0.1 482 997 -1
0.1 485 486 -1
0.1 487 488 -1
0.1 1000 489 -1
0.1 999 1001 -1
0.1 1002 490 -1
0.1 998 1003 -1
0.1 481 1004 -1
0.1 491 492 -1
0.1 493 494 -1
0.1 497 498 -1
0.1 496 1008 -1
0.1 495 1009 -1
0.1 1007 1010 -1
0.1 499 500 -1
0.1 1011 1012 -1
0.1 1006 1013 -1
0.1 501 502 -1
0.1 503 504 -1
0.1 505 506 -1
0.1 1017 507 -1
0.1 1018 508 -1
0.1 509 510 -1
0.1 1019 1020 -1
0.1 1016 1021 -1
0.1 1015 1022 -1
0.1 1014 1023 -1
0.1 1005 1024 -1
0.1 996 1025 -1
0.1 477 1026 -1
0.1 516 517 -1
0.1 515 1028 -1
0.1 514 1029 -1
0.1 513 1030 -1
0.1 518 519 -1
0.1 1031 1032 -1
0.1 512 1033 -1
0.1 1034 520 -1
0.1 511 1035 -1
0.1 1027 1036 -1
0.1 994 1037 -1
0.1 893 1038 -1
