1 0 0 1
1 0 0 1
1 0 0 2
1 0 0 2
1 0 0 2
1 0 0 2
1 0 0 2
1 0 0 2
1 0 0 2
1 0 0 2
1 0 0 2
1 0 0 2
1 0 0 3
1 0 0 3
1 0 0 3
1 0 0 3
1 0 0 3
1 0 0 3
1 0 0 3
1 0 0 3
1 0 0 3
1 0 0 3
1 0 0 4
1 0 0 4
1 0 0 4
1 0 0 5
1 0 0 5
1 0 0 5
1 0 0 5
1 0 0 5
1 0 0 5
1 0 0 5
1 0 0 5
1 0 0 5
1 0 0 5
1 0 0 6
1 0 0 6
1 0 0 6
1 0 0 6
1 0 0 6
1 0 0 6
1 0 0 6
1 0 0 6
1 0 0 6
1 0 0 6
1 0 0 7
1 0 0 7
1 0 0 7
1 0 0 7
1 0 0 7
1 0 0 7
1 0 0 7
1 0 0 7
1 0 0 7
1 0 0 7
1 0 0 4
1 0 0 4
1 0 0 4
1 0 0 4
1 0 0 4
1 0 0 8
1 0 0 8
1 0 0 8
1 0 0 8
1 0 0 8
1 0 0 8
1 0 0 8
1 0 0 8
1 0 0 8
1 0 0 8
1 0 0 4
1 0 0 4
1 0 0 9
1 0 0 9
1 0 0 9
1 0 0 9
1 0 0 9
1 0 0 9
1 0 0 9
1 0 0 9
1 0 0 9
1 0 0 9
1 0 0 10
1 0 0 10
1 0 0 10
1 0 0 10
1 0 0 10
1 0 0 10
1 0 0 10
1 0 0 10
1 0 0 10
1 0 0 10
1 0 0 11
1 0 0 11
1 0 0 11
1 0 0 11
1 0 0 11
1 0 0 11
1 0 0 11
1 0 0 11
1 0 0 11
1 0 0 11
1 0 0 1
1 0 0 12
1 0 0 12
1 0 0 12
1 0 0 12
1 0 0 12
1 0 0 12
1 0 0 12
1 0 0 12
1 0 0 12
1 0 0 12
1 0 0 13
1 0 0 13
1 0 0 13
1 0 0 13
1 0 0 13
1 0 0 13
1 0 0 13
1 0 0 13
1 0 0 13
1 0 0 13
1 0 0 14
1 0 0 14
1 0 0 14
1 0 0 14
1 0 0 14
1 0 0 14
1 0 0 14
1 0 0 14
1 0 0 14
1 0 0 14
1 0 0 15
1 0 0 15
1 0 0 15
1 0 0 15
1 0 0 15
1 0 0 15
1 0 0 15
1 0 0 15
1 0 0 15
1 0 0 15
1 0 0 16
1 0 0 16
1 0 0 16
1 0 0 16
1 0 0 16
1 0 0 16
1 0 0 16
1 0 0 16
1 0 0 16
1 0 0 16
1 0 0 17
1 0 0 17
1 0 0 17
1 0 0 17
1 0 0 17
1 0 0 17
1 0 0 17
1 0 0 17
1 0 0 17
1 0 0 17
1 0 0 18
1 0 0 18
1 0 0 18
1 0 0 18
1 0 0 18
1 0 0 18
1 0 0 18
1 0 0 18
1 0 0 18
1 0 0 18
1 0 0 19
1 0 0 19
1 0 0 19
1 0 0 19
1 0 0 19
1 0 0 19
1 0 0 19
1 0 0 20
1 0 0 20
1 0 0 20
1 0 0 20
1 0 0 20
1 0 0 20
1 0 0 20
1 0 0 20
1 0 0 20
1 0 0 20
1 0 0 19
1 0 0 19
1 0 0 19
1 0 0 21
1 0 0 21
1 0 0 21
1 0 0 21
1 0 0 21
1 0 0 21
1 0 0 21
1 0 0 21
1 0 0 21
1 0 0 21
1 0 0 22
1 0 0 22
1 0 0 22
1 0 0 22
1 0 0 22
1 0 0 22
1 0 0 22
1 0 0 22
1 0 0 22
1 0 0 22
1 0 0 23
1 0 0 23
1 0 0 23
1 0 0 23
1 0 0 23
1 0 0 23
1 0 0 23
1 0 0 23
1 0 0 23
1 0 0 23
1 0 0 24
1 0 0 24
1 0 0 24
1 0 0 24
1 0 0 24
1 0 0 24
1 0 0 24
1 0 0 24
1 0 0 24
1 0 0 24
1 0 0 25
1 0 0 25
1 0 0 25
1 0 0 25
1 0 0 25
1 0 0 25
1 0 0 25
1 0 0 25
1 0 0 25
1 0 0 25
1 0 0 26
1 0 0 26
1 0 0 26
1 0 0 27
1 0 0 27
1 0 0 27
1 0 0 27
1 0 0 27
1 0 0 27
1 0 0 27
1 0 0 27
1 0 0 27
1 0 0 27
1 0 0 26
1 0 0 26
1 0 0 28
1 0 0 28
1 0 0 28
1 0 0 28
1 0 0 28
1 0 0 28
1 0 0 28
1 0 0 28
1 0 0 28
1 0 0 28
1 0 0 29
1 0 0 29
1 0 0 29
1 0 0 29
1 0 0 29
1 0 0 29
1 0 0 29
1 0 0 29
1 0 0 29
1 0 0 29
1 0 0 26
1 0 0 26
1 0 0 26
1 0 0 30
1 0 0 30
1 0 0 30
1 0 0 30
1 0 0 30
1 0 0 30
1 0 0 30
1 0 0 30
1 0 0 30
1 0 0 30
1 0 0 26
1 0 0 26
1 0 0 1
1 0 0 31
1 0 0 31
1 0 0 31
1 0 0 31
1 0 0 31
1 0 0 31
1 0 0 31
1 0 0 31
1 0 0 31
1 0 0 31
1 0 0 32
1 0 0 32
1 0 0 32
1 0 0 32
1 0 0 32
1 0 0 32
1 0 0 32
1 0 0 32
1 0 0 32
1 0 0 32
1 0 0 33
1 0 0 33
1 0 0 33
1 0 0 33
1 0 0 33
1 0 0 33
1 0 0 33
1 0 0 33
1 0 0 33
1 0 0 33
1 0 0 34
1 0 0 34
1 0 0 34
1 0 0 34
1 0 0 34
1 0 0 34
1 0 0 34
1 0 0 34
1 0 0 34
1 0 0 34
1 0 0 35
1 0 0 35
1 0 0 35
1 0 0 35
1 0 0 35
1 0 0 35
1 0 0 35
1 0 0 35
1 0 0 35
1 0 0 35
1 0 0 36
1 0 0 36
1 0 0 36
1 0 0 36
1 0 0 36
1 0 0 36
1 0 0 36
1 0 0 36
1 0 0 36
1 0 0 36
1 0 0 37
1 0 0 37
1 0 0 37
1 0 0 37
1 0 0 37
1 0 0 37
1 0 0 37
1 0 0 37
1 0 0 37
1 0 0 37
1 0 0 38
1 0 0 38
1 0 0 38
1 0 0 38
1 0 0 38
1 0 0 38
1 0 0 38
1 0 0 38
1 0 0 38
1 0 0 38
1 0 0 1
1 0 0 1
1 0 0 1
1 0 0 39
1 0 0 39
1 0 0 39
1 0 0 39
1 0 0 39
1 0 0 39
1 0 0 39
1 0 0 39
1 0 0 39
1 0 0 39
1 0 0 40
1 0 0 40
1 0 0 40
1 0 0 40
1 0 0 40
1 0 0 40
1 0 0 40
1 0 0 40
1 0 0 40
1 0 0 40
1 0 0 41
1 0 0 41
1 0 0 41
1 0 0 41
1 0 0 41
1 0 0 41
1 0 0 41
1 0 0 41
1 0 0 41
1 0 0 41
1 0 0 1
1 0 0 42
1 0 0 42
1 0 0 42
1 0 0 42
1 0 0 42
1 0 0 42
1 0 0 42
1 0 0 42
1 0 0 42
1 0 0 42
1 0 0 43
1 0 0 43
1 0 0 43
1 0 0 43
1 0 0 43
1 0 0 43
1 0 0 43
1 0 0 43
1 0 0 43
1 0 0 43
1 0 0 44
1 0 0 44
1 0 0 44
1 0 0 44
1 0 0 44
1 0 0 44
1 0 0 44
1 0 0 44
1 0 0 44
1 0 0 44
1 0 0 45
1 0 0 45
1 0 0 45
1 0 0 45
1 0 0 45
1 0 0 45
1 0 0 45
1 0 0 45
1 0 0 45
1 0 0 45
1 0 0 46
1 0 0 46
1 0 0 46
1 0 0 46
1 0 0 46
1 0 0 46
1 0 0 46
1 0 0 46
1 0 0 46
1 0 0 46
1 0 0 47
1 0 0 47
1 0 0 47
1 0 0 47
1 0 0 47
1 0 0 47
1 0 0 47
1 0 0 47
1 0 0 47
1 0 0 47
1 0 0 48
1 0 0 48
1 0 0 48
1 0 0 48
1 0 0 48
1 0 0 48
1 0 0 48
1 0 0 48
1 0 0 48
1 0 0 48
1 0 0 49
1 0 0 49
1 0 0 49
1 0 0 49
1 0 0 49
1 0 0 49
1 0 0 49
1 0 0 49
1 0 0 49
1 0 0 49
1 0 0 50
1 0 0 50
1 0 0 50
1 0 0 50
1 0 0 50
1 0 0 50
1 0 0 50
1 0 0 50
1 0 0 50
1 0 0 50
1 0 0 51
1 0 0 51
1 0 0 51
1 0 0 51
1 0 0 51
1 0 0 51
1 0 0 51
1 0 0 51
1 0 0 51
1 0 0 51
1 0 0 52
1 0 0 52
1 0 0 52
1 0 0 52
1 0 0 52
1 0 0 52
1 0 0 52
1 0 0 52
1 0 0 52
1 0 0 52
1 0 0 1
1 0 0 1
0.1 1 2 -1
0.1 4 5 -1
0.1 8 9 -1
0.1 7 523 -1
0.1 524 10 -1
0.1 6 525 -1
0.1 522 526 -1
0.1 3 527 -1
0.1 11 12 -1
0.1 528 529 -1
0.1 14 15 -1
0.1 16 17 -1
0.1 531 532 -1
0.1 13 533 -1
0.1 20 21 -1
0.1 535 22 -1
0.1 19 536 -1
0.1 18 537 -1
0.1 534 538 -1
0.1 24 25 -1
0.1 28 29 -1
0.1 541 30 -1
0.1 27 542 -1
0.1 31 32 -1
0.1 543 544 -1
0.1 545 33 -1
0.1 26 546 -1
0.1 34 35 -1
0.1 547 548 -1
0.1 540 549 -1
0.1 23 550 -1
0.1 539 551 -1
0.1 37 38 -1
0.1 553 39 -1
0.1 40 41 -1
0.1 555 42 -1
0.1 556 43 -1
0.1 44 45 -1
0.1 557 558 -1
0.1 554 559 -1
0.1 36 560 -1
0.1 51 52 -1
0.1 50 562 -1
0.1 563 53 -1
0.1 49 564 -1
0.1 48 565 -1
0.1 47 566 -1
0.1 54 55 -1
0.1 567 568 -1
0.1 46 569 -1
0.1 56 57 -1
0.1 570 571 -1
0.1 561 572 -1
0.1 552 573 -1
0.1 63 64 -1
0.1 575 65 -1
0.1 62 576 -1
0.1 69 70 -1
0.1 68 578 -1
0.1 67 579 -1
0.1 66 580 -1
0.1 577 581 -1
0.1 61 582 -1
0.1 60 583 -1
0.1 59 584 -1
0.1 58 585 -1
0.1 71 72 -1
0.1 586 587 -1
0.1 77 78 -1
0.1 76 589 -1
0.1 590 79 -1
0.1 75 591 -1
0.1 74 592 -1
0.1 73 593 -1
0.1 80 81 -1
0.1 594 595 -1
0.1 596 82 -1
0.1 588 597 -1
0.1 574 598 -1
0.1 84 85 -1
0.1 600 86 -1
0.1 88 89 -1
0.1 87 602 -1
0.1 601 603 -1
0.1 90 91 -1
0.1 604 605 -1
0.1 606 92 -1
0.1 83 607 -1
0.1 599 608 -1
0.1 93 94 -1
0.1 95 96 -1
0.1 611 97 -1
0.1 610 612 -1
0.1 613 98 -1
0.1 100 101 -1
0.1 99 615 -1
0.1 616 102 -1
0.1 614 617 -1
0.1 609 618 -1
0.1 530 619 -1
0.1 107 108 -1
0.1 106 621 -1
0.1 105 622 -1
0.1 104 623 -1
0.1 110 111 -1
0.1 109 625 -1
0.1 112 113 -1
0.1 626 627 -1
0.1 624 628 -1
0.1 115 116 -1
0.1 114 630 -1
0.1 119 120 -1
0.1 118 632 -1
0.1 122 123 -1
0.1 121 634 -1
0.1 633 635 -1
0.1 117 636 -1
0.1 631 637 -1
0.1 124 125 -1
0.1 639 126 -1
0.1 640 127 -1
0.1 131 132 -1
0.1 642 133 -1
0.1 130 643 -1
0.1 129 644 -1
0.1 128 645 -1
0.1 641 646 -1
0.1 135 136 -1
0.1 134 648 -1
0.1 137 138 -1
0.1 649 650 -1
0.1 142 143 -1
0.1 141 652 -1
0.1 140 653 -1
0.1 139 654 -1
0.1 651 655 -1
0.1 145 146 -1
0.1 657 147 -1
0.1 148 149 -1
0.1 150 151 -1
0.1 659 660 -1
0.1 152 153 -1
0.1 661 662 -1
0.1 658 663 -1
0.1 144 664 -1
0.1 656 665 -1
0.1 647 666 -1
0.1 638 667 -1
0.1 629 668 -1
0.1 103 669 -1
0.1 155 156 -1
0.1 154 671 -1
0.1 157 158 -1
0.1 672 673 -1
0.1 159 160 -1
0.1 674 675 -1
0.1 161 162 -1
0.1 676 677 -1
0.1 678 163 -1
0.1 164 165 -1
0.1 166 167 -1
0.1 169 170 -1
0.1 168 682 -1
0.1 681 683 -1
0.1 172 173 -1
0.1 171 685 -1
0.1 684 686 -1
0.1 680 687 -1
0.1 174 175 -1
0.1 689 176 -1
0.1 178 179 -1
0.1 691 180 -1
0.1 177 692 -1
0.1 181 182 -1
0.1 183 184 -1
0.1 187 188 -1
0.1 186 696 -1
0.1 189 190 -1
0.1 697 698 -1
0.1 185 699 -1
0.1 695 700 -1
0.1 694 701 -1
0.1 693 702 -1
0.1 191 192 -1
0.1 703 704 -1
0.1 690 705 -1
0.1 706 193 -1
0.1 688 707 -1
0.1 196 197 -1
0.1 198 199 -1
0.1 709 710 -1
0.1 195 711 -1
0.1 200 201 -1
0.1 712 713 -1
0.1 714 202 -1
0.1 715 203 -1
0.1 194 716 -1
0.1 205 206 -1
0.1 207 208 -1
0.1 718 719 -1
0.1 204 720 -1
0.1 209 210 -1
0.1 212 213 -1
0.1 211 723 -1
0.1 722 724 -1
0.1 721 725 -1
0.1 717 726 -1
0.1 708 727 -1
0.1 219 220 -1
0.1 218 729 -1
0.1 217 730 -1
0.1 221 222 -1
0.1 731 732 -1
0.1 733 223 -1
0.1 216 734 -1
0.1 215 735 -1
0.1 214 736 -1
0.1 226 227 -1
0.1 228 229 -1
0.1 231 232 -1
0.1 230 740 -1
0.1 739 741 -1
0.1 742 233 -1
0.1 738 743 -1
0.1 225 744 -1
0.1 224 745 -1
0.1 737 746 -1
0.1 728 747 -1
0.1 679 748 -1
0.1 670 749 -1
0.1 620 750 -1
0.1 521 751 -1
0.1 234 235 -1
0.1 240 241 -1
0.1 754 242 -1
0.1 239 755 -1
0.1 238 756 -1
0.1 237 757 -1
0.1 236 758 -1
0.1 753 759 -1
0.1 760 243 -1
0.1 245 246 -1
0.1 244 762 -1
0.1 247 248 -1
0.1 250 251 -1
0.1 249 765 -1
0.1 252 253 -1
0.1 767 254 -1
0.1 768 255 -1
0.1 766 769 -1
0.1 770 256 -1
0.1 764 771 -1
0.1 772 257 -1
0.1 763 773 -1
0.1 261 262 -1
0.1 260 775 -1
0.1 259 776 -1
0.1 264 265 -1
0.1 263 778 -1
0.1 266 267 -1
0.1 780 268 -1
0.1 779 781 -1
0.1 777 782 -1
0.1 258 783 -1
0.1 269 270 -1
0.1 785 271 -1
0.1 786 272 -1
0.1 274 275 -1
0.1 273 788 -1
0.1 787 789 -1
0.1 277 278 -1
0.1 276 791 -1
0.1 790 792 -1
0.1 280 281 -1
0.1 282 283 -1
0.1 284 285 -1
0.1 795 796 -1
0.1 287 288 -1
0.1 286 798 -1
0.1 290 291 -1
0.1 289 800 -1
0.1 799 801 -1
0.1 802 292 -1
0.1 797 803 -1
0.1 794 804 -1
0.1 279 805 -1
0.1 793 806 -1
0.1 807 293 -1
0.1 784 808 -1
0.1 774 809 -1
0.1 297 298 -1
0.1 296 811 -1
0.1 295 812 -1
0.1 301 302 -1
0.1 300 814 -1
0.1 303 304 -1
0.1 815 816 -1
0.1 299 817 -1
0.1 813 818 -1
0.1 306 307 -1
0.1 305 820 -1
0.1 308 309 -1
0.1 822 310 -1
0.1 821 823 -1
0.1 311 312 -1
0.1 313 314 -1
0.1 825 826 -1
0.1 824 827 -1
0.1 819 828 -1
0.1 316 317 -1
0.1 318 319 -1
0.1 321 322 -1
0.1 320 832 -1
0.1 831 833 -1
0.1 323 324 -1
0.1 834 835 -1
0.1 830 836 -1
0.1 315 837 -1
0.1 325 326 -1
0.1 839 327 -1
0.1 840 328 -1
0.1 329 330 -1
0.1 841 842 -1
0.1 332 333 -1
0.1 331 844 -1
0.1 845 334 -1
0.1 843 846 -1
0.1 838 847 -1
0.1 337 338 -1
0.1 339 340 -1
0.1 341 342 -1
0.1 850 851 -1
0.1 849 852 -1
0.1 336 853 -1
0.1 335 854 -1
0.1 855 343 -1
0.1 856 344 -1
0.1 348 349 -1
0.1 347 858 -1
0.1 351 352 -1
0.1 350 860 -1
0.1 859 861 -1
0.1 346 862 -1
0.1 353 354 -1
0.1 863 864 -1
0.1 345 865 -1
0.1 857 866 -1
0.1 848 867 -1
0.1 355 356 -1
0.1 357 358 -1
0.1 869 870 -1
0.1 359 360 -1
0.1 872 361 -1
0.1 871 873 -1
0.1 363 364 -1
0.1 362 875 -1
0.1 874 876 -1
0.1 868 877 -1
0.1 366 367 -1
0.1 365 879 -1
0.1 370 371 -1
0.1 369 881 -1
0.1 368 882 -1
0.1 880 883 -1
0.1 884 372 -1
0.1 373 374 -1
0.1 885 886 -1
0.1 878 887 -1
0.1 829 888 -1
0.1 294 889 -1
0.1 810 890 -1
0.1 761 891 -1
0.1 752 892 -1
0.1 375 376 -1
0.1 894 377 -1
0.1 381 382 -1
0.1 380 896 -1
0.1 385 386 -1
0.1 384 898 -1
0.1 899 387 -1
0.1 383 900 -1
0.1 897 901 -1
0.1 379 902 -1
0.1 378 903 -1
0.1 391 392 -1
0.1 394 395 -1
0.1 393 906 -1
0.1 905 907 -1
0.1 390 908 -1
0.1 396 397 -1
0.1 909 910 -1
0.1 389 911 -1
0.1 388 912 -1
0.1 399 400 -1
0.1 914 401 -1
0.1 915 402 -1
0.1 403 404 -1
0.1 916 917 -1
0.1 405 406 -1
0.1 918 919 -1
0.1 920 407 -1
0.1 398 921 -1
0.1 913 922 -1
0.1 904 923 -1
0.1 895 924 -1
0.1 925 408 -1
0.1 409 410 -1
0.1 927 411 -1
0.1 412 413 -1
0.1 929 414 -1
0.1 930 415 -1
0.1 931 416 -1
0.1 932 417 -1
0.1 928 933 -1
0.1 934 418 -1
0.1 926 935 -1
0.1 419 420 -1
0.1 421 422 -1
0.1 423 424 -1
0.1 939 425 -1
0.1 938 940 -1
0.1 427 428 -1
0.1 426 942 -1
0.1 941 943 -1
0.1 937 944 -1
0.1 431 432 -1
0.1 433 434 -1
0.1 946 947 -1
0.1 430 948 -1
0.1 429 949 -1
0.1 437 438 -1
0.1 436 951 -1
0.1 435 952 -1
0.1 950 953 -1
0.1 945 954 -1
0.1 441 442 -1
0.1 440 956 -1
0.1 439 957 -1
0.1 958 443 -1
0.1 445 446 -1
0.1 447 448 -1
0.1 960 961 -1
0.1 444 962 -1
0.1 959 963 -1
0.1 450 451 -1
0.1 449 965 -1
0.1 453 454 -1
0.1 452 967 -1
0.1 966 968 -1
0.1 455 456 -1
0.1 970 457 -1
0.1 971 458 -1
0.1 969 972 -1
0.1 460 461 -1
0.1 462 463 -1
0.1 465 466 -1
0.1 464 976 -1
0.1 975 977 -1
0.1 974 978 -1
0.1 467 468 -1
0.1 979 980 -1
0.1 459 981 -1
0.1 973 982 -1
0.1 964 983 -1
0.1 955 984 -1
0.1 470 471 -1
0.1 469 986 -1
0.1 472 473 -1
0.1 474 475 -1
0.1 988 989 -1
0.1 987 990 -1
0.1 477 478 -1
0.1 476 992 -1
0.1 991 993 -1
0.1 479 480 -1
0.1 483 484 -1
0.1 482 996 -1
0.1 481 997 -1
0.1 485 486 -1
0.1 999 487 -1
0.1 998 1000 -1
0.1 1001 488 -1
0.1 995 1002 -1
0.1 490 491 -1
0.1 489 1004 -1
0.1 494 495 -1
0.1 493 1006 -1
0.1 492 1007 -1
0.1 496 497 -1
0.1 1009 498 -1
0.1 1008 1010 -1
0.1 1005 1011 -1
0.1 500 501 -1
0.1 1013 502 -1
0.1 499 1014 -1
0.1 1015 503 -1
0.1 505 506 -1
0.1 504 1017 -1
0.1 507 508 -1
0.1 1018 1019 -1
0.1 1016 1020 -1
0.1 1012 1021 -1
0.1 509 510 -1
0.1 512 513 -1
0.1 511 1024 -1
0.1 515 516 -1
0.1 514 1026 -1
0.1 1025 1027 -1
0.1 517 518 -1
0.1 1028 1029 -1
0.1 1023 1030 -1
0.1 1022 1031 -1
0.1 1003 1032 -1
0.1 994 1033 -1
0.1 985 1034 -1
0.1 519 520 -1
0.1 1035 1036 -1
0.1 936 1037 -1
0.1 893 1038 -1
