1 0 0 1
1 0 0 1
1 0 0 1
1 0 0 2
1 0 0 2
1 0 0 2
1 0 0 2
1 0 0 1
1 0 0 1
1 0 0 1
1 0 0 1
1 0 0 1
1 0 0 1
1 0 0 1
1 0 0 1
1 0 0 1
1 0 0 1
1 0 0 2
1 0 0 3
1 0 0 1
1 0 0 1
1 0 0 4
1 0 0 1
1 0 0 1
1 0 0 1
1 0 0 1
1 0 0 4
1 0 0 1
1 0 0 1
1 0 0 1
1 0 0 1
1 0 0 3
1 0 0 3
1 0 0 1
1 0 0 1
1 0 0 3
1 0 0 3
1 0 0 3
1 0 0 3
1 0 0 3
1 0 0 3
1 0 0 3
1 0 0 3
1 0 0 1
1 0 0 1
1 0 0 1
1 0 0 1
1 0 0 1
1 0 0 3
1 0 0 4
1 0 0 4
1 0 0 1
1 0 0 4
1 0 0 1
1 0 0 1
1 0 0 3
1 0 0 1
1 0 0 1
1 0 0 1
1 0 0 1
1 0 0 1
1 0 0 1
1 0 0 1
0.1 2 3 -1
0.1 1 64 -1
0.1 4 5 -1
0.1 66 6 -1
0.1 65 67 -1
0.1 68 7 -1
0.1 69 8 -1
0.1 70 9 -1
0.1 71 10 -1
0.1 12 13 -1
0.1 16 17 -1
0.1 74 18 -1
0.1 75 19 -1
0.1 15 76 -1
0.1 21 22 -1
0.1 78 23 -1
0.1 20 79 -1
0.1 77 80 -1
0.1 14 81 -1
0.1 82 24 -1
0.1 73 83 -1
0.1 11 84 -1
0.1 85 25 -1
0.1 27 28 -1
0.1 26 87 -1
0.1 86 88 -1
0.1 72 89 -1
0.1 34 35 -1
0.1 33 91 -1
0.1 36 37 -1
0.1 92 93 -1
0.1 38 39 -1
0.1 40 41 -1
0.1 96 42 -1
0.1 95 97 -1
0.1 94 98 -1
0.1 99 43 -1
0.1 100 44 -1
0.1 32 101 -1
0.1 31 102 -1
0.1 45 46 -1
0.1 103 104 -1
0.1 30 105 -1
0.1 29 106 -1
0.1 47 48 -1
0.1 50 51 -1
0.1 109 52 -1
0.1 49 110 -1
0.1 111 53 -1
0.1 54 55 -1
0.1 112 113 -1
0.1 114 56 -1
0.1 115 57 -1
0.1 108 116 -1
0.1 59 60 -1
0.1 58 118 -1
0.1 119 61 -1
0.1 62 63 -1
0.1 120 121 -1
0.1 117 122 -1
0.1 107 123 -1
0.1 90 124 -1
