1 0 0 1
1 0 0 1
1 0 0 1
1 0 0 1
1 0 0 1
1 0 0 1
1 0 0 2
1 0 0 1
1 0 0 3
1 0 0 3
1 0 0 3
1 0 0 3
1 0 0 3
1 0 0 3
1 0 0 3
1 0 0 3
1 0 0 3
1 0 0 3
1 0 0 3
1 0 0 3
1 0 0 3
1 0 0 3
1 0 0 3
1 0 0 3
1 0 0 3
1 0 0 3
1 0 0 3
1 0 0 3
1 0 0 3
1 0 0 3
1 0 0 4
1 0 0 5
1 0 0 4
1 0 0 1
1 0 0 1
1 0 0 3
1 0 0 3
1 0 0 3
1 0 0 3
1 0 0 4
1 0 0 5
1 0 0 5
1 0 0 5
1 0 0 5
1 0 0 5
1 0 0 4
1 0 0 1
1 0 0 1
1 0 0 6
1 0 0 7
1 0 0 7
1 0 0 8
1 0 0 7
1 0 0 9
1 0 0 10
1 0 0 9
1 0 0 10
1 0 0 4
1 0 0 11
1 0 0 12
1 0 0 4
1 0 0 10
1 0 0 6
1 0 0 11
1 0 0 12
1 0 0 13
1 0 0 6
1 0 0 9
1 0 0 9
1 0 0 13
1 0 0 4
1 0 0 13
1 0 0 12
1 0 0 6
1 0 0 7
1 0 0 9
1 0 0 12
1 0 0 7
1 0 0 12
1 0 0 9
1 0 0 2
1 0 0 14
1 0 0 5
1 0 0 5
1 0 0 5
1 0 0 14
1 0 0 14
1 0 0 14
1 0 0 14
1 0 0 11
1 0 0 15
1 0 0 13
1 0 0 10
1 0 0 7
1 0 0 15
1 0 0 4
1 0 0 9
1 0 0 7
1 0 0 14
1 0 0 10
1 0 0 6
1 0 0 10
1 0 0 10
1 0 0 11
1 0 0 9
1 0 0 16
1 0 0 9
1 0 0 9
1 0 0 9
1 0 0 9
1 0 0 9
1 0 0 4
1 0 0 15
1 0 0 4
1 0 0 12
1 0 0 4
1 0 0 4
1 0 0 9
1 0 0 6
1 0 0 11
1 0 0 4
1 0 0 7
1 0 0 16
1 0 0 16
1 0 0 16
1 0 0 16
1 0 0 16
1 0 0 13
1 0 0 2
1 0 0 11
1 0 0 6
1 0 0 4
1 0 0 7
1 0 0 7
1 0 0 7
1 0 0 17
1 0 0 17
1 0 0 18
1 0 0 18
1 0 0 18
1 0 0 7
1 0 0 17
1 0 0 7
1 0 0 18
1 0 0 17
1 0 0 7
1 0 0 18
1 0 0 18
1 0 0 18
1 0 0 18
1 0 0 18
1 0 0 18
1 0 0 7
1 0 0 18
1 0 0 18
1 0 0 7
1 0 0 18
1 0 0 7
1 0 0 17
1 0 0 18
1 0 0 7
1 0 0 18
1 0 0 7
1 0 0 10
1 0 0 11
1 0 0 7
1 0 0 8
1 0 0 12
1 0 0 6
1 0 0 6
1 0 0 14
1 0 0 18
1 0 0 5
1 0 0 2
1 0 0 18
1 0 0 19
1 0 0 19
1 0 0 19
1 0 0 19
1 0 0 19
1 0 0 19
1 0 0 2
1 0 0 13
1 0 0 16
1 0 0 16
1 0 0 16
1 0 0 16
1 0 0 16
1 0 0 16
1 0 0 16
1 0 0 16
1 0 0 2
1 0 0 10
1 0 0 13
1 0 0 6
1 0 0 6
1 0 0 4
1 0 0 9
1 0 0 15
1 0 0 2
1 0 0 6
1 0 0 9
1 0 0 9
1 0 0 15
1 0 0 4
1 0 0 11
1 0 0 15
1 0 0 4
1 0 0 6
0.1 1 2 -1
0.1 3 4 -1
0.1 5 6 -1
0.1 212 7 -1
0.1 211 213 -1
0.1 214 8 -1
0.1 9 10 -1
0.1 216 11 -1
0.1 217 12 -1
0.1 16 17 -1
0.1 15 219 -1
0.1 14 220 -1
0.1 13 221 -1
0.1 222 18 -1
0.1 19 20 -1
0.1 224 21 -1
0.1 24 25 -1
0.1 226 26 -1
0.1 23 227 -1
0.1 27 28 -1
0.1 228 229 -1
0.1 22 230 -1
0.1 231 29 -1
0.1 225 232 -1
0.1 233 30 -1
0.1 223 234 -1
0.1 218 235 -1
0.1 33 34 -1
0.1 237 35 -1
0.1 32 238 -1
0.1 31 239 -1
0.1 240 36 -1
0.1 236 241 -1
0.1 38 39 -1
0.1 37 243 -1
0.1 242 244 -1
0.1 245 40 -1
0.1 42 43 -1
0.1 247 44 -1
0.1 248 45 -1
0.1 41 249 -1
0.1 246 250 -1
0.1 215 251 -1
0.1 252 46 -1
0.1 253 47 -1
0.1 254 48 -1
0.1 210 255 -1
0.1 50 51 -1
0.1 49 257 -1
0.1 52 53 -1
0.1 58 59 -1
0.1 57 260 -1
0.1 60 61 -1
0.1 262 62 -1
0.1 261 263 -1
0.1 56 264 -1
0.1 63 64 -1
0.1 265 266 -1
0.1 55 267 -1
0.1 65 66 -1
0.1 67 68 -1
0.1 270 69 -1
0.1 70 71 -1
0.1 271 272 -1
0.1 73 74 -1
0.1 72 274 -1
0.1 273 275 -1
0.1 76 77 -1
0.1 75 277 -1
0.1 276 278 -1
0.1 269 279 -1
0.1 280 78 -1
0.1 268 281 -1
0.1 54 282 -1
0.1 283 79 -1
0.1 259 284 -1
0.1 258 285 -1
0.1 256 286 -1
0.1 84 85 -1
0.1 83 288 -1
0.1 86 87 -1
0.1 289 290 -1
0.1 291 88 -1
0.1 292 89 -1
0.1 82 293 -1
0.1 90 91 -1
0.1 294 295 -1
0.1 81 296 -1
0.1 92 93 -1
0.1 297 298 -1
0.1 80 299 -1
0.1 300 94 -1
0.1 287 301 -1
0.1 99 100 -1
0.1 303 101 -1
0.1 105 106 -1
0.1 107 108 -1
0.1 306 109 -1
0.1 307 110 -1
0.1 305 308 -1
0.1 309 111 -1
0.1 310 112 -1
0.1 104 311 -1
0.1 103 312 -1
0.1 313 113 -1
0.1 117 118 -1
0.1 119 120 -1
0.1 316 121 -1
0.1 124 125 -1
0.1 318 126 -1
0.1 123 319 -1
0.1 122 320 -1
0.1 317 321 -1
0.1 127 128 -1
0.1 323 129 -1
0.1 322 324 -1
0.1 315 325 -1
0.1 116 326 -1
0.1 115 327 -1
0.1 114 328 -1
0.1 314 329 -1
0.1 102 330 -1
0.1 130 131 -1
0.1 132 133 -1
0.1 134 135 -1
0.1 136 137 -1
0.1 335 138 -1
0.1 141 142 -1
0.1 144 145 -1
0.1 150 151 -1
0.1 339 152 -1
0.1 340 153 -1
0.1 149 341 -1
0.1 148 342 -1
0.1 343 154 -1
0.1 147 344 -1
0.1 345 155 -1
0.1 146 346 -1
0.1 338 347 -1
0.1 143 348 -1
0.1 156 157 -1
0.1 349 350 -1
0.1 337 351 -1
0.1 140 352 -1
0.1 139 353 -1
0.1 336 354 -1
0.1 158 159 -1
0.1 355 356 -1
0.1 357 160 -1
0.1 161 162 -1
0.1 358 359 -1
0.1 360 163 -1
0.1 334 361 -1
0.1 333 362 -1
0.1 332 363 -1
0.1 164 165 -1
0.1 364 365 -1
0.1 366 166 -1
0.1 331 367 -1
0.1 304 368 -1
0.1 369 167 -1
0.1 168 169 -1
0.1 171 172 -1
0.1 372 173 -1
0.1 177 178 -1
0.1 180 181 -1
0.1 179 375 -1
0.1 374 376 -1
0.1 176 377 -1
0.1 175 378 -1
0.1 379 182 -1
0.1 174 380 -1
0.1 373 381 -1
0.1 170 382 -1
0.1 371 383 -1
0.1 370 384 -1
0.1 98 385 -1
0.1 97 386 -1
0.1 96 387 -1
0.1 388 183 -1
0.1 95 389 -1
0.1 185 186 -1
0.1 391 187 -1
0.1 189 190 -1
0.1 188 393 -1
0.1 191 192 -1
0.1 394 395 -1
0.1 392 396 -1
0.1 184 397 -1
0.1 390 398 -1
0.1 194 195 -1
0.1 400 196 -1
0.1 401 197 -1
0.1 193 402 -1
0.1 403 198 -1
0.1 404 199 -1
0.1 200 201 -1
0.1 405 406 -1
0.1 202 203 -1
0.1 204 205 -1
0.1 408 409 -1
0.1 410 206 -1
0.1 411 207 -1
0.1 412 208 -1
0.1 413 209 -1
0.1 407 414 -1
0.1 399 415 -1
0.1 302 416 -1
