1 0 0 1
1 0 0 1
1 0 0 1
1 0 0 1
1 0 0 1
1 0 0 1
1 0 0 2
1 0 0 3
1 0 0 3
1 0 0 3
1 0 0 4
1 0 0 4
1 0 0 4
1 0 0 4
1 0 0 4
1 0 0 4
1 0 0 4
1 0 0 4
1 0 0 4
1 0 0 4
1 0 0 4
1 0 0 4
1 0 0 4
1 0 0 4
1 0 0 4
1 0 0 4
1 0 0 4
1 0 0 4
1 0 0 4
1 0 0 4
1 0 0 4
1 0 0 4
1 0 0 4
1 0 0 4
1 0 0 4
1 0 0 4
1 0 0 3
1 0 0 5
1 0 0 6
1 0 0 5
1 0 0 6
1 0 0 6
1 0 0 5
1 0 0 6
1 0 0 6
1 0 0 6
1 0 0 6
1 0 0 5
1 0 0 6
1 0 0 5
1 0 0 7
1 0 0 7
1 0 0 7
1 0 0 7
1 0 0 7
1 0 0 7
1 0 0 7
1 0 0 7
1 0 0 7
1 0 0 7
1 0 0 7
1 0 0 7
1 0 0 7
1 0 0 7
1 0 0 7
1 0 0 8
1 0 0 8
1 0 0 8
1 0 0 8
1 0 0 8
1 0 0 7
1 0 0 9
1 0 0 9
1 0 0 9
1 0 0 9
1 0 0 9
1 0 0 9
1 0 0 10
1 0 0 10
1 0 0 10
1 0 0 10
1 0 0 2
1 0 0 2
1 0 0 2
1 0 0 2
1 0 0 2
1 0 0 2
1 0 0 2
1 0 0 2
1 0 0 2
1 0 0 7
1 0 0 10
1 0 0 10
1 0 0 10
1 0 0 11
1 0 0 12
1 0 0 13
1 0 0 13
1 0 0 3
1 0 0 13
1 0 0 13
1 0 0 3
1 0 0 6
1 0 0 3
1 0 0 3
1 0 0 13
1 0 0 13
1 0 0 3
1 0 0 3
1 0 0 13
1 0 0 13
1 0 0 6
1 0 0 6
1 0 0 3
1 0 0 3
1 0 0 13
1 0 0 3
1 0 0 13
1 0 0 6
1 0 0 6
1 0 0 3
1 0 0 13
1 0 0 13
1 0 0 13
1 0 0 13
1 0 0 3
1 0 0 13
1 0 0 12
1 0 0 14
1 0 0 15
1 0 0 16
1 0 0 17
1 0 0 6
1 0 0 6
1 0 0 6
1 0 0 3
1 0 0 6
1 0 0 6
1 0 0 6
1 0 0 6
1 0 0 13
1 0 0 12
1 0 0 18
1 0 0 13
1 0 0 11
1 0 0 14
1 0 0 14
1 0 0 18
1 0 0 14
1 0 0 14
1 0 0 16
1 0 0 12
1 0 0 19
1 0 0 19
1 0 0 19
1 0 0 19
1 0 0 19
1 0 0 19
1 0 0 16
1 0 0 19
1 0 0 15
1 0 0 3
1 0 0 12
1 0 0 16
1 0 0 14
1 0 0 15
1 0 0 15
1 0 0 11
1 0 0 18
1 0 0 15
1 0 0 16
1 0 0 12
1 0 0 19
1 0 0 15
1 0 0 15
1 0 0 15
1 0 0 12
1 0 0 19
1 0 0 18
1 0 0 18
1 0 0 12
1 0 0 19
1 0 0 16
1 0 0 8
1 0 0 8
1 0 0 12
1 0 0 12
1 0 0 17
1 0 0 11
1 0 0 11
1 0 0 18
1 0 0 11
1 0 0 12
1 0 0 11
1 0 0 12
1 0 0 18
1 0 0 12
1 0 0 11
1 0 0 14
1 0 0 19
1 0 0 19
1 0 0 19
1 0 0 19
1 0 0 1
1 0 0 1
1 0 0 1
1 0 0 1
1 0 0 1
1 0 0 15
0.1 1 2 -1
0.1 210 3 -1
0.1 4 5 -1
0.1 211 212 -1
0.1 6 7 -1
0.1 8 9 -1
0.1 214 215 -1
0.1 216 10 -1
0.1 11 12 -1
0.1 15 16 -1
0.1 14 219 -1
0.1 220 17 -1
0.1 221 18 -1
0.1 222 19 -1
0.1 22 23 -1
0.1 21 224 -1
0.1 20 225 -1
0.1 223 226 -1
0.1 24 25 -1
0.1 227 228 -1
0.1 229 26 -1
0.1 28 29 -1
0.1 30 31 -1
0.1 33 34 -1
0.1 32 233 -1
0.1 232 234 -1
0.1 231 235 -1
0.1 27 236 -1
0.1 237 35 -1
0.1 238 36 -1
0.1 230 239 -1
0.1 13 240 -1
0.1 218 241 -1
0.1 242 37 -1
0.1 38 39 -1
0.1 41 42 -1
0.1 40 245 -1
0.1 246 43 -1
0.1 44 45 -1
0.1 248 46 -1
0.1 247 249 -1
0.1 244 250 -1
0.1 47 48 -1
0.1 251 252 -1
0.1 49 50 -1
0.1 253 254 -1
0.1 52 53 -1
0.1 51 256 -1
0.1 56 57 -1
0.1 55 258 -1
0.1 54 259 -1
0.1 58 59 -1
0.1 260 261 -1
0.1 257 262 -1
0.1 61 62 -1
0.1 63 64 -1
0.1 264 265 -1
0.1 60 266 -1
0.1 263 267 -1
0.1 268 65 -1
0.1 255 269 -1
0.1 243 270 -1
0.1 217 271 -1
0.1 213 272 -1
0.1 67 68 -1
0.1 69 70 -1
0.1 275 71 -1
0.1 274 276 -1
0.1 66 277 -1
0.1 273 278 -1
0.1 73 74 -1
0.1 280 75 -1
0.1 72 281 -1
0.1 76 77 -1
0.1 282 283 -1
0.1 279 284 -1
0.1 78 79 -1
0.1 286 80 -1
0.1 287 81 -1
0.1 82 83 -1
0.1 84 85 -1
0.1 289 290 -1
0.1 291 86 -1
0.1 87 88 -1
0.1 292 293 -1
0.1 294 89 -1
0.1 295 90 -1
0.1 91 92 -1
0.1 296 297 -1
0.1 288 298 -1
0.1 299 93 -1
0.1 300 94 -1
0.1 95 96 -1
0.1 99 100 -1
0.1 101 102 -1
0.1 105 106 -1
0.1 305 107 -1
0.1 104 306 -1
0.1 103 307 -1
0.1 308 108 -1
0.1 304 309 -1
0.1 303 310 -1
0.1 98 311 -1
0.1 112 113 -1
0.1 111 313 -1
0.1 116 117 -1
0.1 115 315 -1
0.1 114 316 -1
0.1 314 317 -1
0.1 110 318 -1
0.1 109 319 -1
0.1 320 118 -1
0.1 321 119 -1
0.1 322 120 -1
0.1 312 323 -1
0.1 97 324 -1
0.1 121 122 -1
0.1 326 123 -1
0.1 124 125 -1
0.1 328 126 -1
0.1 327 329 -1
0.1 330 127 -1
0.1 325 331 -1
0.1 302 332 -1
0.1 129 130 -1
0.1 128 334 -1
0.1 131 132 -1
0.1 335 336 -1
0.1 133 134 -1
0.1 135 136 -1
0.1 338 339 -1
0.1 340 137 -1
0.1 138 139 -1
0.1 342 140 -1
0.1 343 141 -1
0.1 341 344 -1
0.1 345 142 -1
0.1 144 145 -1
0.1 148 149 -1
0.1 147 348 -1
0.1 153 154 -1
0.1 155 156 -1
0.1 157 158 -1
0.1 351 352 -1
0.1 350 353 -1
0.1 152 354 -1
0.1 151 355 -1
0.1 159 160 -1
0.1 356 357 -1
0.1 150 358 -1
0.1 162 163 -1
0.1 161 360 -1
0.1 361 164 -1
0.1 359 362 -1
0.1 349 363 -1
0.1 146 364 -1
0.1 347 365 -1
0.1 366 165 -1
0.1 367 166 -1
0.1 169 170 -1
0.1 168 369 -1
0.1 167 370 -1
0.1 368 371 -1
0.1 143 372 -1
0.1 172 173 -1
0.1 171 374 -1
0.1 176 177 -1
0.1 376 178 -1
0.1 175 377 -1
0.1 378 179 -1
0.1 174 379 -1
0.1 182 183 -1
0.1 181 381 -1
0.1 184 185 -1
0.1 383 186 -1
0.1 382 384 -1
0.1 187 188 -1
0.1 386 189 -1
0.1 385 387 -1
0.1 180 388 -1
0.1 380 389 -1
0.1 375 390 -1
0.1 373 391 -1
0.1 191 192 -1
0.1 190 393 -1
0.1 394 193 -1
0.1 392 395 -1
0.1 195 196 -1
0.1 194 397 -1
0.1 396 398 -1
0.1 346 399 -1
0.1 198 199 -1
0.1 197 401 -1
0.1 400 402 -1
0.1 200 201 -1
0.1 404 202 -1
0.1 405 203 -1
0.1 205 206 -1
0.1 204 407 -1
0.1 207 208 -1
0.1 408 409 -1
0.1 406 410 -1
0.1 403 411 -1
0.1 337 412 -1
0.1 333 413 -1
0.1 414 209 -1
0.1 301 415 -1
0.1 285 416 -1
