1 0 0 1
1 0 0 2
1 0 0 2
1 0 0 2
1 0 0 2
1 0 0 2
1 0 0 2
1 0 0 2
1 0 0 2
1 0 0 1
1 0 0 1
1 0 0 3
1 0 0 3
1 0 0 3
1 0 0 3
1 0 0 3
1 0 0 3
1 0 0 3
1 0 0 3
1 0 0 3
1 0 0 3
1 0 0 3
1 0 0 3
1 0 0 3
1 0 0 3
1 0 0 3
1 0 0 3
1 0 0 3
1 0 0 3
1 0 0 3
1 0 0 3
1 0 0 3
1 0 0 3
1 0 0 3
1 0 0 1
1 0 0 1
1 0 0 1
1 0 0 1
1 0 0 1
1 0 0 1
1 0 0 1
1 0 0 1
1 0 0 1
1 0 0 4
1 0 0 4
1 0 0 4
1 0 0 4
1 0 0 4
1 0 0 4
1 0 0 4
1 0 0 4
1 0 0 4
1 0 0 4
1 0 0 1
1 0 0 1
1 0 0 5
1 0 0 6
1 0 0 6
1 0 0 1
1 0 0 1
1 0 0 1
1 0 0 1
1 0 0 1
1 0 0 1
1 0 0 1
1 0 0 1
1 0 0 1
1 0 0 1
1 0 0 1
1 0 0 1
1 0 0 1
1 0 0 1
1 0 0 1
1 0 0 1
1 0 0 1
1 0 0 1
1 0 0 1
1 0 0 1
1 0 0 1
1 0 0 1
1 0 0 1
1 0 0 1
1 0 0 1
1 0 0 1
1 0 0 1
1 0 0 1
1 0 0 1
1 0 0 1
1 0 0 1
1 0 0 1
1 0 0 1
1 0 0 1
1 0 0 1
1 0 0 1
1 0 0 1
1 0 0 1
1 0 0 6
1 0 0 6
1 0 0 6
1 0 0 6
1 0 0 6
1 0 0 6
1 0 0 6
1 0 0 6
1 0 0 6
1 0 0 6
1 0 0 6
1 0 0 6
1 0 0 6
1 0 0 5
1 0 0 5
1 0 0 5
1 0 0 5
1 0 0 5
1 0 0 5
1 0 0 5
1 0 0 5
1 0 0 5
1 0 0 5
1 0 0 5
1 0 0 5
1 0 0 5
1 0 0 5
1 0 0 5
1 0 0 5
1 0 0 5
1 0 0 5
1 0 0 5
1 0 0 5
1 0 0 5
1 0 0 5
1 0 0 5
1 0 0 5
1 0 0 5
1 0 0 5
1 0 0 5
1 0 0 5
1 0 0 5
1 0 0 5
1 0 0 5
1 0 0 5
0.1 3 4 -1
0.1 2 142 -1
0.1 6 7 -1
0.1 144 8 -1
0.1 5 145 -1
0.1 143 146 -1
0.1 147 9 -1
0.1 10 11 -1
0.1 148 149 -1
0.1 1 150 -1
0.1 13 14 -1
0.1 152 15 -1
0.1 16 17 -1
0.1 19 20 -1
0.1 18 155 -1
0.1 154 156 -1
0.1 153 157 -1
0.1 12 158 -1
0.1 159 21 -1
0.1 23 24 -1
0.1 22 161 -1
0.1 162 25 -1
0.1 26 27 -1
0.1 164 28 -1
0.1 163 165 -1
0.1 160 166 -1
0.1 31 32 -1
0.1 30 168 -1
0.1 169 33 -1
0.1 29 170 -1
0.1 167 171 -1
0.1 35 36 -1
0.1 37 38 -1
0.1 39 40 -1
0.1 175 41 -1
0.1 176 42 -1
0.1 177 43 -1
0.1 174 178 -1
0.1 173 179 -1
0.1 180 44 -1
0.1 46 47 -1
0.1 48 49 -1
0.1 182 183 -1
0.1 45 184 -1
0.1 50 51 -1
0.1 185 186 -1
0.1 187 52 -1
0.1 181 188 -1
0.1 189 53 -1
0.1 34 190 -1
0.1 172 191 -1
0.1 151 192 -1
0.1 54 55 -1
0.1 193 194 -1
0.1 65 66 -1
0.1 64 196 -1
0.1 67 68 -1
0.1 197 198 -1
0.1 63 199 -1
0.1 62 200 -1
0.1 61 201 -1
0.1 202 69 -1
0.1 74 75 -1
0.1 73 204 -1
0.1 205 76 -1
0.1 206 77 -1
0.1 207 78 -1
0.1 79 80 -1
0.1 208 209 -1
0.1 82 83 -1
0.1 211 84 -1
0.1 81 212 -1
0.1 210 213 -1
0.1 72 214 -1
0.1 85 86 -1
0.1 215 216 -1
0.1 217 87 -1
0.1 71 218 -1
0.1 219 88 -1
0.1 220 89 -1
0.1 70 221 -1
0.1 203 222 -1
0.1 90 91 -1
0.1 224 92 -1
0.1 93 94 -1
0.1 225 226 -1
0.1 227 95 -1
0.1 223 228 -1
0.1 60 229 -1
0.1 59 230 -1
0.1 231 96 -1
0.1 58 232 -1
0.1 98 99 -1
0.1 102 103 -1
0.1 101 235 -1
0.1 236 104 -1
0.1 100 237 -1
0.1 238 105 -1
0.1 234 239 -1
0.1 240 106 -1
0.1 107 108 -1
0.1 241 242 -1
0.1 97 243 -1
0.1 233 244 -1
0.1 245 109 -1
0.1 57 246 -1
0.1 111 112 -1
0.1 110 248 -1
0.1 249 113 -1
0.1 115 116 -1
0.1 251 117 -1
0.1 118 119 -1
0.1 253 120 -1
0.1 121 122 -1
0.1 254 255 -1
0.1 256 123 -1
0.1 257 124 -1
0.1 125 126 -1
0.1 258 259 -1
0.1 252 260 -1
0.1 114 261 -1
0.1 262 127 -1
0.1 263 128 -1
0.1 250 264 -1
0.1 265 129 -1
0.1 247 266 -1
0.1 130 131 -1
0.1 133 134 -1
0.1 132 269 -1
0.1 136 137 -1
0.1 135 271 -1
0.1 270 272 -1
0.1 139 140 -1
0.1 274 141 -1
0.1 138 275 -1
0.1 273 276 -1
0.1 268 277 -1
0.1 267 278 -1
0.1 56 279 -1
0.1 195 280 -1
