1 0 0 1
1 0 0 1
1 0 0 1
1 0 0 1
1 0 0 1
1 0 0 1
1 0 0 1
1 0 0 1
1 0 0 1
1 0 0 1
1 0 0 2
1 0 0 3
1 0 0 3
1 0 0 4
1 0 0 4
1 0 0 4
1 0 0 4
1 0 0 4
1 0 0 4
1 0 0 4
1 0 0 4
1 0 0 4
1 0 0 4
1 0 0 3
1 0 0 5
1 0 0 5
1 0 0 5
1 0 0 5
1 0 0 5
1 0 0 5
1 0 0 5
1 0 0 5
1 0 0 5
1 0 0 5
1 0 0 6
1 0 0 6
1 0 0 6
1 0 0 6
1 0 0 6
1 0 0 6
1 0 0 6
1 0 0 6
1 0 0 6
1 0 0 6
1 0 0 7
1 0 0 7
1 0 0 7
1 0 0 7
1 0 0 7
1 0 0 7
1 0 0 7
1 0 0 7
1 0 0 7
1 0 0 7
1 0 0 8
1 0 0 8
1 0 0 8
1 0 0 8
1 0 0 8
1 0 0 8
1 0 0 8
1 0 0 8
1 0 0 8
1 0 0 8
1 0 0 3
1 0 0 3
1 0 0 3
1 0 0 3
1 0 0 3
1 0 0 3
1 0 0 3
1 0 0 9
1 0 0 9
1 0 0 9
1 0 0 9
1 0 0 9
1 0 0 9
1 0 0 9
1 0 0 9
1 0 0 9
1 0 0 9
1 0 0 10
1 0 0 10
1 0 0 10
1 0 0 10
1 0 0 10
1 0 0 10
1 0 0 10
1 0 0 10
1 0 0 10
1 0 0 10
1 0 0 11
1 0 0 11
1 0 0 11
1 0 0 11
1 0 0 11
1 0 0 11
1 0 0 11
1 0 0 11
1 0 0 12
1 0 0 12
1 0 0 12
1 0 0 12
1 0 0 12
1 0 0 12
1 0 0 12
1 0 0 12
1 0 0 12
1 0 0 12
1 0 0 11
1 0 0 11
1 0 0 2
1 0 0 2
1 0 0 13
1 0 0 13
1 0 0 13
1 0 0 2
1 0 0 2
1 0 0 13
1 0 0 13
1 0 0 13
1 0 0 13
1 0 0 13
1 0 0 13
1 0 0 13
1 0 0 2
1 0 0 14
1 0 0 14
1 0 0 14
1 0 0 14
1 0 0 14
1 0 0 14
1 0 0 14
1 0 0 14
1 0 0 14
1 0 0 14
1 0 0 15
1 0 0 15
1 0 0 15
1 0 0 15
1 0 0 15
1 0 0 15
1 0 0 15
1 0 0 15
1 0 0 15
1 0 0 15
1 0 0 2
1 0 0 2
1 0 0 2
1 0 0 16
1 0 0 2
1 0 0 16
1 0 0 16
1 0 0 16
1 0 0 16
1 0 0 16
1 0 0 16
1 0 0 16
1 0 0 16
1 0 0 16
1 0 0 17
1 0 0 17
1 0 0 17
1 0 0 17
1 0 0 17
1 0 0 17
1 0 0 17
1 0 0 17
1 0 0 17
1 0 0 18
1 0 0 18
1 0 0 18
1 0 0 18
1 0 0 18
1 0 0 19
1 0 0 19
1 0 0 19
1 0 0 20
1 0 0 20
1 0 0 20
1 0 0 20
1 0 0 20
1 0 0 21
1 0 0 21
1 0 0 21
1 0 0 21
1 0 0 21
1 0 0 21
1 0 0 21
1 0 0 21
1 0 0 21
1 0 0 21
1 0 0 19
1 0 0 19
1 0 0 20
1 0 0 20
1 0 0 20
1 0 0 20
1 0 0 20
1 0 0 22
1 0 0 22
1 0 0 22
1 0 0 22
1 0 0 22
1 0 0 22
1 0 0 22
1 0 0 22
1 0 0 22
1 0 0 22
1 0 0 19
1 0 0 19
1 0 0 19
1 0 0 19
1 0 0 19
1 0 0 18
1 0 0 18
1 0 0 18
1 0 0 23
1 0 0 23
1 0 0 23
1 0 0 24
1 0 0 24
1 0 0 24
1 0 0 24
1 0 0 24
1 0 0 24
1 0 0 24
1 0 0 24
1 0 0 24
1 0 0 24
1 0 0 23
1 0 0 25
1 0 0 25
1 0 0 25
1 0 0 25
1 0 0 25
1 0 0 25
1 0 0 25
1 0 0 25
1 0 0 25
1 0 0 25
1 0 0 23
1 0 0 23
1 0 0 23
1 0 0 23
1 0 0 23
1 0 0 23
1 0 0 26
1 0 0 26
1 0 0 26
1 0 0 26
1 0 0 26
1 0 0 26
1 0 0 26
1 0 0 26
1 0 0 26
1 0 0 26
1 0 0 18
1 0 0 18
1 0 0 27
1 0 0 27
1 0 0 27
1 0 0 27
1 0 0 27
1 0 0 27
1 0 0 27
1 0 0 27
1 0 0 27
1 0 0 27
1 0 0 28
1 0 0 28
1 0 0 28
1 0 0 28
1 0 0 28
1 0 0 28
1 0 0 28
1 0 0 28
1 0 0 28
1 0 0 28
1 0 0 29
1 0 0 29
1 0 0 29
1 0 0 29
1 0 0 29
1 0 0 29
1 0 0 29
1 0 0 29
1 0 0 29
1 0 0 29
1 0 0 17
1 0 0 30
1 0 0 30
1 0 0 30
1 0 0 30
1 0 0 30
1 0 0 30
1 0 0 30
1 0 0 30
1 0 0 30
1 0 0 30
1 0 0 31
1 0 0 32
1 0 0 32
1 0 0 32
1 0 0 32
1 0 0 32
1 0 0 33
1 0 0 33
1 0 0 33
1 0 0 33
1 0 0 33
1 0 0 33
1 0 0 33
1 0 0 33
1 0 0 33
1 0 0 33
1 0 0 32
1 0 0 32
1 0 0 32
1 0 0 32
1 0 0 32
1 0 0 31
1 0 0 34
1 0 0 34
1 0 0 35
1 0 0 35
1 0 0 35
1 0 0 35
1 0 0 35
1 0 0 35
1 0 0 35
1 0 0 35
1 0 0 35
1 0 0 35
1 0 0 36
1 0 0 36
1 0 0 36
1 0 0 36
1 0 0 37
1 0 0 37
1 0 0 37
1 0 0 37
1 0 0 37
1 0 0 37
1 0 0 37
1 0 0 37
1 0 0 37
1 0 0 37
1 0 0 36
1 0 0 36
1 0 0 36
1 0 0 36
1 0 0 36
1 0 0 36
1 0 0 31
1 0 0 31
1 0 0 38
1 0 0 38
1 0 0 38
1 0 0 38
1 0 0 38
1 0 0 38
1 0 0 38
1 0 0 38
1 0 0 38
1 0 0 38
1 0 0 39
1 0 0 39
1 0 0 39
1 0 0 39
1 0 0 39
1 0 0 39
1 0 0 39
1 0 0 39
1 0 0 39
1 0 0 39
1 0 0 40
1 0 0 40
1 0 0 40
1 0 0 40
1 0 0 40
1 0 0 40
1 0 0 40
1 0 0 40
1 0 0 40
1 0 0 40
1 0 0 41
1 0 0 41
1 0 0 41
1 0 0 41
1 0 0 41
1 0 0 41
1 0 0 41
1 0 0 41
1 0 0 41
1 0 0 41
1 0 0 31
1 0 0 31
1 0 0 31
1 0 0 31
1 0 0 42
1 0 0 42
1 0 0 42
1 0 0 42
1 0 0 42
1 0 0 42
1 0 0 42
1 0 0 42
1 0 0 42
1 0 0 42
1 0 0 43
1 0 0 44
1 0 0 44
1 0 0 44
1 0 0 44
1 0 0 44
1 0 0 44
1 0 0 44
1 0 0 44
1 0 0 44
1 0 0 44
1 0 0 43
1 0 0 43
1 0 0 43
1 0 0 43
1 0 0 43
1 0 0 43
1 0 0 43
1 0 0 43
1 0 0 43
1 0 0 45
1 0 0 45
1 0 0 45
1 0 0 45
1 0 0 45
1 0 0 45
1 0 0 45
1 0 0 45
1 0 0 45
1 0 0 45
1 0 0 46
1 0 0 46
1 0 0 46
1 0 0 46
1 0 0 46
1 0 0 46
1 0 0 46
1 0 0 46
1 0 0 46
1 0 0 46
1 0 0 31
1 0 0 34
1 0 0 34
1 0 0 34
1 0 0 34
1 0 0 34
1 0 0 34
1 0 0 34
1 0 0 34
1 0 0 31
0.1 1 2 -1
0.1 4 5 -1
0.1 462 6 -1
0.1 3 463 -1
0.1 461 464 -1
0.1 7 8 -1
0.1 465 466 -1
0.1 9 10 -1
0.1 467 468 -1
0.1 17 18 -1
0.1 20 21 -1
0.1 19 471 -1
0.1 470 472 -1
0.1 16 473 -1
0.1 15 474 -1
0.1 22 23 -1
0.1 475 476 -1
0.1 14 477 -1
0.1 25 26 -1
0.1 29 30 -1
0.1 28 480 -1
0.1 481 31 -1
0.1 27 482 -1
0.1 479 483 -1
0.1 32 33 -1
0.1 485 34 -1
0.1 484 486 -1
0.1 36 37 -1
0.1 488 38 -1
0.1 39 40 -1
0.1 489 490 -1
0.1 35 491 -1
0.1 41 42 -1
0.1 493 43 -1
0.1 492 494 -1
0.1 45 46 -1
0.1 48 49 -1
0.1 47 497 -1
0.1 496 498 -1
0.1 52 53 -1
0.1 51 500 -1
0.1 50 501 -1
0.1 499 502 -1
0.1 503 54 -1
0.1 44 504 -1
0.1 495 505 -1
0.1 56 57 -1
0.1 507 58 -1
0.1 55 508 -1
0.1 61 62 -1
0.1 60 510 -1
0.1 59 511 -1
0.1 63 64 -1
0.1 512 513 -1
0.1 509 514 -1
0.1 506 515 -1
0.1 487 516 -1
0.1 517 65 -1
0.1 24 518 -1
0.1 478 519 -1
0.1 13 520 -1
0.1 12 521 -1
0.1 66 67 -1
0.1 522 523 -1
0.1 70 71 -1
0.1 69 525 -1
0.1 68 526 -1
0.1 73 74 -1
0.1 72 528 -1
0.1 529 75 -1
0.1 76 77 -1
0.1 78 79 -1
0.1 531 532 -1
0.1 533 80 -1
0.1 530 534 -1
0.1 535 81 -1
0.1 527 536 -1
0.1 524 537 -1
0.1 11 538 -1
0.1 469 539 -1
0.1 83 84 -1
0.1 85 86 -1
0.1 542 87 -1
0.1 541 543 -1
0.1 82 544 -1
0.1 88 89 -1
0.1 90 91 -1
0.1 546 547 -1
0.1 545 548 -1
0.1 540 549 -1
0.1 93 94 -1
0.1 92 551 -1
0.1 96 97 -1
0.1 95 553 -1
0.1 552 554 -1
0.1 98 99 -1
0.1 100 101 -1
0.1 557 102 -1
0.1 103 104 -1
0.1 558 559 -1
0.1 560 105 -1
0.1 561 106 -1
0.1 562 107 -1
0.1 108 109 -1
0.1 563 564 -1
0.1 556 565 -1
0.1 555 566 -1
0.1 567 110 -1
0.1 568 111 -1
0.1 112 113 -1
0.1 569 570 -1
0.1 550 571 -1
0.1 115 116 -1
0.1 114 573 -1
0.1 117 118 -1
0.1 119 120 -1
0.1 576 121 -1
0.1 124 125 -1
0.1 123 578 -1
0.1 122 579 -1
0.1 577 580 -1
0.1 575 581 -1
0.1 574 582 -1
0.1 130 131 -1
0.1 129 584 -1
0.1 128 585 -1
0.1 127 586 -1
0.1 132 133 -1
0.1 135 136 -1
0.1 134 589 -1
0.1 588 590 -1
0.1 587 591 -1
0.1 126 592 -1
0.1 138 139 -1
0.1 137 594 -1
0.1 140 141 -1
0.1 595 596 -1
0.1 142 143 -1
0.1 145 146 -1
0.1 144 599 -1
0.1 598 600 -1
0.1 597 601 -1
0.1 602 147 -1
0.1 593 603 -1
0.1 583 604 -1
0.1 148 149 -1
0.1 154 155 -1
0.1 153 607 -1
0.1 157 158 -1
0.1 159 160 -1
0.1 609 610 -1
0.1 156 611 -1
0.1 608 612 -1
0.1 152 613 -1
0.1 151 614 -1
0.1 150 615 -1
0.1 606 616 -1
0.1 605 617 -1
0.1 161 162 -1
0.1 163 164 -1
0.1 620 165 -1
0.1 166 167 -1
0.1 168 169 -1
0.1 622 623 -1
0.1 621 624 -1
0.1 170 171 -1
0.1 173 174 -1
0.1 172 627 -1
0.1 176 177 -1
0.1 175 629 -1
0.1 179 180 -1
0.1 181 182 -1
0.1 631 632 -1
0.1 178 633 -1
0.1 184 185 -1
0.1 183 635 -1
0.1 187 188 -1
0.1 186 637 -1
0.1 190 191 -1
0.1 189 639 -1
0.1 638 640 -1
0.1 636 641 -1
0.1 642 192 -1
0.1 193 194 -1
0.1 643 644 -1
0.1 634 645 -1
0.1 197 198 -1
0.1 196 647 -1
0.1 195 648 -1
0.1 649 199 -1
0.1 646 650 -1
0.1 200 201 -1
0.1 202 203 -1
0.1 652 653 -1
0.1 205 206 -1
0.1 204 655 -1
0.1 208 209 -1
0.1 207 657 -1
0.1 656 658 -1
0.1 654 659 -1
0.1 212 213 -1
0.1 661 214 -1
0.1 211 662 -1
0.1 210 663 -1
0.1 660 664 -1
0.1 651 665 -1
0.1 630 666 -1
0.1 215 216 -1
0.1 668 217 -1
0.1 218 219 -1
0.1 223 224 -1
0.1 225 226 -1
0.1 671 672 -1
0.1 222 673 -1
0.1 227 228 -1
0.1 229 230 -1
0.1 675 676 -1
0.1 674 677 -1
0.1 221 678 -1
0.1 233 234 -1
0.1 232 680 -1
0.1 235 236 -1
0.1 681 682 -1
0.1 238 239 -1
0.1 684 240 -1
0.1 237 685 -1
0.1 683 686 -1
0.1 687 241 -1
0.1 242 243 -1
0.1 688 689 -1
0.1 244 245 -1
0.1 690 691 -1
0.1 231 692 -1
0.1 679 693 -1
0.1 246 247 -1
0.1 249 250 -1
0.1 248 696 -1
0.1 251 252 -1
0.1 697 698 -1
0.1 254 255 -1
0.1 256 257 -1
0.1 700 701 -1
0.1 253 702 -1
0.1 699 703 -1
0.1 695 704 -1
0.1 694 705 -1
0.1 220 706 -1
0.1 670 707 -1
0.1 258 259 -1
0.1 261 262 -1
0.1 260 710 -1
0.1 264 265 -1
0.1 268 269 -1
0.1 267 713 -1
0.1 266 714 -1
0.1 712 715 -1
0.1 263 716 -1
0.1 271 272 -1
0.1 270 718 -1
0.1 275 276 -1
0.1 274 720 -1
0.1 277 278 -1
0.1 721 722 -1
0.1 273 723 -1
0.1 719 724 -1
0.1 725 279 -1
0.1 717 726 -1
0.1 711 727 -1
0.1 709 728 -1
0.1 708 729 -1
0.1 669 730 -1
0.1 667 731 -1
0.1 628 732 -1
0.1 285 286 -1
0.1 284 734 -1
0.1 283 735 -1
0.1 282 736 -1
0.1 281 737 -1
0.1 280 738 -1
0.1 288 289 -1
0.1 287 740 -1
0.1 739 741 -1
0.1 733 742 -1
0.1 626 743 -1
0.1 744 290 -1
0.1 625 745 -1
0.1 619 746 -1
0.1 618 747 -1
0.1 572 748 -1
0.1 292 293 -1
0.1 295 296 -1
0.1 294 751 -1
0.1 752 297 -1
0.1 750 753 -1
0.1 291 754 -1
0.1 298 299 -1
0.1 756 300 -1
0.1 755 757 -1
0.1 758 301 -1
0.1 302 303 -1
0.1 304 305 -1
0.1 761 306 -1
0.1 760 762 -1
0.1 307 308 -1
0.1 764 309 -1
0.1 311 312 -1
0.1 766 313 -1
0.1 310 767 -1
0.1 315 316 -1
0.1 314 769 -1
0.1 768 770 -1
0.1 765 771 -1
0.1 772 317 -1
0.1 319 320 -1
0.1 318 774 -1
0.1 773 775 -1
0.1 763 776 -1
0.1 777 321 -1
0.1 759 778 -1
0.1 779 322 -1
0.1 323 324 -1
0.1 325 326 -1
0.1 327 328 -1
0.1 782 783 -1
0.1 329 330 -1
0.1 331 332 -1
0.1 785 786 -1
0.1 333 334 -1
0.1 787 788 -1
0.1 336 337 -1
0.1 335 790 -1
0.1 791 338 -1
0.1 341 342 -1
0.1 340 793 -1
0.1 346 347 -1
0.1 795 348 -1
0.1 345 796 -1
0.1 344 797 -1
0.1 343 798 -1
0.1 794 799 -1
0.1 339 800 -1
0.1 349 350 -1
0.1 802 351 -1
0.1 801 803 -1
0.1 792 804 -1
0.1 353 354 -1
0.1 352 806 -1
0.1 805 807 -1
0.1 789 808 -1
0.1 784 809 -1
0.1 357 358 -1
0.1 359 360 -1
0.1 812 361 -1
0.1 811 813 -1
0.1 362 363 -1
0.1 365 366 -1
0.1 364 816 -1
0.1 815 817 -1
0.1 814 818 -1
0.1 356 819 -1
0.1 355 820 -1
0.1 368 369 -1
0.1 367 822 -1
0.1 370 371 -1
0.1 372 373 -1
0.1 824 825 -1
0.1 823 826 -1
0.1 375 376 -1
0.1 374 828 -1
0.1 827 829 -1
0.1 380 381 -1
0.1 379 831 -1
0.1 378 832 -1
0.1 382 383 -1
0.1 834 384 -1
0.1 833 835 -1
0.1 836 385 -1
0.1 389 390 -1
0.1 392 393 -1
0.1 839 394 -1
0.1 391 840 -1
0.1 838 841 -1
0.1 388 842 -1
0.1 387 843 -1
0.1 395 396 -1
0.1 844 845 -1
0.1 386 846 -1
0.1 837 847 -1
0.1 377 848 -1
0.1 830 849 -1
0.1 397 398 -1
0.1 850 851 -1
0.1 399 400 -1
0.1 852 853 -1
0.1 403 404 -1
0.1 402 855 -1
0.1 406 407 -1
0.1 405 857 -1
0.1 409 410 -1
0.1 408 859 -1
0.1 858 860 -1
0.1 856 861 -1
0.1 401 862 -1
0.1 413 414 -1
0.1 416 417 -1
0.1 418 419 -1
0.1 420 421 -1
0.1 866 867 -1
0.1 865 868 -1
0.1 415 869 -1
0.1 864 870 -1
0.1 412 871 -1
0.1 872 422 -1
0.1 873 423 -1
0.1 424 425 -1
0.1 428 429 -1
0.1 427 876 -1
0.1 877 430 -1
0.1 426 878 -1
0.1 875 879 -1
0.1 874 880 -1
0.1 411 881 -1
0.1 431 432 -1
0.1 883 433 -1
0.1 437 438 -1
0.1 436 885 -1
0.1 435 886 -1
0.1 439 440 -1
0.1 887 888 -1
0.1 434 889 -1
0.1 884 890 -1
0.1 441 442 -1
0.1 443 444 -1
0.1 892 893 -1
0.1 445 446 -1
0.1 895 447 -1
0.1 894 896 -1
0.1 449 450 -1
0.1 448 898 -1
0.1 897 899 -1
0.1 891 900 -1
0.1 882 901 -1
0.1 902 451 -1
0.1 863 903 -1
0.1 854 904 -1
0.1 821 905 -1
0.1 810 906 -1
0.1 453 454 -1
0.1 908 455 -1
0.1 458 459 -1
0.1 457 910 -1
0.1 456 911 -1
0.1 909 912 -1
0.1 452 913 -1
0.1 907 914 -1
0.1 781 915 -1
0.1 780 916 -1
0.1 917 460 -1
0.1 749 918 -1
