1 0 0 1
1 0 0 1
1 0 0 2
1 0 0 2
1 0 0 2
1 0 0 2
1 0 0 2
1 0 0 2
1 0 0 2
1 0 0 3
1 0 0 3
1 0 0 3
1 0 0 3
1 0 0 3
1 0 0 3
1 0 0 3
1 0 0 3
1 0 0 2
1 0 0 2
1 0 0 2
1 0 0 1
1 0 0 1
1 0 0 1
1 0 0 4
1 0 0 4
1 0 0 4
1 0 0 4
1 0 0 5
1 0 0 5
1 0 0 5
1 0 0 5
1 0 0 5
1 0 0 5
1 0 0 5
1 0 0 5
1 0 0 5
1 0 0 5
1 0 0 6
1 0 0 6
1 0 0 6
1 0 0 6
1 0 0 6
1 0 0 6
1 0 0 6
1 0 0 6
1 0 0 6
1 0 0 6
1 0 0 7
1 0 0 7
1 0 0 7
1 0 0 7
1 0 0 7
1 0 0 7
1 0 0 7
1 0 0 7
1 0 0 7
1 0 0 7
1 0 0 4
1 0 0 4
1 0 0 4
1 0 0 4
1 0 0 4
1 0 0 4
1 0 0 1
1 0 0 1
1 0 0 8
1 0 0 8
1 0 0 8
1 0 0 8
1 0 0 8
1 0 0 8
1 0 0 8
1 0 0 8
1 0 0 8
1 0 0 8
1 0 0 9
1 0 0 9
1 0 0 9
1 0 0 9
1 0 0 9
1 0 0 9
1 0 0 9
1 0 0 9
1 0 0 9
1 0 0 9
1 0 0 1
1 0 0 1
1 0 0 1
1 0 0 10
1 0 0 10
1 0 0 11
1 0 0 10
1 0 0 10
1 0 0 10
1 0 0 12
1 0 0 12
1 0 0 12
1 0 0 12
1 0 0 12
1 0 0 12
1 0 0 12
1 0 0 12
1 0 0 12
1 0 0 12
1 0 0 10
1 0 0 10
1 0 0 10
1 0 0 13
1 0 0 13
1 0 0 13
1 0 0 13
1 0 0 13
1 0 0 13
1 0 0 13
1 0 0 13
1 0 0 13
1 0 0 13
1 0 0 10
1 0 0 10
1 0 0 11
1 0 0 11
1 0 0 11
1 0 0 11
1 0 0 11
1 0 0 11
1 0 0 11
1 0 0 11
1 0 0 11
1 0 0 3
1 0 0 3
1 0 0 14
1 0 0 14
1 0 0 14
1 0 0 14
1 0 0 14
1 0 0 14
1 0 0 14
1 0 0 14
1 0 0 15
1 0 0 14
1 0 0 14
1 0 0 15
1 0 0 15
1 0 0 16
1 0 0 16
1 0 0 16
1 0 0 16
1 0 0 16
1 0 0 16
1 0 0 16
1 0 0 16
1 0 0 16
1 0 0 16
1 0 0 15
1 0 0 15
1 0 0 17
1 0 0 17
1 0 0 17
1 0 0 17
1 0 0 17
1 0 0 17
1 0 0 17
1 0 0 17
1 0 0 17
1 0 0 17
1 0 0 15
1 0 0 18
1 0 0 18
1 0 0 18
1 0 0 18
1 0 0 18
1 0 0 18
1 0 0 18
1 0 0 18
1 0 0 18
1 0 0 18
1 0 0 15
1 0 0 19
1 0 0 19
1 0 0 19
1 0 0 19
1 0 0 19
1 0 0 19
1 0 0 19
1 0 0 19
1 0 0 19
1 0 0 19
1 0 0 20
1 0 0 20
1 0 0 20
1 0 0 20
1 0 0 20
1 0 0 20
1 0 0 20
1 0 0 20
1 0 0 20
1 0 0 21
1 0 0 21
1 0 0 21
1 0 0 21
1 0 0 21
1 0 0 21
1 0 0 21
1 0 0 21
1 0 0 21
1 0 0 21
1 0 0 20
1 0 0 22
1 0 0 22
1 0 0 22
1 0 0 22
1 0 0 22
1 0 0 22
1 0 0 22
1 0 0 22
1 0 0 22
1 0 0 22
1 0 0 23
1 0 0 23
1 0 0 24
1 0 0 24
1 0 0 24
1 0 0 24
1 0 0 24
1 0 0 24
1 0 0 24
1 0 0 24
1 0 0 24
1 0 0 24
1 0 0 23
1 0 0 23
1 0 0 23
1 0 0 23
1 0 0 15
1 0 0 25
1 0 0 25
1 0 0 25
1 0 0 25
1 0 0 25
1 0 0 25
1 0 0 25
1 0 0 25
1 0 0 25
1 0 0 25
1 0 0 23
1 0 0 23
1 0 0 23
1 0 0 23
1 0 0 26
1 0 0 26
1 0 0 26
1 0 0 26
1 0 0 26
1 0 0 26
1 0 0 26
1 0 0 26
1 0 0 26
1 0 0 26
1 0 0 27
1 0 0 27
1 0 0 27
1 0 0 27
1 0 0 27
1 0 0 27
1 0 0 27
1 0 0 27
1 0 0 27
1 0 0 27
1 0 0 15
1 0 0 15
1 0 0 28
1 0 0 28
1 0 0 28
1 0 0 28
1 0 0 28
1 0 0 28
1 0 0 28
1 0 0 28
1 0 0 29
1 0 0 29
1 0 0 29
1 0 0 29
1 0 0 29
1 0 0 29
1 0 0 29
1 0 0 29
1 0 0 29
1 0 0 29
1 0 0 28
1 0 0 28
1 0 0 30
1 0 0 30
1 0 0 31
1 0 0 31
1 0 0 31
1 0 0 31
1 0 0 31
1 0 0 31
1 0 0 31
1 0 0 31
1 0 0 31
1 0 0 31
1 0 0 32
1 0 0 32
1 0 0 32
1 0 0 32
1 0 0 33
1 0 0 33
1 0 0 33
1 0 0 33
1 0 0 33
1 0 0 33
1 0 0 33
1 0 0 33
1 0 0 33
1 0 0 33
1 0 0 32
1 0 0 32
1 0 0 32
1 0 0 32
1 0 0 32
1 0 0 32
1 0 0 30
1 0 0 34
1 0 0 34
1 0 0 34
1 0 0 34
1 0 0 34
1 0 0 35
1 0 0 30
1 0 0 30
1 0 0 36
1 0 0 36
1 0 0 36
1 0 0 36
1 0 0 36
1 0 0 36
1 0 0 36
1 0 0 36
1 0 0 36
1 0 0 36
1 0 0 35
1 0 0 35
1 0 0 37
1 0 0 37
1 0 0 37
1 0 0 37
1 0 0 37
1 0 0 37
1 0 0 37
1 0 0 37
1 0 0 37
1 0 0 38
1 0 0 38
1 0 0 37
1 0 0 35
1 0 0 35
1 0 0 35
1 0 0 35
1 0 0 35
1 0 0 35
1 0 0 35
1 0 0 34
1 0 0 34
1 0 0 34
1 0 0 34
1 0 0 38
1 0 0 38
1 0 0 38
1 0 0 38
1 0 0 38
1 0 0 38
1 0 0 38
1 0 0 38
1 0 0 30
1 0 0 39
1 0 0 39
1 0 0 39
1 0 0 39
1 0 0 39
1 0 0 39
1 0 0 39
1 0 0 39
1 0 0 39
1 0 0 39
1 0 0 40
1 0 0 40
1 0 0 40
1 0 0 40
1 0 0 40
1 0 0 40
1 0 0 40
1 0 0 40
1 0 0 40
1 0 0 40
1 0 0 41
1 0 0 41
1 0 0 42
1 0 0 42
1 0 0 42
1 0 0 42
1 0 0 42
1 0 0 42
1 0 0 42
1 0 0 42
1 0 0 42
1 0 0 42
1 0 0 41
1 0 0 41
1 0 0 41
1 0 0 41
1 0 0 41
1 0 0 41
1 0 0 41
1 0 0 41
1 0 0 43
1 0 0 43
1 0 0 43
1 0 0 43
1 0 0 43
1 0 0 43
1 0 0 43
1 0 0 43
1 0 0 43
1 0 0 43
1 0 0 30
1 0 0 30
1 0 0 44
1 0 0 44
1 0 0 44
1 0 0 44
1 0 0 44
1 0 0 44
1 0 0 44
1 0 0 44
1 0 0 45
1 0 0 45
1 0 0 45
1 0 0 45
1 0 0 45
1 0 0 45
1 0 0 45
1 0 0 45
1 0 0 45
1 0 0 45
1 0 0 44
1 0 0 44
1 0 0 46
1 0 0 46
1 0 0 46
1 0 0 46
1 0 0 46
1 0 0 46
1 0 0 46
1 0 0 46
1 0 0 46
1 0 0 46
1 0 0 30
1 0 0 30
1 0 0 34
0.1 1 2 -1
0.1 5 6 -1
0.1 4 462 -1
0.1 3 463 -1
0.1 7 8 -1
0.1 464 465 -1
0.1 10 11 -1
0.1 13 14 -1
0.1 12 468 -1
0.1 467 469 -1
0.1 16 17 -1
0.1 15 471 -1
0.1 470 472 -1
0.1 9 473 -1
0.1 466 474 -1
0.1 19 20 -1
0.1 18 476 -1
0.1 475 477 -1
0.1 22 23 -1
0.1 21 479 -1
0.1 24 25 -1
0.1 26 27 -1
0.1 28 29 -1
0.1 30 31 -1
0.1 484 32 -1
0.1 483 485 -1
0.1 34 35 -1
0.1 36 37 -1
0.1 487 488 -1
0.1 33 489 -1
0.1 486 490 -1
0.1 39 40 -1
0.1 41 42 -1
0.1 492 493 -1
0.1 43 44 -1
0.1 45 46 -1
0.1 496 47 -1
0.1 495 497 -1
0.1 494 498 -1
0.1 38 499 -1
0.1 49 50 -1
0.1 51 52 -1
0.1 501 502 -1
0.1 54 55 -1
0.1 56 57 -1
0.1 504 505 -1
0.1 53 506 -1
0.1 503 507 -1
0.1 48 508 -1
0.1 58 59 -1
0.1 509 510 -1
0.1 60 61 -1
0.1 511 512 -1
0.1 513 62 -1
0.1 500 514 -1
0.1 491 515 -1
0.1 482 516 -1
0.1 517 63 -1
0.1 481 518 -1
0.1 480 519 -1
0.1 64 65 -1
0.1 66 67 -1
0.1 522 68 -1
0.1 69 70 -1
0.1 524 71 -1
0.1 72 73 -1
0.1 525 526 -1
0.1 74 75 -1
0.1 527 528 -1
0.1 523 529 -1
0.1 521 530 -1
0.1 77 78 -1
0.1 80 81 -1
0.1 79 533 -1
0.1 532 534 -1
0.1 76 535 -1
0.1 536 82 -1
0.1 84 85 -1
0.1 83 538 -1
0.1 537 539 -1
0.1 86 87 -1
0.1 541 88 -1
0.1 540 542 -1
0.1 531 543 -1
0.1 93 94 -1
0.1 92 545 -1
0.1 91 546 -1
0.1 90 547 -1
0.1 89 548 -1
0.1 97 98 -1
0.1 96 550 -1
0.1 95 551 -1
0.1 100 101 -1
0.1 99 553 -1
0.1 103 104 -1
0.1 102 555 -1
0.1 554 556 -1
0.1 552 557 -1
0.1 549 558 -1
0.1 106 107 -1
0.1 105 560 -1
0.1 559 561 -1
0.1 109 110 -1
0.1 563 111 -1
0.1 113 114 -1
0.1 112 565 -1
0.1 116 117 -1
0.1 115 567 -1
0.1 566 568 -1
0.1 564 569 -1
0.1 108 570 -1
0.1 118 119 -1
0.1 571 572 -1
0.1 121 122 -1
0.1 120 574 -1
0.1 575 123 -1
0.1 124 125 -1
0.1 126 127 -1
0.1 577 578 -1
0.1 579 128 -1
0.1 576 580 -1
0.1 573 581 -1
0.1 562 582 -1
0.1 544 583 -1
0.1 520 584 -1
0.1 478 585 -1
0.1 461 586 -1
0.1 587 129 -1
0.1 588 130 -1
0.1 133 134 -1
0.1 132 590 -1
0.1 135 136 -1
0.1 137 138 -1
0.1 592 593 -1
0.1 591 594 -1
0.1 131 595 -1
0.1 140 141 -1
0.1 139 597 -1
0.1 596 598 -1
0.1 142 143 -1
0.1 144 145 -1
0.1 601 146 -1
0.1 147 148 -1
0.1 603 149 -1
0.1 151 152 -1
0.1 605 153 -1
0.1 150 606 -1
0.1 604 607 -1
0.1 154 155 -1
0.1 608 609 -1
0.1 602 610 -1
0.1 156 157 -1
0.1 158 159 -1
0.1 161 162 -1
0.1 160 614 -1
0.1 164 165 -1
0.1 163 616 -1
0.1 615 617 -1
0.1 613 618 -1
0.1 612 619 -1
0.1 620 166 -1
0.1 611 621 -1
0.1 168 169 -1
0.1 167 623 -1
0.1 172 173 -1
0.1 625 174 -1
0.1 171 626 -1
0.1 175 176 -1
0.1 627 628 -1
0.1 170 629 -1
0.1 624 630 -1
0.1 631 177 -1
0.1 622 632 -1
0.1 600 633 -1
0.1 599 634 -1
0.1 589 635 -1
0.1 180 181 -1
0.1 179 637 -1
0.1 178 638 -1
0.1 182 183 -1
0.1 639 640 -1
0.1 186 187 -1
0.1 185 642 -1
0.1 184 643 -1
0.1 641 644 -1
0.1 188 189 -1
0.1 646 190 -1
0.1 192 193 -1
0.1 648 194 -1
0.1 195 196 -1
0.1 649 650 -1
0.1 191 651 -1
0.1 647 652 -1
0.1 200 201 -1
0.1 203 204 -1
0.1 202 655 -1
0.1 656 205 -1
0.1 657 206 -1
0.1 654 658 -1
0.1 199 659 -1
0.1 198 660 -1
0.1 197 661 -1
0.1 662 207 -1
0.1 653 663 -1
0.1 645 664 -1
0.1 211 212 -1
0.1 210 666 -1
0.1 209 667 -1
0.1 208 668 -1
0.1 213 214 -1
0.1 669 670 -1
0.1 216 217 -1
0.1 215 672 -1
0.1 671 673 -1
0.1 665 674 -1
0.1 218 219 -1
0.1 222 223 -1
0.1 225 226 -1
0.1 224 678 -1
0.1 677 679 -1
0.1 680 227 -1
0.1 221 681 -1
0.1 228 229 -1
0.1 682 683 -1
0.1 220 684 -1
0.1 230 231 -1
0.1 232 233 -1
0.1 235 236 -1
0.1 688 237 -1
0.1 240 241 -1
0.1 239 690 -1
0.1 242 243 -1
0.1 691 692 -1
0.1 693 244 -1
0.1 238 694 -1
0.1 689 695 -1
0.1 234 696 -1
0.1 245 246 -1
0.1 698 247 -1
0.1 252 253 -1
0.1 251 700 -1
0.1 250 701 -1
0.1 256 257 -1
0.1 255 703 -1
0.1 254 704 -1
0.1 705 258 -1
0.1 702 706 -1
0.1 249 707 -1
0.1 248 708 -1
0.1 699 709 -1
0.1 697 710 -1
0.1 687 711 -1
0.1 686 712 -1
0.1 685 713 -1
0.1 676 714 -1
0.1 675 715 -1
0.1 260 261 -1
0.1 262 263 -1
0.1 265 266 -1
0.1 264 719 -1
0.1 718 720 -1
0.1 721 267 -1
0.1 717 722 -1
0.1 723 268 -1
0.1 259 724 -1
0.1 716 725 -1
0.1 269 270 -1
0.1 273 274 -1
0.1 728 275 -1
0.1 277 278 -1
0.1 276 730 -1
0.1 729 731 -1
0.1 280 281 -1
0.1 279 733 -1
0.1 284 285 -1
0.1 283 735 -1
0.1 286 287 -1
0.1 736 737 -1
0.1 282 738 -1
0.1 739 288 -1
0.1 734 740 -1
0.1 741 289 -1
0.1 742 290 -1
0.1 732 743 -1
0.1 272 744 -1
0.1 271 745 -1
0.1 727 746 -1
0.1 726 747 -1
0.1 636 748 -1
0.1 294 295 -1
0.1 297 298 -1
0.1 296 751 -1
0.1 752 299 -1
0.1 750 753 -1
0.1 300 301 -1
0.1 755 302 -1
0.1 754 756 -1
0.1 293 757 -1
0.1 303 304 -1
0.1 759 305 -1
0.1 307 308 -1
0.1 761 309 -1
0.1 312 313 -1
0.1 311 763 -1
0.1 310 764 -1
0.1 315 316 -1
0.1 314 766 -1
0.1 765 767 -1
0.1 762 768 -1
0.1 306 769 -1
0.1 318 319 -1
0.1 317 771 -1
0.1 320 321 -1
0.1 772 773 -1
0.1 770 774 -1
0.1 760 775 -1
0.1 776 322 -1
0.1 777 323 -1
0.1 758 778 -1
0.1 292 779 -1
0.1 327 328 -1
0.1 326 781 -1
0.1 325 782 -1
0.1 332 333 -1
0.1 335 336 -1
0.1 334 785 -1
0.1 337 338 -1
0.1 786 787 -1
0.1 784 788 -1
0.1 339 340 -1
0.1 790 341 -1
0.1 789 791 -1
0.1 331 792 -1
0.1 330 793 -1
0.1 794 342 -1
0.1 795 343 -1
0.1 329 796 -1
0.1 344 345 -1
0.1 350 351 -1
0.1 349 799 -1
0.1 348 800 -1
0.1 347 801 -1
0.1 346 802 -1
0.1 803 352 -1
0.1 798 804 -1
0.1 353 354 -1
0.1 806 355 -1
0.1 805 807 -1
0.1 357 358 -1
0.1 356 809 -1
0.1 810 359 -1
0.1 360 361 -1
0.1 812 362 -1
0.1 811 813 -1
0.1 808 814 -1
0.1 797 815 -1
0.1 363 364 -1
0.1 365 366 -1
0.1 817 818 -1
0.1 816 819 -1
0.1 369 370 -1
0.1 368 821 -1
0.1 372 373 -1
0.1 823 374 -1
0.1 371 824 -1
0.1 822 825 -1
0.1 367 826 -1
0.1 377 378 -1
0.1 376 828 -1
0.1 379 380 -1
0.1 382 383 -1
0.1 381 831 -1
0.1 832 384 -1
0.1 830 833 -1
0.1 834 385 -1
0.1 829 835 -1
0.1 386 387 -1
0.1 388 389 -1
0.1 838 390 -1
0.1 837 839 -1
0.1 391 392 -1
0.1 393 394 -1
0.1 842 395 -1
0.1 841 843 -1
0.1 840 844 -1
0.1 836 845 -1
0.1 375 846 -1
0.1 399 400 -1
0.1 401 402 -1
0.1 403 404 -1
0.1 850 405 -1
0.1 849 851 -1
0.1 848 852 -1
0.1 853 406 -1
0.1 854 407 -1
0.1 398 855 -1
0.1 856 408 -1
0.1 397 857 -1
0.1 411 412 -1
0.1 410 859 -1
0.1 409 860 -1
0.1 861 413 -1
0.1 414 415 -1
0.1 862 863 -1
0.1 858 864 -1
0.1 396 865 -1
0.1 847 866 -1
0.1 418 419 -1
0.1 417 868 -1
0.1 421 422 -1
0.1 420 870 -1
0.1 869 871 -1
0.1 416 872 -1
0.1 424 425 -1
0.1 423 874 -1
0.1 873 875 -1
0.1 867 876 -1
0.1 426 427 -1
0.1 877 878 -1
0.1 429 430 -1
0.1 431 432 -1
0.1 880 881 -1
0.1 433 434 -1
0.1 883 435 -1
0.1 882 884 -1
0.1 428 885 -1
0.1 441 442 -1
0.1 440 887 -1
0.1 439 888 -1
0.1 443 444 -1
0.1 889 890 -1
0.1 438 891 -1
0.1 437 892 -1
0.1 436 893 -1
0.1 894 445 -1
0.1 895 446 -1
0.1 886 896 -1
0.1 897 447 -1
0.1 448 449 -1
0.1 450 451 -1
0.1 899 900 -1
0.1 453 454 -1
0.1 452 902 -1
0.1 901 903 -1
0.1 456 457 -1
0.1 455 905 -1
0.1 904 906 -1
0.1 458 459 -1
0.1 907 908 -1
0.1 898 909 -1
0.1 879 910 -1
0.1 827 911 -1
0.1 820 912 -1
0.1 783 913 -1
0.1 914 460 -1
0.1 324 915 -1
0.1 780 916 -1
0.1 291 917 -1
0.1 749 918 -1
