1 0 0 1
1 0 0 2
1 0 0 2
1 0 0 2
1 0 0 2
1 0 0 2
1 0 0 3
1 0 0 3
1 0 0 3
1 0 0 3
1 0 0 3
1 0 0 4
1 0 0 4
1 0 0 5
1 0 0 5
1 0 0 5
1 0 0 4
1 0 0 4
1 0 0 4
1 0 0 6
1 0 0 6
1 0 0 6
1 0 0 6
1 0 0 6
1 0 0 5
1 0 0 7
1 0 0 7
1 0 0 7
1 0 0 7
1 0 0 7
1 0 0 5
1 0 0 8
1 0 0 8
1 0 0 1
1 0 0 8
1 0 0 8
1 0 0 8
1 0 0 9
1 0 0 9
1 0 0 9
1 0 0 9
1 0 0 9
1 0 0 1
1 0 0 10
1 0 0 11
1 0 0 11
1 0 0 11
1 0 0 11
1 0 0 12
1 0 0 12
1 0 0 12
1 0 0 12
1 0 0 12
1 0 0 11
1 0 0 10
1 0 0 13
1 0 0 13
1 0 0 13
1 0 0 13
1 0 0 13
1 0 0 14
1 0 0 14
1 0 0 14
1 0 0 14
1 0 0 15
1 0 0 15
1 0 0 15
1 0 0 15
1 0 0 15
1 0 0 14
1 0 0 10
1 0 0 10
1 0 0 10
1 0 0 16
1 0 0 16
1 0 0 17
1 0 0 17
1 0 0 17
1 0 0 17
1 0 0 17
1 0 0 18
1 0 0 18
1 0 0 18
1 0 0 18
1 0 0 18
1 0 0 16
1 0 0 16
1 0 0 16
1 0 0 19
1 0 0 19
1 0 0 19
1 0 0 19
1 0 0 19
1 0 0 20
1 0 0 21
1 0 0 21
1 0 0 21
1 0 0 21
1 0 0 21
1 0 0 22
1 0 0 22
1 0 0 22
1 0 0 22
1 0 0 22
1 0 0 23
1 0 0 23
1 0 0 23
1 0 0 23
1 0 0 23
1 0 0 1
1 0 0 1
1 0 0 24
1 0 0 24
1 0 0 24
1 0 0 24
1 0 0 24
1 0 0 20
1 0 0 20
1 0 0 20
1 0 0 20
1 0 0 25
1 0 0 25
1 0 0 25
1 0 0 25
1 0 0 25
1 0 0 26
1 0 0 26
1 0 0 27
1 0 0 27
1 0 0 26
1 0 0 26
1 0 0 26
1 0 0 28
1 0 0 28
1 0 0 28
1 0 0 28
1 0 0 28
1 0 0 29
1 0 0 30
1 0 0 30
1 0 0 30
1 0 0 30
1 0 0 30
1 0 0 31
1 0 0 31
1 0 0 31
1 0 0 31
1 0 0 31
1 0 0 29
1 0 0 29
1 0 0 32
1 0 0 32
1 0 0 32
1 0 0 32
1 0 0 32
1 0 0 27
1 0 0 27
1 0 0 27
1 0 0 29
1 0 0 29
1 0 0 33
1 0 0 33
1 0 0 33
1 0 0 33
1 0 0 33
1 0 0 34
1 0 0 34
1 0 0 34
1 0 0 34
1 0 0 34
1 0 0 35
1 0 0 35
1 0 0 35
1 0 0 35
1 0 0 35
0.1 3 4 -1
0.1 5 6 -1
0.1 176 177 -1
0.1 2 178 -1
0.1 10 11 -1
0.1 9 180 -1
0.1 8 181 -1
0.1 7 182 -1
0.1 179 183 -1
0.1 12 13 -1
0.1 15 16 -1
0.1 14 186 -1
0.1 18 19 -1
0.1 17 188 -1
0.1 187 189 -1
0.1 185 190 -1
0.1 22 23 -1
0.1 192 24 -1
0.1 21 193 -1
0.1 20 194 -1
0.1 26 27 -1
0.1 28 29 -1
0.1 196 197 -1
0.1 198 30 -1
0.1 199 31 -1
0.1 25 200 -1
0.1 195 201 -1
0.1 191 202 -1
0.1 184 203 -1
0.1 32 33 -1
0.1 35 36 -1
0.1 206 37 -1
0.1 34 207 -1
0.1 205 208 -1
0.1 39 40 -1
0.1 210 41 -1
0.1 38 211 -1
0.1 212 42 -1
0.1 209 213 -1
0.1 214 43 -1
0.1 204 215 -1
0.1 1 216 -1
0.1 46 47 -1
0.1 52 53 -1
0.1 51 219 -1
0.1 50 220 -1
0.1 49 221 -1
0.1 222 54 -1
0.1 48 223 -1
0.1 218 224 -1
0.1 45 225 -1
0.1 44 226 -1
0.1 58 59 -1
0.1 228 60 -1
0.1 57 229 -1
0.1 63 64 -1
0.1 62 231 -1
0.1 61 232 -1
0.1 66 67 -1
0.1 65 234 -1
0.1 68 69 -1
0.1 235 236 -1
0.1 237 70 -1
0.1 233 238 -1
0.1 230 239 -1
0.1 56 240 -1
0.1 241 71 -1
0.1 72 73 -1
0.1 242 243 -1
0.1 55 244 -1
0.1 227 245 -1
0.1 76 77 -1
0.1 247 78 -1
0.1 83 84 -1
0.1 249 85 -1
0.1 82 250 -1
0.1 81 251 -1
0.1 80 252 -1
0.1 79 253 -1
0.1 248 254 -1
0.1 75 255 -1
0.1 74 256 -1
0.1 257 86 -1
0.1 87 88 -1
0.1 258 259 -1
0.1 91 92 -1
0.1 90 261 -1
0.1 262 93 -1
0.1 89 263 -1
0.1 260 264 -1
0.1 246 265 -1
0.1 217 266 -1
0.1 98 99 -1
0.1 97 268 -1
0.1 96 269 -1
0.1 95 270 -1
0.1 103 104 -1
0.1 102 272 -1
0.1 101 273 -1
0.1 100 274 -1
0.1 271 275 -1
0.1 94 276 -1
0.1 105 106 -1
0.1 108 109 -1
0.1 107 279 -1
0.1 278 280 -1
0.1 277 281 -1
0.1 110 111 -1
0.1 113 114 -1
0.1 284 115 -1
0.1 285 116 -1
0.1 112 286 -1
0.1 283 287 -1
0.1 282 288 -1
0.1 121 122 -1
0.1 124 125 -1
0.1 123 291 -1
0.1 290 292 -1
0.1 120 293 -1
0.1 119 294 -1
0.1 118 295 -1
0.1 117 296 -1
0.1 289 297 -1
0.1 128 129 -1
0.1 299 130 -1
0.1 300 131 -1
0.1 301 132 -1
0.1 127 302 -1
0.1 126 303 -1
0.1 133 134 -1
0.1 136 137 -1
0.1 135 306 -1
0.1 305 307 -1
0.1 141 142 -1
0.1 140 309 -1
0.1 139 310 -1
0.1 311 143 -1
0.1 145 146 -1
0.1 313 147 -1
0.1 144 314 -1
0.1 315 148 -1
0.1 312 316 -1
0.1 138 317 -1
0.1 318 149 -1
0.1 319 150 -1
0.1 308 320 -1
0.1 304 321 -1
0.1 151 152 -1
0.1 154 155 -1
0.1 153 324 -1
0.1 323 325 -1
0.1 326 156 -1
0.1 157 158 -1
0.1 327 328 -1
0.1 161 162 -1
0.1 163 164 -1
0.1 330 331 -1
0.1 332 165 -1
0.1 160 333 -1
0.1 159 334 -1
0.1 329 335 -1
0.1 322 336 -1
0.1 168 169 -1
0.1 338 170 -1
0.1 167 339 -1
0.1 166 340 -1
0.1 171 172 -1
0.1 174 175 -1
0.1 173 343 -1
0.1 342 344 -1
0.1 341 345 -1
0.1 337 346 -1
0.1 298 347 -1
0.1 267 348 -1
