1 0 0 1
1 0 0 2
1 0 0 3
1 0 0 3
1 0 0 3
1 0 0 3
1 0 0 3
1 0 0 3
1 0 0 3
1 0 0 3
1 0 0 3
1 0 0 3
1 0 0 3
1 0 0 3
1 0 0 3
1 0 0 3
1 0 0 4
1 0 0 4
1 0 0 4
1 0 0 4
1 0 0 4
1 0 0 4
1 0 0 4
1 0 0 4
1 0 0 4
1 0 0 4
1 0 0 4
1 0 0 4
1 0 0 4
1 0 0 4
1 0 0 4
1 0 0 4
1 0 0 4
1 0 0 4
1 0 0 4
1 0 0 4
1 0 0 5
1 0 0 5
1 0 0 5
1 0 0 5
1 0 0 5
1 0 0 5
1 0 0 5
1 0 0 5
1 0 0 5
1 0 0 5
1 0 0 5
1 0 0 5
1 0 0 5
1 0 0 5
1 0 0 5
1 0 0 5
1 0 0 5
1 0 0 5
1 0 0 5
1 0 0 5
1 0 0 3
1 0 0 3
1 0 0 3
1 0 0 3
1 0 0 3
1 0 0 3
1 0 0 2
1 0 0 2
1 0 0 2
1 0 0 2
1 0 0 6
1 0 0 6
1 0 0 6
1 0 0 6
1 0 0 6
1 0 0 6
1 0 0 7
1 0 0 7
1 0 0 7
1 0 0 7
1 0 0 7
1 0 0 7
1 0 0 7
1 0 0 7
1 0 0 7
1 0 0 7
1 0 0 7
1 0 0 7
1 0 0 7
1 0 0 7
1 0 0 7
1 0 0 7
1 0 0 7
1 0 0 7
1 0 0 7
1 0 0 7
1 0 0 6
1 0 0 6
1 0 0 6
1 0 0 6
1 0 0 6
1 0 0 6
1 0 0 6
1 0 0 6
1 0 0 6
1 0 0 6
1 0 0 6
1 0 0 6
1 0 0 6
1 0 0 6
1 0 0 2
1 0 0 2
1 0 0 2
1 0 0 2
1 0 0 2
1 0 0 2
1 0 0 2
1 0 0 2
1 0 0 2
1 0 0 2
1 0 0 2
1 0 0 2
1 0 0 2
1 0 0 2
1 0 0 2
1 0 0 1
1 0 0 1
1 0 0 8
1 0 0 8
1 0 0 8
1 0 0 8
1 0 0 8
1 0 0 8
1 0 0 8
1 0 0 8
1 0 0 8
1 0 0 8
1 0 0 8
1 0 0 8
1 0 0 8
1 0 0 8
1 0 0 8
1 0 0 8
1 0 0 8
1 0 0 8
1 0 0 8
1 0 0 8
1 0 0 1
1 0 0 1
1 0 0 1
1 0 0 9
1 0 0 9
1 0 0 9
1 0 0 9
1 0 0 9
1 0 0 9
1 0 0 10
1 0 0 10
1 0 0 10
1 0 0 10
1 0 0 10
1 0 0 10
1 0 0 10
1 0 0 10
1 0 0 10
1 0 0 10
1 0 0 10
1 0 0 10
1 0 0 10
1 0 0 10
1 0 0 10
1 0 0 10
1 0 0 10
1 0 0 10
1 0 0 10
1 0 0 10
1 0 0 9
1 0 0 9
1 0 0 9
1 0 0 9
1 0 0 9
1 0 0 9
1 0 0 9
1 0 0 9
1 0 0 9
1 0 0 9
1 0 0 9
1 0 0 11
1 0 0 11
1 0 0 11
1 0 0 11
1 0 0 11
1 0 0 11
1 0 0 11
1 0 0 11
1 0 0 11
1 0 0 11
1 0 0 11
1 0 0 11
1 0 0 11
1 0 0 11
1 0 0 11
1 0 0 11
1 0 0 11
1 0 0 11
1 0 0 11
1 0 0 11
1 0 0 12
1 0 0 12
1 0 0 13
1 0 0 13
1 0 0 13
1 0 0 13
1 0 0 13
1 0 0 13
1 0 0 13
1 0 0 13
1 0 0 13
1 0 0 13
1 0 0 13
1 0 0 13
1 0 0 13
1 0 0 13
1 0 0 13
1 0 0 13
1 0 0 13
1 0 0 13
1 0 0 13
1 0 0 13
1 0 0 12
1 0 0 12
1 0 0 12
1 0 0 12
1 0 0 12
1 0 0 12
1 0 0 12
1 0 0 12
1 0 0 12
1 0 0 12
1 0 0 12
1 0 0 12
1 0 0 12
1 0 0 12
1 0 0 12
1 0 0 12
1 0 0 12
1 0 0 12
1 0 0 14
1 0 0 15
1 0 0 15
1 0 0 15
1 0 0 15
1 0 0 15
1 0 0 15
1 0 0 15
1 0 0 15
1 0 0 15
1 0 0 15
1 0 0 15
1 0 0 15
1 0 0 15
1 0 0 15
1 0 0 15
1 0 0 15
1 0 0 15
1 0 0 15
1 0 0 15
1 0 0 15
1 0 0 14
1 0 0 14
1 0 0 14
1 0 0 16
1 0 0 16
1 0 0 16
1 0 0 16
1 0 0 16
1 0 0 16
1 0 0 16
1 0 0 16
1 0 0 16
1 0 0 16
1 0 0 16
1 0 0 16
1 0 0 16
1 0 0 16
1 0 0 16
1 0 0 16
1 0 0 16
1 0 0 16
1 0 0 16
1 0 0 16
1 0 0 17
1 0 0 17
1 0 0 17
1 0 0 17
1 0 0 17
1 0 0 17
1 0 0 17
1 0 0 17
1 0 0 17
1 0 0 17
1 0 0 17
1 0 0 17
1 0 0 17
1 0 0 17
1 0 0 17
1 0 0 17
1 0 0 17
1 0 0 17
1 0 0 17
1 0 0 17
1 0 0 14
1 0 0 14
1 0 0 14
1 0 0 14
1 0 0 14
1 0 0 14
1 0 0 14
1 0 0 14
1 0 0 9
1 0 0 9
1 0 0 14
1 0 0 14
1 0 0 14
1 0 0 14
1 0 0 18
1 0 0 18
1 0 0 18
1 0 0 18
1 0 0 18
1 0 0 18
1 0 0 18
1 0 0 18
1 0 0 18
1 0 0 18
1 0 0 18
1 0 0 18
1 0 0 18
1 0 0 18
1 0 0 18
1 0 0 18
1 0 0 18
1 0 0 18
1 0 0 18
1 0 0 18
1 0 0 14
1 0 0 14
1 0 0 14
1 0 0 14
1 0 0 9
1 0 0 19
1 0 0 19
1 0 0 19
1 0 0 19
1 0 0 19
1 0 0 19
1 0 0 19
1 0 0 19
1 0 0 19
1 0 0 19
1 0 0 19
1 0 0 19
1 0 0 19
1 0 0 19
1 0 0 19
1 0 0 19
1 0 0 19
1 0 0 19
1 0 0 19
1 0 0 19
1 0 0 1
1 0 0 1
1 0 0 1
1 0 0 1
1 0 0 1
1 0 0 1
1 0 0 1
1 0 0 1
1 0 0 20
1 0 0 20
1 0 0 20
1 0 0 20
1 0 0 20
1 0 0 20
1 0 0 20
1 0 0 20
1 0 0 20
1 0 0 20
1 0 0 20
1 0 0 20
1 0 0 20
1 0 0 20
1 0 0 20
1 0 0 20
1 0 0 20
1 0 0 20
1 0 0 20
1 0 0 20
1 0 0 21
1 0 0 21
1 0 0 21
1 0 0 21
1 0 0 21
1 0 0 21
1 0 0 21
1 0 0 21
1 0 0 22
1 0 0 22
1 0 0 22
1 0 0 22
1 0 0 23
1 0 0 23
1 0 0 23
1 0 0 23
1 0 0 23
1 0 0 23
1 0 0 23
1 0 0 23
1 0 0 23
1 0 0 23
1 0 0 23
1 0 0 23
1 0 0 23
1 0 0 23
1 0 0 23
1 0 0 23
1 0 0 23
1 0 0 23
1 0 0 23
1 0 0 23
1 0 0 22
1 0 0 22
1 0 0 22
1 0 0 22
1 0 0 22
1 0 0 22
1 0 0 22
1 0 0 22
1 0 0 22
1 0 0 22
1 0 0 22
1 0 0 22
1 0 0 22
1 0 0 22
1 0 0 22
1 0 0 22
1 0 0 21
1 0 0 21
1 0 0 21
1 0 0 21
1 0 0 21
1 0 0 21
1 0 0 21
1 0 0 21
1 0 0 24
1 0 0 24
1 0 0 24
1 0 0 24
1 0 0 24
1 0 0 24
1 0 0 24
1 0 0 24
1 0 0 24
1 0 0 24
1 0 0 24
1 0 0 24
1 0 0 24
1 0 0 24
1 0 0 24
1 0 0 24
1 0 0 24
1 0 0 24
1 0 0 24
1 0 0 24
1 0 0 21
1 0 0 21
1 0 0 21
1 0 0 21
1 0 0 1
1 0 0 1
1 0 0 1
1 0 0 1
1 0 0 1
1 0 0 1
1 0 0 25
1 0 0 25
1 0 0 25
1 0 0 25
1 0 0 25
1 0 0 25
1 0 0 25
1 0 0 25
1 0 0 25
1 0 0 25
1 0 0 25
1 0 0 26
1 0 0 26
1 0 0 26
1 0 0 26
1 0 0 26
1 0 0 26
1 0 0 26
1 0 0 26
1 0 0 26
1 0 0 27
1 0 0 27
1 0 0 27
1 0 0 27
1 0 0 27
1 0 0 27
1 0 0 27
1 0 0 27
1 0 0 27
1 0 0 27
1 0 0 27
1 0 0 27
1 0 0 27
1 0 0 27
1 0 0 27
1 0 0 27
1 0 0 27
1 0 0 27
1 0 0 27
1 0 0 27
1 0 0 26
1 0 0 26
1 0 0 26
1 0 0 26
1 0 0 26
1 0 0 26
1 0 0 26
1 0 0 26
1 0 0 26
1 0 0 26
1 0 0 26
1 0 0 25
1 0 0 25
1 0 0 28
1 0 0 28
1 0 0 28
1 0 0 28
1 0 0 28
1 0 0 28
1 0 0 28
1 0 0 28
1 0 0 28
1 0 0 28
1 0 0 29
1 0 0 29
1 0 0 29
1 0 0 29
1 0 0 29
1 0 0 29
1 0 0 29
1 0 0 29
1 0 0 29
1 0 0 29
1 0 0 29
1 0 0 29
1 0 0 29
1 0 0 29
1 0 0 29
1 0 0 29
1 0 0 29
1 0 0 29
1 0 0 29
1 0 0 29
1 0 0 30
1 0 0 30
1 0 0 30
1 0 0 30
1 0 0 30
1 0 0 30
1 0 0 30
1 0 0 30
1 0 0 30
1 0 0 30
1 0 0 30
1 0 0 30
1 0 0 30
1 0 0 30
1 0 0 30
1 0 0 30
1 0 0 30
1 0 0 30
1 0 0 30
1 0 0 30
1 0 0 28
1 0 0 28
1 0 0 28
1 0 0 28
1 0 0 28
1 0 0 28
1 0 0 28
1 0 0 28
1 0 0 28
1 0 0 28
1 0 0 31
1 0 0 31
1 0 0 31
1 0 0 31
1 0 0 31
1 0 0 31
1 0 0 31
1 0 0 31
1 0 0 31
1 0 0 31
1 0 0 31
1 0 0 31
1 0 0 31
1 0 0 31
1 0 0 31
1 0 0 31
1 0 0 31
1 0 0 31
1 0 0 31
1 0 0 31
1 0 0 25
1 0 0 25
1 0 0 32
1 0 0 32
1 0 0 32
1 0 0 32
1 0 0 32
1 0 0 32
1 0 0 32
1 0 0 32
1 0 0 32
1 0 0 32
1 0 0 32
1 0 0 32
1 0 0 32
1 0 0 32
1 0 0 32
1 0 0 32
1 0 0 32
1 0 0 32
1 0 0 32
1 0 0 32
1 0 0 33
1 0 0 33
1 0 0 33
1 0 0 33
1 0 0 33
1 0 0 33
1 0 0 33
1 0 0 33
1 0 0 33
1 0 0 33
1 0 0 33
1 0 0 33
1 0 0 33
1 0 0 33
1 0 0 33
1 0 0 33
1 0 0 33
1 0 0 33
1 0 0 33
1 0 0 33
1 0 0 25
1 0 0 25
1 0 0 34
1 0 0 34
1 0 0 34
1 0 0 34
1 0 0 34
1 0 0 34
1 0 0 34
1 0 0 34
1 0 0 35
1 0 0 35
1 0 0 34
1 0 0 34
1 0 0 34
1 0 0 34
1 0 0 34
1 0 0 34
1 0 0 36
1 0 0 36
1 0 0 36
1 0 0 36
1 0 0 36
1 0 0 36
1 0 0 36
1 0 0 36
1 0 0 36
1 0 0 36
1 0 0 36
1 0 0 36
1 0 0 36
1 0 0 36
1 0 0 36
1 0 0 36
1 0 0 36
1 0 0 36
1 0 0 36
1 0 0 36
1 0 0 34
1 0 0 35
1 0 0 35
1 0 0 35
1 0 0 35
1 0 0 35
1 0 0 35
1 0 0 35
1 0 0 35
1 0 0 35
1 0 0 35
1 0 0 35
1 0 0 35
1 0 0 35
1 0 0 35
1 0 0 35
1 0 0 35
1 0 0 35
1 0 0 35
1 0 0 34
1 0 0 34
1 0 0 34
1 0 0 34
1 0 0 34
1 0 0 37
1 0 0 38
1 0 0 38
1 0 0 38
1 0 0 38
1 0 0 38
1 0 0 38
1 0 0 38
1 0 0 38
1 0 0 38
1 0 0 38
1 0 0 38
1 0 0 38
1 0 0 38
1 0 0 38
1 0 0 38
1 0 0 38
1 0 0 38
1 0 0 38
1 0 0 38
1 0 0 38
1 0 0 39
1 0 0 39
1 0 0 40
1 0 0 40
1 0 0 40
1 0 0 40
1 0 0 40
1 0 0 40
1 0 0 40
1 0 0 40
1 0 0 40
1 0 0 40
1 0 0 40
1 0 0 40
1 0 0 40
1 0 0 40
1 0 0 40
1 0 0 40
1 0 0 40
1 0 0 40
1 0 0 40
1 0 0 40
1 0 0 39
1 0 0 39
1 0 0 39
1 0 0 39
1 0 0 39
1 0 0 39
1 0 0 39
1 0 0 39
1 0 0 39
1 0 0 39
1 0 0 39
1 0 0 39
1 0 0 39
1 0 0 39
1 0 0 39
1 0 0 39
1 0 0 39
1 0 0 39
1 0 0 37
1 0 0 37
1 0 0 37
1 0 0 37
1 0 0 37
1 0 0 37
1 0 0 37
1 0 0 37
1 0 0 37
1 0 0 37
1 0 0 37
1 0 0 37
1 0 0 37
1 0 0 41
1 0 0 41
1 0 0 41
1 0 0 41
1 0 0 41
1 0 0 41
1 0 0 41
1 0 0 41
1 0 0 41
1 0 0 41
1 0 0 41
1 0 0 42
1 0 0 42
1 0 0 42
1 0 0 42
1 0 0 42
1 0 0 42
1 0 0 42
1 0 0 42
1 0 0 42
1 0 0 42
1 0 0 42
1 0 0 42
1 0 0 42
1 0 0 42
1 0 0 42
1 0 0 42
1 0 0 42
1 0 0 42
1 0 0 42
1 0 0 42
1 0 0 41
1 0 0 41
1 0 0 37
1 0 0 41
1 0 0 41
1 0 0 41
1 0 0 43
1 0 0 43
1 0 0 43
1 0 0 43
1 0 0 43
1 0 0 43
1 0 0 43
1 0 0 43
1 0 0 43
1 0 0 43
1 0 0 43
1 0 0 43
1 0 0 43
1 0 0 43
1 0 0 43
1 0 0 43
1 0 0 43
1 0 0 43
1 0 0 43
1 0 0 43
1 0 0 41
1 0 0 41
1 0 0 44
1 0 0 44
1 0 0 44
1 0 0 44
1 0 0 44
1 0 0 44
1 0 0 44
1 0 0 44
1 0 0 44
1 0 0 44
1 0 0 44
1 0 0 44
1 0 0 44
1 0 0 44
1 0 0 44
1 0 0 44
1 0 0 44
1 0 0 44
1 0 0 44
1 0 0 44
1 0 0 45
1 0 0 45
1 0 0 45
1 0 0 45
1 0 0 45
1 0 0 45
1 0 0 45
1 0 0 45
1 0 0 45
1 0 0 45
1 0 0 45
1 0 0 45
1 0 0 45
1 0 0 45
1 0 0 45
1 0 0 45
1 0 0 45
1 0 0 45
1 0 0 45
1 0 0 45
1 0 0 41
1 0 0 41
1 0 0 37
1 0 0 37
1 0 0 37
1 0 0 37
1 0 0 37
1 0 0 25
1 0 0 25
1 0 0 46
1 0 0 46
1 0 0 46
1 0 0 46
1 0 0 46
1 0 0 46
1 0 0 46
1 0 0 46
1 0 0 46
1 0 0 46
1 0 0 46
1 0 0 46
1 0 0 46
1 0 0 46
1 0 0 46
1 0 0 46
1 0 0 46
1 0 0 46
1 0 0 46
1 0 0 46
1 0 0 25
1 0 0 47
1 0 0 48
1 0 0 48
1 0 0 48
1 0 0 48
1 0 0 49
1 0 0 49
1 0 0 49
1 0 0 49
1 0 0 49
1 0 0 49
1 0 0 49
1 0 0 49
1 0 0 49
1 0 0 49
1 0 0 49
1 0 0 49
1 0 0 50
1 0 0 50
1 0 0 50
1 0 0 50
1 0 0 50
1 0 0 50
1 0 0 50
1 0 0 50
1 0 0 50
1 0 0 50
1 0 0 50
1 0 0 50
1 0 0 50
1 0 0 50
1 0 0 50
1 0 0 50
1 0 0 50
1 0 0 50
1 0 0 50
1 0 0 50
1 0 0 49
1 0 0 49
1 0 0 49
1 0 0 51
1 0 0 51
1 0 0 51
1 0 0 51
1 0 0 51
1 0 0 51
1 0 0 51
1 0 0 51
1 0 0 51
1 0 0 51
1 0 0 51
1 0 0 51
1 0 0 51
1 0 0 51
1 0 0 51
1 0 0 51
1 0 0 52
1 0 0 52
1 0 0 52
1 0 0 52
1 0 0 52
1 0 0 52
1 0 0 52
1 0 0 52
1 0 0 52
1 0 0 52
1 0 0 52
1 0 0 52
1 0 0 52
1 0 0 52
1 0 0 52
1 0 0 52
1 0 0 52
1 0 0 52
1 0 0 52
1 0 0 52
1 0 0 51
1 0 0 51
1 0 0 51
1 0 0 51
1 0 0 49
1 0 0 49
1 0 0 49
1 0 0 49
1 0 0 49
1 0 0 48
1 0 0 48
1 0 0 48
1 0 0 48
1 0 0 48
1 0 0 48
1 0 0 48
1 0 0 48
1 0 0 48
1 0 0 48
1 0 0 48
1 0 0 48
1 0 0 48
1 0 0 48
1 0 0 48
1 0 0 48
1 0 0 47
1 0 0 47
1 0 0 47
1 0 0 47
1 0 0 47
1 0 0 47
1 0 0 47
1 0 0 47
1 0 0 47
1 0 0 47
1 0 0 47
1 0 0 53
1 0 0 53
1 0 0 53
1 0 0 53
1 0 0 53
1 0 0 53
1 0 0 53
1 0 0 53
1 0 0 53
1 0 0 53
1 0 0 53
1 0 0 53
1 0 0 53
1 0 0 53
1 0 0 53
1 0 0 53
1 0 0 53
1 0 0 53
1 0 0 53
1 0 0 53
1 0 0 47
1 0 0 47
1 0 0 47
1 0 0 47
1 0 0 47
1 0 0 54
1 0 0 54
1 0 0 54
1 0 0 54
1 0 0 54
1 0 0 54
1 0 0 54
1 0 0 54
1 0 0 54
1 0 0 54
1 0 0 54
1 0 0 54
1 0 0 54
1 0 0 54
1 0 0 54
1 0 0 54
1 0 0 54
1 0 0 54
1 0 0 54
1 0 0 54
1 0 0 47
1 0 0 47
1 0 0 47
0.1 5 6 -1
0.1 4 1081 -1
0.1 7 8 -1
0.1 1082 1083 -1
0.1 3 1084 -1
0.1 12 13 -1
0.1 11 1086 -1
0.1 1087 14 -1
0.1 15 16 -1
0.1 1088 1089 -1
0.1 17 18 -1
0.1 19 20 -1
0.1 21 22 -1
0.1 1092 1093 -1
0.1 23 24 -1
0.1 26 27 -1
0.1 25 1096 -1
0.1 1095 1097 -1
0.1 1094 1098 -1
0.1 1091 1099 -1
0.1 29 30 -1
0.1 28 1101 -1
0.1 1102 31 -1
0.1 32 33 -1
0.1 1103 1104 -1
0.1 35 36 -1
0.1 34 1106 -1
0.1 43 44 -1
0.1 42 1108 -1
0.1 41 1109 -1
0.1 40 1110 -1
0.1 39 1111 -1
0.1 45 46 -1
0.1 1112 1113 -1
0.1 50 51 -1
0.1 49 1115 -1
0.1 48 1116 -1
0.1 52 53 -1
0.1 1117 1118 -1
0.1 47 1119 -1
0.1 1114 1120 -1
0.1 55 56 -1
0.1 54 1122 -1
0.1 1121 1123 -1
0.1 38 1124 -1
0.1 37 1125 -1
0.1 1107 1126 -1
0.1 1105 1127 -1
0.1 1100 1128 -1
0.1 57 58 -1
0.1 1129 1130 -1
0.1 1090 1131 -1
0.1 60 61 -1
0.1 59 1133 -1
0.1 1132 1134 -1
0.1 1135 62 -1
0.1 10 1136 -1
0.1 9 1137 -1
0.1 1085 1138 -1
0.1 63 64 -1
0.1 68 69 -1
0.1 74 75 -1
0.1 73 1142 -1
0.1 76 77 -1
0.1 79 80 -1
0.1 1145 81 -1
0.1 78 1146 -1
0.1 82 83 -1
0.1 1147 1148 -1
0.1 85 86 -1
0.1 84 1150 -1
0.1 1149 1151 -1
0.1 1144 1152 -1
0.1 88 89 -1
0.1 87 1154 -1
0.1 91 92 -1
0.1 90 1156 -1
0.1 1155 1157 -1
0.1 1153 1158 -1
0.1 1143 1159 -1
0.1 72 1160 -1
0.1 71 1161 -1
0.1 70 1162 -1
0.1 1141 1163 -1
0.1 67 1164 -1
0.1 94 95 -1
0.1 93 1166 -1
0.1 98 99 -1
0.1 97 1168 -1
0.1 96 1169 -1
0.1 1167 1170 -1
0.1 100 101 -1
0.1 102 103 -1
0.1 1172 1173 -1
0.1 104 105 -1
0.1 1175 106 -1
0.1 1174 1176 -1
0.1 1171 1177 -1
0.1 1165 1178 -1
0.1 66 1179 -1
0.1 1180 107 -1
0.1 65 1181 -1
0.1 108 109 -1
0.1 1183 110 -1
0.1 112 113 -1
0.1 111 1185 -1
0.1 1184 1186 -1
0.1 1182 1187 -1
0.1 1140 1188 -1
0.1 114 115 -1
0.1 1189 1190 -1
0.1 1139 1191 -1
0.1 2 1192 -1
0.1 116 117 -1
0.1 118 119 -1
0.1 1194 1195 -1
0.1 120 121 -1
0.1 1196 1197 -1
0.1 1193 1198 -1
0.1 1 1199 -1
0.1 1200 122 -1
0.1 125 126 -1
0.1 128 129 -1
0.1 127 1203 -1
0.1 130 131 -1
0.1 1205 132 -1
0.1 1204 1206 -1
0.1 133 134 -1
0.1 136 137 -1
0.1 139 140 -1
0.1 138 1210 -1
0.1 1209 1211 -1
0.1 135 1212 -1
0.1 1208 1213 -1
0.1 142 143 -1
0.1 141 1215 -1
0.1 1214 1216 -1
0.1 1207 1217 -1
0.1 1202 1218 -1
0.1 124 1219 -1
0.1 123 1220 -1
0.1 1201 1221 -1
0.1 144 145 -1
0.1 1223 146 -1
0.1 149 150 -1
0.1 151 152 -1
0.1 1225 1226 -1
0.1 153 154 -1
0.1 157 158 -1
0.1 1229 159 -1
0.1 156 1230 -1
0.1 155 1231 -1
0.1 1228 1232 -1
0.1 160 161 -1
0.1 162 163 -1
0.1 1234 1235 -1
0.1 165 166 -1
0.1 164 1237 -1
0.1 1236 1238 -1
0.1 1233 1239 -1
0.1 167 168 -1
0.1 1240 1241 -1
0.1 169 170 -1
0.1 1242 1243 -1
0.1 171 172 -1
0.1 1244 1245 -1
0.1 1227 1246 -1
0.1 173 174 -1
0.1 1247 1248 -1
0.1 148 1249 -1
0.1 147 1250 -1
0.1 175 176 -1
0.1 178 179 -1
0.1 177 1253 -1
0.1 1254 180 -1
0.1 181 182 -1
0.1 1255 1256 -1
0.1 1252 1257 -1
0.1 184 185 -1
0.1 186 187 -1
0.1 1260 188 -1
0.1 1261 189 -1
0.1 1262 190 -1
0.1 194 195 -1
0.1 193 1264 -1
0.1 192 1265 -1
0.1 191 1266 -1
0.1 196 197 -1
0.1 1267 1268 -1
0.1 1263 1269 -1
0.1 1259 1270 -1
0.1 199 200 -1
0.1 198 1272 -1
0.1 1271 1273 -1
0.1 201 202 -1
0.1 1275 203 -1
0.1 1274 1276 -1
0.1 204 205 -1
0.1 1277 1278 -1
0.1 207 208 -1
0.1 209 210 -1
0.1 1280 1281 -1
0.1 206 1282 -1
0.1 213 214 -1
0.1 212 1284 -1
0.1 211 1285 -1
0.1 215 216 -1
0.1 1286 1287 -1
0.1 217 218 -1
0.1 1289 219 -1
0.1 1288 1290 -1
0.1 1283 1291 -1
0.1 221 222 -1
0.1 220 1293 -1
0.1 1294 223 -1
0.1 224 225 -1
0.1 1295 1296 -1
0.1 1292 1297 -1
0.1 1298 226 -1
0.1 1279 1299 -1
0.1 228 229 -1
0.1 227 1301 -1
0.1 230 231 -1
0.1 1303 232 -1
0.1 235 236 -1
0.1 234 1305 -1
0.1 233 1306 -1
0.1 1304 1307 -1
0.1 1302 1308 -1
0.1 1300 1309 -1
0.1 237 238 -1
0.1 1311 239 -1
0.1 240 241 -1
0.1 1313 242 -1
0.1 1312 1314 -1
0.1 1315 243 -1
0.1 1310 1316 -1
0.1 183 1317 -1
0.1 246 247 -1
0.1 252 253 -1
0.1 251 1320 -1
0.1 250 1321 -1
0.1 254 255 -1
0.1 1322 1323 -1
0.1 256 257 -1
0.1 1325 258 -1
0.1 1324 1326 -1
0.1 260 261 -1
0.1 259 1328 -1
0.1 263 264 -1
0.1 262 1330 -1
0.1 1329 1331 -1
0.1 1327 1332 -1
0.1 249 1333 -1
0.1 248 1334 -1
0.1 1319 1335 -1
0.1 245 1336 -1
0.1 266 267 -1
0.1 265 1338 -1
0.1 270 271 -1
0.1 269 1340 -1
0.1 273 274 -1
0.1 272 1342 -1
0.1 275 276 -1
0.1 277 278 -1
0.1 281 282 -1
0.1 280 1346 -1
0.1 1347 283 -1
0.1 279 1348 -1
0.1 1345 1349 -1
0.1 284 285 -1
0.1 1350 1351 -1
0.1 1344 1352 -1
0.1 1343 1353 -1
0.1 1354 286 -1
0.1 1355 287 -1
0.1 1341 1356 -1
0.1 268 1357 -1
0.1 288 289 -1
0.1 1359 290 -1
0.1 292 293 -1
0.1 1361 294 -1
0.1 291 1362 -1
0.1 296 297 -1
0.1 295 1364 -1
0.1 1363 1365 -1
0.1 1360 1366 -1
0.1 298 299 -1
0.1 301 302 -1
0.1 303 304 -1
0.1 1369 1370 -1
0.1 300 1371 -1
0.1 1368 1372 -1
0.1 306 307 -1
0.1 305 1374 -1
0.1 1373 1375 -1
0.1 1367 1376 -1
0.1 1358 1377 -1
0.1 1339 1378 -1
0.1 1337 1379 -1
0.1 1380 308 -1
0.1 309 310 -1
0.1 1381 1382 -1
0.1 244 1383 -1
0.1 1384 311 -1
0.1 312 313 -1
0.1 314 315 -1
0.1 1386 1387 -1
0.1 1385 1388 -1
0.1 316 317 -1
0.1 1389 1390 -1
0.1 1318 1391 -1
0.1 318 319 -1
0.1 324 325 -1
0.1 323 1394 -1
0.1 322 1395 -1
0.1 326 327 -1
0.1 1396 1397 -1
0.1 329 330 -1
0.1 328 1399 -1
0.1 333 334 -1
0.1 332 1401 -1
0.1 331 1402 -1
0.1 335 336 -1
0.1 1404 337 -1
0.1 338 339 -1
0.1 1406 340 -1
0.1 1405 1407 -1
0.1 1408 341 -1
0.1 1403 1409 -1
0.1 1400 1410 -1
0.1 1398 1411 -1
0.1 1412 342 -1
0.1 321 1413 -1
0.1 320 1414 -1
0.1 343 344 -1
0.1 1416 345 -1
0.1 1415 1417 -1
0.1 1393 1418 -1
0.1 1392 1419 -1
0.1 1420 346 -1
0.1 1258 1421 -1
0.1 1251 1422 -1
0.1 1224 1423 -1
0.1 347 348 -1
0.1 349 350 -1
0.1 1425 1426 -1
0.1 353 354 -1
0.1 352 1428 -1
0.1 355 356 -1
0.1 1430 357 -1
0.1 1429 1431 -1
0.1 359 360 -1
0.1 358 1433 -1
0.1 1432 1434 -1
0.1 361 362 -1
0.1 1435 1436 -1
0.1 364 365 -1
0.1 1438 366 -1
0.1 363 1439 -1
0.1 1437 1440 -1
0.1 351 1441 -1
0.1 1427 1442 -1
0.1 1443 367 -1
0.1 1444 368 -1
0.1 370 371 -1
0.1 372 373 -1
0.1 1446 1447 -1
0.1 1448 374 -1
0.1 369 1449 -1
0.1 1445 1450 -1
0.1 376 377 -1
0.1 375 1452 -1
0.1 378 379 -1
0.1 380 381 -1
0.1 1455 382 -1
0.1 384 385 -1
0.1 1457 386 -1
0.1 383 1458 -1
0.1 1459 387 -1
0.1 1456 1460 -1
0.1 1454 1461 -1
0.1 1462 388 -1
0.1 1453 1463 -1
0.1 389 390 -1
0.1 392 393 -1
0.1 391 1466 -1
0.1 1465 1467 -1
0.1 1464 1468 -1
0.1 395 396 -1
0.1 397 398 -1
0.1 399 400 -1
0.1 1471 1472 -1
0.1 409 410 -1
0.1 408 1474 -1
0.1 412 413 -1
0.1 414 415 -1
0.1 1477 416 -1
0.1 1476 1478 -1
0.1 1479 417 -1
0.1 418 419 -1
0.1 1480 1481 -1
0.1 411 1482 -1
0.1 420 421 -1
0.1 423 424 -1
0.1 1485 425 -1
0.1 422 1486 -1
0.1 1484 1487 -1
0.1 1488 426 -1
0.1 1483 1489 -1
0.1 1475 1490 -1
0.1 407 1491 -1
0.1 406 1492 -1
0.1 1493 427 -1
0.1 428 429 -1
0.1 1494 1495 -1
0.1 405 1496 -1
0.1 430 431 -1
0.1 1498 432 -1
0.1 1497 1499 -1
0.1 433 434 -1
0.1 435 436 -1
0.1 437 438 -1
0.1 1503 439 -1
0.1 1502 1504 -1
0.1 1501 1505 -1
0.1 1500 1506 -1
0.1 404 1507 -1
0.1 441 442 -1
0.1 440 1509 -1
0.1 1508 1510 -1
0.1 403 1511 -1
0.1 402 1512 -1
0.1 401 1513 -1
0.1 444 445 -1
0.1 443 1515 -1
0.1 1514 1516 -1
0.1 1473 1517 -1
0.1 448 449 -1
0.1 447 1519 -1
0.1 446 1520 -1
0.1 454 455 -1
0.1 453 1522 -1
0.1 456 457 -1
0.1 1524 458 -1
0.1 1523 1525 -1
0.1 459 460 -1
0.1 1526 1527 -1
0.1 462 463 -1
0.1 1529 464 -1
0.1 461 1530 -1
0.1 1528 1531 -1
0.1 1532 465 -1
0.1 452 1533 -1
0.1 451 1534 -1
0.1 467 468 -1
0.1 469 470 -1
0.1 1536 1537 -1
0.1 466 1538 -1
0.1 1535 1539 -1
0.1 450 1540 -1
0.1 471 472 -1
0.1 1542 473 -1
0.1 1541 1543 -1
0.1 1521 1544 -1
0.1 1518 1545 -1
0.1 1470 1546 -1
0.1 1547 474 -1
0.1 394 1548 -1
0.1 1469 1549 -1
0.1 1451 1550 -1
0.1 1424 1551 -1
0.1 1552 475 -1
0.1 1222 1553 -1
0.1 1554 476 -1
0.1 478 479 -1
0.1 1556 480 -1
0.1 484 485 -1
0.1 483 1558 -1
0.1 482 1559 -1
0.1 481 1560 -1
0.1 487 488 -1
0.1 486 1562 -1
0.1 1561 1563 -1
0.1 489 490 -1
0.1 495 496 -1
0.1 494 1566 -1
0.1 1567 497 -1
0.1 493 1568 -1
0.1 492 1569 -1
0.1 499 500 -1
0.1 498 1571 -1
0.1 503 504 -1
0.1 502 1573 -1
0.1 501 1574 -1
0.1 505 506 -1
0.1 508 509 -1
0.1 507 1577 -1
0.1 1576 1578 -1
0.1 511 512 -1
0.1 1580 513 -1
0.1 510 1581 -1
0.1 514 515 -1
0.1 1582 1583 -1
0.1 1579 1584 -1
0.1 516 517 -1
0.1 1586 518 -1
0.1 1587 519 -1
0.1 1585 1588 -1
0.1 1575 1589 -1
0.1 1590 520 -1
0.1 1591 521 -1
0.1 522 523 -1
0.1 1592 1593 -1
0.1 1572 1594 -1
0.1 1570 1595 -1
0.1 527 528 -1
0.1 1597 529 -1
0.1 526 1598 -1
0.1 525 1599 -1
0.1 1600 530 -1
0.1 524 1601 -1
0.1 1596 1602 -1
0.1 1603 531 -1
0.1 491 1604 -1
0.1 1605 532 -1
0.1 1565 1606 -1
0.1 1607 533 -1
0.1 534 535 -1
0.1 536 537 -1
0.1 1610 538 -1
0.1 1609 1611 -1
0.1 539 540 -1
0.1 544 545 -1
0.1 546 547 -1
0.1 1614 1615 -1
0.1 1616 548 -1
0.1 550 551 -1
0.1 553 554 -1
0.1 552 1619 -1
0.1 555 556 -1
0.1 1620 1621 -1
0.1 557 558 -1
0.1 1622 1623 -1
0.1 560 561 -1
0.1 559 1625 -1
0.1 562 563 -1
0.1 1626 1627 -1
0.1 567 568 -1
0.1 1629 569 -1
0.1 566 1630 -1
0.1 572 573 -1
0.1 571 1632 -1
0.1 1633 574 -1
0.1 570 1634 -1
0.1 1631 1635 -1
0.1 565 1636 -1
0.1 564 1637 -1
0.1 576 577 -1
0.1 578 579 -1
0.1 580 581 -1
0.1 1640 1641 -1
0.1 582 583 -1
0.1 1642 1643 -1
0.1 1639 1644 -1
0.1 575 1645 -1
0.1 1638 1646 -1
0.1 1628 1647 -1
0.1 1624 1648 -1
0.1 1618 1649 -1
0.1 549 1650 -1
0.1 1617 1651 -1
0.1 543 1652 -1
0.1 542 1653 -1
0.1 1654 584 -1
0.1 585 586 -1
0.1 587 588 -1
0.1 589 590 -1
0.1 1657 1658 -1
0.1 1656 1659 -1
0.1 1655 1660 -1
0.1 541 1661 -1
0.1 1613 1662 -1
0.1 1612 1663 -1
0.1 592 593 -1
0.1 595 596 -1
0.1 594 1666 -1
0.1 597 598 -1
0.1 1668 599 -1
0.1 1667 1669 -1
0.1 1670 600 -1
0.1 601 602 -1
0.1 605 606 -1
0.1 604 1673 -1
0.1 608 609 -1
0.1 607 1675 -1
0.1 1674 1676 -1
0.1 603 1677 -1
0.1 610 611 -1
0.1 1678 1679 -1
0.1 1672 1680 -1
0.1 1671 1681 -1
0.1 612 613 -1
0.1 1682 1683 -1
0.1 1665 1684 -1
0.1 591 1685 -1
0.1 1664 1686 -1
0.1 1608 1687 -1
0.1 1688 614 -1
0.1 1564 1689 -1
0.1 616 617 -1
0.1 620 621 -1
0.1 619 1692 -1
0.1 625 626 -1
0.1 624 1694 -1
0.1 623 1695 -1
0.1 622 1696 -1
0.1 1693 1697 -1
0.1 627 628 -1
0.1 629 630 -1
0.1 631 632 -1
0.1 1701 633 -1
0.1 1700 1702 -1
0.1 634 635 -1
0.1 1703 1704 -1
0.1 1699 1705 -1
0.1 1698 1706 -1
0.1 618 1707 -1
0.1 1691 1708 -1
0.1 615 1709 -1
0.1 638 639 -1
0.1 640 641 -1
0.1 1711 1712 -1
0.1 637 1713 -1
0.1 636 1714 -1
0.1 642 643 -1
0.1 1715 1716 -1
0.1 645 646 -1
0.1 647 648 -1
0.1 649 650 -1
0.1 651 652 -1
0.1 1720 1721 -1
0.1 1719 1722 -1
0.1 1723 653 -1
0.1 1724 654 -1
0.1 1718 1725 -1
0.1 644 1726 -1
0.1 1717 1727 -1
0.1 1728 655 -1
0.1 1729 656 -1
0.1 659 660 -1
0.1 658 1731 -1
0.1 663 664 -1
0.1 1733 665 -1
0.1 666 667 -1
0.1 1735 668 -1
0.1 1736 669 -1
0.1 1737 670 -1
0.1 1738 671 -1
0.1 1734 1739 -1
0.1 672 673 -1
0.1 674 675 -1
0.1 678 679 -1
0.1 677 1743 -1
0.1 676 1744 -1
0.1 1742 1745 -1
0.1 680 681 -1
0.1 683 684 -1
0.1 682 1748 -1
0.1 1747 1749 -1
0.1 688 689 -1
0.1 687 1751 -1
0.1 686 1752 -1
0.1 685 1753 -1
0.1 1750 1754 -1
0.1 691 692 -1
0.1 690 1756 -1
0.1 1757 693 -1
0.1 1755 1758 -1
0.1 1746 1759 -1
0.1 1760 694 -1
0.1 1741 1761 -1
0.1 1740 1762 -1
0.1 662 1763 -1
0.1 695 696 -1
0.1 700 701 -1
0.1 699 1766 -1
0.1 698 1767 -1
0.1 697 1768 -1
0.1 1765 1769 -1
0.1 1770 702 -1
0.1 703 704 -1
0.1 705 706 -1
0.1 1772 1773 -1
0.1 1774 707 -1
0.1 710 711 -1
0.1 1776 712 -1
0.1 709 1777 -1
0.1 708 1778 -1
0.1 1775 1779 -1
0.1 1771 1780 -1
0.1 715 716 -1
0.1 1782 717 -1
0.1 714 1783 -1
0.1 713 1784 -1
0.1 719 720 -1
0.1 1786 721 -1
0.1 724 725 -1
0.1 723 1788 -1
0.1 722 1789 -1
0.1 1787 1790 -1
0.1 726 727 -1
0.1 730 731 -1
0.1 729 1793 -1
0.1 1794 732 -1
0.1 728 1795 -1
0.1 1792 1796 -1
0.1 733 734 -1
0.1 736 737 -1
0.1 735 1799 -1
0.1 1798 1800 -1
0.1 1797 1801 -1
0.1 1791 1802 -1
0.1 718 1803 -1
0.1 739 740 -1
0.1 741 742 -1
0.1 1806 743 -1
0.1 746 747 -1
0.1 745 1808 -1
0.1 749 750 -1
0.1 748 1810 -1
0.1 1809 1811 -1
0.1 744 1812 -1
0.1 1807 1813 -1
0.1 755 756 -1
0.1 1815 757 -1
0.1 754 1816 -1
0.1 753 1817 -1
0.1 752 1818 -1
0.1 758 759 -1
0.1 1820 760 -1
0.1 1819 1821 -1
0.1 751 1822 -1
0.1 1814 1823 -1
0.1 1805 1824 -1
0.1 761 762 -1
0.1 1825 1826 -1
0.1 763 764 -1
0.1 1827 1828 -1
0.1 766 767 -1
0.1 765 1830 -1
0.1 768 769 -1
0.1 770 771 -1
0.1 773 774 -1
0.1 772 1834 -1
0.1 1835 775 -1
0.1 1836 776 -1
0.1 1833 1837 -1
0.1 1832 1838 -1
0.1 1831 1839 -1
0.1 777 778 -1
0.1 1840 1841 -1
0.1 1829 1842 -1
0.1 780 781 -1
0.1 1844 782 -1
0.1 783 784 -1
0.1 1845 1846 -1
0.1 786 787 -1
0.1 785 1848 -1
0.1 1847 1849 -1
0.1 779 1850 -1
0.1 1843 1851 -1
0.1 788 789 -1
0.1 1852 1853 -1
0.1 738 1854 -1
0.1 792 793 -1
0.1 794 795 -1
0.1 796 797 -1
0.1 1857 1858 -1
0.1 1856 1859 -1
0.1 799 800 -1
0.1 801 802 -1
0.1 804 805 -1
0.1 806 807 -1
0.1 1864 808 -1
0.1 1863 1865 -1
0.1 809 810 -1
0.1 1866 1867 -1
0.1 803 1868 -1
0.1 811 812 -1
0.1 814 815 -1
0.1 813 1871 -1
0.1 817 818 -1
0.1 816 1873 -1
0.1 1872 1874 -1
0.1 821 822 -1
0.1 820 1876 -1
0.1 819 1877 -1
0.1 1875 1878 -1
0.1 1870 1879 -1
0.1 1869 1880 -1
0.1 1862 1881 -1
0.1 1861 1882 -1
0.1 798 1883 -1
0.1 823 824 -1
0.1 1884 1885 -1
0.1 1860 1886 -1
0.1 830 831 -1
0.1 829 1888 -1
0.1 833 834 -1
0.1 832 1890 -1
0.1 1889 1891 -1
0.1 835 836 -1
0.1 1892 1893 -1
0.1 838 839 -1
0.1 1895 840 -1
0.1 1896 841 -1
0.1 843 844 -1
0.1 842 1898 -1
0.1 1897 1899 -1
0.1 837 1900 -1
0.1 1901 845 -1
0.1 846 847 -1
0.1 1903 848 -1
0.1 1902 1904 -1
0.1 1894 1905 -1
0.1 828 1906 -1
0.1 852 853 -1
0.1 854 855 -1
0.1 1908 1909 -1
0.1 858 859 -1
0.1 857 1911 -1
0.1 860 861 -1
0.1 1912 1913 -1
0.1 864 865 -1
0.1 863 1915 -1
0.1 862 1916 -1
0.1 1914 1917 -1
0.1 856 1918 -1
0.1 866 867 -1
0.1 868 869 -1
0.1 1920 1921 -1
0.1 1919 1922 -1
0.1 1910 1923 -1
0.1 851 1924 -1
0.1 1925 870 -1
0.1 873 874 -1
0.1 872 1927 -1
0.1 1928 875 -1
0.1 871 1929 -1
0.1 1930 876 -1
0.1 878 879 -1
0.1 877 1932 -1
0.1 1933 880 -1
0.1 882 883 -1
0.1 1935 884 -1
0.1 881 1936 -1
0.1 885 886 -1
0.1 888 889 -1
0.1 1939 890 -1
0.1 887 1940 -1
0.1 1938 1941 -1
0.1 1937 1942 -1
0.1 1934 1943 -1
0.1 1931 1944 -1
0.1 891 892 -1
0.1 1945 1946 -1
0.1 1926 1947 -1
0.1 850 1948 -1
0.1 849 1949 -1
0.1 1907 1950 -1
0.1 827 1951 -1
0.1 826 1952 -1
0.1 825 1953 -1
0.1 1887 1954 -1
0.1 791 1955 -1
0.1 790 1956 -1
0.1 1855 1957 -1
0.1 1804 1958 -1
0.1 893 894 -1
0.1 896 897 -1
0.1 895 1961 -1
0.1 1960 1962 -1
0.1 1959 1963 -1
0.1 1785 1964 -1
0.1 1781 1965 -1
0.1 1764 1966 -1
0.1 661 1967 -1
0.1 1732 1968 -1
0.1 1969 898 -1
0.1 657 1970 -1
0.1 902 903 -1
0.1 901 1972 -1
0.1 900 1973 -1
0.1 906 907 -1
0.1 905 1975 -1
0.1 904 1976 -1
0.1 908 909 -1
0.1 911 912 -1
0.1 910 1979 -1
0.1 913 914 -1
0.1 1981 915 -1
0.1 1980 1982 -1
0.1 1978 1983 -1
0.1 916 917 -1
0.1 1984 1985 -1
0.1 1977 1986 -1
0.1 918 919 -1
0.1 1987 1988 -1
0.1 1974 1989 -1
0.1 1990 920 -1
0.1 899 1991 -1
0.1 1971 1992 -1
0.1 1730 1993 -1
0.1 1710 1994 -1
0.1 1690 1995 -1
0.1 1557 1996 -1
0.1 477 1997 -1
0.1 924 925 -1
0.1 923 1999 -1
0.1 926 927 -1
0.1 2001 928 -1
0.1 932 933 -1
0.1 931 2003 -1
0.1 930 2004 -1
0.1 929 2005 -1
0.1 934 935 -1
0.1 936 937 -1
0.1 2007 2008 -1
0.1 2006 2009 -1
0.1 2002 2010 -1
0.1 938 939 -1
0.1 940 941 -1
0.1 2012 2013 -1
0.1 943 944 -1
0.1 947 948 -1
0.1 946 2016 -1
0.1 945 2017 -1
0.1 2015 2018 -1
0.1 949 950 -1
0.1 951 952 -1
0.1 2021 953 -1
0.1 2020 2022 -1
0.1 2023 954 -1
0.1 2024 955 -1
0.1 2019 2025 -1
0.1 942 2026 -1
0.1 956 957 -1
0.1 2027 2028 -1
0.1 2014 2029 -1
0.1 2011 2030 -1
0.1 958 959 -1
0.1 962 963 -1
0.1 964 965 -1
0.1 2033 2034 -1
0.1 966 967 -1
0.1 968 969 -1
0.1 970 971 -1
0.1 2038 972 -1
0.1 2037 2039 -1
0.1 975 976 -1
0.1 974 2041 -1
0.1 973 2042 -1
0.1 2040 2043 -1
0.1 2036 2044 -1
0.1 2035 2045 -1
0.1 978 979 -1
0.1 977 2047 -1
0.1 981 982 -1
0.1 980 2049 -1
0.1 2048 2050 -1
0.1 2051 983 -1
0.1 984 985 -1
0.1 986 987 -1
0.1 2053 2054 -1
0.1 2052 2055 -1
0.1 989 990 -1
0.1 991 992 -1
0.1 2057 2058 -1
0.1 988 2059 -1
0.1 993 994 -1
0.1 995 996 -1
0.1 2061 2062 -1
0.1 2060 2063 -1
0.1 2056 2064 -1
0.1 2065 997 -1
0.1 999 1000 -1
0.1 998 2067 -1
0.1 2066 2068 -1
0.1 2046 2069 -1
0.1 961 2070 -1
0.1 960 2071 -1
0.1 2072 1001 -1
0.1 1003 1004 -1
0.1 1002 2074 -1
0.1 2075 1005 -1
0.1 2073 2076 -1
0.1 2032 2077 -1
0.1 2031 2078 -1
0.1 1007 1008 -1
0.1 1006 2080 -1
0.1 2079 2081 -1
0.1 2000 2082 -1
0.1 1010 1011 -1
0.1 1009 2084 -1
0.1 1012 1013 -1
0.1 1014 1015 -1
0.1 2086 2087 -1
0.1 2085 2088 -1
0.1 2083 2089 -1
0.1 1016 1017 -1
0.1 1019 1020 -1
0.1 2092 1021 -1
0.1 1018 2093 -1
0.1 2091 2094 -1
0.1 2090 2095 -1
0.1 922 2096 -1
0.1 1022 1023 -1
0.1 1024 1025 -1
0.1 1027 1028 -1
0.1 1029 1030 -1
0.1 2100 2101 -1
0.1 1026 2102 -1
0.1 2099 2103 -1
0.1 2098 2104 -1
0.1 2097 2105 -1
0.1 1031 1032 -1
0.1 1033 1034 -1
0.1 1035 1036 -1
0.1 1038 1039 -1
0.1 2110 1040 -1
0.1 1037 2111 -1
0.1 1042 1043 -1
0.1 1044 1045 -1
0.1 2114 1046 -1
0.1 2113 2115 -1
0.1 1041 2116 -1
0.1 2112 2117 -1
0.1 2109 2118 -1
0.1 1047 1048 -1
0.1 2120 1049 -1
0.1 2119 2121 -1
0.1 2108 2122 -1
0.1 1051 1052 -1
0.1 1050 2124 -1
0.1 2123 2125 -1
0.1 1053 1054 -1
0.1 2126 2127 -1
0.1 1055 1056 -1
0.1 2128 2129 -1
0.1 2107 2130 -1
0.1 1058 1059 -1
0.1 1061 1062 -1
0.1 1060 2133 -1
0.1 1064 1065 -1
0.1 1063 2135 -1
0.1 2136 1066 -1
0.1 2134 2137 -1
0.1 1067 1068 -1
0.1 2138 2139 -1
0.1 1070 1071 -1
0.1 1069 2141 -1
0.1 1072 1073 -1
0.1 2142 2143 -1
0.1 1074 1075 -1
0.1 2144 2145 -1
0.1 2140 2146 -1
0.1 1076 1077 -1
0.1 2147 2148 -1
0.1 2132 2149 -1
0.1 1057 2150 -1
0.1 2131 2151 -1
0.1 1078 1079 -1
0.1 2152 2153 -1
0.1 2106 2154 -1
0.1 2155 1080 -1
0.1 921 2156 -1
0.1 1998 2157 -1
0.1 1555 2158 -1
