1 0 0 1
1 0 0 1
1 0 0 1
1 0 0 1
1 0 0 1
1 0 0 1
1 0 0 1
1 0 0 1
1 0 0 1
1 0 0 1
1 0 0 2
1 0 0 3
1 0 0 3
1 0 0 3
1 0 0 3
1 0 0 3
1 0 0 3
1 0 0 3
1 0 0 3
1 0 0 3
1 0 0 3
1 0 0 2
1 0 0 2
1 0 0 2
1 0 0 2
1 0 0 2
1 0 0 2
1 0 0 2
1 0 0 2
1 0 0 2
1 0 0 4
1 0 0 4
1 0 0 4
1 0 0 4
1 0 0 4
1 0 0 4
1 0 0 4
1 0 0 4
1 0 0 4
1 0 0 4
1 0 0 5
1 0 0 5
1 0 0 5
1 0 0 5
1 0 0 5
1 0 0 5
1 0 0 5
1 0 0 5
1 0 0 5
1 0 0 5
1 0 0 6
1 0 0 6
1 0 0 6
1 0 0 6
1 0 0 6
1 0 0 6
1 0 0 6
1 0 0 6
1 0 0 6
1 0 0 6
0.1 5 6 -1
0.1 4 61 -1
0.1 7 8 -1
0.1 9 10 -1
0.1 63 64 -1
0.1 62 65 -1
0.1 3 66 -1
0.1 2 67 -1
0.1 1 68 -1
0.1 14 15 -1
0.1 16 17 -1
0.1 70 71 -1
0.1 18 19 -1
0.1 73 20 -1
0.1 74 21 -1
0.1 72 75 -1
0.1 13 76 -1
0.1 12 77 -1
0.1 11 78 -1
0.1 69 79 -1
0.1 22 23 -1
0.1 80 81 -1
0.1 24 25 -1
0.1 83 26 -1
0.1 29 30 -1
0.1 28 85 -1
0.1 27 86 -1
0.1 84 87 -1
0.1 32 33 -1
0.1 31 89 -1
0.1 34 35 -1
0.1 90 91 -1
0.1 37 38 -1
0.1 36 93 -1
0.1 39 40 -1
0.1 94 95 -1
0.1 92 96 -1
0.1 43 44 -1
0.1 42 98 -1
0.1 99 45 -1
0.1 46 47 -1
0.1 101 48 -1
0.1 49 50 -1
0.1 102 103 -1
0.1 100 104 -1
0.1 41 105 -1
0.1 51 52 -1
0.1 54 55 -1
0.1 108 56 -1
0.1 109 57 -1
0.1 58 59 -1
0.1 110 111 -1
0.1 53 112 -1
0.1 113 60 -1
0.1 107 114 -1
0.1 106 115 -1
0.1 97 116 -1
0.1 88 117 -1
0.1 82 118 -1
