1 0 0 1
1 0 0 2
1 0 0 2
1 0 0 2
1 0 0 2
1 0 0 2
1 0 0 2
1 0 0 2
1 0 0 2
1 0 0 2
1 0 0 2
1 0 0 3
1 0 0 3
1 0 0 3
1 0 0 3
1 0 0 3
1 0 0 3
1 0 0 3
1 0 0 3
1 0 0 3
1 0 0 3
1 0 0 1
1 0 0 1
1 0 0 1
1 0 0 1
1 0 0 1
1 0 0 4
1 0 0 4
1 0 0 4
1 0 0 4
1 0 0 4
1 0 0 4
1 0 0 4
1 0 0 4
1 0 0 4
1 0 0 4
1 0 0 1
1 0 0 1
1 0 0 1
1 0 0 1
1 0 0 5
1 0 0 5
1 0 0 5
1 0 0 5
1 0 0 5
1 0 0 5
1 0 0 5
1 0 0 5
1 0 0 5
1 0 0 5
1 0 0 6
1 0 0 6
1 0 0 6
1 0 0 6
1 0 0 6
1 0 0 6
1 0 0 6
1 0 0 6
1 0 0 6
1 0 0 6
0.1 5 6 -1
0.1 61 7 -1
0.1 8 9 -1
0.1 10 11 -1
0.1 63 64 -1
0.1 62 65 -1
0.1 4 66 -1
0.1 3 67 -1
0.1 2 68 -1
0.1 1 69 -1
0.1 14 15 -1
0.1 13 71 -1
0.1 12 72 -1
0.1 18 19 -1
0.1 17 74 -1
0.1 16 75 -1
0.1 73 76 -1
0.1 77 20 -1
0.1 78 21 -1
0.1 70 79 -1
0.1 22 23 -1
0.1 80 81 -1
0.1 24 25 -1
0.1 83 26 -1
0.1 27 28 -1
0.1 29 30 -1
0.1 86 31 -1
0.1 85 87 -1
0.1 32 33 -1
0.1 35 36 -1
0.1 34 90 -1
0.1 89 91 -1
0.1 88 92 -1
0.1 84 93 -1
0.1 82 94 -1
0.1 38 39 -1
0.1 96 40 -1
0.1 37 97 -1
0.1 41 42 -1
0.1 45 46 -1
0.1 44 100 -1
0.1 101 47 -1
0.1 49 50 -1
0.1 48 103 -1
0.1 102 104 -1
0.1 43 105 -1
0.1 99 106 -1
0.1 52 53 -1
0.1 108 54 -1
0.1 51 109 -1
0.1 55 56 -1
0.1 111 57 -1
0.1 58 59 -1
0.1 112 113 -1
0.1 114 60 -1
0.1 110 115 -1
0.1 107 116 -1
0.1 98 117 -1
0.1 95 118 -1
