1 0 0 1
1 0 0 1
1 0 0 1
1 0 0 1
1 0 0 1
1 0 0 1
1 0 0 1
1 0 0 1
1 0 0 1
1 0 0 1
1 0 0 2
1 0 0 3
1 0 0 3
1 0 0 3
1 0 0 3
1 0 0 3
1 0 0 3
1 0 0 3
1 0 0 3
1 0 0 3
1 0 0 3
1 0 0 4
1 0 0 4
1 0 0 4
1 0 0 4
1 0 0 4
1 0 0 4
1 0 0 4
1 0 0 4
1 0 0 4
1 0 0 4
1 0 0 2
1 0 0 2
1 0 0 2
1 0 0 2
1 0 0 2
1 0 0 2
1 0 0 2
1 0 0 2
1 0 0 2
1 0 0 5
1 0 0 5
1 0 0 5
1 0 0 5
1 0 0 5
1 0 0 5
1 0 0 5
1 0 0 5
1 0 0 5
1 0 0 5
1 0 0 6
1 0 0 6
1 0 0 6
1 0 0 6
1 0 0 6
1 0 0 6
1 0 0 6
1 0 0 6
1 0 0 6
1 0 0 6
0.1 2 3 -1
0.1 1 61 -1
0.1 4 5 -1
0.1 62 63 -1
0.1 6 7 -1
0.1 8 9 -1
0.1 66 10 -1
0.1 65 67 -1
0.1 64 68 -1
0.1 14 15 -1
0.1 70 16 -1
0.1 13 71 -1
0.1 18 19 -1
0.1 17 73 -1
0.1 74 20 -1
0.1 72 75 -1
0.1 76 21 -1
0.1 12 77 -1
0.1 25 26 -1
0.1 79 27 -1
0.1 24 80 -1
0.1 29 30 -1
0.1 28 82 -1
0.1 81 83 -1
0.1 23 84 -1
0.1 85 31 -1
0.1 22 86 -1
0.1 78 87 -1
0.1 11 88 -1
0.1 32 33 -1
0.1 89 90 -1
0.1 69 91 -1
0.1 35 36 -1
0.1 34 93 -1
0.1 39 40 -1
0.1 38 95 -1
0.1 37 96 -1
0.1 42 43 -1
0.1 41 98 -1
0.1 45 46 -1
0.1 47 48 -1
0.1 101 49 -1
0.1 102 50 -1
0.1 100 103 -1
0.1 44 104 -1
0.1 99 105 -1
0.1 52 53 -1
0.1 55 56 -1
0.1 54 108 -1
0.1 107 109 -1
0.1 51 110 -1
0.1 57 58 -1
0.1 59 60 -1
0.1 112 113 -1
0.1 111 114 -1
0.1 106 115 -1
0.1 97 116 -1
0.1 94 117 -1
0.1 92 118 -1
