1 0 0 1
1 0 0 1
1 0 0 1
1 0 0 1
1 0 0 1
1 0 0 1
1 0 0 1
1 0 0 1
1 0 0 2
1 0 0 2
1 0 0 2
1 0 0 2
1 0 0 2
1 0 0 2
1 0 0 2
1 0 0 2
1 0 0 2
1 0 0 2
1 0 0 3
1 0 0 3
1 0 0 3
1 0 0 3
1 0 0 3
1 0 0 3
1 0 0 3
1 0 0 3
1 0 0 3
1 0 0 3
1 0 0 4
1 0 0 4
1 0 0 4
1 0 0 4
1 0 0 4
1 0 0 4
1 0 0 4
1 0 0 4
1 0 0 4
1 0 0 4
1 0 0 5
1 0 0 5
1 0 0 5
1 0 0 5
1 0 0 5
1 0 0 6
1 0 0 6
1 0 0 6
1 0 0 6
1 0 0 6
1 0 0 6
1 0 0 6
1 0 0 6
1 0 0 6
1 0 0 6
1 0 0 7
1 0 0 7
1 0 0 7
1 0 0 7
1 0 0 7
1 0 0 7
1 0 0 7
1 0 0 7
1 0 0 7
1 0 0 7
1 0 0 8
1 0 0 8
1 0 0 8
1 0 0 8
1 0 0 8
1 0 0 8
1 0 0 8
1 0 0 8
1 0 0 8
1 0 0 8
1 0 0 5
1 0 0 5
1 0 0 5
1 0 0 5
1 0 0 9
1 0 0 9
1 0 0 9
1 0 0 9
1 0 0 9
1 0 0 9
1 0 0 9
1 0 0 9
1 0 0 9
1 0 0 9
1 0 0 10
1 0 0 10
1 0 0 10
1 0 0 10
1 0 0 10
1 0 0 10
1 0 0 10
1 0 0 10
1 0 0 10
1 0 0 10
1 0 0 11
1 0 0 11
1 0 0 11
1 0 0 11
1 0 0 11
1 0 0 11
1 0 0 11
1 0 0 11
1 0 0 11
1 0 0 11
1 0 0 5
1 0 0 1
1 0 0 1
1 0 0 12
1 0 0 12
1 0 0 12
1 0 0 12
1 0 0 12
1 0 0 12
1 0 0 12
1 0 0 12
1 0 0 12
1 0 0 12
1 0 0 13
1 0 0 14
1 0 0 14
1 0 0 14
1 0 0 14
1 0 0 14
1 0 0 14
1 0 0 14
1 0 0 14
1 0 0 14
1 0 0 14
1 0 0 15
1 0 0 15
1 0 0 15
1 0 0 15
1 0 0 15
1 0 0 15
1 0 0 15
1 0 0 15
1 0 0 15
1 0 0 15
1 0 0 16
1 0 0 16
1 0 0 16
1 0 0 16
1 0 0 16
1 0 0 16
1 0 0 16
1 0 0 16
1 0 0 16
1 0 0 16
1 0 0 17
1 0 0 17
1 0 0 17
1 0 0 17
1 0 0 17
1 0 0 17
1 0 0 17
1 0 0 17
1 0 0 17
1 0 0 17
1 0 0 13
1 0 0 13
1 0 0 13
1 0 0 13
1 0 0 18
1 0 0 18
1 0 0 18
1 0 0 18
1 0 0 18
1 0 0 18
1 0 0 18
1 0 0 18
1 0 0 18
1 0 0 18
1 0 0 13
1 0 0 13
1 0 0 13
1 0 0 13
1 0 0 13
1 0 0 19
1 0 0 19
1 0 0 19
1 0 0 20
1 0 0 20
1 0 0 20
1 0 0 20
1 0 0 20
1 0 0 20
1 0 0 20
1 0 0 20
1 0 0 20
1 0 0 20
1 0 0 19
1 0 0 19
1 0 0 19
1 0 0 21
1 0 0 21
1 0 0 21
1 0 0 21
1 0 0 21
1 0 0 21
1 0 0 21
1 0 0 21
1 0 0 21
1 0 0 21
1 0 0 22
1 0 0 22
1 0 0 22
1 0 0 22
1 0 0 22
1 0 0 22
1 0 0 22
1 0 0 22
1 0 0 22
1 0 0 22
1 0 0 23
1 0 0 23
1 0 0 23
1 0 0 23
1 0 0 23
1 0 0 23
1 0 0 23
1 0 0 23
1 0 0 23
1 0 0 23
1 0 0 24
1 0 0 24
1 0 0 24
1 0 0 25
1 0 0 25
1 0 0 25
1 0 0 25
1 0 0 25
1 0 0 25
1 0 0 25
1 0 0 25
1 0 0 25
1 0 0 25
1 0 0 24
1 0 0 24
1 0 0 24
1 0 0 26
1 0 0 26
1 0 0 26
1 0 0 26
1 0 0 26
1 0 0 26
1 0 0 26
1 0 0 26
1 0 0 26
1 0 0 26
1 0 0 27
1 0 0 27
1 0 0 27
1 0 0 27
1 0 0 27
1 0 0 27
1 0 0 27
1 0 0 27
1 0 0 27
1 0 0 27
1 0 0 24
1 0 0 24
1 0 0 24
1 0 0 28
1 0 0 28
1 0 0 28
1 0 0 28
1 0 0 28
1 0 0 28
1 0 0 28
1 0 0 28
1 0 0 28
1 0 0 28
1 0 0 24
1 0 0 29
1 0 0 30
1 0 0 30
1 0 0 30
1 0 0 30
1 0 0 30
1 0 0 30
1 0 0 30
1 0 0 30
1 0 0 30
1 0 0 30
1 0 0 29
1 0 0 29
1 0 0 29
1 0 0 29
1 0 0 29
1 0 0 29
1 0 0 29
1 0 0 29
1 0 0 29
1 0 0 31
1 0 0 31
1 0 0 31
1 0 0 31
1 0 0 31
1 0 0 31
1 0 0 31
1 0 0 31
1 0 0 32
1 0 0 31
1 0 0 31
1 0 0 32
1 0 0 32
1 0 0 32
1 0 0 32
1 0 0 33
1 0 0 33
1 0 0 33
1 0 0 33
1 0 0 33
1 0 0 33
1 0 0 33
1 0 0 33
1 0 0 33
1 0 0 33
1 0 0 34
1 0 0 34
1 0 0 34
1 0 0 34
1 0 0 34
1 0 0 34
1 0 0 34
1 0 0 34
1 0 0 34
1 0 0 34
1 0 0 32
1 0 0 32
1 0 0 32
1 0 0 32
1 0 0 32
1 0 0 35
1 0 0 35
1 0 0 35
1 0 0 35
1 0 0 35
1 0 0 35
1 0 0 35
1 0 0 35
1 0 0 35
1 0 0 35
1 0 0 36
1 0 0 36
1 0 0 36
1 0 0 36
1 0 0 36
1 0 0 36
1 0 0 36
1 0 0 36
1 0 0 36
1 0 0 36
1 0 0 37
1 0 0 37
1 0 0 37
1 0 0 37
1 0 0 37
1 0 0 38
1 0 0 38
1 0 0 38
1 0 0 38
1 0 0 38
1 0 0 38
1 0 0 38
1 0 0 38
1 0 0 38
1 0 0 38
1 0 0 37
1 0 0 37
1 0 0 37
1 0 0 37
1 0 0 37
1 0 0 39
1 0 0 39
1 0 0 39
1 0 0 39
1 0 0 39
1 0 0 39
1 0 0 39
1 0 0 39
1 0 0 40
1 0 0 39
1 0 0 39
1 0 0 41
1 0 0 41
1 0 0 41
1 0 0 41
1 0 0 41
1 0 0 41
1 0 0 41
1 0 0 41
1 0 0 41
1 0 0 41
1 0 0 40
1 0 0 40
1 0 0 40
1 0 0 40
1 0 0 40
1 0 0 40
1 0 0 40
1 0 0 40
1 0 0 40
1 0 0 42
1 0 0 42
1 0 0 42
1 0 0 42
1 0 0 43
1 0 0 43
1 0 0 43
1 0 0 43
1 0 0 43
1 0 0 44
1 0 0 44
1 0 0 43
1 0 0 43
1 0 0 44
1 0 0 44
1 0 0 44
1 0 0 44
1 0 0 44
1 0 0 44
1 0 0 44
1 0 0 44
1 0 0 45
1 0 0 45
1 0 0 45
1 0 0 45
1 0 0 45
1 0 0 45
1 0 0 45
1 0 0 45
1 0 0 45
1 0 0 45
1 0 0 46
1 0 0 46
1 0 0 46
1 0 0 46
1 0 0 46
1 0 0 46
1 0 0 47
1 0 0 47
1 0 0 47
1 0 0 47
1 0 0 47
1 0 0 47
1 0 0 47
1 0 0 47
1 0 0 47
1 0 0 47
1 0 0 46
1 0 0 46
1 0 0 46
1 0 0 46
1 0 0 48
1 0 0 48
1 0 0 48
1 0 0 48
1 0 0 48
1 0 0 48
1 0 0 48
1 0 0 48
1 0 0 48
1 0 0 48
1 0 0 43
1 0 0 43
1 0 0 43
1 0 0 49
1 0 0 49
1 0 0 49
1 0 0 49
1 0 0 49
1 0 0 49
1 0 0 49
1 0 0 49
1 0 0 49
1 0 0 49
1 0 0 50
1 0 0 50
1 0 0 50
1 0 0 50
1 0 0 51
1 0 0 51
1 0 0 51
1 0 0 51
1 0 0 51
1 0 0 51
1 0 0 19
1 0 0 51
1 0 0 51
1 0 0 51
1 0 0 51
1 0 0 50
1 0 0 50
1 0 0 50
1 0 0 50
1 0 0 50
1 0 0 50
1 0 0 19
1 0 0 19
1 0 0 52
1 0 0 19
1 0 0 53
1 0 0 53
1 0 0 53
1 0 0 53
1 0 0 53
1 0 0 53
1 0 0 53
1 0 0 53
1 0 0 53
1 0 0 53
1 0 0 42
1 0 0 42
1 0 0 42
1 0 0 42
1 0 0 42
1 0 0 42
1 0 0 54
1 0 0 54
1 0 0 54
1 0 0 54
1 0 0 54
1 0 0 54
1 0 0 54
1 0 0 54
1 0 0 54
1 0 0 54
1 0 0 55
1 0 0 55
1 0 0 55
1 0 0 55
1 0 0 55
1 0 0 55
1 0 0 55
1 0 0 55
1 0 0 55
1 0 0 55
1 0 0 52
1 0 0 52
1 0 0 52
1 0 0 52
1 0 0 52
1 0 0 52
1 0 0 52
1 0 0 52
1 0 0 52
1 0 0 56
1 0 0 56
1 0 0 56
1 0 0 56
1 0 0 56
1 0 0 56
1 0 0 56
1 0 0 56
1 0 0 56
1 0 0 57
1 0 0 57
1 0 0 57
1 0 0 57
1 0 0 57
1 0 0 57
1 0 0 57
1 0 0 57
1 0 0 57
1 0 0 57
1 0 0 56
1 0 0 58
1 0 0 58
1 0 0 58
1 0 0 58
1 0 0 58
1 0 0 58
1 0 0 58
1 0 0 58
1 0 0 58
1 0 0 58
0.1 2 3 -1
0.1 1 581 -1
0.1 4 5 -1
0.1 6 7 -1
0.1 583 584 -1
0.1 10 11 -1
0.1 9 586 -1
0.1 13 14 -1
0.1 15 16 -1
0.1 588 589 -1
0.1 12 590 -1
0.1 17 18 -1
0.1 591 592 -1
0.1 587 593 -1
0.1 8 594 -1
0.1 585 595 -1
0.1 20 21 -1
0.1 22 23 -1
0.1 597 598 -1
0.1 25 26 -1
0.1 27 28 -1
0.1 600 601 -1
0.1 24 602 -1
0.1 599 603 -1
0.1 19 604 -1
0.1 32 33 -1
0.1 31 606 -1
0.1 607 34 -1
0.1 35 36 -1
0.1 37 38 -1
0.1 609 610 -1
0.1 608 611 -1
0.1 30 612 -1
0.1 29 613 -1
0.1 605 614 -1
0.1 41 42 -1
0.1 40 616 -1
0.1 617 43 -1
0.1 39 618 -1
0.1 615 619 -1
0.1 46 47 -1
0.1 621 48 -1
0.1 45 622 -1
0.1 49 50 -1
0.1 624 51 -1
0.1 625 52 -1
0.1 623 626 -1
0.1 44 627 -1
0.1 628 53 -1
0.1 55 56 -1
0.1 630 57 -1
0.1 54 631 -1
0.1 59 60 -1
0.1 58 633 -1
0.1 632 634 -1
0.1 62 63 -1
0.1 61 636 -1
0.1 635 637 -1
0.1 65 66 -1
0.1 68 69 -1
0.1 67 640 -1
0.1 639 641 -1
0.1 64 642 -1
0.1 72 73 -1
0.1 71 644 -1
0.1 70 645 -1
0.1 643 646 -1
0.1 638 647 -1
0.1 629 648 -1
0.1 74 75 -1
0.1 649 650 -1
0.1 620 651 -1
0.1 76 77 -1
0.1 79 80 -1
0.1 82 83 -1
0.1 81 655 -1
0.1 654 656 -1
0.1 84 85 -1
0.1 657 658 -1
0.1 659 86 -1
0.1 660 87 -1
0.1 78 661 -1
0.1 90 91 -1
0.1 89 663 -1
0.1 88 664 -1
0.1 92 93 -1
0.1 665 666 -1
0.1 662 667 -1
0.1 94 95 -1
0.1 96 97 -1
0.1 669 670 -1
0.1 668 671 -1
0.1 98 99 -1
0.1 100 101 -1
0.1 673 674 -1
0.1 102 103 -1
0.1 105 106 -1
0.1 677 107 -1
0.1 104 678 -1
0.1 676 679 -1
0.1 675 680 -1
0.1 672 681 -1
0.1 653 682 -1
0.1 683 108 -1
0.1 652 684 -1
0.1 596 685 -1
0.1 582 686 -1
0.1 109 110 -1
0.1 112 113 -1
0.1 689 114 -1
0.1 118 119 -1
0.1 117 691 -1
0.1 116 692 -1
0.1 693 120 -1
0.1 115 694 -1
0.1 690 695 -1
0.1 111 696 -1
0.1 688 697 -1
0.1 122 123 -1
0.1 130 131 -1
0.1 129 700 -1
0.1 128 701 -1
0.1 127 702 -1
0.1 126 703 -1
0.1 125 704 -1
0.1 124 705 -1
0.1 699 706 -1
0.1 121 707 -1
0.1 132 133 -1
0.1 135 136 -1
0.1 134 710 -1
0.1 711 137 -1
0.1 709 712 -1
0.1 138 139 -1
0.1 140 141 -1
0.1 714 715 -1
0.1 713 716 -1
0.1 708 717 -1
0.1 143 144 -1
0.1 142 719 -1
0.1 146 147 -1
0.1 145 721 -1
0.1 720 722 -1
0.1 148 149 -1
0.1 724 150 -1
0.1 725 151 -1
0.1 723 726 -1
0.1 152 153 -1
0.1 154 155 -1
0.1 728 729 -1
0.1 157 158 -1
0.1 156 731 -1
0.1 732 159 -1
0.1 730 733 -1
0.1 160 161 -1
0.1 734 735 -1
0.1 727 736 -1
0.1 164 165 -1
0.1 163 738 -1
0.1 166 167 -1
0.1 168 169 -1
0.1 740 741 -1
0.1 172 173 -1
0.1 171 743 -1
0.1 174 175 -1
0.1 744 745 -1
0.1 170 746 -1
0.1 742 747 -1
0.1 748 176 -1
0.1 739 749 -1
0.1 162 750 -1
0.1 177 178 -1
0.1 751 752 -1
0.1 179 180 -1
0.1 753 754 -1
0.1 737 755 -1
0.1 718 756 -1
0.1 698 757 -1
0.1 687 758 -1
0.1 181 182 -1
0.1 186 187 -1
0.1 188 189 -1
0.1 762 190 -1
0.1 192 193 -1
0.1 191 764 -1
0.1 763 765 -1
0.1 761 766 -1
0.1 185 767 -1
0.1 184 768 -1
0.1 183 769 -1
0.1 760 770 -1
0.1 771 194 -1
0.1 195 196 -1
0.1 197 198 -1
0.1 199 200 -1
0.1 201 202 -1
0.1 205 206 -1
0.1 204 777 -1
0.1 203 778 -1
0.1 776 779 -1
0.1 775 780 -1
0.1 774 781 -1
0.1 773 782 -1
0.1 772 783 -1
0.1 209 210 -1
0.1 208 785 -1
0.1 211 212 -1
0.1 213 214 -1
0.1 787 788 -1
0.1 789 215 -1
0.1 790 216 -1
0.1 786 791 -1
0.1 207 792 -1
0.1 784 793 -1
0.1 220 221 -1
0.1 219 795 -1
0.1 223 224 -1
0.1 222 797 -1
0.1 796 798 -1
0.1 218 799 -1
0.1 225 226 -1
0.1 800 801 -1
0.1 217 802 -1
0.1 227 228 -1
0.1 803 804 -1
0.1 231 232 -1
0.1 233 234 -1
0.1 807 235 -1
0.1 236 237 -1
0.1 808 809 -1
0.1 806 810 -1
0.1 230 811 -1
0.1 238 239 -1
0.1 812 813 -1
0.1 240 241 -1
0.1 815 242 -1
0.1 243 244 -1
0.1 245 246 -1
0.1 251 252 -1
0.1 250 819 -1
0.1 249 820 -1
0.1 248 821 -1
0.1 247 822 -1
0.1 818 823 -1
0.1 817 824 -1
0.1 816 825 -1
0.1 814 826 -1
0.1 229 827 -1
0.1 805 828 -1
0.1 253 254 -1
0.1 830 255 -1
0.1 256 257 -1
0.1 258 259 -1
0.1 832 833 -1
0.1 831 834 -1
0.1 261 262 -1
0.1 260 836 -1
0.1 835 837 -1
0.1 263 264 -1
0.1 270 271 -1
0.1 269 840 -1
0.1 841 272 -1
0.1 274 275 -1
0.1 273 843 -1
0.1 842 844 -1
0.1 268 845 -1
0.1 267 846 -1
0.1 266 847 -1
0.1 265 848 -1
0.1 839 849 -1
0.1 850 276 -1
0.1 838 851 -1
0.1 829 852 -1
0.1 278 279 -1
0.1 280 281 -1
0.1 855 282 -1
0.1 284 285 -1
0.1 283 857 -1
0.1 856 858 -1
0.1 854 859 -1
0.1 860 286 -1
0.1 861 287 -1
0.1 277 862 -1
0.1 289 290 -1
0.1 288 864 -1
0.1 863 865 -1
0.1 853 866 -1
0.1 293 294 -1
0.1 292 868 -1
0.1 869 295 -1
0.1 291 870 -1
0.1 867 871 -1
0.1 300 301 -1
0.1 299 873 -1
0.1 298 874 -1
0.1 303 304 -1
0.1 302 876 -1
0.1 875 877 -1
0.1 306 307 -1
0.1 305 879 -1
0.1 308 309 -1
0.1 880 881 -1
0.1 878 882 -1
0.1 297 883 -1
0.1 312 313 -1
0.1 885 314 -1
0.1 316 317 -1
0.1 318 319 -1
0.1 887 888 -1
0.1 315 889 -1
0.1 320 321 -1
0.1 890 891 -1
0.1 886 892 -1
0.1 311 893 -1
0.1 323 324 -1
0.1 322 895 -1
0.1 326 327 -1
0.1 897 328 -1
0.1 329 330 -1
0.1 898 899 -1
0.1 900 331 -1
0.1 325 901 -1
0.1 896 902 -1
0.1 335 336 -1
0.1 334 904 -1
0.1 333 905 -1
0.1 332 906 -1
0.1 903 907 -1
0.1 894 908 -1
0.1 310 909 -1
0.1 884 910 -1
0.1 338 339 -1
0.1 912 340 -1
0.1 913 341 -1
0.1 337 914 -1
0.1 344 345 -1
0.1 343 916 -1
0.1 917 346 -1
0.1 342 918 -1
0.1 915 919 -1
0.1 911 920 -1
0.1 348 349 -1
0.1 347 922 -1
0.1 350 351 -1
0.1 924 352 -1
0.1 353 354 -1
0.1 355 356 -1
0.1 926 927 -1
0.1 925 928 -1
0.1 923 929 -1
0.1 358 359 -1
0.1 357 931 -1
0.1 364 365 -1
0.1 363 933 -1
0.1 362 934 -1
0.1 366 367 -1
0.1 935 936 -1
0.1 369 370 -1
0.1 368 938 -1
0.1 939 371 -1
0.1 937 940 -1
0.1 361 941 -1
0.1 360 942 -1
0.1 373 374 -1
0.1 372 944 -1
0.1 945 375 -1
0.1 943 946 -1
0.1 947 376 -1
0.1 932 948 -1
0.1 930 949 -1
0.1 921 950 -1
0.1 379 380 -1
0.1 381 382 -1
0.1 952 953 -1
0.1 954 383 -1
0.1 955 384 -1
0.1 378 956 -1
0.1 377 957 -1
0.1 386 387 -1
0.1 390 391 -1
0.1 960 392 -1
0.1 389 961 -1
0.1 393 394 -1
0.1 395 396 -1
0.1 964 397 -1
0.1 963 965 -1
0.1 962 966 -1
0.1 388 967 -1
0.1 959 968 -1
0.1 385 969 -1
0.1 958 970 -1
0.1 399 400 -1
0.1 398 972 -1
0.1 973 401 -1
0.1 971 974 -1
0.1 403 404 -1
0.1 402 976 -1
0.1 405 406 -1
0.1 977 978 -1
0.1 975 979 -1
0.1 951 980 -1
0.1 296 981 -1
0.1 872 982 -1
0.1 794 983 -1
0.1 759 984 -1
0.1 409 410 -1
0.1 408 986 -1
0.1 407 987 -1
0.1 411 412 -1
0.1 989 413 -1
0.1 414 415 -1
0.1 990 991 -1
0.1 416 417 -1
0.1 993 418 -1
0.1 420 421 -1
0.1 424 425 -1
0.1 423 996 -1
0.1 422 997 -1
0.1 426 427 -1
0.1 998 999 -1
0.1 995 1000 -1
0.1 419 1001 -1
0.1 994 1002 -1
0.1 428 429 -1
0.1 431 432 -1
0.1 1005 433 -1
0.1 1006 434 -1
0.1 430 1007 -1
0.1 436 437 -1
0.1 435 1009 -1
0.1 1008 1010 -1
0.1 1004 1011 -1
0.1 1003 1012 -1
0.1 992 1013 -1
0.1 439 440 -1
0.1 1015 441 -1
0.1 438 1016 -1
0.1 444 445 -1
0.1 447 448 -1
0.1 449 450 -1
0.1 1019 1020 -1
0.1 1021 451 -1
0.1 1022 452 -1
0.1 446 1023 -1
0.1 1018 1024 -1
0.1 1025 453 -1
0.1 443 1026 -1
0.1 442 1027 -1
0.1 1017 1028 -1
0.1 455 456 -1
0.1 1030 457 -1
0.1 454 1031 -1
0.1 458 459 -1
0.1 460 461 -1
0.1 463 464 -1
0.1 466 467 -1
0.1 465 1036 -1
0.1 1035 1037 -1
0.1 462 1038 -1
0.1 1034 1039 -1
0.1 1033 1040 -1
0.1 1032 1041 -1
0.1 1029 1042 -1
0.1 1014 1043 -1
0.1 469 470 -1
0.1 468 1045 -1
0.1 1044 1046 -1
0.1 988 1047 -1
0.1 474 475 -1
0.1 476 477 -1
0.1 1049 1050 -1
0.1 473 1051 -1
0.1 479 480 -1
0.1 478 1053 -1
0.1 1052 1054 -1
0.1 472 1055 -1
0.1 471 1056 -1
0.1 485 486 -1
0.1 487 488 -1
0.1 489 490 -1
0.1 492 493 -1
0.1 494 495 -1
0.1 1061 1062 -1
0.1 491 1063 -1
0.1 1060 1064 -1
0.1 1059 1065 -1
0.1 1058 1066 -1
0.1 484 1067 -1
0.1 497 498 -1
0.1 1069 499 -1
0.1 496 1070 -1
0.1 1068 1071 -1
0.1 483 1072 -1
0.1 500 501 -1
0.1 1073 1074 -1
0.1 482 1075 -1
0.1 481 1076 -1
0.1 1057 1077 -1
0.1 1078 502 -1
0.1 508 509 -1
0.1 507 1080 -1
0.1 506 1081 -1
0.1 511 512 -1
0.1 510 1083 -1
0.1 1082 1084 -1
0.1 514 515 -1
0.1 513 1086 -1
0.1 1085 1087 -1
0.1 505 1088 -1
0.1 504 1089 -1
0.1 503 1090 -1
0.1 1079 1091 -1
0.1 518 519 -1
0.1 517 1093 -1
0.1 516 1094 -1
0.1 1095 520 -1
0.1 1096 521 -1
0.1 1092 1097 -1
0.1 523 524 -1
0.1 526 527 -1
0.1 1100 528 -1
0.1 525 1101 -1
0.1 529 530 -1
0.1 1102 1103 -1
0.1 1099 1104 -1
0.1 1105 531 -1
0.1 522 1106 -1
0.1 532 533 -1
0.1 537 538 -1
0.1 536 1109 -1
0.1 535 1110 -1
0.1 534 1111 -1
0.1 1108 1112 -1
0.1 1107 1113 -1
0.1 539 540 -1
0.1 1115 541 -1
0.1 1114 1116 -1
0.1 542 543 -1
0.1 546 547 -1
0.1 549 550 -1
0.1 548 1120 -1
0.1 1119 1121 -1
0.1 545 1122 -1
0.1 544 1123 -1
0.1 1118 1124 -1
0.1 1117 1125 -1
0.1 1098 1126 -1
0.1 1048 1127 -1
0.1 553 554 -1
0.1 556 557 -1
0.1 555 1130 -1
0.1 1129 1131 -1
0.1 558 559 -1
0.1 560 561 -1
0.1 562 563 -1
0.1 1134 1135 -1
0.1 567 568 -1
0.1 566 1137 -1
0.1 565 1138 -1
0.1 1139 569 -1
0.1 564 1140 -1
0.1 1136 1141 -1
0.1 1142 570 -1
0.1 1133 1143 -1
0.1 1132 1144 -1
0.1 552 1145 -1
0.1 551 1146 -1
0.1 576 577 -1
0.1 579 580 -1
0.1 578 1149 -1
0.1 1148 1150 -1
0.1 575 1151 -1
0.1 574 1152 -1
0.1 573 1153 -1
0.1 572 1154 -1
0.1 571 1155 -1
0.1 1147 1156 -1
0.1 1128 1157 -1
0.1 985 1158 -1
