1 0 0 1
1 0 0 1
1 0 0 1
1 0 0 1
1 0 0 2
1 0 0 2
1 0 0 2
1 0 0 2
1 0 0 2
1 0 0 2
1 0 0 3
1 0 0 3
1 0 0 3
1 0 0 3
1 0 0 3
1 0 0 3
1 0 0 3
1 0 0 3
1 0 0 3
1 0 0 3
1 0 0 2
1 0 0 2
1 0 0 4
1 0 0 4
1 0 0 4
1 0 0 4
1 0 0 5
1 0 0 5
1 0 0 5
1 0 0 5
1 0 0 5
1 0 0 5
1 0 0 5
1 0 0 5
1 0 0 5
1 0 0 5
1 0 0 4
1 0 0 4
1 0 0 4
1 0 0 4
1 0 0 4
1 0 0 4
1 0 0 2
1 0 0 2
1 0 0 6
1 0 0 6
1 0 0 6
1 0 0 6
1 0 0 6
1 0 0 6
1 0 0 6
1 0 0 6
1 0 0 6
1 0 0 6
1 0 0 1
1 0 0 1
1 0 0 1
1 0 0 1
1 0 0 1
1 0 0 1
1 0 0 7
1 0 0 7
1 0 0 7
1 0 0 7
1 0 0 7
1 0 0 7
1 0 0 7
1 0 0 8
1 0 0 8
1 0 0 8
1 0 0 8
1 0 0 8
1 0 0 8
1 0 0 8
1 0 0 8
1 0 0 8
1 0 0 8
1 0 0 9
1 0 0 9
1 0 0 9
1 0 0 9
1 0 0 9
1 0 0 9
1 0 0 9
1 0 0 9
1 0 0 9
1 0 0 10
1 0 0 10
1 0 0 10
1 0 0 10
1 0 0 10
1 0 0 10
1 0 0 10
1 0 0 10
1 0 0 10
1 0 0 10
1 0 0 11
1 0 0 11
1 0 0 11
1 0 0 11
1 0 0 11
1 0 0 11
1 0 0 11
1 0 0 11
1 0 0 11
1 0 0 11
1 0 0 9
1 0 0 12
1 0 0 12
1 0 0 12
1 0 0 12
1 0 0 12
1 0 0 7
1 0 0 12
1 0 0 12
1 0 0 13
1 0 0 13
1 0 0 13
1 0 0 13
1 0 0 13
1 0 0 13
1 0 0 13
1 0 0 13
1 0 0 13
1 0 0 13
1 0 0 14
1 0 0 14
1 0 0 14
1 0 0 14
1 0 0 14
1 0 0 14
1 0 0 14
1 0 0 14
1 0 0 14
1 0 0 14
1 0 0 12
1 0 0 12
1 0 0 12
1 0 0 15
1 0 0 15
1 0 0 16
1 0 0 16
1 0 0 16
1 0 0 16
1 0 0 16
1 0 0 16
1 0 0 16
1 0 0 16
1 0 0 16
1 0 0 16
1 0 0 17
1 0 0 17
1 0 0 17
1 0 0 17
1 0 0 17
1 0 0 17
1 0 0 17
1 0 0 17
1 0 0 17
1 0 0 17
1 0 0 18
1 0 0 18
1 0 0 18
1 0 0 18
1 0 0 18
1 0 0 18
1 0 0 18
1 0 0 18
1 0 0 18
1 0 0 18
1 0 0 19
1 0 0 19
1 0 0 19
1 0 0 19
1 0 0 19
1 0 0 19
1 0 0 19
1 0 0 19
1 0 0 19
1 0 0 19
1 0 0 15
1 0 0 15
1 0 0 15
1 0 0 15
1 0 0 15
1 0 0 15
1 0 0 15
1 0 0 15
1 0 0 20
1 0 0 20
1 0 0 20
1 0 0 20
1 0 0 21
1 0 0 21
1 0 0 21
1 0 0 21
1 0 0 21
1 0 0 21
1 0 0 21
1 0 0 21
1 0 0 21
1 0 0 21
1 0 0 20
1 0 0 20
1 0 0 20
1 0 0 20
1 0 0 20
1 0 0 20
1 0 0 7
1 0 0 7
0.1 1 2 -1
0.1 211 3 -1
0.1 5 6 -1
0.1 213 7 -1
0.1 8 9 -1
0.1 215 10 -1
0.1 14 15 -1
0.1 13 217 -1
0.1 12 218 -1
0.1 17 18 -1
0.1 220 19 -1
0.1 16 221 -1
0.1 222 20 -1
0.1 219 223 -1
0.1 11 224 -1
0.1 216 225 -1
0.1 214 226 -1
0.1 21 22 -1
0.1 24 25 -1
0.1 229 26 -1
0.1 23 230 -1
0.1 30 31 -1
0.1 29 232 -1
0.1 28 233 -1
0.1 27 234 -1
0.1 33 34 -1
0.1 32 236 -1
0.1 35 36 -1
0.1 237 238 -1
0.1 235 239 -1
0.1 231 240 -1
0.1 37 38 -1
0.1 39 40 -1
0.1 243 41 -1
0.1 242 244 -1
0.1 245 42 -1
0.1 241 246 -1
0.1 45 46 -1
0.1 49 50 -1
0.1 48 249 -1
0.1 250 51 -1
0.1 47 251 -1
0.1 248 252 -1
0.1 53 54 -1
0.1 52 254 -1
0.1 253 255 -1
0.1 44 256 -1
0.1 43 257 -1
0.1 247 258 -1
0.1 228 259 -1
0.1 227 260 -1
0.1 55 56 -1
0.1 262 57 -1
0.1 261 263 -1
0.1 4 264 -1
0.1 212 265 -1
0.1 59 60 -1
0.1 58 267 -1
0.1 266 268 -1
0.1 63 64 -1
0.1 62 270 -1
0.1 61 271 -1
0.1 269 272 -1
0.1 65 66 -1
0.1 274 67 -1
0.1 72 73 -1
0.1 71 276 -1
0.1 70 277 -1
0.1 69 278 -1
0.1 75 76 -1
0.1 74 280 -1
0.1 279 281 -1
0.1 282 77 -1
0.1 68 283 -1
0.1 275 284 -1
0.1 273 285 -1
0.1 79 80 -1
0.1 81 82 -1
0.1 83 84 -1
0.1 288 289 -1
0.1 287 290 -1
0.1 78 291 -1
0.1 88 89 -1
0.1 90 91 -1
0.1 293 294 -1
0.1 92 93 -1
0.1 94 95 -1
0.1 297 96 -1
0.1 296 298 -1
0.1 295 299 -1
0.1 87 300 -1
0.1 86 301 -1
0.1 85 302 -1
0.1 292 303 -1
0.1 98 99 -1
0.1 97 305 -1
0.1 100 101 -1
0.1 306 307 -1
0.1 102 103 -1
0.1 308 309 -1
0.1 105 106 -1
0.1 104 311 -1
0.1 310 312 -1
0.1 313 107 -1
0.1 304 314 -1
0.1 108 109 -1
0.1 316 110 -1
0.1 111 112 -1
0.1 317 318 -1
0.1 117 118 -1
0.1 120 121 -1
0.1 321 122 -1
0.1 119 322 -1
0.1 320 323 -1
0.1 116 324 -1
0.1 124 125 -1
0.1 123 326 -1
0.1 325 327 -1
0.1 115 328 -1
0.1 126 127 -1
0.1 129 130 -1
0.1 128 331 -1
0.1 131 132 -1
0.1 332 333 -1
0.1 334 133 -1
0.1 330 335 -1
0.1 134 135 -1
0.1 336 337 -1
0.1 338 136 -1
0.1 137 138 -1
0.1 339 340 -1
0.1 329 341 -1
0.1 114 342 -1
0.1 142 143 -1
0.1 144 145 -1
0.1 146 147 -1
0.1 345 346 -1
0.1 148 149 -1
0.1 348 150 -1
0.1 347 349 -1
0.1 344 350 -1
0.1 141 351 -1
0.1 152 153 -1
0.1 151 353 -1
0.1 354 154 -1
0.1 155 156 -1
0.1 355 356 -1
0.1 157 158 -1
0.1 358 159 -1
0.1 357 359 -1
0.1 360 160 -1
0.1 163 164 -1
0.1 162 362 -1
0.1 161 363 -1
0.1 165 166 -1
0.1 167 168 -1
0.1 169 170 -1
0.1 366 367 -1
0.1 365 368 -1
0.1 364 369 -1
0.1 361 370 -1
0.1 352 371 -1
0.1 171 172 -1
0.1 173 174 -1
0.1 175 176 -1
0.1 374 375 -1
0.1 177 178 -1
0.1 179 180 -1
0.1 377 378 -1
0.1 376 379 -1
0.1 373 380 -1
0.1 372 381 -1
0.1 181 182 -1
0.1 382 383 -1
0.1 140 384 -1
0.1 139 385 -1
0.1 386 183 -1
0.1 185 186 -1
0.1 184 388 -1
0.1 187 188 -1
0.1 389 390 -1
0.1 387 391 -1
0.1 343 392 -1
0.1 113 393 -1
0.1 319 394 -1
0.1 189 190 -1
0.1 194 195 -1
0.1 193 397 -1
0.1 196 197 -1
0.1 398 399 -1
0.1 199 200 -1
0.1 201 202 -1
0.1 401 402 -1
0.1 198 403 -1
0.1 400 404 -1
0.1 204 205 -1
0.1 203 406 -1
0.1 405 407 -1
0.1 408 206 -1
0.1 207 208 -1
0.1 409 410 -1
0.1 192 411 -1
0.1 191 412 -1
0.1 396 413 -1
0.1 395 414 -1
0.1 315 415 -1
0.1 209 210 -1
0.1 416 417 -1
0.1 286 418 -1
