1 0 0 1
1 0 0 1
1 0 0 1
1 0 0 2
1 0 0 2
1 0 0 2
1 0 0 2
1 0 0 2
1 0 0 2
1 0 0 3
1 0 0 3
1 0 0 3
1 0 0 4
1 0 0 4
1 0 0 4
1 0 0 4
1 0 0 4
1 0 0 4
1 0 0 4
1 0 0 4
1 0 0 4
1 0 0 4
1 0 0 3
1 0 0 3
1 0 0 3
1 0 0 3
1 0 0 3
1 0 0 5
1 0 0 5
1 0 0 5
1 0 0 5
1 0 0 5
1 0 0 5
1 0 0 5
1 0 0 5
1 0 0 5
1 0 0 5
1 0 0 6
1 0 0 6
1 0 0 6
1 0 0 6
1 0 0 6
1 0 0 6
1 0 0 6
1 0 0 6
1 0 0 6
1 0 0 6
1 0 0 7
1 0 0 7
1 0 0 7
1 0 0 7
1 0 0 7
1 0 0 7
1 0 0 7
1 0 0 7
1 0 0 7
1 0 0 7
1 0 0 3
1 0 0 3
1 0 0 2
1 0 0 2
1 0 0 2
1 0 0 2
1 0 0 1
1 0 0 1
1 0 0 1
1 0 0 8
1 0 0 8
1 0 0 8
1 0 0 8
1 0 0 8
1 0 0 8
1 0 0 8
1 0 0 8
1 0 0 8
1 0 0 8
1 0 0 1
1 0 0 1
1 0 0 1
1 0 0 9
1 0 0 9
1 0 0 9
1 0 0 9
1 0 0 9
1 0 0 9
1 0 0 9
1 0 0 9
1 0 0 9
1 0 0 10
1 0 0 10
1 0 0 10
1 0 0 10
1 0 0 10
1 0 0 10
1 0 0 10
1 0 0 10
1 0 0 10
1 0 0 10
1 0 0 9
1 0 0 11
1 0 0 11
1 0 0 11
1 0 0 11
1 0 0 12
1 0 0 12
1 0 0 12
1 0 0 12
1 0 0 12
1 0 0 12
1 0 0 12
1 0 0 12
1 0 0 12
1 0 0 12
1 0 0 13
1 0 0 13
1 0 0 13
1 0 0 13
1 0 0 13
1 0 0 13
1 0 0 13
1 0 0 13
1 0 0 13
1 0 0 13
1 0 0 14
1 0 0 14
1 0 0 14
1 0 0 14
1 0 0 14
1 0 0 14
1 0 0 14
1 0 0 14
1 0 0 14
1 0 0 14
1 0 0 15
1 0 0 15
1 0 0 15
1 0 0 15
1 0 0 15
1 0 0 15
1 0 0 15
1 0 0 15
1 0 0 15
1 0 0 15
1 0 0 11
1 0 0 11
1 0 0 11
1 0 0 11
1 0 0 11
1 0 0 11
1 0 0 16
1 0 0 16
1 0 0 17
1 0 0 17
1 0 0 17
1 0 0 17
1 0 0 17
1 0 0 17
1 0 0 17
1 0 0 17
1 0 0 17
1 0 0 17
1 0 0 16
1 0 0 18
1 0 0 18
1 0 0 18
1 0 0 18
1 0 0 18
1 0 0 18
1 0 0 18
1 0 0 18
1 0 0 18
1 0 0 18
1 0 0 16
1 0 0 16
1 0 0 1
1 0 0 16
1 0 0 16
1 0 0 16
1 0 0 16
1 0 0 16
1 0 0 19
1 0 0 19
1 0 0 19
1 0 0 19
1 0 0 19
1 0 0 19
1 0 0 19
1 0 0 19
1 0 0 19
1 0 0 19
1 0 0 20
1 0 0 20
1 0 0 20
1 0 0 21
1 0 0 21
1 0 0 21
1 0 0 21
1 0 0 21
1 0 0 21
1 0 0 21
1 0 0 21
1 0 0 21
1 0 0 21
1 0 0 20
1 0 0 20
1 0 0 20
1 0 0 20
1 0 0 20
1 0 0 20
1 0 0 20
0.1 1 2 -1
0.1 211 3 -1
0.1 5 6 -1
0.1 4 213 -1
0.1 7 8 -1
0.1 11 12 -1
0.1 15 16 -1
0.1 14 217 -1
0.1 13 218 -1
0.1 19 20 -1
0.1 18 220 -1
0.1 221 21 -1
0.1 17 222 -1
0.1 223 22 -1
0.1 219 224 -1
0.1 24 25 -1
0.1 23 226 -1
0.1 225 227 -1
0.1 216 228 -1
0.1 10 229 -1
0.1 29 30 -1
0.1 28 231 -1
0.1 31 32 -1
0.1 36 37 -1
0.1 35 234 -1
0.1 34 235 -1
0.1 33 236 -1
0.1 233 237 -1
0.1 232 238 -1
0.1 27 239 -1
0.1 40 41 -1
0.1 39 241 -1
0.1 42 43 -1
0.1 242 243 -1
0.1 38 244 -1
0.1 44 45 -1
0.1 246 46 -1
0.1 247 47 -1
0.1 49 50 -1
0.1 51 52 -1
0.1 249 250 -1
0.1 48 251 -1
0.1 248 252 -1
0.1 53 54 -1
0.1 55 56 -1
0.1 255 57 -1
0.1 254 256 -1
0.1 253 257 -1
0.1 245 258 -1
0.1 240 259 -1
0.1 58 59 -1
0.1 260 261 -1
0.1 26 262 -1
0.1 230 263 -1
0.1 264 60 -1
0.1 61 62 -1
0.1 266 63 -1
0.1 265 267 -1
0.1 9 268 -1
0.1 215 269 -1
0.1 65 66 -1
0.1 64 271 -1
0.1 270 272 -1
0.1 214 273 -1
0.1 69 70 -1
0.1 68 275 -1
0.1 72 73 -1
0.1 71 277 -1
0.1 278 74 -1
0.1 279 75 -1
0.1 276 280 -1
0.1 281 76 -1
0.1 67 282 -1
0.1 78 79 -1
0.1 77 284 -1
0.1 283 285 -1
0.1 274 286 -1
0.1 212 287 -1
0.1 80 81 -1
0.1 83 84 -1
0.1 86 87 -1
0.1 291 88 -1
0.1 89 90 -1
0.1 91 92 -1
0.1 294 93 -1
0.1 293 295 -1
0.1 96 97 -1
0.1 95 297 -1
0.1 94 298 -1
0.1 299 98 -1
0.1 296 300 -1
0.1 292 301 -1
0.1 85 302 -1
0.1 290 303 -1
0.1 82 304 -1
0.1 289 305 -1
0.1 306 99 -1
0.1 102 103 -1
0.1 104 105 -1
0.1 106 107 -1
0.1 108 109 -1
0.1 310 311 -1
0.1 111 112 -1
0.1 313 113 -1
0.1 110 314 -1
0.1 312 315 -1
0.1 309 316 -1
0.1 308 317 -1
0.1 115 116 -1
0.1 117 118 -1
0.1 320 119 -1
0.1 120 121 -1
0.1 122 123 -1
0.1 322 323 -1
0.1 321 324 -1
0.1 319 325 -1
0.1 126 127 -1
0.1 125 327 -1
0.1 124 328 -1
0.1 128 129 -1
0.1 130 131 -1
0.1 330 331 -1
0.1 132 133 -1
0.1 332 333 -1
0.1 329 334 -1
0.1 136 137 -1
0.1 135 336 -1
0.1 138 139 -1
0.1 142 143 -1
0.1 141 339 -1
0.1 140 340 -1
0.1 338 341 -1
0.1 337 342 -1
0.1 134 343 -1
0.1 335 344 -1
0.1 326 345 -1
0.1 114 346 -1
0.1 318 347 -1
0.1 348 144 -1
0.1 101 349 -1
0.1 100 350 -1
0.1 145 146 -1
0.1 148 149 -1
0.1 147 353 -1
0.1 352 354 -1
0.1 351 355 -1
0.1 152 153 -1
0.1 357 154 -1
0.1 156 157 -1
0.1 158 159 -1
0.1 359 360 -1
0.1 160 161 -1
0.1 361 362 -1
0.1 155 363 -1
0.1 358 364 -1
0.1 151 365 -1
0.1 163 164 -1
0.1 166 167 -1
0.1 168 169 -1
0.1 170 171 -1
0.1 370 172 -1
0.1 369 371 -1
0.1 368 372 -1
0.1 165 373 -1
0.1 367 374 -1
0.1 162 375 -1
0.1 173 174 -1
0.1 376 377 -1
0.1 366 378 -1
0.1 150 379 -1
0.1 380 175 -1
0.1 356 381 -1
0.1 176 177 -1
0.1 383 178 -1
0.1 179 180 -1
0.1 384 385 -1
0.1 382 386 -1
0.1 182 183 -1
0.1 181 388 -1
0.1 185 186 -1
0.1 184 390 -1
0.1 187 188 -1
0.1 391 392 -1
0.1 189 190 -1
0.1 393 394 -1
0.1 389 395 -1
0.1 195 196 -1
0.1 197 198 -1
0.1 199 200 -1
0.1 398 399 -1
0.1 400 201 -1
0.1 397 401 -1
0.1 202 203 -1
0.1 402 403 -1
0.1 194 404 -1
0.1 193 405 -1
0.1 192 406 -1
0.1 204 205 -1
0.1 206 207 -1
0.1 408 409 -1
0.1 208 209 -1
0.1 410 411 -1
0.1 412 210 -1
0.1 407 413 -1
0.1 191 414 -1
0.1 396 415 -1
0.1 387 416 -1
0.1 307 417 -1
0.1 288 418 -1
