1 0 0 1
1 0 0 2
1 0 0 2
1 0 0 2
1 0 0 2
1 0 0 2
1 0 0 2
1 0 0 2
1 0 0 2
1 0 0 2
1 0 0 3
1 0 0 3
1 0 0 4
1 0 0 4
1 0 0 4
1 0 0 4
1 0 0 4
1 0 0 4
1 0 0 4
1 0 0 4
1 0 0 4
1 0 0 4
1 0 0 4
1 0 0 4
1 0 0 4
1 0 0 4
1 0 0 4
1 0 0 4
1 0 0 4
1 0 0 4
1 0 0 4
1 0 0 4
1 0 0 5
1 0 0 5
1 0 0 5
1 0 0 5
1 0 0 5
1 0 0 5
1 0 0 5
1 0 0 5
1 0 0 5
1 0 0 5
1 0 0 5
1 0 0 5
1 0 0 5
1 0 0 5
1 0 0 5
1 0 0 5
1 0 0 5
1 0 0 5
1 0 0 5
1 0 0 5
1 0 0 6
1 0 0 6
1 0 0 6
1 0 0 6
1 0 0 6
1 0 0 7
1 0 0 7
1 0 0 8
1 0 0 8
1 0 0 8
1 0 0 8
1 0 0 8
1 0 0 7
1 0 0 7
1 0 0 7
1 0 0 7
1 0 0 7
1 0 0 7
1 0 0 7
1 0 0 7
1 0 0 6
1 0 0 6
1 0 0 6
1 0 0 6
1 0 0 6
1 0 0 6
1 0 0 6
1 0 0 6
1 0 0 6
1 0 0 1
1 0 0 1
1 0 0 1
1 0 0 1
1 0 0 1
1 0 0 1
1 0 0 1
1 0 0 1
1 0 0 1
1 0 0 1
1 0 0 1
1 0 0 1
1 0 0 1
1 0 0 3
1 0 0 3
1 0 0 3
1 0 0 3
1 0 0 3
1 0 0 3
1 0 0 3
1 0 0 3
1 0 0 3
1 0 0 1
1 0 0 1
1 0 0 1
1 0 0 1
1 0 0 1
1 0 0 1
1 0 0 2
1 0 0 2
1 0 0 2
1 0 0 2
1 0 0 2
1 0 0 2
1 0 0 2
1 0 0 2
1 0 0 2
1 0 0 2
1 0 0 2
1 0 0 6
1 0 0 6
1 0 0 6
1 0 0 6
1 0 0 8
1 0 0 9
1 0 0 9
1 0 0 9
1 0 0 9
1 0 0 9
1 0 0 9
1 0 0 9
1 0 0 9
1 0 0 9
1 0 0 9
1 0 0 9
1 0 0 9
1 0 0 9
1 0 0 9
1 0 0 9
1 0 0 9
1 0 0 9
1 0 0 9
1 0 0 9
1 0 0 9
1 0 0 10
1 0 0 10
1 0 0 10
1 0 0 10
1 0 0 10
1 0 0 10
1 0 0 10
1 0 0 10
1 0 0 10
1 0 0 10
1 0 0 10
1 0 0 10
1 0 0 10
1 0 0 10
1 0 0 10
1 0 0 10
1 0 0 10
1 0 0 11
1 0 0 11
1 0 0 11
1 0 0 11
1 0 0 11
1 0 0 11
1 0 0 11
1 0 0 11
1 0 0 11
1 0 0 11
1 0 0 11
1 0 0 11
1 0 0 11
1 0 0 11
1 0 0 11
1 0 0 11
1 0 0 10
1 0 0 10
1 0 0 10
1 0 0 11
1 0 0 11
1 0 0 11
1 0 0 11
1 0 0 8
1 0 0 8
1 0 0 8
1 0 0 8
1 0 0 7
1 0 0 7
1 0 0 7
1 0 0 7
1 0 0 7
1 0 0 7
1 0 0 7
1 0 0 7
1 0 0 7
1 0 0 7
1 0 0 3
1 0 0 3
1 0 0 3
1 0 0 3
1 0 0 3
1 0 0 3
1 0 0 3
1 0 0 3
1 0 0 6
1 0 0 6
1 0 0 8
1 0 0 8
1 0 0 8
1 0 0 8
1 0 0 8
1 0 0 8
1 0 0 8
1 0 0 8
1 0 0 8
1 0 0 12
1 0 0 12
1 0 0 12
1 0 0 12
1 0 0 12
1 0 0 12
1 0 0 12
1 0 0 12
1 0 0 12
1 0 0 12
1 0 0 12
1 0 0 12
1 0 0 12
1 0 0 12
1 0 0 12
1 0 0 12
1 0 0 12
1 0 0 12
1 0 0 12
1 0 0 12
1 0 0 8
1 0 0 3
0.1 2 3 -1
0.1 5 6 -1
0.1 4 242 -1
0.1 8 9 -1
0.1 244 10 -1
0.1 7 245 -1
0.1 243 246 -1
0.1 11 12 -1
0.1 247 248 -1
0.1 241 249 -1
0.1 13 14 -1
0.1 251 15 -1
0.1 16 17 -1
0.1 253 18 -1
0.1 19 20 -1
0.1 255 21 -1
0.1 256 22 -1
0.1 23 24 -1
0.1 257 258 -1
0.1 254 259 -1
0.1 26 27 -1
0.1 29 30 -1
0.1 28 262 -1
0.1 263 31 -1
0.1 261 264 -1
0.1 25 265 -1
0.1 260 266 -1
0.1 267 32 -1
0.1 252 268 -1
0.1 34 35 -1
0.1 38 39 -1
0.1 37 271 -1
0.1 40 41 -1
0.1 42 43 -1
0.1 273 274 -1
0.1 272 275 -1
0.1 36 276 -1
0.1 270 277 -1
0.1 33 278 -1
0.1 45 46 -1
0.1 44 280 -1
0.1 281 47 -1
0.1 279 282 -1
0.1 48 49 -1
0.1 50 51 -1
0.1 284 285 -1
0.1 286 52 -1
0.1 283 287 -1
0.1 269 288 -1
0.1 54 55 -1
0.1 53 290 -1
0.1 56 57 -1
0.1 291 292 -1
0.1 58 59 -1
0.1 293 294 -1
0.1 289 295 -1
0.1 62 63 -1
0.1 61 297 -1
0.1 298 64 -1
0.1 60 299 -1
0.1 296 300 -1
0.1 67 68 -1
0.1 302 69 -1
0.1 66 303 -1
0.1 65 304 -1
0.1 71 72 -1
0.1 70 306 -1
0.1 305 307 -1
0.1 73 74 -1
0.1 75 76 -1
0.1 310 77 -1
0.1 78 79 -1
0.1 312 80 -1
0.1 313 81 -1
0.1 311 314 -1
0.1 309 315 -1
0.1 308 316 -1
0.1 301 317 -1
0.1 83 84 -1
0.1 319 85 -1
0.1 82 320 -1
0.1 318 321 -1
0.1 86 87 -1
0.1 89 90 -1
0.1 324 91 -1
0.1 88 325 -1
0.1 323 326 -1
0.1 322 327 -1
0.1 93 94 -1
0.1 95 96 -1
0.1 97 98 -1
0.1 99 100 -1
0.1 331 332 -1
0.1 101 102 -1
0.1 334 103 -1
0.1 333 335 -1
0.1 330 336 -1
0.1 337 104 -1
0.1 106 107 -1
0.1 105 339 -1
0.1 108 109 -1
0.1 340 341 -1
0.1 338 342 -1
0.1 329 343 -1
0.1 92 344 -1
0.1 328 345 -1
0.1 250 346 -1
0.1 1 347 -1
0.1 110 111 -1
0.1 115 116 -1
0.1 350 117 -1
0.1 114 351 -1
0.1 113 352 -1
0.1 119 120 -1
0.1 118 354 -1
0.1 353 355 -1
0.1 112 356 -1
0.1 349 357 -1
0.1 123 124 -1
0.1 122 359 -1
0.1 121 360 -1
0.1 358 361 -1
0.1 126 127 -1
0.1 129 130 -1
0.1 128 364 -1
0.1 133 134 -1
0.1 132 366 -1
0.1 135 136 -1
0.1 368 137 -1
0.1 367 369 -1
0.1 131 370 -1
0.1 365 371 -1
0.1 138 139 -1
0.1 373 140 -1
0.1 374 141 -1
0.1 143 144 -1
0.1 376 145 -1
0.1 142 377 -1
0.1 375 378 -1
0.1 372 379 -1
0.1 363 380 -1
0.1 125 381 -1
0.1 149 150 -1
0.1 151 152 -1
0.1 383 384 -1
0.1 148 385 -1
0.1 154 155 -1
0.1 153 387 -1
0.1 386 388 -1
0.1 147 389 -1
0.1 390 156 -1
0.1 391 157 -1
0.1 158 159 -1
0.1 161 162 -1
0.1 160 394 -1
0.1 393 395 -1
0.1 392 396 -1
0.1 146 397 -1
0.1 164 165 -1
0.1 163 399 -1
0.1 167 168 -1
0.1 401 169 -1
0.1 170 171 -1
0.1 402 403 -1
0.1 173 174 -1
0.1 172 405 -1
0.1 176 177 -1
0.1 175 407 -1
0.1 406 408 -1
0.1 404 409 -1
0.1 410 178 -1
0.1 166 411 -1
0.1 180 181 -1
0.1 179 413 -1
0.1 184 185 -1
0.1 183 415 -1
0.1 182 416 -1
0.1 414 417 -1
0.1 412 418 -1
0.1 400 419 -1
0.1 398 420 -1
0.1 382 421 -1
0.1 186 187 -1
0.1 188 189 -1
0.1 423 424 -1
0.1 422 425 -1
0.1 191 192 -1
0.1 190 427 -1
0.1 194 195 -1
0.1 196 197 -1
0.1 198 199 -1
0.1 430 431 -1
0.1 429 432 -1
0.1 193 433 -1
0.1 428 434 -1
0.1 200 201 -1
0.1 436 202 -1
0.1 204 205 -1
0.1 203 438 -1
0.1 206 207 -1
0.1 439 440 -1
0.1 437 441 -1
0.1 208 209 -1
0.1 442 443 -1
0.1 435 444 -1
0.1 426 445 -1
0.1 362 446 -1
0.1 211 212 -1
0.1 213 214 -1
0.1 449 215 -1
0.1 448 450 -1
0.1 210 451 -1
0.1 216 217 -1
0.1 219 220 -1
0.1 223 224 -1
0.1 222 455 -1
0.1 221 456 -1
0.1 454 457 -1
0.1 225 226 -1
0.1 228 229 -1
0.1 227 460 -1
0.1 459 461 -1
0.1 231 232 -1
0.1 230 463 -1
0.1 233 234 -1
0.1 465 235 -1
0.1 464 466 -1
0.1 236 237 -1
0.1 468 238 -1
0.1 467 469 -1
0.1 462 470 -1
0.1 458 471 -1
0.1 472 239 -1
0.1 218 473 -1
0.1 453 474 -1
0.1 452 475 -1
0.1 476 240 -1
0.1 447 477 -1
0.1 348 478 -1
