1 0 0 1
1 0 0 2
1 0 0 2
1 0 0 2
1 0 0 2
1 0 0 2
1 0 0 2
1 0 0 2
1 0 0 2
1 0 0 2
1 0 0 2
1 0 0 2
1 0 0 2
1 0 0 2
1 0 0 2
1 0 0 2
1 0 0 2
1 0 0 2
1 0 0 2
1 0 0 2
1 0 0 2
1 0 0 1
1 0 0 1
1 0 0 1
1 0 0 1
1 0 0 1
1 0 0 1
1 0 0 3
1 0 0 3
1 0 0 3
1 0 0 3
1 0 0 3
1 0 0 3
1 0 0 4
1 0 0 4
1 0 0 4
1 0 0 4
1 0 0 4
1 0 0 4
1 0 0 4
1 0 0 4
1 0 0 4
1 0 0 4
1 0 0 4
1 0 0 4
1 0 0 4
1 0 0 4
1 0 0 4
1 0 0 4
1 0 0 4
1 0 0 4
1 0 0 4
1 0 0 4
1 0 0 5
1 0 0 5
1 0 0 5
1 0 0 5
1 0 0 5
1 0 0 5
1 0 0 5
1 0 0 5
1 0 0 5
1 0 0 5
1 0 0 5
1 0 0 5
1 0 0 5
1 0 0 5
1 0 0 5
1 0 0 5
1 0 0 5
1 0 0 5
1 0 0 5
1 0 0 5
1 0 0 6
1 0 0 6
1 0 0 6
1 0 0 6
1 0 0 6
1 0 0 6
1 0 0 6
1 0 0 6
1 0 0 6
1 0 0 6
1 0 0 6
1 0 0 6
1 0 0 6
1 0 0 6
1 0 0 6
1 0 0 6
1 0 0 6
1 0 0 3
1 0 0 3
1 0 0 3
1 0 0 7
1 0 0 7
1 0 0 7
1 0 0 7
1 0 0 7
1 0 0 7
1 0 0 7
1 0 0 7
1 0 0 7
1 0 0 7
1 0 0 7
1 0 0 7
1 0 0 7
1 0 0 6
1 0 0 6
1 0 0 6
1 0 0 7
1 0 0 7
1 0 0 7
1 0 0 7
1 0 0 7
1 0 0 7
1 0 0 7
1 0 0 8
1 0 0 8
1 0 0 8
1 0 0 8
1 0 0 8
1 0 0 8
1 0 0 8
1 0 0 8
1 0 0 8
1 0 0 8
1 0 0 8
1 0 0 8
1 0 0 8
1 0 0 8
1 0 0 8
1 0 0 8
1 0 0 8
1 0 0 8
1 0 0 8
1 0 0 8
1 0 0 3
1 0 0 3
1 0 0 9
1 0 0 9
1 0 0 9
1 0 0 9
1 0 0 10
1 0 0 10
1 0 0 10
1 0 0 10
1 0 0 10
1 0 0 10
1 0 0 10
1 0 0 10
1 0 0 10
1 0 0 10
1 0 0 9
1 0 0 9
1 0 0 10
1 0 0 10
1 0 0 3
1 0 0 3
1 0 0 3
1 0 0 3
1 0 0 3
1 0 0 3
1 0 0 3
1 0 0 11
1 0 0 11
1 0 0 11
1 0 0 11
1 0 0 11
1 0 0 11
1 0 0 11
1 0 0 11
1 0 0 11
1 0 0 11
1 0 0 11
1 0 0 11
1 0 0 11
1 0 0 11
1 0 0 11
1 0 0 11
1 0 0 11
1 0 0 11
1 0 0 11
1 0 0 11
1 0 0 3
1 0 0 3
1 0 0 1
1 0 0 1
1 0 0 1
1 0 0 1
1 0 0 1
1 0 0 1
1 0 0 1
1 0 0 1
1 0 0 1
1 0 0 9
1 0 0 9
1 0 0 9
1 0 0 9
1 0 0 9
1 0 0 9
1 0 0 9
1 0 0 9
1 0 0 9
1 0 0 1
1 0 0 12
1 0 0 12
1 0 0 12
1 0 0 12
1 0 0 12
1 0 0 12
1 0 0 12
1 0 0 12
1 0 0 12
1 0 0 12
1 0 0 12
1 0 0 12
1 0 0 12
1 0 0 12
1 0 0 12
1 0 0 12
1 0 0 12
1 0 0 12
1 0 0 12
1 0 0 12
1 0 0 10
1 0 0 10
1 0 0 10
1 0 0 10
1 0 0 10
1 0 0 10
1 0 0 10
1 0 0 10
1 0 0 9
1 0 0 9
1 0 0 9
1 0 0 9
1 0 0 9
1 0 0 1
1 0 0 1
1 0 0 1
0.1 4 5 -1
0.1 3 241 -1
0.1 7 8 -1
0.1 9 10 -1
0.1 243 244 -1
0.1 6 245 -1
0.1 242 246 -1
0.1 2 247 -1
0.1 11 12 -1
0.1 14 15 -1
0.1 13 250 -1
0.1 16 17 -1
0.1 18 19 -1
0.1 252 253 -1
0.1 251 254 -1
0.1 249 255 -1
0.1 20 21 -1
0.1 256 257 -1
0.1 248 258 -1
0.1 1 259 -1
0.1 260 22 -1
0.1 24 25 -1
0.1 23 262 -1
0.1 261 263 -1
0.1 29 30 -1
0.1 32 33 -1
0.1 31 266 -1
0.1 265 267 -1
0.1 28 268 -1
0.1 36 37 -1
0.1 35 270 -1
0.1 34 271 -1
0.1 38 39 -1
0.1 40 41 -1
0.1 273 274 -1
0.1 275 42 -1
0.1 44 45 -1
0.1 46 47 -1
0.1 48 49 -1
0.1 278 279 -1
0.1 51 52 -1
0.1 50 281 -1
0.1 280 282 -1
0.1 283 53 -1
0.1 277 284 -1
0.1 43 285 -1
0.1 276 286 -1
0.1 272 287 -1
0.1 55 56 -1
0.1 54 289 -1
0.1 57 58 -1
0.1 61 62 -1
0.1 292 63 -1
0.1 60 293 -1
0.1 59 294 -1
0.1 291 295 -1
0.1 290 296 -1
0.1 65 66 -1
0.1 298 67 -1
0.1 64 299 -1
0.1 68 69 -1
0.1 72 73 -1
0.1 71 302 -1
0.1 70 303 -1
0.1 301 304 -1
0.1 300 305 -1
0.1 297 306 -1
0.1 288 307 -1
0.1 75 76 -1
0.1 77 78 -1
0.1 310 79 -1
0.1 309 311 -1
0.1 312 80 -1
0.1 82 83 -1
0.1 84 85 -1
0.1 315 86 -1
0.1 87 88 -1
0.1 317 89 -1
0.1 316 318 -1
0.1 314 319 -1
0.1 81 320 -1
0.1 313 321 -1
0.1 322 90 -1
0.1 74 323 -1
0.1 91 92 -1
0.1 324 325 -1
0.1 95 96 -1
0.1 94 327 -1
0.1 97 98 -1
0.1 328 329 -1
0.1 99 100 -1
0.1 102 103 -1
0.1 101 332 -1
0.1 333 104 -1
0.1 331 334 -1
0.1 330 335 -1
0.1 336 105 -1
0.1 337 106 -1
0.1 108 109 -1
0.1 107 339 -1
0.1 111 112 -1
0.1 110 341 -1
0.1 340 342 -1
0.1 338 343 -1
0.1 114 115 -1
0.1 113 345 -1
0.1 344 346 -1
0.1 347 116 -1
0.1 117 118 -1
0.1 121 122 -1
0.1 120 350 -1
0.1 123 124 -1
0.1 352 125 -1
0.1 351 353 -1
0.1 119 354 -1
0.1 349 355 -1
0.1 126 127 -1
0.1 356 357 -1
0.1 130 131 -1
0.1 129 359 -1
0.1 128 360 -1
0.1 133 134 -1
0.1 362 135 -1
0.1 132 363 -1
0.1 361 364 -1
0.1 358 365 -1
0.1 366 136 -1
0.1 348 367 -1
0.1 93 368 -1
0.1 137 138 -1
0.1 369 370 -1
0.1 326 371 -1
0.1 308 372 -1
0.1 269 373 -1
0.1 27 374 -1
0.1 26 375 -1
0.1 264 376 -1
0.1 140 141 -1
0.1 378 142 -1
0.1 139 379 -1
0.1 144 145 -1
0.1 143 381 -1
0.1 146 147 -1
0.1 148 149 -1
0.1 383 384 -1
0.1 150 151 -1
0.1 386 152 -1
0.1 385 387 -1
0.1 382 388 -1
0.1 380 389 -1
0.1 153 154 -1
0.1 155 156 -1
0.1 159 160 -1
0.1 158 393 -1
0.1 157 394 -1
0.1 395 161 -1
0.1 164 165 -1
0.1 397 166 -1
0.1 167 168 -1
0.1 169 170 -1
0.1 400 171 -1
0.1 172 173 -1
0.1 401 402 -1
0.1 399 403 -1
0.1 398 404 -1
0.1 405 174 -1
0.1 176 177 -1
0.1 407 178 -1
0.1 175 408 -1
0.1 179 180 -1
0.1 409 410 -1
0.1 182 183 -1
0.1 181 412 -1
0.1 411 413 -1
0.1 406 414 -1
0.1 163 415 -1
0.1 162 416 -1
0.1 184 185 -1
0.1 417 418 -1
0.1 396 419 -1
0.1 392 420 -1
0.1 391 421 -1
0.1 390 422 -1
0.1 186 187 -1
0.1 188 189 -1
0.1 190 191 -1
0.1 425 426 -1
0.1 424 427 -1
0.1 193 194 -1
0.1 192 429 -1
0.1 195 196 -1
0.1 199 200 -1
0.1 198 432 -1
0.1 201 202 -1
0.1 433 434 -1
0.1 435 203 -1
0.1 197 436 -1
0.1 431 437 -1
0.1 438 204 -1
0.1 207 208 -1
0.1 206 440 -1
0.1 205 441 -1
0.1 210 211 -1
0.1 209 443 -1
0.1 442 444 -1
0.1 212 213 -1
0.1 446 214 -1
0.1 218 219 -1
0.1 217 448 -1
0.1 216 449 -1
0.1 215 450 -1
0.1 447 451 -1
0.1 221 222 -1
0.1 220 453 -1
0.1 452 454 -1
0.1 223 224 -1
0.1 455 456 -1
0.1 445 457 -1
0.1 439 458 -1
0.1 430 459 -1
0.1 428 460 -1
0.1 423 461 -1
0.1 226 227 -1
0.1 463 228 -1
0.1 225 464 -1
0.1 465 229 -1
0.1 231 232 -1
0.1 230 467 -1
0.1 466 468 -1
0.1 233 234 -1
0.1 236 237 -1
0.1 235 471 -1
0.1 470 472 -1
0.1 469 473 -1
0.1 474 238 -1
0.1 462 475 -1
0.1 239 240 -1
0.1 476 477 -1
0.1 377 478 -1
