1 0 0 1
1 0 0 1
1 0 0 1
1 0 0 1
1 0 0 1
1 0 0 1
1 0 0 2
1 0 0 2
1 0 0 2
1 0 0 2
1 0 0 2
1 0 0 2
1 0 0 2
1 0 0 2
1 0 0 2
1 0 0 2
1 0 0 2
1 0 0 2
1 0 0 2
1 0 0 2
1 0 0 2
1 0 0 2
1 0 0 2
1 0 0 2
1 0 0 2
1 0 0 2
1 0 0 3
1 0 0 3
1 0 0 3
1 0 0 3
1 0 0 3
1 0 0 3
1 0 0 3
1 0 0 3
1 0 0 3
1 0 0 3
1 0 0 3
1 0 0 3
1 0 0 3
1 0 0 3
1 0 0 3
1 0 0 3
1 0 0 3
1 0 0 3
1 0 0 3
1 0 0 3
1 0 0 1
1 0 0 1
1 0 0 1
1 0 0 1
1 0 0 1
1 0 0 4
1 0 0 4
1 0 0 4
1 0 0 4
1 0 0 4
1 0 0 4
1 0 0 4
1 0 0 4
1 0 0 4
1 0 0 4
1 0 0 4
1 0 0 4
1 0 0 4
1 0 0 4
1 0 0 4
1 0 0 4
1 0 0 4
1 0 0 4
1 0 0 4
1 0 0 4
1 0 0 5
1 0 0 5
1 0 0 5
1 0 0 5
1 0 0 5
1 0 0 5
1 0 0 5
1 0 0 5
1 0 0 5
1 0 0 5
1 0 0 5
1 0 0 5
1 0 0 5
1 0 0 5
1 0 0 5
1 0 0 5
1 0 0 5
1 0 0 6
1 0 0 6
1 0 0 6
1 0 0 6
1 0 0 6
1 0 0 6
1 0 0 6
1 0 0 6
1 0 0 6
1 0 0 6
1 0 0 6
1 0 0 6
1 0 0 6
1 0 0 6
1 0 0 6
1 0 0 6
1 0 0 6
1 0 0 6
1 0 0 6
1 0 0 6
1 0 0 5
1 0 0 5
1 0 0 5
1 0 0 7
1 0 0 7
1 0 0 7
1 0 0 7
1 0 0 7
1 0 0 7
1 0 0 7
1 0 0 7
1 0 0 8
1 0 0 8
1 0 0 7
1 0 0 7
1 0 0 9
1 0 0 9
1 0 0 9
1 0 0 9
1 0 0 9
1 0 0 9
1 0 0 9
1 0 0 9
1 0 0 9
1 0 0 9
1 0 0 9
1 0 0 9
1 0 0 9
1 0 0 9
1 0 0 7
1 0 0 7
1 0 0 7
1 0 0 7
1 0 0 7
1 0 0 7
1 0 0 7
1 0 0 7
1 0 0 7
1 0 0 7
1 0 0 9
1 0 0 9
1 0 0 10
1 0 0 10
1 0 0 10
1 0 0 10
1 0 0 10
1 0 0 10
1 0 0 10
1 0 0 10
1 0 0 8
1 0 0 8
1 0 0 8
1 0 0 8
1 0 0 8
1 0 0 8
1 0 0 8
1 0 0 10
1 0 0 1
1 0 0 1
1 0 0 1
1 0 0 11
1 0 0 11
1 0 0 11
1 0 0 11
1 0 0 11
1 0 0 11
1 0 0 11
1 0 0 11
1 0 0 11
1 0 0 11
1 0 0 11
1 0 0 11
1 0 0 11
1 0 0 11
1 0 0 11
1 0 0 11
1 0 0 11
1 0 0 11
1 0 0 11
1 0 0 11
1 0 0 1
1 0 0 12
1 0 0 12
1 0 0 12
1 0 0 12
1 0 0 12
1 0 0 10
1 0 0 10
1 0 0 12
1 0 0 12
1 0 0 12
1 0 0 12
1 0 0 12
1 0 0 10
1 0 0 10
1 0 0 10
1 0 0 10
1 0 0 10
1 0 0 10
1 0 0 10
1 0 0 10
1 0 0 10
1 0 0 12
1 0 0 12
1 0 0 12
1 0 0 12
1 0 0 8
1 0 0 8
1 0 0 8
1 0 0 8
1 0 0 8
1 0 0 8
1 0 0 8
1 0 0 8
1 0 0 9
1 0 0 9
1 0 0 9
1 0 0 9
1 0 0 8
1 0 0 8
1 0 0 8
1 0 0 12
1 0 0 12
1 0 0 12
1 0 0 12
1 0 0 12
1 0 0 12
1 0 0 1
1 0 0 1
1 0 0 1
1 0 0 1
1 0 0 1
0.1 2 3 -1
0.1 4 5 -1
0.1 242 6 -1
0.1 241 243 -1
0.1 1 244 -1
0.1 7 8 -1
0.1 11 12 -1
0.1 10 247 -1
0.1 13 14 -1
0.1 15 16 -1
0.1 249 250 -1
0.1 248 251 -1
0.1 9 252 -1
0.1 246 253 -1
0.1 17 18 -1
0.1 19 20 -1
0.1 255 256 -1
0.1 21 22 -1
0.1 257 258 -1
0.1 24 25 -1
0.1 23 260 -1
0.1 261 26 -1
0.1 259 262 -1
0.1 254 263 -1
0.1 27 28 -1
0.1 265 29 -1
0.1 32 33 -1
0.1 31 267 -1
0.1 30 268 -1
0.1 34 35 -1
0.1 269 270 -1
0.1 266 271 -1
0.1 37 38 -1
0.1 273 39 -1
0.1 41 42 -1
0.1 40 275 -1
0.1 276 43 -1
0.1 45 46 -1
0.1 44 278 -1
0.1 277 279 -1
0.1 274 280 -1
0.1 36 281 -1
0.1 272 282 -1
0.1 264 283 -1
0.1 245 284 -1
0.1 47 48 -1
0.1 49 50 -1
0.1 52 53 -1
0.1 55 56 -1
0.1 54 289 -1
0.1 288 290 -1
0.1 59 60 -1
0.1 58 292 -1
0.1 61 62 -1
0.1 294 63 -1
0.1 293 295 -1
0.1 57 296 -1
0.1 64 65 -1
0.1 298 66 -1
0.1 299 67 -1
0.1 69 70 -1
0.1 301 71 -1
0.1 68 302 -1
0.1 300 303 -1
0.1 297 304 -1
0.1 291 305 -1
0.1 51 306 -1
0.1 73 74 -1
0.1 76 77 -1
0.1 75 309 -1
0.1 308 310 -1
0.1 78 79 -1
0.1 80 81 -1
0.1 313 82 -1
0.1 84 85 -1
0.1 83 315 -1
0.1 314 316 -1
0.1 312 317 -1
0.1 318 86 -1
0.1 311 319 -1
0.1 320 87 -1
0.1 321 88 -1
0.1 72 322 -1
0.1 90 91 -1
0.1 89 324 -1
0.1 325 92 -1
0.1 94 95 -1
0.1 93 327 -1
0.1 97 98 -1
0.1 100 101 -1
0.1 99 330 -1
0.1 329 331 -1
0.1 103 104 -1
0.1 102 333 -1
0.1 106 107 -1
0.1 105 335 -1
0.1 334 336 -1
0.1 332 337 -1
0.1 338 108 -1
0.1 96 339 -1
0.1 328 340 -1
0.1 110 111 -1
0.1 109 342 -1
0.1 341 343 -1
0.1 326 344 -1
0.1 323 345 -1
0.1 307 346 -1
0.1 287 347 -1
0.1 286 348 -1
0.1 285 349 -1
0.1 114 115 -1
0.1 351 116 -1
0.1 113 352 -1
0.1 112 353 -1
0.1 118 119 -1
0.1 117 355 -1
0.1 354 356 -1
0.1 120 121 -1
0.1 122 123 -1
0.1 358 359 -1
0.1 357 360 -1
0.1 350 361 -1
0.1 125 126 -1
0.1 124 363 -1
0.1 127 128 -1
0.1 364 365 -1
0.1 129 130 -1
0.1 132 133 -1
0.1 131 368 -1
0.1 135 136 -1
0.1 134 370 -1
0.1 369 371 -1
0.1 372 137 -1
0.1 367 373 -1
0.1 366 374 -1
0.1 139 140 -1
0.1 138 376 -1
0.1 141 142 -1
0.1 143 144 -1
0.1 378 379 -1
0.1 146 147 -1
0.1 145 381 -1
0.1 380 382 -1
0.1 377 383 -1
0.1 148 149 -1
0.1 384 385 -1
0.1 375 386 -1
0.1 150 151 -1
0.1 388 152 -1
0.1 153 154 -1
0.1 155 156 -1
0.1 390 391 -1
0.1 392 157 -1
0.1 389 393 -1
0.1 159 160 -1
0.1 158 395 -1
0.1 162 163 -1
0.1 397 164 -1
0.1 161 398 -1
0.1 396 399 -1
0.1 400 165 -1
0.1 166 167 -1
0.1 170 171 -1
0.1 173 174 -1
0.1 172 404 -1
0.1 403 405 -1
0.1 176 177 -1
0.1 175 407 -1
0.1 406 408 -1
0.1 178 179 -1
0.1 409 410 -1
0.1 180 181 -1
0.1 182 183 -1
0.1 413 184 -1
0.1 412 414 -1
0.1 415 185 -1
0.1 187 188 -1
0.1 186 417 -1
0.1 416 418 -1
0.1 411 419 -1
0.1 169 420 -1
0.1 421 189 -1
0.1 168 422 -1
0.1 402 423 -1
0.1 401 424 -1
0.1 394 425 -1
0.1 192 193 -1
0.1 427 194 -1
0.1 195 196 -1
0.1 197 198 -1
0.1 429 430 -1
0.1 428 431 -1
0.1 200 201 -1
0.1 199 433 -1
0.1 432 434 -1
0.1 191 435 -1
0.1 190 436 -1
0.1 202 203 -1
0.1 204 205 -1
0.1 206 207 -1
0.1 439 440 -1
0.1 208 209 -1
0.1 442 210 -1
0.1 441 443 -1
0.1 438 444 -1
0.1 211 212 -1
0.1 446 213 -1
0.1 447 214 -1
0.1 217 218 -1
0.1 449 219 -1
0.1 216 450 -1
0.1 215 451 -1
0.1 221 222 -1
0.1 220 453 -1
0.1 452 454 -1
0.1 225 226 -1
0.1 224 456 -1
0.1 223 457 -1
0.1 227 228 -1
0.1 459 229 -1
0.1 458 460 -1
0.1 455 461 -1
0.1 462 230 -1
0.1 231 232 -1
0.1 464 233 -1
0.1 463 465 -1
0.1 234 235 -1
0.1 466 467 -1
0.1 448 468 -1
0.1 445 469 -1
0.1 437 470 -1
0.1 238 239 -1
0.1 237 472 -1
0.1 473 240 -1
0.1 236 474 -1
0.1 471 475 -1
0.1 426 476 -1
0.1 387 477 -1
0.1 362 478 -1
