1 0 0 1
1 0 0 1
1 0 0 2
1 0 0 2
1 0 0 2
1 0 0 2
1 0 0 2
1 0 0 2
1 0 0 2
1 0 0 2
1 0 0 2
1 0 0 2
1 0 0 3
1 0 0 3
1 0 0 3
1 0 0 3
1 0 0 3
1 0 0 3
1 0 0 3
1 0 0 3
1 0 0 3
1 0 0 3
1 0 0 4
1 0 0 4
1 0 0 4
1 0 0 4
1 0 0 4
1 0 0 4
1 0 0 4
1 0 0 4
1 0 0 4
1 0 0 4
1 0 0 5
1 0 0 5
1 0 0 5
1 0 0 5
1 0 0 5
1 0 0 5
1 0 0 5
1 0 0 5
1 0 0 5
1 0 0 5
1 0 0 1
1 0 0 6
1 0 0 6
1 0 0 6
1 0 0 6
1 0 0 6
1 0 0 6
1 0 0 6
1 0 0 6
1 0 0 6
1 0 0 6
1 0 0 1
1 0 0 7
1 0 0 7
1 0 0 7
1 0 0 7
1 0 0 7
1 0 0 7
1 0 0 7
1 0 0 7
1 0 0 7
1 0 0 7
1 0 0 8
1 0 0 8
1 0 0 8
1 0 0 8
1 0 0 8
1 0 0 8
1 0 0 8
1 0 0 8
1 0 0 8
1 0 0 8
1 0 0 9
1 0 0 9
1 0 0 9
1 0 0 9
1 0 0 9
1 0 0 9
1 0 0 9
1 0 0 9
1 0 0 9
1 0 0 9
1 0 0 10
1 0 0 10
1 0 0 10
1 0 0 10
1 0 0 10
1 0 0 10
1 0 0 10
1 0 0 10
1 0 0 10
1 0 0 10
1 0 0 11
1 0 0 11
1 0 0 11
1 0 0 11
1 0 0 11
1 0 0 11
1 0 0 11
1 0 0 11
1 0 0 11
1 0 0 11
1 0 0 12
1 0 0 12
1 0 0 12
1 0 0 12
1 0 0 12
1 0 0 12
1 0 0 12
1 0 0 12
1 0 0 12
1 0 0 12
1 0 0 1
1 0 0 13
1 0 0 13
1 0 0 13
1 0 0 13
1 0 0 13
1 0 0 13
1 0 0 13
1 0 0 13
1 0 0 13
1 0 0 13
1 0 0 14
1 0 0 14
1 0 0 14
1 0 0 14
1 0 0 14
1 0 0 14
1 0 0 14
1 0 0 14
1 0 0 14
1 0 0 14
1 0 0 1
1 0 0 1
1 0 0 1
1 0 0 15
1 0 0 15
1 0 0 15
1 0 0 15
1 0 0 15
1 0 0 15
1 0 0 15
1 0 0 15
1 0 0 15
1 0 0 15
1 0 0 16
1 0 0 16
1 0 0 17
1 0 0 17
1 0 0 17
1 0 0 17
1 0 0 17
1 0 0 17
1 0 0 17
1 0 0 17
1 0 0 17
1 0 0 17
1 0 0 16
1 0 0 16
1 0 0 16
1 0 0 16
1 0 0 16
1 0 0 16
1 0 0 16
1 0 0 16
1 0 0 18
1 0 0 18
1 0 0 18
1 0 0 18
1 0 0 18
1 0 0 18
1 0 0 18
1 0 0 18
1 0 0 18
1 0 0 18
1 0 0 19
1 0 0 19
1 0 0 19
1 0 0 19
1 0 0 19
1 0 0 19
1 0 0 19
1 0 0 19
1 0 0 19
1 0 0 19
1 0 0 20
1 0 0 20
1 0 0 20
1 0 0 20
1 0 0 20
1 0 0 20
1 0 0 20
1 0 0 20
1 0 0 20
1 0 0 20
1 0 0 21
1 0 0 21
1 0 0 21
1 0 0 21
1 0 0 21
1 0 0 21
1 0 0 21
1 0 0 21
1 0 0 21
1 0 0 21
1 0 0 22
1 0 0 22
1 0 0 22
1 0 0 22
1 0 0 22
1 0 0 22
1 0 0 22
1 0 0 22
1 0 0 22
1 0 0 22
1 0 0 1
1 0 0 1
1 0 0 23
1 0 0 23
1 0 0 23
1 0 0 23
1 0 0 23
1 0 0 23
1 0 0 23
1 0 0 23
1 0 0 23
1 0 0 23
1 0 0 24
1 0 0 24
1 0 0 24
1 0 0 25
1 0 0 25
1 0 0 25
1 0 0 25
1 0 0 25
1 0 0 25
1 0 0 25
1 0 0 25
1 0 0 25
1 0 0 25
1 0 0 24
1 0 0 26
1 0 0 26
1 0 0 26
1 0 0 26
1 0 0 26
1 0 0 26
1 0 0 26
1 0 0 26
1 0 0 26
1 0 0 26
1 0 0 27
1 0 0 27
1 0 0 27
1 0 0 27
1 0 0 27
1 0 0 27
1 0 0 27
1 0 0 27
1 0 0 27
1 0 0 27
1 0 0 28
1 0 0 29
1 0 0 29
1 0 0 29
1 0 0 29
1 0 0 29
1 0 0 29
1 0 0 29
1 0 0 29
1 0 0 29
1 0 0 29
1 0 0 28
1 0 0 28
1 0 0 28
1 0 0 30
1 0 0 30
1 0 0 30
1 0 0 30
1 0 0 30
1 0 0 30
1 0 0 30
1 0 0 30
1 0 0 30
1 0 0 30
1 0 0 31
1 0 0 31
1 0 0 31
1 0 0 31
1 0 0 31
1 0 0 31
1 0 0 31
1 0 0 31
1 0 0 31
1 0 0 31
1 0 0 28
1 0 0 28
1 0 0 32
1 0 0 32
1 0 0 32
1 0 0 32
1 0 0 32
1 0 0 32
1 0 0 32
1 0 0 32
1 0 0 32
1 0 0 32
1 0 0 33
1 0 0 33
1 0 0 33
1 0 0 33
1 0 0 33
1 0 0 33
1 0 0 33
1 0 0 33
1 0 0 33
1 0 0 33
1 0 0 34
1 0 0 34
1 0 0 34
1 0 0 34
1 0 0 34
1 0 0 34
1 0 0 34
1 0 0 34
1 0 0 34
1 0 0 34
1 0 0 35
1 0 0 35
1 0 0 35
1 0 0 35
1 0 0 35
1 0 0 35
1 0 0 35
1 0 0 35
1 0 0 35
1 0 0 35
1 0 0 28
1 0 0 28
1 0 0 36
1 0 0 36
1 0 0 36
1 0 0 36
1 0 0 36
1 0 0 36
1 0 0 36
1 0 0 36
1 0 0 36
1 0 0 36
1 0 0 37
1 0 0 37
1 0 0 37
1 0 0 37
1 0 0 37
1 0 0 37
1 0 0 37
1 0 0 37
1 0 0 37
1 0 0 37
1 0 0 28
1 0 0 38
1 0 0 38
1 0 0 38
1 0 0 38
1 0 0 38
1 0 0 38
1 0 0 38
1 0 0 38
1 0 0 38
1 0 0 38
1 0 0 39
1 0 0 39
1 0 0 39
1 0 0 39
1 0 0 39
1 0 0 39
1 0 0 39
1 0 0 39
1 0 0 39
1 0 0 39
1 0 0 40
1 0 0 40
1 0 0 40
1 0 0 40
1 0 0 40
1 0 0 40
1 0 0 40
1 0 0 40
1 0 0 40
1 0 0 40
1 0 0 41
1 0 0 41
1 0 0 41
1 0 0 41
1 0 0 41
1 0 0 41
1 0 0 41
1 0 0 41
1 0 0 41
1 0 0 41
1 0 0 28
1 0 0 24
1 0 0 24
1 0 0 24
1 0 0 42
1 0 0 42
1 0 0 42
1 0 0 42
1 0 0 42
1 0 0 42
1 0 0 42
1 0 0 42
1 0 0 42
1 0 0 42
1 0 0 24
1 0 0 24
1 0 0 24
1 0 0 43
1 0 0 43
1 0 0 43
1 0 0 43
1 0 0 43
1 0 0 43
1 0 0 43
1 0 0 43
1 0 0 43
1 0 0 43
0.1 1 2 -1
0.1 3 4 -1
0.1 6 7 -1
0.1 433 8 -1
0.1 5 434 -1
0.1 432 435 -1
0.1 436 9 -1
0.1 11 12 -1
0.1 10 438 -1
0.1 437 439 -1
0.1 431 440 -1
0.1 13 14 -1
0.1 15 16 -1
0.1 17 18 -1
0.1 444 19 -1
0.1 445 20 -1
0.1 443 446 -1
0.1 447 21 -1
0.1 448 22 -1
0.1 442 449 -1
0.1 24 25 -1
0.1 28 29 -1
0.1 452 30 -1
0.1 27 453 -1
0.1 26 454 -1
0.1 31 32 -1
0.1 455 456 -1
0.1 451 457 -1
0.1 23 458 -1
0.1 34 35 -1
0.1 37 38 -1
0.1 39 40 -1
0.1 461 462 -1
0.1 36 463 -1
0.1 460 464 -1
0.1 465 41 -1
0.1 466 42 -1
0.1 33 467 -1
0.1 459 468 -1
0.1 450 469 -1
0.1 441 470 -1
0.1 45 46 -1
0.1 44 472 -1
0.1 47 48 -1
0.1 51 52 -1
0.1 50 475 -1
0.1 49 476 -1
0.1 474 477 -1
0.1 478 53 -1
0.1 473 479 -1
0.1 55 56 -1
0.1 57 58 -1
0.1 62 63 -1
0.1 61 483 -1
0.1 60 484 -1
0.1 485 64 -1
0.1 59 486 -1
0.1 482 487 -1
0.1 481 488 -1
0.1 54 489 -1
0.1 480 490 -1
0.1 66 67 -1
0.1 65 492 -1
0.1 493 68 -1
0.1 70 71 -1
0.1 69 495 -1
0.1 72 73 -1
0.1 496 497 -1
0.1 498 74 -1
0.1 494 499 -1
0.1 78 79 -1
0.1 77 501 -1
0.1 76 502 -1
0.1 75 503 -1
0.1 81 82 -1
0.1 80 505 -1
0.1 83 84 -1
0.1 506 507 -1
0.1 504 508 -1
0.1 85 86 -1
0.1 87 88 -1
0.1 91 92 -1
0.1 512 93 -1
0.1 90 513 -1
0.1 89 514 -1
0.1 511 515 -1
0.1 510 516 -1
0.1 517 94 -1
0.1 509 518 -1
0.1 95 96 -1
0.1 97 98 -1
0.1 99 100 -1
0.1 101 102 -1
0.1 103 104 -1
0.1 523 524 -1
0.1 522 525 -1
0.1 521 526 -1
0.1 520 527 -1
0.1 107 108 -1
0.1 106 529 -1
0.1 105 530 -1
0.1 109 110 -1
0.1 111 112 -1
0.1 532 533 -1
0.1 113 114 -1
0.1 534 535 -1
0.1 531 536 -1
0.1 528 537 -1
0.1 519 538 -1
0.1 500 539 -1
0.1 491 540 -1
0.1 43 541 -1
0.1 116 117 -1
0.1 120 121 -1
0.1 119 544 -1
0.1 122 123 -1
0.1 545 546 -1
0.1 118 547 -1
0.1 124 125 -1
0.1 548 549 -1
0.1 543 550 -1
0.1 126 127 -1
0.1 552 128 -1
0.1 129 130 -1
0.1 132 133 -1
0.1 131 555 -1
0.1 554 556 -1
0.1 134 135 -1
0.1 557 558 -1
0.1 553 559 -1
0.1 551 560 -1
0.1 115 561 -1
0.1 562 136 -1
0.1 137 138 -1
0.1 563 564 -1
0.1 139 140 -1
0.1 142 143 -1
0.1 144 145 -1
0.1 567 568 -1
0.1 141 569 -1
0.1 566 570 -1
0.1 146 147 -1
0.1 572 148 -1
0.1 571 573 -1
0.1 151 152 -1
0.1 575 153 -1
0.1 154 155 -1
0.1 577 156 -1
0.1 157 158 -1
0.1 578 579 -1
0.1 159 160 -1
0.1 580 581 -1
0.1 576 582 -1
0.1 583 161 -1
0.1 584 162 -1
0.1 163 164 -1
0.1 585 586 -1
0.1 166 167 -1
0.1 165 588 -1
0.1 587 589 -1
0.1 590 168 -1
0.1 150 591 -1
0.1 149 592 -1
0.1 574 593 -1
0.1 565 594 -1
0.1 542 595 -1
0.1 471 596 -1
0.1 170 171 -1
0.1 172 173 -1
0.1 599 174 -1
0.1 600 175 -1
0.1 601 176 -1
0.1 598 602 -1
0.1 603 177 -1
0.1 604 178 -1
0.1 169 605 -1
0.1 182 183 -1
0.1 181 607 -1
0.1 180 608 -1
0.1 609 184 -1
0.1 610 185 -1
0.1 186 187 -1
0.1 611 612 -1
0.1 613 188 -1
0.1 179 614 -1
0.1 192 193 -1
0.1 191 616 -1
0.1 190 617 -1
0.1 196 197 -1
0.1 195 619 -1
0.1 194 620 -1
0.1 618 621 -1
0.1 622 198 -1
0.1 189 623 -1
0.1 200 201 -1
0.1 202 203 -1
0.1 625 626 -1
0.1 199 627 -1
0.1 205 206 -1
0.1 207 208 -1
0.1 629 630 -1
0.1 204 631 -1
0.1 628 632 -1
0.1 624 633 -1
0.1 209 210 -1
0.1 211 212 -1
0.1 213 214 -1
0.1 215 216 -1
0.1 217 218 -1
0.1 638 639 -1
0.1 637 640 -1
0.1 636 641 -1
0.1 635 642 -1
0.1 634 643 -1
0.1 615 644 -1
0.1 219 220 -1
0.1 221 222 -1
0.1 224 225 -1
0.1 226 227 -1
0.1 648 649 -1
0.1 223 650 -1
0.1 647 651 -1
0.1 229 230 -1
0.1 228 653 -1
0.1 652 654 -1
0.1 646 655 -1
0.1 645 656 -1
0.1 606 657 -1
0.1 232 233 -1
0.1 231 659 -1
0.1 235 236 -1
0.1 238 239 -1
0.1 240 241 -1
0.1 662 663 -1
0.1 237 664 -1
0.1 665 242 -1
0.1 661 666 -1
0.1 667 243 -1
0.1 234 668 -1
0.1 660 669 -1
0.1 245 246 -1
0.1 247 248 -1
0.1 671 672 -1
0.1 250 251 -1
0.1 249 674 -1
0.1 673 675 -1
0.1 253 254 -1
0.1 252 677 -1
0.1 676 678 -1
0.1 257 258 -1
0.1 256 680 -1
0.1 255 681 -1
0.1 260 261 -1
0.1 259 683 -1
0.1 682 684 -1
0.1 262 263 -1
0.1 686 264 -1
0.1 685 687 -1
0.1 679 688 -1
0.1 269 270 -1
0.1 268 690 -1
0.1 267 691 -1
0.1 266 692 -1
0.1 272 273 -1
0.1 274 275 -1
0.1 694 695 -1
0.1 271 696 -1
0.1 693 697 -1
0.1 698 276 -1
0.1 699 277 -1
0.1 265 700 -1
0.1 279 280 -1
0.1 281 282 -1
0.1 283 284 -1
0.1 285 286 -1
0.1 287 288 -1
0.1 705 706 -1
0.1 704 707 -1
0.1 703 708 -1
0.1 702 709 -1
0.1 292 293 -1
0.1 291 711 -1
0.1 294 295 -1
0.1 713 296 -1
0.1 712 714 -1
0.1 290 715 -1
0.1 297 298 -1
0.1 716 717 -1
0.1 289 718 -1
0.1 710 719 -1
0.1 278 720 -1
0.1 701 721 -1
0.1 299 300 -1
0.1 301 302 -1
0.1 303 304 -1
0.1 725 305 -1
0.1 306 307 -1
0.1 727 308 -1
0.1 726 728 -1
0.1 729 309 -1
0.1 724 730 -1
0.1 731 310 -1
0.1 312 313 -1
0.1 314 315 -1
0.1 733 734 -1
0.1 316 317 -1
0.1 319 320 -1
0.1 318 737 -1
0.1 736 738 -1
0.1 735 739 -1
0.1 311 740 -1
0.1 732 741 -1
0.1 323 324 -1
0.1 743 325 -1
0.1 327 328 -1
0.1 326 745 -1
0.1 744 746 -1
0.1 322 747 -1
0.1 748 329 -1
0.1 749 330 -1
0.1 321 750 -1
0.1 333 334 -1
0.1 332 752 -1
0.1 331 753 -1
0.1 754 335 -1
0.1 336 337 -1
0.1 338 339 -1
0.1 756 757 -1
0.1 758 340 -1
0.1 755 759 -1
0.1 751 760 -1
0.1 341 342 -1
0.1 343 344 -1
0.1 348 349 -1
0.1 347 764 -1
0.1 351 352 -1
0.1 350 766 -1
0.1 765 767 -1
0.1 346 768 -1
0.1 345 769 -1
0.1 763 770 -1
0.1 762 771 -1
0.1 761 772 -1
0.1 742 773 -1
0.1 723 774 -1
0.1 722 775 -1
0.1 353 354 -1
0.1 357 358 -1
0.1 356 778 -1
0.1 355 779 -1
0.1 777 780 -1
0.1 360 361 -1
0.1 359 782 -1
0.1 783 362 -1
0.1 781 784 -1
0.1 364 365 -1
0.1 366 367 -1
0.1 786 787 -1
0.1 368 369 -1
0.1 789 370 -1
0.1 372 373 -1
0.1 371 791 -1
0.1 790 792 -1
0.1 788 793 -1
0.1 376 377 -1
0.1 379 380 -1
0.1 796 381 -1
0.1 378 797 -1
0.1 795 798 -1
0.1 375 799 -1
0.1 374 800 -1
0.1 382 383 -1
0.1 801 802 -1
0.1 794 803 -1
0.1 363 804 -1
0.1 389 390 -1
0.1 388 806 -1
0.1 387 807 -1
0.1 386 808 -1
0.1 809 391 -1
0.1 385 810 -1
0.1 392 393 -1
0.1 811 812 -1
0.1 384 813 -1
0.1 805 814 -1
0.1 785 815 -1
0.1 776 816 -1
0.1 396 397 -1
0.1 398 399 -1
0.1 819 400 -1
0.1 818 820 -1
0.1 401 402 -1
0.1 821 822 -1
0.1 823 403 -1
0.1 395 824 -1
0.1 394 825 -1
0.1 826 404 -1
0.1 817 827 -1
0.1 689 828 -1
0.1 244 829 -1
0.1 406 407 -1
0.1 408 409 -1
0.1 410 411 -1
0.1 412 413 -1
0.1 414 415 -1
0.1 416 417 -1
0.1 835 836 -1
0.1 834 837 -1
0.1 833 838 -1
0.1 832 839 -1
0.1 831 840 -1
0.1 405 841 -1
0.1 418 419 -1
0.1 842 843 -1
0.1 844 420 -1
0.1 830 845 -1
0.1 670 846 -1
0.1 422 423 -1
0.1 424 425 -1
0.1 426 427 -1
0.1 849 850 -1
0.1 429 430 -1
0.1 428 852 -1
0.1 851 853 -1
0.1 848 854 -1
0.1 421 855 -1
0.1 847 856 -1
0.1 658 857 -1
0.1 597 858 -1
