1 0 0 1
1 0 0 1
1 0 0 2
1 0 0 2
1 0 0 2
1 0 0 2
1 0 0 2
1 0 0 2
1 0 0 2
1 0 0 2
1 0 0 2
1 0 0 3
1 0 0 3
1 0 0 3
1 0 0 3
1 0 0 3
1 0 0 3
1 0 0 3
1 0 0 3
1 0 0 3
1 0 0 3
1 0 0 2
1 0 0 4
1 0 0 4
1 0 0 4
1 0 0 4
1 0 0 4
1 0 0 4
1 0 0 4
1 0 0 4
1 0 0 4
1 0 0 4
1 0 0 1
1 0 0 5
1 0 0 5
1 0 0 5
1 0 0 5
1 0 0 5
1 0 0 5
1 0 0 5
1 0 0 6
1 0 0 6
1 0 0 6
1 0 0 6
1 0 0 6
1 0 0 6
1 0 0 6
1 0 0 6
1 0 0 6
1 0 0 6
1 0 0 5
1 0 0 5
1 0 0 5
1 0 0 1
1 0 0 1
1 0 0 1
1 0 0 7
1 0 0 7
1 0 0 7
1 0 0 8
1 0 0 8
1 0 0 8
1 0 0 8
1 0 0 8
1 0 0 8
1 0 0 9
1 0 0 9
1 0 0 9
1 0 0 9
1 0 0 9
1 0 0 9
1 0 0 9
1 0 0 9
1 0 0 9
1 0 0 9
1 0 0 10
1 0 0 10
1 0 0 10
1 0 0 10
1 0 0 10
1 0 0 10
1 0 0 10
1 0 0 10
1 0 0 10
1 0 0 10
1 0 0 8
1 0 0 8
1 0 0 8
1 0 0 8
1 0 0 11
1 0 0 11
1 0 0 11
1 0 0 11
1 0 0 11
1 0 0 11
1 0 0 11
1 0 0 11
1 0 0 11
1 0 0 11
1 0 0 7
1 0 0 7
1 0 0 7
1 0 0 7
1 0 0 12
1 0 0 12
1 0 0 13
1 0 0 12
1 0 0 14
1 0 0 15
1 0 0 15
1 0 0 15
1 0 0 15
1 0 0 15
1 0 0 15
1 0 0 15
1 0 0 15
1 0 0 15
1 0 0 15
1 0 0 14
1 0 0 14
1 0 0 14
1 0 0 14
1 0 0 14
1 0 0 14
1 0 0 14
1 0 0 14
1 0 0 14
1 0 0 12
1 0 0 12
1 0 0 12
1 0 0 12
1 0 0 12
1 0 0 12
1 0 0 12
1 0 0 13
1 0 0 13
1 0 0 13
1 0 0 13
1 0 0 13
1 0 0 13
1 0 0 13
1 0 0 13
1 0 0 13
1 0 0 7
1 0 0 7
1 0 0 7
1 0 0 1
1 0 0 1
1 0 0 1
1 0 0 1
1 0 0 16
1 0 0 16
1 0 0 17
1 0 0 17
1 0 0 17
1 0 0 17
1 0 0 17
1 0 0 18
1 0 0 18
1 0 0 18
1 0 0 18
1 0 0 18
1 0 0 18
1 0 0 18
1 0 0 18
1 0 0 18
1 0 0 18
1 0 0 17
1 0 0 17
1 0 0 17
1 0 0 17
1 0 0 17
1 0 0 16
1 0 0 19
1 0 0 19
1 0 0 19
1 0 0 19
1 0 0 19
1 0 0 20
1 0 0 20
1 0 0 20
1 0 0 20
1 0 0 20
1 0 0 20
1 0 0 20
1 0 0 20
1 0 0 20
1 0 0 20
1 0 0 19
1 0 0 19
1 0 0 19
1 0 0 19
1 0 0 19
1 0 0 21
1 0 0 21
1 0 0 21
1 0 0 21
1 0 0 22
1 0 0 22
1 0 0 22
1 0 0 22
1 0 0 22
1 0 0 22
1 0 0 22
1 0 0 22
1 0 0 22
1 0 0 22
1 0 0 21
1 0 0 21
1 0 0 21
1 0 0 21
1 0 0 21
1 0 0 21
1 0 0 16
1 0 0 16
1 0 0 16
1 0 0 16
1 0 0 16
1 0 0 23
1 0 0 23
1 0 0 23
1 0 0 23
1 0 0 24
1 0 0 24
1 0 0 24
1 0 0 25
1 0 0 25
1 0 0 25
1 0 0 25
1 0 0 25
1 0 0 25
1 0 0 25
1 0 0 25
1 0 0 25
1 0 0 25
1 0 0 24
1 0 0 24
1 0 0 24
1 0 0 24
1 0 0 26
1 0 0 26
1 0 0 26
1 0 0 26
1 0 0 26
1 0 0 26
1 0 0 26
1 0 0 26
1 0 0 26
1 0 0 26
1 0 0 24
1 0 0 24
1 0 0 24
1 0 0 23
1 0 0 23
1 0 0 23
1 0 0 23
1 0 0 23
1 0 0 23
1 0 0 16
1 0 0 16
0.1 1 2 -1
0.1 3 4 -1
0.1 6 7 -1
0.1 8 9 -1
0.1 263 264 -1
0.1 13 14 -1
0.1 12 266 -1
0.1 15 16 -1
0.1 268 17 -1
0.1 267 269 -1
0.1 19 20 -1
0.1 271 21 -1
0.1 18 272 -1
0.1 270 273 -1
0.1 11 274 -1
0.1 10 275 -1
0.1 24 25 -1
0.1 23 277 -1
0.1 22 278 -1
0.1 28 29 -1
0.1 27 280 -1
0.1 26 281 -1
0.1 31 32 -1
0.1 30 283 -1
0.1 282 284 -1
0.1 279 285 -1
0.1 276 286 -1
0.1 265 287 -1
0.1 5 288 -1
0.1 262 289 -1
0.1 290 33 -1
0.1 261 291 -1
0.1 36 37 -1
0.1 293 38 -1
0.1 35 294 -1
0.1 34 295 -1
0.1 39 40 -1
0.1 41 42 -1
0.1 47 48 -1
0.1 46 299 -1
0.1 45 300 -1
0.1 44 301 -1
0.1 43 302 -1
0.1 298 303 -1
0.1 49 50 -1
0.1 304 305 -1
0.1 297 306 -1
0.1 52 53 -1
0.1 51 308 -1
0.1 307 309 -1
0.1 296 310 -1
0.1 292 311 -1
0.1 55 56 -1
0.1 54 313 -1
0.1 57 58 -1
0.1 61 62 -1
0.1 60 316 -1
0.1 66 67 -1
0.1 68 69 -1
0.1 319 70 -1
0.1 320 71 -1
0.1 73 74 -1
0.1 72 322 -1
0.1 321 323 -1
0.1 318 324 -1
0.1 325 75 -1
0.1 326 76 -1
0.1 79 80 -1
0.1 81 82 -1
0.1 328 329 -1
0.1 78 330 -1
0.1 77 331 -1
0.1 84 85 -1
0.1 83 333 -1
0.1 332 334 -1
0.1 327 335 -1
0.1 65 336 -1
0.1 64 337 -1
0.1 63 338 -1
0.1 86 87 -1
0.1 339 340 -1
0.1 88 89 -1
0.1 90 91 -1
0.1 93 94 -1
0.1 92 344 -1
0.1 343 345 -1
0.1 346 95 -1
0.1 347 96 -1
0.1 348 97 -1
0.1 98 99 -1
0.1 349 350 -1
0.1 342 351 -1
0.1 341 352 -1
0.1 317 353 -1
0.1 100 101 -1
0.1 354 355 -1
0.1 106 107 -1
0.1 105 357 -1
0.1 109 110 -1
0.1 112 113 -1
0.1 114 115 -1
0.1 361 116 -1
0.1 117 118 -1
0.1 362 363 -1
0.1 360 364 -1
0.1 111 365 -1
0.1 359 366 -1
0.1 108 367 -1
0.1 121 122 -1
0.1 120 369 -1
0.1 119 370 -1
0.1 368 371 -1
0.1 123 124 -1
0.1 372 373 -1
0.1 126 127 -1
0.1 125 375 -1
0.1 374 376 -1
0.1 377 128 -1
0.1 378 129 -1
0.1 379 130 -1
0.1 358 380 -1
0.1 131 132 -1
0.1 133 134 -1
0.1 382 383 -1
0.1 381 384 -1
0.1 104 385 -1
0.1 135 136 -1
0.1 138 139 -1
0.1 137 388 -1
0.1 389 140 -1
0.1 390 141 -1
0.1 387 391 -1
0.1 142 143 -1
0.1 392 393 -1
0.1 386 394 -1
0.1 103 395 -1
0.1 102 396 -1
0.1 356 397 -1
0.1 59 398 -1
0.1 145 146 -1
0.1 144 400 -1
0.1 399 401 -1
0.1 315 402 -1
0.1 403 147 -1
0.1 148 149 -1
0.1 404 405 -1
0.1 314 406 -1
0.1 312 407 -1
0.1 153 154 -1
0.1 155 156 -1
0.1 159 160 -1
0.1 161 162 -1
0.1 412 163 -1
0.1 164 165 -1
0.1 166 167 -1
0.1 414 415 -1
0.1 413 416 -1
0.1 411 417 -1
0.1 158 418 -1
0.1 157 419 -1
0.1 169 170 -1
0.1 421 171 -1
0.1 168 422 -1
0.1 420 423 -1
0.1 424 172 -1
0.1 410 425 -1
0.1 409 426 -1
0.1 152 427 -1
0.1 175 176 -1
0.1 177 178 -1
0.1 429 430 -1
0.1 179 180 -1
0.1 182 183 -1
0.1 184 185 -1
0.1 433 434 -1
0.1 186 187 -1
0.1 436 188 -1
0.1 435 437 -1
0.1 181 438 -1
0.1 432 439 -1
0.1 440 189 -1
0.1 191 192 -1
0.1 190 442 -1
0.1 443 193 -1
0.1 441 444 -1
0.1 431 445 -1
0.1 174 446 -1
0.1 173 447 -1
0.1 194 195 -1
0.1 199 200 -1
0.1 198 450 -1
0.1 201 202 -1
0.1 451 452 -1
0.1 453 203 -1
0.1 205 206 -1
0.1 204 455 -1
0.1 454 456 -1
0.1 457 207 -1
0.1 197 458 -1
0.1 196 459 -1
0.1 449 460 -1
0.1 210 211 -1
0.1 462 212 -1
0.1 209 463 -1
0.1 208 464 -1
0.1 465 213 -1
0.1 461 466 -1
0.1 467 214 -1
0.1 468 215 -1
0.1 469 216 -1
0.1 470 217 -1
0.1 471 218 -1
0.1 219 220 -1
0.1 223 224 -1
0.1 226 227 -1
0.1 229 230 -1
0.1 231 232 -1
0.1 476 477 -1
0.1 233 234 -1
0.1 479 235 -1
0.1 478 480 -1
0.1 228 481 -1
0.1 475 482 -1
0.1 225 483 -1
0.1 474 484 -1
0.1 237 238 -1
0.1 486 239 -1
0.1 242 243 -1
0.1 241 488 -1
0.1 244 245 -1
0.1 489 490 -1
0.1 491 246 -1
0.1 248 249 -1
0.1 247 493 -1
0.1 492 494 -1
0.1 240 495 -1
0.1 487 496 -1
0.1 497 250 -1
0.1 251 252 -1
0.1 498 499 -1
0.1 236 500 -1
0.1 485 501 -1
0.1 502 253 -1
0.1 222 503 -1
0.1 504 254 -1
0.1 221 505 -1
0.1 473 506 -1
0.1 257 258 -1
0.1 256 508 -1
0.1 255 509 -1
0.1 507 510 -1
0.1 472 511 -1
0.1 512 259 -1
0.1 513 260 -1
0.1 448 514 -1
0.1 428 515 -1
0.1 151 516 -1
0.1 150 517 -1
0.1 408 518 -1
