1 0 0 1
1 0 0 1
1 0 0 1
1 0 0 1
1 0 0 1
1 0 0 2
1 0 0 2
1 0 0 2
1 0 0 3
1 0 0 3
1 0 0 3
1 0 0 3
1 0 0 3
1 0 0 3
1 0 0 3
1 0 0 3
1 0 0 3
1 0 0 3
1 0 0 4
1 0 0 4
1 0 0 5
1 0 0 5
1 0 0 5
1 0 0 5
1 0 0 5
1 0 0 5
1 0 0 5
1 0 0 5
1 0 0 5
1 0 0 5
1 0 0 4
1 0 0 6
1 0 0 6
1 0 0 6
1 0 0 6
1 0 0 6
1 0 0 6
1 0 0 6
1 0 0 6
1 0 0 6
1 0 0 6
1 0 0 7
1 0 0 7
1 0 0 7
1 0 0 7
1 0 0 7
1 0 0 7
1 0 0 7
1 0 0 7
1 0 0 7
1 0 0 7
1 0 0 4
1 0 0 4
1 0 0 4
1 0 0 4
1 0 0 4
1 0 0 4
1 0 0 4
1 0 0 8
1 0 0 8
1 0 0 8
1 0 0 8
1 0 0 8
1 0 0 8
1 0 0 8
1 0 0 8
1 0 0 8
1 0 0 8
1 0 0 9
1 0 0 9
1 0 0 9
1 0 0 9
1 0 0 9
1 0 0 9
1 0 0 9
1 0 0 9
1 0 0 9
1 0 0 9
1 0 0 10
1 0 0 10
1 0 0 10
1 0 0 10
1 0 0 10
1 0 0 10
1 0 0 10
1 0 0 10
1 0 0 10
1 0 0 10
1 0 0 11
1 0 0 11
1 0 0 11
1 0 0 11
1 0 0 11
1 0 0 11
1 0 0 11
1 0 0 11
1 0 0 11
1 0 0 11
1 0 0 2
1 0 0 2
1 0 0 2
1 0 0 2
1 0 0 2
1 0 0 2
1 0 0 2
1 0 0 12
1 0 0 12
1 0 0 12
1 0 0 12
1 0 0 12
1 0 0 12
1 0 0 12
1 0 0 12
1 0 0 13
1 0 0 13
1 0 0 13
1 0 0 13
1 0 0 13
1 0 0 13
1 0 0 13
1 0 0 13
1 0 0 13
1 0 0 13
1 0 0 12
1 0 0 12
1 0 0 1
1 0 0 1
1 0 0 14
1 0 0 14
1 0 0 14
1 0 0 14
1 0 0 14
1 0 0 14
1 0 0 14
1 0 0 14
1 0 0 14
1 0 0 14
1 0 0 1
1 0 0 1
1 0 0 1
0.1 2 3 -1
0.1 141 4 -1
0.1 9 10 -1
0.1 13 14 -1
0.1 12 144 -1
0.1 11 145 -1
0.1 15 16 -1
0.1 147 17 -1
0.1 148 18 -1
0.1 146 149 -1
0.1 143 150 -1
0.1 19 20 -1
0.1 24 25 -1
0.1 26 27 -1
0.1 153 154 -1
0.1 23 155 -1
0.1 22 156 -1
0.1 21 157 -1
0.1 29 30 -1
0.1 28 159 -1
0.1 158 160 -1
0.1 152 161 -1
0.1 32 33 -1
0.1 163 34 -1
0.1 36 37 -1
0.1 35 165 -1
0.1 164 166 -1
0.1 40 41 -1
0.1 39 168 -1
0.1 38 169 -1
0.1 167 170 -1
0.1 31 171 -1
0.1 162 172 -1
0.1 43 44 -1
0.1 174 45 -1
0.1 42 175 -1
0.1 46 47 -1
0.1 48 49 -1
0.1 177 178 -1
0.1 179 50 -1
0.1 180 51 -1
0.1 176 181 -1
0.1 52 53 -1
0.1 182 183 -1
0.1 55 56 -1
0.1 59 60 -1
0.1 61 62 -1
0.1 187 63 -1
0.1 64 65 -1
0.1 188 189 -1
0.1 66 67 -1
0.1 190 191 -1
0.1 192 68 -1
0.1 186 193 -1
0.1 69 70 -1
0.1 73 74 -1
0.1 72 196 -1
0.1 75 76 -1
0.1 197 198 -1
0.1 71 199 -1
0.1 77 78 -1
0.1 200 201 -1
0.1 195 202 -1
0.1 194 203 -1
0.1 58 204 -1
0.1 57 205 -1
0.1 185 206 -1
0.1 54 207 -1
0.1 184 208 -1
0.1 81 82 -1
0.1 80 210 -1
0.1 84 85 -1
0.1 83 212 -1
0.1 211 213 -1
0.1 87 88 -1
0.1 86 215 -1
0.1 214 216 -1
0.1 79 217 -1
0.1 209 218 -1
0.1 173 219 -1
0.1 151 220 -1
0.1 90 91 -1
0.1 89 222 -1
0.1 92 93 -1
0.1 94 95 -1
0.1 225 96 -1
0.1 97 98 -1
0.1 226 227 -1
0.1 224 228 -1
0.1 223 229 -1
0.1 221 230 -1
0.1 231 99 -1
0.1 101 102 -1
0.1 100 233 -1
0.1 232 234 -1
0.1 103 104 -1
0.1 236 105 -1
0.1 235 237 -1
0.1 8 238 -1
0.1 7 239 -1
0.1 6 240 -1
0.1 5 241 -1
0.1 142 242 -1
0.1 1 243 -1
0.1 109 110 -1
0.1 108 245 -1
0.1 111 112 -1
0.1 246 247 -1
0.1 248 113 -1
0.1 114 115 -1
0.1 118 119 -1
0.1 117 251 -1
0.1 116 252 -1
0.1 121 122 -1
0.1 120 254 -1
0.1 253 255 -1
0.1 256 123 -1
0.1 250 257 -1
0.1 258 124 -1
0.1 259 125 -1
0.1 249 260 -1
0.1 107 261 -1
0.1 106 262 -1
0.1 128 129 -1
0.1 264 130 -1
0.1 265 131 -1
0.1 132 133 -1
0.1 134 135 -1
0.1 267 268 -1
0.1 136 137 -1
0.1 269 270 -1
0.1 266 271 -1
0.1 127 272 -1
0.1 273 138 -1
0.1 126 274 -1
0.1 139 140 -1
0.1 275 276 -1
0.1 263 277 -1
0.1 244 278 -1
