1 0 0 1
1 0 0 1
1 0 0 1
1 0 0 1
1 0 0 1
1 0 0 2
1 0 0 2
1 0 0 2
1 0 0 2
1 0 0 2
1 0 0 2
1 0 0 2
1 0 0 2
1 0 0 2
1 0 0 2
1 0 0 3
1 0 0 3
1 0 0 3
1 0 0 3
1 0 0 3
1 0 0 3
1 0 0 3
1 0 0 3
1 0 0 3
1 0 0 3
1 0 0 4
1 0 0 4
1 0 0 4
1 0 0 4
1 0 0 4
1 0 0 4
1 0 0 4
1 0 0 4
1 0 0 4
1 0 0 4
1 0 0 5
1 0 0 5
1 0 0 5
1 0 0 5
1 0 0 5
1 0 0 5
1 0 0 5
1 0 0 5
1 0 0 5
1 0 0 5
1 0 0 6
1 0 0 6
1 0 0 7
1 0 0 7
1 0 0 7
1 0 0 7
1 0 0 7
1 0 0 7
1 0 0 7
1 0 0 7
1 0 0 7
1 0 0 7
1 0 0 6
1 0 0 8
1 0 0 8
1 0 0 8
1 0 0 8
1 0 0 8
1 0 0 8
1 0 0 8
1 0 0 8
1 0 0 8
1 0 0 8
1 0 0 6
1 0 0 6
1 0 0 6
1 0 0 6
1 0 0 9
1 0 0 9
1 0 0 9
1 0 0 9
1 0 0 9
1 0 0 9
1 0 0 9
1 0 0 9
1 0 0 9
1 0 0 9
1 0 0 10
1 0 0 10
1 0 0 10
1 0 0 10
1 0 0 10
1 0 0 10
1 0 0 10
1 0 0 10
1 0 0 10
1 0 0 10
1 0 0 6
1 0 0 6
1 0 0 6
1 0 0 11
1 0 0 11
1 0 0 11
1 0 0 11
1 0 0 11
1 0 0 11
1 0 0 11
1 0 0 11
1 0 0 11
1 0 0 11
1 0 0 12
1 0 0 12
1 0 0 12
1 0 0 12
1 0 0 12
1 0 0 12
1 0 0 12
1 0 0 12
1 0 0 12
1 0 0 12
1 0 0 13
1 0 0 13
1 0 0 13
1 0 0 13
1 0 0 13
1 0 0 13
1 0 0 13
1 0 0 13
1 0 0 1
1 0 0 1
1 0 0 1
1 0 0 1
1 0 0 1
1 0 0 14
1 0 0 14
1 0 0 14
1 0 0 14
1 0 0 14
1 0 0 14
1 0 0 14
1 0 0 14
1 0 0 14
1 0 0 14
1 0 0 13
1 0 0 13
0.1 2 3 -1
0.1 141 4 -1
0.1 8 9 -1
0.1 7 143 -1
0.1 11 12 -1
0.1 10 145 -1
0.1 14 15 -1
0.1 13 147 -1
0.1 146 148 -1
0.1 144 149 -1
0.1 6 150 -1
0.1 17 18 -1
0.1 16 152 -1
0.1 19 20 -1
0.1 153 154 -1
0.1 21 22 -1
0.1 155 156 -1
0.1 24 25 -1
0.1 23 158 -1
0.1 157 159 -1
0.1 151 160 -1
0.1 26 27 -1
0.1 28 29 -1
0.1 162 163 -1
0.1 30 31 -1
0.1 164 165 -1
0.1 32 33 -1
0.1 167 34 -1
0.1 168 35 -1
0.1 166 169 -1
0.1 161 170 -1
0.1 37 38 -1
0.1 36 172 -1
0.1 42 43 -1
0.1 44 45 -1
0.1 174 175 -1
0.1 41 176 -1
0.1 40 177 -1
0.1 39 178 -1
0.1 173 179 -1
0.1 180 46 -1
0.1 181 47 -1
0.1 49 50 -1
0.1 48 183 -1
0.1 52 53 -1
0.1 51 185 -1
0.1 184 186 -1
0.1 56 57 -1
0.1 55 188 -1
0.1 54 189 -1
0.1 187 190 -1
0.1 191 58 -1
0.1 182 192 -1
0.1 61 62 -1
0.1 60 194 -1
0.1 59 195 -1
0.1 63 64 -1
0.1 197 65 -1
0.1 198 66 -1
0.1 199 67 -1
0.1 200 68 -1
0.1 196 201 -1
0.1 70 71 -1
0.1 69 203 -1
0.1 204 72 -1
0.1 73 74 -1
0.1 75 76 -1
0.1 207 77 -1
0.1 208 78 -1
0.1 206 209 -1
0.1 79 80 -1
0.1 81 82 -1
0.1 211 212 -1
0.1 210 213 -1
0.1 83 84 -1
0.1 86 87 -1
0.1 88 89 -1
0.1 90 91 -1
0.1 218 92 -1
0.1 217 219 -1
0.1 216 220 -1
0.1 85 221 -1
0.1 215 222 -1
0.1 214 223 -1
0.1 224 93 -1
0.1 205 225 -1
0.1 94 95 -1
0.1 226 227 -1
0.1 202 228 -1
0.1 97 98 -1
0.1 96 230 -1
0.1 99 100 -1
0.1 232 101 -1
0.1 231 233 -1
0.1 234 102 -1
0.1 104 105 -1
0.1 103 236 -1
0.1 235 237 -1
0.1 229 238 -1
0.1 193 239 -1
0.1 171 240 -1
0.1 5 241 -1
0.1 142 242 -1
0.1 1 243 -1
0.1 107 108 -1
0.1 245 109 -1
0.1 110 111 -1
0.1 247 112 -1
0.1 248 113 -1
0.1 246 249 -1
0.1 106 250 -1
0.1 114 115 -1
0.1 251 252 -1
0.1 116 117 -1
0.1 119 120 -1
0.1 255 121 -1
0.1 122 123 -1
0.1 256 257 -1
0.1 124 125 -1
0.1 131 132 -1
0.1 130 260 -1
0.1 133 134 -1
0.1 135 136 -1
0.1 137 138 -1
0.1 263 264 -1
0.1 262 265 -1
0.1 261 266 -1
0.1 129 267 -1
0.1 128 268 -1
0.1 127 269 -1
0.1 126 270 -1
0.1 259 271 -1
0.1 272 139 -1
0.1 273 140 -1
0.1 258 274 -1
0.1 118 275 -1
0.1 254 276 -1
0.1 253 277 -1
0.1 244 278 -1
