1 0 0 1
1 0 0 1
1 0 0 1
1 0 0 1
1 0 0 1
1 0 0 1
1 0 0 1
1 0 0 2
1 0 0 2
1 0 0 3
1 0 0 3
1 0 0 3
1 0 0 3
1 0 0 3
1 0 0 3
1 0 0 3
1 0 0 3
1 0 0 3
1 0 0 3
1 0 0 2
1 0 0 4
1 0 0 4
1 0 0 4
1 0 0 4
1 0 0 4
1 0 0 4
1 0 0 4
1 0 0 4
1 0 0 4
1 0 0 4
1 0 0 5
1 0 0 5
1 0 0 5
1 0 0 5
1 0 0 5
1 0 0 5
1 0 0 5
1 0 0 5
1 0 0 5
1 0 0 5
1 0 0 6
1 0 0 6
1 0 0 6
1 0 0 6
1 0 0 6
1 0 0 6
1 0 0 6
1 0 0 6
1 0 0 6
1 0 0 6
1 0 0 2
1 0 0 7
1 0 0 7
1 0 0 7
1 0 0 7
1 0 0 7
1 0 0 7
1 0 0 7
1 0 0 7
1 0 0 7
1 0 0 7
1 0 0 2
1 0 0 8
1 0 0 8
1 0 0 8
1 0 0 8
1 0 0 8
1 0 0 8
1 0 0 8
1 0 0 8
1 0 0 8
1 0 0 8
1 0 0 2
1 0 0 2
1 0 0 2
1 0 0 9
1 0 0 9
1 0 0 9
1 0 0 9
1 0 0 9
1 0 0 9
1 0 0 9
1 0 0 9
1 0 0 9
1 0 0 9
1 0 0 10
1 0 0 10
1 0 0 10
1 0 0 10
1 0 0 11
1 0 0 11
1 0 0 11
1 0 0 11
1 0 0 11
1 0 0 11
1 0 0 11
1 0 0 11
1 0 0 11
1 0 0 11
1 0 0 12
1 0 0 12
1 0 0 13
1 0 0 13
1 0 0 13
1 0 0 13
1 0 0 13
1 0 0 13
1 0 0 13
1 0 0 13
1 0 0 13
1 0 0 13
1 0 0 14
1 0 0 14
1 0 0 14
1 0 0 14
1 0 0 14
1 0 0 14
1 0 0 14
1 0 0 14
1 0 0 14
1 0 0 14
1 0 0 15
1 0 0 15
1 0 0 15
1 0 0 15
1 0 0 15
1 0 0 15
1 0 0 15
1 0 0 15
1 0 0 15
1 0 0 15
1 0 0 16
1 0 0 16
1 0 0 16
1 0 0 16
1 0 0 16
1 0 0 16
1 0 0 16
1 0 0 16
1 0 0 16
1 0 0 16
1 0 0 17
1 0 0 17
1 0 0 17
1 0 0 17
1 0 0 17
1 0 0 17
1 0 0 17
1 0 0 17
1 0 0 17
1 0 0 17
1 0 0 18
1 0 0 18
1 0 0 18
1 0 0 18
1 0 0 18
1 0 0 18
1 0 0 18
1 0 0 18
1 0 0 18
1 0 0 18
1 0 0 19
1 0 0 19
1 0 0 19
1 0 0 19
1 0 0 19
1 0 0 19
1 0 0 19
1 0 0 19
1 0 0 19
1 0 0 19
1 0 0 20
1 0 0 20
1 0 0 20
1 0 0 20
1 0 0 20
1 0 0 20
1 0 0 20
1 0 0 20
1 0 0 20
1 0 0 20
1 0 0 21
1 0 0 21
1 0 0 21
1 0 0 21
1 0 0 21
1 0 0 21
1 0 0 21
1 0 0 21
1 0 0 21
1 0 0 21
1 0 0 12
1 0 0 22
1 0 0 22
1 0 0 22
1 0 0 22
1 0 0 22
1 0 0 22
1 0 0 22
1 0 0 22
1 0 0 22
1 0 0 22
1 0 0 12
1 0 0 23
1 0 0 23
1 0 0 23
1 0 0 23
1 0 0 23
1 0 0 23
1 0 0 23
1 0 0 23
1 0 0 23
1 0 0 23
1 0 0 24
1 0 0 24
1 0 0 24
1 0 0 24
1 0 0 24
1 0 0 24
1 0 0 24
1 0 0 24
1 0 0 24
1 0 0 24
1 0 0 25
1 0 0 25
1 0 0 25
1 0 0 25
1 0 0 26
1 0 0 26
1 0 0 26
1 0 0 26
1 0 0 26
1 0 0 26
1 0 0 26
1 0 0 26
1 0 0 26
1 0 0 26
1 0 0 27
1 0 0 27
1 0 0 27
1 0 0 27
1 0 0 27
1 0 0 27
1 0 0 27
1 0 0 27
1 0 0 27
1 0 0 27
1 0 0 28
1 0 0 28
1 0 0 28
1 0 0 28
1 0 0 28
1 0 0 28
1 0 0 28
1 0 0 28
1 0 0 28
1 0 0 28
1 0 0 29
1 0 0 29
1 0 0 29
1 0 0 29
1 0 0 29
1 0 0 29
1 0 0 29
1 0 0 29
1 0 0 29
1 0 0 29
1 0 0 25
1 0 0 25
1 0 0 25
1 0 0 25
1 0 0 25
1 0 0 25
1 0 0 30
1 0 0 30
1 0 0 30
1 0 0 30
1 0 0 30
1 0 0 30
1 0 0 30
1 0 0 30
1 0 0 30
1 0 0 30
1 0 0 12
1 0 0 31
1 0 0 31
1 0 0 31
1 0 0 31
1 0 0 31
1 0 0 31
1 0 0 31
1 0 0 31
1 0 0 31
1 0 0 31
1 0 0 32
1 0 0 32
1 0 0 32
1 0 0 32
1 0 0 32
1 0 0 32
1 0 0 32
1 0 0 32
1 0 0 32
1 0 0 32
1 0 0 33
1 0 0 33
1 0 0 33
1 0 0 33
1 0 0 33
1 0 0 33
1 0 0 33
1 0 0 33
1 0 0 33
1 0 0 33
1 0 0 34
1 0 0 34
1 0 0 35
1 0 0 35
1 0 0 35
1 0 0 35
1 0 0 35
1 0 0 35
1 0 0 35
1 0 0 35
1 0 0 35
1 0 0 35
1 0 0 36
1 0 0 36
1 0 0 36
1 0 0 36
1 0 0 36
1 0 0 36
1 0 0 36
1 0 0 36
1 0 0 36
1 0 0 36
1 0 0 34
1 0 0 34
1 0 0 34
1 0 0 34
1 0 0 34
1 0 0 34
1 0 0 34
1 0 0 34
1 0 0 37
1 0 0 37
1 0 0 37
1 0 0 37
1 0 0 37
1 0 0 37
1 0 0 37
1 0 0 37
1 0 0 37
1 0 0 37
1 0 0 12
1 0 0 38
1 0 0 38
1 0 0 38
1 0 0 38
1 0 0 38
1 0 0 38
1 0 0 38
1 0 0 38
1 0 0 38
1 0 0 38
1 0 0 12
1 0 0 39
1 0 0 39
1 0 0 39
1 0 0 39
1 0 0 39
1 0 0 39
1 0 0 39
1 0 0 39
1 0 0 39
1 0 0 39
1 0 0 40
1 0 0 40
1 0 0 40
1 0 0 40
1 0 0 40
1 0 0 40
1 0 0 40
1 0 0 40
1 0 0 40
1 0 0 40
1 0 0 41
1 0 0 41
1 0 0 41
1 0 0 41
1 0 0 41
1 0 0 41
1 0 0 41
1 0 0 41
1 0 0 41
1 0 0 41
1 0 0 42
1 0 0 42
1 0 0 42
1 0 0 42
1 0 0 42
1 0 0 42
1 0 0 42
1 0 0 42
1 0 0 42
1 0 0 42
1 0 0 43
1 0 0 43
1 0 0 43
1 0 0 43
1 0 0 43
1 0 0 43
1 0 0 43
1 0 0 43
1 0 0 43
1 0 0 43
1 0 0 44
1 0 0 44
1 0 0 44
1 0 0 44
1 0 0 44
1 0 0 44
1 0 0 44
1 0 0 44
1 0 0 44
1 0 0 44
1 0 0 45
1 0 0 45
1 0 0 45
1 0 0 45
1 0 0 45
1 0 0 45
1 0 0 45
1 0 0 45
1 0 0 45
1 0 0 45
1 0 0 46
1 0 0 46
1 0 0 46
1 0 0 46
1 0 0 46
1 0 0 46
1 0 0 46
1 0 0 46
1 0 0 46
1 0 0 46
1 0 0 47
1 0 0 47
1 0 0 47
1 0 0 47
1 0 0 47
1 0 0 47
1 0 0 47
1 0 0 47
1 0 0 47
1 0 0 47
1 0 0 48
1 0 0 49
1 0 0 49
1 0 0 49
1 0 0 49
1 0 0 49
1 0 0 49
1 0 0 49
1 0 0 49
1 0 0 49
1 0 0 49
1 0 0 48
1 0 0 48
1 0 0 48
1 0 0 48
1 0 0 48
1 0 0 48
1 0 0 48
1 0 0 48
1 0 0 48
1 0 0 50
1 0 0 50
1 0 0 50
1 0 0 50
1 0 0 50
1 0 0 50
1 0 0 50
1 0 0 50
1 0 0 50
1 0 0 50
1 0 0 51
1 0 0 51
1 0 0 51
1 0 0 51
1 0 0 51
1 0 0 51
1 0 0 51
1 0 0 51
1 0 0 51
1 0 0 51
1 0 0 12
1 0 0 52
1 0 0 52
1 0 0 52
1 0 0 52
1 0 0 52
1 0 0 52
1 0 0 52
1 0 0 52
1 0 0 52
1 0 0 52
1 0 0 12
1 0 0 53
1 0 0 53
1 0 0 53
1 0 0 53
1 0 0 53
1 0 0 53
1 0 0 53
1 0 0 53
1 0 0 53
1 0 0 53
1 0 0 54
1 0 0 54
1 0 0 54
1 0 0 54
1 0 0 54
1 0 0 54
1 0 0 54
1 0 0 54
1 0 0 54
1 0 0 54
1 0 0 55
1 0 0 55
1 0 0 55
1 0 0 55
1 0 0 55
1 0 0 55
1 0 0 55
1 0 0 55
1 0 0 55
1 0 0 55
1 0 0 12
1 0 0 56
1 0 0 56
1 0 0 56
1 0 0 56
1 0 0 56
1 0 0 56
1 0 0 56
1 0 0 56
1 0 0 56
1 0 0 56
1 0 0 57
1 0 0 57
1 0 0 57
1 0 0 57
1 0 0 57
1 0 0 57
1 0 0 57
1 0 0 57
1 0 0 57
1 0 0 57
1 0 0 10
1 0 0 58
1 0 0 58
1 0 0 58
1 0 0 58
1 0 0 58
1 0 0 58
1 0 0 58
1 0 0 58
1 0 0 58
1 0 0 58
1 0 0 10
1 0 0 1
1 0 0 1
1 0 0 1
1 0 0 59
1 0 0 59
1 0 0 60
1 0 0 61
1 0 0 61
1 0 0 61
1 0 0 61
1 0 0 61
1 0 0 61
1 0 0 61
1 0 0 61
1 0 0 61
1 0 0 61
1 0 0 62
1 0 0 62
1 0 0 62
1 0 0 62
1 0 0 62
1 0 0 62
1 0 0 62
1 0 0 62
1 0 0 62
1 0 0 62
1 0 0 63
1 0 0 63
1 0 0 63
1 0 0 63
1 0 0 63
1 0 0 63
1 0 0 63
1 0 0 63
1 0 0 63
1 0 0 63
1 0 0 64
1 0 0 64
1 0 0 64
1 0 0 64
1 0 0 64
1 0 0 64
1 0 0 64
1 0 0 64
1 0 0 64
1 0 0 64
1 0 0 65
1 0 0 65
1 0 0 65
1 0 0 65
1 0 0 65
1 0 0 65
1 0 0 65
1 0 0 65
1 0 0 65
1 0 0 65
1 0 0 66
1 0 0 66
1 0 0 66
1 0 0 66
1 0 0 66
1 0 0 66
1 0 0 66
1 0 0 66
1 0 0 66
1 0 0 66
1 0 0 60
1 0 0 60
1 0 0 60
1 0 0 60
1 0 0 60
1 0 0 60
1 0 0 60
1 0 0 10
1 0 0 10
1 0 0 10
1 0 0 67
1 0 0 67
1 0 0 67
1 0 0 67
1 0 0 67
1 0 0 67
1 0 0 67
1 0 0 67
1 0 0 67
1 0 0 67
1 0 0 10
1 0 0 60
1 0 0 60
1 0 0 2
1 0 0 59
1 0 0 68
1 0 0 68
1 0 0 68
1 0 0 68
1 0 0 68
1 0 0 68
1 0 0 68
1 0 0 68
1 0 0 68
1 0 0 68
1 0 0 59
1 0 0 59
1 0 0 69
1 0 0 69
1 0 0 69
1 0 0 69
1 0 0 69
1 0 0 69
1 0 0 69
1 0 0 2
1 0 0 69
1 0 0 69
1 0 0 69
1 0 0 59
1 0 0 59
1 0 0 70
1 0 0 70
1 0 0 70
1 0 0 70
1 0 0 70
1 0 0 70
1 0 0 70
1 0 0 71
1 0 0 71
1 0 0 71
1 0 0 71
1 0 0 71
1 0 0 71
1 0 0 71
1 0 0 71
1 0 0 71
1 0 0 71
1 0 0 70
1 0 0 70
1 0 0 70
1 0 0 72
1 0 0 72
1 0 0 72
1 0 0 72
1 0 0 72
1 0 0 72
1 0 0 72
1 0 0 72
1 0 0 72
1 0 0 72
1 0 0 73
1 0 0 73
1 0 0 73
1 0 0 73
1 0 0 73
1 0 0 73
1 0 0 73
1 0 0 73
1 0 0 73
1 0 0 73
1 0 0 74
1 0 0 74
1 0 0 74
1 0 0 74
1 0 0 74
1 0 0 74
1 0 0 74
1 0 0 74
1 0 0 74
1 0 0 74
1 0 0 59
1 0 0 59
1 0 0 59
0.1 1 2 -1
0.1 3 4 -1
0.1 6 7 -1
0.1 5 743 -1
0.1 742 744 -1
0.1 741 745 -1
0.1 8 9 -1
0.1 14 15 -1
0.1 13 748 -1
0.1 17 18 -1
0.1 16 750 -1
0.1 749 751 -1
0.1 12 752 -1
0.1 753 19 -1
0.1 11 754 -1
0.1 10 755 -1
0.1 21 22 -1
0.1 757 23 -1
0.1 24 25 -1
0.1 26 27 -1
0.1 759 760 -1
0.1 761 28 -1
0.1 29 30 -1
0.1 762 763 -1
0.1 758 764 -1
0.1 31 32 -1
0.1 34 35 -1
0.1 33 767 -1
0.1 36 37 -1
0.1 769 38 -1
0.1 39 40 -1
0.1 770 771 -1
0.1 768 772 -1
0.1 766 773 -1
0.1 765 774 -1
0.1 20 775 -1
0.1 756 776 -1
0.1 747 777 -1
0.1 42 43 -1
0.1 41 779 -1
0.1 45 46 -1
0.1 44 781 -1
0.1 47 48 -1
0.1 782 783 -1
0.1 49 50 -1
0.1 784 785 -1
0.1 780 786 -1
0.1 53 54 -1
0.1 52 788 -1
0.1 59 60 -1
0.1 58 790 -1
0.1 57 791 -1
0.1 56 792 -1
0.1 55 793 -1
0.1 794 61 -1
0.1 789 795 -1
0.1 796 62 -1
0.1 51 797 -1
0.1 63 64 -1
0.1 799 65 -1
0.1 68 69 -1
0.1 67 801 -1
0.1 70 71 -1
0.1 802 803 -1
0.1 66 804 -1
0.1 800 805 -1
0.1 806 72 -1
0.1 798 807 -1
0.1 787 808 -1
0.1 73 74 -1
0.1 76 77 -1
0.1 78 79 -1
0.1 811 812 -1
0.1 81 82 -1
0.1 80 814 -1
0.1 815 83 -1
0.1 84 85 -1
0.1 816 817 -1
0.1 813 818 -1
0.1 75 819 -1
0.1 810 820 -1
0.1 809 821 -1
0.1 778 822 -1
0.1 86 87 -1
0.1 88 89 -1
0.1 824 825 -1
0.1 90 91 -1
0.1 94 95 -1
0.1 93 828 -1
0.1 92 829 -1
0.1 827 830 -1
0.1 96 97 -1
0.1 832 98 -1
0.1 833 99 -1
0.1 831 834 -1
0.1 100 101 -1
0.1 835 836 -1
0.1 103 104 -1
0.1 838 105 -1
0.1 107 108 -1
0.1 840 109 -1
0.1 106 841 -1
0.1 110 111 -1
0.1 842 843 -1
0.1 839 844 -1
0.1 102 845 -1
0.1 112 113 -1
0.1 847 114 -1
0.1 115 116 -1
0.1 119 120 -1
0.1 118 850 -1
0.1 117 851 -1
0.1 852 121 -1
0.1 849 853 -1
0.1 848 854 -1
0.1 123 124 -1
0.1 126 127 -1
0.1 125 857 -1
0.1 856 858 -1
0.1 129 130 -1
0.1 128 860 -1
0.1 861 131 -1
0.1 859 862 -1
0.1 122 863 -1
0.1 133 134 -1
0.1 132 865 -1
0.1 135 136 -1
0.1 866 867 -1
0.1 137 138 -1
0.1 868 869 -1
0.1 139 140 -1
0.1 871 141 -1
0.1 870 872 -1
0.1 142 143 -1
0.1 874 144 -1
0.1 147 148 -1
0.1 146 876 -1
0.1 150 151 -1
0.1 149 878 -1
0.1 877 879 -1
0.1 145 880 -1
0.1 875 881 -1
0.1 873 882 -1
0.1 153 154 -1
0.1 155 156 -1
0.1 157 158 -1
0.1 886 159 -1
0.1 885 887 -1
0.1 888 160 -1
0.1 884 889 -1
0.1 152 890 -1
0.1 891 161 -1
0.1 163 164 -1
0.1 162 893 -1
0.1 165 166 -1
0.1 167 168 -1
0.1 895 896 -1
0.1 897 169 -1
0.1 170 171 -1
0.1 898 899 -1
0.1 894 900 -1
0.1 172 173 -1
0.1 174 175 -1
0.1 176 177 -1
0.1 903 904 -1
0.1 902 905 -1
0.1 180 181 -1
0.1 179 907 -1
0.1 178 908 -1
0.1 906 909 -1
0.1 183 184 -1
0.1 182 911 -1
0.1 185 186 -1
0.1 189 190 -1
0.1 914 191 -1
0.1 188 915 -1
0.1 187 916 -1
0.1 913 917 -1
0.1 912 918 -1
0.1 910 919 -1
0.1 193 194 -1
0.1 196 197 -1
0.1 195 922 -1
0.1 921 923 -1
0.1 924 198 -1
0.1 199 200 -1
0.1 926 201 -1
0.1 927 202 -1
0.1 925 928 -1
0.1 192 929 -1
0.1 930 203 -1
0.1 920 931 -1
0.1 205 206 -1
0.1 204 933 -1
0.1 207 208 -1
0.1 210 211 -1
0.1 209 936 -1
0.1 212 213 -1
0.1 937 938 -1
0.1 935 939 -1
0.1 934 940 -1
0.1 214 215 -1
0.1 216 217 -1
0.1 218 219 -1
0.1 943 944 -1
0.1 942 945 -1
0.1 220 221 -1
0.1 222 223 -1
0.1 947 948 -1
0.1 946 949 -1
0.1 941 950 -1
0.1 932 951 -1
0.1 226 227 -1
0.1 225 953 -1
0.1 224 954 -1
0.1 229 230 -1
0.1 956 231 -1
0.1 232 233 -1
0.1 958 234 -1
0.1 235 236 -1
0.1 960 237 -1
0.1 959 961 -1
0.1 957 962 -1
0.1 228 963 -1
0.1 238 239 -1
0.1 241 242 -1
0.1 240 966 -1
0.1 965 967 -1
0.1 245 246 -1
0.1 244 969 -1
0.1 970 247 -1
0.1 243 971 -1
0.1 968 972 -1
0.1 964 973 -1
0.1 248 249 -1
0.1 975 250 -1
0.1 251 252 -1
0.1 254 255 -1
0.1 256 257 -1
0.1 978 979 -1
0.1 253 980 -1
0.1 977 981 -1
0.1 976 982 -1
0.1 260 261 -1
0.1 984 262 -1
0.1 259 985 -1
0.1 258 986 -1
0.1 263 264 -1
0.1 987 988 -1
0.1 265 266 -1
0.1 989 990 -1
0.1 991 267 -1
0.1 983 992 -1
0.1 974 993 -1
0.1 269 270 -1
0.1 268 995 -1
0.1 272 273 -1
0.1 271 997 -1
0.1 996 998 -1
0.1 994 999 -1
0.1 955 1000 -1
0.1 275 276 -1
0.1 277 278 -1
0.1 1003 279 -1
0.1 1004 280 -1
0.1 1002 1005 -1
0.1 274 1006 -1
0.1 281 282 -1
0.1 1008 283 -1
0.1 1007 1009 -1
0.1 289 290 -1
0.1 291 292 -1
0.1 1011 1012 -1
0.1 288 1013 -1
0.1 293 294 -1
0.1 1014 1015 -1
0.1 287 1016 -1
0.1 286 1017 -1
0.1 285 1018 -1
0.1 284 1019 -1
0.1 1010 1020 -1
0.1 296 297 -1
0.1 295 1022 -1
0.1 1021 1023 -1
0.1 298 299 -1
0.1 300 301 -1
0.1 1025 1026 -1
0.1 303 304 -1
0.1 302 1028 -1
0.1 1027 1029 -1
0.1 1024 1030 -1
0.1 1001 1031 -1
0.1 952 1032 -1
0.1 901 1033 -1
0.1 892 1034 -1
0.1 305 306 -1
0.1 1036 307 -1
0.1 309 310 -1
0.1 308 1038 -1
0.1 1039 311 -1
0.1 1040 312 -1
0.1 313 314 -1
0.1 1041 1042 -1
0.1 1037 1043 -1
0.1 315 316 -1
0.1 318 319 -1
0.1 317 1046 -1
0.1 322 323 -1
0.1 321 1048 -1
0.1 320 1049 -1
0.1 325 326 -1
0.1 324 1051 -1
0.1 1050 1052 -1
0.1 1047 1053 -1
0.1 1045 1054 -1
0.1 327 328 -1
0.1 330 331 -1
0.1 329 1057 -1
0.1 1056 1058 -1
0.1 332 333 -1
0.1 335 336 -1
0.1 334 1061 -1
0.1 1060 1062 -1
0.1 1059 1063 -1
0.1 339 340 -1
0.1 1065 341 -1
0.1 338 1066 -1
0.1 342 343 -1
0.1 1068 344 -1
0.1 1067 1069 -1
0.1 337 1070 -1
0.1 1064 1071 -1
0.1 1055 1072 -1
0.1 1044 1073 -1
0.1 1035 1074 -1
0.1 346 347 -1
0.1 345 1076 -1
0.1 349 350 -1
0.1 348 1078 -1
0.1 353 354 -1
0.1 352 1080 -1
0.1 351 1081 -1
0.1 1079 1082 -1
0.1 1077 1083 -1
0.1 1084 355 -1
0.1 357 358 -1
0.1 359 360 -1
0.1 1086 1087 -1
0.1 362 363 -1
0.1 361 1089 -1
0.1 1088 1090 -1
0.1 364 365 -1
0.1 1091 1092 -1
0.1 356 1093 -1
0.1 367 368 -1
0.1 1095 369 -1
0.1 371 372 -1
0.1 370 1097 -1
0.1 374 375 -1
0.1 373 1099 -1
0.1 1100 376 -1
0.1 1098 1101 -1
0.1 1096 1102 -1
0.1 366 1103 -1
0.1 1094 1104 -1
0.1 377 378 -1
0.1 381 382 -1
0.1 384 385 -1
0.1 383 1108 -1
0.1 1107 1109 -1
0.1 380 1110 -1
0.1 379 1111 -1
0.1 1112 386 -1
0.1 1106 1113 -1
0.1 1105 1114 -1
0.1 387 388 -1
0.1 392 393 -1
0.1 391 1117 -1
0.1 390 1118 -1
0.1 395 396 -1
0.1 394 1120 -1
0.1 1119 1121 -1
0.1 389 1122 -1
0.1 1116 1123 -1
0.1 400 401 -1
0.1 399 1125 -1
0.1 402 403 -1
0.1 404 405 -1
0.1 1127 1128 -1
0.1 1129 406 -1
0.1 1126 1130 -1
0.1 398 1131 -1
0.1 397 1132 -1
0.1 1124 1133 -1
0.1 1115 1134 -1
0.1 1085 1135 -1
0.1 1075 1136 -1
0.1 407 408 -1
0.1 410 411 -1
0.1 1139 412 -1
0.1 409 1140 -1
0.1 1138 1141 -1
0.1 413 414 -1
0.1 1143 415 -1
0.1 1144 416 -1
0.1 1142 1145 -1
0.1 418 419 -1
0.1 420 421 -1
0.1 1148 422 -1
0.1 424 425 -1
0.1 1150 426 -1
0.1 423 1151 -1
0.1 1149 1152 -1
0.1 1147 1153 -1
0.1 417 1154 -1
0.1 1146 1155 -1
0.1 428 429 -1
0.1 432 433 -1
0.1 435 436 -1
0.1 434 1159 -1
0.1 1158 1160 -1
0.1 431 1161 -1
0.1 430 1162 -1
0.1 1157 1163 -1
0.1 427 1164 -1
0.1 438 439 -1
0.1 441 442 -1
0.1 440 1167 -1
0.1 1166 1168 -1
0.1 444 445 -1
0.1 443 1170 -1
0.1 1171 446 -1
0.1 1169 1172 -1
0.1 437 1173 -1
0.1 1165 1174 -1
0.1 1156 1175 -1
0.1 449 450 -1
0.1 448 1177 -1
0.1 447 1178 -1
0.1 451 452 -1
0.1 1179 1180 -1
0.1 455 456 -1
0.1 454 1182 -1
0.1 453 1183 -1
0.1 1181 1184 -1
0.1 1176 1185 -1
0.1 458 459 -1
0.1 460 461 -1
0.1 463 464 -1
0.1 1189 465 -1
0.1 462 1190 -1
0.1 466 467 -1
0.1 1191 1192 -1
0.1 1188 1193 -1
0.1 1187 1194 -1
0.1 468 469 -1
0.1 1196 470 -1
0.1 473 474 -1
0.1 472 1198 -1
0.1 471 1199 -1
0.1 475 476 -1
0.1 1200 1201 -1
0.1 1197 1202 -1
0.1 1195 1203 -1
0.1 457 1204 -1
0.1 1186 1205 -1
0.1 1137 1206 -1
0.1 477 478 -1
0.1 480 481 -1
0.1 479 1209 -1
0.1 482 483 -1
0.1 484 485 -1
0.1 1211 1212 -1
0.1 1213 486 -1
0.1 1210 1214 -1
0.1 1208 1215 -1
0.1 1207 1216 -1
0.1 883 1217 -1
0.1 864 1218 -1
0.1 855 1219 -1
0.1 846 1220 -1
0.1 489 490 -1
0.1 491 492 -1
0.1 1222 1223 -1
0.1 494 495 -1
0.1 493 1225 -1
0.1 1224 1226 -1
0.1 488 1227 -1
0.1 1228 496 -1
0.1 487 1229 -1
0.1 499 500 -1
0.1 498 1231 -1
0.1 502 503 -1
0.1 501 1233 -1
0.1 504 505 -1
0.1 1234 1235 -1
0.1 506 507 -1
0.1 1236 1237 -1
0.1 1232 1238 -1
0.1 1239 508 -1
0.1 497 1240 -1
0.1 511 512 -1
0.1 1242 513 -1
0.1 510 1243 -1
0.1 509 1244 -1
0.1 514 515 -1
0.1 1246 516 -1
0.1 1247 517 -1
0.1 1248 518 -1
0.1 1245 1249 -1
0.1 1241 1250 -1
0.1 519 520 -1
0.1 521 522 -1
0.1 523 524 -1
0.1 1253 1254 -1
0.1 1255 525 -1
0.1 1256 526 -1
0.1 527 528 -1
0.1 1257 1258 -1
0.1 1252 1259 -1
0.1 529 530 -1
0.1 533 534 -1
0.1 532 1262 -1
0.1 531 1263 -1
0.1 535 536 -1
0.1 1264 1265 -1
0.1 1261 1266 -1
0.1 537 538 -1
0.1 1267 1268 -1
0.1 1260 1269 -1
0.1 1270 539 -1
0.1 1251 1271 -1
0.1 1230 1272 -1
0.1 540 541 -1
0.1 542 543 -1
0.1 1275 544 -1
0.1 546 547 -1
0.1 548 549 -1
0.1 1277 1278 -1
0.1 545 1279 -1
0.1 1276 1280 -1
0.1 1274 1281 -1
0.1 550 551 -1
0.1 552 553 -1
0.1 555 556 -1
0.1 554 1285 -1
0.1 557 558 -1
0.1 1287 559 -1
0.1 1286 1288 -1
0.1 1284 1289 -1
0.1 1283 1290 -1
0.1 1282 1291 -1
0.1 1273 1292 -1
0.1 1221 1293 -1
0.1 837 1294 -1
0.1 561 562 -1
0.1 565 566 -1
0.1 564 1297 -1
0.1 567 568 -1
0.1 1298 1299 -1
0.1 563 1300 -1
0.1 1296 1301 -1
0.1 569 570 -1
0.1 1302 1303 -1
0.1 1304 571 -1
0.1 560 1305 -1
0.1 1295 1306 -1
0.1 826 1307 -1
0.1 823 1308 -1
0.1 746 1309 -1
0.1 572 573 -1
0.1 1311 574 -1
0.1 581 582 -1
0.1 580 1313 -1
0.1 579 1314 -1
0.1 578 1315 -1
0.1 1316 583 -1
0.1 586 587 -1
0.1 585 1318 -1
0.1 584 1319 -1
0.1 1317 1320 -1
0.1 588 589 -1
0.1 590 591 -1
0.1 1323 592 -1
0.1 1322 1324 -1
0.1 595 596 -1
0.1 594 1326 -1
0.1 1327 597 -1
0.1 593 1328 -1
0.1 1325 1329 -1
0.1 1321 1330 -1
0.1 599 600 -1
0.1 1332 601 -1
0.1 598 1333 -1
0.1 1334 602 -1
0.1 603 604 -1
0.1 606 607 -1
0.1 605 1337 -1
0.1 1336 1338 -1
0.1 1335 1339 -1
0.1 608 609 -1
0.1 1341 610 -1
0.1 611 612 -1
0.1 1342 1343 -1
0.1 616 617 -1
0.1 615 1345 -1
0.1 614 1346 -1
0.1 613 1347 -1
0.1 1344 1348 -1
0.1 1349 618 -1
0.1 1340 1350 -1
0.1 1331 1351 -1
0.1 620 621 -1
0.1 624 625 -1
0.1 623 1354 -1
0.1 622 1355 -1
0.1 1353 1356 -1
0.1 619 1357 -1
0.1 1352 1358 -1
0.1 626 627 -1
0.1 629 630 -1
0.1 628 1361 -1
0.1 631 632 -1
0.1 1363 633 -1
0.1 634 635 -1
0.1 636 637 -1
0.1 1365 1366 -1
0.1 1364 1367 -1
0.1 1362 1368 -1
0.1 1360 1369 -1
0.1 1359 1370 -1
0.1 577 1371 -1
0.1 1372 638 -1
0.1 640 641 -1
0.1 639 1374 -1
0.1 1373 1375 -1
0.1 1376 642 -1
0.1 643 644 -1
0.1 1377 1378 -1
0.1 646 647 -1
0.1 645 1380 -1
0.1 648 649 -1
0.1 651 652 -1
0.1 650 1383 -1
0.1 1382 1384 -1
0.1 655 656 -1
0.1 654 1386 -1
0.1 653 1387 -1
0.1 1388 657 -1
0.1 1385 1389 -1
0.1 1390 658 -1
0.1 1381 1391 -1
0.1 1392 659 -1
0.1 1379 1393 -1
0.1 1394 660 -1
0.1 661 662 -1
0.1 664 665 -1
0.1 663 1397 -1
0.1 666 667 -1
0.1 668 669 -1
0.1 1399 1400 -1
0.1 1398 1401 -1
0.1 671 672 -1
0.1 670 1403 -1
0.1 1402 1404 -1
0.1 1396 1405 -1
0.1 1406 673 -1
0.1 1407 674 -1
0.1 677 678 -1
0.1 1409 679 -1
0.1 676 1410 -1
0.1 675 1411 -1
0.1 680 681 -1
0.1 1413 682 -1
0.1 1414 683 -1
0.1 1412 1415 -1
0.1 1408 1416 -1
0.1 684 685 -1
0.1 1418 686 -1
0.1 1417 1419 -1
0.1 1395 1420 -1
0.1 690 691 -1
0.1 689 1422 -1
0.1 688 1423 -1
0.1 1424 692 -1
0.1 1425 693 -1
0.1 697 698 -1
0.1 696 1427 -1
0.1 695 1428 -1
0.1 700 701 -1
0.1 699 1430 -1
0.1 1429 1431 -1
0.1 703 704 -1
0.1 702 1433 -1
0.1 1432 1434 -1
0.1 694 1435 -1
0.1 705 706 -1
0.1 1437 707 -1
0.1 710 711 -1
0.1 712 713 -1
0.1 714 715 -1
0.1 1440 1441 -1
0.1 1439 1442 -1
0.1 709 1443 -1
0.1 716 717 -1
0.1 1444 1445 -1
0.1 708 1446 -1
0.1 719 720 -1
0.1 718 1448 -1
0.1 721 722 -1
0.1 1449 1450 -1
0.1 723 724 -1
0.1 1451 1452 -1
0.1 726 727 -1
0.1 725 1454 -1
0.1 1453 1455 -1
0.1 1447 1456 -1
0.1 1438 1457 -1
0.1 1436 1458 -1
0.1 1426 1459 -1
0.1 687 1460 -1
0.1 730 731 -1
0.1 729 1462 -1
0.1 1463 732 -1
0.1 1464 733 -1
0.1 728 1465 -1
0.1 734 735 -1
0.1 1466 1467 -1
0.1 1468 736 -1
0.1 1469 737 -1
0.1 739 740 -1
0.1 738 1471 -1
0.1 1470 1472 -1
0.1 1461 1473 -1
0.1 1421 1474 -1
0.1 576 1475 -1
0.1 575 1476 -1
0.1 1312 1477 -1
0.1 1310 1478 -1
