1 0 0 1
1 0 0 1
1 0 0 1
1 0 0 2
1 0 0 2
1 0 0 2
1 0 0 2
1 0 0 3
1 0 0 3
1 0 0 3
1 0 0 3
1 0 0 3
1 0 0 3
1 0 0 3
1 0 0 3
1 0 0 3
1 0 0 3
1 0 0 4
1 0 0 4
1 0 0 4
1 0 0 4
1 0 0 5
1 0 0 5
1 0 0 5
1 0 0 5
1 0 0 5
1 0 0 5
1 0 0 5
1 0 0 5
1 0 0 5
1 0 0 5
1 0 0 6
1 0 0 6
1 0 0 6
1 0 0 6
1 0 0 6
1 0 0 6
1 0 0 6
1 0 0 6
1 0 0 6
1 0 0 6
1 0 0 7
1 0 0 7
1 0 0 7
1 0 0 7
1 0 0 7
1 0 0 7
1 0 0 7
1 0 0 7
1 0 0 7
1 0 0 7
1 0 0 8
1 0 0 8
1 0 0 8
1 0 0 8
1 0 0 8
1 0 0 8
1 0 0 8
1 0 0 8
1 0 0 8
1 0 0 8
1 0 0 9
1 0 0 9
1 0 0 9
1 0 0 9
1 0 0 9
1 0 0 9
1 0 0 9
1 0 0 9
1 0 0 9
1 0 0 9
1 0 0 10
1 0 0 10
1 0 0 10
1 0 0 10
1 0 0 10
1 0 0 10
1 0 0 10
1 0 0 10
1 0 0 10
1 0 0 10
1 0 0 11
1 0 0 11
1 0 0 12
1 0 0 12
1 0 0 12
1 0 0 12
1 0 0 12
1 0 0 12
1 0 0 12
1 0 0 12
1 0 0 12
1 0 0 12
1 0 0 11
1 0 0 13
1 0 0 13
1 0 0 13
1 0 0 13
1 0 0 13
1 0 0 13
1 0 0 13
1 0 0 13
1 0 0 13
1 0 0 13
1 0 0 14
1 0 0 14
1 0 0 14
1 0 0 14
1 0 0 14
1 0 0 14
1 0 0 14
1 0 0 14
1 0 0 14
1 0 0 14
1 0 0 15
1 0 0 15
1 0 0 15
1 0 0 15
1 0 0 15
1 0 0 15
1 0 0 15
1 0 0 15
1 0 0 15
1 0 0 15
1 0 0 16
1 0 0 16
1 0 0 16
1 0 0 16
1 0 0 16
1 0 0 16
1 0 0 16
1 0 0 16
1 0 0 16
1 0 0 16
1 0 0 17
1 0 0 17
1 0 0 17
1 0 0 17
1 0 0 17
1 0 0 17
1 0 0 17
1 0 0 17
1 0 0 17
1 0 0 17
1 0 0 18
1 0 0 18
1 0 0 18
1 0 0 18
1 0 0 18
1 0 0 18
1 0 0 18
1 0 0 18
1 0 0 18
1 0 0 18
1 0 0 19
1 0 0 19
1 0 0 19
1 0 0 19
1 0 0 19
1 0 0 19
1 0 0 19
1 0 0 19
1 0 0 19
1 0 0 19
1 0 0 11
1 0 0 11
1 0 0 20
1 0 0 20
1 0 0 20
1 0 0 20
1 0 0 20
1 0 0 20
1 0 0 20
1 0 0 20
1 0 0 20
1 0 0 20
1 0 0 11
1 0 0 21
1 0 0 21
1 0 0 21
1 0 0 21
1 0 0 21
1 0 0 21
1 0 0 21
1 0 0 21
1 0 0 21
1 0 0 21
1 0 0 22
1 0 0 22
1 0 0 22
1 0 0 22
1 0 0 22
1 0 0 22
1 0 0 22
1 0 0 22
1 0 0 22
1 0 0 22
1 0 0 23
1 0 0 23
1 0 0 23
1 0 0 23
1 0 0 23
1 0 0 23
1 0 0 23
1 0 0 23
1 0 0 23
1 0 0 23
1 0 0 24
1 0 0 24
1 0 0 24
1 0 0 24
1 0 0 24
1 0 0 24
1 0 0 24
1 0 0 24
1 0 0 24
1 0 0 24
1 0 0 11
1 0 0 25
1 0 0 25
1 0 0 25
1 0 0 25
1 0 0 25
1 0 0 25
1 0 0 25
1 0 0 25
1 0 0 25
1 0 0 25
1 0 0 26
1 0 0 26
1 0 0 26
1 0 0 26
1 0 0 26
1 0 0 26
1 0 0 26
1 0 0 26
1 0 0 26
1 0 0 26
1 0 0 27
1 0 0 27
1 0 0 27
1 0 0 27
1 0 0 27
1 0 0 27
1 0 0 27
1 0 0 27
1 0 0 27
1 0 0 27
1 0 0 28
1 0 0 28
1 0 0 28
1 0 0 28
1 0 0 28
1 0 0 28
1 0 0 28
1 0 0 28
1 0 0 28
1 0 0 28
1 0 0 29
1 0 0 29
1 0 0 29
1 0 0 29
1 0 0 29
1 0 0 29
1 0 0 29
1 0 0 29
1 0 0 29
1 0 0 29
1 0 0 30
1 0 0 30
1 0 0 30
1 0 0 30
1 0 0 30
1 0 0 30
1 0 0 30
1 0 0 30
1 0 0 30
1 0 0 30
1 0 0 31
1 0 0 31
1 0 0 31
1 0 0 31
1 0 0 31
1 0 0 31
1 0 0 31
1 0 0 31
1 0 0 31
1 0 0 31
1 0 0 32
1 0 0 32
1 0 0 32
1 0 0 32
1 0 0 32
1 0 0 32
1 0 0 32
1 0 0 32
1 0 0 32
1 0 0 32
1 0 0 33
1 0 0 33
1 0 0 33
1 0 0 33
1 0 0 33
1 0 0 33
1 0 0 33
1 0 0 33
1 0 0 33
1 0 0 33
1 0 0 11
1 0 0 34
1 0 0 34
1 0 0 34
1 0 0 34
1 0 0 34
1 0 0 34
1 0 0 34
1 0 0 34
1 0 0 34
1 0 0 34
1 0 0 11
1 0 0 35
1 0 0 35
1 0 0 35
1 0 0 35
1 0 0 35
1 0 0 35
1 0 0 35
1 0 0 35
1 0 0 35
1 0 0 35
1 0 0 36
1 0 0 36
1 0 0 36
1 0 0 36
1 0 0 36
1 0 0 36
1 0 0 36
1 0 0 36
1 0 0 36
1 0 0 36
1 0 0 37
1 0 0 37
1 0 0 37
1 0 0 37
1 0 0 37
1 0 0 37
1 0 0 37
1 0 0 38
1 0 0 38
1 0 0 38
1 0 0 38
1 0 0 38
1 0 0 38
1 0 0 38
1 0 0 11
1 0 0 39
1 0 0 39
1 0 0 39
1 0 0 39
1 0 0 39
1 0 0 39
1 0 0 39
1 0 0 39
1 0 0 39
1 0 0 39
1 0 0 37
1 0 0 37
1 0 0 37
1 0 0 38
1 0 0 38
1 0 0 38
1 0 0 40
1 0 0 40
1 0 0 40
1 0 0 40
1 0 0 40
1 0 0 40
1 0 0 40
1 0 0 40
1 0 0 40
1 0 0 40
1 0 0 41
1 0 0 41
1 0 0 41
1 0 0 41
1 0 0 41
1 0 0 41
1 0 0 41
1 0 0 41
1 0 0 41
1 0 0 41
1 0 0 42
1 0 0 42
1 0 0 42
1 0 0 42
1 0 0 42
1 0 0 42
1 0 0 42
1 0 0 42
1 0 0 42
1 0 0 42
1 0 0 43
1 0 0 43
1 0 0 43
1 0 0 43
1 0 0 43
1 0 0 43
1 0 0 43
1 0 0 43
1 0 0 43
1 0 0 43
1 0 0 44
1 0 0 44
1 0 0 44
1 0 0 44
1 0 0 44
1 0 0 44
1 0 0 44
1 0 0 44
1 0 0 44
1 0 0 44
1 0 0 45
1 0 0 45
1 0 0 45
1 0 0 45
1 0 0 45
1 0 0 45
1 0 0 45
1 0 0 45
1 0 0 45
1 0 0 45
1 0 0 46
1 0 0 46
1 0 0 46
1 0 0 46
1 0 0 46
1 0 0 46
1 0 0 46
1 0 0 46
1 0 0 46
1 0 0 46
1 0 0 47
1 0 0 47
1 0 0 47
1 0 0 47
1 0 0 47
1 0 0 47
1 0 0 47
1 0 0 47
1 0 0 47
1 0 0 47
1 0 0 48
1 0 0 48
1 0 0 48
1 0 0 48
1 0 0 48
1 0 0 48
1 0 0 48
1 0 0 48
1 0 0 48
1 0 0 48
1 0 0 49
1 0 0 49
1 0 0 49
1 0 0 49
1 0 0 49
1 0 0 49
1 0 0 49
1 0 0 49
1 0 0 49
1 0 0 49
1 0 0 50
1 0 0 50
1 0 0 50
1 0 0 50
1 0 0 50
1 0 0 50
1 0 0 50
1 0 0 50
1 0 0 50
1 0 0 50
1 0 0 4
1 0 0 4
1 0 0 4
1 0 0 4
1 0 0 4
1 0 0 4
1 0 0 51
1 0 0 51
1 0 0 51
1 0 0 51
1 0 0 51
1 0 0 51
1 0 0 51
1 0 0 51
1 0 0 51
1 0 0 51
1 0 0 2
1 0 0 2
1 0 0 2
1 0 0 2
1 0 0 2
1 0 0 2
1 0 0 52
1 0 0 52
1 0 0 52
1 0 0 52
1 0 0 52
1 0 0 52
1 0 0 52
1 0 0 53
1 0 0 54
1 0 0 54
1 0 0 54
1 0 0 54
1 0 0 54
1 0 0 54
1 0 0 54
1 0 0 54
1 0 0 54
1 0 0 54
1 0 0 52
1 0 0 53
1 0 0 53
1 0 0 53
1 0 0 53
1 0 0 53
1 0 0 53
1 0 0 53
1 0 0 53
1 0 0 53
1 0 0 55
1 0 0 55
1 0 0 55
1 0 0 55
1 0 0 55
1 0 0 55
1 0 0 55
1 0 0 55
1 0 0 55
1 0 0 55
1 0 0 56
1 0 0 56
1 0 0 56
1 0 0 56
1 0 0 56
1 0 0 56
1 0 0 56
1 0 0 56
1 0 0 56
1 0 0 56
1 0 0 57
1 0 0 57
1 0 0 52
1 0 0 52
1 0 0 58
1 0 0 58
1 0 0 59
1 0 0 59
1 0 0 59
1 0 0 59
1 0 0 59
1 0 0 59
1 0 0 59
1 0 0 59
1 0 0 59
1 0 0 59
1 0 0 58
1 0 0 60
1 0 0 60
1 0 0 60
1 0 0 60
1 0 0 60
1 0 0 60
1 0 0 60
1 0 0 60
1 0 0 60
1 0 0 60
1 0 0 58
1 0 0 58
1 0 0 61
1 0 0 61
1 0 0 61
1 0 0 61
1 0 0 61
1 0 0 61
1 0 0 61
1 0 0 61
1 0 0 61
1 0 0 61
1 0 0 62
1 0 0 62
1 0 0 62
1 0 0 62
1 0 0 62
1 0 0 62
1 0 0 62
1 0 0 62
1 0 0 62
1 0 0 62
1 0 0 58
1 0 0 63
1 0 0 63
1 0 0 63
1 0 0 63
1 0 0 63
1 0 0 63
1 0 0 63
1 0 0 63
1 0 0 63
1 0 0 63
1 0 0 64
1 0 0 64
1 0 0 64
1 0 0 64
1 0 0 64
1 0 0 64
1 0 0 64
1 0 0 64
1 0 0 64
1 0 0 64
1 0 0 65
1 0 0 65
1 0 0 65
1 0 0 65
1 0 0 65
1 0 0 65
1 0 0 65
1 0 0 65
1 0 0 65
1 0 0 65
1 0 0 58
1 0 0 58
1 0 0 57
1 0 0 57
1 0 0 66
1 0 0 66
1 0 0 66
1 0 0 66
1 0 0 66
1 0 0 67
1 0 0 67
1 0 0 67
1 0 0 67
1 0 0 67
1 0 0 67
1 0 0 67
1 0 0 68
1 0 0 68
1 0 0 68
1 0 0 68
1 0 0 68
1 0 0 68
1 0 0 68
1 0 0 68
1 0 0 68
1 0 0 68
1 0 0 66
1 0 0 66
1 0 0 69
1 0 0 69
1 0 0 70
1 0 0 70
1 0 0 70
1 0 0 70
1 0 0 70
1 0 0 70
1 0 0 70
1 0 0 70
1 0 0 70
1 0 0 70
1 0 0 69
1 0 0 69
1 0 0 69
1 0 0 69
1 0 0 69
1 0 0 69
1 0 0 69
1 0 0 1
1 0 0 1
1 0 0 1
1 0 0 1
1 0 0 1
1 0 0 1
1 0 0 1
1 0 0 58
1 0 0 66
1 0 0 71
1 0 0 71
1 0 0 71
1 0 0 71
1 0 0 71
1 0 0 71
1 0 0 71
1 0 0 71
1 0 0 71
1 0 0 71
1 0 0 66
1 0 0 58
1 0 0 69
1 0 0 72
1 0 0 72
1 0 0 72
1 0 0 72
1 0 0 72
1 0 0 72
1 0 0 72
1 0 0 72
1 0 0 72
1 0 0 72
1 0 0 73
1 0 0 73
1 0 0 73
1 0 0 73
1 0 0 73
1 0 0 73
1 0 0 73
1 0 0 73
1 0 0 73
1 0 0 73
1 0 0 67
1 0 0 67
1 0 0 67
1 0 0 74
1 0 0 74
1 0 0 74
1 0 0 74
1 0 0 74
1 0 0 74
1 0 0 74
1 0 0 74
1 0 0 74
1 0 0 74
1 0 0 66
1 0 0 57
1 0 0 57
1 0 0 57
1 0 0 57
1 0 0 57
1 0 0 57
0.1 2 3 -1
0.1 4 5 -1
0.1 742 6 -1
0.1 9 10 -1
0.1 744 11 -1
0.1 745 12 -1
0.1 8 746 -1
0.1 747 13 -1
0.1 14 15 -1
0.1 749 16 -1
0.1 748 750 -1
0.1 751 17 -1
0.1 7 752 -1
0.1 743 753 -1
0.1 19 20 -1
0.1 22 23 -1
0.1 24 25 -1
0.1 26 27 -1
0.1 30 31 -1
0.1 29 759 -1
0.1 28 760 -1
0.1 758 761 -1
0.1 757 762 -1
0.1 756 763 -1
0.1 32 33 -1
0.1 34 35 -1
0.1 766 36 -1
0.1 38 39 -1
0.1 40 41 -1
0.1 768 769 -1
0.1 37 770 -1
0.1 767 771 -1
0.1 765 772 -1
0.1 43 44 -1
0.1 42 774 -1
0.1 45 46 -1
0.1 47 48 -1
0.1 776 777 -1
0.1 49 50 -1
0.1 778 779 -1
0.1 780 51 -1
0.1 775 781 -1
0.1 53 54 -1
0.1 52 783 -1
0.1 56 57 -1
0.1 55 785 -1
0.1 784 786 -1
0.1 59 60 -1
0.1 788 61 -1
0.1 58 789 -1
0.1 787 790 -1
0.1 782 791 -1
0.1 63 64 -1
0.1 65 66 -1
0.1 793 794 -1
0.1 62 795 -1
0.1 68 69 -1
0.1 797 70 -1
0.1 798 71 -1
0.1 67 799 -1
0.1 796 800 -1
0.1 73 74 -1
0.1 72 802 -1
0.1 75 76 -1
0.1 78 79 -1
0.1 77 805 -1
0.1 804 806 -1
0.1 80 81 -1
0.1 807 808 -1
0.1 803 809 -1
0.1 82 83 -1
0.1 810 811 -1
0.1 86 87 -1
0.1 85 813 -1
0.1 88 89 -1
0.1 90 91 -1
0.1 815 816 -1
0.1 814 817 -1
0.1 84 818 -1
0.1 92 93 -1
0.1 819 820 -1
0.1 812 821 -1
0.1 95 96 -1
0.1 97 98 -1
0.1 102 103 -1
0.1 825 104 -1
0.1 101 826 -1
0.1 100 827 -1
0.1 99 828 -1
0.1 824 829 -1
0.1 823 830 -1
0.1 105 106 -1
0.1 108 109 -1
0.1 833 110 -1
0.1 107 834 -1
0.1 111 112 -1
0.1 835 836 -1
0.1 832 837 -1
0.1 113 114 -1
0.1 838 839 -1
0.1 831 840 -1
0.1 94 841 -1
0.1 822 842 -1
0.1 801 843 -1
0.1 116 117 -1
0.1 115 845 -1
0.1 119 120 -1
0.1 118 847 -1
0.1 121 122 -1
0.1 849 123 -1
0.1 848 850 -1
0.1 846 851 -1
0.1 852 124 -1
0.1 125 126 -1
0.1 127 128 -1
0.1 129 130 -1
0.1 855 856 -1
0.1 857 131 -1
0.1 133 134 -1
0.1 132 859 -1
0.1 858 860 -1
0.1 854 861 -1
0.1 853 862 -1
0.1 844 863 -1
0.1 137 138 -1
0.1 136 865 -1
0.1 135 866 -1
0.1 139 140 -1
0.1 868 141 -1
0.1 867 869 -1
0.1 143 144 -1
0.1 142 871 -1
0.1 870 872 -1
0.1 147 148 -1
0.1 146 874 -1
0.1 875 149 -1
0.1 151 152 -1
0.1 150 877 -1
0.1 153 154 -1
0.1 878 879 -1
0.1 876 880 -1
0.1 145 881 -1
0.1 873 882 -1
0.1 156 157 -1
0.1 160 161 -1
0.1 159 885 -1
0.1 158 886 -1
0.1 884 887 -1
0.1 163 164 -1
0.1 162 889 -1
0.1 888 890 -1
0.1 155 891 -1
0.1 883 892 -1
0.1 165 166 -1
0.1 169 170 -1
0.1 168 895 -1
0.1 167 896 -1
0.1 171 172 -1
0.1 897 898 -1
0.1 175 176 -1
0.1 174 900 -1
0.1 173 901 -1
0.1 899 902 -1
0.1 894 903 -1
0.1 893 904 -1
0.1 864 905 -1
0.1 792 906 -1
0.1 773 907 -1
0.1 178 179 -1
0.1 909 180 -1
0.1 183 184 -1
0.1 182 911 -1
0.1 181 912 -1
0.1 185 186 -1
0.1 914 187 -1
0.1 913 915 -1
0.1 910 916 -1
0.1 190 191 -1
0.1 918 192 -1
0.1 919 193 -1
0.1 189 920 -1
0.1 195 196 -1
0.1 194 922 -1
0.1 923 197 -1
0.1 921 924 -1
0.1 188 925 -1
0.1 917 926 -1
0.1 198 199 -1
0.1 202 203 -1
0.1 201 929 -1
0.1 200 930 -1
0.1 205 206 -1
0.1 204 932 -1
0.1 933 207 -1
0.1 931 934 -1
0.1 928 935 -1
0.1 208 209 -1
0.1 937 210 -1
0.1 213 214 -1
0.1 212 939 -1
0.1 211 940 -1
0.1 216 217 -1
0.1 215 942 -1
0.1 941 943 -1
0.1 938 944 -1
0.1 220 221 -1
0.1 222 223 -1
0.1 224 225 -1
0.1 948 226 -1
0.1 947 949 -1
0.1 227 228 -1
0.1 950 951 -1
0.1 946 952 -1
0.1 219 953 -1
0.1 218 954 -1
0.1 945 955 -1
0.1 229 230 -1
0.1 233 234 -1
0.1 232 958 -1
0.1 235 236 -1
0.1 960 237 -1
0.1 959 961 -1
0.1 962 238 -1
0.1 231 963 -1
0.1 957 964 -1
0.1 956 965 -1
0.1 936 966 -1
0.1 927 967 -1
0.1 177 968 -1
0.1 239 240 -1
0.1 242 243 -1
0.1 241 971 -1
0.1 244 245 -1
0.1 247 248 -1
0.1 246 974 -1
0.1 973 975 -1
0.1 972 976 -1
0.1 970 977 -1
0.1 250 251 -1
0.1 249 979 -1
0.1 252 253 -1
0.1 980 981 -1
0.1 254 255 -1
0.1 257 258 -1
0.1 256 984 -1
0.1 983 985 -1
0.1 982 986 -1
0.1 259 260 -1
0.1 988 261 -1
0.1 263 264 -1
0.1 990 265 -1
0.1 262 991 -1
0.1 267 268 -1
0.1 266 993 -1
0.1 992 994 -1
0.1 989 995 -1
0.1 271 272 -1
0.1 270 997 -1
0.1 274 275 -1
0.1 999 276 -1
0.1 273 1000 -1
0.1 998 1001 -1
0.1 269 1002 -1
0.1 277 278 -1
0.1 1003 1004 -1
0.1 996 1005 -1
0.1 987 1006 -1
0.1 978 1007 -1
0.1 280 281 -1
0.1 283 284 -1
0.1 285 286 -1
0.1 1011 287 -1
0.1 1010 1012 -1
0.1 282 1013 -1
0.1 1009 1014 -1
0.1 279 1015 -1
0.1 1016 288 -1
0.1 291 292 -1
0.1 290 1018 -1
0.1 289 1019 -1
0.1 293 294 -1
0.1 295 296 -1
0.1 1021 1022 -1
0.1 297 298 -1
0.1 1023 1024 -1
0.1 1020 1025 -1
0.1 299 300 -1
0.1 303 304 -1
0.1 1028 305 -1
0.1 302 1029 -1
0.1 301 1030 -1
0.1 1027 1031 -1
0.1 306 307 -1
0.1 1033 308 -1
0.1 1032 1034 -1
0.1 1026 1035 -1
0.1 313 314 -1
0.1 316 317 -1
0.1 315 1038 -1
0.1 1037 1039 -1
0.1 312 1040 -1
0.1 311 1041 -1
0.1 318 319 -1
0.1 1042 1043 -1
0.1 310 1044 -1
0.1 1045 320 -1
0.1 309 1046 -1
0.1 1036 1047 -1
0.1 322 323 -1
0.1 321 1049 -1
0.1 324 325 -1
0.1 326 327 -1
0.1 328 329 -1
0.1 1053 330 -1
0.1 1052 1054 -1
0.1 1051 1055 -1
0.1 1050 1056 -1
0.1 332 333 -1
0.1 1058 334 -1
0.1 331 1059 -1
0.1 335 336 -1
0.1 1061 337 -1
0.1 1062 338 -1
0.1 339 340 -1
0.1 1063 1064 -1
0.1 1060 1065 -1
0.1 1057 1066 -1
0.1 1048 1067 -1
0.1 341 342 -1
0.1 1069 343 -1
0.1 346 347 -1
0.1 345 1071 -1
0.1 344 1072 -1
0.1 1070 1073 -1
0.1 350 351 -1
0.1 349 1075 -1
0.1 353 354 -1
0.1 352 1077 -1
0.1 1076 1078 -1
0.1 348 1079 -1
0.1 359 360 -1
0.1 361 362 -1
0.1 363 364 -1
0.1 1082 1083 -1
0.1 1084 365 -1
0.1 1081 1085 -1
0.1 358 1086 -1
0.1 357 1087 -1
0.1 356 1088 -1
0.1 355 1089 -1
0.1 1080 1090 -1
0.1 367 368 -1
0.1 366 1092 -1
0.1 1091 1093 -1
0.1 1074 1094 -1
0.1 370 371 -1
0.1 369 1096 -1
0.1 1095 1097 -1
0.1 374 375 -1
0.1 373 1099 -1
0.1 377 378 -1
0.1 376 1101 -1
0.1 1100 1102 -1
0.1 380 381 -1
0.1 379 1104 -1
0.1 1103 1105 -1
0.1 372 1106 -1
0.1 387 388 -1
0.1 386 1108 -1
0.1 385 1109 -1
0.1 384 1110 -1
0.1 390 391 -1
0.1 389 1112 -1
0.1 1111 1113 -1
0.1 383 1114 -1
0.1 382 1115 -1
0.1 1107 1116 -1
0.1 393 394 -1
0.1 392 1118 -1
0.1 396 397 -1
0.1 398 399 -1
0.1 1120 1121 -1
0.1 395 1122 -1
0.1 400 401 -1
0.1 1123 1124 -1
0.1 1119 1125 -1
0.1 402 403 -1
0.1 1127 404 -1
0.1 405 406 -1
0.1 1128 1129 -1
0.1 410 411 -1
0.1 409 1131 -1
0.1 408 1132 -1
0.1 407 1133 -1
0.1 1130 1134 -1
0.1 1126 1135 -1
0.1 1117 1136 -1
0.1 1098 1137 -1
0.1 413 414 -1
0.1 412 1139 -1
0.1 415 416 -1
0.1 1141 417 -1
0.1 1140 1142 -1
0.1 419 420 -1
0.1 1144 421 -1
0.1 418 1145 -1
0.1 1143 1146 -1
0.1 1138 1147 -1
0.1 1068 1148 -1
0.1 422 423 -1
0.1 425 426 -1
0.1 427 428 -1
0.1 1151 1152 -1
0.1 424 1153 -1
0.1 1150 1154 -1
0.1 429 430 -1
0.1 1156 431 -1
0.1 1155 1157 -1
0.1 1149 1158 -1
0.1 1017 1159 -1
0.1 1008 1160 -1
0.1 969 1161 -1
0.1 908 1162 -1
0.1 434 435 -1
0.1 433 1164 -1
0.1 432 1165 -1
0.1 437 438 -1
0.1 1167 439 -1
0.1 436 1168 -1
0.1 440 441 -1
0.1 1169 1170 -1
0.1 1166 1171 -1
0.1 442 443 -1
0.1 1173 444 -1
0.1 446 447 -1
0.1 445 1175 -1
0.1 1176 448 -1
0.1 449 450 -1
0.1 1177 1178 -1
0.1 1179 451 -1
0.1 1174 1180 -1
0.1 452 453 -1
0.1 455 456 -1
0.1 1183 457 -1
0.1 454 1184 -1
0.1 460 461 -1
0.1 459 1186 -1
0.1 458 1187 -1
0.1 1185 1188 -1
0.1 1182 1189 -1
0.1 1181 1190 -1
0.1 464 465 -1
0.1 463 1192 -1
0.1 466 467 -1
0.1 1193 1194 -1
0.1 462 1195 -1
0.1 1196 468 -1
0.1 469 470 -1
0.1 1198 471 -1
0.1 1197 1199 -1
0.1 474 475 -1
0.1 477 478 -1
0.1 476 1202 -1
0.1 1201 1203 -1
0.1 473 1204 -1
0.1 472 1205 -1
0.1 479 480 -1
0.1 1206 1207 -1
0.1 1208 481 -1
0.1 1200 1209 -1
0.1 1191 1210 -1
0.1 1172 1211 -1
0.1 1163 1212 -1
0.1 482 483 -1
0.1 1214 484 -1
0.1 1213 1215 -1
0.1 764 1216 -1
0.1 21 1217 -1
0.1 755 1218 -1
0.1 1219 485 -1
0.1 1220 486 -1
0.1 1221 487 -1
0.1 18 1222 -1
0.1 488 489 -1
0.1 491 492 -1
0.1 1225 493 -1
0.1 490 1226 -1
0.1 494 495 -1
0.1 496 497 -1
0.1 1228 1229 -1
0.1 1227 1230 -1
0.1 1224 1231 -1
0.1 498 499 -1
0.1 1232 1233 -1
0.1 1223 1234 -1
0.1 500 501 -1
0.1 502 503 -1
0.1 1236 1237 -1
0.1 1235 1238 -1
0.1 754 1239 -1
0.1 741 1240 -1
0.1 1 1241 -1
0.1 505 506 -1
0.1 509 510 -1
0.1 508 1244 -1
0.1 507 1245 -1
0.1 1243 1246 -1
0.1 504 1247 -1
0.1 512 513 -1
0.1 515 516 -1
0.1 514 1250 -1
0.1 1249 1251 -1
0.1 518 519 -1
0.1 1253 520 -1
0.1 517 1254 -1
0.1 1255 521 -1
0.1 1252 1256 -1
0.1 511 1257 -1
0.1 523 524 -1
0.1 526 527 -1
0.1 525 1260 -1
0.1 1259 1261 -1
0.1 529 530 -1
0.1 528 1263 -1
0.1 1264 531 -1
0.1 1262 1265 -1
0.1 522 1266 -1
0.1 1258 1267 -1
0.1 533 534 -1
0.1 532 1269 -1
0.1 1270 535 -1
0.1 1271 536 -1
0.1 538 539 -1
0.1 537 1273 -1
0.1 1274 540 -1
0.1 1275 541 -1
0.1 1272 1276 -1
0.1 544 545 -1
0.1 543 1278 -1
0.1 1279 546 -1
0.1 542 1280 -1
0.1 547 548 -1
0.1 549 550 -1
0.1 1283 551 -1
0.1 1282 1284 -1
0.1 1281 1285 -1
0.1 1277 1286 -1
0.1 1268 1287 -1
0.1 1248 1288 -1
0.1 1242 1289 -1
0.1 554 555 -1
0.1 556 557 -1
0.1 559 560 -1
0.1 558 1293 -1
0.1 562 563 -1
0.1 561 1295 -1
0.1 564 565 -1
0.1 566 567 -1
0.1 1297 1298 -1
0.1 1296 1299 -1
0.1 1294 1300 -1
0.1 1301 568 -1
0.1 1292 1302 -1
0.1 569 570 -1
0.1 571 572 -1
0.1 1304 1305 -1
0.1 574 575 -1
0.1 573 1307 -1
0.1 1306 1308 -1
0.1 576 577 -1
0.1 1309 1310 -1
0.1 1311 578 -1
0.1 579 580 -1
0.1 583 584 -1
0.1 582 1314 -1
0.1 588 589 -1
0.1 587 1316 -1
0.1 1317 590 -1
0.1 586 1318 -1
0.1 585 1319 -1
0.1 1315 1320 -1
0.1 581 1321 -1
0.1 1313 1322 -1
0.1 591 592 -1
0.1 593 594 -1
0.1 1324 1325 -1
0.1 1326 595 -1
0.1 596 597 -1
0.1 599 600 -1
0.1 598 1329 -1
0.1 1328 1330 -1
0.1 1327 1331 -1
0.1 1323 1332 -1
0.1 1312 1333 -1
0.1 1303 1334 -1
0.1 602 603 -1
0.1 605 606 -1
0.1 604 1337 -1
0.1 608 609 -1
0.1 607 1339 -1
0.1 1338 1340 -1
0.1 610 611 -1
0.1 1341 1342 -1
0.1 1336 1343 -1
0.1 617 618 -1
0.1 616 1345 -1
0.1 620 621 -1
0.1 619 1347 -1
0.1 1346 1348 -1
0.1 615 1349 -1
0.1 614 1350 -1
0.1 613 1351 -1
0.1 612 1352 -1
0.1 622 623 -1
0.1 624 625 -1
0.1 627 628 -1
0.1 626 1356 -1
0.1 1355 1357 -1
0.1 1354 1358 -1
0.1 630 631 -1
0.1 629 1360 -1
0.1 1359 1361 -1
0.1 1353 1362 -1
0.1 1344 1363 -1
0.1 601 1364 -1
0.1 632 633 -1
0.1 1365 1366 -1
0.1 1335 1367 -1
0.1 1291 1368 -1
0.1 634 635 -1
0.1 636 637 -1
0.1 638 639 -1
0.1 1372 640 -1
0.1 642 643 -1
0.1 641 1374 -1
0.1 1375 644 -1
0.1 1376 645 -1
0.1 1377 646 -1
0.1 648 649 -1
0.1 1379 650 -1
0.1 653 654 -1
0.1 652 1381 -1
0.1 651 1382 -1
0.1 655 656 -1
0.1 1384 657 -1
0.1 1383 1385 -1
0.1 1380 1386 -1
0.1 647 1387 -1
0.1 1378 1388 -1
0.1 1389 658 -1
0.1 1373 1390 -1
0.1 1371 1391 -1
0.1 660 661 -1
0.1 662 663 -1
0.1 664 665 -1
0.1 668 669 -1
0.1 667 1396 -1
0.1 666 1397 -1
0.1 670 671 -1
0.1 1398 1399 -1
0.1 1395 1400 -1
0.1 1394 1401 -1
0.1 675 676 -1
0.1 674 1403 -1
0.1 673 1404 -1
0.1 672 1405 -1
0.1 677 678 -1
0.1 1406 1407 -1
0.1 1402 1408 -1
0.1 682 683 -1
0.1 681 1410 -1
0.1 684 685 -1
0.1 1411 1412 -1
0.1 680 1413 -1
0.1 679 1414 -1
0.1 1409 1415 -1
0.1 1393 1416 -1
0.1 1417 686 -1
0.1 688 689 -1
0.1 1419 690 -1
0.1 691 692 -1
0.1 1421 693 -1
0.1 694 695 -1
0.1 696 697 -1
0.1 1423 1424 -1
0.1 1422 1425 -1
0.1 1420 1426 -1
0.1 1427 698 -1
0.1 687 1428 -1
0.1 1418 1429 -1
0.1 1430 699 -1
0.1 659 1431 -1
0.1 1432 700 -1
0.1 701 702 -1
0.1 705 706 -1
0.1 1435 707 -1
0.1 1436 708 -1
0.1 704 1437 -1
0.1 709 710 -1
0.1 1438 1439 -1
0.1 703 1440 -1
0.1 1434 1441 -1
0.1 712 713 -1
0.1 714 715 -1
0.1 716 717 -1
0.1 1444 1445 -1
0.1 718 719 -1
0.1 1446 1447 -1
0.1 1448 720 -1
0.1 1443 1449 -1
0.1 711 1450 -1
0.1 1442 1451 -1
0.1 721 722 -1
0.1 1453 723 -1
0.1 726 727 -1
0.1 728 729 -1
0.1 730 731 -1
0.1 1456 1457 -1
0.1 732 733 -1
0.1 1458 1459 -1
0.1 1455 1460 -1
0.1 725 1461 -1
0.1 724 1462 -1
0.1 1454 1463 -1
0.1 1452 1464 -1
0.1 1465 734 -1
0.1 1433 1466 -1
0.1 1392 1467 -1
0.1 735 736 -1
0.1 1468 1469 -1
0.1 1370 1470 -1
0.1 1369 1471 -1
0.1 737 738 -1
0.1 1472 1473 -1
0.1 553 1474 -1
0.1 1475 739 -1
0.1 1476 740 -1
0.1 552 1477 -1
0.1 1290 1478 -1
