1 0 0 1
1 0 0 1
1 0 0 1
1 0 0 1
1 0 0 1
1 0 0 1
1 0 0 1
1 0 0 1
1 0 0 1
1 0 0 1
1 0 0 1
1 0 0 1
1 0 0 1
1 0 0 1
1 0 0 1
1 0 0 1
1 0 0 1
1 0 0 1
1 0 0 1
1 0 0 1
1 0 0 2
1 0 0 2
1 0 0 2
1 0 0 2
1 0 0 2
1 0 0 2
1 0 0 2
1 0 0 3
1 0 0 3
1 0 0 3
1 0 0 3
1 0 0 3
1 0 0 3
1 0 0 3
1 0 0 3
1 0 0 3
1 0 0 3
1 0 0 3
1 0 0 3
1 0 0 3
1 0 0 3
1 0 0 3
1 0 0 3
1 0 0 3
1 0 0 3
1 0 0 3
1 0 0 3
1 0 0 2
1 0 0 2
1 0 0 2
1 0 0 2
1 0 0 2
1 0 0 2
1 0 0 2
1 0 0 2
1 0 0 2
1 0 0 2
1 0 0 2
1 0 0 2
1 0 0 2
1 0 0 4
1 0 0 4
1 0 0 4
1 0 0 4
1 0 0 4
1 0 0 5
1 0 0 5
1 0 0 5
1 0 0 5
1 0 0 5
1 0 0 5
1 0 0 5
1 0 0 5
1 0 0 5
1 0 0 5
1 0 0 5
1 0 0 5
1 0 0 5
1 0 0 5
1 0 0 5
1 0 0 5
1 0 0 5
1 0 0 5
1 0 0 5
1 0 0 5
1 0 0 4
1 0 0 4
1 0 0 4
1 0 0 4
1 0 0 4
1 0 0 4
1 0 0 4
1 0 0 4
1 0 0 4
1 0 0 4
1 0 0 4
1 0 0 4
1 0 0 4
1 0 0 4
1 0 0 4
1 0 0 6
1 0 0 6
1 0 0 6
1 0 0 6
1 0 0 6
1 0 0 6
1 0 0 6
1 0 0 6
1 0 0 6
1 0 0 6
1 0 0 6
1 0 0 6
1 0 0 6
1 0 0 6
1 0 0 6
1 0 0 6
1 0 0 6
1 0 0 6
1 0 0 6
1 0 0 6
0.1 3 4 -1
0.1 2 121 -1
0.1 1 122 -1
0.1 5 6 -1
0.1 8 9 -1
0.1 125 10 -1
0.1 7 126 -1
0.1 124 127 -1
0.1 12 13 -1
0.1 11 129 -1
0.1 128 130 -1
0.1 14 15 -1
0.1 17 18 -1
0.1 16 133 -1
0.1 134 19 -1
0.1 132 135 -1
0.1 136 20 -1
0.1 131 137 -1
0.1 123 138 -1
0.1 24 25 -1
0.1 140 26 -1
0.1 23 141 -1
0.1 22 142 -1
0.1 21 143 -1
0.1 144 27 -1
0.1 28 29 -1
0.1 31 32 -1
0.1 30 147 -1
0.1 33 34 -1
0.1 35 36 -1
0.1 149 150 -1
0.1 37 38 -1
0.1 151 152 -1
0.1 40 41 -1
0.1 39 154 -1
0.1 155 42 -1
0.1 153 156 -1
0.1 44 45 -1
0.1 46 47 -1
0.1 158 159 -1
0.1 43 160 -1
0.1 157 161 -1
0.1 148 162 -1
0.1 146 163 -1
0.1 48 49 -1
0.1 164 165 -1
0.1 166 50 -1
0.1 51 52 -1
0.1 167 168 -1
0.1 145 169 -1
0.1 54 55 -1
0.1 53 171 -1
0.1 172 56 -1
0.1 57 58 -1
0.1 173 174 -1
0.1 59 60 -1
0.1 175 176 -1
0.1 170 177 -1
0.1 139 178 -1
0.1 61 62 -1
0.1 68 69 -1
0.1 181 70 -1
0.1 67 182 -1
0.1 66 183 -1
0.1 71 72 -1
0.1 74 75 -1
0.1 186 76 -1
0.1 73 187 -1
0.1 185 188 -1
0.1 79 80 -1
0.1 190 81 -1
0.1 78 191 -1
0.1 77 192 -1
0.1 189 193 -1
0.1 82 83 -1
0.1 195 84 -1
0.1 196 85 -1
0.1 194 197 -1
0.1 184 198 -1
0.1 65 199 -1
0.1 64 200 -1
0.1 86 87 -1
0.1 89 90 -1
0.1 88 203 -1
0.1 202 204 -1
0.1 201 205 -1
0.1 63 206 -1
0.1 93 94 -1
0.1 92 208 -1
0.1 91 209 -1
0.1 96 97 -1
0.1 95 211 -1
0.1 98 99 -1
0.1 213 100 -1
0.1 212 214 -1
0.1 210 215 -1
0.1 207 216 -1
0.1 180 217 -1
0.1 102 103 -1
0.1 105 106 -1
0.1 220 107 -1
0.1 104 221 -1
0.1 219 222 -1
0.1 109 110 -1
0.1 108 224 -1
0.1 112 113 -1
0.1 226 114 -1
0.1 111 227 -1
0.1 225 228 -1
0.1 223 229 -1
0.1 230 115 -1
0.1 116 117 -1
0.1 232 118 -1
0.1 119 120 -1
0.1 233 234 -1
0.1 231 235 -1
0.1 101 236 -1
0.1 218 237 -1
0.1 179 238 -1
