1 0 0 1
1 0 0 1
1 0 0 1
1 0 0 1
1 0 0 1
1 0 0 1
1 0 0 1
1 0 0 1
1 0 0 1
1 0 0 1
1 0 0 1
1 0 0 1
1 0 0 1
1 0 0 1
1 0 0 1
1 0 0 1
1 0 0 1
1 0 0 1
1 0 0 1
1 0 0 1
1 0 0 2
1 0 0 2
1 0 0 2
1 0 0 2
1 0 0 2
1 0 0 2
1 0 0 2
1 0 0 2
1 0 0 2
1 0 0 2
1 0 0 2
1 0 0 2
1 0 0 2
1 0 0 2
1 0 0 2
1 0 0 2
1 0 0 2
1 0 0 3
1 0 0 3
1 0 0 3
1 0 0 3
1 0 0 3
1 0 0 3
1 0 0 3
1 0 0 3
1 0 0 3
1 0 0 3
1 0 0 3
1 0 0 3
1 0 0 3
1 0 0 3
1 0 0 3
1 0 0 3
1 0 0 3
1 0 0 3
1 0 0 3
1 0 0 3
1 0 0 2
1 0 0 2
1 0 0 2
1 0 0 4
1 0 0 4
1 0 0 4
1 0 0 4
1 0 0 4
1 0 0 4
1 0 0 4
1 0 0 4
1 0 0 4
1 0 0 4
1 0 0 4
1 0 0 4
1 0 0 4
1 0 0 4
1 0 0 4
1 0 0 4
1 0 0 4
1 0 0 4
1 0 0 4
1 0 0 4
1 0 0 5
1 0 0 5
1 0 0 5
1 0 0 5
1 0 0 5
1 0 0 5
1 0 0 5
1 0 0 5
1 0 0 5
1 0 0 5
1 0 0 5
1 0 0 5
1 0 0 5
1 0 0 5
1 0 0 5
1 0 0 5
1 0 0 5
1 0 0 5
1 0 0 5
1 0 0 6
1 0 0 6
1 0 0 6
1 0 0 6
1 0 0 6
1 0 0 6
1 0 0 6
1 0 0 6
1 0 0 6
1 0 0 6
1 0 0 6
1 0 0 6
1 0 0 6
1 0 0 6
1 0 0 6
1 0 0 6
1 0 0 6
1 0 0 6
1 0 0 6
1 0 0 6
1 0 0 5
0.1 1 2 -1
0.1 121 3 -1
0.1 122 4 -1
0.1 6 7 -1
0.1 8 9 -1
0.1 10 11 -1
0.1 125 126 -1
0.1 124 127 -1
0.1 12 13 -1
0.1 15 16 -1
0.1 130 17 -1
0.1 14 131 -1
0.1 129 132 -1
0.1 18 19 -1
0.1 134 20 -1
0.1 133 135 -1
0.1 128 136 -1
0.1 5 137 -1
0.1 123 138 -1
0.1 21 22 -1
0.1 23 24 -1
0.1 25 26 -1
0.1 141 142 -1
0.1 140 143 -1
0.1 27 28 -1
0.1 31 32 -1
0.1 146 33 -1
0.1 147 34 -1
0.1 30 148 -1
0.1 29 149 -1
0.1 150 35 -1
0.1 36 37 -1
0.1 41 42 -1
0.1 46 47 -1
0.1 45 154 -1
0.1 44 155 -1
0.1 43 156 -1
0.1 48 49 -1
0.1 50 51 -1
0.1 54 55 -1
0.1 160 56 -1
0.1 53 161 -1
0.1 52 162 -1
0.1 159 163 -1
0.1 164 57 -1
0.1 158 165 -1
0.1 157 166 -1
0.1 153 167 -1
0.1 40 168 -1
0.1 39 169 -1
0.1 38 170 -1
0.1 58 59 -1
0.1 171 172 -1
0.1 173 60 -1
0.1 152 174 -1
0.1 151 175 -1
0.1 145 176 -1
0.1 144 177 -1
0.1 139 178 -1
0.1 62 63 -1
0.1 65 66 -1
0.1 64 181 -1
0.1 180 182 -1
0.1 69 70 -1
0.1 68 184 -1
0.1 67 185 -1
0.1 71 72 -1
0.1 187 73 -1
0.1 186 188 -1
0.1 76 77 -1
0.1 75 190 -1
0.1 191 78 -1
0.1 79 80 -1
0.1 192 193 -1
0.1 74 194 -1
0.1 189 195 -1
0.1 183 196 -1
0.1 61 197 -1
0.1 81 82 -1
0.1 85 86 -1
0.1 84 200 -1
0.1 83 201 -1
0.1 88 89 -1
0.1 87 203 -1
0.1 90 91 -1
0.1 205 92 -1
0.1 204 206 -1
0.1 202 207 -1
0.1 199 208 -1
0.1 94 95 -1
0.1 97 98 -1
0.1 96 211 -1
0.1 210 212 -1
0.1 103 104 -1
0.1 102 214 -1
0.1 101 215 -1
0.1 100 216 -1
0.1 107 108 -1
0.1 106 218 -1
0.1 105 219 -1
0.1 109 110 -1
0.1 113 114 -1
0.1 112 222 -1
0.1 111 223 -1
0.1 221 224 -1
0.1 118 119 -1
0.1 117 226 -1
0.1 116 227 -1
0.1 115 228 -1
0.1 225 229 -1
0.1 220 230 -1
0.1 217 231 -1
0.1 232 120 -1
0.1 99 233 -1
0.1 213 234 -1
0.1 93 235 -1
0.1 209 236 -1
0.1 198 237 -1
0.1 179 238 -1
