1 0 0 1
1 0 0 1
1 0 0 1
1 0 0 1
1 0 0 1
1 0 0 1
1 0 0 1
1 0 0 2
1 0 0 3
1 0 0 4
1 0 0 4
1 0 0 4
1 0 0 4
1 0 0 4
1 0 0 5
1 0 0 5
1 0 0 5
1 0 0 5
1 0 0 5
1 0 0 5
1 0 0 5
1 0 0 5
1 0 0 5
1 0 0 5
1 0 0 4
1 0 0 4
1 0 0 4
1 0 0 4
1 0 0 4
1 0 0 3
1 0 0 2
1 0 0 2
1 0 0 6
1 0 0 6
1 0 0 6
1 0 0 6
1 0 0 7
1 0 0 7
1 0 0 7
1 0 0 7
1 0 0 7
1 0 0 8
1 0 0 8
1 0 0 8
1 0 0 8
1 0 0 8
1 0 0 8
1 0 0 8
1 0 0 8
1 0 0 8
1 0 0 8
1 0 0 7
1 0 0 7
1 0 0 7
1 0 0 9
1 0 0 9
1 0 0 10
1 0 0 10
1 0 0 10
1 0 0 10
1 0 0 10
1 0 0 10
1 0 0 10
1 0 0 10
1 0 0 10
1 0 0 10
1 0 0 9
1 0 0 11
1 0 0 11
1 0 0 11
1 0 0 11
1 0 0 11
1 0 0 11
1 0 0 11
1 0 0 11
1 0 0 11
1 0 0 11
1 0 0 12
1 0 0 12
1 0 0 13
1 0 0 13
1 0 0 13
1 0 0 13
1 0 0 13
1 0 0 13
1 0 0 13
1 0 0 13
1 0 0 13
1 0 0 13
1 0 0 14
1 0 0 14
1 0 0 14
1 0 0 14
1 0 0 14
1 0 0 14
1 0 0 14
1 0 0 14
1 0 0 14
1 0 0 14
1 0 0 12
1 0 0 12
1 0 0 12
1 0 0 12
1 0 0 12
1 0 0 12
1 0 0 12
1 0 0 12
1 0 0 9
1 0 0 9
1 0 0 9
1 0 0 9
1 0 0 9
1 0 0 9
1 0 0 9
1 0 0 7
1 0 0 7
1 0 0 6
1 0 0 6
1 0 0 6
1 0 0 6
1 0 0 6
1 0 0 6
1 0 0 15
1 0 0 16
1 0 0 16
1 0 0 16
1 0 0 16
1 0 0 16
1 0 0 16
1 0 0 16
1 0 0 16
1 0 0 16
1 0 0 15
1 0 0 15
1 0 0 15
1 0 0 15
1 0 0 15
1 0 0 15
1 0 0 15
1 0 0 15
1 0 0 16
1 0 0 15
1 0 0 1
1 0 0 17
1 0 0 17
1 0 0 17
1 0 0 17
1 0 0 18
1 0 0 18
1 0 0 19
1 0 0 19
1 0 0 19
1 0 0 19
1 0 0 19
1 0 0 19
1 0 0 19
1 0 0 19
1 0 0 19
1 0 0 19
1 0 0 18
1 0 0 18
1 0 0 18
1 0 0 18
1 0 0 17
1 0 0 17
1 0 0 17
1 0 0 17
1 0 0 17
1 0 0 17
1 0 0 18
1 0 0 18
1 0 0 18
1 0 0 18
1 0 0 1
1 0 0 1
1 0 0 2
1 0 0 2
1 0 0 2
1 0 0 2
1 0 0 2
1 0 0 2
1 0 0 2
1 0 0 20
1 0 0 20
1 0 0 20
1 0 0 21
1 0 0 21
1 0 0 21
1 0 0 21
1 0 0 21
1 0 0 21
1 0 0 21
1 0 0 21
1 0 0 21
1 0 0 21
1 0 0 22
1 0 0 22
1 0 0 22
1 0 0 22
1 0 0 22
1 0 0 23
1 0 0 22
1 0 0 22
1 0 0 22
1 0 0 22
1 0 0 22
1 0 0 20
1 0 0 20
1 0 0 20
1 0 0 20
1 0 0 20
1 0 0 20
1 0 0 20
1 0 0 23
1 0 0 23
1 0 0 23
1 0 0 23
1 0 0 23
1 0 0 23
1 0 0 23
1 0 0 23
1 0 0 23
1 0 0 24
1 0 0 24
1 0 0 24
1 0 0 24
1 0 0 24
1 0 0 24
1 0 0 24
1 0 0 24
1 0 0 24
1 0 0 24
1 0 0 25
1 0 0 25
1 0 0 26
1 0 0 26
1 0 0 26
1 0 0 26
1 0 0 26
1 0 0 3
1 0 0 3
1 0 0 3
1 0 0 27
1 0 0 27
1 0 0 27
1 0 0 27
1 0 0 27
1 0 0 27
1 0 0 27
1 0 0 27
1 0 0 27
1 0 0 27
1 0 0 26
1 0 0 26
1 0 0 28
1 0 0 28
1 0 0 28
1 0 0 28
1 0 0 28
1 0 0 28
1 0 0 28
1 0 0 28
1 0 0 26
1 0 0 26
1 0 0 26
1 0 0 3
1 0 0 3
1 0 0 29
1 0 0 30
1 0 0 30
1 0 0 30
1 0 0 30
1 0 0 30
1 0 0 30
1 0 0 30
1 0 0 30
1 0 0 30
1 0 0 30
1 0 0 29
1 0 0 29
1 0 0 29
1 0 0 31
1 0 0 31
1 0 0 31
1 0 0 31
1 0 0 31
1 0 0 31
1 0 0 31
1 0 0 31
1 0 0 31
1 0 0 31
1 0 0 32
1 0 0 32
1 0 0 32
1 0 0 32
1 0 0 32
1 0 0 32
1 0 0 32
1 0 0 32
1 0 0 32
1 0 0 32
1 0 0 28
1 0 0 28
1 0 0 33
1 0 0 33
1 0 0 33
1 0 0 33
1 0 0 29
1 0 0 33
1 0 0 33
1 0 0 33
1 0 0 33
1 0 0 33
1 0 0 33
1 0 0 29
1 0 0 29
1 0 0 29
1 0 0 34
1 0 0 34
1 0 0 34
1 0 0 35
1 0 0 35
1 0 0 35
1 0 0 35
1 0 0 35
1 0 0 35
1 0 0 35
1 0 0 35
1 0 0 35
1 0 0 35
1 0 0 34
1 0 0 34
1 0 0 34
1 0 0 34
1 0 0 34
1 0 0 34
1 0 0 34
1 0 0 36
1 0 0 36
1 0 0 36
1 0 0 36
1 0 0 36
1 0 0 36
1 0 0 36
1 0 0 36
1 0 0 36
1 0 0 36
1 0 0 29
1 0 0 37
1 0 0 37
1 0 0 37
1 0 0 37
1 0 0 37
1 0 0 38
1 0 0 38
1 0 0 38
1 0 0 38
1 0 0 38
1 0 0 38
1 0 0 38
1 0 0 38
1 0 0 38
1 0 0 38
1 0 0 25
1 0 0 25
1 0 0 39
1 0 0 39
1 0 0 39
1 0 0 39
1 0 0 39
1 0 0 40
1 0 0 40
1 0 0 39
1 0 0 39
1 0 0 39
1 0 0 39
1 0 0 39
1 0 0 25
1 0 0 41
1 0 0 41
1 0 0 41
1 0 0 41
1 0 0 41
1 0 0 41
1 0 0 41
1 0 0 41
1 0 0 41
1 0 0 41
1 0 0 29
1 0 0 42
1 0 0 42
1 0 0 42
1 0 0 42
1 0 0 42
1 0 0 42
1 0 0 42
1 0 0 42
1 0 0 42
1 0 0 42
1 0 0 43
1 0 0 43
1 0 0 43
1 0 0 43
1 0 0 43
1 0 0 43
1 0 0 43
1 0 0 43
1 0 0 43
1 0 0 43
1 0 0 40
1 0 0 40
1 0 0 40
1 0 0 25
1 0 0 44
1 0 0 44
1 0 0 3
1 0 0 44
1 0 0 44
1 0 0 44
1 0 0 44
1 0 0 44
1 0 0 44
1 0 0 44
1 0 0 40
1 0 0 40
1 0 0 44
1 0 0 25
1 0 0 25
1 0 0 25
1 0 0 40
1 0 0 40
1 0 0 40
1 0 0 45
1 0 0 46
1 0 0 46
1 0 0 46
1 0 0 46
1 0 0 46
1 0 0 46
1 0 0 46
1 0 0 45
1 0 0 45
1 0 0 45
1 0 0 45
1 0 0 45
1 0 0 45
1 0 0 45
1 0 0 46
1 0 0 46
1 0 0 46
1 0 0 37
1 0 0 37
1 0 0 37
1 0 0 37
1 0 0 3
1 0 0 3
1 0 0 25
1 0 0 45
1 0 0 45
1 0 0 47
1 0 0 47
1 0 0 47
1 0 0 47
1 0 0 47
1 0 0 47
1 0 0 47
1 0 0 47
1 0 0 47
1 0 0 47
1 0 0 37
0.1 2 3 -1
0.1 471 4 -1
0.1 6 7 -1
0.1 5 473 -1
0.1 472 474 -1
0.1 475 8 -1
0.1 1 476 -1
0.1 12 13 -1
0.1 11 478 -1
0.1 479 14 -1
0.1 15 16 -1
0.1 18 19 -1
0.1 482 20 -1
0.1 17 483 -1
0.1 481 484 -1
0.1 21 22 -1
0.1 23 24 -1
0.1 486 487 -1
0.1 485 488 -1
0.1 489 25 -1
0.1 480 490 -1
0.1 26 27 -1
0.1 491 492 -1
0.1 28 29 -1
0.1 493 494 -1
0.1 10 495 -1
0.1 496 30 -1
0.1 9 497 -1
0.1 477 498 -1
0.1 31 32 -1
0.1 35 36 -1
0.1 37 38 -1
0.1 39 40 -1
0.1 42 43 -1
0.1 45 46 -1
0.1 505 47 -1
0.1 44 506 -1
0.1 48 49 -1
0.1 507 508 -1
0.1 509 50 -1
0.1 510 51 -1
0.1 504 511 -1
0.1 52 53 -1
0.1 512 513 -1
0.1 41 514 -1
0.1 515 54 -1
0.1 503 516 -1
0.1 502 517 -1
0.1 55 56 -1
0.1 59 60 -1
0.1 58 520 -1
0.1 57 521 -1
0.1 62 63 -1
0.1 61 523 -1
0.1 64 65 -1
0.1 524 525 -1
0.1 522 526 -1
0.1 527 66 -1
0.1 519 528 -1
0.1 70 71 -1
0.1 69 530 -1
0.1 531 72 -1
0.1 68 532 -1
0.1 73 74 -1
0.1 76 77 -1
0.1 75 535 -1
0.1 534 536 -1
0.1 533 537 -1
0.1 81 82 -1
0.1 80 539 -1
0.1 83 84 -1
0.1 540 541 -1
0.1 86 87 -1
0.1 85 543 -1
0.1 88 89 -1
0.1 544 545 -1
0.1 542 546 -1
0.1 79 547 -1
0.1 78 548 -1
0.1 92 93 -1
0.1 94 95 -1
0.1 550 551 -1
0.1 552 96 -1
0.1 553 97 -1
0.1 91 554 -1
0.1 98 99 -1
0.1 555 556 -1
0.1 90 557 -1
0.1 101 102 -1
0.1 100 559 -1
0.1 558 560 -1
0.1 549 561 -1
0.1 538 562 -1
0.1 103 104 -1
0.1 106 107 -1
0.1 105 565 -1
0.1 564 566 -1
0.1 563 567 -1
0.1 67 568 -1
0.1 110 111 -1
0.1 570 112 -1
0.1 109 571 -1
0.1 108 572 -1
0.1 569 573 -1
0.1 529 574 -1
0.1 113 114 -1
0.1 575 576 -1
0.1 577 115 -1
0.1 578 116 -1
0.1 518 579 -1
0.1 501 580 -1
0.1 34 581 -1
0.1 118 119 -1
0.1 117 583 -1
0.1 584 120 -1
0.1 582 585 -1
0.1 121 122 -1
0.1 586 587 -1
0.1 33 588 -1
0.1 500 589 -1
0.1 126 127 -1
0.1 125 591 -1
0.1 124 592 -1
0.1 128 129 -1
0.1 131 132 -1
0.1 130 595 -1
0.1 594 596 -1
0.1 593 597 -1
0.1 134 135 -1
0.1 133 599 -1
0.1 598 600 -1
0.1 139 140 -1
0.1 138 602 -1
0.1 137 603 -1
0.1 136 604 -1
0.1 141 142 -1
0.1 605 606 -1
0.1 601 607 -1
0.1 123 608 -1
0.1 609 143 -1
0.1 590 610 -1
0.1 145 146 -1
0.1 612 147 -1
0.1 144 613 -1
0.1 151 152 -1
0.1 615 153 -1
0.1 156 157 -1
0.1 155 617 -1
0.1 618 158 -1
0.1 154 619 -1
0.1 620 159 -1
0.1 616 621 -1
0.1 150 622 -1
0.1 149 623 -1
0.1 160 161 -1
0.1 624 625 -1
0.1 162 163 -1
0.1 626 627 -1
0.1 148 628 -1
0.1 166 167 -1
0.1 630 168 -1
0.1 165 631 -1
0.1 632 169 -1
0.1 164 633 -1
0.1 171 172 -1
0.1 170 635 -1
0.1 634 636 -1
0.1 629 637 -1
0.1 614 638 -1
0.1 639 173 -1
0.1 611 640 -1
0.1 499 641 -1
0.1 174 175 -1
0.1 176 177 -1
0.1 644 178 -1
0.1 645 179 -1
0.1 181 182 -1
0.1 180 647 -1
0.1 646 648 -1
0.1 643 649 -1
0.1 642 650 -1
0.1 187 188 -1
0.1 186 652 -1
0.1 189 190 -1
0.1 653 654 -1
0.1 655 191 -1
0.1 194 195 -1
0.1 193 657 -1
0.1 192 658 -1
0.1 656 659 -1
0.1 197 198 -1
0.1 199 200 -1
0.1 661 662 -1
0.1 201 202 -1
0.1 663 664 -1
0.1 196 665 -1
0.1 660 666 -1
0.1 185 667 -1
0.1 204 205 -1
0.1 669 206 -1
0.1 203 670 -1
0.1 668 671 -1
0.1 184 672 -1
0.1 673 207 -1
0.1 183 674 -1
0.1 208 209 -1
0.1 211 212 -1
0.1 210 677 -1
0.1 676 678 -1
0.1 679 213 -1
0.1 675 680 -1
0.1 681 214 -1
0.1 217 218 -1
0.1 219 220 -1
0.1 684 221 -1
0.1 685 222 -1
0.1 683 686 -1
0.1 216 687 -1
0.1 215 688 -1
0.1 682 689 -1
0.1 223 224 -1
0.1 226 227 -1
0.1 225 692 -1
0.1 228 229 -1
0.1 693 694 -1
0.1 691 695 -1
0.1 231 232 -1
0.1 230 697 -1
0.1 696 698 -1
0.1 690 699 -1
0.1 651 700 -1
0.1 233 234 -1
0.1 235 236 -1
0.1 703 237 -1
0.1 238 239 -1
0.1 704 705 -1
0.1 241 242 -1
0.1 247 248 -1
0.1 246 708 -1
0.1 245 709 -1
0.1 250 251 -1
0.1 711 252 -1
0.1 249 712 -1
0.1 710 713 -1
0.1 244 714 -1
0.1 243 715 -1
0.1 707 716 -1
0.1 240 717 -1
0.1 718 253 -1
0.1 719 254 -1
0.1 706 720 -1
0.1 256 257 -1
0.1 722 258 -1
0.1 723 259 -1
0.1 255 724 -1
0.1 725 260 -1
0.1 261 262 -1
0.1 726 727 -1
0.1 263 264 -1
0.1 729 265 -1
0.1 728 730 -1
0.1 721 731 -1
0.1 702 732 -1
0.1 270 271 -1
0.1 269 734 -1
0.1 272 273 -1
0.1 276 277 -1
0.1 275 737 -1
0.1 274 738 -1
0.1 739 278 -1
0.1 736 740 -1
0.1 735 741 -1
0.1 742 279 -1
0.1 743 280 -1
0.1 268 744 -1
0.1 745 281 -1
0.1 267 746 -1
0.1 266 747 -1
0.1 284 285 -1
0.1 286 287 -1
0.1 749 750 -1
0.1 290 291 -1
0.1 289 752 -1
0.1 288 753 -1
0.1 751 754 -1
0.1 283 755 -1
0.1 282 756 -1
0.1 292 293 -1
0.1 294 295 -1
0.1 296 297 -1
0.1 759 760 -1
0.1 758 761 -1
0.1 300 301 -1
0.1 299 763 -1
0.1 298 764 -1
0.1 762 765 -1
0.1 757 766 -1
0.1 748 767 -1
0.1 302 303 -1
0.1 304 305 -1
0.1 306 307 -1
0.1 770 771 -1
0.1 310 311 -1
0.1 312 313 -1
0.1 774 314 -1
0.1 773 775 -1
0.1 309 776 -1
0.1 777 315 -1
0.1 308 778 -1
0.1 772 779 -1
0.1 316 317 -1
0.1 318 319 -1
0.1 322 323 -1
0.1 327 328 -1
0.1 784 329 -1
0.1 785 330 -1
0.1 326 786 -1
0.1 325 787 -1
0.1 324 788 -1
0.1 783 789 -1
0.1 321 790 -1
0.1 331 332 -1
0.1 792 333 -1
0.1 791 793 -1
0.1 320 794 -1
0.1 782 795 -1
0.1 334 335 -1
0.1 336 337 -1
0.1 797 798 -1
0.1 796 799 -1
0.1 781 800 -1
0.1 339 340 -1
0.1 343 344 -1
0.1 345 346 -1
0.1 804 347 -1
0.1 803 805 -1
0.1 342 806 -1
0.1 341 807 -1
0.1 802 808 -1
0.1 338 809 -1
0.1 801 810 -1
0.1 780 811 -1
0.1 812 348 -1
0.1 769 813 -1
0.1 768 814 -1
0.1 733 815 -1
0.1 816 349 -1
0.1 351 352 -1
0.1 350 818 -1
0.1 819 353 -1
0.1 355 356 -1
0.1 359 360 -1
0.1 358 822 -1
0.1 357 823 -1
0.1 361 362 -1
0.1 824 825 -1
0.1 821 826 -1
0.1 827 363 -1
0.1 354 828 -1
0.1 820 829 -1
0.1 364 365 -1
0.1 367 368 -1
0.1 832 369 -1
0.1 371 372 -1
0.1 374 375 -1
0.1 373 835 -1
0.1 834 836 -1
0.1 837 376 -1
0.1 838 377 -1
0.1 370 839 -1
0.1 833 840 -1
0.1 366 841 -1
0.1 379 380 -1
0.1 382 383 -1
0.1 381 844 -1
0.1 843 845 -1
0.1 384 385 -1
0.1 387 388 -1
0.1 386 848 -1
0.1 847 849 -1
0.1 846 850 -1
0.1 378 851 -1
0.1 392 393 -1
0.1 391 853 -1
0.1 394 395 -1
0.1 854 855 -1
0.1 856 396 -1
0.1 398 399 -1
0.1 397 858 -1
0.1 857 859 -1
0.1 390 860 -1
0.1 389 861 -1
0.1 403 404 -1
0.1 863 405 -1
0.1 402 864 -1
0.1 401 865 -1
0.1 400 866 -1
0.1 867 406 -1
0.1 868 407 -1
0.1 408 409 -1
0.1 869 870 -1
0.1 862 871 -1
0.1 410 411 -1
0.1 873 412 -1
0.1 872 874 -1
0.1 875 413 -1
0.1 852 876 -1
0.1 842 877 -1
0.1 831 878 -1
0.1 414 415 -1
0.1 416 417 -1
0.1 880 881 -1
0.1 882 418 -1
0.1 421 422 -1
0.1 420 884 -1
0.1 419 885 -1
0.1 883 886 -1
0.1 887 423 -1
0.1 424 425 -1
0.1 889 426 -1
0.1 428 429 -1
0.1 427 891 -1
0.1 890 892 -1
0.1 431 432 -1
0.1 430 894 -1
0.1 893 895 -1
0.1 888 896 -1
0.1 879 897 -1
0.1 436 437 -1
0.1 435 899 -1
0.1 900 438 -1
0.1 439 440 -1
0.1 901 902 -1
0.1 443 444 -1
0.1 442 904 -1
0.1 445 446 -1
0.1 905 906 -1
0.1 907 447 -1
0.1 441 908 -1
0.1 448 449 -1
0.1 910 450 -1
0.1 909 911 -1
0.1 903 912 -1
0.1 434 913 -1
0.1 433 914 -1
0.1 898 915 -1
0.1 452 453 -1
0.1 455 456 -1
0.1 458 459 -1
0.1 463 464 -1
0.1 465 466 -1
0.1 920 921 -1
0.1 468 469 -1
0.1 467 923 -1
0.1 922 924 -1
0.1 462 925 -1
0.1 461 926 -1
0.1 460 927 -1
0.1 919 928 -1
0.1 457 929 -1
0.1 930 470 -1
0.1 918 931 -1
0.1 454 932 -1
0.1 917 933 -1
0.1 451 934 -1
0.1 916 935 -1
0.1 830 936 -1
0.1 817 937 -1
0.1 701 938 -1
