1 0 0 1
1 0 0 1
1 0 0 1
1 0 0 2
1 0 0 2
1 0 0 2
1 0 0 2
1 0 0 2
1 0 0 2
1 0 0 2
1 0 0 2
1 0 0 2
1 0 0 2
1 0 0 3
1 0 0 3
1 0 0 3
1 0 0 3
1 0 0 3
1 0 0 3
1 0 0 3
1 0 0 3
1 0 0 3
1 0 0 3
1 0 0 4
1 0 0 4
1 0 0 4
1 0 0 4
1 0 0 4
1 0 0 4
1 0 0 5
1 0 0 5
1 0 0 5
1 0 0 5
1 0 0 5
1 0 0 5
1 0 0 5
1 0 0 5
1 0 0 5
1 0 0 5
1 0 0 6
1 0 0 6
1 0 0 6
1 0 0 6
1 0 0 6
1 0 0 6
1 0 0 6
1 0 0 6
1 0 0 6
1 0 0 6
1 0 0 4
1 0 0 7
1 0 0 7
1 0 0 7
1 0 0 7
1 0 0 8
1 0 0 8
1 0 0 8
1 0 0 8
1 0 0 8
1 0 0 8
1 0 0 8
1 0 0 8
1 0 0 8
1 0 0 8
1 0 0 7
1 0 0 7
1 0 0 9
1 0 0 9
1 0 0 9
1 0 0 9
1 0 0 9
1 0 0 9
1 0 0 9
1 0 0 9
1 0 0 9
1 0 0 9
1 0 0 7
1 0 0 7
1 0 0 7
1 0 0 7
1 0 0 10
1 0 0 10
1 0 0 10
1 0 0 10
1 0 0 11
1 0 0 10
1 0 0 10
1 0 0 10
1 0 0 10
1 0 0 10
1 0 0 4
1 0 0 12
1 0 0 12
1 0 0 12
1 0 0 12
1 0 0 12
1 0 0 12
1 0 0 12
1 0 0 12
1 0 0 12
1 0 0 13
1 0 0 12
1 0 0 4
1 0 0 13
1 0 0 13
1 0 0 13
1 0 0 13
1 0 0 13
1 0 0 13
1 0 0 13
1 0 0 13
1 0 0 13
1 0 0 10
1 0 0 4
1 0 0 14
1 0 0 14
1 0 0 14
1 0 0 14
1 0 0 15
1 0 0 15
1 0 0 15
1 0 0 15
1 0 0 15
1 0 0 15
1 0 0 15
1 0 0 15
1 0 0 15
1 0 0 15
1 0 0 14
1 0 0 14
1 0 0 14
1 0 0 14
1 0 0 14
1 0 0 14
1 0 0 16
1 0 0 16
1 0 0 16
1 0 0 16
1 0 0 16
1 0 0 16
1 0 0 16
1 0 0 16
1 0 0 16
1 0 0 16
1 0 0 17
1 0 0 17
1 0 0 17
1 0 0 17
1 0 0 17
1 0 0 17
1 0 0 17
1 0 0 17
1 0 0 17
1 0 0 17
1 0 0 18
1 0 0 18
1 0 0 18
1 0 0 18
1 0 0 18
1 0 0 18
1 0 0 18
1 0 0 18
1 0 0 18
1 0 0 18
1 0 0 19
1 0 0 19
1 0 0 19
1 0 0 19
1 0 0 19
1 0 0 19
1 0 0 19
1 0 0 19
1 0 0 19
1 0 0 19
1 0 0 20
1 0 0 20
1 0 0 20
1 0 0 20
1 0 0 20
1 0 0 20
1 0 0 20
1 0 0 20
1 0 0 20
1 0 0 20
1 0 0 21
1 0 0 21
1 0 0 21
1 0 0 22
1 0 0 22
1 0 0 22
1 0 0 22
1 0 0 22
1 0 0 22
1 0 0 22
1 0 0 22
1 0 0 22
1 0 0 22
1 0 0 21
1 0 0 21
1 0 0 21
1 0 0 21
1 0 0 21
1 0 0 21
1 0 0 21
1 0 0 23
1 0 0 23
1 0 0 23
1 0 0 24
1 0 0 24
1 0 0 24
1 0 0 24
1 0 0 24
1 0 0 24
1 0 0 24
1 0 0 24
1 0 0 24
1 0 0 24
1 0 0 1
1 0 0 25
1 0 0 25
1 0 0 25
1 0 0 25
1 0 0 25
1 0 0 25
1 0 0 26
1 0 0 25
1 0 0 25
1 0 0 25
1 0 0 25
1 0 0 23
1 0 0 23
1 0 0 23
1 0 0 23
1 0 0 23
1 0 0 23
1 0 0 23
1 0 0 27
1 0 0 27
1 0 0 27
1 0 0 11
1 0 0 28
1 0 0 28
1 0 0 29
1 0 0 29
1 0 0 29
1 0 0 30
1 0 0 30
1 0 0 30
1 0 0 30
1 0 0 30
1 0 0 30
1 0 0 30
1 0 0 30
1 0 0 30
1 0 0 30
1 0 0 31
1 0 0 28
1 0 0 28
1 0 0 31
1 0 0 31
1 0 0 31
1 0 0 31
1 0 0 31
1 0 0 31
1 0 0 31
1 0 0 29
1 0 0 29
1 0 0 29
1 0 0 29
1 0 0 29
1 0 0 29
1 0 0 31
1 0 0 31
1 0 0 29
1 0 0 28
1 0 0 28
1 0 0 28
1 0 0 28
1 0 0 28
1 0 0 28
1 0 0 11
1 0 0 11
1 0 0 32
1 0 0 32
1 0 0 32
1 0 0 32
1 0 0 32
1 0 0 32
1 0 0 32
1 0 0 32
1 0 0 32
1 0 0 32
1 0 0 11
1 0 0 11
1 0 0 33
1 0 0 33
1 0 0 33
1 0 0 33
1 0 0 33
1 0 0 33
1 0 0 33
1 0 0 33
1 0 0 33
1 0 0 33
1 0 0 1
1 0 0 1
1 0 0 1
1 0 0 1
1 0 0 11
1 0 0 26
1 0 0 34
1 0 0 34
1 0 0 1
1 0 0 1
1 0 0 35
1 0 0 35
1 0 0 35
1 0 0 35
1 0 0 35
1 0 0 35
1 0 0 35
1 0 0 35
1 0 0 36
1 0 0 36
1 0 0 36
1 0 0 36
1 0 0 36
1 0 0 36
1 0 0 36
1 0 0 36
1 0 0 36
1 0 0 36
1 0 0 35
1 0 0 35
1 0 0 37
1 0 0 37
1 0 0 37
1 0 0 37
1 0 0 37
1 0 0 37
1 0 0 37
1 0 0 37
1 0 0 37
1 0 0 37
1 0 0 38
1 0 0 38
1 0 0 38
1 0 0 38
1 0 0 38
1 0 0 38
1 0 0 38
1 0 0 38
1 0 0 38
1 0 0 38
1 0 0 34
1 0 0 34
1 0 0 34
1 0 0 34
1 0 0 34
1 0 0 34
1 0 0 34
1 0 0 34
1 0 0 39
1 0 0 39
1 0 0 39
1 0 0 39
1 0 0 39
1 0 0 39
1 0 0 39
1 0 0 39
1 0 0 40
1 0 0 40
1 0 0 40
1 0 0 40
1 0 0 40
1 0 0 40
1 0 0 40
1 0 0 40
1 0 0 11
1 0 0 41
1 0 0 27
1 0 0 27
1 0 0 27
1 0 0 27
1 0 0 42
1 0 0 42
1 0 0 42
1 0 0 42
1 0 0 42
1 0 0 42
1 0 0 42
1 0 0 42
1 0 0 43
1 0 0 43
1 0 0 43
1 0 0 43
1 0 0 43
1 0 0 43
1 0 0 43
1 0 0 43
1 0 0 43
1 0 0 43
1 0 0 42
1 0 0 42
1 0 0 44
1 0 0 44
1 0 0 44
1 0 0 44
1 0 0 44
1 0 0 44
1 0 0 44
1 0 0 44
1 0 0 44
1 0 0 44
1 0 0 41
1 0 0 41
1 0 0 41
1 0 0 41
1 0 0 45
1 0 0 45
1 0 0 45
1 0 0 45
1 0 0 45
1 0 0 45
1 0 0 45
1 0 0 45
1 0 0 45
1 0 0 45
1 0 0 26
1 0 0 26
1 0 0 26
1 0 0 46
1 0 0 46
1 0 0 46
1 0 0 46
1 0 0 46
1 0 0 46
1 0 0 46
1 0 0 46
1 0 0 46
1 0 0 46
1 0 0 26
1 0 0 26
1 0 0 39
1 0 0 39
1 0 0 11
1 0 0 11
1 0 0 26
1 0 0 41
1 0 0 41
1 0 0 41
1 0 0 40
1 0 0 40
1 0 0 41
1 0 0 41
1 0 0 47
1 0 0 47
1 0 0 27
1 0 0 27
1 0 0 27
1 0 0 47
1 0 0 47
1 0 0 26
1 0 0 26
1 0 0 47
1 0 0 47
1 0 0 47
1 0 0 47
1 0 0 47
1 0 0 47
0.1 5 6 -1
0.1 471 7 -1
0.1 4 472 -1
0.1 473 8 -1
0.1 474 9 -1
0.1 3 475 -1
0.1 10 11 -1
0.1 12 13 -1
0.1 477 478 -1
0.1 14 15 -1
0.1 19 20 -1
0.1 18 481 -1
0.1 21 22 -1
0.1 482 483 -1
0.1 17 484 -1
0.1 16 485 -1
0.1 480 486 -1
0.1 487 23 -1
0.1 479 488 -1
0.1 476 489 -1
0.1 2 490 -1
0.1 1 491 -1
0.1 24 25 -1
0.1 493 26 -1
0.1 27 28 -1
0.1 495 29 -1
0.1 494 496 -1
0.1 32 33 -1
0.1 34 35 -1
0.1 499 36 -1
0.1 500 37 -1
0.1 38 39 -1
0.1 501 502 -1
0.1 498 503 -1
0.1 31 504 -1
0.1 40 41 -1
0.1 42 43 -1
0.1 46 47 -1
0.1 45 508 -1
0.1 44 509 -1
0.1 510 48 -1
0.1 507 511 -1
0.1 506 512 -1
0.1 513 49 -1
0.1 505 514 -1
0.1 30 515 -1
0.1 497 516 -1
0.1 492 517 -1
0.1 51 52 -1
0.1 519 53 -1
0.1 57 58 -1
0.1 56 521 -1
0.1 522 59 -1
0.1 523 60 -1
0.1 55 524 -1
0.1 525 61 -1
0.1 62 63 -1
0.1 526 527 -1
0.1 528 64 -1
0.1 54 529 -1
0.1 520 530 -1
0.1 531 65 -1
0.1 532 66 -1
0.1 71 72 -1
0.1 70 534 -1
0.1 73 74 -1
0.1 535 536 -1
0.1 69 537 -1
0.1 68 538 -1
0.1 75 76 -1
0.1 539 540 -1
0.1 67 541 -1
0.1 78 79 -1
0.1 77 543 -1
0.1 544 80 -1
0.1 542 545 -1
0.1 533 546 -1
0.1 83 84 -1
0.1 82 548 -1
0.1 81 549 -1
0.1 85 86 -1
0.1 87 88 -1
0.1 552 89 -1
0.1 553 90 -1
0.1 551 554 -1
0.1 550 555 -1
0.1 547 556 -1
0.1 93 94 -1
0.1 558 95 -1
0.1 96 97 -1
0.1 560 98 -1
0.1 99 100 -1
0.1 561 562 -1
0.1 563 101 -1
0.1 559 564 -1
0.1 565 102 -1
0.1 92 566 -1
0.1 567 103 -1
0.1 91 568 -1
0.1 105 106 -1
0.1 570 107 -1
0.1 104 571 -1
0.1 108 109 -1
0.1 111 112 -1
0.1 110 574 -1
0.1 573 575 -1
0.1 572 576 -1
0.1 569 577 -1
0.1 113 114 -1
0.1 578 579 -1
0.1 557 580 -1
0.1 50 581 -1
0.1 518 582 -1
0.1 115 116 -1
0.1 584 117 -1
0.1 121 122 -1
0.1 120 586 -1
0.1 119 587 -1
0.1 123 124 -1
0.1 125 126 -1
0.1 589 590 -1
0.1 591 127 -1
0.1 588 592 -1
0.1 593 128 -1
0.1 129 130 -1
0.1 594 595 -1
0.1 118 596 -1
0.1 133 134 -1
0.1 132 598 -1
0.1 131 599 -1
0.1 597 600 -1
0.1 135 136 -1
0.1 138 139 -1
0.1 137 603 -1
0.1 602 604 -1
0.1 142 143 -1
0.1 141 606 -1
0.1 140 607 -1
0.1 608 144 -1
0.1 605 609 -1
0.1 146 147 -1
0.1 145 611 -1
0.1 148 149 -1
0.1 612 613 -1
0.1 610 614 -1
0.1 153 154 -1
0.1 152 616 -1
0.1 156 157 -1
0.1 618 158 -1
0.1 155 619 -1
0.1 620 159 -1
0.1 160 161 -1
0.1 162 163 -1
0.1 622 623 -1
0.1 624 164 -1
0.1 621 625 -1
0.1 165 166 -1
0.1 168 169 -1
0.1 167 628 -1
0.1 627 629 -1
0.1 171 172 -1
0.1 170 631 -1
0.1 173 174 -1
0.1 632 633 -1
0.1 630 634 -1
0.1 626 635 -1
0.1 617 636 -1
0.1 151 637 -1
0.1 150 638 -1
0.1 615 639 -1
0.1 601 640 -1
0.1 585 641 -1
0.1 177 178 -1
0.1 643 179 -1
0.1 176 644 -1
0.1 180 181 -1
0.1 645 646 -1
0.1 175 647 -1
0.1 182 183 -1
0.1 649 184 -1
0.1 648 650 -1
0.1 186 187 -1
0.1 188 189 -1
0.1 191 192 -1
0.1 190 654 -1
0.1 193 194 -1
0.1 656 195 -1
0.1 655 657 -1
0.1 196 197 -1
0.1 658 659 -1
0.1 653 660 -1
0.1 198 199 -1
0.1 661 662 -1
0.1 652 663 -1
0.1 664 200 -1
0.1 185 665 -1
0.1 666 201 -1
0.1 667 202 -1
0.1 651 668 -1
0.1 203 204 -1
0.1 669 670 -1
0.1 642 671 -1
0.1 672 205 -1
0.1 206 207 -1
0.1 209 210 -1
0.1 212 213 -1
0.1 676 214 -1
0.1 211 677 -1
0.1 675 678 -1
0.1 215 216 -1
0.1 680 217 -1
0.1 679 681 -1
0.1 682 218 -1
0.1 208 683 -1
0.1 222 223 -1
0.1 221 685 -1
0.1 220 686 -1
0.1 687 224 -1
0.1 219 688 -1
0.1 226 227 -1
0.1 225 690 -1
0.1 689 691 -1
0.1 228 229 -1
0.1 692 693 -1
0.1 684 694 -1
0.1 230 231 -1
0.1 232 233 -1
0.1 235 236 -1
0.1 234 698 -1
0.1 697 699 -1
0.1 696 700 -1
0.1 695 701 -1
0.1 674 702 -1
0.1 673 703 -1
0.1 583 704 -1
0.1 705 237 -1
0.1 238 239 -1
0.1 252 253 -1
0.1 251 708 -1
0.1 709 254 -1
0.1 250 710 -1
0.1 249 711 -1
0.1 712 255 -1
0.1 248 713 -1
0.1 247 714 -1
0.1 246 715 -1
0.1 257 258 -1
0.1 262 263 -1
0.1 261 718 -1
0.1 264 265 -1
0.1 719 720 -1
0.1 260 721 -1
0.1 259 722 -1
0.1 267 268 -1
0.1 266 724 -1
0.1 725 269 -1
0.1 270 271 -1
0.1 726 727 -1
0.1 728 272 -1
0.1 723 729 -1
0.1 717 730 -1
0.1 256 731 -1
0.1 732 273 -1
0.1 716 733 -1
0.1 245 734 -1
0.1 244 735 -1
0.1 736 274 -1
0.1 243 737 -1
0.1 738 275 -1
0.1 739 276 -1
0.1 242 740 -1
0.1 278 279 -1
0.1 742 280 -1
0.1 277 743 -1
0.1 741 744 -1
0.1 241 745 -1
0.1 240 746 -1
0.1 707 747 -1
0.1 706 748 -1
0.1 286 287 -1
0.1 750 288 -1
0.1 285 751 -1
0.1 290 291 -1
0.1 753 292 -1
0.1 289 754 -1
0.1 752 755 -1
0.1 284 756 -1
0.1 283 757 -1
0.1 758 293 -1
0.1 282 759 -1
0.1 281 760 -1
0.1 296 297 -1
0.1 295 762 -1
0.1 299 300 -1
0.1 764 301 -1
0.1 298 765 -1
0.1 302 303 -1
0.1 766 767 -1
0.1 768 304 -1
0.1 763 769 -1
0.1 305 306 -1
0.1 307 308 -1
0.1 771 772 -1
0.1 770 773 -1
0.1 294 774 -1
0.1 775 309 -1
0.1 776 310 -1
0.1 761 777 -1
0.1 311 312 -1
0.1 313 314 -1
0.1 315 316 -1
0.1 317 318 -1
0.1 782 319 -1
0.1 320 321 -1
0.1 783 784 -1
0.1 325 326 -1
0.1 324 786 -1
0.1 787 327 -1
0.1 788 328 -1
0.1 323 789 -1
0.1 790 329 -1
0.1 331 332 -1
0.1 330 792 -1
0.1 791 793 -1
0.1 333 334 -1
0.1 794 795 -1
0.1 322 796 -1
0.1 785 797 -1
0.1 781 798 -1
0.1 780 799 -1
0.1 779 800 -1
0.1 335 336 -1
0.1 337 338 -1
0.1 341 342 -1
0.1 340 804 -1
0.1 805 343 -1
0.1 339 806 -1
0.1 803 807 -1
0.1 808 344 -1
0.1 802 809 -1
0.1 346 347 -1
0.1 345 811 -1
0.1 348 349 -1
0.1 350 351 -1
0.1 352 353 -1
0.1 814 815 -1
0.1 813 816 -1
0.1 812 817 -1
0.1 818 354 -1
0.1 810 819 -1
0.1 355 356 -1
0.1 820 821 -1
0.1 358 359 -1
0.1 361 362 -1
0.1 360 824 -1
0.1 363 364 -1
0.1 366 367 -1
0.1 365 827 -1
0.1 826 828 -1
0.1 369 370 -1
0.1 368 830 -1
0.1 829 831 -1
0.1 825 832 -1
0.1 823 833 -1
0.1 357 834 -1
0.1 822 835 -1
0.1 801 836 -1
0.1 778 837 -1
0.1 373 374 -1
0.1 376 377 -1
0.1 375 840 -1
0.1 839 841 -1
0.1 372 842 -1
0.1 371 843 -1
0.1 844 378 -1
0.1 845 379 -1
0.1 381 382 -1
0.1 383 384 -1
0.1 847 848 -1
0.1 386 387 -1
0.1 388 389 -1
0.1 850 851 -1
0.1 385 852 -1
0.1 853 390 -1
0.1 854 391 -1
0.1 395 396 -1
0.1 394 856 -1
0.1 393 857 -1
0.1 398 399 -1
0.1 397 859 -1
0.1 860 400 -1
0.1 861 401 -1
0.1 858 862 -1
0.1 863 402 -1
0.1 392 864 -1
0.1 855 865 -1
0.1 403 404 -1
0.1 866 867 -1
0.1 406 407 -1
0.1 408 409 -1
0.1 411 412 -1
0.1 410 871 -1
0.1 413 414 -1
0.1 872 873 -1
0.1 870 874 -1
0.1 869 875 -1
0.1 405 876 -1
0.1 868 877 -1
0.1 849 878 -1
0.1 879 415 -1
0.1 416 417 -1
0.1 880 881 -1
0.1 380 882 -1
0.1 420 421 -1
0.1 419 884 -1
0.1 422 423 -1
0.1 424 425 -1
0.1 886 887 -1
0.1 426 427 -1
0.1 889 428 -1
0.1 888 890 -1
0.1 885 891 -1
0.1 418 892 -1
0.1 430 431 -1
0.1 429 894 -1
0.1 433 434 -1
0.1 896 435 -1
0.1 432 897 -1
0.1 437 438 -1
0.1 436 899 -1
0.1 439 440 -1
0.1 901 441 -1
0.1 900 902 -1
0.1 898 903 -1
0.1 442 443 -1
0.1 904 905 -1
0.1 895 906 -1
0.1 444 445 -1
0.1 446 447 -1
0.1 908 909 -1
0.1 910 448 -1
0.1 907 911 -1
0.1 452 453 -1
0.1 913 454 -1
0.1 451 914 -1
0.1 915 455 -1
0.1 450 916 -1
0.1 449 917 -1
0.1 918 456 -1
0.1 459 460 -1
0.1 458 920 -1
0.1 921 461 -1
0.1 457 922 -1
0.1 923 462 -1
0.1 463 464 -1
0.1 925 465 -1
0.1 466 467 -1
0.1 927 468 -1
0.1 926 928 -1
0.1 469 470 -1
0.1 929 930 -1
0.1 924 931 -1
0.1 919 932 -1
0.1 912 933 -1
0.1 893 934 -1
0.1 883 935 -1
0.1 846 936 -1
0.1 838 937 -1
0.1 749 938 -1
