1 0 0 1
1 0 0 2
1 0 0 2
1 0 0 2
1 0 0 2
1 0 0 2
1 0 0 3
1 0 0 3
1 0 0 3
1 0 0 3
1 0 0 3
1 0 0 3
1 0 0 1
1 0 0 3
1 0 0 3
1 0 0 3
1 0 0 3
1 0 0 2
1 0 0 2
1 0 0 2
1 0 0 2
1 0 0 2
1 0 0 4
1 0 0 4
1 0 0 4
1 0 0 4
1 0 0 4
1 0 0 4
1 0 0 4
1 0 0 4
1 0 0 4
1 0 0 1
1 0 0 1
1 0 0 1
1 0 0 5
1 0 0 5
1 0 0 5
1 0 0 5
1 0 0 5
1 0 0 5
1 0 0 5
1 0 0 5
1 0 0 5
1 0 0 5
1 0 0 4
1 0 0 1
1 0 0 1
1 0 0 1
1 0 0 1
1 0 0 6
1 0 0 6
1 0 0 6
1 0 0 6
1 0 0 6
1 0 0 6
1 0 0 6
1 0 0 6
1 0 0 6
1 0 0 6
1 0 0 7
1 0 0 7
1 0 0 7
1 0 0 7
1 0 0 7
1 0 0 7
1 0 0 7
1 0 0 7
1 0 0 7
1 0 0 7
1 0 0 8
1 0 0 8
1 0 0 8
1 0 0 8
1 0 0 8
1 0 0 8
1 0 0 8
1 0 0 8
1 0 0 8
1 0 0 8
1 0 0 1
1 0 0 9
1 0 0 9
1 0 0 9
1 0 0 10
1 0 0 10
1 0 0 10
1 0 0 10
1 0 0 10
1 0 0 10
1 0 0 10
1 0 0 10
1 0 0 10
1 0 0 10
1 0 0 9
1 0 0 9
1 0 0 9
1 0 0 9
1 0 0 9
1 0 0 9
1 0 0 9
1 0 0 11
1 0 0 11
1 0 0 11
1 0 0 11
1 0 0 12
1 0 0 12
1 0 0 12
1 0 0 12
1 0 0 12
1 0 0 12
1 0 0 12
1 0 0 12
1 0 0 12
1 0 0 12
1 0 0 11
1 0 0 11
1 0 0 11
1 0 0 11
1 0 0 11
1 0 0 11
1 0 0 13
1 0 0 14
1 0 0 14
1 0 0 14
1 0 0 14
1 0 0 14
1 0 0 14
1 0 0 14
1 0 0 14
1 0 0 14
1 0 0 14
1 0 0 13
1 0 0 13
1 0 0 13
1 0 0 13
1 0 0 13
1 0 0 13
1 0 0 13
1 0 0 13
1 0 0 13
1 0 0 15
1 0 0 15
1 0 0 15
1 0 0 15
1 0 0 15
1 0 0 15
1 0 0 15
1 0 0 15
1 0 0 15
1 0 0 15
0.1 4 5 -1
0.1 3 151 -1
0.1 7 8 -1
0.1 9 10 -1
0.1 153 154 -1
0.1 13 14 -1
0.1 12 156 -1
0.1 11 157 -1
0.1 15 16 -1
0.1 159 17 -1
0.1 158 160 -1
0.1 155 161 -1
0.1 6 162 -1
0.1 152 163 -1
0.1 18 19 -1
0.1 165 20 -1
0.1 166 21 -1
0.1 167 22 -1
0.1 164 168 -1
0.1 2 169 -1
0.1 1 170 -1
0.1 25 26 -1
0.1 24 172 -1
0.1 28 29 -1
0.1 27 174 -1
0.1 173 175 -1
0.1 35 36 -1
0.1 38 39 -1
0.1 37 178 -1
0.1 179 40 -1
0.1 42 43 -1
0.1 41 181 -1
0.1 182 44 -1
0.1 180 183 -1
0.1 177 184 -1
0.1 34 185 -1
0.1 33 186 -1
0.1 32 187 -1
0.1 188 45 -1
0.1 31 189 -1
0.1 30 190 -1
0.1 176 191 -1
0.1 23 192 -1
0.1 171 193 -1
0.1 48 49 -1
0.1 47 195 -1
0.1 46 196 -1
0.1 194 197 -1
0.1 52 53 -1
0.1 199 54 -1
0.1 55 56 -1
0.1 201 57 -1
0.1 200 202 -1
0.1 51 203 -1
0.1 204 58 -1
0.1 205 59 -1
0.1 50 206 -1
0.1 60 61 -1
0.1 62 63 -1
0.1 64 65 -1
0.1 209 210 -1
0.1 208 211 -1
0.1 66 67 -1
0.1 68 69 -1
0.1 213 214 -1
0.1 212 215 -1
0.1 71 72 -1
0.1 217 73 -1
0.1 218 74 -1
0.1 219 75 -1
0.1 76 77 -1
0.1 221 78 -1
0.1 220 222 -1
0.1 70 223 -1
0.1 216 224 -1
0.1 225 79 -1
0.1 81 82 -1
0.1 84 85 -1
0.1 86 87 -1
0.1 88 89 -1
0.1 230 90 -1
0.1 229 231 -1
0.1 228 232 -1
0.1 233 91 -1
0.1 92 93 -1
0.1 234 235 -1
0.1 83 236 -1
0.1 94 95 -1
0.1 238 96 -1
0.1 97 98 -1
0.1 240 99 -1
0.1 239 241 -1
0.1 103 104 -1
0.1 106 107 -1
0.1 109 110 -1
0.1 108 245 -1
0.1 244 246 -1
0.1 113 114 -1
0.1 112 248 -1
0.1 111 249 -1
0.1 247 250 -1
0.1 105 251 -1
0.1 243 252 -1
0.1 102 253 -1
0.1 115 116 -1
0.1 254 255 -1
0.1 119 120 -1
0.1 118 257 -1
0.1 117 258 -1
0.1 256 259 -1
0.1 101 260 -1
0.1 123 124 -1
0.1 125 126 -1
0.1 129 130 -1
0.1 128 264 -1
0.1 127 265 -1
0.1 263 266 -1
0.1 267 131 -1
0.1 262 268 -1
0.1 122 269 -1
0.1 121 270 -1
0.1 132 133 -1
0.1 271 272 -1
0.1 134 135 -1
0.1 274 136 -1
0.1 273 275 -1
0.1 137 138 -1
0.1 277 139 -1
0.1 143 144 -1
0.1 142 279 -1
0.1 141 280 -1
0.1 281 145 -1
0.1 282 146 -1
0.1 147 148 -1
0.1 149 150 -1
0.1 284 285 -1
0.1 283 286 -1
0.1 140 287 -1
0.1 278 288 -1
0.1 276 289 -1
0.1 261 290 -1
0.1 100 291 -1
0.1 242 292 -1
0.1 237 293 -1
0.1 227 294 -1
0.1 80 295 -1
0.1 226 296 -1
0.1 207 297 -1
0.1 198 298 -1
