1 0 0 1
1 0 0 1
1 0 0 1
1 0 0 1
1 0 0 1
1 0 0 2
1 0 0 3
1 0 0 3
1 0 0 3
1 0 0 3
1 0 0 3
1 0 0 2
1 0 0 2
1 0 0 2
1 0 0 2
1 0 0 4
1 0 0 4
1 0 0 4
1 0 0 4
1 0 0 4
1 0 0 5
1 0 0 5
1 0 0 6
1 0 0 6
1 0 0 6
1 0 0 6
1 0 0 6
1 0 0 5
1 0 0 5
1 0 0 5
1 0 0 7
1 0 0 7
1 0 0 7
1 0 0 7
1 0 0 7
1 0 0 8
1 0 0 8
1 0 0 8
1 0 0 8
1 0 0 8
1 0 0 9
1 0 0 9
1 0 0 9
1 0 0 9
1 0 0 9
1 0 0 10
1 0 0 10
1 0 0 10
1 0 0 10
1 0 0 10
1 0 0 11
1 0 0 12
1 0 0 12
1 0 0 12
1 0 0 12
1 0 0 12
1 0 0 11
1 0 0 11
1 0 0 11
1 0 0 11
1 0 0 13
1 0 0 13
1 0 0 13
1 0 0 13
1 0 0 13
1 0 0 14
1 0 0 14
1 0 0 14
1 0 0 14
1 0 0 14
1 0 0 15
1 0 0 15
1 0 0 15
1 0 0 15
1 0 0 15
1 0 0 16
1 0 0 16
1 0 0 16
1 0 0 17
1 0 0 17
1 0 0 17
1 0 0 17
1 0 0 17
1 0 0 16
1 0 0 16
0.1 2 3 -1
0.1 1 86 -1
0.1 4 5 -1
0.1 87 88 -1
0.1 7 8 -1
0.1 9 10 -1
0.1 91 11 -1
0.1 90 92 -1
0.1 6 93 -1
0.1 12 13 -1
0.1 95 14 -1
0.1 94 96 -1
0.1 89 97 -1
0.1 17 18 -1
0.1 16 99 -1
0.1 100 19 -1
0.1 101 20 -1
0.1 21 22 -1
0.1 24 25 -1
0.1 23 104 -1
0.1 26 27 -1
0.1 105 106 -1
0.1 103 107 -1
0.1 29 30 -1
0.1 28 109 -1
0.1 31 32 -1
0.1 33 34 -1
0.1 112 35 -1
0.1 111 113 -1
0.1 38 39 -1
0.1 115 40 -1
0.1 37 116 -1
0.1 36 117 -1
0.1 42 43 -1
0.1 41 119 -1
0.1 44 45 -1
0.1 120 121 -1
0.1 118 122 -1
0.1 123 46 -1
0.1 114 124 -1
0.1 47 48 -1
0.1 126 49 -1
0.1 127 50 -1
0.1 125 128 -1
0.1 52 53 -1
0.1 55 56 -1
0.1 54 131 -1
0.1 130 132 -1
0.1 51 133 -1
0.1 134 57 -1
0.1 58 59 -1
0.1 136 60 -1
0.1 62 63 -1
0.1 64 65 -1
0.1 138 139 -1
0.1 61 140 -1
0.1 137 141 -1
0.1 135 142 -1
0.1 129 143 -1
0.1 110 144 -1
0.1 108 145 -1
0.1 102 146 -1
0.1 15 147 -1
0.1 98 148 -1
0.1 66 67 -1
0.1 68 69 -1
0.1 151 70 -1
0.1 150 152 -1
0.1 71 72 -1
0.1 74 75 -1
0.1 73 155 -1
0.1 154 156 -1
0.1 76 77 -1
0.1 158 78 -1
0.1 81 82 -1
0.1 80 160 -1
0.1 79 161 -1
0.1 162 83 -1
0.1 159 163 -1
0.1 84 85 -1
0.1 164 165 -1
0.1 157 166 -1
0.1 153 167 -1
0.1 149 168 -1
