1 0 0 1
1 0 0 2
1 0 0 2
1 0 0 2
1 0 0 3
1 0 0 4
1 0 0 4
1 0 0 4
1 0 0 4
1 0 0 4
1 0 0 3
1 0 0 5
1 0 0 5
1 0 0 5
1 0 0 5
1 0 0 5
1 0 0 3
1 0 0 3
1 0 0 3
1 0 0 6
1 0 0 6
1 0 0 6
1 0 0 6
1 0 0 6
1 0 0 7
1 0 0 8
1 0 0 8
1 0 0 8
1 0 0 8
1 0 0 8
1 0 0 9
1 0 0 9
1 0 0 9
1 0 0 9
1 0 0 9
1 0 0 7
1 0 0 7
1 0 0 7
1 0 0 7
1 0 0 10
1 0 0 10
1 0 0 10
1 0 0 10
1 0 0 10
1 0 0 2
1 0 0 2
1 0 0 11
1 0 0 11
1 0 0 11
1 0 0 11
1 0 0 11
1 0 0 12
1 0 0 12
1 0 0 12
1 0 0 12
1 0 0 12
1 0 0 1
1 0 0 13
1 0 0 13
1 0 0 13
1 0 0 13
1 0 0 13
1 0 0 14
1 0 0 14
1 0 0 14
1 0 0 14
1 0 0 14
1 0 0 15
1 0 0 15
1 0 0 15
1 0 0 15
1 0 0 15
1 0 0 1
1 0 0 1
1 0 0 1
1 0 0 16
1 0 0 16
1 0 0 16
1 0 0 16
1 0 0 16
1 0 0 17
1 0 0 17
1 0 0 17
1 0 0 17
1 0 0 17
0.1 3 4 -1
0.1 2 86 -1
0.1 7 8 -1
0.1 6 88 -1
0.1 9 10 -1
0.1 89 90 -1
0.1 5 91 -1
0.1 92 11 -1
0.1 13 14 -1
0.1 15 16 -1
0.1 94 95 -1
0.1 12 96 -1
0.1 17 18 -1
0.1 98 19 -1
0.1 97 99 -1
0.1 93 100 -1
0.1 21 22 -1
0.1 23 24 -1
0.1 102 103 -1
0.1 20 104 -1
0.1 26 27 -1
0.1 28 29 -1
0.1 107 30 -1
0.1 106 108 -1
0.1 34 35 -1
0.1 33 110 -1
0.1 32 111 -1
0.1 31 112 -1
0.1 109 113 -1
0.1 25 114 -1
0.1 105 115 -1
0.1 37 38 -1
0.1 36 117 -1
0.1 118 39 -1
0.1 116 119 -1
0.1 101 120 -1
0.1 87 121 -1
0.1 40 41 -1
0.1 42 43 -1
0.1 123 124 -1
0.1 125 44 -1
0.1 122 126 -1
0.1 45 46 -1
0.1 47 48 -1
0.1 50 51 -1
0.1 49 130 -1
0.1 129 131 -1
0.1 128 132 -1
0.1 127 133 -1
0.1 1 134 -1
0.1 52 53 -1
0.1 54 55 -1
0.1 137 56 -1
0.1 136 138 -1
0.1 60 61 -1
0.1 59 140 -1
0.1 58 141 -1
0.1 142 62 -1
0.1 63 64 -1
0.1 66 67 -1
0.1 65 145 -1
0.1 71 72 -1
0.1 70 147 -1
0.1 69 148 -1
0.1 68 149 -1
0.1 146 150 -1
0.1 144 151 -1
0.1 143 152 -1
0.1 57 153 -1
0.1 139 154 -1
0.1 135 155 -1
0.1 74 75 -1
0.1 73 157 -1
0.1 76 77 -1
0.1 78 79 -1
0.1 160 80 -1
0.1 159 161 -1
0.1 83 84 -1
0.1 82 163 -1
0.1 81 164 -1
0.1 165 85 -1
0.1 162 166 -1
0.1 158 167 -1
0.1 156 168 -1
