1 0 0 1
1 0 0 1
1 0 0 1
1 0 0 1
1 0 0 1
1 0 0 1
1 0 0 2
1 0 0 2
1 0 0 2
1 0 0 2
1 0 0 2
1 0 0 3
1 0 0 3
1 0 0 3
1 0 0 3
1 0 0 3
1 0 0 3
1 0 0 3
1 0 0 3
1 0 0 3
1 0 0 3
1 0 0 2
1 0 0 2
1 0 0 2
1 0 0 2
1 0 0 2
1 0 0 1
1 0 0 1
1 0 0 1
1 0 0 1
1 0 0 4
1 0 0 4
1 0 0 4
1 0 0 4
1 0 0 4
1 0 0 4
1 0 0 4
1 0 0 4
1 0 0 4
1 0 0 4
1 0 0 5
1 0 0 5
1 0 0 6
1 0 0 6
1 0 0 6
1 0 0 5
1 0 0 5
1 0 0 7
1 0 0 7
1 0 0 7
1 0 0 7
1 0 0 7
1 0 0 7
1 0 0 7
1 0 0 7
1 0 0 7
1 0 0 8
1 0 0 8
1 0 0 8
1 0 0 8
1 0 0 8
1 0 0 8
1 0 0 8
1 0 0 8
1 0 0 8
1 0 0 8
1 0 0 7
1 0 0 5
1 0 0 5
1 0 0 5
1 0 0 5
1 0 0 5
1 0 0 5
1 0 0 6
1 0 0 6
1 0 0 6
1 0 0 9
1 0 0 9
1 0 0 9
1 0 0 9
1 0 0 9
1 0 0 9
1 0 0 9
1 0 0 9
1 0 0 9
1 0 0 9
1 0 0 10
1 0 0 11
1 0 0 11
1 0 0 11
1 0 0 11
1 0 0 11
1 0 0 11
1 0 0 11
1 0 0 12
1 0 0 12
1 0 0 12
1 0 0 12
1 0 0 12
1 0 0 12
1 0 0 12
1 0 0 12
1 0 0 12
1 0 0 12
1 0 0 13
1 0 0 13
1 0 0 13
1 0 0 13
1 0 0 13
1 0 0 13
1 0 0 13
1 0 0 13
1 0 0 13
1 0 0 13
1 0 0 11
1 0 0 11
1 0 0 11
1 0 0 10
1 0 0 10
1 0 0 14
1 0 0 14
1 0 0 14
1 0 0 14
1 0 0 14
1 0 0 14
1 0 0 14
1 0 0 14
1 0 0 14
1 0 0 14
1 0 0 15
1 0 0 15
1 0 0 15
1 0 0 15
1 0 0 15
1 0 0 15
1 0 0 15
1 0 0 15
1 0 0 15
1 0 0 15
1 0 0 10
1 0 0 10
1 0 0 10
1 0 0 10
1 0 0 10
1 0 0 10
1 0 0 10
1 0 0 6
1 0 0 6
1 0 0 6
1 0 0 6
1 0 0 16
1 0 0 16
1 0 0 16
1 0 0 16
1 0 0 16
1 0 0 16
1 0 0 16
1 0 0 16
1 0 0 16
1 0 0 16
1 0 0 17
1 0 0 18
1 0 0 18
1 0 0 18
1 0 0 18
1 0 0 19
1 0 0 19
1 0 0 19
1 0 0 19
1 0 0 19
1 0 0 19
1 0 0 19
1 0 0 19
1 0 0 19
1 0 0 19
1 0 0 18
1 0 0 18
1 0 0 18
1 0 0 18
1 0 0 18
1 0 0 20
1 0 0 20
1 0 0 20
1 0 0 20
1 0 0 20
1 0 0 20
1 0 0 20
1 0 0 20
1 0 0 20
1 0 0 20
1 0 0 18
1 0 0 17
1 0 0 17
1 0 0 17
1 0 0 17
1 0 0 17
1 0 0 17
1 0 0 17
1 0 0 17
1 0 0 17
1 0 0 21
1 0 0 21
1 0 0 21
1 0 0 21
1 0 0 21
1 0 0 21
1 0 0 21
1 0 0 21
1 0 0 21
1 0 0 21
1 0 0 22
1 0 0 22
1 0 0 22
1 0 0 22
1 0 0 22
1 0 0 22
1 0 0 22
1 0 0 22
1 0 0 22
1 0 0 23
1 0 0 23
1 0 0 23
1 0 0 23
1 0 0 23
1 0 0 23
1 0 0 23
1 0 0 23
1 0 0 23
1 0 0 24
1 0 0 24
1 0 0 24
1 0 0 24
1 0 0 24
1 0 0 24
1 0 0 24
1 0 0 24
1 0 0 24
1 0 0 25
1 0 0 25
1 0 0 25
1 0 0 25
1 0 0 25
1 0 0 25
1 0 0 25
1 0 0 26
1 0 0 26
1 0 0 26
1 0 0 26
1 0 0 26
1 0 0 26
1 0 0 26
1 0 0 26
1 0 0 26
1 0 0 26
1 0 0 25
1 0 0 25
1 0 0 25
1 0 0 24
1 0 0 23
1 0 0 22
0.1 2 3 -1
0.1 5 6 -1
0.1 4 262 -1
0.1 261 263 -1
0.1 7 8 -1
0.1 265 9 -1
0.1 12 13 -1
0.1 14 15 -1
0.1 267 268 -1
0.1 19 20 -1
0.1 270 21 -1
0.1 18 271 -1
0.1 17 272 -1
0.1 16 273 -1
0.1 269 274 -1
0.1 11 275 -1
0.1 10 276 -1
0.1 22 23 -1
0.1 277 278 -1
0.1 279 24 -1
0.1 25 26 -1
0.1 280 281 -1
0.1 266 282 -1
0.1 264 283 -1
0.1 29 30 -1
0.1 28 285 -1
0.1 27 286 -1
0.1 284 287 -1
0.1 1 288 -1
0.1 32 33 -1
0.1 290 34 -1
0.1 31 291 -1
0.1 35 36 -1
0.1 292 293 -1
0.1 294 37 -1
0.1 39 40 -1
0.1 38 296 -1
0.1 295 297 -1
0.1 289 298 -1
0.1 43 44 -1
0.1 300 45 -1
0.1 46 47 -1
0.1 301 302 -1
0.1 50 51 -1
0.1 49 304 -1
0.1 48 305 -1
0.1 54 55 -1
0.1 53 307 -1
0.1 308 56 -1
0.1 52 309 -1
0.1 59 60 -1
0.1 58 311 -1
0.1 57 312 -1
0.1 61 62 -1
0.1 63 64 -1
0.1 315 65 -1
0.1 314 316 -1
0.1 317 66 -1
0.1 318 67 -1
0.1 313 319 -1
0.1 310 320 -1
0.1 306 321 -1
0.1 322 68 -1
0.1 323 69 -1
0.1 324 70 -1
0.1 303 325 -1
0.1 326 71 -1
0.1 72 73 -1
0.1 327 328 -1
0.1 42 329 -1
0.1 41 330 -1
0.1 299 331 -1
0.1 74 75 -1
0.1 333 76 -1
0.1 77 78 -1
0.1 335 79 -1
0.1 82 83 -1
0.1 81 337 -1
0.1 80 338 -1
0.1 84 85 -1
0.1 340 86 -1
0.1 339 341 -1
0.1 88 89 -1
0.1 90 91 -1
0.1 93 94 -1
0.1 92 345 -1
0.1 95 96 -1
0.1 98 99 -1
0.1 97 348 -1
0.1 349 100 -1
0.1 101 102 -1
0.1 350 351 -1
0.1 352 103 -1
0.1 353 104 -1
0.1 347 354 -1
0.1 346 355 -1
0.1 344 356 -1
0.1 357 105 -1
0.1 109 110 -1
0.1 108 359 -1
0.1 107 360 -1
0.1 111 112 -1
0.1 361 362 -1
0.1 106 363 -1
0.1 358 364 -1
0.1 113 114 -1
0.1 365 366 -1
0.1 116 117 -1
0.1 115 368 -1
0.1 367 369 -1
0.1 343 370 -1
0.1 371 118 -1
0.1 87 372 -1
0.1 120 121 -1
0.1 123 124 -1
0.1 122 375 -1
0.1 126 127 -1
0.1 125 377 -1
0.1 376 378 -1
0.1 379 128 -1
0.1 380 129 -1
0.1 374 381 -1
0.1 130 131 -1
0.1 383 132 -1
0.1 133 134 -1
0.1 136 137 -1
0.1 135 386 -1
0.1 387 138 -1
0.1 388 139 -1
0.1 385 389 -1
0.1 384 390 -1
0.1 382 391 -1
0.1 119 392 -1
0.1 373 393 -1
0.1 342 394 -1
0.1 140 141 -1
0.1 142 143 -1
0.1 145 146 -1
0.1 144 398 -1
0.1 397 399 -1
0.1 396 400 -1
0.1 395 401 -1
0.1 336 402 -1
0.1 334 403 -1
0.1 148 149 -1
0.1 147 405 -1
0.1 404 406 -1
0.1 153 154 -1
0.1 152 408 -1
0.1 156 157 -1
0.1 155 410 -1
0.1 409 411 -1
0.1 151 412 -1
0.1 158 159 -1
0.1 413 414 -1
0.1 415 160 -1
0.1 150 416 -1
0.1 407 417 -1
0.1 168 169 -1
0.1 167 419 -1
0.1 166 420 -1
0.1 170 171 -1
0.1 173 174 -1
0.1 423 175 -1
0.1 172 424 -1
0.1 422 425 -1
0.1 421 426 -1
0.1 427 176 -1
0.1 165 428 -1
0.1 178 179 -1
0.1 177 430 -1
0.1 182 183 -1
0.1 185 186 -1
0.1 433 187 -1
0.1 184 434 -1
0.1 432 435 -1
0.1 188 189 -1
0.1 436 437 -1
0.1 438 190 -1
0.1 181 439 -1
0.1 440 191 -1
0.1 180 441 -1
0.1 431 442 -1
0.1 429 443 -1
0.1 164 444 -1
0.1 163 445 -1
0.1 162 446 -1
0.1 447 192 -1
0.1 161 448 -1
0.1 193 194 -1
0.1 195 196 -1
0.1 197 198 -1
0.1 199 200 -1
0.1 452 453 -1
0.1 451 454 -1
0.1 450 455 -1
0.1 449 456 -1
0.1 201 202 -1
0.1 204 205 -1
0.1 203 459 -1
0.1 206 207 -1
0.1 209 210 -1
0.1 208 462 -1
0.1 461 463 -1
0.1 460 464 -1
0.1 458 465 -1
0.1 457 466 -1
0.1 211 212 -1
0.1 468 213 -1
0.1 214 215 -1
0.1 216 217 -1
0.1 471 218 -1
0.1 470 472 -1
0.1 221 222 -1
0.1 220 474 -1
0.1 225 226 -1
0.1 224 476 -1
0.1 223 477 -1
0.1 478 227 -1
0.1 475 479 -1
0.1 480 228 -1
0.1 230 231 -1
0.1 482 232 -1
0.1 233 234 -1
0.1 483 484 -1
0.1 229 485 -1
0.1 236 237 -1
0.1 235 487 -1
0.1 238 239 -1
0.1 489 240 -1
0.1 241 242 -1
0.1 490 491 -1
0.1 243 244 -1
0.1 250 251 -1
0.1 249 494 -1
0.1 248 495 -1
0.1 252 253 -1
0.1 496 497 -1
0.1 247 498 -1
0.1 246 499 -1
0.1 500 254 -1
0.1 245 501 -1
0.1 493 502 -1
0.1 255 256 -1
0.1 503 504 -1
0.1 505 257 -1
0.1 492 506 -1
0.1 507 258 -1
0.1 488 508 -1
0.1 486 509 -1
0.1 481 510 -1
0.1 511 259 -1
0.1 219 512 -1
0.1 473 513 -1
0.1 469 514 -1
0.1 515 260 -1
0.1 467 516 -1
0.1 418 517 -1
0.1 332 518 -1
