1 0 0 1
1 0 0 1
1 0 0 1
1 0 0 1
1 0 0 1
1 0 0 1
1 0 0 1
1 0 0 1
1 0 0 1
1 0 0 2
1 0 0 2
1 0 0 2
1 0 0 2
1 0 0 2
1 0 0 2
1 0 0 2
1 0 0 2
1 0 0 2
1 0 0 2
1 0 0 1
1 0 0 3
1 0 0 3
1 0 0 3
1 0 0 3
1 0 0 3
1 0 0 3
1 0 0 3
1 0 0 3
1 0 0 3
1 0 0 3
1 0 0 4
1 0 0 4
1 0 0 4
1 0 0 4
1 0 0 4
1 0 0 4
1 0 0 4
1 0 0 4
1 0 0 4
1 0 0 4
1 0 0 5
1 0 0 5
1 0 0 5
1 0 0 6
1 0 0 6
1 0 0 6
1 0 0 6
1 0 0 6
1 0 0 6
1 0 0 6
1 0 0 6
1 0 0 6
1 0 0 7
1 0 0 7
1 0 0 7
1 0 0 7
1 0 0 7
1 0 0 8
1 0 0 8
1 0 0 8
1 0 0 8
1 0 0 8
1 0 0 8
1 0 0 8
1 0 0 8
1 0 0 8
1 0 0 8
1 0 0 7
1 0 0 7
1 0 0 7
1 0 0 7
1 0 0 7
1 0 0 6
1 0 0 9
1 0 0 9
1 0 0 9
1 0 0 9
1 0 0 9
1 0 0 9
1 0 0 9
1 0 0 9
1 0 0 9
1 0 0 10
1 0 0 10
1 0 0 10
1 0 0 10
1 0 0 10
1 0 0 10
1 0 0 10
1 0 0 10
1 0 0 10
1 0 0 11
1 0 0 11
1 0 0 11
1 0 0 9
1 0 0 11
1 0 0 11
1 0 0 11
1 0 0 11
1 0 0 11
1 0 0 11
1 0 0 11
1 0 0 12
1 0 0 12
1 0 0 12
1 0 0 12
1 0 0 12
1 0 0 12
1 0 0 12
1 0 0 12
1 0 0 12
1 0 0 13
1 0 0 13
1 0 0 13
1 0 0 13
1 0 0 13
1 0 0 13
1 0 0 13
1 0 0 13
1 0 0 13
1 0 0 13
1 0 0 12
1 0 0 10
1 0 0 14
1 0 0 14
1 0 0 14
1 0 0 14
1 0 0 14
1 0 0 14
1 0 0 14
1 0 0 14
1 0 0 14
1 0 0 14
1 0 0 15
1 0 0 15
1 0 0 15
1 0 0 15
1 0 0 15
1 0 0 15
1 0 0 15
1 0 0 15
1 0 0 15
1 0 0 15
1 0 0 16
1 0 0 16
1 0 0 16
1 0 0 16
1 0 0 16
1 0 0 16
1 0 0 17
1 0 0 17
1 0 0 17
1 0 0 17
1 0 0 17
1 0 0 17
1 0 0 17
1 0 0 17
1 0 0 17
1 0 0 17
1 0 0 16
1 0 0 16
1 0 0 16
1 0 0 16
1 0 0 18
1 0 0 18
1 0 0 18
1 0 0 18
1 0 0 18
1 0 0 18
1 0 0 18
1 0 0 18
1 0 0 18
1 0 0 18
1 0 0 5
1 0 0 5
1 0 0 19
1 0 0 19
1 0 0 20
1 0 0 20
1 0 0 20
1 0 0 20
1 0 0 20
1 0 0 20
1 0 0 20
1 0 0 20
1 0 0 20
1 0 0 20
1 0 0 21
1 0 0 21
1 0 0 21
1 0 0 21
1 0 0 21
1 0 0 21
1 0 0 21
1 0 0 21
1 0 0 21
1 0 0 21
1 0 0 19
1 0 0 19
1 0 0 19
1 0 0 22
1 0 0 22
1 0 0 22
1 0 0 22
1 0 0 22
1 0 0 22
1 0 0 22
1 0 0 19
1 0 0 19
1 0 0 19
1 0 0 23
1 0 0 23
1 0 0 23
1 0 0 23
1 0 0 24
1 0 0 24
1 0 0 24
1 0 0 24
1 0 0 24
1 0 0 24
1 0 0 24
1 0 0 24
1 0 0 24
1 0 0 24
1 0 0 23
1 0 0 23
1 0 0 23
1 0 0 23
1 0 0 23
1 0 0 23
1 0 0 25
1 0 0 25
1 0 0 25
1 0 0 25
1 0 0 25
1 0 0 25
1 0 0 25
1 0 0 25
1 0 0 25
1 0 0 25
1 0 0 19
1 0 0 19
1 0 0 22
1 0 0 22
1 0 0 22
1 0 0 26
1 0 0 26
1 0 0 26
1 0 0 26
1 0 0 26
1 0 0 26
1 0 0 26
1 0 0 26
1 0 0 26
1 0 0 26
1 0 0 5
1 0 0 5
1 0 0 5
1 0 0 5
1 0 0 5
0.1 3 4 -1
0.1 2 261 -1
0.1 262 5 -1
0.1 1 263 -1
0.1 8 9 -1
0.1 7 265 -1
0.1 6 266 -1
0.1 12 13 -1
0.1 11 268 -1
0.1 10 269 -1
0.1 14 15 -1
0.1 17 18 -1
0.1 16 272 -1
0.1 271 273 -1
0.1 274 19 -1
0.1 270 275 -1
0.1 267 276 -1
0.1 264 277 -1
0.1 278 20 -1
0.1 22 23 -1
0.1 21 280 -1
0.1 25 26 -1
0.1 24 282 -1
0.1 29 30 -1
0.1 28 284 -1
0.1 27 285 -1
0.1 283 286 -1
0.1 281 287 -1
0.1 279 288 -1
0.1 34 35 -1
0.1 36 37 -1
0.1 38 39 -1
0.1 291 292 -1
0.1 293 40 -1
0.1 290 294 -1
0.1 33 295 -1
0.1 32 296 -1
0.1 31 297 -1
0.1 41 42 -1
0.1 299 43 -1
0.1 44 45 -1
0.1 46 47 -1
0.1 301 302 -1
0.1 48 49 -1
0.1 304 50 -1
0.1 51 52 -1
0.1 305 306 -1
0.1 53 54 -1
0.1 58 59 -1
0.1 60 61 -1
0.1 309 310 -1
0.1 66 67 -1
0.1 65 312 -1
0.1 64 313 -1
0.1 63 314 -1
0.1 62 315 -1
0.1 311 316 -1
0.1 57 317 -1
0.1 56 318 -1
0.1 68 69 -1
0.1 319 320 -1
0.1 55 321 -1
0.1 308 322 -1
0.1 71 72 -1
0.1 70 324 -1
0.1 323 325 -1
0.1 326 73 -1
0.1 307 327 -1
0.1 303 328 -1
0.1 300 329 -1
0.1 298 330 -1
0.1 289 331 -1
0.1 75 76 -1
0.1 333 77 -1
0.1 74 334 -1
0.1 78 79 -1
0.1 80 81 -1
0.1 336 337 -1
0.1 338 82 -1
0.1 335 339 -1
0.1 86 87 -1
0.1 341 88 -1
0.1 85 342 -1
0.1 84 343 -1
0.1 90 91 -1
0.1 89 345 -1
0.1 95 96 -1
0.1 347 97 -1
0.1 94 348 -1
0.1 99 100 -1
0.1 98 350 -1
0.1 349 351 -1
0.1 93 352 -1
0.1 92 353 -1
0.1 354 101 -1
0.1 346 355 -1
0.1 103 104 -1
0.1 357 105 -1
0.1 106 107 -1
0.1 358 359 -1
0.1 108 109 -1
0.1 110 111 -1
0.1 117 118 -1
0.1 116 363 -1
0.1 115 364 -1
0.1 119 120 -1
0.1 365 366 -1
0.1 114 367 -1
0.1 113 368 -1
0.1 369 121 -1
0.1 112 370 -1
0.1 362 371 -1
0.1 372 122 -1
0.1 361 373 -1
0.1 360 374 -1
0.1 375 123 -1
0.1 102 376 -1
0.1 356 377 -1
0.1 344 378 -1
0.1 83 379 -1
0.1 340 380 -1
0.1 124 125 -1
0.1 126 127 -1
0.1 129 130 -1
0.1 128 384 -1
0.1 383 385 -1
0.1 132 133 -1
0.1 131 387 -1
0.1 386 388 -1
0.1 382 389 -1
0.1 136 137 -1
0.1 138 139 -1
0.1 391 392 -1
0.1 140 141 -1
0.1 393 394 -1
0.1 395 142 -1
0.1 135 396 -1
0.1 397 143 -1
0.1 134 398 -1
0.1 146 147 -1
0.1 145 400 -1
0.1 148 149 -1
0.1 152 153 -1
0.1 151 403 -1
0.1 150 404 -1
0.1 155 156 -1
0.1 406 157 -1
0.1 154 407 -1
0.1 408 158 -1
0.1 409 159 -1
0.1 405 410 -1
0.1 402 411 -1
0.1 412 160 -1
0.1 401 413 -1
0.1 161 162 -1
0.1 414 415 -1
0.1 416 163 -1
0.1 144 417 -1
0.1 399 418 -1
0.1 164 165 -1
0.1 419 420 -1
0.1 166 167 -1
0.1 170 171 -1
0.1 172 173 -1
0.1 423 424 -1
0.1 169 425 -1
0.1 168 426 -1
0.1 422 427 -1
0.1 421 428 -1
0.1 390 429 -1
0.1 381 430 -1
0.1 178 179 -1
0.1 184 185 -1
0.1 183 433 -1
0.1 182 434 -1
0.1 181 435 -1
0.1 436 186 -1
0.1 180 437 -1
0.1 438 187 -1
0.1 432 439 -1
0.1 177 440 -1
0.1 188 189 -1
0.1 190 191 -1
0.1 192 193 -1
0.1 194 195 -1
0.1 444 445 -1
0.1 446 196 -1
0.1 443 447 -1
0.1 442 448 -1
0.1 449 197 -1
0.1 441 450 -1
0.1 451 198 -1
0.1 199 200 -1
0.1 452 453 -1
0.1 203 204 -1
0.1 202 455 -1
0.1 201 456 -1
0.1 205 206 -1
0.1 458 207 -1
0.1 457 459 -1
0.1 454 460 -1
0.1 208 209 -1
0.1 462 210 -1
0.1 213 214 -1
0.1 218 219 -1
0.1 217 465 -1
0.1 216 466 -1
0.1 220 221 -1
0.1 468 222 -1
0.1 467 469 -1
0.1 223 224 -1
0.1 470 471 -1
0.1 215 472 -1
0.1 226 227 -1
0.1 225 474 -1
0.1 473 475 -1
0.1 464 476 -1
0.1 477 228 -1
0.1 229 230 -1
0.1 235 236 -1
0.1 234 480 -1
0.1 233 481 -1
0.1 482 237 -1
0.1 483 238 -1
0.1 232 484 -1
0.1 485 239 -1
0.1 486 240 -1
0.1 231 487 -1
0.1 479 488 -1
0.1 478 489 -1
0.1 212 490 -1
0.1 211 491 -1
0.1 241 242 -1
0.1 492 493 -1
0.1 463 494 -1
0.1 461 495 -1
0.1 243 244 -1
0.1 497 245 -1
0.1 496 498 -1
0.1 176 499 -1
0.1 248 249 -1
0.1 247 501 -1
0.1 246 502 -1
0.1 251 252 -1
0.1 250 504 -1
0.1 254 255 -1
0.1 253 506 -1
0.1 505 507 -1
0.1 503 508 -1
0.1 509 256 -1
0.1 510 257 -1
0.1 500 511 -1
0.1 175 512 -1
0.1 258 259 -1
0.1 514 260 -1
0.1 513 515 -1
0.1 174 516 -1
0.1 431 517 -1
0.1 332 518 -1
