1 0 0 1
1 0 0 1
1 0 0 1
1 0 0 1
1 0 0 1
1 0 0 1
1 0 0 2
1 0 0 2
1 0 0 2
1 0 0 3
1 0 0 3
1 0 0 3
1 0 0 3
1 0 0 3
1 0 0 3
1 0 0 3
1 0 0 3
1 0 0 3
1 0 0 3
1 0 0 2
1 0 0 2
1 0 0 2
1 0 0 2
1 0 0 2
1 0 0 2
1 0 0 2
1 0 0 4
1 0 0 4
1 0 0 4
1 0 0 4
1 0 0 4
1 0 0 4
1 0 0 4
1 0 0 4
1 0 0 4
1 0 0 4
1 0 0 5
1 0 0 5
1 0 0 5
1 0 0 5
1 0 0 5
1 0 0 5
1 0 0 5
1 0 0 5
1 0 0 5
1 0 0 5
1 0 0 1
1 0 0 6
1 0 0 6
1 0 0 6
1 0 0 6
1 0 0 6
1 0 0 6
1 0 0 6
1 0 0 7
1 0 0 7
1 0 0 7
1 0 0 7
1 0 0 7
1 0 0 7
1 0 0 7
1 0 0 7
1 0 0 7
1 0 0 7
1 0 0 6
1 0 0 6
1 0 0 6
1 0 0 8
1 0 0 8
1 0 0 8
1 0 0 9
1 0 0 9
1 0 0 9
1 0 0 9
1 0 0 9
1 0 0 9
1 0 0 9
1 0 0 9
1 0 0 9
1 0 0 9
1 0 0 8
1 0 0 8
1 0 0 8
1 0 0 8
1 0 0 8
1 0 0 10
1 0 0 10
1 0 0 10
1 0 0 10
1 0 0 10
1 0 0 10
1 0 0 10
1 0 0 10
1 0 0 10
1 0 0 10
1 0 0 8
1 0 0 8
1 0 0 11
1 0 0 11
1 0 0 11
1 0 0 11
1 0 0 11
1 0 0 11
1 0 0 11
1 0 0 11
1 0 0 11
1 0 0 11
1 0 0 12
1 0 0 12
1 0 0 12
1 0 0 12
1 0 0 12
1 0 0 12
1 0 0 12
1 0 0 12
1 0 0 12
1 0 0 12
1 0 0 13
1 0 0 13
1 0 0 13
1 0 0 13
1 0 0 13
1 0 0 13
1 0 0 13
1 0 0 13
1 0 0 13
1 0 0 13
1 0 0 1
1 0 0 1
1 0 0 1
1 0 0 14
1 0 0 14
1 0 0 14
1 0 0 14
1 0 0 14
1 0 0 14
1 0 0 14
1 0 0 14
1 0 0 14
1 0 0 14
0.1 1 2 -1
0.1 4 5 -1
0.1 3 142 -1
0.1 141 143 -1
0.1 8 9 -1
0.1 7 145 -1
0.1 11 12 -1
0.1 13 14 -1
0.1 147 148 -1
0.1 10 149 -1
0.1 15 16 -1
0.1 17 18 -1
0.1 151 152 -1
0.1 153 19 -1
0.1 150 154 -1
0.1 21 22 -1
0.1 20 156 -1
0.1 155 157 -1
0.1 24 25 -1
0.1 23 159 -1
0.1 160 26 -1
0.1 158 161 -1
0.1 146 162 -1
0.1 6 163 -1
0.1 27 28 -1
0.1 29 30 -1
0.1 165 166 -1
0.1 31 32 -1
0.1 34 35 -1
0.1 33 169 -1
0.1 170 36 -1
0.1 168 171 -1
0.1 167 172 -1
0.1 164 173 -1
0.1 38 39 -1
0.1 40 41 -1
0.1 176 42 -1
0.1 177 43 -1
0.1 175 178 -1
0.1 37 179 -1
0.1 180 44 -1
0.1 45 46 -1
0.1 181 182 -1
0.1 174 183 -1
0.1 144 184 -1
0.1 48 49 -1
0.1 53 54 -1
0.1 52 187 -1
0.1 51 188 -1
0.1 50 189 -1
0.1 186 190 -1
0.1 55 56 -1
0.1 192 57 -1
0.1 59 60 -1
0.1 194 61 -1
0.1 58 195 -1
0.1 63 64 -1
0.1 62 197 -1
0.1 196 198 -1
0.1 193 199 -1
0.1 66 67 -1
0.1 69 70 -1
0.1 68 202 -1
0.1 72 73 -1
0.1 76 77 -1
0.1 75 205 -1
0.1 206 78 -1
0.1 74 207 -1
0.1 204 208 -1
0.1 71 209 -1
0.1 79 80 -1
0.1 210 211 -1
0.1 203 212 -1
0.1 81 82 -1
0.1 83 84 -1
0.1 215 85 -1
0.1 214 216 -1
0.1 87 88 -1
0.1 86 218 -1
0.1 91 92 -1
0.1 90 220 -1
0.1 221 93 -1
0.1 94 95 -1
0.1 222 223 -1
0.1 89 224 -1
0.1 219 225 -1
0.1 217 226 -1
0.1 96 97 -1
0.1 99 100 -1
0.1 229 101 -1
0.1 103 104 -1
0.1 102 231 -1
0.1 230 232 -1
0.1 106 107 -1
0.1 105 234 -1
0.1 233 235 -1
0.1 98 236 -1
0.1 109 110 -1
0.1 108 238 -1
0.1 239 111 -1
0.1 113 114 -1
0.1 112 241 -1
0.1 115 116 -1
0.1 243 117 -1
0.1 242 244 -1
0.1 240 245 -1
0.1 237 246 -1
0.1 228 247 -1
0.1 227 248 -1
0.1 213 249 -1
0.1 120 121 -1
0.1 119 251 -1
0.1 118 252 -1
0.1 253 122 -1
0.1 254 123 -1
0.1 125 126 -1
0.1 124 256 -1
0.1 257 127 -1
0.1 255 258 -1
0.1 250 259 -1
0.1 201 260 -1
0.1 65 261 -1
0.1 200 262 -1
0.1 191 263 -1
0.1 47 264 -1
0.1 129 130 -1
0.1 128 266 -1
0.1 265 267 -1
0.1 132 133 -1
0.1 269 134 -1
0.1 136 137 -1
0.1 135 271 -1
0.1 270 272 -1
0.1 131 273 -1
0.1 138 139 -1
0.1 274 275 -1
0.1 276 140 -1
0.1 268 277 -1
0.1 185 278 -1
