1 0 0 1
1 0 0 1
1 0 0 1
1 0 0 1
1 0 0 1
1 0 0 1
1 0 0 1
1 0 0 1
1 0 0 1
1 0 0 1
1 0 0 2
1 0 0 3
1 0 0 3
1 0 0 3
1 0 0 4
1 0 0 4
1 0 0 5
1 0 0 5
1 0 0 5
1 0 0 5
1 0 0 5
1 0 0 5
1 0 0 5
1 0 0 5
1 0 0 5
1 0 0 5
1 0 0 4
1 0 0 4
1 0 0 4
1 0 0 4
1 0 0 4
1 0 0 4
1 0 0 4
1 0 0 4
1 0 0 3
1 0 0 3
1 0 0 3
1 0 0 3
1 0 0 3
1 0 0 3
1 0 0 3
1 0 0 6
1 0 0 6
1 0 0 6
1 0 0 6
1 0 0 6
1 0 0 6
1 0 0 6
1 0 0 6
1 0 0 6
1 0 0 6
1 0 0 7
1 0 0 7
1 0 0 7
1 0 0 7
1 0 0 7
1 0 0 7
1 0 0 7
1 0 0 7
1 0 0 7
1 0 0 7
1 0 0 8
1 0 0 8
1 0 0 8
1 0 0 8
1 0 0 8
1 0 0 8
1 0 0 8
1 0 0 8
1 0 0 8
1 0 0 8
1 0 0 9
1 0 0 9
1 0 0 9
1 0 0 10
1 0 0 10
1 0 0 10
1 0 0 11
1 0 0 11
1 0 0 11
1 0 0 11
1 0 0 11
1 0 0 11
1 0 0 11
1 0 0 11
1 0 0 12
1 0 0 12
1 0 0 13
1 0 0 13
1 0 0 13
1 0 0 13
1 0 0 13
1 0 0 13
1 0 0 13
1 0 0 13
1 0 0 13
1 0 0 13
1 0 0 12
1 0 0 12
1 0 0 12
1 0 0 12
1 0 0 12
1 0 0 12
1 0 0 12
1 0 0 14
1 0 0 14
1 0 0 14
1 0 0 14
1 0 0 14
1 0 0 14
1 0 0 15
1 0 0 15
1 0 0 15
1 0 0 15
1 0 0 15
1 0 0 15
1 0 0 15
1 0 0 15
1 0 0 15
1 0 0 15
1 0 0 14
1 0 0 14
1 0 0 14
1 0 0 14
1 0 0 12
1 0 0 11
1 0 0 11
1 0 0 10
1 0 0 10
1 0 0 10
1 0 0 16
1 0 0 10
1 0 0 16
1 0 0 16
1 0 0 16
1 0 0 16
1 0 0 16
1 0 0 16
1 0 0 16
1 0 0 16
1 0 0 16
1 0 0 17
1 0 0 17
1 0 0 17
1 0 0 17
1 0 0 17
1 0 0 18
1 0 0 18
1 0 0 18
1 0 0 18
1 0 0 18
1 0 0 18
1 0 0 18
1 0 0 18
1 0 0 18
1 0 0 18
1 0 0 17
1 0 0 17
1 0 0 17
1 0 0 17
1 0 0 17
1 0 0 10
1 0 0 10
1 0 0 10
1 0 0 19
1 0 0 19
1 0 0 19
1 0 0 19
1 0 0 19
1 0 0 19
1 0 0 19
1 0 0 19
1 0 0 19
1 0 0 19
1 0 0 9
1 0 0 9
1 0 0 9
1 0 0 20
1 0 0 20
1 0 0 20
1 0 0 20
1 0 0 20
1 0 0 20
1 0 0 20
1 0 0 20
1 0 0 20
1 0 0 20
1 0 0 9
1 0 0 9
1 0 0 9
1 0 0 9
1 0 0 21
1 0 0 21
1 0 0 21
1 0 0 21
1 0 0 21
1 0 0 21
1 0 0 21
1 0 0 21
1 0 0 21
1 0 0 21
1 0 0 22
1 0 0 22
1 0 0 22
1 0 0 22
1 0 0 22
1 0 0 22
1 0 0 22
1 0 0 22
1 0 0 22
1 0 0 22
1 0 0 23
1 0 0 23
1 0 0 23
1 0 0 23
1 0 0 23
1 0 0 23
1 0 0 23
1 0 0 23
1 0 0 23
1 0 0 23
1 0 0 24
1 0 0 24
1 0 0 24
1 0 0 24
1 0 0 24
1 0 0 24
1 0 0 24
1 0 0 24
1 0 0 24
1 0 0 24
1 0 0 25
1 0 0 25
1 0 0 26
1 0 0 26
1 0 0 26
1 0 0 26
1 0 0 26
1 0 0 26
1 0 0 26
1 0 0 26
1 0 0 26
1 0 0 26
1 0 0 25
1 0 0 25
1 0 0 25
1 0 0 25
1 0 0 25
1 0 0 25
1 0 0 25
1 0 0 25
1 0 0 27
1 0 0 27
1 0 0 27
1 0 0 27
1 0 0 27
1 0 0 27
1 0 0 27
1 0 0 27
1 0 0 27
1 0 0 27
1 0 0 28
1 0 0 28
1 0 0 28
1 0 0 28
1 0 0 28
1 0 0 28
1 0 0 28
1 0 0 28
1 0 0 28
1 0 0 28
1 0 0 29
1 0 0 29
1 0 0 29
1 0 0 29
1 0 0 29
1 0 0 29
1 0 0 29
1 0 0 29
1 0 0 29
1 0 0 29
1 0 0 30
1 0 0 30
1 0 0 30
1 0 0 30
1 0 0 30
1 0 0 30
1 0 0 30
1 0 0 30
1 0 0 30
1 0 0 30
1 0 0 31
1 0 0 31
1 0 0 31
1 0 0 31
1 0 0 32
1 0 0 32
1 0 0 32
1 0 0 32
1 0 0 32
1 0 0 32
1 0 0 32
1 0 0 32
1 0 0 32
1 0 0 32
1 0 0 31
1 0 0 31
1 0 0 31
1 0 0 31
1 0 0 31
1 0 0 31
1 0 0 33
1 0 0 34
1 0 0 34
1 0 0 34
1 0 0 34
1 0 0 34
1 0 0 34
1 0 0 34
1 0 0 34
1 0 0 34
1 0 0 34
1 0 0 35
1 0 0 35
1 0 0 35
1 0 0 35
1 0 0 35
1 0 0 35
1 0 0 35
1 0 0 35
1 0 0 35
1 0 0 35
1 0 0 33
1 0 0 36
1 0 0 36
1 0 0 36
1 0 0 36
1 0 0 36
1 0 0 36
1 0 0 36
1 0 0 36
1 0 0 36
1 0 0 36
1 0 0 33
1 0 0 37
1 0 0 37
1 0 0 37
1 0 0 37
1 0 0 37
1 0 0 37
1 0 0 37
1 0 0 37
1 0 0 37
1 0 0 37
1 0 0 38
1 0 0 38
1 0 0 38
1 0 0 38
1 0 0 38
1 0 0 38
1 0 0 38
1 0 0 38
1 0 0 38
1 0 0 38
1 0 0 39
1 0 0 39
1 0 0 39
1 0 0 39
1 0 0 39
1 0 0 39
1 0 0 39
1 0 0 39
1 0 0 39
1 0 0 39
1 0 0 33
1 0 0 33
1 0 0 33
1 0 0 40
1 0 0 40
1 0 0 40
1 0 0 40
1 0 0 40
1 0 0 40
1 0 0 40
1 0 0 40
1 0 0 40
1 0 0 40
1 0 0 33
1 0 0 33
1 0 0 33
1 0 0 33
1 0 0 41
1 0 0 41
1 0 0 41
1 0 0 41
1 0 0 41
1 0 0 41
1 0 0 41
1 0 0 41
1 0 0 41
1 0 0 41
1 0 0 2
1 0 0 2
1 0 0 42
1 0 0 42
1 0 0 42
1 0 0 42
1 0 0 42
1 0 0 42
1 0 0 42
1 0 0 42
1 0 0 42
1 0 0 42
1 0 0 43
1 0 0 43
1 0 0 43
1 0 0 44
1 0 0 44
1 0 0 44
1 0 0 44
1 0 0 44
1 0 0 44
1 0 0 44
1 0 0 44
1 0 0 44
1 0 0 44
1 0 0 45
1 0 0 45
1 0 0 45
1 0 0 45
1 0 0 45
1 0 0 45
1 0 0 45
1 0 0 45
1 0 0 45
1 0 0 45
1 0 0 46
1 0 0 46
1 0 0 46
1 0 0 47
1 0 0 47
1 0 0 47
1 0 0 47
1 0 0 47
1 0 0 47
1 0 0 48
1 0 0 48
1 0 0 47
1 0 0 48
1 0 0 48
1 0 0 48
1 0 0 48
1 0 0 48
1 0 0 48
1 0 0 48
1 0 0 48
1 0 0 46
1 0 0 46
1 0 0 46
1 0 0 46
1 0 0 46
1 0 0 46
1 0 0 46
1 0 0 43
1 0 0 47
1 0 0 49
1 0 0 49
1 0 0 49
1 0 0 49
1 0 0 49
1 0 0 49
1 0 0 49
1 0 0 49
1 0 0 49
1 0 0 49
1 0 0 47
1 0 0 47
1 0 0 50
1 0 0 50
1 0 0 50
1 0 0 51
1 0 0 51
1 0 0 51
1 0 0 51
1 0 0 51
1 0 0 52
1 0 0 52
1 0 0 52
1 0 0 52
1 0 0 52
1 0 0 52
1 0 0 52
1 0 0 52
1 0 0 52
1 0 0 52
1 0 0 51
1 0 0 51
1 0 0 51
1 0 0 53
1 0 0 53
1 0 0 54
1 0 0 54
1 0 0 54
1 0 0 54
1 0 0 54
1 0 0 54
1 0 0 54
1 0 0 54
1 0 0 54
1 0 0 54
1 0 0 53
1 0 0 53
1 0 0 53
1 0 0 53
1 0 0 53
1 0 0 53
1 0 0 53
1 0 0 53
1 0 0 55
1 0 0 55
1 0 0 55
1 0 0 55
1 0 0 55
1 0 0 55
1 0 0 55
1 0 0 55
1 0 0 55
1 0 0 55
1 0 0 51
1 0 0 51
1 0 0 50
1 0 0 50
1 0 0 50
1 0 0 50
1 0 0 50
1 0 0 50
1 0 0 50
1 0 0 43
1 0 0 43
1 0 0 43
1 0 0 43
1 0 0 43
1 0 0 43
1 0 0 2
1 0 0 2
1 0 0 56
1 0 0 56
1 0 0 56
1 0 0 56
1 0 0 56
1 0 0 56
1 0 0 56
1 0 0 56
1 0 0 56
1 0 0 56
1 0 0 2
1 0 0 57
1 0 0 57
1 0 0 57
1 0 0 57
1 0 0 57
1 0 0 57
1 0 0 57
1 0 0 57
1 0 0 57
1 0 0 57
1 0 0 2
1 0 0 2
1 0 0 2
1 0 0 2
0.1 5 6 -1
0.1 4 571 -1
0.1 3 572 -1
0.1 2 573 -1
0.1 8 9 -1
0.1 7 575 -1
0.1 574 576 -1
0.1 1 577 -1
0.1 578 10 -1
0.1 12 13 -1
0.1 15 16 -1
0.1 19 20 -1
0.1 18 582 -1
0.1 21 22 -1
0.1 584 23 -1
0.1 583 585 -1
0.1 17 586 -1
0.1 25 26 -1
0.1 24 588 -1
0.1 587 589 -1
0.1 581 590 -1
0.1 27 28 -1
0.1 31 32 -1
0.1 30 593 -1
0.1 29 594 -1
0.1 592 595 -1
0.1 33 34 -1
0.1 596 597 -1
0.1 591 598 -1
0.1 14 599 -1
0.1 35 36 -1
0.1 600 601 -1
0.1 580 602 -1
0.1 37 38 -1
0.1 39 40 -1
0.1 605 41 -1
0.1 604 606 -1
0.1 43 44 -1
0.1 42 608 -1
0.1 50 51 -1
0.1 49 610 -1
0.1 48 611 -1
0.1 47 612 -1
0.1 46 613 -1
0.1 45 614 -1
0.1 609 615 -1
0.1 607 616 -1
0.1 603 617 -1
0.1 11 618 -1
0.1 579 619 -1
0.1 52 53 -1
0.1 55 56 -1
0.1 58 59 -1
0.1 60 61 -1
0.1 623 624 -1
0.1 57 625 -1
0.1 622 626 -1
0.1 54 627 -1
0.1 621 628 -1
0.1 62 63 -1
0.1 64 65 -1
0.1 630 631 -1
0.1 632 66 -1
0.1 633 67 -1
0.1 70 71 -1
0.1 69 635 -1
0.1 68 636 -1
0.1 634 637 -1
0.1 73 74 -1
0.1 72 639 -1
0.1 640 75 -1
0.1 76 77 -1
0.1 641 642 -1
0.1 80 81 -1
0.1 79 644 -1
0.1 78 645 -1
0.1 82 83 -1
0.1 84 85 -1
0.1 647 648 -1
0.1 646 649 -1
0.1 86 87 -1
0.1 88 89 -1
0.1 92 93 -1
0.1 91 653 -1
0.1 96 97 -1
0.1 95 655 -1
0.1 94 656 -1
0.1 654 657 -1
0.1 90 658 -1
0.1 652 659 -1
0.1 651 660 -1
0.1 98 99 -1
0.1 100 101 -1
0.1 663 102 -1
0.1 664 103 -1
0.1 662 665 -1
0.1 107 108 -1
0.1 106 667 -1
0.1 668 109 -1
0.1 105 669 -1
0.1 115 116 -1
0.1 114 671 -1
0.1 672 117 -1
0.1 113 673 -1
0.1 674 118 -1
0.1 112 675 -1
0.1 676 119 -1
0.1 111 677 -1
0.1 678 120 -1
0.1 123 124 -1
0.1 122 680 -1
0.1 121 681 -1
0.1 679 682 -1
0.1 110 683 -1
0.1 670 684 -1
0.1 685 125 -1
0.1 104 686 -1
0.1 666 687 -1
0.1 661 688 -1
0.1 126 127 -1
0.1 689 690 -1
0.1 650 691 -1
0.1 129 130 -1
0.1 131 132 -1
0.1 693 694 -1
0.1 134 135 -1
0.1 133 696 -1
0.1 137 138 -1
0.1 136 698 -1
0.1 697 699 -1
0.1 139 140 -1
0.1 701 141 -1
0.1 700 702 -1
0.1 143 144 -1
0.1 704 145 -1
0.1 142 705 -1
0.1 147 148 -1
0.1 150 151 -1
0.1 152 153 -1
0.1 708 709 -1
0.1 154 155 -1
0.1 711 156 -1
0.1 710 712 -1
0.1 149 713 -1
0.1 707 714 -1
0.1 146 715 -1
0.1 716 157 -1
0.1 706 717 -1
0.1 158 159 -1
0.1 160 161 -1
0.1 719 720 -1
0.1 718 721 -1
0.1 703 722 -1
0.1 695 723 -1
0.1 128 724 -1
0.1 692 725 -1
0.1 643 726 -1
0.1 165 166 -1
0.1 170 171 -1
0.1 169 729 -1
0.1 168 730 -1
0.1 167 731 -1
0.1 173 174 -1
0.1 172 733 -1
0.1 732 734 -1
0.1 728 735 -1
0.1 164 736 -1
0.1 163 737 -1
0.1 162 738 -1
0.1 727 739 -1
0.1 638 740 -1
0.1 175 176 -1
0.1 742 177 -1
0.1 178 179 -1
0.1 180 181 -1
0.1 182 183 -1
0.1 184 185 -1
0.1 186 187 -1
0.1 747 748 -1
0.1 746 749 -1
0.1 745 750 -1
0.1 744 751 -1
0.1 188 189 -1
0.1 752 753 -1
0.1 194 195 -1
0.1 196 197 -1
0.1 198 199 -1
0.1 756 757 -1
0.1 755 758 -1
0.1 193 759 -1
0.1 200 201 -1
0.1 760 761 -1
0.1 192 762 -1
0.1 204 205 -1
0.1 203 764 -1
0.1 202 765 -1
0.1 207 208 -1
0.1 206 767 -1
0.1 209 210 -1
0.1 768 769 -1
0.1 766 770 -1
0.1 763 771 -1
0.1 772 211 -1
0.1 191 773 -1
0.1 212 213 -1
0.1 775 214 -1
0.1 215 216 -1
0.1 217 218 -1
0.1 220 221 -1
0.1 219 779 -1
0.1 778 780 -1
0.1 777 781 -1
0.1 776 782 -1
0.1 774 783 -1
0.1 190 784 -1
0.1 754 785 -1
0.1 743 786 -1
0.1 741 787 -1
0.1 222 223 -1
0.1 224 225 -1
0.1 790 226 -1
0.1 791 227 -1
0.1 230 231 -1
0.1 229 793 -1
0.1 228 794 -1
0.1 792 795 -1
0.1 789 796 -1
0.1 788 797 -1
0.1 232 233 -1
0.1 236 237 -1
0.1 235 800 -1
0.1 238 239 -1
0.1 801 802 -1
0.1 240 241 -1
0.1 803 804 -1
0.1 242 243 -1
0.1 805 806 -1
0.1 234 807 -1
0.1 245 246 -1
0.1 244 809 -1
0.1 808 810 -1
0.1 811 247 -1
0.1 249 250 -1
0.1 248 813 -1
0.1 812 814 -1
0.1 799 815 -1
0.1 798 816 -1
0.1 257 258 -1
0.1 818 259 -1
0.1 256 819 -1
0.1 255 820 -1
0.1 254 821 -1
0.1 260 261 -1
0.1 822 823 -1
0.1 253 824 -1
0.1 252 825 -1
0.1 251 826 -1
0.1 817 827 -1
0.1 629 828 -1
0.1 262 263 -1
0.1 830 264 -1
0.1 266 267 -1
0.1 265 832 -1
0.1 833 268 -1
0.1 831 834 -1
0.1 835 269 -1
0.1 836 270 -1
0.1 837 271 -1
0.1 272 273 -1
0.1 274 275 -1
0.1 839 840 -1
0.1 276 277 -1
0.1 841 842 -1
0.1 280 281 -1
0.1 279 844 -1
0.1 278 845 -1
0.1 843 846 -1
0.1 847 282 -1
0.1 848 283 -1
0.1 284 285 -1
0.1 850 286 -1
0.1 289 290 -1
0.1 292 293 -1
0.1 294 295 -1
0.1 853 854 -1
0.1 297 298 -1
0.1 856 299 -1
0.1 296 857 -1
0.1 300 301 -1
0.1 302 303 -1
0.1 304 305 -1
0.1 860 861 -1
0.1 859 862 -1
0.1 863 306 -1
0.1 858 864 -1
0.1 865 307 -1
0.1 309 310 -1
0.1 308 867 -1
0.1 868 311 -1
0.1 866 869 -1
0.1 855 870 -1
0.1 291 871 -1
0.1 852 872 -1
0.1 288 873 -1
0.1 287 874 -1
0.1 851 875 -1
0.1 849 876 -1
0.1 838 877 -1
0.1 313 314 -1
0.1 315 316 -1
0.1 879 880 -1
0.1 318 319 -1
0.1 317 882 -1
0.1 881 883 -1
0.1 320 321 -1
0.1 885 322 -1
0.1 884 886 -1
0.1 323 324 -1
0.1 325 326 -1
0.1 889 327 -1
0.1 888 890 -1
0.1 328 329 -1
0.1 331 332 -1
0.1 330 893 -1
0.1 892 894 -1
0.1 891 895 -1
0.1 896 333 -1
0.1 887 897 -1
0.1 312 898 -1
0.1 336 337 -1
0.1 335 900 -1
0.1 338 339 -1
0.1 340 341 -1
0.1 902 903 -1
0.1 901 904 -1
0.1 334 905 -1
0.1 342 343 -1
0.1 906 907 -1
0.1 345 346 -1
0.1 347 348 -1
0.1 909 910 -1
0.1 349 350 -1
0.1 351 352 -1
0.1 353 354 -1
0.1 913 914 -1
0.1 912 915 -1
0.1 911 916 -1
0.1 344 917 -1
0.1 355 356 -1
0.1 357 358 -1
0.1 919 920 -1
0.1 359 360 -1
0.1 922 361 -1
0.1 362 363 -1
0.1 924 364 -1
0.1 923 925 -1
0.1 921 926 -1
0.1 365 366 -1
0.1 367 368 -1
0.1 928 929 -1
0.1 369 370 -1
0.1 371 372 -1
0.1 931 932 -1
0.1 373 374 -1
0.1 933 934 -1
0.1 930 935 -1
0.1 927 936 -1
0.1 918 937 -1
0.1 908 938 -1
0.1 376 377 -1
0.1 378 379 -1
0.1 941 380 -1
0.1 942 381 -1
0.1 943 382 -1
0.1 384 385 -1
0.1 383 945 -1
0.1 386 387 -1
0.1 946 947 -1
0.1 944 948 -1
0.1 940 949 -1
0.1 389 390 -1
0.1 388 951 -1
0.1 950 952 -1
0.1 375 953 -1
0.1 393 394 -1
0.1 395 396 -1
0.1 956 397 -1
0.1 398 399 -1
0.1 957 958 -1
0.1 400 401 -1
0.1 959 960 -1
0.1 955 961 -1
0.1 392 962 -1
0.1 391 963 -1
0.1 954 964 -1
0.1 939 965 -1
0.1 899 966 -1
0.1 967 402 -1
0.1 878 968 -1
0.1 969 403 -1
0.1 406 407 -1
0.1 971 408 -1
0.1 405 972 -1
0.1 404 973 -1
0.1 410 411 -1
0.1 412 413 -1
0.1 975 976 -1
0.1 409 977 -1
0.1 974 978 -1
0.1 970 979 -1
0.1 829 980 -1
0.1 620 981 -1
0.1 415 416 -1
0.1 414 983 -1
0.1 417 418 -1
0.1 419 420 -1
0.1 421 422 -1
0.1 424 425 -1
0.1 423 988 -1
0.1 987 989 -1
0.1 986 990 -1
0.1 985 991 -1
0.1 427 428 -1
0.1 430 431 -1
0.1 429 994 -1
0.1 432 433 -1
0.1 435 436 -1
0.1 434 997 -1
0.1 996 998 -1
0.1 995 999 -1
0.1 993 1000 -1
0.1 426 1001 -1
0.1 992 1002 -1
0.1 984 1003 -1
0.1 443 444 -1
0.1 442 1005 -1
0.1 1006 445 -1
0.1 441 1007 -1
0.1 440 1008 -1
0.1 446 447 -1
0.1 448 449 -1
0.1 1010 1011 -1
0.1 452 453 -1
0.1 451 1013 -1
0.1 450 1014 -1
0.1 1015 454 -1
0.1 1012 1016 -1
0.1 455 456 -1
0.1 1017 1018 -1
0.1 1009 1019 -1
0.1 1020 457 -1
0.1 439 1021 -1
0.1 438 1022 -1
0.1 437 1023 -1
0.1 458 459 -1
0.1 462 463 -1
0.1 461 1026 -1
0.1 460 1027 -1
0.1 1025 1028 -1
0.1 1024 1029 -1
0.1 467 468 -1
0.1 466 1031 -1
0.1 471 472 -1
0.1 470 1033 -1
0.1 469 1034 -1
0.1 1032 1035 -1
0.1 473 474 -1
0.1 1036 1037 -1
0.1 1038 475 -1
0.1 465 1039 -1
0.1 1040 476 -1
0.1 1041 477 -1
0.1 464 1042 -1
0.1 478 479 -1
0.1 1043 1044 -1
0.1 1030 1045 -1
0.1 483 484 -1
0.1 1047 485 -1
0.1 482 1048 -1
0.1 486 487 -1
0.1 488 489 -1
0.1 490 491 -1
0.1 1051 1052 -1
0.1 492 493 -1
0.1 1053 1054 -1
0.1 1050 1055 -1
0.1 494 495 -1
0.1 1056 1057 -1
0.1 1058 496 -1
0.1 1049 1059 -1
0.1 1060 497 -1
0.1 499 500 -1
0.1 504 505 -1
0.1 503 1063 -1
0.1 502 1064 -1
0.1 501 1065 -1
0.1 1066 506 -1
0.1 1067 507 -1
0.1 508 509 -1
0.1 1069 510 -1
0.1 1068 1070 -1
0.1 511 512 -1
0.1 1071 1072 -1
0.1 513 514 -1
0.1 1073 1074 -1
0.1 1062 1075 -1
0.1 516 517 -1
0.1 1077 518 -1
0.1 515 1078 -1
0.1 521 522 -1
0.1 1080 523 -1
0.1 520 1081 -1
0.1 524 525 -1
0.1 1083 526 -1
0.1 1084 527 -1
0.1 1085 528 -1
0.1 1082 1086 -1
0.1 519 1087 -1
0.1 1079 1088 -1
0.1 1076 1089 -1
0.1 1090 529 -1
0.1 498 1091 -1
0.1 1092 530 -1
0.1 1061 1093 -1
0.1 481 1094 -1
0.1 480 1095 -1
0.1 1096 531 -1
0.1 1097 532 -1
0.1 1098 533 -1
0.1 534 535 -1
0.1 1099 1100 -1
0.1 536 537 -1
0.1 1101 1102 -1
0.1 1046 1103 -1
0.1 538 539 -1
0.1 540 541 -1
0.1 1105 1106 -1
0.1 1107 542 -1
0.1 1104 1108 -1
0.1 1109 543 -1
0.1 1004 1110 -1
0.1 549 550 -1
0.1 548 1112 -1
0.1 547 1113 -1
0.1 546 1114 -1
0.1 554 555 -1
0.1 553 1116 -1
0.1 552 1117 -1
0.1 551 1118 -1
0.1 1115 1119 -1
0.1 545 1120 -1
0.1 558 559 -1
0.1 563 564 -1
0.1 562 1123 -1
0.1 1124 565 -1
0.1 561 1125 -1
0.1 560 1126 -1
0.1 1122 1127 -1
0.1 557 1128 -1
0.1 1129 566 -1
0.1 556 1130 -1
0.1 567 568 -1
0.1 1132 569 -1
0.1 1131 1133 -1
0.1 1134 570 -1
0.1 1121 1135 -1
0.1 544 1136 -1
0.1 1111 1137 -1
0.1 982 1138 -1
