1 0 0 1
1 0 0 1
1 0 0 1
1 0 0 2
1 0 0 2
1 0 0 2
1 0 0 2
1 0 0 2
1 0 0 3
1 0 0 3
1 0 0 3
1 0 0 3
1 0 0 3
1 0 0 1
1 0 0 1
1 0 0 4
1 0 0 4
1 0 0 4
1 0 0 4
1 0 0 4
1 0 0 5
1 0 0 5
1 0 0 5
1 0 0 5
1 0 0 5
1 0 0 6
1 0 0 6
1 0 0 6
1 0 0 6
1 0 0 6
1 0 0 7
1 0 0 7
1 0 0 7
1 0 0 7
1 0 0 7
1 0 0 8
1 0 0 8
1 0 0 8
1 0 0 8
1 0 0 8
1 0 0 9
1 0 0 9
1 0 0 10
1 0 0 10
1 0 0 10
1 0 0 10
1 0 0 9
1 0 0 9
1 0 0 9
1 0 0 10
0.1 1 2 -1
0.1 5 6 -1
0.1 52 7 -1
0.1 53 8 -1
0.1 4 54 -1
0.1 9 10 -1
0.1 11 12 -1
0.1 57 13 -1
0.1 56 58 -1
0.1 55 59 -1
0.1 60 14 -1
0.1 3 61 -1
0.1 17 18 -1
0.1 63 19 -1
0.1 64 20 -1
0.1 16 65 -1
0.1 15 66 -1
0.1 21 22 -1
0.1 24 25 -1
0.1 23 69 -1
0.1 68 70 -1
0.1 67 71 -1
0.1 62 72 -1
0.1 51 73 -1
0.1 29 30 -1
0.1 28 75 -1
0.1 27 76 -1
0.1 26 77 -1
0.1 32 33 -1
0.1 79 34 -1
0.1 80 35 -1
0.1 31 81 -1
0.1 78 82 -1
0.1 74 83 -1
0.1 36 37 -1
0.1 38 39 -1
0.1 86 40 -1
0.1 85 87 -1
0.1 45 46 -1
0.1 44 89 -1
0.1 43 90 -1
0.1 91 47 -1
0.1 42 92 -1
0.1 93 48 -1
0.1 94 49 -1
0.1 41 95 -1
0.1 88 96 -1
0.1 97 50 -1
0.1 84 98 -1
