1 0 0 1
1 0 0 2
1 0 0 2
1 0 0 2
1 0 0 3
1 0 0 3
1 0 0 3
1 0 0 3
1 0 0 3
1 0 0 4
1 0 0 4
1 0 0 4
1 0 0 4
1 0 0 4
1 0 0 2
1 0 0 5
1 0 0 5
1 0 0 5
1 0 0 5
1 0 0 5
1 0 0 6
1 0 0 6
1 0 0 6
1 0 0 6
1 0 0 6
1 0 0 2
1 0 0 1
1 0 0 1
1 0 0 7
1 0 0 7
1 0 0 7
1 0 0 7
1 0 0 7
1 0 0 8
1 0 0 8
1 0 0 8
1 0 0 8
1 0 0 8
1 0 0 1
1 0 0 9
1 0 0 9
1 0 0 9
1 0 0 9
1 0 0 9
1 0 0 1
1 0 0 10
1 0 0 10
1 0 0 10
1 0 0 10
1 0 0 10
0.1 2 3 -1
0.1 6 7 -1
0.1 5 52 -1
0.1 8 9 -1
0.1 53 54 -1
0.1 10 11 -1
0.1 56 12 -1
0.1 13 14 -1
0.1 57 58 -1
0.1 55 59 -1
0.1 60 15 -1
0.1 4 61 -1
0.1 17 18 -1
0.1 19 20 -1
0.1 63 64 -1
0.1 16 65 -1
0.1 24 25 -1
0.1 23 67 -1
0.1 22 68 -1
0.1 21 69 -1
0.1 70 26 -1
0.1 66 71 -1
0.1 62 72 -1
0.1 51 73 -1
0.1 1 74 -1
0.1 31 32 -1
0.1 76 33 -1
0.1 30 77 -1
0.1 29 78 -1
0.1 37 38 -1
0.1 36 80 -1
0.1 35 81 -1
0.1 34 82 -1
0.1 79 83 -1
0.1 84 39 -1
0.1 28 85 -1
0.1 40 41 -1
0.1 87 42 -1
0.1 43 44 -1
0.1 88 89 -1
0.1 90 45 -1
0.1 86 91 -1
0.1 27 92 -1
0.1 48 49 -1
0.1 94 50 -1
0.1 47 95 -1
0.1 46 96 -1
0.1 93 97 -1
0.1 75 98 -1
