1 0 0 1
1 0 0 1
1 0 0 1
1 0 0 1
1 0 0 1
1 0 0 2
1 0 0 2
1 0 0 2
1 0 0 2
1 0 0 3
1 0 0 3
1 0 0 3
1 0 0 3
1 0 0 3
1 0 0 4
1 0 0 4
1 0 0 4
1 0 0 4
1 0 0 4
1 0 0 5
1 0 0 5
1 0 0 5
1 0 0 6
1 0 0 6
1 0 0 2
1 0 0 7
1 0 0 7
1 0 0 7
1 0 0 7
1 0 0 7
1 0 0 6
1 0 0 8
1 0 0 8
1 0 0 8
1 0 0 8
1 0 0 8
1 0 0 6
1 0 0 9
1 0 0 9
1 0 0 9
1 0 0 9
1 0 0 9
1 0 0 10
1 0 0 10
1 0 0 10
1 0 0 10
1 0 0 10
1 0 0 6
1 0 0 5
1 0 0 5
0.1 1 2 -1
0.1 3 4 -1
0.1 52 5 -1
0.1 51 53 -1
0.1 8 9 -1
0.1 7 55 -1
0.1 6 56 -1
0.1 13 14 -1
0.1 12 58 -1
0.1 11 59 -1
0.1 10 60 -1
0.1 16 17 -1
0.1 15 62 -1
0.1 18 19 -1
0.1 63 64 -1
0.1 61 65 -1
0.1 57 66 -1
0.1 54 67 -1
0.1 21 22 -1
0.1 23 24 -1
0.1 26 27 -1
0.1 29 30 -1
0.1 28 72 -1
0.1 71 73 -1
0.1 34 35 -1
0.1 33 75 -1
0.1 76 36 -1
0.1 32 77 -1
0.1 31 78 -1
0.1 74 79 -1
0.1 39 40 -1
0.1 38 81 -1
0.1 82 41 -1
0.1 83 42 -1
0.1 45 46 -1
0.1 85 47 -1
0.1 44 86 -1
0.1 43 87 -1
0.1 84 88 -1
0.1 89 48 -1
0.1 37 90 -1
0.1 80 91 -1
0.1 25 92 -1
0.1 70 93 -1
0.1 94 49 -1
0.1 69 95 -1
0.1 20 96 -1
0.1 97 50 -1
0.1 68 98 -1
