1 0 0 1
1 0 0 1
1 0 0 1
1 0 0 1
1 0 0 1
1 0 0 1
1 0 0 1
1 0 0 1
1 0 0 1
1 0 0 2
1 0 0 2
1 0 0 2
1 0 0 2
1 0 0 2
1 0 0 2
1 0 0 2
1 0 0 2
1 0 0 3
1 0 0 3
1 0 0 3
1 0 0 3
1 0 0 3
1 0 0 3
1 0 0 3
1 0 0 3
1 0 0 3
1 0 0 3
1 0 0 4
1 0 0 4
1 0 0 4
1 0 0 4
1 0 0 4
1 0 0 4
1 0 0 4
1 0 0 4
1 0 0 4
1 0 0 4
1 0 0 2
1 0 0 2
1 0 0 5
1 0 0 5
1 0 0 5
1 0 0 5
1 0 0 5
1 0 0 5
1 0 0 5
1 0 0 5
1 0 0 5
1 0 0 5
1 0 0 1
1 0 0 6
1 0 0 6
1 0 0 6
1 0 0 6
1 0 0 6
1 0 0 6
1 0 0 6
1 0 0 6
1 0 0 7
1 0 0 7
1 0 0 7
1 0 0 7
1 0 0 7
1 0 0 7
1 0 0 7
1 0 0 7
1 0 0 7
1 0 0 7
1 0 0 6
1 0 0 8
1 0 0 8
1 0 0 8
1 0 0 8
1 0 0 8
1 0 0 8
1 0 0 8
1 0 0 8
1 0 0 8
1 0 0 6
1 0 0 8
0.1 1 2 -1
0.1 4 5 -1
0.1 6 7 -1
0.1 82 83 -1
0.1 3 84 -1
0.1 10 11 -1
0.1 12 13 -1
0.1 15 16 -1
0.1 14 88 -1
0.1 87 89 -1
0.1 19 20 -1
0.1 91 21 -1
0.1 18 92 -1
0.1 22 23 -1
0.1 93 94 -1
0.1 24 25 -1
0.1 26 27 -1
0.1 96 97 -1
0.1 95 98 -1
0.1 28 29 -1
0.1 32 33 -1
0.1 31 101 -1
0.1 30 102 -1
0.1 34 35 -1
0.1 104 36 -1
0.1 103 105 -1
0.1 106 37 -1
0.1 100 107 -1
0.1 99 108 -1
0.1 109 38 -1
0.1 17 110 -1
0.1 111 39 -1
0.1 90 112 -1
0.1 86 113 -1
0.1 42 43 -1
0.1 44 45 -1
0.1 115 116 -1
0.1 41 117 -1
0.1 47 48 -1
0.1 46 119 -1
0.1 120 49 -1
0.1 118 121 -1
0.1 40 122 -1
0.1 114 123 -1
0.1 124 50 -1
0.1 9 125 -1
0.1 8 126 -1
0.1 85 127 -1
0.1 81 128 -1
0.1 129 51 -1
0.1 130 52 -1
0.1 54 55 -1
0.1 56 57 -1
0.1 133 58 -1
0.1 132 134 -1
0.1 53 135 -1
0.1 60 61 -1
0.1 63 64 -1
0.1 62 138 -1
0.1 139 65 -1
0.1 140 66 -1
0.1 141 67 -1
0.1 137 142 -1
0.1 143 68 -1
0.1 59 144 -1
0.1 69 70 -1
0.1 146 71 -1
0.1 73 74 -1
0.1 72 148 -1
0.1 147 149 -1
0.1 75 76 -1
0.1 77 78 -1
0.1 151 152 -1
0.1 79 80 -1
0.1 153 154 -1
0.1 150 155 -1
0.1 145 156 -1
0.1 136 157 -1
0.1 131 158 -1
