1 0 0 1
1 0 0 1
1 0 0 1
1 0 0 1
1 0 0 2
1 0 0 2
1 0 0 2
1 0 0 2
1 0 0 2
1 0 0 2
1 0 0 2
1 0 0 2
1 0 0 2
1 0 0 2
1 0 0 1
1 0 0 1
1 0 0 1
1 0 0 3
1 0 0 3
1 0 0 3
1 0 0 3
1 0 0 3
1 0 0 3
1 0 0 3
1 0 0 3
1 0 0 3
1 0 0 3
1 0 0 1
1 0 0 4
1 0 0 4
1 0 0 4
1 0 0 4
1 0 0 4
1 0 0 4
1 0 0 4
1 0 0 4
1 0 0 4
1 0 0 4
1 0 0 1
1 0 0 5
1 0 0 6
1 0 0 6
1 0 0 6
1 0 0 6
1 0 0 6
1 0 0 6
1 0 0 6
1 0 0 6
1 0 0 6
1 0 0 6
1 0 0 7
1 0 0 7
1 0 0 7
1 0 0 7
1 0 0 7
1 0 0 7
1 0 0 7
1 0 0 7
1 0 0 7
1 0 0 7
1 0 0 5
1 0 0 5
1 0 0 8
1 0 0 8
1 0 0 8
1 0 0 8
1 0 0 8
1 0 0 8
1 0 0 9
1 0 0 9
1 0 0 9
1 0 0 9
1 0 0 9
1 0 0 9
1 0 0 9
1 0 0 9
1 0 0 8
1 0 0 8
1 0 0 8
1 0 0 9
1 0 0 9
1 0 0 8
1 0 0 10
1 0 0 10
1 0 0 10
1 0 0 10
1 0 0 10
1 0 0 10
1 0 0 10
1 0 0 10
1 0 0 10
1 0 0 11
1 0 0 12
1 0 0 12
1 0 0 12
1 0 0 12
1 0 0 12
1 0 0 12
1 0 0 12
1 0 0 12
1 0 0 12
1 0 0 12
1 0 0 11
1 0 0 11
1 0 0 13
1 0 0 13
1 0 0 13
1 0 0 13
1 0 0 13
1 0 0 13
1 0 0 13
1 0 0 13
1 0 0 13
1 0 0 13
1 0 0 11
1 0 0 11
1 0 0 11
1 0 0 11
1 0 0 11
1 0 0 14
1 0 0 15
1 0 0 15
1 0 0 15
1 0 0 15
1 0 0 15
1 0 0 15
1 0 0 15
1 0 0 15
1 0 0 15
1 0 0 15
1 0 0 14
1 0 0 14
1 0 0 14
1 0 0 14
1 0 0 14
1 0 0 14
1 0 0 14
1 0 0 14
1 0 0 14
1 0 0 11
1 0 0 11
1 0 0 16
1 0 0 16
1 0 0 16
1 0 0 16
1 0 0 16
1 0 0 16
1 0 0 16
1 0 0 16
1 0 0 16
1 0 0 16
1 0 0 17
1 0 0 17
1 0 0 17
1 0 0 17
1 0 0 17
1 0 0 17
1 0 0 17
1 0 0 17
1 0 0 17
1 0 0 17
1 0 0 18
1 0 0 18
1 0 0 18
1 0 0 18
1 0 0 18
1 0 0 18
1 0 0 18
1 0 0 18
1 0 0 18
1 0 0 18
1 0 0 5
1 0 0 5
1 0 0 19
1 0 0 19
1 0 0 19
1 0 0 19
1 0 0 19
1 0 0 19
1 0 0 19
1 0 0 19
1 0 0 19
1 0 0 19
1 0 0 20
1 0 0 20
1 0 0 20
1 0 0 21
1 0 0 21
1 0 0 21
1 0 0 21
1 0 0 21
1 0 0 21
1 0 0 21
1 0 0 21
1 0 0 21
1 0 0 21
1 0 0 20
1 0 0 20
1 0 0 20
1 0 0 20
1 0 0 20
1 0 0 20
1 0 0 20
1 0 0 5
1 0 0 22
1 0 0 22
1 0 0 22
1 0 0 22
1 0 0 22
1 0 0 22
1 0 0 22
1 0 0 22
1 0 0 22
1 0 0 22
1 0 0 5
1 0 0 5
1 0 0 5
1 0 0 5
1 0 0 23
1 0 0 23
1 0 0 23
1 0 0 23
1 0 0 24
1 0 0 24
1 0 0 25
1 0 0 25
1 0 0 25
1 0 0 25
1 0 0 26
1 0 0 26
1 0 0 26
1 0 0 26
1 0 0 25
1 0 0 25
1 0 0 25
1 0 0 25
1 0 0 25
1 0 0 25
1 0 0 24
1 0 0 24
1 0 0 24
1 0 0 24
1 0 0 24
1 0 0 24
1 0 0 24
1 0 0 24
1 0 0 26
1 0 0 26
1 0 0 26
1 0 0 26
1 0 0 26
1 0 0 26
1 0 0 23
1 0 0 23
1 0 0 23
1 0 0 23
1 0 0 23
1 0 0 23
1 0 0 10
1 0 0 1
0.1 1 2 -1
0.1 5 6 -1
0.1 7 8 -1
0.1 263 9 -1
0.1 264 10 -1
0.1 13 14 -1
0.1 12 266 -1
0.1 11 267 -1
0.1 265 268 -1
0.1 262 269 -1
0.1 4 270 -1
0.1 3 271 -1
0.1 15 16 -1
0.1 272 273 -1
0.1 261 274 -1
0.1 19 20 -1
0.1 18 276 -1
0.1 22 23 -1
0.1 24 25 -1
0.1 278 279 -1
0.1 26 27 -1
0.1 280 281 -1
0.1 21 282 -1
0.1 277 283 -1
0.1 17 284 -1
0.1 275 285 -1
0.1 286 28 -1
0.1 30 31 -1
0.1 29 288 -1
0.1 33 34 -1
0.1 32 290 -1
0.1 35 36 -1
0.1 291 292 -1
0.1 37 38 -1
0.1 293 294 -1
0.1 289 295 -1
0.1 296 39 -1
0.1 287 297 -1
0.1 298 40 -1
0.1 43 44 -1
0.1 42 300 -1
0.1 46 47 -1
0.1 45 302 -1
0.1 301 303 -1
0.1 304 48 -1
0.1 49 50 -1
0.1 305 306 -1
0.1 41 307 -1
0.1 52 53 -1
0.1 51 309 -1
0.1 310 54 -1
0.1 59 60 -1
0.1 58 312 -1
0.1 57 313 -1
0.1 56 314 -1
0.1 55 315 -1
0.1 311 316 -1
0.1 61 62 -1
0.1 317 318 -1
0.1 308 319 -1
0.1 299 320 -1
0.1 63 64 -1
0.1 322 65 -1
0.1 66 67 -1
0.1 324 68 -1
0.1 323 325 -1
0.1 70 71 -1
0.1 74 75 -1
0.1 73 328 -1
0.1 329 76 -1
0.1 72 330 -1
0.1 327 331 -1
0.1 69 332 -1
0.1 77 78 -1
0.1 334 79 -1
0.1 80 81 -1
0.1 335 336 -1
0.1 333 337 -1
0.1 338 82 -1
0.1 326 339 -1
0.1 84 85 -1
0.1 86 87 -1
0.1 341 342 -1
0.1 83 343 -1
0.1 344 88 -1
0.1 345 89 -1
0.1 346 90 -1
0.1 347 91 -1
0.1 340 348 -1
0.1 93 94 -1
0.1 95 96 -1
0.1 350 351 -1
0.1 100 101 -1
0.1 99 353 -1
0.1 354 102 -1
0.1 98 355 -1
0.1 97 356 -1
0.1 352 357 -1
0.1 105 106 -1
0.1 108 109 -1
0.1 360 110 -1
0.1 107 361 -1
0.1 359 362 -1
0.1 113 114 -1
0.1 112 364 -1
0.1 111 365 -1
0.1 363 366 -1
0.1 104 367 -1
0.1 103 368 -1
0.1 358 369 -1
0.1 92 370 -1
0.1 116 117 -1
0.1 118 119 -1
0.1 121 122 -1
0.1 123 124 -1
0.1 375 125 -1
0.1 126 127 -1
0.1 128 129 -1
0.1 377 378 -1
0.1 376 379 -1
0.1 380 130 -1
0.1 374 381 -1
0.1 131 132 -1
0.1 133 134 -1
0.1 383 384 -1
0.1 137 138 -1
0.1 136 386 -1
0.1 387 139 -1
0.1 135 388 -1
0.1 385 389 -1
0.1 382 390 -1
0.1 120 391 -1
0.1 373 392 -1
0.1 372 393 -1
0.1 115 394 -1
0.1 371 395 -1
0.1 140 141 -1
0.1 143 144 -1
0.1 145 146 -1
0.1 398 399 -1
0.1 400 147 -1
0.1 148 149 -1
0.1 150 151 -1
0.1 402 403 -1
0.1 401 404 -1
0.1 142 405 -1
0.1 152 153 -1
0.1 156 157 -1
0.1 155 408 -1
0.1 158 159 -1
0.1 409 410 -1
0.1 154 411 -1
0.1 160 161 -1
0.1 412 413 -1
0.1 407 414 -1
0.1 406 415 -1
0.1 397 416 -1
0.1 396 417 -1
0.1 162 163 -1
0.1 418 419 -1
0.1 420 164 -1
0.1 166 167 -1
0.1 165 422 -1
0.1 168 169 -1
0.1 170 171 -1
0.1 424 425 -1
0.1 423 426 -1
0.1 421 427 -1
0.1 349 428 -1
0.1 321 429 -1
0.1 176 177 -1
0.1 175 431 -1
0.1 174 432 -1
0.1 179 180 -1
0.1 178 434 -1
0.1 181 182 -1
0.1 435 436 -1
0.1 433 437 -1
0.1 438 183 -1
0.1 185 186 -1
0.1 184 440 -1
0.1 439 441 -1
0.1 188 189 -1
0.1 443 190 -1
0.1 191 192 -1
0.1 444 445 -1
0.1 187 446 -1
0.1 193 194 -1
0.1 195 196 -1
0.1 448 449 -1
0.1 447 450 -1
0.1 197 198 -1
0.1 451 452 -1
0.1 200 201 -1
0.1 199 454 -1
0.1 455 202 -1
0.1 456 203 -1
0.1 453 457 -1
0.1 442 458 -1
0.1 173 459 -1
0.1 172 460 -1
0.1 208 209 -1
0.1 207 462 -1
0.1 206 463 -1
0.1 464 210 -1
0.1 211 212 -1
0.1 465 466 -1
0.1 205 467 -1
0.1 213 214 -1
0.1 468 469 -1
0.1 204 470 -1
0.1 461 471 -1
0.1 215 216 -1
0.1 217 218 -1
0.1 473 474 -1
0.1 472 475 -1
0.1 219 220 -1
0.1 221 222 -1
0.1 477 478 -1
0.1 223 224 -1
0.1 230 231 -1
0.1 481 232 -1
0.1 229 482 -1
0.1 483 233 -1
0.1 234 235 -1
0.1 484 485 -1
0.1 228 486 -1
0.1 227 487 -1
0.1 237 238 -1
0.1 236 489 -1
0.1 488 490 -1
0.1 226 491 -1
0.1 225 492 -1
0.1 241 242 -1
0.1 240 494 -1
0.1 239 495 -1
0.1 244 245 -1
0.1 243 497 -1
0.1 496 498 -1
0.1 249 250 -1
0.1 248 500 -1
0.1 247 501 -1
0.1 246 502 -1
0.1 499 503 -1
0.1 493 504 -1
0.1 480 505 -1
0.1 506 251 -1
0.1 507 252 -1
0.1 254 255 -1
0.1 509 256 -1
0.1 253 510 -1
0.1 257 258 -1
0.1 511 512 -1
0.1 508 513 -1
0.1 479 514 -1
0.1 259 260 -1
0.1 515 516 -1
0.1 476 517 -1
0.1 430 518 -1
