1 0 0 1
1 0 0 1
1 0 0 2
1 0 0 2
1 0 0 2
1 0 0 2
1 0 0 2
1 0 0 1
1 0 0 1
1 0 0 3
1 0 0 3
1 0 0 3
1 0 0 3
1 0 0 3
1 0 0 4
1 0 0 5
1 0 0 6
1 0 0 6
1 0 0 6
1 0 0 6
1 0 0 6
1 0 0 7
1 0 0 7
1 0 0 7
1 0 0 7
1 0 0 7
1 0 0 8
1 0 0 8
1 0 0 9
1 0 0 9
1 0 0 9
1 0 0 9
1 0 0 9
1 0 0 10
1 0 0 10
1 0 0 10
1 0 0 10
1 0 0 10
1 0 0 8
1 0 0 8
1 0 0 8
1 0 0 5
1 0 0 5
1 0 0 5
1 0 0 11
1 0 0 11
1 0 0 11
1 0 0 11
1 0 0 11
1 0 0 12
1 0 0 12
1 0 0 12
1 0 0 12
1 0 0 12
1 0 0 13
1 0 0 13
1 0 0 13
1 0 0 13
1 0 0 13
1 0 0 5
1 0 0 14
1 0 0 14
1 0 0 14
1 0 0 14
1 0 0 14
1 0 0 4
1 0 0 4
1 0 0 15
1 0 0 16
1 0 0 16
1 0 0 16
1 0 0 16
1 0 0 16
1 0 0 15
1 0 0 15
1 0 0 15
1 0 0 15
1 0 0 17
1 0 0 17
1 0 0 18
1 0 0 18
1 0 0 18
1 0 0 18
1 0 0 18
1 0 0 17
1 0 0 19
1 0 0 19
1 0 0 19
1 0 0 19
1 0 0 19
1 0 0 17
1 0 0 20
1 0 0 20
1 0 0 20
1 0 0 20
1 0 0 20
1 0 0 21
1 0 0 21
1 0 0 21
1 0 0 21
1 0 0 21
1 0 0 17
1 0 0 4
1 0 0 4
1 0 0 22
1 0 0 22
1 0 0 22
1 0 0 22
1 0 0 23
1 0 0 24
1 0 0 25
1 0 0 25
1 0 0 25
1 0 0 25
1 0 0 25
1 0 0 24
1 0 0 24
1 0 0 24
1 0 0 24
1 0 0 23
1 0 0 23
1 0 0 26
1 0 0 23
1 0 0 26
1 0 0 27
1 0 0 27
1 0 0 27
1 0 0 27
1 0 0 27
1 0 0 28
1 0 0 28
1 0 0 28
1 0 0 28
1 0 0 28
1 0 0 26
1 0 0 26
1 0 0 26
1 0 0 23
1 0 0 22
1 0 0 1
0.1 5 6 -1
0.1 4 141 -1
0.1 142 7 -1
0.1 3 143 -1
0.1 2 144 -1
0.1 1 145 -1
0.1 146 8 -1
0.1 10 11 -1
0.1 13 14 -1
0.1 17 18 -1
0.1 19 20 -1
0.1 151 21 -1
0.1 150 152 -1
0.1 22 23 -1
0.1 24 25 -1
0.1 154 155 -1
0.1 156 26 -1
0.1 153 157 -1
0.1 16 158 -1
0.1 27 28 -1
0.1 30 31 -1
0.1 32 33 -1
0.1 161 162 -1
0.1 29 163 -1
0.1 35 36 -1
0.1 34 165 -1
0.1 37 38 -1
0.1 166 167 -1
0.1 164 168 -1
0.1 160 169 -1
0.1 40 41 -1
0.1 39 171 -1
0.1 170 172 -1
0.1 159 173 -1
0.1 43 44 -1
0.1 47 48 -1
0.1 46 176 -1
0.1 45 177 -1
0.1 178 49 -1
0.1 50 51 -1
0.1 53 54 -1
0.1 52 181 -1
0.1 56 57 -1
0.1 55 183 -1
0.1 58 59 -1
0.1 184 185 -1
0.1 182 186 -1
0.1 180 187 -1
0.1 179 188 -1
0.1 175 189 -1
0.1 42 190 -1
0.1 61 62 -1
0.1 64 65 -1
0.1 63 193 -1
0.1 192 194 -1
0.1 60 195 -1
0.1 191 196 -1
0.1 174 197 -1
0.1 15 198 -1
0.1 149 199 -1
0.1 12 200 -1
0.1 148 201 -1
0.1 71 72 -1
0.1 70 203 -1
0.1 204 73 -1
0.1 69 205 -1
0.1 68 206 -1
0.1 75 76 -1
0.1 74 208 -1
0.1 209 77 -1
0.1 207 210 -1
0.1 67 211 -1
0.1 66 212 -1
0.1 83 84 -1
0.1 82 214 -1
0.1 81 215 -1
0.1 80 216 -1
0.1 89 90 -1
0.1 88 218 -1
0.1 87 219 -1
0.1 86 220 -1
0.1 85 221 -1
0.1 217 222 -1
0.1 79 223 -1
0.1 92 93 -1
0.1 225 94 -1
0.1 95 96 -1
0.1 226 227 -1
0.1 99 100 -1
0.1 98 229 -1
0.1 230 101 -1
0.1 97 231 -1
0.1 232 102 -1
0.1 228 233 -1
0.1 91 234 -1
0.1 224 235 -1
0.1 78 236 -1
0.1 213 237 -1
0.1 103 104 -1
0.1 238 239 -1
0.1 202 240 -1
0.1 9 241 -1
0.1 147 242 -1
0.1 107 108 -1
0.1 106 244 -1
0.1 105 245 -1
0.1 112 113 -1
0.1 114 115 -1
0.1 247 248 -1
0.1 111 249 -1
0.1 116 117 -1
0.1 250 251 -1
0.1 252 118 -1
0.1 110 253 -1
0.1 254 119 -1
0.1 120 121 -1
0.1 255 256 -1
0.1 257 122 -1
0.1 109 258 -1
0.1 259 123 -1
0.1 126 127 -1
0.1 125 261 -1
0.1 262 128 -1
0.1 263 129 -1
0.1 130 131 -1
0.1 132 133 -1
0.1 266 134 -1
0.1 265 267 -1
0.1 264 268 -1
0.1 124 269 -1
0.1 135 136 -1
0.1 270 271 -1
0.1 272 137 -1
0.1 260 273 -1
0.1 274 138 -1
0.1 246 275 -1
0.1 276 139 -1
0.1 277 140 -1
0.1 243 278 -1
