1 0 0 1
1 0 0 2
1 0 0 1
1 0 0 1
1 0 0 1
1 0 0 1
1 0 0 1
1 0 0 3
1 0 0 4
1 0 0 1
1 0 0 1
1 0 0 1
1 0 0 5
1 0 0 5
1 0 0 5
1 0 0 5
1 0 0 5
1 0 0 5
1 0 0 5
1 0 0 5
1 0 0 5
1 0 0 5
1 0 0 6
1 0 0 6
1 0 0 6
1 0 0 6
1 0 0 6
1 0 0 6
1 0 0 6
1 0 0 6
1 0 0 6
1 0 0 6
1 0 0 7
1 0 0 8
1 0 0 8
1 0 0 8
1 0 0 8
1 0 0 8
1 0 0 8
1 0 0 8
1 0 0 8
1 0 0 8
1 0 0 8
1 0 0 7
1 0 0 7
1 0 0 9
1 0 0 1
1 0 0 9
1 0 0 9
1 0 0 9
1 0 0 9
1 0 0 9
1 0 0 9
1 0 0 9
1 0 0 9
1 0 0 9
1 0 0 7
1 0 0 7
1 0 0 7
1 0 0 7
1 0 0 7
1 0 0 7
1 0 0 7
1 0 0 4
1 0 0 4
1 0 0 4
1 0 0 10
1 0 0 10
1 0 0 10
1 0 0 10
1 0 0 10
1 0 0 10
1 0 0 10
1 0 0 10
1 0 0 10
1 0 0 10
1 0 0 4
1 0 0 4
1 0 0 4
1 0 0 2
1 0 0 2
1 0 0 2
1 0 0 2
1 0 0 2
1 0 0 2
1 0 0 2
1 0 0 2
1 0 0 2
1 0 0 11
1 0 0 11
1 0 0 11
1 0 0 11
1 0 0 11
1 0 0 11
1 0 0 11
1 0 0 11
1 0 0 11
1 0 0 11
1 0 0 3
1 0 0 3
1 0 0 3
1 0 0 3
1 0 0 3
1 0 0 3
1 0 0 12
1 0 0 12
1 0 0 12
1 0 0 12
1 0 0 12
1 0 0 12
1 0 0 12
1 0 0 12
1 0 0 12
1 0 0 12
1 0 0 3
1 0 0 3
1 0 0 3
1 0 0 13
1 0 0 13
1 0 0 13
1 0 0 13
1 0 0 13
1 0 0 13
1 0 0 13
1 0 0 13
1 0 0 13
1 0 0 13
1 0 0 4
1 0 0 4
1 0 0 4
0.1 2 3 -1
0.1 1 131 -1
0.1 6 7 -1
0.1 5 133 -1
0.1 4 134 -1
0.1 135 8 -1
0.1 136 9 -1
0.1 132 137 -1
0.1 11 12 -1
0.1 10 139 -1
0.1 13 14 -1
0.1 141 15 -1
0.1 16 17 -1
0.1 18 19 -1
0.1 21 22 -1
0.1 20 145 -1
0.1 144 146 -1
0.1 143 147 -1
0.1 142 148 -1
0.1 140 149 -1
0.1 24 25 -1
0.1 151 26 -1
0.1 23 152 -1
0.1 27 28 -1
0.1 29 30 -1
0.1 155 31 -1
0.1 156 32 -1
0.1 154 157 -1
0.1 153 158 -1
0.1 159 33 -1
0.1 35 36 -1
0.1 161 37 -1
0.1 34 162 -1
0.1 38 39 -1
0.1 40 41 -1
0.1 42 43 -1
0.1 165 166 -1
0.1 164 167 -1
0.1 163 168 -1
0.1 169 44 -1
0.1 170 45 -1
0.1 48 49 -1
0.1 47 172 -1
0.1 46 173 -1
0.1 51 52 -1
0.1 50 175 -1
0.1 53 54 -1
0.1 176 177 -1
0.1 55 56 -1
0.1 178 179 -1
0.1 174 180 -1
0.1 181 57 -1
0.1 171 182 -1
0.1 60 61 -1
0.1 184 62 -1
0.1 59 185 -1
0.1 58 186 -1
0.1 187 63 -1
0.1 183 188 -1
0.1 160 189 -1
0.1 150 190 -1
0.1 191 64 -1
0.1 138 192 -1
0.1 65 66 -1
0.1 68 69 -1
0.1 195 70 -1
0.1 72 73 -1
0.1 74 75 -1
0.1 197 198 -1
0.1 71 199 -1
0.1 196 200 -1
0.1 201 76 -1
0.1 67 202 -1
0.1 81 82 -1
0.1 83 84 -1
0.1 204 205 -1
0.1 80 206 -1
0.1 207 85 -1
0.1 86 87 -1
0.1 208 209 -1
0.1 79 210 -1
0.1 78 211 -1
0.1 77 212 -1
0.1 203 213 -1
0.1 88 89 -1
0.1 90 91 -1
0.1 215 216 -1
0.1 92 93 -1
0.1 94 95 -1
0.1 218 219 -1
0.1 97 98 -1
0.1 96 221 -1
0.1 220 222 -1
0.1 99 100 -1
0.1 103 104 -1
0.1 102 225 -1
0.1 101 226 -1
0.1 224 227 -1
0.1 105 106 -1
0.1 228 229 -1
0.1 109 110 -1
0.1 108 231 -1
0.1 107 232 -1
0.1 230 233 -1
0.1 112 113 -1
0.1 235 114 -1
0.1 111 236 -1
0.1 234 237 -1
0.1 223 238 -1
0.1 239 115 -1
0.1 118 119 -1
0.1 121 122 -1
0.1 120 242 -1
0.1 243 123 -1
0.1 124 125 -1
0.1 245 126 -1
0.1 244 246 -1
0.1 241 247 -1
0.1 117 248 -1
0.1 249 127 -1
0.1 116 250 -1
0.1 240 251 -1
0.1 217 252 -1
0.1 129 130 -1
0.1 128 254 -1
0.1 253 255 -1
0.1 214 256 -1
0.1 194 257 -1
0.1 193 258 -1
