1 0 0 1
1 0 0 1
1 0 0 1
1 0 0 1
1 0 0 1
1 0 0 1
1 0 0 1
1 0 0 2
1 0 0 2
1 0 0 2
1 0 0 2
1 0 0 2
1 0 0 2
1 0 0 2
1 0 0 2
1 0 0 2
1 0 0 2
1 0 0 3
1 0 0 3
1 0 0 3
1 0 0 3
1 0 0 3
1 0 0 3
1 0 0 3
1 0 0 3
1 0 0 3
1 0 0 3
1 0 0 4
1 0 0 4
1 0 0 4
1 0 0 4
1 0 0 4
1 0 0 4
1 0 0 4
1 0 0 4
1 0 0 4
1 0 0 4
1 0 0 5
1 0 0 5
1 0 0 5
1 0 0 5
1 0 0 5
1 0 0 5
1 0 0 5
1 0 0 5
1 0 0 5
1 0 0 6
1 0 0 6
1 0 0 6
1 0 0 6
1 0 0 6
1 0 0 6
1 0 0 6
1 0 0 7
1 0 0 7
1 0 0 7
1 0 0 7
1 0 0 7
1 0 0 7
1 0 0 7
1 0 0 7
1 0 0 7
1 0 0 7
1 0 0 6
1 0 0 6
1 0 0 6
1 0 0 5
1 0 0 8
1 0 0 8
1 0 0 8
1 0 0 8
1 0 0 8
1 0 0 8
1 0 0 8
1 0 0 8
1 0 0 8
1 0 0 8
1 0 0 9
1 0 0 9
1 0 0 9
1 0 0 9
1 0 0 9
1 0 0 9
1 0 0 9
1 0 0 10
1 0 0 10
1 0 0 10
1 0 0 10
1 0 0 10
1 0 0 10
1 0 0 10
1 0 0 10
1 0 0 10
1 0 0 10
1 0 0 9
1 0 0 9
1 0 0 9
1 0 0 11
1 0 0 11
1 0 0 11
1 0 0 11
1 0 0 11
1 0 0 11
1 0 0 11
1 0 0 11
1 0 0 11
1 0 0 11
1 0 0 12
1 0 0 12
1 0 0 12
1 0 0 12
1 0 0 12
1 0 0 12
1 0 0 12
1 0 0 12
1 0 0 12
1 0 0 12
1 0 0 1
1 0 0 1
1 0 0 1
0.1 4 5 -1
0.1 3 121 -1
0.1 6 7 -1
0.1 8 9 -1
0.1 12 13 -1
0.1 11 125 -1
0.1 14 15 -1
0.1 126 127 -1
0.1 10 128 -1
0.1 16 17 -1
0.1 129 130 -1
0.1 124 131 -1
0.1 19 20 -1
0.1 18 133 -1
0.1 23 24 -1
0.1 22 135 -1
0.1 21 136 -1
0.1 137 25 -1
0.1 134 138 -1
0.1 26 27 -1
0.1 139 140 -1
0.1 29 30 -1
0.1 31 32 -1
0.1 143 33 -1
0.1 142 144 -1
0.1 36 37 -1
0.1 35 146 -1
0.1 34 147 -1
0.1 145 148 -1
0.1 28 149 -1
0.1 141 150 -1
0.1 132 151 -1
0.1 38 39 -1
0.1 152 153 -1
0.1 41 42 -1
0.1 40 155 -1
0.1 156 43 -1
0.1 154 157 -1
0.1 44 45 -1
0.1 51 52 -1
0.1 160 53 -1
0.1 55 56 -1
0.1 57 58 -1
0.1 59 60 -1
0.1 163 164 -1
0.1 162 165 -1
0.1 166 61 -1
0.1 62 63 -1
0.1 167 168 -1
0.1 54 169 -1
0.1 161 170 -1
0.1 50 171 -1
0.1 64 65 -1
0.1 172 173 -1
0.1 49 174 -1
0.1 175 66 -1
0.1 48 176 -1
0.1 47 177 -1
0.1 46 178 -1
0.1 179 67 -1
0.1 159 180 -1
0.1 69 70 -1
0.1 68 182 -1
0.1 183 71 -1
0.1 72 73 -1
0.1 184 185 -1
0.1 75 76 -1
0.1 187 77 -1
0.1 74 188 -1
0.1 186 189 -1
0.1 181 190 -1
0.1 158 191 -1
0.1 123 192 -1
0.1 122 193 -1
0.1 2 194 -1
0.1 1 195 -1
0.1 81 82 -1
0.1 80 197 -1
0.1 79 198 -1
0.1 83 84 -1
0.1 86 87 -1
0.1 89 90 -1
0.1 202 91 -1
0.1 88 203 -1
0.1 92 93 -1
0.1 204 205 -1
0.1 201 206 -1
0.1 207 94 -1
0.1 85 208 -1
0.1 200 209 -1
0.1 199 210 -1
0.1 78 211 -1
0.1 96 97 -1
0.1 95 213 -1
0.1 212 214 -1
0.1 100 101 -1
0.1 99 216 -1
0.1 98 217 -1
0.1 102 103 -1
0.1 104 105 -1
0.1 220 106 -1
0.1 219 221 -1
0.1 108 109 -1
0.1 223 110 -1
0.1 112 113 -1
0.1 225 114 -1
0.1 111 226 -1
0.1 115 116 -1
0.1 227 228 -1
0.1 224 229 -1
0.1 230 117 -1
0.1 107 231 -1
0.1 222 232 -1
0.1 218 233 -1
0.1 118 119 -1
0.1 235 120 -1
0.1 234 236 -1
0.1 215 237 -1
0.1 196 238 -1
