1 0 0 1
1 0 0 2
1 0 0 2
1 0 0 2
1 0 0 2
1 0 0 2
1 0 0 2
1 0 0 2
1 0 0 2
1 0 0 2
1 0 0 2
1 0 0 3
1 0 0 3
1 0 0 3
1 0 0 3
1 0 0 3
1 0 0 3
1 0 0 3
1 0 0 3
1 0 0 3
1 0 0 3
1 0 0 1
1 0 0 1
1 0 0 1
1 0 0 1
1 0 0 1
1 0 0 4
1 0 0 4
1 0 0 4
1 0 0 4
1 0 0 4
1 0 0 4
1 0 0 4
1 0 0 4
1 0 0 4
1 0 0 4
1 0 0 5
1 0 0 5
1 0 0 5
1 0 0 5
1 0 0 5
1 0 0 5
1 0 0 5
1 0 0 5
1 0 0 5
1 0 0 5
1 0 0 6
1 0 0 6
1 0 0 6
1 0 0 6
1 0 0 6
1 0 0 6
1 0 0 6
1 0 0 6
1 0 0 6
1 0 0 6
1 0 0 1
1 0 0 1
1 0 0 1
1 0 0 1
1 0 0 7
1 0 0 7
1 0 0 7
1 0 0 7
1 0 0 7
1 0 0 7
1 0 0 7
1 0 0 7
1 0 0 7
1 0 0 7
1 0 0 8
1 0 0 8
1 0 0 8
1 0 0 8
1 0 0 8
1 0 0 9
1 0 0 9
1 0 0 9
1 0 0 10
1 0 0 10
1 0 0 10
1 0 0 10
1 0 0 10
1 0 0 10
1 0 0 10
1 0 0 10
1 0 0 10
1 0 0 10
1 0 0 9
1 0 0 9
1 0 0 9
1 0 0 9
1 0 0 9
1 0 0 9
1 0 0 9
1 0 0 8
1 0 0 8
1 0 0 11
1 0 0 11
1 0 0 11
1 0 0 11
1 0 0 11
1 0 0 12
1 0 0 12
1 0 0 12
1 0 0 12
1 0 0 12
1 0 0 12
1 0 0 12
1 0 0 12
1 0 0 12
1 0 0 12
1 0 0 11
1 0 0 11
1 0 0 11
1 0 0 11
1 0 0 11
1 0 0 8
1 0 0 8
1 0 0 8
0.1 3 4 -1
0.1 6 7 -1
0.1 8 9 -1
0.1 10 11 -1
0.1 123 124 -1
0.1 122 125 -1
0.1 5 126 -1
0.1 121 127 -1
0.1 2 128 -1
0.1 14 15 -1
0.1 13 130 -1
0.1 12 131 -1
0.1 16 17 -1
0.1 132 133 -1
0.1 134 18 -1
0.1 20 21 -1
0.1 19 136 -1
0.1 135 137 -1
0.1 129 138 -1
0.1 1 139 -1
0.1 140 22 -1
0.1 23 24 -1
0.1 141 142 -1
0.1 25 26 -1
0.1 30 31 -1
0.1 29 145 -1
0.1 28 146 -1
0.1 32 33 -1
0.1 148 34 -1
0.1 147 149 -1
0.1 27 150 -1
0.1 35 36 -1
0.1 39 40 -1
0.1 38 153 -1
0.1 43 44 -1
0.1 42 155 -1
0.1 45 46 -1
0.1 156 157 -1
0.1 41 158 -1
0.1 154 159 -1
0.1 37 160 -1
0.1 152 161 -1
0.1 151 162 -1
0.1 47 48 -1
0.1 50 51 -1
0.1 53 54 -1
0.1 52 166 -1
0.1 165 167 -1
0.1 49 168 -1
0.1 164 169 -1
0.1 55 56 -1
0.1 170 171 -1
0.1 163 172 -1
0.1 144 173 -1
0.1 57 58 -1
0.1 175 59 -1
0.1 176 60 -1
0.1 174 177 -1
0.1 143 178 -1
0.1 63 64 -1
0.1 62 180 -1
0.1 61 181 -1
0.1 65 66 -1
0.1 182 183 -1
0.1 68 69 -1
0.1 185 70 -1
0.1 67 186 -1
0.1 184 187 -1
0.1 71 72 -1
0.1 189 73 -1
0.1 74 75 -1
0.1 190 191 -1
0.1 188 192 -1
0.1 179 193 -1
0.1 77 78 -1
0.1 79 80 -1
0.1 81 82 -1
0.1 196 197 -1
0.1 83 84 -1
0.1 87 88 -1
0.1 86 200 -1
0.1 85 201 -1
0.1 199 202 -1
0.1 198 203 -1
0.1 195 204 -1
0.1 91 92 -1
0.1 90 206 -1
0.1 89 207 -1
0.1 205 208 -1
0.1 76 209 -1
0.1 94 95 -1
0.1 93 211 -1
0.1 210 212 -1
0.1 99 100 -1
0.1 214 101 -1
0.1 98 215 -1
0.1 106 107 -1
0.1 105 217 -1
0.1 104 218 -1
0.1 108 109 -1
0.1 219 220 -1
0.1 110 111 -1
0.1 222 112 -1
0.1 221 223 -1
0.1 103 224 -1
0.1 102 225 -1
0.1 216 226 -1
0.1 114 115 -1
0.1 113 228 -1
0.1 116 117 -1
0.1 229 230 -1
0.1 227 231 -1
0.1 97 232 -1
0.1 96 233 -1
0.1 119 120 -1
0.1 118 235 -1
0.1 234 236 -1
0.1 213 237 -1
0.1 194 238 -1
