1 0 0 1
1 0 0 1
1 0 0 1
1 0 0 2
1 0 0 2
1 0 0 2
1 0 0 2
1 0 0 2
1 0 0 2
1 0 0 2
1 0 0 2
1 0 0 2
1 0 0 2
1 0 0 3
1 0 0 3
1 0 0 3
1 0 0 3
1 0 0 3
1 0 0 3
1 0 0 3
1 0 0 3
1 0 0 3
1 0 0 3
1 0 0 4
1 0 0 4
1 0 0 4
1 0 0 4
1 0 0 4
1 0 0 4
1 0 0 4
1 0 0 5
1 0 0 5
1 0 0 5
1 0 0 5
1 0 0 5
1 0 0 5
1 0 0 5
1 0 0 5
1 0 0 5
1 0 0 5
1 0 0 4
1 0 0 4
1 0 0 4
1 0 0 6
1 0 0 6
1 0 0 6
1 0 0 6
1 0 0 7
1 0 0 7
1 0 0 7
1 0 0 7
1 0 0 7
1 0 0 7
1 0 0 7
1 0 0 7
1 0 0 7
1 0 0 7
1 0 0 8
1 0 0 8
1 0 0 8
1 0 0 8
1 0 0 8
1 0 0 8
1 0 0 8
1 0 0 8
1 0 0 8
1 0 0 8
1 0 0 9
1 0 0 9
1 0 0 9
1 0 0 9
1 0 0 9
1 0 0 9
1 0 0 9
1 0 0 9
1 0 0 9
1 0 0 9
1 0 0 1
1 0 0 1
1 0 0 1
1 0 0 1
1 0 0 1
1 0 0 6
1 0 0 6
1 0 0 6
1 0 0 6
1 0 0 6
1 0 0 6
1 0 0 10
1 0 0 10
1 0 0 10
1 0 0 10
1 0 0 10
1 0 0 10
1 0 0 10
1 0 0 10
1 0 0 10
1 0 0 10
1 0 0 11
1 0 0 11
1 0 0 11
1 0 0 11
1 0 0 11
1 0 0 11
1 0 0 11
1 0 0 11
1 0 0 12
1 0 0 12
1 0 0 12
1 0 0 12
1 0 0 12
1 0 0 12
1 0 0 12
1 0 0 12
1 0 0 12
1 0 0 12
1 0 0 11
1 0 0 11
1 0 0 1
1 0 0 1
0.1 2 3 -1
0.1 1 121 -1
0.1 4 5 -1
0.1 123 6 -1
0.1 7 8 -1
0.1 124 125 -1
0.1 10 11 -1
0.1 9 127 -1
0.1 128 12 -1
0.1 16 17 -1
0.1 130 18 -1
0.1 15 131 -1
0.1 19 20 -1
0.1 132 133 -1
0.1 22 23 -1
0.1 21 135 -1
0.1 134 136 -1
0.1 14 137 -1
0.1 13 138 -1
0.1 129 139 -1
0.1 126 140 -1
0.1 122 141 -1
0.1 27 28 -1
0.1 26 143 -1
0.1 25 144 -1
0.1 29 30 -1
0.1 31 32 -1
0.1 33 34 -1
0.1 147 148 -1
0.1 35 36 -1
0.1 38 39 -1
0.1 151 40 -1
0.1 37 152 -1
0.1 150 153 -1
0.1 149 154 -1
0.1 146 155 -1
0.1 145 156 -1
0.1 157 41 -1
0.1 42 43 -1
0.1 158 159 -1
0.1 24 160 -1
0.1 142 161 -1
0.1 44 45 -1
0.1 49 50 -1
0.1 52 53 -1
0.1 54 55 -1
0.1 56 57 -1
0.1 166 167 -1
0.1 165 168 -1
0.1 51 169 -1
0.1 164 170 -1
0.1 48 171 -1
0.1 59 60 -1
0.1 58 173 -1
0.1 62 63 -1
0.1 61 175 -1
0.1 64 65 -1
0.1 176 177 -1
0.1 178 66 -1
0.1 179 67 -1
0.1 174 180 -1
0.1 172 181 -1
0.1 47 182 -1
0.1 46 183 -1
0.1 163 184 -1
0.1 69 70 -1
0.1 186 71 -1
0.1 68 187 -1
0.1 72 73 -1
0.1 76 77 -1
0.1 75 190 -1
0.1 74 191 -1
0.1 189 192 -1
0.1 188 193 -1
0.1 78 79 -1
0.1 81 82 -1
0.1 80 196 -1
0.1 195 197 -1
0.1 194 198 -1
0.1 84 85 -1
0.1 83 200 -1
0.1 201 86 -1
0.1 89 90 -1
0.1 91 92 -1
0.1 94 95 -1
0.1 93 205 -1
0.1 96 97 -1
0.1 207 98 -1
0.1 206 208 -1
0.1 204 209 -1
0.1 203 210 -1
0.1 101 102 -1
0.1 100 212 -1
0.1 103 104 -1
0.1 214 105 -1
0.1 215 106 -1
0.1 213 216 -1
0.1 99 217 -1
0.1 108 109 -1
0.1 219 110 -1
0.1 107 220 -1
0.1 111 112 -1
0.1 113 114 -1
0.1 223 115 -1
0.1 222 224 -1
0.1 225 116 -1
0.1 221 226 -1
0.1 117 118 -1
0.1 227 228 -1
0.1 218 229 -1
0.1 211 230 -1
0.1 88 231 -1
0.1 87 232 -1
0.1 202 233 -1
0.1 199 234 -1
0.1 185 235 -1
0.1 236 119 -1
0.1 237 120 -1
0.1 162 238 -1
