1 0 0 1
1 0 0 1
1 0 0 1
1 0 0 1
1 0 0 1
1 0 0 1
1 0 0 1
1 0 0 1
1 0 0 1
1 0 0 1
1 0 0 2
1 0 0 2
1 0 0 2
1 0 0 2
1 0 0 2
1 0 0 2
1 0 0 2
1 0 0 2
1 0 0 2
1 0 0 2
1 0 0 3
1 0 0 4
1 0 0 4
1 0 0 3
1 0 0 3
1 0 0 3
1 0 0 5
1 0 0 5
1 0 0 5
1 0 0 5
1 0 0 5
1 0 0 5
1 0 0 5
1 0 0 5
1 0 0 5
1 0 0 5
1 0 0 3
1 0 0 3
1 0 0 3
1 0 0 3
1 0 0 3
1 0 0 3
1 0 0 4
1 0 0 4
1 0 0 4
1 0 0 4
1 0 0 4
1 0 0 4
1 0 0 4
1 0 0 4
1 0 0 6
1 0 0 7
1 0 0 7
1 0 0 7
1 0 0 7
1 0 0 7
1 0 0 8
1 0 0 8
1 0 0 8
1 0 0 8
1 0 0 8
1 0 0 8
1 0 0 8
1 0 0 8
1 0 0 8
1 0 0 8
1 0 0 7
1 0 0 7
1 0 0 7
1 0 0 7
1 0 0 7
1 0 0 6
1 0 0 6
1 0 0 6
1 0 0 6
1 0 0 6
1 0 0 6
1 0 0 9
1 0 0 9
1 0 0 9
1 0 0 9
1 0 0 9
1 0 0 9
1 0 0 9
1 0 0 9
1 0 0 9
1 0 0 9
1 0 0 6
1 0 0 6
1 0 0 6
1 0 0 10
1 0 0 10
1 0 0 10
1 0 0 10
1 0 0 10
1 0 0 10
1 0 0 10
1 0 0 10
1 0 0 10
1 0 0 10
1 0 0 11
1 0 0 12
1 0 0 13
1 0 0 13
1 0 0 13
1 0 0 13
1 0 0 13
1 0 0 13
1 0 0 13
1 0 0 13
1 0 0 13
1 0 0 13
1 0 0 11
1 0 0 11
1 0 0 14
1 0 0 14
1 0 0 14
1 0 0 14
1 0 0 14
1 0 0 14
1 0 0 14
1 0 0 14
1 0 0 14
1 0 0 14
1 0 0 15
1 0 0 15
1 0 0 15
1 0 0 15
1 0 0 16
1 0 0 16
1 0 0 16
1 0 0 16
1 0 0 16
1 0 0 16
1 0 0 16
1 0 0 16
1 0 0 16
1 0 0 16
1 0 0 15
1 0 0 15
1 0 0 15
1 0 0 15
1 0 0 15
1 0 0 15
1 0 0 17
1 0 0 17
1 0 0 17
1 0 0 17
1 0 0 17
1 0 0 17
1 0 0 17
1 0 0 17
1 0 0 17
1 0 0 17
1 0 0 11
1 0 0 11
1 0 0 18
1 0 0 18
1 0 0 18
1 0 0 18
1 0 0 18
1 0 0 18
1 0 0 18
1 0 0 18
1 0 0 18
1 0 0 18
1 0 0 19
1 0 0 19
1 0 0 19
1 0 0 19
1 0 0 19
1 0 0 19
1 0 0 19
1 0 0 19
1 0 0 19
1 0 0 19
1 0 0 20
1 0 0 20
1 0 0 20
1 0 0 20
1 0 0 20
1 0 0 20
1 0 0 20
1 0 0 20
1 0 0 20
1 0 0 20
1 0 0 11
1 0 0 11
1 0 0 11
1 0 0 11
1 0 0 11
1 0 0 21
1 0 0 21
1 0 0 21
1 0 0 21
1 0 0 21
1 0 0 21
1 0 0 21
1 0 0 21
1 0 0 21
1 0 0 21
1 0 0 22
1 0 0 22
1 0 0 22
1 0 0 22
1 0 0 22
1 0 0 22
1 0 0 22
1 0 0 22
1 0 0 22
1 0 0 22
1 0 0 23
1 0 0 23
1 0 0 23
1 0 0 23
1 0 0 23
1 0 0 23
1 0 0 23
1 0 0 23
1 0 0 23
1 0 0 23
1 0 0 12
1 0 0 12
1 0 0 12
1 0 0 12
1 0 0 24
1 0 0 24
1 0 0 24
1 0 0 24
1 0 0 24
1 0 0 24
1 0 0 24
1 0 0 24
1 0 0 24
1 0 0 25
1 0 0 25
1 0 0 25
1 0 0 25
1 0 0 25
1 0 0 25
1 0 0 25
1 0 0 25
1 0 0 25
1 0 0 25
1 0 0 24
1 0 0 12
1 0 0 12
1 0 0 12
1 0 0 12
1 0 0 12
0.1 2 3 -1
0.1 1 251 -1
0.1 252 4 -1
0.1 5 6 -1
0.1 253 254 -1
0.1 8 9 -1
0.1 7 256 -1
0.1 257 10 -1
0.1 255 258 -1
0.1 12 13 -1
0.1 11 260 -1
0.1 16 17 -1
0.1 15 262 -1
0.1 18 19 -1
0.1 264 20 -1
0.1 263 265 -1
0.1 14 266 -1
0.1 261 267 -1
0.1 22 23 -1
0.1 24 25 -1
0.1 270 26 -1
0.1 27 28 -1
0.1 30 31 -1
0.1 32 33 -1
0.1 273 274 -1
0.1 29 275 -1
0.1 35 36 -1
0.1 34 277 -1
0.1 276 278 -1
0.1 272 279 -1
0.1 39 40 -1
0.1 38 281 -1
0.1 37 282 -1
0.1 41 42 -1
0.1 283 284 -1
0.1 280 285 -1
0.1 271 286 -1
0.1 44 45 -1
0.1 288 46 -1
0.1 289 47 -1
0.1 48 49 -1
0.1 291 50 -1
0.1 290 292 -1
0.1 43 293 -1
0.1 287 294 -1
0.1 269 295 -1
0.1 21 296 -1
0.1 268 297 -1
0.1 298 51 -1
0.1 53 54 -1
0.1 55 56 -1
0.1 60 61 -1
0.1 59 302 -1
0.1 58 303 -1
0.1 57 304 -1
0.1 63 64 -1
0.1 65 66 -1
0.1 306 307 -1
0.1 62 308 -1
0.1 305 309 -1
0.1 301 310 -1
0.1 67 68 -1
0.1 311 312 -1
0.1 69 70 -1
0.1 313 314 -1
0.1 315 71 -1
0.1 300 316 -1
0.1 52 317 -1
0.1 72 73 -1
0.1 75 76 -1
0.1 320 77 -1
0.1 74 321 -1
0.1 319 322 -1
0.1 80 81 -1
0.1 79 324 -1
0.1 78 325 -1
0.1 82 83 -1
0.1 326 327 -1
0.1 86 87 -1
0.1 85 329 -1
0.1 84 330 -1
0.1 328 331 -1
0.1 323 332 -1
0.1 318 333 -1
0.1 88 89 -1
0.1 335 90 -1
0.1 334 336 -1
0.1 299 337 -1
0.1 259 338 -1
0.1 93 94 -1
0.1 95 96 -1
0.1 341 97 -1
0.1 342 98 -1
0.1 340 343 -1
0.1 92 344 -1
0.1 99 100 -1
0.1 345 346 -1
0.1 91 347 -1
0.1 348 101 -1
0.1 339 349 -1
0.1 104 105 -1
0.1 351 106 -1
0.1 103 352 -1
0.1 107 108 -1
0.1 354 109 -1
0.1 111 112 -1
0.1 110 356 -1
0.1 355 357 -1
0.1 353 358 -1
0.1 113 114 -1
0.1 116 117 -1
0.1 118 119 -1
0.1 120 121 -1
0.1 362 363 -1
0.1 122 123 -1
0.1 364 365 -1
0.1 361 366 -1
0.1 115 367 -1
0.1 368 124 -1
0.1 127 128 -1
0.1 126 370 -1
0.1 125 371 -1
0.1 132 133 -1
0.1 134 135 -1
0.1 373 374 -1
0.1 131 375 -1
0.1 376 136 -1
0.1 130 377 -1
0.1 129 378 -1
0.1 137 138 -1
0.1 379 380 -1
0.1 139 140 -1
0.1 141 142 -1
0.1 383 143 -1
0.1 382 384 -1
0.1 385 144 -1
0.1 381 386 -1
0.1 372 387 -1
0.1 369 388 -1
0.1 146 147 -1
0.1 149 150 -1
0.1 148 391 -1
0.1 392 151 -1
0.1 390 393 -1
0.1 145 394 -1
0.1 153 154 -1
0.1 152 396 -1
0.1 395 397 -1
0.1 398 155 -1
0.1 158 159 -1
0.1 400 160 -1
0.1 157 401 -1
0.1 402 161 -1
0.1 165 166 -1
0.1 164 404 -1
0.1 163 405 -1
0.1 162 406 -1
0.1 403 407 -1
0.1 168 169 -1
0.1 170 171 -1
0.1 172 173 -1
0.1 175 176 -1
0.1 174 412 -1
0.1 411 413 -1
0.1 410 414 -1
0.1 409 415 -1
0.1 167 416 -1
0.1 179 180 -1
0.1 178 418 -1
0.1 177 419 -1
0.1 182 183 -1
0.1 181 421 -1
0.1 420 422 -1
0.1 184 185 -1
0.1 424 186 -1
0.1 423 425 -1
0.1 417 426 -1
0.1 408 427 -1
0.1 156 428 -1
0.1 399 429 -1
0.1 188 189 -1
0.1 187 431 -1
0.1 190 191 -1
0.1 432 433 -1
0.1 430 434 -1
0.1 389 435 -1
0.1 193 194 -1
0.1 195 196 -1
0.1 198 199 -1
0.1 200 201 -1
0.1 439 440 -1
0.1 197 441 -1
0.1 438 442 -1
0.1 437 443 -1
0.1 192 444 -1
0.1 436 445 -1
0.1 360 446 -1
0.1 204 205 -1
0.1 203 448 -1
0.1 202 449 -1
0.1 450 206 -1
0.1 207 208 -1
0.1 209 210 -1
0.1 453 211 -1
0.1 452 454 -1
0.1 451 455 -1
0.1 215 216 -1
0.1 214 457 -1
0.1 458 217 -1
0.1 459 218 -1
0.1 219 220 -1
0.1 460 461 -1
0.1 213 462 -1
0.1 463 221 -1
0.1 212 464 -1
0.1 456 465 -1
0.1 447 466 -1
0.1 359 467 -1
0.1 102 468 -1
0.1 223 224 -1
0.1 470 225 -1
0.1 222 471 -1
0.1 226 227 -1
0.1 230 231 -1
0.1 229 474 -1
0.1 475 232 -1
0.1 228 476 -1
0.1 235 236 -1
0.1 237 238 -1
0.1 478 479 -1
0.1 239 240 -1
0.1 480 481 -1
0.1 241 242 -1
0.1 243 244 -1
0.1 483 484 -1
0.1 482 485 -1
0.1 234 486 -1
0.1 233 487 -1
0.1 477 488 -1
0.1 489 245 -1
0.1 473 490 -1
0.1 491 246 -1
0.1 492 247 -1
0.1 248 249 -1
0.1 493 494 -1
0.1 495 250 -1
0.1 472 496 -1
0.1 469 497 -1
0.1 350 498 -1
