1 0 0 1
1 0 0 1
1 0 0 1
1 0 0 1
1 0 0 1
1 0 0 1
1 0 0 1
1 0 0 1
1 0 0 2
1 0 0 2
1 0 0 2
1 0 0 2
1 0 0 2
1 0 0 2
1 0 0 2
1 0 0 2
1 0 0 2
1 0 0 2
1 0 0 2
1 0 0 2
1 0 0 2
1 0 0 2
1 0 0 2
1 0 0 2
1 0 0 2
1 0 0 2
1 0 0 2
1 0 0 2
1 0 0 1
1 0 0 1
1 0 0 3
1 0 0 3
1 0 0 3
1 0 0 3
1 0 0 3
1 0 0 3
1 0 0 3
1 0 0 3
1 0 0 3
1 0 0 3
1 0 0 3
1 0 0 3
1 0 0 3
1 0 0 3
1 0 0 3
1 0 0 3
1 0 0 3
1 0 0 3
1 0 0 3
1 0 0 3
1 0 0 4
1 0 0 4
1 0 0 4
1 0 0 4
1 0 0 4
1 0 0 4
1 0 0 4
1 0 0 4
1 0 0 4
1 0 0 4
1 0 0 4
1 0 0 4
1 0 0 4
1 0 0 4
1 0 0 4
1 0 0 4
1 0 0 4
1 0 0 4
1 0 0 4
1 0 0 4
1 0 0 5
1 0 0 5
1 0 0 5
1 0 0 5
1 0 0 5
1 0 0 5
1 0 0 5
1 0 0 5
1 0 0 5
1 0 0 5
1 0 0 5
1 0 0 5
1 0 0 5
1 0 0 5
1 0 0 5
1 0 0 5
1 0 0 5
1 0 0 5
1 0 0 5
1 0 0 5
1 0 0 1
1 0 0 6
1 0 0 6
1 0 0 7
1 0 0 7
1 0 0 7
1 0 0 7
1 0 0 7
1 0 0 7
1 0 0 7
1 0 0 7
1 0 0 7
1 0 0 7
1 0 0 7
1 0 0 7
1 0 0 7
1 0 0 7
1 0 0 7
1 0 0 7
1 0 0 7
1 0 0 7
1 0 0 7
1 0 0 7
1 0 0 6
1 0 0 6
1 0 0 6
1 0 0 6
1 0 0 6
1 0 0 6
1 0 0 6
1 0 0 6
1 0 0 6
1 0 0 6
1 0 0 6
1 0 0 6
1 0 0 6
1 0 0 6
1 0 0 6
1 0 0 6
1 0 0 6
1 0 0 6
1 0 0 8
1 0 0 8
1 0 0 8
1 0 0 8
1 0 0 8
1 0 0 8
1 0 0 8
1 0 0 8
1 0 0 8
1 0 0 8
1 0 0 8
1 0 0 8
1 0 0 8
1 0 0 8
1 0 0 8
1 0 0 8
1 0 0 8
1 0 0 8
1 0 0 8
1 0 0 8
1 0 0 9
1 0 0 9
1 0 0 9
1 0 0 9
1 0 0 9
1 0 0 9
1 0 0 9
1 0 0 9
1 0 0 9
1 0 0 9
1 0 0 9
1 0 0 9
1 0 0 9
1 0 0 9
1 0 0 9
1 0 0 9
1 0 0 9
1 0 0 9
1 0 0 9
1 0 0 9
1 0 0 10
1 0 0 10
1 0 0 10
1 0 0 10
1 0 0 10
1 0 0 10
1 0 0 10
1 0 0 10
1 0 0 10
1 0 0 10
1 0 0 10
1 0 0 10
1 0 0 10
1 0 0 10
1 0 0 10
1 0 0 10
1 0 0 10
1 0 0 10
1 0 0 10
1 0 0 10
1 0 0 11
1 0 0 11
1 0 0 11
1 0 0 11
1 0 0 11
1 0 0 11
1 0 0 11
1 0 0 11
1 0 0 11
1 0 0 11
1 0 0 11
1 0 0 11
1 0 0 11
1 0 0 11
1 0 0 11
1 0 0 11
1 0 0 11
1 0 0 11
1 0 0 11
1 0 0 11
1 0 0 12
1 0 0 12
1 0 0 12
1 0 0 13
1 0 0 13
1 0 0 13
1 0 0 13
1 0 0 13
1 0 0 13
1 0 0 13
1 0 0 13
1 0 0 13
1 0 0 13
1 0 0 13
1 0 0 13
1 0 0 13
1 0 0 13
1 0 0 13
1 0 0 13
1 0 0 13
1 0 0 13
1 0 0 13
1 0 0 13
1 0 0 12
1 0 0 12
1 0 0 12
1 0 0 12
1 0 0 12
1 0 0 12
1 0 0 12
1 0 0 12
1 0 0 12
1 0 0 12
1 0 0 12
1 0 0 12
1 0 0 12
1 0 0 12
1 0 0 12
1 0 0 12
1 0 0 12
1 0 0 14
1 0 0 14
1 0 0 15
1 0 0 15
1 0 0 15
1 0 0 15
1 0 0 15
1 0 0 15
1 0 0 15
1 0 0 15
1 0 0 15
1 0 0 15
1 0 0 15
1 0 0 15
1 0 0 15
1 0 0 15
1 0 0 15
1 0 0 15
1 0 0 15
1 0 0 15
1 0 0 15
1 0 0 15
1 0 0 14
1 0 0 14
1 0 0 14
1 0 0 14
1 0 0 14
1 0 0 14
1 0 0 14
1 0 0 14
1 0 0 14
1 0 0 14
1 0 0 14
1 0 0 14
1 0 0 14
1 0 0 14
1 0 0 14
1 0 0 14
1 0 0 14
1 0 0 14
1 0 0 1
1 0 0 1
1 0 0 1
1 0 0 1
1 0 0 1
1 0 0 1
1 0 0 1
1 0 0 1
1 0 0 1
1 0 0 16
1 0 0 16
1 0 0 16
1 0 0 16
1 0 0 16
1 0 0 16
1 0 0 16
1 0 0 16
1 0 0 16
1 0 0 16
1 0 0 16
1 0 0 16
1 0 0 16
1 0 0 16
1 0 0 16
1 0 0 16
1 0 0 16
1 0 0 16
1 0 0 16
1 0 0 16
1 0 0 17
1 0 0 17
1 0 0 17
1 0 0 17
1 0 0 17
1 0 0 17
1 0 0 17
1 0 0 17
1 0 0 17
1 0 0 17
1 0 0 17
1 0 0 17
1 0 0 17
1 0 0 17
1 0 0 17
1 0 0 17
1 0 0 17
1 0 0 17
1 0 0 17
1 0 0 17
1 0 0 18
1 0 0 18
1 0 0 18
1 0 0 18
1 0 0 18
1 0 0 18
1 0 0 18
1 0 0 18
1 0 0 18
1 0 0 18
1 0 0 18
1 0 0 18
1 0 0 18
1 0 0 18
1 0 0 18
1 0 0 18
1 0 0 18
1 0 0 19
1 0 0 19
1 0 0 19
1 0 0 19
1 0 0 19
1 0 0 19
1 0 0 19
1 0 0 19
1 0 0 19
1 0 0 19
1 0 0 19
1 0 0 19
1 0 0 19
1 0 0 19
1 0 0 19
1 0 0 20
1 0 0 20
1 0 0 20
1 0 0 20
1 0 0 20
1 0 0 20
1 0 0 20
1 0 0 20
1 0 0 20
1 0 0 20
1 0 0 20
1 0 0 19
1 0 0 20
1 0 0 20
1 0 0 20
1 0 0 20
1 0 0 20
1 0 0 20
1 0 0 20
1 0 0 20
1 0 0 20
1 0 0 19
1 0 0 19
1 0 0 19
1 0 0 19
1 0 0 18
1 0 0 18
1 0 0 18
1 0 0 21
1 0 0 21
1 0 0 21
1 0 0 21
1 0 0 21
1 0 0 21
1 0 0 21
1 0 0 21
1 0 0 21
1 0 0 21
1 0 0 21
1 0 0 21
1 0 0 21
1 0 0 21
1 0 0 21
1 0 0 21
1 0 0 21
1 0 0 21
1 0 0 21
1 0 0 21
1 0 0 22
1 0 0 22
1 0 0 22
1 0 0 22
1 0 0 22
1 0 0 22
1 0 0 22
1 0 0 22
1 0 0 22
1 0 0 22
1 0 0 22
1 0 0 22
1 0 0 23
1 0 0 23
1 0 0 23
1 0 0 23
1 0 0 23
1 0 0 23
1 0 0 23
1 0 0 23
1 0 0 23
1 0 0 23
1 0 0 23
1 0 0 23
1 0 0 23
1 0 0 23
1 0 0 24
1 0 0 24
1 0 0 24
1 0 0 24
1 0 0 24
1 0 0 24
1 0 0 24
1 0 0 24
1 0 0 24
1 0 0 24
1 0 0 24
1 0 0 24
1 0 0 24
1 0 0 24
1 0 0 24
1 0 0 24
1 0 0 24
1 0 0 24
1 0 0 24
1 0 0 24
1 0 0 23
1 0 0 23
1 0 0 23
1 0 0 23
1 0 0 23
1 0 0 23
1 0 0 25
1 0 0 25
1 0 0 25
1 0 0 25
1 0 0 25
1 0 0 25
1 0 0 25
1 0 0 25
1 0 0 25
1 0 0 25
1 0 0 25
1 0 0 25
1 0 0 25
1 0 0 25
1 0 0 25
1 0 0 25
1 0 0 25
1 0 0 25
1 0 0 25
1 0 0 25
1 0 0 26
1 0 0 26
1 0 0 26
1 0 0 26
1 0 0 26
1 0 0 26
1 0 0 26
1 0 0 26
1 0 0 26
1 0 0 26
1 0 0 27
1 0 0 27
1 0 0 27
1 0 0 27
1 0 0 27
1 0 0 27
1 0 0 27
1 0 0 27
1 0 0 27
1 0 0 27
1 0 0 27
1 0 0 27
1 0 0 27
1 0 0 27
1 0 0 27
1 0 0 27
1 0 0 27
1 0 0 27
1 0 0 27
1 0 0 27
1 0 0 26
1 0 0 26
1 0 0 26
1 0 0 26
1 0 0 26
1 0 0 28
1 0 0 28
1 0 0 28
1 0 0 28
1 0 0 28
1 0 0 28
1 0 0 28
1 0 0 28
1 0 0 28
1 0 0 28
1 0 0 28
1 0 0 28
1 0 0 28
1 0 0 28
1 0 0 28
1 0 0 28
1 0 0 28
1 0 0 28
1 0 0 28
1 0 0 28
1 0 0 26
1 0 0 26
1 0 0 26
1 0 0 26
1 0 0 26
1 0 0 22
1 0 0 22
1 0 0 29
1 0 0 29
1 0 0 29
1 0 0 29
1 0 0 29
1 0 0 29
1 0 0 29
1 0 0 29
1 0 0 29
1 0 0 29
1 0 0 29
1 0 0 29
1 0 0 29
1 0 0 29
1 0 0 29
1 0 0 29
1 0 0 29
1 0 0 29
1 0 0 29
1 0 0 29
1 0 0 30
1 0 0 30
1 0 0 30
1 0 0 30
1 0 0 30
1 0 0 30
1 0 0 30
1 0 0 30
1 0 0 30
1 0 0 30
1 0 0 30
1 0 0 30
1 0 0 30
1 0 0 30
1 0 0 30
1 0 0 30
1 0 0 30
1 0 0 30
1 0 0 30
1 0 0 30
1 0 0 22
1 0 0 31
1 0 0 31
1 0 0 31
1 0 0 31
1 0 0 31
1 0 0 31
1 0 0 31
1 0 0 31
1 0 0 31
1 0 0 31
1 0 0 31
1 0 0 31
1 0 0 31
1 0 0 31
1 0 0 31
1 0 0 31
1 0 0 31
1 0 0 31
1 0 0 31
1 0 0 31
1 0 0 22
1 0 0 22
1 0 0 22
1 0 0 22
1 0 0 22
1 0 0 32
1 0 0 32
1 0 0 32
1 0 0 32
1 0 0 32
1 0 0 32
1 0 0 32
1 0 0 32
1 0 0 32
1 0 0 32
1 0 0 32
1 0 0 32
1 0 0 32
1 0 0 32
1 0 0 32
1 0 0 32
1 0 0 32
1 0 0 33
1 0 0 33
1 0 0 33
1 0 0 33
1 0 0 33
1 0 0 33
1 0 0 34
1 0 0 34
1 0 0 34
1 0 0 35
1 0 0 35
1 0 0 35
1 0 0 35
1 0 0 35
1 0 0 35
1 0 0 35
1 0 0 35
1 0 0 35
1 0 0 35
1 0 0 35
1 0 0 35
1 0 0 35
1 0 0 35
1 0 0 35
1 0 0 35
1 0 0 35
1 0 0 35
1 0 0 35
1 0 0 35
1 0 0 34
1 0 0 34
1 0 0 34
1 0 0 34
1 0 0 34
1 0 0 34
1 0 0 34
1 0 0 34
1 0 0 34
1 0 0 34
1 0 0 34
1 0 0 34
1 0 0 34
1 0 0 34
1 0 0 34
1 0 0 34
1 0 0 34
1 0 0 36
1 0 0 36
1 0 0 36
1 0 0 36
1 0 0 36
1 0 0 36
1 0 0 36
1 0 0 36
1 0 0 37
1 0 0 37
1 0 0 37
1 0 0 37
1 0 0 37
1 0 0 37
1 0 0 37
1 0 0 37
1 0 0 37
1 0 0 37
1 0 0 37
1 0 0 37
1 0 0 37
1 0 0 37
1 0 0 37
1 0 0 37
1 0 0 37
1 0 0 37
1 0 0 37
1 0 0 37
1 0 0 36
1 0 0 36
1 0 0 38
1 0 0 38
1 0 0 38
1 0 0 38
1 0 0 38
1 0 0 38
1 0 0 38
1 0 0 38
1 0 0 38
1 0 0 38
1 0 0 38
1 0 0 38
1 0 0 38
1 0 0 38
1 0 0 38
1 0 0 38
1 0 0 38
1 0 0 38
1 0 0 38
1 0 0 38
1 0 0 36
1 0 0 36
1 0 0 36
1 0 0 36
1 0 0 36
1 0 0 36
1 0 0 36
1 0 0 36
1 0 0 36
1 0 0 36
1 0 0 39
1 0 0 39
1 0 0 39
1 0 0 39
1 0 0 39
1 0 0 39
1 0 0 39
1 0 0 39
1 0 0 39
1 0 0 39
1 0 0 39
1 0 0 39
1 0 0 39
1 0 0 39
1 0 0 39
1 0 0 39
1 0 0 39
1 0 0 39
1 0 0 39
1 0 0 39
1 0 0 40
1 0 0 40
1 0 0 40
1 0 0 40
1 0 0 40
1 0 0 40
1 0 0 40
1 0 0 40
1 0 0 40
1 0 0 40
1 0 0 40
1 0 0 40
1 0 0 40
1 0 0 40
1 0 0 40
1 0 0 40
1 0 0 40
1 0 0 40
1 0 0 40
1 0 0 40
1 0 0 41
1 0 0 41
1 0 0 41
1 0 0 41
1 0 0 42
1 0 0 42
1 0 0 42
1 0 0 42
1 0 0 42
1 0 0 42
1 0 0 42
1 0 0 42
1 0 0 42
1 0 0 42
1 0 0 42
1 0 0 42
1 0 0 42
1 0 0 42
1 0 0 42
1 0 0 42
1 0 0 42
1 0 0 42
1 0 0 42
1 0 0 42
1 0 0 43
1 0 0 43
1 0 0 43
1 0 0 43
1 0 0 43
1 0 0 43
1 0 0 43
1 0 0 43
1 0 0 43
1 0 0 43
1 0 0 43
1 0 0 43
1 0 0 43
1 0 0 43
1 0 0 43
1 0 0 43
1 0 0 43
1 0 0 43
1 0 0 43
1 0 0 43
1 0 0 41
1 0 0 41
1 0 0 41
1 0 0 41
1 0 0 41
1 0 0 41
1 0 0 44
1 0 0 44
1 0 0 44
1 0 0 44
1 0 0 44
1 0 0 44
1 0 0 44
1 0 0 44
1 0 0 44
1 0 0 44
1 0 0 44
1 0 0 44
1 0 0 44
1 0 0 44
1 0 0 44
1 0 0 44
1 0 0 44
1 0 0 44
1 0 0 44
1 0 0 44
1 0 0 45
1 0 0 45
1 0 0 45
1 0 0 45
1 0 0 45
1 0 0 45
1 0 0 45
1 0 0 45
1 0 0 45
1 0 0 45
1 0 0 46
1 0 0 46
1 0 0 46
1 0 0 46
1 0 0 46
1 0 0 46
1 0 0 46
1 0 0 46
1 0 0 46
1 0 0 46
1 0 0 46
1 0 0 46
1 0 0 46
1 0 0 46
1 0 0 46
1 0 0 46
1 0 0 46
1 0 0 46
1 0 0 46
1 0 0 46
1 0 0 45
1 0 0 45
1 0 0 45
1 0 0 45
1 0 0 45
1 0 0 45
1 0 0 45
1 0 0 45
1 0 0 45
1 0 0 45
1 0 0 41
1 0 0 41
1 0 0 41
1 0 0 41
1 0 0 41
1 0 0 41
1 0 0 41
1 0 0 41
1 0 0 41
1 0 0 47
1 0 0 47
1 0 0 47
1 0 0 47
1 0 0 47
1 0 0 47
1 0 0 47
1 0 0 47
1 0 0 47
1 0 0 47
1 0 0 47
1 0 0 47
1 0 0 47
1 0 0 47
1 0 0 47
1 0 0 47
1 0 0 47
1 0 0 47
1 0 0 47
1 0 0 47
1 0 0 41
1 0 0 48
1 0 0 48
1 0 0 48
1 0 0 48
1 0 0 48
1 0 0 48
1 0 0 48
1 0 0 48
1 0 0 48
1 0 0 48
1 0 0 48
1 0 0 48
1 0 0 48
1 0 0 48
1 0 0 48
1 0 0 48
1 0 0 48
1 0 0 48
1 0 0 48
1 0 0 48
1 0 0 49
1 0 0 49
1 0 0 49
1 0 0 49
1 0 0 49
1 0 0 49
1 0 0 49
1 0 0 49
1 0 0 49
1 0 0 49
1 0 0 49
1 0 0 49
1 0 0 49
1 0 0 49
1 0 0 49
1 0 0 49
1 0 0 49
1 0 0 49
1 0 0 49
1 0 0 49
1 0 0 50
1 0 0 50
1 0 0 50
1 0 0 50
1 0 0 50
1 0 0 50
1 0 0 50
1 0 0 50
1 0 0 50
1 0 0 50
1 0 0 50
1 0 0 50
1 0 0 50
1 0 0 50
1 0 0 50
1 0 0 50
1 0 0 50
1 0 0 50
1 0 0 50
1 0 0 50
1 0 0 33
1 0 0 33
1 0 0 33
1 0 0 33
1 0 0 33
1 0 0 33
1 0 0 33
1 0 0 33
1 0 0 33
1 0 0 33
1 0 0 33
1 0 0 33
1 0 0 33
1 0 0 33
1 0 0 51
1 0 0 51
1 0 0 51
1 0 0 51
1 0 0 51
1 0 0 51
1 0 0 51
1 0 0 51
1 0 0 51
1 0 0 51
1 0 0 51
1 0 0 51
1 0 0 51
1 0 0 51
1 0 0 51
1 0 0 51
1 0 0 51
1 0 0 51
1 0 0 51
1 0 0 51
1 0 0 32
1 0 0 32
1 0 0 32
1 0 0 52
1 0 0 52
1 0 0 52
1 0 0 52
1 0 0 52
1 0 0 52
1 0 0 53
1 0 0 53
1 0 0 53
1 0 0 53
1 0 0 53
1 0 0 53
1 0 0 53
1 0 0 53
1 0 0 53
1 0 0 53
1 0 0 53
1 0 0 53
1 0 0 53
1 0 0 53
1 0 0 53
1 0 0 53
1 0 0 53
1 0 0 53
1 0 0 53
1 0 0 53
1 0 0 54
1 0 0 54
1 0 0 54
1 0 0 54
1 0 0 54
1 0 0 54
1 0 0 54
1 0 0 54
1 0 0 54
1 0 0 54
1 0 0 54
1 0 0 54
1 0 0 54
1 0 0 54
1 0 0 54
1 0 0 54
1 0 0 54
1 0 0 55
1 0 0 55
1 0 0 55
1 0 0 55
1 0 0 55
1 0 0 55
1 0 0 55
1 0 0 55
1 0 0 55
1 0 0 55
1 0 0 55
1 0 0 55
1 0 0 55
1 0 0 55
1 0 0 55
1 0 0 55
1 0 0 55
1 0 0 55
1 0 0 55
1 0 0 55
1 0 0 54
1 0 0 54
1 0 0 54
1 0 0 52
1 0 0 52
1 0 0 52
1 0 0 52
1 0 0 52
1 0 0 56
1 0 0 56
1 0 0 56
1 0 0 56
1 0 0 56
1 0 0 56
1 0 0 56
1 0 0 56
1 0 0 56
1 0 0 56
1 0 0 56
1 0 0 56
1 0 0 56
1 0 0 56
1 0 0 56
1 0 0 56
1 0 0 56
1 0 0 56
1 0 0 56
1 0 0 56
1 0 0 52
1 0 0 52
1 0 0 52
1 0 0 52
1 0 0 52
1 0 0 52
1 0 0 52
1 0 0 52
1 0 0 52
0.1 3 4 -1
0.1 2 1121 -1
0.1 1 1122 -1
0.1 9 10 -1
0.1 11 12 -1
0.1 1125 13 -1
0.1 1124 1126 -1
0.1 1127 14 -1
0.1 15 16 -1
0.1 1128 1129 -1
0.1 17 18 -1
0.1 19 20 -1
0.1 24 25 -1
0.1 23 1133 -1
0.1 22 1134 -1
0.1 21 1135 -1
0.1 27 28 -1
0.1 26 1137 -1
0.1 1136 1138 -1
0.1 1132 1139 -1
0.1 1131 1140 -1
0.1 1130 1141 -1
0.1 1142 29 -1
0.1 8 1143 -1
0.1 7 1144 -1
0.1 6 1145 -1
0.1 5 1146 -1
0.1 31 32 -1
0.1 1148 33 -1
0.1 35 36 -1
0.1 34 1150 -1
0.1 40 41 -1
0.1 39 1152 -1
0.1 38 1153 -1
0.1 43 44 -1
0.1 42 1155 -1
0.1 1154 1156 -1
0.1 45 46 -1
0.1 1158 47 -1
0.1 1157 1159 -1
0.1 37 1160 -1
0.1 1151 1161 -1
0.1 49 50 -1
0.1 52 53 -1
0.1 57 58 -1
0.1 56 1165 -1
0.1 60 61 -1
0.1 59 1167 -1
0.1 1166 1168 -1
0.1 62 63 -1
0.1 1169 1170 -1
0.1 55 1171 -1
0.1 54 1172 -1
0.1 1164 1173 -1
0.1 51 1174 -1
0.1 65 66 -1
0.1 1176 67 -1
0.1 68 69 -1
0.1 1177 1178 -1
0.1 64 1179 -1
0.1 1180 70 -1
0.1 1175 1181 -1
0.1 1163 1182 -1
0.1 48 1183 -1
0.1 1162 1184 -1
0.1 1149 1185 -1
0.1 73 74 -1
0.1 1187 75 -1
0.1 72 1188 -1
0.1 71 1189 -1
0.1 76 77 -1
0.1 1190 1191 -1
0.1 79 80 -1
0.1 78 1193 -1
0.1 1194 81 -1
0.1 82 83 -1
0.1 1195 1196 -1
0.1 86 87 -1
0.1 85 1198 -1
0.1 84 1199 -1
0.1 1197 1200 -1
0.1 1192 1201 -1
0.1 88 89 -1
0.1 1203 90 -1
0.1 1202 1204 -1
0.1 1186 1205 -1
0.1 30 1206 -1
0.1 1147 1207 -1
0.1 1123 1208 -1
0.1 1209 91 -1
0.1 92 93 -1
0.1 96 97 -1
0.1 1212 98 -1
0.1 101 102 -1
0.1 100 1214 -1
0.1 1215 103 -1
0.1 99 1216 -1
0.1 1213 1217 -1
0.1 95 1218 -1
0.1 104 105 -1
0.1 108 109 -1
0.1 107 1221 -1
0.1 1222 110 -1
0.1 112 113 -1
0.1 111 1224 -1
0.1 1223 1225 -1
0.1 106 1226 -1
0.1 1220 1227 -1
0.1 1219 1228 -1
0.1 94 1229 -1
0.1 1211 1230 -1
0.1 114 115 -1
0.1 117 118 -1
0.1 119 120 -1
0.1 1233 1234 -1
0.1 116 1235 -1
0.1 1232 1236 -1
0.1 121 122 -1
0.1 124 125 -1
0.1 123 1239 -1
0.1 126 127 -1
0.1 128 129 -1
0.1 1241 1242 -1
0.1 1240 1243 -1
0.1 1238 1244 -1
0.1 1237 1245 -1
0.1 130 131 -1
0.1 132 133 -1
0.1 134 135 -1
0.1 1248 1249 -1
0.1 137 138 -1
0.1 136 1251 -1
0.1 140 141 -1
0.1 142 143 -1
0.1 1253 1254 -1
0.1 139 1255 -1
0.1 145 146 -1
0.1 1257 147 -1
0.1 144 1258 -1
0.1 1256 1259 -1
0.1 149 150 -1
0.1 1261 151 -1
0.1 148 1262 -1
0.1 1260 1263 -1
0.1 1252 1264 -1
0.1 1250 1265 -1
0.1 1247 1266 -1
0.1 1246 1267 -1
0.1 1231 1268 -1
0.1 153 154 -1
0.1 152 1270 -1
0.1 155 156 -1
0.1 1271 1272 -1
0.1 160 161 -1
0.1 159 1274 -1
0.1 1275 162 -1
0.1 165 166 -1
0.1 164 1277 -1
0.1 163 1278 -1
0.1 168 169 -1
0.1 167 1280 -1
0.1 1281 170 -1
0.1 1279 1282 -1
0.1 1276 1283 -1
0.1 158 1284 -1
0.1 157 1285 -1
0.1 1286 171 -1
0.1 1273 1287 -1
0.1 177 178 -1
0.1 176 1289 -1
0.1 1290 179 -1
0.1 175 1291 -1
0.1 182 183 -1
0.1 181 1293 -1
0.1 185 186 -1
0.1 184 1295 -1
0.1 1294 1296 -1
0.1 1297 187 -1
0.1 180 1298 -1
0.1 188 189 -1
0.1 1300 190 -1
0.1 1301 191 -1
0.1 1299 1302 -1
0.1 1292 1303 -1
0.1 174 1304 -1
0.1 173 1305 -1
0.1 172 1306 -1
0.1 1288 1307 -1
0.1 1269 1308 -1
0.1 192 193 -1
0.1 1310 194 -1
0.1 195 196 -1
0.1 199 200 -1
0.1 198 1313 -1
0.1 1314 201 -1
0.1 197 1315 -1
0.1 202 203 -1
0.1 1316 1317 -1
0.1 1312 1318 -1
0.1 205 206 -1
0.1 204 1320 -1
0.1 208 209 -1
0.1 207 1322 -1
0.1 1321 1323 -1
0.1 210 211 -1
0.1 1324 1325 -1
0.1 1319 1326 -1
0.1 1311 1327 -1
0.1 1309 1328 -1
0.1 212 213 -1
0.1 1330 214 -1
0.1 216 217 -1
0.1 215 1332 -1
0.1 220 221 -1
0.1 222 223 -1
0.1 1335 224 -1
0.1 1334 1336 -1
0.1 219 1337 -1
0.1 218 1338 -1
0.1 225 226 -1
0.1 227 228 -1
0.1 1340 1341 -1
0.1 230 231 -1
0.1 229 1343 -1
0.1 1342 1344 -1
0.1 233 234 -1
0.1 232 1346 -1
0.1 1345 1347 -1
0.1 1339 1348 -1
0.1 1333 1349 -1
0.1 236 237 -1
0.1 235 1351 -1
0.1 239 240 -1
0.1 241 242 -1
0.1 1353 1354 -1
0.1 1355 243 -1
0.1 238 1356 -1
0.1 1352 1357 -1
0.1 1350 1358 -1
0.1 1331 1359 -1
0.1 244 245 -1
0.1 247 248 -1
0.1 246 1362 -1
0.1 1361 1363 -1
0.1 1360 1364 -1
0.1 1365 249 -1
0.1 250 251 -1
0.1 1366 1367 -1
0.1 252 253 -1
0.1 258 259 -1
0.1 257 1370 -1
0.1 256 1371 -1
0.1 260 261 -1
0.1 262 263 -1
0.1 1374 264 -1
0.1 266 267 -1
0.1 265 1376 -1
0.1 270 271 -1
0.1 269 1378 -1
0.1 268 1379 -1
0.1 1377 1380 -1
0.1 1375 1381 -1
0.1 1373 1382 -1
0.1 1383 272 -1
0.1 1372 1384 -1
0.1 1385 273 -1
0.1 255 1386 -1
0.1 254 1387 -1
0.1 1388 274 -1
0.1 1389 275 -1
0.1 1390 276 -1
0.1 1369 1391 -1
0.1 278 279 -1
0.1 277 1393 -1
0.1 280 281 -1
0.1 282 283 -1
0.1 1395 1396 -1
0.1 1394 1397 -1
0.1 284 285 -1
0.1 286 287 -1
0.1 1400 288 -1
0.1 1399 1401 -1
0.1 1402 289 -1
0.1 290 291 -1
0.1 1403 1404 -1
0.1 1398 1405 -1
0.1 1392 1406 -1
0.1 1368 1407 -1
0.1 293 294 -1
0.1 1409 295 -1
0.1 296 297 -1
0.1 1410 1411 -1
0.1 292 1412 -1
0.1 298 299 -1
0.1 1414 300 -1
0.1 1413 1415 -1
0.1 1408 1416 -1
0.1 1329 1417 -1
0.1 1210 1418 -1
0.1 302 303 -1
0.1 306 307 -1
0.1 305 1421 -1
0.1 304 1422 -1
0.1 1420 1423 -1
0.1 301 1424 -1
0.1 308 309 -1
0.1 310 311 -1
0.1 1426 1427 -1
0.1 1425 1428 -1
0.1 315 316 -1
0.1 314 1430 -1
0.1 317 318 -1
0.1 319 320 -1
0.1 1432 1433 -1
0.1 1431 1434 -1
0.1 313 1435 -1
0.1 312 1436 -1
0.1 1429 1437 -1
0.1 321 322 -1
0.1 323 324 -1
0.1 325 326 -1
0.1 1441 327 -1
0.1 1440 1442 -1
0.1 1439 1443 -1
0.1 330 331 -1
0.1 333 334 -1
0.1 332 1446 -1
0.1 1445 1447 -1
0.1 329 1448 -1
0.1 338 339 -1
0.1 337 1450 -1
0.1 1451 340 -1
0.1 336 1452 -1
0.1 335 1453 -1
0.1 1449 1454 -1
0.1 328 1455 -1
0.1 1444 1456 -1
0.1 1438 1457 -1
0.1 1458 341 -1
0.1 342 343 -1
0.1 1459 1460 -1
0.1 345 346 -1
0.1 1462 347 -1
0.1 344 1463 -1
0.1 351 352 -1
0.1 350 1465 -1
0.1 1466 353 -1
0.1 349 1467 -1
0.1 348 1468 -1
0.1 1464 1469 -1
0.1 1461 1470 -1
0.1 356 357 -1
0.1 355 1472 -1
0.1 359 360 -1
0.1 358 1474 -1
0.1 361 362 -1
0.1 1476 363 -1
0.1 1477 364 -1
0.1 366 367 -1
0.1 365 1479 -1
0.1 368 369 -1
0.1 1480 1481 -1
0.1 1478 1482 -1
0.1 371 372 -1
0.1 370 1484 -1
0.1 1483 1485 -1
0.1 373 374 -1
0.1 376 377 -1
0.1 375 1488 -1
0.1 1487 1489 -1
0.1 379 380 -1
0.1 378 1491 -1
0.1 382 383 -1
0.1 381 1493 -1
0.1 1492 1494 -1
0.1 1490 1495 -1
0.1 386 387 -1
0.1 385 1497 -1
0.1 388 389 -1
0.1 1498 1499 -1
0.1 392 393 -1
0.1 391 1501 -1
0.1 390 1502 -1
0.1 1500 1503 -1
0.1 384 1504 -1
0.1 1505 394 -1
0.1 1496 1506 -1
0.1 1486 1507 -1
0.1 396 397 -1
0.1 395 1509 -1
0.1 1508 1510 -1
0.1 1475 1511 -1
0.1 1473 1512 -1
0.1 399 400 -1
0.1 406 407 -1
0.1 405 1515 -1
0.1 404 1516 -1
0.1 1517 408 -1
0.1 403 1518 -1
0.1 402 1519 -1
0.1 409 410 -1
0.1 411 412 -1
0.1 1522 413 -1
0.1 1521 1523 -1
0.1 1520 1524 -1
0.1 401 1525 -1
0.1 414 415 -1
0.1 416 417 -1
0.1 1528 418 -1
0.1 419 420 -1
0.1 1529 1530 -1
0.1 1527 1531 -1
0.1 1526 1532 -1
0.1 1514 1533 -1
0.1 398 1534 -1
0.1 1513 1535 -1
0.1 354 1536 -1
0.1 1471 1537 -1
0.1 1419 1538 -1
0.1 421 422 -1
0.1 423 424 -1
0.1 427 428 -1
0.1 1542 429 -1
0.1 426 1543 -1
0.1 430 431 -1
0.1 1544 1545 -1
0.1 1546 432 -1
0.1 425 1547 -1
0.1 1541 1548 -1
0.1 1540 1549 -1
0.1 433 434 -1
0.1 438 439 -1
0.1 437 1552 -1
0.1 442 443 -1
0.1 445 446 -1
0.1 448 449 -1
0.1 1556 450 -1
0.1 453 454 -1
0.1 452 1558 -1
0.1 1559 455 -1
0.1 451 1560 -1
0.1 1557 1561 -1
0.1 457 458 -1
0.1 461 462 -1
0.1 1564 463 -1
0.1 460 1565 -1
0.1 459 1566 -1
0.1 1563 1567 -1
0.1 456 1568 -1
0.1 1562 1569 -1
0.1 465 466 -1
0.1 464 1571 -1
0.1 1570 1572 -1
0.1 447 1573 -1
0.1 1555 1574 -1
0.1 444 1575 -1
0.1 1554 1576 -1
0.1 441 1577 -1
0.1 467 468 -1
0.1 1578 1579 -1
0.1 440 1580 -1
0.1 470 471 -1
0.1 474 475 -1
0.1 473 1583 -1
0.1 477 478 -1
0.1 1585 479 -1
0.1 476 1586 -1
0.1 480 481 -1
0.1 1587 1588 -1
0.1 1584 1589 -1
0.1 483 484 -1
0.1 482 1591 -1
0.1 1590 1592 -1
0.1 485 486 -1
0.1 489 490 -1
0.1 488 1595 -1
0.1 1596 491 -1
0.1 1597 492 -1
0.1 487 1598 -1
0.1 1594 1599 -1
0.1 1593 1600 -1
0.1 472 1601 -1
0.1 1582 1602 -1
0.1 469 1603 -1
0.1 1581 1604 -1
0.1 1553 1605 -1
0.1 436 1606 -1
0.1 493 494 -1
0.1 497 498 -1
0.1 496 1609 -1
0.1 495 1610 -1
0.1 1611 499 -1
0.1 1612 500 -1
0.1 1608 1613 -1
0.1 501 502 -1
0.1 503 504 -1
0.1 507 508 -1
0.1 1617 509 -1
0.1 506 1618 -1
0.1 510 511 -1
0.1 513 514 -1
0.1 512 1621 -1
0.1 1620 1622 -1
0.1 1619 1623 -1
0.1 505 1624 -1
0.1 515 516 -1
0.1 517 518 -1
0.1 521 522 -1
0.1 520 1628 -1
0.1 519 1629 -1
0.1 1627 1630 -1
0.1 1626 1631 -1
0.1 1625 1632 -1
0.1 1616 1633 -1
0.1 1615 1634 -1
0.1 1614 1635 -1
0.1 525 526 -1
0.1 1637 527 -1
0.1 524 1638 -1
0.1 523 1639 -1
0.1 529 530 -1
0.1 528 1641 -1
0.1 532 533 -1
0.1 531 1643 -1
0.1 1642 1644 -1
0.1 536 537 -1
0.1 535 1646 -1
0.1 538 539 -1
0.1 1648 540 -1
0.1 1649 541 -1
0.1 1647 1650 -1
0.1 534 1651 -1
0.1 1645 1652 -1
0.1 543 544 -1
0.1 542 1654 -1
0.1 545 546 -1
0.1 1656 547 -1
0.1 1655 1657 -1
0.1 1653 1658 -1
0.1 548 549 -1
0.1 551 552 -1
0.1 550 1661 -1
0.1 1660 1662 -1
0.1 1659 1663 -1
0.1 1640 1664 -1
0.1 1636 1665 -1
0.1 1607 1666 -1
0.1 435 1667 -1
0.1 1551 1668 -1
0.1 553 554 -1
0.1 556 557 -1
0.1 555 1671 -1
0.1 559 560 -1
0.1 558 1673 -1
0.1 562 563 -1
0.1 565 566 -1
0.1 564 1676 -1
0.1 1675 1677 -1
0.1 561 1678 -1
0.1 567 568 -1
0.1 1680 569 -1
0.1 573 574 -1
0.1 572 1682 -1
0.1 571 1683 -1
0.1 570 1684 -1
0.1 1681 1685 -1
0.1 1679 1686 -1
0.1 1674 1687 -1
0.1 1672 1688 -1
0.1 577 578 -1
0.1 579 580 -1
0.1 1690 1691 -1
0.1 576 1692 -1
0.1 575 1693 -1
0.1 581 582 -1
0.1 583 584 -1
0.1 1696 585 -1
0.1 1695 1697 -1
0.1 588 589 -1
0.1 587 1699 -1
0.1 586 1700 -1
0.1 1701 590 -1
0.1 1698 1702 -1
0.1 593 594 -1
0.1 592 1704 -1
0.1 591 1705 -1
0.1 1703 1706 -1
0.1 1694 1707 -1
0.1 1708 595 -1
0.1 1689 1709 -1
0.1 596 597 -1
0.1 600 601 -1
0.1 599 1712 -1
0.1 598 1713 -1
0.1 602 603 -1
0.1 1714 1715 -1
0.1 1716 604 -1
0.1 1711 1717 -1
0.1 605 606 -1
0.1 608 609 -1
0.1 607 1720 -1
0.1 1719 1721 -1
0.1 611 612 -1
0.1 613 614 -1
0.1 1723 1724 -1
0.1 610 1725 -1
0.1 1722 1726 -1
0.1 1727 615 -1
0.1 1718 1728 -1
0.1 616 617 -1
0.1 1730 618 -1
0.1 1731 619 -1
0.1 1729 1732 -1
0.1 1710 1733 -1
0.1 1670 1734 -1
0.1 1669 1735 -1
0.1 1736 620 -1
0.1 1550 1737 -1
0.1 1539 1738 -1
0.1 621 622 -1
0.1 624 625 -1
0.1 623 1741 -1
0.1 626 627 -1
0.1 629 630 -1
0.1 628 1744 -1
0.1 631 632 -1
0.1 1745 1746 -1
0.1 1743 1747 -1
0.1 1742 1748 -1
0.1 1740 1749 -1
0.1 634 635 -1
0.1 633 1751 -1
0.1 1752 636 -1
0.1 1753 637 -1
0.1 639 640 -1
0.1 638 1755 -1
0.1 1756 641 -1
0.1 642 643 -1
0.1 644 645 -1
0.1 1759 646 -1
0.1 647 648 -1
0.1 650 651 -1
0.1 652 653 -1
0.1 1763 654 -1
0.1 1762 1764 -1
0.1 649 1765 -1
0.1 1766 655 -1
0.1 1761 1767 -1
0.1 658 659 -1
0.1 1769 660 -1
0.1 657 1770 -1
0.1 662 663 -1
0.1 661 1772 -1
0.1 665 666 -1
0.1 664 1774 -1
0.1 1773 1775 -1
0.1 1771 1776 -1
0.1 656 1777 -1
0.1 1768 1778 -1
0.1 667 668 -1
0.1 671 672 -1
0.1 670 1781 -1
0.1 669 1782 -1
0.1 1780 1783 -1
0.1 673 674 -1
0.1 1784 1785 -1
0.1 675 676 -1
0.1 677 678 -1
0.1 679 680 -1
0.1 1788 1789 -1
0.1 1787 1790 -1
0.1 682 683 -1
0.1 681 1792 -1
0.1 1791 1793 -1
0.1 1786 1794 -1
0.1 687 688 -1
0.1 689 690 -1
0.1 1796 1797 -1
0.1 686 1798 -1
0.1 685 1799 -1
0.1 684 1800 -1
0.1 693 694 -1
0.1 692 1802 -1
0.1 695 696 -1
0.1 697 698 -1
0.1 1804 1805 -1
0.1 699 700 -1
0.1 701 702 -1
0.1 1808 703 -1
0.1 704 705 -1
0.1 1809 1810 -1
0.1 1807 1811 -1
0.1 707 708 -1
0.1 1813 709 -1
0.1 706 1814 -1
0.1 1812 1815 -1
0.1 1806 1816 -1
0.1 1803 1817 -1
0.1 710 711 -1
0.1 1818 1819 -1
0.1 691 1820 -1
0.1 712 713 -1
0.1 715 716 -1
0.1 714 1823 -1
0.1 717 718 -1
0.1 1825 719 -1
0.1 1824 1826 -1
0.1 720 721 -1
0.1 723 724 -1
0.1 722 1829 -1
0.1 727 728 -1
0.1 726 1831 -1
0.1 725 1832 -1
0.1 1833 729 -1
0.1 1834 730 -1
0.1 732 733 -1
0.1 731 1836 -1
0.1 1835 1837 -1
0.1 1830 1838 -1
0.1 1828 1839 -1
0.1 1827 1840 -1
0.1 735 736 -1
0.1 1842 737 -1
0.1 1843 738 -1
0.1 734 1844 -1
0.1 1841 1845 -1
0.1 1822 1846 -1
0.1 1821 1847 -1
0.1 739 740 -1
0.1 742 743 -1
0.1 741 1850 -1
0.1 1849 1851 -1
0.1 1848 1852 -1
0.1 1801 1853 -1
0.1 746 747 -1
0.1 745 1855 -1
0.1 749 750 -1
0.1 1857 751 -1
0.1 748 1858 -1
0.1 1856 1859 -1
0.1 744 1860 -1
0.1 752 753 -1
0.1 1862 754 -1
0.1 756 757 -1
0.1 760 761 -1
0.1 759 1865 -1
0.1 1866 762 -1
0.1 758 1867 -1
0.1 1864 1868 -1
0.1 755 1869 -1
0.1 1870 763 -1
0.1 1863 1871 -1
0.1 1861 1872 -1
0.1 765 766 -1
0.1 764 1874 -1
0.1 767 768 -1
0.1 1875 1876 -1
0.1 771 772 -1
0.1 770 1878 -1
0.1 769 1879 -1
0.1 773 774 -1
0.1 1880 1881 -1
0.1 1877 1882 -1
0.1 1883 775 -1
0.1 779 780 -1
0.1 778 1885 -1
0.1 777 1886 -1
0.1 776 1887 -1
0.1 782 783 -1
0.1 781 1889 -1
0.1 1888 1890 -1
0.1 1884 1891 -1
0.1 1873 1892 -1
0.1 786 787 -1
0.1 785 1894 -1
0.1 784 1895 -1
0.1 791 792 -1
0.1 790 1897 -1
0.1 794 795 -1
0.1 793 1899 -1
0.1 1898 1900 -1
0.1 797 798 -1
0.1 1902 799 -1
0.1 796 1903 -1
0.1 1901 1904 -1
0.1 789 1905 -1
0.1 788 1906 -1
0.1 801 802 -1
0.1 803 804 -1
0.1 805 806 -1
0.1 1910 807 -1
0.1 1909 1911 -1
0.1 1908 1912 -1
0.1 800 1913 -1
0.1 1907 1914 -1
0.1 809 810 -1
0.1 812 813 -1
0.1 811 1917 -1
0.1 1916 1918 -1
0.1 808 1919 -1
0.1 816 817 -1
0.1 818 819 -1
0.1 1921 1922 -1
0.1 815 1923 -1
0.1 814 1924 -1
0.1 820 821 -1
0.1 822 823 -1
0.1 1926 1927 -1
0.1 825 826 -1
0.1 1929 827 -1
0.1 824 1930 -1
0.1 1928 1931 -1
0.1 1925 1932 -1
0.1 1920 1933 -1
0.1 1915 1934 -1
0.1 1896 1935 -1
0.1 831 832 -1
0.1 830 1937 -1
0.1 829 1938 -1
0.1 828 1939 -1
0.1 1940 833 -1
0.1 1936 1941 -1
0.1 1893 1942 -1
0.1 838 839 -1
0.1 837 1944 -1
0.1 836 1945 -1
0.1 835 1946 -1
0.1 1947 840 -1
0.1 834 1948 -1
0.1 843 844 -1
0.1 842 1950 -1
0.1 846 847 -1
0.1 848 849 -1
0.1 850 851 -1
0.1 1953 1954 -1
0.1 1952 1955 -1
0.1 852 853 -1
0.1 1956 1957 -1
0.1 845 1958 -1
0.1 1951 1959 -1
0.1 841 1960 -1
0.1 1949 1961 -1
0.1 854 855 -1
0.1 1962 1963 -1
0.1 858 859 -1
0.1 857 1965 -1
0.1 856 1966 -1
0.1 861 862 -1
0.1 860 1968 -1
0.1 1969 863 -1
0.1 1967 1970 -1
0.1 1964 1971 -1
0.1 864 865 -1
0.1 868 869 -1
0.1 1974 870 -1
0.1 867 1975 -1
0.1 866 1976 -1
0.1 1973 1977 -1
0.1 871 872 -1
0.1 1979 873 -1
0.1 875 876 -1
0.1 877 878 -1
0.1 1981 1982 -1
0.1 879 880 -1
0.1 1983 1984 -1
0.1 874 1985 -1
0.1 882 883 -1
0.1 881 1987 -1
0.1 1986 1988 -1
0.1 1980 1989 -1
0.1 1978 1990 -1
0.1 885 886 -1
0.1 887 888 -1
0.1 1992 1993 -1
0.1 891 892 -1
0.1 890 1995 -1
0.1 1996 893 -1
0.1 889 1997 -1
0.1 1994 1998 -1
0.1 884 1999 -1
0.1 1991 2000 -1
0.1 1972 2001 -1
0.1 895 896 -1
0.1 894 2003 -1
0.1 899 900 -1
0.1 898 2005 -1
0.1 901 902 -1
0.1 903 904 -1
0.1 2008 905 -1
0.1 906 907 -1
0.1 909 910 -1
0.1 908 2011 -1
0.1 911 912 -1
0.1 2012 2013 -1
0.1 2010 2014 -1
0.1 915 916 -1
0.1 914 2016 -1
0.1 2017 917 -1
0.1 913 2018 -1
0.1 2015 2019 -1
0.1 2009 2020 -1
0.1 921 922 -1
0.1 920 2022 -1
0.1 919 2023 -1
0.1 918 2024 -1
0.1 2021 2025 -1
0.1 2007 2026 -1
0.1 2027 923 -1
0.1 2006 2028 -1
0.1 897 2029 -1
0.1 2004 2030 -1
0.1 2002 2031 -1
0.1 1943 2032 -1
0.1 1854 2033 -1
0.1 924 925 -1
0.1 928 929 -1
0.1 2036 930 -1
0.1 927 2037 -1
0.1 926 2038 -1
0.1 2035 2039 -1
0.1 932 933 -1
0.1 931 2041 -1
0.1 2040 2042 -1
0.1 934 935 -1
0.1 936 937 -1
0.1 938 939 -1
0.1 2045 2046 -1
0.1 940 941 -1
0.1 2047 2048 -1
0.1 2044 2049 -1
0.1 942 943 -1
0.1 2050 2051 -1
0.1 2043 2052 -1
0.1 2034 2053 -1
0.1 1795 2054 -1
0.1 945 946 -1
0.1 944 2056 -1
0.1 948 949 -1
0.1 951 952 -1
0.1 950 2059 -1
0.1 2058 2060 -1
0.1 2061 953 -1
0.1 947 2062 -1
0.1 955 956 -1
0.1 2064 957 -1
0.1 954 2065 -1
0.1 958 959 -1
0.1 960 961 -1
0.1 2067 2068 -1
0.1 2066 2069 -1
0.1 2063 2070 -1
0.1 962 963 -1
0.1 2071 2072 -1
0.1 2057 2073 -1
0.1 965 966 -1
0.1 964 2075 -1
0.1 970 971 -1
0.1 969 2077 -1
0.1 968 2078 -1
0.1 967 2079 -1
0.1 2076 2080 -1
0.1 974 975 -1
0.1 2082 976 -1
0.1 973 2083 -1
0.1 972 2084 -1
0.1 979 980 -1
0.1 978 2086 -1
0.1 977 2087 -1
0.1 2088 981 -1
0.1 982 983 -1
0.1 2089 2090 -1
0.1 2085 2091 -1
0.1 2081 2092 -1
0.1 2074 2093 -1
0.1 2055 2094 -1
0.1 1779 2095 -1
0.1 1760 2096 -1
0.1 984 985 -1
0.1 2098 986 -1
0.1 2097 2099 -1
0.1 1758 2100 -1
0.1 1757 2101 -1
0.1 989 990 -1
0.1 2103 991 -1
0.1 988 2104 -1
0.1 987 2105 -1
0.1 2106 992 -1
0.1 2102 2107 -1
0.1 994 995 -1
0.1 996 997 -1
0.1 2109 2110 -1
0.1 993 2111 -1
0.1 2108 2112 -1
0.1 998 999 -1
0.1 1001 1002 -1
0.1 2115 1003 -1
0.1 1000 2116 -1
0.1 1005 1006 -1
0.1 1008 1009 -1
0.1 1007 2119 -1
0.1 2118 2120 -1
0.1 1010 1011 -1
0.1 2121 2122 -1
0.1 1014 1015 -1
0.1 1016 1017 -1
0.1 2124 2125 -1
0.1 1013 2126 -1
0.1 1012 2127 -1
0.1 2123 2128 -1
0.1 1004 2129 -1
0.1 2117 2130 -1
0.1 2114 2131 -1
0.1 2113 2132 -1
0.1 1754 2133 -1
0.1 1018 1019 -1
0.1 2134 2135 -1
0.1 1750 2136 -1
0.1 2137 1020 -1
0.1 1023 1024 -1
0.1 2139 1025 -1
0.1 1022 2140 -1
0.1 1027 1028 -1
0.1 2142 1029 -1
0.1 1032 1033 -1
0.1 1031 2144 -1
0.1 1030 2145 -1
0.1 2143 2146 -1
0.1 1038 1039 -1
0.1 1037 2148 -1
0.1 1036 2149 -1
0.1 1035 2150 -1
0.1 1034 2151 -1
0.1 2147 2152 -1
0.1 1042 1043 -1
0.1 1041 2154 -1
0.1 1044 1045 -1
0.1 2155 2156 -1
0.1 1040 2157 -1
0.1 2153 2158 -1
0.1 2159 1046 -1
0.1 1047 1048 -1
0.1 2161 1049 -1
0.1 1050 1051 -1
0.1 1053 1054 -1
0.1 1052 2164 -1
0.1 2163 2165 -1
0.1 1058 1059 -1
0.1 1057 2167 -1
0.1 1056 2168 -1
0.1 1055 2169 -1
0.1 1060 1061 -1
0.1 2170 2171 -1
0.1 2166 2172 -1
0.1 2162 2173 -1
0.1 2174 1062 -1
0.1 2175 1063 -1
0.1 2160 2176 -1
0.1 1064 1065 -1
0.1 1067 1068 -1
0.1 1066 2179 -1
0.1 2178 2180 -1
0.1 2181 1069 -1
0.1 1071 1072 -1
0.1 1073 1074 -1
0.1 1075 1076 -1
0.1 2185 1077 -1
0.1 2184 2186 -1
0.1 1080 1081 -1
0.1 1079 2188 -1
0.1 1078 2189 -1
0.1 2187 2190 -1
0.1 1082 1083 -1
0.1 2191 2192 -1
0.1 2183 2193 -1
0.1 1070 2194 -1
0.1 2182 2195 -1
0.1 2177 2196 -1
0.1 2197 1084 -1
0.1 1085 1086 -1
0.1 2198 2199 -1
0.1 2200 1087 -1
0.1 1026 2201 -1
0.1 1088 1089 -1
0.1 2202 2203 -1
0.1 2204 1090 -1
0.1 2205 1091 -1
0.1 1093 1094 -1
0.1 1092 2207 -1
0.1 1096 1097 -1
0.1 2209 1098 -1
0.1 1095 2210 -1
0.1 2208 2211 -1
0.1 1100 1101 -1
0.1 2213 1102 -1
0.1 1099 2214 -1
0.1 1104 1105 -1
0.1 1103 2216 -1
0.1 2217 1106 -1
0.1 1107 1108 -1
0.1 1110 1111 -1
0.1 1109 2220 -1
0.1 2219 2221 -1
0.1 2218 2222 -1
0.1 2215 2223 -1
0.1 2212 2224 -1
0.1 2206 2225 -1
0.1 2141 2226 -1
0.1 1021 2227 -1
0.1 2228 1112 -1
0.1 1113 1114 -1
0.1 1115 1116 -1
0.1 1118 1119 -1
0.1 1117 2232 -1
0.1 2233 1120 -1
0.1 2231 2234 -1
0.1 2230 2235 -1
0.1 2229 2236 -1
0.1 2138 2237 -1
0.1 1739 2238 -1
