1 0 0 1
1 0 0 1
1 0 0 1
1 0 0 1
1 0 0 1
1 0 0 1
1 0 0 1
1 0 0 1
1 0 0 1
1 0 0 2
1 0 0 2
1 0 0 2
1 0 0 2
1 0 0 2
1 0 0 2
1 0 0 2
1 0 0 2
1 0 0 2
1 0 0 2
1 0 0 2
1 0 0 2
1 0 0 2
1 0 0 2
1 0 0 2
1 0 0 2
1 0 0 2
1 0 0 2
1 0 0 3
1 0 0 3
1 0 0 3
1 0 0 3
1 0 0 3
1 0 0 3
1 0 0 3
1 0 0 4
1 0 0 4
1 0 0 4
1 0 0 4
1 0 0 4
1 0 0 4
1 0 0 5
1 0 0 5
1 0 0 5
1 0 0 5
1 0 0 5
1 0 0 5
1 0 0 5
1 0 0 5
1 0 0 5
1 0 0 5
1 0 0 5
1 0 0 5
1 0 0 5
1 0 0 5
1 0 0 5
1 0 0 5
1 0 0 5
1 0 0 5
1 0 0 5
1 0 0 5
1 0 0 6
1 0 0 6
1 0 0 6
1 0 0 6
1 0 0 6
1 0 0 6
1 0 0 6
1 0 0 6
1 0 0 6
1 0 0 6
1 0 0 6
1 0 0 6
1 0 0 6
1 0 0 6
1 0 0 6
1 0 0 6
1 0 0 6
1 0 0 6
1 0 0 6
1 0 0 6
1 0 0 7
1 0 0 7
1 0 0 7
1 0 0 7
1 0 0 7
1 0 0 7
1 0 0 7
1 0 0 7
1 0 0 7
1 0 0 7
1 0 0 7
1 0 0 7
1 0 0 7
1 0 0 7
1 0 0 7
1 0 0 7
1 0 0 7
1 0 0 7
1 0 0 7
1 0 0 7
1 0 0 8
1 0 0 8
1 0 0 8
1 0 0 8
1 0 0 8
1 0 0 8
1 0 0 8
1 0 0 8
1 0 0 8
1 0 0 8
1 0 0 8
1 0 0 8
1 0 0 8
1 0 0 8
1 0 0 8
1 0 0 8
1 0 0 8
1 0 0 8
1 0 0 8
1 0 0 8
1 0 0 9
1 0 0 9
1 0 0 9
1 0 0 9
1 0 0 9
1 0 0 9
1 0 0 9
1 0 0 9
1 0 0 9
1 0 0 9
1 0 0 9
1 0 0 9
1 0 0 9
1 0 0 9
1 0 0 9
1 0 0 9
1 0 0 9
1 0 0 9
1 0 0 9
1 0 0 9
1 0 0 4
1 0 0 4
1 0 0 4
1 0 0 4
1 0 0 4
1 0 0 4
1 0 0 4
1 0 0 4
1 0 0 4
1 0 0 4
1 0 0 4
1 0 0 4
1 0 0 4
1 0 0 10
1 0 0 10
1 0 0 10
1 0 0 10
1 0 0 10
1 0 0 10
1 0 0 10
1 0 0 10
1 0 0 10
1 0 0 10
1 0 0 10
1 0 0 10
1 0 0 10
1 0 0 10
1 0 0 10
1 0 0 10
1 0 0 10
1 0 0 10
1 0 0 10
1 0 0 10
1 0 0 4
1 0 0 11
1 0 0 11
1 0 0 12
1 0 0 12
1 0 0 12
1 0 0 12
1 0 0 12
1 0 0 12
1 0 0 12
1 0 0 12
1 0 0 12
1 0 0 12
1 0 0 13
1 0 0 13
1 0 0 13
1 0 0 13
1 0 0 13
1 0 0 13
1 0 0 13
1 0 0 13
1 0 0 13
1 0 0 13
1 0 0 13
1 0 0 13
1 0 0 13
1 0 0 13
1 0 0 13
1 0 0 13
1 0 0 13
1 0 0 13
1 0 0 13
1 0 0 13
1 0 0 12
1 0 0 12
1 0 0 12
1 0 0 12
1 0 0 12
1 0 0 12
1 0 0 12
1 0 0 12
1 0 0 12
1 0 0 12
1 0 0 14
1 0 0 14
1 0 0 14
1 0 0 14
1 0 0 14
1 0 0 14
1 0 0 14
1 0 0 14
1 0 0 14
1 0 0 14
1 0 0 14
1 0 0 14
1 0 0 14
1 0 0 14
1 0 0 14
1 0 0 14
1 0 0 14
1 0 0 14
1 0 0 14
1 0 0 14
1 0 0 15
1 0 0 15
1 0 0 16
1 0 0 16
1 0 0 16
1 0 0 16
1 0 0 16
1 0 0 16
1 0 0 16
1 0 0 16
1 0 0 16
1 0 0 16
1 0 0 16
1 0 0 16
1 0 0 16
1 0 0 16
1 0 0 16
1 0 0 16
1 0 0 16
1 0 0 16
1 0 0 16
1 0 0 16
1 0 0 17
1 0 0 17
1 0 0 17
1 0 0 17
1 0 0 17
1 0 0 17
1 0 0 17
1 0 0 17
1 0 0 17
1 0 0 17
1 0 0 17
1 0 0 17
1 0 0 17
1 0 0 17
1 0 0 17
1 0 0 17
1 0 0 17
1 0 0 17
1 0 0 17
1 0 0 17
1 0 0 18
1 0 0 18
1 0 0 18
1 0 0 18
1 0 0 18
1 0 0 18
1 0 0 18
1 0 0 18
1 0 0 18
1 0 0 18
1 0 0 18
1 0 0 18
1 0 0 18
1 0 0 18
1 0 0 18
1 0 0 18
1 0 0 18
1 0 0 18
1 0 0 18
1 0 0 18
1 0 0 15
1 0 0 15
1 0 0 15
1 0 0 11
1 0 0 11
1 0 0 11
1 0 0 11
1 0 0 11
1 0 0 11
1 0 0 11
1 0 0 11
1 0 0 11
1 0 0 11
1 0 0 11
1 0 0 11
1 0 0 11
1 0 0 11
1 0 0 11
1 0 0 11
1 0 0 11
1 0 0 11
1 0 0 15
1 0 0 15
1 0 0 15
1 0 0 15
1 0 0 15
1 0 0 15
1 0 0 15
1 0 0 15
1 0 0 15
1 0 0 15
1 0 0 19
1 0 0 19
1 0 0 19
1 0 0 19
1 0 0 19
1 0 0 19
1 0 0 19
1 0 0 19
1 0 0 19
1 0 0 19
1 0 0 20
1 0 0 20
1 0 0 20
1 0 0 20
1 0 0 20
1 0 0 20
1 0 0 20
1 0 0 20
1 0 0 20
1 0 0 20
1 0 0 20
1 0 0 20
1 0 0 20
1 0 0 20
1 0 0 20
1 0 0 20
1 0 0 20
1 0 0 20
1 0 0 20
1 0 0 21
1 0 0 21
1 0 0 21
1 0 0 21
1 0 0 21
1 0 0 21
1 0 0 21
1 0 0 21
1 0 0 21
1 0 0 21
1 0 0 21
1 0 0 21
1 0 0 21
1 0 0 21
1 0 0 21
1 0 0 21
1 0 0 21
1 0 0 21
1 0 0 21
1 0 0 21
1 0 0 20
1 0 0 19
1 0 0 19
1 0 0 19
1 0 0 19
1 0 0 19
1 0 0 19
1 0 0 19
1 0 0 19
1 0 0 19
1 0 0 19
1 0 0 15
1 0 0 22
1 0 0 22
1 0 0 22
1 0 0 22
1 0 0 22
1 0 0 22
1 0 0 22
1 0 0 22
1 0 0 22
1 0 0 22
1 0 0 22
1 0 0 22
1 0 0 22
1 0 0 22
1 0 0 22
1 0 0 22
1 0 0 22
1 0 0 22
1 0 0 22
1 0 0 22
1 0 0 15
1 0 0 15
1 0 0 15
1 0 0 15
1 0 0 3
1 0 0 3
1 0 0 3
1 0 0 3
1 0 0 3
1 0 0 3
1 0 0 3
1 0 0 3
1 0 0 3
1 0 0 3
1 0 0 3
1 0 0 3
1 0 0 3
1 0 0 2
1 0 0 23
1 0 0 23
1 0 0 23
1 0 0 23
1 0 0 23
1 0 0 23
1 0 0 23
1 0 0 23
1 0 0 23
1 0 0 23
1 0 0 23
1 0 0 23
1 0 0 23
1 0 0 23
1 0 0 23
1 0 0 23
1 0 0 23
1 0 0 23
1 0 0 23
1 0 0 23
1 0 0 24
1 0 0 24
1 0 0 24
1 0 0 24
1 0 0 24
1 0 0 24
1 0 0 24
1 0 0 24
1 0 0 24
1 0 0 24
1 0 0 24
1 0 0 24
1 0 0 24
1 0 0 24
1 0 0 24
1 0 0 24
1 0 0 24
1 0 0 24
1 0 0 25
1 0 0 25
1 0 0 25
1 0 0 25
1 0 0 25
1 0 0 25
1 0 0 25
1 0 0 25
1 0 0 25
1 0 0 25
1 0 0 25
1 0 0 25
1 0 0 25
1 0 0 25
1 0 0 25
1 0 0 25
1 0 0 25
1 0 0 25
1 0 0 25
1 0 0 25
1 0 0 24
1 0 0 24
1 0 0 26
1 0 0 26
1 0 0 26
1 0 0 26
1 0 0 26
1 0 0 26
1 0 0 26
1 0 0 26
1 0 0 26
1 0 0 26
1 0 0 26
1 0 0 26
1 0 0 27
1 0 0 27
1 0 0 27
1 0 0 27
1 0 0 27
1 0 0 27
1 0 0 27
1 0 0 27
1 0 0 27
1 0 0 27
1 0 0 27
1 0 0 27
1 0 0 27
1 0 0 27
1 0 0 28
1 0 0 28
1 0 0 28
1 0 0 28
1 0 0 28
1 0 0 28
1 0 0 28
1 0 0 28
1 0 0 28
1 0 0 28
1 0 0 28
1 0 0 28
1 0 0 28
1 0 0 28
1 0 0 28
1 0 0 28
1 0 0 28
1 0 0 28
1 0 0 28
1 0 0 28
1 0 0 27
1 0 0 27
1 0 0 27
1 0 0 27
1 0 0 27
1 0 0 27
1 0 0 26
1 0 0 26
1 0 0 26
1 0 0 26
1 0 0 26
1 0 0 26
1 0 0 26
1 0 0 26
1 0 0 29
1 0 0 29
1 0 0 29
1 0 0 29
1 0 0 29
1 0 0 29
1 0 0 29
1 0 0 29
1 0 0 29
1 0 0 29
1 0 0 29
1 0 0 29
1 0 0 29
1 0 0 29
1 0 0 29
1 0 0 29
1 0 0 29
1 0 0 29
1 0 0 29
1 0 0 29
1 0 0 2
1 0 0 30
1 0 0 30
1 0 0 30
1 0 0 30
1 0 0 30
1 0 0 30
1 0 0 30
1 0 0 31
1 0 0 31
1 0 0 31
1 0 0 31
1 0 0 31
1 0 0 31
1 0 0 31
1 0 0 31
1 0 0 31
1 0 0 31
1 0 0 31
1 0 0 31
1 0 0 31
1 0 0 31
1 0 0 31
1 0 0 31
1 0 0 31
1 0 0 31
1 0 0 31
1 0 0 31
1 0 0 30
1 0 0 30
1 0 0 30
1 0 0 30
1 0 0 30
1 0 0 30
1 0 0 32
1 0 0 32
1 0 0 32
1 0 0 32
1 0 0 32
1 0 0 32
1 0 0 32
1 0 0 32
1 0 0 32
1 0 0 32
1 0 0 32
1 0 0 32
1 0 0 32
1 0 0 32
1 0 0 33
1 0 0 33
1 0 0 33
1 0 0 33
1 0 0 33
1 0 0 33
1 0 0 33
1 0 0 33
1 0 0 33
1 0 0 33
1 0 0 33
1 0 0 33
1 0 0 33
1 0 0 33
1 0 0 33
1 0 0 33
1 0 0 33
1 0 0 33
1 0 0 33
1 0 0 33
1 0 0 32
1 0 0 32
1 0 0 32
1 0 0 32
1 0 0 32
1 0 0 32
1 0 0 30
1 0 0 30
1 0 0 30
1 0 0 30
1 0 0 30
1 0 0 30
1 0 0 30
1 0 0 34
1 0 0 34
1 0 0 34
1 0 0 34
1 0 0 34
1 0 0 34
1 0 0 34
1 0 0 34
1 0 0 34
1 0 0 34
1 0 0 34
1 0 0 34
1 0 0 34
1 0 0 34
1 0 0 34
1 0 0 34
1 0 0 34
1 0 0 34
1 0 0 34
1 0 0 34
1 0 0 35
1 0 0 35
1 0 0 35
1 0 0 35
1 0 0 35
1 0 0 35
1 0 0 35
1 0 0 35
1 0 0 35
1 0 0 35
1 0 0 35
1 0 0 35
1 0 0 35
1 0 0 35
1 0 0 35
1 0 0 35
1 0 0 35
1 0 0 36
1 0 0 36
1 0 0 36
1 0 0 36
1 0 0 36
1 0 0 36
1 0 0 36
1 0 0 36
1 0 0 36
1 0 0 36
1 0 0 36
1 0 0 36
1 0 0 36
1 0 0 36
1 0 0 36
1 0 0 36
1 0 0 36
1 0 0 36
1 0 0 36
1 0 0 36
1 0 0 35
1 0 0 35
1 0 0 35
1 0 0 1
1 0 0 1
1 0 0 1
1 0 0 37
1 0 0 37
1 0 0 37
1 0 0 37
1 0 0 37
1 0 0 37
1 0 0 37
1 0 0 37
1 0 0 37
1 0 0 37
1 0 0 37
1 0 0 37
1 0 0 37
1 0 0 37
1 0 0 37
1 0 0 37
1 0 0 37
1 0 0 37
1 0 0 37
1 0 0 37
1 0 0 1
1 0 0 38
1 0 0 38
1 0 0 38
1 0 0 38
1 0 0 39
1 0 0 39
1 0 0 39
1 0 0 39
1 0 0 39
1 0 0 39
1 0 0 39
1 0 0 39
1 0 0 39
1 0 0 39
1 0 0 39
1 0 0 39
1 0 0 39
1 0 0 39
1 0 0 39
1 0 0 39
1 0 0 39
1 0 0 39
1 0 0 39
1 0 0 39
1 0 0 40
1 0 0 40
1 0 0 40
1 0 0 40
1 0 0 40
1 0 0 40
1 0 0 40
1 0 0 40
1 0 0 40
1 0 0 40
1 0 0 40
1 0 0 40
1 0 0 40
1 0 0 40
1 0 0 40
1 0 0 40
1 0 0 40
1 0 0 40
1 0 0 40
1 0 0 40
1 0 0 38
1 0 0 38
1 0 0 38
1 0 0 38
1 0 0 41
1 0 0 41
1 0 0 41
1 0 0 41
1 0 0 41
1 0 0 41
1 0 0 41
1 0 0 41
1 0 0 41
1 0 0 41
1 0 0 41
1 0 0 41
1 0 0 41
1 0 0 41
1 0 0 1
1 0 0 1
1 0 0 1
1 0 0 1
1 0 0 1
1 0 0 1
1 0 0 1
1 0 0 38
1 0 0 38
1 0 0 41
1 0 0 41
1 0 0 41
1 0 0 41
1 0 0 41
1 0 0 41
1 0 0 38
1 0 0 38
1 0 0 38
1 0 0 42
1 0 0 42
1 0 0 42
1 0 0 42
1 0 0 42
1 0 0 42
1 0 0 42
1 0 0 42
1 0 0 42
1 0 0 42
1 0 0 42
1 0 0 42
1 0 0 42
1 0 0 42
1 0 0 42
1 0 0 42
1 0 0 42
1 0 0 42
1 0 0 42
1 0 0 42
1 0 0 38
1 0 0 38
1 0 0 38
1 0 0 38
1 0 0 38
1 0 0 38
1 0 0 38
1 0 0 43
1 0 0 43
1 0 0 43
1 0 0 43
1 0 0 43
1 0 0 43
1 0 0 44
1 0 0 44
1 0 0 44
1 0 0 44
1 0 0 44
1 0 0 44
1 0 0 44
1 0 0 44
1 0 0 44
1 0 0 44
1 0 0 44
1 0 0 44
1 0 0 44
1 0 0 44
1 0 0 44
1 0 0 44
1 0 0 44
1 0 0 44
1 0 0 44
1 0 0 44
1 0 0 45
1 0 0 45
1 0 0 45
1 0 0 45
1 0 0 45
1 0 0 45
1 0 0 45
1 0 0 45
1 0 0 45
1 0 0 45
1 0 0 45
1 0 0 45
1 0 0 45
1 0 0 45
1 0 0 45
1 0 0 45
1 0 0 45
1 0 0 45
1 0 0 45
1 0 0 45
1 0 0 46
1 0 0 46
1 0 0 46
1 0 0 46
1 0 0 46
1 0 0 46
1 0 0 46
1 0 0 46
1 0 0 46
1 0 0 46
1 0 0 46
1 0 0 46
1 0 0 46
1 0 0 46
1 0 0 46
1 0 0 46
1 0 0 46
1 0 0 46
1 0 0 46
1 0 0 46
1 0 0 47
1 0 0 47
1 0 0 47
1 0 0 47
1 0 0 47
1 0 0 47
1 0 0 47
1 0 0 47
1 0 0 47
1 0 0 47
1 0 0 47
1 0 0 47
1 0 0 47
1 0 0 47
1 0 0 47
1 0 0 47
1 0 0 47
1 0 0 47
1 0 0 47
1 0 0 47
1 0 0 48
1 0 0 48
1 0 0 48
1 0 0 48
1 0 0 48
1 0 0 48
1 0 0 48
1 0 0 48
1 0 0 48
1 0 0 48
1 0 0 49
1 0 0 49
1 0 0 49
1 0 0 49
1 0 0 49
1 0 0 49
1 0 0 49
1 0 0 49
1 0 0 49
1 0 0 49
1 0 0 49
1 0 0 49
1 0 0 49
1 0 0 49
1 0 0 49
1 0 0 49
1 0 0 49
1 0 0 49
1 0 0 49
1 0 0 49
1 0 0 48
1 0 0 48
1 0 0 48
1 0 0 48
1 0 0 48
1 0 0 48
1 0 0 48
1 0 0 48
1 0 0 48
1 0 0 48
1 0 0 43
1 0 0 43
1 0 0 43
1 0 0 43
1 0 0 43
1 0 0 43
1 0 0 43
1 0 0 43
1 0 0 43
1 0 0 43
1 0 0 43
1 0 0 43
1 0 0 50
1 0 0 50
1 0 0 50
1 0 0 50
1 0 0 50
1 0 0 50
1 0 0 50
1 0 0 50
1 0 0 50
1 0 0 50
1 0 0 50
1 0 0 50
1 0 0 50
1 0 0 50
1 0 0 50
1 0 0 50
1 0 0 50
1 0 0 50
1 0 0 51
1 0 0 51
1 0 0 51
1 0 0 51
1 0 0 51
1 0 0 51
1 0 0 51
1 0 0 51
1 0 0 51
1 0 0 51
1 0 0 51
1 0 0 51
1 0 0 51
1 0 0 51
1 0 0 51
1 0 0 51
1 0 0 51
1 0 0 51
1 0 0 51
1 0 0 51
1 0 0 50
1 0 0 50
1 0 0 43
1 0 0 43
1 0 0 52
1 0 0 52
1 0 0 52
1 0 0 53
1 0 0 53
1 0 0 53
1 0 0 53
1 0 0 53
1 0 0 53
1 0 0 53
1 0 0 53
1 0 0 53
1 0 0 53
1 0 0 53
1 0 0 53
1 0 0 53
1 0 0 53
1 0 0 53
1 0 0 53
1 0 0 53
1 0 0 53
1 0 0 53
1 0 0 53
1 0 0 54
1 0 0 54
1 0 0 55
1 0 0 55
1 0 0 55
1 0 0 55
1 0 0 55
1 0 0 55
1 0 0 55
1 0 0 55
1 0 0 55
1 0 0 55
1 0 0 55
1 0 0 55
1 0 0 55
1 0 0 55
1 0 0 55
1 0 0 55
1 0 0 55
1 0 0 55
1 0 0 55
1 0 0 55
1 0 0 54
1 0 0 54
1 0 0 54
1 0 0 54
1 0 0 54
1 0 0 54
1 0 0 54
1 0 0 54
1 0 0 54
1 0 0 54
1 0 0 54
1 0 0 56
1 0 0 56
1 0 0 56
1 0 0 56
1 0 0 56
1 0 0 56
1 0 0 56
1 0 0 56
1 0 0 56
1 0 0 56
1 0 0 56
1 0 0 56
1 0 0 56
1 0 0 56
1 0 0 56
1 0 0 56
1 0 0 56
1 0 0 56
1 0 0 56
1 0 0 56
1 0 0 54
1 0 0 54
1 0 0 54
1 0 0 54
1 0 0 54
1 0 0 54
1 0 0 54
1 0 0 52
1 0 0 52
1 0 0 52
1 0 0 52
1 0 0 52
1 0 0 52
1 0 0 57
1 0 0 57
1 0 0 57
1 0 0 57
1 0 0 58
1 0 0 58
1 0 0 58
1 0 0 58
1 0 0 58
1 0 0 58
1 0 0 58
1 0 0 58
1 0 0 58
1 0 0 58
1 0 0 58
1 0 0 58
1 0 0 58
1 0 0 58
1 0 0 58
1 0 0 58
1 0 0 58
1 0 0 58
1 0 0 58
1 0 0 58
1 0 0 57
1 0 0 57
1 0 0 57
1 0 0 57
1 0 0 57
1 0 0 57
1 0 0 57
1 0 0 57
1 0 0 57
1 0 0 57
1 0 0 57
1 0 0 57
1 0 0 57
1 0 0 57
1 0 0 57
1 0 0 57
1 0 0 52
1 0 0 52
1 0 0 52
1 0 0 52
1 0 0 52
1 0 0 52
1 0 0 59
1 0 0 59
1 0 0 59
1 0 0 59
1 0 0 59
1 0 0 59
1 0 0 59
1 0 0 59
1 0 0 59
1 0 0 59
1 0 0 59
1 0 0 59
1 0 0 59
1 0 0 59
1 0 0 59
1 0 0 59
1 0 0 59
1 0 0 59
1 0 0 59
1 0 0 59
1 0 0 52
1 0 0 52
1 0 0 52
1 0 0 52
1 0 0 52
1 0 0 60
1 0 0 60
1 0 0 60
1 0 0 60
1 0 0 60
1 0 0 60
1 0 0 60
1 0 0 60
1 0 0 60
1 0 0 60
1 0 0 60
1 0 0 60
1 0 0 60
1 0 0 60
1 0 0 60
1 0 0 60
1 0 0 60
1 0 0 60
1 0 0 60
1 0 0 60
0.1 2 3 -1
0.1 4 5 -1
0.1 6 7 -1
0.1 8 9 -1
0.1 1203 1204 -1
0.1 1202 1205 -1
0.1 1201 1206 -1
0.1 1 1207 -1
0.1 10 11 -1
0.1 12 13 -1
0.1 14 15 -1
0.1 1210 1211 -1
0.1 1209 1212 -1
0.1 1213 16 -1
0.1 19 20 -1
0.1 18 1215 -1
0.1 21 22 -1
0.1 1216 1217 -1
0.1 17 1218 -1
0.1 23 24 -1
0.1 1219 1220 -1
0.1 1214 1221 -1
0.1 28 29 -1
0.1 30 31 -1
0.1 33 34 -1
0.1 32 1225 -1
0.1 1224 1226 -1
0.1 1223 1227 -1
0.1 37 38 -1
0.1 36 1229 -1
0.1 35 1230 -1
0.1 39 40 -1
0.1 43 44 -1
0.1 42 1233 -1
0.1 41 1234 -1
0.1 45 46 -1
0.1 1235 1236 -1
0.1 49 50 -1
0.1 48 1238 -1
0.1 52 53 -1
0.1 1240 54 -1
0.1 51 1241 -1
0.1 1239 1242 -1
0.1 47 1243 -1
0.1 55 56 -1
0.1 57 58 -1
0.1 1245 1246 -1
0.1 1244 1247 -1
0.1 1237 1248 -1
0.1 59 60 -1
0.1 65 66 -1
0.1 64 1251 -1
0.1 63 1252 -1
0.1 68 69 -1
0.1 67 1254 -1
0.1 1253 1255 -1
0.1 62 1256 -1
0.1 61 1257 -1
0.1 70 71 -1
0.1 72 73 -1
0.1 74 75 -1
0.1 76 77 -1
0.1 1261 1262 -1
0.1 1260 1263 -1
0.1 79 80 -1
0.1 78 1265 -1
0.1 1264 1266 -1
0.1 1259 1267 -1
0.1 1258 1268 -1
0.1 81 82 -1
0.1 84 85 -1
0.1 1271 86 -1
0.1 83 1272 -1
0.1 87 88 -1
0.1 1273 1274 -1
0.1 89 90 -1
0.1 1275 1276 -1
0.1 94 95 -1
0.1 93 1278 -1
0.1 1279 96 -1
0.1 92 1280 -1
0.1 91 1281 -1
0.1 1277 1282 -1
0.1 1270 1283 -1
0.1 1269 1284 -1
0.1 97 98 -1
0.1 1286 99 -1
0.1 1287 100 -1
0.1 1285 1288 -1
0.1 1250 1289 -1
0.1 1249 1290 -1
0.1 1232 1291 -1
0.1 101 102 -1
0.1 105 106 -1
0.1 1294 107 -1
0.1 104 1295 -1
0.1 1296 108 -1
0.1 112 113 -1
0.1 111 1298 -1
0.1 110 1299 -1
0.1 109 1300 -1
0.1 114 115 -1
0.1 1301 1302 -1
0.1 1297 1303 -1
0.1 103 1304 -1
0.1 1305 116 -1
0.1 1293 1306 -1
0.1 118 119 -1
0.1 117 1308 -1
0.1 1309 120 -1
0.1 1307 1310 -1
0.1 1292 1311 -1
0.1 1231 1312 -1
0.1 123 124 -1
0.1 126 127 -1
0.1 125 1315 -1
0.1 128 129 -1
0.1 1317 130 -1
0.1 1318 131 -1
0.1 133 134 -1
0.1 132 1320 -1
0.1 1319 1321 -1
0.1 1322 135 -1
0.1 1323 136 -1
0.1 1316 1324 -1
0.1 1314 1325 -1
0.1 122 1326 -1
0.1 138 139 -1
0.1 137 1328 -1
0.1 1327 1329 -1
0.1 121 1330 -1
0.1 1331 140 -1
0.1 144 145 -1
0.1 143 1333 -1
0.1 1334 146 -1
0.1 142 1335 -1
0.1 148 149 -1
0.1 150 151 -1
0.1 1338 152 -1
0.1 1337 1339 -1
0.1 147 1340 -1
0.1 1336 1341 -1
0.1 1342 153 -1
0.1 141 1343 -1
0.1 1332 1344 -1
0.1 1313 1345 -1
0.1 155 156 -1
0.1 154 1347 -1
0.1 157 158 -1
0.1 159 160 -1
0.1 1349 1350 -1
0.1 162 163 -1
0.1 161 1352 -1
0.1 1351 1353 -1
0.1 164 165 -1
0.1 1355 166 -1
0.1 1354 1356 -1
0.1 1357 167 -1
0.1 170 171 -1
0.1 169 1359 -1
0.1 168 1360 -1
0.1 172 173 -1
0.1 1361 1362 -1
0.1 1358 1363 -1
0.1 1348 1364 -1
0.1 1346 1365 -1
0.1 1366 174 -1
0.1 175 176 -1
0.1 178 179 -1
0.1 177 1369 -1
0.1 183 184 -1
0.1 182 1371 -1
0.1 181 1372 -1
0.1 180 1373 -1
0.1 1370 1374 -1
0.1 185 186 -1
0.1 1375 1376 -1
0.1 188 189 -1
0.1 187 1378 -1
0.1 1379 190 -1
0.1 191 192 -1
0.1 1381 193 -1
0.1 200 201 -1
0.1 199 1383 -1
0.1 1384 202 -1
0.1 198 1385 -1
0.1 197 1386 -1
0.1 196 1387 -1
0.1 195 1388 -1
0.1 194 1389 -1
0.1 1382 1390 -1
0.1 204 205 -1
0.1 1392 206 -1
0.1 203 1393 -1
0.1 1391 1394 -1
0.1 1380 1395 -1
0.1 208 209 -1
0.1 1397 210 -1
0.1 212 213 -1
0.1 211 1399 -1
0.1 1398 1400 -1
0.1 215 216 -1
0.1 214 1402 -1
0.1 1401 1403 -1
0.1 207 1404 -1
0.1 1396 1405 -1
0.1 1377 1406 -1
0.1 218 219 -1
0.1 217 1408 -1
0.1 220 221 -1
0.1 223 224 -1
0.1 225 226 -1
0.1 1411 1412 -1
0.1 222 1413 -1
0.1 227 228 -1
0.1 1414 1415 -1
0.1 231 232 -1
0.1 230 1417 -1
0.1 229 1418 -1
0.1 1416 1419 -1
0.1 1410 1420 -1
0.1 235 236 -1
0.1 234 1422 -1
0.1 233 1423 -1
0.1 1421 1424 -1
0.1 1409 1425 -1
0.1 1407 1426 -1
0.1 239 240 -1
0.1 242 243 -1
0.1 241 1429 -1
0.1 1430 244 -1
0.1 1428 1431 -1
0.1 245 246 -1
0.1 247 248 -1
0.1 249 250 -1
0.1 1434 1435 -1
0.1 1433 1436 -1
0.1 251 252 -1
0.1 1437 1438 -1
0.1 253 254 -1
0.1 1439 1440 -1
0.1 256 257 -1
0.1 1442 258 -1
0.1 255 1443 -1
0.1 1441 1444 -1
0.1 1432 1445 -1
0.1 261 262 -1
0.1 260 1447 -1
0.1 259 1448 -1
0.1 265 266 -1
0.1 264 1450 -1
0.1 263 1451 -1
0.1 267 268 -1
0.1 1452 1453 -1
0.1 270 271 -1
0.1 272 273 -1
0.1 1455 1456 -1
0.1 269 1457 -1
0.1 1454 1458 -1
0.1 1449 1459 -1
0.1 1460 274 -1
0.1 277 278 -1
0.1 276 1462 -1
0.1 275 1463 -1
0.1 281 282 -1
0.1 280 1465 -1
0.1 283 284 -1
0.1 285 286 -1
0.1 1468 287 -1
0.1 288 289 -1
0.1 290 291 -1
0.1 293 294 -1
0.1 292 1472 -1
0.1 1471 1473 -1
0.1 1470 1474 -1
0.1 1475 295 -1
0.1 1476 296 -1
0.1 1469 1477 -1
0.1 1467 1478 -1
0.1 297 298 -1
0.1 1479 1480 -1
0.1 1466 1481 -1
0.1 279 1482 -1
0.1 1464 1483 -1
0.1 1461 1484 -1
0.1 1446 1485 -1
0.1 238 1486 -1
0.1 237 1487 -1
0.1 299 300 -1
0.1 1488 1489 -1
0.1 1490 301 -1
0.1 1427 1491 -1
0.1 305 306 -1
0.1 304 1493 -1
0.1 303 1494 -1
0.1 302 1495 -1
0.1 307 308 -1
0.1 309 310 -1
0.1 311 312 -1
0.1 1498 1499 -1
0.1 313 314 -1
0.1 1500 1501 -1
0.1 315 316 -1
0.1 318 319 -1
0.1 317 1504 -1
0.1 1503 1505 -1
0.1 1502 1506 -1
0.1 1497 1507 -1
0.1 1496 1508 -1
0.1 1492 1509 -1
0.1 324 325 -1
0.1 323 1511 -1
0.1 1512 326 -1
0.1 322 1513 -1
0.1 321 1514 -1
0.1 320 1515 -1
0.1 332 333 -1
0.1 1517 334 -1
0.1 1518 335 -1
0.1 336 337 -1
0.1 1519 1520 -1
0.1 331 1521 -1
0.1 338 339 -1
0.1 1522 1523 -1
0.1 330 1524 -1
0.1 343 344 -1
0.1 342 1526 -1
0.1 341 1527 -1
0.1 340 1528 -1
0.1 347 348 -1
0.1 346 1530 -1
0.1 345 1531 -1
0.1 351 352 -1
0.1 350 1533 -1
0.1 349 1534 -1
0.1 1532 1535 -1
0.1 1536 353 -1
0.1 355 356 -1
0.1 354 1538 -1
0.1 357 358 -1
0.1 1539 1540 -1
0.1 1537 1541 -1
0.1 362 363 -1
0.1 361 1543 -1
0.1 360 1544 -1
0.1 359 1545 -1
0.1 365 366 -1
0.1 364 1547 -1
0.1 368 369 -1
0.1 367 1549 -1
0.1 1548 1550 -1
0.1 373 374 -1
0.1 372 1552 -1
0.1 376 377 -1
0.1 1554 378 -1
0.1 375 1555 -1
0.1 1553 1556 -1
0.1 371 1557 -1
0.1 370 1558 -1
0.1 1551 1559 -1
0.1 1546 1560 -1
0.1 1561 379 -1
0.1 1542 1562 -1
0.1 1529 1563 -1
0.1 382 383 -1
0.1 381 1565 -1
0.1 385 386 -1
0.1 384 1567 -1
0.1 1566 1568 -1
0.1 388 389 -1
0.1 387 1570 -1
0.1 1569 1571 -1
0.1 380 1572 -1
0.1 1564 1573 -1
0.1 1525 1574 -1
0.1 1575 390 -1
0.1 329 1576 -1
0.1 328 1577 -1
0.1 327 1578 -1
0.1 392 393 -1
0.1 1580 394 -1
0.1 1581 395 -1
0.1 1582 396 -1
0.1 391 1583 -1
0.1 399 400 -1
0.1 401 402 -1
0.1 1586 403 -1
0.1 1585 1587 -1
0.1 398 1588 -1
0.1 1589 404 -1
0.1 1590 405 -1
0.1 397 1591 -1
0.1 1584 1592 -1
0.1 407 408 -1
0.1 406 1594 -1
0.1 409 410 -1
0.1 1595 1596 -1
0.1 1593 1597 -1
0.1 1579 1598 -1
0.1 1516 1599 -1
0.1 1510 1600 -1
0.1 1368 1601 -1
0.1 1367 1602 -1
0.1 412 413 -1
0.1 1604 414 -1
0.1 411 1605 -1
0.1 1603 1606 -1
0.1 416 417 -1
0.1 415 1608 -1
0.1 418 419 -1
0.1 1609 1610 -1
0.1 422 423 -1
0.1 1612 424 -1
0.1 421 1613 -1
0.1 420 1614 -1
0.1 425 426 -1
0.1 1616 427 -1
0.1 1615 1617 -1
0.1 1611 1618 -1
0.1 1607 1619 -1
0.1 1228 1620 -1
0.1 1621 428 -1
0.1 27 1622 -1
0.1 26 1623 -1
0.1 25 1624 -1
0.1 1222 1625 -1
0.1 429 430 -1
0.1 431 432 -1
0.1 433 434 -1
0.1 1628 1629 -1
0.1 1627 1630 -1
0.1 437 438 -1
0.1 436 1632 -1
0.1 435 1633 -1
0.1 1634 439 -1
0.1 440 441 -1
0.1 1635 1636 -1
0.1 442 443 -1
0.1 1637 1638 -1
0.1 1639 444 -1
0.1 1640 445 -1
0.1 447 448 -1
0.1 446 1642 -1
0.1 450 451 -1
0.1 1644 452 -1
0.1 449 1645 -1
0.1 453 454 -1
0.1 1647 455 -1
0.1 457 458 -1
0.1 456 1649 -1
0.1 1650 459 -1
0.1 460 461 -1
0.1 1652 462 -1
0.1 463 464 -1
0.1 1654 465 -1
0.1 1653 1655 -1
0.1 1651 1656 -1
0.1 1648 1657 -1
0.1 1646 1658 -1
0.1 468 469 -1
0.1 1660 470 -1
0.1 467 1661 -1
0.1 471 472 -1
0.1 474 475 -1
0.1 473 1664 -1
0.1 477 478 -1
0.1 479 480 -1
0.1 1666 1667 -1
0.1 482 483 -1
0.1 481 1669 -1
0.1 484 485 -1
0.1 1670 1671 -1
0.1 1672 486 -1
0.1 1668 1673 -1
0.1 476 1674 -1
0.1 1665 1675 -1
0.1 1663 1676 -1
0.1 1662 1677 -1
0.1 487 488 -1
0.1 1678 1679 -1
0.1 466 1680 -1
0.1 1659 1681 -1
0.1 489 490 -1
0.1 492 493 -1
0.1 491 1684 -1
0.1 496 497 -1
0.1 495 1686 -1
0.1 494 1687 -1
0.1 499 500 -1
0.1 498 1689 -1
0.1 1688 1690 -1
0.1 1685 1691 -1
0.1 1683 1692 -1
0.1 502 503 -1
0.1 501 1694 -1
0.1 505 506 -1
0.1 1696 507 -1
0.1 504 1697 -1
0.1 1698 508 -1
0.1 509 510 -1
0.1 1699 1700 -1
0.1 511 512 -1
0.1 513 514 -1
0.1 1702 1703 -1
0.1 516 517 -1
0.1 515 1705 -1
0.1 518 519 -1
0.1 1707 520 -1
0.1 1708 521 -1
0.1 1709 522 -1
0.1 523 524 -1
0.1 1710 1711 -1
0.1 526 527 -1
0.1 1713 528 -1
0.1 525 1714 -1
0.1 1712 1715 -1
0.1 530 531 -1
0.1 529 1717 -1
0.1 1718 532 -1
0.1 1719 533 -1
0.1 1716 1720 -1
0.1 1721 534 -1
0.1 1706 1722 -1
0.1 536 537 -1
0.1 535 1724 -1
0.1 1723 1725 -1
0.1 1704 1726 -1
0.1 1701 1727 -1
0.1 1695 1728 -1
0.1 539 540 -1
0.1 538 1730 -1
0.1 1729 1731 -1
0.1 1693 1732 -1
0.1 542 543 -1
0.1 541 1734 -1
0.1 1735 544 -1
0.1 1733 1736 -1
0.1 545 546 -1
0.1 547 548 -1
0.1 1738 1739 -1
0.1 1737 1740 -1
0.1 1682 1741 -1
0.1 1643 1742 -1
0.1 1641 1743 -1
0.1 1631 1744 -1
0.1 549 550 -1
0.1 1746 551 -1
0.1 1747 552 -1
0.1 553 554 -1
0.1 1748 1749 -1
0.1 557 558 -1
0.1 556 1751 -1
0.1 560 561 -1
0.1 559 1753 -1
0.1 563 564 -1
0.1 562 1755 -1
0.1 1756 565 -1
0.1 1754 1757 -1
0.1 566 567 -1
0.1 1758 1759 -1
0.1 1752 1760 -1
0.1 555 1761 -1
0.1 1762 568 -1
0.1 1750 1763 -1
0.1 1745 1764 -1
0.1 1626 1765 -1
0.1 570 571 -1
0.1 572 573 -1
0.1 1767 1768 -1
0.1 577 578 -1
0.1 580 581 -1
0.1 583 584 -1
0.1 582 1772 -1
0.1 1771 1773 -1
0.1 585 586 -1
0.1 1775 587 -1
0.1 1774 1776 -1
0.1 579 1777 -1
0.1 590 591 -1
0.1 1779 592 -1
0.1 589 1780 -1
0.1 588 1781 -1
0.1 594 595 -1
0.1 593 1783 -1
0.1 1782 1784 -1
0.1 1785 596 -1
0.1 1778 1786 -1
0.1 1770 1787 -1
0.1 576 1788 -1
0.1 575 1789 -1
0.1 574 1790 -1
0.1 1769 1791 -1
0.1 599 600 -1
0.1 598 1793 -1
0.1 601 602 -1
0.1 603 604 -1
0.1 606 607 -1
0.1 605 1797 -1
0.1 611 612 -1
0.1 610 1799 -1
0.1 609 1800 -1
0.1 608 1801 -1
0.1 1802 613 -1
0.1 1798 1803 -1
0.1 1796 1804 -1
0.1 615 616 -1
0.1 614 1806 -1
0.1 617 618 -1
0.1 621 622 -1
0.1 620 1809 -1
0.1 619 1810 -1
0.1 1811 623 -1
0.1 1808 1812 -1
0.1 625 626 -1
0.1 1814 627 -1
0.1 624 1815 -1
0.1 628 629 -1
0.1 630 631 -1
0.1 1818 632 -1
0.1 1817 1819 -1
0.1 1816 1820 -1
0.1 633 634 -1
0.1 635 636 -1
0.1 1822 1823 -1
0.1 1821 1824 -1
0.1 1813 1825 -1
0.1 637 638 -1
0.1 641 642 -1
0.1 640 1828 -1
0.1 639 1829 -1
0.1 1827 1830 -1
0.1 1826 1831 -1
0.1 1807 1832 -1
0.1 1805 1833 -1
0.1 643 644 -1
0.1 1834 1835 -1
0.1 1795 1836 -1
0.1 1794 1837 -1
0.1 597 1838 -1
0.1 1792 1839 -1
0.1 645 646 -1
0.1 647 648 -1
0.1 1842 649 -1
0.1 653 654 -1
0.1 1844 655 -1
0.1 652 1845 -1
0.1 651 1846 -1
0.1 650 1847 -1
0.1 1848 656 -1
0.1 1849 657 -1
0.1 658 659 -1
0.1 660 661 -1
0.1 662 663 -1
0.1 1852 1853 -1
0.1 1851 1854 -1
0.1 665 666 -1
0.1 668 669 -1
0.1 667 1857 -1
0.1 1856 1858 -1
0.1 664 1859 -1
0.1 1855 1860 -1
0.1 1850 1861 -1
0.1 1843 1862 -1
0.1 1841 1863 -1
0.1 1840 1864 -1
0.1 569 1865 -1
0.1 1766 1866 -1
0.1 1208 1867 -1
0.1 672 673 -1
0.1 1869 674 -1
0.1 671 1870 -1
0.1 675 676 -1
0.1 1872 677 -1
0.1 678 679 -1
0.1 1874 680 -1
0.1 1873 1875 -1
0.1 1871 1876 -1
0.1 670 1877 -1
0.1 684 685 -1
0.1 1879 686 -1
0.1 683 1880 -1
0.1 682 1881 -1
0.1 688 689 -1
0.1 687 1883 -1
0.1 693 694 -1
0.1 692 1885 -1
0.1 691 1886 -1
0.1 690 1887 -1
0.1 695 696 -1
0.1 697 698 -1
0.1 699 700 -1
0.1 701 702 -1
0.1 1891 1892 -1
0.1 1890 1893 -1
0.1 1889 1894 -1
0.1 1888 1895 -1
0.1 703 704 -1
0.1 1896 1897 -1
0.1 705 706 -1
0.1 1898 1899 -1
0.1 1884 1900 -1
0.1 1901 707 -1
0.1 1902 708 -1
0.1 1903 709 -1
0.1 1882 1904 -1
0.1 681 1905 -1
0.1 1878 1906 -1
0.1 1868 1907 -1
0.1 711 712 -1
0.1 713 714 -1
0.1 715 716 -1
0.1 717 718 -1
0.1 1911 1912 -1
0.1 1910 1913 -1
0.1 720 721 -1
0.1 1915 722 -1
0.1 719 1916 -1
0.1 723 724 -1
0.1 1917 1918 -1
0.1 1914 1919 -1
0.1 728 729 -1
0.1 727 1921 -1
0.1 726 1922 -1
0.1 725 1923 -1
0.1 730 731 -1
0.1 1924 1925 -1
0.1 1926 732 -1
0.1 1920 1927 -1
0.1 1909 1928 -1
0.1 710 1929 -1
0.1 738 739 -1
0.1 741 742 -1
0.1 740 1932 -1
0.1 1931 1933 -1
0.1 747 748 -1
0.1 746 1935 -1
0.1 745 1936 -1
0.1 749 750 -1
0.1 1937 1938 -1
0.1 744 1939 -1
0.1 752 753 -1
0.1 755 756 -1
0.1 1942 757 -1
0.1 754 1943 -1
0.1 1941 1944 -1
0.1 751 1945 -1
0.1 1940 1946 -1
0.1 743 1947 -1
0.1 1934 1948 -1
0.1 737 1949 -1
0.1 736 1950 -1
0.1 758 759 -1
0.1 761 762 -1
0.1 764 765 -1
0.1 763 1954 -1
0.1 1953 1955 -1
0.1 760 1956 -1
0.1 767 768 -1
0.1 769 770 -1
0.1 771 772 -1
0.1 1959 1960 -1
0.1 1958 1961 -1
0.1 773 774 -1
0.1 1962 1963 -1
0.1 766 1964 -1
0.1 1957 1965 -1
0.1 1952 1966 -1
0.1 775 776 -1
0.1 1968 777 -1
0.1 1967 1969 -1
0.1 1951 1970 -1
0.1 735 1971 -1
0.1 1972 778 -1
0.1 734 1973 -1
0.1 1974 779 -1
0.1 780 781 -1
0.1 1975 1976 -1
0.1 782 783 -1
0.1 1978 784 -1
0.1 785 786 -1
0.1 1979 1980 -1
0.1 790 791 -1
0.1 789 1982 -1
0.1 1983 792 -1
0.1 788 1984 -1
0.1 787 1985 -1
0.1 1981 1986 -1
0.1 793 794 -1
0.1 1988 795 -1
0.1 1987 1989 -1
0.1 798 799 -1
0.1 800 801 -1
0.1 1992 802 -1
0.1 1991 1993 -1
0.1 797 1994 -1
0.1 796 1995 -1
0.1 803 804 -1
0.1 805 806 -1
0.1 808 809 -1
0.1 807 1999 -1
0.1 2000 810 -1
0.1 1998 2001 -1
0.1 811 812 -1
0.1 814 815 -1
0.1 817 818 -1
0.1 816 2005 -1
0.1 2004 2006 -1
0.1 819 820 -1
0.1 822 823 -1
0.1 821 2009 -1
0.1 2008 2010 -1
0.1 2007 2011 -1
0.1 826 827 -1
0.1 825 2013 -1
0.1 830 831 -1
0.1 832 833 -1
0.1 2015 2016 -1
0.1 829 2017 -1
0.1 828 2018 -1
0.1 2014 2019 -1
0.1 824 2020 -1
0.1 2012 2021 -1
0.1 834 835 -1
0.1 2022 2023 -1
0.1 813 2024 -1
0.1 2003 2025 -1
0.1 836 837 -1
0.1 838 839 -1
0.1 2027 2028 -1
0.1 2029 840 -1
0.1 2026 2030 -1
0.1 2002 2031 -1
0.1 1997 2032 -1
0.1 1996 2033 -1
0.1 1990 2034 -1
0.1 1977 2035 -1
0.1 733 2036 -1
0.1 1930 2037 -1
0.1 841 842 -1
0.1 843 844 -1
0.1 845 846 -1
0.1 2040 2041 -1
0.1 2039 2042 -1
0.1 849 850 -1
0.1 848 2044 -1
0.1 851 852 -1
0.1 2045 2046 -1
0.1 847 2047 -1
0.1 853 854 -1
0.1 855 856 -1
0.1 2050 857 -1
0.1 2049 2051 -1
0.1 858 859 -1
0.1 860 861 -1
0.1 2053 2054 -1
0.1 2055 862 -1
0.1 2052 2056 -1
0.1 2057 863 -1
0.1 2048 2058 -1
0.1 865 866 -1
0.1 864 2060 -1
0.1 868 869 -1
0.1 867 2062 -1
0.1 870 871 -1
0.1 2063 2064 -1
0.1 2065 872 -1
0.1 877 878 -1
0.1 876 2067 -1
0.1 875 2068 -1
0.1 874 2069 -1
0.1 873 2070 -1
0.1 2066 2071 -1
0.1 879 880 -1
0.1 2073 881 -1
0.1 883 884 -1
0.1 882 2075 -1
0.1 2074 2076 -1
0.1 885 886 -1
0.1 2077 2078 -1
0.1 2072 2079 -1
0.1 887 888 -1
0.1 889 890 -1
0.1 2081 2082 -1
0.1 892 893 -1
0.1 891 2084 -1
0.1 894 895 -1
0.1 2085 2086 -1
0.1 896 897 -1
0.1 2088 898 -1
0.1 899 900 -1
0.1 2089 2090 -1
0.1 2091 901 -1
0.1 2087 2092 -1
0.1 2083 2093 -1
0.1 903 904 -1
0.1 905 906 -1
0.1 907 908 -1
0.1 910 911 -1
0.1 909 2098 -1
0.1 912 913 -1
0.1 2099 2100 -1
0.1 2097 2101 -1
0.1 915 916 -1
0.1 914 2103 -1
0.1 2104 917 -1
0.1 919 920 -1
0.1 918 2106 -1
0.1 924 925 -1
0.1 923 2108 -1
0.1 2109 926 -1
0.1 922 2110 -1
0.1 921 2111 -1
0.1 2107 2112 -1
0.1 2105 2113 -1
0.1 2102 2114 -1
0.1 2096 2115 -1
0.1 2095 2116 -1
0.1 902 2117 -1
0.1 2094 2118 -1
0.1 2080 2119 -1
0.1 2061 2120 -1
0.1 2059 2121 -1
0.1 2043 2122 -1
0.1 932 933 -1
0.1 931 2124 -1
0.1 930 2125 -1
0.1 929 2126 -1
0.1 928 2127 -1
0.1 2128 934 -1
0.1 927 2129 -1
0.1 939 940 -1
0.1 938 2131 -1
0.1 937 2132 -1
0.1 941 942 -1
0.1 2134 943 -1
0.1 2135 944 -1
0.1 2133 2136 -1
0.1 945 946 -1
0.1 947 948 -1
0.1 2138 2139 -1
0.1 2137 2140 -1
0.1 949 950 -1
0.1 951 952 -1
0.1 2142 2143 -1
0.1 953 954 -1
0.1 2145 955 -1
0.1 2146 956 -1
0.1 2144 2147 -1
0.1 2141 2148 -1
0.1 936 2149 -1
0.1 935 2150 -1
0.1 2130 2151 -1
0.1 958 959 -1
0.1 957 2153 -1
0.1 961 962 -1
0.1 960 2155 -1
0.1 2154 2156 -1
0.1 964 965 -1
0.1 963 2158 -1
0.1 2159 966 -1
0.1 2157 2160 -1
0.1 2152 2161 -1
0.1 2123 2162 -1
0.1 968 969 -1
0.1 967 2164 -1
0.1 976 977 -1
0.1 2166 978 -1
0.1 975 2167 -1
0.1 974 2168 -1
0.1 973 2169 -1
0.1 972 2170 -1
0.1 971 2171 -1
0.1 970 2172 -1
0.1 980 981 -1
0.1 979 2174 -1
0.1 2175 982 -1
0.1 983 984 -1
0.1 985 986 -1
0.1 2177 2178 -1
0.1 987 988 -1
0.1 989 990 -1
0.1 2180 2181 -1
0.1 2179 2182 -1
0.1 2176 2183 -1
0.1 993 994 -1
0.1 992 2185 -1
0.1 991 2186 -1
0.1 999 1000 -1
0.1 998 2188 -1
0.1 1002 1003 -1
0.1 1004 1005 -1
0.1 2190 2191 -1
0.1 1001 2192 -1
0.1 2189 2193 -1
0.1 1006 1007 -1
0.1 1008 1009 -1
0.1 2195 2196 -1
0.1 2194 2197 -1
0.1 997 2198 -1
0.1 1012 1013 -1
0.1 1011 2200 -1
0.1 1010 2201 -1
0.1 1015 1016 -1
0.1 1014 2203 -1
0.1 2202 2204 -1
0.1 2199 2205 -1
0.1 996 2206 -1
0.1 995 2207 -1
0.1 2187 2208 -1
0.1 1017 1018 -1
0.1 2209 2210 -1
0.1 2184 2211 -1
0.1 1019 1020 -1
0.1 1022 1023 -1
0.1 1021 2214 -1
0.1 1024 1025 -1
0.1 1028 1029 -1
0.1 1027 2217 -1
0.1 1026 2218 -1
0.1 2216 2219 -1
0.1 1030 1031 -1
0.1 2220 2221 -1
0.1 1033 1034 -1
0.1 1032 2223 -1
0.1 1035 1036 -1
0.1 1038 1039 -1
0.1 1037 2226 -1
0.1 2225 2227 -1
0.1 2224 2228 -1
0.1 1040 1041 -1
0.1 2229 2230 -1
0.1 2231 1042 -1
0.1 2232 1043 -1
0.1 2222 2233 -1
0.1 2215 2234 -1
0.1 1046 1047 -1
0.1 1048 1049 -1
0.1 2237 1050 -1
0.1 2238 1051 -1
0.1 2236 2239 -1
0.1 1052 1053 -1
0.1 1054 1055 -1
0.1 1056 1057 -1
0.1 2242 2243 -1
0.1 1058 1059 -1
0.1 1060 1061 -1
0.1 2245 2246 -1
0.1 2244 2247 -1
0.1 1062 1063 -1
0.1 1064 1065 -1
0.1 2249 2250 -1
0.1 2248 2251 -1
0.1 2241 2252 -1
0.1 2240 2253 -1
0.1 2254 1066 -1
0.1 1045 2255 -1
0.1 1044 2256 -1
0.1 1068 1069 -1
0.1 1067 2258 -1
0.1 2259 1070 -1
0.1 1072 1073 -1
0.1 2261 1074 -1
0.1 2262 1075 -1
0.1 1071 2263 -1
0.1 2260 2264 -1
0.1 1077 1078 -1
0.1 2266 1079 -1
0.1 1082 1083 -1
0.1 1081 2268 -1
0.1 1080 2269 -1
0.1 1085 1086 -1
0.1 1084 2271 -1
0.1 2270 2272 -1
0.1 1089 1090 -1
0.1 1088 2274 -1
0.1 1091 1092 -1
0.1 1094 1095 -1
0.1 1093 2277 -1
0.1 2276 2278 -1
0.1 2279 1096 -1
0.1 2275 2280 -1
0.1 1087 2281 -1
0.1 2273 2282 -1
0.1 2267 2283 -1
0.1 1076 2284 -1
0.1 2265 2285 -1
0.1 1097 1098 -1
0.1 2287 1099 -1
0.1 2286 2288 -1
0.1 1102 1103 -1
0.1 1101 2290 -1
0.1 1100 2291 -1
0.1 2289 2292 -1
0.1 2257 2293 -1
0.1 1105 1106 -1
0.1 2295 1107 -1
0.1 1104 2296 -1
0.1 1108 1109 -1
0.1 2297 2298 -1
0.1 2294 2299 -1
0.1 1110 1111 -1
0.1 1116 1117 -1
0.1 1115 2302 -1
0.1 1114 2303 -1
0.1 1118 1119 -1
0.1 1120 1121 -1
0.1 2306 1122 -1
0.1 2305 2307 -1
0.1 2304 2308 -1
0.1 1124 1125 -1
0.1 1123 2310 -1
0.1 1127 1128 -1
0.1 2312 1129 -1
0.1 1126 2313 -1
0.1 2311 2314 -1
0.1 1132 1133 -1
0.1 1131 2316 -1
0.1 1130 2317 -1
0.1 2315 2318 -1
0.1 2309 2319 -1
0.1 2320 1134 -1
0.1 1136 1137 -1
0.1 1135 2322 -1
0.1 1138 1139 -1
0.1 2324 1140 -1
0.1 2325 1141 -1
0.1 2323 2326 -1
0.1 2321 2327 -1
0.1 1113 2328 -1
0.1 1112 2329 -1
0.1 2301 2330 -1
0.1 1143 1144 -1
0.1 1147 1148 -1
0.1 1146 2333 -1
0.1 2334 1149 -1
0.1 1145 2335 -1
0.1 2332 2336 -1
0.1 1142 2337 -1
0.1 2331 2338 -1
0.1 1150 1151 -1
0.1 2339 2340 -1
0.1 2300 2341 -1
0.1 2235 2342 -1
0.1 2213 2343 -1
0.1 2212 2344 -1
0.1 1152 1153 -1
0.1 2346 1154 -1
0.1 2347 1155 -1
0.1 1157 1158 -1
0.1 1159 1160 -1
0.1 2349 2350 -1
0.1 1156 2351 -1
0.1 1162 1163 -1
0.1 1161 2353 -1
0.1 1166 1167 -1
0.1 2355 1168 -1
0.1 1170 1171 -1
0.1 1169 2357 -1
0.1 2356 2358 -1
0.1 1165 2359 -1
0.1 1164 2360 -1
0.1 1172 1173 -1
0.1 2362 1174 -1
0.1 2361 2363 -1
0.1 2354 2364 -1
0.1 2365 1175 -1
0.1 2352 2366 -1
0.1 1178 1179 -1
0.1 2368 1180 -1
0.1 1181 1182 -1
0.1 1183 1184 -1
0.1 1187 1188 -1
0.1 1189 1190 -1
0.1 2372 2373 -1
0.1 1186 2374 -1
0.1 1191 1192 -1
0.1 2375 2376 -1
0.1 1185 2377 -1
0.1 2378 1193 -1
0.1 1194 1195 -1
0.1 2379 2380 -1
0.1 2371 2381 -1
0.1 2370 2382 -1
0.1 2369 2383 -1
0.1 1196 1197 -1
0.1 1198 1199 -1
0.1 2386 1200 -1
0.1 2385 2387 -1
0.1 2384 2388 -1
0.1 1177 2389 -1
0.1 1176 2390 -1
0.1 2367 2391 -1
0.1 2348 2392 -1
0.1 2345 2393 -1
0.1 2173 2394 -1
0.1 2165 2395 -1
0.1 2163 2396 -1
0.1 2038 2397 -1
0.1 1908 2398 -1
