1 0 0 1
1 0 0 1
1 0 0 1
1 0 0 1
1 0 0 1
1 0 0 1
1 0 0 1
1 0 0 1
1 0 0 1
1 0 0 1
1 0 0 1
1 0 0 1
1 0 0 1
1 0 0 1
1 0 0 1
1 0 0 1
1 0 0 1
1 0 0 1
1 0 0 1
1 0 0 2
1 0 0 2
1 0 0 2
1 0 0 2
1 0 0 2
1 0 0 2
1 0 0 2
1 0 0 2
1 0 0 2
1 0 0 2
1 0 0 2
1 0 0 2
1 0 0 2
1 0 0 2
1 0 0 2
1 0 0 2
1 0 0 2
1 0 0 2
1 0 0 2
1 0 0 2
1 0 0 1
1 0 0 3
1 0 0 3
1 0 0 3
1 0 0 3
1 0 0 3
1 0 0 3
1 0 0 3
1 0 0 3
1 0 0 3
1 0 0 4
1 0 0 4
1 0 0 4
1 0 0 4
1 0 0 5
1 0 0 5
1 0 0 5
1 0 0 5
1 0 0 5
1 0 0 5
1 0 0 5
1 0 0 5
1 0 0 5
1 0 0 5
1 0 0 5
1 0 0 5
1 0 0 5
1 0 0 5
1 0 0 5
1 0 0 5
1 0 0 5
1 0 0 5
1 0 0 5
1 0 0 5
1 0 0 6
1 0 0 6
1 0 0 6
1 0 0 6
1 0 0 7
1 0 0 7
1 0 0 7
1 0 0 7
1 0 0 7
1 0 0 7
1 0 0 7
1 0 0 7
1 0 0 7
1 0 0 7
1 0 0 7
1 0 0 7
1 0 0 7
1 0 0 7
1 0 0 7
1 0 0 7
1 0 0 7
1 0 0 7
1 0 0 7
1 0 0 7
1 0 0 8
1 0 0 8
1 0 0 9
1 0 0 9
1 0 0 9
1 0 0 9
1 0 0 9
1 0 0 9
1 0 0 9
1 0 0 9
1 0 0 9
1 0 0 9
1 0 0 9
1 0 0 9
1 0 0 9
1 0 0 9
1 0 0 9
1 0 0 9
1 0 0 9
1 0 0 9
1 0 0 9
1 0 0 9
1 0 0 10
1 0 0 10
1 0 0 10
1 0 0 10
1 0 0 10
1 0 0 10
1 0 0 10
1 0 0 10
1 0 0 10
1 0 0 10
1 0 0 10
1 0 0 10
1 0 0 10
1 0 0 10
1 0 0 10
1 0 0 10
1 0 0 10
1 0 0 10
1 0 0 10
1 0 0 10
1 0 0 8
1 0 0 8
1 0 0 8
1 0 0 8
1 0 0 8
1 0 0 8
1 0 0 8
1 0 0 8
1 0 0 8
1 0 0 8
1 0 0 8
1 0 0 8
1 0 0 8
1 0 0 8
1 0 0 8
1 0 0 8
1 0 0 8
1 0 0 8
1 0 0 11
1 0 0 11
1 0 0 12
1 0 0 12
1 0 0 12
1 0 0 12
1 0 0 12
1 0 0 12
1 0 0 12
1 0 0 12
1 0 0 12
1 0 0 12
1 0 0 12
1 0 0 12
1 0 0 12
1 0 0 12
1 0 0 12
1 0 0 12
1 0 0 12
1 0 0 12
1 0 0 12
1 0 0 12
1 0 0 11
1 0 0 11
1 0 0 11
1 0 0 11
1 0 0 11
1 0 0 11
1 0 0 11
1 0 0 11
1 0 0 11
1 0 0 11
1 0 0 11
1 0 0 11
1 0 0 11
1 0 0 11
1 0 0 11
1 0 0 11
1 0 0 11
1 0 0 13
1 0 0 13
1 0 0 13
1 0 0 13
1 0 0 13
1 0 0 13
1 0 0 13
1 0 0 13
1 0 0 13
1 0 0 13
1 0 0 13
1 0 0 13
1 0 0 13
1 0 0 13
1 0 0 13
1 0 0 13
1 0 0 13
1 0 0 13
1 0 0 13
1 0 0 13
1 0 0 11
1 0 0 14
1 0 0 14
1 0 0 6
1 0 0 6
1 0 0 15
1 0 0 15
1 0 0 15
1 0 0 15
1 0 0 15
1 0 0 15
1 0 0 15
1 0 0 15
1 0 0 15
1 0 0 15
1 0 0 15
1 0 0 15
1 0 0 15
1 0 0 15
1 0 0 15
1 0 0 15
1 0 0 15
1 0 0 15
1 0 0 15
1 0 0 15
1 0 0 16
1 0 0 16
1 0 0 16
1 0 0 16
1 0 0 16
1 0 0 16
1 0 0 16
1 0 0 16
1 0 0 16
1 0 0 16
1 0 0 16
1 0 0 16
1 0 0 16
1 0 0 16
1 0 0 16
1 0 0 16
1 0 0 16
1 0 0 16
1 0 0 16
1 0 0 16
1 0 0 17
1 0 0 17
1 0 0 17
1 0 0 17
1 0 0 17
1 0 0 17
1 0 0 17
1 0 0 17
1 0 0 17
1 0 0 17
1 0 0 17
1 0 0 17
1 0 0 17
1 0 0 17
1 0 0 17
1 0 0 17
1 0 0 17
1 0 0 17
1 0 0 17
1 0 0 17
1 0 0 6
1 0 0 6
1 0 0 18
1 0 0 18
1 0 0 18
1 0 0 18
1 0 0 18
1 0 0 18
1 0 0 18
1 0 0 18
1 0 0 18
1 0 0 18
1 0 0 18
1 0 0 18
1 0 0 18
1 0 0 18
1 0 0 18
1 0 0 18
1 0 0 18
1 0 0 18
1 0 0 18
1 0 0 18
1 0 0 6
1 0 0 6
1 0 0 6
1 0 0 6
1 0 0 6
1 0 0 6
1 0 0 6
1 0 0 19
1 0 0 19
1 0 0 19
1 0 0 19
1 0 0 19
1 0 0 19
1 0 0 19
1 0 0 19
1 0 0 19
1 0 0 19
1 0 0 20
1 0 0 20
1 0 0 20
1 0 0 20
1 0 0 20
1 0 0 20
1 0 0 20
1 0 0 20
1 0 0 20
1 0 0 20
1 0 0 20
1 0 0 20
1 0 0 20
1 0 0 20
1 0 0 20
1 0 0 20
1 0 0 20
1 0 0 20
1 0 0 20
1 0 0 20
1 0 0 21
1 0 0 21
1 0 0 21
1 0 0 21
1 0 0 21
1 0 0 21
1 0 0 21
1 0 0 21
1 0 0 21
1 0 0 21
1 0 0 21
1 0 0 21
1 0 0 21
1 0 0 21
1 0 0 21
1 0 0 21
1 0 0 21
1 0 0 21
1 0 0 21
1 0 0 21
1 0 0 19
1 0 0 19
1 0 0 19
1 0 0 19
1 0 0 19
1 0 0 19
1 0 0 19
1 0 0 19
1 0 0 19
1 0 0 19
1 0 0 6
1 0 0 22
1 0 0 22
1 0 0 22
1 0 0 22
1 0 0 22
1 0 0 22
1 0 0 22
1 0 0 22
1 0 0 22
1 0 0 22
1 0 0 22
1 0 0 22
1 0 0 22
1 0 0 22
1 0 0 22
1 0 0 22
1 0 0 23
1 0 0 23
1 0 0 23
1 0 0 23
1 0 0 23
1 0 0 23
1 0 0 23
1 0 0 23
1 0 0 23
1 0 0 23
1 0 0 23
1 0 0 23
1 0 0 23
1 0 0 23
1 0 0 23
1 0 0 23
1 0 0 23
1 0 0 23
1 0 0 23
1 0 0 23
1 0 0 22
1 0 0 22
1 0 0 22
1 0 0 22
1 0 0 24
1 0 0 24
1 0 0 24
1 0 0 24
1 0 0 24
1 0 0 24
1 0 0 24
1 0 0 24
1 0 0 24
1 0 0 24
1 0 0 24
1 0 0 24
1 0 0 24
1 0 0 24
1 0 0 24
1 0 0 24
1 0 0 24
1 0 0 24
1 0 0 24
1 0 0 24
1 0 0 6
1 0 0 6
1 0 0 6
1 0 0 6
1 0 0 14
1 0 0 14
1 0 0 14
1 0 0 14
1 0 0 14
1 0 0 14
1 0 0 14
1 0 0 14
1 0 0 14
1 0 0 14
1 0 0 14
1 0 0 14
1 0 0 14
1 0 0 14
1 0 0 14
1 0 0 14
1 0 0 14
1 0 0 14
1 0 0 25
1 0 0 25
1 0 0 25
1 0 0 25
1 0 0 25
1 0 0 25
1 0 0 25
1 0 0 25
1 0 0 25
1 0 0 26
1 0 0 26
1 0 0 26
1 0 0 27
1 0 0 27
1 0 0 27
1 0 0 27
1 0 0 27
1 0 0 27
1 0 0 27
1 0 0 27
1 0 0 27
1 0 0 27
1 0 0 27
1 0 0 27
1 0 0 27
1 0 0 27
1 0 0 27
1 0 0 27
1 0 0 27
1 0 0 27
1 0 0 27
1 0 0 27
1 0 0 26
1 0 0 26
1 0 0 26
1 0 0 26
1 0 0 26
1 0 0 26
1 0 0 26
1 0 0 26
1 0 0 26
1 0 0 26
1 0 0 26
1 0 0 26
1 0 0 26
1 0 0 26
1 0 0 26
1 0 0 26
1 0 0 26
1 0 0 28
1 0 0 28
1 0 0 28
1 0 0 28
1 0 0 28
1 0 0 28
1 0 0 28
1 0 0 28
1 0 0 29
1 0 0 29
1 0 0 29
1 0 0 29
1 0 0 29
1 0 0 29
1 0 0 29
1 0 0 29
1 0 0 29
1 0 0 29
1 0 0 29
1 0 0 29
1 0 0 30
1 0 0 30
1 0 0 30
1 0 0 30
1 0 0 30
1 0 0 30
1 0 0 30
1 0 0 30
1 0 0 30
1 0 0 30
1 0 0 30
1 0 0 30
1 0 0 30
1 0 0 30
1 0 0 30
1 0 0 30
1 0 0 30
1 0 0 30
1 0 0 30
1 0 0 30
1 0 0 29
1 0 0 29
1 0 0 29
1 0 0 29
1 0 0 29
1 0 0 29
1 0 0 29
1 0 0 29
1 0 0 28
1 0 0 28
1 0 0 28
1 0 0 28
1 0 0 28
1 0 0 28
1 0 0 28
1 0 0 28
1 0 0 28
1 0 0 28
1 0 0 28
1 0 0 28
1 0 0 25
1 0 0 25
1 0 0 25
1 0 0 25
1 0 0 25
1 0 0 25
1 0 0 25
1 0 0 25
1 0 0 25
1 0 0 25
1 0 0 25
1 0 0 31
1 0 0 31
1 0 0 31
1 0 0 31
1 0 0 31
1 0 0 31
1 0 0 31
1 0 0 31
1 0 0 31
1 0 0 31
1 0 0 31
1 0 0 31
1 0 0 31
1 0 0 31
1 0 0 31
1 0 0 31
1 0 0 31
1 0 0 31
1 0 0 31
1 0 0 31
1 0 0 4
1 0 0 4
1 0 0 4
1 0 0 4
1 0 0 4
1 0 0 4
1 0 0 4
1 0 0 4
1 0 0 4
1 0 0 4
1 0 0 4
1 0 0 4
1 0 0 4
1 0 0 4
1 0 0 4
1 0 0 32
1 0 0 32
1 0 0 32
1 0 0 32
1 0 0 32
1 0 0 33
1 0 0 33
1 0 0 33
1 0 0 33
1 0 0 33
1 0 0 33
1 0 0 33
1 0 0 33
1 0 0 33
1 0 0 33
1 0 0 33
1 0 0 33
1 0 0 33
1 0 0 33
1 0 0 33
1 0 0 33
1 0 0 33
1 0 0 33
1 0 0 33
1 0 0 33
1 0 0 32
1 0 0 32
1 0 0 32
1 0 0 32
1 0 0 32
1 0 0 32
1 0 0 32
1 0 0 34
1 0 0 34
1 0 0 34
1 0 0 34
1 0 0 34
1 0 0 34
1 0 0 34
1 0 0 34
1 0 0 34
1 0 0 34
1 0 0 34
1 0 0 34
1 0 0 34
1 0 0 34
1 0 0 35
1 0 0 35
1 0 0 35
1 0 0 35
1 0 0 35
1 0 0 35
1 0 0 35
1 0 0 35
1 0 0 35
1 0 0 35
1 0 0 35
1 0 0 35
1 0 0 35
1 0 0 35
1 0 0 35
1 0 0 35
1 0 0 35
1 0 0 35
1 0 0 35
1 0 0 35
1 0 0 34
1 0 0 34
1 0 0 34
1 0 0 34
1 0 0 34
1 0 0 34
1 0 0 32
1 0 0 32
1 0 0 32
1 0 0 32
1 0 0 32
1 0 0 32
1 0 0 32
1 0 0 36
1 0 0 36
1 0 0 36
1 0 0 36
1 0 0 36
1 0 0 36
1 0 0 36
1 0 0 36
1 0 0 36
1 0 0 36
1 0 0 36
1 0 0 36
1 0 0 36
1 0 0 36
1 0 0 36
1 0 0 36
1 0 0 36
1 0 0 36
1 0 0 36
1 0 0 36
1 0 0 32
1 0 0 4
1 0 0 37
1 0 0 37
1 0 0 37
1 0 0 37
1 0 0 37
1 0 0 37
1 0 0 37
1 0 0 37
1 0 0 37
1 0 0 37
1 0 0 37
1 0 0 37
1 0 0 37
1 0 0 37
1 0 0 37
1 0 0 37
1 0 0 37
1 0 0 37
1 0 0 37
1 0 0 37
1 0 0 38
1 0 0 38
1 0 0 38
1 0 0 38
1 0 0 38
1 0 0 38
1 0 0 38
1 0 0 38
1 0 0 38
1 0 0 38
1 0 0 38
1 0 0 38
1 0 0 38
1 0 0 38
1 0 0 38
1 0 0 38
1 0 0 38
1 0 0 38
1 0 0 38
1 0 0 38
1 0 0 39
1 0 0 39
1 0 0 39
1 0 0 39
1 0 0 39
1 0 0 39
1 0 0 39
1 0 0 39
1 0 0 39
1 0 0 39
1 0 0 39
1 0 0 39
1 0 0 39
1 0 0 39
1 0 0 39
1 0 0 39
1 0 0 39
1 0 0 39
1 0 0 39
1 0 0 39
1 0 0 40
1 0 0 40
1 0 0 40
1 0 0 40
1 0 0 40
1 0 0 40
1 0 0 40
1 0 0 40
1 0 0 40
1 0 0 40
1 0 0 40
1 0 0 40
1 0 0 40
1 0 0 40
1 0 0 40
1 0 0 40
1 0 0 40
1 0 0 40
1 0 0 40
1 0 0 40
1 0 0 41
1 0 0 41
1 0 0 41
1 0 0 41
1 0 0 41
1 0 0 41
1 0 0 41
1 0 0 41
1 0 0 41
1 0 0 41
1 0 0 41
1 0 0 41
1 0 0 41
1 0 0 41
1 0 0 41
1 0 0 41
1 0 0 41
1 0 0 41
1 0 0 41
1 0 0 41
1 0 0 42
1 0 0 42
1 0 0 42
1 0 0 43
1 0 0 43
1 0 0 43
1 0 0 44
1 0 0 44
1 0 0 44
1 0 0 45
1 0 0 45
1 0 0 45
1 0 0 45
1 0 0 45
1 0 0 45
1 0 0 45
1 0 0 45
1 0 0 45
1 0 0 45
1 0 0 45
1 0 0 45
1 0 0 45
1 0 0 45
1 0 0 45
1 0 0 45
1 0 0 45
1 0 0 45
1 0 0 45
1 0 0 45
1 0 0 44
1 0 0 44
1 0 0 44
1 0 0 44
1 0 0 44
1 0 0 44
1 0 0 44
1 0 0 44
1 0 0 44
1 0 0 44
1 0 0 44
1 0 0 44
1 0 0 44
1 0 0 44
1 0 0 44
1 0 0 44
1 0 0 44
1 0 0 46
1 0 0 47
1 0 0 47
1 0 0 47
1 0 0 47
1 0 0 47
1 0 0 47
1 0 0 47
1 0 0 47
1 0 0 47
1 0 0 47
1 0 0 47
1 0 0 47
1 0 0 47
1 0 0 47
1 0 0 47
1 0 0 47
1 0 0 47
1 0 0 47
1 0 0 47
1 0 0 47
1 0 0 46
1 0 0 46
1 0 0 46
1 0 0 46
1 0 0 48
1 0 0 48
1 0 0 48
1 0 0 48
1 0 0 48
1 0 0 48
1 0 0 48
1 0 0 48
1 0 0 48
1 0 0 48
1 0 0 48
1 0 0 48
1 0 0 48
1 0 0 48
1 0 0 48
1 0 0 48
1 0 0 48
1 0 0 48
1 0 0 48
1 0 0 48
1 0 0 43
1 0 0 43
1 0 0 49
1 0 0 49
1 0 0 49
1 0 0 49
1 0 0 49
1 0 0 49
1 0 0 49
1 0 0 49
1 0 0 49
1 0 0 49
1 0 0 49
1 0 0 49
1 0 0 49
1 0 0 49
1 0 0 49
1 0 0 49
1 0 0 49
1 0 0 49
1 0 0 49
1 0 0 49
1 0 0 50
1 0 0 50
1 0 0 50
1 0 0 50
1 0 0 50
1 0 0 50
1 0 0 50
1 0 0 50
1 0 0 50
1 0 0 50
1 0 0 50
1 0 0 50
1 0 0 50
1 0 0 50
1 0 0 51
1 0 0 51
1 0 0 51
1 0 0 51
1 0 0 51
1 0 0 51
1 0 0 51
1 0 0 51
1 0 0 51
1 0 0 51
1 0 0 51
1 0 0 51
1 0 0 51
1 0 0 51
1 0 0 51
1 0 0 51
1 0 0 51
1 0 0 51
1 0 0 51
1 0 0 51
1 0 0 50
1 0 0 50
1 0 0 50
1 0 0 50
1 0 0 50
1 0 0 50
1 0 0 46
1 0 0 46
1 0 0 46
1 0 0 46
1 0 0 46
1 0 0 46
1 0 0 52
1 0 0 52
1 0 0 52
1 0 0 52
1 0 0 52
1 0 0 52
1 0 0 52
1 0 0 52
1 0 0 52
1 0 0 52
1 0 0 52
1 0 0 53
1 0 0 53
1 0 0 53
1 0 0 53
1 0 0 53
1 0 0 53
1 0 0 53
1 0 0 53
1 0 0 53
1 0 0 53
1 0 0 53
1 0 0 53
1 0 0 53
1 0 0 53
1 0 0 53
1 0 0 53
1 0 0 53
1 0 0 53
1 0 0 53
1 0 0 53
1 0 0 52
1 0 0 52
1 0 0 52
1 0 0 52
1 0 0 52
1 0 0 52
1 0 0 52
1 0 0 52
1 0 0 52
1 0 0 46
1 0 0 46
1 0 0 46
1 0 0 54
1 0 0 54
1 0 0 54
1 0 0 54
1 0 0 54
1 0 0 54
1 0 0 54
1 0 0 54
1 0 0 54
1 0 0 54
1 0 0 54
1 0 0 54
1 0 0 54
1 0 0 54
1 0 0 54
1 0 0 54
1 0 0 54
1 0 0 54
1 0 0 54
1 0 0 54
1 0 0 46
1 0 0 46
1 0 0 46
1 0 0 46
1 0 0 46
1 0 0 46
1 0 0 43
1 0 0 43
1 0 0 43
1 0 0 43
1 0 0 43
1 0 0 43
1 0 0 43
1 0 0 43
1 0 0 43
1 0 0 43
1 0 0 43
1 0 0 43
1 0 0 43
1 0 0 43
1 0 0 43
1 0 0 42
1 0 0 42
1 0 0 42
1 0 0 42
1 0 0 42
1 0 0 42
1 0 0 42
1 0 0 42
1 0 0 42
1 0 0 42
1 0 0 42
1 0 0 42
1 0 0 42
1 0 0 42
1 0 0 42
1 0 0 42
1 0 0 42
1 0 0 3
1 0 0 3
1 0 0 3
1 0 0 3
1 0 0 3
1 0 0 3
1 0 0 3
1 0 0 55
1 0 0 55
1 0 0 55
1 0 0 55
1 0 0 55
1 0 0 55
1 0 0 55
1 0 0 55
1 0 0 55
1 0 0 55
1 0 0 55
1 0 0 55
1 0 0 55
1 0 0 55
1 0 0 55
1 0 0 55
1 0 0 55
1 0 0 55
1 0 0 55
1 0 0 55
1 0 0 56
1 0 0 56
1 0 0 56
1 0 0 56
1 0 0 56
1 0 0 56
1 0 0 56
1 0 0 56
1 0 0 56
1 0 0 56
1 0 0 56
1 0 0 56
1 0 0 56
1 0 0 56
1 0 0 56
1 0 0 56
1 0 0 56
1 0 0 56
1 0 0 57
1 0 0 57
1 0 0 57
1 0 0 57
1 0 0 57
1 0 0 57
1 0 0 57
1 0 0 57
1 0 0 57
1 0 0 57
1 0 0 57
1 0 0 57
1 0 0 57
1 0 0 57
1 0 0 57
1 0 0 57
1 0 0 57
1 0 0 57
1 0 0 57
1 0 0 57
1 0 0 58
1 0 0 58
1 0 0 58
1 0 0 58
1 0 0 58
1 0 0 58
1 0 0 58
1 0 0 58
1 0 0 58
1 0 0 58
1 0 0 58
1 0 0 58
1 0 0 58
1 0 0 58
1 0 0 58
1 0 0 58
1 0 0 58
1 0 0 58
1 0 0 58
1 0 0 58
1 0 0 56
1 0 0 56
1 0 0 59
1 0 0 59
1 0 0 59
1 0 0 59
1 0 0 59
1 0 0 59
1 0 0 59
1 0 0 59
1 0 0 59
1 0 0 59
1 0 0 59
1 0 0 59
1 0 0 59
1 0 0 59
1 0 0 59
1 0 0 59
1 0 0 59
1 0 0 59
1 0 0 59
1 0 0 59
1 0 0 3
1 0 0 3
1 0 0 60
1 0 0 60
1 0 0 60
1 0 0 60
1 0 0 60
1 0 0 60
1 0 0 60
1 0 0 60
1 0 0 60
1 0 0 60
1 0 0 60
1 0 0 60
1 0 0 60
1 0 0 60
1 0 0 60
1 0 0 60
1 0 0 60
1 0 0 60
1 0 0 60
1 0 0 60
1 0 0 3
1 0 0 3
0.1 3 4 -1
0.1 2 1201 -1
0.1 1202 5 -1
0.1 6 7 -1
0.1 1204 8 -1
0.1 10 11 -1
0.1 9 1206 -1
0.1 1205 1207 -1
0.1 1203 1208 -1
0.1 14 15 -1
0.1 1210 16 -1
0.1 13 1211 -1
0.1 12 1212 -1
0.1 17 18 -1
0.1 1214 19 -1
0.1 20 21 -1
0.1 22 23 -1
0.1 25 26 -1
0.1 24 1218 -1
0.1 29 30 -1
0.1 28 1220 -1
0.1 27 1221 -1
0.1 1219 1222 -1
0.1 1217 1223 -1
0.1 31 32 -1
0.1 33 34 -1
0.1 35 36 -1
0.1 1226 1227 -1
0.1 1225 1228 -1
0.1 37 38 -1
0.1 1229 1230 -1
0.1 1224 1231 -1
0.1 1232 39 -1
0.1 1216 1233 -1
0.1 1215 1234 -1
0.1 1235 40 -1
0.1 1213 1236 -1
0.1 1209 1237 -1
0.1 1 1238 -1
0.1 42 43 -1
0.1 45 46 -1
0.1 1241 47 -1
0.1 44 1242 -1
0.1 1240 1243 -1
0.1 48 49 -1
0.1 1244 1245 -1
0.1 41 1246 -1
0.1 51 52 -1
0.1 1248 53 -1
0.1 50 1249 -1
0.1 54 55 -1
0.1 57 58 -1
0.1 56 1252 -1
0.1 59 60 -1
0.1 1253 1254 -1
0.1 1251 1255 -1
0.1 64 65 -1
0.1 63 1257 -1
0.1 62 1258 -1
0.1 61 1259 -1
0.1 66 67 -1
0.1 1261 68 -1
0.1 1260 1262 -1
0.1 69 70 -1
0.1 72 73 -1
0.1 71 1265 -1
0.1 1264 1266 -1
0.1 1263 1267 -1
0.1 76 77 -1
0.1 75 1269 -1
0.1 74 1270 -1
0.1 78 79 -1
0.1 1272 80 -1
0.1 83 84 -1
0.1 82 1274 -1
0.1 1275 85 -1
0.1 86 87 -1
0.1 1276 1277 -1
0.1 89 90 -1
0.1 88 1279 -1
0.1 91 92 -1
0.1 1281 93 -1
0.1 1282 94 -1
0.1 96 97 -1
0.1 95 1284 -1
0.1 1283 1285 -1
0.1 1280 1286 -1
0.1 1278 1287 -1
0.1 81 1288 -1
0.1 1273 1289 -1
0.1 98 99 -1
0.1 100 101 -1
0.1 102 103 -1
0.1 104 105 -1
0.1 1293 1294 -1
0.1 106 107 -1
0.1 1295 1296 -1
0.1 108 109 -1
0.1 1298 110 -1
0.1 1297 1299 -1
0.1 1292 1300 -1
0.1 112 113 -1
0.1 111 1302 -1
0.1 115 116 -1
0.1 1304 117 -1
0.1 1305 118 -1
0.1 114 1306 -1
0.1 1303 1307 -1
0.1 1308 119 -1
0.1 1301 1309 -1
0.1 120 121 -1
0.1 124 125 -1
0.1 123 1312 -1
0.1 122 1313 -1
0.1 126 127 -1
0.1 1314 1315 -1
0.1 128 129 -1
0.1 133 134 -1
0.1 132 1318 -1
0.1 131 1319 -1
0.1 130 1320 -1
0.1 1321 135 -1
0.1 1317 1322 -1
0.1 1316 1323 -1
0.1 1311 1324 -1
0.1 1310 1325 -1
0.1 136 137 -1
0.1 1327 138 -1
0.1 1328 139 -1
0.1 1326 1329 -1
0.1 140 141 -1
0.1 142 143 -1
0.1 1332 144 -1
0.1 1333 145 -1
0.1 1331 1334 -1
0.1 146 147 -1
0.1 148 149 -1
0.1 151 152 -1
0.1 150 1338 -1
0.1 153 154 -1
0.1 1340 155 -1
0.1 1341 156 -1
0.1 1339 1342 -1
0.1 1343 157 -1
0.1 1337 1344 -1
0.1 1336 1345 -1
0.1 1335 1346 -1
0.1 1330 1347 -1
0.1 1291 1348 -1
0.1 158 159 -1
0.1 1349 1350 -1
0.1 161 162 -1
0.1 1352 163 -1
0.1 160 1353 -1
0.1 164 165 -1
0.1 168 169 -1
0.1 171 172 -1
0.1 170 1357 -1
0.1 1358 173 -1
0.1 1359 174 -1
0.1 177 178 -1
0.1 1361 179 -1
0.1 176 1362 -1
0.1 175 1363 -1
0.1 1360 1364 -1
0.1 1356 1365 -1
0.1 167 1366 -1
0.1 166 1367 -1
0.1 1355 1368 -1
0.1 1354 1369 -1
0.1 180 181 -1
0.1 1371 182 -1
0.1 1372 183 -1
0.1 1370 1373 -1
0.1 1351 1374 -1
0.1 1290 1375 -1
0.1 186 187 -1
0.1 185 1377 -1
0.1 188 189 -1
0.1 1378 1379 -1
0.1 191 192 -1
0.1 193 194 -1
0.1 1382 195 -1
0.1 1381 1383 -1
0.1 190 1384 -1
0.1 1380 1385 -1
0.1 1386 196 -1
0.1 184 1387 -1
0.1 198 199 -1
0.1 1389 200 -1
0.1 202 203 -1
0.1 204 205 -1
0.1 1392 206 -1
0.1 209 210 -1
0.1 1394 211 -1
0.1 208 1395 -1
0.1 207 1396 -1
0.1 212 213 -1
0.1 1398 214 -1
0.1 1397 1399 -1
0.1 1393 1400 -1
0.1 1401 215 -1
0.1 1391 1402 -1
0.1 201 1403 -1
0.1 1390 1404 -1
0.1 197 1405 -1
0.1 1406 216 -1
0.1 1388 1407 -1
0.1 1376 1408 -1
0.1 1409 217 -1
0.1 218 219 -1
0.1 223 224 -1
0.1 222 1412 -1
0.1 226 227 -1
0.1 225 1414 -1
0.1 231 232 -1
0.1 230 1416 -1
0.1 229 1417 -1
0.1 228 1418 -1
0.1 1415 1419 -1
0.1 1420 233 -1
0.1 234 235 -1
0.1 1421 1422 -1
0.1 1413 1423 -1
0.1 238 239 -1
0.1 237 1425 -1
0.1 236 1426 -1
0.1 1427 240 -1
0.1 244 245 -1
0.1 243 1429 -1
0.1 248 249 -1
0.1 247 1431 -1
0.1 246 1432 -1
0.1 1430 1433 -1
0.1 1434 250 -1
0.1 242 1435 -1
0.1 252 253 -1
0.1 251 1437 -1
0.1 254 255 -1
0.1 1439 256 -1
0.1 1438 1440 -1
0.1 1436 1441 -1
0.1 258 259 -1
0.1 257 1443 -1
0.1 1444 260 -1
0.1 1445 261 -1
0.1 1442 1446 -1
0.1 241 1447 -1
0.1 1428 1448 -1
0.1 1424 1449 -1
0.1 264 265 -1
0.1 267 268 -1
0.1 266 1452 -1
0.1 1453 269 -1
0.1 1451 1454 -1
0.1 263 1455 -1
0.1 270 271 -1
0.1 1456 1457 -1
0.1 262 1458 -1
0.1 272 273 -1
0.1 1460 274 -1
0.1 276 277 -1
0.1 275 1462 -1
0.1 278 279 -1
0.1 1464 280 -1
0.1 1463 1465 -1
0.1 1461 1466 -1
0.1 1467 281 -1
0.1 1459 1468 -1
0.1 1450 1469 -1
0.1 1470 282 -1
0.1 1471 283 -1
0.1 221 1472 -1
0.1 220 1473 -1
0.1 286 287 -1
0.1 285 1475 -1
0.1 288 289 -1
0.1 1476 1477 -1
0.1 284 1478 -1
0.1 1479 290 -1
0.1 1480 291 -1
0.1 1481 292 -1
0.1 293 294 -1
0.1 1483 295 -1
0.1 296 297 -1
0.1 1484 1485 -1
0.1 300 301 -1
0.1 299 1487 -1
0.1 298 1488 -1
0.1 302 303 -1
0.1 1489 1490 -1
0.1 1486 1491 -1
0.1 1482 1492 -1
0.1 1474 1493 -1
0.1 306 307 -1
0.1 1495 308 -1
0.1 1496 309 -1
0.1 305 1497 -1
0.1 304 1498 -1
0.1 1499 310 -1
0.1 1494 1500 -1
0.1 312 313 -1
0.1 315 316 -1
0.1 319 320 -1
0.1 318 1504 -1
0.1 317 1505 -1
0.1 1503 1506 -1
0.1 314 1507 -1
0.1 1502 1508 -1
0.1 311 1509 -1
0.1 322 323 -1
0.1 1511 324 -1
0.1 321 1512 -1
0.1 326 327 -1
0.1 325 1514 -1
0.1 1515 328 -1
0.1 330 331 -1
0.1 1517 332 -1
0.1 335 336 -1
0.1 337 338 -1
0.1 1520 339 -1
0.1 1519 1521 -1
0.1 334 1522 -1
0.1 1523 340 -1
0.1 333 1524 -1
0.1 1518 1525 -1
0.1 329 1526 -1
0.1 1516 1527 -1
0.1 1513 1528 -1
0.1 1510 1529 -1
0.1 341 342 -1
0.1 1531 343 -1
0.1 344 345 -1
0.1 348 349 -1
0.1 347 1534 -1
0.1 346 1535 -1
0.1 352 353 -1
0.1 351 1537 -1
0.1 350 1538 -1
0.1 354 355 -1
0.1 357 358 -1
0.1 359 360 -1
0.1 1541 1542 -1
0.1 356 1543 -1
0.1 1540 1544 -1
0.1 1539 1545 -1
0.1 1536 1546 -1
0.1 1533 1547 -1
0.1 1532 1548 -1
0.1 361 362 -1
0.1 365 366 -1
0.1 1551 367 -1
0.1 364 1552 -1
0.1 363 1553 -1
0.1 369 370 -1
0.1 368 1555 -1
0.1 1554 1556 -1
0.1 1550 1557 -1
0.1 1549 1558 -1
0.1 1530 1559 -1
0.1 374 375 -1
0.1 373 1561 -1
0.1 372 1562 -1
0.1 376 377 -1
0.1 1563 1564 -1
0.1 380 381 -1
0.1 379 1566 -1
0.1 378 1567 -1
0.1 1568 382 -1
0.1 383 384 -1
0.1 385 386 -1
0.1 1571 387 -1
0.1 1570 1572 -1
0.1 1569 1573 -1
0.1 1565 1574 -1
0.1 390 391 -1
0.1 389 1576 -1
0.1 388 1577 -1
0.1 392 393 -1
0.1 394 395 -1
0.1 399 400 -1
0.1 401 402 -1
0.1 404 405 -1
0.1 403 1583 -1
0.1 1582 1584 -1
0.1 1581 1585 -1
0.1 398 1586 -1
0.1 397 1587 -1
0.1 1588 406 -1
0.1 1589 407 -1
0.1 396 1590 -1
0.1 1580 1591 -1
0.1 1579 1592 -1
0.1 1578 1593 -1
0.1 409 410 -1
0.1 1595 411 -1
0.1 408 1596 -1
0.1 1594 1597 -1
0.1 1575 1598 -1
0.1 412 413 -1
0.1 414 415 -1
0.1 1601 416 -1
0.1 1602 417 -1
0.1 1600 1603 -1
0.1 418 419 -1
0.1 421 422 -1
0.1 1606 423 -1
0.1 420 1607 -1
0.1 1605 1608 -1
0.1 424 425 -1
0.1 426 427 -1
0.1 1610 1611 -1
0.1 1609 1612 -1
0.1 430 431 -1
0.1 429 1614 -1
0.1 428 1615 -1
0.1 1613 1616 -1
0.1 1604 1617 -1
0.1 1599 1618 -1
0.1 432 433 -1
0.1 1619 1620 -1
0.1 434 435 -1
0.1 1621 1622 -1
0.1 371 1623 -1
0.1 1560 1624 -1
0.1 438 439 -1
0.1 1626 440 -1
0.1 437 1627 -1
0.1 436 1628 -1
0.1 441 442 -1
0.1 443 444 -1
0.1 445 446 -1
0.1 447 448 -1
0.1 1632 1633 -1
0.1 1631 1634 -1
0.1 449 450 -1
0.1 1636 451 -1
0.1 452 453 -1
0.1 1637 1638 -1
0.1 1635 1639 -1
0.1 1630 1640 -1
0.1 1629 1641 -1
0.1 1625 1642 -1
0.1 1501 1643 -1
0.1 1411 1644 -1
0.1 1410 1645 -1
0.1 1271 1646 -1
0.1 1268 1647 -1
0.1 1256 1648 -1
0.1 1250 1649 -1
0.1 454 455 -1
0.1 456 457 -1
0.1 458 459 -1
0.1 1652 1653 -1
0.1 1651 1654 -1
0.1 461 462 -1
0.1 460 1656 -1
0.1 464 465 -1
0.1 468 469 -1
0.1 467 1659 -1
0.1 466 1660 -1
0.1 470 471 -1
0.1 474 475 -1
0.1 473 1663 -1
0.1 472 1664 -1
0.1 477 478 -1
0.1 476 1666 -1
0.1 479 480 -1
0.1 1667 1668 -1
0.1 1665 1669 -1
0.1 482 483 -1
0.1 484 485 -1
0.1 1671 1672 -1
0.1 481 1673 -1
0.1 1670 1674 -1
0.1 1662 1675 -1
0.1 1661 1676 -1
0.1 1658 1677 -1
0.1 463 1678 -1
0.1 486 487 -1
0.1 1680 488 -1
0.1 1681 489 -1
0.1 491 492 -1
0.1 1683 493 -1
0.1 490 1684 -1
0.1 495 496 -1
0.1 494 1686 -1
0.1 1685 1687 -1
0.1 498 499 -1
0.1 497 1689 -1
0.1 501 502 -1
0.1 500 1691 -1
0.1 1690 1692 -1
0.1 1688 1693 -1
0.1 1682 1694 -1
0.1 1679 1695 -1
0.1 503 504 -1
0.1 505 506 -1
0.1 1697 1698 -1
0.1 509 510 -1
0.1 508 1700 -1
0.1 507 1701 -1
0.1 512 513 -1
0.1 1703 514 -1
0.1 511 1704 -1
0.1 515 516 -1
0.1 1706 517 -1
0.1 1705 1707 -1
0.1 518 519 -1
0.1 520 521 -1
0.1 1710 522 -1
0.1 523 524 -1
0.1 1712 525 -1
0.1 529 530 -1
0.1 528 1714 -1
0.1 527 1715 -1
0.1 526 1716 -1
0.1 531 532 -1
0.1 533 534 -1
0.1 1718 1719 -1
0.1 535 536 -1
0.1 538 539 -1
0.1 1722 540 -1
0.1 537 1723 -1
0.1 1724 541 -1
0.1 1721 1725 -1
0.1 1720 1726 -1
0.1 1717 1727 -1
0.1 1728 542 -1
0.1 1713 1729 -1
0.1 1711 1730 -1
0.1 543 544 -1
0.1 546 547 -1
0.1 545 1733 -1
0.1 1732 1734 -1
0.1 1731 1735 -1
0.1 549 550 -1
0.1 548 1737 -1
0.1 1736 1738 -1
0.1 1709 1739 -1
0.1 1708 1740 -1
0.1 551 552 -1
0.1 555 556 -1
0.1 554 1743 -1
0.1 553 1744 -1
0.1 558 559 -1
0.1 557 1746 -1
0.1 1745 1747 -1
0.1 561 562 -1
0.1 560 1749 -1
0.1 1748 1750 -1
0.1 1742 1751 -1
0.1 1741 1752 -1
0.1 1702 1753 -1
0.1 1699 1754 -1
0.1 1696 1755 -1
0.1 1657 1756 -1
0.1 563 564 -1
0.1 565 566 -1
0.1 570 571 -1
0.1 569 1760 -1
0.1 568 1761 -1
0.1 567 1762 -1
0.1 1759 1763 -1
0.1 1764 572 -1
0.1 1765 573 -1
0.1 1758 1766 -1
0.1 1757 1767 -1
0.1 1655 1768 -1
0.1 577 578 -1
0.1 1770 579 -1
0.1 582 583 -1
0.1 581 1772 -1
0.1 580 1773 -1
0.1 585 586 -1
0.1 584 1775 -1
0.1 1774 1776 -1
0.1 1771 1777 -1
0.1 576 1778 -1
0.1 575 1779 -1
0.1 1780 587 -1
0.1 588 589 -1
0.1 592 593 -1
0.1 591 1783 -1
0.1 590 1784 -1
0.1 1782 1785 -1
0.1 1781 1786 -1
0.1 574 1787 -1
0.1 1769 1788 -1
0.1 595 596 -1
0.1 597 598 -1
0.1 599 600 -1
0.1 1791 1792 -1
0.1 1790 1793 -1
0.1 594 1794 -1
0.1 603 604 -1
0.1 1796 605 -1
0.1 606 607 -1
0.1 1797 1798 -1
0.1 602 1799 -1
0.1 1800 608 -1
0.1 601 1801 -1
0.1 1795 1802 -1
0.1 1789 1803 -1
0.1 1650 1804 -1
0.1 610 611 -1
0.1 609 1806 -1
0.1 612 613 -1
0.1 1807 1808 -1
0.1 614 615 -1
0.1 616 617 -1
0.1 618 619 -1
0.1 1811 1812 -1
0.1 1810 1813 -1
0.1 1809 1814 -1
0.1 621 622 -1
0.1 624 625 -1
0.1 623 1817 -1
0.1 1816 1818 -1
0.1 620 1819 -1
0.1 1815 1820 -1
0.1 629 630 -1
0.1 628 1822 -1
0.1 627 1823 -1
0.1 626 1824 -1
0.1 632 633 -1
0.1 631 1826 -1
0.1 1825 1827 -1
0.1 1821 1828 -1
0.1 635 636 -1
0.1 634 1830 -1
0.1 637 638 -1
0.1 639 640 -1
0.1 641 642 -1
0.1 643 644 -1
0.1 1835 645 -1
0.1 649 650 -1
0.1 1837 651 -1
0.1 648 1838 -1
0.1 647 1839 -1
0.1 646 1840 -1
0.1 1836 1841 -1
0.1 1834 1842 -1
0.1 653 654 -1
0.1 652 1844 -1
0.1 655 656 -1
0.1 657 658 -1
0.1 1846 1847 -1
0.1 660 661 -1
0.1 659 1849 -1
0.1 1850 662 -1
0.1 663 664 -1
0.1 666 667 -1
0.1 665 1853 -1
0.1 1852 1854 -1
0.1 1851 1855 -1
0.1 1848 1856 -1
0.1 670 671 -1
0.1 1858 672 -1
0.1 669 1859 -1
0.1 673 674 -1
0.1 1860 1861 -1
0.1 668 1862 -1
0.1 1857 1863 -1
0.1 676 677 -1
0.1 678 679 -1
0.1 1866 680 -1
0.1 1865 1867 -1
0.1 675 1868 -1
0.1 1864 1869 -1
0.1 1845 1870 -1
0.1 1843 1871 -1
0.1 1833 1872 -1
0.1 1832 1873 -1
0.1 1831 1874 -1
0.1 682 683 -1
0.1 684 685 -1
0.1 1876 1877 -1
0.1 688 689 -1
0.1 692 693 -1
0.1 691 1880 -1
0.1 695 696 -1
0.1 694 1882 -1
0.1 697 698 -1
0.1 1883 1884 -1
0.1 1881 1885 -1
0.1 690 1886 -1
0.1 701 702 -1
0.1 700 1888 -1
0.1 705 706 -1
0.1 1890 707 -1
0.1 704 1891 -1
0.1 703 1892 -1
0.1 1889 1893 -1
0.1 699 1894 -1
0.1 1887 1895 -1
0.1 1879 1896 -1
0.1 1897 708 -1
0.1 687 1898 -1
0.1 686 1899 -1
0.1 1878 1900 -1
0.1 681 1901 -1
0.1 1875 1902 -1
0.1 1903 709 -1
0.1 1829 1904 -1
0.1 1805 1905 -1
0.1 1247 1906 -1
0.1 1239 1907 -1
0.1 714 715 -1
0.1 713 1909 -1
0.1 712 1910 -1
0.1 1911 716 -1
0.1 711 1912 -1
0.1 1913 717 -1
0.1 710 1914 -1
0.1 720 721 -1
0.1 719 1916 -1
0.1 718 1917 -1
0.1 722 723 -1
0.1 1918 1919 -1
0.1 726 727 -1
0.1 725 1921 -1
0.1 724 1922 -1
0.1 1920 1923 -1
0.1 728 729 -1
0.1 730 731 -1
0.1 732 733 -1
0.1 1926 1927 -1
0.1 735 736 -1
0.1 1929 737 -1
0.1 734 1930 -1
0.1 740 741 -1
0.1 739 1932 -1
0.1 738 1933 -1
0.1 1931 1934 -1
0.1 1928 1935 -1
0.1 744 745 -1
0.1 743 1937 -1
0.1 742 1938 -1
0.1 746 747 -1
0.1 748 749 -1
0.1 1940 1941 -1
0.1 1939 1942 -1
0.1 1936 1943 -1
0.1 1925 1944 -1
0.1 1924 1945 -1
0.1 1915 1946 -1
0.1 751 752 -1
0.1 750 1948 -1
0.1 754 755 -1
0.1 1950 756 -1
0.1 753 1951 -1
0.1 1952 757 -1
0.1 1953 758 -1
0.1 760 761 -1
0.1 1955 762 -1
0.1 759 1956 -1
0.1 1954 1957 -1
0.1 1949 1958 -1
0.1 763 764 -1
0.1 765 766 -1
0.1 768 769 -1
0.1 767 1962 -1
0.1 1961 1963 -1
0.1 1960 1964 -1
0.1 1959 1965 -1
0.1 770 771 -1
0.1 1966 1967 -1
0.1 772 773 -1
0.1 1968 1969 -1
0.1 776 777 -1
0.1 775 1971 -1
0.1 778 779 -1
0.1 1972 1973 -1
0.1 781 782 -1
0.1 780 1975 -1
0.1 1974 1976 -1
0.1 783 784 -1
0.1 785 786 -1
0.1 1978 1979 -1
0.1 787 788 -1
0.1 1981 789 -1
0.1 1980 1982 -1
0.1 1977 1983 -1
0.1 774 1984 -1
0.1 1970 1985 -1
0.1 790 791 -1
0.1 795 796 -1
0.1 794 1988 -1
0.1 1989 797 -1
0.1 793 1990 -1
0.1 792 1991 -1
0.1 799 800 -1
0.1 798 1993 -1
0.1 801 802 -1
0.1 1995 803 -1
0.1 1994 1996 -1
0.1 804 805 -1
0.1 807 808 -1
0.1 806 1999 -1
0.1 2000 809 -1
0.1 1998 2001 -1
0.1 1997 2002 -1
0.1 1992 2003 -1
0.1 1987 2004 -1
0.1 1986 2005 -1
0.1 811 812 -1
0.1 810 2007 -1
0.1 2006 2008 -1
0.1 814 815 -1
0.1 813 2010 -1
0.1 817 818 -1
0.1 821 822 -1
0.1 820 2013 -1
0.1 819 2014 -1
0.1 824 825 -1
0.1 823 2016 -1
0.1 2015 2017 -1
0.1 828 829 -1
0.1 827 2019 -1
0.1 831 832 -1
0.1 830 2021 -1
0.1 2020 2022 -1
0.1 833 834 -1
0.1 2023 2024 -1
0.1 835 836 -1
0.1 837 838 -1
0.1 2026 2027 -1
0.1 2025 2028 -1
0.1 826 2029 -1
0.1 2018 2030 -1
0.1 839 840 -1
0.1 2031 2032 -1
0.1 2012 2033 -1
0.1 816 2034 -1
0.1 2035 841 -1
0.1 842 843 -1
0.1 845 846 -1
0.1 844 2038 -1
0.1 2039 847 -1
0.1 848 849 -1
0.1 850 851 -1
0.1 2041 2042 -1
0.1 852 853 -1
0.1 854 855 -1
0.1 2044 2045 -1
0.1 2043 2046 -1
0.1 2040 2047 -1
0.1 2037 2048 -1
0.1 2036 2049 -1
0.1 858 859 -1
0.1 860 861 -1
0.1 2051 2052 -1
0.1 857 2053 -1
0.1 862 863 -1
0.1 864 865 -1
0.1 867 868 -1
0.1 869 870 -1
0.1 871 872 -1
0.1 2058 2059 -1
0.1 2060 873 -1
0.1 2057 2061 -1
0.1 866 2062 -1
0.1 2063 874 -1
0.1 875 876 -1
0.1 2064 2065 -1
0.1 2056 2066 -1
0.1 2055 2067 -1
0.1 877 878 -1
0.1 2069 879 -1
0.1 2068 2070 -1
0.1 2054 2071 -1
0.1 2072 880 -1
0.1 856 2073 -1
0.1 882 883 -1
0.1 884 885 -1
0.1 2075 2076 -1
0.1 889 890 -1
0.1 888 2078 -1
0.1 891 892 -1
0.1 2080 893 -1
0.1 2079 2081 -1
0.1 887 2082 -1
0.1 895 896 -1
0.1 894 2084 -1
0.1 2085 897 -1
0.1 2083 2086 -1
0.1 899 900 -1
0.1 898 2088 -1
0.1 2087 2089 -1
0.1 886 2090 -1
0.1 2077 2091 -1
0.1 881 2092 -1
0.1 2074 2093 -1
0.1 901 902 -1
0.1 903 904 -1
0.1 2096 905 -1
0.1 906 907 -1
0.1 908 909 -1
0.1 2098 2099 -1
0.1 2097 2100 -1
0.1 913 914 -1
0.1 912 2102 -1
0.1 915 916 -1
0.1 2103 2104 -1
0.1 911 2105 -1
0.1 918 919 -1
0.1 917 2107 -1
0.1 2106 2108 -1
0.1 910 2109 -1
0.1 920 921 -1
0.1 2111 922 -1
0.1 2110 2112 -1
0.1 2101 2113 -1
0.1 924 925 -1
0.1 2115 926 -1
0.1 923 2116 -1
0.1 928 929 -1
0.1 2118 930 -1
0.1 927 2119 -1
0.1 2120 931 -1
0.1 2117 2121 -1
0.1 932 933 -1
0.1 2123 934 -1
0.1 939 940 -1
0.1 938 2125 -1
0.1 937 2126 -1
0.1 941 942 -1
0.1 2127 2128 -1
0.1 943 944 -1
0.1 945 946 -1
0.1 947 948 -1
0.1 2131 2132 -1
0.1 949 950 -1
0.1 951 952 -1
0.1 2134 2135 -1
0.1 953 954 -1
0.1 955 956 -1
0.1 2137 2138 -1
0.1 2136 2139 -1
0.1 2133 2140 -1
0.1 2130 2141 -1
0.1 2129 2142 -1
0.1 2143 957 -1
0.1 936 2144 -1
0.1 935 2145 -1
0.1 959 960 -1
0.1 958 2147 -1
0.1 2148 961 -1
0.1 2146 2149 -1
0.1 2124 2150 -1
0.1 2122 2151 -1
0.1 2152 962 -1
0.1 2114 2153 -1
0.1 963 964 -1
0.1 965 966 -1
0.1 2156 967 -1
0.1 2157 968 -1
0.1 2155 2158 -1
0.1 2154 2159 -1
0.1 971 972 -1
0.1 970 2161 -1
0.1 973 974 -1
0.1 2163 975 -1
0.1 2164 976 -1
0.1 2162 2165 -1
0.1 969 2166 -1
0.1 977 978 -1
0.1 981 982 -1
0.1 980 2169 -1
0.1 983 984 -1
0.1 2171 985 -1
0.1 2172 986 -1
0.1 2170 2173 -1
0.1 988 989 -1
0.1 2175 990 -1
0.1 987 2176 -1
0.1 2174 2177 -1
0.1 992 993 -1
0.1 991 2179 -1
0.1 994 995 -1
0.1 2180 2181 -1
0.1 997 998 -1
0.1 2183 999 -1
0.1 996 2184 -1
0.1 2182 2185 -1
0.1 2178 2186 -1
0.1 2187 1000 -1
0.1 1001 1002 -1
0.1 2189 1003 -1
0.1 2190 1004 -1
0.1 1005 1006 -1
0.1 2192 1007 -1
0.1 2191 2193 -1
0.1 2188 2194 -1
0.1 2195 1008 -1
0.1 979 2196 -1
0.1 2168 2197 -1
0.1 2167 2198 -1
0.1 1009 1010 -1
0.1 2199 2200 -1
0.1 2160 2201 -1
0.1 1013 1014 -1
0.1 1017 1018 -1
0.1 1016 2204 -1
0.1 1019 1020 -1
0.1 1022 1023 -1
0.1 1021 2207 -1
0.1 2206 2208 -1
0.1 2205 2209 -1
0.1 1015 2210 -1
0.1 2203 2211 -1
0.1 1012 2212 -1
0.1 1024 1025 -1
0.1 1026 1027 -1
0.1 1030 1031 -1
0.1 1029 2216 -1
0.1 1028 2217 -1
0.1 2215 2218 -1
0.1 2214 2219 -1
0.1 2213 2220 -1
0.1 1011 2221 -1
0.1 1032 1033 -1
0.1 2222 2223 -1
0.1 2202 2224 -1
0.1 2095 2225 -1
0.1 2094 2226 -1
0.1 2050 2227 -1
0.1 1036 1037 -1
0.1 1035 2229 -1
0.1 1034 2230 -1
0.1 2228 2231 -1
0.1 1042 1043 -1
0.1 1041 2233 -1
0.1 2234 1044 -1
0.1 1040 2235 -1
0.1 1039 2236 -1
0.1 2237 1045 -1
0.1 2238 1046 -1
0.1 1038 2239 -1
0.1 2232 2240 -1
0.1 2011 2241 -1
0.1 2009 2242 -1
0.1 1047 1048 -1
0.1 1050 1051 -1
0.1 1049 2245 -1
0.1 2246 1052 -1
0.1 2244 2247 -1
0.1 1053 1054 -1
0.1 1056 1057 -1
0.1 1055 2250 -1
0.1 2251 1058 -1
0.1 2249 2252 -1
0.1 1060 1061 -1
0.1 2254 1062 -1
0.1 1063 1064 -1
0.1 2255 2256 -1
0.1 1059 2257 -1
0.1 2253 2258 -1
0.1 1066 1067 -1
0.1 1065 2260 -1
0.1 1068 1069 -1
0.1 2261 2262 -1
0.1 2259 2263 -1
0.1 2248 2264 -1
0.1 2243 2265 -1
0.1 1947 2266 -1
0.1 1072 1073 -1
0.1 1075 1076 -1
0.1 1074 2269 -1
0.1 2268 2270 -1
0.1 1071 2271 -1
0.1 1070 2272 -1
0.1 1077 1078 -1
0.1 1079 1080 -1
0.1 1082 1083 -1
0.1 1081 2276 -1
0.1 2275 2277 -1
0.1 1085 1086 -1
0.1 1084 2279 -1
0.1 2278 2280 -1
0.1 2274 2281 -1
0.1 1088 1089 -1
0.1 2283 1090 -1
0.1 1092 1093 -1
0.1 1094 1095 -1
0.1 2285 2286 -1
0.1 1091 2287 -1
0.1 2288 1096 -1
0.1 2284 2289 -1
0.1 1087 2290 -1
0.1 2282 2291 -1
0.1 1098 1099 -1
0.1 1097 2293 -1
0.1 2292 2294 -1
0.1 1100 1101 -1
0.1 2295 2296 -1
0.1 1103 1104 -1
0.1 2298 1105 -1
0.1 2299 1106 -1
0.1 1102 2300 -1
0.1 1107 1108 -1
0.1 2301 2302 -1
0.1 2297 2303 -1
0.1 1109 1110 -1
0.1 1116 1117 -1
0.1 1115 2306 -1
0.1 1118 1119 -1
0.1 2307 2308 -1
0.1 1121 1122 -1
0.1 1123 1124 -1
0.1 2311 1125 -1
0.1 2312 1126 -1
0.1 1128 1129 -1
0.1 1127 2314 -1
0.1 1130 1131 -1
0.1 2316 1132 -1
0.1 2317 1133 -1
0.1 2315 2318 -1
0.1 2319 1134 -1
0.1 2313 2320 -1
0.1 2310 2321 -1
0.1 1120 2322 -1
0.1 2309 2323 -1
0.1 1114 2324 -1
0.1 1113 2325 -1
0.1 1135 1136 -1
0.1 1138 1139 -1
0.1 1140 1141 -1
0.1 2329 1142 -1
0.1 2328 2330 -1
0.1 1137 2331 -1
0.1 1144 1145 -1
0.1 1143 2333 -1
0.1 1146 1147 -1
0.1 1148 1149 -1
0.1 1150 1151 -1
0.1 2336 2337 -1
0.1 2335 2338 -1
0.1 2334 2339 -1
0.1 2332 2340 -1
0.1 2327 2341 -1
0.1 1152 1153 -1
0.1 2343 1154 -1
0.1 2342 2344 -1
0.1 2326 2345 -1
0.1 1112 2346 -1
0.1 2347 1155 -1
0.1 1111 2348 -1
0.1 2349 1156 -1
0.1 2305 2350 -1
0.1 1158 1159 -1
0.1 2352 1160 -1
0.1 1157 2353 -1
0.1 1161 1162 -1
0.1 2355 1163 -1
0.1 1164 1165 -1
0.1 1167 1168 -1
0.1 1166 2358 -1
0.1 2357 2359 -1
0.1 2360 1169 -1
0.1 2356 2361 -1
0.1 2354 2362 -1
0.1 2363 1170 -1
0.1 2351 2364 -1
0.1 2304 2365 -1
0.1 2273 2366 -1
0.1 1172 1173 -1
0.1 2368 1174 -1
0.1 1171 2369 -1
0.1 1175 1176 -1
0.1 2370 2371 -1
0.1 2367 2372 -1
0.1 1177 1178 -1
0.1 1179 1180 -1
0.1 1183 1184 -1
0.1 1182 2376 -1
0.1 1181 2377 -1
0.1 2375 2378 -1
0.1 1185 1186 -1
0.1 1187 1188 -1
0.1 1189 1190 -1
0.1 2381 2382 -1
0.1 2380 2383 -1
0.1 2379 2384 -1
0.1 1192 1193 -1
0.1 1195 1196 -1
0.1 1197 1198 -1
0.1 2387 2388 -1
0.1 1194 2389 -1
0.1 2386 2390 -1
0.1 1191 2391 -1
0.1 2385 2392 -1
0.1 2374 2393 -1
0.1 1199 1200 -1
0.1 2394 2395 -1
0.1 2373 2396 -1
0.1 2267 2397 -1
0.1 1908 2398 -1
