1 0 0 1
1 0 0 1
1 0 0 2
1 0 0 2
1 0 0 2
1 0 0 3
1 0 0 4
1 0 0 5
1 0 0 5
1 0 0 5
1 0 0 5
1 0 0 5
1 0 0 6
1 0 0 6
1 0 0 6
1 0 0 6
1 0 0 6
1 0 0 7
1 0 0 7
1 0 0 7
1 0 0 7
1 0 0 7
1 0 0 8
1 0 0 8
1 0 0 8
1 0 0 8
1 0 0 8
1 0 0 4
1 0 0 9
1 0 0 9
1 0 0 9
1 0 0 9
1 0 0 9
1 0 0 10
1 0 0 10
1 0 0 10
1 0 0 10
1 0 0 10
1 0 0 11
1 0 0 12
1 0 0 12
1 0 0 12
1 0 0 12
1 0 0 12
1 0 0 13
1 0 0 13
1 0 0 13
1 0 0 13
1 0 0 13
1 0 0 11
1 0 0 11
1 0 0 11
1 0 0 14
1 0 0 14
1 0 0 14
1 0 0 14
1 0 0 14
1 0 0 11
1 0 0 15
1 0 0 15
1 0 0 15
1 0 0 15
1 0 0 15
1 0 0 16
1 0 0 16
1 0 0 16
1 0 0 16
1 0 0 16
1 0 0 17
1 0 0 17
1 0 0 17
1 0 0 17
1 0 0 17
1 0 0 18
1 0 0 18
1 0 0 18
1 0 0 18
1 0 0 18
1 0 0 4
1 0 0 19
1 0 0 19
1 0 0 19
1 0 0 19
1 0 0 19
1 0 0 20
1 0 0 20
1 0 0 21
1 0 0 21
1 0 0 21
1 0 0 21
1 0 0 21
1 0 0 22
1 0 0 23
1 0 0 24
1 0 0 24
1 0 0 24
1 0 0 24
1 0 0 24
1 0 0 25
1 0 0 25
1 0 0 25
1 0 0 25
1 0 0 25
1 0 0 26
1 0 0 26
1 0 0 26
1 0 0 26
1 0 0 26
1 0 0 27
1 0 0 27
1 0 0 27
1 0 0 27
1 0 0 27
1 0 0 28
1 0 0 28
1 0 0 28
1 0 0 28
1 0 0 28
1 0 0 23
1 0 0 23
1 0 0 29
1 0 0 29
1 0 0 29
1 0 0 29
1 0 0 29
1 0 0 23
1 0 0 23
1 0 0 22
1 0 0 22
1 0 0 22
1 0 0 22
1 0 0 30
1 0 0 31
1 0 0 31
1 0 0 31
1 0 0 31
1 0 0 31
1 0 0 30
1 0 0 30
1 0 0 32
1 0 0 32
1 0 0 32
1 0 0 32
1 0 0 32
1 0 0 30
1 0 0 33
1 0 0 33
1 0 0 33
1 0 0 33
1 0 0 33
1 0 0 30
1 0 0 34
1 0 0 34
1 0 0 34
1 0 0 34
1 0 0 34
1 0 0 20
1 0 0 35
1 0 0 35
1 0 0 35
1 0 0 35
1 0 0 35
1 0 0 36
1 0 0 36
1 0 0 36
1 0 0 36
1 0 0 36
1 0 0 20
1 0 0 37
1 0 0 38
1 0 0 38
1 0 0 38
1 0 0 20
1 0 0 2
1 0 0 2
1 0 0 39
1 0 0 39
1 0 0 39
1 0 0 39
1 0 0 39
1 0 0 38
1 0 0 40
1 0 0 40
1 0 0 40
1 0 0 40
1 0 0 40
1 0 0 4
1 0 0 4
1 0 0 41
1 0 0 41
1 0 0 41
1 0 0 41
1 0 0 41
1 0 0 42
1 0 0 42
1 0 0 42
1 0 0 42
1 0 0 42
1 0 0 43
1 0 0 43
1 0 0 43
1 0 0 43
1 0 0 43
1 0 0 44
1 0 0 44
1 0 0 44
1 0 0 44
1 0 0 44
1 0 0 45
1 0 0 45
1 0 0 37
1 0 0 37
1 0 0 37
1 0 0 37
1 0 0 45
1 0 0 45
1 0 0 1
1 0 0 1
1 0 0 1
1 0 0 3
1 0 0 3
1 0 0 45
1 0 0 46
1 0 0 46
1 0 0 46
1 0 0 46
1 0 0 46
1 0 0 47
1 0 0 47
1 0 0 47
1 0 0 47
1 0 0 47
1 0 0 48
1 0 0 3
1 0 0 3
1 0 0 48
1 0 0 38
1 0 0 48
1 0 0 48
1 0 0 48
0.1 1 2 -1
0.1 4 5 -1
0.1 3 242 -1
0.1 243 6 -1
0.1 241 244 -1
0.1 9 10 -1
0.1 246 11 -1
0.1 8 247 -1
0.1 248 12 -1
0.1 13 14 -1
0.1 16 17 -1
0.1 15 251 -1
0.1 250 252 -1
0.1 249 253 -1
0.1 7 254 -1
0.1 20 21 -1
0.1 256 22 -1
0.1 19 257 -1
0.1 18 258 -1
0.1 24 25 -1
0.1 23 260 -1
0.1 261 26 -1
0.1 262 27 -1
0.1 259 263 -1
0.1 30 31 -1
0.1 32 33 -1
0.1 265 266 -1
0.1 29 267 -1
0.1 37 38 -1
0.1 36 269 -1
0.1 35 270 -1
0.1 34 271 -1
0.1 42 43 -1
0.1 41 273 -1
0.1 40 274 -1
0.1 275 44 -1
0.1 46 47 -1
0.1 48 49 -1
0.1 277 278 -1
0.1 45 279 -1
0.1 280 50 -1
0.1 51 52 -1
0.1 54 55 -1
0.1 56 57 -1
0.1 283 284 -1
0.1 53 285 -1
0.1 282 286 -1
0.1 287 58 -1
0.1 281 288 -1
0.1 276 289 -1
0.1 39 290 -1
0.1 60 61 -1
0.1 59 292 -1
0.1 62 63 -1
0.1 293 294 -1
0.1 66 67 -1
0.1 65 296 -1
0.1 297 68 -1
0.1 64 298 -1
0.1 295 299 -1
0.1 291 300 -1
0.1 272 301 -1
0.1 268 302 -1
0.1 28 303 -1
0.1 264 304 -1
0.1 72 73 -1
0.1 71 306 -1
0.1 70 307 -1
0.1 69 308 -1
0.1 75 76 -1
0.1 74 310 -1
0.1 309 311 -1
0.1 77 78 -1
0.1 312 313 -1
0.1 82 83 -1
0.1 81 315 -1
0.1 316 84 -1
0.1 80 317 -1
0.1 79 318 -1
0.1 314 319 -1
0.1 305 320 -1
0.1 255 321 -1
0.1 245 322 -1
0.1 87 88 -1
0.1 324 89 -1
0.1 90 91 -1
0.1 325 326 -1
0.1 95 96 -1
0.1 94 328 -1
0.1 329 97 -1
0.1 330 98 -1
0.1 102 103 -1
0.1 101 332 -1
0.1 100 333 -1
0.1 99 334 -1
0.1 107 108 -1
0.1 106 336 -1
0.1 105 337 -1
0.1 104 338 -1
0.1 335 339 -1
0.1 109 110 -1
0.1 111 112 -1
0.1 342 113 -1
0.1 341 343 -1
0.1 114 115 -1
0.1 116 117 -1
0.1 346 118 -1
0.1 345 347 -1
0.1 344 348 -1
0.1 340 349 -1
0.1 331 350 -1
0.1 124 125 -1
0.1 123 352 -1
0.1 122 353 -1
0.1 121 354 -1
0.1 120 355 -1
0.1 119 356 -1
0.1 126 127 -1
0.1 357 358 -1
0.1 351 359 -1
0.1 93 360 -1
0.1 92 361 -1
0.1 128 129 -1
0.1 362 363 -1
0.1 130 131 -1
0.1 134 135 -1
0.1 136 137 -1
0.1 366 367 -1
0.1 133 368 -1
0.1 138 139 -1
0.1 369 370 -1
0.1 132 371 -1
0.1 143 144 -1
0.1 142 373 -1
0.1 141 374 -1
0.1 375 145 -1
0.1 140 376 -1
0.1 148 149 -1
0.1 378 150 -1
0.1 147 379 -1
0.1 146 380 -1
0.1 152 153 -1
0.1 155 156 -1
0.1 154 383 -1
0.1 382 384 -1
0.1 151 385 -1
0.1 381 386 -1
0.1 377 387 -1
0.1 372 388 -1
0.1 365 389 -1
0.1 364 390 -1
0.1 327 391 -1
0.1 86 392 -1
0.1 158 159 -1
0.1 160 161 -1
0.1 394 395 -1
0.1 396 162 -1
0.1 157 397 -1
0.1 164 165 -1
0.1 399 166 -1
0.1 163 400 -1
0.1 401 167 -1
0.1 402 168 -1
0.1 398 403 -1
0.1 393 404 -1
0.1 85 405 -1
0.1 406 169 -1
0.1 323 407 -1
0.1 171 172 -1
0.1 170 409 -1
0.1 410 173 -1
0.1 174 175 -1
0.1 176 177 -1
0.1 178 179 -1
0.1 413 414 -1
0.1 415 180 -1
0.1 185 186 -1
0.1 184 417 -1
0.1 183 418 -1
0.1 182 419 -1
0.1 181 420 -1
0.1 421 187 -1
0.1 190 191 -1
0.1 192 193 -1
0.1 423 424 -1
0.1 189 425 -1
0.1 196 197 -1
0.1 427 198 -1
0.1 195 428 -1
0.1 194 429 -1
0.1 200 201 -1
0.1 199 431 -1
0.1 202 203 -1
0.1 432 433 -1
0.1 430 434 -1
0.1 204 205 -1
0.1 206 207 -1
0.1 437 208 -1
0.1 436 438 -1
0.1 435 439 -1
0.1 426 440 -1
0.1 188 441 -1
0.1 422 442 -1
0.1 416 443 -1
0.1 209 210 -1
0.1 213 214 -1
0.1 212 446 -1
0.1 211 447 -1
0.1 445 448 -1
0.1 444 449 -1
0.1 215 216 -1
0.1 218 219 -1
0.1 217 452 -1
0.1 451 453 -1
0.1 450 454 -1
0.1 220 221 -1
0.1 455 456 -1
0.1 412 457 -1
0.1 226 227 -1
0.1 225 459 -1
0.1 224 460 -1
0.1 223 461 -1
0.1 228 229 -1
0.1 231 232 -1
0.1 230 464 -1
0.1 463 465 -1
0.1 462 466 -1
0.1 222 467 -1
0.1 458 468 -1
0.1 234 235 -1
0.1 470 236 -1
0.1 237 238 -1
0.1 471 472 -1
0.1 239 240 -1
0.1 473 474 -1
0.1 233 475 -1
0.1 469 476 -1
0.1 411 477 -1
0.1 408 478 -1
