1 0 0 1
1 0 0 1
1 0 0 1
1 0 0 1
1 0 0 1
1 0 0 2
1 0 0 3
1 0 0 3
1 0 0 3
1 0 0 3
1 0 0 3
1 0 0 2
1 0 0 4
1 0 0 4
1 0 0 4
1 0 0 4
1 0 0 4
1 0 0 2
1 0 0 5
1 0 0 5
1 0 0 5
1 0 0 5
1 0 0 5
1 0 0 6
1 0 0 6
1 0 0 6
1 0 0 6
1 0 0 6
1 0 0 7
1 0 0 7
1 0 0 7
1 0 0 7
1 0 0 7
1 0 0 8
1 0 0 8
1 0 0 9
1 0 0 10
1 0 0 10
1 0 0 10
1 0 0 10
1 0 0 10
1 0 0 9
1 0 0 11
1 0 0 11
1 0 0 11
1 0 0 11
1 0 0 11
1 0 0 9
1 0 0 12
1 0 0 12
1 0 0 12
1 0 0 12
1 0 0 12
1 0 0 9
1 0 0 9
1 0 0 8
1 0 0 8
1 0 0 13
1 0 0 13
1 0 0 13
1 0 0 13
1 0 0 13
1 0 0 14
1 0 0 14
1 0 0 14
1 0 0 14
1 0 0 15
1 0 0 15
1 0 0 15
1 0 0 15
1 0 0 15
1 0 0 14
1 0 0 16
1 0 0 16
1 0 0 16
1 0 0 16
1 0 0 16
1 0 0 17
1 0 0 17
1 0 0 17
1 0 0 17
1 0 0 17
1 0 0 18
1 0 0 18
1 0 0 18
1 0 0 18
1 0 0 18
1 0 0 8
1 0 0 19
1 0 0 2
1 0 0 2
1 0 0 20
1 0 0 21
1 0 0 21
1 0 0 21
1 0 0 19
1 0 0 22
1 0 0 22
1 0 0 23
1 0 0 23
1 0 0 22
1 0 0 20
1 0 0 20
1 0 0 20
1 0 0 24
1 0 0 24
1 0 0 24
1 0 0 24
1 0 0 25
1 0 0 20
1 0 0 25
1 0 0 26
1 0 0 26
1 0 0 21
1 0 0 21
1 0 0 25
1 0 0 26
1 0 0 22
1 0 0 22
1 0 0 23
1 0 0 23
1 0 0 23
1 0 0 19
1 0 0 19
1 0 0 19
1 0 0 25
1 0 0 26
1 0 0 26
1 0 0 24
1 0 0 25
1 0 0 27
1 0 0 27
1 0 0 28
1 0 0 28
1 0 0 28
1 0 0 28
1 0 0 28
1 0 0 29
1 0 0 29
1 0 0 29
1 0 0 29
1 0 0 29
1 0 0 30
1 0 0 30
1 0 0 30
1 0 0 30
1 0 0 30
1 0 0 31
1 0 0 31
1 0 0 31
1 0 0 31
1 0 0 31
1 0 0 32
1 0 0 32
1 0 0 32
1 0 0 32
1 0 0 32
1 0 0 33
1 0 0 33
1 0 0 33
1 0 0 33
1 0 0 33
1 0 0 27
1 0 0 34
1 0 0 34
1 0 0 34
1 0 0 34
1 0 0 34
1 0 0 35
1 0 0 35
1 0 0 35
1 0 0 35
1 0 0 35
1 0 0 36
1 0 0 36
1 0 0 36
1 0 0 36
1 0 0 36
1 0 0 37
1 0 0 37
1 0 0 37
1 0 0 37
1 0 0 37
1 0 0 38
1 0 0 38
1 0 0 38
1 0 0 38
1 0 0 38
1 0 0 39
1 0 0 39
1 0 0 39
1 0 0 39
1 0 0 39
1 0 0 40
1 0 0 40
1 0 0 40
1 0 0 40
1 0 0 40
1 0 0 27
1 0 0 41
1 0 0 41
1 0 0 41
1 0 0 41
1 0 0 41
1 0 0 42
1 0 0 42
1 0 0 42
1 0 0 42
1 0 0 42
1 0 0 43
1 0 0 43
1 0 0 43
1 0 0 43
1 0 0 43
1 0 0 44
1 0 0 45
1 0 0 45
1 0 0 45
1 0 0 45
1 0 0 45
1 0 0 44
1 0 0 46
1 0 0 46
1 0 0 46
1 0 0 46
1 0 0 46
1 0 0 44
1 0 0 47
1 0 0 47
1 0 0 47
1 0 0 47
1 0 0 47
1 0 0 44
1 0 0 44
1 0 0 48
1 0 0 48
1 0 0 48
1 0 0 48
1 0 0 48
1 0 0 27
0.1 1 2 -1
0.1 4 5 -1
0.1 3 242 -1
0.1 241 243 -1
0.1 7 8 -1
0.1 245 9 -1
0.1 246 10 -1
0.1 247 11 -1
0.1 6 248 -1
0.1 15 16 -1
0.1 250 17 -1
0.1 14 251 -1
0.1 13 252 -1
0.1 12 253 -1
0.1 19 20 -1
0.1 21 22 -1
0.1 255 256 -1
0.1 257 23 -1
0.1 25 26 -1
0.1 24 259 -1
0.1 27 28 -1
0.1 260 261 -1
0.1 29 30 -1
0.1 31 32 -1
0.1 263 264 -1
0.1 265 33 -1
0.1 262 266 -1
0.1 34 35 -1
0.1 37 38 -1
0.1 40 41 -1
0.1 39 270 -1
0.1 269 271 -1
0.1 36 272 -1
0.1 45 46 -1
0.1 44 274 -1
0.1 275 47 -1
0.1 43 276 -1
0.1 42 277 -1
0.1 273 278 -1
0.1 50 51 -1
0.1 49 280 -1
0.1 52 53 -1
0.1 281 282 -1
0.1 283 54 -1
0.1 48 284 -1
0.1 285 55 -1
0.1 279 286 -1
0.1 56 57 -1
0.1 60 61 -1
0.1 289 62 -1
0.1 59 290 -1
0.1 58 291 -1
0.1 288 292 -1
0.1 287 293 -1
0.1 268 294 -1
0.1 64 65 -1
0.1 63 296 -1
0.1 70 71 -1
0.1 69 298 -1
0.1 68 299 -1
0.1 67 300 -1
0.1 66 301 -1
0.1 297 302 -1
0.1 73 74 -1
0.1 304 75 -1
0.1 76 77 -1
0.1 305 306 -1
0.1 80 81 -1
0.1 308 82 -1
0.1 79 309 -1
0.1 84 85 -1
0.1 86 87 -1
0.1 311 312 -1
0.1 83 313 -1
0.1 310 314 -1
0.1 78 315 -1
0.1 307 316 -1
0.1 317 88 -1
0.1 72 318 -1
0.1 303 319 -1
0.1 295 320 -1
0.1 267 321 -1
0.1 258 322 -1
0.1 18 323 -1
0.1 254 324 -1
0.1 89 90 -1
0.1 325 326 -1
0.1 249 327 -1
0.1 244 328 -1
0.1 94 95 -1
0.1 93 330 -1
0.1 92 331 -1
0.1 97 98 -1
0.1 99 100 -1
0.1 333 334 -1
0.1 335 101 -1
0.1 96 336 -1
0.1 332 337 -1
0.1 103 104 -1
0.1 102 339 -1
0.1 106 107 -1
0.1 105 341 -1
0.1 342 108 -1
0.1 340 343 -1
0.1 338 344 -1
0.1 91 345 -1
0.1 329 346 -1
0.1 110 111 -1
0.1 109 348 -1
0.1 112 113 -1
0.1 114 115 -1
0.1 350 351 -1
0.1 352 116 -1
0.1 349 353 -1
0.1 118 119 -1
0.1 117 355 -1
0.1 121 122 -1
0.1 120 357 -1
0.1 123 124 -1
0.1 359 125 -1
0.1 358 360 -1
0.1 361 126 -1
0.1 127 128 -1
0.1 362 363 -1
0.1 356 364 -1
0.1 129 130 -1
0.1 365 366 -1
0.1 354 367 -1
0.1 136 137 -1
0.1 135 369 -1
0.1 134 370 -1
0.1 133 371 -1
0.1 138 139 -1
0.1 141 142 -1
0.1 140 374 -1
0.1 373 375 -1
0.1 372 376 -1
0.1 144 145 -1
0.1 378 146 -1
0.1 379 147 -1
0.1 143 380 -1
0.1 149 150 -1
0.1 151 152 -1
0.1 382 383 -1
0.1 148 384 -1
0.1 381 385 -1
0.1 377 386 -1
0.1 132 387 -1
0.1 155 156 -1
0.1 154 389 -1
0.1 390 157 -1
0.1 153 391 -1
0.1 158 159 -1
0.1 160 161 -1
0.1 394 162 -1
0.1 393 395 -1
0.1 392 396 -1
0.1 388 397 -1
0.1 166 167 -1
0.1 165 399 -1
0.1 400 168 -1
0.1 164 401 -1
0.1 170 171 -1
0.1 169 403 -1
0.1 172 173 -1
0.1 404 405 -1
0.1 402 406 -1
0.1 163 407 -1
0.1 176 177 -1
0.1 409 178 -1
0.1 175 410 -1
0.1 174 411 -1
0.1 181 182 -1
0.1 180 413 -1
0.1 414 183 -1
0.1 179 415 -1
0.1 412 416 -1
0.1 187 188 -1
0.1 186 418 -1
0.1 185 419 -1
0.1 184 420 -1
0.1 190 191 -1
0.1 189 422 -1
0.1 192 193 -1
0.1 423 424 -1
0.1 421 425 -1
0.1 196 197 -1
0.1 195 427 -1
0.1 428 198 -1
0.1 194 429 -1
0.1 430 199 -1
0.1 426 431 -1
0.1 201 202 -1
0.1 200 433 -1
0.1 203 204 -1
0.1 434 435 -1
0.1 206 207 -1
0.1 208 209 -1
0.1 437 438 -1
0.1 205 439 -1
0.1 212 213 -1
0.1 211 441 -1
0.1 210 442 -1
0.1 443 214 -1
0.1 218 219 -1
0.1 217 445 -1
0.1 216 446 -1
0.1 447 220 -1
0.1 223 224 -1
0.1 225 226 -1
0.1 449 450 -1
0.1 222 451 -1
0.1 221 452 -1
0.1 230 231 -1
0.1 454 232 -1
0.1 229 455 -1
0.1 228 456 -1
0.1 233 234 -1
0.1 457 458 -1
0.1 227 459 -1
0.1 453 460 -1
0.1 448 461 -1
0.1 215 462 -1
0.1 235 236 -1
0.1 238 239 -1
0.1 237 465 -1
0.1 464 466 -1
0.1 463 467 -1
0.1 444 468 -1
0.1 440 469 -1
0.1 436 470 -1
0.1 471 240 -1
0.1 432 472 -1
0.1 417 473 -1
0.1 408 474 -1
0.1 398 475 -1
0.1 131 476 -1
0.1 368 477 -1
0.1 347 478 -1
