1 0 0 1
1 0 0 2
1 0 0 2
1 0 0 2
1 0 0 2
1 0 0 2
1 0 0 2
1 0 0 2
1 0 0 2
1 0 0 2
1 0 0 2
1 0 0 1
1 0 0 1
1 0 0 1
1 0 0 1
1 0 0 1
1 0 0 1
1 0 0 1
1 0 0 1
1 0 0 1
1 0 0 3
1 0 0 3
1 0 0 3
1 0 0 3
1 0 0 3
1 0 0 3
1 0 0 3
1 0 0 3
1 0 0 3
1 0 0 3
1 0 0 4
1 0 0 5
1 0 0 6
1 0 0 6
1 0 0 6
1 0 0 5
1 0 0 5
1 0 0 5
1 0 0 5
1 0 0 5
1 0 0 5
1 0 0 5
1 0 0 5
1 0 0 5
1 0 0 4
1 0 0 4
1 0 0 6
1 0 0 6
1 0 0 6
1 0 0 6
1 0 0 6
1 0 0 6
1 0 0 6
1 0 0 7
1 0 0 7
1 0 0 8
1 0 0 8
1 0 0 8
1 0 0 8
1 0 0 7
1 0 0 7
1 0 0 7
1 0 0 7
1 0 0 7
1 0 0 9
1 0 0 7
1 0 0 7
1 0 0 9
1 0 0 9
1 0 0 9
1 0 0 10
1 0 0 10
1 0 0 10
1 0 0 10
1 0 0 10
1 0 0 10
1 0 0 10
1 0 0 10
1 0 0 10
1 0 0 10
1 0 0 9
1 0 0 9
1 0 0 8
1 0 0 9
1 0 0 7
1 0 0 9
1 0 0 9
1 0 0 8
1 0 0 8
1 0 0 8
1 0 0 8
1 0 0 8
1 0 0 9
1 0 0 4
1 0 0 4
1 0 0 4
1 0 0 4
1 0 0 4
1 0 0 4
1 0 0 11
1 0 0 11
1 0 0 11
1 0 0 11
1 0 0 11
1 0 0 11
1 0 0 11
1 0 0 11
1 0 0 11
1 0 0 11
1 0 0 12
1 0 0 12
1 0 0 12
1 0 0 12
1 0 0 12
1 0 0 12
1 0 0 13
1 0 0 13
1 0 0 13
1 0 0 13
1 0 0 13
1 0 0 13
1 0 0 13
1 0 0 13
1 0 0 13
1 0 0 13
1 0 0 14
1 0 0 14
1 0 0 14
1 0 0 14
1 0 0 14
1 0 0 14
1 0 0 14
1 0 0 14
1 0 0 14
1 0 0 15
1 0 0 15
1 0 0 15
1 0 0 15
1 0 0 15
1 0 0 15
1 0 0 15
1 0 0 15
1 0 0 15
1 0 0 15
1 0 0 16
1 0 0 16
1 0 0 16
1 0 0 16
1 0 0 16
1 0 0 16
1 0 0 17
1 0 0 16
1 0 0 16
1 0 0 16
1 0 0 17
1 0 0 17
1 0 0 17
1 0 0 17
1 0 0 17
1 0 0 17
1 0 0 17
1 0 0 17
1 0 0 17
1 0 0 16
1 0 0 14
1 0 0 12
1 0 0 12
1 0 0 12
1 0 0 12
1 0 0 4
1 0 0 18
1 0 0 18
1 0 0 18
1 0 0 18
1 0 0 18
1 0 0 18
1 0 0 18
1 0 0 18
1 0 0 18
1 0 0 18
0.1 2 3 -1
0.1 5 6 -1
0.1 4 182 -1
0.1 183 7 -1
0.1 181 184 -1
0.1 9 10 -1
0.1 186 11 -1
0.1 8 187 -1
0.1 185 188 -1
0.1 189 12 -1
0.1 13 14 -1
0.1 15 16 -1
0.1 17 18 -1
0.1 192 193 -1
0.1 191 194 -1
0.1 190 195 -1
0.1 1 196 -1
0.1 19 20 -1
0.1 197 198 -1
0.1 22 23 -1
0.1 200 24 -1
0.1 25 26 -1
0.1 201 202 -1
0.1 27 28 -1
0.1 204 29 -1
0.1 203 205 -1
0.1 21 206 -1
0.1 207 30 -1
0.1 208 31 -1
0.1 33 34 -1
0.1 210 35 -1
0.1 36 37 -1
0.1 211 212 -1
0.1 38 39 -1
0.1 214 40 -1
0.1 43 44 -1
0.1 42 216 -1
0.1 41 217 -1
0.1 215 218 -1
0.1 45 46 -1
0.1 48 49 -1
0.1 47 221 -1
0.1 51 52 -1
0.1 223 53 -1
0.1 50 224 -1
0.1 222 225 -1
0.1 220 226 -1
0.1 219 227 -1
0.1 213 228 -1
0.1 32 229 -1
0.1 209 230 -1
0.1 58 59 -1
0.1 57 232 -1
0.1 60 61 -1
0.1 62 63 -1
0.1 235 64 -1
0.1 234 236 -1
0.1 66 67 -1
0.1 74 75 -1
0.1 73 239 -1
0.1 72 240 -1
0.1 71 241 -1
0.1 76 77 -1
0.1 78 79 -1
0.1 243 244 -1
0.1 245 80 -1
0.1 242 246 -1
0.1 70 247 -1
0.1 69 248 -1
0.1 249 81 -1
0.1 250 82 -1
0.1 251 83 -1
0.1 68 252 -1
0.1 238 253 -1
0.1 84 85 -1
0.1 254 255 -1
0.1 256 86 -1
0.1 65 257 -1
0.1 90 91 -1
0.1 259 92 -1
0.1 89 260 -1
0.1 88 261 -1
0.1 262 93 -1
0.1 87 263 -1
0.1 258 264 -1
0.1 237 265 -1
0.1 233 266 -1
0.1 56 267 -1
0.1 55 268 -1
0.1 54 269 -1
0.1 231 270 -1
0.1 199 271 -1
0.1 95 96 -1
0.1 97 98 -1
0.1 274 99 -1
0.1 273 275 -1
0.1 101 102 -1
0.1 100 277 -1
0.1 103 104 -1
0.1 106 107 -1
0.1 105 280 -1
0.1 279 281 -1
0.1 282 108 -1
0.1 283 109 -1
0.1 278 284 -1
0.1 111 112 -1
0.1 114 115 -1
0.1 113 287 -1
0.1 286 288 -1
0.1 110 289 -1
0.1 116 117 -1
0.1 118 119 -1
0.1 291 292 -1
0.1 293 120 -1
0.1 294 121 -1
0.1 123 124 -1
0.1 296 125 -1
0.1 122 297 -1
0.1 295 298 -1
0.1 127 128 -1
0.1 129 130 -1
0.1 131 132 -1
0.1 301 302 -1
0.1 300 303 -1
0.1 304 133 -1
0.1 305 134 -1
0.1 126 306 -1
0.1 135 136 -1
0.1 139 140 -1
0.1 138 309 -1
0.1 310 141 -1
0.1 143 144 -1
0.1 142 312 -1
0.1 311 313 -1
0.1 137 314 -1
0.1 308 315 -1
0.1 145 146 -1
0.1 316 317 -1
0.1 147 148 -1
0.1 318 319 -1
0.1 150 151 -1
0.1 152 153 -1
0.1 322 154 -1
0.1 159 160 -1
0.1 324 161 -1
0.1 325 162 -1
0.1 326 163 -1
0.1 158 327 -1
0.1 157 328 -1
0.1 156 329 -1
0.1 155 330 -1
0.1 331 164 -1
0.1 323 332 -1
0.1 321 333 -1
0.1 149 334 -1
0.1 320 335 -1
0.1 336 165 -1
0.1 307 337 -1
0.1 299 338 -1
0.1 167 168 -1
0.1 166 340 -1
0.1 339 341 -1
0.1 290 342 -1
0.1 343 169 -1
0.1 285 344 -1
0.1 276 345 -1
0.1 171 172 -1
0.1 175 176 -1
0.1 174 348 -1
0.1 179 180 -1
0.1 178 350 -1
0.1 177 351 -1
0.1 349 352 -1
0.1 173 353 -1
0.1 347 354 -1
0.1 170 355 -1
0.1 346 356 -1
0.1 94 357 -1
0.1 272 358 -1
