1 0 0 1
1 0 0 1
1 0 0 1
1 0 0 1
1 0 0 1
1 0 0 1
1 0 0 1
1 0 0 1
1 0 0 1
1 0 0 1
1 0 0 2
1 0 0 2
1 0 0 3
1 0 0 4
1 0 0 4
1 0 0 3
1 0 0 5
1 0 0 5
1 0 0 5
1 0 0 5
1 0 0 5
1 0 0 5
1 0 0 5
1 0 0 5
1 0 0 5
1 0 0 5
1 0 0 3
1 0 0 3
1 0 0 6
1 0 0 6
1 0 0 6
1 0 0 6
1 0 0 6
1 0 0 6
1 0 0 6
1 0 0 6
1 0 0 6
1 0 0 6
1 0 0 7
1 0 0 7
1 0 0 7
1 0 0 7
1 0 0 7
1 0 0 7
1 0 0 7
1 0 0 7
1 0 0 7
1 0 0 7
1 0 0 8
1 0 0 8
1 0 0 8
1 0 0 8
1 0 0 8
1 0 0 8
1 0 0 8
1 0 0 8
1 0 0 9
1 0 0 9
1 0 0 9
1 0 0 9
1 0 0 10
1 0 0 10
1 0 0 10
1 0 0 9
1 0 0 9
1 0 0 8
1 0 0 8
1 0 0 11
1 0 0 11
1 0 0 11
1 0 0 11
1 0 0 11
1 0 0 11
1 0 0 11
1 0 0 11
1 0 0 11
1 0 0 11
1 0 0 9
1 0 0 9
1 0 0 4
1 0 0 9
1 0 0 3
1 0 0 4
1 0 0 4
1 0 0 3
1 0 0 9
1 0 0 3
1 0 0 3
1 0 0 3
1 0 0 3
1 0 0 12
1 0 0 13
1 0 0 14
1 0 0 14
1 0 0 14
1 0 0 14
1 0 0 14
1 0 0 14
1 0 0 14
1 0 0 14
1 0 0 14
1 0 0 15
1 0 0 15
1 0 0 16
1 0 0 16
1 0 0 16
1 0 0 16
1 0 0 16
1 0 0 16
1 0 0 16
1 0 0 16
1 0 0 16
1 0 0 16
1 0 0 17
1 0 0 15
1 0 0 15
1 0 0 10
1 0 0 10
1 0 0 10
1 0 0 10
1 0 0 10
1 0 0 10
1 0 0 10
1 0 0 17
1 0 0 17
1 0 0 17
1 0 0 17
1 0 0 17
1 0 0 17
1 0 0 17
1 0 0 17
1 0 0 17
1 0 0 15
1 0 0 15
1 0 0 15
1 0 0 18
1 0 0 18
1 0 0 18
1 0 0 18
1 0 0 18
1 0 0 18
1 0 0 18
1 0 0 18
1 0 0 18
1 0 0 18
1 0 0 19
1 0 0 19
1 0 0 20
1 0 0 20
1 0 0 20
1 0 0 20
1 0 0 20
1 0 0 20
1 0 0 20
1 0 0 20
1 0 0 20
1 0 0 20
1 0 0 19
1 0 0 21
1 0 0 21
1 0 0 21
1 0 0 21
1 0 0 21
1 0 0 21
1 0 0 21
1 0 0 21
1 0 0 21
1 0 0 21
1 0 0 22
1 0 0 22
1 0 0 22
1 0 0 22
1 0 0 22
1 0 0 22
1 0 0 22
1 0 0 22
1 0 0 22
1 0 0 22
1 0 0 23
1 0 0 23
1 0 0 23
1 0 0 23
1 0 0 23
1 0 0 23
1 0 0 23
1 0 0 23
1 0 0 23
1 0 0 23
1 0 0 15
1 0 0 14
1 0 0 15
1 0 0 15
1 0 0 12
1 0 0 12
1 0 0 12
1 0 0 12
1 0 0 12
1 0 0 12
1 0 0 12
1 0 0 12
1 0 0 12
1 0 0 19
1 0 0 24
1 0 0 24
1 0 0 24
1 0 0 24
1 0 0 19
1 0 0 24
1 0 0 24
1 0 0 24
1 0 0 24
1 0 0 24
1 0 0 24
1 0 0 19
1 0 0 25
1 0 0 25
1 0 0 25
1 0 0 25
1 0 0 25
1 0 0 25
1 0 0 25
1 0 0 25
1 0 0 25
1 0 0 25
1 0 0 26
1 0 0 26
1 0 0 26
1 0 0 26
1 0 0 26
1 0 0 26
1 0 0 26
1 0 0 26
1 0 0 26
1 0 0 26
1 0 0 19
1 0 0 19
1 0 0 19
1 0 0 19
1 0 0 13
1 0 0 13
1 0 0 13
1 0 0 13
1 0 0 13
1 0 0 13
1 0 0 13
1 0 0 13
1 0 0 13
1 0 0 4
1 0 0 4
1 0 0 4
1 0 0 4
1 0 0 4
1 0 0 27
1 0 0 27
1 0 0 27
1 0 0 27
1 0 0 27
1 0 0 27
1 0 0 2
1 0 0 2
1 0 0 2
1 0 0 2
1 0 0 27
1 0 0 27
1 0 0 28
1 0 0 29
1 0 0 29
1 0 0 2
1 0 0 2
1 0 0 2
1 0 0 2
1 0 0 30
1 0 0 30
1 0 0 30
1 0 0 30
1 0 0 30
1 0 0 28
1 0 0 28
1 0 0 30
1 0 0 30
1 0 0 30
1 0 0 30
1 0 0 30
1 0 0 31
1 0 0 31
1 0 0 31
1 0 0 32
1 0 0 32
1 0 0 32
1 0 0 27
1 0 0 33
1 0 0 34
1 0 0 34
1 0 0 34
1 0 0 34
1 0 0 34
1 0 0 34
1 0 0 34
1 0 0 35
1 0 0 35
1 0 0 27
1 0 0 35
1 0 0 35
1 0 0 35
1 0 0 35
1 0 0 35
1 0 0 35
1 0 0 35
1 0 0 35
1 0 0 34
1 0 0 34
1 0 0 34
1 0 0 33
1 0 0 33
1 0 0 33
1 0 0 33
1 0 0 33
1 0 0 33
1 0 0 33
1 0 0 36
1 0 0 36
1 0 0 36
1 0 0 36
1 0 0 36
1 0 0 36
1 0 0 36
1 0 0 36
1 0 0 36
1 0 0 36
1 0 0 33
1 0 0 33
1 0 0 37
1 0 0 37
1 0 0 37
1 0 0 37
1 0 0 37
1 0 0 37
1 0 0 37
1 0 0 37
1 0 0 37
1 0 0 37
1 0 0 31
1 0 0 31
1 0 0 32
1 0 0 32
1 0 0 32
1 0 0 32
1 0 0 32
1 0 0 32
1 0 0 32
1 0 0 29
1 0 0 29
1 0 0 29
1 0 0 29
1 0 0 29
1 0 0 31
1 0 0 29
1 0 0 31
1 0 0 31
1 0 0 31
1 0 0 31
1 0 0 28
1 0 0 28
1 0 0 28
1 0 0 28
1 0 0 28
1 0 0 38
1 0 0 38
1 0 0 38
1 0 0 38
1 0 0 38
1 0 0 38
1 0 0 38
1 0 0 38
1 0 0 39
1 0 0 39
1 0 0 29
1 0 0 29
1 0 0 28
1 0 0 28
1 0 0 38
1 0 0 38
1 0 0 39
1 0 0 39
1 0 0 39
1 0 0 39
1 0 0 39
1 0 0 39
1 0 0 40
1 0 0 40
1 0 0 40
1 0 0 40
1 0 0 40
1 0 0 41
1 0 0 41
1 0 0 41
1 0 0 41
1 0 0 41
1 0 0 41
1 0 0 41
1 0 0 41
1 0 0 41
1 0 0 41
1 0 0 40
1 0 0 40
1 0 0 40
1 0 0 40
1 0 0 42
1 0 0 42
1 0 0 42
1 0 0 42
1 0 0 42
1 0 0 42
1 0 0 42
1 0 0 42
1 0 0 42
1 0 0 42
1 0 0 40
1 0 0 39
1 0 0 39
0.1 2 3 -1
0.1 1 421 -1
0.1 5 6 -1
0.1 4 423 -1
0.1 7 8 -1
0.1 9 10 -1
0.1 425 426 -1
0.1 424 427 -1
0.1 11 12 -1
0.1 428 429 -1
0.1 422 430 -1
0.1 14 15 -1
0.1 13 432 -1
0.1 18 19 -1
0.1 17 434 -1
0.1 22 23 -1
0.1 21 436 -1
0.1 24 25 -1
0.1 437 438 -1
0.1 439 26 -1
0.1 20 440 -1
0.1 435 441 -1
0.1 16 442 -1
0.1 433 443 -1
0.1 27 28 -1
0.1 31 32 -1
0.1 30 446 -1
0.1 447 33 -1
0.1 36 37 -1
0.1 35 449 -1
0.1 450 38 -1
0.1 34 451 -1
0.1 448 452 -1
0.1 29 453 -1
0.1 40 41 -1
0.1 39 455 -1
0.1 456 42 -1
0.1 44 45 -1
0.1 43 458 -1
0.1 459 46 -1
0.1 457 460 -1
0.1 461 47 -1
0.1 462 48 -1
0.1 463 49 -1
0.1 454 464 -1
0.1 50 51 -1
0.1 466 52 -1
0.1 53 54 -1
0.1 468 55 -1
0.1 469 56 -1
0.1 467 470 -1
0.1 465 471 -1
0.1 57 58 -1
0.1 62 63 -1
0.1 61 474 -1
0.1 475 64 -1
0.1 476 65 -1
0.1 60 477 -1
0.1 59 478 -1
0.1 68 69 -1
0.1 71 72 -1
0.1 70 481 -1
0.1 73 74 -1
0.1 482 483 -1
0.1 480 484 -1
0.1 76 77 -1
0.1 75 486 -1
0.1 485 487 -1
0.1 67 488 -1
0.1 66 489 -1
0.1 479 490 -1
0.1 473 491 -1
0.1 472 492 -1
0.1 78 79 -1
0.1 494 80 -1
0.1 495 81 -1
0.1 493 496 -1
0.1 445 497 -1
0.1 83 84 -1
0.1 499 85 -1
0.1 82 500 -1
0.1 498 501 -1
0.1 86 87 -1
0.1 503 88 -1
0.1 504 89 -1
0.1 502 505 -1
0.1 444 506 -1
0.1 91 92 -1
0.1 93 94 -1
0.1 97 98 -1
0.1 96 510 -1
0.1 99 100 -1
0.1 511 512 -1
0.1 513 101 -1
0.1 95 514 -1
0.1 509 515 -1
0.1 516 102 -1
0.1 517 103 -1
0.1 104 105 -1
0.1 107 108 -1
0.1 106 520 -1
0.1 109 110 -1
0.1 521 522 -1
0.1 519 523 -1
0.1 112 113 -1
0.1 111 525 -1
0.1 526 114 -1
0.1 524 527 -1
0.1 115 116 -1
0.1 528 529 -1
0.1 119 120 -1
0.1 118 531 -1
0.1 117 532 -1
0.1 121 122 -1
0.1 533 534 -1
0.1 535 123 -1
0.1 124 125 -1
0.1 536 537 -1
0.1 127 128 -1
0.1 129 130 -1
0.1 540 131 -1
0.1 539 541 -1
0.1 542 132 -1
0.1 126 543 -1
0.1 538 544 -1
0.1 134 135 -1
0.1 133 546 -1
0.1 136 137 -1
0.1 138 139 -1
0.1 141 142 -1
0.1 140 550 -1
0.1 549 551 -1
0.1 143 144 -1
0.1 552 553 -1
0.1 554 145 -1
0.1 548 555 -1
0.1 146 147 -1
0.1 556 557 -1
0.1 149 150 -1
0.1 151 152 -1
0.1 559 560 -1
0.1 561 153 -1
0.1 148 562 -1
0.1 154 155 -1
0.1 563 564 -1
0.1 565 156 -1
0.1 566 157 -1
0.1 162 163 -1
0.1 161 568 -1
0.1 165 166 -1
0.1 164 570 -1
0.1 571 167 -1
0.1 572 168 -1
0.1 569 573 -1
0.1 160 574 -1
0.1 159 575 -1
0.1 170 171 -1
0.1 169 577 -1
0.1 172 173 -1
0.1 174 175 -1
0.1 176 177 -1
0.1 580 581 -1
0.1 579 582 -1
0.1 578 583 -1
0.1 584 178 -1
0.1 576 585 -1
0.1 158 586 -1
0.1 182 183 -1
0.1 181 588 -1
0.1 180 589 -1
0.1 185 186 -1
0.1 591 187 -1
0.1 592 188 -1
0.1 184 593 -1
0.1 590 594 -1
0.1 179 595 -1
0.1 587 596 -1
0.1 567 597 -1
0.1 558 598 -1
0.1 547 599 -1
0.1 545 600 -1
0.1 530 601 -1
0.1 190 191 -1
0.1 189 603 -1
0.1 193 194 -1
0.1 195 196 -1
0.1 605 606 -1
0.1 197 198 -1
0.1 199 200 -1
0.1 609 201 -1
0.1 608 610 -1
0.1 607 611 -1
0.1 203 204 -1
0.1 205 206 -1
0.1 209 210 -1
0.1 208 615 -1
0.1 207 616 -1
0.1 614 617 -1
0.1 618 211 -1
0.1 212 213 -1
0.1 619 620 -1
0.1 613 621 -1
0.1 202 622 -1
0.1 623 214 -1
0.1 216 217 -1
0.1 215 625 -1
0.1 218 219 -1
0.1 220 221 -1
0.1 627 628 -1
0.1 222 223 -1
0.1 629 630 -1
0.1 626 631 -1
0.1 632 224 -1
0.1 226 227 -1
0.1 228 229 -1
0.1 634 635 -1
0.1 230 231 -1
0.1 233 234 -1
0.1 232 638 -1
0.1 637 639 -1
0.1 636 640 -1
0.1 225 641 -1
0.1 642 235 -1
0.1 236 237 -1
0.1 644 238 -1
0.1 643 645 -1
0.1 633 646 -1
0.1 624 647 -1
0.1 612 648 -1
0.1 192 649 -1
0.1 604 650 -1
0.1 602 651 -1
0.1 518 652 -1
0.1 508 653 -1
0.1 239 240 -1
0.1 244 245 -1
0.1 243 656 -1
0.1 657 246 -1
0.1 242 658 -1
0.1 241 659 -1
0.1 660 247 -1
0.1 655 661 -1
0.1 654 662 -1
0.1 90 663 -1
0.1 507 664 -1
0.1 249 250 -1
0.1 251 252 -1
0.1 666 667 -1
0.1 248 668 -1
0.1 665 669 -1
0.1 431 670 -1
0.1 254 255 -1
0.1 253 672 -1
0.1 257 258 -1
0.1 256 674 -1
0.1 675 259 -1
0.1 673 676 -1
0.1 261 262 -1
0.1 260 678 -1
0.1 263 264 -1
0.1 679 680 -1
0.1 681 265 -1
0.1 677 682 -1
0.1 266 267 -1
0.1 268 269 -1
0.1 270 271 -1
0.1 685 686 -1
0.1 684 687 -1
0.1 683 688 -1
0.1 274 275 -1
0.1 273 690 -1
0.1 691 276 -1
0.1 272 692 -1
0.1 277 278 -1
0.1 694 279 -1
0.1 281 282 -1
0.1 280 696 -1
0.1 695 697 -1
0.1 698 283 -1
0.1 285 286 -1
0.1 284 700 -1
0.1 287 288 -1
0.1 702 289 -1
0.1 290 291 -1
0.1 704 292 -1
0.1 705 293 -1
0.1 703 706 -1
0.1 296 297 -1
0.1 299 300 -1
0.1 709 301 -1
0.1 302 303 -1
0.1 304 305 -1
0.1 711 712 -1
0.1 306 307 -1
0.1 308 309 -1
0.1 714 715 -1
0.1 713 716 -1
0.1 710 717 -1
0.1 310 311 -1
0.1 718 719 -1
0.1 298 720 -1
0.1 708 721 -1
0.1 722 312 -1
0.1 295 723 -1
0.1 294 724 -1
0.1 707 725 -1
0.1 314 315 -1
0.1 316 317 -1
0.1 727 728 -1
0.1 318 319 -1
0.1 729 730 -1
0.1 320 321 -1
0.1 322 323 -1
0.1 732 733 -1
0.1 324 325 -1
0.1 327 328 -1
0.1 326 736 -1
0.1 735 737 -1
0.1 734 738 -1
0.1 330 331 -1
0.1 329 740 -1
0.1 739 741 -1
0.1 334 335 -1
0.1 333 743 -1
0.1 744 336 -1
0.1 332 745 -1
0.1 337 338 -1
0.1 746 747 -1
0.1 339 340 -1
0.1 749 341 -1
0.1 748 750 -1
0.1 742 751 -1
0.1 731 752 -1
0.1 313 753 -1
0.1 726 754 -1
0.1 342 343 -1
0.1 344 345 -1
0.1 757 346 -1
0.1 348 349 -1
0.1 347 759 -1
0.1 758 760 -1
0.1 761 350 -1
0.1 756 762 -1
0.1 352 353 -1
0.1 354 355 -1
0.1 764 765 -1
0.1 351 766 -1
0.1 357 358 -1
0.1 356 768 -1
0.1 769 359 -1
0.1 767 770 -1
0.1 360 361 -1
0.1 362 363 -1
0.1 773 364 -1
0.1 365 366 -1
0.1 774 775 -1
0.1 367 368 -1
0.1 777 369 -1
0.1 776 778 -1
0.1 370 371 -1
0.1 372 373 -1
0.1 780 781 -1
0.1 782 374 -1
0.1 779 783 -1
0.1 375 376 -1
0.1 784 785 -1
0.1 377 378 -1
0.1 786 787 -1
0.1 379 380 -1
0.1 381 382 -1
0.1 789 790 -1
0.1 788 791 -1
0.1 384 385 -1
0.1 386 387 -1
0.1 389 390 -1
0.1 391 392 -1
0.1 795 796 -1
0.1 797 393 -1
0.1 395 396 -1
0.1 397 398 -1
0.1 399 400 -1
0.1 800 801 -1
0.1 799 802 -1
0.1 401 402 -1
0.1 804 403 -1
0.1 803 805 -1
0.1 394 806 -1
0.1 807 404 -1
0.1 808 405 -1
0.1 406 407 -1
0.1 408 409 -1
0.1 411 412 -1
0.1 410 812 -1
0.1 811 813 -1
0.1 416 417 -1
0.1 415 815 -1
0.1 414 816 -1
0.1 413 817 -1
0.1 814 818 -1
0.1 819 418 -1
0.1 810 820 -1
0.1 809 821 -1
0.1 798 822 -1
0.1 388 823 -1
0.1 794 824 -1
0.1 793 825 -1
0.1 383 826 -1
0.1 419 420 -1
0.1 827 828 -1
0.1 792 829 -1
0.1 772 830 -1
0.1 771 831 -1
0.1 763 832 -1
0.1 755 833 -1
0.1 701 834 -1
0.1 699 835 -1
0.1 693 836 -1
0.1 689 837 -1
0.1 671 838 -1
