1 0 0 1
1 0 0 1
1 0 0 1
1 0 0 1
1 0 0 1
1 0 0 2
1 0 0 2
1 0 0 2
1 0 0 2
1 0 0 2
1 0 0 3
1 0 0 4
1 0 0 4
1 0 0 4
1 0 0 4
1 0 0 4
1 0 0 5
1 0 0 5
1 0 0 5
1 0 0 5
1 0 0 5
1 0 0 6
1 0 0 6
1 0 0 6
1 0 0 6
1 0 0 6
1 0 0 3
1 0 0 7
1 0 0 7
1 0 0 7
1 0 0 7
1 0 0 3
1 0 0 3
1 0 0 8
1 0 0 8
1 0 0 8
1 0 0 8
1 0 0 8
1 0 0 3
1 0 0 7
1 0 0 9
1 0 0 9
1 0 0 9
1 0 0 9
1 0 0 9
1 0 0 10
1 0 0 10
1 0 0 10
1 0 0 10
1 0 0 10
1 0 0 11
1 0 0 11
1 0 0 11
1 0 0 11
1 0 0 11
0.1 3 4 -1
0.1 2 56 -1
0.1 57 5 -1
0.1 1 58 -1
0.1 7 8 -1
0.1 6 60 -1
0.1 9 10 -1
0.1 61 62 -1
0.1 14 15 -1
0.1 13 64 -1
0.1 65 16 -1
0.1 12 66 -1
0.1 18 19 -1
0.1 17 68 -1
0.1 20 21 -1
0.1 69 70 -1
0.1 67 71 -1
0.1 11 72 -1
0.1 63 73 -1
0.1 22 23 -1
0.1 75 24 -1
0.1 25 26 -1
0.1 76 77 -1
0.1 74 78 -1
0.1 79 27 -1
0.1 59 80 -1
0.1 28 29 -1
0.1 30 31 -1
0.1 82 83 -1
0.1 34 35 -1
0.1 36 37 -1
0.1 85 86 -1
0.1 87 38 -1
0.1 33 88 -1
0.1 32 89 -1
0.1 90 39 -1
0.1 41 42 -1
0.1 40 92 -1
0.1 43 44 -1
0.1 94 45 -1
0.1 46 47 -1
0.1 49 50 -1
0.1 48 97 -1
0.1 96 98 -1
0.1 95 99 -1
0.1 52 53 -1
0.1 54 55 -1
0.1 101 102 -1
0.1 51 103 -1
0.1 100 104 -1
0.1 93 105 -1
0.1 91 106 -1
0.1 84 107 -1
0.1 81 108 -1
