1 0 0 1
1 0 0 1
1 0 0 1
1 0 0 1
1 0 0 1
1 0 0 1
1 0 0 1
1 0 0 1
1 0 0 1
1 0 0 1
1 0 0 2
1 0 0 2
1 0 0 3
1 0 0 3
1 0 0 3
1 0 0 3
1 0 0 3
1 0 0 3
1 0 0 3
1 0 0 3
1 0 0 3
1 0 0 3
1 0 0 2
1 0 0 2
1 0 0 4
1 0 0 4
1 0 0 4
1 0 0 4
1 0 0 4
1 0 0 4
1 0 0 4
1 0 0 4
1 0 0 4
1 0 0 4
1 0 0 2
1 0 0 2
1 0 0 2
1 0 0 5
1 0 0 5
1 0 0 5
1 0 0 5
1 0 0 5
1 0 0 5
1 0 0 5
1 0 0 5
1 0 0 5
1 0 0 5
1 0 0 6
1 0 0 6
1 0 0 6
1 0 0 6
1 0 0 7
1 0 0 7
1 0 0 7
1 0 0 7
1 0 0 8
1 0 0 8
1 0 0 8
1 0 0 8
1 0 0 8
1 0 0 8
1 0 0 8
1 0 0 8
1 0 0 8
1 0 0 8
1 0 0 7
1 0 0 7
1 0 0 9
1 0 0 9
1 0 0 9
1 0 0 9
1 0 0 9
1 0 0 9
1 0 0 10
1 0 0 10
1 0 0 11
1 0 0 11
1 0 0 11
1 0 0 11
1 0 0 11
1 0 0 11
1 0 0 11
1 0 0 11
1 0 0 11
1 0 0 11
1 0 0 10
1 0 0 10
1 0 0 10
1 0 0 10
1 0 0 10
1 0 0 10
1 0 0 10
1 0 0 10
1 0 0 9
1 0 0 9
1 0 0 9
1 0 0 9
1 0 0 7
1 0 0 7
1 0 0 7
1 0 0 7
1 0 0 12
1 0 0 12
1 0 0 12
1 0 0 12
1 0 0 12
1 0 0 12
1 0 0 12
1 0 0 12
1 0 0 12
1 0 0 12
1 0 0 13
1 0 0 13
1 0 0 13
1 0 0 13
1 0 0 13
1 0 0 13
1 0 0 13
1 0 0 13
1 0 0 13
1 0 0 13
1 0 0 2
1 0 0 6
1 0 0 6
1 0 0 6
1 0 0 6
1 0 0 6
1 0 0 6
1 0 0 2
1 0 0 2
1 0 0 14
1 0 0 14
1 0 0 14
1 0 0 14
1 0 0 14
1 0 0 14
1 0 0 14
1 0 0 15
1 0 0 15
1 0 0 15
1 0 0 15
1 0 0 16
1 0 0 16
1 0 0 16
1 0 0 16
1 0 0 16
1 0 0 16
1 0 0 16
1 0 0 16
1 0 0 16
1 0 0 16
1 0 0 15
1 0 0 15
1 0 0 15
1 0 0 15
1 0 0 15
1 0 0 15
1 0 0 14
1 0 0 14
1 0 0 14
1 0 0 17
1 0 0 18
1 0 0 18
1 0 0 18
1 0 0 18
1 0 0 18
1 0 0 18
1 0 0 18
1 0 0 18
1 0 0 18
1 0 0 18
1 0 0 17
1 0 0 17
1 0 0 17
1 0 0 17
1 0 0 17
1 0 0 19
1 0 0 19
1 0 0 19
1 0 0 19
1 0 0 19
1 0 0 19
1 0 0 19
1 0 0 19
1 0 0 19
1 0 0 19
1 0 0 17
1 0 0 17
1 0 0 17
1 0 0 20
1 0 0 20
1 0 0 20
1 0 0 20
1 0 0 20
1 0 0 20
1 0 0 20
1 0 0 20
1 0 0 20
1 0 0 20
1 0 0 17
1 0 0 21
1 0 0 22
1 0 0 22
1 0 0 22
1 0 0 22
1 0 0 22
1 0 0 22
1 0 0 22
1 0 0 23
1 0 0 23
1 0 0 23
1 0 0 23
1 0 0 23
1 0 0 23
1 0 0 23
1 0 0 23
1 0 0 23
1 0 0 23
1 0 0 24
1 0 0 24
1 0 0 24
1 0 0 24
1 0 0 24
1 0 0 24
1 0 0 24
1 0 0 24
1 0 0 24
1 0 0 24
1 0 0 25
1 0 0 25
1 0 0 25
1 0 0 25
1 0 0 25
1 0 0 25
1 0 0 25
1 0 0 25
1 0 0 25
1 0 0 26
1 0 0 26
1 0 0 26
1 0 0 26
1 0 0 26
1 0 0 26
1 0 0 26
1 0 0 26
1 0 0 26
1 0 0 26
1 0 0 25
1 0 0 27
1 0 0 27
1 0 0 27
1 0 0 27
1 0 0 27
1 0 0 27
1 0 0 27
1 0 0 27
1 0 0 27
1 0 0 27
1 0 0 22
1 0 0 22
1 0 0 22
1 0 0 21
1 0 0 21
1 0 0 28
1 0 0 28
1 0 0 28
1 0 0 28
1 0 0 28
1 0 0 28
1 0 0 28
1 0 0 28
1 0 0 28
1 0 0 28
1 0 0 29
1 0 0 29
1 0 0 29
1 0 0 29
1 0 0 29
1 0 0 29
1 0 0 29
1 0 0 29
1 0 0 29
1 0 0 29
1 0 0 30
1 0 0 30
1 0 0 30
1 0 0 31
1 0 0 31
1 0 0 31
1 0 0 31
1 0 0 31
1 0 0 31
1 0 0 31
1 0 0 31
1 0 0 31
1 0 0 31
1 0 0 32
1 0 0 32
1 0 0 32
1 0 0 32
1 0 0 32
1 0 0 32
1 0 0 32
1 0 0 32
1 0 0 32
1 0 0 32
1 0 0 30
1 0 0 33
1 0 0 33
1 0 0 33
1 0 0 33
1 0 0 33
1 0 0 33
1 0 0 33
1 0 0 33
1 0 0 33
1 0 0 33
1 0 0 30
1 0 0 30
1 0 0 34
1 0 0 34
1 0 0 34
1 0 0 34
1 0 0 34
1 0 0 34
1 0 0 34
1 0 0 34
1 0 0 34
1 0 0 34
1 0 0 35
1 0 0 35
1 0 0 35
1 0 0 36
1 0 0 36
1 0 0 36
1 0 0 36
1 0 0 36
1 0 0 36
1 0 0 36
1 0 0 36
1 0 0 36
1 0 0 36
1 0 0 35
1 0 0 35
1 0 0 35
1 0 0 35
1 0 0 35
1 0 0 35
1 0 0 35
1 0 0 30
1 0 0 30
1 0 0 37
1 0 0 37
1 0 0 37
1 0 0 37
1 0 0 37
1 0 0 37
1 0 0 37
1 0 0 37
1 0 0 37
1 0 0 37
1 0 0 30
1 0 0 30
1 0 0 21
1 0 0 21
1 0 0 21
1 0 0 21
1 0 0 21
1 0 0 21
1 0 0 21
1 0 0 38
1 0 0 38
1 0 0 38
1 0 0 38
1 0 0 38
1 0 0 38
1 0 0 38
1 0 0 38
1 0 0 38
1 0 0 38
1 0 0 39
1 0 0 39
1 0 0 39
1 0 0 39
1 0 0 39
1 0 0 39
1 0 0 39
1 0 0 40
1 0 0 40
1 0 0 41
1 0 0 41
1 0 0 41
1 0 0 41
1 0 0 41
1 0 0 41
1 0 0 41
1 0 0 41
1 0 0 41
1 0 0 41
1 0 0 42
1 0 0 42
1 0 0 42
1 0 0 42
1 0 0 42
1 0 0 43
1 0 0 43
1 0 0 43
1 0 0 43
1 0 0 43
1 0 0 43
1 0 0 43
1 0 0 43
1 0 0 43
1 0 0 43
1 0 0 42
1 0 0 42
1 0 0 42
1 0 0 42
1 0 0 42
1 0 0 44
1 0 0 44
1 0 0 44
1 0 0 44
1 0 0 44
1 0 0 44
1 0 0 44
1 0 0 44
1 0 0 44
1 0 0 44
1 0 0 45
1 0 0 45
1 0 0 45
1 0 0 45
1 0 0 45
1 0 0 45
1 0 0 45
1 0 0 45
1 0 0 45
1 0 0 45
1 0 0 46
1 0 0 46
1 0 0 46
1 0 0 46
1 0 0 46
1 0 0 46
1 0 0 46
1 0 0 46
1 0 0 46
1 0 0 46
1 0 0 47
1 0 0 47
1 0 0 47
1 0 0 47
1 0 0 47
1 0 0 47
1 0 0 47
1 0 0 47
1 0 0 47
1 0 0 47
1 0 0 48
1 0 0 48
1 0 0 48
1 0 0 48
1 0 0 48
1 0 0 48
1 0 0 48
1 0 0 48
1 0 0 48
1 0 0 48
1 0 0 49
1 0 0 49
1 0 0 49
1 0 0 49
1 0 0 50
1 0 0 50
1 0 0 50
1 0 0 50
1 0 0 50
1 0 0 50
1 0 0 50
1 0 0 50
1 0 0 50
1 0 0 50
1 0 0 49
1 0 0 49
1 0 0 49
1 0 0 51
1 0 0 51
1 0 0 51
1 0 0 51
1 0 0 51
1 0 0 51
1 0 0 51
1 0 0 51
1 0 0 51
1 0 0 51
1 0 0 49
1 0 0 49
1 0 0 49
1 0 0 52
1 0 0 52
1 0 0 52
1 0 0 52
1 0 0 52
1 0 0 52
1 0 0 52
1 0 0 52
1 0 0 53
1 0 0 53
1 0 0 53
1 0 0 53
1 0 0 53
1 0 0 53
1 0 0 53
1 0 0 53
1 0 0 53
1 0 0 53
1 0 0 52
1 0 0 52
1 0 0 54
1 0 0 55
1 0 0 55
1 0 0 55
1 0 0 55
1 0 0 55
1 0 0 55
1 0 0 55
1 0 0 55
1 0 0 55
1 0 0 55
1 0 0 54
1 0 0 54
1 0 0 54
1 0 0 54
1 0 0 54
1 0 0 56
1 0 0 56
1 0 0 56
1 0 0 56
1 0 0 56
1 0 0 56
1 0 0 56
1 0 0 56
1 0 0 56
1 0 0 56
1 0 0 54
1 0 0 54
1 0 0 54
1 0 0 54
1 0 0 57
1 0 0 57
1 0 0 57
1 0 0 57
1 0 0 57
1 0 0 57
1 0 0 57
1 0 0 57
1 0 0 57
1 0 0 57
1 0 0 40
1 0 0 40
1 0 0 40
1 0 0 40
1 0 0 40
1 0 0 40
1 0 0 40
1 0 0 40
1 0 0 58
1 0 0 58
1 0 0 59
1 0 0 59
1 0 0 60
1 0 0 60
1 0 0 60
1 0 0 60
1 0 0 60
1 0 0 60
1 0 0 60
1 0 0 60
1 0 0 60
1 0 0 60
1 0 0 59
1 0 0 59
1 0 0 59
1 0 0 59
1 0 0 59
1 0 0 59
1 0 0 59
1 0 0 59
1 0 0 58
1 0 0 58
1 0 0 58
1 0 0 58
1 0 0 58
1 0 0 58
1 0 0 58
1 0 0 58
1 0 0 61
1 0 0 61
1 0 0 62
1 0 0 62
1 0 0 62
1 0 0 62
1 0 0 62
1 0 0 62
1 0 0 62
1 0 0 62
1 0 0 62
1 0 0 62
1 0 0 63
1 0 0 63
1 0 0 63
1 0 0 64
1 0 0 64
1 0 0 64
1 0 0 64
1 0 0 64
1 0 0 64
1 0 0 64
1 0 0 64
1 0 0 64
1 0 0 64
1 0 0 63
1 0 0 63
1 0 0 63
1 0 0 63
1 0 0 63
1 0 0 63
1 0 0 63
1 0 0 61
1 0 0 61
1 0 0 61
1 0 0 61
1 0 0 61
1 0 0 61
1 0 0 61
1 0 0 61
1 0 0 39
1 0 0 65
1 0 0 65
1 0 0 65
1 0 0 66
1 0 0 66
1 0 0 66
1 0 0 66
1 0 0 66
1 0 0 66
1 0 0 66
1 0 0 66
1 0 0 66
1 0 0 66
1 0 0 67
1 0 0 67
1 0 0 67
1 0 0 67
1 0 0 67
1 0 0 67
1 0 0 67
1 0 0 67
1 0 0 67
1 0 0 67
1 0 0 65
1 0 0 65
1 0 0 65
1 0 0 65
1 0 0 65
1 0 0 65
1 0 0 65
1 0 0 39
1 0 0 39
1 0 0 68
1 0 0 68
1 0 0 68
1 0 0 68
1 0 0 68
1 0 0 68
1 0 0 68
1 0 0 69
1 0 0 69
1 0 0 69
1 0 0 69
1 0 0 69
1 0 0 69
1 0 0 69
1 0 0 69
1 0 0 69
1 0 0 69
1 0 0 68
1 0 0 68
1 0 0 68
1 0 0 70
1 0 0 70
1 0 0 70
1 0 0 70
1 0 0 70
1 0 0 70
1 0 0 70
1 0 0 70
1 0 0 70
1 0 0 70
0.1 2 3 -1
0.1 701 4 -1
0.1 5 6 -1
0.1 7 8 -1
0.1 9 10 -1
0.1 704 705 -1
0.1 703 706 -1
0.1 702 707 -1
0.1 1 708 -1
0.1 11 12 -1
0.1 15 16 -1
0.1 14 711 -1
0.1 17 18 -1
0.1 713 19 -1
0.1 20 21 -1
0.1 715 22 -1
0.1 714 716 -1
0.1 712 717 -1
0.1 13 718 -1
0.1 23 24 -1
0.1 719 720 -1
0.1 25 26 -1
0.1 29 30 -1
0.1 28 723 -1
0.1 724 31 -1
0.1 32 33 -1
0.1 726 34 -1
0.1 725 727 -1
0.1 27 728 -1
0.1 722 729 -1
0.1 730 35 -1
0.1 721 731 -1
0.1 710 732 -1
0.1 39 40 -1
0.1 38 734 -1
0.1 42 43 -1
0.1 41 736 -1
0.1 45 46 -1
0.1 738 47 -1
0.1 44 739 -1
0.1 737 740 -1
0.1 735 741 -1
0.1 37 742 -1
0.1 36 743 -1
0.1 49 50 -1
0.1 745 51 -1
0.1 48 746 -1
0.1 54 55 -1
0.1 53 748 -1
0.1 52 749 -1
0.1 56 57 -1
0.1 58 59 -1
0.1 61 62 -1
0.1 60 753 -1
0.1 752 754 -1
0.1 64 65 -1
0.1 63 756 -1
0.1 755 757 -1
0.1 751 758 -1
0.1 66 67 -1
0.1 759 760 -1
0.1 69 70 -1
0.1 72 73 -1
0.1 71 763 -1
0.1 78 79 -1
0.1 81 82 -1
0.1 766 83 -1
0.1 84 85 -1
0.1 767 768 -1
0.1 80 769 -1
0.1 765 770 -1
0.1 77 771 -1
0.1 76 772 -1
0.1 773 86 -1
0.1 75 774 -1
0.1 87 88 -1
0.1 89 90 -1
0.1 91 92 -1
0.1 778 93 -1
0.1 777 779 -1
0.1 776 780 -1
0.1 775 781 -1
0.1 74 782 -1
0.1 783 94 -1
0.1 96 97 -1
0.1 95 785 -1
0.1 784 786 -1
0.1 764 787 -1
0.1 762 788 -1
0.1 68 789 -1
0.1 761 790 -1
0.1 98 99 -1
0.1 792 100 -1
0.1 791 793 -1
0.1 750 794 -1
0.1 795 101 -1
0.1 103 104 -1
0.1 107 108 -1
0.1 109 110 -1
0.1 798 799 -1
0.1 800 111 -1
0.1 106 801 -1
0.1 105 802 -1
0.1 797 803 -1
0.1 102 804 -1
0.1 796 805 -1
0.1 117 118 -1
0.1 116 807 -1
0.1 115 808 -1
0.1 114 809 -1
0.1 113 810 -1
0.1 112 811 -1
0.1 120 121 -1
0.1 119 813 -1
0.1 812 814 -1
0.1 806 815 -1
0.1 747 816 -1
0.1 125 126 -1
0.1 818 127 -1
0.1 819 128 -1
0.1 124 820 -1
0.1 123 821 -1
0.1 122 822 -1
0.1 817 823 -1
0.1 132 133 -1
0.1 135 136 -1
0.1 134 826 -1
0.1 825 827 -1
0.1 828 137 -1
0.1 131 829 -1
0.1 140 141 -1
0.1 139 831 -1
0.1 142 143 -1
0.1 145 146 -1
0.1 144 834 -1
0.1 147 148 -1
0.1 835 836 -1
0.1 149 150 -1
0.1 838 151 -1
0.1 837 839 -1
0.1 833 840 -1
0.1 153 154 -1
0.1 152 842 -1
0.1 155 156 -1
0.1 843 844 -1
0.1 841 845 -1
0.1 846 157 -1
0.1 832 847 -1
0.1 138 848 -1
0.1 159 160 -1
0.1 158 850 -1
0.1 849 851 -1
0.1 830 852 -1
0.1 163 164 -1
0.1 166 167 -1
0.1 168 169 -1
0.1 855 856 -1
0.1 165 857 -1
0.1 170 171 -1
0.1 858 859 -1
0.1 854 860 -1
0.1 162 861 -1
0.1 172 173 -1
0.1 863 174 -1
0.1 862 864 -1
0.1 161 865 -1
0.1 180 181 -1
0.1 182 183 -1
0.1 867 868 -1
0.1 179 869 -1
0.1 178 870 -1
0.1 184 185 -1
0.1 872 186 -1
0.1 871 873 -1
0.1 177 874 -1
0.1 188 189 -1
0.1 187 876 -1
0.1 875 877 -1
0.1 176 878 -1
0.1 175 879 -1
0.1 866 880 -1
0.1 191 192 -1
0.1 193 194 -1
0.1 883 195 -1
0.1 882 884 -1
0.1 190 885 -1
0.1 886 196 -1
0.1 198 199 -1
0.1 197 888 -1
0.1 887 889 -1
0.1 881 890 -1
0.1 891 200 -1
0.1 853 892 -1
0.1 130 893 -1
0.1 129 894 -1
0.1 824 895 -1
0.1 744 896 -1
0.1 733 897 -1
0.1 203 204 -1
0.1 899 205 -1
0.1 202 900 -1
0.1 206 207 -1
0.1 902 208 -1
0.1 901 903 -1
0.1 211 212 -1
0.1 210 905 -1
0.1 209 906 -1
0.1 214 215 -1
0.1 217 218 -1
0.1 216 909 -1
0.1 908 910 -1
0.1 213 911 -1
0.1 907 912 -1
0.1 220 221 -1
0.1 914 222 -1
0.1 223 224 -1
0.1 915 916 -1
0.1 225 226 -1
0.1 227 228 -1
0.1 918 919 -1
0.1 917 920 -1
0.1 219 921 -1
0.1 231 232 -1
0.1 230 923 -1
0.1 233 234 -1
0.1 235 236 -1
0.1 925 926 -1
0.1 924 927 -1
0.1 229 928 -1
0.1 238 239 -1
0.1 240 241 -1
0.1 930 931 -1
0.1 242 243 -1
0.1 932 933 -1
0.1 244 245 -1
0.1 246 247 -1
0.1 935 936 -1
0.1 934 937 -1
0.1 237 938 -1
0.1 929 939 -1
0.1 940 248 -1
0.1 922 941 -1
0.1 913 942 -1
0.1 252 253 -1
0.1 251 944 -1
0.1 250 945 -1
0.1 249 946 -1
0.1 257 258 -1
0.1 256 948 -1
0.1 255 949 -1
0.1 254 950 -1
0.1 947 951 -1
0.1 259 260 -1
0.1 953 261 -1
0.1 952 954 -1
0.1 943 955 -1
0.1 904 956 -1
0.1 957 262 -1
0.1 958 263 -1
0.1 201 959 -1
0.1 264 265 -1
0.1 961 266 -1
0.1 962 267 -1
0.1 269 270 -1
0.1 268 964 -1
0.1 272 273 -1
0.1 271 966 -1
0.1 965 967 -1
0.1 963 968 -1
0.1 276 277 -1
0.1 970 278 -1
0.1 275 971 -1
0.1 274 972 -1
0.1 279 280 -1
0.1 281 282 -1
0.1 974 975 -1
0.1 973 976 -1
0.1 977 283 -1
0.1 284 285 -1
0.1 979 286 -1
0.1 287 288 -1
0.1 289 290 -1
0.1 292 293 -1
0.1 983 294 -1
0.1 291 984 -1
0.1 982 985 -1
0.1 295 296 -1
0.1 986 987 -1
0.1 981 988 -1
0.1 297 298 -1
0.1 300 301 -1
0.1 299 991 -1
0.1 305 306 -1
0.1 304 993 -1
0.1 303 994 -1
0.1 302 995 -1
0.1 992 996 -1
0.1 990 997 -1
0.1 989 998 -1
0.1 309 310 -1
0.1 308 1000 -1
0.1 311 312 -1
0.1 313 314 -1
0.1 1002 1003 -1
0.1 1001 1004 -1
0.1 316 317 -1
0.1 315 1006 -1
0.1 1005 1007 -1
0.1 307 1008 -1
0.1 999 1009 -1
0.1 1010 318 -1
0.1 1011 319 -1
0.1 980 1012 -1
0.1 321 322 -1
0.1 320 1014 -1
0.1 323 324 -1
0.1 1015 1016 -1
0.1 326 327 -1
0.1 331 332 -1
0.1 333 334 -1
0.1 336 337 -1
0.1 340 341 -1
0.1 339 1022 -1
0.1 338 1023 -1
0.1 1021 1024 -1
0.1 1025 342 -1
0.1 335 1026 -1
0.1 1020 1027 -1
0.1 1019 1028 -1
0.1 330 1029 -1
0.1 1030 343 -1
0.1 345 346 -1
0.1 344 1032 -1
0.1 347 348 -1
0.1 1034 349 -1
0.1 1033 1035 -1
0.1 1031 1036 -1
0.1 329 1037 -1
0.1 328 1038 -1
0.1 1018 1039 -1
0.1 325 1040 -1
0.1 1017 1041 -1
0.1 1013 1042 -1
0.1 350 351 -1
0.1 353 354 -1
0.1 352 1045 -1
0.1 355 356 -1
0.1 1046 1047 -1
0.1 360 361 -1
0.1 359 1049 -1
0.1 358 1050 -1
0.1 357 1051 -1
0.1 1048 1052 -1
0.1 362 363 -1
0.1 1053 1054 -1
0.1 1044 1055 -1
0.1 1043 1056 -1
0.1 978 1057 -1
0.1 969 1058 -1
0.1 366 367 -1
0.1 365 1060 -1
0.1 364 1061 -1
0.1 1059 1062 -1
0.1 960 1063 -1
0.1 898 1064 -1
0.1 369 370 -1
0.1 368 1066 -1
0.1 1065 1067 -1
0.1 709 1068 -1
0.1 372 373 -1
0.1 374 375 -1
0.1 376 377 -1
0.1 1071 1072 -1
0.1 1073 378 -1
0.1 379 380 -1
0.1 1074 1075 -1
0.1 1070 1076 -1
0.1 371 1077 -1
0.1 1078 381 -1
0.1 383 384 -1
0.1 382 1080 -1
0.1 385 386 -1
0.1 1081 1082 -1
0.1 1079 1083 -1
0.1 1084 387 -1
0.1 388 389 -1
0.1 391 392 -1
0.1 394 395 -1
0.1 393 1088 -1
0.1 397 398 -1
0.1 1090 399 -1
0.1 396 1091 -1
0.1 1089 1092 -1
0.1 1087 1093 -1
0.1 390 1094 -1
0.1 401 402 -1
0.1 400 1096 -1
0.1 1095 1097 -1
0.1 407 408 -1
0.1 406 1099 -1
0.1 405 1100 -1
0.1 409 410 -1
0.1 1102 411 -1
0.1 1103 412 -1
0.1 1104 413 -1
0.1 1105 414 -1
0.1 1101 1106 -1
0.1 404 1107 -1
0.1 415 416 -1
0.1 1109 417 -1
0.1 1108 1110 -1
0.1 403 1111 -1
0.1 418 419 -1
0.1 422 423 -1
0.1 421 1114 -1
0.1 420 1115 -1
0.1 426 427 -1
0.1 428 429 -1
0.1 1117 1118 -1
0.1 425 1119 -1
0.1 424 1120 -1
0.1 431 432 -1
0.1 430 1122 -1
0.1 433 434 -1
0.1 1123 1124 -1
0.1 435 436 -1
0.1 437 438 -1
0.1 1127 439 -1
0.1 1126 1128 -1
0.1 1125 1129 -1
0.1 442 443 -1
0.1 441 1131 -1
0.1 440 1132 -1
0.1 447 448 -1
0.1 446 1134 -1
0.1 1135 449 -1
0.1 445 1136 -1
0.1 444 1137 -1
0.1 1133 1138 -1
0.1 450 451 -1
0.1 453 454 -1
0.1 455 456 -1
0.1 457 458 -1
0.1 1142 1143 -1
0.1 1144 459 -1
0.1 1141 1145 -1
0.1 452 1146 -1
0.1 1140 1147 -1
0.1 1139 1148 -1
0.1 1130 1149 -1
0.1 1121 1150 -1
0.1 1116 1151 -1
0.1 1113 1152 -1
0.1 1112 1153 -1
0.1 1098 1154 -1
0.1 461 462 -1
0.1 460 1156 -1
0.1 463 464 -1
0.1 467 468 -1
0.1 1159 469 -1
0.1 466 1160 -1
0.1 465 1161 -1
0.1 1158 1162 -1
0.1 472 473 -1
0.1 475 476 -1
0.1 477 478 -1
0.1 1166 479 -1
0.1 1165 1167 -1
0.1 480 481 -1
0.1 1169 482 -1
0.1 1170 483 -1
0.1 1168 1171 -1
0.1 1172 484 -1
0.1 474 1173 -1
0.1 1164 1174 -1
0.1 471 1175 -1
0.1 470 1176 -1
0.1 1163 1177 -1
0.1 1157 1178 -1
0.1 485 486 -1
0.1 487 488 -1
0.1 1181 489 -1
0.1 493 494 -1
0.1 495 496 -1
0.1 1183 1184 -1
0.1 492 1185 -1
0.1 491 1186 -1
0.1 490 1187 -1
0.1 1182 1188 -1
0.1 1189 497 -1
0.1 1180 1190 -1
0.1 498 499 -1
0.1 1191 1192 -1
0.1 1179 1193 -1
0.1 500 501 -1
0.1 1195 502 -1
0.1 503 504 -1
0.1 1197 505 -1
0.1 506 507 -1
0.1 508 509 -1
0.1 513 514 -1
0.1 512 1201 -1
0.1 511 1202 -1
0.1 516 517 -1
0.1 515 1204 -1
0.1 1203 1205 -1
0.1 510 1206 -1
0.1 1200 1207 -1
0.1 518 519 -1
0.1 1208 1209 -1
0.1 1199 1210 -1
0.1 1198 1211 -1
0.1 1196 1212 -1
0.1 523 524 -1
0.1 522 1214 -1
0.1 521 1215 -1
0.1 525 526 -1
0.1 527 528 -1
0.1 1217 1218 -1
0.1 529 530 -1
0.1 1219 1220 -1
0.1 1216 1221 -1
0.1 520 1222 -1
0.1 1213 1223 -1
0.1 1194 1224 -1
0.1 532 533 -1
0.1 531 1226 -1
0.1 534 535 -1
0.1 536 537 -1
0.1 1229 538 -1
0.1 1230 539 -1
0.1 542 543 -1
0.1 544 545 -1
0.1 1232 1233 -1
0.1 541 1234 -1
0.1 540 1235 -1
0.1 1231 1236 -1
0.1 546 547 -1
0.1 1237 1238 -1
0.1 1228 1239 -1
0.1 548 549 -1
0.1 1240 1241 -1
0.1 1227 1242 -1
0.1 1225 1243 -1
0.1 1155 1244 -1
0.1 550 551 -1
0.1 1246 552 -1
0.1 554 555 -1
0.1 553 1248 -1
0.1 556 557 -1
0.1 558 559 -1
0.1 1250 1251 -1
0.1 1249 1252 -1
0.1 1247 1253 -1
0.1 1245 1254 -1
0.1 560 561 -1
0.1 564 565 -1
0.1 1257 566 -1
0.1 563 1258 -1
0.1 562 1259 -1
0.1 1260 567 -1
0.1 1256 1261 -1
0.1 1255 1262 -1
0.1 1086 1263 -1
0.1 572 573 -1
0.1 1265 574 -1
0.1 576 577 -1
0.1 575 1267 -1
0.1 580 581 -1
0.1 579 1269 -1
0.1 578 1270 -1
0.1 1268 1271 -1
0.1 1266 1272 -1
0.1 571 1273 -1
0.1 584 585 -1
0.1 587 588 -1
0.1 586 1276 -1
0.1 1275 1277 -1
0.1 583 1278 -1
0.1 582 1279 -1
0.1 1274 1280 -1
0.1 1281 589 -1
0.1 570 1282 -1
0.1 569 1283 -1
0.1 568 1284 -1
0.1 590 591 -1
0.1 592 593 -1
0.1 1286 1287 -1
0.1 1288 594 -1
0.1 1285 1289 -1
0.1 595 596 -1
0.1 1291 597 -1
0.1 598 599 -1
0.1 600 601 -1
0.1 604 605 -1
0.1 603 1295 -1
0.1 602 1296 -1
0.1 607 608 -1
0.1 606 1298 -1
0.1 1299 609 -1
0.1 1297 1300 -1
0.1 1294 1301 -1
0.1 1293 1302 -1
0.1 611 612 -1
0.1 610 1304 -1
0.1 614 615 -1
0.1 613 1306 -1
0.1 616 617 -1
0.1 1308 618 -1
0.1 1307 1309 -1
0.1 619 620 -1
0.1 1311 621 -1
0.1 1310 1312 -1
0.1 1313 622 -1
0.1 624 625 -1
0.1 623 1315 -1
0.1 1314 1316 -1
0.1 1317 626 -1
0.1 628 629 -1
0.1 627 1319 -1
0.1 1318 1320 -1
0.1 1305 1321 -1
0.1 1303 1322 -1
0.1 630 631 -1
0.1 1324 632 -1
0.1 1325 633 -1
0.1 636 637 -1
0.1 635 1327 -1
0.1 634 1328 -1
0.1 1326 1329 -1
0.1 1323 1330 -1
0.1 640 641 -1
0.1 639 1332 -1
0.1 644 645 -1
0.1 647 648 -1
0.1 646 1335 -1
0.1 649 650 -1
0.1 1336 1337 -1
0.1 1338 651 -1
0.1 1334 1339 -1
0.1 643 1340 -1
0.1 642 1341 -1
0.1 652 653 -1
0.1 658 659 -1
0.1 1344 660 -1
0.1 1345 661 -1
0.1 657 1346 -1
0.1 656 1347 -1
0.1 655 1348 -1
0.1 654 1349 -1
0.1 1343 1350 -1
0.1 1342 1351 -1
0.1 1352 662 -1
0.1 1333 1353 -1
0.1 664 665 -1
0.1 663 1355 -1
0.1 1356 666 -1
0.1 667 668 -1
0.1 1357 1358 -1
0.1 1354 1359 -1
0.1 638 1360 -1
0.1 669 670 -1
0.1 1361 1362 -1
0.1 1331 1363 -1
0.1 1292 1364 -1
0.1 1290 1365 -1
0.1 1264 1366 -1
0.1 672 673 -1
0.1 675 676 -1
0.1 674 1369 -1
0.1 1368 1370 -1
0.1 1371 677 -1
0.1 678 679 -1
0.1 681 682 -1
0.1 680 1374 -1
0.1 1373 1375 -1
0.1 683 684 -1
0.1 1377 685 -1
0.1 686 687 -1
0.1 1378 1379 -1
0.1 1376 1380 -1
0.1 689 690 -1
0.1 688 1382 -1
0.1 1381 1383 -1
0.1 1372 1384 -1
0.1 671 1385 -1
0.1 693 694 -1
0.1 692 1387 -1
0.1 695 696 -1
0.1 1388 1389 -1
0.1 1390 697 -1
0.1 1391 698 -1
0.1 691 1392 -1
0.1 699 700 -1
0.1 1393 1394 -1
0.1 1386 1395 -1
0.1 1367 1396 -1
0.1 1085 1397 -1
0.1 1069 1398 -1
