1 0 0 1
1 0 0 1
1 0 0 1
1 0 0 1
1 0 0 1
1 0 0 1
1 0 0 2
1 0 0 2
1 0 0 2
1 0 0 2
1 0 0 2
1 0 0 2
1 0 0 2
1 0 0 2
1 0 0 2
1 0 0 2
1 0 0 3
1 0 0 3
1 0 0 3
1 0 0 3
1 0 0 3
1 0 0 3
1 0 0 3
1 0 0 3
1 0 0 3
1 0 0 3
1 0 0 4
1 0 0 4
1 0 0 4
1 0 0 4
1 0 0 4
1 0 0 4
1 0 0 4
1 0 0 4
1 0 0 4
1 0 0 5
1 0 0 5
1 0 0 5
1 0 0 5
1 0 0 5
1 0 0 5
1 0 0 5
1 0 0 5
1 0 0 5
1 0 0 5
1 0 0 4
1 0 0 6
1 0 0 6
1 0 0 6
1 0 0 6
1 0 0 6
1 0 0 6
1 0 0 6
1 0 0 6
1 0 0 6
1 0 0 7
1 0 0 7
1 0 0 7
1 0 0 7
1 0 0 7
1 0 0 7
1 0 0 7
1 0 0 7
1 0 0 7
1 0 0 7
1 0 0 6
1 0 0 8
1 0 0 9
1 0 0 9
1 0 0 9
1 0 0 9
1 0 0 9
1 0 0 9
1 0 0 9
1 0 0 9
1 0 0 9
1 0 0 9
1 0 0 8
1 0 0 8
1 0 0 10
1 0 0 10
1 0 0 10
1 0 0 11
1 0 0 11
1 0 0 11
1 0 0 11
1 0 0 11
1 0 0 11
1 0 0 11
1 0 0 11
1 0 0 11
1 0 0 11
1 0 0 10
1 0 0 10
1 0 0 10
1 0 0 10
1 0 0 10
1 0 0 10
1 0 0 10
1 0 0 12
1 0 0 12
1 0 0 12
1 0 0 12
1 0 0 12
1 0 0 12
1 0 0 12
1 0 0 12
1 0 0 12
1 0 0 12
1 0 0 13
1 0 0 13
1 0 0 14
1 0 0 14
1 0 0 14
1 0 0 14
1 0 0 14
1 0 0 14
1 0 0 14
1 0 0 14
1 0 0 14
1 0 0 14
1 0 0 13
1 0 0 13
1 0 0 13
1 0 0 15
1 0 0 15
1 0 0 15
1 0 0 15
1 0 0 15
1 0 0 15
1 0 0 15
1 0 0 15
1 0 0 15
1 0 0 15
1 0 0 13
1 0 0 13
1 0 0 13
1 0 0 13
1 0 0 13
1 0 0 16
1 0 0 16
1 0 0 16
1 0 0 16
1 0 0 16
1 0 0 16
1 0 0 16
1 0 0 16
1 0 0 16
1 0 0 16
1 0 0 8
1 0 0 8
1 0 0 8
1 0 0 8
1 0 0 17
1 0 0 17
1 0 0 17
1 0 0 17
1 0 0 17
1 0 0 17
1 0 0 17
1 0 0 17
1 0 0 17
1 0 0 17
1 0 0 8
1 0 0 18
1 0 0 18
1 0 0 18
1 0 0 18
1 0 0 18
1 0 0 18
1 0 0 18
1 0 0 18
1 0 0 18
1 0 0 18
1 0 0 19
1 0 0 20
1 0 0 20
1 0 0 20
1 0 0 20
1 0 0 20
1 0 0 20
1 0 0 20
1 0 0 20
1 0 0 20
1 0 0 20
1 0 0 21
1 0 0 21
1 0 0 21
1 0 0 21
1 0 0 21
1 0 0 21
1 0 0 21
1 0 0 21
1 0 0 21
1 0 0 22
1 0 0 22
1 0 0 22
1 0 0 22
1 0 0 22
1 0 0 22
1 0 0 22
1 0 0 22
1 0 0 22
1 0 0 21
1 0 0 23
1 0 0 23
1 0 0 23
1 0 0 23
1 0 0 23
1 0 0 23
1 0 0 23
1 0 0 23
1 0 0 23
1 0 0 23
1 0 0 22
1 0 0 24
1 0 0 24
1 0 0 24
1 0 0 24
1 0 0 25
1 0 0 25
1 0 0 25
1 0 0 25
1 0 0 25
1 0 0 25
1 0 0 25
1 0 0 25
1 0 0 25
1 0 0 25
1 0 0 26
1 0 0 26
1 0 0 26
1 0 0 26
1 0 0 26
1 0 0 26
1 0 0 26
1 0 0 26
1 0 0 26
1 0 0 26
1 0 0 24
1 0 0 24
1 0 0 24
1 0 0 24
1 0 0 24
1 0 0 24
1 0 0 19
1 0 0 19
1 0 0 19
1 0 0 19
1 0 0 19
1 0 0 19
1 0 0 19
1 0 0 19
1 0 0 19
1 0 0 8
1 0 0 8
1 0 0 1
1 0 0 1
1 0 0 27
1 0 0 27
1 0 0 27
1 0 0 27
1 0 0 27
1 0 0 27
1 0 0 27
1 0 0 27
1 0 0 27
1 0 0 27
1 0 0 28
1 0 0 28
1 0 0 28
1 0 0 28
1 0 0 29
1 0 0 29
1 0 0 29
1 0 0 29
1 0 0 29
1 0 0 29
1 0 0 29
1 0 0 29
1 0 0 29
1 0 0 29
1 0 0 30
1 0 0 30
1 0 0 30
1 0 0 30
1 0 0 30
1 0 0 30
1 0 0 30
1 0 0 31
1 0 0 31
1 0 0 31
1 0 0 31
1 0 0 31
1 0 0 31
1 0 0 31
1 0 0 31
1 0 0 31
1 0 0 31
1 0 0 32
1 0 0 32
1 0 0 32
1 0 0 32
1 0 0 32
1 0 0 32
1 0 0 32
1 0 0 32
1 0 0 32
1 0 0 32
1 0 0 30
1 0 0 30
1 0 0 30
1 0 0 28
1 0 0 28
1 0 0 28
1 0 0 28
1 0 0 28
1 0 0 33
1 0 0 33
1 0 0 33
1 0 0 33
1 0 0 33
1 0 0 33
1 0 0 33
1 0 0 33
1 0 0 33
1 0 0 33
1 0 0 34
1 0 0 34
1 0 0 34
1 0 0 34
1 0 0 34
1 0 0 34
1 0 0 34
1 0 0 34
1 0 0 34
1 0 0 34
1 0 0 35
1 0 0 35
1 0 0 35
1 0 0 35
1 0 0 35
1 0 0 35
1 0 0 35
1 0 0 35
1 0 0 35
1 0 0 35
1 0 0 28
1 0 0 1
1 0 0 36
1 0 0 36
1 0 0 36
1 0 0 36
1 0 0 36
1 0 0 36
1 0 0 36
1 0 0 36
1 0 0 36
1 0 0 36
1 0 0 1
1 0 0 37
1 0 0 37
1 0 0 37
1 0 0 37
1 0 0 37
1 0 0 37
1 0 0 37
1 0 0 37
1 0 0 37
1 0 0 37
1 0 0 38
1 0 0 38
1 0 0 38
1 0 0 38
1 0 0 38
1 0 0 38
1 0 0 38
1 0 0 38
1 0 0 39
1 0 0 39
1 0 0 39
1 0 0 39
1 0 0 40
1 0 0 40
1 0 0 40
1 0 0 40
1 0 0 40
1 0 0 40
1 0 0 40
1 0 0 40
1 0 0 40
1 0 0 40
1 0 0 41
1 0 0 41
1 0 0 41
1 0 0 41
1 0 0 41
1 0 0 41
1 0 0 41
1 0 0 41
1 0 0 41
1 0 0 41
1 0 0 39
1 0 0 39
1 0 0 39
1 0 0 39
1 0 0 39
1 0 0 39
1 0 0 42
1 0 0 42
1 0 0 43
1 0 0 43
1 0 0 43
1 0 0 43
1 0 0 43
1 0 0 43
1 0 0 43
1 0 0 43
1 0 0 43
1 0 0 43
1 0 0 44
1 0 0 44
1 0 0 44
1 0 0 44
1 0 0 45
1 0 0 45
1 0 0 45
1 0 0 45
1 0 0 45
1 0 0 45
1 0 0 45
1 0 0 45
1 0 0 45
1 0 0 45
1 0 0 44
1 0 0 44
1 0 0 44
1 0 0 44
1 0 0 44
1 0 0 44
1 0 0 42
1 0 0 46
1 0 0 46
1 0 0 46
1 0 0 46
1 0 0 46
1 0 0 46
1 0 0 46
1 0 0 46
1 0 0 46
1 0 0 47
1 0 0 47
1 0 0 47
1 0 0 47
1 0 0 47
1 0 0 47
1 0 0 47
1 0 0 47
1 0 0 47
1 0 0 47
1 0 0 48
1 0 0 48
1 0 0 48
1 0 0 48
1 0 0 48
1 0 0 48
1 0 0 48
1 0 0 48
1 0 0 48
1 0 0 48
1 0 0 46
1 0 0 49
1 0 0 49
1 0 0 49
1 0 0 49
1 0 0 49
1 0 0 49
1 0 0 49
1 0 0 49
1 0 0 49
1 0 0 50
1 0 0 50
1 0 0 50
1 0 0 50
1 0 0 50
1 0 0 50
1 0 0 50
1 0 0 50
1 0 0 50
1 0 0 50
1 0 0 49
1 0 0 38
1 0 0 38
1 0 0 51
1 0 0 51
1 0 0 51
1 0 0 51
1 0 0 51
1 0 0 51
1 0 0 51
1 0 0 51
1 0 0 51
1 0 0 51
1 0 0 52
1 0 0 52
1 0 0 52
1 0 0 52
1 0 0 52
1 0 0 52
1 0 0 52
1 0 0 52
1 0 0 52
1 0 0 52
1 0 0 42
1 0 0 42
1 0 0 42
1 0 0 42
1 0 0 42
1 0 0 42
1 0 0 42
1 0 0 53
1 0 0 53
1 0 0 53
1 0 0 53
1 0 0 53
1 0 0 53
1 0 0 53
1 0 0 53
1 0 0 53
1 0 0 53
1 0 0 54
1 0 0 54
1 0 0 54
1 0 0 54
1 0 0 54
1 0 0 54
1 0 0 54
1 0 0 54
1 0 0 54
1 0 0 54
1 0 0 55
1 0 0 55
1 0 0 55
1 0 0 55
1 0 0 55
1 0 0 55
1 0 0 55
1 0 0 55
1 0 0 55
1 0 0 55
1 0 0 56
1 0 0 56
1 0 0 56
1 0 0 57
1 0 0 57
1 0 0 57
1 0 0 57
1 0 0 57
1 0 0 57
1 0 0 57
1 0 0 57
1 0 0 57
1 0 0 57
1 0 0 56
1 0 0 56
1 0 0 56
1 0 0 56
1 0 0 56
1 0 0 58
1 0 0 58
1 0 0 58
1 0 0 58
1 0 0 58
1 0 0 58
1 0 0 58
1 0 0 58
1 0 0 58
1 0 0 58
1 0 0 56
1 0 0 56
1 0 0 59
1 0 0 60
1 0 0 60
1 0 0 60
1 0 0 60
1 0 0 60
1 0 0 60
1 0 0 60
1 0 0 60
1 0 0 60
1 0 0 60
1 0 0 61
1 0 0 61
1 0 0 61
1 0 0 61
1 0 0 61
1 0 0 61
1 0 0 62
1 0 0 62
1 0 0 62
1 0 0 62
1 0 0 62
1 0 0 62
1 0 0 62
1 0 0 62
1 0 0 62
1 0 0 62
1 0 0 61
1 0 0 61
1 0 0 61
1 0 0 61
1 0 0 59
1 0 0 59
1 0 0 59
1 0 0 59
1 0 0 59
1 0 0 59
1 0 0 59
1 0 0 59
1 0 0 63
1 0 0 63
1 0 0 63
1 0 0 63
1 0 0 63
1 0 0 63
1 0 0 63
1 0 0 63
1 0 0 63
1 0 0 63
1 0 0 59
1 0 0 64
1 0 0 65
1 0 0 65
1 0 0 65
1 0 0 65
1 0 0 65
1 0 0 65
1 0 0 65
1 0 0 65
1 0 0 65
1 0 0 65
1 0 0 64
1 0 0 64
1 0 0 64
1 0 0 64
1 0 0 66
1 0 0 66
1 0 0 66
1 0 0 66
1 0 0 66
1 0 0 66
1 0 0 66
1 0 0 66
1 0 0 66
1 0 0 66
1 0 0 64
1 0 0 64
1 0 0 64
1 0 0 67
1 0 0 67
1 0 0 67
1 0 0 67
1 0 0 67
1 0 0 67
1 0 0 68
1 0 0 68
1 0 0 68
1 0 0 68
1 0 0 68
1 0 0 68
1 0 0 68
1 0 0 68
1 0 0 68
1 0 0 68
1 0 0 69
1 0 0 69
1 0 0 69
1 0 0 69
1 0 0 69
1 0 0 69
1 0 0 70
1 0 0 70
1 0 0 70
1 0 0 70
1 0 0 70
1 0 0 70
1 0 0 70
1 0 0 70
1 0 0 70
1 0 0 70
1 0 0 67
1 0 0 67
1 0 0 67
1 0 0 67
1 0 0 69
1 0 0 69
1 0 0 69
1 0 0 69
1 0 0 64
1 0 0 64
0.1 1 2 -1
0.1 701 3 -1
0.1 8 9 -1
0.1 7 703 -1
0.1 11 12 -1
0.1 705 13 -1
0.1 10 706 -1
0.1 704 707 -1
0.1 14 15 -1
0.1 709 16 -1
0.1 19 20 -1
0.1 18 711 -1
0.1 712 21 -1
0.1 17 713 -1
0.1 25 26 -1
0.1 24 715 -1
0.1 23 716 -1
0.1 22 717 -1
0.1 714 718 -1
0.1 710 719 -1
0.1 27 28 -1
0.1 30 31 -1
0.1 29 722 -1
0.1 721 723 -1
0.1 32 33 -1
0.1 34 35 -1
0.1 725 726 -1
0.1 724 727 -1
0.1 38 39 -1
0.1 37 729 -1
0.1 36 730 -1
0.1 41 42 -1
0.1 732 43 -1
0.1 44 45 -1
0.1 733 734 -1
0.1 40 735 -1
0.1 731 736 -1
0.1 737 46 -1
0.1 728 738 -1
0.1 50 51 -1
0.1 49 740 -1
0.1 52 53 -1
0.1 54 55 -1
0.1 742 743 -1
0.1 741 744 -1
0.1 48 745 -1
0.1 56 57 -1
0.1 58 59 -1
0.1 60 61 -1
0.1 748 749 -1
0.1 747 750 -1
0.1 62 63 -1
0.1 64 65 -1
0.1 752 753 -1
0.1 751 754 -1
0.1 755 66 -1
0.1 746 756 -1
0.1 47 757 -1
0.1 739 758 -1
0.1 720 759 -1
0.1 708 760 -1
0.1 6 761 -1
0.1 5 762 -1
0.1 4 763 -1
0.1 69 70 -1
0.1 68 765 -1
0.1 72 73 -1
0.1 71 767 -1
0.1 76 77 -1
0.1 75 769 -1
0.1 74 770 -1
0.1 768 771 -1
0.1 766 772 -1
0.1 773 78 -1
0.1 67 774 -1
0.1 81 82 -1
0.1 80 776 -1
0.1 83 84 -1
0.1 86 87 -1
0.1 779 88 -1
0.1 90 91 -1
0.1 89 781 -1
0.1 780 782 -1
0.1 85 783 -1
0.1 784 92 -1
0.1 778 785 -1
0.1 786 93 -1
0.1 95 96 -1
0.1 94 788 -1
0.1 97 98 -1
0.1 789 790 -1
0.1 787 791 -1
0.1 792 99 -1
0.1 777 793 -1
0.1 102 103 -1
0.1 105 106 -1
0.1 104 796 -1
0.1 795 797 -1
0.1 101 798 -1
0.1 100 799 -1
0.1 107 108 -1
0.1 801 109 -1
0.1 800 802 -1
0.1 794 803 -1
0.1 114 115 -1
0.1 113 805 -1
0.1 116 117 -1
0.1 807 118 -1
0.1 808 119 -1
0.1 809 120 -1
0.1 810 121 -1
0.1 806 811 -1
0.1 112 812 -1
0.1 123 124 -1
0.1 122 814 -1
0.1 813 815 -1
0.1 111 816 -1
0.1 126 127 -1
0.1 128 129 -1
0.1 130 131 -1
0.1 132 133 -1
0.1 820 821 -1
0.1 822 134 -1
0.1 819 823 -1
0.1 818 824 -1
0.1 125 825 -1
0.1 826 135 -1
0.1 137 138 -1
0.1 136 828 -1
0.1 827 829 -1
0.1 817 830 -1
0.1 140 141 -1
0.1 832 142 -1
0.1 145 146 -1
0.1 144 834 -1
0.1 147 148 -1
0.1 836 149 -1
0.1 835 837 -1
0.1 143 838 -1
0.1 833 839 -1
0.1 139 840 -1
0.1 831 841 -1
0.1 110 842 -1
0.1 804 843 -1
0.1 79 844 -1
0.1 775 845 -1
0.1 150 151 -1
0.1 846 847 -1
0.1 152 153 -1
0.1 157 158 -1
0.1 156 850 -1
0.1 851 159 -1
0.1 155 852 -1
0.1 154 853 -1
0.1 162 163 -1
0.1 161 855 -1
0.1 160 856 -1
0.1 854 857 -1
0.1 849 858 -1
0.1 165 166 -1
0.1 168 169 -1
0.1 861 170 -1
0.1 173 174 -1
0.1 172 863 -1
0.1 171 864 -1
0.1 862 865 -1
0.1 167 866 -1
0.1 860 867 -1
0.1 164 868 -1
0.1 859 869 -1
0.1 181 182 -1
0.1 180 871 -1
0.1 179 872 -1
0.1 178 873 -1
0.1 177 874 -1
0.1 176 875 -1
0.1 184 185 -1
0.1 183 877 -1
0.1 876 878 -1
0.1 186 187 -1
0.1 188 189 -1
0.1 190 191 -1
0.1 881 882 -1
0.1 193 194 -1
0.1 192 884 -1
0.1 195 196 -1
0.1 197 198 -1
0.1 199 200 -1
0.1 887 888 -1
0.1 202 203 -1
0.1 201 890 -1
0.1 889 891 -1
0.1 886 892 -1
0.1 885 893 -1
0.1 883 894 -1
0.1 895 204 -1
0.1 205 206 -1
0.1 208 209 -1
0.1 207 898 -1
0.1 210 211 -1
0.1 899 900 -1
0.1 213 214 -1
0.1 212 902 -1
0.1 901 903 -1
0.1 897 904 -1
0.1 218 219 -1
0.1 217 906 -1
0.1 222 223 -1
0.1 221 908 -1
0.1 224 225 -1
0.1 909 910 -1
0.1 226 227 -1
0.1 911 912 -1
0.1 228 229 -1
0.1 232 233 -1
0.1 235 236 -1
0.1 916 237 -1
0.1 238 239 -1
0.1 917 918 -1
0.1 234 919 -1
0.1 915 920 -1
0.1 231 921 -1
0.1 230 922 -1
0.1 914 923 -1
0.1 913 924 -1
0.1 220 925 -1
0.1 926 240 -1
0.1 242 243 -1
0.1 241 928 -1
0.1 927 929 -1
0.1 907 930 -1
0.1 244 245 -1
0.1 931 932 -1
0.1 216 933 -1
0.1 215 934 -1
0.1 905 935 -1
0.1 896 936 -1
0.1 880 937 -1
0.1 879 938 -1
0.1 247 248 -1
0.1 246 940 -1
0.1 939 941 -1
0.1 175 942 -1
0.1 250 251 -1
0.1 944 252 -1
0.1 945 253 -1
0.1 946 254 -1
0.1 249 947 -1
0.1 943 948 -1
0.1 949 255 -1
0.1 870 950 -1
0.1 951 256 -1
0.1 848 952 -1
0.1 257 258 -1
0.1 260 261 -1
0.1 262 263 -1
0.1 955 956 -1
0.1 957 264 -1
0.1 265 266 -1
0.1 959 267 -1
0.1 960 268 -1
0.1 958 961 -1
0.1 259 962 -1
0.1 269 270 -1
0.1 271 272 -1
0.1 273 274 -1
0.1 966 275 -1
0.1 276 277 -1
0.1 967 968 -1
0.1 280 281 -1
0.1 970 282 -1
0.1 279 971 -1
0.1 278 972 -1
0.1 969 973 -1
0.1 965 974 -1
0.1 964 975 -1
0.1 283 284 -1
0.1 286 287 -1
0.1 290 291 -1
0.1 292 293 -1
0.1 294 295 -1
0.1 980 981 -1
0.1 982 296 -1
0.1 979 983 -1
0.1 298 299 -1
0.1 301 302 -1
0.1 300 986 -1
0.1 304 305 -1
0.1 306 307 -1
0.1 988 989 -1
0.1 303 990 -1
0.1 987 991 -1
0.1 308 309 -1
0.1 992 993 -1
0.1 985 994 -1
0.1 297 995 -1
0.1 984 996 -1
0.1 289 997 -1
0.1 288 998 -1
0.1 978 999 -1
0.1 285 1000 -1
0.1 311 312 -1
0.1 310 1002 -1
0.1 1001 1003 -1
0.1 977 1004 -1
0.1 313 314 -1
0.1 1006 315 -1
0.1 318 319 -1
0.1 1008 320 -1
0.1 322 323 -1
0.1 1010 324 -1
0.1 321 1011 -1
0.1 325 326 -1
0.1 1013 327 -1
0.1 1012 1014 -1
0.1 1009 1015 -1
0.1 317 1016 -1
0.1 329 330 -1
0.1 328 1018 -1
0.1 332 333 -1
0.1 331 1020 -1
0.1 1021 334 -1
0.1 1022 335 -1
0.1 1019 1023 -1
0.1 336 337 -1
0.1 1024 1025 -1
0.1 338 339 -1
0.1 342 343 -1
0.1 341 1028 -1
0.1 340 1029 -1
0.1 1027 1030 -1
0.1 344 345 -1
0.1 346 347 -1
0.1 1032 1033 -1
0.1 1031 1034 -1
0.1 1026 1035 -1
0.1 1017 1036 -1
0.1 316 1037 -1
0.1 1007 1038 -1
0.1 1039 348 -1
0.1 1005 1040 -1
0.1 976 1041 -1
0.1 963 1042 -1
0.1 352 353 -1
0.1 351 1044 -1
0.1 350 1045 -1
0.1 354 355 -1
0.1 1047 356 -1
0.1 358 359 -1
0.1 357 1049 -1
0.1 1048 1050 -1
0.1 1046 1051 -1
0.1 349 1052 -1
0.1 1043 1053 -1
0.1 954 1054 -1
0.1 953 1055 -1
0.1 1056 360 -1
0.1 764 1057 -1
0.1 702 1058 -1
0.1 362 363 -1
0.1 364 365 -1
0.1 1060 1061 -1
0.1 366 367 -1
0.1 1062 1063 -1
0.1 369 370 -1
0.1 368 1065 -1
0.1 1064 1066 -1
0.1 361 1067 -1
0.1 1059 1068 -1
0.1 372 373 -1
0.1 1070 374 -1
0.1 371 1071 -1
0.1 375 376 -1
0.1 377 378 -1
0.1 1073 1074 -1
0.1 1072 1075 -1
0.1 379 380 -1
0.1 1077 381 -1
0.1 384 385 -1
0.1 387 388 -1
0.1 386 1080 -1
0.1 1079 1081 -1
0.1 383 1082 -1
0.1 390 391 -1
0.1 394 395 -1
0.1 393 1085 -1
0.1 1086 396 -1
0.1 398 399 -1
0.1 397 1088 -1
0.1 1087 1089 -1
0.1 401 402 -1
0.1 400 1091 -1
0.1 1090 1092 -1
0.1 392 1093 -1
0.1 1084 1094 -1
0.1 389 1095 -1
0.1 1083 1096 -1
0.1 382 1097 -1
0.1 1098 403 -1
0.1 1078 1099 -1
0.1 404 405 -1
0.1 406 407 -1
0.1 1101 1102 -1
0.1 1103 408 -1
0.1 409 410 -1
0.1 1104 1105 -1
0.1 1100 1106 -1
0.1 413 414 -1
0.1 1108 415 -1
0.1 416 417 -1
0.1 1109 1110 -1
0.1 412 1111 -1
0.1 411 1112 -1
0.1 418 419 -1
0.1 1114 420 -1
0.1 1113 1115 -1
0.1 423 424 -1
0.1 422 1117 -1
0.1 425 426 -1
0.1 1119 427 -1
0.1 428 429 -1
0.1 1120 1121 -1
0.1 430 431 -1
0.1 1123 432 -1
0.1 433 434 -1
0.1 1124 1125 -1
0.1 1122 1126 -1
0.1 1118 1127 -1
0.1 436 437 -1
0.1 439 440 -1
0.1 438 1130 -1
0.1 1129 1131 -1
0.1 435 1132 -1
0.1 1128 1133 -1
0.1 421 1134 -1
0.1 1116 1135 -1
0.1 444 445 -1
0.1 443 1137 -1
0.1 442 1138 -1
0.1 446 447 -1
0.1 1139 1140 -1
0.1 449 450 -1
0.1 448 1142 -1
0.1 451 452 -1
0.1 455 456 -1
0.1 457 458 -1
0.1 1145 1146 -1
0.1 454 1147 -1
0.1 459 460 -1
0.1 1148 1149 -1
0.1 453 1150 -1
0.1 1144 1151 -1
0.1 461 462 -1
0.1 466 467 -1
0.1 468 469 -1
0.1 1155 470 -1
0.1 1154 1156 -1
0.1 465 1157 -1
0.1 464 1158 -1
0.1 463 1159 -1
0.1 1153 1160 -1
0.1 1152 1161 -1
0.1 1162 471 -1
0.1 1143 1163 -1
0.1 1141 1164 -1
0.1 441 1165 -1
0.1 474 475 -1
0.1 473 1167 -1
0.1 476 477 -1
0.1 1168 1169 -1
0.1 472 1170 -1
0.1 478 479 -1
0.1 1172 480 -1
0.1 481 482 -1
0.1 1174 483 -1
0.1 485 486 -1
0.1 484 1176 -1
0.1 488 489 -1
0.1 487 1178 -1
0.1 1177 1179 -1
0.1 1175 1180 -1
0.1 1181 490 -1
0.1 1173 1182 -1
0.1 1171 1183 -1
0.1 1184 491 -1
0.1 492 493 -1
0.1 496 497 -1
0.1 495 1187 -1
0.1 499 500 -1
0.1 498 1189 -1
0.1 1188 1190 -1
0.1 494 1191 -1
0.1 501 502 -1
0.1 1193 503 -1
0.1 1192 1194 -1
0.1 1186 1195 -1
0.1 1185 1196 -1
0.1 1166 1197 -1
0.1 1136 1198 -1
0.1 1107 1199 -1
0.1 1076 1200 -1
0.1 506 507 -1
0.1 505 1202 -1
0.1 508 509 -1
0.1 1203 1204 -1
0.1 504 1205 -1
0.1 511 512 -1
0.1 1207 513 -1
0.1 510 1208 -1
0.1 1206 1209 -1
0.1 516 517 -1
0.1 515 1211 -1
0.1 514 1212 -1
0.1 1210 1213 -1
0.1 518 519 -1
0.1 1215 520 -1
0.1 1214 1216 -1
0.1 1201 1217 -1
0.1 521 522 -1
0.1 526 527 -1
0.1 525 1220 -1
0.1 524 1221 -1
0.1 1222 528 -1
0.1 523 1223 -1
0.1 529 530 -1
0.1 1224 1225 -1
0.1 532 533 -1
0.1 531 1227 -1
0.1 534 535 -1
0.1 536 537 -1
0.1 1229 1230 -1
0.1 539 540 -1
0.1 538 1232 -1
0.1 1231 1233 -1
0.1 1228 1234 -1
0.1 541 542 -1
0.1 544 545 -1
0.1 1237 546 -1
0.1 1238 547 -1
0.1 543 1239 -1
0.1 1236 1240 -1
0.1 548 549 -1
0.1 1242 550 -1
0.1 1241 1243 -1
0.1 555 556 -1
0.1 558 559 -1
0.1 557 1246 -1
0.1 1245 1247 -1
0.1 562 563 -1
0.1 561 1249 -1
0.1 560 1250 -1
0.1 1248 1251 -1
0.1 1252 564 -1
0.1 554 1253 -1
0.1 553 1254 -1
0.1 1255 565 -1
0.1 552 1256 -1
0.1 551 1257 -1
0.1 1244 1258 -1
0.1 566 567 -1
0.1 571 572 -1
0.1 574 575 -1
0.1 573 1262 -1
0.1 1261 1263 -1
0.1 577 578 -1
0.1 576 1265 -1
0.1 1264 1266 -1
0.1 570 1267 -1
0.1 569 1268 -1
0.1 568 1269 -1
0.1 579 580 -1
0.1 1270 1271 -1
0.1 1260 1272 -1
0.1 1259 1273 -1
0.1 582 583 -1
0.1 584 585 -1
0.1 586 587 -1
0.1 1276 1277 -1
0.1 1275 1278 -1
0.1 589 590 -1
0.1 1280 591 -1
0.1 588 1281 -1
0.1 1279 1282 -1
0.1 581 1283 -1
0.1 592 593 -1
0.1 1285 594 -1
0.1 595 596 -1
0.1 1287 597 -1
0.1 598 599 -1
0.1 602 603 -1
0.1 1290 604 -1
0.1 601 1291 -1
0.1 605 606 -1
0.1 1293 607 -1
0.1 1292 1294 -1
0.1 600 1295 -1
0.1 1289 1296 -1
0.1 1288 1297 -1
0.1 1298 608 -1
0.1 1286 1299 -1
0.1 610 611 -1
0.1 609 1301 -1
0.1 1300 1302 -1
0.1 1284 1303 -1
0.1 613 614 -1
0.1 612 1305 -1
0.1 1304 1306 -1
0.1 616 617 -1
0.1 615 1308 -1
0.1 618 619 -1
0.1 1309 1310 -1
0.1 622 623 -1
0.1 621 1312 -1
0.1 620 1313 -1
0.1 626 627 -1
0.1 628 629 -1
0.1 1315 1316 -1
0.1 625 1317 -1
0.1 624 1318 -1
0.1 1314 1319 -1
0.1 1311 1320 -1
0.1 1321 630 -1
0.1 1307 1322 -1
0.1 1274 1323 -1
0.1 633 634 -1
0.1 632 1325 -1
0.1 638 639 -1
0.1 637 1327 -1
0.1 636 1328 -1
0.1 635 1329 -1
0.1 1326 1330 -1
0.1 631 1331 -1
0.1 640 641 -1
0.1 1332 1333 -1
0.1 643 644 -1
0.1 642 1335 -1
0.1 1336 645 -1
0.1 1334 1337 -1
0.1 646 647 -1
0.1 648 649 -1
0.1 1339 1340 -1
0.1 650 651 -1
0.1 1342 652 -1
0.1 653 654 -1
0.1 1343 1344 -1
0.1 1341 1345 -1
0.1 1346 655 -1
0.1 657 658 -1
0.1 656 1348 -1
0.1 1347 1349 -1
0.1 662 663 -1
0.1 1351 664 -1
0.1 661 1352 -1
0.1 660 1353 -1
0.1 659 1354 -1
0.1 665 666 -1
0.1 669 670 -1
0.1 671 672 -1
0.1 673 674 -1
0.1 1358 1359 -1
0.1 1357 1360 -1
0.1 668 1361 -1
0.1 667 1362 -1
0.1 1356 1363 -1
0.1 677 678 -1
0.1 679 680 -1
0.1 1365 1366 -1
0.1 676 1367 -1
0.1 675 1368 -1
0.1 682 683 -1
0.1 681 1370 -1
0.1 684 685 -1
0.1 1371 1372 -1
0.1 686 687 -1
0.1 1374 688 -1
0.1 689 690 -1
0.1 1375 1376 -1
0.1 1373 1377 -1
0.1 1369 1378 -1
0.1 1364 1379 -1
0.1 692 693 -1
0.1 1381 694 -1
0.1 691 1382 -1
0.1 1380 1383 -1
0.1 1355 1384 -1
0.1 695 696 -1
0.1 1386 697 -1
0.1 1387 698 -1
0.1 1385 1388 -1
0.1 699 700 -1
0.1 1389 1390 -1
0.1 1350 1391 -1
0.1 1338 1392 -1
0.1 1324 1393 -1
0.1 1235 1394 -1
0.1 1226 1395 -1
0.1 1219 1396 -1
0.1 1218 1397 -1
0.1 1069 1398 -1
