1 0 0 1
1 0 0 1
1 0 0 1
1 0 0 1
1 0 0 1
1 0 0 1
1 0 0 1
1 0 0 1
1 0 0 1
1 0 0 1
1 0 0 2
1 0 0 2
1 0 0 2
1 0 0 2
1 0 0 2
1 0 0 2
1 0 0 2
1 0 0 2
1 0 0 2
1 0 0 2
1 0 0 3
1 0 0 3
1 0 0 3
1 0 0 3
1 0 0 3
1 0 0 3
1 0 0 3
1 0 0 3
1 0 0 3
1 0 0 3
1 0 0 4
1 0 0 4
1 0 0 4
1 0 0 4
1 0 0 4
1 0 0 4
1 0 0 4
1 0 0 4
1 0 0 4
1 0 0 4
1 0 0 5
1 0 0 5
1 0 0 5
1 0 0 5
1 0 0 5
1 0 0 5
1 0 0 5
1 0 0 5
1 0 0 5
1 0 0 5
1 0 0 6
1 0 0 6
1 0 0 6
1 0 0 6
1 0 0 6
1 0 0 6
1 0 0 6
1 0 0 6
1 0 0 6
1 0 0 6
1 0 0 7
1 0 0 8
1 0 0 8
1 0 0 8
1 0 0 8
1 0 0 8
1 0 0 8
1 0 0 8
1 0 0 8
1 0 0 8
1 0 0 8
1 0 0 7
1 0 0 7
1 0 0 9
1 0 0 9
1 0 0 9
1 0 0 9
1 0 0 9
1 0 0 10
1 0 0 10
1 0 0 10
1 0 0 10
1 0 0 10
1 0 0 10
1 0 0 10
1 0 0 10
1 0 0 11
1 0 0 11
1 0 0 11
1 0 0 11
1 0 0 11
1 0 0 11
1 0 0 11
1 0 0 11
1 0 0 11
1 0 0 11
1 0 0 9
1 0 0 12
1 0 0 12
1 0 0 12
1 0 0 12
1 0 0 12
1 0 0 12
1 0 0 12
1 0 0 12
1 0 0 12
1 0 0 12
1 0 0 9
1 0 0 9
1 0 0 9
1 0 0 9
1 0 0 10
1 0 0 10
1 0 0 13
1 0 0 13
1 0 0 14
1 0 0 14
1 0 0 14
1 0 0 14
1 0 0 14
1 0 0 14
1 0 0 14
1 0 0 14
1 0 0 14
1 0 0 14
1 0 0 13
1 0 0 13
1 0 0 13
1 0 0 13
1 0 0 13
1 0 0 13
1 0 0 13
1 0 0 13
1 0 0 15
1 0 0 15
1 0 0 15
1 0 0 15
1 0 0 15
1 0 0 15
1 0 0 15
1 0 0 15
1 0 0 15
1 0 0 15
1 0 0 16
1 0 0 16
1 0 0 16
1 0 0 17
1 0 0 17
1 0 0 17
1 0 0 17
1 0 0 17
1 0 0 17
1 0 0 17
1 0 0 17
1 0 0 17
1 0 0 17
1 0 0 18
1 0 0 18
1 0 0 18
1 0 0 18
1 0 0 18
1 0 0 18
1 0 0 18
1 0 0 18
1 0 0 18
1 0 0 18
1 0 0 16
1 0 0 16
1 0 0 16
1 0 0 16
1 0 0 16
1 0 0 16
1 0 0 16
1 0 0 19
1 0 0 19
1 0 0 19
1 0 0 19
1 0 0 19
1 0 0 19
1 0 0 19
1 0 0 19
1 0 0 19
1 0 0 19
1 0 0 20
1 0 0 20
1 0 0 20
1 0 0 20
1 0 0 20
1 0 0 20
1 0 0 20
1 0 0 20
1 0 0 20
1 0 0 20
1 0 0 21
1 0 0 21
1 0 0 21
1 0 0 21
1 0 0 21
1 0 0 21
1 0 0 21
1 0 0 21
1 0 0 21
1 0 0 22
1 0 0 22
1 0 0 22
1 0 0 22
1 0 0 22
1 0 0 22
1 0 0 22
1 0 0 22
1 0 0 22
1 0 0 22
1 0 0 21
1 0 0 7
1 0 0 23
1 0 0 23
1 0 0 23
1 0 0 23
1 0 0 23
1 0 0 23
1 0 0 23
1 0 0 23
1 0 0 23
1 0 0 24
1 0 0 24
1 0 0 24
1 0 0 24
1 0 0 24
1 0 0 24
1 0 0 24
1 0 0 24
1 0 0 24
1 0 0 24
1 0 0 23
1 0 0 25
1 0 0 25
1 0 0 25
1 0 0 25
1 0 0 25
1 0 0 25
1 0 0 25
1 0 0 25
1 0 0 25
1 0 0 25
1 0 0 26
1 0 0 26
1 0 0 26
1 0 0 26
1 0 0 26
1 0 0 27
1 0 0 27
1 0 0 27
1 0 0 27
1 0 0 27
1 0 0 27
1 0 0 27
1 0 0 27
1 0 0 27
1 0 0 27
1 0 0 28
1 0 0 28
1 0 0 28
1 0 0 28
1 0 0 28
1 0 0 28
1 0 0 28
1 0 0 28
1 0 0 28
1 0 0 28
1 0 0 26
1 0 0 26
1 0 0 26
1 0 0 26
1 0 0 26
1 0 0 7
1 0 0 7
1 0 0 7
1 0 0 29
1 0 0 29
1 0 0 29
1 0 0 29
1 0 0 29
1 0 0 29
1 0 0 29
1 0 0 29
1 0 0 29
1 0 0 29
1 0 0 7
1 0 0 7
1 0 0 7
1 0 0 30
1 0 0 30
1 0 0 30
1 0 0 30
1 0 0 30
1 0 0 30
1 0 0 30
1 0 0 30
1 0 0 30
1 0 0 30
1 0 0 31
1 0 0 31
1 0 0 31
1 0 0 31
1 0 0 31
1 0 0 31
1 0 0 31
1 0 0 31
1 0 0 31
1 0 0 31
0.1 3 4 -1
0.1 311 5 -1
0.1 2 312 -1
0.1 7 8 -1
0.1 6 314 -1
0.1 9 10 -1
0.1 315 316 -1
0.1 313 317 -1
0.1 1 318 -1
0.1 13 14 -1
0.1 12 320 -1
0.1 18 19 -1
0.1 17 322 -1
0.1 16 323 -1
0.1 324 20 -1
0.1 15 325 -1
0.1 321 326 -1
0.1 11 327 -1
0.1 22 23 -1
0.1 24 25 -1
0.1 329 330 -1
0.1 21 331 -1
0.1 26 27 -1
0.1 332 333 -1
0.1 29 30 -1
0.1 28 335 -1
0.1 35 36 -1
0.1 34 337 -1
0.1 338 37 -1
0.1 33 339 -1
0.1 32 340 -1
0.1 38 39 -1
0.1 342 40 -1
0.1 341 343 -1
0.1 31 344 -1
0.1 336 345 -1
0.1 334 346 -1
0.1 45 46 -1
0.1 44 348 -1
0.1 43 349 -1
0.1 48 49 -1
0.1 351 50 -1
0.1 47 352 -1
0.1 350 353 -1
0.1 42 354 -1
0.1 41 355 -1
0.1 347 356 -1
0.1 328 357 -1
0.1 319 358 -1
0.1 52 53 -1
0.1 51 360 -1
0.1 361 54 -1
0.1 56 57 -1
0.1 59 60 -1
0.1 58 364 -1
0.1 363 365 -1
0.1 55 366 -1
0.1 362 367 -1
0.1 62 63 -1
0.1 64 65 -1
0.1 67 68 -1
0.1 371 69 -1
0.1 66 372 -1
0.1 373 70 -1
0.1 370 374 -1
0.1 375 71 -1
0.1 369 376 -1
0.1 72 73 -1
0.1 377 378 -1
0.1 61 379 -1
0.1 74 75 -1
0.1 76 77 -1
0.1 381 382 -1
0.1 383 78 -1
0.1 80 81 -1
0.1 79 385 -1
0.1 83 84 -1
0.1 387 85 -1
0.1 388 86 -1
0.1 82 389 -1
0.1 386 390 -1
0.1 87 88 -1
0.1 90 91 -1
0.1 89 393 -1
0.1 394 92 -1
0.1 392 395 -1
0.1 93 94 -1
0.1 396 397 -1
0.1 95 96 -1
0.1 398 399 -1
0.1 101 102 -1
0.1 100 401 -1
0.1 99 402 -1
0.1 104 105 -1
0.1 106 107 -1
0.1 404 405 -1
0.1 103 406 -1
0.1 403 407 -1
0.1 98 408 -1
0.1 97 409 -1
0.1 108 109 -1
0.1 110 111 -1
0.1 411 412 -1
0.1 410 413 -1
0.1 400 414 -1
0.1 112 113 -1
0.1 415 416 -1
0.1 391 417 -1
0.1 384 418 -1
0.1 380 419 -1
0.1 368 420 -1
0.1 118 119 -1
0.1 422 120 -1
0.1 117 423 -1
0.1 424 121 -1
0.1 116 425 -1
0.1 124 125 -1
0.1 123 427 -1
0.1 122 428 -1
0.1 426 429 -1
0.1 115 430 -1
0.1 126 127 -1
0.1 432 128 -1
0.1 132 133 -1
0.1 131 434 -1
0.1 130 435 -1
0.1 129 436 -1
0.1 433 437 -1
0.1 431 438 -1
0.1 114 439 -1
0.1 421 440 -1
0.1 136 137 -1
0.1 135 442 -1
0.1 140 141 -1
0.1 139 444 -1
0.1 138 445 -1
0.1 142 143 -1
0.1 446 447 -1
0.1 443 448 -1
0.1 134 449 -1
0.1 441 450 -1
0.1 359 451 -1
0.1 148 149 -1
0.1 147 453 -1
0.1 150 151 -1
0.1 153 154 -1
0.1 152 456 -1
0.1 155 156 -1
0.1 457 458 -1
0.1 455 459 -1
0.1 454 460 -1
0.1 157 158 -1
0.1 462 159 -1
0.1 162 163 -1
0.1 161 464 -1
0.1 160 465 -1
0.1 164 165 -1
0.1 466 467 -1
0.1 463 468 -1
0.1 461 469 -1
0.1 470 166 -1
0.1 146 471 -1
0.1 472 167 -1
0.1 168 169 -1
0.1 170 171 -1
0.1 475 172 -1
0.1 474 476 -1
0.1 477 173 -1
0.1 473 478 -1
0.1 175 176 -1
0.1 480 177 -1
0.1 179 180 -1
0.1 181 182 -1
0.1 483 183 -1
0.1 482 484 -1
0.1 178 485 -1
0.1 481 486 -1
0.1 174 487 -1
0.1 479 488 -1
0.1 145 489 -1
0.1 185 186 -1
0.1 184 491 -1
0.1 188 189 -1
0.1 190 191 -1
0.1 493 494 -1
0.1 187 495 -1
0.1 492 496 -1
0.1 490 497 -1
0.1 192 193 -1
0.1 498 499 -1
0.1 144 500 -1
0.1 195 196 -1
0.1 197 198 -1
0.1 502 503 -1
0.1 194 504 -1
0.1 200 201 -1
0.1 506 202 -1
0.1 199 507 -1
0.1 205 206 -1
0.1 207 208 -1
0.1 509 510 -1
0.1 209 210 -1
0.1 511 512 -1
0.1 204 513 -1
0.1 203 514 -1
0.1 211 212 -1
0.1 515 516 -1
0.1 517 213 -1
0.1 508 518 -1
0.1 505 519 -1
0.1 217 218 -1
0.1 216 521 -1
0.1 219 220 -1
0.1 221 222 -1
0.1 225 226 -1
0.1 525 227 -1
0.1 228 229 -1
0.1 527 230 -1
0.1 526 528 -1
0.1 232 233 -1
0.1 231 530 -1
0.1 529 531 -1
0.1 224 532 -1
0.1 533 234 -1
0.1 223 534 -1
0.1 524 535 -1
0.1 523 536 -1
0.1 522 537 -1
0.1 215 538 -1
0.1 214 539 -1
0.1 235 236 -1
0.1 237 238 -1
0.1 542 239 -1
0.1 541 543 -1
0.1 240 241 -1
0.1 243 244 -1
0.1 242 546 -1
0.1 545 547 -1
0.1 245 246 -1
0.1 248 249 -1
0.1 247 550 -1
0.1 549 551 -1
0.1 252 253 -1
0.1 553 254 -1
0.1 554 255 -1
0.1 256 257 -1
0.1 556 258 -1
0.1 555 557 -1
0.1 261 262 -1
0.1 264 265 -1
0.1 263 560 -1
0.1 266 267 -1
0.1 562 268 -1
0.1 561 563 -1
0.1 564 269 -1
0.1 559 565 -1
0.1 260 566 -1
0.1 259 567 -1
0.1 558 568 -1
0.1 251 569 -1
0.1 250 570 -1
0.1 552 571 -1
0.1 270 271 -1
0.1 272 273 -1
0.1 574 274 -1
0.1 573 575 -1
0.1 572 576 -1
0.1 548 577 -1
0.1 544 578 -1
0.1 275 276 -1
0.1 579 580 -1
0.1 280 281 -1
0.1 279 582 -1
0.1 278 583 -1
0.1 282 283 -1
0.1 585 284 -1
0.1 285 286 -1
0.1 587 287 -1
0.1 586 588 -1
0.1 584 589 -1
0.1 277 590 -1
0.1 581 591 -1
0.1 540 592 -1
0.1 593 288 -1
0.1 289 290 -1
0.1 293 294 -1
0.1 292 596 -1
0.1 295 296 -1
0.1 598 297 -1
0.1 298 299 -1
0.1 599 600 -1
0.1 597 601 -1
0.1 291 602 -1
0.1 603 300 -1
0.1 595 604 -1
0.1 594 605 -1
0.1 305 306 -1
0.1 304 607 -1
0.1 303 608 -1
0.1 302 609 -1
0.1 301 610 -1
0.1 309 310 -1
0.1 308 612 -1
0.1 307 613 -1
0.1 611 614 -1
0.1 606 615 -1
0.1 520 616 -1
0.1 501 617 -1
0.1 452 618 -1
