1 0 0 1
1 0 0 2
1 0 0 2
1 0 0 2
1 0 0 2
1 0 0 2
1 0 0 2
1 0 0 2
1 0 0 2
1 0 0 2
1 0 0 2
1 0 0 3
1 0 0 3
1 0 0 3
1 0 0 3
1 0 0 3
1 0 0 3
1 0 0 3
1 0 0 3
1 0 0 3
1 0 0 3
1 0 0 4
1 0 0 4
1 0 0 4
1 0 0 4
1 0 0 4
1 0 0 4
1 0 0 4
1 0 0 4
1 0 0 4
1 0 0 4
1 0 0 1
1 0 0 1
1 0 0 1
1 0 0 1
1 0 0 5
1 0 0 6
1 0 0 6
1 0 0 6
1 0 0 6
1 0 0 6
1 0 0 6
1 0 0 6
1 0 0 6
1 0 0 6
1 0 0 6
1 0 0 7
1 0 0 7
1 0 0 7
1 0 0 7
1 0 0 7
1 0 0 7
1 0 0 7
1 0 0 7
1 0 0 7
1 0 0 7
1 0 0 8
1 0 0 8
1 0 0 8
1 0 0 8
1 0 0 8
1 0 0 8
1 0 0 8
1 0 0 8
1 0 0 8
1 0 0 8
1 0 0 9
1 0 0 9
1 0 0 9
1 0 0 9
1 0 0 9
1 0 0 9
1 0 0 9
1 0 0 9
1 0 0 9
1 0 0 9
1 0 0 10
1 0 0 10
1 0 0 10
1 0 0 10
1 0 0 10
1 0 0 10
1 0 0 10
1 0 0 10
1 0 0 10
1 0 0 10
1 0 0 5
1 0 0 5
1 0 0 5
1 0 0 5
1 0 0 5
1 0 0 5
1 0 0 5
1 0 0 5
1 0 0 5
1 0 0 1
1 0 0 1
1 0 0 1
1 0 0 1
1 0 0 1
0.1 8 9 -1
0.1 7 101 -1
0.1 6 102 -1
0.1 5 103 -1
0.1 4 104 -1
0.1 105 10 -1
0.1 106 11 -1
0.1 3 107 -1
0.1 2 108 -1
0.1 12 13 -1
0.1 14 15 -1
0.1 110 111 -1
0.1 17 18 -1
0.1 19 20 -1
0.1 113 114 -1
0.1 16 115 -1
0.1 112 116 -1
0.1 117 21 -1
0.1 109 118 -1
0.1 22 23 -1
0.1 120 24 -1
0.1 121 25 -1
0.1 26 27 -1
0.1 122 123 -1
0.1 124 28 -1
0.1 30 31 -1
0.1 29 126 -1
0.1 125 127 -1
0.1 33 34 -1
0.1 32 129 -1
0.1 128 130 -1
0.1 119 131 -1
0.1 1 132 -1
0.1 40 41 -1
0.1 39 134 -1
0.1 38 135 -1
0.1 37 136 -1
0.1 42 43 -1
0.1 45 46 -1
0.1 44 139 -1
0.1 138 140 -1
0.1 137 141 -1
0.1 47 48 -1
0.1 143 49 -1
0.1 50 51 -1
0.1 52 53 -1
0.1 55 56 -1
0.1 54 147 -1
0.1 146 148 -1
0.1 145 149 -1
0.1 58 59 -1
0.1 151 60 -1
0.1 61 62 -1
0.1 65 66 -1
0.1 64 154 -1
0.1 63 155 -1
0.1 153 156 -1
0.1 152 157 -1
0.1 67 68 -1
0.1 69 70 -1
0.1 160 71 -1
0.1 72 73 -1
0.1 161 162 -1
0.1 159 163 -1
0.1 75 76 -1
0.1 74 165 -1
0.1 164 166 -1
0.1 158 167 -1
0.1 57 168 -1
0.1 150 169 -1
0.1 144 170 -1
0.1 79 80 -1
0.1 81 82 -1
0.1 172 173 -1
0.1 78 174 -1
0.1 175 83 -1
0.1 176 84 -1
0.1 77 177 -1
0.1 85 86 -1
0.1 178 179 -1
0.1 171 180 -1
0.1 87 88 -1
0.1 181 182 -1
0.1 142 183 -1
0.1 36 184 -1
0.1 89 90 -1
0.1 185 186 -1
0.1 92 93 -1
0.1 91 188 -1
0.1 94 95 -1
0.1 189 190 -1
0.1 187 191 -1
0.1 96 97 -1
0.1 192 193 -1
0.1 35 194 -1
0.1 98 99 -1
0.1 196 100 -1
0.1 195 197 -1
0.1 133 198 -1
