1 0 0 1
1 0 0 2
1 0 0 2
1 0 0 3
1 0 0 4
1 0 0 3
1 0 0 3
1 0 0 3
1 0 0 3
1 0 0 3
1 0 0 3
1 0 0 3
1 0 0 3
1 0 0 3
1 0 0 5
1 0 0 5
1 0 0 5
1 0 0 5
1 0 0 5
1 0 0 5
1 0 0 5
1 0 0 5
1 0 0 5
1 0 0 5
1 0 0 6
1 0 0 2
1 0 0 2
1 0 0 7
1 0 0 7
1 0 0 7
1 0 0 7
1 0 0 7
1 0 0 6
1 0 0 6
1 0 0 8
1 0 0 8
1 0 0 8
1 0 0 9
1 0 0 9
1 0 0 9
1 0 0 9
1 0 0 9
1 0 0 9
1 0 0 9
1 0 0 9
1 0 0 9
1 0 0 9
1 0 0 8
1 0 0 8
1 0 0 8
1 0 0 8
1 0 0 8
1 0 0 8
1 0 0 8
1 0 0 10
1 0 0 10
1 0 0 11
1 0 0 10
1 0 0 10
1 0 0 10
1 0 0 10
1 0 0 10
1 0 0 10
1 0 0 10
1 0 0 11
1 0 0 11
1 0 0 11
1 0 0 11
1 0 0 11
1 0 0 11
1 0 0 12
1 0 0 11
1 0 0 11
1 0 0 11
1 0 0 10
1 0 0 13
1 0 0 13
1 0 0 13
1 0 0 13
1 0 0 13
1 0 0 13
1 0 0 13
1 0 0 13
1 0 0 13
1 0 0 13
1 0 0 14
1 0 0 14
1 0 0 14
1 0 0 14
1 0 0 14
1 0 0 14
1 0 0 14
1 0 0 14
1 0 0 14
1 0 0 14
1 0 0 15
1 0 0 15
1 0 0 15
1 0 0 15
1 0 0 15
1 0 0 15
1 0 0 15
1 0 0 15
1 0 0 16
1 0 0 16
1 0 0 16
1 0 0 15
1 0 0 16
1 0 0 16
1 0 0 16
1 0 0 16
1 0 0 16
1 0 0 16
1 0 0 16
1 0 0 17
1 0 0 17
1 0 0 17
1 0 0 17
1 0 0 15
1 0 0 17
1 0 0 17
1 0 0 17
1 0 0 17
1 0 0 17
1 0 0 17
1 0 0 6
1 0 0 18
1 0 0 18
1 0 0 18
1 0 0 18
1 0 0 18
1 0 0 18
1 0 0 18
1 0 0 18
1 0 0 6
1 0 0 2
1 0 0 2
1 0 0 2
1 0 0 2
1 0 0 2
1 0 0 19
1 0 0 19
1 0 0 2
1 0 0 12
1 0 0 12
1 0 0 7
1 0 0 7
1 0 0 7
1 0 0 7
1 0 0 12
1 0 0 12
1 0 0 12
1 0 0 12
1 0 0 12
1 0 0 12
1 0 0 12
1 0 0 4
1 0 0 4
1 0 0 4
1 0 0 20
1 0 0 1
1 0 0 1
1 0 0 1
1 0 0 1
1 0 0 4
1 0 0 4
1 0 0 4
1 0 0 7
1 0 0 6
1 0 0 21
1 0 0 21
1 0 0 21
1 0 0 21
1 0 0 21
1 0 0 21
1 0 0 21
1 0 0 21
1 0 0 21
1 0 0 21
1 0 0 22
1 0 0 22
1 0 0 22
1 0 0 22
1 0 0 22
1 0 0 22
1 0 0 22
1 0 0 22
1 0 0 6
1 0 0 23
1 0 0 23
1 0 0 23
1 0 0 23
1 0 0 23
1 0 0 23
1 0 0 23
1 0 0 23
1 0 0 23
1 0 0 23
1 0 0 22
1 0 0 6
1 0 0 22
1 0 0 6
1 0 0 6
1 0 0 24
1 0 0 25
1 0 0 25
1 0 0 26
1 0 0 26
1 0 0 26
1 0 0 25
1 0 0 26
1 0 0 26
1 0 0 26
1 0 0 26
1 0 0 26
1 0 0 1
1 0 0 1
1 0 0 1
1 0 0 1
1 0 0 26
1 0 0 26
1 0 0 25
1 0 0 25
1 0 0 27
1 0 0 27
1 0 0 27
1 0 0 27
1 0 0 27
1 0 0 27
1 0 0 27
1 0 0 27
1 0 0 27
1 0 0 27
1 0 0 25
1 0 0 28
1 0 0 28
1 0 0 28
1 0 0 28
1 0 0 28
1 0 0 28
1 0 0 28
1 0 0 28
1 0 0 28
1 0 0 28
1 0 0 25
1 0 0 24
1 0 0 24
1 0 0 25
1 0 0 24
1 0 0 24
1 0 0 24
1 0 0 24
1 0 0 24
1 0 0 25
1 0 0 25
1 0 0 24
1 0 0 24
1 0 0 4
1 0 0 4
1 0 0 4
1 0 0 19
1 0 0 18
1 0 0 18
1 0 0 1
1 0 0 29
1 0 0 29
1 0 0 29
1 0 0 29
1 0 0 29
1 0 0 29
1 0 0 29
1 0 0 29
1 0 0 29
1 0 0 29
1 0 0 19
1 0 0 19
1 0 0 19
1 0 0 19
1 0 0 19
1 0 0 19
1 0 0 19
1 0 0 20
1 0 0 20
1 0 0 20
1 0 0 20
1 0 0 20
1 0 0 20
1 0 0 20
1 0 0 20
1 0 0 20
0.1 2 3 -1
0.1 6 7 -1
0.1 292 8 -1
0.1 5 293 -1
0.1 4 294 -1
0.1 11 12 -1
0.1 10 296 -1
0.1 9 297 -1
0.1 13 14 -1
0.1 298 299 -1
0.1 295 300 -1
0.1 15 16 -1
0.1 17 18 -1
0.1 19 20 -1
0.1 21 22 -1
0.1 304 305 -1
0.1 303 306 -1
0.1 23 24 -1
0.1 307 308 -1
0.1 302 309 -1
0.1 310 25 -1
0.1 301 311 -1
0.1 312 26 -1
0.1 291 313 -1
0.1 1 314 -1
0.1 29 30 -1
0.1 28 316 -1
0.1 31 32 -1
0.1 317 318 -1
0.1 33 34 -1
0.1 319 320 -1
0.1 36 37 -1
0.1 38 39 -1
0.1 40 41 -1
0.1 323 324 -1
0.1 43 44 -1
0.1 42 326 -1
0.1 45 46 -1
0.1 327 328 -1
0.1 329 47 -1
0.1 325 330 -1
0.1 331 48 -1
0.1 322 332 -1
0.1 35 333 -1
0.1 334 49 -1
0.1 50 51 -1
0.1 52 53 -1
0.1 337 54 -1
0.1 336 338 -1
0.1 55 56 -1
0.1 57 58 -1
0.1 60 61 -1
0.1 59 342 -1
0.1 63 64 -1
0.1 62 344 -1
0.1 343 345 -1
0.1 341 346 -1
0.1 340 347 -1
0.1 67 68 -1
0.1 349 69 -1
0.1 71 72 -1
0.1 70 351 -1
0.1 350 352 -1
0.1 66 353 -1
0.1 65 354 -1
0.1 73 74 -1
0.1 355 356 -1
0.1 348 357 -1
0.1 358 75 -1
0.1 339 359 -1
0.1 335 360 -1
0.1 76 77 -1
0.1 78 79 -1
0.1 363 80 -1
0.1 81 82 -1
0.1 365 83 -1
0.1 364 366 -1
0.1 84 85 -1
0.1 367 368 -1
0.1 362 369 -1
0.1 86 87 -1
0.1 88 89 -1
0.1 92 93 -1
0.1 94 95 -1
0.1 373 374 -1
0.1 91 375 -1
0.1 90 376 -1
0.1 372 377 -1
0.1 371 378 -1
0.1 101 102 -1
0.1 100 380 -1
0.1 99 381 -1
0.1 98 382 -1
0.1 97 383 -1
0.1 108 109 -1
0.1 110 111 -1
0.1 385 386 -1
0.1 113 114 -1
0.1 112 388 -1
0.1 387 389 -1
0.1 115 116 -1
0.1 117 118 -1
0.1 391 392 -1
0.1 390 393 -1
0.1 107 394 -1
0.1 106 395 -1
0.1 105 396 -1
0.1 104 397 -1
0.1 120 121 -1
0.1 124 125 -1
0.1 123 400 -1
0.1 122 401 -1
0.1 399 402 -1
0.1 119 403 -1
0.1 398 404 -1
0.1 103 405 -1
0.1 384 406 -1
0.1 96 407 -1
0.1 379 408 -1
0.1 370 409 -1
0.1 127 128 -1
0.1 411 129 -1
0.1 131 132 -1
0.1 130 413 -1
0.1 133 134 -1
0.1 414 415 -1
0.1 412 416 -1
0.1 126 417 -1
0.1 410 418 -1
0.1 419 135 -1
0.1 361 420 -1
0.1 321 421 -1
0.1 27 422 -1
0.1 315 423 -1
0.1 136 137 -1
0.1 425 138 -1
0.1 139 140 -1
0.1 141 142 -1
0.1 144 145 -1
0.1 147 148 -1
0.1 146 430 -1
0.1 431 149 -1
0.1 429 432 -1
0.1 152 153 -1
0.1 151 434 -1
0.1 435 154 -1
0.1 155 156 -1
0.1 436 437 -1
0.1 150 438 -1
0.1 157 158 -1
0.1 440 159 -1
0.1 163 164 -1
0.1 162 442 -1
0.1 161 443 -1
0.1 160 444 -1
0.1 441 445 -1
0.1 166 167 -1
0.1 165 447 -1
0.1 446 448 -1
0.1 439 449 -1
0.1 433 450 -1
0.1 143 451 -1
0.1 428 452 -1
0.1 427 453 -1
0.1 426 454 -1
0.1 168 169 -1
0.1 170 171 -1
0.1 173 174 -1
0.1 175 176 -1
0.1 458 459 -1
0.1 172 460 -1
0.1 177 178 -1
0.1 462 179 -1
0.1 461 463 -1
0.1 457 464 -1
0.1 456 465 -1
0.1 183 184 -1
0.1 182 467 -1
0.1 181 468 -1
0.1 469 185 -1
0.1 470 186 -1
0.1 471 187 -1
0.1 180 472 -1
0.1 189 190 -1
0.1 191 192 -1
0.1 194 195 -1
0.1 193 476 -1
0.1 475 477 -1
0.1 474 478 -1
0.1 196 197 -1
0.1 479 480 -1
0.1 188 481 -1
0.1 198 199 -1
0.1 482 483 -1
0.1 200 201 -1
0.1 484 485 -1
0.1 473 486 -1
0.1 202 203 -1
0.1 487 488 -1
0.1 466 489 -1
0.1 205 206 -1
0.1 204 491 -1
0.1 210 211 -1
0.1 213 214 -1
0.1 212 494 -1
0.1 218 219 -1
0.1 217 496 -1
0.1 216 497 -1
0.1 498 220 -1
0.1 499 221 -1
0.1 215 500 -1
0.1 495 501 -1
0.1 493 502 -1
0.1 209 503 -1
0.1 208 504 -1
0.1 207 505 -1
0.1 225 226 -1
0.1 228 229 -1
0.1 227 508 -1
0.1 230 231 -1
0.1 510 232 -1
0.1 509 511 -1
0.1 507 512 -1
0.1 513 233 -1
0.1 224 514 -1
0.1 515 234 -1
0.1 236 237 -1
0.1 238 239 -1
0.1 242 243 -1
0.1 241 519 -1
0.1 240 520 -1
0.1 518 521 -1
0.1 522 244 -1
0.1 517 523 -1
0.1 235 524 -1
0.1 516 525 -1
0.1 526 245 -1
0.1 223 527 -1
0.1 222 528 -1
0.1 506 529 -1
0.1 492 530 -1
0.1 246 247 -1
0.1 531 532 -1
0.1 249 250 -1
0.1 248 534 -1
0.1 251 252 -1
0.1 535 536 -1
0.1 533 537 -1
0.1 254 255 -1
0.1 539 256 -1
0.1 253 540 -1
0.1 541 257 -1
0.1 538 542 -1
0.1 490 543 -1
0.1 259 260 -1
0.1 258 545 -1
0.1 262 263 -1
0.1 261 547 -1
0.1 546 548 -1
0.1 265 266 -1
0.1 550 267 -1
0.1 268 269 -1
0.1 551 552 -1
0.1 553 270 -1
0.1 273 274 -1
0.1 272 555 -1
0.1 271 556 -1
0.1 554 557 -1
0.1 264 558 -1
0.1 276 277 -1
0.1 275 560 -1
0.1 279 280 -1
0.1 278 562 -1
0.1 561 563 -1
0.1 564 281 -1
0.1 559 565 -1
0.1 549 566 -1
0.1 544 567 -1
0.1 284 285 -1
0.1 569 286 -1
0.1 283 570 -1
0.1 287 288 -1
0.1 289 290 -1
0.1 572 573 -1
0.1 571 574 -1
0.1 282 575 -1
0.1 568 576 -1
0.1 455 577 -1
0.1 424 578 -1
