1 0 0 1
1 0 0 1
1 0 0 1
1 0 0 1
1 0 0 2
1 0 0 2
1 0 0 2
1 0 0 2
1 0 0 2
1 0 0 2
1 0 0 2
1 0 0 2
1 0 0 2
1 0 0 3
1 0 0 3
1 0 0 3
1 0 0 3
1 0 0 3
1 0 0 3
1 0 0 3
1 0 0 3
1 0 0 3
1 0 0 3
1 0 0 2
1 0 0 1
1 0 0 1
1 0 0 1
1 0 0 1
1 0 0 1
1 0 0 1
1 0 0 4
1 0 0 5
1 0 0 5
1 0 0 5
1 0 0 5
1 0 0 5
1 0 0 5
1 0 0 5
1 0 0 5
1 0 0 5
1 0 0 5
1 0 0 6
1 0 0 6
1 0 0 6
1 0 0 4
1 0 0 7
1 0 0 7
1 0 0 7
1 0 0 7
1 0 0 7
1 0 0 7
1 0 0 7
1 0 0 7
1 0 0 7
1 0 0 7
1 0 0 4
1 0 0 4
1 0 0 8
1 0 0 8
1 0 0 8
1 0 0 8
1 0 0 8
1 0 0 8
1 0 0 8
1 0 0 8
1 0 0 8
1 0 0 8
1 0 0 9
1 0 0 9
1 0 0 9
1 0 0 9
1 0 0 9
1 0 0 9
1 0 0 10
1 0 0 10
1 0 0 11
1 0 0 10
1 0 0 12
1 0 0 13
1 0 0 13
1 0 0 13
1 0 0 9
1 0 0 9
1 0 0 14
1 0 0 14
1 0 0 14
1 0 0 14
1 0 0 14
1 0 0 14
1 0 0 14
1 0 0 14
1 0 0 14
1 0 0 14
1 0 0 13
1 0 0 13
1 0 0 13
1 0 0 13
1 0 0 13
1 0 0 13
1 0 0 13
1 0 0 9
1 0 0 9
1 0 0 15
1 0 0 15
1 0 0 15
1 0 0 15
1 0 0 15
1 0 0 15
1 0 0 15
1 0 0 15
1 0 0 15
1 0 0 15
1 0 0 11
1 0 0 11
1 0 0 16
1 0 0 6
1 0 0 6
1 0 0 6
1 0 0 6
1 0 0 11
1 0 0 11
1 0 0 11
1 0 0 11
1 0 0 11
1 0 0 11
1 0 0 6
1 0 0 6
1 0 0 6
1 0 0 10
1 0 0 10
1 0 0 16
1 0 0 16
1 0 0 16
1 0 0 16
1 0 0 16
1 0 0 16
1 0 0 16
1 0 0 16
1 0 0 16
1 0 0 12
1 0 0 12
1 0 0 12
1 0 0 12
1 0 0 12
1 0 0 12
1 0 0 10
1 0 0 10
1 0 0 12
1 0 0 12
1 0 0 12
1 0 0 11
1 0 0 10
1 0 0 17
1 0 0 10
1 0 0 4
1 0 0 18
1 0 0 18
1 0 0 18
1 0 0 18
1 0 0 18
1 0 0 18
1 0 0 18
1 0 0 18
1 0 0 18
1 0 0 18
1 0 0 19
1 0 0 19
1 0 0 19
1 0 0 20
1 0 0 20
1 0 0 20
1 0 0 19
1 0 0 19
1 0 0 21
1 0 0 21
1 0 0 21
1 0 0 21
1 0 0 21
1 0 0 21
1 0 0 22
1 0 0 22
1 0 0 22
1 0 0 22
1 0 0 22
1 0 0 22
1 0 0 22
1 0 0 22
1 0 0 22
1 0 0 22
1 0 0 19
1 0 0 23
1 0 0 23
1 0 0 23
1 0 0 23
1 0 0 23
1 0 0 23
1 0 0 23
1 0 0 23
1 0 0 23
1 0 0 23
1 0 0 21
1 0 0 21
1 0 0 21
1 0 0 21
1 0 0 24
1 0 0 24
1 0 0 24
1 0 0 24
1 0 0 24
1 0 0 24
1 0 0 20
1 0 0 20
1 0 0 20
1 0 0 20
1 0 0 20
1 0 0 20
1 0 0 20
1 0 0 19
1 0 0 19
1 0 0 19
1 0 0 19
1 0 0 25
1 0 0 25
1 0 0 25
1 0 0 25
1 0 0 25
1 0 0 25
1 0 0 25
1 0 0 25
1 0 0 25
1 0 0 25
1 0 0 26
1 0 0 27
1 0 0 27
1 0 0 28
1 0 0 28
1 0 0 27
1 0 0 28
1 0 0 27
1 0 0 29
1 0 0 30
1 0 0 30
1 0 0 30
1 0 0 30
1 0 0 30
1 0 0 30
1 0 0 30
1 0 0 30
1 0 0 30
1 0 0 30
1 0 0 31
1 0 0 31
1 0 0 31
1 0 0 29
1 0 0 29
1 0 0 29
1 0 0 29
1 0 0 31
1 0 0 29
1 0 0 31
1 0 0 31
1 0 0 31
1 0 0 31
1 0 0 31
1 0 0 31
1 0 0 32
1 0 0 32
1 0 0 32
1 0 0 33
1 0 0 33
1 0 0 33
1 0 0 33
1 0 0 33
1 0 0 33
1 0 0 33
1 0 0 33
1 0 0 34
1 0 0 34
1 0 0 34
1 0 0 34
1 0 0 34
1 0 0 34
1 0 0 34
1 0 0 28
1 0 0 34
1 0 0 34
1 0 0 34
1 0 0 33
1 0 0 33
1 0 0 32
1 0 0 32
1 0 0 32
1 0 0 32
1 0 0 32
1 0 0 32
1 0 0 28
1 0 0 28
1 0 0 32
1 0 0 29
1 0 0 29
1 0 0 29
1 0 0 29
1 0 0 28
1 0 0 28
1 0 0 27
1 0 0 27
1 0 0 27
1 0 0 27
1 0 0 27
1 0 0 27
1 0 0 28
1 0 0 35
1 0 0 35
1 0 0 35
1 0 0 35
1 0 0 35
1 0 0 35
1 0 0 35
1 0 0 35
1 0 0 35
1 0 0 35
1 0 0 28
1 0 0 26
1 0 0 26
1 0 0 26
1 0 0 26
1 0 0 26
1 0 0 26
1 0 0 26
1 0 0 26
1 0 0 26
1 0 0 36
1 0 0 36
1 0 0 4
1 0 0 36
1 0 0 36
1 0 0 36
1 0 0 36
1 0 0 36
1 0 0 4
1 0 0 37
1 0 0 37
1 0 0 37
1 0 0 37
1 0 0 37
1 0 0 37
1 0 0 37
1 0 0 37
1 0 0 37
1 0 0 38
1 0 0 37
1 0 0 39
1 0 0 39
1 0 0 39
1 0 0 39
1 0 0 39
1 0 0 39
1 0 0 39
1 0 0 39
1 0 0 4
1 0 0 38
1 0 0 38
1 0 0 38
1 0 0 38
1 0 0 39
1 0 0 39
1 0 0 38
1 0 0 40
1 0 0 40
1 0 0 40
1 0 0 40
1 0 0 40
1 0 0 38
1 0 0 38
1 0 0 38
1 0 0 38
1 0 0 40
1 0 0 40
1 0 0 40
1 0 0 40
1 0 0 4
1 0 0 4
1 0 0 40
1 0 0 36
1 0 0 36
1 0 0 36
1 0 0 10
1 0 0 17
1 0 0 17
1 0 0 17
1 0 0 17
1 0 0 41
1 0 0 41
1 0 0 41
1 0 0 42
1 0 0 42
1 0 0 42
1 0 0 42
1 0 0 42
1 0 0 42
1 0 0 42
1 0 0 42
1 0 0 42
1 0 0 42
1 0 0 43
1 0 0 43
1 0 0 43
1 0 0 43
1 0 0 43
1 0 0 43
1 0 0 43
1 0 0 44
1 0 0 44
1 0 0 44
1 0 0 44
1 0 0 44
1 0 0 44
1 0 0 44
1 0 0 44
1 0 0 44
1 0 0 44
1 0 0 43
1 0 0 43
1 0 0 43
1 0 0 45
1 0 0 45
1 0 0 45
1 0 0 45
1 0 0 45
1 0 0 45
1 0 0 45
1 0 0 45
1 0 0 45
1 0 0 45
1 0 0 24
1 0 0 41
1 0 0 46
1 0 0 46
1 0 0 47
1 0 0 47
1 0 0 47
1 0 0 47
1 0 0 47
1 0 0 47
1 0 0 47
1 0 0 47
1 0 0 47
1 0 0 24
1 0 0 48
1 0 0 48
1 0 0 48
1 0 0 48
1 0 0 48
1 0 0 48
1 0 0 48
1 0 0 48
1 0 0 48
1 0 0 48
1 0 0 24
1 0 0 47
1 0 0 46
1 0 0 46
1 0 0 46
1 0 0 46
1 0 0 46
1 0 0 46
1 0 0 46
1 0 0 46
1 0 0 49
1 0 0 49
1 0 0 49
1 0 0 49
1 0 0 49
1 0 0 49
1 0 0 49
1 0 0 49
1 0 0 49
1 0 0 49
1 0 0 41
1 0 0 41
1 0 0 41
1 0 0 41
1 0 0 50
1 0 0 50
1 0 0 50
1 0 0 50
1 0 0 50
1 0 0 41
1 0 0 50
1 0 0 50
1 0 0 41
1 0 0 50
1 0 0 50
1 0 0 50
1 0 0 24
1 0 0 17
1 0 0 17
1 0 0 17
1 0 0 17
1 0 0 17
0.1 2 3 -1
0.1 501 4 -1
0.1 1 502 -1
0.1 5 6 -1
0.1 8 9 -1
0.1 7 505 -1
0.1 506 10 -1
0.1 504 507 -1
0.1 12 13 -1
0.1 11 509 -1
0.1 508 510 -1
0.1 14 15 -1
0.1 16 17 -1
0.1 18 19 -1
0.1 21 22 -1
0.1 515 23 -1
0.1 20 516 -1
0.1 514 517 -1
0.1 513 518 -1
0.1 512 519 -1
0.1 511 520 -1
0.1 27 28 -1
0.1 26 522 -1
0.1 25 523 -1
0.1 524 29 -1
0.1 24 525 -1
0.1 521 526 -1
0.1 503 527 -1
0.1 528 30 -1
0.1 529 31 -1
0.1 32 33 -1
0.1 34 35 -1
0.1 37 38 -1
0.1 533 39 -1
0.1 534 40 -1
0.1 36 535 -1
0.1 532 536 -1
0.1 531 537 -1
0.1 538 41 -1
0.1 530 539 -1
0.1 43 44 -1
0.1 42 541 -1
0.1 47 48 -1
0.1 46 543 -1
0.1 544 49 -1
0.1 50 51 -1
0.1 53 54 -1
0.1 52 547 -1
0.1 546 548 -1
0.1 545 549 -1
0.1 550 55 -1
0.1 551 56 -1
0.1 552 57 -1
0.1 58 59 -1
0.1 60 61 -1
0.1 555 62 -1
0.1 554 556 -1
0.1 63 64 -1
0.1 558 65 -1
0.1 559 66 -1
0.1 560 67 -1
0.1 557 561 -1
0.1 553 562 -1
0.1 45 563 -1
0.1 542 564 -1
0.1 68 69 -1
0.1 71 72 -1
0.1 70 567 -1
0.1 566 568 -1
0.1 569 73 -1
0.1 565 570 -1
0.1 540 571 -1
0.1 74 75 -1
0.1 572 573 -1
0.1 80 81 -1
0.1 79 575 -1
0.1 82 83 -1
0.1 84 85 -1
0.1 88 89 -1
0.1 90 91 -1
0.1 579 580 -1
0.1 87 581 -1
0.1 92 93 -1
0.1 582 583 -1
0.1 86 584 -1
0.1 578 585 -1
0.1 577 586 -1
0.1 97 98 -1
0.1 96 588 -1
0.1 99 100 -1
0.1 589 590 -1
0.1 95 591 -1
0.1 94 592 -1
0.1 587 593 -1
0.1 576 594 -1
0.1 78 595 -1
0.1 106 107 -1
0.1 105 597 -1
0.1 104 598 -1
0.1 599 108 -1
0.1 110 111 -1
0.1 109 601 -1
0.1 600 602 -1
0.1 103 603 -1
0.1 102 604 -1
0.1 605 112 -1
0.1 101 606 -1
0.1 596 607 -1
0.1 113 114 -1
0.1 116 117 -1
0.1 118 119 -1
0.1 610 611 -1
0.1 115 612 -1
0.1 609 613 -1
0.1 122 123 -1
0.1 615 124 -1
0.1 121 616 -1
0.1 617 125 -1
0.1 120 618 -1
0.1 614 619 -1
0.1 608 620 -1
0.1 127 128 -1
0.1 126 622 -1
0.1 621 623 -1
0.1 77 624 -1
0.1 132 133 -1
0.1 626 134 -1
0.1 131 627 -1
0.1 135 136 -1
0.1 629 137 -1
0.1 628 630 -1
0.1 138 139 -1
0.1 631 632 -1
0.1 141 142 -1
0.1 144 145 -1
0.1 143 635 -1
0.1 634 636 -1
0.1 140 637 -1
0.1 633 638 -1
0.1 146 147 -1
0.1 639 640 -1
0.1 130 641 -1
0.1 129 642 -1
0.1 148 149 -1
0.1 644 150 -1
0.1 643 645 -1
0.1 625 646 -1
0.1 76 647 -1
0.1 151 152 -1
0.1 648 649 -1
0.1 574 650 -1
0.1 651 153 -1
0.1 156 157 -1
0.1 158 159 -1
0.1 654 160 -1
0.1 162 163 -1
0.1 656 164 -1
0.1 161 657 -1
0.1 658 165 -1
0.1 655 659 -1
0.1 653 660 -1
0.1 155 661 -1
0.1 167 168 -1
0.1 170 171 -1
0.1 172 173 -1
0.1 177 178 -1
0.1 176 666 -1
0.1 175 667 -1
0.1 174 668 -1
0.1 665 669 -1
0.1 180 181 -1
0.1 182 183 -1
0.1 671 672 -1
0.1 185 186 -1
0.1 674 187 -1
0.1 675 188 -1
0.1 676 189 -1
0.1 184 677 -1
0.1 673 678 -1
0.1 679 190 -1
0.1 193 194 -1
0.1 192 681 -1
0.1 191 682 -1
0.1 196 197 -1
0.1 195 684 -1
0.1 683 685 -1
0.1 198 199 -1
0.1 686 687 -1
0.1 688 200 -1
0.1 680 689 -1
0.1 690 201 -1
0.1 691 202 -1
0.1 205 206 -1
0.1 208 209 -1
0.1 207 694 -1
0.1 695 210 -1
0.1 693 696 -1
0.1 204 697 -1
0.1 203 698 -1
0.1 692 699 -1
0.1 179 700 -1
0.1 670 701 -1
0.1 211 212 -1
0.1 702 703 -1
0.1 214 215 -1
0.1 213 705 -1
0.1 704 706 -1
0.1 707 216 -1
0.1 708 217 -1
0.1 664 709 -1
0.1 169 710 -1
0.1 220 221 -1
0.1 219 712 -1
0.1 218 713 -1
0.1 223 224 -1
0.1 715 225 -1
0.1 222 716 -1
0.1 228 229 -1
0.1 227 718 -1
0.1 230 231 -1
0.1 719 720 -1
0.1 226 721 -1
0.1 717 722 -1
0.1 723 232 -1
0.1 233 234 -1
0.1 235 236 -1
0.1 725 726 -1
0.1 727 237 -1
0.1 238 239 -1
0.1 728 729 -1
0.1 724 730 -1
0.1 242 243 -1
0.1 241 732 -1
0.1 244 245 -1
0.1 734 246 -1
0.1 733 735 -1
0.1 249 250 -1
0.1 248 737 -1
0.1 247 738 -1
0.1 736 739 -1
0.1 252 253 -1
0.1 251 741 -1
0.1 740 742 -1
0.1 255 256 -1
0.1 744 257 -1
0.1 260 261 -1
0.1 259 746 -1
0.1 263 264 -1
0.1 262 748 -1
0.1 747 749 -1
0.1 258 750 -1
0.1 751 265 -1
0.1 745 752 -1
0.1 254 753 -1
0.1 267 268 -1
0.1 266 755 -1
0.1 270 271 -1
0.1 269 757 -1
0.1 758 272 -1
0.1 273 274 -1
0.1 275 276 -1
0.1 760 761 -1
0.1 278 279 -1
0.1 281 282 -1
0.1 280 764 -1
0.1 763 765 -1
0.1 766 283 -1
0.1 767 284 -1
0.1 277 768 -1
0.1 286 287 -1
0.1 285 770 -1
0.1 769 771 -1
0.1 288 289 -1
0.1 772 773 -1
0.1 762 774 -1
0.1 759 775 -1
0.1 776 290 -1
0.1 291 292 -1
0.1 777 778 -1
0.1 293 294 -1
0.1 780 295 -1
0.1 779 781 -1
0.1 756 782 -1
0.1 296 297 -1
0.1 784 298 -1
0.1 783 785 -1
0.1 786 299 -1
0.1 754 787 -1
0.1 301 302 -1
0.1 300 789 -1
0.1 788 790 -1
0.1 743 791 -1
0.1 303 304 -1
0.1 306 307 -1
0.1 308 309 -1
0.1 794 795 -1
0.1 305 796 -1
0.1 797 310 -1
0.1 798 311 -1
0.1 312 313 -1
0.1 314 315 -1
0.1 800 801 -1
0.1 802 316 -1
0.1 317 318 -1
0.1 319 320 -1
0.1 804 805 -1
0.1 803 806 -1
0.1 807 321 -1
0.1 799 808 -1
0.1 793 809 -1
0.1 810 322 -1
0.1 792 811 -1
0.1 240 812 -1
0.1 324 325 -1
0.1 814 326 -1
0.1 327 328 -1
0.1 329 330 -1
0.1 817 331 -1
0.1 816 818 -1
0.1 815 819 -1
0.1 323 820 -1
0.1 813 821 -1
0.1 731 822 -1
0.1 714 823 -1
0.1 711 824 -1
0.1 663 825 -1
0.1 166 826 -1
0.1 334 335 -1
0.1 336 337 -1
0.1 828 829 -1
0.1 338 339 -1
0.1 342 343 -1
0.1 341 832 -1
0.1 346 347 -1
0.1 345 834 -1
0.1 348 349 -1
0.1 835 836 -1
0.1 344 837 -1
0.1 352 353 -1
0.1 351 839 -1
0.1 350 840 -1
0.1 355 356 -1
0.1 358 359 -1
0.1 357 843 -1
0.1 844 360 -1
0.1 842 845 -1
0.1 361 362 -1
0.1 847 363 -1
0.1 365 366 -1
0.1 364 849 -1
0.1 848 850 -1
0.1 368 369 -1
0.1 371 372 -1
0.1 370 853 -1
0.1 852 854 -1
0.1 855 373 -1
0.1 367 856 -1
0.1 374 375 -1
0.1 858 376 -1
0.1 857 859 -1
0.1 851 860 -1
0.1 846 861 -1
0.1 377 378 -1
0.1 379 380 -1
0.1 863 864 -1
0.1 381 382 -1
0.1 865 866 -1
0.1 867 383 -1
0.1 862 868 -1
0.1 354 869 -1
0.1 841 870 -1
0.1 838 871 -1
0.1 833 872 -1
0.1 340 873 -1
0.1 831 874 -1
0.1 385 386 -1
0.1 384 876 -1
0.1 875 877 -1
0.1 830 878 -1
0.1 333 879 -1
0.1 332 880 -1
0.1 827 881 -1
0.1 662 882 -1
0.1 883 387 -1
0.1 154 884 -1
0.1 389 390 -1
0.1 388 886 -1
0.1 392 393 -1
0.1 395 396 -1
0.1 397 398 -1
0.1 889 890 -1
0.1 891 399 -1
0.1 400 401 -1
0.1 402 403 -1
0.1 893 894 -1
0.1 892 895 -1
0.1 896 404 -1
0.1 394 897 -1
0.1 888 898 -1
0.1 407 408 -1
0.1 406 900 -1
0.1 409 410 -1
0.1 901 902 -1
0.1 405 903 -1
0.1 413 414 -1
0.1 416 417 -1
0.1 415 906 -1
0.1 905 907 -1
0.1 908 418 -1
0.1 420 421 -1
0.1 419 910 -1
0.1 909 911 -1
0.1 412 912 -1
0.1 913 422 -1
0.1 914 423 -1
0.1 915 424 -1
0.1 411 916 -1
0.1 904 917 -1
0.1 899 918 -1
0.1 425 426 -1
0.1 920 427 -1
0.1 429 430 -1
0.1 431 432 -1
0.1 433 434 -1
0.1 923 924 -1
0.1 922 925 -1
0.1 428 926 -1
0.1 921 927 -1
0.1 928 435 -1
0.1 439 440 -1
0.1 441 442 -1
0.1 443 444 -1
0.1 931 932 -1
0.1 930 933 -1
0.1 446 447 -1
0.1 445 935 -1
0.1 934 936 -1
0.1 452 453 -1
0.1 451 938 -1
0.1 939 454 -1
0.1 940 455 -1
0.1 450 941 -1
0.1 942 456 -1
0.1 457 458 -1
0.1 943 944 -1
0.1 449 945 -1
0.1 448 946 -1
0.1 947 459 -1
0.1 948 460 -1
0.1 937 949 -1
0.1 950 461 -1
0.1 951 462 -1
0.1 438 952 -1
0.1 437 953 -1
0.1 463 464 -1
0.1 955 465 -1
0.1 954 956 -1
0.1 467 468 -1
0.1 466 958 -1
0.1 957 959 -1
0.1 436 960 -1
0.1 471 472 -1
0.1 474 475 -1
0.1 473 963 -1
0.1 962 964 -1
0.1 470 965 -1
0.1 469 966 -1
0.1 476 477 -1
0.1 968 478 -1
0.1 967 969 -1
0.1 480 481 -1
0.1 479 971 -1
0.1 972 482 -1
0.1 970 973 -1
0.1 961 974 -1
0.1 929 975 -1
0.1 483 484 -1
0.1 486 487 -1
0.1 485 978 -1
0.1 977 979 -1
0.1 980 488 -1
0.1 489 490 -1
0.1 982 491 -1
0.1 981 983 -1
0.1 493 494 -1
0.1 492 985 -1
0.1 984 986 -1
0.1 976 987 -1
0.1 919 988 -1
0.1 989 495 -1
0.1 990 496 -1
0.1 391 991 -1
0.1 498 499 -1
0.1 497 993 -1
0.1 992 994 -1
0.1 995 500 -1
0.1 887 996 -1
0.1 885 997 -1
0.1 652 998 -1
