1 0 0 1
1 0 0 1
1 0 0 1
1 0 0 1
1 0 0 1
1 0 0 2
1 0 0 2
1 0 0 3
1 0 0 3
1 0 0 3
1 0 0 3
1 0 0 3
1 0 0 3
1 0 0 3
1 0 0 3
1 0 0 3
1 0 0 3
1 0 0 4
1 0 0 4
1 0 0 4
1 0 0 4
1 0 0 4
1 0 0 4
1 0 0 4
1 0 0 4
1 0 0 5
1 0 0 5
1 0 0 5
1 0 0 5
1 0 0 5
1 0 0 5
1 0 0 5
1 0 0 5
1 0 0 5
1 0 0 5
1 0 0 4
1 0 0 4
1 0 0 2
1 0 0 2
1 0 0 2
1 0 0 2
1 0 0 2
1 0 0 2
1 0 0 2
1 0 0 6
1 0 0 6
1 0 0 6
1 0 0 6
1 0 0 6
1 0 0 7
1 0 0 7
1 0 0 7
1 0 0 7
1 0 0 7
1 0 0 7
1 0 0 7
1 0 0 7
1 0 0 7
1 0 0 7
1 0 0 6
1 0 0 6
1 0 0 6
1 0 0 6
1 0 0 6
1 0 0 8
1 0 0 8
1 0 0 8
1 0 0 9
1 0 0 9
1 0 0 9
1 0 0 9
1 0 0 9
1 0 0 9
1 0 0 9
1 0 0 9
1 0 0 9
1 0 0 9
1 0 0 8
1 0 0 8
1 0 0 8
1 0 0 8
1 0 0 8
1 0 0 8
1 0 0 8
1 0 0 2
1 0 0 10
1 0 0 10
1 0 0 10
1 0 0 10
1 0 0 10
1 0 0 10
1 0 0 10
1 0 0 10
1 0 0 10
1 0 0 10
1 0 0 11
1 0 0 11
1 0 0 11
1 0 0 11
1 0 0 11
1 0 0 11
1 0 0 11
1 0 0 11
1 0 0 11
1 0 0 11
1 0 0 12
1 0 0 12
1 0 0 12
1 0 0 12
1 0 0 12
1 0 0 12
1 0 0 12
1 0 0 12
1 0 0 12
1 0 0 12
1 0 0 13
1 0 0 13
1 0 0 13
1 0 0 13
1 0 0 14
1 0 0 14
1 0 0 14
1 0 0 14
1 0 0 14
1 0 0 14
1 0 0 14
1 0 0 14
1 0 0 14
1 0 0 14
1 0 0 13
1 0 0 13
1 0 0 13
1 0 0 13
1 0 0 13
1 0 0 13
1 0 0 15
1 0 0 15
1 0 0 15
1 0 0 15
1 0 0 15
1 0 0 15
1 0 0 15
1 0 0 15
1 0 0 15
1 0 0 15
1 0 0 1
1 0 0 1
1 0 0 1
1 0 0 1
1 0 0 1
1 0 0 16
1 0 0 16
1 0 0 16
1 0 0 17
1 0 0 17
1 0 0 17
1 0 0 17
1 0 0 17
1 0 0 17
1 0 0 17
1 0 0 17
1 0 0 17
1 0 0 17
1 0 0 16
1 0 0 16
1 0 0 16
1 0 0 16
1 0 0 16
1 0 0 16
1 0 0 16
0.1 4 5 -1
0.1 3 171 -1
0.1 2 172 -1
0.1 1 173 -1
0.1 6 7 -1
0.1 8 9 -1
0.1 10 11 -1
0.1 176 177 -1
0.1 13 14 -1
0.1 12 179 -1
0.1 16 17 -1
0.1 15 181 -1
0.1 180 182 -1
0.1 178 183 -1
0.1 18 19 -1
0.1 20 21 -1
0.1 22 23 -1
0.1 24 25 -1
0.1 187 188 -1
0.1 186 189 -1
0.1 27 28 -1
0.1 26 191 -1
0.1 31 32 -1
0.1 30 193 -1
0.1 29 194 -1
0.1 34 35 -1
0.1 33 196 -1
0.1 195 197 -1
0.1 192 198 -1
0.1 199 36 -1
0.1 190 200 -1
0.1 185 201 -1
0.1 202 37 -1
0.1 184 203 -1
0.1 204 38 -1
0.1 39 40 -1
0.1 206 41 -1
0.1 42 43 -1
0.1 208 44 -1
0.1 207 209 -1
0.1 205 210 -1
0.1 45 46 -1
0.1 212 47 -1
0.1 50 51 -1
0.1 54 55 -1
0.1 57 58 -1
0.1 56 216 -1
0.1 215 217 -1
0.1 53 218 -1
0.1 219 59 -1
0.1 52 220 -1
0.1 214 221 -1
0.1 61 62 -1
0.1 60 223 -1
0.1 222 224 -1
0.1 63 64 -1
0.1 225 226 -1
0.1 49 227 -1
0.1 48 228 -1
0.1 66 67 -1
0.1 65 230 -1
0.1 68 69 -1
0.1 71 72 -1
0.1 73 74 -1
0.1 76 77 -1
0.1 75 235 -1
0.1 234 236 -1
0.1 233 237 -1
0.1 70 238 -1
0.1 232 239 -1
0.1 231 240 -1
0.1 79 80 -1
0.1 78 242 -1
0.1 81 82 -1
0.1 243 244 -1
0.1 83 84 -1
0.1 245 246 -1
0.1 241 247 -1
0.1 229 248 -1
0.1 213 249 -1
0.1 211 250 -1
0.1 175 251 -1
0.1 86 87 -1
0.1 88 89 -1
0.1 253 254 -1
0.1 255 90 -1
0.1 91 92 -1
0.1 93 94 -1
0.1 257 258 -1
0.1 259 95 -1
0.1 256 260 -1
0.1 96 97 -1
0.1 262 98 -1
0.1 263 99 -1
0.1 100 101 -1
0.1 264 265 -1
0.1 261 266 -1
0.1 85 267 -1
0.1 252 268 -1
0.1 174 269 -1
0.1 103 104 -1
0.1 271 105 -1
0.1 102 272 -1
0.1 106 107 -1
0.1 109 110 -1
0.1 108 275 -1
0.1 111 112 -1
0.1 114 115 -1
0.1 113 278 -1
0.1 277 279 -1
0.1 276 280 -1
0.1 274 281 -1
0.1 117 118 -1
0.1 283 119 -1
0.1 116 284 -1
0.1 120 121 -1
0.1 123 124 -1
0.1 122 287 -1
0.1 286 288 -1
0.1 125 126 -1
0.1 128 129 -1
0.1 127 291 -1
0.1 290 292 -1
0.1 289 293 -1
0.1 285 294 -1
0.1 131 132 -1
0.1 130 296 -1
0.1 133 134 -1
0.1 297 298 -1
0.1 295 299 -1
0.1 300 135 -1
0.1 137 138 -1
0.1 140 141 -1
0.1 303 142 -1
0.1 304 143 -1
0.1 139 305 -1
0.1 302 306 -1
0.1 144 145 -1
0.1 307 308 -1
0.1 136 309 -1
0.1 301 310 -1
0.1 282 311 -1
0.1 273 312 -1
0.1 313 146 -1
0.1 148 149 -1
0.1 147 315 -1
0.1 316 150 -1
0.1 314 317 -1
0.1 155 156 -1
0.1 154 319 -1
0.1 157 158 -1
0.1 159 160 -1
0.1 321 322 -1
0.1 161 162 -1
0.1 323 324 -1
0.1 325 163 -1
0.1 320 326 -1
0.1 153 327 -1
0.1 152 328 -1
0.1 151 329 -1
0.1 330 164 -1
0.1 166 167 -1
0.1 332 168 -1
0.1 165 333 -1
0.1 331 334 -1
0.1 169 170 -1
0.1 335 336 -1
0.1 318 337 -1
0.1 270 338 -1
