1 0 0 1
1 0 0 1
1 0 0 1
1 0 0 1
1 0 0 1
1 0 0 1
1 0 0 1
1 0 0 1
1 0 0 1
1 0 0 1
1 0 0 2
1 0 0 2
1 0 0 2
1 0 0 2
1 0 0 2
1 0 0 2
1 0 0 2
1 0 0 2
1 0 0 2
1 0 0 2
1 0 0 3
1 0 0 3
1 0 0 4
1 0 0 4
1 0 0 4
1 0 0 4
1 0 0 4
1 0 0 4
1 0 0 4
1 0 0 4
1 0 0 4
1 0 0 4
1 0 0 3
1 0 0 3
1 0 0 3
1 0 0 3
1 0 0 3
1 0 0 3
1 0 0 3
1 0 0 3
1 0 0 5
1 0 0 5
1 0 0 5
1 0 0 6
1 0 0 6
1 0 0 5
1 0 0 7
1 0 0 7
1 0 0 7
1 0 0 7
1 0 0 7
1 0 0 7
1 0 0 7
1 0 0 7
1 0 0 7
1 0 0 7
1 0 0 5
1 0 0 5
1 0 0 5
1 0 0 5
1 0 0 5
1 0 0 5
1 0 0 8
1 0 0 8
1 0 0 8
1 0 0 8
1 0 0 8
1 0 0 8
1 0 0 8
1 0 0 8
1 0 0 8
1 0 0 8
1 0 0 9
1 0 0 9
1 0 0 9
1 0 0 9
1 0 0 9
1 0 0 9
1 0 0 9
1 0 0 9
1 0 0 9
1 0 0 9
1 0 0 6
1 0 0 6
1 0 0 6
1 0 0 6
1 0 0 6
1 0 0 6
1 0 0 6
1 0 0 6
1 0 0 10
1 0 0 10
1 0 0 10
1 0 0 10
1 0 0 10
1 0 0 10
1 0 0 10
1 0 0 10
1 0 0 10
1 0 0 10
1 0 0 11
1 0 0 11
1 0 0 11
1 0 0 11
1 0 0 11
1 0 0 11
1 0 0 11
1 0 0 11
1 0 0 11
1 0 0 11
0.1 2 3 -1
0.1 111 4 -1
0.1 5 6 -1
0.1 113 7 -1
0.1 8 9 -1
0.1 115 10 -1
0.1 114 116 -1
0.1 112 117 -1
0.1 1 118 -1
0.1 12 13 -1
0.1 14 15 -1
0.1 120 121 -1
0.1 16 17 -1
0.1 122 123 -1
0.1 18 19 -1
0.1 124 125 -1
0.1 126 20 -1
0.1 11 127 -1
0.1 119 128 -1
0.1 21 22 -1
0.1 24 25 -1
0.1 26 27 -1
0.1 131 132 -1
0.1 28 29 -1
0.1 133 134 -1
0.1 31 32 -1
0.1 30 136 -1
0.1 135 137 -1
0.1 23 138 -1
0.1 130 139 -1
0.1 129 140 -1
0.1 33 34 -1
0.1 142 35 -1
0.1 36 37 -1
0.1 38 39 -1
0.1 145 40 -1
0.1 144 146 -1
0.1 143 147 -1
0.1 141 148 -1
0.1 41 42 -1
0.1 150 43 -1
0.1 44 45 -1
0.1 151 152 -1
0.1 48 49 -1
0.1 53 54 -1
0.1 52 155 -1
0.1 51 156 -1
0.1 50 157 -1
0.1 154 158 -1
0.1 47 159 -1
0.1 55 56 -1
0.1 160 161 -1
0.1 57 58 -1
0.1 59 60 -1
0.1 164 61 -1
0.1 66 67 -1
0.1 65 166 -1
0.1 64 167 -1
0.1 69 70 -1
0.1 71 72 -1
0.1 169 170 -1
0.1 68 171 -1
0.1 168 172 -1
0.1 63 173 -1
0.1 73 74 -1
0.1 75 76 -1
0.1 175 176 -1
0.1 77 78 -1
0.1 178 79 -1
0.1 177 179 -1
0.1 81 82 -1
0.1 80 181 -1
0.1 180 182 -1
0.1 174 183 -1
0.1 62 184 -1
0.1 165 185 -1
0.1 163 186 -1
0.1 162 187 -1
0.1 46 188 -1
0.1 83 84 -1
0.1 190 85 -1
0.1 191 86 -1
0.1 189 192 -1
0.1 153 193 -1
0.1 88 89 -1
0.1 87 195 -1
0.1 196 90 -1
0.1 194 197 -1
0.1 92 93 -1
0.1 91 199 -1
0.1 94 95 -1
0.1 201 96 -1
0.1 200 202 -1
0.1 198 203 -1
0.1 99 100 -1
0.1 98 205 -1
0.1 97 206 -1
0.1 204 207 -1
0.1 101 102 -1
0.1 105 106 -1
0.1 104 210 -1
0.1 103 211 -1
0.1 209 212 -1
0.1 107 108 -1
0.1 213 214 -1
0.1 109 110 -1
0.1 215 216 -1
0.1 208 217 -1
0.1 149 218 -1
