1 0 0 1
1 0 0 2
1 0 0 1
1 0 0 1
1 0 0 1
1 0 0 1
1 0 0 1
1 0 0 1
1 0 0 1
1 0 0 3
1 0 0 4
1 0 0 4
1 0 0 5
1 0 0 5
1 0 0 5
1 0 0 5
1 0 0 5
1 0 0 5
1 0 0 5
1 0 0 5
1 0 0 5
1 0 0 5
1 0 0 4
1 0 0 4
1 0 0 4
1 0 0 4
1 0 0 6
1 0 0 6
1 0 0 6
1 0 0 6
1 0 0 6
1 0 0 6
1 0 0 6
1 0 0 6
1 0 0 6
1 0 0 6
1 0 0 4
1 0 0 4
1 0 0 4
1 0 0 4
1 0 0 3
1 0 0 1
1 0 0 7
1 0 0 7
1 0 0 7
1 0 0 8
1 0 0 8
1 0 0 7
1 0 0 7
1 0 0 7
1 0 0 7
1 0 0 7
1 0 0 7
1 0 0 7
1 0 0 9
1 0 0 9
1 0 0 9
1 0 0 9
1 0 0 9
1 0 0 9
1 0 0 2
1 0 0 2
1 0 0 2
1 0 0 2
1 0 0 2
1 0 0 10
1 0 0 10
1 0 0 11
1 0 0 11
1 0 0 11
1 0 0 11
1 0 0 11
1 0 0 11
1 0 0 11
1 0 0 11
1 0 0 11
1 0 0 11
1 0 0 12
1 0 0 12
1 0 0 13
1 0 0 13
1 0 0 13
1 0 0 13
1 0 0 13
1 0 0 13
1 0 0 13
1 0 0 14
1 0 0 14
1 0 0 14
1 0 0 14
1 0 0 14
1 0 0 14
1 0 0 15
1 0 0 12
1 0 0 13
1 0 0 13
1 0 0 15
1 0 0 15
1 0 0 15
1 0 0 15
1 0 0 16
1 0 0 17
1 0 0 17
1 0 0 17
1 0 0 17
1 0 0 17
1 0 0 17
1 0 0 17
1 0 0 17
1 0 0 12
1 0 0 12
1 0 0 17
1 0 0 17
1 0 0 18
1 0 0 18
1 0 0 18
1 0 0 18
1 0 0 18
1 0 0 12
1 0 0 18
1 0 0 18
1 0 0 18
1 0 0 18
1 0 0 18
1 0 0 19
1 0 0 19
1 0 0 19
1 0 0 19
1 0 0 19
1 0 0 12
1 0 0 19
1 0 0 19
1 0 0 19
1 0 0 19
1 0 0 19
1 0 0 12
1 0 0 12
1 0 0 16
1 0 0 16
1 0 0 16
1 0 0 16
1 0 0 16
1 0 0 16
1 0 0 16
1 0 0 16
1 0 0 20
1 0 0 20
1 0 0 20
1 0 0 20
1 0 0 20
1 0 0 20
1 0 0 20
1 0 0 20
1 0 0 20
1 0 0 20
1 0 0 15
1 0 0 15
1 0 0 15
1 0 0 15
1 0 0 15
1 0 0 13
1 0 0 14
1 0 0 14
1 0 0 14
1 0 0 14
1 0 0 10
1 0 0 10
1 0 0 12
1 0 0 16
1 0 0 10
1 0 0 10
1 0 0 10
1 0 0 10
1 0 0 10
1 0 0 10
1 0 0 9
1 0 0 2
1 0 0 2
1 0 0 2
1 0 0 2
1 0 0 9
1 0 0 9
1 0 0 9
1 0 0 1
1 0 0 3
1 0 0 3
1 0 0 3
1 0 0 3
1 0 0 3
1 0 0 21
1 0 0 21
1 0 0 21
1 0 0 21
1 0 0 21
1 0 0 21
1 0 0 21
1 0 0 21
1 0 0 21
1 0 0 21
1 0 0 3
1 0 0 3
1 0 0 22
1 0 0 23
1 0 0 23
1 0 0 24
1 0 0 24
1 0 0 24
1 0 0 24
1 0 0 23
1 0 0 25
1 0 0 25
1 0 0 25
1 0 0 25
1 0 0 24
1 0 0 24
1 0 0 24
1 0 0 24
1 0 0 24
1 0 0 23
1 0 0 25
1 0 0 25
1 0 0 25
1 0 0 26
1 0 0 26
1 0 0 22
1 0 0 22
1 0 0 24
1 0 0 22
1 0 0 26
1 0 0 22
1 0 0 26
1 0 0 26
1 0 0 3
1 0 0 26
1 0 0 26
1 0 0 22
1 0 0 22
1 0 0 22
1 0 0 22
1 0 0 22
1 0 0 26
1 0 0 26
1 0 0 26
1 0 0 25
1 0 0 25
1 0 0 25
1 0 0 23
1 0 0 27
1 0 0 27
1 0 0 27
1 0 0 27
1 0 0 27
1 0 0 27
1 0 0 27
1 0 0 27
1 0 0 27
1 0 0 27
1 0 0 23
1 0 0 23
1 0 0 8
1 0 0 8
1 0 0 8
1 0 0 28
1 0 0 28
1 0 0 29
1 0 0 29
1 0 0 29
1 0 0 29
1 0 0 29
1 0 0 29
1 0 0 29
1 0 0 29
1 0 0 29
1 0 0 29
1 0 0 28
1 0 0 28
1 0 0 28
1 0 0 30
1 0 0 30
1 0 0 30
1 0 0 30
1 0 0 30
1 0 0 30
1 0 0 30
1 0 0 30
1 0 0 30
1 0 0 30
1 0 0 31
1 0 0 31
1 0 0 31
1 0 0 31
1 0 0 31
1 0 0 31
1 0 0 31
1 0 0 31
1 0 0 31
1 0 0 31
1 0 0 28
1 0 0 28
1 0 0 28
1 0 0 28
1 0 0 28
1 0 0 8
1 0 0 32
1 0 0 32
1 0 0 32
1 0 0 32
1 0 0 8
1 0 0 32
1 0 0 32
1 0 0 32
1 0 0 32
1 0 0 32
1 0 0 32
1 0 0 8
1 0 0 8
1 0 0 8
1 0 0 23
1 0 0 33
1 0 0 33
1 0 0 33
1 0 0 33
1 0 0 33
1 0 0 33
1 0 0 33
1 0 0 33
1 0 0 33
1 0 0 23
1 0 0 23
1 0 0 33
0.1 2 3 -1
0.1 4 5 -1
0.1 332 6 -1
0.1 331 333 -1
0.1 1 334 -1
0.1 8 9 -1
0.1 7 336 -1
0.1 13 14 -1
0.1 15 16 -1
0.1 339 17 -1
0.1 18 19 -1
0.1 20 21 -1
0.1 341 342 -1
0.1 340 343 -1
0.1 344 22 -1
0.1 338 345 -1
0.1 346 23 -1
0.1 347 24 -1
0.1 12 348 -1
0.1 25 26 -1
0.1 27 28 -1
0.1 32 33 -1
0.1 31 352 -1
0.1 34 35 -1
0.1 353 354 -1
0.1 30 355 -1
0.1 356 36 -1
0.1 29 357 -1
0.1 351 358 -1
0.1 359 37 -1
0.1 350 360 -1
0.1 349 361 -1
0.1 11 362 -1
0.1 39 40 -1
0.1 38 364 -1
0.1 363 365 -1
0.1 10 366 -1
0.1 337 367 -1
0.1 335 368 -1
0.1 44 45 -1
0.1 43 370 -1
0.1 46 47 -1
0.1 372 48 -1
0.1 371 373 -1
0.1 49 50 -1
0.1 374 375 -1
0.1 376 51 -1
0.1 53 54 -1
0.1 52 378 -1
0.1 377 379 -1
0.1 42 380 -1
0.1 55 56 -1
0.1 57 58 -1
0.1 382 383 -1
0.1 61 62 -1
0.1 385 63 -1
0.1 66 67 -1
0.1 70 71 -1
0.1 69 388 -1
0.1 68 389 -1
0.1 75 76 -1
0.1 74 391 -1
0.1 73 392 -1
0.1 393 77 -1
0.1 72 394 -1
0.1 395 78 -1
0.1 390 396 -1
0.1 81 82 -1
0.1 80 398 -1
0.1 84 85 -1
0.1 400 86 -1
0.1 83 401 -1
0.1 399 402 -1
0.1 79 403 -1
0.1 397 404 -1
0.1 87 88 -1
0.1 89 90 -1
0.1 91 92 -1
0.1 407 408 -1
0.1 95 96 -1
0.1 94 410 -1
0.1 93 411 -1
0.1 409 412 -1
0.1 406 413 -1
0.1 405 414 -1
0.1 97 98 -1
0.1 99 100 -1
0.1 416 417 -1
0.1 415 418 -1
0.1 102 103 -1
0.1 104 105 -1
0.1 108 109 -1
0.1 107 422 -1
0.1 106 423 -1
0.1 421 424 -1
0.1 420 425 -1
0.1 110 111 -1
0.1 112 113 -1
0.1 427 428 -1
0.1 426 429 -1
0.1 101 430 -1
0.1 115 116 -1
0.1 117 118 -1
0.1 432 433 -1
0.1 121 122 -1
0.1 120 435 -1
0.1 436 123 -1
0.1 119 437 -1
0.1 125 126 -1
0.1 439 127 -1
0.1 128 129 -1
0.1 131 132 -1
0.1 442 133 -1
0.1 443 134 -1
0.1 444 135 -1
0.1 130 445 -1
0.1 441 446 -1
0.1 440 447 -1
0.1 124 448 -1
0.1 438 449 -1
0.1 434 450 -1
0.1 114 451 -1
0.1 136 137 -1
0.1 452 453 -1
0.1 431 454 -1
0.1 140 141 -1
0.1 456 142 -1
0.1 139 457 -1
0.1 458 143 -1
0.1 138 459 -1
0.1 144 145 -1
0.1 460 461 -1
0.1 147 148 -1
0.1 150 151 -1
0.1 149 464 -1
0.1 463 465 -1
0.1 146 466 -1
0.1 152 153 -1
0.1 154 155 -1
0.1 468 469 -1
0.1 467 470 -1
0.1 462 471 -1
0.1 455 472 -1
0.1 158 159 -1
0.1 157 474 -1
0.1 475 160 -1
0.1 156 476 -1
0.1 473 477 -1
0.1 419 478 -1
0.1 163 164 -1
0.1 162 480 -1
0.1 481 165 -1
0.1 161 482 -1
0.1 479 483 -1
0.1 168 169 -1
0.1 170 171 -1
0.1 485 486 -1
0.1 167 487 -1
0.1 166 488 -1
0.1 172 173 -1
0.1 174 175 -1
0.1 490 491 -1
0.1 489 492 -1
0.1 484 493 -1
0.1 387 494 -1
0.1 65 495 -1
0.1 64 496 -1
0.1 386 497 -1
0.1 60 498 -1
0.1 177 178 -1
0.1 179 180 -1
0.1 500 501 -1
0.1 502 181 -1
0.1 176 503 -1
0.1 499 504 -1
0.1 182 183 -1
0.1 505 506 -1
0.1 59 507 -1
0.1 384 508 -1
0.1 509 184 -1
0.1 381 510 -1
0.1 41 511 -1
0.1 369 512 -1
0.1 186 187 -1
0.1 188 189 -1
0.1 514 515 -1
0.1 192 193 -1
0.1 191 517 -1
0.1 194 195 -1
0.1 518 519 -1
0.1 190 520 -1
0.1 521 196 -1
0.1 197 198 -1
0.1 523 199 -1
0.1 522 524 -1
0.1 525 200 -1
0.1 516 526 -1
0.1 185 527 -1
0.1 528 201 -1
0.1 529 202 -1
0.1 203 204 -1
0.1 205 206 -1
0.1 207 208 -1
0.1 532 533 -1
0.1 534 209 -1
0.1 531 535 -1
0.1 530 536 -1
0.1 537 210 -1
0.1 212 213 -1
0.1 211 539 -1
0.1 216 217 -1
0.1 215 541 -1
0.1 542 218 -1
0.1 214 543 -1
0.1 544 219 -1
0.1 545 220 -1
0.1 546 221 -1
0.1 223 224 -1
0.1 225 226 -1
0.1 549 227 -1
0.1 550 228 -1
0.1 551 229 -1
0.1 230 231 -1
0.1 233 234 -1
0.1 232 554 -1
0.1 553 555 -1
0.1 552 556 -1
0.1 548 557 -1
0.1 237 238 -1
0.1 239 240 -1
0.1 559 560 -1
0.1 236 561 -1
0.1 241 242 -1
0.1 563 243 -1
0.1 562 564 -1
0.1 235 565 -1
0.1 558 566 -1
0.1 222 567 -1
0.1 547 568 -1
0.1 540 569 -1
0.1 570 244 -1
0.1 538 571 -1
0.1 245 246 -1
0.1 572 573 -1
0.1 249 250 -1
0.1 253 254 -1
0.1 252 576 -1
0.1 251 577 -1
0.1 255 256 -1
0.1 579 257 -1
0.1 578 580 -1
0.1 575 581 -1
0.1 248 582 -1
0.1 258 259 -1
0.1 583 584 -1
0.1 247 585 -1
0.1 263 264 -1
0.1 266 267 -1
0.1 265 588 -1
0.1 268 269 -1
0.1 589 590 -1
0.1 591 270 -1
0.1 592 271 -1
0.1 273 274 -1
0.1 272 594 -1
0.1 593 595 -1
0.1 596 275 -1
0.1 282 283 -1
0.1 281 598 -1
0.1 280 599 -1
0.1 600 284 -1
0.1 279 601 -1
0.1 286 287 -1
0.1 285 603 -1
0.1 602 604 -1
0.1 278 605 -1
0.1 277 606 -1
0.1 290 291 -1
0.1 295 296 -1
0.1 294 609 -1
0.1 610 297 -1
0.1 293 611 -1
0.1 292 612 -1
0.1 608 613 -1
0.1 289 614 -1
0.1 288 615 -1
0.1 607 616 -1
0.1 276 617 -1
0.1 597 618 -1
0.1 587 619 -1
0.1 298 299 -1
0.1 621 300 -1
0.1 620 622 -1
0.1 623 301 -1
0.1 624 302 -1
0.1 625 303 -1
0.1 262 626 -1
0.1 261 627 -1
0.1 305 306 -1
0.1 629 307 -1
0.1 308 309 -1
0.1 630 631 -1
0.1 304 632 -1
0.1 312 313 -1
0.1 634 314 -1
0.1 311 635 -1
0.1 310 636 -1
0.1 315 316 -1
0.1 637 638 -1
0.1 633 639 -1
0.1 640 317 -1
0.1 628 641 -1
0.1 260 642 -1
0.1 319 320 -1
0.1 322 323 -1
0.1 321 645 -1
0.1 325 326 -1
0.1 324 647 -1
0.1 646 648 -1
0.1 649 327 -1
0.1 644 650 -1
0.1 318 651 -1
0.1 652 328 -1
0.1 643 653 -1
0.1 329 330 -1
0.1 654 655 -1
0.1 586 656 -1
0.1 574 657 -1
0.1 513 658 -1
