1 0 0 1
1 0 0 2
1 0 0 2
1 0 0 2
1 0 0 2
1 0 0 3
1 0 0 3
1 0 0 3
1 0 0 3
1 0 0 3
1 0 0 3
1 0 0 3
1 0 0 3
1 0 0 3
1 0 0 4
1 0 0 2
1 0 0 4
1 0 0 4
1 0 0 4
1 0 0 4
1 0 0 4
1 0 0 4
1 0 0 4
1 0 0 4
1 0 0 4
1 0 0 2
1 0 0 5
1 0 0 5
1 0 0 5
1 0 0 5
1 0 0 5
1 0 0 5
1 0 0 5
1 0 0 5
1 0 0 5
1 0 0 5
1 0 0 3
1 0 0 2
1 0 0 2
1 0 0 2
1 0 0 2
1 0 0 1
1 0 0 1
1 0 0 1
1 0 0 1
1 0 0 1
1 0 0 1
1 0 0 6
1 0 0 6
1 0 0 6
1 0 0 6
1 0 0 6
1 0 0 6
1 0 0 6
1 0 0 6
1 0 0 6
1 0 0 6
1 0 0 1
1 0 0 1
1 0 0 7
1 0 0 7
1 0 0 7
1 0 0 7
1 0 0 7
1 0 0 7
1 0 0 7
1 0 0 7
1 0 0 7
1 0 0 7
1 0 0 8
1 0 0 8
1 0 0 8
1 0 0 8
1 0 0 8
1 0 0 8
1 0 0 9
1 0 0 9
1 0 0 9
1 0 0 9
1 0 0 10
1 0 0 10
1 0 0 10
1 0 0 10
1 0 0 10
1 0 0 10
1 0 0 10
1 0 0 10
1 0 0 10
1 0 0 10
1 0 0 8
1 0 0 11
1 0 0 12
1 0 0 9
1 0 0 12
1 0 0 12
1 0 0 9
1 0 0 9
1 0 0 9
1 0 0 9
1 0 0 12
1 0 0 12
1 0 0 12
1 0 0 12
1 0 0 13
1 0 0 13
1 0 0 13
1 0 0 14
1 0 0 15
1 0 0 15
1 0 0 15
1 0 0 15
1 0 0 15
1 0 0 15
1 0 0 15
1 0 0 15
1 0 0 15
1 0 0 15
1 0 0 14
1 0 0 14
1 0 0 14
1 0 0 14
1 0 0 14
1 0 0 14
1 0 0 14
1 0 0 14
1 0 0 8
1 0 0 8
1 0 0 16
1 0 0 16
1 0 0 16
1 0 0 9
1 0 0 12
1 0 0 16
1 0 0 17
1 0 0 18
1 0 0 18
1 0 0 18
1 0 0 18
1 0 0 18
1 0 0 18
1 0 0 18
1 0 0 18
1 0 0 18
1 0 0 18
1 0 0 17
1 0 0 17
1 0 0 17
1 0 0 17
1 0 0 17
1 0 0 17
1 0 0 17
1 0 0 17
1 0 0 17
1 0 0 13
1 0 0 13
1 0 0 13
1 0 0 13
1 0 0 13
1 0 0 13
1 0 0 13
1 0 0 11
1 0 0 11
1 0 0 11
1 0 0 16
1 0 0 16
1 0 0 16
1 0 0 12
1 0 0 14
1 0 0 11
1 0 0 11
1 0 0 11
1 0 0 16
1 0 0 16
1 0 0 16
1 0 0 1
1 0 0 19
1 0 0 19
1 0 0 19
1 0 0 19
1 0 0 19
1 0 0 19
1 0 0 19
1 0 0 19
1 0 0 19
1 0 0 8
1 0 0 19
1 0 0 20
1 0 0 20
1 0 0 20
1 0 0 20
1 0 0 20
1 0 0 20
1 0 0 20
1 0 0 20
1 0 0 20
1 0 0 21
1 0 0 22
1 0 0 22
1 0 0 22
1 0 0 23
1 0 0 24
1 0 0 24
1 0 0 22
1 0 0 23
1 0 0 25
1 0 0 25
1 0 0 25
1 0 0 25
1 0 0 25
1 0 0 26
1 0 0 26
1 0 0 26
1 0 0 26
1 0 0 26
1 0 0 26
1 0 0 26
1 0 0 26
1 0 0 26
1 0 0 26
1 0 0 25
1 0 0 25
1 0 0 25
1 0 0 25
1 0 0 25
1 0 0 24
1 0 0 24
1 0 0 27
1 0 0 27
1 0 0 27
1 0 0 27
1 0 0 27
1 0 0 27
1 0 0 27
1 0 0 27
1 0 0 24
1 0 0 24
1 0 0 24
1 0 0 28
1 0 0 28
1 0 0 24
1 0 0 24
1 0 0 28
1 0 0 28
1 0 0 28
1 0 0 28
1 0 0 28
1 0 0 28
1 0 0 29
1 0 0 29
1 0 0 29
1 0 0 29
1 0 0 29
1 0 0 29
1 0 0 29
1 0 0 29
1 0 0 29
1 0 0 29
1 0 0 24
1 0 0 30
1 0 0 30
1 0 0 31
1 0 0 27
1 0 0 27
1 0 0 30
1 0 0 30
1 0 0 30
1 0 0 30
1 0 0 30
1 0 0 30
1 0 0 30
1 0 0 30
1 0 0 28
1 0 0 28
1 0 0 32
1 0 0 32
1 0 0 32
1 0 0 32
1 0 0 22
1 0 0 31
1 0 0 31
1 0 0 31
1 0 0 31
1 0 0 31
1 0 0 32
1 0 0 32
1 0 0 32
1 0 0 32
1 0 0 31
1 0 0 31
1 0 0 31
1 0 0 31
1 0 0 32
1 0 0 32
1 0 0 33
1 0 0 33
1 0 0 33
1 0 0 33
1 0 0 33
1 0 0 33
1 0 0 33
1 0 0 33
1 0 0 33
1 0 0 33
1 0 0 23
1 0 0 23
1 0 0 23
1 0 0 23
1 0 0 23
1 0 0 23
1 0 0 23
1 0 0 23
1 0 0 22
1 0 0 22
1 0 0 22
1 0 0 22
1 0 0 21
1 0 0 21
1 0 0 21
1 0 0 21
1 0 0 21
1 0 0 21
1 0 0 21
1 0 0 21
1 0 0 21
1 0 0 11
1 0 0 22
1 0 0 12
1 0 0 20
1 0 0 11
1 0 0 11
0.1 2 3 -1
0.1 4 5 -1
0.1 7 8 -1
0.1 6 333 -1
0.1 12 13 -1
0.1 11 335 -1
0.1 10 336 -1
0.1 9 337 -1
0.1 338 14 -1
0.1 334 339 -1
0.1 332 340 -1
0.1 15 16 -1
0.1 18 19 -1
0.1 21 22 -1
0.1 20 344 -1
0.1 343 345 -1
0.1 17 346 -1
0.1 342 347 -1
0.1 24 25 -1
0.1 23 349 -1
0.1 348 350 -1
0.1 351 26 -1
0.1 28 29 -1
0.1 30 31 -1
0.1 32 33 -1
0.1 354 355 -1
0.1 356 34 -1
0.1 357 35 -1
0.1 353 358 -1
0.1 359 36 -1
0.1 27 360 -1
0.1 352 361 -1
0.1 341 362 -1
0.1 37 38 -1
0.1 363 364 -1
0.1 39 40 -1
0.1 365 366 -1
0.1 331 367 -1
0.1 368 41 -1
0.1 1 369 -1
0.1 370 42 -1
0.1 43 44 -1
0.1 45 46 -1
0.1 48 49 -1
0.1 50 51 -1
0.1 52 53 -1
0.1 54 55 -1
0.1 376 377 -1
0.1 375 378 -1
0.1 379 56 -1
0.1 374 380 -1
0.1 381 57 -1
0.1 47 382 -1
0.1 373 383 -1
0.1 372 384 -1
0.1 58 59 -1
0.1 385 386 -1
0.1 371 387 -1
0.1 61 62 -1
0.1 60 389 -1
0.1 64 65 -1
0.1 67 68 -1
0.1 66 392 -1
0.1 391 393 -1
0.1 63 394 -1
0.1 390 395 -1
0.1 396 69 -1
0.1 70 71 -1
0.1 397 398 -1
0.1 399 72 -1
0.1 388 400 -1
0.1 73 74 -1
0.1 76 77 -1
0.1 403 78 -1
0.1 404 79 -1
0.1 81 82 -1
0.1 80 406 -1
0.1 407 83 -1
0.1 85 86 -1
0.1 87 88 -1
0.1 409 410 -1
0.1 84 411 -1
0.1 412 89 -1
0.1 408 413 -1
0.1 405 414 -1
0.1 75 415 -1
0.1 402 416 -1
0.1 401 417 -1
0.1 92 93 -1
0.1 94 95 -1
0.1 419 420 -1
0.1 97 98 -1
0.1 422 99 -1
0.1 96 423 -1
0.1 421 424 -1
0.1 101 102 -1
0.1 426 103 -1
0.1 100 427 -1
0.1 105 106 -1
0.1 104 429 -1
0.1 428 430 -1
0.1 425 431 -1
0.1 91 432 -1
0.1 90 433 -1
0.1 109 110 -1
0.1 108 435 -1
0.1 111 112 -1
0.1 114 115 -1
0.1 116 117 -1
0.1 438 439 -1
0.1 113 440 -1
0.1 437 441 -1
0.1 436 442 -1
0.1 443 118 -1
0.1 120 121 -1
0.1 119 445 -1
0.1 444 446 -1
0.1 124 125 -1
0.1 123 448 -1
0.1 122 449 -1
0.1 447 450 -1
0.1 107 451 -1
0.1 452 126 -1
0.1 453 127 -1
0.1 434 454 -1
0.1 418 455 -1
0.1 129 130 -1
0.1 131 132 -1
0.1 458 133 -1
0.1 135 136 -1
0.1 138 139 -1
0.1 461 140 -1
0.1 137 462 -1
0.1 460 463 -1
0.1 141 142 -1
0.1 143 144 -1
0.1 465 466 -1
0.1 464 467 -1
0.1 468 145 -1
0.1 146 147 -1
0.1 469 470 -1
0.1 134 471 -1
0.1 472 148 -1
0.1 149 150 -1
0.1 151 152 -1
0.1 474 475 -1
0.1 473 476 -1
0.1 477 153 -1
0.1 154 155 -1
0.1 479 156 -1
0.1 478 480 -1
0.1 157 158 -1
0.1 482 159 -1
0.1 481 483 -1
0.1 484 160 -1
0.1 485 161 -1
0.1 486 162 -1
0.1 487 163 -1
0.1 164 165 -1
0.1 488 489 -1
0.1 490 166 -1
0.1 459 491 -1
0.1 167 168 -1
0.1 169 170 -1
0.1 494 171 -1
0.1 495 172 -1
0.1 173 174 -1
0.1 496 497 -1
0.1 493 498 -1
0.1 492 499 -1
0.1 457 500 -1
0.1 128 501 -1
0.1 177 178 -1
0.1 176 503 -1
0.1 175 504 -1
0.1 179 180 -1
0.1 182 183 -1
0.1 181 507 -1
0.1 508 184 -1
0.1 506 509 -1
0.1 505 510 -1
0.1 185 186 -1
0.1 511 512 -1
0.1 502 513 -1
0.1 188 189 -1
0.1 187 515 -1
0.1 192 193 -1
0.1 191 517 -1
0.1 518 194 -1
0.1 197 198 -1
0.1 520 199 -1
0.1 201 202 -1
0.1 203 204 -1
0.1 208 209 -1
0.1 207 524 -1
0.1 206 525 -1
0.1 205 526 -1
0.1 210 211 -1
0.1 212 213 -1
0.1 528 529 -1
0.1 214 215 -1
0.1 530 531 -1
0.1 216 217 -1
0.1 533 218 -1
0.1 532 534 -1
0.1 220 221 -1
0.1 222 223 -1
0.1 536 537 -1
0.1 538 224 -1
0.1 219 539 -1
0.1 535 540 -1
0.1 527 541 -1
0.1 542 225 -1
0.1 229 230 -1
0.1 232 233 -1
0.1 231 545 -1
0.1 546 234 -1
0.1 544 547 -1
0.1 228 548 -1
0.1 227 549 -1
0.1 226 550 -1
0.1 235 236 -1
0.1 238 239 -1
0.1 553 240 -1
0.1 242 243 -1
0.1 555 244 -1
0.1 556 245 -1
0.1 241 557 -1
0.1 246 247 -1
0.1 249 250 -1
0.1 560 251 -1
0.1 248 561 -1
0.1 252 253 -1
0.1 563 254 -1
0.1 255 256 -1
0.1 565 257 -1
0.1 564 566 -1
0.1 562 567 -1
0.1 568 258 -1
0.1 559 569 -1
0.1 558 570 -1
0.1 554 571 -1
0.1 259 260 -1
0.1 262 263 -1
0.1 261 574 -1
0.1 265 266 -1
0.1 264 576 -1
0.1 267 268 -1
0.1 269 270 -1
0.1 578 579 -1
0.1 580 271 -1
0.1 577 581 -1
0.1 272 273 -1
0.1 582 583 -1
0.1 575 584 -1
0.1 573 585 -1
0.1 274 275 -1
0.1 276 277 -1
0.1 587 588 -1
0.1 279 280 -1
0.1 278 590 -1
0.1 281 282 -1
0.1 591 592 -1
0.1 589 593 -1
0.1 594 283 -1
0.1 284 285 -1
0.1 286 287 -1
0.1 596 597 -1
0.1 288 289 -1
0.1 290 291 -1
0.1 599 600 -1
0.1 598 601 -1
0.1 595 602 -1
0.1 292 293 -1
0.1 603 604 -1
0.1 586 605 -1
0.1 294 295 -1
0.1 296 297 -1
0.1 608 298 -1
0.1 609 299 -1
0.1 610 300 -1
0.1 611 301 -1
0.1 302 303 -1
0.1 612 613 -1
0.1 607 614 -1
0.1 606 615 -1
0.1 572 616 -1
0.1 237 617 -1
0.1 552 618 -1
0.1 551 619 -1
0.1 543 620 -1
0.1 621 304 -1
0.1 622 305 -1
0.1 523 623 -1
0.1 306 307 -1
0.1 624 625 -1
0.1 522 626 -1
0.1 309 310 -1
0.1 308 628 -1
0.1 629 311 -1
0.1 627 630 -1
0.1 200 631 -1
0.1 312 313 -1
0.1 314 315 -1
0.1 633 634 -1
0.1 632 635 -1
0.1 521 636 -1
0.1 316 317 -1
0.1 637 638 -1
0.1 196 639 -1
0.1 319 320 -1
0.1 318 641 -1
0.1 640 642 -1
0.1 321 322 -1
0.1 323 324 -1
0.1 644 645 -1
0.1 643 646 -1
0.1 647 325 -1
0.1 195 648 -1
0.1 519 649 -1
0.1 190 650 -1
0.1 516 651 -1
0.1 326 327 -1
0.1 653 328 -1
0.1 652 654 -1
0.1 655 329 -1
0.1 656 330 -1
0.1 514 657 -1
0.1 456 658 -1
