1 0 0 1
1 0 0 1
1 0 0 2
1 0 0 2
1 0 0 2
1 0 0 2
1 0 0 2
1 0 0 2
1 0 0 2
1 0 0 2
1 0 0 2
1 0 0 2
1 0 0 1
1 0 0 3
1 0 0 3
1 0 0 3
1 0 0 3
1 0 0 3
1 0 0 3
1 0 0 3
1 0 0 3
1 0 0 3
1 0 0 3
1 0 0 1
1 0 0 1
1 0 0 1
1 0 0 1
1 0 0 1
1 0 0 4
1 0 0 4
1 0 0 4
1 0 0 4
1 0 0 4
1 0 0 4
1 0 0 4
1 0 0 4
1 0 0 4
1 0 0 4
1 0 0 1
1 0 0 1
1 0 0 5
1 0 0 5
1 0 0 5
1 0 0 5
1 0 0 5
1 0 0 5
1 0 0 5
1 0 0 5
1 0 0 5
1 0 0 5
1 0 0 6
1 0 0 6
1 0 0 6
1 0 0 6
1 0 0 6
1 0 0 6
1 0 0 6
1 0 0 6
1 0 0 6
1 0 0 6
1 0 0 7
1 0 0 7
1 0 0 7
1 0 0 7
1 0 0 7
1 0 0 7
1 0 0 7
1 0 0 7
1 0 0 7
1 0 0 7
1 0 0 8
1 0 0 8
1 0 0 8
1 0 0 8
1 0 0 8
1 0 0 8
1 0 0 8
1 0 0 8
1 0 0 8
1 0 0 9
1 0 0 9
1 0 0 9
1 0 0 9
1 0 0 9
1 0 0 9
1 0 0 9
1 0 0 9
1 0 0 9
1 0 0 9
1 0 0 10
1 0 0 10
1 0 0 10
1 0 0 10
1 0 0 10
1 0 0 10
1 0 0 10
1 0 0 10
1 0 0 10
1 0 0 10
1 0 0 11
1 0 0 11
1 0 0 11
1 0 0 11
1 0 0 11
1 0 0 11
1 0 0 11
1 0 0 11
1 0 0 11
1 0 0 11
1 0 0 8
1 0 0 12
1 0 0 12
1 0 0 12
1 0 0 12
1 0 0 12
1 0 0 12
1 0 0 12
1 0 0 12
1 0 0 12
1 0 0 12
1 0 0 13
1 0 0 13
1 0 0 13
1 0 0 13
1 0 0 13
1 0 0 13
1 0 0 13
1 0 0 13
1 0 0 13
1 0 0 13
1 0 0 14
1 0 0 14
1 0 0 14
1 0 0 14
1 0 0 14
1 0 0 14
1 0 0 14
1 0 0 14
1 0 0 14
1 0 0 14
1 0 0 15
1 0 0 15
1 0 0 15
1 0 0 15
1 0 0 15
1 0 0 15
1 0 0 15
1 0 0 15
1 0 0 15
1 0 0 15
0.1 1 2 -1
0.1 3 4 -1
0.1 6 7 -1
0.1 5 153 -1
0.1 152 154 -1
0.1 9 10 -1
0.1 8 156 -1
0.1 157 11 -1
0.1 158 12 -1
0.1 155 159 -1
0.1 14 15 -1
0.1 16 17 -1
0.1 22 23 -1
0.1 21 163 -1
0.1 20 164 -1
0.1 19 165 -1
0.1 18 166 -1
0.1 162 167 -1
0.1 161 168 -1
0.1 13 169 -1
0.1 160 170 -1
0.1 151 171 -1
0.1 24 25 -1
0.1 26 27 -1
0.1 174 28 -1
0.1 33 34 -1
0.1 32 176 -1
0.1 31 177 -1
0.1 30 178 -1
0.1 35 36 -1
0.1 37 38 -1
0.1 180 181 -1
0.1 179 182 -1
0.1 29 183 -1
0.1 184 39 -1
0.1 185 40 -1
0.1 41 42 -1
0.1 44 45 -1
0.1 43 188 -1
0.1 48 49 -1
0.1 190 50 -1
0.1 47 191 -1
0.1 46 192 -1
0.1 189 193 -1
0.1 187 194 -1
0.1 54 55 -1
0.1 196 56 -1
0.1 53 197 -1
0.1 52 198 -1
0.1 51 199 -1
0.1 57 58 -1
0.1 59 60 -1
0.1 201 202 -1
0.1 200 203 -1
0.1 195 204 -1
0.1 186 205 -1
0.1 175 206 -1
0.1 173 207 -1
0.1 172 208 -1
0.1 63 64 -1
0.1 62 210 -1
0.1 61 211 -1
0.1 66 67 -1
0.1 65 213 -1
0.1 69 70 -1
0.1 68 215 -1
0.1 214 216 -1
0.1 212 217 -1
0.1 209 218 -1
0.1 72 73 -1
0.1 71 220 -1
0.1 74 75 -1
0.1 76 77 -1
0.1 78 79 -1
0.1 223 224 -1
0.1 222 225 -1
0.1 221 226 -1
0.1 83 84 -1
0.1 82 228 -1
0.1 81 229 -1
0.1 230 85 -1
0.1 80 231 -1
0.1 86 87 -1
0.1 88 89 -1
0.1 233 234 -1
0.1 232 235 -1
0.1 92 93 -1
0.1 91 237 -1
0.1 90 238 -1
0.1 94 95 -1
0.1 96 97 -1
0.1 241 98 -1
0.1 240 242 -1
0.1 243 99 -1
0.1 239 244 -1
0.1 101 102 -1
0.1 100 246 -1
0.1 103 104 -1
0.1 248 105 -1
0.1 106 107 -1
0.1 249 250 -1
0.1 247 251 -1
0.1 245 252 -1
0.1 108 109 -1
0.1 253 254 -1
0.1 236 255 -1
0.1 256 110 -1
0.1 227 257 -1
0.1 219 258 -1
0.1 114 115 -1
0.1 260 116 -1
0.1 113 261 -1
0.1 112 262 -1
0.1 111 263 -1
0.1 118 119 -1
0.1 265 120 -1
0.1 117 266 -1
0.1 264 267 -1
0.1 124 125 -1
0.1 126 127 -1
0.1 269 270 -1
0.1 271 128 -1
0.1 123 272 -1
0.1 122 273 -1
0.1 129 130 -1
0.1 274 275 -1
0.1 121 276 -1
0.1 268 277 -1
0.1 259 278 -1
0.1 131 132 -1
0.1 134 135 -1
0.1 133 281 -1
0.1 137 138 -1
0.1 136 283 -1
0.1 282 284 -1
0.1 139 140 -1
0.1 285 286 -1
0.1 280 287 -1
0.1 144 145 -1
0.1 143 289 -1
0.1 142 290 -1
0.1 141 291 -1
0.1 147 148 -1
0.1 293 149 -1
0.1 294 150 -1
0.1 146 295 -1
0.1 292 296 -1
0.1 288 297 -1
0.1 279 298 -1
