1 0 0 1
1 0 0 2
1 0 0 2
1 0 0 2
1 0 0 2
1 0 0 2
1 0 0 3
1 0 0 3
1 0 0 3
1 0 0 3
1 0 0 3
1 0 0 3
1 0 0 4
1 0 0 4
1 0 0 4
1 0 0 5
1 0 0 5
1 0 0 5
1 0 0 5
1 0 0 5
1 0 0 5
1 0 0 5
1 0 0 5
1 0 0 5
1 0 0 5
1 0 0 6
1 0 0 6
1 0 0 6
1 0 0 6
1 0 0 6
1 0 0 6
1 0 0 6
1 0 0 6
1 0 0 6
1 0 0 6
1 0 0 7
1 0 0 7
1 0 0 7
1 0 0 7
1 0 0 7
1 0 0 7
1 0 0 7
1 0 0 7
1 0 0 7
1 0 0 7
1 0 0 8
1 0 0 8
1 0 0 8
1 0 0 8
1 0 0 8
1 0 0 8
1 0 0 8
1 0 0 8
1 0 0 8
1 0 0 8
1 0 0 4
1 0 0 9
1 0 0 9
1 0 0 9
1 0 0 9
1 0 0 9
1 0 0 9
1 0 0 9
1 0 0 9
1 0 0 9
1 0 0 9
1 0 0 4
1 0 0 4
1 0 0 4
1 0 0 4
1 0 0 4
1 0 0 4
1 0 0 3
1 0 0 3
1 0 0 3
1 0 0 3
1 0 0 2
1 0 0 2
1 0 0 2
1 0 0 10
1 0 0 10
1 0 0 10
1 0 0 11
1 0 0 10
1 0 0 10
1 0 0 11
1 0 0 11
1 0 0 11
1 0 0 11
1 0 0 11
1 0 0 11
1 0 0 11
1 0 0 11
1 0 0 12
1 0 0 12
1 0 0 12
1 0 0 12
1 0 0 12
1 0 0 12
1 0 0 12
1 0 0 13
1 0 0 13
1 0 0 13
1 0 0 13
1 0 0 13
1 0 0 13
1 0 0 13
1 0 0 13
1 0 0 13
1 0 0 13
1 0 0 12
1 0 0 12
1 0 0 12
1 0 0 14
1 0 0 14
1 0 0 11
1 0 0 14
1 0 0 14
1 0 0 14
1 0 0 14
1 0 0 14
1 0 0 14
1 0 0 14
1 0 0 14
1 0 0 15
1 0 0 15
1 0 0 15
1 0 0 15
1 0 0 15
1 0 0 15
1 0 0 15
1 0 0 15
1 0 0 15
1 0 0 15
1 0 0 10
1 0 0 10
1 0 0 10
1 0 0 10
1 0 0 10
1 0 0 16
1 0 0 16
1 0 0 16
1 0 0 16
1 0 0 16
1 0 0 17
1 0 0 17
1 0 0 17
1 0 0 17
1 0 0 17
1 0 0 17
1 0 0 17
1 0 0 17
1 0 0 17
1 0 0 17
1 0 0 16
1 0 0 16
1 0 0 18
1 0 0 18
1 0 0 18
1 0 0 18
1 0 0 18
1 0 0 18
1 0 0 18
1 0 0 19
1 0 0 19
1 0 0 19
1 0 0 19
1 0 0 19
1 0 0 19
1 0 0 18
1 0 0 18
1 0 0 18
1 0 0 19
1 0 0 19
1 0 0 19
1 0 0 19
1 0 0 16
1 0 0 16
1 0 0 16
1 0 0 2
1 0 0 2
1 0 0 1
1 0 0 1
1 0 0 20
1 0 0 20
1 0 0 20
1 0 0 20
1 0 0 20
1 0 0 20
1 0 0 1
1 0 0 1
1 0 0 20
1 0 0 20
1 0 0 20
1 0 0 20
1 0 0 21
1 0 0 21
1 0 0 22
1 0 0 22
1 0 0 23
1 0 0 23
1 0 0 23
1 0 0 23
1 0 0 23
1 0 0 23
1 0 0 23
1 0 0 23
1 0 0 23
1 0 0 23
1 0 0 22
1 0 0 22
1 0 0 22
1 0 0 22
1 0 0 22
1 0 0 22
1 0 0 22
1 0 0 22
1 0 0 21
1 0 0 21
1 0 0 21
1 0 0 21
1 0 0 21
1 0 0 21
1 0 0 21
1 0 0 21
1 0 0 1
1 0 0 1
1 0 0 24
1 0 0 24
1 0 0 24
1 0 0 25
1 0 0 25
1 0 0 25
1 0 0 25
1 0 0 25
1 0 0 25
1 0 0 25
1 0 0 25
1 0 0 25
1 0 0 25
1 0 0 24
1 0 0 24
1 0 0 24
1 0 0 24
1 0 0 24
1 0 0 24
1 0 0 24
1 0 0 26
1 0 0 27
1 0 0 27
1 0 0 27
1 0 0 27
1 0 0 27
1 0 0 27
1 0 0 27
1 0 0 27
1 0 0 27
1 0 0 26
1 0 0 26
1 0 0 26
1 0 0 28
1 0 0 28
1 0 0 28
1 0 0 26
1 0 0 28
1 0 0 28
1 0 0 28
1 0 0 28
1 0 0 28
1 0 0 28
1 0 0 28
1 0 0 26
1 0 0 26
1 0 0 26
1 0 0 26
1 0 0 29
1 0 0 29
1 0 0 29
1 0 0 29
1 0 0 29
1 0 0 29
1 0 0 29
1 0 0 29
1 0 0 30
1 0 0 30
1 0 0 30
1 0 0 30
1 0 0 31
1 0 0 31
1 0 0 31
1 0 0 31
1 0 0 31
1 0 0 31
1 0 0 31
1 0 0 31
1 0 0 29
1 0 0 29
1 0 0 31
1 0 0 31
1 0 0 30
1 0 0 30
1 0 0 30
1 0 0 30
1 0 0 30
1 0 0 30
1 0 0 26
1 0 0 27
1 0 0 32
1 0 0 32
1 0 0 32
1 0 0 32
1 0 0 32
1 0 0 32
1 0 0 32
1 0 0 32
1 0 0 33
1 0 0 33
1 0 0 33
1 0 0 33
1 0 0 33
1 0 0 33
1 0 0 33
1 0 0 33
1 0 0 33
1 0 0 33
1 0 0 32
1 0 0 32
1 0 0 1
1 0 0 1
1 0 0 1
1 0 0 34
1 0 0 34
1 0 0 34
1 0 0 34
1 0 0 34
1 0 0 34
1 0 0 34
1 0 0 34
1 0 0 34
1 0 0 34
0.1 1 2 -1
0.1 3 4 -1
0.1 341 342 -1
0.1 5 6 -1
0.1 9 10 -1
0.1 19 20 -1
0.1 346 21 -1
0.1 347 22 -1
0.1 18 348 -1
0.1 17 349 -1
0.1 23 24 -1
0.1 350 351 -1
0.1 352 25 -1
0.1 16 353 -1
0.1 15 354 -1
0.1 27 28 -1
0.1 30 31 -1
0.1 29 357 -1
0.1 356 358 -1
0.1 32 33 -1
0.1 34 35 -1
0.1 360 361 -1
0.1 359 362 -1
0.1 36 37 -1
0.1 40 41 -1
0.1 39 365 -1
0.1 44 45 -1
0.1 43 367 -1
0.1 42 368 -1
0.1 366 369 -1
0.1 38 370 -1
0.1 364 371 -1
0.1 363 372 -1
0.1 26 373 -1
0.1 48 49 -1
0.1 375 50 -1
0.1 51 52 -1
0.1 376 377 -1
0.1 53 54 -1
0.1 379 55 -1
0.1 378 380 -1
0.1 47 381 -1
0.1 58 59 -1
0.1 383 60 -1
0.1 384 61 -1
0.1 385 62 -1
0.1 57 386 -1
0.1 64 65 -1
0.1 63 388 -1
0.1 387 389 -1
0.1 390 66 -1
0.1 391 67 -1
0.1 56 392 -1
0.1 382 393 -1
0.1 46 394 -1
0.1 374 395 -1
0.1 355 396 -1
0.1 69 70 -1
0.1 68 398 -1
0.1 397 399 -1
0.1 400 71 -1
0.1 14 401 -1
0.1 402 72 -1
0.1 13 403 -1
0.1 12 404 -1
0.1 73 74 -1
0.1 405 406 -1
0.1 11 407 -1
0.1 345 408 -1
0.1 8 409 -1
0.1 75 76 -1
0.1 410 411 -1
0.1 7 412 -1
0.1 344 413 -1
0.1 343 414 -1
0.1 77 78 -1
0.1 415 416 -1
0.1 80 81 -1
0.1 83 84 -1
0.1 419 85 -1
0.1 82 420 -1
0.1 418 421 -1
0.1 87 88 -1
0.1 86 423 -1
0.1 89 90 -1
0.1 424 425 -1
0.1 426 91 -1
0.1 92 93 -1
0.1 94 95 -1
0.1 97 98 -1
0.1 96 430 -1
0.1 429 431 -1
0.1 102 103 -1
0.1 101 433 -1
0.1 104 105 -1
0.1 434 435 -1
0.1 106 107 -1
0.1 436 437 -1
0.1 108 109 -1
0.1 439 110 -1
0.1 438 440 -1
0.1 100 441 -1
0.1 442 111 -1
0.1 99 443 -1
0.1 432 444 -1
0.1 112 113 -1
0.1 445 446 -1
0.1 428 447 -1
0.1 117 118 -1
0.1 116 449 -1
0.1 119 120 -1
0.1 122 123 -1
0.1 121 452 -1
0.1 451 453 -1
0.1 450 454 -1
0.1 115 455 -1
0.1 114 456 -1
0.1 457 124 -1
0.1 448 458 -1
0.1 128 129 -1
0.1 460 130 -1
0.1 132 133 -1
0.1 131 462 -1
0.1 461 463 -1
0.1 127 464 -1
0.1 465 134 -1
0.1 126 466 -1
0.1 125 467 -1
0.1 459 468 -1
0.1 427 469 -1
0.1 422 470 -1
0.1 136 137 -1
0.1 135 472 -1
0.1 471 473 -1
0.1 138 139 -1
0.1 474 475 -1
0.1 143 144 -1
0.1 142 477 -1
0.1 141 478 -1
0.1 140 479 -1
0.1 147 148 -1
0.1 146 481 -1
0.1 149 150 -1
0.1 153 154 -1
0.1 152 484 -1
0.1 151 485 -1
0.1 483 486 -1
0.1 482 487 -1
0.1 145 488 -1
0.1 480 489 -1
0.1 160 161 -1
0.1 159 491 -1
0.1 492 162 -1
0.1 164 165 -1
0.1 167 168 -1
0.1 495 169 -1
0.1 166 496 -1
0.1 494 497 -1
0.1 170 171 -1
0.1 499 172 -1
0.1 498 500 -1
0.1 163 501 -1
0.1 493 502 -1
0.1 158 503 -1
0.1 157 504 -1
0.1 175 176 -1
0.1 174 506 -1
0.1 173 507 -1
0.1 505 508 -1
0.1 509 177 -1
0.1 156 510 -1
0.1 511 178 -1
0.1 155 512 -1
0.1 513 179 -1
0.1 490 514 -1
0.1 476 515 -1
0.1 516 180 -1
0.1 517 181 -1
0.1 79 518 -1
0.1 417 519 -1
0.1 182 183 -1
0.1 185 186 -1
0.1 187 188 -1
0.1 522 523 -1
0.1 190 191 -1
0.1 189 525 -1
0.1 193 194 -1
0.1 192 527 -1
0.1 526 528 -1
0.1 529 195 -1
0.1 524 530 -1
0.1 184 531 -1
0.1 521 532 -1
0.1 196 197 -1
0.1 198 199 -1
0.1 203 204 -1
0.1 202 536 -1
0.1 205 206 -1
0.1 537 538 -1
0.1 207 208 -1
0.1 540 209 -1
0.1 539 541 -1
0.1 201 542 -1
0.1 200 543 -1
0.1 535 544 -1
0.1 211 212 -1
0.1 546 213 -1
0.1 214 215 -1
0.1 547 548 -1
0.1 210 549 -1
0.1 545 550 -1
0.1 551 216 -1
0.1 552 217 -1
0.1 218 219 -1
0.1 554 220 -1
0.1 222 223 -1
0.1 224 225 -1
0.1 556 557 -1
0.1 221 558 -1
0.1 555 559 -1
0.1 553 560 -1
0.1 534 561 -1
0.1 226 227 -1
0.1 229 230 -1
0.1 228 564 -1
0.1 232 233 -1
0.1 231 566 -1
0.1 236 237 -1
0.1 235 568 -1
0.1 569 238 -1
0.1 239 240 -1
0.1 570 571 -1
0.1 234 572 -1
0.1 567 573 -1
0.1 241 242 -1
0.1 574 575 -1
0.1 246 247 -1
0.1 245 577 -1
0.1 244 578 -1
0.1 243 579 -1
0.1 576 580 -1
0.1 565 581 -1
0.1 582 248 -1
0.1 249 250 -1
0.1 584 251 -1
0.1 252 253 -1
0.1 255 256 -1
0.1 254 587 -1
0.1 586 588 -1
0.1 589 257 -1
0.1 258 259 -1
0.1 264 265 -1
0.1 266 267 -1
0.1 592 593 -1
0.1 263 594 -1
0.1 262 595 -1
0.1 596 268 -1
0.1 597 269 -1
0.1 270 271 -1
0.1 598 599 -1
0.1 261 600 -1
0.1 273 274 -1
0.1 272 602 -1
0.1 601 603 -1
0.1 604 275 -1
0.1 260 605 -1
0.1 591 606 -1
0.1 277 278 -1
0.1 279 280 -1
0.1 608 609 -1
0.1 282 283 -1
0.1 281 611 -1
0.1 610 612 -1
0.1 276 613 -1
0.1 285 286 -1
0.1 615 287 -1
0.1 288 289 -1
0.1 617 290 -1
0.1 291 292 -1
0.1 294 295 -1
0.1 293 620 -1
0.1 296 297 -1
0.1 622 298 -1
0.1 621 623 -1
0.1 624 299 -1
0.1 619 625 -1
0.1 618 626 -1
0.1 301 302 -1
0.1 300 628 -1
0.1 627 629 -1
0.1 616 630 -1
0.1 631 303 -1
0.1 304 305 -1
0.1 632 633 -1
0.1 284 634 -1
0.1 614 635 -1
0.1 607 636 -1
0.1 637 306 -1
0.1 590 638 -1
0.1 309 310 -1
0.1 308 640 -1
0.1 311 312 -1
0.1 642 313 -1
0.1 314 315 -1
0.1 317 318 -1
0.1 316 645 -1
0.1 319 320 -1
0.1 647 321 -1
0.1 646 648 -1
0.1 322 323 -1
0.1 324 325 -1
0.1 650 651 -1
0.1 649 652 -1
0.1 653 326 -1
0.1 644 654 -1
0.1 655 327 -1
0.1 643 656 -1
0.1 641 657 -1
0.1 307 658 -1
0.1 639 659 -1
0.1 585 660 -1
0.1 583 661 -1
0.1 563 662 -1
0.1 562 663 -1
0.1 533 664 -1
0.1 328 329 -1
0.1 666 330 -1
0.1 333 334 -1
0.1 332 668 -1
0.1 331 669 -1
0.1 670 335 -1
0.1 336 337 -1
0.1 339 340 -1
0.1 338 673 -1
0.1 672 674 -1
0.1 671 675 -1
0.1 667 676 -1
0.1 665 677 -1
0.1 520 678 -1
