1 0 0 1
1 0 0 2
1 0 0 3
1 0 0 3
1 0 0 3
1 0 0 3
1 0 0 3
1 0 0 3
1 0 0 3
1 0 0 3
1 0 0 3
1 0 0 3
1 0 0 4
1 0 0 4
1 0 0 5
1 0 0 5
1 0 0 5
1 0 0 5
1 0 0 5
1 0 0 5
1 0 0 5
1 0 0 5
1 0 0 5
1 0 0 5
1 0 0 6
1 0 0 6
1 0 0 6
1 0 0 6
1 0 0 6
1 0 0 6
1 0 0 4
1 0 0 4
1 0 0 4
1 0 0 4
1 0 0 4
1 0 0 4
1 0 0 4
1 0 0 6
1 0 0 6
1 0 0 6
1 0 0 6
1 0 0 4
1 0 0 7
1 0 0 7
1 0 0 7
1 0 0 7
1 0 0 7
1 0 0 7
1 0 0 8
1 0 0 8
1 0 0 8
1 0 0 8
1 0 0 8
1 0 0 8
1 0 0 8
1 0 0 8
1 0 0 8
1 0 0 8
1 0 0 7
1 0 0 7
1 0 0 7
1 0 0 7
1 0 0 2
1 0 0 2
1 0 0 2
1 0 0 2
1 0 0 2
1 0 0 2
1 0 0 9
1 0 0 10
1 0 0 10
1 0 0 10
1 0 0 10
1 0 0 10
1 0 0 9
1 0 0 9
1 0 0 9
1 0 0 9
1 0 0 9
1 0 0 10
1 0 0 11
1 0 0 11
1 0 0 11
1 0 0 11
1 0 0 11
1 0 0 11
1 0 0 11
1 0 0 11
1 0 0 12
1 0 0 12
1 0 0 12
1 0 0 12
1 0 0 12
1 0 0 12
1 0 0 12
1 0 0 12
1 0 0 12
1 0 0 9
1 0 0 12
1 0 0 11
1 0 0 11
1 0 0 10
1 0 0 9
1 0 0 10
1 0 0 10
1 0 0 10
1 0 0 13
1 0 0 13
1 0 0 13
1 0 0 13
1 0 0 14
1 0 0 14
1 0 0 14
1 0 0 14
1 0 0 14
1 0 0 14
1 0 0 14
1 0 0 14
1 0 0 14
1 0 0 14
1 0 0 13
1 0 0 13
1 0 0 13
1 0 0 13
1 0 0 13
1 0 0 13
1 0 0 9
1 0 0 9
1 0 0 1
1 0 0 15
1 0 0 15
1 0 0 15
1 0 0 15
1 0 0 15
1 0 0 16
1 0 0 16
1 0 0 16
1 0 0 16
1 0 0 16
1 0 0 16
1 0 0 16
1 0 0 16
1 0 0 16
1 0 0 16
1 0 0 15
1 0 0 15
1 0 0 15
1 0 0 17
1 0 0 17
1 0 0 17
1 0 0 17
1 0 0 17
1 0 0 17
1 0 0 17
1 0 0 17
1 0 0 17
1 0 0 18
1 0 0 18
1 0 0 18
1 0 0 18
1 0 0 18
1 0 0 18
1 0 0 18
1 0 0 18
1 0 0 18
1 0 0 18
1 0 0 17
1 0 0 15
1 0 0 15
1 0 0 2
1 0 0 2
1 0 0 1
1 0 0 1
1 0 0 1
1 0 0 1
1 0 0 1
1 0 0 1
1 0 0 1
1 0 0 2
1 0 0 19
1 0 0 20
1 0 0 21
1 0 0 21
1 0 0 21
1 0 0 21
1 0 0 21
1 0 0 22
1 0 0 22
1 0 0 22
1 0 0 22
1 0 0 22
1 0 0 22
1 0 0 22
1 0 0 22
1 0 0 22
1 0 0 22
1 0 0 21
1 0 0 21
1 0 0 21
1 0 0 21
1 0 0 21
1 0 0 23
1 0 0 23
1 0 0 23
1 0 0 23
1 0 0 23
1 0 0 23
1 0 0 23
1 0 0 23
1 0 0 23
1 0 0 23
1 0 0 20
1 0 0 20
1 0 0 20
1 0 0 20
1 0 0 20
1 0 0 20
1 0 0 20
1 0 0 20
1 0 0 19
1 0 0 19
1 0 0 20
1 0 0 19
1 0 0 24
1 0 0 25
1 0 0 25
1 0 0 25
1 0 0 25
1 0 0 25
1 0 0 25
1 0 0 25
1 0 0 26
1 0 0 26
1 0 0 26
1 0 0 26
1 0 0 26
1 0 0 26
1 0 0 26
1 0 0 26
1 0 0 26
1 0 0 26
1 0 0 25
1 0 0 25
1 0 0 25
1 0 0 24
1 0 0 27
1 0 0 27
1 0 0 27
1 0 0 27
1 0 0 27
1 0 0 27
1 0 0 27
1 0 0 24
1 0 0 27
1 0 0 27
1 0 0 27
1 0 0 24
1 0 0 24
1 0 0 24
1 0 0 24
1 0 0 24
1 0 0 28
1 0 0 28
1 0 0 28
1 0 0 28
1 0 0 28
1 0 0 28
1 0 0 28
1 0 0 29
1 0 0 29
1 0 0 29
1 0 0 29
1 0 0 29
1 0 0 29
1 0 0 29
1 0 0 29
1 0 0 29
1 0 0 29
1 0 0 28
1 0 0 28
1 0 0 28
1 0 0 30
1 0 0 30
1 0 0 30
1 0 0 30
1 0 0 30
1 0 0 30
1 0 0 30
1 0 0 30
1 0 0 30
1 0 0 30
1 0 0 31
1 0 0 31
1 0 0 31
1 0 0 31
1 0 0 31
1 0 0 31
1 0 0 32
1 0 0 32
1 0 0 32
1 0 0 32
1 0 0 32
1 0 0 32
1 0 0 32
1 0 0 32
1 0 0 32
1 0 0 32
1 0 0 33
1 0 0 33
1 0 0 33
1 0 0 33
1 0 0 33
1 0 0 33
1 0 0 33
1 0 0 33
1 0 0 33
1 0 0 33
1 0 0 31
1 0 0 31
1 0 0 31
1 0 0 31
1 0 0 24
1 0 0 24
1 0 0 19
1 0 0 19
1 0 0 19
1 0 0 19
1 0 0 34
1 0 0 34
1 0 0 34
1 0 0 34
1 0 0 34
1 0 0 34
1 0 0 34
1 0 0 34
1 0 0 34
1 0 0 34
1 0 0 19
1 0 0 19
1 0 0 1
0.1 3 4 -1
0.1 5 6 -1
0.1 341 342 -1
0.1 11 12 -1
0.1 10 344 -1
0.1 9 345 -1
0.1 8 346 -1
0.1 7 347 -1
0.1 343 348 -1
0.1 18 19 -1
0.1 17 350 -1
0.1 16 351 -1
0.1 352 20 -1
0.1 21 22 -1
0.1 354 23 -1
0.1 353 355 -1
0.1 356 24 -1
0.1 15 357 -1
0.1 14 358 -1
0.1 13 359 -1
0.1 26 27 -1
0.1 29 30 -1
0.1 32 33 -1
0.1 35 36 -1
0.1 34 364 -1
0.1 363 365 -1
0.1 31 366 -1
0.1 367 37 -1
0.1 368 38 -1
0.1 362 369 -1
0.1 39 40 -1
0.1 370 371 -1
0.1 28 372 -1
0.1 361 373 -1
0.1 25 374 -1
0.1 375 41 -1
0.1 360 376 -1
0.1 377 42 -1
0.1 44 45 -1
0.1 43 379 -1
0.1 47 48 -1
0.1 46 381 -1
0.1 49 50 -1
0.1 383 51 -1
0.1 54 55 -1
0.1 53 385 -1
0.1 52 386 -1
0.1 56 57 -1
0.1 388 58 -1
0.1 387 389 -1
0.1 384 390 -1
0.1 382 391 -1
0.1 392 59 -1
0.1 61 62 -1
0.1 60 394 -1
0.1 393 395 -1
0.1 380 396 -1
0.1 378 397 -1
0.1 349 398 -1
0.1 399 63 -1
0.1 400 64 -1
0.1 65 66 -1
0.1 402 67 -1
0.1 403 68 -1
0.1 401 404 -1
0.1 2 405 -1
0.1 1 406 -1
0.1 69 70 -1
0.1 408 71 -1
0.1 409 72 -1
0.1 73 74 -1
0.1 410 411 -1
0.1 76 77 -1
0.1 78 79 -1
0.1 413 414 -1
0.1 75 415 -1
0.1 416 80 -1
0.1 81 82 -1
0.1 86 87 -1
0.1 85 419 -1
0.1 84 420 -1
0.1 83 421 -1
0.1 89 90 -1
0.1 94 95 -1
0.1 93 424 -1
0.1 92 425 -1
0.1 426 96 -1
0.1 97 98 -1
0.1 428 99 -1
0.1 427 429 -1
0.1 91 430 -1
0.1 423 431 -1
0.1 100 101 -1
0.1 432 433 -1
0.1 88 434 -1
0.1 422 435 -1
0.1 418 436 -1
0.1 103 104 -1
0.1 102 438 -1
0.1 437 439 -1
0.1 440 105 -1
0.1 441 106 -1
0.1 417 442 -1
0.1 412 443 -1
0.1 107 108 -1
0.1 112 113 -1
0.1 111 446 -1
0.1 115 116 -1
0.1 114 448 -1
0.1 117 118 -1
0.1 450 119 -1
0.1 449 451 -1
0.1 452 120 -1
0.1 447 453 -1
0.1 110 454 -1
0.1 455 121 -1
0.1 109 456 -1
0.1 122 123 -1
0.1 457 458 -1
0.1 125 126 -1
0.1 124 460 -1
0.1 459 461 -1
0.1 445 462 -1
0.1 127 128 -1
0.1 463 464 -1
0.1 444 465 -1
0.1 466 129 -1
0.1 133 134 -1
0.1 132 468 -1
0.1 131 469 -1
0.1 130 470 -1
0.1 471 135 -1
0.1 472 136 -1
0.1 137 138 -1
0.1 141 142 -1
0.1 140 475 -1
0.1 143 144 -1
0.1 476 477 -1
0.1 139 478 -1
0.1 474 479 -1
0.1 473 480 -1
0.1 145 146 -1
0.1 148 149 -1
0.1 150 151 -1
0.1 483 484 -1
0.1 152 153 -1
0.1 155 156 -1
0.1 154 487 -1
0.1 157 158 -1
0.1 489 159 -1
0.1 161 162 -1
0.1 491 163 -1
0.1 160 492 -1
0.1 490 493 -1
0.1 164 165 -1
0.1 495 166 -1
0.1 494 496 -1
0.1 497 167 -1
0.1 488 498 -1
0.1 486 499 -1
0.1 485 500 -1
0.1 501 168 -1
0.1 147 502 -1
0.1 482 503 -1
0.1 504 169 -1
0.1 481 505 -1
0.1 170 171 -1
0.1 506 507 -1
0.1 467 508 -1
0.1 407 509 -1
0.1 173 174 -1
0.1 172 511 -1
0.1 176 177 -1
0.1 175 513 -1
0.1 512 514 -1
0.1 188 189 -1
0.1 516 190 -1
0.1 192 193 -1
0.1 191 518 -1
0.1 194 195 -1
0.1 519 520 -1
0.1 517 521 -1
0.1 522 196 -1
0.1 187 523 -1
0.1 186 524 -1
0.1 185 525 -1
0.1 184 526 -1
0.1 198 199 -1
0.1 197 528 -1
0.1 529 200 -1
0.1 527 530 -1
0.1 531 201 -1
0.1 183 532 -1
0.1 182 533 -1
0.1 202 203 -1
0.1 204 205 -1
0.1 535 536 -1
0.1 206 207 -1
0.1 208 209 -1
0.1 539 210 -1
0.1 538 540 -1
0.1 537 541 -1
0.1 542 211 -1
0.1 534 543 -1
0.1 213 214 -1
0.1 215 216 -1
0.1 545 546 -1
0.1 212 547 -1
0.1 220 221 -1
0.1 549 222 -1
0.1 219 550 -1
0.1 218 551 -1
0.1 217 552 -1
0.1 548 553 -1
0.1 554 223 -1
0.1 225 226 -1
0.1 228 229 -1
0.1 227 557 -1
0.1 556 558 -1
0.1 230 231 -1
0.1 234 235 -1
0.1 561 236 -1
0.1 233 562 -1
0.1 239 240 -1
0.1 238 564 -1
0.1 237 565 -1
0.1 563 566 -1
0.1 567 241 -1
0.1 232 568 -1
0.1 560 569 -1
0.1 559 570 -1
0.1 243 244 -1
0.1 242 572 -1
0.1 571 573 -1
0.1 224 574 -1
0.1 247 248 -1
0.1 576 249 -1
0.1 577 250 -1
0.1 251 252 -1
0.1 578 579 -1
0.1 580 253 -1
0.1 581 254 -1
0.1 255 256 -1
0.1 582 583 -1
0.1 246 584 -1
0.1 257 258 -1
0.1 586 259 -1
0.1 585 587 -1
0.1 588 260 -1
0.1 262 263 -1
0.1 264 265 -1
0.1 590 591 -1
0.1 267 268 -1
0.1 266 593 -1
0.1 592 594 -1
0.1 269 270 -1
0.1 271 272 -1
0.1 273 274 -1
0.1 598 275 -1
0.1 277 278 -1
0.1 276 600 -1
0.1 599 601 -1
0.1 597 602 -1
0.1 596 603 -1
0.1 604 279 -1
0.1 280 281 -1
0.1 605 606 -1
0.1 595 607 -1
0.1 282 283 -1
0.1 609 284 -1
0.1 610 285 -1
0.1 286 287 -1
0.1 288 289 -1
0.1 613 290 -1
0.1 614 291 -1
0.1 612 615 -1
0.1 611 616 -1
0.1 608 617 -1
0.1 261 618 -1
0.1 589 619 -1
0.1 292 293 -1
0.1 294 295 -1
0.1 299 300 -1
0.1 302 303 -1
0.1 624 304 -1
0.1 306 307 -1
0.1 305 626 -1
0.1 308 309 -1
0.1 628 310 -1
0.1 312 313 -1
0.1 311 630 -1
0.1 631 314 -1
0.1 632 315 -1
0.1 633 316 -1
0.1 634 317 -1
0.1 629 635 -1
0.1 627 636 -1
0.1 625 637 -1
0.1 301 638 -1
0.1 623 639 -1
0.1 298 640 -1
0.1 297 641 -1
0.1 318 319 -1
0.1 642 643 -1
0.1 296 644 -1
0.1 622 645 -1
0.1 621 646 -1
0.1 320 321 -1
0.1 647 648 -1
0.1 649 322 -1
0.1 620 650 -1
0.1 651 323 -1
0.1 245 652 -1
0.1 575 653 -1
0.1 326 327 -1
0.1 329 330 -1
0.1 328 656 -1
0.1 657 331 -1
0.1 334 335 -1
0.1 336 337 -1
0.1 659 660 -1
0.1 333 661 -1
0.1 332 662 -1
0.1 658 663 -1
0.1 655 664 -1
0.1 338 339 -1
0.1 665 666 -1
0.1 325 667 -1
0.1 324 668 -1
0.1 654 669 -1
0.1 555 670 -1
0.1 544 671 -1
0.1 181 672 -1
0.1 180 673 -1
0.1 179 674 -1
0.1 178 675 -1
0.1 515 676 -1
0.1 677 340 -1
0.1 510 678 -1
