1 0 0 1
1 0 0 1
1 0 0 1
1 0 0 1
1 0 0 1
1 0 0 1
1 0 0 1
1 0 0 1
1 0 0 1
1 0 0 1
1 0 0 1
1 0 0 2
1 0 0 2
1 0 0 2
1 0 0 2
1 0 0 2
1 0 0 2
1 0 0 2
1 0 0 2
1 0 0 2
1 0 0 2
1 0 0 2
1 0 0 2
1 0 0 2
1 0 0 2
1 0 0 2
1 0 0 2
1 0 0 2
1 0 0 2
1 0 0 2
1 0 0 2
1 0 0 1
1 0 0 1
1 0 0 1
1 0 0 1
1 0 0 1
1 0 0 1
1 0 0 1
1 0 0 1
1 0 0 3
1 0 0 3
1 0 0 3
1 0 0 3
1 0 0 3
1 0 0 3
1 0 0 3
1 0 0 3
1 0 0 3
1 0 0 3
1 0 0 3
1 0 0 3
1 0 0 3
1 0 0 3
1 0 0 3
1 0 0 3
1 0 0 3
1 0 0 3
1 0 0 3
1 0 0 3
1 0 0 4
1 0 0 4
1 0 0 4
1 0 0 4
1 0 0 4
1 0 0 4
1 0 0 4
1 0 0 4
1 0 0 4
1 0 0 4
1 0 0 4
1 0 0 4
1 0 0 4
1 0 0 4
1 0 0 4
1 0 0 4
1 0 0 4
1 0 0 4
1 0 0 4
1 0 0 4
1 0 0 1
1 0 0 5
1 0 0 5
1 0 0 5
1 0 0 5
1 0 0 5
1 0 0 5
1 0 0 5
1 0 0 5
1 0 0 5
1 0 0 5
1 0 0 5
1 0 0 5
1 0 0 6
1 0 0 6
1 0 0 6
1 0 0 6
1 0 0 6
1 0 0 6
1 0 0 6
1 0 0 6
1 0 0 6
1 0 0 6
1 0 0 6
1 0 0 6
1 0 0 6
1 0 0 6
1 0 0 6
1 0 0 6
1 0 0 6
1 0 0 6
1 0 0 6
1 0 0 6
1 0 0 7
1 0 0 7
1 0 0 7
1 0 0 7
1 0 0 7
1 0 0 7
1 0 0 7
1 0 0 8
1 0 0 8
1 0 0 8
1 0 0 8
1 0 0 8
1 0 0 8
1 0 0 8
1 0 0 8
1 0 0 8
1 0 0 8
1 0 0 8
1 0 0 8
1 0 0 8
1 0 0 8
1 0 0 8
1 0 0 8
1 0 0 8
1 0 0 8
1 0 0 8
1 0 0 8
1 0 0 7
1 0 0 7
1 0 0 7
1 0 0 7
1 0 0 7
1 0 0 7
1 0 0 7
1 0 0 7
1 0 0 7
1 0 0 7
1 0 0 7
1 0 0 7
1 0 0 7
1 0 0 9
1 0 0 9
1 0 0 9
1 0 0 9
1 0 0 9
1 0 0 9
1 0 0 9
1 0 0 9
1 0 0 9
1 0 0 9
1 0 0 9
1 0 0 9
1 0 0 10
1 0 0 10
1 0 0 10
1 0 0 10
1 0 0 10
1 0 0 10
1 0 0 10
1 0 0 10
1 0 0 10
1 0 0 10
1 0 0 10
1 0 0 10
1 0 0 10
1 0 0 10
1 0 0 10
1 0 0 10
1 0 0 11
1 0 0 11
1 0 0 11
1 0 0 11
1 0 0 11
1 0 0 11
1 0 0 11
1 0 0 11
1 0 0 10
1 0 0 10
1 0 0 10
1 0 0 10
1 0 0 11
1 0 0 11
1 0 0 11
1 0 0 11
1 0 0 11
1 0 0 11
1 0 0 11
1 0 0 11
1 0 0 11
1 0 0 11
1 0 0 11
1 0 0 11
1 0 0 9
1 0 0 9
1 0 0 9
1 0 0 9
1 0 0 9
1 0 0 9
1 0 0 9
1 0 0 9
1 0 0 12
1 0 0 12
1 0 0 12
1 0 0 13
1 0 0 13
1 0 0 13
1 0 0 13
1 0 0 13
1 0 0 13
1 0 0 13
1 0 0 13
1 0 0 13
1 0 0 13
1 0 0 13
1 0 0 13
1 0 0 13
1 0 0 13
1 0 0 13
1 0 0 13
1 0 0 13
1 0 0 13
1 0 0 13
1 0 0 13
1 0 0 12
1 0 0 12
1 0 0 12
1 0 0 12
1 0 0 12
1 0 0 12
1 0 0 12
1 0 0 12
1 0 0 12
1 0 0 12
1 0 0 14
1 0 0 14
1 0 0 14
1 0 0 14
1 0 0 14
1 0 0 14
1 0 0 14
1 0 0 14
1 0 0 14
1 0 0 14
1 0 0 14
1 0 0 14
1 0 0 14
1 0 0 14
1 0 0 14
1 0 0 14
1 0 0 14
1 0 0 14
1 0 0 14
1 0 0 14
1 0 0 12
1 0 0 12
1 0 0 12
1 0 0 12
1 0 0 15
1 0 0 15
1 0 0 15
1 0 0 15
1 0 0 15
1 0 0 15
1 0 0 15
1 0 0 15
1 0 0 15
1 0 0 15
1 0 0 15
1 0 0 15
1 0 0 15
1 0 0 15
1 0 0 15
1 0 0 15
1 0 0 15
1 0 0 15
1 0 0 15
1 0 0 15
1 0 0 16
1 0 0 16
1 0 0 16
1 0 0 16
1 0 0 16
1 0 0 16
1 0 0 16
1 0 0 16
1 0 0 16
1 0 0 16
1 0 0 16
1 0 0 16
1 0 0 16
1 0 0 16
1 0 0 16
1 0 0 16
1 0 0 16
1 0 0 16
1 0 0 16
1 0 0 16
1 0 0 12
1 0 0 12
1 0 0 12
1 0 0 17
1 0 0 17
1 0 0 17
1 0 0 17
1 0 0 17
1 0 0 17
1 0 0 17
1 0 0 17
1 0 0 17
1 0 0 17
1 0 0 17
1 0 0 17
1 0 0 17
1 0 0 17
1 0 0 17
1 0 0 17
1 0 0 17
1 0 0 17
1 0 0 17
1 0 0 17
1 0 0 18
1 0 0 18
1 0 0 18
1 0 0 18
1 0 0 18
1 0 0 18
1 0 0 18
1 0 0 18
1 0 0 18
1 0 0 18
1 0 0 18
1 0 0 18
1 0 0 18
1 0 0 18
1 0 0 18
1 0 0 18
1 0 0 18
1 0 0 18
1 0 0 18
1 0 0 18
1 0 0 19
1 0 0 19
1 0 0 19
1 0 0 19
1 0 0 19
1 0 0 19
1 0 0 19
1 0 0 19
1 0 0 19
1 0 0 19
1 0 0 19
1 0 0 19
1 0 0 19
1 0 0 19
1 0 0 19
1 0 0 19
1 0 0 19
1 0 0 19
1 0 0 19
1 0 0 19
1 0 0 20
1 0 0 20
1 0 0 21
1 0 0 21
1 0 0 21
1 0 0 21
1 0 0 21
1 0 0 21
1 0 0 21
1 0 0 21
1 0 0 21
1 0 0 21
1 0 0 21
1 0 0 21
1 0 0 21
1 0 0 21
1 0 0 21
1 0 0 21
1 0 0 21
1 0 0 21
1 0 0 21
1 0 0 21
1 0 0 20
1 0 0 20
1 0 0 20
1 0 0 20
1 0 0 22
1 0 0 22
1 0 0 22
1 0 0 22
1 0 0 22
1 0 0 22
1 0 0 22
1 0 0 22
1 0 0 22
1 0 0 22
1 0 0 22
1 0 0 22
1 0 0 22
1 0 0 22
1 0 0 22
1 0 0 22
1 0 0 22
1 0 0 22
1 0 0 22
1 0 0 22
1 0 0 20
1 0 0 20
1 0 0 20
1 0 0 20
1 0 0 20
1 0 0 23
1 0 0 23
1 0 0 23
1 0 0 23
1 0 0 23
1 0 0 23
1 0 0 23
1 0 0 23
1 0 0 23
1 0 0 23
1 0 0 23
1 0 0 23
1 0 0 23
1 0 0 23
1 0 0 23
1 0 0 23
1 0 0 23
1 0 0 23
1 0 0 23
1 0 0 23
1 0 0 20
1 0 0 20
1 0 0 20
1 0 0 20
1 0 0 24
1 0 0 24
1 0 0 24
1 0 0 24
1 0 0 24
1 0 0 24
1 0 0 24
1 0 0 24
1 0 0 24
1 0 0 24
1 0 0 24
1 0 0 24
1 0 0 24
1 0 0 24
1 0 0 24
1 0 0 24
1 0 0 24
1 0 0 24
1 0 0 24
1 0 0 24
1 0 0 20
1 0 0 20
1 0 0 20
1 0 0 20
1 0 0 20
1 0 0 25
1 0 0 25
1 0 0 25
1 0 0 25
1 0 0 25
1 0 0 25
1 0 0 25
1 0 0 25
1 0 0 25
1 0 0 25
1 0 0 25
1 0 0 25
1 0 0 26
1 0 0 26
1 0 0 26
1 0 0 26
1 0 0 26
1 0 0 26
1 0 0 26
1 0 0 26
1 0 0 26
1 0 0 26
1 0 0 26
1 0 0 26
1 0 0 26
1 0 0 26
1 0 0 26
1 0 0 26
1 0 0 26
1 0 0 26
1 0 0 26
1 0 0 26
1 0 0 27
1 0 0 27
1 0 0 27
1 0 0 27
1 0 0 27
1 0 0 27
1 0 0 27
1 0 0 27
1 0 0 27
1 0 0 27
1 0 0 27
1 0 0 27
1 0 0 27
1 0 0 27
1 0 0 27
1 0 0 27
1 0 0 27
1 0 0 27
1 0 0 27
1 0 0 27
1 0 0 25
1 0 0 25
1 0 0 25
1 0 0 25
1 0 0 25
1 0 0 25
1 0 0 25
1 0 0 25
1 0 0 28
1 0 0 28
1 0 0 28
1 0 0 28
1 0 0 28
1 0 0 28
1 0 0 28
1 0 0 28
1 0 0 28
1 0 0 28
1 0 0 28
1 0 0 28
1 0 0 28
1 0 0 28
1 0 0 28
1 0 0 28
1 0 0 28
1 0 0 28
1 0 0 28
1 0 0 28
1 0 0 29
1 0 0 29
1 0 0 29
1 0 0 29
1 0 0 29
1 0 0 29
1 0 0 29
1 0 0 29
1 0 0 29
1 0 0 29
1 0 0 29
1 0 0 29
1 0 0 29
1 0 0 29
1 0 0 29
1 0 0 29
1 0 0 29
1 0 0 29
1 0 0 29
1 0 0 29
1 0 0 5
1 0 0 5
1 0 0 5
1 0 0 5
1 0 0 5
1 0 0 5
1 0 0 5
1 0 0 5
1 0 0 30
1 0 0 30
1 0 0 30
1 0 0 30
1 0 0 30
1 0 0 30
1 0 0 30
1 0 0 30
1 0 0 30
1 0 0 31
1 0 0 31
1 0 0 31
1 0 0 31
1 0 0 31
1 0 0 31
1 0 0 31
1 0 0 31
1 0 0 31
1 0 0 31
1 0 0 31
1 0 0 31
1 0 0 31
1 0 0 31
1 0 0 31
1 0 0 31
1 0 0 31
1 0 0 31
1 0 0 31
1 0 0 31
1 0 0 30
1 0 0 30
1 0 0 30
1 0 0 30
1 0 0 30
1 0 0 32
1 0 0 32
1 0 0 32
1 0 0 32
1 0 0 32
1 0 0 32
1 0 0 32
1 0 0 32
1 0 0 32
1 0 0 32
1 0 0 32
1 0 0 32
1 0 0 32
1 0 0 32
1 0 0 32
1 0 0 32
1 0 0 32
1 0 0 32
1 0 0 32
1 0 0 32
1 0 0 30
1 0 0 30
1 0 0 30
1 0 0 30
1 0 0 30
1 0 0 30
1 0 0 33
1 0 0 33
1 0 0 33
1 0 0 33
1 0 0 33
1 0 0 33
1 0 0 33
1 0 0 34
1 0 0 34
1 0 0 34
1 0 0 34
1 0 0 34
1 0 0 34
1 0 0 34
1 0 0 34
1 0 0 34
1 0 0 34
1 0 0 34
1 0 0 34
1 0 0 34
1 0 0 34
1 0 0 34
1 0 0 34
1 0 0 34
1 0 0 34
1 0 0 34
1 0 0 34
1 0 0 33
1 0 0 33
1 0 0 33
1 0 0 33
1 0 0 33
1 0 0 33
1 0 0 33
1 0 0 33
1 0 0 33
1 0 0 33
1 0 0 33
1 0 0 33
1 0 0 33
1 0 0 35
1 0 0 35
1 0 0 35
1 0 0 35
1 0 0 35
1 0 0 35
1 0 0 35
1 0 0 35
1 0 0 35
1 0 0 35
1 0 0 35
1 0 0 35
1 0 0 35
1 0 0 35
1 0 0 35
1 0 0 35
1 0 0 35
1 0 0 35
1 0 0 35
1 0 0 35
1 0 0 36
1 0 0 36
1 0 0 36
1 0 0 36
1 0 0 36
1 0 0 36
1 0 0 36
1 0 0 36
1 0 0 36
1 0 0 36
1 0 0 36
1 0 0 36
1 0 0 36
1 0 0 36
1 0 0 36
1 0 0 36
1 0 0 36
1 0 0 36
1 0 0 36
1 0 0 36
1 0 0 37
1 0 0 37
1 0 0 37
1 0 0 37
1 0 0 37
1 0 0 37
1 0 0 37
1 0 0 37
1 0 0 37
1 0 0 37
1 0 0 37
1 0 0 37
1 0 0 37
1 0 0 37
1 0 0 37
1 0 0 37
1 0 0 37
1 0 0 37
1 0 0 37
1 0 0 37
1 0 0 38
1 0 0 38
1 0 0 38
1 0 0 38
1 0 0 38
1 0 0 38
1 0 0 38
1 0 0 38
1 0 0 38
1 0 0 38
1 0 0 38
1 0 0 38
1 0 0 38
1 0 0 38
1 0 0 38
1 0 0 38
1 0 0 38
1 0 0 38
1 0 0 38
1 0 0 38
1 0 0 39
1 0 0 39
1 0 0 39
1 0 0 39
1 0 0 40
1 0 0 40
1 0 0 40
1 0 0 40
1 0 0 40
1 0 0 40
1 0 0 40
1 0 0 40
1 0 0 40
1 0 0 40
1 0 0 40
1 0 0 40
1 0 0 40
1 0 0 40
1 0 0 40
1 0 0 40
1 0 0 40
1 0 0 40
1 0 0 40
1 0 0 40
1 0 0 39
1 0 0 39
1 0 0 39
1 0 0 39
1 0 0 39
1 0 0 39
1 0 0 39
1 0 0 39
1 0 0 39
1 0 0 39
1 0 0 39
1 0 0 39
1 0 0 39
1 0 0 39
1 0 0 39
1 0 0 39
1 0 0 41
1 0 0 41
1 0 0 41
1 0 0 41
1 0 0 41
1 0 0 41
1 0 0 41
1 0 0 41
1 0 0 42
1 0 0 42
1 0 0 42
1 0 0 42
1 0 0 42
1 0 0 42
1 0 0 42
1 0 0 42
1 0 0 42
1 0 0 42
1 0 0 42
1 0 0 42
1 0 0 42
1 0 0 42
1 0 0 42
1 0 0 42
1 0 0 42
1 0 0 42
1 0 0 42
1 0 0 42
1 0 0 43
1 0 0 43
1 0 0 43
1 0 0 43
1 0 0 43
1 0 0 43
1 0 0 43
1 0 0 43
1 0 0 43
1 0 0 43
1 0 0 43
1 0 0 43
1 0 0 43
1 0 0 43
1 0 0 43
1 0 0 43
1 0 0 43
1 0 0 43
1 0 0 44
1 0 0 44
1 0 0 44
1 0 0 44
1 0 0 44
1 0 0 44
1 0 0 44
1 0 0 44
1 0 0 44
1 0 0 44
1 0 0 44
1 0 0 44
1 0 0 44
1 0 0 44
1 0 0 44
1 0 0 44
1 0 0 44
1 0 0 44
1 0 0 44
1 0 0 44
1 0 0 43
1 0 0 43
1 0 0 41
1 0 0 41
1 0 0 41
1 0 0 41
1 0 0 41
1 0 0 41
1 0 0 41
1 0 0 41
1 0 0 41
1 0 0 45
1 0 0 45
1 0 0 45
1 0 0 45
1 0 0 45
1 0 0 45
1 0 0 45
1 0 0 45
1 0 0 45
1 0 0 45
1 0 0 45
1 0 0 45
1 0 0 46
1 0 0 46
1 0 0 46
1 0 0 46
1 0 0 46
1 0 0 46
1 0 0 46
1 0 0 46
1 0 0 46
1 0 0 47
1 0 0 47
1 0 0 47
1 0 0 47
1 0 0 47
1 0 0 47
1 0 0 47
1 0 0 47
1 0 0 47
1 0 0 47
1 0 0 47
1 0 0 47
1 0 0 47
1 0 0 47
1 0 0 47
1 0 0 47
1 0 0 47
1 0 0 47
1 0 0 47
1 0 0 47
1 0 0 46
1 0 0 46
1 0 0 46
1 0 0 46
1 0 0 46
1 0 0 46
1 0 0 46
1 0 0 46
1 0 0 46
1 0 0 48
1 0 0 48
1 0 0 48
1 0 0 48
1 0 0 48
1 0 0 48
1 0 0 48
1 0 0 48
1 0 0 48
1 0 0 48
1 0 0 48
1 0 0 48
1 0 0 48
1 0 0 48
1 0 0 49
1 0 0 49
1 0 0 49
1 0 0 49
1 0 0 49
1 0 0 49
1 0 0 49
1 0 0 49
1 0 0 49
1 0 0 49
1 0 0 49
1 0 0 49
1 0 0 49
1 0 0 49
1 0 0 49
1 0 0 49
1 0 0 49
1 0 0 49
1 0 0 49
1 0 0 49
1 0 0 48
1 0 0 48
1 0 0 50
1 0 0 50
1 0 0 50
1 0 0 50
1 0 0 50
1 0 0 50
1 0 0 50
1 0 0 50
1 0 0 50
1 0 0 50
1 0 0 50
1 0 0 50
1 0 0 50
1 0 0 50
1 0 0 50
1 0 0 50
1 0 0 50
1 0 0 50
1 0 0 50
1 0 0 50
1 0 0 48
1 0 0 48
1 0 0 48
1 0 0 48
1 0 0 46
1 0 0 46
1 0 0 45
1 0 0 45
1 0 0 41
1 0 0 45
1 0 0 45
1 0 0 45
1 0 0 45
1 0 0 45
1 0 0 45
1 0 0 41
1 0 0 41
0.1 2 3 -1
0.1 1 1001 -1
0.1 4 5 -1
0.1 1002 1003 -1
0.1 7 8 -1
0.1 6 1005 -1
0.1 1004 1006 -1
0.1 9 10 -1
0.1 12 13 -1
0.1 14 15 -1
0.1 16 17 -1
0.1 18 19 -1
0.1 1012 20 -1
0.1 1011 1013 -1
0.1 1010 1014 -1
0.1 21 22 -1
0.1 23 24 -1
0.1 1016 1017 -1
0.1 1015 1018 -1
0.1 25 26 -1
0.1 27 28 -1
0.1 1020 1021 -1
0.1 29 30 -1
0.1 1023 31 -1
0.1 1022 1024 -1
0.1 1019 1025 -1
0.1 1009 1026 -1
0.1 11 1027 -1
0.1 1008 1028 -1
0.1 32 33 -1
0.1 1030 34 -1
0.1 38 39 -1
0.1 37 1032 -1
0.1 43 44 -1
0.1 42 1034 -1
0.1 41 1035 -1
0.1 40 1036 -1
0.1 46 47 -1
0.1 1038 48 -1
0.1 45 1039 -1
0.1 1040 49 -1
0.1 1037 1041 -1
0.1 50 51 -1
0.1 53 54 -1
0.1 52 1044 -1
0.1 1043 1045 -1
0.1 57 58 -1
0.1 1047 59 -1
0.1 56 1048 -1
0.1 55 1049 -1
0.1 1046 1050 -1
0.1 1042 1051 -1
0.1 60 61 -1
0.1 62 63 -1
0.1 1053 1054 -1
0.1 64 65 -1
0.1 1055 1056 -1
0.1 67 68 -1
0.1 1058 69 -1
0.1 1059 70 -1
0.1 66 1060 -1
0.1 71 72 -1
0.1 75 76 -1
0.1 74 1063 -1
0.1 73 1064 -1
0.1 77 78 -1
0.1 1065 1066 -1
0.1 1062 1067 -1
0.1 1061 1068 -1
0.1 1057 1069 -1
0.1 1070 79 -1
0.1 1052 1071 -1
0.1 1033 1072 -1
0.1 36 1073 -1
0.1 35 1074 -1
0.1 1031 1075 -1
0.1 1076 80 -1
0.1 1029 1077 -1
0.1 1007 1078 -1
0.1 83 84 -1
0.1 82 1080 -1
0.1 81 1081 -1
0.1 1082 85 -1
0.1 86 87 -1
0.1 1084 88 -1
0.1 1085 89 -1
0.1 90 91 -1
0.1 94 95 -1
0.1 96 97 -1
0.1 1088 1089 -1
0.1 100 101 -1
0.1 1091 102 -1
0.1 99 1092 -1
0.1 103 104 -1
0.1 105 106 -1
0.1 1094 1095 -1
0.1 1093 1096 -1
0.1 107 108 -1
0.1 1098 109 -1
0.1 1099 110 -1
0.1 1097 1100 -1
0.1 111 112 -1
0.1 1101 1102 -1
0.1 98 1103 -1
0.1 1090 1104 -1
0.1 93 1105 -1
0.1 92 1106 -1
0.1 1087 1107 -1
0.1 1086 1108 -1
0.1 1083 1109 -1
0.1 113 114 -1
0.1 115 116 -1
0.1 1112 117 -1
0.1 1111 1113 -1
0.1 118 119 -1
0.1 1114 1115 -1
0.1 122 123 -1
0.1 1117 124 -1
0.1 121 1118 -1
0.1 120 1119 -1
0.1 125 126 -1
0.1 128 129 -1
0.1 127 1122 -1
0.1 1121 1123 -1
0.1 1120 1124 -1
0.1 132 133 -1
0.1 131 1126 -1
0.1 1127 134 -1
0.1 130 1128 -1
0.1 1129 135 -1
0.1 1130 136 -1
0.1 1125 1131 -1
0.1 138 139 -1
0.1 137 1133 -1
0.1 1132 1134 -1
0.1 140 141 -1
0.1 144 145 -1
0.1 143 1137 -1
0.1 142 1138 -1
0.1 146 147 -1
0.1 1139 1140 -1
0.1 1136 1141 -1
0.1 1135 1142 -1
0.1 149 150 -1
0.1 148 1144 -1
0.1 1143 1145 -1
0.1 151 152 -1
0.1 1146 1147 -1
0.1 1116 1148 -1
0.1 153 154 -1
0.1 156 157 -1
0.1 155 1151 -1
0.1 1150 1152 -1
0.1 159 160 -1
0.1 158 1154 -1
0.1 163 164 -1
0.1 162 1156 -1
0.1 161 1157 -1
0.1 1155 1158 -1
0.1 166 167 -1
0.1 165 1160 -1
0.1 168 169 -1
0.1 1162 170 -1
0.1 1163 171 -1
0.1 173 174 -1
0.1 172 1165 -1
0.1 176 177 -1
0.1 175 1167 -1
0.1 1166 1168 -1
0.1 178 179 -1
0.1 1169 1170 -1
0.1 1171 180 -1
0.1 1164 1172 -1
0.1 1161 1173 -1
0.1 181 182 -1
0.1 184 185 -1
0.1 186 187 -1
0.1 1177 188 -1
0.1 1176 1178 -1
0.1 183 1179 -1
0.1 1175 1180 -1
0.1 189 190 -1
0.1 191 192 -1
0.1 1182 1183 -1
0.1 195 196 -1
0.1 194 1185 -1
0.1 193 1186 -1
0.1 197 198 -1
0.1 199 200 -1
0.1 201 202 -1
0.1 1189 1190 -1
0.1 1188 1191 -1
0.1 1192 203 -1
0.1 1193 204 -1
0.1 1187 1194 -1
0.1 1184 1195 -1
0.1 1181 1196 -1
0.1 1174 1197 -1
0.1 206 207 -1
0.1 1199 208 -1
0.1 205 1200 -1
0.1 210 211 -1
0.1 209 1202 -1
0.1 1203 212 -1
0.1 1201 1204 -1
0.1 1198 1205 -1
0.1 1159 1206 -1
0.1 1153 1207 -1
0.1 218 219 -1
0.1 217 1209 -1
0.1 221 222 -1
0.1 220 1211 -1
0.1 1210 1212 -1
0.1 216 1213 -1
0.1 224 225 -1
0.1 1215 226 -1
0.1 223 1216 -1
0.1 228 229 -1
0.1 227 1218 -1
0.1 1217 1219 -1
0.1 230 231 -1
0.1 234 235 -1
0.1 233 1222 -1
0.1 232 1223 -1
0.1 1221 1224 -1
0.1 1220 1225 -1
0.1 1214 1226 -1
0.1 215 1227 -1
0.1 214 1228 -1
0.1 213 1229 -1
0.1 1208 1230 -1
0.1 236 237 -1
0.1 239 240 -1
0.1 238 1233 -1
0.1 1232 1234 -1
0.1 242 243 -1
0.1 244 245 -1
0.1 1236 1237 -1
0.1 241 1238 -1
0.1 1235 1239 -1
0.1 1231 1240 -1
0.1 1149 1241 -1
0.1 246 247 -1
0.1 249 250 -1
0.1 248 1244 -1
0.1 1243 1245 -1
0.1 251 252 -1
0.1 1247 253 -1
0.1 255 256 -1
0.1 1249 257 -1
0.1 254 1250 -1
0.1 1248 1251 -1
0.1 259 260 -1
0.1 263 264 -1
0.1 262 1254 -1
0.1 261 1255 -1
0.1 1253 1256 -1
0.1 1257 265 -1
0.1 258 1258 -1
0.1 1252 1259 -1
0.1 1246 1260 -1
0.1 268 269 -1
0.1 267 1262 -1
0.1 266 1263 -1
0.1 270 271 -1
0.1 273 274 -1
0.1 272 1266 -1
0.1 1265 1267 -1
0.1 277 278 -1
0.1 276 1269 -1
0.1 280 281 -1
0.1 282 283 -1
0.1 1271 1272 -1
0.1 279 1273 -1
0.1 1270 1274 -1
0.1 285 286 -1
0.1 284 1276 -1
0.1 287 288 -1
0.1 1278 289 -1
0.1 1277 1279 -1
0.1 1275 1280 -1
0.1 275 1281 -1
0.1 1268 1282 -1
0.1 1264 1283 -1
0.1 1261 1284 -1
0.1 1242 1285 -1
0.1 293 294 -1
0.1 292 1287 -1
0.1 1288 295 -1
0.1 291 1289 -1
0.1 290 1290 -1
0.1 297 298 -1
0.1 1292 299 -1
0.1 300 301 -1
0.1 1293 1294 -1
0.1 296 1295 -1
0.1 303 304 -1
0.1 1297 305 -1
0.1 306 307 -1
0.1 1298 1299 -1
0.1 308 309 -1
0.1 1300 1301 -1
0.1 302 1302 -1
0.1 1296 1303 -1
0.1 1291 1304 -1
0.1 1286 1305 -1
0.1 311 312 -1
0.1 310 1307 -1
0.1 1306 1308 -1
0.1 313 314 -1
0.1 316 317 -1
0.1 315 1311 -1
0.1 1310 1312 -1
0.1 319 320 -1
0.1 321 322 -1
0.1 324 325 -1
0.1 323 1316 -1
0.1 1315 1317 -1
0.1 1314 1318 -1
0.1 318 1319 -1
0.1 326 327 -1
0.1 329 330 -1
0.1 328 1322 -1
0.1 1321 1323 -1
0.1 1324 331 -1
0.1 1325 332 -1
0.1 1320 1326 -1
0.1 1313 1327 -1
0.1 333 334 -1
0.1 1329 335 -1
0.1 1330 336 -1
0.1 340 341 -1
0.1 1332 342 -1
0.1 339 1333 -1
0.1 338 1334 -1
0.1 343 344 -1
0.1 1335 1336 -1
0.1 345 346 -1
0.1 349 350 -1
0.1 348 1339 -1
0.1 347 1340 -1
0.1 351 352 -1
0.1 1341 1342 -1
0.1 1338 1343 -1
0.1 1337 1344 -1
0.1 337 1345 -1
0.1 1331 1346 -1
0.1 354 355 -1
0.1 357 358 -1
0.1 359 360 -1
0.1 1349 1350 -1
0.1 356 1351 -1
0.1 363 364 -1
0.1 362 1353 -1
0.1 1354 365 -1
0.1 361 1355 -1
0.1 366 367 -1
0.1 1357 368 -1
0.1 369 370 -1
0.1 371 372 -1
0.1 1359 1360 -1
0.1 1358 1361 -1
0.1 1356 1362 -1
0.1 1352 1363 -1
0.1 1348 1364 -1
0.1 353 1365 -1
0.1 1347 1366 -1
0.1 1328 1367 -1
0.1 373 374 -1
0.1 375 376 -1
0.1 377 378 -1
0.1 380 381 -1
0.1 379 1372 -1
0.1 382 383 -1
0.1 1373 1374 -1
0.1 384 385 -1
0.1 1375 1376 -1
0.1 387 388 -1
0.1 386 1378 -1
0.1 1377 1379 -1
0.1 1371 1380 -1
0.1 1370 1381 -1
0.1 389 390 -1
0.1 1382 1383 -1
0.1 391 392 -1
0.1 393 394 -1
0.1 1385 1386 -1
0.1 1384 1387 -1
0.1 395 396 -1
0.1 397 398 -1
0.1 1389 1390 -1
0.1 1388 1391 -1
0.1 1369 1392 -1
0.1 401 402 -1
0.1 400 1394 -1
0.1 399 1395 -1
0.1 403 404 -1
0.1 405 406 -1
0.1 1397 1398 -1
0.1 1399 407 -1
0.1 409 410 -1
0.1 408 1401 -1
0.1 411 412 -1
0.1 1403 413 -1
0.1 1402 1404 -1
0.1 1400 1405 -1
0.1 414 415 -1
0.1 416 417 -1
0.1 1408 418 -1
0.1 1407 1409 -1
0.1 1406 1410 -1
0.1 1396 1411 -1
0.1 1393 1412 -1
0.1 420 421 -1
0.1 419 1414 -1
0.1 1415 422 -1
0.1 425 426 -1
0.1 424 1417 -1
0.1 427 428 -1
0.1 430 431 -1
0.1 429 1420 -1
0.1 434 435 -1
0.1 433 1422 -1
0.1 432 1423 -1
0.1 1421 1424 -1
0.1 436 437 -1
0.1 440 441 -1
0.1 439 1427 -1
0.1 438 1428 -1
0.1 1426 1429 -1
0.1 442 443 -1
0.1 1430 1431 -1
0.1 1425 1432 -1
0.1 1419 1433 -1
0.1 1418 1434 -1
0.1 423 1435 -1
0.1 1416 1436 -1
0.1 1413 1437 -1
0.1 444 445 -1
0.1 1439 446 -1
0.1 451 452 -1
0.1 450 1441 -1
0.1 454 455 -1
0.1 453 1443 -1
0.1 1442 1444 -1
0.1 449 1445 -1
0.1 448 1446 -1
0.1 458 459 -1
0.1 461 462 -1
0.1 460 1449 -1
0.1 1450 463 -1
0.1 1448 1451 -1
0.1 457 1452 -1
0.1 465 466 -1
0.1 464 1454 -1
0.1 1455 467 -1
0.1 1453 1456 -1
0.1 456 1457 -1
0.1 1447 1458 -1
0.1 447 1459 -1
0.1 1440 1460 -1
0.1 469 470 -1
0.1 468 1462 -1
0.1 471 472 -1
0.1 1463 1464 -1
0.1 1461 1465 -1
0.1 1438 1466 -1
0.1 1368 1467 -1
0.1 1309 1468 -1
0.1 473 474 -1
0.1 476 477 -1
0.1 478 479 -1
0.1 1472 480 -1
0.1 1471 1473 -1
0.1 475 1474 -1
0.1 483 484 -1
0.1 482 1476 -1
0.1 481 1477 -1
0.1 1475 1478 -1
0.1 1470 1479 -1
0.1 1469 1480 -1
0.1 485 486 -1
0.1 487 488 -1
0.1 489 490 -1
0.1 491 492 -1
0.1 1484 1485 -1
0.1 494 495 -1
0.1 493 1487 -1
0.1 496 497 -1
0.1 1489 498 -1
0.1 499 500 -1
0.1 1490 1491 -1
0.1 1488 1492 -1
0.1 502 503 -1
0.1 1494 504 -1
0.1 501 1495 -1
0.1 1493 1496 -1
0.1 1486 1497 -1
0.1 1483 1498 -1
0.1 1482 1499 -1
0.1 505 506 -1
0.1 508 509 -1
0.1 507 1502 -1
0.1 1501 1503 -1
0.1 1504 510 -1
0.1 511 512 -1
0.1 515 516 -1
0.1 514 1507 -1
0.1 513 1508 -1
0.1 518 519 -1
0.1 517 1510 -1
0.1 1509 1511 -1
0.1 1506 1512 -1
0.1 1505 1513 -1
0.1 520 521 -1
0.1 523 524 -1
0.1 522 1516 -1
0.1 1515 1517 -1
0.1 1514 1518 -1
0.1 1500 1519 -1
0.1 525 526 -1
0.1 528 529 -1
0.1 527 1522 -1
0.1 1521 1523 -1
0.1 530 531 -1
0.1 1525 532 -1
0.1 533 534 -1
0.1 536 537 -1
0.1 542 543 -1
0.1 541 1529 -1
0.1 540 1530 -1
0.1 539 1531 -1
0.1 538 1532 -1
0.1 1528 1533 -1
0.1 535 1534 -1
0.1 544 545 -1
0.1 1535 1536 -1
0.1 1527 1537 -1
0.1 547 548 -1
0.1 546 1539 -1
0.1 1540 549 -1
0.1 551 552 -1
0.1 550 1542 -1
0.1 1541 1543 -1
0.1 1538 1544 -1
0.1 1526 1545 -1
0.1 553 554 -1
0.1 556 557 -1
0.1 555 1548 -1
0.1 559 560 -1
0.1 558 1550 -1
0.1 1549 1551 -1
0.1 561 562 -1
0.1 1553 563 -1
0.1 1554 564 -1
0.1 565 566 -1
0.1 1556 567 -1
0.1 1555 1557 -1
0.1 1552 1558 -1
0.1 1547 1559 -1
0.1 569 570 -1
0.1 568 1561 -1
0.1 1562 571 -1
0.1 1563 572 -1
0.1 1560 1564 -1
0.1 1546 1565 -1
0.1 1524 1566 -1
0.1 573 574 -1
0.1 576 577 -1
0.1 575 1569 -1
0.1 579 580 -1
0.1 578 1571 -1
0.1 1570 1572 -1
0.1 1568 1573 -1
0.1 581 582 -1
0.1 1575 583 -1
0.1 585 586 -1
0.1 1577 587 -1
0.1 584 1578 -1
0.1 588 589 -1
0.1 590 591 -1
0.1 592 593 -1
0.1 1581 1582 -1
0.1 595 596 -1
0.1 598 599 -1
0.1 597 1585 -1
0.1 1584 1586 -1
0.1 594 1587 -1
0.1 601 602 -1
0.1 600 1589 -1
0.1 1588 1590 -1
0.1 605 606 -1
0.1 604 1592 -1
0.1 607 608 -1
0.1 1593 1594 -1
0.1 603 1595 -1
0.1 1591 1596 -1
0.1 1597 609 -1
0.1 1583 1598 -1
0.1 1580 1599 -1
0.1 611 612 -1
0.1 610 1601 -1
0.1 613 614 -1
0.1 1602 1603 -1
0.1 615 616 -1
0.1 617 618 -1
0.1 621 622 -1
0.1 620 1607 -1
0.1 619 1608 -1
0.1 626 627 -1
0.1 625 1610 -1
0.1 1611 628 -1
0.1 624 1612 -1
0.1 623 1613 -1
0.1 1609 1614 -1
0.1 629 630 -1
0.1 1616 631 -1
0.1 1615 1617 -1
0.1 1606 1618 -1
0.1 633 634 -1
0.1 632 1620 -1
0.1 1619 1621 -1
0.1 1605 1622 -1
0.1 1604 1623 -1
0.1 1600 1624 -1
0.1 635 636 -1
0.1 637 638 -1
0.1 1626 1627 -1
0.1 1625 1628 -1
0.1 1579 1629 -1
0.1 639 640 -1
0.1 1630 1631 -1
0.1 1576 1632 -1
0.1 1574 1633 -1
0.1 1567 1634 -1
0.1 1520 1635 -1
0.1 1481 1636 -1
0.1 1110 1637 -1
0.1 1079 1638 -1
0.1 643 644 -1
0.1 642 1640 -1
0.1 641 1641 -1
0.1 646 647 -1
0.1 645 1643 -1
0.1 649 650 -1
0.1 648 1645 -1
0.1 653 654 -1
0.1 1647 655 -1
0.1 652 1648 -1
0.1 651 1649 -1
0.1 658 659 -1
0.1 657 1651 -1
0.1 656 1652 -1
0.1 1653 660 -1
0.1 1650 1654 -1
0.1 663 664 -1
0.1 662 1656 -1
0.1 665 666 -1
0.1 1657 1658 -1
0.1 1659 667 -1
0.1 661 1660 -1
0.1 1655 1661 -1
0.1 1646 1662 -1
0.1 1644 1663 -1
0.1 669 670 -1
0.1 668 1665 -1
0.1 1666 671 -1
0.1 1664 1667 -1
0.1 674 675 -1
0.1 673 1669 -1
0.1 676 677 -1
0.1 678 679 -1
0.1 1671 1672 -1
0.1 1673 680 -1
0.1 1670 1674 -1
0.1 672 1675 -1
0.1 1668 1676 -1
0.1 1642 1677 -1
0.1 681 682 -1
0.1 683 684 -1
0.1 1679 1680 -1
0.1 1678 1681 -1
0.1 686 687 -1
0.1 685 1683 -1
0.1 689 690 -1
0.1 688 1685 -1
0.1 1684 1686 -1
0.1 1682 1687 -1
0.1 692 693 -1
0.1 691 1689 -1
0.1 696 697 -1
0.1 695 1691 -1
0.1 698 699 -1
0.1 1693 700 -1
0.1 1692 1694 -1
0.1 694 1695 -1
0.1 1690 1696 -1
0.1 1688 1697 -1
0.1 702 703 -1
0.1 701 1699 -1
0.1 705 706 -1
0.1 704 1701 -1
0.1 1702 707 -1
0.1 708 709 -1
0.1 1704 710 -1
0.1 712 713 -1
0.1 711 1706 -1
0.1 1705 1707 -1
0.1 715 716 -1
0.1 714 1709 -1
0.1 1710 717 -1
0.1 1708 1711 -1
0.1 719 720 -1
0.1 718 1713 -1
0.1 1712 1714 -1
0.1 722 723 -1
0.1 1716 724 -1
0.1 727 728 -1
0.1 730 731 -1
0.1 729 1719 -1
0.1 1718 1720 -1
0.1 726 1721 -1
0.1 725 1722 -1
0.1 1717 1723 -1
0.1 721 1724 -1
0.1 733 734 -1
0.1 1726 735 -1
0.1 736 737 -1
0.1 1727 1728 -1
0.1 732 1729 -1
0.1 738 739 -1
0.1 1731 740 -1
0.1 1730 1732 -1
0.1 1725 1733 -1
0.1 1715 1734 -1
0.1 743 744 -1
0.1 742 1736 -1
0.1 741 1737 -1
0.1 745 746 -1
0.1 747 748 -1
0.1 1739 1740 -1
0.1 749 750 -1
0.1 1741 1742 -1
0.1 1738 1743 -1
0.1 751 752 -1
0.1 753 754 -1
0.1 755 756 -1
0.1 757 758 -1
0.1 1747 1748 -1
0.1 759 760 -1
0.1 1749 1750 -1
0.1 1746 1751 -1
0.1 1745 1752 -1
0.1 1744 1753 -1
0.1 1735 1754 -1
0.1 1703 1755 -1
0.1 1700 1756 -1
0.1 761 762 -1
0.1 763 764 -1
0.1 766 767 -1
0.1 768 769 -1
0.1 770 771 -1
0.1 1761 1762 -1
0.1 1760 1763 -1
0.1 765 1764 -1
0.1 772 773 -1
0.1 1766 774 -1
0.1 775 776 -1
0.1 1768 777 -1
0.1 1767 1769 -1
0.1 779 780 -1
0.1 781 782 -1
0.1 1771 1772 -1
0.1 778 1773 -1
0.1 783 784 -1
0.1 1774 1775 -1
0.1 1770 1776 -1
0.1 1765 1777 -1
0.1 1759 1778 -1
0.1 1758 1779 -1
0.1 1780 785 -1
0.1 1757 1781 -1
0.1 786 787 -1
0.1 788 789 -1
0.1 1784 790 -1
0.1 792 793 -1
0.1 791 1786 -1
0.1 1785 1787 -1
0.1 1788 794 -1
0.1 1783 1789 -1
0.1 795 796 -1
0.1 1790 1791 -1
0.1 798 799 -1
0.1 1793 800 -1
0.1 797 1794 -1
0.1 1792 1795 -1
0.1 1782 1796 -1
0.1 1698 1797 -1
0.1 801 802 -1
0.1 804 805 -1
0.1 1800 806 -1
0.1 803 1801 -1
0.1 810 811 -1
0.1 809 1803 -1
0.1 1804 812 -1
0.1 813 814 -1
0.1 1806 815 -1
0.1 816 817 -1
0.1 819 820 -1
0.1 818 1809 -1
0.1 1808 1810 -1
0.1 824 825 -1
0.1 823 1812 -1
0.1 822 1813 -1
0.1 827 828 -1
0.1 826 1815 -1
0.1 1814 1816 -1
0.1 821 1817 -1
0.1 1811 1818 -1
0.1 1807 1819 -1
0.1 1805 1820 -1
0.1 832 833 -1
0.1 831 1822 -1
0.1 835 836 -1
0.1 834 1824 -1
0.1 1825 837 -1
0.1 1823 1826 -1
0.1 830 1827 -1
0.1 829 1828 -1
0.1 839 840 -1
0.1 838 1830 -1
0.1 843 844 -1
0.1 845 846 -1
0.1 1832 1833 -1
0.1 842 1834 -1
0.1 841 1835 -1
0.1 1831 1836 -1
0.1 1829 1837 -1
0.1 847 848 -1
0.1 849 850 -1
0.1 853 854 -1
0.1 852 1841 -1
0.1 851 1842 -1
0.1 1840 1843 -1
0.1 857 858 -1
0.1 1845 859 -1
0.1 856 1846 -1
0.1 1847 860 -1
0.1 855 1848 -1
0.1 861 862 -1
0.1 1850 863 -1
0.1 865 866 -1
0.1 864 1852 -1
0.1 1851 1853 -1
0.1 1849 1854 -1
0.1 1844 1855 -1
0.1 1839 1856 -1
0.1 867 868 -1
0.1 1857 1858 -1
0.1 1838 1859 -1
0.1 1821 1860 -1
0.1 808 1861 -1
0.1 807 1862 -1
0.1 1802 1863 -1
0.1 869 870 -1
0.1 1865 871 -1
0.1 873 874 -1
0.1 872 1867 -1
0.1 1868 875 -1
0.1 1866 1869 -1
0.1 876 877 -1
0.1 1870 1871 -1
0.1 1864 1872 -1
0.1 881 882 -1
0.1 880 1874 -1
0.1 1875 883 -1
0.1 879 1876 -1
0.1 878 1877 -1
0.1 886 887 -1
0.1 888 889 -1
0.1 1879 1880 -1
0.1 885 1881 -1
0.1 890 891 -1
0.1 893 894 -1
0.1 892 1884 -1
0.1 897 898 -1
0.1 896 1886 -1
0.1 895 1887 -1
0.1 1885 1888 -1
0.1 1883 1889 -1
0.1 904 905 -1
0.1 903 1891 -1
0.1 902 1892 -1
0.1 901 1893 -1
0.1 900 1894 -1
0.1 899 1895 -1
0.1 906 907 -1
0.1 908 909 -1
0.1 911 912 -1
0.1 914 915 -1
0.1 913 1900 -1
0.1 1901 916 -1
0.1 1899 1902 -1
0.1 917 918 -1
0.1 1903 1904 -1
0.1 910 1905 -1
0.1 1898 1906 -1
0.1 1897 1907 -1
0.1 1896 1908 -1
0.1 920 921 -1
0.1 1910 922 -1
0.1 919 1911 -1
0.1 1909 1912 -1
0.1 926 927 -1
0.1 925 1914 -1
0.1 924 1915 -1
0.1 923 1916 -1
0.1 1913 1917 -1
0.1 1890 1918 -1
0.1 928 929 -1
0.1 930 931 -1
0.1 1920 1921 -1
0.1 933 934 -1
0.1 1923 935 -1
0.1 932 1924 -1
0.1 1922 1925 -1
0.1 937 938 -1
0.1 936 1927 -1
0.1 939 940 -1
0.1 1929 941 -1
0.1 1928 1930 -1
0.1 1926 1931 -1
0.1 942 943 -1
0.1 944 945 -1
0.1 1933 1934 -1
0.1 947 948 -1
0.1 946 1936 -1
0.1 949 950 -1
0.1 1937 1938 -1
0.1 1939 951 -1
0.1 1935 1940 -1
0.1 952 953 -1
0.1 954 955 -1
0.1 1943 956 -1
0.1 958 959 -1
0.1 1945 960 -1
0.1 957 1946 -1
0.1 1944 1947 -1
0.1 1942 1948 -1
0.1 1949 961 -1
0.1 1941 1950 -1
0.1 964 965 -1
0.1 1952 966 -1
0.1 967 968 -1
0.1 970 971 -1
0.1 969 1955 -1
0.1 973 974 -1
0.1 972 1957 -1
0.1 975 976 -1
0.1 978 979 -1
0.1 1960 980 -1
0.1 977 1961 -1
0.1 981 982 -1
0.1 1962 1963 -1
0.1 1964 983 -1
0.1 1959 1965 -1
0.1 1958 1966 -1
0.1 1956 1967 -1
0.1 1954 1968 -1
0.1 1953 1969 -1
0.1 963 1970 -1
0.1 962 1971 -1
0.1 1951 1972 -1
0.1 1932 1973 -1
0.1 984 985 -1
0.1 986 987 -1
0.1 1975 1976 -1
0.1 1974 1977 -1
0.1 988 989 -1
0.1 1978 1979 -1
0.1 1919 1980 -1
0.1 1981 990 -1
0.1 1882 1982 -1
0.1 1983 991 -1
0.1 992 993 -1
0.1 1984 1985 -1
0.1 884 1986 -1
0.1 994 995 -1
0.1 996 997 -1
0.1 1988 1989 -1
0.1 1990 998 -1
0.1 1987 1991 -1
0.1 1878 1992 -1
0.1 1873 1993 -1
0.1 1799 1994 -1
0.1 999 1000 -1
0.1 1995 1996 -1
0.1 1798 1997 -1
0.1 1639 1998 -1
