1 0 0 1
1 0 0 2
1 0 0 2
1 0 0 2
1 0 0 3
1 0 0 3
1 0 0 3
1 0 0 3
1 0 0 3
1 0 0 4
1 0 0 4
1 0 0 4
1 0 0 4
1 0 0 4
1 0 0 5
1 0 0 5
1 0 0 5
1 0 0 6
1 0 0 6
1 0 0 1
1 0 0 1
1 0 0 1
1 0 0 1
1 0 0 5
1 0 0 5
1 0 0 2
1 0 0 7
1 0 0 7
1 0 0 8
1 0 0 7
1 0 0 7
1 0 0 7
1 0 0 8
1 0 0 9
1 0 0 9
1 0 0 9
1 0 0 9
1 0 0 9
1 0 0 8
1 0 0 8
1 0 0 10
1 0 0 10
1 0 0 10
1 0 0 10
1 0 0 10
1 0 0 8
1 0 0 11
1 0 0 11
1 0 0 11
1 0 0 11
1 0 0 11
1 0 0 12
1 0 0 12
1 0 0 12
1 0 0 12
1 0 0 12
1 0 0 13
1 0 0 13
1 0 0 13
1 0 0 13
1 0 0 13
1 0 0 14
1 0 0 14
1 0 0 14
1 0 0 14
1 0 0 14
1 0 0 15
1 0 0 16
1 0 0 16
1 0 0 15
1 0 0 15
1 0 0 15
1 0 0 15
1 0 0 16
1 0 0 16
1 0 0 16
1 0 0 17
1 0 0 18
1 0 0 18
1 0 0 18
1 0 0 18
1 0 0 18
1 0 0 19
1 0 0 20
1 0 0 20
1 0 0 20
1 0 0 20
1 0 0 20
1 0 0 21
1 0 0 21
1 0 0 21
1 0 0 21
1 0 0 21
1 0 0 22
1 0 0 22
1 0 0 22
1 0 0 22
1 0 0 22
1 0 0 19
1 0 0 19
1 0 0 19
1 0 0 19
1 0 0 23
1 0 0 23
1 0 0 23
1 0 0 23
1 0 0 23
1 0 0 17
1 0 0 24
1 0 0 24
1 0 0 24
1 0 0 24
1 0 0 24
1 0 0 25
1 0 0 25
1 0 0 25
1 0 0 25
1 0 0 25
1 0 0 26
1 0 0 26
1 0 0 26
1 0 0 26
1 0 0 26
1 0 0 27
1 0 0 27
1 0 0 28
1 0 0 28
1 0 0 28
1 0 0 28
1 0 0 28
1 0 0 27
1 0 0 27
1 0 0 29
1 0 0 29
1 0 0 29
1 0 0 29
1 0 0 29
1 0 0 30
1 0 0 30
1 0 0 30
1 0 0 30
1 0 0 30
1 0 0 27
1 0 0 17
1 0 0 17
1 0 0 31
1 0 0 32
1 0 0 32
1 0 0 32
1 0 0 32
1 0 0 32
1 0 0 31
1 0 0 31
1 0 0 6
1 0 0 6
1 0 0 6
1 0 0 31
1 0 0 2
1 0 0 33
1 0 0 33
1 0 0 31
1 0 0 33
1 0 0 33
1 0 0 33
1 0 0 34
1 0 0 34
1 0 0 34
1 0 0 34
1 0 0 34
1 0 0 35
1 0 0 35
1 0 0 35
1 0 0 35
1 0 0 35
1 0 0 36
1 0 0 36
1 0 0 36
1 0 0 36
1 0 0 36
1 0 0 37
1 0 0 37
1 0 0 37
1 0 0 37
1 0 0 37
1 0 0 38
1 0 0 38
1 0 0 38
1 0 0 38
1 0 0 38
1 0 0 17
1 0 0 39
1 0 0 39
1 0 0 39
1 0 0 39
1 0 0 39
1 0 0 40
1 0 0 40
1 0 0 40
1 0 0 40
1 0 0 40
1 0 0 41
1 0 0 41
1 0 0 41
1 0 0 41
1 0 0 41
1 0 0 42
1 0 0 42
1 0 0 42
1 0 0 42
1 0 0 42
0.1 3 4 -1
0.1 2 211 -1
0.1 1 212 -1
0.1 7 8 -1
0.1 214 9 -1
0.1 11 12 -1
0.1 10 216 -1
0.1 13 14 -1
0.1 217 218 -1
0.1 215 219 -1
0.1 6 220 -1
0.1 5 221 -1
0.1 16 17 -1
0.1 15 223 -1
0.1 18 19 -1
0.1 20 21 -1
0.1 226 22 -1
0.1 225 227 -1
0.1 228 23 -1
0.1 25 26 -1
0.1 24 230 -1
0.1 229 231 -1
0.1 224 232 -1
0.1 222 233 -1
0.1 213 234 -1
0.1 27 28 -1
0.1 30 31 -1
0.1 237 32 -1
0.1 29 238 -1
0.1 236 239 -1
0.1 35 36 -1
0.1 37 38 -1
0.1 241 242 -1
0.1 34 243 -1
0.1 39 40 -1
0.1 42 43 -1
0.1 44 45 -1
0.1 246 247 -1
0.1 41 248 -1
0.1 245 249 -1
0.1 244 250 -1
0.1 33 251 -1
0.1 48 49 -1
0.1 50 51 -1
0.1 253 254 -1
0.1 47 255 -1
0.1 46 256 -1
0.1 54 55 -1
0.1 53 258 -1
0.1 259 56 -1
0.1 52 260 -1
0.1 57 58 -1
0.1 59 60 -1
0.1 262 263 -1
0.1 264 61 -1
0.1 261 265 -1
0.1 257 266 -1
0.1 252 267 -1
0.1 240 268 -1
0.1 64 65 -1
0.1 63 270 -1
0.1 271 66 -1
0.1 62 272 -1
0.1 67 68 -1
0.1 273 274 -1
0.1 269 275 -1
0.1 71 72 -1
0.1 70 277 -1
0.1 278 73 -1
0.1 69 279 -1
0.1 75 76 -1
0.1 74 281 -1
0.1 280 282 -1
0.1 276 283 -1
0.1 284 77 -1
0.1 79 80 -1
0.1 78 286 -1
0.1 81 82 -1
0.1 287 288 -1
0.1 285 289 -1
0.1 85 86 -1
0.1 84 291 -1
0.1 87 88 -1
0.1 292 293 -1
0.1 83 294 -1
0.1 89 90 -1
0.1 92 93 -1
0.1 91 297 -1
0.1 296 298 -1
0.1 94 95 -1
0.1 96 97 -1
0.1 301 98 -1
0.1 300 302 -1
0.1 299 303 -1
0.1 295 304 -1
0.1 305 99 -1
0.1 101 102 -1
0.1 100 307 -1
0.1 306 308 -1
0.1 103 104 -1
0.1 106 107 -1
0.1 105 311 -1
0.1 310 312 -1
0.1 309 313 -1
0.1 314 108 -1
0.1 290 315 -1
0.1 235 316 -1
0.1 110 111 -1
0.1 112 113 -1
0.1 318 319 -1
0.1 109 320 -1
0.1 114 115 -1
0.1 322 116 -1
0.1 117 118 -1
0.1 323 324 -1
0.1 119 120 -1
0.1 121 122 -1
0.1 326 327 -1
0.1 328 123 -1
0.1 325 329 -1
0.1 330 124 -1
0.1 127 128 -1
0.1 126 332 -1
0.1 129 130 -1
0.1 333 334 -1
0.1 125 335 -1
0.1 134 135 -1
0.1 133 337 -1
0.1 136 137 -1
0.1 338 339 -1
0.1 132 340 -1
0.1 131 341 -1
0.1 336 342 -1
0.1 138 139 -1
0.1 140 141 -1
0.1 345 142 -1
0.1 344 346 -1
0.1 347 143 -1
0.1 343 348 -1
0.1 331 349 -1
0.1 144 145 -1
0.1 350 351 -1
0.1 321 352 -1
0.1 147 148 -1
0.1 150 151 -1
0.1 149 355 -1
0.1 354 356 -1
0.1 152 153 -1
0.1 155 156 -1
0.1 154 359 -1
0.1 358 360 -1
0.1 357 361 -1
0.1 146 362 -1
0.1 353 363 -1
0.1 157 158 -1
0.1 159 160 -1
0.1 365 366 -1
0.1 163 164 -1
0.1 162 368 -1
0.1 161 369 -1
0.1 367 370 -1
0.1 364 371 -1
0.1 165 166 -1
0.1 168 169 -1
0.1 167 374 -1
0.1 373 375 -1
0.1 372 376 -1
0.1 170 171 -1
0.1 173 174 -1
0.1 172 379 -1
0.1 378 380 -1
0.1 176 177 -1
0.1 382 178 -1
0.1 175 383 -1
0.1 384 179 -1
0.1 381 385 -1
0.1 183 184 -1
0.1 182 387 -1
0.1 181 388 -1
0.1 180 389 -1
0.1 386 390 -1
0.1 186 187 -1
0.1 185 392 -1
0.1 188 189 -1
0.1 393 394 -1
0.1 197 198 -1
0.1 196 396 -1
0.1 199 200 -1
0.1 397 398 -1
0.1 195 399 -1
0.1 194 400 -1
0.1 193 401 -1
0.1 192 402 -1
0.1 191 403 -1
0.1 201 202 -1
0.1 204 205 -1
0.1 203 406 -1
0.1 405 407 -1
0.1 404 408 -1
0.1 206 207 -1
0.1 410 208 -1
0.1 411 209 -1
0.1 412 210 -1
0.1 409 413 -1
0.1 190 414 -1
0.1 395 415 -1
0.1 391 416 -1
0.1 377 417 -1
0.1 317 418 -1
