1 0 0 1
1 0 0 2
1 0 0 2
1 0 0 2
1 0 0 3
1 0 0 3
1 0 0 3
1 0 0 3
1 0 0 3
1 0 0 3
1 0 0 3
1 0 0 3
1 0 0 3
1 0 0 3
1 0 0 4
1 0 0 4
1 0 0 4
1 0 0 4
1 0 0 4
1 0 0 4
1 0 0 4
1 0 0 4
1 0 0 4
1 0 0 4
1 0 0 5
1 0 0 5
1 0 0 5
1 0 0 6
1 0 0 6
1 0 0 6
1 0 0 6
1 0 0 6
1 0 0 6
1 0 0 6
1 0 0 6
1 0 0 6
1 0 0 6
1 0 0 5
1 0 0 5
1 0 0 5
1 0 0 5
1 0 0 7
1 0 0 7
1 0 0 7
1 0 0 7
1 0 0 7
1 0 0 8
1 0 0 8
1 0 0 8
1 0 0 8
1 0 0 8
1 0 0 8
1 0 0 8
1 0 0 8
1 0 0 8
1 0 0 8
1 0 0 7
1 0 0 7
1 0 0 7
1 0 0 7
1 0 0 7
1 0 0 9
1 0 0 9
1 0 0 9
1 0 0 9
1 0 0 9
1 0 0 9
1 0 0 9
1 0 0 9
1 0 0 9
1 0 0 9
1 0 0 5
1 0 0 5
1 0 0 5
1 0 0 2
1 0 0 10
1 0 0 10
1 0 0 11
1 0 0 11
1 0 0 11
1 0 0 11
1 0 0 11
1 0 0 11
1 0 0 11
1 0 0 11
1 0 0 11
1 0 0 11
1 0 0 10
1 0 0 10
1 0 0 10
1 0 0 10
1 0 0 10
1 0 0 10
1 0 0 10
1 0 0 10
1 0 0 12
1 0 0 12
1 0 0 12
1 0 0 12
1 0 0 12
1 0 0 12
1 0 0 12
1 0 0 12
1 0 0 12
1 0 0 12
1 0 0 13
1 0 0 13
1 0 0 13
1 0 0 13
1 0 0 13
1 0 0 13
1 0 0 13
1 0 0 13
1 0 0 13
1 0 0 13
1 0 0 14
1 0 0 14
1 0 0 14
1 0 0 14
1 0 0 14
1 0 0 14
1 0 0 14
1 0 0 14
1 0 0 14
1 0 0 14
1 0 0 15
1 0 0 15
1 0 0 15
1 0 0 15
1 0 0 15
1 0 0 16
1 0 0 16
1 0 0 16
1 0 0 16
1 0 0 16
1 0 0 16
1 0 0 16
1 0 0 16
1 0 0 16
1 0 0 16
1 0 0 15
1 0 0 17
1 0 0 17
1 0 0 17
1 0 0 17
1 0 0 17
1 0 0 17
1 0 0 17
1 0 0 17
1 0 0 17
1 0 0 17
1 0 0 15
1 0 0 15
1 0 0 15
1 0 0 15
1 0 0 18
1 0 0 18
1 0 0 18
1 0 0 18
1 0 0 18
1 0 0 18
1 0 0 18
1 0 0 18
1 0 0 18
1 0 0 18
1 0 0 19
1 0 0 19
1 0 0 19
1 0 0 19
1 0 0 19
1 0 0 20
1 0 0 20
1 0 0 20
1 0 0 20
1 0 0 20
1 0 0 20
1 0 0 20
1 0 0 20
1 0 0 20
1 0 0 20
1 0 0 19
1 0 0 19
1 0 0 19
1 0 0 19
1 0 0 21
1 0 0 21
1 0 0 21
1 0 0 21
1 0 0 21
1 0 0 21
1 0 0 21
1 0 0 21
1 0 0 21
1 0 0 21
1 0 0 22
1 0 0 22
1 0 0 22
1 0 0 22
1 0 0 22
1 0 0 22
1 0 0 22
1 0 0 22
1 0 0 22
1 0 0 22
1 0 0 19
1 0 0 23
1 0 0 23
1 0 0 23
1 0 0 24
1 0 0 24
1 0 0 24
1 0 0 24
1 0 0 24
1 0 0 24
1 0 0 24
1 0 0 24
1 0 0 24
1 0 0 24
1 0 0 23
1 0 0 25
1 0 0 25
1 0 0 25
1 0 0 25
1 0 0 25
1 0 0 25
1 0 0 25
1 0 0 25
1 0 0 26
1 0 0 26
1 0 0 26
1 0 0 26
1 0 0 26
1 0 0 26
1 0 0 26
1 0 0 26
1 0 0 26
1 0 0 26
1 0 0 25
1 0 0 27
1 0 0 27
1 0 0 27
1 0 0 27
1 0 0 27
1 0 0 27
1 0 0 27
1 0 0 27
1 0 0 27
1 0 0 27
1 0 0 25
1 0 0 23
1 0 0 28
1 0 0 28
1 0 0 28
1 0 0 28
1 0 0 28
1 0 0 28
1 0 0 28
1 0 0 28
1 0 0 28
1 0 0 28
1 0 0 23
1 0 0 23
1 0 0 23
1 0 0 23
1 0 0 23
1 0 0 29
1 0 0 29
1 0 0 29
1 0 0 30
1 0 0 2
1 0 0 2
1 0 0 31
1 0 0 31
1 0 0 31
1 0 0 31
1 0 0 31
1 0 0 31
1 0 0 31
1 0 0 31
1 0 0 31
1 0 0 31
1 0 0 32
1 0 0 32
1 0 0 32
1 0 0 32
1 0 0 32
1 0 0 32
1 0 0 32
1 0 0 32
1 0 0 32
1 0 0 33
1 0 0 33
1 0 0 33
1 0 0 33
1 0 0 33
1 0 0 33
1 0 0 33
1 0 0 33
1 0 0 33
1 0 0 33
1 0 0 32
1 0 0 30
1 0 0 30
1 0 0 30
1 0 0 30
1 0 0 30
1 0 0 34
1 0 0 34
1 0 0 34
1 0 0 34
1 0 0 34
1 0 0 34
1 0 0 34
1 0 0 34
1 0 0 34
1 0 0 34
1 0 0 30
1 0 0 30
1 0 0 29
1 0 0 1
1 0 0 1
1 0 0 30
1 0 0 1
1 0 0 1
1 0 0 1
1 0 0 1
1 0 0 1
1 0 0 35
1 0 0 35
1 0 0 35
1 0 0 36
1 0 0 36
1 0 0 36
1 0 0 36
1 0 0 36
1 0 0 36
1 0 0 35
1 0 0 36
1 0 0 36
1 0 0 36
1 0 0 36
1 0 0 35
1 0 0 35
1 0 0 35
1 0 0 35
1 0 0 35
1 0 0 35
1 0 0 1
1 0 0 1
1 0 0 37
1 0 0 37
1 0 0 37
1 0 0 37
1 0 0 37
1 0 0 37
1 0 0 37
1 0 0 37
1 0 0 37
1 0 0 37
1 0 0 38
1 0 0 38
1 0 0 38
1 0 0 39
1 0 0 39
1 0 0 39
1 0 0 39
1 0 0 39
1 0 0 39
1 0 0 39
1 0 0 39
1 0 0 39
1 0 0 39
1 0 0 40
1 0 0 40
1 0 0 40
1 0 0 40
1 0 0 40
1 0 0 40
1 0 0 40
1 0 0 40
1 0 0 40
1 0 0 40
1 0 0 38
1 0 0 38
1 0 0 41
1 0 0 41
1 0 0 41
1 0 0 41
1 0 0 41
1 0 0 41
1 0 0 41
1 0 0 41
1 0 0 41
1 0 0 41
1 0 0 38
1 0 0 38
1 0 0 38
1 0 0 38
1 0 0 38
1 0 0 2
1 0 0 2
1 0 0 42
1 0 0 42
1 0 0 42
1 0 0 42
1 0 0 42
1 0 0 42
1 0 0 42
1 0 0 42
1 0 0 42
1 0 0 42
1 0 0 43
1 0 0 43
1 0 0 43
1 0 0 30
1 0 0 29
1 0 0 2
1 0 0 2
1 0 0 44
1 0 0 44
1 0 0 44
1 0 0 44
1 0 0 29
1 0 0 29
1 0 0 29
1 0 0 45
1 0 0 45
1 0 0 45
1 0 0 45
1 0 0 45
1 0 0 44
1 0 0 44
1 0 0 44
1 0 0 44
1 0 0 44
1 0 0 44
1 0 0 46
1 0 0 46
1 0 0 46
1 0 0 46
1 0 0 46
1 0 0 46
1 0 0 46
1 0 0 46
1 0 0 46
1 0 0 46
1 0 0 45
1 0 0 45
1 0 0 43
1 0 0 43
1 0 0 47
1 0 0 47
1 0 0 47
1 0 0 48
1 0 0 48
1 0 0 48
1 0 0 48
1 0 0 48
1 0 0 48
1 0 0 49
1 0 0 49
1 0 0 49
1 0 0 49
1 0 0 49
1 0 0 49
1 0 0 49
1 0 0 49
1 0 0 49
1 0 0 49
1 0 0 48
1 0 0 48
1 0 0 48
1 0 0 48
1 0 0 50
1 0 0 50
1 0 0 50
1 0 0 50
1 0 0 50
1 0 0 50
1 0 0 50
1 0 0 50
1 0 0 50
1 0 0 50
1 0 0 47
1 0 0 47
1 0 0 47
1 0 0 47
1 0 0 47
1 0 0 51
1 0 0 47
1 0 0 47
1 0 0 43
1 0 0 51
1 0 0 51
1 0 0 51
1 0 0 45
1 0 0 45
1 0 0 43
1 0 0 43
1 0 0 45
1 0 0 52
1 0 0 52
1 0 0 52
1 0 0 52
1 0 0 52
1 0 0 52
1 0 0 52
1 0 0 52
1 0 0 53
1 0 0 53
1 0 0 53
1 0 0 53
1 0 0 53
1 0 0 53
1 0 0 53
1 0 0 53
1 0 0 53
1 0 0 53
1 0 0 52
1 0 0 52
1 0 0 43
1 0 0 43
1 0 0 51
1 0 0 51
1 0 0 51
1 0 0 51
1 0 0 51
1 0 0 51
1 0 0 29
1 0 0 29
1 0 0 54
1 0 0 54
1 0 0 54
1 0 0 54
1 0 0 54
1 0 0 54
1 0 0 54
1 0 0 54
1 0 0 54
1 0 0 54
0.1 6 7 -1
0.1 541 8 -1
0.1 9 10 -1
0.1 542 543 -1
0.1 5 544 -1
0.1 11 12 -1
0.1 13 14 -1
0.1 546 547 -1
0.1 545 548 -1
0.1 16 17 -1
0.1 18 19 -1
0.1 550 551 -1
0.1 15 552 -1
0.1 21 22 -1
0.1 20 554 -1
0.1 23 24 -1
0.1 555 556 -1
0.1 553 557 -1
0.1 25 26 -1
0.1 28 29 -1
0.1 31 32 -1
0.1 34 35 -1
0.1 33 562 -1
0.1 561 563 -1
0.1 30 564 -1
0.1 560 565 -1
0.1 36 37 -1
0.1 566 567 -1
0.1 27 568 -1
0.1 569 38 -1
0.1 559 570 -1
0.1 39 40 -1
0.1 44 45 -1
0.1 43 573 -1
0.1 42 574 -1
0.1 47 48 -1
0.1 50 51 -1
0.1 577 52 -1
0.1 49 578 -1
0.1 579 53 -1
0.1 580 54 -1
0.1 581 55 -1
0.1 582 56 -1
0.1 576 583 -1
0.1 46 584 -1
0.1 58 59 -1
0.1 586 60 -1
0.1 57 587 -1
0.1 588 61 -1
0.1 585 589 -1
0.1 575 590 -1
0.1 41 591 -1
0.1 63 64 -1
0.1 62 593 -1
0.1 594 65 -1
0.1 66 67 -1
0.1 596 68 -1
0.1 69 70 -1
0.1 598 71 -1
0.1 597 599 -1
0.1 595 600 -1
0.1 592 601 -1
0.1 572 602 -1
0.1 571 603 -1
0.1 73 74 -1
0.1 72 605 -1
0.1 604 606 -1
0.1 558 607 -1
0.1 549 608 -1
0.1 4 609 -1
0.1 3 610 -1
0.1 78 79 -1
0.1 81 82 -1
0.1 80 613 -1
0.1 614 83 -1
0.1 85 86 -1
0.1 84 616 -1
0.1 617 87 -1
0.1 615 618 -1
0.1 612 619 -1
0.1 77 620 -1
0.1 89 90 -1
0.1 622 91 -1
0.1 88 623 -1
0.1 94 95 -1
0.1 93 625 -1
0.1 92 626 -1
0.1 624 627 -1
0.1 621 628 -1
0.1 76 629 -1
0.1 75 630 -1
0.1 611 631 -1
0.1 2 632 -1
0.1 96 97 -1
0.1 98 99 -1
0.1 634 635 -1
0.1 104 105 -1
0.1 103 637 -1
0.1 102 638 -1
0.1 101 639 -1
0.1 100 640 -1
0.1 636 641 -1
0.1 108 109 -1
0.1 114 115 -1
0.1 113 644 -1
0.1 112 645 -1
0.1 111 646 -1
0.1 110 647 -1
0.1 643 648 -1
0.1 116 117 -1
0.1 118 119 -1
0.1 122 123 -1
0.1 652 124 -1
0.1 653 125 -1
0.1 121 654 -1
0.1 120 655 -1
0.1 651 656 -1
0.1 650 657 -1
0.1 128 129 -1
0.1 127 659 -1
0.1 137 138 -1
0.1 136 661 -1
0.1 135 662 -1
0.1 134 663 -1
0.1 664 139 -1
0.1 133 665 -1
0.1 132 666 -1
0.1 667 140 -1
0.1 131 668 -1
0.1 130 669 -1
0.1 142 143 -1
0.1 145 146 -1
0.1 672 147 -1
0.1 144 673 -1
0.1 148 149 -1
0.1 150 151 -1
0.1 675 676 -1
0.1 674 677 -1
0.1 671 678 -1
0.1 153 154 -1
0.1 152 680 -1
0.1 679 681 -1
0.1 682 155 -1
0.1 141 683 -1
0.1 670 684 -1
0.1 660 685 -1
0.1 126 686 -1
0.1 157 158 -1
0.1 156 688 -1
0.1 159 160 -1
0.1 161 162 -1
0.1 690 691 -1
0.1 689 692 -1
0.1 163 164 -1
0.1 694 165 -1
0.1 693 695 -1
0.1 696 166 -1
0.1 697 167 -1
0.1 168 169 -1
0.1 698 699 -1
0.1 687 700 -1
0.1 171 172 -1
0.1 173 174 -1
0.1 702 703 -1
0.1 176 177 -1
0.1 175 705 -1
0.1 178 179 -1
0.1 706 707 -1
0.1 704 708 -1
0.1 709 180 -1
0.1 170 710 -1
0.1 711 181 -1
0.1 712 182 -1
0.1 183 184 -1
0.1 186 187 -1
0.1 185 715 -1
0.1 189 190 -1
0.1 188 717 -1
0.1 716 718 -1
0.1 719 191 -1
0.1 192 193 -1
0.1 721 194 -1
0.1 720 722 -1
0.1 714 723 -1
0.1 195 196 -1
0.1 199 200 -1
0.1 198 726 -1
0.1 203 204 -1
0.1 202 728 -1
0.1 201 729 -1
0.1 727 730 -1
0.1 197 731 -1
0.1 725 732 -1
0.1 733 205 -1
0.1 209 210 -1
0.1 212 213 -1
0.1 736 214 -1
0.1 211 737 -1
0.1 735 738 -1
0.1 216 217 -1
0.1 740 218 -1
0.1 215 741 -1
0.1 739 742 -1
0.1 208 743 -1
0.1 207 744 -1
0.1 221 222 -1
0.1 223 224 -1
0.1 226 227 -1
0.1 225 748 -1
0.1 747 749 -1
0.1 746 750 -1
0.1 220 751 -1
0.1 230 231 -1
0.1 229 753 -1
0.1 754 232 -1
0.1 228 755 -1
0.1 234 235 -1
0.1 757 236 -1
0.1 758 237 -1
0.1 233 759 -1
0.1 756 760 -1
0.1 241 242 -1
0.1 240 762 -1
0.1 239 763 -1
0.1 243 244 -1
0.1 764 765 -1
0.1 247 248 -1
0.1 246 767 -1
0.1 245 768 -1
0.1 766 769 -1
0.1 770 249 -1
0.1 238 771 -1
0.1 761 772 -1
0.1 752 773 -1
0.1 219 774 -1
0.1 745 775 -1
0.1 776 250 -1
0.1 251 252 -1
0.1 253 254 -1
0.1 779 255 -1
0.1 778 780 -1
0.1 256 257 -1
0.1 258 259 -1
0.1 783 260 -1
0.1 782 784 -1
0.1 781 785 -1
0.1 261 262 -1
0.1 786 787 -1
0.1 263 264 -1
0.1 788 789 -1
0.1 790 265 -1
0.1 777 791 -1
0.1 206 792 -1
0.1 734 793 -1
0.1 724 794 -1
0.1 713 795 -1
0.1 701 796 -1
0.1 658 797 -1
0.1 649 798 -1
0.1 107 799 -1
0.1 106 800 -1
0.1 642 801 -1
0.1 633 802 -1
0.1 803 266 -1
0.1 804 267 -1
0.1 805 268 -1
0.1 1 806 -1
0.1 270 271 -1
0.1 275 276 -1
0.1 274 809 -1
0.1 273 810 -1
0.1 278 279 -1
0.1 812 280 -1
0.1 813 281 -1
0.1 277 814 -1
0.1 811 815 -1
0.1 272 816 -1
0.1 817 282 -1
0.1 283 284 -1
0.1 285 286 -1
0.1 287 288 -1
0.1 821 289 -1
0.1 822 290 -1
0.1 296 297 -1
0.1 295 824 -1
0.1 294 825 -1
0.1 298 299 -1
0.1 826 827 -1
0.1 293 828 -1
0.1 829 300 -1
0.1 292 830 -1
0.1 291 831 -1
0.1 823 832 -1
0.1 833 301 -1
0.1 820 834 -1
0.1 819 835 -1
0.1 818 836 -1
0.1 808 837 -1
0.1 838 302 -1
0.1 269 839 -1
0.1 304 305 -1
0.1 303 841 -1
0.1 311 312 -1
0.1 310 843 -1
0.1 315 316 -1
0.1 314 845 -1
0.1 313 846 -1
0.1 844 847 -1
0.1 309 848 -1
0.1 308 849 -1
0.1 307 850 -1
0.1 851 317 -1
0.1 306 852 -1
0.1 842 853 -1
0.1 840 854 -1
0.1 855 318 -1
0.1 320 321 -1
0.1 319 857 -1
0.1 856 858 -1
0.1 323 324 -1
0.1 326 327 -1
0.1 325 861 -1
0.1 328 329 -1
0.1 333 334 -1
0.1 332 864 -1
0.1 331 865 -1
0.1 335 336 -1
0.1 866 867 -1
0.1 338 339 -1
0.1 340 341 -1
0.1 869 870 -1
0.1 337 871 -1
0.1 868 872 -1
0.1 330 873 -1
0.1 343 344 -1
0.1 342 875 -1
0.1 345 346 -1
0.1 877 347 -1
0.1 876 878 -1
0.1 874 879 -1
0.1 863 880 -1
0.1 881 348 -1
0.1 862 882 -1
0.1 883 349 -1
0.1 351 352 -1
0.1 885 353 -1
0.1 354 355 -1
0.1 358 359 -1
0.1 357 888 -1
0.1 356 889 -1
0.1 887 890 -1
0.1 360 361 -1
0.1 892 362 -1
0.1 363 364 -1
0.1 894 365 -1
0.1 368 369 -1
0.1 367 896 -1
0.1 366 897 -1
0.1 370 371 -1
0.1 898 899 -1
0.1 900 372 -1
0.1 895 901 -1
0.1 373 374 -1
0.1 375 376 -1
0.1 903 904 -1
0.1 377 378 -1
0.1 381 382 -1
0.1 380 907 -1
0.1 379 908 -1
0.1 906 909 -1
0.1 905 910 -1
0.1 911 383 -1
0.1 902 912 -1
0.1 386 387 -1
0.1 385 914 -1
0.1 388 389 -1
0.1 915 916 -1
0.1 390 391 -1
0.1 917 918 -1
0.1 392 393 -1
0.1 919 920 -1
0.1 921 394 -1
0.1 395 396 -1
0.1 397 398 -1
0.1 923 924 -1
0.1 922 925 -1
0.1 384 926 -1
0.1 927 399 -1
0.1 913 928 -1
0.1 893 929 -1
0.1 891 930 -1
0.1 886 931 -1
0.1 350 932 -1
0.1 884 933 -1
0.1 860 934 -1
0.1 322 935 -1
0.1 400 401 -1
0.1 402 403 -1
0.1 406 407 -1
0.1 405 939 -1
0.1 404 940 -1
0.1 941 408 -1
0.1 410 411 -1
0.1 409 943 -1
0.1 942 944 -1
0.1 938 945 -1
0.1 412 413 -1
0.1 947 414 -1
0.1 946 948 -1
0.1 937 949 -1
0.1 950 415 -1
0.1 936 951 -1
0.1 859 952 -1
0.1 417 418 -1
0.1 954 419 -1
0.1 955 420 -1
0.1 421 422 -1
0.1 956 957 -1
0.1 424 425 -1
0.1 423 959 -1
0.1 429 430 -1
0.1 428 961 -1
0.1 427 962 -1
0.1 426 963 -1
0.1 432 433 -1
0.1 431 965 -1
0.1 435 436 -1
0.1 434 967 -1
0.1 966 968 -1
0.1 437 438 -1
0.1 969 970 -1
0.1 439 440 -1
0.1 971 972 -1
0.1 442 443 -1
0.1 441 974 -1
0.1 975 444 -1
0.1 973 976 -1
0.1 977 445 -1
0.1 447 448 -1
0.1 446 979 -1
0.1 978 980 -1
0.1 964 981 -1
0.1 449 450 -1
0.1 983 451 -1
0.1 984 452 -1
0.1 454 455 -1
0.1 457 458 -1
0.1 987 459 -1
0.1 456 988 -1
0.1 462 463 -1
0.1 461 990 -1
0.1 460 991 -1
0.1 466 467 -1
0.1 993 468 -1
0.1 465 994 -1
0.1 995 469 -1
0.1 464 996 -1
0.1 992 997 -1
0.1 989 998 -1
0.1 999 470 -1
0.1 986 1000 -1
0.1 472 473 -1
0.1 471 1002 -1
0.1 474 475 -1
0.1 476 477 -1
0.1 479 480 -1
0.1 1006 481 -1
0.1 478 1007 -1
0.1 1005 1008 -1
0.1 482 483 -1
0.1 1009 1010 -1
0.1 1004 1011 -1
0.1 1003 1012 -1
0.1 1001 1013 -1
0.1 1014 484 -1
0.1 453 1015 -1
0.1 985 1016 -1
0.1 485 486 -1
0.1 1018 487 -1
0.1 1017 1019 -1
0.1 1020 488 -1
0.1 489 490 -1
0.1 1022 491 -1
0.1 1021 1023 -1
0.1 1024 492 -1
0.1 494 495 -1
0.1 493 1026 -1
0.1 1027 496 -1
0.1 1028 497 -1
0.1 1025 1029 -1
0.1 498 499 -1
0.1 1031 500 -1
0.1 1030 1032 -1
0.1 982 1033 -1
0.1 960 1034 -1
0.1 502 503 -1
0.1 1036 504 -1
0.1 505 506 -1
0.1 509 510 -1
0.1 515 516 -1
0.1 514 1040 -1
0.1 513 1041 -1
0.1 1042 517 -1
0.1 512 1043 -1
0.1 1044 518 -1
0.1 511 1045 -1
0.1 1039 1046 -1
0.1 508 1047 -1
0.1 519 520 -1
0.1 1048 1049 -1
0.1 507 1050 -1
0.1 1038 1051 -1
0.1 1037 1052 -1
0.1 501 1053 -1
0.1 521 522 -1
0.1 1054 1055 -1
0.1 1035 1056 -1
0.1 958 1057 -1
0.1 523 524 -1
0.1 525 526 -1
0.1 1059 1060 -1
0.1 527 528 -1
0.1 1061 1062 -1
0.1 1058 1063 -1
0.1 529 530 -1
0.1 1064 1065 -1
0.1 531 532 -1
0.1 534 535 -1
0.1 533 1068 -1
0.1 536 537 -1
0.1 539 540 -1
0.1 538 1071 -1
0.1 1070 1072 -1
0.1 1069 1073 -1
0.1 1067 1074 -1
0.1 1066 1075 -1
0.1 416 1076 -1
0.1 953 1077 -1
0.1 807 1078 -1
