1 0 0 1
1 0 0 1
1 0 0 1
1 0 0 1
1 0 0 2
1 0 0 2
1 0 0 2
1 0 0 3
1 0 0 3
1 0 0 4
1 0 0 4
1 0 0 4
1 0 0 4
1 0 0 4
1 0 0 4
1 0 0 4
1 0 0 4
1 0 0 4
1 0 0 4
1 0 0 3
1 0 0 5
1 0 0 5
1 0 0 5
1 0 0 5
1 0 0 5
1 0 0 5
1 0 0 5
1 0 0 5
1 0 0 5
1 0 0 5
1 0 0 3
1 0 0 3
1 0 0 6
1 0 0 6
1 0 0 6
1 0 0 6
1 0 0 6
1 0 0 6
1 0 0 6
1 0 0 6
1 0 0 6
1 0 0 6
1 0 0 7
1 0 0 7
1 0 0 7
1 0 0 7
1 0 0 7
1 0 0 7
1 0 0 7
1 0 0 7
1 0 0 7
1 0 0 7
1 0 0 8
1 0 0 9
1 0 0 9
1 0 0 10
1 0 0 10
1 0 0 10
1 0 0 10
1 0 0 10
1 0 0 10
1 0 0 10
1 0 0 10
1 0 0 10
1 0 0 10
1 0 0 9
1 0 0 9
1 0 0 9
1 0 0 9
1 0 0 9
1 0 0 9
1 0 0 9
1 0 0 9
1 0 0 8
1 0 0 11
1 0 0 11
1 0 0 11
1 0 0 11
1 0 0 11
1 0 0 11
1 0 0 11
1 0 0 11
1 0 0 11
1 0 0 11
1 0 0 12
1 0 0 12
1 0 0 12
1 0 0 12
1 0 0 12
1 0 0 12
1 0 0 12
1 0 0 12
1 0 0 12
1 0 0 12
1 0 0 13
1 0 0 13
1 0 0 13
1 0 0 13
1 0 0 13
1 0 0 13
1 0 0 13
1 0 0 13
1 0 0 13
1 0 0 13
1 0 0 8
1 0 0 8
1 0 0 8
1 0 0 8
1 0 0 8
1 0 0 8
1 0 0 8
1 0 0 8
1 0 0 3
1 0 0 14
1 0 0 14
1 0 0 14
1 0 0 14
1 0 0 14
1 0 0 14
1 0 0 14
1 0 0 14
1 0 0 14
1 0 0 14
1 0 0 3
1 0 0 3
1 0 0 3
1 0 0 3
1 0 0 15
1 0 0 15
1 0 0 15
1 0 0 15
1 0 0 15
1 0 0 15
1 0 0 15
1 0 0 15
1 0 0 15
1 0 0 15
1 0 0 16
1 0 0 16
1 0 0 16
1 0 0 16
1 0 0 16
1 0 0 16
1 0 0 16
1 0 0 16
1 0 0 16
1 0 0 16
1 0 0 17
1 0 0 17
1 0 0 17
1 0 0 17
1 0 0 18
1 0 0 18
1 0 0 18
1 0 0 18
1 0 0 18
1 0 0 18
1 0 0 18
1 0 0 18
1 0 0 18
1 0 0 18
1 0 0 17
1 0 0 17
1 0 0 17
1 0 0 17
1 0 0 17
1 0 0 17
1 0 0 19
1 0 0 19
1 0 0 20
1 0 0 20
1 0 0 20
1 0 0 20
1 0 0 20
1 0 0 20
1 0 0 20
1 0 0 19
1 0 0 19
1 0 0 19
1 0 0 19
1 0 0 19
1 0 0 21
1 0 0 21
1 0 0 22
1 0 0 22
1 0 0 22
1 0 0 22
1 0 0 22
1 0 0 22
1 0 0 22
1 0 0 22
1 0 0 22
1 0 0 22
1 0 0 21
1 0 0 21
1 0 0 21
1 0 0 21
1 0 0 21
1 0 0 21
1 0 0 21
1 0 0 21
1 0 0 19
1 0 0 19
1 0 0 19
1 0 0 20
1 0 0 20
1 0 0 20
1 0 0 23
1 0 0 23
1 0 0 23
1 0 0 23
1 0 0 23
1 0 0 23
1 0 0 23
1 0 0 23
1 0 0 23
1 0 0 23
1 0 0 1
1 0 0 1
1 0 0 1
1 0 0 24
1 0 0 24
1 0 0 24
1 0 0 24
1 0 0 24
1 0 0 24
1 0 0 24
1 0 0 24
1 0 0 24
1 0 0 24
1 0 0 25
1 0 0 25
1 0 0 25
1 0 0 25
1 0 0 25
1 0 0 26
1 0 0 26
1 0 0 26
1 0 0 26
1 0 0 26
1 0 0 26
1 0 0 26
1 0 0 26
1 0 0 26
1 0 0 26
1 0 0 25
1 0 0 25
1 0 0 25
1 0 0 25
1 0 0 27
1 0 0 27
1 0 0 27
1 0 0 27
1 0 0 27
1 0 0 27
1 0 0 27
1 0 0 27
1 0 0 27
1 0 0 27
1 0 0 28
1 0 0 29
1 0 0 29
1 0 0 29
1 0 0 29
1 0 0 29
1 0 0 29
1 0 0 29
1 0 0 29
1 0 0 29
1 0 0 29
1 0 0 28
1 0 0 28
1 0 0 28
1 0 0 28
1 0 0 28
1 0 0 28
1 0 0 28
1 0 0 28
1 0 0 30
1 0 0 30
1 0 0 30
1 0 0 30
1 0 0 30
1 0 0 30
1 0 0 30
1 0 0 30
1 0 0 30
1 0 0 30
1 0 0 28
1 0 0 31
1 0 0 31
1 0 0 31
1 0 0 31
1 0 0 31
1 0 0 31
1 0 0 31
1 0 0 31
1 0 0 31
1 0 0 31
1 0 0 32
1 0 0 32
1 0 0 32
1 0 0 32
1 0 0 32
1 0 0 32
1 0 0 32
1 0 0 32
1 0 0 32
1 0 0 32
1 0 0 25
1 0 0 1
1 0 0 1
1 0 0 1
1 0 0 2
1 0 0 2
1 0 0 2
1 0 0 33
1 0 0 33
1 0 0 33
1 0 0 33
1 0 0 33
1 0 0 33
1 0 0 33
1 0 0 33
1 0 0 33
1 0 0 33
1 0 0 34
1 0 0 34
1 0 0 34
1 0 0 35
1 0 0 35
1 0 0 35
1 0 0 35
1 0 0 35
1 0 0 35
1 0 0 35
1 0 0 35
1 0 0 35
1 0 0 36
1 0 0 36
1 0 0 36
1 0 0 36
1 0 0 37
1 0 0 37
1 0 0 37
1 0 0 37
1 0 0 37
1 0 0 37
1 0 0 37
1 0 0 37
1 0 0 37
1 0 0 37
1 0 0 38
1 0 0 38
1 0 0 39
1 0 0 39
1 0 0 39
1 0 0 39
1 0 0 39
1 0 0 39
1 0 0 39
1 0 0 39
1 0 0 39
1 0 0 39
1 0 0 38
1 0 0 38
1 0 0 38
1 0 0 40
1 0 0 40
1 0 0 40
1 0 0 40
1 0 0 40
1 0 0 40
1 0 0 40
1 0 0 40
1 0 0 40
1 0 0 40
1 0 0 38
1 0 0 41
1 0 0 41
1 0 0 41
1 0 0 41
1 0 0 41
1 0 0 41
1 0 0 41
1 0 0 41
1 0 0 41
1 0 0 41
1 0 0 38
1 0 0 38
1 0 0 42
1 0 0 42
1 0 0 42
1 0 0 42
1 0 0 42
1 0 0 42
1 0 0 42
1 0 0 42
1 0 0 42
1 0 0 42
1 0 0 38
1 0 0 38
1 0 0 36
1 0 0 36
1 0 0 36
1 0 0 36
1 0 0 36
1 0 0 36
1 0 0 35
1 0 0 34
1 0 0 34
1 0 0 43
1 0 0 43
1 0 0 43
1 0 0 43
1 0 0 43
1 0 0 43
1 0 0 43
1 0 0 44
1 0 0 44
1 0 0 44
1 0 0 44
1 0 0 44
1 0 0 44
1 0 0 44
1 0 0 44
1 0 0 45
1 0 0 45
1 0 0 45
1 0 0 45
1 0 0 45
1 0 0 46
1 0 0 46
1 0 0 46
1 0 0 46
1 0 0 46
1 0 0 46
1 0 0 46
1 0 0 46
1 0 0 46
1 0 0 46
1 0 0 45
1 0 0 45
1 0 0 45
1 0 0 47
1 0 0 48
1 0 0 48
1 0 0 48
1 0 0 48
1 0 0 48
1 0 0 48
1 0 0 48
1 0 0 48
1 0 0 48
1 0 0 48
1 0 0 47
1 0 0 47
1 0 0 47
1 0 0 47
1 0 0 47
1 0 0 47
1 0 0 47
1 0 0 49
1 0 0 49
1 0 0 49
1 0 0 49
1 0 0 49
1 0 0 49
1 0 0 49
1 0 0 49
1 0 0 49
1 0 0 49
1 0 0 50
1 0 0 50
1 0 0 50
1 0 0 50
1 0 0 50
1 0 0 50
1 0 0 50
1 0 0 50
1 0 0 50
1 0 0 50
1 0 0 47
1 0 0 47
1 0 0 51
1 0 0 51
1 0 0 51
1 0 0 51
1 0 0 51
1 0 0 51
1 0 0 51
1 0 0 51
1 0 0 51
1 0 0 51
1 0 0 52
1 0 0 52
1 0 0 52
1 0 0 52
1 0 0 52
1 0 0 52
1 0 0 52
1 0 0 52
1 0 0 52
1 0 0 52
1 0 0 53
1 0 0 53
1 0 0 53
1 0 0 53
1 0 0 53
1 0 0 53
1 0 0 53
1 0 0 53
1 0 0 53
1 0 0 53
1 0 0 54
1 0 0 54
1 0 0 55
1 0 0 55
1 0 0 55
1 0 0 55
1 0 0 55
1 0 0 55
1 0 0 55
1 0 0 56
1 0 0 56
1 0 0 56
1 0 0 56
1 0 0 56
1 0 0 56
1 0 0 56
1 0 0 56
1 0 0 56
1 0 0 56
1 0 0 57
1 0 0 57
1 0 0 57
1 0 0 57
1 0 0 57
1 0 0 57
1 0 0 57
1 0 0 57
1 0 0 57
1 0 0 57
1 0 0 55
1 0 0 55
1 0 0 55
1 0 0 54
1 0 0 58
1 0 0 58
1 0 0 58
1 0 0 58
1 0 0 58
1 0 0 58
1 0 0 58
1 0 0 58
1 0 0 58
1 0 0 58
1 0 0 54
1 0 0 54
1 0 0 54
1 0 0 54
1 0 0 54
1 0 0 54
1 0 0 54
1 0 0 45
1 0 0 45
1 0 0 43
1 0 0 43
1 0 0 43
1 0 0 59
1 0 0 59
1 0 0 59
1 0 0 44
1 0 0 44
1 0 0 59
1 0 0 59
1 0 0 59
1 0 0 59
1 0 0 59
1 0 0 59
1 0 0 59
1 0 0 34
1 0 0 34
1 0 0 34
1 0 0 34
1 0 0 34
1 0 0 2
1 0 0 2
1 0 0 2
1 0 0 2
0.1 3 4 -1
0.1 2 591 -1
0.1 1 592 -1
0.1 593 5 -1
0.1 594 6 -1
0.1 11 12 -1
0.1 10 596 -1
0.1 13 14 -1
0.1 597 598 -1
0.1 16 17 -1
0.1 18 19 -1
0.1 600 601 -1
0.1 15 602 -1
0.1 599 603 -1
0.1 604 20 -1
0.1 9 605 -1
0.1 8 606 -1
0.1 23 24 -1
0.1 22 608 -1
0.1 21 609 -1
0.1 27 28 -1
0.1 26 611 -1
0.1 25 612 -1
0.1 29 30 -1
0.1 613 614 -1
0.1 610 615 -1
0.1 31 32 -1
0.1 616 617 -1
0.1 35 36 -1
0.1 34 619 -1
0.1 33 620 -1
0.1 37 38 -1
0.1 622 39 -1
0.1 41 42 -1
0.1 40 624 -1
0.1 623 625 -1
0.1 621 626 -1
0.1 44 45 -1
0.1 43 628 -1
0.1 629 46 -1
0.1 630 47 -1
0.1 50 51 -1
0.1 49 632 -1
0.1 48 633 -1
0.1 631 634 -1
0.1 635 52 -1
0.1 636 53 -1
0.1 627 637 -1
0.1 58 59 -1
0.1 639 60 -1
0.1 57 640 -1
0.1 56 641 -1
0.1 61 62 -1
0.1 643 63 -1
0.1 64 65 -1
0.1 644 645 -1
0.1 642 646 -1
0.1 55 647 -1
0.1 66 67 -1
0.1 649 68 -1
0.1 70 71 -1
0.1 69 651 -1
0.1 650 652 -1
0.1 72 73 -1
0.1 653 654 -1
0.1 648 655 -1
0.1 54 656 -1
0.1 638 657 -1
0.1 76 77 -1
0.1 659 78 -1
0.1 75 660 -1
0.1 80 81 -1
0.1 79 662 -1
0.1 661 663 -1
0.1 82 83 -1
0.1 664 665 -1
0.1 74 666 -1
0.1 667 84 -1
0.1 85 86 -1
0.1 89 90 -1
0.1 91 92 -1
0.1 670 671 -1
0.1 88 672 -1
0.1 87 673 -1
0.1 674 93 -1
0.1 675 94 -1
0.1 669 676 -1
0.1 668 677 -1
0.1 97 98 -1
0.1 679 99 -1
0.1 96 680 -1
0.1 681 100 -1
0.1 102 103 -1
0.1 683 104 -1
0.1 101 684 -1
0.1 682 685 -1
0.1 95 686 -1
0.1 678 687 -1
0.1 106 107 -1
0.1 105 689 -1
0.1 688 690 -1
0.1 109 110 -1
0.1 108 692 -1
0.1 111 112 -1
0.1 693 694 -1
0.1 691 695 -1
0.1 658 696 -1
0.1 114 115 -1
0.1 116 117 -1
0.1 119 120 -1
0.1 121 122 -1
0.1 700 701 -1
0.1 118 702 -1
0.1 699 703 -1
0.1 698 704 -1
0.1 705 123 -1
0.1 113 706 -1
0.1 697 707 -1
0.1 126 127 -1
0.1 125 709 -1
0.1 124 710 -1
0.1 708 711 -1
0.1 618 712 -1
0.1 607 713 -1
0.1 7 714 -1
0.1 595 715 -1
0.1 129 130 -1
0.1 717 131 -1
0.1 128 718 -1
0.1 132 133 -1
0.1 719 720 -1
0.1 134 135 -1
0.1 722 136 -1
0.1 723 137 -1
0.1 721 724 -1
0.1 716 725 -1
0.1 138 139 -1
0.1 141 142 -1
0.1 143 144 -1
0.1 728 729 -1
0.1 730 145 -1
0.1 146 147 -1
0.1 731 732 -1
0.1 140 733 -1
0.1 727 734 -1
0.1 150 151 -1
0.1 149 736 -1
0.1 148 737 -1
0.1 152 153 -1
0.1 154 155 -1
0.1 739 740 -1
0.1 156 157 -1
0.1 159 160 -1
0.1 158 743 -1
0.1 742 744 -1
0.1 745 161 -1
0.1 741 746 -1
0.1 738 747 -1
0.1 162 163 -1
0.1 749 164 -1
0.1 165 166 -1
0.1 751 167 -1
0.1 750 752 -1
0.1 168 169 -1
0.1 753 754 -1
0.1 748 755 -1
0.1 171 172 -1
0.1 757 173 -1
0.1 175 176 -1
0.1 174 759 -1
0.1 758 760 -1
0.1 170 761 -1
0.1 762 177 -1
0.1 178 179 -1
0.1 180 181 -1
0.1 764 765 -1
0.1 763 766 -1
0.1 185 186 -1
0.1 768 187 -1
0.1 769 188 -1
0.1 184 770 -1
0.1 771 189 -1
0.1 192 193 -1
0.1 191 773 -1
0.1 190 774 -1
0.1 772 775 -1
0.1 776 194 -1
0.1 183 777 -1
0.1 195 196 -1
0.1 778 779 -1
0.1 182 780 -1
0.1 198 199 -1
0.1 200 201 -1
0.1 782 783 -1
0.1 197 784 -1
0.1 781 785 -1
0.1 202 203 -1
0.1 787 204 -1
0.1 205 206 -1
0.1 789 207 -1
0.1 788 790 -1
0.1 786 791 -1
0.1 767 792 -1
0.1 210 211 -1
0.1 209 794 -1
0.1 212 213 -1
0.1 796 214 -1
0.1 215 216 -1
0.1 798 217 -1
0.1 797 799 -1
0.1 795 800 -1
0.1 208 801 -1
0.1 793 802 -1
0.1 756 803 -1
0.1 735 804 -1
0.1 219 220 -1
0.1 223 224 -1
0.1 222 807 -1
0.1 225 226 -1
0.1 227 228 -1
0.1 810 229 -1
0.1 809 811 -1
0.1 812 230 -1
0.1 808 813 -1
0.1 221 814 -1
0.1 815 231 -1
0.1 232 233 -1
0.1 816 817 -1
0.1 234 235 -1
0.1 238 239 -1
0.1 237 820 -1
0.1 236 821 -1
0.1 241 242 -1
0.1 244 245 -1
0.1 243 824 -1
0.1 823 825 -1
0.1 240 826 -1
0.1 822 827 -1
0.1 819 828 -1
0.1 818 829 -1
0.1 246 247 -1
0.1 831 248 -1
0.1 250 251 -1
0.1 833 252 -1
0.1 253 254 -1
0.1 256 257 -1
0.1 836 258 -1
0.1 255 837 -1
0.1 835 838 -1
0.1 834 839 -1
0.1 840 259 -1
0.1 262 263 -1
0.1 264 265 -1
0.1 842 843 -1
0.1 261 844 -1
0.1 269 270 -1
0.1 268 846 -1
0.1 267 847 -1
0.1 266 848 -1
0.1 845 849 -1
0.1 271 272 -1
0.1 850 851 -1
0.1 260 852 -1
0.1 853 273 -1
0.1 274 275 -1
0.1 276 277 -1
0.1 280 281 -1
0.1 282 283 -1
0.1 857 858 -1
0.1 279 859 -1
0.1 284 285 -1
0.1 286 287 -1
0.1 862 288 -1
0.1 861 863 -1
0.1 860 864 -1
0.1 865 289 -1
0.1 278 866 -1
0.1 856 867 -1
0.1 855 868 -1
0.1 854 869 -1
0.1 291 292 -1
0.1 871 293 -1
0.1 290 872 -1
0.1 294 295 -1
0.1 296 297 -1
0.1 298 299 -1
0.1 875 876 -1
0.1 874 877 -1
0.1 873 878 -1
0.1 300 301 -1
0.1 302 303 -1
0.1 306 307 -1
0.1 305 882 -1
0.1 883 308 -1
0.1 304 884 -1
0.1 885 309 -1
0.1 881 886 -1
0.1 880 887 -1
0.1 879 888 -1
0.1 870 889 -1
0.1 841 890 -1
0.1 891 310 -1
0.1 249 892 -1
0.1 832 893 -1
0.1 830 894 -1
0.1 895 311 -1
0.1 806 896 -1
0.1 312 313 -1
0.1 897 898 -1
0.1 218 899 -1
0.1 805 900 -1
0.1 315 316 -1
0.1 314 902 -1
0.1 901 903 -1
0.1 320 321 -1
0.1 319 905 -1
0.1 318 906 -1
0.1 317 907 -1
0.1 322 323 -1
0.1 324 325 -1
0.1 910 326 -1
0.1 909 911 -1
0.1 908 912 -1
0.1 913 327 -1
0.1 332 333 -1
0.1 334 335 -1
0.1 336 337 -1
0.1 917 338 -1
0.1 916 918 -1
0.1 339 340 -1
0.1 920 341 -1
0.1 343 344 -1
0.1 346 347 -1
0.1 345 923 -1
0.1 348 349 -1
0.1 350 351 -1
0.1 926 352 -1
0.1 925 927 -1
0.1 924 928 -1
0.1 922 929 -1
0.1 353 354 -1
0.1 930 931 -1
0.1 359 360 -1
0.1 358 933 -1
0.1 357 934 -1
0.1 356 935 -1
0.1 936 361 -1
0.1 363 364 -1
0.1 362 938 -1
0.1 937 939 -1
0.1 355 940 -1
0.1 365 366 -1
0.1 941 942 -1
0.1 932 943 -1
0.1 368 369 -1
0.1 945 370 -1
0.1 373 374 -1
0.1 375 376 -1
0.1 948 377 -1
0.1 947 949 -1
0.1 372 950 -1
0.1 371 951 -1
0.1 946 952 -1
0.1 380 381 -1
0.1 379 954 -1
0.1 383 384 -1
0.1 382 956 -1
0.1 386 387 -1
0.1 958 388 -1
0.1 385 959 -1
0.1 957 960 -1
0.1 955 961 -1
0.1 378 962 -1
0.1 953 963 -1
0.1 367 964 -1
0.1 389 390 -1
0.1 392 393 -1
0.1 967 394 -1
0.1 396 397 -1
0.1 395 969 -1
0.1 399 400 -1
0.1 398 971 -1
0.1 970 972 -1
0.1 968 973 -1
0.1 391 974 -1
0.1 966 975 -1
0.1 401 402 -1
0.1 976 977 -1
0.1 965 978 -1
0.1 944 979 -1
0.1 342 980 -1
0.1 921 981 -1
0.1 404 405 -1
0.1 403 983 -1
0.1 406 407 -1
0.1 984 985 -1
0.1 982 986 -1
0.1 987 408 -1
0.1 988 409 -1
0.1 919 989 -1
0.1 915 990 -1
0.1 331 991 -1
0.1 330 992 -1
0.1 329 993 -1
0.1 328 994 -1
0.1 995 410 -1
0.1 996 411 -1
0.1 412 413 -1
0.1 414 415 -1
0.1 416 417 -1
0.1 1000 418 -1
0.1 999 1001 -1
0.1 419 420 -1
0.1 1003 421 -1
0.1 423 424 -1
0.1 422 1005 -1
0.1 1004 1006 -1
0.1 425 426 -1
0.1 428 429 -1
0.1 427 1009 -1
0.1 432 433 -1
0.1 434 435 -1
0.1 1011 1012 -1
0.1 437 438 -1
0.1 436 1014 -1
0.1 440 441 -1
0.1 439 1016 -1
0.1 1015 1017 -1
0.1 1013 1018 -1
0.1 1019 442 -1
0.1 1020 443 -1
0.1 431 1021 -1
0.1 430 1022 -1
0.1 1023 444 -1
0.1 446 447 -1
0.1 450 451 -1
0.1 452 453 -1
0.1 454 455 -1
0.1 1027 1028 -1
0.1 1026 1029 -1
0.1 449 1030 -1
0.1 448 1031 -1
0.1 1025 1032 -1
0.1 1033 456 -1
0.1 445 1034 -1
0.1 458 459 -1
0.1 457 1036 -1
0.1 1037 460 -1
0.1 466 467 -1
0.1 1039 468 -1
0.1 1040 469 -1
0.1 1041 470 -1
0.1 1042 471 -1
0.1 1043 472 -1
0.1 465 1044 -1
0.1 464 1045 -1
0.1 463 1046 -1
0.1 462 1047 -1
0.1 461 1048 -1
0.1 1038 1049 -1
0.1 1035 1050 -1
0.1 473 474 -1
0.1 1052 475 -1
0.1 478 479 -1
0.1 477 1054 -1
0.1 481 482 -1
0.1 480 1056 -1
0.1 1055 1057 -1
0.1 476 1058 -1
0.1 1053 1059 -1
0.1 1060 483 -1
0.1 1061 484 -1
0.1 1051 1062 -1
0.1 486 487 -1
0.1 488 489 -1
0.1 1064 1065 -1
0.1 485 1066 -1
0.1 490 491 -1
0.1 1067 1068 -1
0.1 492 493 -1
0.1 1069 1070 -1
0.1 1071 494 -1
0.1 495 496 -1
0.1 497 498 -1
0.1 500 501 -1
0.1 1075 502 -1
0.1 499 1076 -1
0.1 1074 1077 -1
0.1 503 504 -1
0.1 1078 1079 -1
0.1 1073 1080 -1
0.1 506 507 -1
0.1 505 1082 -1
0.1 510 511 -1
0.1 1084 512 -1
0.1 509 1085 -1
0.1 1086 513 -1
0.1 508 1087 -1
0.1 1088 514 -1
0.1 1083 1089 -1
0.1 1081 1090 -1
0.1 1072 1091 -1
0.1 515 516 -1
0.1 1092 1093 -1
0.1 517 518 -1
0.1 521 522 -1
0.1 520 1096 -1
0.1 1097 523 -1
0.1 519 1098 -1
0.1 524 525 -1
0.1 526 527 -1
0.1 531 532 -1
0.1 1102 533 -1
0.1 530 1103 -1
0.1 529 1104 -1
0.1 528 1105 -1
0.1 1101 1106 -1
0.1 1100 1107 -1
0.1 534 535 -1
0.1 538 539 -1
0.1 537 1110 -1
0.1 536 1111 -1
0.1 1109 1112 -1
0.1 540 541 -1
0.1 542 543 -1
0.1 1114 1115 -1
0.1 1113 1116 -1
0.1 1108 1117 -1
0.1 1099 1118 -1
0.1 1095 1119 -1
0.1 545 546 -1
0.1 544 1121 -1
0.1 1120 1122 -1
0.1 548 549 -1
0.1 550 551 -1
0.1 1124 1125 -1
0.1 552 553 -1
0.1 554 555 -1
0.1 1127 1128 -1
0.1 556 557 -1
0.1 1129 1130 -1
0.1 1126 1131 -1
0.1 547 1132 -1
0.1 1133 558 -1
0.1 1123 1134 -1
0.1 1135 559 -1
0.1 560 561 -1
0.1 563 564 -1
0.1 562 1138 -1
0.1 1137 1139 -1
0.1 1136 1140 -1
0.1 1094 1141 -1
0.1 1063 1142 -1
0.1 1024 1143 -1
0.1 1010 1144 -1
0.1 1145 565 -1
0.1 1146 566 -1
0.1 1008 1147 -1
0.1 1007 1148 -1
0.1 568 569 -1
0.1 567 1150 -1
0.1 1149 1151 -1
0.1 573 574 -1
0.1 1153 575 -1
0.1 1154 576 -1
0.1 572 1155 -1
0.1 571 1156 -1
0.1 577 578 -1
0.1 1157 1158 -1
0.1 579 580 -1
0.1 1160 581 -1
0.1 1159 1161 -1
0.1 570 1162 -1
0.1 1152 1163 -1
0.1 1002 1164 -1
0.1 998 1165 -1
0.1 582 583 -1
0.1 1166 1167 -1
0.1 997 1168 -1
0.1 1169 584 -1
0.1 914 1170 -1
0.1 1171 585 -1
0.1 1172 586 -1
0.1 588 589 -1
0.1 1174 590 -1
0.1 587 1175 -1
0.1 1173 1176 -1
0.1 904 1177 -1
0.1 726 1178 -1
