1 0 0 1
1 0 0 1
1 0 0 1
1 0 0 1
1 0 0 2
1 0 0 2
1 0 0 2
1 0 0 2
1 0 0 2
1 0 0 2
1 0 0 3
1 0 0 3
1 0 0 3
1 0 0 4
1 0 0 4
1 0 0 4
1 0 0 4
1 0 0 4
1 0 0 4
1 0 0 4
1 0 0 4
1 0 0 4
1 0 0 4
1 0 0 5
1 0 0 5
1 0 0 5
1 0 0 5
1 0 0 5
1 0 0 5
1 0 0 6
1 0 0 6
1 0 0 6
1 0 0 6
1 0 0 6
1 0 0 6
1 0 0 6
1 0 0 6
1 0 0 6
1 0 0 6
1 0 0 7
1 0 0 7
1 0 0 5
1 0 0 7
1 0 0 7
1 0 0 7
1 0 0 7
1 0 0 7
1 0 0 7
1 0 0 7
1 0 0 7
1 0 0 8
1 0 0 8
1 0 0 8
1 0 0 8
1 0 0 8
1 0 0 8
1 0 0 8
1 0 0 8
1 0 0 8
1 0 0 8
1 0 0 5
1 0 0 5
1 0 0 9
1 0 0 9
1 0 0 9
1 0 0 9
1 0 0 9
1 0 0 9
1 0 0 9
1 0 0 9
1 0 0 9
1 0 0 9
1 0 0 10
1 0 0 10
1 0 0 10
1 0 0 10
1 0 0 10
1 0 0 10
1 0 0 10
1 0 0 10
1 0 0 10
1 0 0 10
1 0 0 5
1 0 0 11
1 0 0 11
1 0 0 11
1 0 0 11
1 0 0 11
1 0 0 11
1 0 0 11
1 0 0 11
1 0 0 11
1 0 0 11
1 0 0 12
1 0 0 12
1 0 0 12
1 0 0 12
1 0 0 12
1 0 0 12
1 0 0 12
1 0 0 12
1 0 0 12
1 0 0 12
1 0 0 3
1 0 0 13
1 0 0 13
1 0 0 13
1 0 0 13
1 0 0 13
1 0 0 13
1 0 0 13
1 0 0 13
1 0 0 13
1 0 0 13
1 0 0 3
1 0 0 3
1 0 0 3
1 0 0 3
1 0 0 14
1 0 0 14
1 0 0 14
1 0 0 14
1 0 0 14
1 0 0 14
1 0 0 14
1 0 0 14
1 0 0 14
1 0 0 14
1 0 0 3
1 0 0 3
1 0 0 1
1 0 0 15
1 0 0 15
1 0 0 16
1 0 0 16
1 0 0 16
1 0 0 17
1 0 0 17
1 0 0 17
1 0 0 17
1 0 0 17
1 0 0 17
1 0 0 17
1 0 0 17
1 0 0 17
1 0 0 17
1 0 0 16
1 0 0 16
1 0 0 18
1 0 0 18
1 0 0 18
1 0 0 18
1 0 0 18
1 0 0 18
1 0 0 18
1 0 0 18
1 0 0 18
1 0 0 18
1 0 0 16
1 0 0 16
1 0 0 16
1 0 0 19
1 0 0 19
1 0 0 19
1 0 0 19
1 0 0 19
1 0 0 19
1 0 0 19
1 0 0 19
1 0 0 19
1 0 0 19
1 0 0 20
1 0 0 20
1 0 0 20
1 0 0 20
1 0 0 20
1 0 0 20
1 0 0 20
1 0 0 20
1 0 0 16
1 0 0 16
1 0 0 21
1 0 0 21
1 0 0 22
1 0 0 22
1 0 0 22
1 0 0 22
1 0 0 22
1 0 0 22
1 0 0 22
1 0 0 22
1 0 0 22
1 0 0 22
1 0 0 21
1 0 0 23
1 0 0 23
1 0 0 23
1 0 0 23
1 0 0 23
1 0 0 23
1 0 0 23
1 0 0 23
1 0 0 23
1 0 0 23
1 0 0 21
1 0 0 21
1 0 0 21
1 0 0 21
1 0 0 21
1 0 0 21
1 0 0 24
1 0 0 24
1 0 0 24
1 0 0 24
1 0 0 24
1 0 0 24
1 0 0 24
1 0 0 24
1 0 0 24
1 0 0 24
1 0 0 21
1 0 0 20
1 0 0 20
1 0 0 15
1 0 0 15
1 0 0 15
1 0 0 15
1 0 0 1
1 0 0 1
1 0 0 1
1 0 0 1
1 0 0 1
1 0 0 2
1 0 0 2
1 0 0 2
1 0 0 2
1 0 0 25
1 0 0 25
1 0 0 25
1 0 0 25
1 0 0 25
1 0 0 25
1 0 0 26
1 0 0 26
1 0 0 27
1 0 0 27
1 0 0 27
1 0 0 27
1 0 0 27
1 0 0 27
1 0 0 27
1 0 0 27
1 0 0 27
1 0 0 27
1 0 0 28
1 0 0 28
1 0 0 28
1 0 0 29
1 0 0 29
1 0 0 29
1 0 0 29
1 0 0 29
1 0 0 29
1 0 0 29
1 0 0 29
1 0 0 30
1 0 0 30
1 0 0 30
1 0 0 30
1 0 0 30
1 0 0 30
1 0 0 30
1 0 0 30
1 0 0 31
1 0 0 31
1 0 0 31
1 0 0 31
1 0 0 31
1 0 0 31
1 0 0 31
1 0 0 31
1 0 0 31
1 0 0 31
1 0 0 30
1 0 0 32
1 0 0 32
1 0 0 33
1 0 0 33
1 0 0 33
1 0 0 33
1 0 0 33
1 0 0 33
1 0 0 33
1 0 0 33
1 0 0 33
1 0 0 33
1 0 0 32
1 0 0 32
1 0 0 34
1 0 0 34
1 0 0 34
1 0 0 34
1 0 0 34
1 0 0 34
1 0 0 34
1 0 0 34
1 0 0 34
1 0 0 34
1 0 0 35
1 0 0 35
1 0 0 35
1 0 0 35
1 0 0 35
1 0 0 35
1 0 0 35
1 0 0 35
1 0 0 35
1 0 0 35
1 0 0 32
1 0 0 32
1 0 0 32
1 0 0 32
1 0 0 32
1 0 0 32
1 0 0 36
1 0 0 36
1 0 0 36
1 0 0 36
1 0 0 36
1 0 0 36
1 0 0 36
1 0 0 37
1 0 0 37
1 0 0 37
1 0 0 37
1 0 0 37
1 0 0 37
1 0 0 37
1 0 0 37
1 0 0 37
1 0 0 37
1 0 0 38
1 0 0 38
1 0 0 38
1 0 0 38
1 0 0 38
1 0 0 38
1 0 0 38
1 0 0 38
1 0 0 38
1 0 0 38
1 0 0 39
1 0 0 39
1 0 0 39
1 0 0 39
1 0 0 39
1 0 0 39
1 0 0 39
1 0 0 39
1 0 0 39
1 0 0 39
1 0 0 40
1 0 0 40
1 0 0 40
1 0 0 40
1 0 0 40
1 0 0 40
1 0 0 40
1 0 0 40
1 0 0 40
1 0 0 40
1 0 0 36
1 0 0 41
1 0 0 41
1 0 0 41
1 0 0 41
1 0 0 41
1 0 0 41
1 0 0 41
1 0 0 41
1 0 0 41
1 0 0 41
1 0 0 42
1 0 0 42
1 0 0 42
1 0 0 42
1 0 0 42
1 0 0 42
1 0 0 42
1 0 0 42
1 0 0 42
1 0 0 42
1 0 0 43
1 0 0 43
1 0 0 43
1 0 0 43
1 0 0 43
1 0 0 43
1 0 0 43
1 0 0 43
1 0 0 43
1 0 0 43
1 0 0 36
1 0 0 36
1 0 0 30
1 0 0 29
1 0 0 29
1 0 0 28
1 0 0 28
1 0 0 28
1 0 0 28
1 0 0 28
1 0 0 28
1 0 0 28
1 0 0 26
1 0 0 26
1 0 0 26
1 0 0 26
1 0 0 26
1 0 0 44
1 0 0 45
1 0 0 45
1 0 0 45
1 0 0 45
1 0 0 45
1 0 0 45
1 0 0 46
1 0 0 46
1 0 0 46
1 0 0 46
1 0 0 46
1 0 0 46
1 0 0 46
1 0 0 46
1 0 0 46
1 0 0 46
1 0 0 47
1 0 0 48
1 0 0 48
1 0 0 48
1 0 0 48
1 0 0 48
1 0 0 48
1 0 0 48
1 0 0 48
1 0 0 48
1 0 0 48
1 0 0 47
1 0 0 49
1 0 0 49
1 0 0 49
1 0 0 49
1 0 0 49
1 0 0 49
1 0 0 49
1 0 0 49
1 0 0 49
1 0 0 49
1 0 0 47
1 0 0 47
1 0 0 47
1 0 0 47
1 0 0 50
1 0 0 50
1 0 0 50
1 0 0 50
1 0 0 50
1 0 0 50
1 0 0 50
1 0 0 50
1 0 0 50
1 0 0 50
1 0 0 47
1 0 0 51
1 0 0 51
1 0 0 51
1 0 0 51
1 0 0 51
1 0 0 51
1 0 0 51
1 0 0 51
1 0 0 51
1 0 0 51
1 0 0 47
1 0 0 47
1 0 0 47
1 0 0 45
1 0 0 45
1 0 0 45
1 0 0 45
1 0 0 44
1 0 0 44
1 0 0 44
1 0 0 44
1 0 0 44
1 0 0 44
1 0 0 44
1 0 0 44
1 0 0 44
1 0 0 26
1 0 0 26
1 0 0 52
1 0 0 52
1 0 0 52
1 0 0 52
1 0 0 52
1 0 0 52
1 0 0 52
1 0 0 52
1 0 0 52
1 0 0 52
1 0 0 26
1 0 0 25
1 0 0 15
1 0 0 15
1 0 0 15
1 0 0 15
1 0 0 25
1 0 0 25
1 0 0 25
1 0 0 53
1 0 0 53
1 0 0 53
1 0 0 54
1 0 0 54
1 0 0 54
1 0 0 55
1 0 0 55
1 0 0 55
1 0 0 55
1 0 0 56
1 0 0 56
1 0 0 56
1 0 0 56
1 0 0 56
1 0 0 56
1 0 0 56
1 0 0 56
1 0 0 56
1 0 0 56
1 0 0 55
1 0 0 55
1 0 0 55
1 0 0 55
1 0 0 55
1 0 0 55
1 0 0 54
1 0 0 54
1 0 0 54
1 0 0 54
1 0 0 54
1 0 0 54
1 0 0 54
1 0 0 53
1 0 0 53
1 0 0 53
1 0 0 53
1 0 0 53
1 0 0 57
1 0 0 57
1 0 0 57
1 0 0 57
1 0 0 57
1 0 0 57
1 0 0 57
1 0 0 57
1 0 0 57
1 0 0 57
1 0 0 58
1 0 0 58
1 0 0 58
1 0 0 58
1 0 0 58
1 0 0 58
1 0 0 58
1 0 0 58
1 0 0 58
1 0 0 58
1 0 0 59
1 0 0 59
1 0 0 59
1 0 0 59
1 0 0 59
1 0 0 59
1 0 0 59
1 0 0 59
1 0 0 59
1 0 0 59
1 0 0 53
1 0 0 53
0.1 1 2 -1
0.1 591 3 -1
0.1 5 6 -1
0.1 8 9 -1
0.1 7 594 -1
0.1 595 10 -1
0.1 593 596 -1
0.1 12 13 -1
0.1 14 15 -1
0.1 17 18 -1
0.1 19 20 -1
0.1 600 601 -1
0.1 16 602 -1
0.1 22 23 -1
0.1 21 604 -1
0.1 603 605 -1
0.1 599 606 -1
0.1 598 607 -1
0.1 11 608 -1
0.1 597 609 -1
0.1 26 27 -1
0.1 25 611 -1
0.1 28 29 -1
0.1 612 613 -1
0.1 24 614 -1
0.1 32 33 -1
0.1 34 35 -1
0.1 616 617 -1
0.1 31 618 -1
0.1 30 619 -1
0.1 36 37 -1
0.1 621 38 -1
0.1 620 622 -1
0.1 623 39 -1
0.1 40 41 -1
0.1 625 42 -1
0.1 44 45 -1
0.1 43 627 -1
0.1 628 46 -1
0.1 48 49 -1
0.1 47 630 -1
0.1 629 631 -1
0.1 626 632 -1
0.1 633 50 -1
0.1 624 634 -1
0.1 54 55 -1
0.1 53 636 -1
0.1 52 637 -1
0.1 51 638 -1
0.1 58 59 -1
0.1 57 640 -1
0.1 56 641 -1
0.1 642 60 -1
0.1 639 643 -1
0.1 635 644 -1
0.1 61 62 -1
0.1 645 646 -1
0.1 64 65 -1
0.1 67 68 -1
0.1 66 649 -1
0.1 69 70 -1
0.1 651 71 -1
0.1 650 652 -1
0.1 648 653 -1
0.1 74 75 -1
0.1 655 76 -1
0.1 73 656 -1
0.1 657 77 -1
0.1 79 80 -1
0.1 78 659 -1
0.1 81 82 -1
0.1 660 661 -1
0.1 658 662 -1
0.1 72 663 -1
0.1 654 664 -1
0.1 63 665 -1
0.1 87 88 -1
0.1 86 667 -1
0.1 668 89 -1
0.1 85 669 -1
0.1 670 90 -1
0.1 84 671 -1
0.1 92 93 -1
0.1 91 673 -1
0.1 672 674 -1
0.1 96 97 -1
0.1 95 676 -1
0.1 94 677 -1
0.1 99 100 -1
0.1 98 679 -1
0.1 678 680 -1
0.1 681 101 -1
0.1 102 103 -1
0.1 682 683 -1
0.1 675 684 -1
0.1 83 685 -1
0.1 666 686 -1
0.1 647 687 -1
0.1 615 688 -1
0.1 105 106 -1
0.1 108 109 -1
0.1 110 111 -1
0.1 691 692 -1
0.1 107 693 -1
0.1 690 694 -1
0.1 112 113 -1
0.1 695 696 -1
0.1 697 114 -1
0.1 104 698 -1
0.1 689 699 -1
0.1 115 116 -1
0.1 701 117 -1
0.1 702 118 -1
0.1 700 703 -1
0.1 121 122 -1
0.1 120 705 -1
0.1 119 706 -1
0.1 123 124 -1
0.1 708 125 -1
0.1 709 126 -1
0.1 127 128 -1
0.1 710 711 -1
0.1 707 712 -1
0.1 129 130 -1
0.1 713 714 -1
0.1 704 715 -1
0.1 610 716 -1
0.1 4 717 -1
0.1 138 139 -1
0.1 141 142 -1
0.1 140 720 -1
0.1 719 721 -1
0.1 145 146 -1
0.1 144 723 -1
0.1 143 724 -1
0.1 722 725 -1
0.1 137 726 -1
0.1 136 727 -1
0.1 135 728 -1
0.1 134 729 -1
0.1 147 148 -1
0.1 151 152 -1
0.1 150 732 -1
0.1 149 733 -1
0.1 154 155 -1
0.1 153 735 -1
0.1 157 158 -1
0.1 156 737 -1
0.1 736 738 -1
0.1 734 739 -1
0.1 731 740 -1
0.1 730 741 -1
0.1 160 161 -1
0.1 163 164 -1
0.1 744 165 -1
0.1 162 745 -1
0.1 166 167 -1
0.1 168 169 -1
0.1 747 748 -1
0.1 170 171 -1
0.1 749 750 -1
0.1 746 751 -1
0.1 172 173 -1
0.1 175 176 -1
0.1 177 178 -1
0.1 755 179 -1
0.1 754 756 -1
0.1 174 757 -1
0.1 753 758 -1
0.1 180 181 -1
0.1 759 760 -1
0.1 182 183 -1
0.1 186 187 -1
0.1 185 763 -1
0.1 189 190 -1
0.1 192 193 -1
0.1 191 766 -1
0.1 765 767 -1
0.1 188 768 -1
0.1 764 769 -1
0.1 184 770 -1
0.1 762 771 -1
0.1 196 197 -1
0.1 198 199 -1
0.1 773 774 -1
0.1 195 775 -1
0.1 200 201 -1
0.1 202 203 -1
0.1 778 204 -1
0.1 777 779 -1
0.1 776 780 -1
0.1 781 205 -1
0.1 206 207 -1
0.1 782 783 -1
0.1 194 784 -1
0.1 772 785 -1
0.1 211 212 -1
0.1 787 213 -1
0.1 214 215 -1
0.1 788 789 -1
0.1 217 218 -1
0.1 219 220 -1
0.1 791 792 -1
0.1 216 793 -1
0.1 790 794 -1
0.1 210 795 -1
0.1 209 796 -1
0.1 208 797 -1
0.1 798 221 -1
0.1 786 799 -1
0.1 761 800 -1
0.1 752 801 -1
0.1 222 223 -1
0.1 802 803 -1
0.1 743 804 -1
0.1 159 805 -1
0.1 742 806 -1
0.1 133 807 -1
0.1 224 225 -1
0.1 808 809 -1
0.1 226 227 -1
0.1 810 811 -1
0.1 132 812 -1
0.1 813 228 -1
0.1 131 814 -1
0.1 718 815 -1
0.1 592 816 -1
0.1 229 230 -1
0.1 818 231 -1
0.1 819 232 -1
0.1 817 820 -1
0.1 235 236 -1
0.1 234 822 -1
0.1 233 823 -1
0.1 237 238 -1
0.1 241 242 -1
0.1 240 826 -1
0.1 239 827 -1
0.1 825 828 -1
0.1 245 246 -1
0.1 247 248 -1
0.1 249 250 -1
0.1 832 251 -1
0.1 253 254 -1
0.1 252 834 -1
0.1 256 257 -1
0.1 255 836 -1
0.1 258 259 -1
0.1 261 262 -1
0.1 260 839 -1
0.1 264 265 -1
0.1 263 841 -1
0.1 840 842 -1
0.1 838 843 -1
0.1 269 270 -1
0.1 268 845 -1
0.1 274 275 -1
0.1 276 277 -1
0.1 847 848 -1
0.1 278 279 -1
0.1 850 280 -1
0.1 281 282 -1
0.1 852 283 -1
0.1 851 853 -1
0.1 849 854 -1
0.1 273 855 -1
0.1 856 284 -1
0.1 272 857 -1
0.1 271 858 -1
0.1 846 859 -1
0.1 267 860 -1
0.1 287 288 -1
0.1 862 289 -1
0.1 291 292 -1
0.1 864 293 -1
0.1 295 296 -1
0.1 294 866 -1
0.1 865 867 -1
0.1 290 868 -1
0.1 863 869 -1
0.1 286 870 -1
0.1 285 871 -1
0.1 300 301 -1
0.1 303 304 -1
0.1 305 306 -1
0.1 874 875 -1
0.1 307 308 -1
0.1 876 877 -1
0.1 302 878 -1
0.1 873 879 -1
0.1 299 880 -1
0.1 298 881 -1
0.1 297 882 -1
0.1 309 310 -1
0.1 312 313 -1
0.1 315 316 -1
0.1 314 886 -1
0.1 887 317 -1
0.1 885 888 -1
0.1 311 889 -1
0.1 890 318 -1
0.1 884 891 -1
0.1 892 319 -1
0.1 893 320 -1
0.1 323 324 -1
0.1 322 895 -1
0.1 321 896 -1
0.1 894 897 -1
0.1 883 898 -1
0.1 872 899 -1
0.1 325 326 -1
0.1 328 329 -1
0.1 327 902 -1
0.1 332 333 -1
0.1 334 335 -1
0.1 904 905 -1
0.1 336 337 -1
0.1 338 339 -1
0.1 907 908 -1
0.1 906 909 -1
0.1 340 341 -1
0.1 910 911 -1
0.1 331 912 -1
0.1 330 913 -1
0.1 343 344 -1
0.1 342 915 -1
0.1 345 346 -1
0.1 349 350 -1
0.1 918 351 -1
0.1 348 919 -1
0.1 347 920 -1
0.1 352 353 -1
0.1 354 355 -1
0.1 359 360 -1
0.1 924 361 -1
0.1 358 925 -1
0.1 357 926 -1
0.1 356 927 -1
0.1 923 928 -1
0.1 922 929 -1
0.1 362 363 -1
0.1 366 367 -1
0.1 365 932 -1
0.1 364 933 -1
0.1 931 934 -1
0.1 368 369 -1
0.1 370 371 -1
0.1 936 937 -1
0.1 935 938 -1
0.1 930 939 -1
0.1 921 940 -1
0.1 917 941 -1
0.1 916 942 -1
0.1 943 372 -1
0.1 914 944 -1
0.1 903 945 -1
0.1 901 946 -1
0.1 373 374 -1
0.1 376 377 -1
0.1 378 379 -1
0.1 949 950 -1
0.1 375 951 -1
0.1 380 381 -1
0.1 953 382 -1
0.1 952 954 -1
0.1 948 955 -1
0.1 383 384 -1
0.1 385 386 -1
0.1 389 390 -1
0.1 388 959 -1
0.1 387 960 -1
0.1 958 961 -1
0.1 391 392 -1
0.1 962 963 -1
0.1 957 964 -1
0.1 956 965 -1
0.1 394 395 -1
0.1 393 967 -1
0.1 399 400 -1
0.1 398 969 -1
0.1 970 401 -1
0.1 397 971 -1
0.1 972 402 -1
0.1 396 973 -1
0.1 968 974 -1
0.1 966 975 -1
0.1 403 404 -1
0.1 976 977 -1
0.1 947 978 -1
0.1 900 979 -1
0.1 861 980 -1
0.1 266 981 -1
0.1 982 405 -1
0.1 406 407 -1
0.1 983 984 -1
0.1 844 985 -1
0.1 986 408 -1
0.1 413 414 -1
0.1 412 988 -1
0.1 411 989 -1
0.1 410 990 -1
0.1 409 991 -1
0.1 987 992 -1
0.1 837 993 -1
0.1 835 994 -1
0.1 833 995 -1
0.1 831 996 -1
0.1 830 997 -1
0.1 415 416 -1
0.1 998 999 -1
0.1 418 419 -1
0.1 422 423 -1
0.1 424 425 -1
0.1 1002 1003 -1
0.1 421 1004 -1
0.1 427 428 -1
0.1 1006 429 -1
0.1 431 432 -1
0.1 433 434 -1
0.1 1008 1009 -1
0.1 430 1010 -1
0.1 1011 435 -1
0.1 1012 436 -1
0.1 1007 1013 -1
0.1 439 440 -1
0.1 438 1015 -1
0.1 441 442 -1
0.1 1017 443 -1
0.1 444 445 -1
0.1 1019 446 -1
0.1 1020 447 -1
0.1 1018 1021 -1
0.1 1016 1022 -1
0.1 437 1023 -1
0.1 1014 1024 -1
0.1 451 452 -1
0.1 450 1026 -1
0.1 453 454 -1
0.1 1028 455 -1
0.1 1027 1029 -1
0.1 457 458 -1
0.1 456 1031 -1
0.1 1030 1032 -1
0.1 449 1033 -1
0.1 459 460 -1
0.1 1034 1035 -1
0.1 461 462 -1
0.1 1036 1037 -1
0.1 448 1038 -1
0.1 464 465 -1
0.1 1040 466 -1
0.1 470 471 -1
0.1 1042 472 -1
0.1 469 1043 -1
0.1 468 1044 -1
0.1 467 1045 -1
0.1 1041 1046 -1
0.1 463 1047 -1
0.1 474 475 -1
0.1 1049 476 -1
0.1 477 478 -1
0.1 480 481 -1
0.1 479 1052 -1
0.1 1051 1053 -1
0.1 1050 1054 -1
0.1 482 483 -1
0.1 1055 1056 -1
0.1 473 1057 -1
0.1 1058 484 -1
0.1 1048 1059 -1
0.1 485 486 -1
0.1 1060 1061 -1
0.1 1039 1062 -1
0.1 1025 1063 -1
0.1 426 1064 -1
0.1 487 488 -1
0.1 1066 489 -1
0.1 1065 1067 -1
0.1 1005 1068 -1
0.1 1069 490 -1
0.1 420 1070 -1
0.1 491 492 -1
0.1 1072 493 -1
0.1 494 495 -1
0.1 1073 1074 -1
0.1 1071 1075 -1
0.1 496 497 -1
0.1 1076 1077 -1
0.1 1078 498 -1
0.1 1079 499 -1
0.1 1080 500 -1
0.1 1001 1081 -1
0.1 417 1082 -1
0.1 1000 1083 -1
0.1 1084 501 -1
0.1 502 503 -1
0.1 1086 504 -1
0.1 505 506 -1
0.1 1087 1088 -1
0.1 508 509 -1
0.1 510 511 -1
0.1 1090 1091 -1
0.1 507 1092 -1
0.1 1089 1093 -1
0.1 1094 512 -1
0.1 1085 1095 -1
0.1 244 1096 -1
0.1 243 1097 -1
0.1 829 1098 -1
0.1 824 1099 -1
0.1 516 517 -1
0.1 515 1101 -1
0.1 514 1102 -1
0.1 513 1103 -1
0.1 518 519 -1
0.1 522 523 -1
0.1 521 1106 -1
0.1 524 525 -1
0.1 1108 526 -1
0.1 528 529 -1
0.1 532 533 -1
0.1 1111 534 -1
0.1 531 1112 -1
0.1 538 539 -1
0.1 1114 540 -1
0.1 537 1115 -1
0.1 536 1116 -1
0.1 535 1117 -1
0.1 1113 1118 -1
0.1 1119 541 -1
0.1 530 1120 -1
0.1 1110 1121 -1
0.1 527 1122 -1
0.1 543 544 -1
0.1 545 546 -1
0.1 1124 1125 -1
0.1 542 1126 -1
0.1 1123 1127 -1
0.1 1109 1128 -1
0.1 549 550 -1
0.1 548 1130 -1
0.1 551 552 -1
0.1 1132 553 -1
0.1 1131 1133 -1
0.1 547 1134 -1
0.1 1135 554 -1
0.1 555 556 -1
0.1 557 558 -1
0.1 1137 1138 -1
0.1 1136 1139 -1
0.1 1129 1140 -1
0.1 1107 1141 -1
0.1 560 561 -1
0.1 1143 562 -1
0.1 563 564 -1
0.1 1145 565 -1
0.1 567 568 -1
0.1 566 1147 -1
0.1 1146 1148 -1
0.1 1144 1149 -1
0.1 559 1150 -1
0.1 1142 1151 -1
0.1 569 570 -1
0.1 1153 571 -1
0.1 573 574 -1
0.1 572 1155 -1
0.1 1154 1156 -1
0.1 577 578 -1
0.1 576 1158 -1
0.1 575 1159 -1
0.1 1157 1160 -1
0.1 579 580 -1
0.1 581 582 -1
0.1 1162 1163 -1
0.1 585 586 -1
0.1 584 1165 -1
0.1 587 588 -1
0.1 1166 1167 -1
0.1 583 1168 -1
0.1 1164 1169 -1
0.1 589 590 -1
0.1 1170 1171 -1
0.1 1161 1172 -1
0.1 1152 1173 -1
0.1 520 1174 -1
0.1 1105 1175 -1
0.1 1104 1176 -1
0.1 1100 1177 -1
0.1 821 1178 -1
