1 0 0 1
1 0 0 2
1 0 0 3
1 0 0 3
1 0 0 4
1 0 0 4
1 0 0 3
1 0 0 3
1 0 0 3
1 0 0 3
1 0 0 3
1 0 0 5
1 0 0 5
1 0 0 5
1 0 0 5
1 0 0 5
1 0 0 5
1 0 0 5
1 0 0 6
1 0 0 6
1 0 0 6
1 0 0 6
1 0 0 6
1 0 0 6
1 0 0 6
1 0 0 6
1 0 0 3
1 0 0 3
1 0 0 6
1 0 0 6
1 0 0 5
1 0 0 5
1 0 0 5
1 0 0 7
1 0 0 7
1 0 0 7
1 0 0 7
1 0 0 7
1 0 0 7
1 0 0 7
1 0 0 7
1 0 0 7
1 0 0 7
1 0 0 3
1 0 0 4
1 0 0 4
1 0 0 4
1 0 0 4
1 0 0 4
1 0 0 4
1 0 0 4
1 0 0 4
1 0 0 8
1 0 0 8
1 0 0 8
1 0 0 8
1 0 0 8
1 0 0 8
1 0 0 9
1 0 0 9
1 0 0 9
1 0 0 9
1 0 0 9
1 0 0 9
1 0 0 9
1 0 0 9
1 0 0 9
1 0 0 9
1 0 0 8
1 0 0 8
1 0 0 8
1 0 0 8
1 0 0 10
1 0 0 10
1 0 0 10
1 0 0 10
1 0 0 10
1 0 0 10
1 0 0 11
1 0 0 11
1 0 0 11
1 0 0 12
1 0 0 12
1 0 0 12
1 0 0 12
1 0 0 12
1 0 0 12
1 0 0 12
1 0 0 12
1 0 0 12
1 0 0 12
1 0 0 13
1 0 0 14
1 0 0 13
1 0 0 15
1 0 0 15
1 0 0 15
1 0 0 15
1 0 0 15
1 0 0 15
1 0 0 15
1 0 0 15
1 0 0 15
1 0 0 15
1 0 0 14
1 0 0 14
1 0 0 14
1 0 0 16
1 0 0 16
1 0 0 16
1 0 0 16
1 0 0 16
1 0 0 16
1 0 0 16
1 0 0 16
1 0 0 16
1 0 0 16
1 0 0 17
1 0 0 18
1 0 0 18
1 0 0 11
1 0 0 17
1 0 0 17
1 0 0 19
1 0 0 19
1 0 0 19
1 0 0 19
1 0 0 19
1 0 0 20
1 0 0 20
1 0 0 20
1 0 0 20
1 0 0 20
1 0 0 20
1 0 0 20
1 0 0 20
1 0 0 20
1 0 0 20
1 0 0 19
1 0 0 19
1 0 0 19
1 0 0 21
1 0 0 21
1 0 0 21
1 0 0 21
1 0 0 21
1 0 0 21
1 0 0 21
1 0 0 21
1 0 0 21
1 0 0 21
1 0 0 19
1 0 0 19
1 0 0 17
1 0 0 11
1 0 0 18
1 0 0 17
1 0 0 17
1 0 0 17
1 0 0 17
1 0 0 17
1 0 0 17
1 0 0 11
1 0 0 11
1 0 0 11
1 0 0 11
1 0 0 11
1 0 0 13
1 0 0 13
1 0 0 2
1 0 0 22
1 0 0 22
1 0 0 22
1 0 0 22
1 0 0 22
1 0 0 22
1 0 0 22
1 0 0 22
1 0 0 22
1 0 0 22
1 0 0 14
1 0 0 13
1 0 0 14
1 0 0 14
1 0 0 14
1 0 0 23
1 0 0 23
1 0 0 23
1 0 0 23
1 0 0 23
1 0 0 23
1 0 0 23
1 0 0 23
1 0 0 23
1 0 0 23
1 0 0 13
1 0 0 13
1 0 0 18
1 0 0 18
1 0 0 18
1 0 0 18
1 0 0 18
1 0 0 18
1 0 0 13
1 0 0 14
1 0 0 14
1 0 0 24
1 0 0 25
1 0 0 25
1 0 0 25
1 0 0 25
1 0 0 25
1 0 0 25
1 0 0 25
1 0 0 25
1 0 0 25
1 0 0 25
1 0 0 24
1 0 0 24
1 0 0 24
1 0 0 24
1 0 0 24
1 0 0 24
1 0 0 24
1 0 0 24
1 0 0 24
1 0 0 18
1 0 0 10
1 0 0 10
1 0 0 10
1 0 0 1
1 0 0 26
1 0 0 26
1 0 0 26
1 0 0 26
1 0 0 26
1 0 0 26
1 0 0 26
1 0 0 26
1 0 0 26
1 0 0 26
1 0 0 10
1 0 0 13
1 0 0 13
1 0 0 27
1 0 0 27
1 0 0 27
1 0 0 27
1 0 0 28
1 0 0 28
1 0 0 28
1 0 0 28
1 0 0 28
1 0 0 28
1 0 0 28
1 0 0 28
1 0 0 28
1 0 0 28
1 0 0 27
1 0 0 27
1 0 0 27
1 0 0 27
1 0 0 29
1 0 0 29
1 0 0 29
1 0 0 29
1 0 0 29
1 0 0 29
1 0 0 29
1 0 0 29
1 0 0 29
1 0 0 29
1 0 0 27
1 0 0 1
1 0 0 30
1 0 0 30
1 0 0 30
1 0 0 30
1 0 0 30
1 0 0 30
1 0 0 30
1 0 0 30
1 0 0 30
1 0 0 30
1 0 0 27
1 0 0 1
1 0 0 1
1 0 0 1
1 0 0 1
1 0 0 1
1 0 0 1
1 0 0 1
1 0 0 2
1 0 0 2
1 0 0 2
1 0 0 2
1 0 0 2
1 0 0 2
1 0 0 2
1 0 0 2
1 0 0 31
1 0 0 31
1 0 0 31
1 0 0 31
1 0 0 31
1 0 0 31
1 0 0 31
1 0 0 31
1 0 0 31
1 0 0 31
1 0 0 32
1 0 0 32
1 0 0 32
1 0 0 32
1 0 0 32
1 0 0 32
1 0 0 32
1 0 0 32
1 0 0 32
1 0 0 32
1 0 0 33
1 0 0 34
1 0 0 34
1 0 0 34
1 0 0 34
1 0 0 34
1 0 0 34
1 0 0 34
1 0 0 34
1 0 0 34
1 0 0 34
1 0 0 35
1 0 0 35
1 0 0 35
1 0 0 35
1 0 0 35
1 0 0 35
1 0 0 35
1 0 0 35
1 0 0 35
1 0 0 35
1 0 0 33
1 0 0 36
1 0 0 36
1 0 0 36
1 0 0 36
1 0 0 36
1 0 0 36
1 0 0 36
1 0 0 36
1 0 0 36
1 0 0 36
1 0 0 37
1 0 0 37
1 0 0 37
1 0 0 37
1 0 0 37
1 0 0 37
1 0 0 37
1 0 0 37
1 0 0 37
1 0 0 37
1 0 0 33
1 0 0 33
1 0 0 33
1 0 0 33
1 0 0 38
1 0 0 38
1 0 0 39
1 0 0 39
1 0 0 38
1 0 0 39
1 0 0 40
1 0 0 40
1 0 0 40
1 0 0 40
1 0 0 40
1 0 0 40
1 0 0 38
1 0 0 40
1 0 0 40
1 0 0 41
1 0 0 41
1 0 0 41
1 0 0 41
1 0 0 41
1 0 0 41
1 0 0 41
1 0 0 41
1 0 0 41
1 0 0 41
1 0 0 39
1 0 0 40
1 0 0 40
1 0 0 42
1 0 0 42
1 0 0 42
1 0 0 39
1 0 0 39
1 0 0 39
1 0 0 38
1 0 0 39
1 0 0 38
1 0 0 38
1 0 0 42
1 0 0 39
1 0 0 39
1 0 0 38
1 0 0 42
1 0 0 42
1 0 0 42
1 0 0 42
1 0 0 42
1 0 0 42
1 0 0 38
1 0 0 38
1 0 0 33
1 0 0 33
1 0 0 33
1 0 0 33
0.1 3 4 -1
0.1 5 6 -1
0.1 8 9 -1
0.1 423 10 -1
0.1 12 13 -1
0.1 14 15 -1
0.1 425 426 -1
0.1 16 17 -1
0.1 427 428 -1
0.1 429 18 -1
0.1 24 25 -1
0.1 23 431 -1
0.1 22 432 -1
0.1 433 26 -1
0.1 21 434 -1
0.1 27 28 -1
0.1 435 436 -1
0.1 437 29 -1
0.1 20 438 -1
0.1 439 30 -1
0.1 19 440 -1
0.1 32 33 -1
0.1 31 442 -1
0.1 441 443 -1
0.1 430 444 -1
0.1 11 445 -1
0.1 424 446 -1
0.1 35 36 -1
0.1 448 37 -1
0.1 34 449 -1
0.1 40 41 -1
0.1 39 451 -1
0.1 38 452 -1
0.1 42 43 -1
0.1 453 454 -1
0.1 450 455 -1
0.1 447 456 -1
0.1 457 44 -1
0.1 7 458 -1
0.1 45 46 -1
0.1 48 49 -1
0.1 50 51 -1
0.1 461 462 -1
0.1 463 52 -1
0.1 47 464 -1
0.1 460 465 -1
0.1 459 466 -1
0.1 422 467 -1
0.1 421 468 -1
0.1 55 56 -1
0.1 54 470 -1
0.1 53 471 -1
0.1 63 64 -1
0.1 473 65 -1
0.1 474 66 -1
0.1 62 475 -1
0.1 61 476 -1
0.1 60 477 -1
0.1 67 68 -1
0.1 478 479 -1
0.1 59 480 -1
0.1 481 69 -1
0.1 58 482 -1
0.1 57 483 -1
0.1 71 72 -1
0.1 70 485 -1
0.1 484 486 -1
0.1 472 487 -1
0.1 469 488 -1
0.1 2 489 -1
0.1 1 490 -1
0.1 74 75 -1
0.1 73 492 -1
0.1 77 78 -1
0.1 76 494 -1
0.1 493 495 -1
0.1 79 80 -1
0.1 497 81 -1
0.1 83 84 -1
0.1 82 499 -1
0.1 85 86 -1
0.1 500 501 -1
0.1 87 88 -1
0.1 503 89 -1
0.1 504 90 -1
0.1 505 91 -1
0.1 502 506 -1
0.1 498 507 -1
0.1 496 508 -1
0.1 93 94 -1
0.1 97 98 -1
0.1 96 511 -1
0.1 512 99 -1
0.1 100 101 -1
0.1 102 103 -1
0.1 514 515 -1
0.1 513 516 -1
0.1 517 104 -1
0.1 95 518 -1
0.1 106 107 -1
0.1 111 112 -1
0.1 110 521 -1
0.1 522 113 -1
0.1 523 114 -1
0.1 109 524 -1
0.1 115 116 -1
0.1 525 526 -1
0.1 527 117 -1
0.1 108 528 -1
0.1 520 529 -1
0.1 105 530 -1
0.1 519 531 -1
0.1 119 120 -1
0.1 533 121 -1
0.1 122 123 -1
0.1 126 127 -1
0.1 125 536 -1
0.1 124 537 -1
0.1 131 132 -1
0.1 539 133 -1
0.1 540 134 -1
0.1 136 137 -1
0.1 135 542 -1
0.1 541 543 -1
0.1 130 544 -1
0.1 129 545 -1
0.1 546 138 -1
0.1 139 140 -1
0.1 548 141 -1
0.1 145 146 -1
0.1 144 550 -1
0.1 143 551 -1
0.1 147 148 -1
0.1 552 553 -1
0.1 149 150 -1
0.1 555 151 -1
0.1 554 556 -1
0.1 142 557 -1
0.1 558 152 -1
0.1 549 559 -1
0.1 547 560 -1
0.1 128 561 -1
0.1 562 153 -1
0.1 538 563 -1
0.1 535 564 -1
0.1 534 565 -1
0.1 566 154 -1
0.1 118 567 -1
0.1 532 568 -1
0.1 155 156 -1
0.1 158 159 -1
0.1 157 571 -1
0.1 570 572 -1
0.1 569 573 -1
0.1 160 161 -1
0.1 575 162 -1
0.1 163 164 -1
0.1 166 167 -1
0.1 165 578 -1
0.1 577 579 -1
0.1 576 580 -1
0.1 574 581 -1
0.1 510 582 -1
0.1 583 168 -1
0.1 92 584 -1
0.1 585 169 -1
0.1 173 174 -1
0.1 175 176 -1
0.1 588 177 -1
0.1 589 178 -1
0.1 590 179 -1
0.1 591 180 -1
0.1 587 592 -1
0.1 172 593 -1
0.1 171 594 -1
0.1 595 181 -1
0.1 170 596 -1
0.1 190 191 -1
0.1 192 193 -1
0.1 599 194 -1
0.1 598 600 -1
0.1 601 195 -1
0.1 189 602 -1
0.1 188 603 -1
0.1 187 604 -1
0.1 186 605 -1
0.1 185 606 -1
0.1 184 607 -1
0.1 183 608 -1
0.1 182 609 -1
0.1 199 200 -1
0.1 198 611 -1
0.1 202 203 -1
0.1 201 613 -1
0.1 612 614 -1
0.1 615 204 -1
0.1 197 616 -1
0.1 196 617 -1
0.1 205 206 -1
0.1 619 207 -1
0.1 208 209 -1
0.1 210 211 -1
0.1 621 622 -1
0.1 213 214 -1
0.1 624 215 -1
0.1 212 625 -1
0.1 626 216 -1
0.1 623 627 -1
0.1 628 217 -1
0.1 220 221 -1
0.1 219 630 -1
0.1 224 225 -1
0.1 223 632 -1
0.1 222 633 -1
0.1 634 226 -1
0.1 631 635 -1
0.1 218 636 -1
0.1 629 637 -1
0.1 620 638 -1
0.1 639 227 -1
0.1 618 640 -1
0.1 610 641 -1
0.1 229 230 -1
0.1 228 643 -1
0.1 642 644 -1
0.1 597 645 -1
0.1 235 236 -1
0.1 234 647 -1
0.1 233 648 -1
0.1 232 649 -1
0.1 238 239 -1
0.1 237 651 -1
0.1 652 240 -1
0.1 653 241 -1
0.1 650 654 -1
0.1 231 655 -1
0.1 656 242 -1
0.1 657 243 -1
0.1 646 658 -1
0.1 659 244 -1
0.1 586 660 -1
0.1 509 661 -1
0.1 491 662 -1
0.1 245 246 -1
0.1 247 248 -1
0.1 664 665 -1
0.1 249 250 -1
0.1 251 252 -1
0.1 253 254 -1
0.1 255 256 -1
0.1 669 670 -1
0.1 671 257 -1
0.1 668 672 -1
0.1 667 673 -1
0.1 674 258 -1
0.1 260 261 -1
0.1 259 676 -1
0.1 675 677 -1
0.1 678 262 -1
0.1 666 679 -1
0.1 264 265 -1
0.1 681 266 -1
0.1 682 267 -1
0.1 268 269 -1
0.1 684 270 -1
0.1 685 271 -1
0.1 683 686 -1
0.1 687 272 -1
0.1 263 688 -1
0.1 277 278 -1
0.1 690 279 -1
0.1 282 283 -1
0.1 281 692 -1
0.1 280 693 -1
0.1 691 694 -1
0.1 695 284 -1
0.1 276 696 -1
0.1 275 697 -1
0.1 274 698 -1
0.1 699 285 -1
0.1 273 700 -1
0.1 689 701 -1
0.1 680 702 -1
0.1 703 286 -1
0.1 704 287 -1
0.1 289 290 -1
0.1 288 706 -1
0.1 705 707 -1
0.1 291 292 -1
0.1 708 709 -1
0.1 663 710 -1
0.1 295 296 -1
0.1 297 298 -1
0.1 712 713 -1
0.1 294 714 -1
0.1 293 715 -1
0.1 711 716 -1
0.1 299 300 -1
0.1 301 302 -1
0.1 303 304 -1
0.1 720 305 -1
0.1 306 307 -1
0.1 721 722 -1
0.1 719 723 -1
0.1 308 309 -1
0.1 724 725 -1
0.1 726 310 -1
0.1 313 314 -1
0.1 728 315 -1
0.1 729 316 -1
0.1 730 317 -1
0.1 731 318 -1
0.1 732 319 -1
0.1 733 320 -1
0.1 312 734 -1
0.1 311 735 -1
0.1 727 736 -1
0.1 718 737 -1
0.1 717 738 -1
0.1 323 324 -1
0.1 740 325 -1
0.1 322 741 -1
0.1 328 329 -1
0.1 327 743 -1
0.1 326 744 -1
0.1 745 330 -1
0.1 746 331 -1
0.1 742 747 -1
0.1 321 748 -1
0.1 335 336 -1
0.1 334 750 -1
0.1 333 751 -1
0.1 338 339 -1
0.1 337 753 -1
0.1 754 340 -1
0.1 752 755 -1
0.1 756 341 -1
0.1 332 757 -1
0.1 749 758 -1
0.1 759 342 -1
0.1 345 346 -1
0.1 344 761 -1
0.1 343 762 -1
0.1 348 349 -1
0.1 347 764 -1
0.1 351 352 -1
0.1 350 766 -1
0.1 765 767 -1
0.1 763 768 -1
0.1 354 355 -1
0.1 770 356 -1
0.1 359 360 -1
0.1 358 772 -1
0.1 357 773 -1
0.1 771 774 -1
0.1 353 775 -1
0.1 361 362 -1
0.1 776 777 -1
0.1 778 363 -1
0.1 779 364 -1
0.1 365 366 -1
0.1 369 370 -1
0.1 782 371 -1
0.1 368 783 -1
0.1 376 377 -1
0.1 375 785 -1
0.1 786 378 -1
0.1 374 787 -1
0.1 380 381 -1
0.1 379 789 -1
0.1 788 790 -1
0.1 373 791 -1
0.1 372 792 -1
0.1 385 386 -1
0.1 384 794 -1
0.1 383 795 -1
0.1 390 391 -1
0.1 389 797 -1
0.1 388 798 -1
0.1 387 799 -1
0.1 796 800 -1
0.1 382 801 -1
0.1 793 802 -1
0.1 803 392 -1
0.1 393 394 -1
0.1 804 805 -1
0.1 784 806 -1
0.1 396 397 -1
0.1 398 399 -1
0.1 809 400 -1
0.1 808 810 -1
0.1 402 403 -1
0.1 401 812 -1
0.1 811 813 -1
0.1 814 404 -1
0.1 406 407 -1
0.1 816 408 -1
0.1 817 409 -1
0.1 405 818 -1
0.1 412 413 -1
0.1 411 820 -1
0.1 410 821 -1
0.1 822 414 -1
0.1 819 823 -1
0.1 815 824 -1
0.1 395 825 -1
0.1 826 415 -1
0.1 807 827 -1
0.1 367 828 -1
0.1 829 416 -1
0.1 781 830 -1
0.1 831 417 -1
0.1 832 418 -1
0.1 780 833 -1
0.1 419 420 -1
0.1 834 835 -1
0.1 769 836 -1
0.1 760 837 -1
0.1 739 838 -1
