1 0 0 1
1 0 0 1
1 0 0 2
1 0 0 2
1 0 0 2
1 0 0 2
1 0 0 2
1 0 0 2
1 0 0 2
1 0 0 2
1 0 0 2
1 0 0 2
1 0 0 1
1 0 0 1
1 0 0 1
1 0 0 1
1 0 0 3
1 0 0 3
1 0 0 3
1 0 0 3
1 0 0 3
1 0 0 3
1 0 0 3
1 0 0 3
1 0 0 3
1 0 0 3
1 0 0 1
1 0 0 1
1 0 0 1
1 0 0 1
1 0 0 4
1 0 0 4
1 0 0 4
1 0 0 5
1 0 0 5
1 0 0 5
1 0 0 4
1 0 0 4
1 0 0 4
1 0 0 4
1 0 0 4
1 0 0 4
1 0 0 4
1 0 0 5
1 0 0 5
1 0 0 5
1 0 0 5
1 0 0 5
1 0 0 5
1 0 0 5
1 0 0 6
1 0 0 6
1 0 0 6
1 0 0 6
1 0 0 6
1 0 0 6
1 0 0 6
1 0 0 6
1 0 0 6
1 0 0 6
1 0 0 7
1 0 0 7
1 0 0 8
1 0 0 8
1 0 0 8
1 0 0 8
1 0 0 8
1 0 0 8
1 0 0 8
1 0 0 7
1 0 0 7
1 0 0 7
1 0 0 7
1 0 0 7
1 0 0 7
1 0 0 7
1 0 0 7
1 0 0 8
1 0 0 8
1 0 0 8
0.1 2 3 -1
0.1 1 81 -1
0.1 5 6 -1
0.1 7 8 -1
0.1 83 84 -1
0.1 4 85 -1
0.1 9 10 -1
0.1 86 87 -1
0.1 88 11 -1
0.1 89 12 -1
0.1 90 13 -1
0.1 14 15 -1
0.1 18 19 -1
0.1 20 21 -1
0.1 94 22 -1
0.1 93 95 -1
0.1 96 23 -1
0.1 17 97 -1
0.1 25 26 -1
0.1 24 99 -1
0.1 98 100 -1
0.1 101 27 -1
0.1 16 102 -1
0.1 28 29 -1
0.1 104 30 -1
0.1 103 105 -1
0.1 92 106 -1
0.1 91 107 -1
0.1 82 108 -1
0.1 32 33 -1
0.1 31 110 -1
0.1 34 35 -1
0.1 112 36 -1
0.1 113 37 -1
0.1 41 42 -1
0.1 115 43 -1
0.1 40 116 -1
0.1 39 117 -1
0.1 38 118 -1
0.1 114 119 -1
0.1 44 45 -1
0.1 46 47 -1
0.1 121 122 -1
0.1 49 50 -1
0.1 48 124 -1
0.1 123 125 -1
0.1 126 51 -1
0.1 52 53 -1
0.1 127 128 -1
0.1 56 57 -1
0.1 55 130 -1
0.1 54 131 -1
0.1 59 60 -1
0.1 58 133 -1
0.1 132 134 -1
0.1 61 62 -1
0.1 65 66 -1
0.1 137 67 -1
0.1 68 69 -1
0.1 71 72 -1
0.1 74 75 -1
0.1 76 77 -1
0.1 141 142 -1
0.1 73 143 -1
0.1 140 144 -1
0.1 70 145 -1
0.1 146 78 -1
0.1 147 79 -1
0.1 148 80 -1
0.1 139 149 -1
0.1 138 150 -1
0.1 64 151 -1
0.1 63 152 -1
0.1 136 153 -1
0.1 135 154 -1
0.1 129 155 -1
0.1 120 156 -1
0.1 111 157 -1
0.1 109 158 -1
