1 0 0 1
1 0 0 1
1 0 0 2
1 0 0 2
1 0 0 2
1 0 0 2
1 0 0 3
1 0 0 3
1 0 0 3
1 0 0 4
1 0 0 4
1 0 0 4
1 0 0 4
1 0 0 4
1 0 0 4
1 0 0 4
1 0 0 4
1 0 0 4
1 0 0 4
1 0 0 3
1 0 0 3
1 0 0 3
1 0 0 3
1 0 0 3
1 0 0 1
1 0 0 1
1 0 0 1
1 0 0 5
1 0 0 5
1 0 0 5
1 0 0 5
1 0 0 5
1 0 0 5
1 0 0 5
1 0 0 5
1 0 0 5
1 0 0 5
1 0 0 2
1 0 0 2
1 0 0 2
1 0 0 2
1 0 0 2
1 0 0 2
1 0 0 6
1 0 0 3
1 0 0 3
1 0 0 6
1 0 0 6
1 0 0 6
1 0 0 6
1 0 0 6
1 0 0 6
1 0 0 6
1 0 0 6
1 0 0 1
1 0 0 6
1 0 0 7
1 0 0 7
1 0 0 7
1 0 0 7
1 0 0 7
1 0 0 7
1 0 0 7
1 0 0 7
1 0 0 7
1 0 0 7
1 0 0 8
1 0 0 8
1 0 0 8
1 0 0 8
1 0 0 8
1 0 0 1
1 0 0 1
1 0 0 1
1 0 0 1
1 0 0 8
1 0 0 8
1 0 0 8
1 0 0 8
1 0 0 8
0.1 1 2 -1
0.1 81 3 -1
0.1 4 5 -1
0.1 82 83 -1
0.1 10 11 -1
0.1 85 12 -1
0.1 15 16 -1
0.1 14 87 -1
0.1 17 18 -1
0.1 89 19 -1
0.1 88 90 -1
0.1 13 91 -1
0.1 86 92 -1
0.1 9 93 -1
0.1 8 94 -1
0.1 7 95 -1
0.1 21 22 -1
0.1 20 97 -1
0.1 23 24 -1
0.1 98 99 -1
0.1 96 100 -1
0.1 26 27 -1
0.1 25 102 -1
0.1 29 30 -1
0.1 28 104 -1
0.1 31 32 -1
0.1 106 33 -1
0.1 34 35 -1
0.1 36 37 -1
0.1 108 109 -1
0.1 107 110 -1
0.1 105 111 -1
0.1 103 112 -1
0.1 101 113 -1
0.1 114 38 -1
0.1 115 39 -1
0.1 6 116 -1
0.1 117 40 -1
0.1 84 118 -1
0.1 41 42 -1
0.1 120 43 -1
0.1 45 46 -1
0.1 47 48 -1
0.1 49 50 -1
0.1 51 52 -1
0.1 124 125 -1
0.1 126 53 -1
0.1 123 127 -1
0.1 128 54 -1
0.1 122 129 -1
0.1 44 130 -1
0.1 55 56 -1
0.1 131 132 -1
0.1 58 59 -1
0.1 57 134 -1
0.1 61 62 -1
0.1 136 63 -1
0.1 64 65 -1
0.1 137 138 -1
0.1 139 66 -1
0.1 60 140 -1
0.1 135 141 -1
0.1 133 142 -1
0.1 121 143 -1
0.1 70 71 -1
0.1 69 145 -1
0.1 68 146 -1
0.1 72 73 -1
0.1 74 75 -1
0.1 148 149 -1
0.1 150 76 -1
0.1 151 77 -1
0.1 79 80 -1
0.1 78 153 -1
0.1 152 154 -1
0.1 147 155 -1
0.1 67 156 -1
0.1 144 157 -1
0.1 119 158 -1
