1 0 0 1
1 0 0 1
1 0 0 1
1 0 0 1
1 0 0 1
1 0 0 1
1 0 0 1
1 0 0 1
1 0 0 1
1 0 0 1
1 0 0 2
1 0 0 2
1 0 0 2
1 0 0 2
1 0 0 2
1 0 0 2
1 0 0 2
1 0 0 2
1 0 0 2
1 0 0 2
1 0 0 3
1 0 0 3
1 0 0 3
1 0 0 3
1 0 0 4
1 0 0 4
1 0 0 4
1 0 0 4
1 0 0 4
1 0 0 4
1 0 0 4
1 0 0 4
1 0 0 4
1 0 0 4
1 0 0 5
1 0 0 5
1 0 0 5
1 0 0 5
1 0 0 6
1 0 0 6
1 0 0 6
1 0 0 6
1 0 0 6
1 0 0 6
1 0 0 6
1 0 0 6
1 0 0 6
1 0 0 6
1 0 0 5
1 0 0 5
1 0 0 5
1 0 0 5
1 0 0 5
1 0 0 5
1 0 0 7
1 0 0 7
1 0 0 7
1 0 0 7
1 0 0 7
1 0 0 8
1 0 0 8
1 0 0 8
1 0 0 8
1 0 0 8
1 0 0 8
1 0 0 8
1 0 0 8
1 0 0 8
1 0 0 8
1 0 0 7
1 0 0 7
1 0 0 7
1 0 0 7
1 0 0 7
1 0 0 3
1 0 0 3
1 0 0 3
1 0 0 3
1 0 0 3
1 0 0 3
1 0 0 9
1 0 0 9
1 0 0 10
1 0 0 10
1 0 0 10
1 0 0 10
1 0 0 10
1 0 0 10
1 0 0 10
1 0 0 10
1 0 0 10
1 0 0 10
1 0 0 11
1 0 0 11
1 0 0 11
1 0 0 11
1 0 0 11
1 0 0 11
1 0 0 11
1 0 0 11
1 0 0 11
1 0 0 11
1 0 0 9
1 0 0 9
1 0 0 9
1 0 0 9
1 0 0 9
1 0 0 9
1 0 0 9
1 0 0 9
1 0 0 12
1 0 0 13
1 0 0 13
1 0 0 13
1 0 0 13
1 0 0 13
1 0 0 13
1 0 0 13
1 0 0 13
1 0 0 13
1 0 0 13
1 0 0 12
1 0 0 12
1 0 0 12
1 0 0 14
1 0 0 14
1 0 0 14
1 0 0 14
1 0 0 14
1 0 0 14
1 0 0 14
1 0 0 14
1 0 0 14
1 0 0 14
1 0 0 12
1 0 0 12
1 0 0 12
1 0 0 12
1 0 0 12
1 0 0 12
1 0 0 15
1 0 0 15
1 0 0 15
1 0 0 15
1 0 0 15
1 0 0 15
1 0 0 15
1 0 0 15
1 0 0 15
1 0 0 15
1 0 0 16
1 0 0 16
1 0 0 16
1 0 0 16
1 0 0 16
1 0 0 16
1 0 0 16
1 0 0 16
1 0 0 16
1 0 0 16
1 0 0 17
1 0 0 18
1 0 0 18
1 0 0 18
1 0 0 18
1 0 0 18
1 0 0 18
1 0 0 18
1 0 0 18
1 0 0 18
1 0 0 18
1 0 0 17
1 0 0 19
1 0 0 19
1 0 0 19
1 0 0 19
1 0 0 19
1 0 0 19
1 0 0 19
1 0 0 20
1 0 0 20
1 0 0 20
1 0 0 20
1 0 0 20
1 0 0 20
1 0 0 20
1 0 0 20
1 0 0 20
1 0 0 20
1 0 0 19
1 0 0 19
1 0 0 19
1 0 0 17
1 0 0 21
1 0 0 21
1 0 0 21
1 0 0 21
1 0 0 21
1 0 0 21
1 0 0 21
1 0 0 21
1 0 0 21
1 0 0 21
1 0 0 22
1 0 0 22
1 0 0 22
1 0 0 22
1 0 0 22
1 0 0 22
1 0 0 22
1 0 0 22
1 0 0 22
1 0 0 22
1 0 0 17
1 0 0 17
1 0 0 23
1 0 0 23
1 0 0 23
1 0 0 23
1 0 0 23
1 0 0 23
1 0 0 23
1 0 0 24
1 0 0 24
1 0 0 24
1 0 0 24
1 0 0 24
1 0 0 24
1 0 0 24
1 0 0 24
1 0 0 24
1 0 0 24
1 0 0 23
1 0 0 23
1 0 0 23
1 0 0 25
1 0 0 25
1 0 0 25
1 0 0 25
1 0 0 25
1 0 0 25
1 0 0 25
1 0 0 25
1 0 0 25
1 0 0 25
1 0 0 17
1 0 0 17
1 0 0 26
1 0 0 26
1 0 0 26
1 0 0 26
1 0 0 26
1 0 0 26
1 0 0 26
1 0 0 26
1 0 0 26
1 0 0 26
1 0 0 27
1 0 0 27
1 0 0 27
1 0 0 27
1 0 0 27
1 0 0 27
1 0 0 27
1 0 0 27
1 0 0 27
1 0 0 27
1 0 0 17
1 0 0 17
1 0 0 17
1 0 0 28
1 0 0 28
1 0 0 28
1 0 0 28
1 0 0 28
1 0 0 29
1 0 0 29
1 0 0 29
1 0 0 29
1 0 0 29
1 0 0 29
1 0 0 29
1 0 0 29
1 0 0 30
1 0 0 30
1 0 0 30
1 0 0 30
1 0 0 30
1 0 0 30
1 0 0 30
1 0 0 30
1 0 0 30
1 0 0 30
1 0 0 29
1 0 0 29
1 0 0 31
1 0 0 31
1 0 0 31
1 0 0 31
1 0 0 31
1 0 0 31
1 0 0 31
1 0 0 31
1 0 0 31
1 0 0 31
1 0 0 28
1 0 0 28
1 0 0 28
1 0 0 28
1 0 0 28
1 0 0 32
1 0 0 32
1 0 0 32
1 0 0 32
1 0 0 32
1 0 0 32
1 0 0 32
1 0 0 32
1 0 0 32
1 0 0 32
1 0 0 33
1 0 0 33
1 0 0 33
1 0 0 33
1 0 0 33
1 0 0 33
1 0 0 33
1 0 0 33
1 0 0 33
1 0 0 33
1 0 0 34
1 0 0 34
1 0 0 34
1 0 0 34
1 0 0 34
1 0 0 34
1 0 0 34
1 0 0 34
1 0 0 34
1 0 0 34
1 0 0 35
1 0 0 35
1 0 0 35
1 0 0 35
1 0 0 35
1 0 0 35
1 0 0 35
1 0 0 35
1 0 0 35
1 0 0 36
1 0 0 36
1 0 0 36
1 0 0 36
1 0 0 36
1 0 0 36
1 0 0 36
1 0 0 36
1 0 0 36
1 0 0 36
1 0 0 37
1 0 0 37
1 0 0 37
1 0 0 37
1 0 0 37
1 0 0 37
1 0 0 37
1 0 0 37
1 0 0 37
1 0 0 37
1 0 0 38
1 0 0 38
1 0 0 38
1 0 0 38
1 0 0 38
1 0 0 38
1 0 0 38
1 0 0 38
1 0 0 38
1 0 0 38
1 0 0 39
1 0 0 39
1 0 0 39
1 0 0 39
1 0 0 39
1 0 0 39
1 0 0 39
1 0 0 39
1 0 0 39
1 0 0 39
1 0 0 40
1 0 0 40
1 0 0 40
1 0 0 40
1 0 0 40
1 0 0 40
1 0 0 40
1 0 0 40
1 0 0 40
1 0 0 40
1 0 0 35
1 0 0 41
1 0 0 41
1 0 0 42
1 0 0 42
1 0 0 42
1 0 0 42
1 0 0 42
1 0 0 42
1 0 0 42
1 0 0 42
1 0 0 42
1 0 0 42
1 0 0 41
1 0 0 41
1 0 0 41
1 0 0 41
1 0 0 41
1 0 0 41
1 0 0 41
1 0 0 41
1 0 0 43
1 0 0 44
1 0 0 44
1 0 0 44
1 0 0 44
1 0 0 44
1 0 0 44
1 0 0 44
1 0 0 44
1 0 0 44
1 0 0 44
1 0 0 45
1 0 0 45
1 0 0 45
1 0 0 45
1 0 0 45
1 0 0 45
1 0 0 45
1 0 0 45
1 0 0 45
1 0 0 45
1 0 0 43
1 0 0 43
1 0 0 43
1 0 0 43
1 0 0 43
1 0 0 43
1 0 0 43
1 0 0 43
1 0 0 46
1 0 0 46
1 0 0 46
1 0 0 43
1 0 0 46
1 0 0 46
1 0 0 46
1 0 0 46
1 0 0 46
1 0 0 46
1 0 0 46
1 0 0 47
1 0 0 47
1 0 0 47
1 0 0 47
1 0 0 47
1 0 0 47
1 0 0 47
1 0 0 47
1 0 0 47
1 0 0 47
1 0 0 48
1 0 0 48
1 0 0 48
1 0 0 48
1 0 0 49
1 0 0 49
1 0 0 49
1 0 0 49
1 0 0 49
1 0 0 49
1 0 0 49
1 0 0 49
1 0 0 49
1 0 0 49
1 0 0 48
1 0 0 48
1 0 0 48
1 0 0 48
1 0 0 48
1 0 0 48
1 0 0 50
1 0 0 51
1 0 0 51
1 0 0 51
1 0 0 51
1 0 0 52
1 0 0 52
1 0 0 52
1 0 0 53
1 0 0 53
1 0 0 53
1 0 0 53
1 0 0 53
1 0 0 53
1 0 0 53
1 0 0 53
1 0 0 53
1 0 0 53
1 0 0 52
1 0 0 52
1 0 0 52
1 0 0 52
1 0 0 52
1 0 0 52
1 0 0 52
1 0 0 51
1 0 0 51
1 0 0 51
1 0 0 51
1 0 0 51
1 0 0 51
1 0 0 50
1 0 0 50
1 0 0 50
1 0 0 50
1 0 0 50
1 0 0 50
1 0 0 50
1 0 0 50
1 0 0 50
1 0 0 54
1 0 0 54
1 0 0 54
1 0 0 54
1 0 0 54
1 0 0 55
1 0 0 55
1 0 0 55
1 0 0 55
1 0 0 55
1 0 0 55
1 0 0 55
1 0 0 55
1 0 0 55
1 0 0 56
1 0 0 56
1 0 0 56
1 0 0 56
1 0 0 56
1 0 0 56
1 0 0 56
1 0 0 56
1 0 0 56
1 0 0 56
1 0 0 55
1 0 0 57
1 0 0 57
1 0 0 57
1 0 0 54
1 0 0 54
1 0 0 54
1 0 0 54
1 0 0 54
1 0 0 58
1 0 0 58
1 0 0 58
1 0 0 58
1 0 0 58
1 0 0 57
1 0 0 57
1 0 0 57
1 0 0 57
1 0 0 57
1 0 0 58
1 0 0 58
1 0 0 58
1 0 0 58
1 0 0 58
1 0 0 57
1 0 0 57
0.1 1 2 -1
0.1 3 4 -1
0.1 581 582 -1
0.1 6 7 -1
0.1 5 584 -1
0.1 8 9 -1
0.1 585 586 -1
0.1 587 10 -1
0.1 583 588 -1
0.1 12 13 -1
0.1 17 18 -1
0.1 16 591 -1
0.1 15 592 -1
0.1 14 593 -1
0.1 19 20 -1
0.1 594 595 -1
0.1 590 596 -1
0.1 11 597 -1
0.1 21 22 -1
0.1 23 24 -1
0.1 28 29 -1
0.1 27 601 -1
0.1 26 602 -1
0.1 33 34 -1
0.1 32 604 -1
0.1 31 605 -1
0.1 30 606 -1
0.1 603 607 -1
0.1 25 608 -1
0.1 35 36 -1
0.1 610 37 -1
0.1 611 38 -1
0.1 40 41 -1
0.1 39 613 -1
0.1 614 42 -1
0.1 44 45 -1
0.1 46 47 -1
0.1 616 617 -1
0.1 618 48 -1
0.1 43 619 -1
0.1 615 620 -1
0.1 51 52 -1
0.1 50 622 -1
0.1 49 623 -1
0.1 621 624 -1
0.1 625 53 -1
0.1 626 54 -1
0.1 612 627 -1
0.1 56 57 -1
0.1 58 59 -1
0.1 629 630 -1
0.1 55 631 -1
0.1 628 632 -1
0.1 60 61 -1
0.1 63 64 -1
0.1 68 69 -1
0.1 67 636 -1
0.1 66 637 -1
0.1 65 638 -1
0.1 635 639 -1
0.1 62 640 -1
0.1 634 641 -1
0.1 70 71 -1
0.1 73 74 -1
0.1 72 644 -1
0.1 643 645 -1
0.1 642 646 -1
0.1 633 647 -1
0.1 77 78 -1
0.1 76 649 -1
0.1 75 650 -1
0.1 79 80 -1
0.1 651 652 -1
0.1 648 653 -1
0.1 609 654 -1
0.1 600 655 -1
0.1 599 656 -1
0.1 83 84 -1
0.1 85 86 -1
0.1 658 659 -1
0.1 87 88 -1
0.1 661 89 -1
0.1 662 90 -1
0.1 660 663 -1
0.1 664 91 -1
0.1 665 92 -1
0.1 82 666 -1
0.1 81 667 -1
0.1 95 96 -1
0.1 94 669 -1
0.1 93 670 -1
0.1 671 97 -1
0.1 101 102 -1
0.1 100 673 -1
0.1 99 674 -1
0.1 98 675 -1
0.1 672 676 -1
0.1 668 677 -1
0.1 109 110 -1
0.1 108 679 -1
0.1 107 680 -1
0.1 106 681 -1
0.1 105 682 -1
0.1 104 683 -1
0.1 103 684 -1
0.1 678 685 -1
0.1 657 686 -1
0.1 112 113 -1
0.1 115 116 -1
0.1 114 689 -1
0.1 118 119 -1
0.1 120 121 -1
0.1 691 692 -1
0.1 117 693 -1
0.1 690 694 -1
0.1 122 123 -1
0.1 128 129 -1
0.1 127 697 -1
0.1 698 130 -1
0.1 699 131 -1
0.1 126 700 -1
0.1 125 701 -1
0.1 132 133 -1
0.1 703 134 -1
0.1 702 704 -1
0.1 124 705 -1
0.1 135 136 -1
0.1 137 138 -1
0.1 707 708 -1
0.1 706 709 -1
0.1 139 140 -1
0.1 710 711 -1
0.1 696 712 -1
0.1 695 713 -1
0.1 688 714 -1
0.1 111 715 -1
0.1 144 145 -1
0.1 143 717 -1
0.1 142 718 -1
0.1 148 149 -1
0.1 147 720 -1
0.1 146 721 -1
0.1 722 150 -1
0.1 719 723 -1
0.1 141 724 -1
0.1 151 152 -1
0.1 726 153 -1
0.1 156 157 -1
0.1 728 158 -1
0.1 729 159 -1
0.1 155 730 -1
0.1 731 160 -1
0.1 154 732 -1
0.1 727 733 -1
0.1 163 164 -1
0.1 162 735 -1
0.1 168 169 -1
0.1 167 737 -1
0.1 166 738 -1
0.1 165 739 -1
0.1 736 740 -1
0.1 170 171 -1
0.1 741 742 -1
0.1 176 177 -1
0.1 175 744 -1
0.1 745 178 -1
0.1 181 182 -1
0.1 180 747 -1
0.1 183 184 -1
0.1 749 185 -1
0.1 748 750 -1
0.1 188 189 -1
0.1 187 752 -1
0.1 186 753 -1
0.1 751 754 -1
0.1 190 191 -1
0.1 755 756 -1
0.1 179 757 -1
0.1 746 758 -1
0.1 759 192 -1
0.1 174 760 -1
0.1 173 761 -1
0.1 762 193 -1
0.1 172 763 -1
0.1 743 764 -1
0.1 161 765 -1
0.1 195 196 -1
0.1 194 767 -1
0.1 198 199 -1
0.1 197 769 -1
0.1 200 201 -1
0.1 770 771 -1
0.1 768 772 -1
0.1 202 203 -1
0.1 773 774 -1
0.1 205 206 -1
0.1 208 209 -1
0.1 207 777 -1
0.1 211 212 -1
0.1 210 779 -1
0.1 778 780 -1
0.1 776 781 -1
0.1 782 213 -1
0.1 204 783 -1
0.1 775 784 -1
0.1 214 215 -1
0.1 785 786 -1
0.1 216 217 -1
0.1 788 218 -1
0.1 221 222 -1
0.1 220 790 -1
0.1 224 225 -1
0.1 223 792 -1
0.1 226 227 -1
0.1 229 230 -1
0.1 231 232 -1
0.1 795 796 -1
0.1 228 797 -1
0.1 794 798 -1
0.1 793 799 -1
0.1 233 234 -1
0.1 800 801 -1
0.1 791 802 -1
0.1 803 235 -1
0.1 219 804 -1
0.1 789 805 -1
0.1 238 239 -1
0.1 237 807 -1
0.1 240 241 -1
0.1 808 809 -1
0.1 810 242 -1
0.1 811 243 -1
0.1 236 812 -1
0.1 244 245 -1
0.1 813 814 -1
0.1 806 815 -1
0.1 248 249 -1
0.1 250 251 -1
0.1 252 253 -1
0.1 818 819 -1
0.1 255 256 -1
0.1 254 821 -1
0.1 822 257 -1
0.1 820 823 -1
0.1 817 824 -1
0.1 258 259 -1
0.1 260 261 -1
0.1 263 264 -1
0.1 262 828 -1
0.1 265 266 -1
0.1 830 267 -1
0.1 829 831 -1
0.1 827 832 -1
0.1 826 833 -1
0.1 825 834 -1
0.1 835 268 -1
0.1 247 836 -1
0.1 246 837 -1
0.1 816 838 -1
0.1 839 269 -1
0.1 787 840 -1
0.1 841 270 -1
0.1 766 842 -1
0.1 734 843 -1
0.1 725 844 -1
0.1 716 845 -1
0.1 687 846 -1
0.1 598 847 -1
0.1 272 273 -1
0.1 271 849 -1
0.1 274 275 -1
0.1 278 279 -1
0.1 277 852 -1
0.1 853 280 -1
0.1 276 854 -1
0.1 282 283 -1
0.1 285 286 -1
0.1 857 287 -1
0.1 288 289 -1
0.1 291 292 -1
0.1 290 860 -1
0.1 859 861 -1
0.1 862 293 -1
0.1 858 863 -1
0.1 284 864 -1
0.1 856 865 -1
0.1 294 295 -1
0.1 866 867 -1
0.1 281 868 -1
0.1 855 869 -1
0.1 851 870 -1
0.1 297 298 -1
0.1 872 299 -1
0.1 300 301 -1
0.1 873 874 -1
0.1 875 302 -1
0.1 876 303 -1
0.1 304 305 -1
0.1 877 878 -1
0.1 296 879 -1
0.1 871 880 -1
0.1 307 308 -1
0.1 306 882 -1
0.1 309 310 -1
0.1 883 884 -1
0.1 881 885 -1
0.1 850 886 -1
0.1 848 887 -1
0.1 589 888 -1
0.1 311 312 -1
0.1 314 315 -1
0.1 891 316 -1
0.1 313 892 -1
0.1 890 893 -1
0.1 319 320 -1
0.1 318 895 -1
0.1 317 896 -1
0.1 894 897 -1
0.1 322 323 -1
0.1 324 325 -1
0.1 899 900 -1
0.1 327 328 -1
0.1 326 902 -1
0.1 901 903 -1
0.1 321 904 -1
0.1 898 905 -1
0.1 329 330 -1
0.1 906 907 -1
0.1 333 334 -1
0.1 336 337 -1
0.1 335 910 -1
0.1 339 340 -1
0.1 338 912 -1
0.1 911 913 -1
0.1 909 914 -1
0.1 332 915 -1
0.1 331 916 -1
0.1 341 342 -1
0.1 918 343 -1
0.1 344 345 -1
0.1 920 346 -1
0.1 921 347 -1
0.1 919 922 -1
0.1 348 349 -1
0.1 350 351 -1
0.1 353 354 -1
0.1 352 926 -1
0.1 356 357 -1
0.1 355 928 -1
0.1 927 929 -1
0.1 925 930 -1
0.1 358 359 -1
0.1 931 932 -1
0.1 361 362 -1
0.1 360 934 -1
0.1 935 363 -1
0.1 364 365 -1
0.1 366 367 -1
0.1 937 938 -1
0.1 368 369 -1
0.1 939 940 -1
0.1 936 941 -1
0.1 371 372 -1
0.1 374 375 -1
0.1 373 944 -1
0.1 943 945 -1
0.1 370 946 -1
0.1 376 377 -1
0.1 378 379 -1
0.1 948 949 -1
0.1 947 950 -1
0.1 942 951 -1
0.1 933 952 -1
0.1 381 382 -1
0.1 380 954 -1
0.1 383 384 -1
0.1 387 388 -1
0.1 386 957 -1
0.1 385 958 -1
0.1 956 959 -1
0.1 960 389 -1
0.1 390 391 -1
0.1 392 393 -1
0.1 962 963 -1
0.1 394 395 -1
0.1 397 398 -1
0.1 966 399 -1
0.1 396 967 -1
0.1 965 968 -1
0.1 964 969 -1
0.1 961 970 -1
0.1 955 971 -1
0.1 953 972 -1
0.1 924 973 -1
0.1 401 402 -1
0.1 404 405 -1
0.1 403 976 -1
0.1 977 406 -1
0.1 407 408 -1
0.1 978 979 -1
0.1 980 409 -1
0.1 411 412 -1
0.1 410 982 -1
0.1 981 983 -1
0.1 975 984 -1
0.1 413 414 -1
0.1 415 416 -1
0.1 986 987 -1
0.1 417 418 -1
0.1 419 420 -1
0.1 989 990 -1
0.1 988 991 -1
0.1 985 992 -1
0.1 422 423 -1
0.1 994 424 -1
0.1 426 427 -1
0.1 996 428 -1
0.1 430 431 -1
0.1 429 998 -1
0.1 997 999 -1
0.1 425 1000 -1
0.1 995 1001 -1
0.1 421 1002 -1
0.1 433 434 -1
0.1 438 439 -1
0.1 437 1005 -1
0.1 436 1006 -1
0.1 435 1007 -1
0.1 1008 440 -1
0.1 1009 441 -1
0.1 1004 1010 -1
0.1 432 1011 -1
0.1 443 444 -1
0.1 442 1013 -1
0.1 445 446 -1
0.1 448 449 -1
0.1 447 1016 -1
0.1 1015 1017 -1
0.1 1014 1018 -1
0.1 451 452 -1
0.1 450 1020 -1
0.1 456 457 -1
0.1 455 1022 -1
0.1 454 1023 -1
0.1 453 1024 -1
0.1 459 460 -1
0.1 462 463 -1
0.1 461 1027 -1
0.1 464 465 -1
0.1 1029 466 -1
0.1 468 469 -1
0.1 467 1031 -1
0.1 1032 470 -1
0.1 1030 1033 -1
0.1 1028 1034 -1
0.1 1026 1035 -1
0.1 458 1036 -1
0.1 1025 1037 -1
0.1 1021 1038 -1
0.1 1019 1039 -1
0.1 1012 1040 -1
0.1 1003 1041 -1
0.1 993 1042 -1
0.1 472 473 -1
0.1 471 1044 -1
0.1 1045 474 -1
0.1 475 476 -1
0.1 1047 477 -1
0.1 478 479 -1
0.1 1048 1049 -1
0.1 480 481 -1
0.1 482 483 -1
0.1 1051 1052 -1
0.1 1053 484 -1
0.1 1050 1054 -1
0.1 489 490 -1
0.1 488 1056 -1
0.1 487 1057 -1
0.1 486 1058 -1
0.1 485 1059 -1
0.1 1055 1060 -1
0.1 1046 1061 -1
0.1 1043 1062 -1
0.1 400 1063 -1
0.1 974 1064 -1
0.1 923 1065 -1
0.1 492 493 -1
0.1 494 495 -1
0.1 496 497 -1
0.1 503 504 -1
0.1 502 1070 -1
0.1 501 1071 -1
0.1 500 1072 -1
0.1 499 1073 -1
0.1 498 1074 -1
0.1 505 506 -1
0.1 507 508 -1
0.1 1076 1077 -1
0.1 1075 1078 -1
0.1 509 510 -1
0.1 512 513 -1
0.1 514 515 -1
0.1 1081 1082 -1
0.1 511 1083 -1
0.1 1080 1084 -1
0.1 1079 1085 -1
0.1 1069 1086 -1
0.1 1068 1087 -1
0.1 516 517 -1
0.1 1088 1089 -1
0.1 518 519 -1
0.1 1090 1091 -1
0.1 520 521 -1
0.1 1092 1093 -1
0.1 1067 1094 -1
0.1 491 1095 -1
0.1 522 523 -1
0.1 524 525 -1
0.1 1097 1098 -1
0.1 1096 1099 -1
0.1 528 529 -1
0.1 1101 530 -1
0.1 527 1102 -1
0.1 526 1103 -1
0.1 1100 1104 -1
0.1 1066 1105 -1
0.1 917 1106 -1
0.1 908 1107 -1
0.1 531 532 -1
0.1 537 538 -1
0.1 536 1110 -1
0.1 1111 539 -1
0.1 541 542 -1
0.1 543 544 -1
0.1 1113 1114 -1
0.1 540 1115 -1
0.1 545 546 -1
0.1 548 549 -1
0.1 547 1118 -1
0.1 1117 1119 -1
0.1 550 551 -1
0.1 553 554 -1
0.1 552 1122 -1
0.1 1121 1123 -1
0.1 1120 1124 -1
0.1 1116 1125 -1
0.1 1126 555 -1
0.1 1112 1127 -1
0.1 535 1128 -1
0.1 534 1129 -1
0.1 533 1130 -1
0.1 1109 1131 -1
0.1 557 558 -1
0.1 556 1133 -1
0.1 561 562 -1
0.1 1135 563 -1
0.1 560 1136 -1
0.1 559 1137 -1
0.1 1134 1138 -1
0.1 565 566 -1
0.1 564 1140 -1
0.1 567 568 -1
0.1 571 572 -1
0.1 570 1143 -1
0.1 569 1144 -1
0.1 1145 573 -1
0.1 1142 1146 -1
0.1 1141 1147 -1
0.1 1148 574 -1
0.1 576 577 -1
0.1 1150 578 -1
0.1 575 1151 -1
0.1 1149 1152 -1
0.1 579 580 -1
0.1 1153 1154 -1
0.1 1139 1155 -1
0.1 1132 1156 -1
0.1 1108 1157 -1
0.1 889 1158 -1
