1 0 0 1
1 0 0 1
1 0 0 1
1 0 0 1
1 0 0 1
1 0 0 1
1 0 0 1
1 0 0 1
1 0 0 2
1 0 0 2
1 0 0 2
1 0 0 2
1 0 0 2
1 0 0 2
1 0 0 2
1 0 0 2
1 0 0 2
1 0 0 2
1 0 0 1
1 0 0 1
1 0 0 3
1 0 0 3
1 0 0 3
1 0 0 3
1 0 0 3
1 0 0 3
1 0 0 3
1 0 0 3
1 0 0 4
1 0 0 4
1 0 0 4
1 0 0 4
1 0 0 4
1 0 0 4
1 0 0 4
1 0 0 4
1 0 0 4
1 0 0 4
1 0 0 3
1 0 0 3
1 0 0 5
1 0 0 5
1 0 0 5
1 0 0 5
1 0 0 5
1 0 0 5
1 0 0 5
1 0 0 5
1 0 0 5
1 0 0 5
1 0 0 6
1 0 0 6
1 0 0 6
1 0 0 6
1 0 0 6
1 0 0 6
1 0 0 6
1 0 0 6
1 0 0 6
1 0 0 6
1 0 0 7
1 0 0 7
1 0 0 7
1 0 0 8
1 0 0 8
1 0 0 8
1 0 0 8
1 0 0 8
1 0 0 8
1 0 0 8
1 0 0 8
1 0 0 8
1 0 0 8
1 0 0 9
1 0 0 9
1 0 0 9
1 0 0 9
1 0 0 9
1 0 0 9
1 0 0 9
1 0 0 9
1 0 0 9
1 0 0 9
1 0 0 7
1 0 0 10
1 0 0 10
1 0 0 10
1 0 0 10
1 0 0 10
1 0 0 10
1 0 0 10
1 0 0 10
1 0 0 10
1 0 0 10
1 0 0 11
1 0 0 11
1 0 0 11
1 0 0 11
1 0 0 11
1 0 0 11
1 0 0 11
1 0 0 11
1 0 0 11
1 0 0 11
1 0 0 7
1 0 0 7
1 0 0 7
1 0 0 12
1 0 0 12
1 0 0 12
1 0 0 12
1 0 0 12
1 0 0 12
1 0 0 12
1 0 0 12
1 0 0 12
1 0 0 12
1 0 0 13
1 0 0 13
1 0 0 13
1 0 0 13
1 0 0 13
1 0 0 13
1 0 0 13
1 0 0 13
1 0 0 13
1 0 0 13
1 0 0 7
1 0 0 7
1 0 0 14
1 0 0 14
1 0 0 14
1 0 0 14
1 0 0 14
1 0 0 14
1 0 0 14
1 0 0 14
1 0 0 15
1 0 0 15
1 0 0 15
1 0 0 15
1 0 0 15
1 0 0 15
1 0 0 15
1 0 0 15
1 0 0 15
1 0 0 15
1 0 0 14
1 0 0 14
1 0 0 16
1 0 0 16
1 0 0 16
1 0 0 16
1 0 0 16
1 0 0 16
1 0 0 16
1 0 0 16
1 0 0 16
1 0 0 16
1 0 0 7
1 0 0 17
1 0 0 17
1 0 0 17
1 0 0 17
1 0 0 17
1 0 0 17
1 0 0 17
1 0 0 17
1 0 0 17
1 0 0 17
1 0 0 18
1 0 0 19
1 0 0 19
1 0 0 19
1 0 0 19
1 0 0 19
1 0 0 19
1 0 0 19
1 0 0 19
1 0 0 18
1 0 0 20
1 0 0 20
1 0 0 20
1 0 0 20
1 0 0 20
1 0 0 20
1 0 0 20
1 0 0 20
1 0 0 20
1 0 0 20
1 0 0 18
1 0 0 18
1 0 0 18
1 0 0 18
1 0 0 18
1 0 0 18
1 0 0 18
1 0 0 18
1 0 0 19
1 0 0 19
1 0 0 21
1 0 0 22
1 0 0 22
1 0 0 22
1 0 0 22
1 0 0 22
1 0 0 22
1 0 0 22
1 0 0 22
1 0 0 22
1 0 0 22
1 0 0 21
1 0 0 23
1 0 0 23
1 0 0 23
1 0 0 23
1 0 0 23
1 0 0 23
1 0 0 23
1 0 0 23
1 0 0 23
1 0 0 23
1 0 0 21
1 0 0 21
1 0 0 21
1 0 0 21
1 0 0 21
1 0 0 21
1 0 0 21
1 0 0 21
1 0 0 24
1 0 0 24
1 0 0 25
1 0 0 25
1 0 0 25
1 0 0 25
1 0 0 25
1 0 0 25
1 0 0 25
1 0 0 25
1 0 0 25
1 0 0 25
1 0 0 26
1 0 0 26
1 0 0 26
1 0 0 26
1 0 0 26
1 0 0 26
1 0 0 27
1 0 0 27
1 0 0 27
1 0 0 27
1 0 0 27
1 0 0 27
1 0 0 27
1 0 0 27
1 0 0 27
1 0 0 27
1 0 0 26
1 0 0 26
1 0 0 26
1 0 0 26
1 0 0 28
1 0 0 28
1 0 0 28
1 0 0 28
1 0 0 28
1 0 0 29
1 0 0 29
1 0 0 29
1 0 0 29
1 0 0 29
1 0 0 29
1 0 0 29
1 0 0 29
1 0 0 29
1 0 0 29
1 0 0 28
1 0 0 28
1 0 0 28
1 0 0 28
1 0 0 28
1 0 0 24
1 0 0 24
1 0 0 24
1 0 0 24
1 0 0 24
1 0 0 24
1 0 0 24
1 0 0 24
1 0 0 30
1 0 0 30
1 0 0 30
1 0 0 30
1 0 0 30
1 0 0 30
1 0 0 30
1 0 0 30
1 0 0 30
1 0 0 30
1 0 0 31
1 0 0 31
1 0 0 31
1 0 0 31
1 0 0 31
1 0 0 31
1 0 0 31
1 0 0 31
1 0 0 31
1 0 0 31
1 0 0 32
1 0 0 32
1 0 0 32
1 0 0 32
1 0 0 33
1 0 0 33
1 0 0 33
1 0 0 33
1 0 0 33
1 0 0 33
1 0 0 33
1 0 0 33
1 0 0 33
1 0 0 33
1 0 0 32
1 0 0 32
1 0 0 32
1 0 0 32
1 0 0 32
1 0 0 32
1 0 0 34
1 0 0 34
1 0 0 34
1 0 0 34
1 0 0 34
1 0 0 35
1 0 0 35
1 0 0 35
1 0 0 36
1 0 0 36
1 0 0 36
1 0 0 36
1 0 0 36
1 0 0 36
1 0 0 36
1 0 0 36
1 0 0 35
1 0 0 35
1 0 0 35
1 0 0 35
1 0 0 35
1 0 0 36
1 0 0 36
1 0 0 35
1 0 0 35
1 0 0 34
1 0 0 34
1 0 0 34
1 0 0 34
1 0 0 34
1 0 0 37
1 0 0 37
1 0 0 37
1 0 0 37
1 0 0 37
1 0 0 38
1 0 0 38
1 0 0 38
1 0 0 38
1 0 0 38
1 0 0 38
1 0 0 38
1 0 0 38
1 0 0 38
1 0 0 38
1 0 0 37
1 0 0 37
1 0 0 37
1 0 0 37
1 0 0 37
1 0 0 39
1 0 0 39
1 0 0 39
1 0 0 39
1 0 0 39
1 0 0 39
1 0 0 39
1 0 0 39
1 0 0 39
1 0 0 39
1 0 0 40
1 0 0 40
1 0 0 40
1 0 0 40
1 0 0 40
1 0 0 40
1 0 0 40
1 0 0 40
1 0 0 41
1 0 0 41
1 0 0 41
1 0 0 41
1 0 0 41
1 0 0 41
1 0 0 41
1 0 0 41
1 0 0 41
1 0 0 41
1 0 0 42
1 0 0 42
1 0 0 42
1 0 0 42
1 0 0 42
1 0 0 42
1 0 0 42
1 0 0 42
1 0 0 42
1 0 0 42
1 0 0 43
1 0 0 43
1 0 0 43
1 0 0 43
1 0 0 43
1 0 0 43
1 0 0 43
1 0 0 43
1 0 0 43
1 0 0 43
1 0 0 44
1 0 0 44
1 0 0 44
1 0 0 44
1 0 0 44
1 0 0 44
1 0 0 44
1 0 0 44
1 0 0 44
1 0 0 44
1 0 0 45
1 0 0 45
1 0 0 45
1 0 0 45
1 0 0 45
1 0 0 45
1 0 0 45
1 0 0 45
1 0 0 45
1 0 0 45
1 0 0 40
1 0 0 40
1 0 0 46
1 0 0 46
1 0 0 46
1 0 0 46
1 0 0 46
1 0 0 46
1 0 0 46
1 0 0 46
1 0 0 46
1 0 0 46
1 0 0 47
1 0 0 47
1 0 0 47
1 0 0 47
1 0 0 47
1 0 0 47
1 0 0 48
1 0 0 48
1 0 0 48
1 0 0 48
1 0 0 48
1 0 0 48
1 0 0 48
1 0 0 48
1 0 0 48
1 0 0 48
1 0 0 47
1 0 0 47
1 0 0 47
1 0 0 47
1 0 0 49
1 0 0 49
1 0 0 49
1 0 0 49
1 0 0 49
1 0 0 49
1 0 0 49
1 0 0 49
1 0 0 49
1 0 0 50
1 0 0 50
1 0 0 50
1 0 0 50
1 0 0 50
1 0 0 50
1 0 0 50
1 0 0 50
1 0 0 50
1 0 0 50
1 0 0 49
1 0 0 51
1 0 0 51
1 0 0 51
1 0 0 51
1 0 0 51
1 0 0 51
1 0 0 51
1 0 0 51
1 0 0 52
1 0 0 52
1 0 0 52
1 0 0 52
1 0 0 52
1 0 0 52
1 0 0 52
1 0 0 52
1 0 0 52
1 0 0 52
1 0 0 51
1 0 0 51
1 0 0 53
1 0 0 53
1 0 0 53
1 0 0 53
1 0 0 54
1 0 0 54
1 0 0 54
1 0 0 54
1 0 0 54
1 0 0 54
1 0 0 54
1 0 0 54
1 0 0 54
1 0 0 54
1 0 0 53
1 0 0 53
1 0 0 53
1 0 0 53
1 0 0 53
1 0 0 53
1 0 0 55
1 0 0 55
1 0 0 55
1 0 0 55
1 0 0 55
1 0 0 55
1 0 0 56
1 0 0 56
1 0 0 56
1 0 0 56
1 0 0 56
1 0 0 56
1 0 0 57
1 0 0 57
1 0 0 57
1 0 0 57
1 0 0 57
1 0 0 57
1 0 0 57
1 0 0 57
1 0 0 57
1 0 0 57
1 0 0 58
1 0 0 58
1 0 0 58
1 0 0 58
1 0 0 58
1 0 0 58
1 0 0 58
1 0 0 58
1 0 0 58
1 0 0 58
1 0 0 56
1 0 0 56
1 0 0 56
1 0 0 56
1 0 0 55
1 0 0 55
1 0 0 55
1 0 0 55
0.1 2 3 -1
0.1 1 581 -1
0.1 4 5 -1
0.1 582 583 -1
0.1 7 8 -1
0.1 6 585 -1
0.1 584 586 -1
0.1 12 13 -1
0.1 11 588 -1
0.1 10 589 -1
0.1 14 15 -1
0.1 591 16 -1
0.1 17 18 -1
0.1 592 593 -1
0.1 590 594 -1
0.1 9 595 -1
0.1 19 20 -1
0.1 596 597 -1
0.1 23 24 -1
0.1 22 599 -1
0.1 600 25 -1
0.1 21 601 -1
0.1 27 28 -1
0.1 32 33 -1
0.1 31 604 -1
0.1 30 605 -1
0.1 34 35 -1
0.1 37 38 -1
0.1 36 608 -1
0.1 607 609 -1
0.1 606 610 -1
0.1 29 611 -1
0.1 603 612 -1
0.1 26 613 -1
0.1 39 40 -1
0.1 614 615 -1
0.1 602 616 -1
0.1 598 617 -1
0.1 587 618 -1
0.1 41 42 -1
0.1 620 43 -1
0.1 46 47 -1
0.1 45 622 -1
0.1 623 48 -1
0.1 624 49 -1
0.1 625 50 -1
0.1 44 626 -1
0.1 621 627 -1
0.1 51 52 -1
0.1 54 55 -1
0.1 53 630 -1
0.1 629 631 -1
0.1 59 60 -1
0.1 58 633 -1
0.1 57 634 -1
0.1 56 635 -1
0.1 632 636 -1
0.1 637 61 -1
0.1 65 66 -1
0.1 64 639 -1
0.1 69 70 -1
0.1 68 641 -1
0.1 67 642 -1
0.1 640 643 -1
0.1 71 72 -1
0.1 645 73 -1
0.1 644 646 -1
0.1 75 76 -1
0.1 74 648 -1
0.1 78 79 -1
0.1 77 650 -1
0.1 649 651 -1
0.1 82 83 -1
0.1 81 653 -1
0.1 80 654 -1
0.1 652 655 -1
0.1 647 656 -1
0.1 63 657 -1
0.1 62 658 -1
0.1 638 659 -1
0.1 628 660 -1
0.1 86 87 -1
0.1 85 662 -1
0.1 88 89 -1
0.1 663 664 -1
0.1 91 92 -1
0.1 90 666 -1
0.1 665 667 -1
0.1 93 94 -1
0.1 668 669 -1
0.1 95 96 -1
0.1 97 98 -1
0.1 671 672 -1
0.1 100 101 -1
0.1 99 674 -1
0.1 102 103 -1
0.1 675 676 -1
0.1 677 104 -1
0.1 673 678 -1
0.1 670 679 -1
0.1 680 105 -1
0.1 84 681 -1
0.1 108 109 -1
0.1 112 113 -1
0.1 111 684 -1
0.1 115 116 -1
0.1 114 686 -1
0.1 687 117 -1
0.1 685 688 -1
0.1 110 689 -1
0.1 683 690 -1
0.1 118 119 -1
0.1 120 121 -1
0.1 692 693 -1
0.1 123 124 -1
0.1 122 695 -1
0.1 125 126 -1
0.1 696 697 -1
0.1 698 127 -1
0.1 694 699 -1
0.1 700 128 -1
0.1 691 701 -1
0.1 107 702 -1
0.1 106 703 -1
0.1 704 129 -1
0.1 131 132 -1
0.1 133 134 -1
0.1 706 707 -1
0.1 136 137 -1
0.1 135 709 -1
0.1 138 139 -1
0.1 140 141 -1
0.1 711 712 -1
0.1 142 143 -1
0.1 144 145 -1
0.1 715 146 -1
0.1 714 716 -1
0.1 713 717 -1
0.1 718 147 -1
0.1 710 719 -1
0.1 720 148 -1
0.1 708 721 -1
0.1 722 149 -1
0.1 130 723 -1
0.1 151 152 -1
0.1 153 154 -1
0.1 725 726 -1
0.1 155 156 -1
0.1 727 728 -1
0.1 150 729 -1
0.1 730 157 -1
0.1 158 159 -1
0.1 731 732 -1
0.1 724 733 -1
0.1 705 734 -1
0.1 682 735 -1
0.1 736 160 -1
0.1 661 737 -1
0.1 161 162 -1
0.1 165 166 -1
0.1 164 740 -1
0.1 163 741 -1
0.1 169 170 -1
0.1 168 743 -1
0.1 167 744 -1
0.1 742 745 -1
0.1 739 746 -1
0.1 738 747 -1
0.1 172 173 -1
0.1 174 175 -1
0.1 749 750 -1
0.1 177 178 -1
0.1 176 752 -1
0.1 753 179 -1
0.1 751 754 -1
0.1 184 185 -1
0.1 183 756 -1
0.1 757 186 -1
0.1 758 187 -1
0.1 182 759 -1
0.1 181 760 -1
0.1 188 189 -1
0.1 762 190 -1
0.1 761 763 -1
0.1 180 764 -1
0.1 191 192 -1
0.1 193 194 -1
0.1 197 198 -1
0.1 196 768 -1
0.1 195 769 -1
0.1 767 770 -1
0.1 766 771 -1
0.1 765 772 -1
0.1 199 200 -1
0.1 773 774 -1
0.1 755 775 -1
0.1 171 776 -1
0.1 748 777 -1
0.1 205 206 -1
0.1 207 208 -1
0.1 780 209 -1
0.1 210 211 -1
0.1 781 782 -1
0.1 779 783 -1
0.1 204 784 -1
0.1 203 785 -1
0.1 786 212 -1
0.1 202 787 -1
0.1 201 788 -1
0.1 215 216 -1
0.1 214 790 -1
0.1 213 791 -1
0.1 792 217 -1
0.1 221 222 -1
0.1 220 794 -1
0.1 219 795 -1
0.1 218 796 -1
0.1 793 797 -1
0.1 789 798 -1
0.1 224 225 -1
0.1 800 226 -1
0.1 229 230 -1
0.1 228 802 -1
0.1 227 803 -1
0.1 801 804 -1
0.1 223 805 -1
0.1 799 806 -1
0.1 231 232 -1
0.1 235 236 -1
0.1 809 237 -1
0.1 234 810 -1
0.1 233 811 -1
0.1 241 242 -1
0.1 240 813 -1
0.1 239 814 -1
0.1 238 815 -1
0.1 812 816 -1
0.1 243 244 -1
0.1 245 246 -1
0.1 819 247 -1
0.1 820 248 -1
0.1 250 251 -1
0.1 249 822 -1
0.1 823 252 -1
0.1 254 255 -1
0.1 256 257 -1
0.1 826 258 -1
0.1 825 827 -1
0.1 253 828 -1
0.1 824 829 -1
0.1 259 260 -1
0.1 261 262 -1
0.1 831 832 -1
0.1 830 833 -1
0.1 821 834 -1
0.1 818 835 -1
0.1 264 265 -1
0.1 266 267 -1
0.1 837 838 -1
0.1 263 839 -1
0.1 836 840 -1
0.1 268 269 -1
0.1 272 273 -1
0.1 274 275 -1
0.1 843 844 -1
0.1 271 845 -1
0.1 276 277 -1
0.1 846 847 -1
0.1 270 848 -1
0.1 842 849 -1
0.1 278 279 -1
0.1 281 282 -1
0.1 280 852 -1
0.1 851 853 -1
0.1 850 854 -1
0.1 841 855 -1
0.1 285 286 -1
0.1 284 857 -1
0.1 283 858 -1
0.1 287 288 -1
0.1 859 860 -1
0.1 856 861 -1
0.1 817 862 -1
0.1 808 863 -1
0.1 289 290 -1
0.1 864 865 -1
0.1 807 866 -1
0.1 778 867 -1
0.1 296 297 -1
0.1 295 869 -1
0.1 294 870 -1
0.1 293 871 -1
0.1 872 298 -1
0.1 292 873 -1
0.1 299 300 -1
0.1 874 875 -1
0.1 291 876 -1
0.1 868 877 -1
0.1 619 878 -1
0.1 301 302 -1
0.1 303 304 -1
0.1 880 881 -1
0.1 306 307 -1
0.1 305 883 -1
0.1 308 309 -1
0.1 884 885 -1
0.1 886 310 -1
0.1 882 887 -1
0.1 879 888 -1
0.1 311 312 -1
0.1 313 314 -1
0.1 316 317 -1
0.1 892 318 -1
0.1 319 320 -1
0.1 893 894 -1
0.1 315 895 -1
0.1 323 324 -1
0.1 322 897 -1
0.1 321 898 -1
0.1 896 899 -1
0.1 900 325 -1
0.1 901 326 -1
0.1 891 902 -1
0.1 890 903 -1
0.1 327 328 -1
0.1 904 905 -1
0.1 329 330 -1
0.1 906 907 -1
0.1 889 908 -1
0.1 332 333 -1
0.1 910 334 -1
0.1 331 911 -1
0.1 912 335 -1
0.1 337 338 -1
0.1 336 914 -1
0.1 340 341 -1
0.1 339 916 -1
0.1 342 343 -1
0.1 344 345 -1
0.1 918 919 -1
0.1 349 350 -1
0.1 348 921 -1
0.1 347 922 -1
0.1 923 351 -1
0.1 346 924 -1
0.1 920 925 -1
0.1 352 353 -1
0.1 926 927 -1
0.1 354 355 -1
0.1 928 929 -1
0.1 917 930 -1
0.1 915 931 -1
0.1 913 932 -1
0.1 356 357 -1
0.1 359 360 -1
0.1 364 365 -1
0.1 363 936 -1
0.1 366 367 -1
0.1 369 370 -1
0.1 368 939 -1
0.1 938 940 -1
0.1 371 372 -1
0.1 374 375 -1
0.1 373 943 -1
0.1 942 944 -1
0.1 941 945 -1
0.1 946 376 -1
0.1 937 947 -1
0.1 362 948 -1
0.1 949 377 -1
0.1 378 379 -1
0.1 950 951 -1
0.1 361 952 -1
0.1 953 380 -1
0.1 935 954 -1
0.1 358 955 -1
0.1 934 956 -1
0.1 933 957 -1
0.1 383 384 -1
0.1 386 387 -1
0.1 385 960 -1
0.1 389 390 -1
0.1 388 962 -1
0.1 961 963 -1
0.1 959 964 -1
0.1 382 965 -1
0.1 381 966 -1
0.1 391 392 -1
0.1 968 393 -1
0.1 394 395 -1
0.1 970 396 -1
0.1 971 397 -1
0.1 969 972 -1
0.1 401 402 -1
0.1 404 405 -1
0.1 403 975 -1
0.1 407 408 -1
0.1 406 977 -1
0.1 976 978 -1
0.1 974 979 -1
0.1 400 980 -1
0.1 399 981 -1
0.1 409 410 -1
0.1 983 411 -1
0.1 413 414 -1
0.1 412 985 -1
0.1 984 986 -1
0.1 415 416 -1
0.1 417 418 -1
0.1 988 989 -1
0.1 987 990 -1
0.1 420 421 -1
0.1 419 992 -1
0.1 993 422 -1
0.1 423 424 -1
0.1 425 426 -1
0.1 995 996 -1
0.1 427 428 -1
0.1 997 998 -1
0.1 994 999 -1
0.1 991 1000 -1
0.1 982 1001 -1
0.1 429 430 -1
0.1 431 432 -1
0.1 1003 1004 -1
0.1 433 434 -1
0.1 436 437 -1
0.1 1007 438 -1
0.1 435 1008 -1
0.1 1006 1009 -1
0.1 1005 1010 -1
0.1 1011 439 -1
0.1 441 442 -1
0.1 440 1013 -1
0.1 1012 1014 -1
0.1 443 444 -1
0.1 446 447 -1
0.1 445 1017 -1
0.1 1018 448 -1
0.1 1016 1019 -1
0.1 1015 1020 -1
0.1 1002 1021 -1
0.1 1022 449 -1
0.1 398 1023 -1
0.1 452 453 -1
0.1 1025 454 -1
0.1 455 456 -1
0.1 1027 457 -1
0.1 1026 1028 -1
0.1 451 1029 -1
0.1 458 459 -1
0.1 1031 460 -1
0.1 1030 1032 -1
0.1 461 462 -1
0.1 463 464 -1
0.1 465 466 -1
0.1 468 469 -1
0.1 467 1037 -1
0.1 1038 470 -1
0.1 471 472 -1
0.1 1039 1040 -1
0.1 1041 473 -1
0.1 475 476 -1
0.1 474 1043 -1
0.1 1042 1044 -1
0.1 1036 1045 -1
0.1 1035 1046 -1
0.1 478 479 -1
0.1 1048 480 -1
0.1 477 1049 -1
0.1 1047 1050 -1
0.1 1034 1051 -1
0.1 1033 1052 -1
0.1 482 483 -1
0.1 481 1054 -1
0.1 486 487 -1
0.1 485 1056 -1
0.1 484 1057 -1
0.1 488 489 -1
0.1 490 491 -1
0.1 1060 492 -1
0.1 494 495 -1
0.1 1062 496 -1
0.1 498 499 -1
0.1 497 1064 -1
0.1 1063 1065 -1
0.1 493 1066 -1
0.1 1061 1067 -1
0.1 1068 500 -1
0.1 1059 1069 -1
0.1 1058 1070 -1
0.1 1055 1071 -1
0.1 502 503 -1
0.1 501 1073 -1
0.1 504 505 -1
0.1 507 508 -1
0.1 506 1076 -1
0.1 1075 1077 -1
0.1 509 510 -1
0.1 514 515 -1
0.1 513 1080 -1
0.1 512 1081 -1
0.1 511 1082 -1
0.1 1083 516 -1
0.1 1079 1084 -1
0.1 517 518 -1
0.1 1085 1086 -1
0.1 1078 1087 -1
0.1 1074 1088 -1
0.1 1072 1089 -1
0.1 1090 519 -1
0.1 1091 520 -1
0.1 1053 1092 -1
0.1 522 523 -1
0.1 521 1094 -1
0.1 1095 524 -1
0.1 525 526 -1
0.1 1097 527 -1
0.1 528 529 -1
0.1 1098 1099 -1
0.1 530 531 -1
0.1 532 533 -1
0.1 1101 1102 -1
0.1 1103 534 -1
0.1 1100 1104 -1
0.1 537 538 -1
0.1 539 540 -1
0.1 1106 1107 -1
0.1 536 1108 -1
0.1 535 1109 -1
0.1 1105 1110 -1
0.1 1096 1111 -1
0.1 1093 1112 -1
0.1 450 1113 -1
0.1 1024 1114 -1
0.1 973 1115 -1
0.1 542 543 -1
0.1 1117 544 -1
0.1 541 1118 -1
0.1 1119 545 -1
0.1 547 548 -1
0.1 549 550 -1
0.1 1121 1122 -1
0.1 551 552 -1
0.1 554 555 -1
0.1 556 557 -1
0.1 1125 1126 -1
0.1 558 559 -1
0.1 1128 560 -1
0.1 1127 1129 -1
0.1 561 562 -1
0.1 1130 1131 -1
0.1 553 1132 -1
0.1 565 566 -1
0.1 564 1134 -1
0.1 567 568 -1
0.1 1135 1136 -1
0.1 563 1137 -1
0.1 569 570 -1
0.1 571 572 -1
0.1 1139 1140 -1
0.1 1138 1141 -1
0.1 1133 1142 -1
0.1 1124 1143 -1
0.1 573 574 -1
0.1 1144 1145 -1
0.1 575 576 -1
0.1 1146 1147 -1
0.1 1123 1148 -1
0.1 546 1149 -1
0.1 577 578 -1
0.1 579 580 -1
0.1 1151 1152 -1
0.1 1150 1153 -1
0.1 1120 1154 -1
0.1 1116 1155 -1
0.1 967 1156 -1
0.1 958 1157 -1
0.1 909 1158 -1
