1 0 0 1
1 0 0 1
1 0 0 1
1 0 0 2
1 0 0 2
1 0 0 2
1 0 0 2
1 0 0 2
1 0 0 2
1 0 0 3
1 0 0 3
1 0 0 3
1 0 0 3
1 0 0 3
1 0 0 3
1 0 0 3
1 0 0 3
1 0 0 3
1 0 0 3
1 0 0 2
1 0 0 2
1 0 0 2
1 0 0 2
1 0 0 4
1 0 0 4
1 0 0 5
1 0 0 5
1 0 0 5
1 0 0 5
1 0 0 5
1 0 0 5
1 0 0 5
1 0 0 5
1 0 0 5
1 0 0 5
1 0 0 4
1 0 0 4
1 0 0 6
1 0 0 6
1 0 0 6
1 0 0 6
1 0 0 6
1 0 0 6
1 0 0 6
1 0 0 6
1 0 0 6
1 0 0 7
1 0 0 7
1 0 0 7
1 0 0 7
1 0 0 7
1 0 0 7
1 0 0 7
1 0 0 8
1 0 0 8
1 0 0 8
1 0 0 8
1 0 0 8
1 0 0 8
1 0 0 8
1 0 0 8
1 0 0 8
1 0 0 8
1 0 0 9
1 0 0 9
1 0 0 9
1 0 0 9
1 0 0 9
1 0 0 9
1 0 0 9
1 0 0 9
1 0 0 9
1 0 0 9
1 0 0 7
1 0 0 7
1 0 0 7
1 0 0 6
1 0 0 4
1 0 0 10
1 0 0 10
1 0 0 10
1 0 0 10
1 0 0 4
1 0 0 10
1 0 0 10
1 0 0 10
1 0 0 10
1 0 0 10
1 0 0 10
1 0 0 11
1 0 0 11
1 0 0 11
1 0 0 11
1 0 0 11
1 0 0 11
1 0 0 11
1 0 0 11
1 0 0 11
1 0 0 11
1 0 0 12
1 0 0 12
1 0 0 12
1 0 0 12
1 0 0 12
1 0 0 12
1 0 0 12
1 0 0 12
1 0 0 12
1 0 0 12
1 0 0 4
1 0 0 13
1 0 0 13
1 0 0 13
1 0 0 13
1 0 0 13
1 0 0 13
1 0 0 13
1 0 0 13
1 0 0 13
1 0 0 13
1 0 0 4
1 0 0 4
1 0 0 4
1 0 0 1
1 0 0 14
1 0 0 14
1 0 0 14
1 0 0 14
1 0 0 14
1 0 0 14
1 0 0 14
1 0 0 14
1 0 0 14
1 0 0 14
1 0 0 1
1 0 0 1
1 0 0 1
1 0 0 1
1 0 0 1
1 0 0 1
1 0 0 15
1 0 0 15
1 0 0 15
1 0 0 15
1 0 0 15
1 0 0 15
1 0 0 15
1 0 0 15
1 0 0 15
1 0 0 15
1 0 0 16
1 0 0 16
1 0 0 16
1 0 0 16
1 0 0 16
1 0 0 16
1 0 0 17
1 0 0 17
1 0 0 17
1 0 0 17
1 0 0 17
1 0 0 17
1 0 0 17
1 0 0 17
1 0 0 17
1 0 0 17
1 0 0 18
1 0 0 18
1 0 0 18
1 0 0 18
1 0 0 18
1 0 0 18
1 0 0 18
1 0 0 18
1 0 0 18
1 0 0 18
1 0 0 19
1 0 0 19
1 0 0 19
1 0 0 20
1 0 0 20
1 0 0 20
1 0 0 20
1 0 0 20
1 0 0 20
1 0 0 20
1 0 0 20
1 0 0 20
1 0 0 20
1 0 0 19
1 0 0 19
1 0 0 19
1 0 0 19
1 0 0 19
1 0 0 19
1 0 0 19
1 0 0 16
1 0 0 16
1 0 0 16
1 0 0 16
1 0 0 21
1 0 0 21
1 0 0 21
1 0 0 21
1 0 0 21
1 0 0 21
1 0 0 21
1 0 0 21
1 0 0 21
1 0 0 21
1 0 0 22
1 0 0 22
1 0 0 22
1 0 0 22
1 0 0 22
1 0 0 22
1 0 0 22
1 0 0 22
1 0 0 22
1 0 0 22
1 0 0 23
1 0 0 24
1 0 0 24
1 0 0 24
1 0 0 24
1 0 0 24
1 0 0 24
1 0 0 24
1 0 0 25
1 0 0 25
1 0 0 25
1 0 0 25
1 0 0 25
1 0 0 25
1 0 0 25
1 0 0 25
1 0 0 25
1 0 0 25
1 0 0 24
1 0 0 24
1 0 0 24
1 0 0 26
1 0 0 27
1 0 0 27
1 0 0 27
1 0 0 27
1 0 0 27
1 0 0 27
1 0 0 27
1 0 0 27
1 0 0 27
1 0 0 27
1 0 0 26
1 0 0 26
1 0 0 26
1 0 0 26
1 0 0 26
1 0 0 26
1 0 0 26
1 0 0 26
1 0 0 26
1 0 0 23
1 0 0 28
1 0 0 28
1 0 0 28
1 0 0 28
1 0 0 28
1 0 0 28
1 0 0 28
1 0 0 28
1 0 0 28
1 0 0 28
1 0 0 23
1 0 0 23
1 0 0 29
1 0 0 29
1 0 0 30
1 0 0 30
1 0 0 30
1 0 0 30
1 0 0 30
1 0 0 30
1 0 0 30
1 0 0 30
1 0 0 30
1 0 0 30
1 0 0 29
1 0 0 29
1 0 0 29
1 0 0 29
1 0 0 29
1 0 0 29
1 0 0 29
1 0 0 31
1 0 0 31
1 0 0 31
1 0 0 31
1 0 0 31
1 0 0 31
1 0 0 31
1 0 0 31
1 0 0 31
1 0 0 31
1 0 0 29
1 0 0 23
1 0 0 32
1 0 0 32
1 0 0 32
1 0 0 32
1 0 0 32
1 0 0 32
1 0 0 32
1 0 0 32
1 0 0 32
1 0 0 32
1 0 0 33
1 0 0 33
1 0 0 33
1 0 0 33
1 0 0 33
1 0 0 33
1 0 0 33
1 0 0 33
1 0 0 33
1 0 0 33
1 0 0 23
1 0 0 34
1 0 0 34
1 0 0 34
1 0 0 34
1 0 0 34
1 0 0 34
1 0 0 34
1 0 0 34
1 0 0 34
1 0 0 34
1 0 0 23
1 0 0 35
1 0 0 35
1 0 0 35
1 0 0 35
1 0 0 35
1 0 0 35
1 0 0 35
1 0 0 35
1 0 0 35
1 0 0 35
1 0 0 36
1 0 0 36
1 0 0 36
1 0 0 36
1 0 0 37
1 0 0 37
1 0 0 37
1 0 0 37
1 0 0 37
1 0 0 37
1 0 0 37
1 0 0 37
1 0 0 37
1 0 0 37
1 0 0 36
1 0 0 36
1 0 0 36
1 0 0 38
1 0 0 38
1 0 0 38
1 0 0 38
1 0 0 38
1 0 0 38
1 0 0 38
1 0 0 38
1 0 0 38
1 0 0 38
1 0 0 36
1 0 0 36
1 0 0 36
1 0 0 23
1 0 0 39
1 0 0 39
1 0 0 39
1 0 0 39
1 0 0 39
1 0 0 39
1 0 0 39
1 0 0 39
1 0 0 39
1 0 0 39
1 0 0 23
1 0 0 23
1 0 0 40
1 0 0 40
1 0 0 40
1 0 0 40
1 0 0 40
1 0 0 40
1 0 0 40
1 0 0 40
1 0 0 40
1 0 0 40
0.1 1 2 -1
0.1 401 3 -1
0.1 5 6 -1
0.1 8 9 -1
0.1 7 404 -1
0.1 403 405 -1
0.1 11 12 -1
0.1 10 407 -1
0.1 13 14 -1
0.1 16 17 -1
0.1 18 19 -1
0.1 410 411 -1
0.1 15 412 -1
0.1 409 413 -1
0.1 408 414 -1
0.1 406 415 -1
0.1 20 21 -1
0.1 22 23 -1
0.1 417 418 -1
0.1 416 419 -1
0.1 4 420 -1
0.1 24 25 -1
0.1 27 28 -1
0.1 26 423 -1
0.1 424 29 -1
0.1 32 33 -1
0.1 31 426 -1
0.1 34 35 -1
0.1 427 428 -1
0.1 30 429 -1
0.1 425 430 -1
0.1 422 431 -1
0.1 421 432 -1
0.1 38 39 -1
0.1 42 43 -1
0.1 41 435 -1
0.1 40 436 -1
0.1 434 437 -1
0.1 44 45 -1
0.1 47 48 -1
0.1 49 50 -1
0.1 440 441 -1
0.1 51 52 -1
0.1 443 53 -1
0.1 55 56 -1
0.1 57 58 -1
0.1 445 446 -1
0.1 62 63 -1
0.1 65 66 -1
0.1 64 449 -1
0.1 67 68 -1
0.1 70 71 -1
0.1 69 452 -1
0.1 451 453 -1
0.1 72 73 -1
0.1 454 455 -1
0.1 450 456 -1
0.1 448 457 -1
0.1 61 458 -1
0.1 60 459 -1
0.1 59 460 -1
0.1 447 461 -1
0.1 54 462 -1
0.1 444 463 -1
0.1 442 464 -1
0.1 74 75 -1
0.1 466 76 -1
0.1 465 467 -1
0.1 468 77 -1
0.1 46 469 -1
0.1 439 470 -1
0.1 438 471 -1
0.1 37 472 -1
0.1 36 473 -1
0.1 474 78 -1
0.1 79 80 -1
0.1 476 81 -1
0.1 477 82 -1
0.1 478 83 -1
0.1 87 88 -1
0.1 86 480 -1
0.1 85 481 -1
0.1 84 482 -1
0.1 483 89 -1
0.1 479 484 -1
0.1 91 92 -1
0.1 93 94 -1
0.1 486 487 -1
0.1 90 488 -1
0.1 95 96 -1
0.1 97 98 -1
0.1 491 99 -1
0.1 490 492 -1
0.1 489 493 -1
0.1 100 101 -1
0.1 102 103 -1
0.1 496 104 -1
0.1 105 106 -1
0.1 497 498 -1
0.1 499 107 -1
0.1 108 109 -1
0.1 500 501 -1
0.1 495 502 -1
0.1 494 503 -1
0.1 111 112 -1
0.1 114 115 -1
0.1 113 506 -1
0.1 117 118 -1
0.1 119 120 -1
0.1 508 509 -1
0.1 116 510 -1
0.1 507 511 -1
0.1 505 512 -1
0.1 513 121 -1
0.1 110 514 -1
0.1 504 515 -1
0.1 485 516 -1
0.1 122 123 -1
0.1 517 518 -1
0.1 475 519 -1
0.1 433 520 -1
0.1 521 124 -1
0.1 127 128 -1
0.1 126 523 -1
0.1 125 524 -1
0.1 129 130 -1
0.1 525 526 -1
0.1 527 131 -1
0.1 132 133 -1
0.1 529 134 -1
0.1 528 530 -1
0.1 522 531 -1
0.1 402 532 -1
0.1 136 137 -1
0.1 135 534 -1
0.1 533 535 -1
0.1 139 140 -1
0.1 138 537 -1
0.1 536 538 -1
0.1 141 142 -1
0.1 146 147 -1
0.1 145 541 -1
0.1 144 542 -1
0.1 143 543 -1
0.1 540 544 -1
0.1 148 149 -1
0.1 545 546 -1
0.1 152 153 -1
0.1 548 154 -1
0.1 151 549 -1
0.1 150 550 -1
0.1 547 551 -1
0.1 160 161 -1
0.1 159 553 -1
0.1 554 162 -1
0.1 158 555 -1
0.1 165 166 -1
0.1 164 557 -1
0.1 163 558 -1
0.1 556 559 -1
0.1 157 560 -1
0.1 168 169 -1
0.1 167 562 -1
0.1 171 172 -1
0.1 170 564 -1
0.1 173 174 -1
0.1 566 175 -1
0.1 565 567 -1
0.1 568 176 -1
0.1 563 569 -1
0.1 177 178 -1
0.1 570 571 -1
0.1 182 183 -1
0.1 181 573 -1
0.1 180 574 -1
0.1 185 186 -1
0.1 188 189 -1
0.1 187 577 -1
0.1 576 578 -1
0.1 184 579 -1
0.1 575 580 -1
0.1 179 581 -1
0.1 190 191 -1
0.1 582 583 -1
0.1 572 584 -1
0.1 193 194 -1
0.1 192 586 -1
0.1 585 587 -1
0.1 195 196 -1
0.1 588 589 -1
0.1 561 590 -1
0.1 156 591 -1
0.1 155 592 -1
0.1 199 200 -1
0.1 198 594 -1
0.1 197 595 -1
0.1 593 596 -1
0.1 552 597 -1
0.1 203 204 -1
0.1 205 206 -1
0.1 600 207 -1
0.1 599 601 -1
0.1 202 602 -1
0.1 208 209 -1
0.1 604 210 -1
0.1 603 605 -1
0.1 201 606 -1
0.1 211 212 -1
0.1 214 215 -1
0.1 216 217 -1
0.1 218 219 -1
0.1 610 611 -1
0.1 609 612 -1
0.1 213 613 -1
0.1 608 614 -1
0.1 615 220 -1
0.1 607 616 -1
0.1 598 617 -1
0.1 539 618 -1
0.1 223 224 -1
0.1 620 225 -1
0.1 222 621 -1
0.1 226 227 -1
0.1 622 623 -1
0.1 229 230 -1
0.1 625 231 -1
0.1 233 234 -1
0.1 237 238 -1
0.1 236 628 -1
0.1 235 629 -1
0.1 627 630 -1
0.1 232 631 -1
0.1 626 632 -1
0.1 228 633 -1
0.1 634 239 -1
0.1 635 240 -1
0.1 624 636 -1
0.1 637 241 -1
0.1 221 638 -1
0.1 244 245 -1
0.1 243 640 -1
0.1 247 248 -1
0.1 251 252 -1
0.1 250 643 -1
0.1 249 644 -1
0.1 642 645 -1
0.1 246 646 -1
0.1 641 647 -1
0.1 242 648 -1
0.1 254 255 -1
0.1 650 256 -1
0.1 253 651 -1
0.1 258 259 -1
0.1 653 260 -1
0.1 257 654 -1
0.1 652 655 -1
0.1 649 656 -1
0.1 657 261 -1
0.1 265 266 -1
0.1 264 659 -1
0.1 268 269 -1
0.1 267 661 -1
0.1 270 271 -1
0.1 663 272 -1
0.1 662 664 -1
0.1 660 665 -1
0.1 263 666 -1
0.1 262 667 -1
0.1 658 668 -1
0.1 639 669 -1
0.1 277 278 -1
0.1 280 281 -1
0.1 279 672 -1
0.1 673 282 -1
0.1 285 286 -1
0.1 284 675 -1
0.1 283 676 -1
0.1 674 677 -1
0.1 671 678 -1
0.1 679 287 -1
0.1 276 680 -1
0.1 288 289 -1
0.1 290 291 -1
0.1 295 296 -1
0.1 294 684 -1
0.1 298 299 -1
0.1 297 686 -1
0.1 302 303 -1
0.1 301 688 -1
0.1 300 689 -1
0.1 687 690 -1
0.1 685 691 -1
0.1 293 692 -1
0.1 292 693 -1
0.1 694 304 -1
0.1 683 695 -1
0.1 682 696 -1
0.1 681 697 -1
0.1 275 698 -1
0.1 274 699 -1
0.1 308 309 -1
0.1 307 701 -1
0.1 306 702 -1
0.1 311 312 -1
0.1 313 314 -1
0.1 704 705 -1
0.1 310 706 -1
0.1 707 315 -1
0.1 703 708 -1
0.1 305 709 -1
0.1 317 318 -1
0.1 316 711 -1
0.1 319 320 -1
0.1 322 323 -1
0.1 714 324 -1
0.1 715 325 -1
0.1 321 716 -1
0.1 713 717 -1
0.1 712 718 -1
0.1 710 719 -1
0.1 720 326 -1
0.1 328 329 -1
0.1 327 722 -1
0.1 330 331 -1
0.1 332 333 -1
0.1 335 336 -1
0.1 334 726 -1
0.1 725 727 -1
0.1 724 728 -1
0.1 723 729 -1
0.1 721 730 -1
0.1 700 731 -1
0.1 273 732 -1
0.1 670 733 -1
0.1 339 340 -1
0.1 338 735 -1
0.1 736 341 -1
0.1 343 344 -1
0.1 342 738 -1
0.1 345 346 -1
0.1 739 740 -1
0.1 737 741 -1
0.1 742 347 -1
0.1 349 350 -1
0.1 348 744 -1
0.1 352 353 -1
0.1 354 355 -1
0.1 356 357 -1
0.1 360 361 -1
0.1 359 749 -1
0.1 358 750 -1
0.1 748 751 -1
0.1 747 752 -1
0.1 746 753 -1
0.1 351 754 -1
0.1 362 363 -1
0.1 756 364 -1
0.1 367 368 -1
0.1 366 758 -1
0.1 369 370 -1
0.1 760 371 -1
0.1 759 761 -1
0.1 372 373 -1
0.1 763 374 -1
0.1 762 764 -1
0.1 365 765 -1
0.1 757 766 -1
0.1 755 767 -1
0.1 376 377 -1
0.1 375 769 -1
0.1 768 770 -1
0.1 745 771 -1
0.1 743 772 -1
0.1 381 382 -1
0.1 380 774 -1
0.1 775 383 -1
0.1 385 386 -1
0.1 384 777 -1
0.1 387 388 -1
0.1 778 779 -1
0.1 776 780 -1
0.1 379 781 -1
0.1 378 782 -1
0.1 773 783 -1
0.1 389 390 -1
0.1 784 785 -1
0.1 337 786 -1
0.1 734 787 -1
0.1 391 392 -1
0.1 789 393 -1
0.1 788 790 -1
0.1 394 395 -1
0.1 791 792 -1
0.1 397 398 -1
0.1 396 794 -1
0.1 399 400 -1
0.1 795 796 -1
0.1 793 797 -1
0.1 619 798 -1
