1 0 0 1
1 0 0 1
1 0 0 1
1 0 0 1
1 0 0 1
1 0 0 1
1 0 0 1
1 0 0 1
1 0 0 2
1 0 0 2
1 0 0 2
1 0 0 2
1 0 0 2
1 0 0 2
1 0 0 2
1 0 0 2
1 0 0 2
1 0 0 2
1 0 0 3
1 0 0 3
1 0 0 4
1 0 0 4
1 0 0 4
1 0 0 4
1 0 0 4
1 0 0 4
1 0 0 4
1 0 0 4
1 0 0 4
1 0 0 4
1 0 0 5
1 0 0 5
1 0 0 5
1 0 0 5
1 0 0 5
1 0 0 5
1 0 0 6
1 0 0 6
1 0 0 7
1 0 0 7
1 0 0 7
1 0 0 7
1 0 0 7
1 0 0 7
1 0 0 7
1 0 0 7
1 0 0 7
1 0 0 7
1 0 0 6
1 0 0 6
1 0 0 6
1 0 0 6
1 0 0 6
1 0 0 6
1 0 0 6
1 0 0 6
1 0 0 5
1 0 0 5
1 0 0 5
1 0 0 5
1 0 0 3
1 0 0 3
1 0 0 8
1 0 0 8
1 0 0 8
1 0 0 8
1 0 0 8
1 0 0 8
1 0 0 8
1 0 0 8
1 0 0 8
1 0 0 8
1 0 0 9
1 0 0 9
1 0 0 9
1 0 0 9
1 0 0 9
1 0 0 9
1 0 0 9
1 0 0 9
1 0 0 9
1 0 0 9
1 0 0 3
1 0 0 10
1 0 0 10
1 0 0 10
1 0 0 10
1 0 0 10
1 0 0 10
1 0 0 10
1 0 0 10
1 0 0 10
1 0 0 10
1 0 0 3
1 0 0 3
1 0 0 11
1 0 0 11
1 0 0 11
1 0 0 11
1 0 0 11
1 0 0 11
1 0 0 11
1 0 0 11
1 0 0 11
1 0 0 11
1 0 0 3
1 0 0 12
1 0 0 12
1 0 0 12
1 0 0 12
1 0 0 12
1 0 0 12
1 0 0 12
1 0 0 12
1 0 0 12
1 0 0 12
1 0 0 3
1 0 0 3
1 0 0 13
1 0 0 13
1 0 0 13
1 0 0 13
1 0 0 13
1 0 0 13
1 0 0 13
1 0 0 14
1 0 0 14
1 0 0 14
1 0 0 14
1 0 0 14
1 0 0 14
1 0 0 14
1 0 0 14
1 0 0 14
1 0 0 14
1 0 0 13
1 0 0 13
1 0 0 13
1 0 0 1
1 0 0 1
1 0 0 15
1 0 0 15
1 0 0 15
1 0 0 15
1 0 0 15
1 0 0 15
1 0 0 15
1 0 0 15
1 0 0 15
1 0 0 15
1 0 0 16
1 0 0 16
1 0 0 17
1 0 0 17
1 0 0 17
1 0 0 17
1 0 0 17
1 0 0 17
1 0 0 17
1 0 0 17
1 0 0 17
1 0 0 17
1 0 0 16
1 0 0 16
1 0 0 16
1 0 0 16
1 0 0 16
1 0 0 16
1 0 0 16
1 0 0 16
1 0 0 18
1 0 0 18
1 0 0 18
1 0 0 18
1 0 0 18
1 0 0 18
1 0 0 18
1 0 0 18
1 0 0 18
1 0 0 18
1 0 0 19
1 0 0 19
1 0 0 19
1 0 0 19
1 0 0 19
1 0 0 19
1 0 0 19
1 0 0 19
1 0 0 19
1 0 0 19
1 0 0 20
1 0 0 20
1 0 0 20
1 0 0 20
1 0 0 20
1 0 0 21
1 0 0 22
1 0 0 22
1 0 0 22
1 0 0 23
1 0 0 23
1 0 0 23
1 0 0 23
1 0 0 23
1 0 0 23
1 0 0 23
1 0 0 23
1 0 0 23
1 0 0 23
1 0 0 21
1 0 0 24
1 0 0 24
1 0 0 24
1 0 0 24
1 0 0 25
1 0 0 25
1 0 0 25
1 0 0 25
1 0 0 25
1 0 0 25
1 0 0 25
1 0 0 25
1 0 0 25
1 0 0 25
1 0 0 24
1 0 0 24
1 0 0 24
1 0 0 26
1 0 0 26
1 0 0 26
1 0 0 26
1 0 0 26
1 0 0 26
1 0 0 26
1 0 0 26
1 0 0 26
1 0 0 26
1 0 0 24
1 0 0 24
1 0 0 24
1 0 0 22
1 0 0 22
1 0 0 22
1 0 0 22
1 0 0 22
1 0 0 22
1 0 0 22
1 0 0 21
1 0 0 21
1 0 0 21
1 0 0 27
1 0 0 27
1 0 0 27
1 0 0 27
1 0 0 27
1 0 0 27
1 0 0 27
1 0 0 27
1 0 0 28
1 0 0 28
1 0 0 28
1 0 0 28
1 0 0 28
1 0 0 28
1 0 0 28
1 0 0 28
1 0 0 28
1 0 0 28
1 0 0 27
1 0 0 27
1 0 0 29
1 0 0 29
1 0 0 29
1 0 0 29
1 0 0 29
1 0 0 29
1 0 0 29
1 0 0 29
1 0 0 29
1 0 0 29
1 0 0 30
1 0 0 30
1 0 0 30
1 0 0 30
1 0 0 30
1 0 0 30
1 0 0 30
1 0 0 30
1 0 0 30
1 0 0 30
1 0 0 21
1 0 0 31
1 0 0 31
1 0 0 31
1 0 0 31
1 0 0 31
1 0 0 31
1 0 0 31
1 0 0 31
1 0 0 31
1 0 0 31
1 0 0 21
1 0 0 21
1 0 0 32
1 0 0 32
1 0 0 32
1 0 0 32
1 0 0 32
1 0 0 32
1 0 0 32
1 0 0 32
1 0 0 32
1 0 0 32
1 0 0 21
1 0 0 33
1 0 0 33
1 0 0 33
1 0 0 33
1 0 0 33
1 0 0 33
1 0 0 33
1 0 0 33
1 0 0 33
1 0 0 33
1 0 0 34
1 0 0 34
1 0 0 34
1 0 0 34
1 0 0 34
1 0 0 34
1 0 0 34
1 0 0 34
1 0 0 34
1 0 0 34
1 0 0 35
1 0 0 35
1 0 0 35
1 0 0 35
1 0 0 35
1 0 0 35
1 0 0 36
1 0 0 36
1 0 0 36
1 0 0 36
1 0 0 36
1 0 0 36
1 0 0 36
1 0 0 36
1 0 0 36
1 0 0 36
1 0 0 35
1 0 0 35
1 0 0 35
1 0 0 37
1 0 0 37
1 0 0 37
1 0 0 37
1 0 0 37
1 0 0 37
1 0 0 37
1 0 0 37
1 0 0 37
1 0 0 37
1 0 0 35
1 0 0 21
1 0 0 20
1 0 0 20
1 0 0 20
1 0 0 20
1 0 0 20
1 0 0 38
1 0 0 38
1 0 0 38
1 0 0 38
1 0 0 38
1 0 0 38
1 0 0 38
1 0 0 38
1 0 0 38
1 0 0 39
1 0 0 38
1 0 0 40
1 0 0 40
1 0 0 40
1 0 0 40
1 0 0 40
1 0 0 40
1 0 0 40
1 0 0 40
1 0 0 40
1 0 0 40
1 0 0 39
1 0 0 39
1 0 0 39
1 0 0 39
1 0 0 39
1 0 0 39
1 0 0 39
1 0 0 39
1 0 0 39
0.1 2 3 -1
0.1 5 6 -1
0.1 11 12 -1
0.1 13 14 -1
0.1 403 404 -1
0.1 10 405 -1
0.1 9 406 -1
0.1 407 15 -1
0.1 17 18 -1
0.1 16 409 -1
0.1 408 410 -1
0.1 22 23 -1
0.1 21 412 -1
0.1 25 26 -1
0.1 24 414 -1
0.1 413 415 -1
0.1 27 28 -1
0.1 32 33 -1
0.1 31 418 -1
0.1 35 36 -1
0.1 34 420 -1
0.1 39 40 -1
0.1 422 41 -1
0.1 42 43 -1
0.1 44 45 -1
0.1 46 47 -1
0.1 426 48 -1
0.1 425 427 -1
0.1 424 428 -1
0.1 423 429 -1
0.1 49 50 -1
0.1 430 431 -1
0.1 432 51 -1
0.1 38 433 -1
0.1 52 53 -1
0.1 54 55 -1
0.1 435 436 -1
0.1 437 56 -1
0.1 434 438 -1
0.1 37 439 -1
0.1 421 440 -1
0.1 57 58 -1
0.1 59 60 -1
0.1 442 443 -1
0.1 441 444 -1
0.1 419 445 -1
0.1 30 446 -1
0.1 29 447 -1
0.1 417 448 -1
0.1 416 449 -1
0.1 20 450 -1
0.1 451 61 -1
0.1 19 452 -1
0.1 63 64 -1
0.1 66 67 -1
0.1 65 455 -1
0.1 68 69 -1
0.1 71 72 -1
0.1 70 458 -1
0.1 457 459 -1
0.1 456 460 -1
0.1 454 461 -1
0.1 75 76 -1
0.1 74 463 -1
0.1 77 78 -1
0.1 464 465 -1
0.1 73 466 -1
0.1 79 80 -1
0.1 81 82 -1
0.1 468 469 -1
0.1 467 470 -1
0.1 462 471 -1
0.1 84 85 -1
0.1 473 86 -1
0.1 88 89 -1
0.1 90 91 -1
0.1 475 476 -1
0.1 87 477 -1
0.1 474 478 -1
0.1 92 93 -1
0.1 479 480 -1
0.1 481 94 -1
0.1 83 482 -1
0.1 472 483 -1
0.1 98 99 -1
0.1 97 485 -1
0.1 486 100 -1
0.1 96 487 -1
0.1 102 103 -1
0.1 101 489 -1
0.1 490 104 -1
0.1 488 491 -1
0.1 492 105 -1
0.1 95 493 -1
0.1 484 494 -1
0.1 62 495 -1
0.1 496 106 -1
0.1 108 109 -1
0.1 111 112 -1
0.1 110 499 -1
0.1 498 500 -1
0.1 107 501 -1
0.1 113 114 -1
0.1 503 115 -1
0.1 504 116 -1
0.1 502 505 -1
0.1 117 118 -1
0.1 506 507 -1
0.1 119 120 -1
0.1 121 122 -1
0.1 124 125 -1
0.1 123 511 -1
0.1 510 512 -1
0.1 126 127 -1
0.1 514 128 -1
0.1 130 131 -1
0.1 132 133 -1
0.1 516 517 -1
0.1 129 518 -1
0.1 134 135 -1
0.1 519 520 -1
0.1 515 521 -1
0.1 513 522 -1
0.1 136 137 -1
0.1 523 524 -1
0.1 509 525 -1
0.1 526 138 -1
0.1 508 527 -1
0.1 497 528 -1
0.1 453 529 -1
0.1 411 530 -1
0.1 8 531 -1
0.1 7 532 -1
0.1 139 140 -1
0.1 533 534 -1
0.1 402 535 -1
0.1 4 536 -1
0.1 401 537 -1
0.1 1 538 -1
0.1 144 145 -1
0.1 143 540 -1
0.1 142 541 -1
0.1 149 150 -1
0.1 148 543 -1
0.1 147 544 -1
0.1 146 545 -1
0.1 542 546 -1
0.1 141 547 -1
0.1 151 152 -1
0.1 154 155 -1
0.1 153 550 -1
0.1 157 158 -1
0.1 156 552 -1
0.1 161 162 -1
0.1 160 554 -1
0.1 159 555 -1
0.1 553 556 -1
0.1 551 557 -1
0.1 163 164 -1
0.1 558 559 -1
0.1 166 167 -1
0.1 165 561 -1
0.1 168 169 -1
0.1 173 174 -1
0.1 172 564 -1
0.1 175 176 -1
0.1 565 566 -1
0.1 171 567 -1
0.1 179 180 -1
0.1 178 569 -1
0.1 177 570 -1
0.1 568 571 -1
0.1 170 572 -1
0.1 563 573 -1
0.1 562 574 -1
0.1 560 575 -1
0.1 549 576 -1
0.1 548 577 -1
0.1 578 181 -1
0.1 579 182 -1
0.1 184 185 -1
0.1 183 581 -1
0.1 582 186 -1
0.1 580 583 -1
0.1 539 584 -1
0.1 189 190 -1
0.1 188 586 -1
0.1 187 587 -1
0.1 585 588 -1
0.1 191 192 -1
0.1 194 195 -1
0.1 193 591 -1
0.1 590 592 -1
0.1 197 198 -1
0.1 594 199 -1
0.1 201 202 -1
0.1 203 204 -1
0.1 596 597 -1
0.1 205 206 -1
0.1 208 209 -1
0.1 207 600 -1
0.1 599 601 -1
0.1 598 602 -1
0.1 200 603 -1
0.1 604 210 -1
0.1 211 212 -1
0.1 606 213 -1
0.1 216 217 -1
0.1 608 218 -1
0.1 219 220 -1
0.1 610 221 -1
0.1 223 224 -1
0.1 222 612 -1
0.1 611 613 -1
0.1 609 614 -1
0.1 215 615 -1
0.1 226 227 -1
0.1 225 617 -1
0.1 616 618 -1
0.1 214 619 -1
0.1 228 229 -1
0.1 231 232 -1
0.1 230 622 -1
0.1 621 623 -1
0.1 234 235 -1
0.1 233 625 -1
0.1 624 626 -1
0.1 236 237 -1
0.1 627 628 -1
0.1 620 629 -1
0.1 238 239 -1
0.1 631 240 -1
0.1 630 632 -1
0.1 607 633 -1
0.1 605 634 -1
0.1 242 243 -1
0.1 241 636 -1
0.1 244 245 -1
0.1 637 638 -1
0.1 639 246 -1
0.1 640 247 -1
0.1 635 641 -1
0.1 595 642 -1
0.1 248 249 -1
0.1 643 644 -1
0.1 196 645 -1
0.1 252 253 -1
0.1 255 256 -1
0.1 254 648 -1
0.1 649 257 -1
0.1 647 650 -1
0.1 260 261 -1
0.1 259 652 -1
0.1 263 264 -1
0.1 262 654 -1
0.1 266 267 -1
0.1 265 656 -1
0.1 655 657 -1
0.1 653 658 -1
0.1 659 268 -1
0.1 660 269 -1
0.1 258 661 -1
0.1 662 270 -1
0.1 651 663 -1
0.1 251 664 -1
0.1 250 665 -1
0.1 271 272 -1
0.1 275 276 -1
0.1 274 668 -1
0.1 273 669 -1
0.1 278 279 -1
0.1 277 671 -1
0.1 672 280 -1
0.1 670 673 -1
0.1 667 674 -1
0.1 284 285 -1
0.1 286 287 -1
0.1 676 677 -1
0.1 288 289 -1
0.1 679 290 -1
0.1 678 680 -1
0.1 283 681 -1
0.1 282 682 -1
0.1 281 683 -1
0.1 675 684 -1
0.1 293 294 -1
0.1 686 295 -1
0.1 297 298 -1
0.1 296 688 -1
0.1 300 301 -1
0.1 299 690 -1
0.1 689 691 -1
0.1 687 692 -1
0.1 292 693 -1
0.1 291 694 -1
0.1 685 695 -1
0.1 666 696 -1
0.1 305 306 -1
0.1 304 698 -1
0.1 307 308 -1
0.1 700 309 -1
0.1 310 311 -1
0.1 702 312 -1
0.1 701 703 -1
0.1 704 313 -1
0.1 699 705 -1
0.1 317 318 -1
0.1 316 707 -1
0.1 315 708 -1
0.1 320 321 -1
0.1 322 323 -1
0.1 710 711 -1
0.1 319 712 -1
0.1 713 324 -1
0.1 709 714 -1
0.1 314 715 -1
0.1 706 716 -1
0.1 303 717 -1
0.1 325 326 -1
0.1 719 327 -1
0.1 328 329 -1
0.1 721 330 -1
0.1 331 332 -1
0.1 333 334 -1
0.1 723 724 -1
0.1 722 725 -1
0.1 720 726 -1
0.1 335 336 -1
0.1 337 338 -1
0.1 729 339 -1
0.1 344 345 -1
0.1 343 731 -1
0.1 342 732 -1
0.1 348 349 -1
0.1 347 734 -1
0.1 346 735 -1
0.1 733 736 -1
0.1 737 350 -1
0.1 341 738 -1
0.1 340 739 -1
0.1 740 351 -1
0.1 730 741 -1
0.1 728 742 -1
0.1 743 352 -1
0.1 354 355 -1
0.1 745 356 -1
0.1 357 358 -1
0.1 747 359 -1
0.1 748 360 -1
0.1 746 749 -1
0.1 362 363 -1
0.1 361 751 -1
0.1 750 752 -1
0.1 353 753 -1
0.1 754 364 -1
0.1 744 755 -1
0.1 756 365 -1
0.1 727 757 -1
0.1 718 758 -1
0.1 302 759 -1
0.1 697 760 -1
0.1 646 761 -1
0.1 593 762 -1
0.1 366 367 -1
0.1 369 370 -1
0.1 368 765 -1
0.1 764 766 -1
0.1 763 767 -1
0.1 371 372 -1
0.1 373 374 -1
0.1 375 376 -1
0.1 770 771 -1
0.1 769 772 -1
0.1 377 378 -1
0.1 774 379 -1
0.1 773 775 -1
0.1 380 381 -1
0.1 384 385 -1
0.1 386 387 -1
0.1 779 388 -1
0.1 778 780 -1
0.1 383 781 -1
0.1 390 391 -1
0.1 389 783 -1
0.1 782 784 -1
0.1 382 785 -1
0.1 777 786 -1
0.1 776 787 -1
0.1 392 393 -1
0.1 394 395 -1
0.1 790 396 -1
0.1 397 398 -1
0.1 791 792 -1
0.1 399 400 -1
0.1 793 794 -1
0.1 789 795 -1
0.1 788 796 -1
0.1 768 797 -1
0.1 589 798 -1
