1 0 0 1
1 0 0 1
1 0 0 1
1 0 0 1
1 0 0 1
1 0 0 1
1 0 0 1
1 0 0 1
1 0 0 2
1 0 0 2
1 0 0 3
1 0 0 3
1 0 0 3
1 0 0 3
1 0 0 3
1 0 0 3
1 0 0 3
1 0 0 3
1 0 0 3
1 0 0 3
1 0 0 2
1 0 0 2
1 0 0 2
1 0 0 2
1 0 0 2
1 0 0 2
1 0 0 2
1 0 0 2
1 0 0 1
1 0 0 1
1 0 0 4
1 0 0 4
1 0 0 4
1 0 0 4
1 0 0 4
1 0 0 4
1 0 0 4
1 0 0 4
1 0 0 4
1 0 0 4
1 0 0 5
1 0 0 5
1 0 0 5
1 0 0 5
1 0 0 5
1 0 0 5
1 0 0 5
1 0 0 5
1 0 0 5
1 0 0 5
1 0 0 6
1 0 0 6
1 0 0 6
1 0 0 6
1 0 0 6
1 0 0 6
1 0 0 6
1 0 0 6
1 0 0 6
1 0 0 6
1 0 0 7
1 0 0 7
1 0 0 7
1 0 0 7
1 0 0 7
1 0 0 7
1 0 0 8
1 0 0 8
1 0 0 8
1 0 0 8
1 0 0 8
1 0 0 8
1 0 0 8
1 0 0 8
1 0 0 8
1 0 0 8
1 0 0 9
1 0 0 9
1 0 0 9
1 0 0 9
1 0 0 9
1 0 0 9
1 0 0 9
1 0 0 9
1 0 0 9
1 0 0 9
1 0 0 7
1 0 0 7
1 0 0 7
1 0 0 7
1 0 0 10
1 0 0 10
1 0 0 10
1 0 0 10
1 0 0 10
1 0 0 10
1 0 0 10
1 0 0 10
1 0 0 10
1 0 0 10
0.1 2 3 -1
0.1 1 101 -1
0.1 5 6 -1
0.1 103 7 -1
0.1 4 104 -1
0.1 102 105 -1
0.1 9 10 -1
0.1 11 12 -1
0.1 108 13 -1
0.1 16 17 -1
0.1 15 110 -1
0.1 14 111 -1
0.1 18 19 -1
0.1 112 113 -1
0.1 109 114 -1
0.1 115 20 -1
0.1 21 22 -1
0.1 116 117 -1
0.1 107 118 -1
0.1 23 24 -1
0.1 26 27 -1
0.1 121 28 -1
0.1 25 122 -1
0.1 120 123 -1
0.1 119 124 -1
0.1 125 29 -1
0.1 126 30 -1
0.1 8 127 -1
0.1 32 33 -1
0.1 31 129 -1
0.1 34 35 -1
0.1 130 131 -1
0.1 39 40 -1
0.1 38 133 -1
0.1 37 134 -1
0.1 36 135 -1
0.1 136 41 -1
0.1 132 137 -1
0.1 42 43 -1
0.1 44 45 -1
0.1 46 47 -1
0.1 140 141 -1
0.1 139 142 -1
0.1 48 49 -1
0.1 143 144 -1
0.1 145 50 -1
0.1 138 146 -1
0.1 128 147 -1
0.1 106 148 -1
0.1 53 54 -1
0.1 52 150 -1
0.1 56 57 -1
0.1 55 152 -1
0.1 151 153 -1
0.1 51 154 -1
0.1 59 60 -1
0.1 58 156 -1
0.1 61 62 -1
0.1 63 64 -1
0.1 68 69 -1
0.1 67 160 -1
0.1 71 72 -1
0.1 70 162 -1
0.1 161 163 -1
0.1 73 74 -1
0.1 165 75 -1
0.1 164 166 -1
0.1 167 76 -1
0.1 168 77 -1
0.1 169 78 -1
0.1 170 79 -1
0.1 80 81 -1
0.1 172 82 -1
0.1 171 173 -1
0.1 84 85 -1
0.1 83 175 -1
0.1 176 86 -1
0.1 174 177 -1
0.1 66 178 -1
0.1 65 179 -1
0.1 159 180 -1
0.1 87 88 -1
0.1 181 182 -1
0.1 158 183 -1
0.1 89 90 -1
0.1 184 185 -1
0.1 157 186 -1
0.1 155 187 -1
0.1 91 92 -1
0.1 189 93 -1
0.1 188 190 -1
0.1 191 94 -1
0.1 95 96 -1
0.1 98 99 -1
0.1 97 194 -1
0.1 193 195 -1
0.1 192 196 -1
0.1 197 100 -1
0.1 149 198 -1
