1 0 0 1
1 0 0 1
1 0 0 1
1 0 0 1
1 0 0 1
1 0 0 1
1 0 0 1
1 0 0 2
1 0 0 2
1 0 0 2
1 0 0 3
1 0 0 4
1 0 0 4
1 0 0 4
1 0 0 4
1 0 0 4
1 0 0 4
1 0 0 4
1 0 0 4
1 0 0 4
1 0 0 4
1 0 0 5
1 0 0 5
1 0 0 5
1 0 0 5
1 0 0 5
1 0 0 5
1 0 0 5
1 0 0 5
1 0 0 5
1 0 0 5
1 0 0 3
1 0 0 3
1 0 0 3
1 0 0 3
1 0 0 3
1 0 0 3
1 0 0 3
1 0 0 3
1 0 0 3
1 0 0 2
1 0 0 2
1 0 0 2
1 0 0 2
1 0 0 2
1 0 0 2
1 0 0 2
1 0 0 1
1 0 0 1
1 0 0 1
1 0 0 6
1 0 0 6
1 0 0 6
1 0 0 6
1 0 0 6
1 0 0 6
1 0 0 6
1 0 0 7
1 0 0 7
1 0 0 7
1 0 0 7
1 0 0 7
1 0 0 8
1 0 0 7
1 0 0 7
1 0 0 7
1 0 0 7
1 0 0 7
1 0 0 8
1 0 0 8
1 0 0 8
1 0 0 8
1 0 0 8
1 0 0 8
1 0 0 8
1 0 0 8
1 0 0 8
1 0 0 6
1 0 0 6
1 0 0 9
1 0 0 9
1 0 0 9
1 0 0 9
1 0 0 9
1 0 0 9
1 0 0 9
1 0 0 9
1 0 0 9
1 0 0 9
1 0 0 10
1 0 0 10
1 0 0 10
1 0 0 10
1 0 0 10
1 0 0 10
1 0 0 10
1 0 0 10
1 0 0 10
1 0 0 10
1 0 0 6
0.1 4 5 -1
0.1 3 101 -1
0.1 6 7 -1
0.1 102 103 -1
0.1 8 9 -1
0.1 105 10 -1
0.1 12 13 -1
0.1 107 14 -1
0.1 108 15 -1
0.1 17 18 -1
0.1 20 21 -1
0.1 19 111 -1
0.1 110 112 -1
0.1 16 113 -1
0.1 109 114 -1
0.1 115 22 -1
0.1 116 23 -1
0.1 117 24 -1
0.1 25 26 -1
0.1 119 27 -1
0.1 28 29 -1
0.1 120 121 -1
0.1 30 31 -1
0.1 122 123 -1
0.1 118 124 -1
0.1 11 125 -1
0.1 126 32 -1
0.1 33 34 -1
0.1 127 128 -1
0.1 35 36 -1
0.1 37 38 -1
0.1 130 131 -1
0.1 129 132 -1
0.1 39 40 -1
0.1 133 134 -1
0.1 106 135 -1
0.1 43 44 -1
0.1 42 137 -1
0.1 48 49 -1
0.1 139 50 -1
0.1 47 140 -1
0.1 46 141 -1
0.1 45 142 -1
0.1 138 143 -1
0.1 41 144 -1
0.1 136 145 -1
0.1 104 146 -1
0.1 2 147 -1
0.1 1 148 -1
0.1 52 53 -1
0.1 55 56 -1
0.1 54 151 -1
0.1 150 152 -1
0.1 153 57 -1
0.1 51 154 -1
0.1 58 59 -1
0.1 60 61 -1
0.1 156 157 -1
0.1 158 62 -1
0.1 64 65 -1
0.1 66 67 -1
0.1 161 68 -1
0.1 160 162 -1
0.1 63 163 -1
0.1 159 164 -1
0.1 69 70 -1
0.1 72 73 -1
0.1 71 167 -1
0.1 75 76 -1
0.1 74 169 -1
0.1 168 170 -1
0.1 171 77 -1
0.1 166 172 -1
0.1 165 173 -1
0.1 82 83 -1
0.1 81 175 -1
0.1 80 176 -1
0.1 84 85 -1
0.1 177 178 -1
0.1 86 87 -1
0.1 180 88 -1
0.1 181 89 -1
0.1 179 182 -1
0.1 90 91 -1
0.1 183 184 -1
0.1 92 93 -1
0.1 185 186 -1
0.1 94 95 -1
0.1 96 97 -1
0.1 98 99 -1
0.1 189 190 -1
0.1 188 191 -1
0.1 187 192 -1
0.1 193 100 -1
0.1 79 194 -1
0.1 78 195 -1
0.1 174 196 -1
0.1 155 197 -1
0.1 149 198 -1
