1 0 0 1
1 0 0 1
1 0 0 1
1 0 0 1
1 0 0 1
1 0 0 2
1 0 0 2
1 0 0 2
1 0 0 2
1 0 0 2
1 0 0 2
1 0 0 2
1 0 0 2
1 0 0 2
1 0 0 2
1 0 0 1
1 0 0 1
1 0 0 1
1 0 0 1
1 0 0 1
1 0 0 3
1 0 0 3
1 0 0 4
1 0 0 4
1 0 0 4
1 0 0 4
1 0 0 4
1 0 0 4
1 0 0 4
1 0 0 4
1 0 0 5
1 0 0 5
1 0 0 5
1 0 0 5
1 0 0 5
1 0 0 5
1 0 0 5
1 0 0 5
1 0 0 5
1 0 0 5
1 0 0 4
1 0 0 4
1 0 0 3
1 0 0 3
1 0 0 3
1 0 0 3
1 0 0 3
1 0 0 3
1 0 0 3
1 0 0 3
1 0 0 6
1 0 0 6
1 0 0 6
1 0 0 6
1 0 0 7
1 0 0 7
1 0 0 7
1 0 0 8
1 0 0 8
1 0 0 8
1 0 0 8
1 0 0 8
1 0 0 8
1 0 0 8
1 0 0 9
1 0 0 9
1 0 0 9
1 0 0 9
1 0 0 9
1 0 0 9
1 0 0 9
1 0 0 9
1 0 0 9
1 0 0 9
1 0 0 10
1 0 0 10
1 0 0 10
1 0 0 10
1 0 0 10
1 0 0 10
1 0 0 10
1 0 0 10
1 0 0 10
1 0 0 10
1 0 0 8
1 0 0 8
1 0 0 8
1 0 0 7
1 0 0 7
1 0 0 7
1 0 0 7
1 0 0 7
1 0 0 7
1 0 0 7
1 0 0 6
1 0 0 6
1 0 0 6
1 0 0 6
1 0 0 6
1 0 0 6
0.1 3 4 -1
0.1 8 9 -1
0.1 102 10 -1
0.1 7 103 -1
0.1 6 104 -1
0.1 13 14 -1
0.1 106 15 -1
0.1 12 107 -1
0.1 11 108 -1
0.1 105 109 -1
0.1 5 110 -1
0.1 17 18 -1
0.1 16 112 -1
0.1 111 113 -1
0.1 101 114 -1
0.1 19 20 -1
0.1 115 116 -1
0.1 2 117 -1
0.1 1 118 -1
0.1 21 22 -1
0.1 25 26 -1
0.1 24 121 -1
0.1 23 122 -1
0.1 27 28 -1
0.1 29 30 -1
0.1 33 34 -1
0.1 32 126 -1
0.1 31 127 -1
0.1 35 36 -1
0.1 128 129 -1
0.1 37 38 -1
0.1 131 39 -1
0.1 130 132 -1
0.1 133 40 -1
0.1 41 42 -1
0.1 134 135 -1
0.1 125 136 -1
0.1 124 137 -1
0.1 123 138 -1
0.1 139 43 -1
0.1 120 140 -1
0.1 141 44 -1
0.1 119 142 -1
0.1 47 48 -1
0.1 46 144 -1
0.1 145 49 -1
0.1 45 146 -1
0.1 147 50 -1
0.1 143 148 -1
0.1 52 53 -1
0.1 150 54 -1
0.1 56 57 -1
0.1 58 59 -1
0.1 60 61 -1
0.1 62 63 -1
0.1 65 66 -1
0.1 67 68 -1
0.1 157 69 -1
0.1 158 70 -1
0.1 156 159 -1
0.1 73 74 -1
0.1 72 161 -1
0.1 71 162 -1
0.1 160 163 -1
0.1 164 75 -1
0.1 165 76 -1
0.1 166 77 -1
0.1 78 79 -1
0.1 168 80 -1
0.1 82 83 -1
0.1 170 84 -1
0.1 81 171 -1
0.1 169 172 -1
0.1 167 173 -1
0.1 64 174 -1
0.1 155 175 -1
0.1 176 85 -1
0.1 154 177 -1
0.1 153 178 -1
0.1 86 87 -1
0.1 179 180 -1
0.1 152 181 -1
0.1 55 182 -1
0.1 89 90 -1
0.1 184 91 -1
0.1 93 94 -1
0.1 92 186 -1
0.1 185 187 -1
0.1 88 188 -1
0.1 183 189 -1
0.1 151 190 -1
0.1 96 97 -1
0.1 95 192 -1
0.1 98 99 -1
0.1 193 194 -1
0.1 191 195 -1
0.1 196 100 -1
0.1 51 197 -1
0.1 149 198 -1
