1 0 0 1
1 0 0 1
1 0 0 1
1 0 0 1
1 0 0 1
1 0 0 2
1 0 0 2
1 0 0 2
1 0 0 2
1 0 0 2
1 0 0 2
1 0 0 2
1 0 0 2
1 0 0 3
1 0 0 3
1 0 0 3
1 0 0 4
1 0 0 4
1 0 0 4
1 0 0 4
1 0 0 4
1 0 0 4
1 0 0 4
1 0 0 4
1 0 0 4
1 0 0 4
1 0 0 3
1 0 0 5
1 0 0 5
1 0 0 5
1 0 0 5
1 0 0 5
1 0 0 5
1 0 0 5
1 0 0 5
1 0 0 5
1 0 0 5
1 0 0 3
1 0 0 6
1 0 0 6
1 0 0 6
1 0 0 6
1 0 0 6
1 0 0 6
1 0 0 6
1 0 0 6
1 0 0 6
1 0 0 6
1 0 0 7
1 0 0 7
1 0 0 7
1 0 0 7
1 0 0 7
1 0 0 7
1 0 0 7
1 0 0 7
1 0 0 7
1 0 0 7
1 0 0 3
1 0 0 3
1 0 0 3
1 0 0 3
1 0 0 8
1 0 0 8
1 0 0 8
1 0 0 8
1 0 0 8
1 0 0 8
1 0 0 8
1 0 0 8
1 0 0 8
1 0 0 8
1 0 0 3
1 0 0 1
1 0 0 1
1 0 0 9
1 0 0 2
1 0 0 2
1 0 0 1
1 0 0 9
1 0 0 9
1 0 0 9
1 0 0 9
1 0 0 9
1 0 0 9
1 0 0 9
1 0 0 9
1 0 0 9
1 0 0 1
1 0 0 10
1 0 0 10
1 0 0 10
1 0 0 10
1 0 0 10
1 0 0 10
1 0 0 10
1 0 0 10
1 0 0 10
1 0 0 10
1 0 0 11
1 0 0 11
1 0 0 11
1 0 0 11
1 0 0 11
1 0 0 11
1 0 0 11
1 0 0 11
1 0 0 11
1 0 0 11
1 0 0 1
0.1 2 3 -1
0.1 1 111 -1
0.1 6 7 -1
0.1 9 10 -1
0.1 8 114 -1
0.1 113 115 -1
0.1 11 12 -1
0.1 117 13 -1
0.1 116 118 -1
0.1 5 119 -1
0.1 4 120 -1
0.1 112 121 -1
0.1 14 15 -1
0.1 17 18 -1
0.1 19 20 -1
0.1 22 23 -1
0.1 24 25 -1
0.1 126 127 -1
0.1 21 128 -1
0.1 125 129 -1
0.1 130 26 -1
0.1 124 131 -1
0.1 132 27 -1
0.1 16 133 -1
0.1 28 29 -1
0.1 31 32 -1
0.1 33 34 -1
0.1 136 137 -1
0.1 35 36 -1
0.1 138 139 -1
0.1 140 37 -1
0.1 30 141 -1
0.1 135 142 -1
0.1 39 40 -1
0.1 144 41 -1
0.1 42 43 -1
0.1 145 146 -1
0.1 44 45 -1
0.1 49 50 -1
0.1 51 52 -1
0.1 55 56 -1
0.1 54 151 -1
0.1 53 152 -1
0.1 150 153 -1
0.1 57 58 -1
0.1 154 155 -1
0.1 149 156 -1
0.1 48 157 -1
0.1 47 158 -1
0.1 46 159 -1
0.1 148 160 -1
0.1 147 161 -1
0.1 38 162 -1
0.1 59 60 -1
0.1 163 164 -1
0.1 165 61 -1
0.1 143 166 -1
0.1 134 167 -1
0.1 65 66 -1
0.1 169 67 -1
0.1 64 170 -1
0.1 68 69 -1
0.1 71 72 -1
0.1 70 173 -1
0.1 172 174 -1
0.1 171 175 -1
0.1 63 176 -1
0.1 177 73 -1
0.1 62 178 -1
0.1 168 179 -1
0.1 123 180 -1
0.1 74 75 -1
0.1 181 182 -1
0.1 122 183 -1
0.1 77 78 -1
0.1 76 185 -1
0.1 186 79 -1
0.1 80 81 -1
0.1 82 83 -1
0.1 84 85 -1
0.1 189 190 -1
0.1 188 191 -1
0.1 86 87 -1
0.1 193 88 -1
0.1 192 194 -1
0.1 195 89 -1
0.1 187 196 -1
0.1 90 91 -1
0.1 198 92 -1
0.1 93 94 -1
0.1 199 200 -1
0.1 95 96 -1
0.1 201 202 -1
0.1 97 98 -1
0.1 204 99 -1
0.1 203 205 -1
0.1 104 105 -1
0.1 103 207 -1
0.1 102 208 -1
0.1 101 209 -1
0.1 100 210 -1
0.1 106 107 -1
0.1 211 212 -1
0.1 108 109 -1
0.1 213 214 -1
0.1 206 215 -1
0.1 216 110 -1
0.1 197 217 -1
0.1 184 218 -1
