1 0 0 1
1 0 0 1
1 0 0 1
1 0 0 1
1 0 0 1
1 0 0 1
1 0 0 1
1 0 0 1
1 0 0 1
1 0 0 1
1 0 0 2
1 0 0 2
1 0 0 3
1 0 0 3
1 0 0 3
1 0 0 3
1 0 0 3
1 0 0 3
1 0 0 3
1 0 0 3
1 0 0 3
1 0 0 3
1 0 0 2
1 0 0 2
1 0 0 2
1 0 0 2
1 0 0 4
1 0 0 4
1 0 0 4
1 0 0 4
1 0 0 4
1 0 0 4
1 0 0 4
1 0 0 4
1 0 0 4
1 0 0 4
1 0 0 5
1 0 0 5
1 0 0 5
1 0 0 5
1 0 0 5
1 0 0 5
1 0 0 5
1 0 0 5
1 0 0 5
1 0 0 5
1 0 0 2
1 0 0 6
1 0 0 6
1 0 0 6
1 0 0 6
1 0 0 6
1 0 0 6
1 0 0 6
1 0 0 6
1 0 0 6
1 0 0 6
1 0 0 7
1 0 0 7
1 0 0 7
1 0 0 7
1 0 0 7
1 0 0 8
1 0 0 8
1 0 0 8
1 0 0 8
1 0 0 8
1 0 0 8
1 0 0 8
1 0 0 8
1 0 0 8
1 0 0 8
1 0 0 9
1 0 0 9
1 0 0 9
1 0 0 9
1 0 0 9
1 0 0 9
1 0 0 9
1 0 0 9
1 0 0 9
1 0 0 9
1 0 0 7
1 0 0 7
1 0 0 7
1 0 0 7
1 0 0 7
1 0 0 2
1 0 0 2
1 0 0 2
1 0 0 10
1 0 0 10
1 0 0 10
1 0 0 10
1 0 0 10
1 0 0 10
1 0 0 10
1 0 0 10
1 0 0 10
1 0 0 10
1 0 0 11
1 0 0 11
1 0 0 11
1 0 0 11
1 0 0 11
1 0 0 11
1 0 0 11
1 0 0 11
1 0 0 12
1 0 0 12
1 0 0 12
1 0 0 13
1 0 0 13
1 0 0 13
1 0 0 13
1 0 0 13
1 0 0 13
1 0 0 13
1 0 0 13
1 0 0 13
1 0 0 14
1 0 0 14
1 0 0 14
1 0 0 14
1 0 0 14
1 0 0 14
1 0 0 14
1 0 0 14
1 0 0 14
1 0 0 14
1 0 0 13
1 0 0 15
1 0 0 15
1 0 0 15
1 0 0 15
1 0 0 16
1 0 0 16
1 0 0 16
1 0 0 17
1 0 0 17
1 0 0 17
1 0 0 17
1 0 0 17
1 0 0 17
1 0 0 17
1 0 0 17
1 0 0 17
1 0 0 17
1 0 0 16
1 0 0 16
1 0 0 16
1 0 0 16
1 0 0 16
1 0 0 16
1 0 0 16
1 0 0 15
1 0 0 15
1 0 0 15
1 0 0 15
1 0 0 15
1 0 0 15
1 0 0 12
1 0 0 12
1 0 0 12
1 0 0 12
1 0 0 12
1 0 0 12
1 0 0 12
1 0 0 11
1 0 0 11
1 0 0 18
1 0 0 18
1 0 0 18
1 0 0 18
1 0 0 19
1 0 0 20
1 0 0 20
1 0 0 20
1 0 0 20
1 0 0 20
1 0 0 20
1 0 0 20
1 0 0 20
1 0 0 20
1 0 0 21
1 0 0 21
1 0 0 21
1 0 0 21
1 0 0 21
1 0 0 21
1 0 0 21
1 0 0 21
1 0 0 21
1 0 0 21
1 0 0 22
1 0 0 22
1 0 0 22
1 0 0 22
1 0 0 22
1 0 0 22
1 0 0 22
1 0 0 22
1 0 0 22
1 0 0 22
1 0 0 23
1 0 0 23
1 0 0 23
1 0 0 23
1 0 0 23
1 0 0 23
1 0 0 23
1 0 0 24
1 0 0 24
1 0 0 24
1 0 0 24
1 0 0 24
1 0 0 24
1 0 0 24
1 0 0 24
1 0 0 24
1 0 0 24
1 0 0 23
1 0 0 23
1 0 0 23
1 0 0 20
1 0 0 19
1 0 0 19
1 0 0 19
1 0 0 19
1 0 0 19
1 0 0 19
1 0 0 19
1 0 0 19
1 0 0 19
1 0 0 18
1 0 0 18
1 0 0 18
1 0 0 18
1 0 0 18
1 0 0 18
1 0 0 25
1 0 0 25
1 0 0 25
1 0 0 25
1 0 0 25
1 0 0 25
1 0 0 25
1 0 0 26
1 0 0 26
1 0 0 26
1 0 0 26
1 0 0 26
1 0 0 26
1 0 0 26
1 0 0 26
1 0 0 26
1 0 0 26
1 0 0 27
1 0 0 27
1 0 0 27
1 0 0 27
1 0 0 27
1 0 0 27
1 0 0 27
1 0 0 27
1 0 0 27
1 0 0 27
1 0 0 25
1 0 0 25
1 0 0 25
0.1 2 3 -1
0.1 271 4 -1
0.1 5 6 -1
0.1 273 7 -1
0.1 272 274 -1
0.1 9 10 -1
0.1 8 276 -1
0.1 275 277 -1
0.1 1 278 -1
0.1 11 12 -1
0.1 15 16 -1
0.1 14 281 -1
0.1 17 18 -1
0.1 282 283 -1
0.1 13 284 -1
0.1 20 21 -1
0.1 286 22 -1
0.1 19 287 -1
0.1 285 288 -1
0.1 280 289 -1
0.1 24 25 -1
0.1 23 291 -1
0.1 28 29 -1
0.1 27 293 -1
0.1 31 32 -1
0.1 33 34 -1
0.1 295 296 -1
0.1 35 36 -1
0.1 297 298 -1
0.1 30 299 -1
0.1 294 300 -1
0.1 37 38 -1
0.1 39 40 -1
0.1 302 303 -1
0.1 304 41 -1
0.1 42 43 -1
0.1 44 45 -1
0.1 307 46 -1
0.1 306 308 -1
0.1 305 309 -1
0.1 301 310 -1
0.1 26 311 -1
0.1 292 312 -1
0.1 313 47 -1
0.1 290 314 -1
0.1 49 50 -1
0.1 48 316 -1
0.1 51 52 -1
0.1 53 54 -1
0.1 319 55 -1
0.1 318 320 -1
0.1 56 57 -1
0.1 321 322 -1
0.1 59 60 -1
0.1 58 324 -1
0.1 61 62 -1
0.1 325 326 -1
0.1 323 327 -1
0.1 317 328 -1
0.1 63 64 -1
0.1 66 67 -1
0.1 65 331 -1
0.1 332 68 -1
0.1 330 333 -1
0.1 69 70 -1
0.1 71 72 -1
0.1 335 336 -1
0.1 334 337 -1
0.1 329 338 -1
0.1 75 76 -1
0.1 74 340 -1
0.1 73 341 -1
0.1 79 80 -1
0.1 78 343 -1
0.1 81 82 -1
0.1 344 345 -1
0.1 77 346 -1
0.1 86 87 -1
0.1 85 348 -1
0.1 84 349 -1
0.1 83 350 -1
0.1 347 351 -1
0.1 342 352 -1
0.1 88 89 -1
0.1 353 354 -1
0.1 339 355 -1
0.1 91 92 -1
0.1 93 94 -1
0.1 96 97 -1
0.1 95 359 -1
0.1 358 360 -1
0.1 361 98 -1
0.1 99 100 -1
0.1 362 363 -1
0.1 357 364 -1
0.1 90 365 -1
0.1 356 366 -1
0.1 315 367 -1
0.1 103 104 -1
0.1 102 369 -1
0.1 106 107 -1
0.1 105 371 -1
0.1 372 108 -1
0.1 370 373 -1
0.1 101 374 -1
0.1 110 111 -1
0.1 113 114 -1
0.1 377 115 -1
0.1 117 118 -1
0.1 116 379 -1
0.1 378 380 -1
0.1 119 120 -1
0.1 121 122 -1
0.1 125 126 -1
0.1 124 384 -1
0.1 123 385 -1
0.1 386 127 -1
0.1 129 130 -1
0.1 128 388 -1
0.1 387 389 -1
0.1 383 390 -1
0.1 391 131 -1
0.1 382 392 -1
0.1 381 393 -1
0.1 112 394 -1
0.1 132 133 -1
0.1 396 134 -1
0.1 397 135 -1
0.1 139 140 -1
0.1 142 143 -1
0.1 144 145 -1
0.1 147 148 -1
0.1 146 402 -1
0.1 401 403 -1
0.1 400 404 -1
0.1 141 405 -1
0.1 399 406 -1
0.1 149 150 -1
0.1 407 408 -1
0.1 138 409 -1
0.1 410 151 -1
0.1 137 411 -1
0.1 153 154 -1
0.1 413 155 -1
0.1 152 414 -1
0.1 412 415 -1
0.1 136 416 -1
0.1 398 417 -1
0.1 158 159 -1
0.1 157 419 -1
0.1 156 420 -1
0.1 160 161 -1
0.1 421 422 -1
0.1 418 423 -1
0.1 395 424 -1
0.1 376 425 -1
0.1 109 426 -1
0.1 163 164 -1
0.1 162 428 -1
0.1 427 429 -1
0.1 166 167 -1
0.1 165 431 -1
0.1 430 432 -1
0.1 433 168 -1
0.1 169 170 -1
0.1 434 435 -1
0.1 375 436 -1
0.1 368 437 -1
0.1 279 438 -1
0.1 439 171 -1
0.1 173 174 -1
0.1 172 441 -1
0.1 440 442 -1
0.1 176 177 -1
0.1 179 180 -1
0.1 178 445 -1
0.1 444 446 -1
0.1 181 182 -1
0.1 448 183 -1
0.1 185 186 -1
0.1 450 187 -1
0.1 188 189 -1
0.1 452 190 -1
0.1 451 453 -1
0.1 192 193 -1
0.1 455 194 -1
0.1 191 456 -1
0.1 454 457 -1
0.1 195 196 -1
0.1 459 197 -1
0.1 200 201 -1
0.1 461 202 -1
0.1 199 462 -1
0.1 463 203 -1
0.1 198 464 -1
0.1 465 204 -1
0.1 460 466 -1
0.1 458 467 -1
0.1 207 208 -1
0.1 469 209 -1
0.1 206 470 -1
0.1 205 471 -1
0.1 472 210 -1
0.1 212 213 -1
0.1 214 215 -1
0.1 475 216 -1
0.1 476 217 -1
0.1 477 218 -1
0.1 474 478 -1
0.1 219 220 -1
0.1 480 221 -1
0.1 479 481 -1
0.1 211 482 -1
0.1 222 223 -1
0.1 483 484 -1
0.1 485 224 -1
0.1 473 486 -1
0.1 468 487 -1
0.1 184 488 -1
0.1 489 225 -1
0.1 449 490 -1
0.1 447 491 -1
0.1 175 492 -1
0.1 226 227 -1
0.1 228 229 -1
0.1 494 495 -1
0.1 493 496 -1
0.1 231 232 -1
0.1 233 234 -1
0.1 498 499 -1
0.1 230 500 -1
0.1 497 501 -1
0.1 235 236 -1
0.1 237 238 -1
0.1 503 504 -1
0.1 505 239 -1
0.1 506 240 -1
0.1 241 242 -1
0.1 243 244 -1
0.1 245 246 -1
0.1 509 510 -1
0.1 511 247 -1
0.1 508 512 -1
0.1 248 249 -1
0.1 514 250 -1
0.1 253 254 -1
0.1 252 516 -1
0.1 251 517 -1
0.1 515 518 -1
0.1 256 257 -1
0.1 255 520 -1
0.1 519 521 -1
0.1 258 259 -1
0.1 260 261 -1
0.1 523 524 -1
0.1 522 525 -1
0.1 262 263 -1
0.1 526 527 -1
0.1 266 267 -1
0.1 265 529 -1
0.1 264 530 -1
0.1 528 531 -1
0.1 268 269 -1
0.1 532 533 -1
0.1 534 270 -1
0.1 513 535 -1
0.1 507 536 -1
0.1 502 537 -1
0.1 443 538 -1
