1 0 0 1
1 0 0 1
1 0 0 2
1 0 0 3
1 0 0 3
1 0 0 3
1 0 0 3
1 0 0 3
1 0 0 3
1 0 0 3
1 0 0 3
1 0 0 3
1 0 0 3
1 0 0 2
1 0 0 2
1 0 0 2
1 0 0 2
1 0 0 2
1 0 0 2
1 0 0 2
1 0 0 2
1 0 0 2
1 0 0 4
1 0 0 5
1 0 0 5
1 0 0 5
1 0 0 5
1 0 0 5
1 0 0 5
1 0 0 5
1 0 0 5
1 0 0 6
1 0 0 6
1 0 0 6
1 0 0 6
1 0 0 6
1 0 0 6
1 0 0 6
1 0 0 6
1 0 0 6
1 0 0 6
1 0 0 5
1 0 0 5
1 0 0 7
1 0 0 7
1 0 0 7
1 0 0 7
1 0 0 7
1 0 0 7
1 0 0 7
1 0 0 7
1 0 0 7
1 0 0 7
1 0 0 4
1 0 0 4
1 0 0 4
1 0 0 4
1 0 0 4
1 0 0 4
1 0 0 4
1 0 0 4
1 0 0 4
1 0 0 1
1 0 0 1
1 0 0 1
1 0 0 1
1 0 0 1
1 0 0 1
1 0 0 8
1 0 0 8
1 0 0 8
1 0 0 8
1 0 0 8
1 0 0 9
1 0 0 9
1 0 0 9
1 0 0 9
1 0 0 9
1 0 0 9
1 0 0 9
1 0 0 9
1 0 0 9
1 0 0 9
1 0 0 8
1 0 0 8
1 0 0 8
1 0 0 8
1 0 0 8
1 0 0 10
1 0 0 10
1 0 0 10
1 0 0 10
1 0 0 10
1 0 0 10
1 0 0 10
1 0 0 10
1 0 0 10
1 0 0 10
1 0 0 11
1 0 0 11
1 0 0 11
1 0 0 11
1 0 0 11
1 0 0 11
1 0 0 11
1 0 0 12
1 0 0 12
1 0 0 12
1 0 0 12
1 0 0 12
1 0 0 12
1 0 0 12
1 0 0 12
1 0 0 12
1 0 0 12
1 0 0 11
1 0 0 11
1 0 0 11
1 0 0 1
1 0 0 1
0.1 8 9 -1
0.1 7 121 -1
0.1 6 122 -1
0.1 5 123 -1
0.1 4 124 -1
0.1 10 11 -1
0.1 12 13 -1
0.1 126 127 -1
0.1 125 128 -1
0.1 3 129 -1
0.1 14 15 -1
0.1 16 17 -1
0.1 19 20 -1
0.1 18 133 -1
0.1 132 134 -1
0.1 131 135 -1
0.1 21 22 -1
0.1 136 137 -1
0.1 130 138 -1
0.1 24 25 -1
0.1 140 26 -1
0.1 29 30 -1
0.1 28 142 -1
0.1 27 143 -1
0.1 33 34 -1
0.1 32 145 -1
0.1 35 36 -1
0.1 37 38 -1
0.1 147 148 -1
0.1 39 40 -1
0.1 150 41 -1
0.1 149 151 -1
0.1 146 152 -1
0.1 31 153 -1
0.1 144 154 -1
0.1 141 155 -1
0.1 45 46 -1
0.1 157 47 -1
0.1 158 48 -1
0.1 49 50 -1
0.1 159 160 -1
0.1 44 161 -1
0.1 51 52 -1
0.1 162 163 -1
0.1 164 53 -1
0.1 43 165 -1
0.1 42 166 -1
0.1 156 167 -1
0.1 23 168 -1
0.1 54 55 -1
0.1 56 57 -1
0.1 170 171 -1
0.1 59 60 -1
0.1 61 62 -1
0.1 173 174 -1
0.1 58 175 -1
0.1 172 176 -1
0.1 169 177 -1
0.1 139 178 -1
0.1 2 179 -1
0.1 1 180 -1
0.1 65 66 -1
0.1 64 182 -1
0.1 63 183 -1
0.1 67 68 -1
0.1 70 71 -1
0.1 69 186 -1
0.1 72 73 -1
0.1 75 76 -1
0.1 77 78 -1
0.1 189 190 -1
0.1 191 79 -1
0.1 80 81 -1
0.1 82 83 -1
0.1 193 194 -1
0.1 192 195 -1
0.1 74 196 -1
0.1 197 84 -1
0.1 188 198 -1
0.1 86 87 -1
0.1 85 200 -1
0.1 201 88 -1
0.1 199 202 -1
0.1 187 203 -1
0.1 90 91 -1
0.1 205 92 -1
0.1 89 206 -1
0.1 93 94 -1
0.1 96 97 -1
0.1 95 209 -1
0.1 208 210 -1
0.1 207 211 -1
0.1 212 98 -1
0.1 102 103 -1
0.1 101 214 -1
0.1 100 215 -1
0.1 108 109 -1
0.1 217 110 -1
0.1 107 218 -1
0.1 106 219 -1
0.1 112 113 -1
0.1 114 115 -1
0.1 221 222 -1
0.1 111 223 -1
0.1 220 224 -1
0.1 225 116 -1
0.1 105 226 -1
0.1 104 227 -1
0.1 216 228 -1
0.1 229 117 -1
0.1 230 118 -1
0.1 99 231 -1
0.1 213 232 -1
0.1 204 233 -1
0.1 234 119 -1
0.1 185 235 -1
0.1 236 120 -1
0.1 184 237 -1
0.1 181 238 -1
