1 0 0 1
1 0 0 2
1 0 0 2
1 0 0 2
1 0 0 2
1 0 0 3
1 0 0 3
1 0 0 3
1 0 0 3
1 0 0 3
1 0 0 3
1 0 0 3
1 0 0 3
1 0 0 3
1 0 0 3
1 0 0 2
1 0 0 2
1 0 0 2
1 0 0 2
1 0 0 2
1 0 0 4
1 0 0 4
1 0 0 4
1 0 0 4
1 0 0 4
1 0 0 4
1 0 0 4
1 0 0 4
1 0 0 4
1 0 0 4
1 0 0 2
1 0 0 5
1 0 0 5
1 0 0 5
1 0 0 5
1 0 0 5
1 0 0 5
1 0 0 5
1 0 0 5
1 0 0 5
1 0 0 5
1 0 0 6
1 0 0 6
1 0 0 6
1 0 0 6
1 0 0 6
1 0 0 6
1 0 0 6
1 0 0 6
1 0 0 6
1 0 0 7
1 0 0 7
1 0 0 7
1 0 0 7
1 0 0 7
1 0 0 7
1 0 0 7
1 0 0 7
1 0 0 7
1 0 0 7
1 0 0 6
1 0 0 1
1 0 0 1
1 0 0 1
1 0 0 1
1 0 0 1
1 0 0 8
1 0 0 8
1 0 0 8
1 0 0 8
1 0 0 8
1 0 0 8
1 0 0 8
1 0 0 8
1 0 0 8
1 0 0 8
1 0 0 9
1 0 0 9
1 0 0 9
1 0 0 9
1 0 0 9
1 0 0 9
1 0 0 9
1 0 0 9
1 0 0 9
1 0 0 9
1 0 0 10
1 0 0 10
1 0 0 10
1 0 0 10
1 0 0 10
1 0 0 10
1 0 0 10
1 0 0 10
1 0 0 10
1 0 0 11
1 0 0 11
1 0 0 11
1 0 0 11
1 0 0 11
1 0 0 11
1 0 0 11
1 0 0 11
1 0 0 11
1 0 0 11
1 0 0 10
1 0 0 12
1 0 0 12
1 0 0 12
1 0 0 12
1 0 0 12
1 0 0 12
1 0 0 12
1 0 0 12
1 0 0 12
1 0 0 12
1 0 0 1
1 0 0 1
1 0 0 1
1 0 0 1
0.1 3 4 -1
0.1 2 121 -1
0.1 122 5 -1
0.1 7 8 -1
0.1 6 124 -1
0.1 10 11 -1
0.1 12 13 -1
0.1 126 127 -1
0.1 14 15 -1
0.1 128 129 -1
0.1 9 130 -1
0.1 125 131 -1
0.1 123 132 -1
0.1 17 18 -1
0.1 16 134 -1
0.1 133 135 -1
0.1 136 19 -1
0.1 21 22 -1
0.1 24 25 -1
0.1 27 28 -1
0.1 26 140 -1
0.1 141 29 -1
0.1 139 142 -1
0.1 23 143 -1
0.1 144 30 -1
0.1 138 145 -1
0.1 146 31 -1
0.1 20 147 -1
0.1 137 148 -1
0.1 32 33 -1
0.1 150 34 -1
0.1 35 36 -1
0.1 151 152 -1
0.1 37 38 -1
0.1 39 40 -1
0.1 154 155 -1
0.1 153 156 -1
0.1 157 41 -1
0.1 42 43 -1
0.1 45 46 -1
0.1 44 160 -1
0.1 47 48 -1
0.1 161 162 -1
0.1 49 50 -1
0.1 163 164 -1
0.1 51 52 -1
0.1 53 54 -1
0.1 166 167 -1
0.1 58 59 -1
0.1 57 169 -1
0.1 56 170 -1
0.1 55 171 -1
0.1 172 60 -1
0.1 168 173 -1
0.1 174 61 -1
0.1 165 175 -1
0.1 159 176 -1
0.1 158 177 -1
0.1 149 178 -1
0.1 1 179 -1
0.1 64 65 -1
0.1 63 181 -1
0.1 62 182 -1
0.1 68 69 -1
0.1 184 70 -1
0.1 185 71 -1
0.1 72 73 -1
0.1 187 74 -1
0.1 186 188 -1
0.1 189 75 -1
0.1 190 76 -1
0.1 67 191 -1
0.1 80 81 -1
0.1 79 193 -1
0.1 78 194 -1
0.1 77 195 -1
0.1 82 83 -1
0.1 84 85 -1
0.1 197 198 -1
0.1 199 86 -1
0.1 196 200 -1
0.1 192 201 -1
0.1 87 88 -1
0.1 203 89 -1
0.1 91 92 -1
0.1 90 205 -1
0.1 93 94 -1
0.1 97 98 -1
0.1 99 100 -1
0.1 208 209 -1
0.1 102 103 -1
0.1 101 211 -1
0.1 104 105 -1
0.1 212 213 -1
0.1 210 214 -1
0.1 96 215 -1
0.1 95 216 -1
0.1 207 217 -1
0.1 218 106 -1
0.1 206 219 -1
0.1 204 220 -1
0.1 107 108 -1
0.1 109 110 -1
0.1 223 111 -1
0.1 222 224 -1
0.1 114 115 -1
0.1 113 226 -1
0.1 112 227 -1
0.1 225 228 -1
0.1 229 116 -1
0.1 221 230 -1
0.1 202 231 -1
0.1 66 232 -1
0.1 183 233 -1
0.1 118 119 -1
0.1 117 235 -1
0.1 236 120 -1
0.1 234 237 -1
0.1 180 238 -1
