1 0 0 1
1 0 0 1
1 0 0 1
1 0 0 2
1 0 0 1
1 0 0 1
1 0 0 1
1 0 0 3
1 0 0 3
1 0 0 3
1 0 0 3
1 0 0 3
1 0 0 4
1 0 0 4
1 0 0 4
1 0 0 4
1 0 0 4
1 0 0 4
1 0 0 4
1 0 0 4
1 0 0 4
1 0 0 4
1 0 0 3
1 0 0 3
1 0 0 3
1 0 0 3
1 0 0 5
1 0 0 5
1 0 0 6
1 0 0 6
1 0 0 6
1 0 0 6
1 0 0 6
1 0 0 6
1 0 0 6
1 0 0 6
1 0 0 6
1 0 0 6
1 0 0 5
1 0 0 7
1 0 0 5
1 0 0 5
1 0 0 8
1 0 0 8
1 0 0 8
1 0 0 7
1 0 0 8
1 0 0 8
1 0 0 8
1 0 0 8
1 0 0 8
1 0 0 8
1 0 0 8
1 0 0 5
1 0 0 5
1 0 0 5
1 0 0 5
1 0 0 9
1 0 0 9
1 0 0 9
1 0 0 9
1 0 0 9
1 0 0 9
1 0 0 10
1 0 0 10
1 0 0 10
1 0 0 10
1 0 0 10
1 0 0 10
1 0 0 10
1 0 0 10
1 0 0 10
1 0 0 10
1 0 0 3
1 0 0 9
1 0 0 9
1 0 0 9
1 0 0 9
1 0 0 5
1 0 0 11
1 0 0 11
1 0 0 7
1 0 0 7
1 0 0 11
1 0 0 11
1 0 0 12
1 0 0 12
1 0 0 13
1 0 0 13
1 0 0 13
1 0 0 13
1 0 0 13
1 0 0 13
1 0 0 13
1 0 0 13
1 0 0 13
1 0 0 13
1 0 0 12
1 0 0 12
1 0 0 12
1 0 0 12
1 0 0 12
1 0 0 12
1 0 0 12
1 0 0 12
1 0 0 14
1 0 0 14
1 0 0 15
1 0 0 15
1 0 0 15
1 0 0 16
1 0 0 16
1 0 0 16
1 0 0 16
1 0 0 16
1 0 0 16
1 0 0 16
1 0 0 16
1 0 0 16
1 0 0 16
1 0 0 15
1 0 0 15
1 0 0 15
1 0 0 14
1 0 0 14
1 0 0 14
1 0 0 14
1 0 0 14
1 0 0 14
1 0 0 14
1 0 0 14
1 0 0 11
1 0 0 11
1 0 0 11
1 0 0 11
1 0 0 11
1 0 0 11
1 0 0 1
1 0 0 1
1 0 0 1
1 0 0 1
1 0 0 17
1 0 0 17
1 0 0 17
1 0 0 17
1 0 0 17
1 0 0 18
1 0 0 18
1 0 0 18
1 0 0 18
1 0 0 18
1 0 0 17
1 0 0 19
1 0 0 19
1 0 0 19
1 0 0 17
1 0 0 19
1 0 0 19
1 0 0 19
1 0 0 19
1 0 0 19
1 0 0 19
1 0 0 19
1 0 0 18
1 0 0 18
1 0 0 18
1 0 0 18
1 0 0 18
1 0 0 7
1 0 0 7
1 0 0 7
1 0 0 17
1 0 0 17
1 0 0 17
1 0 0 20
1 0 0 21
1 0 0 21
1 0 0 21
1 0 0 21
1 0 0 21
1 0 0 21
1 0 0 21
1 0 0 20
1 0 0 21
1 0 0 21
1 0 0 20
1 0 0 21
1 0 0 22
1 0 0 22
1 0 0 22
1 0 0 23
1 0 0 23
1 0 0 23
1 0 0 23
1 0 0 23
1 0 0 7
1 0 0 23
1 0 0 23
1 0 0 23
1 0 0 23
1 0 0 23
1 0 0 22
1 0 0 22
1 0 0 22
1 0 0 22
1 0 0 22
1 0 0 22
1 0 0 22
1 0 0 20
1 0 0 20
1 0 0 20
1 0 0 20
1 0 0 20
1 0 0 20
1 0 0 20
1 0 0 24
1 0 0 25
1 0 0 25
1 0 0 25
1 0 0 2
1 0 0 2
1 0 0 25
1 0 0 25
1 0 0 25
1 0 0 25
1 0 0 25
1 0 0 25
1 0 0 25
1 0 0 24
1 0 0 26
1 0 0 26
1 0 0 26
1 0 0 15
1 0 0 26
1 0 0 26
1 0 0 26
1 0 0 26
1 0 0 26
1 0 0 26
1 0 0 26
1 0 0 24
1 0 0 24
1 0 0 24
1 0 0 15
1 0 0 15
1 0 0 15
1 0 0 24
1 0 0 27
1 0 0 27
1 0 0 27
1 0 0 27
1 0 0 27
1 0 0 27
1 0 0 27
1 0 0 2
1 0 0 2
1 0 0 2
1 0 0 28
1 0 0 28
1 0 0 28
1 0 0 28
1 0 0 28
1 0 0 28
1 0 0 28
1 0 0 28
1 0 0 28
1 0 0 28
1 0 0 27
1 0 0 27
1 0 0 27
1 0 0 29
1 0 0 29
1 0 0 29
1 0 0 29
1 0 0 29
1 0 0 29
1 0 0 30
1 0 0 30
1 0 0 31
1 0 0 31
1 0 0 31
1 0 0 31
1 0 0 29
1 0 0 29
1 0 0 31
1 0 0 31
1 0 0 31
1 0 0 31
1 0 0 31
1 0 0 31
1 0 0 30
1 0 0 30
1 0 0 30
1 0 0 30
1 0 0 30
1 0 0 32
1 0 0 32
1 0 0 32
1 0 0 32
1 0 0 32
1 0 0 32
1 0 0 32
1 0 0 33
1 0 0 33
1 0 0 33
1 0 0 33
1 0 0 33
1 0 0 33
1 0 0 33
1 0 0 33
1 0 0 33
1 0 0 33
1 0 0 32
1 0 0 32
1 0 0 32
1 0 0 30
1 0 0 30
1 0 0 30
1 0 0 29
1 0 0 29
1 0 0 2
1 0 0 2
1 0 0 2
1 0 0 2
1 0 0 7
1 0 0 7
1 0 0 24
1 0 0 24
1 0 0 24
1 0 0 24
0.1 2 3 -1
0.1 1 331 -1
0.1 4 5 -1
0.1 333 6 -1
0.1 334 7 -1
0.1 332 335 -1
0.1 8 9 -1
0.1 10 11 -1
0.1 338 12 -1
0.1 14 15 -1
0.1 13 340 -1
0.1 18 19 -1
0.1 20 21 -1
0.1 342 343 -1
0.1 17 344 -1
0.1 16 345 -1
0.1 341 346 -1
0.1 347 22 -1
0.1 339 348 -1
0.1 24 25 -1
0.1 23 350 -1
0.1 349 351 -1
0.1 337 352 -1
0.1 353 26 -1
0.1 354 27 -1
0.1 31 32 -1
0.1 33 34 -1
0.1 357 35 -1
0.1 356 358 -1
0.1 30 359 -1
0.1 29 360 -1
0.1 36 37 -1
0.1 362 38 -1
0.1 361 363 -1
0.1 28 364 -1
0.1 365 39 -1
0.1 40 41 -1
0.1 366 367 -1
0.1 47 48 -1
0.1 46 369 -1
0.1 49 50 -1
0.1 370 371 -1
0.1 45 372 -1
0.1 373 51 -1
0.1 44 374 -1
0.1 375 52 -1
0.1 376 53 -1
0.1 43 377 -1
0.1 42 378 -1
0.1 54 55 -1
0.1 62 63 -1
0.1 61 381 -1
0.1 60 382 -1
0.1 64 65 -1
0.1 67 68 -1
0.1 66 385 -1
0.1 69 70 -1
0.1 72 73 -1
0.1 71 388 -1
0.1 387 389 -1
0.1 386 390 -1
0.1 384 391 -1
0.1 383 392 -1
0.1 74 75 -1
0.1 394 76 -1
0.1 77 78 -1
0.1 395 396 -1
0.1 393 397 -1
0.1 59 398 -1
0.1 58 399 -1
0.1 57 400 -1
0.1 56 401 -1
0.1 380 402 -1
0.1 379 403 -1
0.1 368 404 -1
0.1 82 83 -1
0.1 406 84 -1
0.1 81 407 -1
0.1 86 87 -1
0.1 90 91 -1
0.1 95 96 -1
0.1 94 411 -1
0.1 93 412 -1
0.1 92 413 -1
0.1 410 414 -1
0.1 415 97 -1
0.1 89 416 -1
0.1 88 417 -1
0.1 409 418 -1
0.1 98 99 -1
0.1 419 420 -1
0.1 103 104 -1
0.1 102 422 -1
0.1 101 423 -1
0.1 424 105 -1
0.1 100 425 -1
0.1 421 426 -1
0.1 427 106 -1
0.1 428 107 -1
0.1 109 110 -1
0.1 108 430 -1
0.1 111 112 -1
0.1 113 114 -1
0.1 432 433 -1
0.1 117 118 -1
0.1 116 435 -1
0.1 119 120 -1
0.1 436 437 -1
0.1 115 438 -1
0.1 434 439 -1
0.1 122 123 -1
0.1 121 441 -1
0.1 440 442 -1
0.1 431 443 -1
0.1 125 126 -1
0.1 124 445 -1
0.1 446 127 -1
0.1 447 128 -1
0.1 448 129 -1
0.1 130 131 -1
0.1 449 450 -1
0.1 444 451 -1
0.1 429 452 -1
0.1 132 133 -1
0.1 454 134 -1
0.1 135 136 -1
0.1 455 456 -1
0.1 453 457 -1
0.1 85 458 -1
0.1 408 459 -1
0.1 460 137 -1
0.1 80 461 -1
0.1 79 462 -1
0.1 405 463 -1
0.1 355 464 -1
0.1 139 140 -1
0.1 466 141 -1
0.1 138 467 -1
0.1 465 468 -1
0.1 336 469 -1
0.1 142 143 -1
0.1 144 145 -1
0.1 471 472 -1
0.1 149 150 -1
0.1 148 474 -1
0.1 152 153 -1
0.1 158 159 -1
0.1 157 477 -1
0.1 156 478 -1
0.1 161 162 -1
0.1 160 480 -1
0.1 479 481 -1
0.1 482 163 -1
0.1 155 483 -1
0.1 154 484 -1
0.1 476 485 -1
0.1 165 166 -1
0.1 164 487 -1
0.1 486 488 -1
0.1 151 489 -1
0.1 475 490 -1
0.1 147 491 -1
0.1 167 168 -1
0.1 492 493 -1
0.1 146 494 -1
0.1 473 495 -1
0.1 170 171 -1
0.1 169 497 -1
0.1 496 498 -1
0.1 173 174 -1
0.1 172 500 -1
0.1 499 501 -1
0.1 176 177 -1
0.1 503 178 -1
0.1 504 179 -1
0.1 181 182 -1
0.1 180 506 -1
0.1 183 184 -1
0.1 186 187 -1
0.1 185 509 -1
0.1 189 190 -1
0.1 192 193 -1
0.1 194 195 -1
0.1 197 198 -1
0.1 196 514 -1
0.1 200 201 -1
0.1 199 516 -1
0.1 515 517 -1
0.1 513 518 -1
0.1 512 519 -1
0.1 203 204 -1
0.1 205 206 -1
0.1 522 207 -1
0.1 523 208 -1
0.1 521 524 -1
0.1 202 525 -1
0.1 520 526 -1
0.1 191 527 -1
0.1 511 528 -1
0.1 188 529 -1
0.1 510 530 -1
0.1 508 531 -1
0.1 507 532 -1
0.1 505 533 -1
0.1 209 210 -1
0.1 211 212 -1
0.1 536 213 -1
0.1 535 537 -1
0.1 534 538 -1
0.1 175 539 -1
0.1 214 215 -1
0.1 540 541 -1
0.1 217 218 -1
0.1 220 221 -1
0.1 544 222 -1
0.1 545 223 -1
0.1 219 546 -1
0.1 547 224 -1
0.1 548 225 -1
0.1 549 226 -1
0.1 227 228 -1
0.1 550 551 -1
0.1 543 552 -1
0.1 230 231 -1
0.1 233 234 -1
0.1 232 555 -1
0.1 556 235 -1
0.1 236 237 -1
0.1 238 239 -1
0.1 558 559 -1
0.1 560 240 -1
0.1 557 561 -1
0.1 554 562 -1
0.1 244 245 -1
0.1 564 246 -1
0.1 565 247 -1
0.1 243 566 -1
0.1 242 567 -1
0.1 241 568 -1
0.1 563 569 -1
0.1 229 570 -1
0.1 553 571 -1
0.1 216 572 -1
0.1 542 573 -1
0.1 248 249 -1
0.1 251 252 -1
0.1 253 254 -1
0.1 576 577 -1
0.1 250 578 -1
0.1 575 579 -1
0.1 574 580 -1
0.1 502 581 -1
0.1 260 261 -1
0.1 263 264 -1
0.1 265 266 -1
0.1 584 585 -1
0.1 586 267 -1
0.1 262 587 -1
0.1 583 588 -1
0.1 259 589 -1
0.1 258 590 -1
0.1 257 591 -1
0.1 256 592 -1
0.1 255 593 -1
0.1 582 594 -1
0.1 470 595 -1
0.1 269 270 -1
0.1 268 597 -1
0.1 272 273 -1
0.1 599 274 -1
0.1 275 276 -1
0.1 600 601 -1
0.1 271 602 -1
0.1 281 282 -1
0.1 283 284 -1
0.1 605 285 -1
0.1 604 606 -1
0.1 280 607 -1
0.1 286 287 -1
0.1 608 609 -1
0.1 610 288 -1
0.1 279 611 -1
0.1 612 289 -1
0.1 613 290 -1
0.1 278 614 -1
0.1 615 291 -1
0.1 277 616 -1
0.1 292 293 -1
0.1 617 618 -1
0.1 294 295 -1
0.1 619 620 -1
0.1 300 301 -1
0.1 299 622 -1
0.1 298 623 -1
0.1 624 302 -1
0.1 297 625 -1
0.1 296 626 -1
0.1 304 305 -1
0.1 307 308 -1
0.1 306 629 -1
0.1 630 309 -1
0.1 628 631 -1
0.1 303 632 -1
0.1 633 310 -1
0.1 311 312 -1
0.1 634 635 -1
0.1 627 636 -1
0.1 314 315 -1
0.1 313 638 -1
0.1 637 639 -1
0.1 640 316 -1
0.1 641 317 -1
0.1 642 318 -1
0.1 621 643 -1
0.1 603 644 -1
0.1 319 320 -1
0.1 645 646 -1
0.1 322 323 -1
0.1 321 648 -1
0.1 647 649 -1
0.1 598 650 -1
0.1 651 324 -1
0.1 325 326 -1
0.1 653 327 -1
0.1 328 329 -1
0.1 654 655 -1
0.1 656 330 -1
0.1 652 657 -1
0.1 596 658 -1
