1 0 0 1
1 0 0 1
1 0 0 1
1 0 0 1
1 0 0 1
1 0 0 1
1 0 0 1
1 0 0 2
1 0 0 2
1 0 0 2
1 0 0 2
1 0 0 2
1 0 0 2
1 0 0 2
1 0 0 2
1 0 0 2
1 0 0 2
1 0 0 1
1 0 0 1
1 0 0 1
1 0 0 3
1 0 0 3
1 0 0 3
1 0 0 3
1 0 0 3
1 0 0 4
1 0 0 4
1 0 0 4
1 0 0 4
1 0 0 4
1 0 0 4
1 0 0 4
1 0 0 4
1 0 0 4
1 0 0 4
1 0 0 5
1 0 0 5
1 0 0 5
1 0 0 5
1 0 0 5
1 0 0 5
1 0 0 5
1 0 0 5
1 0 0 5
1 0 0 5
1 0 0 6
1 0 0 6
1 0 0 6
1 0 0 6
1 0 0 6
1 0 0 6
1 0 0 6
1 0 0 6
1 0 0 6
1 0 0 6
1 0 0 7
1 0 0 7
1 0 0 7
1 0 0 7
1 0 0 7
1 0 0 7
1 0 0 7
1 0 0 8
1 0 0 8
1 0 0 8
1 0 0 8
1 0 0 8
1 0 0 8
1 0 0 8
1 0 0 8
1 0 0 8
1 0 0 8
1 0 0 7
1 0 0 7
1 0 0 7
1 0 0 9
1 0 0 9
1 0 0 9
1 0 0 9
1 0 0 9
1 0 0 9
1 0 0 9
1 0 0 9
1 0 0 9
1 0 0 9
1 0 0 3
1 0 0 3
1 0 0 3
1 0 0 3
1 0 0 3
1 0 0 10
1 0 0 10
1 0 0 10
1 0 0 10
1 0 0 10
1 0 0 11
1 0 0 11
1 0 0 11
1 0 0 11
1 0 0 11
1 0 0 11
1 0 0 11
1 0 0 11
1 0 0 12
1 0 0 12
1 0 0 12
1 0 0 12
1 0 0 12
1 0 0 12
1 0 0 12
1 0 0 12
1 0 0 12
1 0 0 12
1 0 0 13
1 0 0 13
1 0 0 13
1 0 0 13
1 0 0 13
1 0 0 13
1 0 0 13
1 0 0 13
1 0 0 13
1 0 0 13
1 0 0 11
1 0 0 11
1 0 0 10
1 0 0 10
1 0 0 10
1 0 0 14
1 0 0 14
1 0 0 14
1 0 0 14
1 0 0 14
1 0 0 14
1 0 0 14
1 0 0 14
1 0 0 14
1 0 0 14
1 0 0 15
1 0 0 15
1 0 0 15
1 0 0 15
1 0 0 15
1 0 0 15
1 0 0 15
1 0 0 15
1 0 0 15
1 0 0 15
1 0 0 10
1 0 0 10
1 0 0 16
1 0 0 16
1 0 0 17
1 0 0 17
1 0 0 17
1 0 0 17
1 0 0 17
1 0 0 17
1 0 0 17
1 0 0 17
1 0 0 17
1 0 0 17
1 0 0 16
1 0 0 16
1 0 0 16
1 0 0 16
1 0 0 16
1 0 0 16
1 0 0 18
1 0 0 18
1 0 0 18
1 0 0 18
1 0 0 18
1 0 0 18
1 0 0 18
1 0 0 18
1 0 0 18
1 0 0 18
1 0 0 19
1 0 0 19
1 0 0 19
1 0 0 19
1 0 0 19
1 0 0 20
1 0 0 16
1 0 0 16
1 0 0 20
1 0 0 20
1 0 0 20
1 0 0 20
1 0 0 20
1 0 0 20
1 0 0 20
1 0 0 20
1 0 0 20
1 0 0 19
1 0 0 19
1 0 0 21
1 0 0 21
1 0 0 21
1 0 0 21
1 0 0 21
1 0 0 21
1 0 0 21
1 0 0 21
1 0 0 21
1 0 0 21
1 0 0 22
1 0 0 22
1 0 0 22
1 0 0 22
1 0 0 22
1 0 0 22
1 0 0 22
1 0 0 22
1 0 0 22
1 0 0 22
1 0 0 23
1 0 0 23
1 0 0 23
1 0 0 23
1 0 0 23
1 0 0 23
1 0 0 23
1 0 0 23
1 0 0 23
1 0 0 24
1 0 0 24
1 0 0 24
1 0 0 24
1 0 0 24
1 0 0 24
1 0 0 24
1 0 0 24
1 0 0 24
1 0 0 24
1 0 0 23
1 0 0 19
1 0 0 19
1 0 0 19
0.1 3 4 -1
0.1 5 6 -1
0.1 242 7 -1
0.1 241 243 -1
0.1 2 244 -1
0.1 1 245 -1
0.1 8 9 -1
0.1 11 12 -1
0.1 10 248 -1
0.1 247 249 -1
0.1 16 17 -1
0.1 15 251 -1
0.1 14 252 -1
0.1 13 253 -1
0.1 250 254 -1
0.1 19 20 -1
0.1 18 256 -1
0.1 255 257 -1
0.1 246 258 -1
0.1 22 23 -1
0.1 21 260 -1
0.1 26 27 -1
0.1 262 28 -1
0.1 29 30 -1
0.1 264 31 -1
0.1 34 35 -1
0.1 33 266 -1
0.1 32 267 -1
0.1 265 268 -1
0.1 263 269 -1
0.1 25 270 -1
0.1 24 271 -1
0.1 261 272 -1
0.1 38 39 -1
0.1 37 274 -1
0.1 41 42 -1
0.1 40 276 -1
0.1 44 45 -1
0.1 43 278 -1
0.1 277 279 -1
0.1 275 280 -1
0.1 36 281 -1
0.1 47 48 -1
0.1 49 50 -1
0.1 283 284 -1
0.1 46 285 -1
0.1 282 286 -1
0.1 51 52 -1
0.1 54 55 -1
0.1 53 289 -1
0.1 288 290 -1
0.1 287 291 -1
0.1 56 57 -1
0.1 61 62 -1
0.1 60 294 -1
0.1 59 295 -1
0.1 63 64 -1
0.1 68 69 -1
0.1 70 71 -1
0.1 298 299 -1
0.1 300 72 -1
0.1 67 301 -1
0.1 66 302 -1
0.1 65 303 -1
0.1 297 304 -1
0.1 296 305 -1
0.1 58 306 -1
0.1 307 73 -1
0.1 308 74 -1
0.1 309 75 -1
0.1 293 310 -1
0.1 77 78 -1
0.1 81 82 -1
0.1 80 313 -1
0.1 84 85 -1
0.1 83 315 -1
0.1 314 316 -1
0.1 79 317 -1
0.1 312 318 -1
0.1 76 319 -1
0.1 320 86 -1
0.1 311 321 -1
0.1 292 322 -1
0.1 88 89 -1
0.1 87 324 -1
0.1 325 90 -1
0.1 323 326 -1
0.1 273 327 -1
0.1 259 328 -1
0.1 92 93 -1
0.1 330 94 -1
0.1 91 331 -1
0.1 96 97 -1
0.1 99 100 -1
0.1 334 101 -1
0.1 98 335 -1
0.1 102 103 -1
0.1 336 337 -1
0.1 104 105 -1
0.1 106 107 -1
0.1 339 340 -1
0.1 109 110 -1
0.1 342 111 -1
0.1 108 343 -1
0.1 344 112 -1
0.1 341 345 -1
0.1 346 113 -1
0.1 115 116 -1
0.1 114 348 -1
0.1 118 119 -1
0.1 117 350 -1
0.1 121 122 -1
0.1 352 123 -1
0.1 120 353 -1
0.1 351 354 -1
0.1 349 355 -1
0.1 347 356 -1
0.1 124 125 -1
0.1 357 358 -1
0.1 338 359 -1
0.1 333 360 -1
0.1 95 361 -1
0.1 126 127 -1
0.1 362 363 -1
0.1 129 130 -1
0.1 132 133 -1
0.1 131 366 -1
0.1 365 367 -1
0.1 135 136 -1
0.1 369 137 -1
0.1 134 370 -1
0.1 371 138 -1
0.1 368 372 -1
0.1 128 373 -1
0.1 140 141 -1
0.1 143 144 -1
0.1 147 148 -1
0.1 146 377 -1
0.1 145 378 -1
0.1 376 379 -1
0.1 142 380 -1
0.1 375 381 -1
0.1 139 382 -1
0.1 374 383 -1
0.1 149 150 -1
0.1 384 385 -1
0.1 364 386 -1
0.1 332 387 -1
0.1 329 388 -1
0.1 151 152 -1
0.1 154 155 -1
0.1 157 158 -1
0.1 156 392 -1
0.1 391 393 -1
0.1 153 394 -1
0.1 160 161 -1
0.1 159 396 -1
0.1 397 162 -1
0.1 395 398 -1
0.1 390 399 -1
0.1 164 165 -1
0.1 163 401 -1
0.1 166 167 -1
0.1 402 403 -1
0.1 400 404 -1
0.1 172 173 -1
0.1 171 406 -1
0.1 407 174 -1
0.1 170 408 -1
0.1 169 409 -1
0.1 175 176 -1
0.1 177 178 -1
0.1 411 412 -1
0.1 410 413 -1
0.1 180 181 -1
0.1 179 415 -1
0.1 182 183 -1
0.1 416 417 -1
0.1 414 418 -1
0.1 168 419 -1
0.1 405 420 -1
0.1 185 186 -1
0.1 184 422 -1
0.1 421 423 -1
0.1 189 190 -1
0.1 192 193 -1
0.1 191 426 -1
0.1 425 427 -1
0.1 188 428 -1
0.1 194 195 -1
0.1 429 430 -1
0.1 187 431 -1
0.1 424 432 -1
0.1 433 196 -1
0.1 199 200 -1
0.1 198 435 -1
0.1 201 202 -1
0.1 437 203 -1
0.1 436 438 -1
0.1 206 207 -1
0.1 205 440 -1
0.1 204 441 -1
0.1 439 442 -1
0.1 211 212 -1
0.1 210 444 -1
0.1 209 445 -1
0.1 214 215 -1
0.1 213 447 -1
0.1 216 217 -1
0.1 448 449 -1
0.1 446 450 -1
0.1 208 451 -1
0.1 443 452 -1
0.1 197 453 -1
0.1 218 219 -1
0.1 455 220 -1
0.1 456 221 -1
0.1 222 223 -1
0.1 457 458 -1
0.1 459 224 -1
0.1 225 226 -1
0.1 228 229 -1
0.1 232 233 -1
0.1 231 463 -1
0.1 230 464 -1
0.1 234 235 -1
0.1 466 236 -1
0.1 465 467 -1
0.1 462 468 -1
0.1 227 469 -1
0.1 461 470 -1
0.1 460 471 -1
0.1 472 237 -1
0.1 238 239 -1
0.1 473 474 -1
0.1 475 240 -1
0.1 454 476 -1
0.1 434 477 -1
0.1 389 478 -1
