1 0 0 1
1 0 0 2
1 0 0 2
1 0 0 2
1 0 0 2
1 0 0 2
1 0 0 2
1 0 0 2
1 0 0 2
1 0 0 2
1 0 0 2
1 0 0 1
1 0 0 1
1 0 0 3
1 0 0 3
1 0 0 3
1 0 0 3
1 0 0 3
1 0 0 3
1 0 0 3
1 0 0 3
1 0 0 3
1 0 0 3
1 0 0 4
1 0 0 4
1 0 0 4
1 0 0 4
1 0 0 4
1 0 0 4
1 0 0 4
1 0 0 4
1 0 0 4
1 0 0 4
1 0 0 5
1 0 0 5
1 0 0 5
1 0 0 5
1 0 0 5
1 0 0 5
1 0 0 5
1 0 0 5
1 0 0 5
1 0 0 5
1 0 0 6
1 0 0 6
1 0 0 6
1 0 0 7
1 0 0 7
1 0 0 7
1 0 0 7
1 0 0 7
1 0 0 7
1 0 0 7
1 0 0 7
1 0 0 7
1 0 0 7
1 0 0 6
1 0 0 8
1 0 0 8
1 0 0 8
1 0 0 8
1 0 0 8
1 0 0 8
1 0 0 8
1 0 0 8
1 0 0 6
1 0 0 6
1 0 0 6
1 0 0 6
1 0 0 6
1 0 0 9
1 0 0 9
1 0 0 9
1 0 0 9
1 0 0 9
1 0 0 9
1 0 0 9
1 0 0 10
1 0 0 11
1 0 0 11
1 0 0 11
1 0 0 11
1 0 0 11
1 0 0 11
1 0 0 12
1 0 0 12
1 0 0 12
1 0 0 12
1 0 0 12
1 0 0 12
1 0 0 12
1 0 0 12
1 0 0 12
1 0 0 12
1 0 0 11
1 0 0 11
1 0 0 11
1 0 0 11
1 0 0 13
1 0 0 13
1 0 0 13
1 0 0 13
1 0 0 13
1 0 0 13
1 0 0 13
1 0 0 13
1 0 0 13
1 0 0 13
1 0 0 10
1 0 0 10
1 0 0 14
1 0 0 14
1 0 0 14
1 0 0 14
1 0 0 14
1 0 0 14
1 0 0 14
1 0 0 14
1 0 0 14
1 0 0 14
1 0 0 15
1 0 0 15
1 0 0 15
1 0 0 15
1 0 0 15
1 0 0 15
1 0 0 15
1 0 0 15
1 0 0 15
1 0 0 15
1 0 0 10
1 0 0 10
1 0 0 10
1 0 0 10
1 0 0 10
1 0 0 10
1 0 0 16
1 0 0 16
1 0 0 16
1 0 0 16
1 0 0 16
1 0 0 16
1 0 0 16
1 0 0 16
1 0 0 16
1 0 0 16
1 0 0 10
1 0 0 17
1 0 0 17
1 0 0 17
1 0 0 17
1 0 0 17
1 0 0 17
1 0 0 17
1 0 0 17
1 0 0 9
1 0 0 9
1 0 0 9
1 0 0 18
1 0 0 18
1 0 0 18
1 0 0 18
1 0 0 18
1 0 0 18
1 0 0 18
1 0 0 18
1 0 0 18
1 0 0 18
1 0 0 17
1 0 0 17
1 0 0 6
1 0 0 8
1 0 0 8
1 0 0 1
1 0 0 1
1 0 0 1
1 0 0 1
1 0 0 19
1 0 0 19
1 0 0 19
1 0 0 19
1 0 0 19
1 0 0 19
1 0 0 19
1 0 0 19
1 0 0 19
1 0 0 19
1 0 0 20
1 0 0 20
1 0 0 20
1 0 0 20
1 0 0 20
1 0 0 21
1 0 0 21
1 0 0 21
1 0 0 21
1 0 0 21
1 0 0 21
1 0 0 21
1 0 0 21
1 0 0 21
1 0 0 21
1 0 0 20
1 0 0 20
1 0 0 22
1 0 0 22
1 0 0 22
1 0 0 22
1 0 0 22
1 0 0 22
1 0 0 22
1 0 0 22
1 0 0 22
1 0 0 22
1 0 0 20
1 0 0 20
1 0 0 20
1 0 0 23
1 0 0 23
1 0 0 23
1 0 0 23
1 0 0 23
1 0 0 23
1 0 0 23
1 0 0 23
1 0 0 23
1 0 0 23
1 0 0 1
1 0 0 1
1 0 0 24
1 0 0 24
1 0 0 24
1 0 0 24
1 0 0 24
1 0 0 24
1 0 0 24
1 0 0 25
1 0 0 25
1 0 0 26
1 0 0 26
1 0 0 26
1 0 0 26
1 0 0 26
1 0 0 26
1 0 0 26
1 0 0 26
1 0 0 26
1 0 0 26
1 0 0 25
1 0 0 25
1 0 0 25
1 0 0 25
1 0 0 25
1 0 0 25
1 0 0 25
1 0 0 25
1 0 0 27
1 0 0 27
1 0 0 27
1 0 0 27
1 0 0 27
1 0 0 27
1 0 0 28
1 0 0 28
1 0 0 28
1 0 0 28
1 0 0 29
1 0 0 29
1 0 0 30
1 0 0 30
1 0 0 30
1 0 0 30
1 0 0 30
1 0 0 30
1 0 0 30
1 0 0 30
1 0 0 30
1 0 0 30
1 0 0 29
1 0 0 29
1 0 0 29
1 0 0 31
1 0 0 31
1 0 0 31
1 0 0 31
1 0 0 31
1 0 0 31
1 0 0 32
1 0 0 32
1 0 0 32
1 0 0 32
1 0 0 32
1 0 0 32
1 0 0 32
1 0 0 32
1 0 0 32
1 0 0 33
1 0 0 33
1 0 0 33
1 0 0 33
1 0 0 33
1 0 0 33
1 0 0 33
1 0 0 33
1 0 0 33
1 0 0 33
1 0 0 31
1 0 0 32
1 0 0 34
1 0 0 34
1 0 0 34
1 0 0 34
1 0 0 34
1 0 0 35
1 0 0 35
1 0 0 35
1 0 0 35
1 0 0 35
1 0 0 35
1 0 0 35
1 0 0 35
1 0 0 35
1 0 0 35
1 0 0 34
1 0 0 36
1 0 0 36
1 0 0 36
1 0 0 36
1 0 0 36
1 0 0 36
1 0 0 36
1 0 0 36
1 0 0 36
1 0 0 36
1 0 0 37
1 0 0 37
1 0 0 37
1 0 0 37
1 0 0 37
1 0 0 37
1 0 0 37
1 0 0 37
1 0 0 37
1 0 0 37
1 0 0 38
1 0 0 38
1 0 0 38
1 0 0 38
1 0 0 38
1 0 0 38
1 0 0 38
1 0 0 38
1 0 0 38
1 0 0 38
1 0 0 34
1 0 0 34
1 0 0 34
1 0 0 34
1 0 0 39
1 0 0 39
1 0 0 39
1 0 0 39
1 0 0 39
1 0 0 39
1 0 0 39
1 0 0 39
1 0 0 39
1 0 0 39
1 0 0 40
1 0 0 40
1 0 0 40
1 0 0 40
1 0 0 40
1 0 0 40
1 0 0 40
1 0 0 40
1 0 0 40
1 0 0 40
1 0 0 31
1 0 0 31
1 0 0 31
1 0 0 29
1 0 0 41
1 0 0 41
1 0 0 41
1 0 0 41
1 0 0 41
1 0 0 41
1 0 0 41
1 0 0 41
1 0 0 41
1 0 0 41
1 0 0 29
1 0 0 29
1 0 0 29
1 0 0 29
1 0 0 28
1 0 0 28
1 0 0 28
1 0 0 28
1 0 0 28
1 0 0 28
1 0 0 42
1 0 0 43
1 0 0 43
1 0 0 43
1 0 0 43
1 0 0 43
1 0 0 43
1 0 0 43
1 0 0 43
1 0 0 43
1 0 0 43
1 0 0 42
1 0 0 42
1 0 0 42
1 0 0 42
1 0 0 42
1 0 0 44
1 0 0 44
1 0 0 44
1 0 0 44
1 0 0 44
1 0 0 44
1 0 0 44
1 0 0 44
1 0 0 44
1 0 0 44
1 0 0 42
1 0 0 42
1 0 0 42
1 0 0 42
1 0 0 27
1 0 0 27
1 0 0 27
1 0 0 27
1 0 0 24
1 0 0 24
1 0 0 45
1 0 0 45
1 0 0 45
1 0 0 45
1 0 0 45
1 0 0 45
1 0 0 45
1 0 0 45
1 0 0 46
1 0 0 46
1 0 0 46
1 0 0 46
1 0 0 46
1 0 0 46
1 0 0 46
1 0 0 46
1 0 0 46
1 0 0 46
1 0 0 45
1 0 0 45
1 0 0 47
1 0 0 47
1 0 0 48
1 0 0 49
1 0 0 49
1 0 0 49
1 0 0 49
1 0 0 49
1 0 0 49
1 0 0 49
1 0 0 49
1 0 0 49
1 0 0 49
1 0 0 48
1 0 0 48
1 0 0 48
1 0 0 48
1 0 0 48
1 0 0 48
1 0 0 48
1 0 0 48
1 0 0 48
1 0 0 50
1 0 0 50
1 0 0 50
1 0 0 50
1 0 0 50
1 0 0 50
1 0 0 50
1 0 0 50
1 0 0 50
1 0 0 50
1 0 0 47
1 0 0 47
1 0 0 47
1 0 0 47
1 0 0 47
1 0 0 47
1 0 0 47
1 0 0 24
1 0 0 47
1 0 0 1
0.1 3 4 -1
0.1 501 5 -1
0.1 2 502 -1
0.1 7 8 -1
0.1 9 10 -1
0.1 504 505 -1
0.1 6 506 -1
0.1 503 507 -1
0.1 508 11 -1
0.1 12 13 -1
0.1 16 17 -1
0.1 15 511 -1
0.1 19 20 -1
0.1 513 21 -1
0.1 18 514 -1
0.1 512 515 -1
0.1 22 23 -1
0.1 516 517 -1
0.1 14 518 -1
0.1 24 25 -1
0.1 27 28 -1
0.1 26 521 -1
0.1 520 522 -1
0.1 30 31 -1
0.1 29 524 -1
0.1 523 525 -1
0.1 526 32 -1
0.1 527 33 -1
0.1 519 528 -1
0.1 36 37 -1
0.1 35 530 -1
0.1 34 531 -1
0.1 532 38 -1
0.1 39 40 -1
0.1 533 534 -1
0.1 535 41 -1
0.1 42 43 -1
0.1 536 537 -1
0.1 529 538 -1
0.1 45 46 -1
0.1 47 48 -1
0.1 541 49 -1
0.1 542 50 -1
0.1 52 53 -1
0.1 544 54 -1
0.1 51 545 -1
0.1 55 56 -1
0.1 546 547 -1
0.1 543 548 -1
0.1 549 57 -1
0.1 540 550 -1
0.1 44 551 -1
0.1 539 552 -1
0.1 58 59 -1
0.1 554 60 -1
0.1 61 62 -1
0.1 555 556 -1
0.1 553 557 -1
0.1 64 65 -1
0.1 63 559 -1
0.1 560 66 -1
0.1 558 561 -1
0.1 562 67 -1
0.1 68 69 -1
0.1 71 72 -1
0.1 73 74 -1
0.1 565 566 -1
0.1 76 77 -1
0.1 75 568 -1
0.1 567 569 -1
0.1 80 81 -1
0.1 571 82 -1
0.1 83 84 -1
0.1 85 86 -1
0.1 88 89 -1
0.1 90 91 -1
0.1 92 93 -1
0.1 577 94 -1
0.1 576 578 -1
0.1 575 579 -1
0.1 87 580 -1
0.1 574 581 -1
0.1 573 582 -1
0.1 97 98 -1
0.1 96 584 -1
0.1 95 585 -1
0.1 583 586 -1
0.1 572 587 -1
0.1 79 588 -1
0.1 78 589 -1
0.1 102 103 -1
0.1 101 591 -1
0.1 592 104 -1
0.1 100 593 -1
0.1 99 594 -1
0.1 106 107 -1
0.1 596 108 -1
0.1 105 597 -1
0.1 595 598 -1
0.1 109 110 -1
0.1 599 600 -1
0.1 112 113 -1
0.1 116 117 -1
0.1 115 603 -1
0.1 118 119 -1
0.1 605 120 -1
0.1 604 606 -1
0.1 114 607 -1
0.1 602 608 -1
0.1 111 609 -1
0.1 122 123 -1
0.1 121 611 -1
0.1 126 127 -1
0.1 125 613 -1
0.1 614 128 -1
0.1 124 615 -1
0.1 129 130 -1
0.1 616 617 -1
0.1 612 618 -1
0.1 610 619 -1
0.1 620 131 -1
0.1 601 621 -1
0.1 622 132 -1
0.1 135 136 -1
0.1 142 143 -1
0.1 144 145 -1
0.1 626 146 -1
0.1 625 627 -1
0.1 141 628 -1
0.1 140 629 -1
0.1 139 630 -1
0.1 138 631 -1
0.1 632 147 -1
0.1 137 633 -1
0.1 624 634 -1
0.1 134 635 -1
0.1 133 636 -1
0.1 623 637 -1
0.1 590 638 -1
0.1 150 151 -1
0.1 149 640 -1
0.1 148 641 -1
0.1 154 155 -1
0.1 153 643 -1
0.1 152 644 -1
0.1 642 645 -1
0.1 639 646 -1
0.1 157 158 -1
0.1 156 648 -1
0.1 160 161 -1
0.1 162 163 -1
0.1 650 651 -1
0.1 164 165 -1
0.1 653 166 -1
0.1 652 654 -1
0.1 655 167 -1
0.1 159 656 -1
0.1 657 168 -1
0.1 169 170 -1
0.1 658 659 -1
0.1 649 660 -1
0.1 647 661 -1
0.1 570 662 -1
0.1 663 171 -1
0.1 70 664 -1
0.1 564 665 -1
0.1 172 173 -1
0.1 666 667 -1
0.1 563 668 -1
0.1 510 669 -1
0.1 509 670 -1
0.1 1 671 -1
0.1 672 174 -1
0.1 176 177 -1
0.1 179 180 -1
0.1 182 183 -1
0.1 676 184 -1
0.1 677 185 -1
0.1 186 187 -1
0.1 678 679 -1
0.1 181 680 -1
0.1 675 681 -1
0.1 178 682 -1
0.1 674 683 -1
0.1 189 190 -1
0.1 188 685 -1
0.1 191 192 -1
0.1 686 687 -1
0.1 195 196 -1
0.1 194 689 -1
0.1 690 197 -1
0.1 198 199 -1
0.1 691 692 -1
0.1 201 202 -1
0.1 200 694 -1
0.1 693 695 -1
0.1 193 696 -1
0.1 688 697 -1
0.1 206 207 -1
0.1 205 699 -1
0.1 208 209 -1
0.1 210 211 -1
0.1 701 702 -1
0.1 703 212 -1
0.1 213 214 -1
0.1 704 705 -1
0.1 700 706 -1
0.1 204 707 -1
0.1 215 216 -1
0.1 708 709 -1
0.1 203 710 -1
0.1 218 219 -1
0.1 221 222 -1
0.1 223 224 -1
0.1 713 714 -1
0.1 220 715 -1
0.1 225 226 -1
0.1 716 717 -1
0.1 718 227 -1
0.1 712 719 -1
0.1 217 720 -1
0.1 711 721 -1
0.1 698 722 -1
0.1 684 723 -1
0.1 228 229 -1
0.1 724 725 -1
0.1 175 726 -1
0.1 673 727 -1
0.1 232 233 -1
0.1 235 236 -1
0.1 234 730 -1
0.1 729 731 -1
0.1 237 238 -1
0.1 239 240 -1
0.1 241 242 -1
0.1 734 735 -1
0.1 243 244 -1
0.1 245 246 -1
0.1 247 248 -1
0.1 738 739 -1
0.1 737 740 -1
0.1 736 741 -1
0.1 733 742 -1
0.1 250 251 -1
0.1 249 744 -1
0.1 743 745 -1
0.1 252 253 -1
0.1 746 747 -1
0.1 254 255 -1
0.1 748 749 -1
0.1 750 256 -1
0.1 257 258 -1
0.1 261 262 -1
0.1 260 753 -1
0.1 259 754 -1
0.1 264 265 -1
0.1 263 756 -1
0.1 270 271 -1
0.1 269 758 -1
0.1 272 273 -1
0.1 274 275 -1
0.1 760 761 -1
0.1 759 762 -1
0.1 277 278 -1
0.1 276 764 -1
0.1 763 765 -1
0.1 766 279 -1
0.1 268 767 -1
0.1 267 768 -1
0.1 280 281 -1
0.1 769 770 -1
0.1 282 283 -1
0.1 284 285 -1
0.1 286 287 -1
0.1 773 774 -1
0.1 772 775 -1
0.1 288 289 -1
0.1 290 291 -1
0.1 778 292 -1
0.1 293 294 -1
0.1 780 295 -1
0.1 297 298 -1
0.1 782 299 -1
0.1 303 304 -1
0.1 784 305 -1
0.1 302 785 -1
0.1 786 306 -1
0.1 301 787 -1
0.1 300 788 -1
0.1 783 789 -1
0.1 296 790 -1
0.1 781 791 -1
0.1 779 792 -1
0.1 777 793 -1
0.1 307 308 -1
0.1 794 795 -1
0.1 776 796 -1
0.1 309 310 -1
0.1 312 313 -1
0.1 315 316 -1
0.1 314 800 -1
0.1 317 318 -1
0.1 319 320 -1
0.1 802 803 -1
0.1 322 323 -1
0.1 321 805 -1
0.1 804 806 -1
0.1 801 807 -1
0.1 326 327 -1
0.1 809 328 -1
0.1 325 810 -1
0.1 329 330 -1
0.1 812 331 -1
0.1 332 333 -1
0.1 813 814 -1
0.1 815 334 -1
0.1 811 816 -1
0.1 324 817 -1
0.1 808 818 -1
0.1 799 819 -1
0.1 311 820 -1
0.1 798 821 -1
0.1 336 337 -1
0.1 335 823 -1
0.1 338 339 -1
0.1 340 341 -1
0.1 343 344 -1
0.1 342 827 -1
0.1 826 828 -1
0.1 825 829 -1
0.1 824 830 -1
0.1 346 347 -1
0.1 348 349 -1
0.1 832 833 -1
0.1 350 351 -1
0.1 834 835 -1
0.1 836 352 -1
0.1 353 354 -1
0.1 837 838 -1
0.1 345 839 -1
0.1 840 355 -1
0.1 831 841 -1
0.1 357 358 -1
0.1 359 360 -1
0.1 362 363 -1
0.1 361 845 -1
0.1 364 365 -1
0.1 846 847 -1
0.1 844 848 -1
0.1 366 367 -1
0.1 850 368 -1
0.1 849 851 -1
0.1 843 852 -1
0.1 356 853 -1
0.1 842 854 -1
0.1 369 370 -1
0.1 372 373 -1
0.1 371 857 -1
0.1 858 374 -1
0.1 856 859 -1
0.1 375 376 -1
0.1 377 378 -1
0.1 861 862 -1
0.1 860 863 -1
0.1 855 864 -1
0.1 822 865 -1
0.1 866 379 -1
0.1 867 380 -1
0.1 868 381 -1
0.1 797 869 -1
0.1 771 870 -1
0.1 383 384 -1
0.1 386 387 -1
0.1 385 873 -1
0.1 872 874 -1
0.1 388 389 -1
0.1 391 392 -1
0.1 390 877 -1
0.1 876 878 -1
0.1 875 879 -1
0.1 382 880 -1
0.1 394 395 -1
0.1 393 882 -1
0.1 883 396 -1
0.1 881 884 -1
0.1 871 885 -1
0.1 886 397 -1
0.1 266 887 -1
0.1 757 888 -1
0.1 399 400 -1
0.1 398 890 -1
0.1 401 402 -1
0.1 404 405 -1
0.1 407 408 -1
0.1 406 894 -1
0.1 409 410 -1
0.1 411 412 -1
0.1 896 897 -1
0.1 898 413 -1
0.1 895 899 -1
0.1 893 900 -1
0.1 901 414 -1
0.1 902 415 -1
0.1 903 416 -1
0.1 403 904 -1
0.1 420 421 -1
0.1 422 423 -1
0.1 907 424 -1
0.1 906 908 -1
0.1 426 427 -1
0.1 425 910 -1
0.1 911 428 -1
0.1 909 912 -1
0.1 419 913 -1
0.1 418 914 -1
0.1 429 430 -1
0.1 915 916 -1
0.1 417 917 -1
0.1 905 918 -1
0.1 431 432 -1
0.1 919 920 -1
0.1 892 921 -1
0.1 891 922 -1
0.1 889 923 -1
0.1 433 434 -1
0.1 924 925 -1
0.1 435 436 -1
0.1 926 927 -1
0.1 755 928 -1
0.1 752 929 -1
0.1 751 930 -1
0.1 440 441 -1
0.1 442 443 -1
0.1 444 445 -1
0.1 450 451 -1
0.1 449 935 -1
0.1 448 936 -1
0.1 452 453 -1
0.1 937 938 -1
0.1 447 939 -1
0.1 454 455 -1
0.1 941 456 -1
0.1 940 942 -1
0.1 446 943 -1
0.1 934 944 -1
0.1 933 945 -1
0.1 932 946 -1
0.1 947 457 -1
0.1 948 458 -1
0.1 439 949 -1
0.1 438 950 -1
0.1 459 460 -1
0.1 951 952 -1
0.1 463 464 -1
0.1 462 954 -1
0.1 465 466 -1
0.1 468 469 -1
0.1 467 957 -1
0.1 470 471 -1
0.1 958 959 -1
0.1 956 960 -1
0.1 955 961 -1
0.1 461 962 -1
0.1 474 475 -1
0.1 473 964 -1
0.1 472 965 -1
0.1 963 966 -1
0.1 476 477 -1
0.1 478 479 -1
0.1 969 480 -1
0.1 968 970 -1
0.1 967 971 -1
0.1 481 482 -1
0.1 483 484 -1
0.1 973 974 -1
0.1 972 975 -1
0.1 486 487 -1
0.1 977 488 -1
0.1 485 978 -1
0.1 976 979 -1
0.1 489 490 -1
0.1 980 981 -1
0.1 953 982 -1
0.1 492 493 -1
0.1 491 984 -1
0.1 494 495 -1
0.1 986 496 -1
0.1 987 497 -1
0.1 985 988 -1
0.1 989 498 -1
0.1 983 990 -1
0.1 437 991 -1
0.1 992 499 -1
0.1 931 993 -1
0.1 732 994 -1
0.1 231 995 -1
0.1 230 996 -1
0.1 997 500 -1
0.1 728 998 -1
