1 0 0 1
1 0 0 1
1 0 0 1
1 0 0 1
1 0 0 1
1 0 0 1
1 0 0 1
1 0 0 1
1 0 0 1
1 0 0 1
1 0 0 2
1 0 0 2
1 0 0 2
1 0 0 2
1 0 0 2
1 0 0 2
1 0 0 2
1 0 0 2
1 0 0 2
1 0 0 3
1 0 0 3
1 0 0 3
1 0 0 3
1 0 0 3
1 0 0 3
1 0 0 3
1 0 0 3
1 0 0 4
1 0 0 4
1 0 0 4
1 0 0 4
1 0 0 4
1 0 0 4
1 0 0 4
1 0 0 4
1 0 0 4
1 0 0 4
1 0 0 5
1 0 0 5
1 0 0 5
1 0 0 5
1 0 0 5
1 0 0 5
1 0 0 5
1 0 0 5
1 0 0 5
1 0 0 5
1 0 0 6
1 0 0 6
1 0 0 6
1 0 0 6
1 0 0 6
1 0 0 6
1 0 0 7
1 0 0 7
1 0 0 7
1 0 0 7
1 0 0 7
1 0 0 7
1 0 0 7
1 0 0 7
1 0 0 7
1 0 0 7
1 0 0 8
1 0 0 8
1 0 0 8
1 0 0 8
1 0 0 8
1 0 0 8
1 0 0 8
1 0 0 8
1 0 0 8
1 0 0 8
1 0 0 6
1 0 0 6
1 0 0 6
1 0 0 6
1 0 0 3
1 0 0 3
1 0 0 2
1 0 0 9
1 0 0 9
1 0 0 10
1 0 0 10
1 0 0 10
1 0 0 10
1 0 0 10
1 0 0 10
1 0 0 10
1 0 0 10
1 0 0 10
1 0 0 10
1 0 0 9
1 0 0 9
1 0 0 9
1 0 0 9
1 0 0 9
1 0 0 9
1 0 0 9
1 0 0 11
1 0 0 11
1 0 0 11
1 0 0 11
1 0 0 11
1 0 0 11
1 0 0 11
1 0 0 11
1 0 0 11
1 0 0 11
1 0 0 9
1 0 0 12
1 0 0 12
1 0 0 12
1 0 0 12
1 0 0 12
1 0 0 12
1 0 0 12
1 0 0 12
1 0 0 12
1 0 0 12
1 0 0 13
1 0 0 14
1 0 0 14
1 0 0 14
1 0 0 14
1 0 0 14
1 0 0 14
1 0 0 14
1 0 0 14
1 0 0 14
1 0 0 14
1 0 0 13
1 0 0 13
1 0 0 13
1 0 0 13
1 0 0 15
1 0 0 15
1 0 0 15
1 0 0 15
1 0 0 15
1 0 0 15
1 0 0 15
1 0 0 15
1 0 0 15
1 0 0 15
1 0 0 13
1 0 0 13
1 0 0 13
1 0 0 16
1 0 0 16
1 0 0 16
1 0 0 16
1 0 0 17
1 0 0 17
1 0 0 17
1 0 0 17
1 0 0 17
1 0 0 17
1 0 0 17
1 0 0 17
1 0 0 17
1 0 0 17
1 0 0 18
1 0 0 18
1 0 0 18
1 0 0 18
1 0 0 18
1 0 0 18
1 0 0 18
1 0 0 18
1 0 0 18
1 0 0 18
1 0 0 16
1 0 0 19
1 0 0 19
1 0 0 19
1 0 0 19
1 0 0 19
1 0 0 19
1 0 0 19
1 0 0 19
1 0 0 19
1 0 0 19
1 0 0 20
1 0 0 20
1 0 0 20
1 0 0 20
1 0 0 20
1 0 0 20
1 0 0 20
1 0 0 20
1 0 0 20
1 0 0 20
1 0 0 21
1 0 0 21
1 0 0 21
1 0 0 21
1 0 0 21
1 0 0 21
1 0 0 21
1 0 0 21
1 0 0 21
1 0 0 21
1 0 0 22
1 0 0 22
1 0 0 22
1 0 0 22
1 0 0 22
1 0 0 22
1 0 0 22
1 0 0 22
1 0 0 22
1 0 0 22
1 0 0 16
1 0 0 23
1 0 0 23
1 0 0 24
1 0 0 24
1 0 0 24
1 0 0 24
1 0 0 24
1 0 0 24
1 0 0 24
1 0 0 24
1 0 0 24
1 0 0 25
1 0 0 25
1 0 0 25
1 0 0 25
1 0 0 25
1 0 0 25
1 0 0 25
1 0 0 25
1 0 0 25
1 0 0 25
1 0 0 23
1 0 0 23
1 0 0 23
1 0 0 23
1 0 0 23
1 0 0 26
1 0 0 26
1 0 0 26
1 0 0 26
1 0 0 26
1 0 0 26
1 0 0 26
1 0 0 26
1 0 0 26
1 0 0 26
1 0 0 27
1 0 0 27
1 0 0 27
1 0 0 27
1 0 0 27
1 0 0 28
1 0 0 28
1 0 0 28
1 0 0 28
1 0 0 28
1 0 0 28
1 0 0 28
1 0 0 28
1 0 0 28
1 0 0 28
1 0 0 27
1 0 0 27
1 0 0 27
1 0 0 27
1 0 0 27
1 0 0 29
1 0 0 29
1 0 0 29
1 0 0 29
1 0 0 29
1 0 0 29
1 0 0 29
1 0 0 29
1 0 0 29
1 0 0 30
1 0 0 30
1 0 0 30
1 0 0 30
1 0 0 30
1 0 0 30
1 0 0 31
1 0 0 31
1 0 0 31
1 0 0 31
1 0 0 31
1 0 0 31
1 0 0 31
1 0 0 31
1 0 0 31
1 0 0 31
1 0 0 30
1 0 0 30
1 0 0 30
1 0 0 30
1 0 0 32
1 0 0 32
1 0 0 32
1 0 0 32
1 0 0 32
1 0 0 32
1 0 0 32
1 0 0 32
1 0 0 32
1 0 0 33
1 0 0 33
1 0 0 33
1 0 0 33
1 0 0 33
1 0 0 33
1 0 0 33
1 0 0 33
1 0 0 33
1 0 0 33
1 0 0 32
1 0 0 34
1 0 0 34
1 0 0 34
1 0 0 34
1 0 0 34
1 0 0 34
1 0 0 34
1 0 0 34
1 0 0 34
1 0 0 35
1 0 0 35
1 0 0 35
1 0 0 35
1 0 0 35
1 0 0 35
1 0 0 35
1 0 0 35
1 0 0 35
1 0 0 35
1 0 0 34
1 0 0 36
1 0 0 36
1 0 0 36
1 0 0 37
1 0 0 37
1 0 0 36
1 0 0 37
1 0 0 37
1 0 0 37
1 0 0 37
1 0 0 37
1 0 0 37
1 0 0 37
1 0 0 37
1 0 0 36
1 0 0 36
1 0 0 36
1 0 0 36
1 0 0 36
1 0 0 36
1 0 0 29
1 0 0 23
1 0 0 23
1 0 0 23
1 0 0 38
1 0 0 38
1 0 0 38
1 0 0 39
1 0 0 39
1 0 0 39
1 0 0 39
1 0 0 39
1 0 0 39
1 0 0 39
1 0 0 39
1 0 0 39
1 0 0 39
1 0 0 38
1 0 0 38
1 0 0 38
1 0 0 38
1 0 0 38
1 0 0 38
1 0 0 38
1 0 0 40
1 0 0 40
1 0 0 40
1 0 0 40
1 0 0 40
1 0 0 40
1 0 0 40
1 0 0 40
1 0 0 40
1 0 0 40
1 0 0 13
1 0 0 13
1 0 0 24
1 0 0 16
1 0 0 16
1 0 0 16
1 0 0 16
0.1 1 2 -1
0.1 3 4 -1
0.1 5 6 -1
0.1 403 7 -1
0.1 404 8 -1
0.1 402 405 -1
0.1 406 9 -1
0.1 407 10 -1
0.1 401 408 -1
0.1 11 12 -1
0.1 13 14 -1
0.1 15 16 -1
0.1 411 412 -1
0.1 410 413 -1
0.1 409 414 -1
0.1 18 19 -1
0.1 17 416 -1
0.1 21 22 -1
0.1 20 418 -1
0.1 24 25 -1
0.1 23 420 -1
0.1 419 421 -1
0.1 28 29 -1
0.1 30 31 -1
0.1 423 424 -1
0.1 32 33 -1
0.1 425 426 -1
0.1 34 35 -1
0.1 36 37 -1
0.1 428 429 -1
0.1 427 430 -1
0.1 39 40 -1
0.1 432 41 -1
0.1 38 433 -1
0.1 42 43 -1
0.1 435 44 -1
0.1 45 46 -1
0.1 436 437 -1
0.1 438 47 -1
0.1 434 439 -1
0.1 49 50 -1
0.1 48 441 -1
0.1 55 56 -1
0.1 57 58 -1
0.1 60 61 -1
0.1 59 445 -1
0.1 446 62 -1
0.1 447 63 -1
0.1 444 448 -1
0.1 443 449 -1
0.1 54 450 -1
0.1 53 451 -1
0.1 52 452 -1
0.1 66 67 -1
0.1 65 454 -1
0.1 64 455 -1
0.1 68 69 -1
0.1 457 70 -1
0.1 71 72 -1
0.1 458 459 -1
0.1 460 73 -1
0.1 456 461 -1
0.1 453 462 -1
0.1 51 463 -1
0.1 464 74 -1
0.1 465 75 -1
0.1 76 77 -1
0.1 466 467 -1
0.1 442 468 -1
0.1 440 469 -1
0.1 431 470 -1
0.1 78 79 -1
0.1 471 472 -1
0.1 27 473 -1
0.1 26 474 -1
0.1 422 475 -1
0.1 417 476 -1
0.1 477 80 -1
0.1 81 82 -1
0.1 85 86 -1
0.1 84 480 -1
0.1 83 481 -1
0.1 87 88 -1
0.1 483 89 -1
0.1 91 92 -1
0.1 90 485 -1
0.1 484 486 -1
0.1 482 487 -1
0.1 488 93 -1
0.1 489 94 -1
0.1 479 490 -1
0.1 95 96 -1
0.1 100 101 -1
0.1 493 102 -1
0.1 104 105 -1
0.1 106 107 -1
0.1 108 109 -1
0.1 496 497 -1
0.1 495 498 -1
0.1 103 499 -1
0.1 494 500 -1
0.1 99 501 -1
0.1 98 502 -1
0.1 503 110 -1
0.1 97 504 -1
0.1 112 113 -1
0.1 111 506 -1
0.1 114 115 -1
0.1 117 118 -1
0.1 116 509 -1
0.1 119 120 -1
0.1 510 511 -1
0.1 508 512 -1
0.1 507 513 -1
0.1 505 514 -1
0.1 492 515 -1
0.1 491 516 -1
0.1 517 121 -1
0.1 478 518 -1
0.1 123 124 -1
0.1 125 126 -1
0.1 127 128 -1
0.1 521 522 -1
0.1 520 523 -1
0.1 122 524 -1
0.1 129 130 -1
0.1 526 131 -1
0.1 525 527 -1
0.1 519 528 -1
0.1 415 529 -1
0.1 132 133 -1
0.1 531 134 -1
0.1 136 137 -1
0.1 140 141 -1
0.1 139 534 -1
0.1 138 535 -1
0.1 533 536 -1
0.1 142 143 -1
0.1 144 145 -1
0.1 538 539 -1
0.1 537 540 -1
0.1 135 541 -1
0.1 542 146 -1
0.1 532 543 -1
0.1 147 148 -1
0.1 544 545 -1
0.1 530 546 -1
0.1 149 150 -1
0.1 151 152 -1
0.1 154 155 -1
0.1 550 156 -1
0.1 157 158 -1
0.1 552 159 -1
0.1 161 162 -1
0.1 160 554 -1
0.1 553 555 -1
0.1 551 556 -1
0.1 153 557 -1
0.1 163 164 -1
0.1 559 165 -1
0.1 166 167 -1
0.1 560 561 -1
0.1 562 168 -1
0.1 169 170 -1
0.1 563 564 -1
0.1 171 172 -1
0.1 565 566 -1
0.1 558 567 -1
0.1 568 173 -1
0.1 175 176 -1
0.1 174 570 -1
0.1 177 178 -1
0.1 180 181 -1
0.1 179 573 -1
0.1 572 574 -1
0.1 575 182 -1
0.1 571 576 -1
0.1 577 183 -1
0.1 186 187 -1
0.1 185 579 -1
0.1 184 580 -1
0.1 189 190 -1
0.1 582 191 -1
0.1 188 583 -1
0.1 192 193 -1
0.1 584 585 -1
0.1 581 586 -1
0.1 587 194 -1
0.1 578 588 -1
0.1 589 195 -1
0.1 590 196 -1
0.1 197 198 -1
0.1 201 202 -1
0.1 200 593 -1
0.1 594 203 -1
0.1 199 595 -1
0.1 592 596 -1
0.1 591 597 -1
0.1 204 205 -1
0.1 599 206 -1
0.1 207 208 -1
0.1 211 212 -1
0.1 210 602 -1
0.1 603 213 -1
0.1 209 604 -1
0.1 601 605 -1
0.1 600 606 -1
0.1 598 607 -1
0.1 215 216 -1
0.1 214 609 -1
0.1 608 610 -1
0.1 569 611 -1
0.1 549 612 -1
0.1 548 613 -1
0.1 547 614 -1
0.1 219 220 -1
0.1 218 616 -1
0.1 221 222 -1
0.1 223 224 -1
0.1 619 225 -1
0.1 618 620 -1
0.1 617 621 -1
0.1 217 622 -1
0.1 226 227 -1
0.1 624 228 -1
0.1 229 230 -1
0.1 231 232 -1
0.1 233 234 -1
0.1 628 235 -1
0.1 627 629 -1
0.1 626 630 -1
0.1 625 631 -1
0.1 236 237 -1
0.1 239 240 -1
0.1 238 634 -1
0.1 242 243 -1
0.1 241 636 -1
0.1 244 245 -1
0.1 637 638 -1
0.1 247 248 -1
0.1 640 249 -1
0.1 246 641 -1
0.1 639 642 -1
0.1 643 250 -1
0.1 252 253 -1
0.1 254 255 -1
0.1 645 646 -1
0.1 251 647 -1
0.1 256 257 -1
0.1 258 259 -1
0.1 260 261 -1
0.1 650 651 -1
0.1 649 652 -1
0.1 262 263 -1
0.1 264 265 -1
0.1 654 655 -1
0.1 653 656 -1
0.1 267 268 -1
0.1 266 658 -1
0.1 657 659 -1
0.1 648 660 -1
0.1 269 270 -1
0.1 661 662 -1
0.1 644 663 -1
0.1 274 275 -1
0.1 273 665 -1
0.1 272 666 -1
0.1 276 277 -1
0.1 667 668 -1
0.1 281 282 -1
0.1 670 283 -1
0.1 284 285 -1
0.1 671 672 -1
0.1 286 287 -1
0.1 288 289 -1
0.1 291 292 -1
0.1 290 676 -1
0.1 675 677 -1
0.1 674 678 -1
0.1 679 293 -1
0.1 294 295 -1
0.1 680 681 -1
0.1 682 296 -1
0.1 297 298 -1
0.1 684 299 -1
0.1 683 685 -1
0.1 673 686 -1
0.1 280 687 -1
0.1 300 301 -1
0.1 302 303 -1
0.1 689 690 -1
0.1 306 307 -1
0.1 305 692 -1
0.1 304 693 -1
0.1 694 308 -1
0.1 691 695 -1
0.1 309 310 -1
0.1 313 314 -1
0.1 312 698 -1
0.1 316 317 -1
0.1 700 318 -1
0.1 315 701 -1
0.1 699 702 -1
0.1 311 703 -1
0.1 697 704 -1
0.1 705 319 -1
0.1 321 322 -1
0.1 320 707 -1
0.1 324 325 -1
0.1 323 709 -1
0.1 710 326 -1
0.1 331 332 -1
0.1 330 712 -1
0.1 329 713 -1
0.1 333 334 -1
0.1 336 337 -1
0.1 716 338 -1
0.1 335 717 -1
0.1 715 718 -1
0.1 714 719 -1
0.1 328 720 -1
0.1 327 721 -1
0.1 722 339 -1
0.1 711 723 -1
0.1 708 724 -1
0.1 706 725 -1
0.1 696 726 -1
0.1 688 727 -1
0.1 279 728 -1
0.1 341 342 -1
0.1 343 344 -1
0.1 347 348 -1
0.1 346 732 -1
0.1 350 351 -1
0.1 349 734 -1
0.1 352 353 -1
0.1 735 736 -1
0.1 733 737 -1
0.1 345 738 -1
0.1 731 739 -1
0.1 730 740 -1
0.1 340 741 -1
0.1 742 354 -1
0.1 355 356 -1
0.1 357 358 -1
0.1 745 359 -1
0.1 744 746 -1
0.1 743 747 -1
0.1 729 748 -1
0.1 278 749 -1
0.1 669 750 -1
0.1 751 360 -1
0.1 271 752 -1
0.1 664 753 -1
0.1 635 754 -1
0.1 755 361 -1
0.1 633 756 -1
0.1 362 363 -1
0.1 757 758 -1
0.1 367 368 -1
0.1 370 371 -1
0.1 369 761 -1
0.1 373 374 -1
0.1 375 376 -1
0.1 763 764 -1
0.1 372 765 -1
0.1 762 766 -1
0.1 760 767 -1
0.1 366 768 -1
0.1 377 378 -1
0.1 379 380 -1
0.1 381 382 -1
0.1 771 772 -1
0.1 770 773 -1
0.1 769 774 -1
0.1 775 383 -1
0.1 365 776 -1
0.1 364 777 -1
0.1 759 778 -1
0.1 632 779 -1
0.1 386 387 -1
0.1 385 781 -1
0.1 388 389 -1
0.1 391 392 -1
0.1 390 784 -1
0.1 783 785 -1
0.1 782 786 -1
0.1 384 787 -1
0.1 788 393 -1
0.1 780 789 -1
0.1 623 790 -1
0.1 394 395 -1
0.1 792 396 -1
0.1 399 400 -1
0.1 398 794 -1
0.1 397 795 -1
0.1 793 796 -1
0.1 791 797 -1
0.1 615 798 -1
