1 0 0 1
1 0 0 1
1 0 0 1
1 0 0 1
1 0 0 2
1 0 0 3
1 0 0 3
1 0 0 3
1 0 0 3
1 0 0 3
1 0 0 4
1 0 0 4
1 0 0 5
1 0 0 5
1 0 0 5
1 0 0 5
1 0 0 5
1 0 0 6
1 0 0 6
1 0 0 6
1 0 0 6
1 0 0 6
1 0 0 6
1 0 0 6
1 0 0 6
1 0 0 6
1 0 0 6
1 0 0 7
1 0 0 7
1 0 0 7
1 0 0 8
1 0 0 8
1 0 0 8
1 0 0 8
1 0 0 8
1 0 0 8
1 0 0 8
1 0 0 8
1 0 0 8
1 0 0 8
1 0 0 7
1 0 0 7
1 0 0 7
1 0 0 7
1 0 0 7
1 0 0 7
1 0 0 7
1 0 0 9
1 0 0 10
1 0 0 10
1 0 0 11
1 0 0 11
1 0 0 11
1 0 0 11
1 0 0 11
1 0 0 11
1 0 0 11
1 0 0 11
1 0 0 11
1 0 0 11
1 0 0 10
1 0 0 10
1 0 0 10
1 0 0 10
1 0 0 10
1 0 0 10
1 0 0 10
1 0 0 10
1 0 0 9
1 0 0 9
1 0 0 9
1 0 0 9
1 0 0 9
1 0 0 9
1 0 0 9
1 0 0 9
1 0 0 9
1 0 0 12
1 0 0 12
1 0 0 13
1 0 0 13
1 0 0 13
1 0 0 13
1 0 0 13
1 0 0 13
1 0 0 13
1 0 0 13
1 0 0 13
1 0 0 13
1 0 0 12
1 0 0 12
1 0 0 12
1 0 0 12
1 0 0 12
1 0 0 12
1 0 0 12
1 0 0 12
1 0 0 5
1 0 0 5
1 0 0 5
1 0 0 5
1 0 0 5
1 0 0 4
1 0 0 14
1 0 0 14
1 0 0 14
1 0 0 14
1 0 0 14
1 0 0 14
1 0 0 15
1 0 0 15
1 0 0 15
1 0 0 15
1 0 0 15
1 0 0 15
1 0 0 15
1 0 0 15
1 0 0 15
1 0 0 15
1 0 0 14
1 0 0 14
1 0 0 14
1 0 0 14
1 0 0 16
1 0 0 16
1 0 0 16
1 0 0 16
1 0 0 16
1 0 0 16
1 0 0 16
1 0 0 16
1 0 0 16
1 0 0 16
1 0 0 4
1 0 0 4
1 0 0 4
1 0 0 4
1 0 0 4
1 0 0 17
1 0 0 17
1 0 0 17
1 0 0 4
1 0 0 4
1 0 0 3
1 0 0 3
1 0 0 17
1 0 0 17
1 0 0 17
1 0 0 17
1 0 0 17
1 0 0 17
1 0 0 17
1 0 0 18
1 0 0 18
1 0 0 18
1 0 0 18
1 0 0 18
1 0 0 18
1 0 0 18
1 0 0 19
1 0 0 19
1 0 0 19
1 0 0 19
1 0 0 19
1 0 0 19
1 0 0 19
1 0 0 19
1 0 0 19
1 0 0 19
1 0 0 18
1 0 0 18
1 0 0 18
1 0 0 3
1 0 0 3
1 0 0 3
1 0 0 20
1 0 0 20
1 0 0 20
1 0 0 21
1 0 0 21
1 0 0 21
1 0 0 21
1 0 0 21
1 0 0 21
1 0 0 21
1 0 0 21
1 0 0 21
1 0 0 21
1 0 0 20
1 0 0 20
1 0 0 20
1 0 0 20
1 0 0 20
1 0 0 20
1 0 0 20
1 0 0 22
1 0 0 22
1 0 0 22
1 0 0 22
1 0 0 22
1 0 0 22
1 0 0 22
1 0 0 22
1 0 0 22
1 0 0 22
1 0 0 2
1 0 0 2
1 0 0 2
1 0 0 2
1 0 0 2
1 0 0 2
1 0 0 2
1 0 0 2
1 0 0 2
1 0 0 1
1 0 0 1
1 0 0 1
1 0 0 1
1 0 0 23
1 0 0 23
1 0 0 23
1 0 0 23
1 0 0 23
1 0 0 23
1 0 0 23
1 0 0 23
1 0 0 23
1 0 0 23
1 0 0 1
1 0 0 24
1 0 0 24
1 0 0 24
1 0 0 24
1 0 0 24
1 0 0 24
1 0 0 24
1 0 0 24
1 0 0 24
1 0 0 25
1 0 0 25
1 0 0 25
1 0 0 25
1 0 0 25
1 0 0 25
1 0 0 25
1 0 0 25
1 0 0 25
1 0 0 25
1 0 0 26
1 0 0 26
1 0 0 26
1 0 0 26
1 0 0 26
1 0 0 26
1 0 0 26
1 0 0 26
1 0 0 26
1 0 0 26
1 0 0 27
1 0 0 27
1 0 0 27
1 0 0 27
1 0 0 27
1 0 0 27
1 0 0 27
1 0 0 27
1 0 0 27
1 0 0 27
1 0 0 24
1 0 0 1
1 0 0 28
1 0 0 28
1 0 0 28
1 0 0 28
1 0 0 28
1 0 0 28
1 0 0 28
1 0 0 28
1 0 0 28
1 0 0 28
1 0 0 29
1 0 0 29
1 0 0 29
1 0 0 29
1 0 0 29
1 0 0 29
1 0 0 30
1 0 0 30
1 0 0 30
1 0 0 30
1 0 0 30
1 0 0 30
1 0 0 30
1 0 0 30
1 0 0 30
1 0 0 30
1 0 0 29
1 0 0 31
1 0 0 31
1 0 0 31
1 0 0 31
1 0 0 31
1 0 0 31
1 0 0 31
1 0 0 31
1 0 0 31
1 0 0 31
1 0 0 29
1 0 0 29
1 0 0 29
1 0 0 32
1 0 0 33
1 0 0 33
1 0 0 33
1 0 0 33
1 0 0 33
1 0 0 33
1 0 0 33
1 0 0 33
1 0 0 33
1 0 0 33
1 0 0 34
1 0 0 34
1 0 0 34
1 0 0 34
1 0 0 34
1 0 0 34
1 0 0 34
1 0 0 34
1 0 0 34
1 0 0 34
1 0 0 35
1 0 0 35
1 0 0 35
1 0 0 35
1 0 0 35
1 0 0 35
1 0 0 36
1 0 0 36
1 0 0 36
1 0 0 36
1 0 0 36
1 0 0 36
1 0 0 37
1 0 0 37
1 0 0 37
1 0 0 37
1 0 0 37
1 0 0 37
1 0 0 37
1 0 0 37
1 0 0 37
1 0 0 37
1 0 0 36
1 0 0 36
1 0 0 36
1 0 0 38
1 0 0 38
1 0 0 38
1 0 0 38
1 0 0 38
1 0 0 38
1 0 0 38
1 0 0 38
1 0 0 38
1 0 0 38
1 0 0 36
1 0 0 35
1 0 0 35
1 0 0 35
1 0 0 35
1 0 0 32
1 0 0 32
1 0 0 32
1 0 0 39
1 0 0 39
1 0 0 39
1 0 0 39
1 0 0 39
1 0 0 39
1 0 0 39
1 0 0 39
1 0 0 39
1 0 0 39
1 0 0 32
1 0 0 32
1 0 0 32
1 0 0 32
1 0 0 32
1 0 0 32
1 0 0 40
1 0 0 40
1 0 0 40
1 0 0 40
1 0 0 40
1 0 0 40
1 0 0 40
1 0 0 40
1 0 0 40
1 0 0 40
0.1 1 2 -1
0.1 3 4 -1
0.1 402 5 -1
0.1 401 403 -1
0.1 8 9 -1
0.1 7 405 -1
0.1 6 406 -1
0.1 404 407 -1
0.1 11 12 -1
0.1 14 15 -1
0.1 13 410 -1
0.1 411 16 -1
0.1 18 19 -1
0.1 22 23 -1
0.1 21 414 -1
0.1 26 27 -1
0.1 25 416 -1
0.1 24 417 -1
0.1 415 418 -1
0.1 20 419 -1
0.1 413 420 -1
0.1 29 30 -1
0.1 31 32 -1
0.1 34 35 -1
0.1 33 424 -1
0.1 425 36 -1
0.1 423 426 -1
0.1 39 40 -1
0.1 38 428 -1
0.1 37 429 -1
0.1 427 430 -1
0.1 422 431 -1
0.1 28 432 -1
0.1 41 42 -1
0.1 43 44 -1
0.1 434 435 -1
0.1 433 436 -1
0.1 46 47 -1
0.1 45 438 -1
0.1 437 439 -1
0.1 49 50 -1
0.1 53 54 -1
0.1 52 442 -1
0.1 55 56 -1
0.1 444 57 -1
0.1 443 445 -1
0.1 58 59 -1
0.1 446 447 -1
0.1 51 448 -1
0.1 449 60 -1
0.1 441 450 -1
0.1 61 62 -1
0.1 63 64 -1
0.1 66 67 -1
0.1 65 454 -1
0.1 453 455 -1
0.1 452 456 -1
0.1 451 457 -1
0.1 458 68 -1
0.1 70 71 -1
0.1 69 460 -1
0.1 461 72 -1
0.1 74 75 -1
0.1 76 77 -1
0.1 463 464 -1
0.1 73 465 -1
0.1 462 466 -1
0.1 459 467 -1
0.1 48 468 -1
0.1 440 469 -1
0.1 421 470 -1
0.1 17 471 -1
0.1 81 82 -1
0.1 80 473 -1
0.1 84 85 -1
0.1 83 475 -1
0.1 86 87 -1
0.1 476 477 -1
0.1 474 478 -1
0.1 88 89 -1
0.1 479 480 -1
0.1 79 481 -1
0.1 90 91 -1
0.1 482 483 -1
0.1 78 484 -1
0.1 485 92 -1
0.1 93 94 -1
0.1 96 97 -1
0.1 95 488 -1
0.1 487 489 -1
0.1 486 490 -1
0.1 472 491 -1
0.1 492 98 -1
0.1 99 100 -1
0.1 101 102 -1
0.1 494 495 -1
0.1 493 496 -1
0.1 412 497 -1
0.1 104 105 -1
0.1 106 107 -1
0.1 108 109 -1
0.1 500 501 -1
0.1 110 111 -1
0.1 112 113 -1
0.1 114 115 -1
0.1 504 505 -1
0.1 503 506 -1
0.1 116 117 -1
0.1 118 119 -1
0.1 508 509 -1
0.1 507 510 -1
0.1 121 122 -1
0.1 120 512 -1
0.1 511 513 -1
0.1 502 514 -1
0.1 515 123 -1
0.1 499 516 -1
0.1 103 517 -1
0.1 498 518 -1
0.1 125 126 -1
0.1 124 520 -1
0.1 127 128 -1
0.1 129 130 -1
0.1 523 131 -1
0.1 522 524 -1
0.1 521 525 -1
0.1 526 132 -1
0.1 527 133 -1
0.1 519 528 -1
0.1 135 136 -1
0.1 134 530 -1
0.1 529 531 -1
0.1 409 532 -1
0.1 137 138 -1
0.1 533 534 -1
0.1 139 140 -1
0.1 536 141 -1
0.1 142 143 -1
0.1 537 538 -1
0.1 535 539 -1
0.1 146 147 -1
0.1 148 149 -1
0.1 150 151 -1
0.1 542 543 -1
0.1 541 544 -1
0.1 545 152 -1
0.1 154 155 -1
0.1 157 158 -1
0.1 156 548 -1
0.1 549 159 -1
0.1 161 162 -1
0.1 163 164 -1
0.1 166 167 -1
0.1 165 553 -1
0.1 552 554 -1
0.1 551 555 -1
0.1 160 556 -1
0.1 168 169 -1
0.1 557 558 -1
0.1 171 172 -1
0.1 170 560 -1
0.1 559 561 -1
0.1 550 562 -1
0.1 547 563 -1
0.1 153 564 -1
0.1 546 565 -1
0.1 145 566 -1
0.1 144 567 -1
0.1 540 568 -1
0.1 10 569 -1
0.1 408 570 -1
0.1 173 174 -1
0.1 572 175 -1
0.1 179 180 -1
0.1 183 184 -1
0.1 187 188 -1
0.1 186 576 -1
0.1 185 577 -1
0.1 575 578 -1
0.1 182 579 -1
0.1 181 580 -1
0.1 574 581 -1
0.1 178 582 -1
0.1 177 583 -1
0.1 189 190 -1
0.1 191 192 -1
0.1 585 586 -1
0.1 193 194 -1
0.1 587 588 -1
0.1 584 589 -1
0.1 176 590 -1
0.1 591 195 -1
0.1 573 592 -1
0.1 198 199 -1
0.1 197 594 -1
0.1 595 200 -1
0.1 202 203 -1
0.1 201 597 -1
0.1 204 205 -1
0.1 598 599 -1
0.1 596 600 -1
0.1 196 601 -1
0.1 206 207 -1
0.1 210 211 -1
0.1 209 604 -1
0.1 208 605 -1
0.1 603 606 -1
0.1 213 214 -1
0.1 212 608 -1
0.1 607 609 -1
0.1 602 610 -1
0.1 216 217 -1
0.1 215 612 -1
0.1 219 220 -1
0.1 221 222 -1
0.1 615 223 -1
0.1 616 224 -1
0.1 614 617 -1
0.1 225 226 -1
0.1 227 228 -1
0.1 619 620 -1
0.1 618 621 -1
0.1 218 622 -1
0.1 623 229 -1
0.1 613 624 -1
0.1 231 232 -1
0.1 230 626 -1
0.1 233 234 -1
0.1 627 628 -1
0.1 235 236 -1
0.1 629 630 -1
0.1 240 241 -1
0.1 239 632 -1
0.1 242 243 -1
0.1 246 247 -1
0.1 245 635 -1
0.1 636 248 -1
0.1 244 637 -1
0.1 634 638 -1
0.1 633 639 -1
0.1 238 640 -1
0.1 250 251 -1
0.1 253 254 -1
0.1 643 255 -1
0.1 252 644 -1
0.1 256 257 -1
0.1 645 646 -1
0.1 647 258 -1
0.1 642 648 -1
0.1 249 649 -1
0.1 260 261 -1
0.1 263 264 -1
0.1 262 652 -1
0.1 653 265 -1
0.1 267 268 -1
0.1 266 655 -1
0.1 654 656 -1
0.1 651 657 -1
0.1 259 658 -1
0.1 650 659 -1
0.1 641 660 -1
0.1 661 269 -1
0.1 237 662 -1
0.1 631 663 -1
0.1 272 273 -1
0.1 271 665 -1
0.1 276 277 -1
0.1 278 279 -1
0.1 668 280 -1
0.1 667 669 -1
0.1 275 670 -1
0.1 274 671 -1
0.1 666 672 -1
0.1 281 282 -1
0.1 283 284 -1
0.1 287 288 -1
0.1 290 291 -1
0.1 292 293 -1
0.1 677 678 -1
0.1 294 295 -1
0.1 679 680 -1
0.1 289 681 -1
0.1 682 296 -1
0.1 676 683 -1
0.1 286 684 -1
0.1 285 685 -1
0.1 675 686 -1
0.1 298 299 -1
0.1 688 300 -1
0.1 302 303 -1
0.1 304 305 -1
0.1 690 691 -1
0.1 306 307 -1
0.1 692 693 -1
0.1 301 694 -1
0.1 689 695 -1
0.1 696 308 -1
0.1 309 310 -1
0.1 697 698 -1
0.1 297 699 -1
0.1 687 700 -1
0.1 674 701 -1
0.1 673 702 -1
0.1 270 703 -1
0.1 312 313 -1
0.1 316 317 -1
0.1 315 706 -1
0.1 314 707 -1
0.1 705 708 -1
0.1 318 319 -1
0.1 320 321 -1
0.1 710 711 -1
0.1 709 712 -1
0.1 323 324 -1
0.1 325 326 -1
0.1 714 715 -1
0.1 322 716 -1
0.1 327 328 -1
0.1 717 718 -1
0.1 329 330 -1
0.1 720 331 -1
0.1 719 721 -1
0.1 713 722 -1
0.1 333 334 -1
0.1 332 724 -1
0.1 336 337 -1
0.1 335 726 -1
0.1 725 727 -1
0.1 723 728 -1
0.1 338 339 -1
0.1 730 340 -1
0.1 341 342 -1
0.1 344 345 -1
0.1 346 347 -1
0.1 734 348 -1
0.1 733 735 -1
0.1 736 349 -1
0.1 352 353 -1
0.1 351 738 -1
0.1 350 739 -1
0.1 737 740 -1
0.1 343 741 -1
0.1 357 358 -1
0.1 743 359 -1
0.1 361 362 -1
0.1 745 363 -1
0.1 746 364 -1
0.1 360 747 -1
0.1 365 366 -1
0.1 748 749 -1
0.1 744 750 -1
0.1 356 751 -1
0.1 355 752 -1
0.1 354 753 -1
0.1 742 754 -1
0.1 755 367 -1
0.1 732 756 -1
0.1 731 757 -1
0.1 758 368 -1
0.1 369 370 -1
0.1 760 371 -1
0.1 759 761 -1
0.1 729 762 -1
0.1 373 374 -1
0.1 372 764 -1
0.1 763 765 -1
0.1 311 766 -1
0.1 704 767 -1
0.1 376 377 -1
0.1 375 769 -1
0.1 378 379 -1
0.1 383 384 -1
0.1 382 772 -1
0.1 381 773 -1
0.1 380 774 -1
0.1 771 775 -1
0.1 770 776 -1
0.1 385 386 -1
0.1 387 388 -1
0.1 389 390 -1
0.1 779 780 -1
0.1 778 781 -1
0.1 392 393 -1
0.1 391 783 -1
0.1 395 396 -1
0.1 394 785 -1
0.1 399 400 -1
0.1 398 787 -1
0.1 397 788 -1
0.1 786 789 -1
0.1 784 790 -1
0.1 782 791 -1
0.1 777 792 -1
0.1 768 793 -1
0.1 664 794 -1
0.1 625 795 -1
0.1 611 796 -1
0.1 593 797 -1
0.1 571 798 -1
