1 0 0 1
1 0 0 1
1 0 0 1
1 0 0 2
1 0 0 2
1 0 0 2
1 0 0 2
1 0 0 2
1 0 0 2
1 0 0 2
1 0 0 2
1 0 0 2
1 0 0 2
1 0 0 1
1 0 0 1
1 0 0 1
1 0 0 1
1 0 0 1
1 0 0 1
1 0 0 1
1 0 0 3
1 0 0 3
1 0 0 4
1 0 0 5
1 0 0 5
1 0 0 5
1 0 0 5
1 0 0 5
1 0 0 5
1 0 0 5
1 0 0 5
1 0 0 5
1 0 0 5
1 0 0 6
1 0 0 6
1 0 0 6
1 0 0 6
1 0 0 6
1 0 0 6
1 0 0 6
1 0 0 6
1 0 0 6
1 0 0 6
1 0 0 7
1 0 0 7
1 0 0 7
1 0 0 7
1 0 0 7
1 0 0 7
1 0 0 7
1 0 0 7
1 0 0 7
1 0 0 7
1 0 0 3
1 0 0 3
1 0 0 3
1 0 0 4
1 0 0 8
1 0 0 8
1 0 0 8
1 0 0 8
1 0 0 8
1 0 0 8
1 0 0 8
1 0 0 9
1 0 0 9
1 0 0 9
1 0 0 9
1 0 0 9
1 0 0 9
1 0 0 9
1 0 0 9
1 0 0 9
1 0 0 9
1 0 0 8
1 0 0 8
1 0 0 8
1 0 0 10
1 0 0 10
1 0 0 10
1 0 0 10
1 0 0 10
1 0 0 10
1 0 0 10
1 0 0 10
1 0 0 10
1 0 0 10
1 0 0 11
1 0 0 11
1 0 0 11
1 0 0 11
1 0 0 11
1 0 0 11
1 0 0 11
1 0 0 11
1 0 0 11
1 0 0 11
1 0 0 12
1 0 0 12
1 0 0 12
1 0 0 12
1 0 0 12
1 0 0 12
1 0 0 12
1 0 0 12
1 0 0 12
1 0 0 12
1 0 0 13
1 0 0 13
1 0 0 13
1 0 0 13
1 0 0 13
1 0 0 13
1 0 0 13
1 0 0 13
1 0 0 13
1 0 0 13
1 0 0 4
1 0 0 4
1 0 0 3
1 0 0 4
1 0 0 4
1 0 0 4
1 0 0 4
1 0 0 4
1 0 0 4
1 0 0 14
1 0 0 14
1 0 0 14
1 0 0 14
1 0 0 15
1 0 0 15
1 0 0 15
1 0 0 15
1 0 0 15
1 0 0 15
1 0 0 15
1 0 0 15
1 0 0 15
1 0 0 15
1 0 0 14
1 0 0 14
1 0 0 14
1 0 0 14
1 0 0 14
1 0 0 14
1 0 0 3
1 0 0 3
1 0 0 16
1 0 0 16
1 0 0 17
1 0 0 17
1 0 0 17
1 0 0 17
1 0 0 17
1 0 0 17
1 0 0 17
1 0 0 17
1 0 0 17
1 0 0 17
1 0 0 3
1 0 0 3
1 0 0 18
1 0 0 18
1 0 0 18
1 0 0 18
1 0 0 18
1 0 0 18
1 0 0 18
1 0 0 18
1 0 0 18
1 0 0 18
1 0 0 19
1 0 0 19
1 0 0 19
1 0 0 19
1 0 0 20
1 0 0 20
1 0 0 20
1 0 0 20
1 0 0 19
1 0 0 19
1 0 0 19
1 0 0 19
1 0 0 19
1 0 0 16
1 0 0 16
1 0 0 16
1 0 0 16
1 0 0 16
1 0 0 21
1 0 0 21
1 0 0 21
1 0 0 21
1 0 0 21
1 0 0 21
1 0 0 21
1 0 0 21
1 0 0 21
1 0 0 21
1 0 0 22
1 0 0 22
1 0 0 22
1 0 0 23
1 0 0 23
1 0 0 23
1 0 0 23
1 0 0 23
1 0 0 23
1 0 0 24
1 0 0 24
1 0 0 24
1 0 0 24
1 0 0 24
1 0 0 24
1 0 0 25
1 0 0 25
1 0 0 25
1 0 0 25
1 0 0 25
1 0 0 25
1 0 0 25
1 0 0 25
1 0 0 25
1 0 0 25
1 0 0 24
1 0 0 24
1 0 0 26
1 0 0 26
1 0 0 26
1 0 0 26
1 0 0 26
1 0 0 26
1 0 0 26
1 0 0 26
1 0 0 26
1 0 0 26
1 0 0 24
1 0 0 24
1 0 0 27
1 0 0 27
1 0 0 27
1 0 0 27
1 0 0 27
1 0 0 27
1 0 0 27
1 0 0 27
1 0 0 27
1 0 0 27
1 0 0 28
1 0 0 28
1 0 0 28
1 0 0 28
1 0 0 28
1 0 0 28
1 0 0 28
1 0 0 28
1 0 0 28
1 0 0 28
1 0 0 23
1 0 0 23
1 0 0 23
1 0 0 23
1 0 0 22
1 0 0 22
1 0 0 22
1 0 0 22
1 0 0 22
1 0 0 22
1 0 0 22
1 0 0 29
1 0 0 29
1 0 0 29
1 0 0 29
1 0 0 29
1 0 0 29
1 0 0 29
1 0 0 29
1 0 0 29
1 0 0 29
1 0 0 30
1 0 0 30
1 0 0 30
1 0 0 30
1 0 0 30
1 0 0 30
1 0 0 30
1 0 0 30
1 0 0 30
1 0 0 30
1 0 0 31
1 0 0 31
1 0 0 31
1 0 0 31
1 0 0 31
1 0 0 31
1 0 0 31
1 0 0 31
1 0 0 31
1 0 0 31
1 0 0 32
1 0 0 32
1 0 0 32
1 0 0 33
1 0 0 33
1 0 0 33
1 0 0 33
1 0 0 33
1 0 0 33
1 0 0 33
1 0 0 33
1 0 0 33
1 0 0 33
1 0 0 32
1 0 0 32
1 0 0 32
1 0 0 32
1 0 0 34
1 0 0 34
1 0 0 34
1 0 0 34
1 0 0 34
1 0 0 34
1 0 0 34
1 0 0 34
1 0 0 34
1 0 0 34
1 0 0 32
1 0 0 16
1 0 0 32
1 0 0 32
1 0 0 16
1 0 0 16
1 0 0 35
1 0 0 35
1 0 0 36
1 0 0 36
1 0 0 36
1 0 0 36
1 0 0 36
1 0 0 36
1 0 0 36
1 0 0 36
1 0 0 36
1 0 0 36
1 0 0 37
1 0 0 37
1 0 0 37
1 0 0 37
1 0 0 37
1 0 0 37
1 0 0 37
1 0 0 37
1 0 0 37
1 0 0 37
1 0 0 35
1 0 0 38
1 0 0 38
1 0 0 38
1 0 0 38
1 0 0 38
1 0 0 38
1 0 0 38
1 0 0 38
1 0 0 38
1 0 0 38
1 0 0 35
1 0 0 35
1 0 0 35
1 0 0 35
1 0 0 35
1 0 0 35
1 0 0 35
1 0 0 20
1 0 0 20
1 0 0 20
1 0 0 20
1 0 0 20
1 0 0 20
1 0 0 39
1 0 0 39
1 0 0 39
1 0 0 39
1 0 0 39
1 0 0 39
1 0 0 39
1 0 0 39
1 0 0 40
1 0 0 40
1 0 0 40
1 0 0 40
1 0 0 40
1 0 0 40
1 0 0 40
1 0 0 40
1 0 0 40
1 0 0 40
1 0 0 39
1 0 0 39
1 0 0 19
0.1 4 5 -1
0.1 6 7 -1
0.1 401 402 -1
0.1 403 8 -1
0.1 404 9 -1
0.1 405 10 -1
0.1 11 12 -1
0.1 406 407 -1
0.1 408 13 -1
0.1 3 409 -1
0.1 14 15 -1
0.1 16 17 -1
0.1 411 412 -1
0.1 410 413 -1
0.1 19 20 -1
0.1 18 415 -1
0.1 414 416 -1
0.1 2 417 -1
0.1 1 418 -1
0.1 21 22 -1
0.1 24 25 -1
0.1 421 26 -1
0.1 27 28 -1
0.1 29 30 -1
0.1 423 424 -1
0.1 32 33 -1
0.1 31 426 -1
0.1 34 35 -1
0.1 36 37 -1
0.1 428 429 -1
0.1 39 40 -1
0.1 42 43 -1
0.1 41 432 -1
0.1 431 433 -1
0.1 38 434 -1
0.1 430 435 -1
0.1 427 436 -1
0.1 425 437 -1
0.1 422 438 -1
0.1 46 47 -1
0.1 48 49 -1
0.1 441 50 -1
0.1 440 442 -1
0.1 51 52 -1
0.1 443 444 -1
0.1 45 445 -1
0.1 44 446 -1
0.1 447 53 -1
0.1 54 55 -1
0.1 449 56 -1
0.1 448 450 -1
0.1 439 451 -1
0.1 59 60 -1
0.1 58 453 -1
0.1 62 63 -1
0.1 61 455 -1
0.1 66 67 -1
0.1 457 68 -1
0.1 69 70 -1
0.1 458 459 -1
0.1 65 460 -1
0.1 73 74 -1
0.1 72 462 -1
0.1 71 463 -1
0.1 461 464 -1
0.1 75 76 -1
0.1 465 466 -1
0.1 467 77 -1
0.1 64 468 -1
0.1 456 469 -1
0.1 454 470 -1
0.1 81 82 -1
0.1 80 472 -1
0.1 473 83 -1
0.1 79 474 -1
0.1 84 85 -1
0.1 86 87 -1
0.1 476 477 -1
0.1 475 478 -1
0.1 78 479 -1
0.1 471 480 -1
0.1 89 90 -1
0.1 88 482 -1
0.1 91 92 -1
0.1 95 96 -1
0.1 94 485 -1
0.1 93 486 -1
0.1 487 97 -1
0.1 484 488 -1
0.1 483 489 -1
0.1 481 490 -1
0.1 98 99 -1
0.1 101 102 -1
0.1 104 105 -1
0.1 103 494 -1
0.1 493 495 -1
0.1 106 107 -1
0.1 496 497 -1
0.1 100 498 -1
0.1 492 499 -1
0.1 108 109 -1
0.1 501 110 -1
0.1 111 112 -1
0.1 503 113 -1
0.1 502 504 -1
0.1 114 115 -1
0.1 506 116 -1
0.1 505 507 -1
0.1 508 117 -1
0.1 500 509 -1
0.1 491 510 -1
0.1 57 511 -1
0.1 512 118 -1
0.1 513 119 -1
0.1 120 121 -1
0.1 515 122 -1
0.1 514 516 -1
0.1 517 123 -1
0.1 452 518 -1
0.1 519 124 -1
0.1 520 125 -1
0.1 23 521 -1
0.1 522 126 -1
0.1 128 129 -1
0.1 131 132 -1
0.1 525 133 -1
0.1 134 135 -1
0.1 526 527 -1
0.1 137 138 -1
0.1 136 529 -1
0.1 528 530 -1
0.1 139 140 -1
0.1 531 532 -1
0.1 533 141 -1
0.1 130 534 -1
0.1 524 535 -1
0.1 127 536 -1
0.1 142 143 -1
0.1 145 146 -1
0.1 144 539 -1
0.1 538 540 -1
0.1 537 541 -1
0.1 523 542 -1
0.1 147 148 -1
0.1 543 544 -1
0.1 420 545 -1
0.1 149 150 -1
0.1 152 153 -1
0.1 154 155 -1
0.1 548 549 -1
0.1 156 157 -1
0.1 550 551 -1
0.1 151 552 -1
0.1 159 160 -1
0.1 158 554 -1
0.1 553 555 -1
0.1 547 556 -1
0.1 161 162 -1
0.1 557 558 -1
0.1 546 559 -1
0.1 419 560 -1
0.1 164 165 -1
0.1 166 167 -1
0.1 562 563 -1
0.1 169 170 -1
0.1 168 565 -1
0.1 171 172 -1
0.1 566 567 -1
0.1 564 568 -1
0.1 163 569 -1
0.1 174 175 -1
0.1 173 571 -1
0.1 179 180 -1
0.1 178 573 -1
0.1 177 574 -1
0.1 575 181 -1
0.1 176 576 -1
0.1 183 184 -1
0.1 182 578 -1
0.1 577 579 -1
0.1 580 185 -1
0.1 572 581 -1
0.1 570 582 -1
0.1 187 188 -1
0.1 186 584 -1
0.1 193 194 -1
0.1 192 586 -1
0.1 191 587 -1
0.1 195 196 -1
0.1 197 198 -1
0.1 589 590 -1
0.1 199 200 -1
0.1 591 592 -1
0.1 588 593 -1
0.1 190 594 -1
0.1 189 595 -1
0.1 585 596 -1
0.1 201 202 -1
0.1 598 203 -1
0.1 205 206 -1
0.1 204 600 -1
0.1 207 208 -1
0.1 602 209 -1
0.1 601 603 -1
0.1 211 212 -1
0.1 210 605 -1
0.1 214 215 -1
0.1 217 218 -1
0.1 608 219 -1
0.1 216 609 -1
0.1 222 223 -1
0.1 221 611 -1
0.1 224 225 -1
0.1 612 613 -1
0.1 220 614 -1
0.1 610 615 -1
0.1 230 231 -1
0.1 229 617 -1
0.1 618 232 -1
0.1 228 619 -1
0.1 233 234 -1
0.1 620 621 -1
0.1 236 237 -1
0.1 235 623 -1
0.1 622 624 -1
0.1 227 625 -1
0.1 226 626 -1
0.1 616 627 -1
0.1 607 628 -1
0.1 213 629 -1
0.1 238 239 -1
0.1 630 631 -1
0.1 606 632 -1
0.1 240 241 -1
0.1 242 243 -1
0.1 244 245 -1
0.1 635 636 -1
0.1 634 637 -1
0.1 246 247 -1
0.1 248 249 -1
0.1 639 640 -1
0.1 638 641 -1
0.1 250 251 -1
0.1 253 254 -1
0.1 257 258 -1
0.1 256 645 -1
0.1 646 259 -1
0.1 255 647 -1
0.1 644 648 -1
0.1 252 649 -1
0.1 643 650 -1
0.1 642 651 -1
0.1 633 652 -1
0.1 260 261 -1
0.1 262 263 -1
0.1 654 655 -1
0.1 653 656 -1
0.1 604 657 -1
0.1 599 658 -1
0.1 659 264 -1
0.1 265 266 -1
0.1 267 268 -1
0.1 661 662 -1
0.1 663 269 -1
0.1 664 270 -1
0.1 272 273 -1
0.1 275 276 -1
0.1 274 667 -1
0.1 668 277 -1
0.1 666 669 -1
0.1 271 670 -1
0.1 278 279 -1
0.1 672 280 -1
0.1 671 673 -1
0.1 665 674 -1
0.1 660 675 -1
0.1 282 283 -1
0.1 281 677 -1
0.1 285 286 -1
0.1 284 679 -1
0.1 678 680 -1
0.1 287 288 -1
0.1 682 289 -1
0.1 681 683 -1
0.1 684 290 -1
0.1 676 685 -1
0.1 292 293 -1
0.1 291 687 -1
0.1 296 297 -1
0.1 295 689 -1
0.1 298 299 -1
0.1 690 691 -1
0.1 692 300 -1
0.1 294 693 -1
0.1 688 694 -1
0.1 301 302 -1
0.1 305 306 -1
0.1 304 697 -1
0.1 308 309 -1
0.1 310 311 -1
0.1 699 700 -1
0.1 312 313 -1
0.1 701 702 -1
0.1 307 703 -1
0.1 698 704 -1
0.1 303 705 -1
0.1 706 314 -1
0.1 696 707 -1
0.1 315 316 -1
0.1 318 319 -1
0.1 320 321 -1
0.1 710 711 -1
0.1 322 323 -1
0.1 713 324 -1
0.1 326 327 -1
0.1 325 715 -1
0.1 714 716 -1
0.1 712 717 -1
0.1 317 718 -1
0.1 709 719 -1
0.1 720 328 -1
0.1 721 329 -1
0.1 330 331 -1
0.1 722 723 -1
0.1 708 724 -1
0.1 695 725 -1
0.1 686 726 -1
0.1 332 333 -1
0.1 727 728 -1
0.1 597 729 -1
0.1 583 730 -1
0.1 336 337 -1
0.1 732 338 -1
0.1 340 341 -1
0.1 343 344 -1
0.1 342 735 -1
0.1 734 736 -1
0.1 737 345 -1
0.1 339 738 -1
0.1 733 739 -1
0.1 347 348 -1
0.1 346 741 -1
0.1 350 351 -1
0.1 349 743 -1
0.1 352 353 -1
0.1 744 745 -1
0.1 746 354 -1
0.1 742 747 -1
0.1 748 355 -1
0.1 740 749 -1
0.1 358 359 -1
0.1 751 360 -1
0.1 357 752 -1
0.1 361 362 -1
0.1 365 366 -1
0.1 364 755 -1
0.1 363 756 -1
0.1 754 757 -1
0.1 753 758 -1
0.1 356 759 -1
0.1 750 760 -1
0.1 335 761 -1
0.1 334 762 -1
0.1 367 368 -1
0.1 369 370 -1
0.1 372 373 -1
0.1 371 766 -1
0.1 765 767 -1
0.1 764 768 -1
0.1 763 769 -1
0.1 770 374 -1
0.1 376 377 -1
0.1 375 772 -1
0.1 771 773 -1
0.1 381 382 -1
0.1 383 384 -1
0.1 775 776 -1
0.1 777 385 -1
0.1 778 386 -1
0.1 779 387 -1
0.1 380 780 -1
0.1 389 390 -1
0.1 388 782 -1
0.1 391 392 -1
0.1 784 393 -1
0.1 783 785 -1
0.1 396 397 -1
0.1 395 787 -1
0.1 394 788 -1
0.1 786 789 -1
0.1 398 399 -1
0.1 790 791 -1
0.1 781 792 -1
0.1 793 400 -1
0.1 379 794 -1
0.1 378 795 -1
0.1 774 796 -1
0.1 731 797 -1
0.1 561 798 -1
