1 0 0 1
1 0 0 2
1 0 0 2
1 0 0 2
1 0 0 2
1 0 0 2
1 0 0 2
1 0 0 2
1 0 0 2
1 0 0 2
1 0 0 2
1 0 0 2
1 0 0 2
1 0 0 2
1 0 0 2
1 0 0 2
1 0 0 2
1 0 0 2
1 0 0 2
1 0 0 2
1 0 0 2
1 0 0 3
1 0 0 3
1 0 0 3
1 0 0 3
1 0 0 3
1 0 0 3
1 0 0 3
1 0 0 3
1 0 0 3
1 0 0 3
1 0 0 3
1 0 0 3
1 0 0 3
1 0 0 3
1 0 0 3
1 0 0 3
1 0 0 3
1 0 0 3
1 0 0 3
1 0 0 3
1 0 0 1
1 0 0 1
1 0 0 1
1 0 0 1
1 0 0 1
1 0 0 4
1 0 0 4
1 0 0 4
1 0 0 4
1 0 0 4
1 0 0 4
1 0 0 4
1 0 0 4
1 0 0 4
1 0 0 4
1 0 0 4
1 0 0 4
1 0 0 4
1 0 0 4
1 0 0 4
1 0 0 4
1 0 0 4
1 0 0 4
1 0 0 4
1 0 0 4
1 0 0 1
1 0 0 1
1 0 0 5
1 0 0 5
1 0 0 5
1 0 0 5
1 0 0 5
1 0 0 5
1 0 0 5
1 0 0 5
1 0 0 5
1 0 0 5
1 0 0 5
1 0 0 5
1 0 0 5
1 0 0 5
1 0 0 5
1 0 0 5
1 0 0 5
1 0 0 5
1 0 0 5
1 0 0 5
1 0 0 6
1 0 0 6
1 0 0 6
1 0 0 6
1 0 0 6
1 0 0 6
1 0 0 6
1 0 0 6
1 0 0 6
1 0 0 6
1 0 0 6
1 0 0 6
1 0 0 6
1 0 0 6
1 0 0 6
1 0 0 6
1 0 0 6
1 0 0 6
1 0 0 6
1 0 0 6
1 0 0 7
1 0 0 7
1 0 0 7
1 0 0 7
1 0 0 7
1 0 0 7
1 0 0 7
1 0 0 7
1 0 0 7
1 0 0 7
1 0 0 7
1 0 0 7
1 0 0 7
1 0 0 7
1 0 0 7
1 0 0 7
1 0 0 7
1 0 0 7
1 0 0 7
1 0 0 7
1 0 0 8
1 0 0 8
1 0 0 8
1 0 0 8
1 0 0 8
1 0 0 8
1 0 0 8
1 0 0 8
1 0 0 8
1 0 0 8
1 0 0 8
1 0 0 8
1 0 0 8
1 0 0 8
1 0 0 8
1 0 0 8
1 0 0 8
1 0 0 8
1 0 0 8
1 0 0 8
1 0 0 9
1 0 0 9
1 0 0 9
1 0 0 1
1 0 0 10
1 0 0 10
1 0 0 10
1 0 0 10
1 0 0 10
1 0 0 10
1 0 0 10
1 0 0 10
1 0 0 10
1 0 0 10
1 0 0 10
1 0 0 10
1 0 0 9
1 0 0 9
1 0 0 9
1 0 0 9
1 0 0 9
1 0 0 9
1 0 0 9
1 0 0 9
1 0 0 9
1 0 0 9
1 0 0 9
1 0 0 9
1 0 0 9
1 0 0 9
1 0 0 9
1 0 0 10
1 0 0 10
1 0 0 10
1 0 0 10
1 0 0 10
1 0 0 10
1 0 0 10
1 0 0 10
1 0 0 1
1 0 0 1
1 0 0 1
1 0 0 1
1 0 0 11
1 0 0 11
1 0 0 11
1 0 0 11
1 0 0 11
1 0 0 11
1 0 0 11
1 0 0 11
1 0 0 11
1 0 0 11
1 0 0 11
1 0 0 11
1 0 0 11
1 0 0 11
1 0 0 11
1 0 0 11
1 0 0 11
1 0 0 11
1 0 0 11
1 0 0 11
1 0 0 1
1 0 0 1
1 0 0 12
1 0 0 12
1 0 0 12
1 0 0 12
1 0 0 12
1 0 0 12
1 0 0 12
1 0 0 12
1 0 0 12
1 0 0 12
1 0 0 12
1 0 0 12
1 0 0 12
1 0 0 12
1 0 0 12
1 0 0 12
1 0 0 12
1 0 0 12
1 0 0 12
1 0 0 12
1 0 0 13
1 0 0 13
1 0 0 13
1 0 0 13
1 0 0 13
1 0 0 13
1 0 0 13
1 0 0 13
1 0 0 13
1 0 0 13
1 0 0 13
1 0 0 13
1 0 0 13
1 0 0 13
1 0 0 13
1 0 0 13
1 0 0 13
1 0 0 13
1 0 0 13
1 0 0 13
1 0 0 14
1 0 0 14
1 0 0 14
1 0 0 14
1 0 0 14
1 0 0 14
1 0 0 14
1 0 0 14
1 0 0 14
1 0 0 14
1 0 0 14
1 0 0 14
1 0 0 14
1 0 0 14
1 0 0 14
1 0 0 14
1 0 0 14
1 0 0 14
1 0 0 14
1 0 0 14
1 0 0 15
1 0 0 15
1 0 0 15
1 0 0 15
1 0 0 15
1 0 0 15
1 0 0 15
1 0 0 15
1 0 0 15
1 0 0 15
1 0 0 15
1 0 0 15
1 0 0 15
1 0 0 15
1 0 0 15
1 0 0 15
1 0 0 15
1 0 0 15
1 0 0 15
1 0 0 15
1 0 0 9
1 0 0 9
1 0 0 1
1 0 0 16
1 0 0 16
1 0 0 16
1 0 0 16
1 0 0 16
1 0 0 16
1 0 0 16
1 0 0 16
1 0 0 16
1 0 0 16
1 0 0 16
1 0 0 16
1 0 0 16
1 0 0 16
1 0 0 16
1 0 0 16
1 0 0 16
1 0 0 16
1 0 0 16
1 0 0 16
1 0 0 17
1 0 0 17
1 0 0 17
1 0 0 17
1 0 0 17
1 0 0 17
1 0 0 17
1 0 0 17
1 0 0 17
1 0 0 17
1 0 0 17
1 0 0 17
1 0 0 17
1 0 0 17
1 0 0 17
1 0 0 17
1 0 0 17
1 0 0 17
1 0 0 17
1 0 0 17
1 0 0 18
1 0 0 18
1 0 0 18
1 0 0 18
1 0 0 18
1 0 0 18
1 0 0 18
1 0 0 18
1 0 0 18
1 0 0 18
1 0 0 18
1 0 0 18
1 0 0 18
1 0 0 18
1 0 0 18
1 0 0 18
1 0 0 18
1 0 0 18
1 0 0 18
1 0 0 18
1 0 0 1
1 0 0 1
1 0 0 19
1 0 0 19
1 0 0 19
1 0 0 19
1 0 0 19
1 0 0 19
1 0 0 19
1 0 0 19
1 0 0 19
1 0 0 19
1 0 0 19
1 0 0 19
1 0 0 19
1 0 0 19
1 0 0 19
1 0 0 19
1 0 0 19
1 0 0 19
1 0 0 19
1 0 0 19
1 0 0 1
1 0 0 1
0.1 2 3 -1
0.1 5 6 -1
0.1 4 382 -1
0.1 9 10 -1
0.1 8 384 -1
0.1 7 385 -1
0.1 383 386 -1
0.1 11 12 -1
0.1 14 15 -1
0.1 13 389 -1
0.1 388 390 -1
0.1 16 17 -1
0.1 18 19 -1
0.1 392 393 -1
0.1 391 394 -1
0.1 387 395 -1
0.1 381 396 -1
0.1 20 21 -1
0.1 397 398 -1
0.1 22 23 -1
0.1 25 26 -1
0.1 24 401 -1
0.1 28 29 -1
0.1 27 403 -1
0.1 30 31 -1
0.1 404 405 -1
0.1 402 406 -1
0.1 400 407 -1
0.1 33 34 -1
0.1 32 409 -1
0.1 36 37 -1
0.1 35 411 -1
0.1 38 39 -1
0.1 40 41 -1
0.1 413 414 -1
0.1 412 415 -1
0.1 410 416 -1
0.1 408 417 -1
0.1 399 418 -1
0.1 42 43 -1
0.1 419 420 -1
0.1 44 45 -1
0.1 47 48 -1
0.1 51 52 -1
0.1 424 53 -1
0.1 54 55 -1
0.1 425 426 -1
0.1 50 427 -1
0.1 49 428 -1
0.1 56 57 -1
0.1 60 61 -1
0.1 59 431 -1
0.1 62 63 -1
0.1 432 433 -1
0.1 58 434 -1
0.1 64 65 -1
0.1 435 436 -1
0.1 437 66 -1
0.1 430 438 -1
0.1 429 439 -1
0.1 423 440 -1
0.1 441 67 -1
0.1 46 442 -1
0.1 71 72 -1
0.1 70 444 -1
0.1 69 445 -1
0.1 73 74 -1
0.1 446 447 -1
0.1 78 79 -1
0.1 449 80 -1
0.1 77 450 -1
0.1 76 451 -1
0.1 75 452 -1
0.1 81 82 -1
0.1 453 454 -1
0.1 83 84 -1
0.1 85 86 -1
0.1 87 88 -1
0.1 457 458 -1
0.1 456 459 -1
0.1 455 460 -1
0.1 448 461 -1
0.1 89 90 -1
0.1 92 93 -1
0.1 91 464 -1
0.1 465 94 -1
0.1 96 97 -1
0.1 95 467 -1
0.1 466 468 -1
0.1 100 101 -1
0.1 470 102 -1
0.1 99 471 -1
0.1 98 472 -1
0.1 104 105 -1
0.1 474 106 -1
0.1 103 475 -1
0.1 107 108 -1
0.1 476 477 -1
0.1 473 478 -1
0.1 469 479 -1
0.1 463 480 -1
0.1 462 481 -1
0.1 109 110 -1
0.1 112 113 -1
0.1 111 484 -1
0.1 483 485 -1
0.1 116 117 -1
0.1 115 487 -1
0.1 114 488 -1
0.1 118 119 -1
0.1 489 490 -1
0.1 122 123 -1
0.1 124 125 -1
0.1 492 493 -1
0.1 121 494 -1
0.1 120 495 -1
0.1 491 496 -1
0.1 486 497 -1
0.1 127 128 -1
0.1 126 499 -1
0.1 498 500 -1
0.1 482 501 -1
0.1 68 502 -1
0.1 443 503 -1
0.1 422 504 -1
0.1 421 505 -1
0.1 1 506 -1
0.1 129 130 -1
0.1 132 133 -1
0.1 131 509 -1
0.1 134 135 -1
0.1 510 511 -1
0.1 508 512 -1
0.1 137 138 -1
0.1 136 514 -1
0.1 139 140 -1
0.1 141 142 -1
0.1 144 145 -1
0.1 147 148 -1
0.1 146 519 -1
0.1 518 520 -1
0.1 143 521 -1
0.1 517 522 -1
0.1 516 523 -1
0.1 515 524 -1
0.1 513 525 -1
0.1 507 526 -1
0.1 150 151 -1
0.1 149 528 -1
0.1 529 152 -1
0.1 527 530 -1
0.1 154 155 -1
0.1 156 157 -1
0.1 533 158 -1
0.1 160 161 -1
0.1 159 535 -1
0.1 534 536 -1
0.1 537 162 -1
0.1 167 168 -1
0.1 166 539 -1
0.1 165 540 -1
0.1 171 172 -1
0.1 542 173 -1
0.1 170 543 -1
0.1 169 544 -1
0.1 175 176 -1
0.1 174 546 -1
0.1 545 547 -1
0.1 541 548 -1
0.1 178 179 -1
0.1 177 550 -1
0.1 549 551 -1
0.1 164 552 -1
0.1 180 181 -1
0.1 553 554 -1
0.1 163 555 -1
0.1 538 556 -1
0.1 183 184 -1
0.1 186 187 -1
0.1 185 559 -1
0.1 558 560 -1
0.1 182 561 -1
0.1 557 562 -1
0.1 532 563 -1
0.1 153 564 -1
0.1 188 189 -1
0.1 192 193 -1
0.1 567 194 -1
0.1 568 195 -1
0.1 197 198 -1
0.1 196 570 -1
0.1 200 201 -1
0.1 572 202 -1
0.1 199 573 -1
0.1 204 205 -1
0.1 203 575 -1
0.1 207 208 -1
0.1 206 577 -1
0.1 576 578 -1
0.1 574 579 -1
0.1 209 210 -1
0.1 580 581 -1
0.1 582 211 -1
0.1 571 583 -1
0.1 569 584 -1
0.1 191 585 -1
0.1 190 586 -1
0.1 587 212 -1
0.1 588 213 -1
0.1 566 589 -1
0.1 214 215 -1
0.1 217 218 -1
0.1 220 221 -1
0.1 593 222 -1
0.1 219 594 -1
0.1 592 595 -1
0.1 216 596 -1
0.1 591 597 -1
0.1 224 225 -1
0.1 599 226 -1
0.1 600 227 -1
0.1 229 230 -1
0.1 231 232 -1
0.1 602 603 -1
0.1 228 604 -1
0.1 605 233 -1
0.1 601 606 -1
0.1 223 607 -1
0.1 236 237 -1
0.1 238 239 -1
0.1 609 610 -1
0.1 235 611 -1
0.1 240 241 -1
0.1 243 244 -1
0.1 242 614 -1
0.1 613 615 -1
0.1 612 616 -1
0.1 246 247 -1
0.1 245 618 -1
0.1 249 250 -1
0.1 248 620 -1
0.1 252 253 -1
0.1 251 622 -1
0.1 621 623 -1
0.1 619 624 -1
0.1 617 625 -1
0.1 234 626 -1
0.1 256 257 -1
0.1 628 258 -1
0.1 629 259 -1
0.1 255 630 -1
0.1 263 264 -1
0.1 262 632 -1
0.1 261 633 -1
0.1 634 265 -1
0.1 260 635 -1
0.1 266 267 -1
0.1 268 269 -1
0.1 270 271 -1
0.1 272 273 -1
0.1 639 640 -1
0.1 638 641 -1
0.1 637 642 -1
0.1 636 643 -1
0.1 631 644 -1
0.1 254 645 -1
0.1 274 275 -1
0.1 276 277 -1
0.1 647 648 -1
0.1 649 278 -1
0.1 280 281 -1
0.1 651 282 -1
0.1 279 652 -1
0.1 653 283 -1
0.1 284 285 -1
0.1 654 655 -1
0.1 650 656 -1
0.1 287 288 -1
0.1 658 289 -1
0.1 290 291 -1
0.1 292 293 -1
0.1 660 661 -1
0.1 659 662 -1
0.1 286 663 -1
0.1 657 664 -1
0.1 646 665 -1
0.1 627 666 -1
0.1 608 667 -1
0.1 598 668 -1
0.1 590 669 -1
0.1 294 295 -1
0.1 670 671 -1
0.1 565 672 -1
0.1 298 299 -1
0.1 674 300 -1
0.1 301 302 -1
0.1 675 676 -1
0.1 297 677 -1
0.1 678 303 -1
0.1 304 305 -1
0.1 308 309 -1
0.1 310 311 -1
0.1 681 682 -1
0.1 307 683 -1
0.1 306 684 -1
0.1 680 685 -1
0.1 313 314 -1
0.1 312 687 -1
0.1 686 688 -1
0.1 315 316 -1
0.1 689 690 -1
0.1 679 691 -1
0.1 320 321 -1
0.1 319 693 -1
0.1 322 323 -1
0.1 694 695 -1
0.1 318 696 -1
0.1 317 697 -1
0.1 324 325 -1
0.1 326 327 -1
0.1 328 329 -1
0.1 700 701 -1
0.1 330 331 -1
0.1 703 332 -1
0.1 702 704 -1
0.1 334 335 -1
0.1 333 706 -1
0.1 707 336 -1
0.1 705 708 -1
0.1 699 709 -1
0.1 698 710 -1
0.1 692 711 -1
0.1 337 338 -1
0.1 339 340 -1
0.1 342 343 -1
0.1 341 715 -1
0.1 714 716 -1
0.1 345 346 -1
0.1 344 718 -1
0.1 717 719 -1
0.1 347 348 -1
0.1 349 350 -1
0.1 721 722 -1
0.1 351 352 -1
0.1 353 354 -1
0.1 724 725 -1
0.1 355 356 -1
0.1 726 727 -1
0.1 723 728 -1
0.1 720 729 -1
0.1 713 730 -1
0.1 712 731 -1
0.1 296 732 -1
0.1 357 358 -1
0.1 362 363 -1
0.1 361 735 -1
0.1 360 736 -1
0.1 365 366 -1
0.1 367 368 -1
0.1 369 370 -1
0.1 740 371 -1
0.1 739 741 -1
0.1 738 742 -1
0.1 743 372 -1
0.1 364 744 -1
0.1 373 374 -1
0.1 376 377 -1
0.1 375 747 -1
0.1 748 378 -1
0.1 746 749 -1
0.1 745 750 -1
0.1 737 751 -1
0.1 359 752 -1
0.1 734 753 -1
0.1 379 380 -1
0.1 754 755 -1
0.1 733 756 -1
0.1 673 757 -1
0.1 531 758 -1
