1 0 0 1
1 0 0 2
1 0 0 2
1 0 0 2
1 0 0 2
1 0 0 2
1 0 0 2
1 0 0 2
1 0 0 2
1 0 0 2
1 0 0 2
1 0 0 2
1 0 0 2
1 0 0 2
1 0 0 2
1 0 0 2
1 0 0 2
1 0 0 2
1 0 0 2
1 0 0 2
1 0 0 2
1 0 0 1
1 0 0 1
1 0 0 1
1 0 0 1
1 0 0 1
1 0 0 1
1 0 0 3
1 0 0 3
1 0 0 3
1 0 0 3
1 0 0 3
1 0 0 3
1 0 0 3
1 0 0 3
1 0 0 3
1 0 0 3
1 0 0 4
1 0 0 4
1 0 0 4
1 0 0 4
1 0 0 4
1 0 0 4
1 0 0 4
1 0 0 4
1 0 0 4
1 0 0 4
1 0 0 4
1 0 0 4
1 0 0 4
1 0 0 4
1 0 0 4
1 0 0 4
1 0 0 4
1 0 0 4
1 0 0 4
1 0 0 4
1 0 0 3
1 0 0 3
1 0 0 3
1 0 0 3
1 0 0 3
1 0 0 3
1 0 0 3
1 0 0 3
1 0 0 3
1 0 0 3
1 0 0 1
1 0 0 1
1 0 0 1
1 0 0 1
1 0 0 1
1 0 0 1
1 0 0 1
1 0 0 1
1 0 0 1
1 0 0 1
1 0 0 1
1 0 0 1
1 0 0 1
1 0 0 5
1 0 0 5
1 0 0 5
1 0 0 5
1 0 0 5
1 0 0 5
1 0 0 5
1 0 0 5
1 0 0 5
1 0 0 5
1 0 0 5
1 0 0 5
1 0 0 5
1 0 0 5
1 0 0 5
1 0 0 5
1 0 0 5
1 0 0 5
1 0 0 5
1 0 0 5
1 0 0 6
1 0 0 6
1 0 0 6
1 0 0 6
1 0 0 6
1 0 0 6
1 0 0 6
1 0 0 6
1 0 0 6
1 0 0 6
1 0 0 6
1 0 0 6
1 0 0 6
1 0 0 6
1 0 0 6
1 0 0 6
1 0 0 6
1 0 0 6
1 0 0 6
1 0 0 6
1 0 0 7
1 0 0 7
1 0 0 8
1 0 0 8
1 0 0 8
1 0 0 8
1 0 0 8
1 0 0 8
1 0 0 8
1 0 0 8
1 0 0 8
1 0 0 8
1 0 0 8
1 0 0 8
1 0 0 8
1 0 0 8
1 0 0 8
1 0 0 8
1 0 0 8
1 0 0 8
1 0 0 8
1 0 0 8
1 0 0 7
1 0 0 7
1 0 0 7
1 0 0 7
1 0 0 7
1 0 0 7
1 0 0 7
1 0 0 7
1 0 0 7
1 0 0 7
1 0 0 7
1 0 0 7
1 0 0 7
1 0 0 7
1 0 0 7
1 0 0 7
1 0 0 7
1 0 0 7
1 0 0 9
1 0 0 9
1 0 0 9
1 0 0 9
1 0 0 9
1 0 0 9
1 0 0 9
1 0 0 9
1 0 0 9
1 0 0 9
1 0 0 9
1 0 0 9
1 0 0 9
1 0 0 9
1 0 0 9
1 0 0 9
1 0 0 9
1 0 0 9
1 0 0 9
1 0 0 9
1 0 0 10
1 0 0 10
1 0 0 10
1 0 0 10
1 0 0 10
1 0 0 10
1 0 0 10
1 0 0 10
1 0 0 10
1 0 0 10
1 0 0 10
1 0 0 10
1 0 0 10
1 0 0 10
1 0 0 10
1 0 0 10
1 0 0 10
1 0 0 10
1 0 0 10
1 0 0 10
1 0 0 11
1 0 0 11
1 0 0 11
1 0 0 11
1 0 0 11
1 0 0 11
1 0 0 11
1 0 0 11
1 0 0 11
1 0 0 11
1 0 0 11
1 0 0 11
1 0 0 11
1 0 0 11
1 0 0 11
1 0 0 11
1 0 0 11
1 0 0 11
1 0 0 11
1 0 0 11
0.1 2 3 -1
0.1 221 4 -1
0.1 222 5 -1
0.1 7 8 -1
0.1 6 224 -1
0.1 9 10 -1
0.1 13 14 -1
0.1 12 227 -1
0.1 11 228 -1
0.1 226 229 -1
0.1 225 230 -1
0.1 223 231 -1
0.1 15 16 -1
0.1 18 19 -1
0.1 17 234 -1
0.1 233 235 -1
0.1 20 21 -1
0.1 236 237 -1
0.1 232 238 -1
0.1 1 239 -1
0.1 240 22 -1
0.1 25 26 -1
0.1 24 242 -1
0.1 23 243 -1
0.1 241 244 -1
0.1 245 27 -1
0.1 30 31 -1
0.1 29 247 -1
0.1 32 33 -1
0.1 248 249 -1
0.1 28 250 -1
0.1 35 36 -1
0.1 252 37 -1
0.1 34 253 -1
0.1 38 39 -1
0.1 43 44 -1
0.1 45 46 -1
0.1 256 257 -1
0.1 42 258 -1
0.1 41 259 -1
0.1 50 51 -1
0.1 49 261 -1
0.1 48 262 -1
0.1 47 263 -1
0.1 260 264 -1
0.1 54 55 -1
0.1 53 266 -1
0.1 52 267 -1
0.1 268 56 -1
0.1 269 57 -1
0.1 265 270 -1
0.1 40 271 -1
0.1 255 272 -1
0.1 58 59 -1
0.1 273 274 -1
0.1 254 275 -1
0.1 251 276 -1
0.1 246 277 -1
0.1 61 62 -1
0.1 65 66 -1
0.1 280 67 -1
0.1 64 281 -1
0.1 63 282 -1
0.1 279 283 -1
0.1 60 284 -1
0.1 68 69 -1
0.1 70 71 -1
0.1 287 72 -1
0.1 74 75 -1
0.1 289 76 -1
0.1 290 77 -1
0.1 73 291 -1
0.1 79 80 -1
0.1 78 293 -1
0.1 292 294 -1
0.1 288 295 -1
0.1 286 296 -1
0.1 84 85 -1
0.1 83 298 -1
0.1 82 299 -1
0.1 81 300 -1
0.1 301 86 -1
0.1 90 91 -1
0.1 89 303 -1
0.1 88 304 -1
0.1 87 305 -1
0.1 93 94 -1
0.1 92 307 -1
0.1 308 95 -1
0.1 97 98 -1
0.1 310 99 -1
0.1 311 100 -1
0.1 96 312 -1
0.1 309 313 -1
0.1 306 314 -1
0.1 302 315 -1
0.1 101 102 -1
0.1 103 104 -1
0.1 317 318 -1
0.1 105 106 -1
0.1 108 109 -1
0.1 107 321 -1
0.1 110 111 -1
0.1 113 114 -1
0.1 112 324 -1
0.1 323 325 -1
0.1 322 326 -1
0.1 320 327 -1
0.1 319 328 -1
0.1 116 117 -1
0.1 119 120 -1
0.1 118 331 -1
0.1 330 332 -1
0.1 115 333 -1
0.1 121 122 -1
0.1 125 126 -1
0.1 124 336 -1
0.1 127 128 -1
0.1 338 129 -1
0.1 339 130 -1
0.1 133 134 -1
0.1 132 341 -1
0.1 131 342 -1
0.1 138 139 -1
0.1 137 344 -1
0.1 136 345 -1
0.1 140 141 -1
0.1 346 347 -1
0.1 135 348 -1
0.1 349 142 -1
0.1 343 350 -1
0.1 340 351 -1
0.1 337 352 -1
0.1 123 353 -1
0.1 335 354 -1
0.1 355 143 -1
0.1 145 146 -1
0.1 357 147 -1
0.1 149 150 -1
0.1 152 153 -1
0.1 151 360 -1
0.1 359 361 -1
0.1 154 155 -1
0.1 156 157 -1
0.1 363 364 -1
0.1 362 365 -1
0.1 148 366 -1
0.1 358 367 -1
0.1 144 368 -1
0.1 158 159 -1
0.1 369 370 -1
0.1 356 371 -1
0.1 372 160 -1
0.1 334 373 -1
0.1 329 374 -1
0.1 316 375 -1
0.1 162 163 -1
0.1 164 165 -1
0.1 377 378 -1
0.1 161 379 -1
0.1 168 169 -1
0.1 167 381 -1
0.1 171 172 -1
0.1 170 383 -1
0.1 173 174 -1
0.1 177 178 -1
0.1 179 180 -1
0.1 386 387 -1
0.1 176 388 -1
0.1 175 389 -1
0.1 385 390 -1
0.1 384 391 -1
0.1 382 392 -1
0.1 166 393 -1
0.1 380 394 -1
0.1 183 184 -1
0.1 182 396 -1
0.1 181 397 -1
0.1 185 186 -1
0.1 187 188 -1
0.1 191 192 -1
0.1 190 401 -1
0.1 193 194 -1
0.1 403 195 -1
0.1 402 404 -1
0.1 189 405 -1
0.1 406 196 -1
0.1 400 407 -1
0.1 399 408 -1
0.1 398 409 -1
0.1 410 197 -1
0.1 199 200 -1
0.1 198 412 -1
0.1 411 413 -1
0.1 395 414 -1
0.1 376 415 -1
0.1 297 416 -1
0.1 285 417 -1
0.1 278 418 -1
0.1 201 202 -1
0.1 203 204 -1
0.1 206 207 -1
0.1 205 422 -1
0.1 421 423 -1
0.1 208 209 -1
0.1 212 213 -1
0.1 211 426 -1
0.1 210 427 -1
0.1 428 214 -1
0.1 425 429 -1
0.1 424 430 -1
0.1 216 217 -1
0.1 215 432 -1
0.1 433 218 -1
0.1 434 219 -1
0.1 435 220 -1
0.1 431 436 -1
0.1 420 437 -1
0.1 419 438 -1
