1 0 0 1
1 0 0 1
1 0 0 2
1 0 0 2
1 0 0 2
1 0 0 2
1 0 0 2
1 0 0 2
1 0 0 2
1 0 0 2
1 0 0 2
1 0 0 2
1 0 0 3
1 0 0 3
1 0 0 3
1 0 0 3
1 0 0 4
1 0 0 4
1 0 0 4
1 0 0 4
1 0 0 4
1 0 0 4
1 0 0 4
1 0 0 4
1 0 0 4
1 0 0 4
1 0 0 5
1 0 0 5
1 0 0 5
1 0 0 6
1 0 0 6
1 0 0 6
1 0 0 5
1 0 0 5
1 0 0 5
1 0 0 5
1 0 0 6
1 0 0 6
1 0 0 6
1 0 0 6
1 0 0 6
1 0 0 7
1 0 0 7
1 0 0 7
1 0 0 6
1 0 0 6
1 0 0 8
1 0 0 8
1 0 0 8
1 0 0 8
1 0 0 8
1 0 0 8
1 0 0 8
1 0 0 8
1 0 0 8
1 0 0 8
1 0 0 5
1 0 0 9
1 0 0 9
1 0 0 10
1 0 0 10
1 0 0 10
1 0 0 5
1 0 0 5
1 0 0 11
1 0 0 12
1 0 0 13
1 0 0 12
1 0 0 12
1 0 0 13
1 0 0 13
1 0 0 13
1 0 0 13
1 0 0 13
1 0 0 13
1 0 0 13
1 0 0 13
1 0 0 12
1 0 0 12
1 0 0 12
1 0 0 12
1 0 0 12
1 0 0 12
1 0 0 12
1 0 0 13
1 0 0 11
1 0 0 3
1 0 0 11
1 0 0 9
1 0 0 9
1 0 0 9
1 0 0 9
1 0 0 9
1 0 0 9
1 0 0 9
1 0 0 11
1 0 0 14
1 0 0 14
1 0 0 14
1 0 0 14
1 0 0 14
1 0 0 14
1 0 0 14
1 0 0 14
1 0 0 14
1 0 0 14
1 0 0 11
1 0 0 11
1 0 0 11
1 0 0 11
1 0 0 11
1 0 0 15
1 0 0 15
1 0 0 15
1 0 0 16
1 0 0 16
1 0 0 16
1 0 0 16
1 0 0 16
1 0 0 16
1 0 0 16
1 0 0 16
1 0 0 16
1 0 0 16
1 0 0 15
1 0 0 15
1 0 0 15
1 0 0 15
1 0 0 15
1 0 0 15
1 0 0 17
1 0 0 17
1 0 0 7
1 0 0 7
1 0 0 7
1 0 0 18
1 0 0 18
1 0 0 18
1 0 0 18
1 0 0 18
1 0 0 18
1 0 0 18
1 0 0 18
1 0 0 18
1 0 0 18
1 0 0 19
1 0 0 7
1 0 0 19
1 0 0 19
1 0 0 19
1 0 0 19
1 0 0 19
1 0 0 19
1 0 0 19
1 0 0 19
1 0 0 19
1 0 0 20
1 0 0 20
1 0 0 21
1 0 0 7
1 0 0 7
1 0 0 21
1 0 0 21
1 0 0 21
1 0 0 21
1 0 0 21
1 0 0 21
1 0 0 21
1 0 0 21
1 0 0 21
1 0 0 22
1 0 0 22
1 0 0 22
1 0 0 22
1 0 0 22
1 0 0 22
1 0 0 22
1 0 0 22
1 0 0 22
1 0 0 22
1 0 0 23
1 0 0 23
1 0 0 23
1 0 0 23
1 0 0 23
1 0 0 23
1 0 0 23
1 0 0 23
1 0 0 23
1 0 0 23
1 0 0 17
1 0 0 20
1 0 0 20
1 0 0 20
1 0 0 20
1 0 0 20
1 0 0 20
1 0 0 20
1 0 0 20
1 0 0 17
1 0 0 24
1 0 0 24
1 0 0 7
1 0 0 24
1 0 0 24
1 0 0 24
1 0 0 24
1 0 0 10
1 0 0 10
1 0 0 10
1 0 0 10
1 0 0 10
1 0 0 10
1 0 0 10
1 0 0 24
1 0 0 24
1 0 0 24
1 0 0 24
1 0 0 25
1 0 0 25
1 0 0 25
1 0 0 25
1 0 0 25
1 0 0 25
1 0 0 25
1 0 0 26
1 0 0 26
1 0 0 26
1 0 0 26
1 0 0 26
1 0 0 26
1 0 0 26
1 0 0 26
1 0 0 26
1 0 0 26
1 0 0 25
1 0 0 25
1 0 0 25
1 0 0 17
1 0 0 17
1 0 0 17
1 0 0 17
1 0 0 17
1 0 0 27
1 0 0 15
1 0 0 27
1 0 0 27
1 0 0 27
1 0 0 27
1 0 0 27
1 0 0 17
1 0 0 27
1 0 0 27
1 0 0 27
1 0 0 9
1 0 0 11
1 0 0 27
1 0 0 28
1 0 0 3
1 0 0 3
1 0 0 3
1 0 0 3
1 0 0 3
1 0 0 28
1 0 0 1
1 0 0 29
1 0 0 29
1 0 0 29
1 0 0 29
1 0 0 29
1 0 0 29
1 0 0 29
1 0 0 29
1 0 0 30
1 0 0 30
1 0 0 30
1 0 0 30
1 0 0 30
1 0 0 30
1 0 0 30
1 0 0 30
1 0 0 30
1 0 0 30
1 0 0 31
1 0 0 31
1 0 0 29
1 0 0 32
1 0 0 32
1 0 0 32
1 0 0 32
1 0 0 32
1 0 0 32
1 0 0 32
1 0 0 32
1 0 0 31
1 0 0 31
1 0 0 33
1 0 0 28
1 0 0 28
1 0 0 28
1 0 0 28
1 0 0 34
1 0 0 34
1 0 0 34
1 0 0 34
1 0 0 34
1 0 0 34
1 0 0 34
1 0 0 34
1 0 0 34
1 0 0 34
1 0 0 28
1 0 0 28
1 0 0 35
1 0 0 35
1 0 0 35
1 0 0 35
1 0 0 35
1 0 0 35
1 0 0 35
1 0 0 35
1 0 0 35
1 0 0 35
1 0 0 33
1 0 0 33
1 0 0 33
1 0 0 33
1 0 0 33
1 0 0 33
1 0 0 33
1 0 0 33
1 0 0 36
1 0 0 36
1 0 0 36
1 0 0 36
1 0 0 36
1 0 0 36
1 0 0 36
1 0 0 36
1 0 0 36
1 0 0 36
1 0 0 33
1 0 0 31
1 0 0 31
1 0 0 1
1 0 0 1
1 0 0 1
1 0 0 1
1 0 0 1
1 0 0 31
1 0 0 37
1 0 0 37
1 0 0 37
1 0 0 37
1 0 0 37
1 0 0 37
1 0 0 37
1 0 0 37
1 0 0 37
1 0 0 37
1 0 0 32
1 0 0 32
1 0 0 28
1 0 0 28
1 0 0 38
1 0 0 38
1 0 0 38
1 0 0 38
1 0 0 38
1 0 0 38
1 0 0 38
1 0 0 38
1 0 0 38
1 0 0 38
1 0 0 1
1 0 0 1
1 0 0 31
1 0 0 31
1 0 0 31
1 0 0 29
0.1 1 2 -1
0.1 5 6 -1
0.1 382 7 -1
0.1 4 383 -1
0.1 9 10 -1
0.1 8 385 -1
0.1 384 386 -1
0.1 3 387 -1
0.1 11 12 -1
0.1 388 389 -1
0.1 15 16 -1
0.1 17 18 -1
0.1 20 21 -1
0.1 393 22 -1
0.1 394 23 -1
0.1 24 25 -1
0.1 395 396 -1
0.1 19 397 -1
0.1 398 26 -1
0.1 392 399 -1
0.1 27 28 -1
0.1 31 32 -1
0.1 30 402 -1
0.1 33 34 -1
0.1 404 35 -1
0.1 405 36 -1
0.1 403 406 -1
0.1 29 407 -1
0.1 401 408 -1
0.1 400 409 -1
0.1 39 40 -1
0.1 42 43 -1
0.1 412 44 -1
0.1 41 413 -1
0.1 411 414 -1
0.1 415 45 -1
0.1 38 416 -1
0.1 37 417 -1
0.1 418 46 -1
0.1 50 51 -1
0.1 49 420 -1
0.1 48 421 -1
0.1 422 52 -1
0.1 55 56 -1
0.1 54 424 -1
0.1 53 425 -1
0.1 423 426 -1
0.1 47 427 -1
0.1 58 59 -1
0.1 61 62 -1
0.1 60 430 -1
0.1 429 431 -1
0.1 63 64 -1
0.1 432 433 -1
0.1 57 434 -1
0.1 435 65 -1
0.1 428 436 -1
0.1 419 437 -1
0.1 410 438 -1
0.1 66 67 -1
0.1 68 69 -1
0.1 74 75 -1
0.1 73 442 -1
0.1 72 443 -1
0.1 444 76 -1
0.1 71 445 -1
0.1 70 446 -1
0.1 447 77 -1
0.1 79 80 -1
0.1 449 81 -1
0.1 78 450 -1
0.1 451 82 -1
0.1 448 452 -1
0.1 441 453 -1
0.1 83 84 -1
0.1 454 455 -1
0.1 456 85 -1
0.1 440 457 -1
0.1 439 458 -1
0.1 87 88 -1
0.1 92 93 -1
0.1 94 95 -1
0.1 461 462 -1
0.1 91 463 -1
0.1 90 464 -1
0.1 89 465 -1
0.1 99 100 -1
0.1 98 467 -1
0.1 101 102 -1
0.1 468 469 -1
0.1 97 470 -1
0.1 103 104 -1
0.1 105 106 -1
0.1 472 473 -1
0.1 474 107 -1
0.1 109 110 -1
0.1 108 476 -1
0.1 475 477 -1
0.1 471 478 -1
0.1 479 111 -1
0.1 96 480 -1
0.1 113 114 -1
0.1 112 482 -1
0.1 481 483 -1
0.1 466 484 -1
0.1 115 116 -1
0.1 117 118 -1
0.1 486 487 -1
0.1 121 122 -1
0.1 489 123 -1
0.1 490 124 -1
0.1 120 491 -1
0.1 119 492 -1
0.1 488 493 -1
0.1 125 126 -1
0.1 495 127 -1
0.1 496 128 -1
0.1 497 129 -1
0.1 498 130 -1
0.1 494 499 -1
0.1 131 132 -1
0.1 501 133 -1
0.1 134 135 -1
0.1 502 503 -1
0.1 137 138 -1
0.1 136 505 -1
0.1 139 140 -1
0.1 506 507 -1
0.1 143 144 -1
0.1 509 145 -1
0.1 142 510 -1
0.1 141 511 -1
0.1 508 512 -1
0.1 147 148 -1
0.1 149 150 -1
0.1 515 151 -1
0.1 514 516 -1
0.1 517 152 -1
0.1 146 518 -1
0.1 153 154 -1
0.1 519 520 -1
0.1 521 155 -1
0.1 522 156 -1
0.1 513 523 -1
0.1 157 158 -1
0.1 524 525 -1
0.1 160 161 -1
0.1 164 165 -1
0.1 163 528 -1
0.1 162 529 -1
0.1 527 530 -1
0.1 531 166 -1
0.1 159 532 -1
0.1 167 168 -1
0.1 169 170 -1
0.1 534 535 -1
0.1 533 536 -1
0.1 174 175 -1
0.1 173 538 -1
0.1 172 539 -1
0.1 171 540 -1
0.1 176 177 -1
0.1 542 178 -1
0.1 179 180 -1
0.1 543 544 -1
0.1 541 545 -1
0.1 183 184 -1
0.1 182 547 -1
0.1 548 185 -1
0.1 187 188 -1
0.1 550 189 -1
0.1 186 551 -1
0.1 549 552 -1
0.1 553 190 -1
0.1 554 191 -1
0.1 181 555 -1
0.1 546 556 -1
0.1 193 194 -1
0.1 192 558 -1
0.1 557 559 -1
0.1 537 560 -1
0.1 195 196 -1
0.1 198 199 -1
0.1 197 563 -1
0.1 562 564 -1
0.1 561 565 -1
0.1 526 566 -1
0.1 201 202 -1
0.1 204 205 -1
0.1 203 569 -1
0.1 568 570 -1
0.1 206 207 -1
0.1 208 209 -1
0.1 210 211 -1
0.1 212 213 -1
0.1 575 214 -1
0.1 574 576 -1
0.1 573 577 -1
0.1 572 578 -1
0.1 571 579 -1
0.1 200 580 -1
0.1 216 217 -1
0.1 215 582 -1
0.1 583 218 -1
0.1 581 584 -1
0.1 222 223 -1
0.1 221 586 -1
0.1 587 224 -1
0.1 226 227 -1
0.1 229 230 -1
0.1 228 590 -1
0.1 232 233 -1
0.1 231 592 -1
0.1 591 593 -1
0.1 234 235 -1
0.1 594 595 -1
0.1 589 596 -1
0.1 597 236 -1
0.1 225 598 -1
0.1 599 237 -1
0.1 588 600 -1
0.1 601 238 -1
0.1 220 602 -1
0.1 219 603 -1
0.1 585 604 -1
0.1 567 605 -1
0.1 239 240 -1
0.1 241 242 -1
0.1 608 243 -1
0.1 607 609 -1
0.1 606 610 -1
0.1 504 611 -1
0.1 246 247 -1
0.1 245 613 -1
0.1 244 614 -1
0.1 248 249 -1
0.1 615 616 -1
0.1 253 254 -1
0.1 252 618 -1
0.1 251 619 -1
0.1 250 620 -1
0.1 617 621 -1
0.1 255 256 -1
0.1 622 623 -1
0.1 624 257 -1
0.1 612 625 -1
0.1 500 626 -1
0.1 485 627 -1
0.1 628 258 -1
0.1 460 629 -1
0.1 86 630 -1
0.1 459 631 -1
0.1 259 260 -1
0.1 262 263 -1
0.1 261 634 -1
0.1 633 635 -1
0.1 632 636 -1
0.1 391 637 -1
0.1 14 638 -1
0.1 13 639 -1
0.1 390 640 -1
0.1 641 264 -1
0.1 381 642 -1
0.1 266 267 -1
0.1 644 268 -1
0.1 269 270 -1
0.1 646 271 -1
0.1 647 272 -1
0.1 648 273 -1
0.1 645 649 -1
0.1 275 276 -1
0.1 279 280 -1
0.1 278 652 -1
0.1 653 281 -1
0.1 277 654 -1
0.1 655 282 -1
0.1 656 283 -1
0.1 651 657 -1
0.1 274 658 -1
0.1 284 285 -1
0.1 659 660 -1
0.1 661 286 -1
0.1 650 662 -1
0.1 265 663 -1
0.1 287 288 -1
0.1 665 289 -1
0.1 666 290 -1
0.1 291 292 -1
0.1 293 294 -1
0.1 295 296 -1
0.1 299 300 -1
0.1 303 304 -1
0.1 306 307 -1
0.1 305 673 -1
0.1 674 308 -1
0.1 675 309 -1
0.1 310 311 -1
0.1 676 677 -1
0.1 672 678 -1
0.1 302 679 -1
0.1 680 312 -1
0.1 301 681 -1
0.1 682 313 -1
0.1 315 316 -1
0.1 317 318 -1
0.1 684 685 -1
0.1 319 320 -1
0.1 687 321 -1
0.1 688 322 -1
0.1 689 323 -1
0.1 686 690 -1
0.1 314 691 -1
0.1 683 692 -1
0.1 671 693 -1
0.1 298 694 -1
0.1 695 324 -1
0.1 297 696 -1
0.1 697 325 -1
0.1 327 328 -1
0.1 326 699 -1
0.1 700 329 -1
0.1 701 330 -1
0.1 698 702 -1
0.1 335 336 -1
0.1 334 704 -1
0.1 705 337 -1
0.1 333 706 -1
0.1 338 339 -1
0.1 340 341 -1
0.1 708 709 -1
0.1 707 710 -1
0.1 332 711 -1
0.1 331 712 -1
0.1 703 713 -1
0.1 714 342 -1
0.1 715 343 -1
0.1 716 344 -1
0.1 348 349 -1
0.1 347 718 -1
0.1 346 719 -1
0.1 345 720 -1
0.1 721 350 -1
0.1 717 722 -1
0.1 670 723 -1
0.1 352 353 -1
0.1 725 354 -1
0.1 726 355 -1
0.1 357 358 -1
0.1 356 728 -1
0.1 729 359 -1
0.1 730 360 -1
0.1 727 731 -1
0.1 351 732 -1
0.1 724 733 -1
0.1 734 361 -1
0.1 669 735 -1
0.1 736 362 -1
0.1 668 737 -1
0.1 667 738 -1
0.1 363 364 -1
0.1 367 368 -1
0.1 366 741 -1
0.1 365 742 -1
0.1 743 369 -1
0.1 744 370 -1
0.1 372 373 -1
0.1 371 746 -1
0.1 747 374 -1
0.1 745 748 -1
0.1 740 749 -1
0.1 375 376 -1
0.1 378 379 -1
0.1 377 752 -1
0.1 751 753 -1
0.1 750 754 -1
0.1 739 755 -1
0.1 756 380 -1
0.1 664 757 -1
0.1 643 758 -1
