1 0 0 1
1 0 0 1
1 0 0 1
1 0 0 1
1 0 0 1
1 0 0 1
1 0 0 1
1 0 0 1
1 0 0 1
1 0 0 1
1 0 0 2
1 0 0 2
1 0 0 2
1 0 0 2
1 0 0 2
1 0 0 2
1 0 0 2
1 0 0 2
1 0 0 2
1 0 0 2
1 0 0 3
1 0 0 3
1 0 0 3
1 0 0 3
1 0 0 3
1 0 0 3
1 0 0 3
1 0 0 3
1 0 0 3
1 0 0 3
1 0 0 4
1 0 0 5
1 0 0 5
1 0 0 5
1 0 0 5
1 0 0 5
1 0 0 5
1 0 0 5
1 0 0 5
1 0 0 5
1 0 0 5
1 0 0 6
1 0 0 7
1 0 0 7
1 0 0 7
1 0 0 7
1 0 0 7
1 0 0 7
1 0 0 7
1 0 0 7
1 0 0 7
1 0 0 7
1 0 0 6
1 0 0 6
1 0 0 6
1 0 0 6
1 0 0 6
1 0 0 8
1 0 0 8
1 0 0 8
1 0 0 8
1 0 0 8
1 0 0 8
1 0 0 8
1 0 0 8
1 0 0 8
1 0 0 8
1 0 0 9
1 0 0 9
1 0 0 9
1 0 0 9
1 0 0 9
1 0 0 9
1 0 0 9
1 0 0 9
1 0 0 9
1 0 0 9
1 0 0 6
1 0 0 6
1 0 0 6
1 0 0 6
1 0 0 4
1 0 0 4
1 0 0 4
1 0 0 4
1 0 0 10
1 0 0 11
1 0 0 11
1 0 0 11
1 0 0 11
1 0 0 11
1 0 0 11
1 0 0 11
1 0 0 11
1 0 0 11
1 0 0 11
1 0 0 10
1 0 0 10
1 0 0 10
1 0 0 10
1 0 0 10
1 0 0 10
1 0 0 12
1 0 0 12
1 0 0 12
1 0 0 12
1 0 0 12
1 0 0 12
1 0 0 12
1 0 0 12
1 0 0 12
1 0 0 12
1 0 0 10
1 0 0 10
1 0 0 10
1 0 0 4
1 0 0 13
1 0 0 13
1 0 0 13
1 0 0 13
1 0 0 13
1 0 0 13
1 0 0 13
1 0 0 13
1 0 0 13
1 0 0 13
1 0 0 14
1 0 0 14
1 0 0 14
1 0 0 14
1 0 0 14
1 0 0 14
1 0 0 14
1 0 0 14
1 0 0 14
1 0 0 14
1 0 0 4
1 0 0 4
1 0 0 4
1 0 0 4
1 0 0 15
1 0 0 15
1 0 0 15
1 0 0 15
1 0 0 15
1 0 0 15
1 0 0 15
1 0 0 15
1 0 0 15
1 0 0 15
0.1 1 2 -1
0.1 3 4 -1
0.1 152 5 -1
0.1 8 9 -1
0.1 7 154 -1
0.1 6 155 -1
0.1 156 10 -1
0.1 153 157 -1
0.1 151 158 -1
0.1 11 12 -1
0.1 160 13 -1
0.1 14 15 -1
0.1 162 16 -1
0.1 161 163 -1
0.1 17 18 -1
0.1 164 165 -1
0.1 19 20 -1
0.1 166 167 -1
0.1 21 22 -1
0.1 24 25 -1
0.1 27 28 -1
0.1 26 171 -1
0.1 172 29 -1
0.1 170 173 -1
0.1 23 174 -1
0.1 175 30 -1
0.1 169 176 -1
0.1 168 177 -1
0.1 159 178 -1
0.1 33 34 -1
0.1 32 180 -1
0.1 36 37 -1
0.1 35 182 -1
0.1 183 38 -1
0.1 40 41 -1
0.1 39 185 -1
0.1 184 186 -1
0.1 181 187 -1
0.1 43 44 -1
0.1 42 189 -1
0.1 190 45 -1
0.1 48 49 -1
0.1 51 52 -1
0.1 50 193 -1
0.1 192 194 -1
0.1 47 195 -1
0.1 46 196 -1
0.1 53 54 -1
0.1 55 56 -1
0.1 198 199 -1
0.1 197 200 -1
0.1 191 201 -1
0.1 202 57 -1
0.1 58 59 -1
0.1 61 62 -1
0.1 60 205 -1
0.1 63 64 -1
0.1 65 66 -1
0.1 207 208 -1
0.1 209 67 -1
0.1 206 210 -1
0.1 204 211 -1
0.1 68 69 -1
0.1 70 71 -1
0.1 72 73 -1
0.1 75 76 -1
0.1 74 216 -1
0.1 215 217 -1
0.1 214 218 -1
0.1 213 219 -1
0.1 220 77 -1
0.1 212 221 -1
0.1 80 81 -1
0.1 79 223 -1
0.1 78 224 -1
0.1 222 225 -1
0.1 203 226 -1
0.1 188 227 -1
0.1 82 83 -1
0.1 228 229 -1
0.1 84 85 -1
0.1 230 231 -1
0.1 31 232 -1
0.1 179 233 -1
0.1 87 88 -1
0.1 89 90 -1
0.1 92 93 -1
0.1 91 237 -1
0.1 94 95 -1
0.1 239 96 -1
0.1 238 240 -1
0.1 236 241 -1
0.1 235 242 -1
0.1 243 97 -1
0.1 98 99 -1
0.1 245 100 -1
0.1 246 101 -1
0.1 244 247 -1
0.1 248 102 -1
0.1 105 106 -1
0.1 104 250 -1
0.1 103 251 -1
0.1 107 108 -1
0.1 109 110 -1
0.1 253 254 -1
0.1 111 112 -1
0.1 255 256 -1
0.1 252 257 -1
0.1 114 115 -1
0.1 113 259 -1
0.1 258 260 -1
0.1 249 261 -1
0.1 86 262 -1
0.1 119 120 -1
0.1 118 264 -1
0.1 265 121 -1
0.1 122 123 -1
0.1 125 126 -1
0.1 124 268 -1
0.1 267 269 -1
0.1 266 270 -1
0.1 117 271 -1
0.1 116 272 -1
0.1 127 128 -1
0.1 274 129 -1
0.1 130 131 -1
0.1 276 132 -1
0.1 134 135 -1
0.1 133 278 -1
0.1 279 136 -1
0.1 277 280 -1
0.1 275 281 -1
0.1 282 137 -1
0.1 139 140 -1
0.1 143 144 -1
0.1 142 285 -1
0.1 141 286 -1
0.1 146 147 -1
0.1 148 149 -1
0.1 289 150 -1
0.1 288 290 -1
0.1 145 291 -1
0.1 287 292 -1
0.1 284 293 -1
0.1 138 294 -1
0.1 283 295 -1
0.1 273 296 -1
0.1 263 297 -1
0.1 234 298 -1
