1 0 0 1
1 0 0 2
1 0 0 2
1 0 0 2
1 0 0 2
1 0 0 2
1 0 0 2
1 0 0 2
1 0 0 2
1 0 0 2
1 0 0 2
1 0 0 3
1 0 0 3
1 0 0 3
1 0 0 3
1 0 0 3
1 0 0 3
1 0 0 3
1 0 0 3
1 0 0 3
1 0 0 3
1 0 0 1
1 0 0 1
1 0 0 1
1 0 0 1
1 0 0 4
1 0 0 4
1 0 0 4
1 0 0 4
1 0 0 4
1 0 0 4
1 0 0 4
1 0 0 4
1 0 0 4
1 0 0 4
1 0 0 5
1 0 0 5
1 0 0 5
1 0 0 5
1 0 0 5
1 0 0 5
1 0 0 6
1 0 0 6
1 0 0 6
1 0 0 6
1 0 0 6
1 0 0 6
1 0 0 6
1 0 0 6
1 0 0 6
1 0 0 6
1 0 0 7
1 0 0 7
1 0 0 7
1 0 0 7
1 0 0 7
1 0 0 7
1 0 0 7
1 0 0 7
1 0 0 7
1 0 0 7
1 0 0 5
1 0 0 5
1 0 0 5
1 0 0 5
1 0 0 1
1 0 0 1
1 0 0 1
1 0 0 1
1 0 0 1
1 0 0 8
1 0 0 8
1 0 0 8
1 0 0 8
1 0 0 8
1 0 0 8
1 0 0 8
1 0 0 8
1 0 0 8
1 0 0 8
1 0 0 9
1 0 0 9
1 0 0 9
1 0 0 9
1 0 0 9
1 0 0 9
1 0 0 9
1 0 0 9
1 0 0 9
1 0 0 9
1 0 0 10
1 0 0 10
1 0 0 10
1 0 0 10
1 0 0 10
1 0 0 10
1 0 0 10
1 0 0 10
1 0 0 10
1 0 0 10
1 0 0 11
1 0 0 11
1 0 0 11
1 0 0 11
1 0 0 11
1 0 0 11
1 0 0 11
1 0 0 11
1 0 0 11
1 0 0 11
1 0 0 12
1 0 0 12
1 0 0 12
1 0 0 12
1 0 0 12
1 0 0 12
1 0 0 12
1 0 0 12
1 0 0 12
1 0 0 12
1 0 0 13
1 0 0 13
1 0 0 13
1 0 0 13
1 0 0 13
1 0 0 13
1 0 0 14
1 0 0 14
1 0 0 14
1 0 0 14
1 0 0 14
1 0 0 14
1 0 0 14
1 0 0 14
1 0 0 14
1 0 0 14
1 0 0 15
1 0 0 15
1 0 0 15
1 0 0 15
1 0 0 15
1 0 0 15
1 0 0 15
1 0 0 15
1 0 0 15
1 0 0 15
1 0 0 13
1 0 0 13
1 0 0 13
1 0 0 13
0.1 2 3 -1
0.1 151 4 -1
0.1 5 6 -1
0.1 152 153 -1
0.1 9 10 -1
0.1 8 155 -1
0.1 7 156 -1
0.1 157 11 -1
0.1 154 158 -1
0.1 1 159 -1
0.1 12 13 -1
0.1 15 16 -1
0.1 18 19 -1
0.1 17 163 -1
0.1 162 164 -1
0.1 14 165 -1
0.1 166 20 -1
0.1 167 21 -1
0.1 161 168 -1
0.1 169 22 -1
0.1 23 24 -1
0.1 26 27 -1
0.1 172 28 -1
0.1 31 32 -1
0.1 30 174 -1
0.1 29 175 -1
0.1 34 35 -1
0.1 33 177 -1
0.1 176 178 -1
0.1 173 179 -1
0.1 25 180 -1
0.1 171 181 -1
0.1 170 182 -1
0.1 160 183 -1
0.1 36 37 -1
0.1 185 38 -1
0.1 39 40 -1
0.1 43 44 -1
0.1 42 188 -1
0.1 46 47 -1
0.1 45 190 -1
0.1 189 191 -1
0.1 48 49 -1
0.1 50 51 -1
0.1 193 194 -1
0.1 192 195 -1
0.1 52 53 -1
0.1 54 55 -1
0.1 56 57 -1
0.1 199 58 -1
0.1 200 59 -1
0.1 198 201 -1
0.1 197 202 -1
0.1 60 61 -1
0.1 203 204 -1
0.1 196 205 -1
0.1 41 206 -1
0.1 64 65 -1
0.1 63 208 -1
0.1 62 209 -1
0.1 207 210 -1
0.1 187 211 -1
0.1 186 212 -1
0.1 184 213 -1
0.1 66 67 -1
0.1 75 76 -1
0.1 74 216 -1
0.1 73 217 -1
0.1 77 78 -1
0.1 218 219 -1
0.1 79 80 -1
0.1 220 221 -1
0.1 72 222 -1
0.1 71 223 -1
0.1 82 83 -1
0.1 84 85 -1
0.1 225 226 -1
0.1 81 227 -1
0.1 224 228 -1
0.1 229 86 -1
0.1 89 90 -1
0.1 88 231 -1
0.1 87 232 -1
0.1 92 93 -1
0.1 91 234 -1
0.1 94 95 -1
0.1 236 96 -1
0.1 97 98 -1
0.1 237 238 -1
0.1 235 239 -1
0.1 99 100 -1
0.1 240 241 -1
0.1 102 103 -1
0.1 101 243 -1
0.1 104 105 -1
0.1 106 107 -1
0.1 245 246 -1
0.1 247 108 -1
0.1 244 248 -1
0.1 109 110 -1
0.1 249 250 -1
0.1 242 251 -1
0.1 233 252 -1
0.1 230 253 -1
0.1 70 254 -1
0.1 69 255 -1
0.1 111 112 -1
0.1 257 113 -1
0.1 115 116 -1
0.1 114 259 -1
0.1 118 119 -1
0.1 117 261 -1
0.1 262 120 -1
0.1 260 263 -1
0.1 258 264 -1
0.1 256 265 -1
0.1 68 266 -1
0.1 215 267 -1
0.1 125 126 -1
0.1 124 269 -1
0.1 123 270 -1
0.1 127 128 -1
0.1 130 131 -1
0.1 129 273 -1
0.1 132 133 -1
0.1 274 275 -1
0.1 276 134 -1
0.1 135 136 -1
0.1 277 278 -1
0.1 272 279 -1
0.1 137 138 -1
0.1 139 140 -1
0.1 141 142 -1
0.1 282 283 -1
0.1 281 284 -1
0.1 280 285 -1
0.1 144 145 -1
0.1 143 287 -1
0.1 288 146 -1
0.1 286 289 -1
0.1 271 290 -1
0.1 291 147 -1
0.1 148 149 -1
0.1 292 293 -1
0.1 122 294 -1
0.1 295 150 -1
0.1 121 296 -1
0.1 268 297 -1
0.1 214 298 -1
