1 0 0 1
1 0 0 1
1 0 0 1
1 0 0 2
1 0 0 2
1 0 0 2
1 0 0 2
1 0 0 2
1 0 0 1
1 0 0 1
1 0 0 3
1 0 0 3
1 0 0 3
1 0 0 3
1 0 0 3
1 0 0 4
1 0 0 4
1 0 0 4
1 0 0 4
1 0 0 5
1 0 0 5
1 0 0 5
1 0 0 5
1 0 0 5
1 0 0 6
1 0 0 6
1 0 0 6
1 0 0 6
1 0 0 6
1 0 0 4
1 0 0 7
1 0 0 7
1 0 0 7
1 0 0 7
1 0 0 7
0.1 2 3 -1
0.1 5 6 -1
0.1 7 8 -1
0.1 37 38 -1
0.1 4 39 -1
0.1 40 9 -1
0.1 36 41 -1
0.1 1 42 -1
0.1 11 12 -1
0.1 14 15 -1
0.1 13 45 -1
0.1 44 46 -1
0.1 10 47 -1
0.1 43 48 -1
0.1 16 17 -1
0.1 50 18 -1
0.1 23 24 -1
0.1 22 52 -1
0.1 21 53 -1
0.1 27 28 -1
0.1 55 29 -1
0.1 26 56 -1
0.1 25 57 -1
0.1 54 58 -1
0.1 20 59 -1
0.1 60 30 -1
0.1 33 34 -1
0.1 32 62 -1
0.1 63 35 -1
0.1 31 64 -1
0.1 61 65 -1
0.1 19 66 -1
0.1 51 67 -1
0.1 49 68 -1
