1 0 0 1
1 0 0 2
1 0 0 2
1 0 0 2
1 0 0 1
1 0 0 3
1 0 0 3
1 0 0 3
1 0 0 4
1 0 0 4
1 0 0 4
1 0 0 4
1 0 0 4
1 0 0 4
1 0 0 4
1 0 0 4
1 0 0 4
1 0 0 4
1 0 0 3
1 0 0 5
1 0 0 5
1 0 0 5
1 0 0 5
1 0 0 5
1 0 0 5
1 0 0 5
1 0 0 6
1 0 0 6
1 0 0 6
1 0 0 6
1 0 0 6
1 0 0 6
1 0 0 6
1 0 0 6
1 0 0 6
1 0 0 6
1 0 0 3
1 0 0 5
1 0 0 5
1 0 0 5
1 0 0 3
1 0 0 3
1 0 0 7
1 0 0 7
1 0 0 7
1 0 0 7
1 0 0 7
1 0 0 7
1 0 0 7
1 0 0 7
1 0 0 7
1 0 0 7
1 0 0 8
1 0 0 8
1 0 0 8
1 0 0 9
1 0 0 9
1 0 0 9
1 0 0 9
1 0 0 9
1 0 0 9
1 0 0 9
1 0 0 9
1 0 0 10
1 0 0 10
1 0 0 10
1 0 0 9
1 0 0 9
1 0 0 11
1 0 0 12
1 0 0 12
1 0 0 11
1 0 0 13
1 0 0 14
1 0 0 14
1 0 0 14
1 0 0 14
1 0 0 14
1 0 0 15
1 0 0 15
1 0 0 15
1 0 0 15
1 0 0 15
1 0 0 16
1 0 0 16
1 0 0 16
1 0 0 16
1 0 0 16
1 0 0 16
1 0 0 16
1 0 0 16
1 0 0 16
1 0 0 16
1 0 0 15
1 0 0 15
1 0 0 15
1 0 0 15
1 0 0 15
1 0 0 14
1 0 0 14
1 0 0 14
1 0 0 14
1 0 0 14
1 0 0 13
1 0 0 13
1 0 0 13
1 0 0 13
1 0 0 13
1 0 0 13
1 0 0 13
1 0 0 13
1 0 0 13
1 0 0 17
1 0 0 17
1 0 0 17
1 0 0 17
1 0 0 17
1 0 0 17
1 0 0 17
1 0 0 17
1 0 0 17
1 0 0 17
1 0 0 11
1 0 0 12
1 0 0 12
1 0 0 12
1 0 0 12
1 0 0 12
1 0 0 12
1 0 0 11
1 0 0 11
1 0 0 11
1 0 0 11
1 0 0 18
1 0 0 18
1 0 0 18
1 0 0 18
1 0 0 18
1 0 0 18
1 0 0 18
1 0 0 18
1 0 0 18
1 0 0 18
1 0 0 11
1 0 0 11
1 0 0 11
1 0 0 19
1 0 0 19
1 0 0 19
1 0 0 19
1 0 0 19
1 0 0 19
1 0 0 19
1 0 0 19
1 0 0 10
1 0 0 10
1 0 0 10
1 0 0 10
1 0 0 10
1 0 0 20
1 0 0 20
1 0 0 20
1 0 0 20
1 0 0 20
1 0 0 20
1 0 0 20
1 0 0 20
1 0 0 20
1 0 0 20
1 0 0 10
1 0 0 10
1 0 0 19
1 0 0 19
1 0 0 21
1 0 0 21
1 0 0 21
1 0 0 21
1 0 0 21
1 0 0 22
1 0 0 21
1 0 0 21
1 0 0 21
1 0 0 21
1 0 0 21
1 0 0 22
1 0 0 22
1 0 0 22
1 0 0 22
1 0 0 22
1 0 0 12
1 0 0 12
1 0 0 23
1 0 0 23
1 0 0 23
1 0 0 23
1 0 0 23
1 0 0 23
1 0 0 23
1 0 0 23
1 0 0 23
1 0 0 23
1 0 0 24
1 0 0 24
1 0 0 24
1 0 0 24
1 0 0 24
1 0 0 24
1 0 0 24
1 0 0 24
1 0 0 24
1 0 0 24
1 0 0 22
1 0 0 22
1 0 0 22
1 0 0 25
1 0 0 25
1 0 0 25
1 0 0 25
1 0 0 25
1 0 0 25
1 0 0 25
1 0 0 25
1 0 0 25
1 0 0 25
1 0 0 22
1 0 0 26
1 0 0 26
1 0 0 26
1 0 0 26
1 0 0 26
1 0 0 26
1 0 0 26
1 0 0 26
1 0 0 26
1 0 0 26
1 0 0 27
1 0 0 27
1 0 0 27
1 0 0 27
1 0 0 27
1 0 0 27
1 0 0 27
1 0 0 27
1 0 0 27
1 0 0 27
1 0 0 8
1 0 0 8
1 0 0 8
1 0 0 8
1 0 0 8
1 0 0 8
1 0 0 8
1 0 0 3
1 0 0 28
1 0 0 28
1 0 0 28
1 0 0 28
1 0 0 28
1 0 0 28
1 0 0 28
1 0 0 28
1 0 0 28
1 0 0 28
1 0 0 3
1 0 0 3
1 0 0 29
1 0 0 29
1 0 0 29
1 0 0 30
1 0 0 30
1 0 0 30
1 0 0 30
1 0 0 30
1 0 0 30
1 0 0 30
1 0 0 30
1 0 0 30
1 0 0 30
1 0 0 31
1 0 0 1
1 0 0 31
1 0 0 31
1 0 0 2
1 0 0 32
1 0 0 33
1 0 0 33
1 0 0 33
1 0 0 33
1 0 0 33
1 0 0 33
1 0 0 33
1 0 0 33
1 0 0 33
1 0 0 33
1 0 0 2
1 0 0 34
1 0 0 34
1 0 0 34
1 0 0 34
1 0 0 34
1 0 0 2
1 0 0 35
1 0 0 2
1 0 0 35
1 0 0 35
1 0 0 35
1 0 0 35
1 0 0 35
1 0 0 35
1 0 0 35
1 0 0 36
1 0 0 36
1 0 0 36
1 0 0 36
1 0 0 36
1 0 0 36
1 0 0 36
1 0 0 36
1 0 0 36
1 0 0 36
1 0 0 34
1 0 0 35
1 0 0 35
1 0 0 34
1 0 0 34
1 0 0 34
1 0 0 34
1 0 0 2
1 0 0 2
1 0 0 2
1 0 0 37
1 0 0 37
1 0 0 37
1 0 0 37
1 0 0 37
1 0 0 37
1 0 0 37
1 0 0 37
1 0 0 37
1 0 0 37
1 0 0 32
1 0 0 32
1 0 0 32
1 0 0 38
1 0 0 38
1 0 0 38
1 0 0 38
1 0 0 38
1 0 0 39
1 0 0 39
1 0 0 39
1 0 0 39
1 0 0 39
1 0 0 40
1 0 0 40
1 0 0 40
1 0 0 40
1 0 0 40
1 0 0 40
1 0 0 40
1 0 0 40
1 0 0 41
1 0 0 40
1 0 0 42
1 0 0 42
1 0 0 42
1 0 0 42
1 0 0 41
1 0 0 41
1 0 0 42
1 0 0 42
1 0 0 42
1 0 0 42
1 0 0 42
1 0 0 42
1 0 0 41
1 0 0 41
1 0 0 41
1 0 0 41
1 0 0 41
1 0 0 41
1 0 0 41
1 0 0 40
1 0 0 39
1 0 0 39
1 0 0 39
1 0 0 39
1 0 0 39
1 0 0 38
1 0 0 38
1 0 0 38
1 0 0 38
1 0 0 38
1 0 0 32
1 0 0 32
1 0 0 32
1 0 0 32
1 0 0 43
1 0 0 43
1 0 0 44
1 0 0 44
1 0 0 44
1 0 0 44
1 0 0 44
1 0 0 44
1 0 0 44
1 0 0 44
1 0 0 44
1 0 0 44
1 0 0 43
1 0 0 43
1 0 0 43
1 0 0 43
1 0 0 43
1 0 0 43
1 0 0 43
1 0 0 43
1 0 0 32
1 0 0 32
1 0 0 45
1 0 0 45
1 0 0 45
1 0 0 45
1 0 0 45
1 0 0 45
1 0 0 45
1 0 0 45
1 0 0 45
1 0 0 45
1 0 0 1
1 0 0 1
1 0 0 1
1 0 0 1
1 0 0 29
1 0 0 1
1 0 0 1
1 0 0 31
1 0 0 31
1 0 0 31
1 0 0 31
1 0 0 31
1 0 0 31
1 0 0 31
1 0 0 1
1 0 0 29
1 0 0 29
1 0 0 29
1 0 0 29
1 0 0 29
1 0 0 29
1 0 0 46
1 0 0 47
1 0 0 47
1 0 0 47
1 0 0 46
1 0 0 46
1 0 0 47
1 0 0 47
1 0 0 47
1 0 0 47
1 0 0 47
1 0 0 47
1 0 0 47
1 0 0 46
1 0 0 46
1 0 0 46
1 0 0 46
1 0 0 46
1 0 0 46
1 0 0 46
0.1 3 4 -1
0.1 2 471 -1
0.1 472 5 -1
0.1 9 10 -1
0.1 11 12 -1
0.1 13 14 -1
0.1 476 15 -1
0.1 477 16 -1
0.1 17 18 -1
0.1 478 479 -1
0.1 475 480 -1
0.1 474 481 -1
0.1 482 19 -1
0.1 22 23 -1
0.1 21 484 -1
0.1 20 485 -1
0.1 24 25 -1
0.1 27 28 -1
0.1 29 30 -1
0.1 489 31 -1
0.1 490 32 -1
0.1 491 33 -1
0.1 34 35 -1
0.1 493 36 -1
0.1 492 494 -1
0.1 488 495 -1
0.1 26 496 -1
0.1 487 497 -1
0.1 498 37 -1
0.1 486 499 -1
0.1 38 39 -1
0.1 501 40 -1
0.1 500 502 -1
0.1 483 503 -1
0.1 41 42 -1
0.1 504 505 -1
0.1 46 47 -1
0.1 45 507 -1
0.1 44 508 -1
0.1 43 509 -1
0.1 510 48 -1
0.1 511 49 -1
0.1 50 51 -1
0.1 513 52 -1
0.1 512 514 -1
0.1 54 55 -1
0.1 53 516 -1
0.1 58 59 -1
0.1 518 60 -1
0.1 57 519 -1
0.1 61 62 -1
0.1 521 63 -1
0.1 520 522 -1
0.1 56 523 -1
0.1 65 66 -1
0.1 64 525 -1
0.1 67 68 -1
0.1 526 527 -1
0.1 70 71 -1
0.1 76 77 -1
0.1 80 81 -1
0.1 79 531 -1
0.1 82 83 -1
0.1 532 533 -1
0.1 86 87 -1
0.1 85 535 -1
0.1 84 536 -1
0.1 537 88 -1
0.1 538 89 -1
0.1 539 90 -1
0.1 92 93 -1
0.1 91 541 -1
0.1 540 542 -1
0.1 534 543 -1
0.1 544 94 -1
0.1 95 96 -1
0.1 546 97 -1
0.1 547 98 -1
0.1 545 548 -1
0.1 99 100 -1
0.1 102 103 -1
0.1 101 551 -1
0.1 550 552 -1
0.1 549 553 -1
0.1 78 554 -1
0.1 530 555 -1
0.1 75 556 -1
0.1 74 557 -1
0.1 105 106 -1
0.1 108 109 -1
0.1 107 560 -1
0.1 559 561 -1
0.1 104 562 -1
0.1 111 112 -1
0.1 110 564 -1
0.1 563 565 -1
0.1 558 566 -1
0.1 73 567 -1
0.1 72 568 -1
0.1 529 569 -1
0.1 114 115 -1
0.1 571 116 -1
0.1 118 119 -1
0.1 117 573 -1
0.1 572 574 -1
0.1 575 120 -1
0.1 113 576 -1
0.1 577 121 -1
0.1 578 122 -1
0.1 570 579 -1
0.1 580 123 -1
0.1 69 581 -1
0.1 528 582 -1
0.1 126 127 -1
0.1 125 584 -1
0.1 128 129 -1
0.1 585 586 -1
0.1 587 130 -1
0.1 124 588 -1
0.1 131 132 -1
0.1 590 133 -1
0.1 134 135 -1
0.1 136 137 -1
0.1 593 138 -1
0.1 594 139 -1
0.1 595 140 -1
0.1 592 596 -1
0.1 142 143 -1
0.1 141 598 -1
0.1 597 599 -1
0.1 145 146 -1
0.1 144 601 -1
0.1 600 602 -1
0.1 591 603 -1
0.1 589 604 -1
0.1 583 605 -1
0.1 150 151 -1
0.1 607 152 -1
0.1 608 153 -1
0.1 149 609 -1
0.1 610 154 -1
0.1 148 611 -1
0.1 147 612 -1
0.1 155 156 -1
0.1 157 158 -1
0.1 614 615 -1
0.1 616 159 -1
0.1 160 161 -1
0.1 617 618 -1
0.1 162 163 -1
0.1 619 620 -1
0.1 166 167 -1
0.1 165 622 -1
0.1 164 623 -1
0.1 168 169 -1
0.1 624 625 -1
0.1 621 626 -1
0.1 613 627 -1
0.1 170 171 -1
0.1 172 173 -1
0.1 629 630 -1
0.1 628 631 -1
0.1 175 176 -1
0.1 177 178 -1
0.1 633 634 -1
0.1 174 635 -1
0.1 180 181 -1
0.1 182 183 -1
0.1 638 184 -1
0.1 637 639 -1
0.1 179 640 -1
0.1 641 185 -1
0.1 188 189 -1
0.1 187 643 -1
0.1 186 644 -1
0.1 642 645 -1
0.1 636 646 -1
0.1 632 647 -1
0.1 190 191 -1
0.1 192 193 -1
0.1 195 196 -1
0.1 194 651 -1
0.1 652 197 -1
0.1 650 653 -1
0.1 198 199 -1
0.1 654 655 -1
0.1 200 201 -1
0.1 656 657 -1
0.1 658 202 -1
0.1 204 205 -1
0.1 206 207 -1
0.1 660 661 -1
0.1 203 662 -1
0.1 208 209 -1
0.1 663 664 -1
0.1 659 665 -1
0.1 210 211 -1
0.1 666 667 -1
0.1 668 212 -1
0.1 669 213 -1
0.1 219 220 -1
0.1 218 671 -1
0.1 217 672 -1
0.1 216 673 -1
0.1 215 674 -1
0.1 223 224 -1
0.1 222 676 -1
0.1 221 677 -1
0.1 675 678 -1
0.1 679 225 -1
0.1 214 680 -1
0.1 226 227 -1
0.1 229 230 -1
0.1 683 231 -1
0.1 228 684 -1
0.1 682 685 -1
0.1 234 235 -1
0.1 233 687 -1
0.1 232 688 -1
0.1 686 689 -1
0.1 681 690 -1
0.1 240 241 -1
0.1 239 692 -1
0.1 238 693 -1
0.1 237 694 -1
0.1 236 695 -1
0.1 242 243 -1
0.1 696 697 -1
0.1 244 245 -1
0.1 698 699 -1
0.1 691 700 -1
0.1 670 701 -1
0.1 649 702 -1
0.1 648 703 -1
0.1 606 704 -1
0.1 524 705 -1
0.1 246 247 -1
0.1 706 707 -1
0.1 249 250 -1
0.1 248 709 -1
0.1 708 710 -1
0.1 517 711 -1
0.1 251 252 -1
0.1 712 713 -1
0.1 515 714 -1
0.1 506 715 -1
0.1 255 256 -1
0.1 254 717 -1
0.1 718 257 -1
0.1 258 259 -1
0.1 260 261 -1
0.1 721 262 -1
0.1 722 263 -1
0.1 720 723 -1
0.1 719 724 -1
0.1 253 725 -1
0.1 726 264 -1
0.1 716 727 -1
0.1 8 728 -1
0.1 7 729 -1
0.1 730 265 -1
0.1 6 731 -1
0.1 473 732 -1
0.1 1 733 -1
0.1 266 267 -1
0.1 735 268 -1
0.1 736 269 -1
0.1 737 270 -1
0.1 738 271 -1
0.1 272 273 -1
0.1 739 740 -1
0.1 275 276 -1
0.1 274 742 -1
0.1 277 278 -1
0.1 743 744 -1
0.1 745 279 -1
0.1 741 746 -1
0.1 281 282 -1
0.1 748 283 -1
0.1 749 284 -1
0.1 285 286 -1
0.1 751 287 -1
0.1 288 289 -1
0.1 753 290 -1
0.1 752 754 -1
0.1 291 292 -1
0.1 293 294 -1
0.1 756 757 -1
0.1 755 758 -1
0.1 296 297 -1
0.1 299 300 -1
0.1 302 303 -1
0.1 301 762 -1
0.1 305 306 -1
0.1 304 764 -1
0.1 765 307 -1
0.1 309 310 -1
0.1 308 767 -1
0.1 312 313 -1
0.1 311 769 -1
0.1 315 316 -1
0.1 771 317 -1
0.1 318 319 -1
0.1 772 773 -1
0.1 314 774 -1
0.1 770 775 -1
0.1 776 320 -1
0.1 768 777 -1
0.1 766 778 -1
0.1 763 779 -1
0.1 322 323 -1
0.1 781 324 -1
0.1 321 782 -1
0.1 780 783 -1
0.1 761 784 -1
0.1 785 325 -1
0.1 786 326 -1
0.1 298 787 -1
0.1 788 327 -1
0.1 760 789 -1
0.1 295 790 -1
0.1 329 330 -1
0.1 328 792 -1
0.1 791 793 -1
0.1 332 333 -1
0.1 331 795 -1
0.1 334 335 -1
0.1 797 336 -1
0.1 796 798 -1
0.1 337 338 -1
0.1 799 800 -1
0.1 339 340 -1
0.1 801 802 -1
0.1 794 803 -1
0.1 759 804 -1
0.1 750 805 -1
0.1 341 342 -1
0.1 807 343 -1
0.1 347 348 -1
0.1 346 809 -1
0.1 345 810 -1
0.1 350 351 -1
0.1 812 352 -1
0.1 813 353 -1
0.1 349 814 -1
0.1 354 355 -1
0.1 356 357 -1
0.1 817 358 -1
0.1 816 818 -1
0.1 362 363 -1
0.1 361 820 -1
0.1 360 821 -1
0.1 359 822 -1
0.1 365 366 -1
0.1 364 824 -1
0.1 823 825 -1
0.1 368 369 -1
0.1 827 370 -1
0.1 371 372 -1
0.1 373 374 -1
0.1 829 830 -1
0.1 828 831 -1
0.1 367 832 -1
0.1 826 833 -1
0.1 834 375 -1
0.1 819 835 -1
0.1 379 380 -1
0.1 378 837 -1
0.1 377 838 -1
0.1 839 381 -1
0.1 376 840 -1
0.1 841 382 -1
0.1 836 842 -1
0.1 843 383 -1
0.1 384 385 -1
0.1 844 845 -1
0.1 815 846 -1
0.1 386 387 -1
0.1 847 848 -1
0.1 849 388 -1
0.1 389 390 -1
0.1 850 851 -1
0.1 852 391 -1
0.1 811 853 -1
0.1 344 854 -1
0.1 855 392 -1
0.1 856 393 -1
0.1 395 396 -1
0.1 858 397 -1
0.1 394 859 -1
0.1 857 860 -1
0.1 808 861 -1
0.1 400 401 -1
0.1 402 403 -1
0.1 863 864 -1
0.1 404 405 -1
0.1 866 406 -1
0.1 408 409 -1
0.1 407 868 -1
0.1 867 869 -1
0.1 865 870 -1
0.1 871 410 -1
0.1 411 412 -1
0.1 415 416 -1
0.1 414 874 -1
0.1 413 875 -1
0.1 873 876 -1
0.1 877 417 -1
0.1 872 878 -1
0.1 399 879 -1
0.1 398 880 -1
0.1 862 881 -1
0.1 806 882 -1
0.1 280 883 -1
0.1 884 418 -1
0.1 885 419 -1
0.1 747 886 -1
0.1 421 422 -1
0.1 888 423 -1
0.1 424 425 -1
0.1 426 427 -1
0.1 890 891 -1
0.1 889 892 -1
0.1 420 893 -1
0.1 428 429 -1
0.1 894 895 -1
0.1 430 431 -1
0.1 897 432 -1
0.1 435 436 -1
0.1 434 899 -1
0.1 433 900 -1
0.1 898 901 -1
0.1 438 439 -1
0.1 440 441 -1
0.1 903 904 -1
0.1 905 442 -1
0.1 437 906 -1
0.1 902 907 -1
0.1 443 444 -1
0.1 446 447 -1
0.1 910 448 -1
0.1 449 450 -1
0.1 911 912 -1
0.1 445 913 -1
0.1 909 914 -1
0.1 915 451 -1
0.1 908 916 -1
0.1 453 454 -1
0.1 452 918 -1
0.1 455 456 -1
0.1 457 458 -1
0.1 921 459 -1
0.1 920 922 -1
0.1 923 460 -1
0.1 461 462 -1
0.1 924 925 -1
0.1 926 463 -1
0.1 919 927 -1
0.1 917 928 -1
0.1 464 465 -1
0.1 930 466 -1
0.1 931 467 -1
0.1 929 932 -1
0.1 469 470 -1
0.1 468 934 -1
0.1 933 935 -1
0.1 896 936 -1
0.1 887 937 -1
0.1 734 938 -1
