1 0 0 1
1 0 0 1
1 0 0 1
1 0 0 1
1 0 0 1
1 0 0 1
1 0 0 2
1 0 0 2
1 0 0 2
1 0 0 2
1 0 0 2
1 0 0 2
1 0 0 2
1 0 0 2
1 0 0 2
1 0 0 2
1 0 0 3
1 0 0 3
1 0 0 3
1 0 0 3
1 0 0 3
1 0 0 4
1 0 0 4
1 0 0 4
1 0 0 4
1 0 0 3
1 0 0 3
1 0 0 3
1 0 0 5
1 0 0 5
1 0 0 5
1 0 0 5
1 0 0 3
1 0 0 3
1 0 0 6
1 0 0 4
1 0 0 6
1 0 0 7
1 0 0 7
1 0 0 7
1 0 0 7
1 0 0 7
1 0 0 7
1 0 0 7
1 0 0 7
1 0 0 7
1 0 0 7
1 0 0 1
1 0 0 1
1 0 0 1
1 0 0 1
1 0 0 8
1 0 0 8
1 0 0 8
1 0 0 8
1 0 0 8
1 0 0 8
1 0 0 8
1 0 0 8
1 0 0 8
1 0 0 8
1 0 0 9
1 0 0 9
1 0 0 10
1 0 0 10
1 0 0 10
1 0 0 10
1 0 0 10
1 0 0 10
1 0 0 10
1 0 0 10
1 0 0 10
1 0 0 10
1 0 0 9
1 0 0 11
1 0 0 11
1 0 0 11
1 0 0 11
1 0 0 11
1 0 0 12
1 0 0 12
1 0 0 12
1 0 0 12
1 0 0 12
1 0 0 12
1 0 0 12
1 0 0 12
1 0 0 12
1 0 0 12
1 0 0 11
1 0 0 11
1 0 0 11
1 0 0 11
1 0 0 11
1 0 0 9
1 0 0 9
1 0 0 9
1 0 0 13
1 0 0 14
1 0 0 15
1 0 0 15
1 0 0 15
1 0 0 15
1 0 0 15
1 0 0 15
1 0 0 15
1 0 0 15
1 0 0 15
1 0 0 15
1 0 0 14
1 0 0 16
1 0 0 16
1 0 0 16
1 0 0 16
1 0 0 16
1 0 0 16
1 0 0 16
1 0 0 16
1 0 0 16
1 0 0 16
1 0 0 14
1 0 0 14
1 0 0 17
1 0 0 17
1 0 0 17
1 0 0 17
1 0 0 17
1 0 0 17
1 0 0 17
1 0 0 17
1 0 0 17
1 0 0 18
1 0 0 18
1 0 0 18
1 0 0 18
1 0 0 18
1 0 0 18
1 0 0 18
1 0 0 18
1 0 0 18
1 0 0 18
1 0 0 17
1 0 0 19
1 0 0 19
1 0 0 19
1 0 0 19
1 0 0 19
1 0 0 19
1 0 0 19
1 0 0 19
1 0 0 20
1 0 0 20
1 0 0 20
1 0 0 20
1 0 0 20
1 0 0 20
1 0 0 20
1 0 0 20
1 0 0 20
1 0 0 20
1 0 0 21
1 0 0 21
1 0 0 21
1 0 0 19
1 0 0 19
1 0 0 21
1 0 0 21
1 0 0 21
1 0 0 21
1 0 0 21
1 0 0 21
1 0 0 22
1 0 0 22
1 0 0 21
1 0 0 23
1 0 0 23
1 0 0 24
1 0 0 24
1 0 0 24
1 0 0 24
1 0 0 24
1 0 0 24
1 0 0 24
1 0 0 24
1 0 0 25
1 0 0 24
1 0 0 24
1 0 0 25
1 0 0 25
1 0 0 25
1 0 0 25
1 0 0 25
1 0 0 25
1 0 0 25
1 0 0 25
1 0 0 25
1 0 0 23
1 0 0 23
1 0 0 23
1 0 0 23
1 0 0 23
1 0 0 23
1 0 0 23
1 0 0 23
1 0 0 22
1 0 0 22
1 0 0 22
1 0 0 22
1 0 0 26
1 0 0 26
1 0 0 26
1 0 0 26
1 0 0 26
1 0 0 26
1 0 0 26
1 0 0 26
1 0 0 26
1 0 0 26
1 0 0 22
1 0 0 22
1 0 0 22
1 0 0 27
1 0 0 27
1 0 0 27
1 0 0 27
1 0 0 27
1 0 0 14
1 0 0 27
1 0 0 27
1 0 0 27
1 0 0 27
1 0 0 27
1 0 0 14
1 0 0 28
1 0 0 28
1 0 0 28
1 0 0 28
1 0 0 28
1 0 0 28
1 0 0 28
1 0 0 28
1 0 0 28
1 0 0 28
1 0 0 29
1 0 0 30
1 0 0 30
1 0 0 30
1 0 0 30
1 0 0 30
1 0 0 30
1 0 0 30
1 0 0 30
1 0 0 30
1 0 0 30
1 0 0 31
1 0 0 31
1 0 0 31
1 0 0 31
1 0 0 31
1 0 0 31
1 0 0 31
1 0 0 31
1 0 0 31
1 0 0 31
1 0 0 32
1 0 0 32
1 0 0 32
1 0 0 32
1 0 0 32
1 0 0 32
1 0 0 32
1 0 0 32
1 0 0 32
1 0 0 32
1 0 0 29
1 0 0 29
1 0 0 29
1 0 0 29
1 0 0 29
1 0 0 29
1 0 0 29
1 0 0 29
1 0 0 29
1 0 0 22
1 0 0 14
1 0 0 14
1 0 0 14
1 0 0 14
1 0 0 13
1 0 0 13
1 0 0 13
1 0 0 13
1 0 0 13
1 0 0 13
1 0 0 13
1 0 0 13
1 0 0 13
1 0 0 33
1 0 0 33
1 0 0 33
1 0 0 33
1 0 0 33
1 0 0 33
1 0 0 33
1 0 0 33
1 0 0 33
1 0 0 33
1 0 0 9
1 0 0 9
1 0 0 34
1 0 0 34
1 0 0 34
1 0 0 34
1 0 0 34
1 0 0 34
1 0 0 34
1 0 0 34
1 0 0 34
1 0 0 34
1 0 0 9
1 0 0 9
1 0 0 5
1 0 0 5
1 0 0 5
1 0 0 5
1 0 0 5
1 0 0 4
1 0 0 4
1 0 0 4
1 0 0 6
1 0 0 35
1 0 0 35
1 0 0 35
1 0 0 35
1 0 0 35
1 0 0 36
1 0 0 36
1 0 0 36
1 0 0 36
1 0 0 36
1 0 0 36
1 0 0 36
1 0 0 37
1 0 0 37
1 0 0 37
1 0 0 37
1 0 0 38
1 0 0 38
1 0 0 38
1 0 0 38
1 0 0 38
1 0 0 38
1 0 0 38
1 0 0 38
1 0 0 38
1 0 0 38
1 0 0 39
1 0 0 39
1 0 0 39
1 0 0 40
1 0 0 40
1 0 0 40
1 0 0 40
1 0 0 40
1 0 0 40
1 0 0 40
1 0 0 40
1 0 0 40
1 0 0 39
1 0 0 39
1 0 0 39
1 0 0 39
1 0 0 39
1 0 0 40
1 0 0 39
1 0 0 39
1 0 0 37
1 0 0 37
1 0 0 37
1 0 0 37
1 0 0 37
1 0 0 37
1 0 0 36
1 0 0 36
1 0 0 36
1 0 0 6
1 0 0 6
1 0 0 6
1 0 0 35
1 0 0 41
1 0 0 41
1 0 0 41
1 0 0 41
1 0 0 41
1 0 0 41
1 0 0 41
1 0 0 41
1 0 0 41
1 0 0 41
1 0 0 35
1 0 0 42
1 0 0 42
1 0 0 43
1 0 0 43
1 0 0 43
1 0 0 43
1 0 0 43
1 0 0 43
1 0 0 43
1 0 0 43
1 0 0 43
1 0 0 43
1 0 0 42
1 0 0 42
1 0 0 42
1 0 0 42
1 0 0 42
1 0 0 42
1 0 0 42
1 0 0 42
1 0 0 35
1 0 0 44
1 0 0 44
1 0 0 44
1 0 0 44
1 0 0 44
1 0 0 44
1 0 0 44
1 0 0 44
1 0 0 44
1 0 0 44
1 0 0 45
1 0 0 45
1 0 0 45
1 0 0 45
1 0 0 45
1 0 0 45
1 0 0 45
1 0 0 45
1 0 0 45
1 0 0 45
1 0 0 35
1 0 0 46
1 0 0 46
1 0 0 46
1 0 0 46
1 0 0 46
1 0 0 46
1 0 0 46
1 0 0 46
1 0 0 46
1 0 0 46
1 0 0 35
1 0 0 47
1 0 0 47
1 0 0 47
1 0 0 47
1 0 0 47
1 0 0 47
1 0 0 47
1 0 0 47
1 0 0 47
1 0 0 47
1 0 0 6
1 0 0 6
1 0 0 6
1 0 0 5
1 0 0 6
1 0 0 4
1 0 0 4
0.1 3 4 -1
0.1 2 471 -1
0.1 5 6 -1
0.1 7 8 -1
0.1 10 11 -1
0.1 475 12 -1
0.1 476 13 -1
0.1 9 477 -1
0.1 474 478 -1
0.1 15 16 -1
0.1 14 480 -1
0.1 481 17 -1
0.1 19 20 -1
0.1 18 483 -1
0.1 484 21 -1
0.1 22 23 -1
0.1 24 25 -1
0.1 486 487 -1
0.1 27 28 -1
0.1 31 32 -1
0.1 30 490 -1
0.1 29 491 -1
0.1 489 492 -1
0.1 26 493 -1
0.1 488 494 -1
0.1 33 34 -1
0.1 495 496 -1
0.1 485 497 -1
0.1 482 498 -1
0.1 36 37 -1
0.1 35 500 -1
0.1 499 501 -1
0.1 40 41 -1
0.1 503 42 -1
0.1 43 44 -1
0.1 504 505 -1
0.1 45 46 -1
0.1 506 507 -1
0.1 508 47 -1
0.1 39 509 -1
0.1 38 510 -1
0.1 502 511 -1
0.1 479 512 -1
0.1 473 513 -1
0.1 50 51 -1
0.1 49 515 -1
0.1 48 516 -1
0.1 514 517 -1
0.1 53 54 -1
0.1 52 519 -1
0.1 56 57 -1
0.1 59 60 -1
0.1 522 61 -1
0.1 58 523 -1
0.1 521 524 -1
0.1 55 525 -1
0.1 520 526 -1
0.1 518 527 -1
0.1 472 528 -1
0.1 1 529 -1
0.1 64 65 -1
0.1 66 67 -1
0.1 68 69 -1
0.1 70 71 -1
0.1 533 534 -1
0.1 532 535 -1
0.1 531 536 -1
0.1 72 73 -1
0.1 537 538 -1
0.1 63 539 -1
0.1 77 78 -1
0.1 76 541 -1
0.1 80 81 -1
0.1 543 82 -1
0.1 85 86 -1
0.1 545 87 -1
0.1 84 546 -1
0.1 83 547 -1
0.1 544 548 -1
0.1 88 89 -1
0.1 549 550 -1
0.1 79 551 -1
0.1 552 90 -1
0.1 542 553 -1
0.1 91 92 -1
0.1 554 555 -1
0.1 556 93 -1
0.1 75 557 -1
0.1 74 558 -1
0.1 559 94 -1
0.1 540 560 -1
0.1 95 96 -1
0.1 561 562 -1
0.1 101 102 -1
0.1 100 564 -1
0.1 103 104 -1
0.1 105 106 -1
0.1 107 108 -1
0.1 567 568 -1
0.1 566 569 -1
0.1 570 109 -1
0.1 565 571 -1
0.1 572 110 -1
0.1 114 115 -1
0.1 113 574 -1
0.1 112 575 -1
0.1 116 117 -1
0.1 577 118 -1
0.1 576 578 -1
0.1 119 120 -1
0.1 579 580 -1
0.1 111 581 -1
0.1 123 124 -1
0.1 126 127 -1
0.1 584 128 -1
0.1 585 129 -1
0.1 130 131 -1
0.1 586 587 -1
0.1 132 133 -1
0.1 134 135 -1
0.1 589 590 -1
0.1 136 137 -1
0.1 139 140 -1
0.1 138 593 -1
0.1 594 141 -1
0.1 592 595 -1
0.1 591 596 -1
0.1 597 142 -1
0.1 588 598 -1
0.1 125 599 -1
0.1 583 600 -1
0.1 122 601 -1
0.1 121 602 -1
0.1 582 603 -1
0.1 147 148 -1
0.1 146 605 -1
0.1 606 149 -1
0.1 145 607 -1
0.1 608 150 -1
0.1 144 609 -1
0.1 143 610 -1
0.1 152 153 -1
0.1 151 612 -1
0.1 156 157 -1
0.1 159 160 -1
0.1 158 615 -1
0.1 614 616 -1
0.1 155 617 -1
0.1 154 618 -1
0.1 613 619 -1
0.1 611 620 -1
0.1 604 621 -1
0.1 573 622 -1
0.1 99 623 -1
0.1 161 162 -1
0.1 164 165 -1
0.1 166 167 -1
0.1 626 627 -1
0.1 168 169 -1
0.1 170 171 -1
0.1 629 630 -1
0.1 628 631 -1
0.1 163 632 -1
0.1 625 633 -1
0.1 624 634 -1
0.1 172 173 -1
0.1 175 176 -1
0.1 174 637 -1
0.1 178 179 -1
0.1 177 639 -1
0.1 181 182 -1
0.1 180 641 -1
0.1 183 184 -1
0.1 642 643 -1
0.1 640 644 -1
0.1 638 645 -1
0.1 636 646 -1
0.1 635 647 -1
0.1 186 187 -1
0.1 188 189 -1
0.1 649 650 -1
0.1 191 192 -1
0.1 190 652 -1
0.1 193 194 -1
0.1 195 196 -1
0.1 654 655 -1
0.1 653 656 -1
0.1 651 657 -1
0.1 185 658 -1
0.1 198 199 -1
0.1 197 660 -1
0.1 201 202 -1
0.1 203 204 -1
0.1 662 663 -1
0.1 200 664 -1
0.1 661 665 -1
0.1 659 666 -1
0.1 207 208 -1
0.1 206 668 -1
0.1 210 211 -1
0.1 214 215 -1
0.1 213 671 -1
0.1 212 672 -1
0.1 673 216 -1
0.1 674 217 -1
0.1 675 218 -1
0.1 670 676 -1
0.1 209 677 -1
0.1 669 678 -1
0.1 679 219 -1
0.1 220 221 -1
0.1 680 681 -1
0.1 205 682 -1
0.1 223 224 -1
0.1 222 684 -1
0.1 225 226 -1
0.1 685 686 -1
0.1 687 227 -1
0.1 683 688 -1
0.1 228 229 -1
0.1 231 232 -1
0.1 230 691 -1
0.1 690 692 -1
0.1 693 233 -1
0.1 689 694 -1
0.1 235 236 -1
0.1 237 238 -1
0.1 696 697 -1
0.1 698 239 -1
0.1 242 243 -1
0.1 241 700 -1
0.1 240 701 -1
0.1 699 702 -1
0.1 234 703 -1
0.1 246 247 -1
0.1 248 249 -1
0.1 250 251 -1
0.1 707 252 -1
0.1 706 708 -1
0.1 253 254 -1
0.1 709 710 -1
0.1 705 711 -1
0.1 245 712 -1
0.1 255 256 -1
0.1 714 257 -1
0.1 258 259 -1
0.1 715 716 -1
0.1 260 261 -1
0.1 263 264 -1
0.1 262 719 -1
0.1 718 720 -1
0.1 717 721 -1
0.1 266 267 -1
0.1 265 723 -1
0.1 269 270 -1
0.1 268 725 -1
0.1 271 272 -1
0.1 726 727 -1
0.1 728 273 -1
0.1 729 274 -1
0.1 724 730 -1
0.1 722 731 -1
0.1 713 732 -1
0.1 276 277 -1
0.1 279 280 -1
0.1 281 282 -1
0.1 736 283 -1
0.1 735 737 -1
0.1 278 738 -1
0.1 734 739 -1
0.1 275 740 -1
0.1 733 741 -1
0.1 244 742 -1
0.1 704 743 -1
0.1 744 284 -1
0.1 287 288 -1
0.1 286 746 -1
0.1 285 747 -1
0.1 745 748 -1
0.1 695 749 -1
0.1 667 750 -1
0.1 648 751 -1
0.1 289 290 -1
0.1 752 753 -1
0.1 291 292 -1
0.1 294 295 -1
0.1 293 756 -1
0.1 755 757 -1
0.1 754 758 -1
0.1 98 759 -1
0.1 296 297 -1
0.1 760 761 -1
0.1 97 762 -1
0.1 563 763 -1
0.1 298 299 -1
0.1 303 304 -1
0.1 305 306 -1
0.1 766 767 -1
0.1 302 768 -1
0.1 301 769 -1
0.1 300 770 -1
0.1 771 307 -1
0.1 765 772 -1
0.1 764 773 -1
0.1 310 311 -1
0.1 312 313 -1
0.1 314 315 -1
0.1 776 777 -1
0.1 775 778 -1
0.1 317 318 -1
0.1 780 319 -1
0.1 316 781 -1
0.1 779 782 -1
0.1 309 783 -1
0.1 308 784 -1
0.1 774 785 -1
0.1 320 321 -1
0.1 786 787 -1
0.1 62 788 -1
0.1 322 323 -1
0.1 790 324 -1
0.1 791 325 -1
0.1 792 326 -1
0.1 327 328 -1
0.1 793 794 -1
0.1 789 795 -1
0.1 796 329 -1
0.1 530 797 -1
0.1 332 333 -1
0.1 331 799 -1
0.1 330 800 -1
0.1 334 335 -1
0.1 336 337 -1
0.1 339 340 -1
0.1 804 341 -1
0.1 338 805 -1
0.1 343 344 -1
0.1 345 346 -1
0.1 348 349 -1
0.1 809 350 -1
0.1 351 352 -1
0.1 810 811 -1
0.1 347 812 -1
0.1 353 354 -1
0.1 355 356 -1
0.1 814 815 -1
0.1 813 816 -1
0.1 817 357 -1
0.1 360 361 -1
0.1 819 362 -1
0.1 820 363 -1
0.1 364 365 -1
0.1 822 366 -1
0.1 367 368 -1
0.1 823 824 -1
0.1 825 369 -1
0.1 821 826 -1
0.1 372 373 -1
0.1 371 828 -1
0.1 370 829 -1
0.1 827 830 -1
0.1 359 831 -1
0.1 374 375 -1
0.1 832 833 -1
0.1 834 376 -1
0.1 358 835 -1
0.1 818 836 -1
0.1 808 837 -1
0.1 377 378 -1
0.1 838 839 -1
0.1 807 840 -1
0.1 841 379 -1
0.1 842 380 -1
0.1 381 382 -1
0.1 843 844 -1
0.1 383 384 -1
0.1 845 846 -1
0.1 342 847 -1
0.1 806 848 -1
0.1 849 385 -1
0.1 803 850 -1
0.1 802 851 -1
0.1 386 387 -1
0.1 853 388 -1
0.1 852 854 -1
0.1 801 855 -1
0.1 391 392 -1
0.1 390 857 -1
0.1 393 394 -1
0.1 396 397 -1
0.1 395 860 -1
0.1 398 399 -1
0.1 861 862 -1
0.1 859 863 -1
0.1 858 864 -1
0.1 389 865 -1
0.1 401 402 -1
0.1 404 405 -1
0.1 403 868 -1
0.1 406 407 -1
0.1 870 408 -1
0.1 869 871 -1
0.1 409 410 -1
0.1 411 412 -1
0.1 873 874 -1
0.1 872 875 -1
0.1 876 413 -1
0.1 415 416 -1
0.1 878 417 -1
0.1 414 879 -1
0.1 877 880 -1
0.1 867 881 -1
0.1 419 420 -1
0.1 418 883 -1
0.1 882 884 -1
0.1 400 885 -1
0.1 422 423 -1
0.1 424 425 -1
0.1 427 428 -1
0.1 889 429 -1
0.1 426 890 -1
0.1 430 431 -1
0.1 432 433 -1
0.1 435 436 -1
0.1 434 894 -1
0.1 437 438 -1
0.1 895 896 -1
0.1 893 897 -1
0.1 439 440 -1
0.1 899 441 -1
0.1 898 900 -1
0.1 892 901 -1
0.1 891 902 -1
0.1 888 903 -1
0.1 887 904 -1
0.1 905 442 -1
0.1 421 906 -1
0.1 444 445 -1
0.1 448 449 -1
0.1 909 450 -1
0.1 447 910 -1
0.1 451 452 -1
0.1 911 912 -1
0.1 446 913 -1
0.1 908 914 -1
0.1 443 915 -1
0.1 907 916 -1
0.1 886 917 -1
0.1 918 453 -1
0.1 866 919 -1
0.1 856 920 -1
0.1 454 455 -1
0.1 922 456 -1
0.1 457 458 -1
0.1 923 924 -1
0.1 459 460 -1
0.1 925 926 -1
0.1 461 462 -1
0.1 928 463 -1
0.1 927 929 -1
0.1 921 930 -1
0.1 464 465 -1
0.1 467 468 -1
0.1 466 933 -1
0.1 932 934 -1
0.1 931 935 -1
0.1 469 470 -1
0.1 936 937 -1
0.1 798 938 -1
