1 0 0 1
1 0 0 1
1 0 0 1
1 0 0 1
1 0 0 1
1 0 0 1
1 0 0 1
1 0 0 1
1 0 0 2
1 0 0 1
1 0 0 3
1 0 0 3
1 0 0 4
1 0 0 4
1 0 0 4
1 0 0 5
1 0 0 5
1 0 0 6
1 0 0 6
1 0 0 6
1 0 0 6
1 0 0 6
1 0 0 6
1 0 0 6
1 0 0 6
1 0 0 7
1 0 0 7
1 0 0 7
1 0 0 7
1 0 0 7
1 0 0 7
1 0 0 7
1 0 0 7
1 0 0 7
1 0 0 7
1 0 0 6
1 0 0 6
1 0 0 8
1 0 0 8
1 0 0 9
1 0 0 9
1 0 0 9
1 0 0 10
1 0 0 10
1 0 0 10
1 0 0 10
1 0 0 10
1 0 0 10
1 0 0 10
1 0 0 10
1 0 0 10
1 0 0 10
1 0 0 11
1 0 0 11
1 0 0 11
1 0 0 11
1 0 0 11
1 0 0 9
1 0 0 11
1 0 0 11
1 0 0 11
1 0 0 11
1 0 0 11
1 0 0 9
1 0 0 9
1 0 0 9
1 0 0 9
1 0 0 9
1 0 0 9
1 0 0 8
1 0 0 8
1 0 0 8
1 0 0 8
1 0 0 8
1 0 0 8
1 0 0 8
1 0 0 8
1 0 0 12
1 0 0 12
1 0 0 12
1 0 0 13
1 0 0 13
1 0 0 14
1 0 0 12
1 0 0 12
1 0 0 12
1 0 0 12
1 0 0 12
1 0 0 13
1 0 0 13
1 0 0 13
1 0 0 13
1 0 0 13
1 0 0 13
1 0 0 13
1 0 0 13
1 0 0 5
1 0 0 5
1 0 0 15
1 0 0 15
1 0 0 15
1 0 0 15
1 0 0 15
1 0 0 15
1 0 0 15
1 0 0 15
1 0 0 15
1 0 0 5
1 0 0 14
1 0 0 14
1 0 0 14
1 0 0 14
1 0 0 14
1 0 0 14
1 0 0 14
1 0 0 14
1 0 0 14
1 0 0 5
1 0 0 5
1 0 0 5
1 0 0 15
1 0 0 16
1 0 0 16
1 0 0 16
1 0 0 16
1 0 0 16
1 0 0 16
1 0 0 17
1 0 0 17
1 0 0 18
1 0 0 18
1 0 0 18
1 0 0 18
1 0 0 18
1 0 0 18
1 0 0 18
1 0 0 18
1 0 0 18
1 0 0 18
1 0 0 16
1 0 0 19
1 0 0 19
1 0 0 19
1 0 0 19
1 0 0 19
1 0 0 19
1 0 0 19
1 0 0 19
1 0 0 19
1 0 0 19
1 0 0 16
1 0 0 16
1 0 0 16
1 0 0 5
1 0 0 20
1 0 0 20
1 0 0 20
1 0 0 20
1 0 0 20
1 0 0 20
1 0 0 20
1 0 0 20
1 0 0 20
1 0 0 20
1 0 0 5
1 0 0 21
1 0 0 21
1 0 0 21
1 0 0 21
1 0 0 21
1 0 0 21
1 0 0 21
1 0 0 21
1 0 0 21
1 0 0 21
1 0 0 22
1 0 0 22
1 0 0 17
1 0 0 17
1 0 0 17
1 0 0 17
1 0 0 17
1 0 0 17
1 0 0 17
1 0 0 17
1 0 0 23
1 0 0 23
1 0 0 23
1 0 0 23
1 0 0 23
1 0 0 23
1 0 0 23
1 0 0 23
1 0 0 23
1 0 0 23
1 0 0 22
1 0 0 22
1 0 0 22
1 0 0 22
1 0 0 22
1 0 0 22
1 0 0 22
1 0 0 22
1 0 0 12
1 0 0 12
1 0 0 4
1 0 0 4
1 0 0 4
1 0 0 4
1 0 0 4
1 0 0 4
1 0 0 4
1 0 0 24
1 0 0 24
1 0 0 24
1 0 0 24
1 0 0 24
1 0 0 24
1 0 0 24
1 0 0 24
1 0 0 24
1 0 0 24
1 0 0 25
1 0 0 25
1 0 0 25
1 0 0 25
1 0 0 25
1 0 0 25
1 0 0 25
1 0 0 25
1 0 0 25
1 0 0 25
1 0 0 3
1 0 0 3
1 0 0 3
1 0 0 3
1 0 0 26
1 0 0 26
1 0 0 26
1 0 0 26
1 0 0 26
1 0 0 26
1 0 0 26
1 0 0 26
1 0 0 26
1 0 0 26
1 0 0 3
1 0 0 3
1 0 0 3
1 0 0 27
1 0 0 27
1 0 0 27
1 0 0 27
1 0 0 27
1 0 0 27
1 0 0 27
1 0 0 27
1 0 0 27
1 0 0 27
1 0 0 28
1 0 0 28
1 0 0 28
1 0 0 28
1 0 0 28
1 0 0 28
1 0 0 28
1 0 0 28
1 0 0 28
1 0 0 28
1 0 0 29
1 0 0 29
1 0 0 29
1 0 0 29
1 0 0 30
1 0 0 31
1 0 0 31
1 0 0 31
1 0 0 31
1 0 0 31
1 0 0 31
1 0 0 31
1 0 0 29
1 0 0 29
1 0 0 31
1 0 0 31
1 0 0 31
1 0 0 32
1 0 0 32
1 0 0 32
1 0 0 32
1 0 0 32
1 0 0 33
1 0 0 33
1 0 0 33
1 0 0 33
1 0 0 33
1 0 0 33
1 0 0 33
1 0 0 33
1 0 0 33
1 0 0 33
1 0 0 32
1 0 0 32
1 0 0 32
1 0 0 32
1 0 0 32
1 0 0 34
1 0 0 30
1 0 0 30
1 0 0 34
1 0 0 1
1 0 0 30
1 0 0 29
1 0 0 29
1 0 0 29
1 0 0 29
1 0 0 2
1 0 0 3
1 0 0 2
1 0 0 2
1 0 0 2
1 0 0 2
1 0 0 2
1 0 0 2
1 0 0 2
1 0 0 34
1 0 0 34
1 0 0 34
1 0 0 34
1 0 0 34
1 0 0 35
1 0 0 36
1 0 0 36
1 0 0 36
1 0 0 36
1 0 0 36
1 0 0 36
1 0 0 36
1 0 0 36
1 0 0 36
1 0 0 36
1 0 0 37
1 0 0 37
1 0 0 37
1 0 0 37
1 0 0 37
1 0 0 37
1 0 0 37
1 0 0 37
1 0 0 37
1 0 0 37
1 0 0 35
1 0 0 35
1 0 0 35
1 0 0 35
1 0 0 35
1 0 0 38
1 0 0 38
1 0 0 38
1 0 0 38
1 0 0 38
1 0 0 38
1 0 0 38
1 0 0 38
1 0 0 38
1 0 0 38
1 0 0 39
1 0 0 39
1 0 0 39
1 0 0 39
1 0 0 39
1 0 0 39
1 0 0 39
1 0 0 39
1 0 0 39
1 0 0 39
1 0 0 35
1 0 0 35
1 0 0 35
1 0 0 34
1 0 0 34
1 0 0 34
1 0 0 40
1 0 0 40
1 0 0 40
1 0 0 40
1 0 0 40
1 0 0 40
1 0 0 40
1 0 0 40
1 0 0 40
1 0 0 40
1 0 0 35
1 0 0 41
1 0 0 41
1 0 0 41
1 0 0 41
1 0 0 42
1 0 0 42
1 0 0 42
1 0 0 42
1 0 0 42
1 0 0 42
1 0 0 42
1 0 0 42
1 0 0 42
1 0 0 42
1 0 0 41
1 0 0 41
1 0 0 41
1 0 0 41
1 0 0 41
1 0 0 41
1 0 0 43
1 0 0 44
1 0 0 44
1 0 0 44
1 0 0 44
1 0 0 44
1 0 0 45
1 0 0 45
1 0 0 46
1 0 0 46
1 0 0 46
1 0 0 46
1 0 0 46
1 0 0 46
1 0 0 46
1 0 0 46
1 0 0 46
1 0 0 45
1 0 0 45
1 0 0 45
1 0 0 45
1 0 0 45
1 0 0 45
1 0 0 45
1 0 0 45
1 0 0 47
1 0 0 47
1 0 0 47
1 0 0 47
1 0 0 47
1 0 0 47
1 0 0 47
1 0 0 47
1 0 0 47
1 0 0 47
1 0 0 46
1 0 0 44
1 0 0 44
1 0 0 44
1 0 0 44
1 0 0 44
1 0 0 43
1 0 0 43
1 0 0 43
1 0 0 43
1 0 0 43
1 0 0 43
1 0 0 43
1 0 0 43
1 0 0 2
1 0 0 43
1 0 0 30
1 0 0 30
1 0 0 30
1 0 0 30
1 0 0 30
1 0 0 30
0.1 1 2 -1
0.1 471 3 -1
0.1 5 6 -1
0.1 473 7 -1
0.1 474 8 -1
0.1 4 475 -1
0.1 472 476 -1
0.1 9 10 -1
0.1 477 478 -1
0.1 14 15 -1
0.1 19 20 -1
0.1 481 21 -1
0.1 482 22 -1
0.1 23 24 -1
0.1 483 484 -1
0.1 27 28 -1
0.1 26 486 -1
0.1 29 30 -1
0.1 32 33 -1
0.1 31 489 -1
0.1 490 34 -1
0.1 488 491 -1
0.1 487 492 -1
0.1 493 35 -1
0.1 25 494 -1
0.1 485 495 -1
0.1 18 496 -1
0.1 36 37 -1
0.1 497 498 -1
0.1 17 499 -1
0.1 16 500 -1
0.1 41 42 -1
0.1 43 44 -1
0.1 45 46 -1
0.1 503 504 -1
0.1 505 47 -1
0.1 506 48 -1
0.1 50 51 -1
0.1 49 508 -1
0.1 509 52 -1
0.1 507 510 -1
0.1 511 53 -1
0.1 512 54 -1
0.1 55 56 -1
0.1 513 514 -1
0.1 515 57 -1
0.1 58 59 -1
0.1 60 61 -1
0.1 518 62 -1
0.1 519 63 -1
0.1 517 520 -1
0.1 516 521 -1
0.1 522 64 -1
0.1 502 523 -1
0.1 524 65 -1
0.1 66 67 -1
0.1 525 526 -1
0.1 527 68 -1
0.1 528 69 -1
0.1 40 529 -1
0.1 39 530 -1
0.1 70 71 -1
0.1 531 532 -1
0.1 533 72 -1
0.1 534 73 -1
0.1 74 75 -1
0.1 536 76 -1
0.1 535 537 -1
0.1 538 77 -1
0.1 38 539 -1
0.1 79 80 -1
0.1 78 541 -1
0.1 81 82 -1
0.1 543 83 -1
0.1 84 85 -1
0.1 545 86 -1
0.1 87 88 -1
0.1 546 547 -1
0.1 544 548 -1
0.1 542 549 -1
0.1 90 91 -1
0.1 551 92 -1
0.1 94 95 -1
0.1 93 553 -1
0.1 552 554 -1
0.1 555 96 -1
0.1 89 556 -1
0.1 550 557 -1
0.1 540 558 -1
0.1 97 98 -1
0.1 101 102 -1
0.1 561 103 -1
0.1 100 562 -1
0.1 99 563 -1
0.1 104 105 -1
0.1 106 107 -1
0.1 565 566 -1
0.1 564 567 -1
0.1 110 111 -1
0.1 113 114 -1
0.1 112 570 -1
0.1 569 571 -1
0.1 116 117 -1
0.1 115 573 -1
0.1 572 574 -1
0.1 109 575 -1
0.1 119 120 -1
0.1 118 577 -1
0.1 576 578 -1
0.1 108 579 -1
0.1 568 580 -1
0.1 560 581 -1
0.1 582 121 -1
0.1 126 127 -1
0.1 128 129 -1
0.1 131 132 -1
0.1 133 134 -1
0.1 586 587 -1
0.1 130 588 -1
0.1 135 136 -1
0.1 137 138 -1
0.1 590 591 -1
0.1 592 139 -1
0.1 589 593 -1
0.1 585 594 -1
0.1 584 595 -1
0.1 125 596 -1
0.1 124 597 -1
0.1 123 598 -1
0.1 599 140 -1
0.1 122 600 -1
0.1 583 601 -1
0.1 559 602 -1
0.1 141 142 -1
0.1 604 143 -1
0.1 144 145 -1
0.1 605 606 -1
0.1 147 148 -1
0.1 608 149 -1
0.1 146 609 -1
0.1 607 610 -1
0.1 611 150 -1
0.1 612 151 -1
0.1 152 153 -1
0.1 613 614 -1
0.1 603 615 -1
0.1 501 616 -1
0.1 156 157 -1
0.1 155 618 -1
0.1 163 164 -1
0.1 162 620 -1
0.1 161 621 -1
0.1 160 622 -1
0.1 159 623 -1
0.1 158 624 -1
0.1 619 625 -1
0.1 154 626 -1
0.1 627 165 -1
0.1 168 169 -1
0.1 629 170 -1
0.1 630 171 -1
0.1 167 631 -1
0.1 166 632 -1
0.1 172 173 -1
0.1 174 175 -1
0.1 634 635 -1
0.1 633 636 -1
0.1 628 637 -1
0.1 176 177 -1
0.1 178 179 -1
0.1 181 182 -1
0.1 180 641 -1
0.1 183 184 -1
0.1 642 643 -1
0.1 640 644 -1
0.1 645 185 -1
0.1 187 188 -1
0.1 647 189 -1
0.1 191 192 -1
0.1 649 193 -1
0.1 190 650 -1
0.1 648 651 -1
0.1 194 195 -1
0.1 652 653 -1
0.1 186 654 -1
0.1 646 655 -1
0.1 639 656 -1
0.1 198 199 -1
0.1 197 658 -1
0.1 196 659 -1
0.1 202 203 -1
0.1 201 661 -1
0.1 200 662 -1
0.1 660 663 -1
0.1 657 664 -1
0.1 638 665 -1
0.1 617 666 -1
0.1 204 205 -1
0.1 667 668 -1
0.1 480 669 -1
0.1 207 208 -1
0.1 671 209 -1
0.1 210 211 -1
0.1 672 673 -1
0.1 206 674 -1
0.1 670 675 -1
0.1 676 212 -1
0.1 13 677 -1
0.1 214 215 -1
0.1 216 217 -1
0.1 680 218 -1
0.1 679 681 -1
0.1 682 219 -1
0.1 220 221 -1
0.1 683 684 -1
0.1 223 224 -1
0.1 686 225 -1
0.1 228 229 -1
0.1 227 688 -1
0.1 226 689 -1
0.1 690 230 -1
0.1 231 232 -1
0.1 691 692 -1
0.1 687 693 -1
0.1 222 694 -1
0.1 685 695 -1
0.1 696 233 -1
0.1 213 697 -1
0.1 234 235 -1
0.1 698 699 -1
0.1 678 700 -1
0.1 701 236 -1
0.1 237 238 -1
0.1 242 243 -1
0.1 704 244 -1
0.1 241 705 -1
0.1 240 706 -1
0.1 239 707 -1
0.1 703 708 -1
0.1 245 246 -1
0.1 709 710 -1
0.1 711 247 -1
0.1 250 251 -1
0.1 252 253 -1
0.1 254 255 -1
0.1 714 715 -1
0.1 256 257 -1
0.1 258 259 -1
0.1 717 718 -1
0.1 716 719 -1
0.1 713 720 -1
0.1 249 721 -1
0.1 248 722 -1
0.1 262 263 -1
0.1 261 724 -1
0.1 260 725 -1
0.1 265 266 -1
0.1 264 727 -1
0.1 728 267 -1
0.1 729 268 -1
0.1 730 269 -1
0.1 726 731 -1
0.1 723 732 -1
0.1 712 733 -1
0.1 702 734 -1
0.1 12 735 -1
0.1 11 736 -1
0.1 270 271 -1
0.1 272 273 -1
0.1 738 739 -1
0.1 740 274 -1
0.1 737 741 -1
0.1 479 742 -1
0.1 276 277 -1
0.1 279 280 -1
0.1 278 745 -1
0.1 746 281 -1
0.1 744 747 -1
0.1 748 282 -1
0.1 749 283 -1
0.1 285 286 -1
0.1 284 751 -1
0.1 750 752 -1
0.1 275 753 -1
0.1 743 754 -1
0.1 287 288 -1
0.1 756 289 -1
0.1 290 291 -1
0.1 293 294 -1
0.1 295 296 -1
0.1 298 299 -1
0.1 297 761 -1
0.1 760 762 -1
0.1 759 763 -1
0.1 292 764 -1
0.1 300 301 -1
0.1 765 766 -1
0.1 767 302 -1
0.1 303 304 -1
0.1 305 306 -1
0.1 769 770 -1
0.1 768 771 -1
0.1 758 772 -1
0.1 757 773 -1
0.1 308 309 -1
0.1 307 775 -1
0.1 776 310 -1
0.1 311 312 -1
0.1 315 316 -1
0.1 779 317 -1
0.1 314 780 -1
0.1 313 781 -1
0.1 782 318 -1
0.1 319 320 -1
0.1 321 322 -1
0.1 784 785 -1
0.1 324 325 -1
0.1 323 787 -1
0.1 786 788 -1
0.1 783 789 -1
0.1 778 790 -1
0.1 327 328 -1
0.1 792 329 -1
0.1 326 793 -1
0.1 332 333 -1
0.1 795 334 -1
0.1 335 336 -1
0.1 796 797 -1
0.1 338 339 -1
0.1 337 799 -1
0.1 798 800 -1
0.1 340 341 -1
0.1 801 802 -1
0.1 331 803 -1
0.1 342 343 -1
0.1 344 345 -1
0.1 806 346 -1
0.1 347 348 -1
0.1 807 808 -1
0.1 350 351 -1
0.1 349 810 -1
0.1 809 811 -1
0.1 805 812 -1
0.1 353 354 -1
0.1 352 814 -1
0.1 813 815 -1
0.1 816 355 -1
0.1 359 360 -1
0.1 358 818 -1
0.1 357 819 -1
0.1 361 362 -1
0.1 363 364 -1
0.1 822 365 -1
0.1 821 823 -1
0.1 820 824 -1
0.1 825 366 -1
0.1 367 368 -1
0.1 372 373 -1
0.1 828 374 -1
0.1 371 829 -1
0.1 370 830 -1
0.1 369 831 -1
0.1 375 376 -1
0.1 832 833 -1
0.1 827 834 -1
0.1 826 835 -1
0.1 356 836 -1
0.1 837 377 -1
0.1 817 838 -1
0.1 378 379 -1
0.1 839 840 -1
0.1 804 841 -1
0.1 842 380 -1
0.1 330 843 -1
0.1 844 381 -1
0.1 845 382 -1
0.1 383 384 -1
0.1 385 386 -1
0.1 847 848 -1
0.1 388 389 -1
0.1 387 850 -1
0.1 390 391 -1
0.1 851 852 -1
0.1 853 392 -1
0.1 849 854 -1
0.1 855 393 -1
0.1 394 395 -1
0.1 857 396 -1
0.1 398 399 -1
0.1 400 401 -1
0.1 859 860 -1
0.1 403 404 -1
0.1 402 862 -1
0.1 405 406 -1
0.1 864 407 -1
0.1 863 865 -1
0.1 861 866 -1
0.1 397 867 -1
0.1 858 868 -1
0.1 869 408 -1
0.1 409 410 -1
0.1 870 871 -1
0.1 411 412 -1
0.1 872 873 -1
0.1 874 413 -1
0.1 856 875 -1
0.1 876 414 -1
0.1 415 416 -1
0.1 417 418 -1
0.1 878 879 -1
0.1 422 423 -1
0.1 424 425 -1
0.1 881 882 -1
0.1 426 427 -1
0.1 884 428 -1
0.1 429 430 -1
0.1 885 886 -1
0.1 887 431 -1
0.1 883 888 -1
0.1 434 435 -1
0.1 433 890 -1
0.1 432 891 -1
0.1 889 892 -1
0.1 893 436 -1
0.1 894 437 -1
0.1 421 895 -1
0.1 420 896 -1
0.1 439 440 -1
0.1 441 442 -1
0.1 443 444 -1
0.1 445 446 -1
0.1 447 448 -1
0.1 901 902 -1
0.1 900 903 -1
0.1 899 904 -1
0.1 898 905 -1
0.1 438 906 -1
0.1 897 907 -1
0.1 908 449 -1
0.1 450 451 -1
0.1 909 910 -1
0.1 452 453 -1
0.1 911 912 -1
0.1 913 454 -1
0.1 419 914 -1
0.1 880 915 -1
0.1 916 455 -1
0.1 456 457 -1
0.1 917 918 -1
0.1 458 459 -1
0.1 920 460 -1
0.1 919 921 -1
0.1 461 462 -1
0.1 922 923 -1
0.1 877 924 -1
0.1 463 464 -1
0.1 925 926 -1
0.1 846 927 -1
0.1 794 928 -1
0.1 791 929 -1
0.1 777 930 -1
0.1 467 468 -1
0.1 466 932 -1
0.1 465 933 -1
0.1 931 934 -1
0.1 774 935 -1
0.1 469 470 -1
0.1 936 937 -1
0.1 755 938 -1
