1 0 0 1
1 0 0 2
1 0 0 2
1 0 0 3
1 0 0 3
1 0 0 3
1 0 0 3
1 0 0 3
1 0 0 3
1 0 0 2
1 0 0 2
1 0 0 2
1 0 0 2
1 0 0 2
1 0 0 4
1 0 0 4
1 0 0 4
1 0 0 5
1 0 0 5
1 0 0 5
1 0 0 5
1 0 0 5
1 0 0 5
1 0 0 5
1 0 0 5
1 0 0 5
1 0 0 5
1 0 0 6
1 0 0 6
1 0 0 6
1 0 0 6
1 0 0 6
1 0 0 7
1 0 0 7
1 0 0 7
1 0 0 6
1 0 0 6
1 0 0 6
1 0 0 6
1 0 0 4
1 0 0 4
1 0 0 3
1 0 0 8
1 0 0 8
1 0 0 8
1 0 0 8
1 0 0 8
1 0 0 8
1 0 0 8
1 0 0 8
1 0 0 8
1 0 0 8
1 0 0 7
1 0 0 7
1 0 0 7
1 0 0 7
1 0 0 9
1 0 0 9
1 0 0 9
1 0 0 9
1 0 0 9
1 0 0 9
1 0 0 9
1 0 0 9
1 0 0 9
1 0 0 9
1 0 0 4
1 0 0 4
1 0 0 4
1 0 0 4
1 0 0 4
1 0 0 10
1 0 0 11
1 0 0 11
1 0 0 7
1 0 0 7
1 0 0 10
1 0 0 10
1 0 0 10
1 0 0 10
1 0 0 10
1 0 0 10
1 0 0 11
1 0 0 11
1 0 0 11
1 0 0 11
1 0 0 11
1 0 0 11
1 0 0 11
1 0 0 11
1 0 0 10
1 0 0 10
1 0 0 10
1 0 0 7
1 0 0 6
1 0 0 1
1 0 0 1
1 0 0 1
1 0 0 1
1 0 0 1
1 0 0 1
1 0 0 12
1 0 0 2
1 0 0 2
1 0 0 2
1 0 0 12
1 0 0 12
1 0 0 12
1 0 0 12
1 0 0 12
1 0 0 12
1 0 0 12
1 0 0 12
1 0 0 12
1 0 0 1
1 0 0 1
1 0 0 1
1 0 0 3
1 0 0 3
1 0 0 3
0.1 6 7 -1
0.1 8 9 -1
0.1 121 122 -1
0.1 5 123 -1
0.1 4 124 -1
0.1 10 11 -1
0.1 125 126 -1
0.1 127 12 -1
0.1 3 128 -1
0.1 129 13 -1
0.1 2 130 -1
0.1 131 14 -1
0.1 1 132 -1
0.1 133 15 -1
0.1 19 20 -1
0.1 135 21 -1
0.1 18 136 -1
0.1 137 22 -1
0.1 138 23 -1
0.1 24 25 -1
0.1 139 140 -1
0.1 26 27 -1
0.1 141 142 -1
0.1 31 32 -1
0.1 30 144 -1
0.1 29 145 -1
0.1 28 146 -1
0.1 143 147 -1
0.1 34 35 -1
0.1 33 149 -1
0.1 148 150 -1
0.1 37 38 -1
0.1 152 39 -1
0.1 36 153 -1
0.1 154 40 -1
0.1 151 155 -1
0.1 17 156 -1
0.1 16 157 -1
0.1 134 158 -1
0.1 43 44 -1
0.1 42 160 -1
0.1 161 45 -1
0.1 162 46 -1
0.1 163 47 -1
0.1 49 50 -1
0.1 48 165 -1
0.1 166 51 -1
0.1 164 167 -1
0.1 168 52 -1
0.1 54 55 -1
0.1 170 56 -1
0.1 53 171 -1
0.1 58 59 -1
0.1 60 61 -1
0.1 62 63 -1
0.1 174 175 -1
0.1 173 176 -1
0.1 177 64 -1
0.1 57 178 -1
0.1 179 65 -1
0.1 180 66 -1
0.1 172 181 -1
0.1 169 182 -1
0.1 183 67 -1
0.1 41 184 -1
0.1 159 185 -1
0.1 68 69 -1
0.1 70 71 -1
0.1 187 188 -1
0.1 73 74 -1
0.1 72 190 -1
0.1 75 76 -1
0.1 78 79 -1
0.1 77 193 -1
0.1 194 80 -1
0.1 81 82 -1
0.1 83 84 -1
0.1 197 85 -1
0.1 198 86 -1
0.1 89 90 -1
0.1 88 200 -1
0.1 87 201 -1
0.1 199 202 -1
0.1 92 93 -1
0.1 91 204 -1
0.1 203 205 -1
0.1 196 206 -1
0.1 195 207 -1
0.1 192 208 -1
0.1 191 209 -1
0.1 210 94 -1
0.1 211 95 -1
0.1 99 100 -1
0.1 213 101 -1
0.1 98 214 -1
0.1 97 215 -1
0.1 96 216 -1
0.1 212 217 -1
0.1 104 105 -1
0.1 103 219 -1
0.1 102 220 -1
0.1 108 109 -1
0.1 107 222 -1
0.1 106 223 -1
0.1 111 112 -1
0.1 110 225 -1
0.1 113 114 -1
0.1 226 227 -1
0.1 115 116 -1
0.1 228 229 -1
0.1 224 230 -1
0.1 117 118 -1
0.1 119 120 -1
0.1 232 233 -1
0.1 231 234 -1
0.1 221 235 -1
0.1 218 236 -1
0.1 189 237 -1
0.1 186 238 -1
