1 0 0 1
1 0 0 2
1 0 0 2
1 0 0 3
1 0 0 3
1 0 0 3
1 0 0 3
1 0 0 3
1 0 0 4
1 0 0 4
1 0 0 4
1 0 0 4
1 0 0 4
1 0 0 4
1 0 0 4
1 0 0 4
1 0 0 4
1 0 0 4
1 0 0 3
1 0 0 3
1 0 0 3
1 0 0 5
1 0 0 5
1 0 0 5
1 0 0 5
1 0 0 6
1 0 0 6
1 0 0 6
1 0 0 6
1 0 0 6
1 0 0 6
1 0 0 6
1 0 0 6
1 0 0 6
1 0 0 6
1 0 0 7
1 0 0 7
1 0 0 7
1 0 0 7
1 0 0 7
1 0 0 7
1 0 0 7
1 0 0 7
1 0 0 7
1 0 0 7
1 0 0 3
1 0 0 5
1 0 0 5
1 0 0 3
1 0 0 5
1 0 0 5
1 0 0 5
1 0 0 5
1 0 0 8
1 0 0 8
1 0 0 9
1 0 0 9
1 0 0 9
1 0 0 9
1 0 0 9
1 0 0 9
1 0 0 10
1 0 0 10
1 0 0 10
1 0 0 10
1 0 0 11
1 0 0 9
1 0 0 9
1 0 0 9
1 0 0 1
1 0 0 1
1 0 0 1
1 0 0 1
1 0 0 1
1 0 0 8
1 0 0 8
1 0 0 8
1 0 0 10
1 0 0 10
1 0 0 10
1 0 0 10
1 0 0 10
1 0 0 10
1 0 0 1
1 0 0 2
1 0 0 1
1 0 0 1
1 0 0 1
1 0 0 11
1 0 0 11
1 0 0 11
1 0 0 11
1 0 0 11
1 0 0 11
1 0 0 11
1 0 0 11
1 0 0 2
1 0 0 2
1 0 0 2
1 0 0 2
1 0 0 2
1 0 0 2
1 0 0 2
1 0 0 11
1 0 0 12
1 0 0 12
1 0 0 12
1 0 0 12
1 0 0 12
1 0 0 8
1 0 0 8
1 0 0 8
1 0 0 8
1 0 0 8
1 0 0 12
1 0 0 12
1 0 0 9
1 0 0 12
1 0 0 12
1 0 0 12
0.1 2 3 -1
0.1 5 6 -1
0.1 122 7 -1
0.1 4 123 -1
0.1 8 9 -1
0.1 12 13 -1
0.1 11 126 -1
0.1 10 127 -1
0.1 128 14 -1
0.1 125 129 -1
0.1 16 17 -1
0.1 15 131 -1
0.1 132 18 -1
0.1 130 133 -1
0.1 124 134 -1
0.1 20 21 -1
0.1 19 136 -1
0.1 135 137 -1
0.1 23 24 -1
0.1 139 25 -1
0.1 22 140 -1
0.1 27 28 -1
0.1 30 31 -1
0.1 29 143 -1
0.1 142 144 -1
0.1 33 34 -1
0.1 32 146 -1
0.1 145 147 -1
0.1 26 148 -1
0.1 39 40 -1
0.1 41 42 -1
0.1 151 43 -1
0.1 150 152 -1
0.1 38 153 -1
0.1 44 45 -1
0.1 154 155 -1
0.1 37 156 -1
0.1 36 157 -1
0.1 35 158 -1
0.1 149 159 -1
0.1 141 160 -1
0.1 47 48 -1
0.1 46 162 -1
0.1 161 163 -1
0.1 138 164 -1
0.1 51 52 -1
0.1 50 166 -1
0.1 167 53 -1
0.1 49 168 -1
0.1 165 169 -1
0.1 121 170 -1
0.1 1 171 -1
0.1 54 55 -1
0.1 172 173 -1
0.1 56 57 -1
0.1 59 60 -1
0.1 58 176 -1
0.1 175 177 -1
0.1 178 61 -1
0.1 179 62 -1
0.1 64 65 -1
0.1 68 69 -1
0.1 67 182 -1
0.1 66 183 -1
0.1 73 74 -1
0.1 72 185 -1
0.1 71 186 -1
0.1 70 187 -1
0.1 76 77 -1
0.1 75 189 -1
0.1 188 190 -1
0.1 191 78 -1
0.1 184 192 -1
0.1 181 193 -1
0.1 63 194 -1
0.1 195 79 -1
0.1 196 80 -1
0.1 197 81 -1
0.1 198 82 -1
0.1 199 83 -1
0.1 180 200 -1
0.1 85 86 -1
0.1 84 202 -1
0.1 203 87 -1
0.1 204 88 -1
0.1 93 94 -1
0.1 206 95 -1
0.1 92 207 -1
0.1 91 208 -1
0.1 90 209 -1
0.1 98 99 -1
0.1 100 101 -1
0.1 212 102 -1
0.1 213 103 -1
0.1 211 214 -1
0.1 97 215 -1
0.1 96 216 -1
0.1 210 217 -1
0.1 218 104 -1
0.1 89 219 -1
0.1 205 220 -1
0.1 201 221 -1
0.1 105 106 -1
0.1 223 107 -1
0.1 224 108 -1
0.1 112 113 -1
0.1 111 226 -1
0.1 110 227 -1
0.1 228 114 -1
0.1 229 115 -1
0.1 230 116 -1
0.1 109 231 -1
0.1 225 232 -1
0.1 119 120 -1
0.1 118 234 -1
0.1 117 235 -1
0.1 233 236 -1
0.1 222 237 -1
0.1 174 238 -1
