1 0 0 1
1 0 0 1
1 0 0 1
1 0 0 1
1 0 0 1
1 0 0 1
1 0 0 1
1 0 0 1
1 0 0 2
1 0 0 2
1 0 0 2
1 0 0 1
1 0 0 1
1 0 0 2
1 0 0 3
1 0 0 2
1 0 0 4
1 0 0 4
1 0 0 4
1 0 0 4
1 0 0 2
1 0 0 5
1 0 0 5
1 0 0 5
1 0 0 5
1 0 0 5
1 0 0 2
1 0 0 2
1 0 0 2
1 0 0 6
1 0 0 3
1 0 0 3
1 0 0 3
1 0 0 3
1 0 0 5
1 0 0 5
1 0 0 4
1 0 0 2
1 0 0 4
1 0 0 4
1 0 0 6
1 0 0 6
1 0 0 4
1 0 0 4
1 0 0 5
1 0 0 5
1 0 0 5
1 0 0 6
1 0 0 6
1 0 0 6
1 0 0 6
1 0 0 6
1 0 0 7
1 0 0 7
1 0 0 7
1 0 0 7
1 0 0 7
1 0 0 7
1 0 0 7
1 0 0 7
1 0 0 7
1 0 0 7
1 0 0 8
1 0 0 8
1 0 0 9
1 0 0 9
1 0 0 9
1 0 0 9
1 0 0 9
1 0 0 9
1 0 0 9
1 0 0 9
1 0 0 9
1 0 0 9
1 0 0 8
1 0 0 8
1 0 0 8
1 0 0 8
1 0 0 8
1 0 0 10
1 0 0 10
1 0 0 8
1 0 0 8
1 0 0 8
1 0 0 10
1 0 0 10
1 0 0 10
1 0 0 10
1 0 0 11
1 0 0 10
1 0 0 10
1 0 0 10
1 0 0 11
1 0 0 11
1 0 0 11
1 0 0 11
1 0 0 11
1 0 0 11
1 0 0 11
1 0 0 11
1 0 0 11
1 0 0 10
1 0 0 4
1 0 0 12
1 0 0 12
1 0 0 12
1 0 0 12
1 0 0 12
1 0 0 12
1 0 0 12
1 0 0 12
1 0 0 12
1 0 0 12
1 0 0 3
1 0 0 3
1 0 0 3
1 0 0 3
1 0 0 3
1 0 0 6
1 0 0 6
0.1 3 4 -1
0.1 5 6 -1
0.1 121 122 -1
0.1 123 7 -1
0.1 2 124 -1
0.1 1 125 -1
0.1 9 10 -1
0.1 127 11 -1
0.1 12 13 -1
0.1 15 16 -1
0.1 14 130 -1
0.1 129 131 -1
0.1 128 132 -1
0.1 8 133 -1
0.1 18 19 -1
0.1 135 20 -1
0.1 17 136 -1
0.1 137 21 -1
0.1 134 138 -1
0.1 126 139 -1
0.1 25 26 -1
0.1 28 29 -1
0.1 27 142 -1
0.1 30 31 -1
0.1 143 144 -1
0.1 33 34 -1
0.1 32 146 -1
0.1 145 147 -1
0.1 148 35 -1
0.1 149 36 -1
0.1 38 39 -1
0.1 41 42 -1
0.1 152 43 -1
0.1 153 44 -1
0.1 40 154 -1
0.1 151 155 -1
0.1 37 156 -1
0.1 157 45 -1
0.1 150 158 -1
0.1 141 159 -1
0.1 46 47 -1
0.1 160 161 -1
0.1 24 162 -1
0.1 23 163 -1
0.1 22 164 -1
0.1 140 165 -1
0.1 49 50 -1
0.1 167 51 -1
0.1 48 168 -1
0.1 169 52 -1
0.1 54 55 -1
0.1 53 171 -1
0.1 172 56 -1
0.1 60 61 -1
0.1 59 174 -1
0.1 175 62 -1
0.1 58 176 -1
0.1 57 177 -1
0.1 63 64 -1
0.1 67 68 -1
0.1 66 180 -1
0.1 70 71 -1
0.1 182 72 -1
0.1 69 183 -1
0.1 73 74 -1
0.1 184 185 -1
0.1 181 186 -1
0.1 65 187 -1
0.1 179 188 -1
0.1 178 189 -1
0.1 173 190 -1
0.1 76 77 -1
0.1 75 192 -1
0.1 80 81 -1
0.1 79 194 -1
0.1 83 84 -1
0.1 82 196 -1
0.1 195 197 -1
0.1 86 87 -1
0.1 90 91 -1
0.1 89 200 -1
0.1 88 201 -1
0.1 202 92 -1
0.1 199 203 -1
0.1 85 204 -1
0.1 97 98 -1
0.1 96 206 -1
0.1 95 207 -1
0.1 208 99 -1
0.1 209 100 -1
0.1 94 210 -1
0.1 93 211 -1
0.1 212 101 -1
0.1 213 102 -1
0.1 205 214 -1
0.1 198 215 -1
0.1 78 216 -1
0.1 193 217 -1
0.1 191 218 -1
0.1 170 219 -1
0.1 106 107 -1
0.1 105 221 -1
0.1 108 109 -1
0.1 222 223 -1
0.1 224 110 -1
0.1 104 225 -1
0.1 112 113 -1
0.1 111 227 -1
0.1 226 228 -1
0.1 117 118 -1
0.1 116 230 -1
0.1 115 231 -1
0.1 114 232 -1
0.1 233 119 -1
0.1 234 120 -1
0.1 229 235 -1
0.1 103 236 -1
0.1 220 237 -1
0.1 166 238 -1
