1 0 0 1
1 0 0 2
1 0 0 2
1 0 0 3
1 0 0 4
1 0 0 4
1 0 0 5
1 0 0 5
1 0 0 6
1 0 0 6
1 0 0 6
1 0 0 6
1 0 0 6
1 0 0 6
1 0 0 6
1 0 0 6
1 0 0 6
1 0 0 6
1 0 0 5
1 0 0 7
1 0 0 7
1 0 0 7
1 0 0 7
1 0 0 8
1 0 0 8
1 0 0 8
1 0 0 8
1 0 0 8
1 0 0 8
1 0 0 7
1 0 0 7
1 0 0 8
1 0 0 8
1 0 0 8
1 0 0 8
1 0 0 7
1 0 0 7
1 0 0 7
1 0 0 7
1 0 0 5
1 0 0 5
1 0 0 9
1 0 0 10
1 0 0 10
1 0 0 10
1 0 0 10
1 0 0 10
1 0 0 10
1 0 0 11
1 0 0 9
1 0 0 10
1 0 0 9
1 0 0 9
1 0 0 9
1 0 0 10
1 0 0 5
1 0 0 5
1 0 0 5
1 0 0 12
1 0 0 12
1 0 0 13
1 0 0 13
1 0 0 13
1 0 0 5
1 0 0 5
1 0 0 14
1 0 0 14
1 0 0 14
1 0 0 15
1 0 0 15
1 0 0 15
1 0 0 15
1 0 0 15
1 0 0 15
1 0 0 15
1 0 0 15
1 0 0 15
1 0 0 16
1 0 0 16
1 0 0 16
1 0 0 16
1 0 0 16
1 0 0 14
1 0 0 16
1 0 0 16
1 0 0 16
1 0 0 16
1 0 0 16
1 0 0 15
1 0 0 14
1 0 0 17
1 0 0 17
1 0 0 17
1 0 0 17
1 0 0 17
1 0 0 17
1 0 0 17
1 0 0 17
1 0 0 17
1 0 0 17
1 0 0 18
1 0 0 18
1 0 0 18
1 0 0 18
1 0 0 18
1 0 0 18
1 0 0 18
1 0 0 18
1 0 0 18
1 0 0 18
1 0 0 19
1 0 0 19
1 0 0 19
1 0 0 19
1 0 0 19
1 0 0 19
1 0 0 19
1 0 0 19
1 0 0 19
1 0 0 19
1 0 0 14
1 0 0 14
1 0 0 20
1 0 0 20
1 0 0 20
1 0 0 20
1 0 0 20
1 0 0 20
1 0 0 20
1 0 0 20
1 0 0 20
1 0 0 20
1 0 0 21
1 0 0 21
1 0 0 21
1 0 0 21
1 0 0 21
1 0 0 21
1 0 0 21
1 0 0 21
1 0 0 21
1 0 0 21
1 0 0 22
1 0 0 22
1 0 0 22
1 0 0 22
1 0 0 22
1 0 0 22
1 0 0 22
1 0 0 22
1 0 0 23
1 0 0 23
1 0 0 23
1 0 0 14
1 0 0 23
1 0 0 23
1 0 0 23
1 0 0 23
1 0 0 23
1 0 0 23
1 0 0 23
1 0 0 22
1 0 0 22
1 0 0 14
1 0 0 24
1 0 0 24
1 0 0 24
1 0 0 24
1 0 0 24
1 0 0 24
1 0 0 24
1 0 0 24
1 0 0 24
1 0 0 24
1 0 0 25
1 0 0 25
1 0 0 25
1 0 0 25
1 0 0 25
1 0 0 25
1 0 0 25
1 0 0 25
1 0 0 25
1 0 0 25
1 0 0 26
1 0 0 26
1 0 0 26
1 0 0 26
1 0 0 26
1 0 0 27
1 0 0 27
1 0 0 27
1 0 0 27
1 0 0 27
1 0 0 27
1 0 0 27
1 0 0 27
1 0 0 27
1 0 0 27
1 0 0 26
1 0 0 26
1 0 0 26
1 0 0 26
1 0 0 26
1 0 0 14
1 0 0 28
1 0 0 28
1 0 0 28
1 0 0 28
1 0 0 28
1 0 0 28
1 0 0 28
1 0 0 28
1 0 0 28
1 0 0 28
1 0 0 29
1 0 0 29
1 0 0 29
1 0 0 29
1 0 0 29
1 0 0 29
1 0 0 29
1 0 0 29
1 0 0 29
1 0 0 29
1 0 0 30
1 0 0 30
1 0 0 30
1 0 0 30
1 0 0 30
1 0 0 31
1 0 0 31
1 0 0 31
1 0 0 31
1 0 0 31
1 0 0 31
1 0 0 31
1 0 0 31
1 0 0 31
1 0 0 31
1 0 0 32
1 0 0 32
1 0 0 32
1 0 0 32
1 0 0 32
1 0 0 32
1 0 0 32
1 0 0 32
1 0 0 32
1 0 0 32
1 0 0 30
1 0 0 30
1 0 0 30
1 0 0 33
1 0 0 33
1 0 0 33
1 0 0 33
1 0 0 33
1 0 0 33
1 0 0 33
1 0 0 33
1 0 0 33
1 0 0 33
1 0 0 30
1 0 0 30
1 0 0 11
1 0 0 34
1 0 0 34
1 0 0 34
1 0 0 35
1 0 0 34
1 0 0 34
1 0 0 34
1 0 0 34
1 0 0 34
1 0 0 34
1 0 0 34
1 0 0 35
1 0 0 35
1 0 0 35
1 0 0 35
1 0 0 11
1 0 0 11
1 0 0 36
1 0 0 36
1 0 0 36
1 0 0 36
1 0 0 36
1 0 0 36
1 0 0 36
1 0 0 36
1 0 0 36
1 0 0 36
1 0 0 11
1 0 0 11
1 0 0 11
1 0 0 11
1 0 0 37
1 0 0 37
1 0 0 37
1 0 0 37
1 0 0 35
1 0 0 38
1 0 0 38
1 0 0 38
1 0 0 38
1 0 0 38
1 0 0 38
1 0 0 38
1 0 0 38
1 0 0 35
1 0 0 38
1 0 0 35
1 0 0 39
1 0 0 39
1 0 0 39
1 0 0 39
1 0 0 38
1 0 0 39
1 0 0 39
1 0 0 10
1 0 0 10
1 0 0 40
1 0 0 39
1 0 0 39
1 0 0 39
1 0 0 40
1 0 0 40
1 0 0 41
1 0 0 40
1 0 0 40
1 0 0 40
1 0 0 40
1 0 0 40
1 0 0 40
1 0 0 40
1 0 0 39
1 0 0 37
1 0 0 37
1 0 0 37
1 0 0 37
1 0 0 37
1 0 0 37
1 0 0 35
1 0 0 35
1 0 0 9
1 0 0 9
1 0 0 9
1 0 0 9
1 0 0 9
1 0 0 42
1 0 0 42
1 0 0 42
1 0 0 42
1 0 0 42
1 0 0 42
1 0 0 42
1 0 0 42
1 0 0 43
1 0 0 44
1 0 0 44
1 0 0 44
1 0 0 42
1 0 0 42
1 0 0 44
1 0 0 44
1 0 0 44
1 0 0 44
1 0 0 44
1 0 0 44
1 0 0 44
1 0 0 43
1 0 0 43
1 0 0 43
1 0 0 43
1 0 0 43
1 0 0 43
1 0 0 43
1 0 0 43
1 0 0 43
1 0 0 45
1 0 0 46
1 0 0 46
1 0 0 46
1 0 0 46
1 0 0 46
1 0 0 46
1 0 0 46
1 0 0 46
1 0 0 46
1 0 0 46
1 0 0 45
1 0 0 47
1 0 0 47
1 0 0 47
1 0 0 47
1 0 0 47
1 0 0 47
1 0 0 47
1 0 0 47
1 0 0 47
1 0 0 47
1 0 0 48
1 0 0 48
1 0 0 48
1 0 0 48
1 0 0 48
1 0 0 48
1 0 0 48
1 0 0 48
1 0 0 48
1 0 0 48
1 0 0 3
1 0 0 1
1 0 0 1
1 0 0 1
1 0 0 1
1 0 0 49
1 0 0 1
1 0 0 1
1 0 0 1
1 0 0 50
1 0 0 50
1 0 0 50
1 0 0 51
1 0 0 51
1 0 0 51
1 0 0 51
1 0 0 49
1 0 0 49
1 0 0 49
1 0 0 49
1 0 0 49
1 0 0 49
1 0 0 49
1 0 0 51
1 0 0 51
1 0 0 51
1 0 0 51
1 0 0 51
1 0 0 51
1 0 0 2
1 0 0 2
1 0 0 52
1 0 0 12
1 0 0 12
1 0 0 41
1 0 0 41
1 0 0 41
1 0 0 41
1 0 0 41
1 0 0 41
1 0 0 41
1 0 0 41
1 0 0 50
1 0 0 50
1 0 0 50
1 0 0 50
1 0 0 50
1 0 0 50
1 0 0 50
1 0 0 53
1 0 0 45
1 0 0 45
1 0 0 45
1 0 0 54
1 0 0 54
1 0 0 54
1 0 0 54
1 0 0 53
1 0 0 53
1 0 0 53
1 0 0 2
1 0 0 2
1 0 0 2
1 0 0 53
1 0 0 52
1 0 0 49
1 0 0 49
1 0 0 53
1 0 0 53
1 0 0 53
1 0 0 53
1 0 0 54
1 0 0 54
1 0 0 54
1 0 0 54
1 0 0 54
1 0 0 3
1 0 0 3
1 0 0 55
1 0 0 55
1 0 0 55
1 0 0 55
1 0 0 55
1 0 0 55
1 0 0 3
1 0 0 45
1 0 0 55
1 0 0 55
1 0 0 3
1 0 0 2
1 0 0 56
1 0 0 56
1 0 0 57
1 0 0 57
1 0 0 57
1 0 0 57
1 0 0 57
1 0 0 57
1 0 0 57
1 0 0 57
1 0 0 57
1 0 0 57
1 0 0 4
1 0 0 3
1 0 0 3
1 0 0 52
1 0 0 52
1 0 0 3
1 0 0 55
1 0 0 55
1 0 0 4
1 0 0 4
1 0 0 4
1 0 0 4
1 0 0 4
1 0 0 4
1 0 0 58
1 0 0 56
1 0 0 56
1 0 0 56
1 0 0 56
1 0 0 54
1 0 0 58
1 0 0 58
1 0 0 58
1 0 0 56
1 0 0 1
1 0 0 12
1 0 0 12
1 0 0 12
1 0 0 12
1 0 0 12
1 0 0 41
1 0 0 13
1 0 0 13
1 0 0 13
1 0 0 13
1 0 0 13
1 0 0 13
1 0 0 13
1 0 0 53
1 0 0 11
1 0 0 11
1 0 0 12
1 0 0 3
1 0 0 2
1 0 0 56
1 0 0 56
1 0 0 56
1 0 0 2
1 0 0 4
1 0 0 52
1 0 0 52
1 0 0 52
1 0 0 52
1 0 0 52
1 0 0 52
1 0 0 45
1 0 0 45
1 0 0 59
1 0 0 59
1 0 0 59
1 0 0 59
1 0 0 59
1 0 0 59
1 0 0 59
1 0 0 59
1 0 0 59
1 0 0 59
1 0 0 45
1 0 0 45
1 0 0 60
1 0 0 60
1 0 0 60
1 0 0 60
1 0 0 60
1 0 0 60
1 0 0 60
1 0 0 60
1 0 0 60
1 0 0 60
1 0 0 58
1 0 0 58
1 0 0 58
1 0 0 58
1 0 0 58
1 0 0 58
1 0 0 1
0.1 2 3 -1
0.1 5 6 -1
0.1 7 8 -1
0.1 9 10 -1
0.1 12 13 -1
0.1 11 605 -1
0.1 15 16 -1
0.1 17 18 -1
0.1 607 608 -1
0.1 14 609 -1
0.1 606 610 -1
0.1 604 611 -1
0.1 22 23 -1
0.1 21 613 -1
0.1 20 614 -1
0.1 26 27 -1
0.1 28 29 -1
0.1 616 617 -1
0.1 25 618 -1
0.1 30 31 -1
0.1 33 34 -1
0.1 32 621 -1
0.1 622 35 -1
0.1 620 623 -1
0.1 619 624 -1
0.1 24 625 -1
0.1 37 38 -1
0.1 36 627 -1
0.1 626 628 -1
0.1 629 39 -1
0.1 615 630 -1
0.1 631 40 -1
0.1 19 632 -1
0.1 612 633 -1
0.1 603 634 -1
0.1 42 43 -1
0.1 636 44 -1
0.1 45 46 -1
0.1 638 47 -1
0.1 639 48 -1
0.1 49 50 -1
0.1 53 54 -1
0.1 52 642 -1
0.1 51 643 -1
0.1 641 644 -1
0.1 640 645 -1
0.1 637 646 -1
0.1 647 55 -1
0.1 56 57 -1
0.1 648 649 -1
0.1 650 58 -1
0.1 41 651 -1
0.1 635 652 -1
0.1 602 653 -1
0.1 59 60 -1
0.1 62 63 -1
0.1 61 656 -1
0.1 655 657 -1
0.1 64 65 -1
0.1 67 68 -1
0.1 70 71 -1
0.1 661 72 -1
0.1 69 662 -1
0.1 73 74 -1
0.1 663 664 -1
0.1 75 76 -1
0.1 665 666 -1
0.1 667 77 -1
0.1 79 80 -1
0.1 82 83 -1
0.1 85 86 -1
0.1 84 671 -1
0.1 670 672 -1
0.1 81 673 -1
0.1 674 87 -1
0.1 675 88 -1
0.1 669 676 -1
0.1 78 677 -1
0.1 678 89 -1
0.1 668 679 -1
0.1 660 680 -1
0.1 94 95 -1
0.1 682 96 -1
0.1 683 97 -1
0.1 93 684 -1
0.1 92 685 -1
0.1 686 98 -1
0.1 99 100 -1
0.1 687 688 -1
0.1 91 689 -1
0.1 101 102 -1
0.1 106 107 -1
0.1 105 692 -1
0.1 108 109 -1
0.1 693 694 -1
0.1 104 695 -1
0.1 696 110 -1
0.1 103 697 -1
0.1 691 698 -1
0.1 690 699 -1
0.1 90 700 -1
0.1 111 112 -1
0.1 115 116 -1
0.1 117 118 -1
0.1 703 704 -1
0.1 114 705 -1
0.1 119 120 -1
0.1 706 707 -1
0.1 113 708 -1
0.1 702 709 -1
0.1 121 122 -1
0.1 710 711 -1
0.1 125 126 -1
0.1 127 128 -1
0.1 714 129 -1
0.1 713 715 -1
0.1 124 716 -1
0.1 123 717 -1
0.1 130 131 -1
0.1 718 719 -1
0.1 720 132 -1
0.1 712 721 -1
0.1 134 135 -1
0.1 133 723 -1
0.1 136 137 -1
0.1 725 138 -1
0.1 726 139 -1
0.1 727 140 -1
0.1 141 142 -1
0.1 728 729 -1
0.1 724 730 -1
0.1 722 731 -1
0.1 701 732 -1
0.1 681 733 -1
0.1 144 145 -1
0.1 147 148 -1
0.1 146 736 -1
0.1 735 737 -1
0.1 149 150 -1
0.1 155 156 -1
0.1 158 159 -1
0.1 157 741 -1
0.1 160 161 -1
0.1 742 743 -1
0.1 740 744 -1
0.1 154 745 -1
0.1 153 746 -1
0.1 152 747 -1
0.1 151 748 -1
0.1 749 162 -1
0.1 750 163 -1
0.1 739 751 -1
0.1 738 752 -1
0.1 143 753 -1
0.1 167 168 -1
0.1 755 169 -1
0.1 166 756 -1
0.1 170 171 -1
0.1 758 172 -1
0.1 759 173 -1
0.1 757 760 -1
0.1 761 174 -1
0.1 165 762 -1
0.1 164 763 -1
0.1 754 764 -1
0.1 734 765 -1
0.1 66 766 -1
0.1 175 176 -1
0.1 178 179 -1
0.1 180 181 -1
0.1 183 184 -1
0.1 182 771 -1
0.1 770 772 -1
0.1 769 773 -1
0.1 177 774 -1
0.1 768 775 -1
0.1 187 188 -1
0.1 186 777 -1
0.1 191 192 -1
0.1 194 195 -1
0.1 193 780 -1
0.1 781 196 -1
0.1 197 198 -1
0.1 783 199 -1
0.1 782 784 -1
0.1 779 785 -1
0.1 190 786 -1
0.1 787 200 -1
0.1 788 201 -1
0.1 202 203 -1
0.1 789 790 -1
0.1 791 204 -1
0.1 189 792 -1
0.1 778 793 -1
0.1 185 794 -1
0.1 208 209 -1
0.1 207 796 -1
0.1 212 213 -1
0.1 211 798 -1
0.1 210 799 -1
0.1 800 214 -1
0.1 797 801 -1
0.1 206 802 -1
0.1 803 215 -1
0.1 205 804 -1
0.1 218 219 -1
0.1 806 220 -1
0.1 807 221 -1
0.1 222 223 -1
0.1 808 809 -1
0.1 810 224 -1
0.1 217 811 -1
0.1 812 225 -1
0.1 216 813 -1
0.1 226 227 -1
0.1 814 815 -1
0.1 816 228 -1
0.1 229 230 -1
0.1 817 818 -1
0.1 231 232 -1
0.1 234 235 -1
0.1 236 237 -1
0.1 822 238 -1
0.1 823 239 -1
0.1 821 824 -1
0.1 825 240 -1
0.1 233 826 -1
0.1 820 827 -1
0.1 242 243 -1
0.1 829 244 -1
0.1 830 245 -1
0.1 247 248 -1
0.1 249 250 -1
0.1 832 833 -1
0.1 246 834 -1
0.1 831 835 -1
0.1 241 836 -1
0.1 828 837 -1
0.1 838 251 -1
0.1 819 839 -1
0.1 254 255 -1
0.1 257 258 -1
0.1 256 842 -1
0.1 843 259 -1
0.1 841 844 -1
0.1 845 260 -1
0.1 261 262 -1
0.1 846 847 -1
0.1 848 263 -1
0.1 253 849 -1
0.1 850 264 -1
0.1 252 851 -1
0.1 840 852 -1
0.1 853 265 -1
0.1 805 854 -1
0.1 795 855 -1
0.1 776 856 -1
0.1 767 857 -1
0.1 266 267 -1
0.1 271 272 -1
0.1 270 860 -1
0.1 273 274 -1
0.1 861 862 -1
0.1 269 863 -1
0.1 276 277 -1
0.1 275 865 -1
0.1 864 866 -1
0.1 268 867 -1
0.1 859 868 -1
0.1 869 278 -1
0.1 858 870 -1
0.1 659 871 -1
0.1 280 281 -1
0.1 282 283 -1
0.1 289 290 -1
0.1 875 291 -1
0.1 288 876 -1
0.1 287 877 -1
0.1 286 878 -1
0.1 285 879 -1
0.1 292 293 -1
0.1 880 881 -1
0.1 284 882 -1
0.1 874 883 -1
0.1 294 295 -1
0.1 885 296 -1
0.1 886 297 -1
0.1 884 887 -1
0.1 300 301 -1
0.1 299 889 -1
0.1 305 306 -1
0.1 307 308 -1
0.1 892 309 -1
0.1 891 893 -1
0.1 304 894 -1
0.1 303 895 -1
0.1 310 311 -1
0.1 896 897 -1
0.1 312 313 -1
0.1 315 316 -1
0.1 900 317 -1
0.1 314 901 -1
0.1 902 318 -1
0.1 319 320 -1
0.1 903 904 -1
0.1 321 322 -1
0.1 905 906 -1
0.1 899 907 -1
0.1 325 326 -1
0.1 324 909 -1
0.1 910 327 -1
0.1 323 911 -1
0.1 329 330 -1
0.1 913 331 -1
0.1 328 914 -1
0.1 912 915 -1
0.1 332 333 -1
0.1 917 334 -1
0.1 918 335 -1
0.1 916 919 -1
0.1 920 336 -1
0.1 921 337 -1
0.1 908 922 -1
0.1 898 923 -1
0.1 302 924 -1
0.1 338 339 -1
0.1 926 340 -1
0.1 341 342 -1
0.1 927 928 -1
0.1 925 929 -1
0.1 890 930 -1
0.1 931 343 -1
0.1 298 932 -1
0.1 888 933 -1
0.1 873 934 -1
0.1 348 349 -1
0.1 347 936 -1
0.1 937 350 -1
0.1 346 938 -1
0.1 351 352 -1
0.1 354 355 -1
0.1 353 941 -1
0.1 356 357 -1
0.1 942 943 -1
0.1 944 358 -1
0.1 940 945 -1
0.1 939 946 -1
0.1 361 362 -1
0.1 360 948 -1
0.1 363 364 -1
0.1 950 365 -1
0.1 367 368 -1
0.1 952 369 -1
0.1 366 953 -1
0.1 951 954 -1
0.1 949 955 -1
0.1 956 370 -1
0.1 957 371 -1
0.1 359 958 -1
0.1 372 373 -1
0.1 374 375 -1
0.1 960 961 -1
0.1 377 378 -1
0.1 376 963 -1
0.1 962 964 -1
0.1 379 380 -1
0.1 965 966 -1
0.1 959 967 -1
0.1 947 968 -1
0.1 345 969 -1
0.1 344 970 -1
0.1 935 971 -1
0.1 279 972 -1
0.1 872 973 -1
0.1 658 974 -1
0.1 654 975 -1
0.1 383 384 -1
0.1 977 385 -1
0.1 978 386 -1
0.1 382 979 -1
0.1 387 388 -1
0.1 980 981 -1
0.1 389 390 -1
0.1 983 391 -1
0.1 982 984 -1
0.1 381 985 -1
0.1 986 392 -1
0.1 393 394 -1
0.1 398 399 -1
0.1 397 989 -1
0.1 396 990 -1
0.1 401 402 -1
0.1 400 992 -1
0.1 991 993 -1
0.1 395 994 -1
0.1 988 995 -1
0.1 987 996 -1
0.1 404 405 -1
0.1 403 998 -1
0.1 999 406 -1
0.1 409 410 -1
0.1 408 1001 -1
0.1 407 1002 -1
0.1 1003 411 -1
0.1 1004 412 -1
0.1 1000 1005 -1
0.1 997 1006 -1
0.1 1007 413 -1
0.1 976 1008 -1
0.1 4 1009 -1
0.1 601 1010 -1
0.1 1 1011 -1
0.1 414 415 -1
0.1 1012 1013 -1
0.1 418 419 -1
0.1 420 421 -1
0.1 1015 1016 -1
0.1 417 1017 -1
0.1 416 1018 -1
0.1 423 424 -1
0.1 422 1020 -1
0.1 425 426 -1
0.1 427 428 -1
0.1 1022 1023 -1
0.1 1021 1024 -1
0.1 429 430 -1
0.1 431 432 -1
0.1 434 435 -1
0.1 433 1028 -1
0.1 1027 1029 -1
0.1 1026 1030 -1
0.1 437 438 -1
0.1 439 440 -1
0.1 1033 441 -1
0.1 1032 1034 -1
0.1 436 1035 -1
0.1 442 443 -1
0.1 1036 1037 -1
0.1 445 446 -1
0.1 444 1039 -1
0.1 1038 1040 -1
0.1 1031 1041 -1
0.1 449 450 -1
0.1 451 452 -1
0.1 1043 1044 -1
0.1 448 1045 -1
0.1 1046 453 -1
0.1 1047 454 -1
0.1 447 1048 -1
0.1 457 458 -1
0.1 459 460 -1
0.1 1050 1051 -1
0.1 1052 461 -1
0.1 456 1053 -1
0.1 455 1054 -1
0.1 1055 462 -1
0.1 463 464 -1
0.1 1057 465 -1
0.1 1056 1058 -1
0.1 1049 1059 -1
0.1 1042 1060 -1
0.1 1025 1061 -1
0.1 466 467 -1
0.1 1063 468 -1
0.1 1064 469 -1
0.1 471 472 -1
0.1 470 1066 -1
0.1 474 475 -1
0.1 473 1068 -1
0.1 478 479 -1
0.1 1070 480 -1
0.1 477 1071 -1
0.1 476 1072 -1
0.1 1069 1073 -1
0.1 481 482 -1
0.1 1075 483 -1
0.1 1074 1076 -1
0.1 484 485 -1
0.1 487 488 -1
0.1 486 1079 -1
0.1 1078 1080 -1
0.1 1077 1081 -1
0.1 1067 1082 -1
0.1 1065 1083 -1
0.1 489 490 -1
0.1 491 492 -1
0.1 493 494 -1
0.1 495 496 -1
0.1 1087 1088 -1
0.1 1086 1089 -1
0.1 1090 497 -1
0.1 499 500 -1
0.1 498 1092 -1
0.1 1091 1093 -1
0.1 503 504 -1
0.1 502 1095 -1
0.1 507 508 -1
0.1 1097 509 -1
0.1 506 1098 -1
0.1 505 1099 -1
0.1 1100 510 -1
0.1 512 513 -1
0.1 511 1102 -1
0.1 1103 514 -1
0.1 1101 1104 -1
0.1 1105 515 -1
0.1 1106 516 -1
0.1 1096 1107 -1
0.1 501 1108 -1
0.1 1094 1109 -1
0.1 518 519 -1
0.1 521 522 -1
0.1 520 1112 -1
0.1 1111 1113 -1
0.1 527 528 -1
0.1 526 1115 -1
0.1 525 1116 -1
0.1 524 1117 -1
0.1 523 1118 -1
0.1 1114 1119 -1
0.1 517 1120 -1
0.1 1110 1121 -1
0.1 1085 1122 -1
0.1 1084 1123 -1
0.1 1062 1124 -1
0.1 530 531 -1
0.1 532 533 -1
0.1 1126 1127 -1
0.1 529 1128 -1
0.1 535 536 -1
0.1 1130 537 -1
0.1 1131 538 -1
0.1 534 1132 -1
0.1 1133 539 -1
0.1 1129 1134 -1
0.1 1125 1135 -1
0.1 543 544 -1
0.1 542 1137 -1
0.1 541 1138 -1
0.1 540 1139 -1
0.1 545 546 -1
0.1 549 550 -1
0.1 1142 551 -1
0.1 1143 552 -1
0.1 548 1144 -1
0.1 547 1145 -1
0.1 554 555 -1
0.1 553 1147 -1
0.1 1146 1148 -1
0.1 1141 1149 -1
0.1 1150 556 -1
0.1 1151 557 -1
0.1 1140 1152 -1
0.1 1136 1153 -1
0.1 1019 1154 -1
0.1 559 560 -1
0.1 1156 561 -1
0.1 558 1157 -1
0.1 568 569 -1
0.1 567 1159 -1
0.1 566 1160 -1
0.1 565 1161 -1
0.1 564 1162 -1
0.1 563 1163 -1
0.1 562 1164 -1
0.1 572 573 -1
0.1 574 575 -1
0.1 1166 1167 -1
0.1 576 577 -1
0.1 1169 578 -1
0.1 1170 579 -1
0.1 1171 580 -1
0.1 1172 581 -1
0.1 1168 1173 -1
0.1 571 1174 -1
0.1 1175 582 -1
0.1 1176 583 -1
0.1 570 1177 -1
0.1 1165 1178 -1
0.1 1158 1179 -1
0.1 586 587 -1
0.1 585 1181 -1
0.1 589 590 -1
0.1 588 1183 -1
0.1 1184 591 -1
0.1 1185 592 -1
0.1 1186 593 -1
0.1 1182 1187 -1
0.1 584 1188 -1
0.1 594 595 -1
0.1 597 598 -1
0.1 596 1191 -1
0.1 1190 1192 -1
0.1 1193 599 -1
0.1 1189 1194 -1
0.1 1180 1195 -1
0.1 1196 600 -1
0.1 1155 1197 -1
0.1 1014 1198 -1
