1 0 0 1
1 0 0 1
1 0 0 1
1 0 0 1
1 0 0 1
1 0 0 1
1 0 0 1
1 0 0 1
1 0 0 1
1 0 0 1
1 0 0 2
1 0 0 2
1 0 0 2
1 0 0 2
1 0 0 2
1 0 0 2
1 0 0 2
1 0 0 2
1 0 0 2
1 0 0 2
1 0 0 3
1 0 0 3
1 0 0 3
1 0 0 4
1 0 0 4
1 0 0 4
1 0 0 4
1 0 0 4
1 0 0 4
1 0 0 4
1 0 0 4
1 0 0 4
1 0 0 4
1 0 0 5
1 0 0 5
1 0 0 5
1 0 0 5
1 0 0 5
1 0 0 5
1 0 0 5
1 0 0 5
1 0 0 5
1 0 0 5
1 0 0 3
1 0 0 6
1 0 0 6
1 0 0 6
1 0 0 6
1 0 0 6
1 0 0 6
1 0 0 6
1 0 0 6
1 0 0 6
1 0 0 6
1 0 0 7
1 0 0 7
1 0 0 7
1 0 0 7
1 0 0 7
1 0 0 7
1 0 0 7
1 0 0 7
1 0 0 7
1 0 0 7
1 0 0 3
1 0 0 8
1 0 0 8
1 0 0 8
1 0 0 8
1 0 0 8
1 0 0 8
1 0 0 8
1 0 0 8
1 0 0 8
1 0 0 8
1 0 0 9
1 0 0 10
1 0 0 10
1 0 0 10
1 0 0 10
1 0 0 10
1 0 0 10
1 0 0 10
1 0 0 10
1 0 0 10
1 0 0 10
1 0 0 9
1 0 0 11
1 0 0 11
1 0 0 11
1 0 0 11
1 0 0 11
1 0 0 11
1 0 0 11
1 0 0 11
1 0 0 11
1 0 0 11
1 0 0 9
1 0 0 9
1 0 0 9
1 0 0 9
1 0 0 9
1 0 0 9
1 0 0 9
1 0 0 9
1 0 0 3
1 0 0 3
1 0 0 3
1 0 0 3
1 0 0 3
1 0 0 12
1 0 0 12
1 0 0 13
1 0 0 13
1 0 0 13
1 0 0 13
1 0 0 13
1 0 0 13
1 0 0 13
1 0 0 13
1 0 0 13
1 0 0 13
1 0 0 12
1 0 0 12
1 0 0 12
1 0 0 12
1 0 0 14
1 0 0 14
1 0 0 14
1 0 0 14
1 0 0 14
1 0 0 14
1 0 0 14
1 0 0 14
1 0 0 15
1 0 0 15
1 0 0 15
1 0 0 15
1 0 0 15
1 0 0 15
1 0 0 15
1 0 0 15
1 0 0 15
1 0 0 15
1 0 0 14
1 0 0 14
1 0 0 12
1 0 0 12
1 0 0 12
1 0 0 12
1 0 0 16
1 0 0 16
1 0 0 16
1 0 0 16
1 0 0 16
1 0 0 16
1 0 0 16
1 0 0 16
1 0 0 16
1 0 0 16
1 0 0 17
1 0 0 17
1 0 0 17
1 0 0 17
1 0 0 17
1 0 0 17
1 0 0 17
1 0 0 17
1 0 0 17
1 0 0 17
1 0 0 18
1 0 0 18
1 0 0 18
1 0 0 18
1 0 0 18
1 0 0 18
1 0 0 18
1 0 0 18
1 0 0 18
1 0 0 18
1 0 0 19
1 0 0 19
1 0 0 19
1 0 0 19
1 0 0 20
1 0 0 20
1 0 0 20
1 0 0 20
1 0 0 20
1 0 0 20
1 0 0 20
1 0 0 20
1 0 0 20
1 0 0 20
1 0 0 19
1 0 0 19
1 0 0 19
1 0 0 19
1 0 0 19
1 0 0 19
1 0 0 21
1 0 0 21
1 0 0 21
1 0 0 21
1 0 0 21
1 0 0 21
1 0 0 21
1 0 0 21
1 0 0 21
1 0 0 21
0.1 1 2 -1
0.1 3 4 -1
0.1 211 212 -1
0.1 6 7 -1
0.1 5 214 -1
0.1 9 10 -1
0.1 8 216 -1
0.1 215 217 -1
0.1 213 218 -1
0.1 12 13 -1
0.1 14 15 -1
0.1 221 16 -1
0.1 220 222 -1
0.1 11 223 -1
0.1 19 20 -1
0.1 18 225 -1
0.1 17 226 -1
0.1 224 227 -1
0.1 219 228 -1
0.1 22 23 -1
0.1 25 26 -1
0.1 24 231 -1
0.1 27 28 -1
0.1 233 29 -1
0.1 32 33 -1
0.1 31 235 -1
0.1 30 236 -1
0.1 234 237 -1
0.1 232 238 -1
0.1 230 239 -1
0.1 21 240 -1
0.1 35 36 -1
0.1 37 38 -1
0.1 39 40 -1
0.1 243 244 -1
0.1 242 245 -1
0.1 42 43 -1
0.1 41 247 -1
0.1 246 248 -1
0.1 34 249 -1
0.1 241 250 -1
0.1 45 46 -1
0.1 47 48 -1
0.1 253 49 -1
0.1 252 254 -1
0.1 51 52 -1
0.1 53 54 -1
0.1 256 257 -1
0.1 50 258 -1
0.1 255 259 -1
0.1 55 56 -1
0.1 261 57 -1
0.1 59 60 -1
0.1 58 263 -1
0.1 262 264 -1
0.1 61 62 -1
0.1 63 64 -1
0.1 266 267 -1
0.1 265 268 -1
0.1 68 69 -1
0.1 67 270 -1
0.1 271 70 -1
0.1 272 71 -1
0.1 74 75 -1
0.1 73 274 -1
0.1 72 275 -1
0.1 273 276 -1
0.1 66 277 -1
0.1 77 78 -1
0.1 80 81 -1
0.1 82 83 -1
0.1 85 86 -1
0.1 84 282 -1
0.1 281 283 -1
0.1 280 284 -1
0.1 79 285 -1
0.1 279 286 -1
0.1 89 90 -1
0.1 92 93 -1
0.1 91 289 -1
0.1 288 290 -1
0.1 88 291 -1
0.1 95 96 -1
0.1 293 97 -1
0.1 94 294 -1
0.1 292 295 -1
0.1 87 296 -1
0.1 287 297 -1
0.1 100 101 -1
0.1 99 299 -1
0.1 102 103 -1
0.1 301 104 -1
0.1 302 105 -1
0.1 300 303 -1
0.1 98 304 -1
0.1 298 305 -1
0.1 76 306 -1
0.1 278 307 -1
0.1 65 308 -1
0.1 269 309 -1
0.1 106 107 -1
0.1 310 311 -1
0.1 108 109 -1
0.1 313 110 -1
0.1 312 314 -1
0.1 111 112 -1
0.1 113 114 -1
0.1 116 117 -1
0.1 115 318 -1
0.1 317 319 -1
0.1 118 119 -1
0.1 120 121 -1
0.1 322 122 -1
0.1 321 323 -1
0.1 320 324 -1
0.1 316 325 -1
0.1 124 125 -1
0.1 123 327 -1
0.1 127 128 -1
0.1 131 132 -1
0.1 130 330 -1
0.1 129 331 -1
0.1 133 134 -1
0.1 135 136 -1
0.1 137 138 -1
0.1 139 140 -1
0.1 335 336 -1
0.1 142 143 -1
0.1 141 338 -1
0.1 337 339 -1
0.1 340 144 -1
0.1 334 341 -1
0.1 333 342 -1
0.1 145 146 -1
0.1 343 344 -1
0.1 332 345 -1
0.1 329 346 -1
0.1 347 147 -1
0.1 126 348 -1
0.1 328 349 -1
0.1 149 150 -1
0.1 148 351 -1
0.1 350 352 -1
0.1 326 353 -1
0.1 152 153 -1
0.1 154 155 -1
0.1 355 356 -1
0.1 156 157 -1
0.1 358 158 -1
0.1 159 160 -1
0.1 359 360 -1
0.1 357 361 -1
0.1 151 362 -1
0.1 354 363 -1
0.1 315 364 -1
0.1 260 365 -1
0.1 44 366 -1
0.1 251 367 -1
0.1 229 368 -1
0.1 162 163 -1
0.1 161 370 -1
0.1 165 166 -1
0.1 164 372 -1
0.1 371 373 -1
0.1 168 169 -1
0.1 167 375 -1
0.1 374 376 -1
0.1 173 174 -1
0.1 378 175 -1
0.1 172 379 -1
0.1 380 176 -1
0.1 178 179 -1
0.1 177 382 -1
0.1 381 383 -1
0.1 171 384 -1
0.1 385 180 -1
0.1 170 386 -1
0.1 377 387 -1
0.1 182 183 -1
0.1 181 389 -1
0.1 390 184 -1
0.1 186 187 -1
0.1 188 189 -1
0.1 190 191 -1
0.1 193 194 -1
0.1 192 395 -1
0.1 394 396 -1
0.1 393 397 -1
0.1 392 398 -1
0.1 185 399 -1
0.1 400 195 -1
0.1 391 401 -1
0.1 198 199 -1
0.1 197 403 -1
0.1 404 200 -1
0.1 196 405 -1
0.1 402 406 -1
0.1 388 407 -1
0.1 201 202 -1
0.1 207 208 -1
0.1 206 410 -1
0.1 205 411 -1
0.1 204 412 -1
0.1 209 210 -1
0.1 413 414 -1
0.1 203 415 -1
0.1 409 416 -1
0.1 408 417 -1
0.1 369 418 -1
