1 0 0 1
1 0 0 2
1 0 0 2
1 0 0 2
1 0 0 2
1 0 0 2
1 0 0 2
1 0 0 2
1 0 0 2
1 0 0 2
1 0 0 2
1 0 0 3
1 0 0 3
1 0 0 3
1 0 0 3
1 0 0 3
1 0 0 3
1 0 0 3
1 0 0 3
1 0 0 3
1 0 0 3
1 0 0 1
1 0 0 1
1 0 0 4
1 0 0 4
1 0 0 4
1 0 0 4
1 0 0 4
1 0 0 4
1 0 0 4
1 0 0 1
1 0 0 1
1 0 0 1
1 0 0 5
1 0 0 5
1 0 0 5
1 0 0 6
1 0 0 6
1 0 0 6
1 0 0 6
1 0 0 6
1 0 0 6
1 0 0 6
1 0 0 7
1 0 0 7
1 0 0 7
1 0 0 7
1 0 0 7
1 0 0 7
1 0 0 7
1 0 0 7
1 0 0 7
1 0 0 7
1 0 0 6
1 0 0 6
1 0 0 6
1 0 0 8
1 0 0 8
1 0 0 8
1 0 0 9
1 0 0 9
1 0 0 9
1 0 0 9
1 0 0 9
1 0 0 9
1 0 0 9
1 0 0 9
1 0 0 9
1 0 0 9
1 0 0 8
1 0 0 8
1 0 0 8
1 0 0 8
1 0 0 8
1 0 0 8
1 0 0 8
1 0 0 5
1 0 0 5
1 0 0 4
1 0 0 4
1 0 0 4
1 0 0 5
1 0 0 5
1 0 0 1
1 0 0 1
1 0 0 1
1 0 0 5
1 0 0 5
1 0 0 5
1 0 0 1
0.1 2 3 -1
0.1 5 6 -1
0.1 4 92 -1
0.1 91 93 -1
0.1 7 8 -1
0.1 95 9 -1
0.1 94 96 -1
0.1 1 97 -1
0.1 11 12 -1
0.1 13 14 -1
0.1 99 100 -1
0.1 101 15 -1
0.1 16 17 -1
0.1 19 20 -1
0.1 104 21 -1
0.1 18 105 -1
0.1 103 106 -1
0.1 102 107 -1
0.1 10 108 -1
0.1 98 109 -1
0.1 22 23 -1
0.1 25 26 -1
0.1 112 27 -1
0.1 113 28 -1
0.1 114 29 -1
0.1 115 30 -1
0.1 24 116 -1
0.1 117 31 -1
0.1 111 118 -1
0.1 32 33 -1
0.1 119 120 -1
0.1 110 121 -1
0.1 35 36 -1
0.1 40 41 -1
0.1 124 42 -1
0.1 39 125 -1
0.1 126 43 -1
0.1 38 127 -1
0.1 37 128 -1
0.1 44 45 -1
0.1 46 47 -1
0.1 50 51 -1
0.1 49 132 -1
0.1 52 53 -1
0.1 133 134 -1
0.1 48 135 -1
0.1 131 136 -1
0.1 130 137 -1
0.1 138 54 -1
0.1 139 55 -1
0.1 129 140 -1
0.1 141 56 -1
0.1 57 58 -1
0.1 61 62 -1
0.1 63 64 -1
0.1 144 145 -1
0.1 146 65 -1
0.1 60 147 -1
0.1 66 67 -1
0.1 68 69 -1
0.1 149 150 -1
0.1 148 151 -1
0.1 152 70 -1
0.1 59 153 -1
0.1 72 73 -1
0.1 71 155 -1
0.1 156 74 -1
0.1 157 75 -1
0.1 154 158 -1
0.1 143 159 -1
0.1 160 76 -1
0.1 142 161 -1
0.1 162 77 -1
0.1 163 78 -1
0.1 79 80 -1
0.1 165 81 -1
0.1 166 82 -1
0.1 167 83 -1
0.1 164 168 -1
0.1 85 86 -1
0.1 84 170 -1
0.1 171 87 -1
0.1 172 88 -1
0.1 169 173 -1
0.1 123 174 -1
0.1 175 89 -1
0.1 34 176 -1
0.1 177 90 -1
0.1 122 178 -1
