1 0 0 1
1 0 0 1
1 0 0 1
1 0 0 1
1 0 0 1
1 0 0 1
1 0 0 1
1 0 0 1
1 0 0 2
1 0 0 2
1 0 0 2
1 0 0 1
1 0 0 3
1 0 0 3
1 0 0 3
1 0 0 3
1 0 0 3
1 0 0 3
1 0 0 3
1 0 0 3
1 0 0 3
1 0 0 3
1 0 0 1
1 0 0 2
1 0 0 2
1 0 0 2
1 0 0 2
1 0 0 2
1 0 0 2
1 0 0 4
1 0 0 4
1 0 0 4
1 0 0 4
1 0 0 4
1 0 0 4
1 0 0 4
1 0 0 2
1 0 0 5
1 0 0 5
1 0 0 6
1 0 0 7
1 0 0 7
1 0 0 7
1 0 0 8
1 0 0 8
1 0 0 8
1 0 0 8
1 0 0 8
1 0 0 8
1 0 0 8
1 0 0 8
1 0 0 8
1 0 0 8
1 0 0 7
1 0 0 4
1 0 0 4
1 0 0 4
1 0 0 7
1 0 0 7
1 0 0 7
1 0 0 7
1 0 0 7
1 0 0 6
1 0 0 6
1 0 0 7
1 0 0 9
1 0 0 9
1 0 0 9
1 0 0 9
1 0 0 9
1 0 0 9
1 0 0 6
1 0 0 6
1 0 0 6
1 0 0 6
1 0 0 6
1 0 0 6
1 0 0 6
1 0 0 9
1 0 0 9
1 0 0 9
1 0 0 9
1 0 0 5
1 0 0 5
1 0 0 5
1 0 0 5
1 0 0 5
1 0 0 5
1 0 0 5
1 0 0 5
0.1 1 2 -1
0.1 4 5 -1
0.1 3 92 -1
0.1 7 8 -1
0.1 6 94 -1
0.1 93 95 -1
0.1 91 96 -1
0.1 10 11 -1
0.1 9 98 -1
0.1 97 99 -1
0.1 15 16 -1
0.1 14 101 -1
0.1 102 17 -1
0.1 18 19 -1
0.1 103 104 -1
0.1 13 105 -1
0.1 21 22 -1
0.1 20 107 -1
0.1 106 108 -1
0.1 12 109 -1
0.1 110 23 -1
0.1 111 24 -1
0.1 25 26 -1
0.1 112 113 -1
0.1 100 114 -1
0.1 28 29 -1
0.1 27 116 -1
0.1 115 117 -1
0.1 35 36 -1
0.1 34 119 -1
0.1 33 120 -1
0.1 32 121 -1
0.1 31 122 -1
0.1 30 123 -1
0.1 37 38 -1
0.1 124 125 -1
0.1 118 126 -1
0.1 47 48 -1
0.1 46 128 -1
0.1 129 49 -1
0.1 45 130 -1
0.1 44 131 -1
0.1 50 51 -1
0.1 52 53 -1
0.1 133 134 -1
0.1 132 135 -1
0.1 43 136 -1
0.1 42 137 -1
0.1 138 54 -1
0.1 41 139 -1
0.1 55 56 -1
0.1 141 57 -1
0.1 142 58 -1
0.1 60 61 -1
0.1 59 144 -1
0.1 145 62 -1
0.1 143 146 -1
0.1 140 147 -1
0.1 64 65 -1
0.1 63 149 -1
0.1 148 150 -1
0.1 66 67 -1
0.1 69 70 -1
0.1 153 71 -1
0.1 68 154 -1
0.1 152 155 -1
0.1 151 156 -1
0.1 73 74 -1
0.1 158 75 -1
0.1 72 159 -1
0.1 76 77 -1
0.1 160 161 -1
0.1 162 78 -1
0.1 157 163 -1
0.1 40 164 -1
0.1 79 80 -1
0.1 81 82 -1
0.1 166 167 -1
0.1 83 84 -1
0.1 168 169 -1
0.1 165 170 -1
0.1 85 86 -1
0.1 171 172 -1
0.1 87 88 -1
0.1 89 90 -1
0.1 174 175 -1
0.1 173 176 -1
0.1 39 177 -1
0.1 127 178 -1
