1 0 0 1
1 0 0 1
1 0 0 1
1 0 0 1
1 0 0 2
1 0 0 2
1 0 0 2
1 0 0 2
1 0 0 2
1 0 0 1
1 0 0 3
1 0 0 3
1 0 0 4
1 0 0 4
1 0 0 3
1 0 0 5
1 0 0 5
1 0 0 5
1 0 0 5
1 0 0 5
1 0 0 3
1 0 0 6
1 0 0 6
1 0 0 7
1 0 0 7
1 0 0 8
1 0 0 8
1 0 0 8
1 0 0 8
1 0 0 8
1 0 0 9
1 0 0 9
1 0 0 9
1 0 0 9
1 0 0 10
1 0 0 10
1 0 0 10
1 0 0 10
1 0 0 10
1 0 0 11
1 0 0 11
1 0 0 11
1 0 0 11
1 0 0 11
1 0 0 9
1 0 0 7
1 0 0 7
1 0 0 12
1 0 0 13
1 0 0 12
1 0 0 12
1 0 0 12
1 0 0 12
1 0 0 13
1 0 0 13
1 0 0 13
1 0 0 13
1 0 0 14
1 0 0 14
1 0 0 14
1 0 0 14
1 0 0 14
1 0 0 15
1 0 0 15
1 0 0 15
1 0 0 16
1 0 0 16
1 0 0 16
1 0 0 17
1 0 0 17
1 0 0 17
1 0 0 17
1 0 0 17
1 0 0 18
1 0 0 18
1 0 0 18
1 0 0 18
1 0 0 18
1 0 0 16
1 0 0 16
1 0 0 19
1 0 0 19
1 0 0 19
1 0 0 19
1 0 0 19
1 0 0 15
1 0 0 15
1 0 0 4
1 0 0 4
1 0 0 20
1 0 0 20
1 0 0 20
1 0 0 20
1 0 0 20
1 0 0 7
1 0 0 6
1 0 0 6
1 0 0 4
1 0 0 3
1 0 0 6
0.1 3 4 -1
0.1 7 8 -1
0.1 6 102 -1
0.1 103 9 -1
0.1 5 104 -1
0.1 105 10 -1
0.1 101 106 -1
0.1 2 107 -1
0.1 1 108 -1
0.1 13 14 -1
0.1 12 110 -1
0.1 11 111 -1
0.1 18 19 -1
0.1 17 113 -1
0.1 114 20 -1
0.1 16 115 -1
0.1 116 21 -1
0.1 15 117 -1
0.1 112 118 -1
0.1 109 119 -1
0.1 120 22 -1
0.1 24 25 -1
0.1 29 30 -1
0.1 28 123 -1
0.1 27 124 -1
0.1 26 125 -1
0.1 122 126 -1
0.1 33 34 -1
0.1 32 128 -1
0.1 35 36 -1
0.1 37 38 -1
0.1 130 131 -1
0.1 132 39 -1
0.1 129 133 -1
0.1 43 44 -1
0.1 42 135 -1
0.1 41 136 -1
0.1 40 137 -1
0.1 134 138 -1
0.1 31 139 -1
0.1 140 45 -1
0.1 51 52 -1
0.1 50 142 -1
0.1 56 57 -1
0.1 55 144 -1
0.1 54 145 -1
0.1 53 146 -1
0.1 143 147 -1
0.1 49 148 -1
0.1 48 149 -1
0.1 47 150 -1
0.1 46 151 -1
0.1 141 152 -1
0.1 127 153 -1
0.1 23 154 -1
0.1 121 155 -1
0.1 59 60 -1
0.1 58 157 -1
0.1 61 62 -1
0.1 158 159 -1
0.1 63 64 -1
0.1 67 68 -1
0.1 69 70 -1
0.1 75 76 -1
0.1 74 164 -1
0.1 77 78 -1
0.1 165 166 -1
0.1 73 167 -1
0.1 72 168 -1
0.1 71 169 -1
0.1 163 170 -1
0.1 171 79 -1
0.1 81 82 -1
0.1 83 84 -1
0.1 174 85 -1
0.1 173 175 -1
0.1 80 176 -1
0.1 172 177 -1
0.1 162 178 -1
0.1 66 179 -1
0.1 65 180 -1
0.1 181 86 -1
0.1 161 182 -1
0.1 183 87 -1
0.1 160 184 -1
0.1 88 89 -1
0.1 93 94 -1
0.1 92 187 -1
0.1 91 188 -1
0.1 90 189 -1
0.1 190 95 -1
0.1 186 191 -1
0.1 192 96 -1
0.1 98 99 -1
0.1 194 100 -1
0.1 97 195 -1
0.1 193 196 -1
0.1 185 197 -1
0.1 156 198 -1
