1 0 0 1
1 0 0 1
1 0 0 1
1 0 0 1
1 0 0 1
1 0 0 2
1 0 0 2
1 0 0 3
1 0 0 3
1 0 0 3
1 0 0 4
1 0 0 3
1 0 0 3
1 0 0 5
1 0 0 5
1 0 0 6
1 0 0 6
1 0 0 6
1 0 0 6
1 0 0 6
1 0 0 5
1 0 0 5
1 0 0 5
1 0 0 4
1 0 0 4
1 0 0 4
1 0 0 4
1 0 0 2
1 0 0 2
1 0 0 2
1 0 0 7
1 0 0 8
1 0 0 8
1 0 0 7
1 0 0 9
1 0 0 9
1 0 0 9
1 0 0 9
1 0 0 9
1 0 0 10
1 0 0 11
1 0 0 11
1 0 0 11
1 0 0 11
1 0 0 11
1 0 0 10
1 0 0 10
1 0 0 7
1 0 0 7
1 0 0 7
1 0 0 10
1 0 0 12
1 0 0 13
1 0 0 13
1 0 0 13
1 0 0 13
1 0 0 13
1 0 0 14
1 0 0 14
1 0 0 14
1 0 0 14
1 0 0 14
1 0 0 12
1 0 0 12
1 0 0 12
1 0 0 12
1 0 0 8
1 0 0 8
1 0 0 15
1 0 0 15
1 0 0 15
1 0 0 16
1 0 0 16
1 0 0 16
1 0 0 16
1 0 0 15
1 0 0 16
1 0 0 15
1 0 0 10
1 0 0 8
1 0 0 17
1 0 0 17
1 0 0 17
1 0 0 17
1 0 0 18
1 0 0 18
1 0 0 18
1 0 0 18
1 0 0 18
1 0 0 17
1 0 0 19
1 0 0 19
1 0 0 19
1 0 0 19
1 0 0 19
1 0 0 20
1 0 0 20
1 0 0 20
1 0 0 20
1 0 0 20
0.1 1 2 -1
0.1 3 4 -1
0.1 101 102 -1
0.1 103 5 -1
0.1 9 10 -1
0.1 8 105 -1
0.1 12 13 -1
0.1 16 17 -1
0.1 19 20 -1
0.1 18 109 -1
0.1 108 110 -1
0.1 15 111 -1
0.1 21 22 -1
0.1 113 23 -1
0.1 112 114 -1
0.1 14 115 -1
0.1 107 116 -1
0.1 11 117 -1
0.1 24 25 -1
0.1 119 26 -1
0.1 118 120 -1
0.1 106 121 -1
0.1 122 27 -1
0.1 7 123 -1
0.1 28 29 -1
0.1 125 30 -1
0.1 124 126 -1
0.1 6 127 -1
0.1 104 128 -1
0.1 32 33 -1
0.1 38 39 -1
0.1 37 131 -1
0.1 36 132 -1
0.1 35 133 -1
0.1 34 134 -1
0.1 130 135 -1
0.1 31 136 -1
0.1 42 43 -1
0.1 138 44 -1
0.1 41 139 -1
0.1 140 45 -1
0.1 46 47 -1
0.1 141 142 -1
0.1 40 143 -1
0.1 144 48 -1
0.1 145 49 -1
0.1 137 146 -1
0.1 129 147 -1
0.1 54 55 -1
0.1 149 56 -1
0.1 53 150 -1
0.1 151 57 -1
0.1 59 60 -1
0.1 61 62 -1
0.1 153 154 -1
0.1 58 155 -1
0.1 63 64 -1
0.1 157 65 -1
0.1 156 158 -1
0.1 152 159 -1
0.1 52 160 -1
0.1 161 66 -1
0.1 51 162 -1
0.1 70 71 -1
0.1 69 164 -1
0.1 74 75 -1
0.1 73 166 -1
0.1 72 167 -1
0.1 168 76 -1
0.1 165 169 -1
0.1 77 78 -1
0.1 170 171 -1
0.1 68 172 -1
0.1 67 173 -1
0.1 79 80 -1
0.1 174 175 -1
0.1 163 176 -1
0.1 50 177 -1
0.1 82 83 -1
0.1 81 179 -1
0.1 86 87 -1
0.1 88 89 -1
0.1 181 182 -1
0.1 85 183 -1
0.1 184 90 -1
0.1 84 185 -1
0.1 180 186 -1
0.1 187 91 -1
0.1 93 94 -1
0.1 92 189 -1
0.1 188 190 -1
0.1 99 100 -1
0.1 98 192 -1
0.1 97 193 -1
0.1 96 194 -1
0.1 95 195 -1
0.1 191 196 -1
0.1 178 197 -1
0.1 148 198 -1
