1 0 0 1
1 0 0 2
1 0 0 3
1 0 0 3
1 0 0 3
1 0 0 3
1 0 0 3
1 0 0 4
1 0 0 4
1 0 0 4
1 0 0 4
1 0 0 4
1 0 0 4
1 0 0 4
1 0 0 4
1 0 0 4
1 0 0 4
1 0 0 3
1 0 0 3
1 0 0 3
1 0 0 3
1 0 0 3
1 0 0 5
1 0 0 5
1 0 0 5
1 0 0 5
1 0 0 5
1 0 0 5
1 0 0 5
1 0 0 6
1 0 0 6
1 0 0 6
1 0 0 6
1 0 0 6
1 0 0 6
1 0 0 6
1 0 0 6
1 0 0 6
1 0 0 6
1 0 0 5
1 0 0 5
1 0 0 5
1 0 0 2
1 0 0 7
1 0 0 7
1 0 0 7
1 0 0 7
1 0 0 7
1 0 0 7
1 0 0 7
1 0 0 7
1 0 0 7
1 0 0 7
1 0 0 2
1 0 0 2
1 0 0 2
1 0 0 2
1 0 0 2
1 0 0 2
1 0 0 2
1 0 0 2
1 0 0 1
1 0 0 1
1 0 0 1
1 0 0 1
1 0 0 1
1 0 0 1
1 0 0 8
1 0 0 8
1 0 0 8
1 0 0 8
1 0 0 8
1 0 0 8
1 0 0 8
1 0 0 8
1 0 0 8
1 0 0 8
1 0 0 9
1 0 0 9
1 0 0 9
1 0 0 9
1 0 0 9
1 0 0 9
1 0 0 9
1 0 0 10
1 0 0 10
1 0 0 10
1 0 0 10
1 0 0 10
1 0 0 10
1 0 0 10
1 0 0 10
1 0 0 10
1 0 0 10
1 0 0 11
1 0 0 12
1 0 0 12
1 0 0 12
1 0 0 12
1 0 0 12
1 0 0 12
1 0 0 12
1 0 0 12
1 0 0 12
1 0 0 12
1 0 0 13
1 0 0 13
1 0 0 13
1 0 0 13
1 0 0 13
1 0 0 13
1 0 0 13
1 0 0 13
1 0 0 13
1 0 0 13
1 0 0 11
1 0 0 14
1 0 0 14
1 0 0 14
1 0 0 14
1 0 0 14
1 0 0 14
1 0 0 14
1 0 0 14
1 0 0 14
1 0 0 14
1 0 0 11
1 0 0 11
1 0 0 11
1 0 0 11
1 0 0 11
1 0 0 11
1 0 0 11
1 0 0 11
1 0 0 15
1 0 0 15
1 0 0 15
1 0 0 16
1 0 0 16
1 0 0 16
1 0 0 16
1 0 0 16
1 0 0 16
1 0 0 16
1 0 0 16
1 0 0 16
1 0 0 16
1 0 0 15
1 0 0 15
1 0 0 15
1 0 0 15
1 0 0 15
1 0 0 15
1 0 0 15
1 0 0 17
1 0 0 17
1 0 0 17
1 0 0 17
1 0 0 17
1 0 0 17
1 0 0 17
1 0 0 17
1 0 0 17
1 0 0 17
1 0 0 18
1 0 0 18
1 0 0 18
1 0 0 18
1 0 0 18
1 0 0 18
1 0 0 18
1 0 0 18
1 0 0 18
1 0 0 18
1 0 0 19
1 0 0 19
1 0 0 19
1 0 0 19
1 0 0 19
1 0 0 19
1 0 0 19
1 0 0 19
1 0 0 19
1 0 0 19
1 0 0 20
1 0 0 20
1 0 0 20
1 0 0 20
1 0 0 20
1 0 0 21
1 0 0 21
1 0 0 21
1 0 0 21
1 0 0 21
1 0 0 22
1 0 0 22
1 0 0 22
1 0 0 22
1 0 0 22
1 0 0 22
1 0 0 22
1 0 0 22
1 0 0 22
1 0 0 22
1 0 0 23
1 0 0 23
1 0 0 23
1 0 0 23
1 0 0 23
1 0 0 23
1 0 0 23
1 0 0 23
1 0 0 23
1 0 0 23
1 0 0 21
1 0 0 21
1 0 0 21
1 0 0 21
1 0 0 21
1 0 0 24
1 0 0 24
1 0 0 24
1 0 0 24
1 0 0 24
1 0 0 24
1 0 0 24
1 0 0 24
1 0 0 24
1 0 0 24
1 0 0 20
1 0 0 20
1 0 0 20
1 0 0 20
1 0 0 20
1 0 0 9
1 0 0 9
1 0 0 9
1 0 0 25
1 0 0 25
1 0 0 25
1 0 0 25
1 0 0 25
1 0 0 25
1 0 0 25
1 0 0 25
1 0 0 25
1 0 0 25
1 0 0 1
1 0 0 1
1 0 0 1
0.1 6 7 -1
0.1 5 251 -1
0.1 4 252 -1
0.1 3 253 -1
0.1 8 9 -1
0.1 10 11 -1
0.1 13 14 -1
0.1 16 17 -1
0.1 15 258 -1
0.1 257 259 -1
0.1 12 260 -1
0.1 256 261 -1
0.1 255 262 -1
0.1 254 263 -1
0.1 20 21 -1
0.1 265 22 -1
0.1 19 266 -1
0.1 18 267 -1
0.1 264 268 -1
0.1 24 25 -1
0.1 27 28 -1
0.1 271 29 -1
0.1 26 272 -1
0.1 30 31 -1
0.1 32 33 -1
0.1 275 34 -1
0.1 35 36 -1
0.1 38 39 -1
0.1 37 278 -1
0.1 277 279 -1
0.1 276 280 -1
0.1 274 281 -1
0.1 273 282 -1
0.1 270 283 -1
0.1 23 284 -1
0.1 40 41 -1
0.1 286 42 -1
0.1 285 287 -1
0.1 269 288 -1
0.1 2 289 -1
0.1 46 47 -1
0.1 48 49 -1
0.1 291 292 -1
0.1 45 293 -1
0.1 44 294 -1
0.1 50 51 -1
0.1 52 53 -1
0.1 296 297 -1
0.1 295 298 -1
0.1 299 54 -1
0.1 300 55 -1
0.1 57 58 -1
0.1 56 302 -1
0.1 301 303 -1
0.1 304 59 -1
0.1 43 305 -1
0.1 60 61 -1
0.1 306 307 -1
0.1 290 308 -1
0.1 62 63 -1
0.1 310 64 -1
0.1 311 65 -1
0.1 309 312 -1
0.1 66 67 -1
0.1 313 314 -1
0.1 1 315 -1
0.1 69 70 -1
0.1 71 72 -1
0.1 73 74 -1
0.1 76 77 -1
0.1 75 320 -1
0.1 319 321 -1
0.1 318 322 -1
0.1 317 323 -1
0.1 68 324 -1
0.1 78 79 -1
0.1 81 82 -1
0.1 80 327 -1
0.1 328 83 -1
0.1 326 329 -1
0.1 85 86 -1
0.1 331 87 -1
0.1 88 89 -1
0.1 91 92 -1
0.1 90 334 -1
0.1 93 94 -1
0.1 335 336 -1
0.1 333 337 -1
0.1 332 338 -1
0.1 84 339 -1
0.1 98 99 -1
0.1 97 341 -1
0.1 96 342 -1
0.1 101 102 -1
0.1 104 105 -1
0.1 103 345 -1
0.1 344 346 -1
0.1 100 347 -1
0.1 343 348 -1
0.1 107 108 -1
0.1 109 110 -1
0.1 113 114 -1
0.1 112 352 -1
0.1 111 353 -1
0.1 351 354 -1
0.1 350 355 -1
0.1 356 115 -1
0.1 106 357 -1
0.1 349 358 -1
0.1 359 116 -1
0.1 118 119 -1
0.1 117 361 -1
0.1 120 121 -1
0.1 123 124 -1
0.1 122 364 -1
0.1 125 126 -1
0.1 365 366 -1
0.1 363 367 -1
0.1 362 368 -1
0.1 360 369 -1
0.1 130 131 -1
0.1 129 371 -1
0.1 128 372 -1
0.1 127 373 -1
0.1 370 374 -1
0.1 375 132 -1
0.1 376 133 -1
0.1 95 377 -1
0.1 378 134 -1
0.1 136 137 -1
0.1 141 142 -1
0.1 381 143 -1
0.1 382 144 -1
0.1 140 383 -1
0.1 145 146 -1
0.1 384 385 -1
0.1 139 386 -1
0.1 138 387 -1
0.1 388 147 -1
0.1 380 389 -1
0.1 135 390 -1
0.1 379 391 -1
0.1 149 150 -1
0.1 148 393 -1
0.1 152 153 -1
0.1 151 395 -1
0.1 394 396 -1
0.1 155 156 -1
0.1 398 157 -1
0.1 158 159 -1
0.1 399 400 -1
0.1 161 162 -1
0.1 160 402 -1
0.1 401 403 -1
0.1 163 164 -1
0.1 404 405 -1
0.1 154 406 -1
0.1 165 166 -1
0.1 167 168 -1
0.1 409 169 -1
0.1 170 171 -1
0.1 410 411 -1
0.1 172 173 -1
0.1 413 174 -1
0.1 412 414 -1
0.1 408 415 -1
0.1 407 416 -1
0.1 397 417 -1
0.1 175 176 -1
0.1 419 177 -1
0.1 178 179 -1
0.1 183 184 -1
0.1 182 422 -1
0.1 181 423 -1
0.1 180 424 -1
0.1 421 425 -1
0.1 420 426 -1
0.1 418 427 -1
0.1 392 428 -1
0.1 186 187 -1
0.1 188 189 -1
0.1 430 431 -1
0.1 185 432 -1
0.1 192 193 -1
0.1 434 194 -1
0.1 191 435 -1
0.1 190 436 -1
0.1 195 196 -1
0.1 199 200 -1
0.1 198 439 -1
0.1 197 440 -1
0.1 201 202 -1
0.1 203 204 -1
0.1 442 443 -1
0.1 441 444 -1
0.1 438 445 -1
0.1 205 206 -1
0.1 207 208 -1
0.1 448 209 -1
0.1 210 211 -1
0.1 213 214 -1
0.1 212 451 -1
0.1 450 452 -1
0.1 449 453 -1
0.1 447 454 -1
0.1 216 217 -1
0.1 218 219 -1
0.1 456 457 -1
0.1 215 458 -1
0.1 455 459 -1
0.1 446 460 -1
0.1 437 461 -1
0.1 220 221 -1
0.1 463 222 -1
0.1 464 223 -1
0.1 462 465 -1
0.1 224 225 -1
0.1 467 226 -1
0.1 468 227 -1
0.1 228 229 -1
0.1 469 470 -1
0.1 231 232 -1
0.1 230 472 -1
0.1 471 473 -1
0.1 466 474 -1
0.1 233 234 -1
0.1 475 476 -1
0.1 433 477 -1
0.1 235 236 -1
0.1 239 240 -1
0.1 238 480 -1
0.1 241 242 -1
0.1 243 244 -1
0.1 245 246 -1
0.1 483 484 -1
0.1 485 247 -1
0.1 482 486 -1
0.1 481 487 -1
0.1 237 488 -1
0.1 479 489 -1
0.1 478 490 -1
0.1 429 491 -1
0.1 340 492 -1
0.1 330 493 -1
0.1 325 494 -1
0.1 248 249 -1
0.1 496 250 -1
0.1 495 497 -1
0.1 316 498 -1
