1 0 0 1
1 0 0 1
1 0 0 1
1 0 0 1
1 0 0 1
1 0 0 1
1 0 0 1
1 0 0 1
1 0 0 1
1 0 0 1
1 0 0 2
1 0 0 2
1 0 0 3
1 0 0 3
1 0 0 3
1 0 0 3
1 0 0 3
1 0 0 3
1 0 0 3
1 0 0 3
1 0 0 3
1 0 0 3
1 0 0 2
1 0 0 2
1 0 0 2
1 0 0 4
1 0 0 4
1 0 0 4
1 0 0 4
1 0 0 4
1 0 0 5
1 0 0 5
1 0 0 5
1 0 0 5
1 0 0 5
1 0 0 5
1 0 0 5
1 0 0 5
1 0 0 5
1 0 0 5
1 0 0 4
1 0 0 4
1 0 0 4
1 0 0 4
1 0 0 4
1 0 0 2
1 0 0 2
1 0 0 2
1 0 0 2
1 0 0 2
1 0 0 6
1 0 0 6
1 0 0 6
1 0 0 6
1 0 0 6
1 0 0 6
1 0 0 6
1 0 0 6
1 0 0 6
1 0 0 6
1 0 0 7
1 0 0 7
1 0 0 7
1 0 0 8
1 0 0 8
1 0 0 8
1 0 0 8
1 0 0 8
1 0 0 8
1 0 0 8
1 0 0 8
1 0 0 8
1 0 0 8
1 0 0 9
1 0 0 9
1 0 0 9
1 0 0 9
1 0 0 9
1 0 0 9
1 0 0 10
1 0 0 10
1 0 0 10
1 0 0 10
1 0 0 10
1 0 0 10
1 0 0 10
1 0 0 10
1 0 0 10
1 0 0 10
1 0 0 9
1 0 0 9
1 0 0 9
1 0 0 9
1 0 0 11
1 0 0 11
1 0 0 11
1 0 0 11
1 0 0 11
1 0 0 11
1 0 0 12
1 0 0 12
1 0 0 12
1 0 0 12
1 0 0 12
1 0 0 12
1 0 0 12
1 0 0 12
1 0 0 12
1 0 0 12
1 0 0 11
1 0 0 11
1 0 0 11
1 0 0 11
1 0 0 13
1 0 0 13
1 0 0 13
1 0 0 13
1 0 0 13
1 0 0 13
1 0 0 13
1 0 0 13
1 0 0 13
1 0 0 13
1 0 0 7
1 0 0 7
1 0 0 7
1 0 0 7
1 0 0 7
1 0 0 14
1 0 0 14
1 0 0 14
1 0 0 14
1 0 0 14
1 0 0 15
1 0 0 15
1 0 0 15
1 0 0 15
1 0 0 15
1 0 0 15
1 0 0 14
1 0 0 14
1 0 0 14
1 0 0 14
1 0 0 14
1 0 0 15
1 0 0 15
1 0 0 15
1 0 0 15
1 0 0 16
1 0 0 16
1 0 0 16
1 0 0 16
1 0 0 16
1 0 0 16
1 0 0 16
1 0 0 16
1 0 0 16
1 0 0 16
1 0 0 7
1 0 0 7
1 0 0 17
1 0 0 17
1 0 0 17
1 0 0 17
1 0 0 17
1 0 0 17
1 0 0 18
1 0 0 18
1 0 0 18
1 0 0 18
1 0 0 18
1 0 0 18
1 0 0 18
1 0 0 18
1 0 0 18
1 0 0 18
1 0 0 17
1 0 0 19
1 0 0 19
1 0 0 19
1 0 0 19
1 0 0 19
1 0 0 19
1 0 0 19
1 0 0 19
1 0 0 19
1 0 0 19
1 0 0 17
1 0 0 17
1 0 0 17
1 0 0 20
1 0 0 20
1 0 0 20
1 0 0 20
1 0 0 20
1 0 0 20
1 0 0 20
1 0 0 21
1 0 0 21
1 0 0 21
1 0 0 21
1 0 0 21
1 0 0 21
1 0 0 21
1 0 0 22
1 0 0 22
1 0 0 22
1 0 0 22
1 0 0 22
1 0 0 22
1 0 0 22
1 0 0 22
1 0 0 22
1 0 0 22
1 0 0 21
1 0 0 21
1 0 0 21
1 0 0 20
1 0 0 20
1 0 0 20
1 0 0 23
1 0 0 23
1 0 0 23
1 0 0 24
1 0 0 24
1 0 0 24
1 0 0 24
1 0 0 24
1 0 0 24
1 0 0 24
1 0 0 24
1 0 0 24
1 0 0 24
1 0 0 25
1 0 0 25
1 0 0 25
1 0 0 23
1 0 0 23
1 0 0 23
1 0 0 23
1 0 0 23
1 0 0 23
1 0 0 23
1 0 0 26
1 0 0 26
1 0 0 26
1 0 0 26
1 0 0 26
1 0 0 26
1 0 0 26
1 0 0 26
1 0 0 26
1 0 0 26
1 0 0 27
1 0 0 28
1 0 0 28
1 0 0 28
1 0 0 28
1 0 0 28
1 0 0 28
1 0 0 28
1 0 0 28
1 0 0 28
1 0 0 28
1 0 0 29
1 0 0 29
1 0 0 29
1 0 0 29
1 0 0 29
1 0 0 29
1 0 0 29
1 0 0 29
1 0 0 29
1 0 0 29
1 0 0 30
1 0 0 30
1 0 0 30
1 0 0 30
1 0 0 30
1 0 0 30
1 0 0 30
1 0 0 30
1 0 0 30
1 0 0 30
1 0 0 27
1 0 0 31
1 0 0 31
1 0 0 31
1 0 0 31
1 0 0 31
1 0 0 31
1 0 0 31
1 0 0 31
1 0 0 32
1 0 0 32
1 0 0 32
1 0 0 32
1 0 0 32
1 0 0 32
1 0 0 32
1 0 0 32
1 0 0 32
1 0 0 32
1 0 0 31
1 0 0 31
1 0 0 27
1 0 0 27
1 0 0 27
1 0 0 27
1 0 0 27
1 0 0 33
1 0 0 33
1 0 0 33
1 0 0 33
1 0 0 33
1 0 0 33
1 0 0 33
1 0 0 33
1 0 0 33
1 0 0 33
1 0 0 27
1 0 0 27
1 0 0 27
1 0 0 25
1 0 0 25
1 0 0 25
1 0 0 25
1 0 0 25
1 0 0 25
1 0 0 25
0.1 1 2 -1
0.1 3 4 -1
0.1 331 332 -1
0.1 7 8 -1
0.1 6 334 -1
0.1 5 335 -1
0.1 333 336 -1
0.1 9 10 -1
0.1 337 338 -1
0.1 13 14 -1
0.1 16 17 -1
0.1 341 18 -1
0.1 19 20 -1
0.1 342 343 -1
0.1 15 344 -1
0.1 21 22 -1
0.1 345 346 -1
0.1 340 347 -1
0.1 24 25 -1
0.1 23 349 -1
0.1 348 350 -1
0.1 12 351 -1
0.1 11 352 -1
0.1 26 27 -1
0.1 29 30 -1
0.1 28 355 -1
0.1 31 32 -1
0.1 33 34 -1
0.1 358 35 -1
0.1 36 37 -1
0.1 359 360 -1
0.1 38 39 -1
0.1 362 40 -1
0.1 361 363 -1
0.1 357 364 -1
0.1 41 42 -1
0.1 44 45 -1
0.1 43 367 -1
0.1 366 368 -1
0.1 365 369 -1
0.1 356 370 -1
0.1 354 371 -1
0.1 46 47 -1
0.1 372 373 -1
0.1 48 49 -1
0.1 375 50 -1
0.1 374 376 -1
0.1 353 377 -1
0.1 52 53 -1
0.1 51 379 -1
0.1 54 55 -1
0.1 57 58 -1
0.1 56 382 -1
0.1 383 59 -1
0.1 384 60 -1
0.1 381 385 -1
0.1 380 386 -1
0.1 378 387 -1
0.1 61 62 -1
0.1 67 68 -1
0.1 390 69 -1
0.1 66 391 -1
0.1 65 392 -1
0.1 64 393 -1
0.1 71 72 -1
0.1 70 395 -1
0.1 396 73 -1
0.1 394 397 -1
0.1 63 398 -1
0.1 389 399 -1
0.1 75 76 -1
0.1 74 401 -1
0.1 77 78 -1
0.1 82 83 -1
0.1 404 84 -1
0.1 81 405 -1
0.1 80 406 -1
0.1 85 86 -1
0.1 88 89 -1
0.1 87 409 -1
0.1 408 410 -1
0.1 407 411 -1
0.1 412 90 -1
0.1 413 91 -1
0.1 79 414 -1
0.1 403 415 -1
0.1 402 416 -1
0.1 92 93 -1
0.1 417 418 -1
0.1 95 96 -1
0.1 94 420 -1
0.1 419 421 -1
0.1 97 98 -1
0.1 422 423 -1
0.1 100 101 -1
0.1 103 104 -1
0.1 426 105 -1
0.1 102 427 -1
0.1 425 428 -1
0.1 106 107 -1
0.1 108 109 -1
0.1 430 431 -1
0.1 429 432 -1
0.1 99 433 -1
0.1 424 434 -1
0.1 112 113 -1
0.1 111 436 -1
0.1 115 116 -1
0.1 117 118 -1
0.1 439 119 -1
0.1 121 122 -1
0.1 120 441 -1
0.1 442 123 -1
0.1 440 443 -1
0.1 438 444 -1
0.1 114 445 -1
0.1 437 446 -1
0.1 110 447 -1
0.1 435 448 -1
0.1 449 124 -1
0.1 400 450 -1
0.1 126 127 -1
0.1 452 128 -1
0.1 130 131 -1
0.1 129 454 -1
0.1 132 133 -1
0.1 455 456 -1
0.1 135 136 -1
0.1 134 458 -1
0.1 137 138 -1
0.1 460 139 -1
0.1 459 461 -1
0.1 140 141 -1
0.1 143 144 -1
0.1 142 464 -1
0.1 463 465 -1
0.1 147 148 -1
0.1 146 467 -1
0.1 145 468 -1
0.1 466 469 -1
0.1 462 470 -1
0.1 457 471 -1
0.1 151 152 -1
0.1 150 473 -1
0.1 474 153 -1
0.1 149 475 -1
0.1 154 155 -1
0.1 477 156 -1
0.1 478 157 -1
0.1 476 479 -1
0.1 480 158 -1
0.1 159 160 -1
0.1 481 482 -1
0.1 472 483 -1
0.1 453 484 -1
0.1 125 485 -1
0.1 451 486 -1
0.1 388 487 -1
0.1 339 488 -1
0.1 161 162 -1
0.1 164 165 -1
0.1 491 166 -1
0.1 167 168 -1
0.1 171 172 -1
0.1 170 494 -1
0.1 174 175 -1
0.1 496 176 -1
0.1 173 497 -1
0.1 495 498 -1
0.1 169 499 -1
0.1 493 500 -1
0.1 501 177 -1
0.1 492 502 -1
0.1 178 179 -1
0.1 504 180 -1
0.1 182 183 -1
0.1 181 506 -1
0.1 184 185 -1
0.1 508 186 -1
0.1 507 509 -1
0.1 510 187 -1
0.1 505 511 -1
0.1 188 189 -1
0.1 513 190 -1
0.1 512 514 -1
0.1 503 515 -1
0.1 163 516 -1
0.1 490 517 -1
0.1 192 193 -1
0.1 194 195 -1
0.1 520 196 -1
0.1 200 201 -1
0.1 199 522 -1
0.1 198 523 -1
0.1 524 202 -1
0.1 206 207 -1
0.1 205 526 -1
0.1 209 210 -1
0.1 208 528 -1
0.1 529 211 -1
0.1 213 214 -1
0.1 212 531 -1
0.1 530 532 -1
0.1 527 533 -1
0.1 204 534 -1
0.1 535 215 -1
0.1 203 536 -1
0.1 537 216 -1
0.1 525 538 -1
0.1 539 217 -1
0.1 197 540 -1
0.1 218 219 -1
0.1 541 542 -1
0.1 543 220 -1
0.1 521 544 -1
0.1 519 545 -1
0.1 191 546 -1
0.1 222 223 -1
0.1 221 548 -1
0.1 226 227 -1
0.1 225 550 -1
0.1 228 229 -1
0.1 551 552 -1
0.1 553 230 -1
0.1 224 554 -1
0.1 232 233 -1
0.1 231 556 -1
0.1 555 557 -1
0.1 235 236 -1
0.1 234 559 -1
0.1 558 560 -1
0.1 238 239 -1
0.1 237 562 -1
0.1 240 241 -1
0.1 242 243 -1
0.1 564 565 -1
0.1 563 566 -1
0.1 245 246 -1
0.1 244 568 -1
0.1 247 248 -1
0.1 249 250 -1
0.1 571 251 -1
0.1 252 253 -1
0.1 572 573 -1
0.1 570 574 -1
0.1 569 575 -1
0.1 256 257 -1
0.1 577 258 -1
0.1 260 261 -1
0.1 259 579 -1
0.1 578 580 -1
0.1 581 262 -1
0.1 582 263 -1
0.1 583 264 -1
0.1 255 584 -1
0.1 268 269 -1
0.1 267 586 -1
0.1 266 587 -1
0.1 273 274 -1
0.1 272 589 -1
0.1 271 590 -1
0.1 270 591 -1
0.1 588 592 -1
0.1 265 593 -1
0.1 275 276 -1
0.1 595 277 -1
0.1 278 279 -1
0.1 596 597 -1
0.1 281 282 -1
0.1 280 599 -1
0.1 283 284 -1
0.1 600 601 -1
0.1 598 602 -1
0.1 603 285 -1
0.1 594 604 -1
0.1 286 287 -1
0.1 288 289 -1
0.1 290 291 -1
0.1 608 292 -1
0.1 607 609 -1
0.1 296 297 -1
0.1 295 611 -1
0.1 298 299 -1
0.1 612 613 -1
0.1 301 302 -1
0.1 615 303 -1
0.1 300 616 -1
0.1 614 617 -1
0.1 294 618 -1
0.1 304 305 -1
0.1 619 620 -1
0.1 293 621 -1
0.1 610 622 -1
0.1 606 623 -1
0.1 306 307 -1
0.1 308 309 -1
0.1 626 310 -1
0.1 625 627 -1
0.1 312 313 -1
0.1 316 317 -1
0.1 315 630 -1
0.1 314 631 -1
0.1 629 632 -1
0.1 311 633 -1
0.1 628 634 -1
0.1 319 320 -1
0.1 318 636 -1
0.1 635 637 -1
0.1 322 323 -1
0.1 321 639 -1
0.1 638 640 -1
0.1 624 641 -1
0.1 605 642 -1
0.1 585 643 -1
0.1 254 644 -1
0.1 576 645 -1
0.1 567 646 -1
0.1 561 647 -1
0.1 324 325 -1
0.1 649 326 -1
0.1 327 328 -1
0.1 651 329 -1
0.1 650 652 -1
0.1 653 330 -1
0.1 648 654 -1
0.1 549 655 -1
0.1 547 656 -1
0.1 518 657 -1
0.1 489 658 -1
