1 0 0 1
1 0 0 1
1 0 0 2
1 0 0 2
1 0 0 2
1 0 0 2
1 0 0 2
1 0 0 2
1 0 0 2
1 0 0 2
1 0 0 2
1 0 0 2
1 0 0 1
1 0 0 1
1 0 0 1
1 0 0 1
1 0 0 1
1 0 0 1
1 0 0 1
1 0 0 1
1 0 0 3
1 0 0 3
1 0 0 3
1 0 0 3
1 0 0 3
1 0 0 3
1 0 0 3
1 0 0 3
1 0 0 3
1 0 0 3
1 0 0 4
1 0 0 4
1 0 0 4
1 0 0 4
1 0 0 4
1 0 0 4
1 0 0 4
1 0 0 4
1 0 0 4
1 0 0 4
1 0 0 5
1 0 0 5
1 0 0 5
1 0 0 5
1 0 0 5
1 0 0 5
1 0 0 5
1 0 0 5
1 0 0 5
1 0 0 5
1 0 0 6
1 0 0 6
1 0 0 6
1 0 0 6
1 0 0 6
1 0 0 6
1 0 0 6
1 0 0 6
1 0 0 6
1 0 0 6
1 0 0 7
1 0 0 7
1 0 0 7
1 0 0 7
1 0 0 7
1 0 0 7
1 0 0 7
1 0 0 7
1 0 0 7
1 0 0 7
1 0 0 8
1 0 0 8
1 0 0 8
1 0 0 9
1 0 0 9
1 0 0 9
1 0 0 9
1 0 0 9
1 0 0 9
1 0 0 9
1 0 0 9
1 0 0 9
1 0 0 9
1 0 0 8
1 0 0 8
1 0 0 8
1 0 0 8
1 0 0 8
1 0 0 8
1 0 0 10
1 0 0 10
1 0 0 10
1 0 0 10
1 0 0 10
1 0 0 10
1 0 0 10
1 0 0 10
1 0 0 10
1 0 0 10
1 0 0 11
1 0 0 11
1 0 0 11
1 0 0 11
1 0 0 11
1 0 0 12
1 0 0 12
1 0 0 12
1 0 0 12
1 0 0 12
1 0 0 12
1 0 0 12
1 0 0 12
1 0 0 12
1 0 0 12
1 0 0 11
1 0 0 11
1 0 0 11
1 0 0 11
1 0 0 11
1 0 0 13
1 0 0 13
1 0 0 13
1 0 0 13
1 0 0 13
1 0 0 13
1 0 0 13
1 0 0 13
1 0 0 13
1 0 0 13
1 0 0 8
1 0 0 14
1 0 0 14
1 0 0 14
1 0 0 14
1 0 0 14
1 0 0 14
1 0 0 14
1 0 0 14
1 0 0 14
1 0 0 14
1 0 0 15
1 0 0 15
1 0 0 15
1 0 0 15
1 0 0 15
1 0 0 15
1 0 0 15
1 0 0 15
1 0 0 15
1 0 0 15
1 0 0 16
1 0 0 16
1 0 0 16
1 0 0 16
1 0 0 17
1 0 0 17
1 0 0 17
1 0 0 17
1 0 0 17
1 0 0 17
1 0 0 18
1 0 0 18
1 0 0 18
1 0 0 18
1 0 0 18
1 0 0 18
1 0 0 18
1 0 0 18
1 0 0 18
1 0 0 18
1 0 0 17
1 0 0 17
1 0 0 17
1 0 0 17
1 0 0 16
1 0 0 16
1 0 0 16
1 0 0 16
1 0 0 16
1 0 0 16
1 0 0 19
1 0 0 19
1 0 0 20
1 0 0 20
1 0 0 20
1 0 0 20
1 0 0 20
1 0 0 21
1 0 0 21
1 0 0 21
1 0 0 21
1 0 0 21
1 0 0 21
1 0 0 21
1 0 0 21
1 0 0 21
1 0 0 21
1 0 0 20
1 0 0 20
1 0 0 20
1 0 0 20
1 0 0 20
1 0 0 19
1 0 0 19
1 0 0 22
1 0 0 22
1 0 0 22
1 0 0 22
1 0 0 22
1 0 0 22
1 0 0 22
1 0 0 22
1 0 0 22
1 0 0 22
1 0 0 19
1 0 0 19
1 0 0 19
1 0 0 23
1 0 0 24
1 0 0 24
1 0 0 24
1 0 0 24
1 0 0 24
1 0 0 24
1 0 0 24
1 0 0 24
1 0 0 24
1 0 0 24
1 0 0 23
1 0 0 23
1 0 0 23
1 0 0 23
1 0 0 23
1 0 0 23
1 0 0 23
1 0 0 23
1 0 0 25
1 0 0 25
1 0 0 25
1 0 0 26
1 0 0 26
1 0 0 26
1 0 0 26
1 0 0 26
1 0 0 26
1 0 0 26
1 0 0 26
1 0 0 26
1 0 0 26
1 0 0 25
1 0 0 25
1 0 0 25
1 0 0 25
1 0 0 25
1 0 0 25
1 0 0 25
1 0 0 23
1 0 0 27
1 0 0 27
1 0 0 27
1 0 0 27
1 0 0 27
1 0 0 27
1 0 0 27
1 0 0 27
1 0 0 27
1 0 0 27
1 0 0 19
1 0 0 19
1 0 0 28
1 0 0 28
1 0 0 28
1 0 0 28
1 0 0 28
1 0 0 28
1 0 0 28
1 0 0 28
1 0 0 28
1 0 0 28
1 0 0 19
1 0 0 29
1 0 0 29
1 0 0 29
1 0 0 29
1 0 0 29
1 0 0 29
1 0 0 29
1 0 0 29
1 0 0 29
1 0 0 29
1 0 0 30
1 0 0 30
1 0 0 30
1 0 0 30
1 0 0 30
1 0 0 31
1 0 0 31
1 0 0 31
1 0 0 31
1 0 0 31
1 0 0 31
1 0 0 31
1 0 0 31
1 0 0 31
1 0 0 31
1 0 0 30
1 0 0 30
1 0 0 30
1 0 0 32
1 0 0 32
1 0 0 32
1 0 0 32
1 0 0 32
1 0 0 32
1 0 0 32
1 0 0 32
1 0 0 32
1 0 0 32
1 0 0 33
1 0 0 33
1 0 0 33
1 0 0 33
1 0 0 33
1 0 0 33
1 0 0 33
1 0 0 33
1 0 0 33
1 0 0 33
1 0 0 30
1 0 0 30
0.1 1 2 -1
0.1 4 5 -1
0.1 3 332 -1
0.1 6 7 -1
0.1 334 8 -1
0.1 10 11 -1
0.1 336 12 -1
0.1 9 337 -1
0.1 335 338 -1
0.1 333 339 -1
0.1 14 15 -1
0.1 13 341 -1
0.1 340 342 -1
0.1 16 17 -1
0.1 18 19 -1
0.1 344 345 -1
0.1 23 24 -1
0.1 22 347 -1
0.1 25 26 -1
0.1 349 27 -1
0.1 350 28 -1
0.1 348 351 -1
0.1 21 352 -1
0.1 29 30 -1
0.1 353 354 -1
0.1 20 355 -1
0.1 346 356 -1
0.1 343 357 -1
0.1 33 34 -1
0.1 36 37 -1
0.1 35 360 -1
0.1 359 361 -1
0.1 32 362 -1
0.1 31 363 -1
0.1 38 39 -1
0.1 365 40 -1
0.1 364 366 -1
0.1 42 43 -1
0.1 41 368 -1
0.1 367 369 -1
0.1 46 47 -1
0.1 371 48 -1
0.1 45 372 -1
0.1 49 50 -1
0.1 373 374 -1
0.1 44 375 -1
0.1 370 376 -1
0.1 52 53 -1
0.1 51 378 -1
0.1 377 379 -1
0.1 55 56 -1
0.1 54 381 -1
0.1 57 58 -1
0.1 59 60 -1
0.1 383 384 -1
0.1 382 385 -1
0.1 65 66 -1
0.1 64 387 -1
0.1 63 388 -1
0.1 62 389 -1
0.1 67 68 -1
0.1 69 70 -1
0.1 391 392 -1
0.1 390 393 -1
0.1 61 394 -1
0.1 72 73 -1
0.1 71 396 -1
0.1 75 76 -1
0.1 78 79 -1
0.1 399 80 -1
0.1 77 400 -1
0.1 398 401 -1
0.1 74 402 -1
0.1 82 83 -1
0.1 81 404 -1
0.1 403 405 -1
0.1 397 406 -1
0.1 84 85 -1
0.1 87 88 -1
0.1 86 409 -1
0.1 408 410 -1
0.1 90 91 -1
0.1 92 93 -1
0.1 413 94 -1
0.1 412 414 -1
0.1 95 96 -1
0.1 98 99 -1
0.1 97 417 -1
0.1 416 418 -1
0.1 415 419 -1
0.1 89 420 -1
0.1 411 421 -1
0.1 100 101 -1
0.1 103 104 -1
0.1 102 424 -1
0.1 423 425 -1
0.1 106 107 -1
0.1 427 108 -1
0.1 105 428 -1
0.1 110 111 -1
0.1 109 430 -1
0.1 112 113 -1
0.1 431 432 -1
0.1 429 433 -1
0.1 434 114 -1
0.1 116 117 -1
0.1 115 436 -1
0.1 435 437 -1
0.1 426 438 -1
0.1 118 119 -1
0.1 439 440 -1
0.1 422 441 -1
0.1 407 442 -1
0.1 121 122 -1
0.1 444 123 -1
0.1 126 127 -1
0.1 125 446 -1
0.1 124 447 -1
0.1 445 448 -1
0.1 128 129 -1
0.1 449 450 -1
0.1 120 451 -1
0.1 443 452 -1
0.1 395 453 -1
0.1 454 130 -1
0.1 132 133 -1
0.1 131 456 -1
0.1 134 135 -1
0.1 457 458 -1
0.1 136 137 -1
0.1 459 460 -1
0.1 138 139 -1
0.1 462 140 -1
0.1 461 463 -1
0.1 455 464 -1
0.1 386 465 -1
0.1 380 466 -1
0.1 358 467 -1
0.1 141 142 -1
0.1 469 143 -1
0.1 146 147 -1
0.1 145 471 -1
0.1 144 472 -1
0.1 470 473 -1
0.1 148 149 -1
0.1 475 150 -1
0.1 474 476 -1
0.1 468 477 -1
0.1 331 478 -1
0.1 153 154 -1
0.1 152 480 -1
0.1 156 157 -1
0.1 482 158 -1
0.1 155 483 -1
0.1 161 162 -1
0.1 485 163 -1
0.1 165 166 -1
0.1 164 487 -1
0.1 168 169 -1
0.1 167 489 -1
0.1 490 170 -1
0.1 488 491 -1
0.1 486 492 -1
0.1 160 493 -1
0.1 159 494 -1
0.1 495 171 -1
0.1 496 172 -1
0.1 173 174 -1
0.1 497 498 -1
0.1 484 499 -1
0.1 176 177 -1
0.1 175 501 -1
0.1 500 502 -1
0.1 503 178 -1
0.1 179 180 -1
0.1 504 505 -1
0.1 481 506 -1
0.1 151 507 -1
0.1 181 182 -1
0.1 183 184 -1
0.1 185 186 -1
0.1 511 187 -1
0.1 510 512 -1
0.1 188 189 -1
0.1 514 190 -1
0.1 192 193 -1
0.1 191 516 -1
0.1 515 517 -1
0.1 196 197 -1
0.1 195 519 -1
0.1 194 520 -1
0.1 518 521 -1
0.1 198 199 -1
0.1 201 202 -1
0.1 200 524 -1
0.1 523 525 -1
0.1 522 526 -1
0.1 513 527 -1
0.1 203 204 -1
0.1 205 206 -1
0.1 207 208 -1
0.1 530 531 -1
0.1 532 209 -1
0.1 211 212 -1
0.1 534 213 -1
0.1 210 535 -1
0.1 536 214 -1
0.1 533 537 -1
0.1 529 538 -1
0.1 528 539 -1
0.1 540 215 -1
0.1 541 216 -1
0.1 509 542 -1
0.1 220 221 -1
0.1 222 223 -1
0.1 545 224 -1
0.1 227 228 -1
0.1 226 547 -1
0.1 225 548 -1
0.1 546 549 -1
0.1 544 550 -1
0.1 219 551 -1
0.1 229 230 -1
0.1 552 553 -1
0.1 218 554 -1
0.1 555 231 -1
0.1 232 233 -1
0.1 235 236 -1
0.1 234 558 -1
0.1 237 238 -1
0.1 240 241 -1
0.1 243 244 -1
0.1 242 562 -1
0.1 561 563 -1
0.1 247 248 -1
0.1 246 565 -1
0.1 245 566 -1
0.1 567 249 -1
0.1 564 568 -1
0.1 569 250 -1
0.1 570 251 -1
0.1 239 571 -1
0.1 560 572 -1
0.1 252 253 -1
0.1 574 254 -1
0.1 573 575 -1
0.1 255 256 -1
0.1 576 577 -1
0.1 559 578 -1
0.1 557 579 -1
0.1 258 259 -1
0.1 260 261 -1
0.1 581 582 -1
0.1 262 263 -1
0.1 264 265 -1
0.1 266 267 -1
0.1 585 586 -1
0.1 584 587 -1
0.1 583 588 -1
0.1 257 589 -1
0.1 580 590 -1
0.1 556 591 -1
0.1 217 592 -1
0.1 268 269 -1
0.1 271 272 -1
0.1 595 273 -1
0.1 270 596 -1
0.1 277 278 -1
0.1 276 598 -1
0.1 275 599 -1
0.1 600 279 -1
0.1 274 601 -1
0.1 597 602 -1
0.1 603 280 -1
0.1 594 604 -1
0.1 593 605 -1
0.1 543 606 -1
0.1 282 283 -1
0.1 281 608 -1
0.1 286 287 -1
0.1 285 610 -1
0.1 284 611 -1
0.1 612 288 -1
0.1 289 290 -1
0.1 613 614 -1
0.1 609 615 -1
0.1 293 294 -1
0.1 617 295 -1
0.1 298 299 -1
0.1 297 619 -1
0.1 300 301 -1
0.1 620 621 -1
0.1 296 622 -1
0.1 302 303 -1
0.1 304 305 -1
0.1 624 625 -1
0.1 623 626 -1
0.1 618 627 -1
0.1 292 628 -1
0.1 291 629 -1
0.1 307 308 -1
0.1 306 631 -1
0.1 309 310 -1
0.1 311 312 -1
0.1 634 313 -1
0.1 315 316 -1
0.1 314 636 -1
0.1 635 637 -1
0.1 317 318 -1
0.1 638 639 -1
0.1 319 320 -1
0.1 321 322 -1
0.1 642 323 -1
0.1 325 326 -1
0.1 324 644 -1
0.1 327 328 -1
0.1 645 646 -1
0.1 643 647 -1
0.1 641 648 -1
0.1 640 649 -1
0.1 329 330 -1
0.1 650 651 -1
0.1 633 652 -1
0.1 632 653 -1
0.1 630 654 -1
0.1 616 655 -1
0.1 607 656 -1
0.1 508 657 -1
0.1 479 658 -1
