1 0 0 1
1 0 0 2
1 0 0 2
1 0 0 2
1 0 0 2
1 0 0 2
1 0 0 2
1 0 0 2
1 0 0 2
1 0 0 2
1 0 0 3
1 0 0 3
1 0 0 3
1 0 0 3
1 0 0 3
1 0 0 3
1 0 0 3
1 0 0 3
1 0 0 4
1 0 0 4
1 0 0 4
1 0 0 4
1 0 0 4
1 0 0 4
1 0 0 4
1 0 0 4
1 0 0 4
1 0 0 4
1 0 0 3
1 0 0 3
1 0 0 2
1 0 0 5
1 0 0 5
1 0 0 5
1 0 0 5
1 0 0 5
1 0 0 5
1 0 0 5
1 0 0 5
1 0 0 5
1 0 0 5
1 0 0 6
1 0 0 6
1 0 0 6
1 0 0 6
1 0 0 7
1 0 0 7
1 0 0 7
1 0 0 7
1 0 0 7
1 0 0 7
1 0 0 7
1 0 0 7
1 0 0 7
1 0 0 7
1 0 0 6
1 0 0 6
1 0 0 6
1 0 0 6
1 0 0 6
1 0 0 6
1 0 0 8
1 0 0 8
1 0 0 8
1 0 0 8
1 0 0 8
1 0 0 8
1 0 0 8
1 0 0 8
1 0 0 8
1 0 0 8
1 0 0 9
1 0 0 9
1 0 0 9
1 0 0 9
1 0 0 9
1 0 0 9
1 0 0 9
1 0 0 9
1 0 0 9
1 0 0 9
1 0 0 10
1 0 0 10
1 0 0 10
1 0 0 10
1 0 0 10
1 0 0 10
1 0 0 10
1 0 0 10
1 0 0 10
1 0 0 10
1 0 0 11
1 0 0 11
1 0 0 11
1 0 0 11
1 0 0 11
1 0 0 11
1 0 0 11
1 0 0 11
1 0 0 11
1 0 0 11
1 0 0 12
1 0 0 12
1 0 0 12
1 0 0 12
1 0 0 12
1 0 0 12
1 0 0 12
1 0 0 12
1 0 0 12
1 0 0 13
1 0 0 13
1 0 0 13
1 0 0 13
1 0 0 13
1 0 0 13
1 0 0 13
1 0 0 13
1 0 0 13
1 0 0 13
1 0 0 12
1 0 0 14
1 0 0 14
1 0 0 14
1 0 0 14
1 0 0 14
1 0 0 14
1 0 0 14
1 0 0 14
1 0 0 14
1 0 0 14
1 0 0 15
1 0 0 15
1 0 0 15
1 0 0 15
1 0 0 15
1 0 0 15
1 0 0 16
1 0 0 16
1 0 0 16
1 0 0 16
1 0 0 16
1 0 0 16
1 0 0 16
1 0 0 16
1 0 0 16
1 0 0 16
1 0 0 15
1 0 0 15
1 0 0 15
1 0 0 17
1 0 0 17
1 0 0 17
1 0 0 17
1 0 0 17
1 0 0 17
1 0 0 17
1 0 0 17
1 0 0 17
1 0 0 17
1 0 0 18
1 0 0 18
1 0 0 18
1 0 0 18
1 0 0 18
1 0 0 18
1 0 0 19
1 0 0 19
1 0 0 19
1 0 0 19
1 0 0 19
1 0 0 19
1 0 0 19
1 0 0 19
1 0 0 19
1 0 0 19
1 0 0 18
1 0 0 20
1 0 0 20
1 0 0 20
1 0 0 20
1 0 0 20
1 0 0 20
1 0 0 20
1 0 0 20
1 0 0 20
1 0 0 20
1 0 0 18
1 0 0 18
1 0 0 18
1 0 0 15
1 0 0 21
1 0 0 21
1 0 0 21
1 0 0 21
1 0 0 21
1 0 0 21
1 0 0 21
1 0 0 21
1 0 0 21
1 0 0 21
1 0 0 1
1 0 0 1
1 0 0 22
1 0 0 22
1 0 0 22
1 0 0 22
1 0 0 22
1 0 0 22
1 0 0 22
1 0 0 22
1 0 0 22
1 0 0 22
1 0 0 23
1 0 0 23
1 0 0 23
1 0 0 23
1 0 0 23
1 0 0 23
1 0 0 23
1 0 0 23
1 0 0 23
1 0 0 23
1 0 0 24
1 0 0 24
1 0 0 24
1 0 0 24
1 0 0 24
1 0 0 24
1 0 0 24
1 0 0 25
1 0 0 25
1 0 0 25
1 0 0 25
1 0 0 25
1 0 0 25
1 0 0 25
1 0 0 25
1 0 0 25
1 0 0 25
1 0 0 24
1 0 0 24
1 0 0 24
1 0 0 26
1 0 0 26
1 0 0 26
1 0 0 26
1 0 0 26
1 0 0 26
1 0 0 26
1 0 0 26
1 0 0 26
1 0 0 26
1 0 0 1
1 0 0 27
1 0 0 27
1 0 0 27
1 0 0 28
1 0 0 28
1 0 0 28
1 0 0 28
1 0 0 28
1 0 0 28
1 0 0 28
1 0 0 28
1 0 0 28
1 0 0 28
1 0 0 29
1 0 0 29
1 0 0 29
1 0 0 29
1 0 0 29
1 0 0 29
1 0 0 29
1 0 0 29
1 0 0 29
1 0 0 29
1 0 0 27
1 0 0 27
1 0 0 27
1 0 0 27
1 0 0 27
1 0 0 27
1 0 0 27
1 0 0 30
1 0 0 30
1 0 0 30
1 0 0 30
1 0 0 30
1 0 0 30
1 0 0 30
1 0 0 30
1 0 0 30
1 0 0 30
1 0 0 31
1 0 0 31
1 0 0 31
1 0 0 31
1 0 0 31
1 0 0 31
1 0 0 31
1 0 0 31
1 0 0 31
1 0 0 31
1 0 0 1
1 0 0 1
1 0 0 1
1 0 0 1
1 0 0 1
1 0 0 1
1 0 0 32
1 0 0 32
1 0 0 32
1 0 0 32
1 0 0 32
1 0 0 32
1 0 0 32
1 0 0 32
1 0 0 32
1 0 0 32
0.1 3 4 -1
0.1 2 321 -1
0.1 5 6 -1
0.1 8 9 -1
0.1 7 324 -1
0.1 11 12 -1
0.1 13 14 -1
0.1 15 16 -1
0.1 327 328 -1
0.1 326 329 -1
0.1 17 18 -1
0.1 19 20 -1
0.1 22 23 -1
0.1 21 333 -1
0.1 25 26 -1
0.1 335 27 -1
0.1 24 336 -1
0.1 334 337 -1
0.1 332 338 -1
0.1 339 28 -1
0.1 29 30 -1
0.1 340 341 -1
0.1 331 342 -1
0.1 330 343 -1
0.1 344 31 -1
0.1 10 345 -1
0.1 325 346 -1
0.1 323 347 -1
0.1 322 348 -1
0.1 32 33 -1
0.1 35 36 -1
0.1 34 351 -1
0.1 38 39 -1
0.1 37 353 -1
0.1 352 354 -1
0.1 40 41 -1
0.1 355 356 -1
0.1 350 357 -1
0.1 349 358 -1
0.1 42 43 -1
0.1 44 45 -1
0.1 360 361 -1
0.1 46 47 -1
0.1 48 49 -1
0.1 364 50 -1
0.1 51 52 -1
0.1 365 366 -1
0.1 53 54 -1
0.1 367 368 -1
0.1 363 369 -1
0.1 370 55 -1
0.1 362 371 -1
0.1 359 372 -1
0.1 56 57 -1
0.1 59 60 -1
0.1 58 375 -1
0.1 63 64 -1
0.1 377 65 -1
0.1 66 67 -1
0.1 378 379 -1
0.1 62 380 -1
0.1 68 69 -1
0.1 382 70 -1
0.1 381 383 -1
0.1 72 73 -1
0.1 385 74 -1
0.1 76 77 -1
0.1 75 387 -1
0.1 79 80 -1
0.1 78 389 -1
0.1 390 81 -1
0.1 388 391 -1
0.1 386 392 -1
0.1 83 84 -1
0.1 85 86 -1
0.1 394 395 -1
0.1 82 396 -1
0.1 87 88 -1
0.1 89 90 -1
0.1 398 399 -1
0.1 397 400 -1
0.1 393 401 -1
0.1 71 402 -1
0.1 384 403 -1
0.1 404 91 -1
0.1 92 93 -1
0.1 406 94 -1
0.1 95 96 -1
0.1 407 408 -1
0.1 99 100 -1
0.1 98 410 -1
0.1 97 411 -1
0.1 409 412 -1
0.1 413 101 -1
0.1 405 414 -1
0.1 61 415 -1
0.1 376 416 -1
0.1 374 417 -1
0.1 373 418 -1
0.1 105 106 -1
0.1 420 107 -1
0.1 104 421 -1
0.1 103 422 -1
0.1 102 423 -1
0.1 108 109 -1
0.1 425 110 -1
0.1 112 113 -1
0.1 111 427 -1
0.1 428 114 -1
0.1 116 117 -1
0.1 430 118 -1
0.1 115 431 -1
0.1 119 120 -1
0.1 432 433 -1
0.1 429 434 -1
0.1 435 121 -1
0.1 426 436 -1
0.1 424 437 -1
0.1 122 123 -1
0.1 124 125 -1
0.1 440 126 -1
0.1 441 127 -1
0.1 439 442 -1
0.1 128 129 -1
0.1 130 131 -1
0.1 444 445 -1
0.1 443 446 -1
0.1 134 135 -1
0.1 139 140 -1
0.1 449 141 -1
0.1 138 450 -1
0.1 143 144 -1
0.1 146 147 -1
0.1 145 453 -1
0.1 452 454 -1
0.1 142 455 -1
0.1 451 456 -1
0.1 137 457 -1
0.1 136 458 -1
0.1 448 459 -1
0.1 133 460 -1
0.1 149 150 -1
0.1 148 462 -1
0.1 461 463 -1
0.1 153 154 -1
0.1 155 156 -1
0.1 465 466 -1
0.1 152 467 -1
0.1 157 158 -1
0.1 469 159 -1
0.1 470 160 -1
0.1 468 471 -1
0.1 151 472 -1
0.1 464 473 -1
0.1 132 474 -1
0.1 447 475 -1
0.1 163 164 -1
0.1 162 477 -1
0.1 165 166 -1
0.1 168 169 -1
0.1 167 480 -1
0.1 170 171 -1
0.1 481 482 -1
0.1 175 176 -1
0.1 174 484 -1
0.1 173 485 -1
0.1 172 486 -1
0.1 483 487 -1
0.1 488 177 -1
0.1 479 489 -1
0.1 478 490 -1
0.1 161 491 -1
0.1 180 181 -1
0.1 179 493 -1
0.1 182 183 -1
0.1 495 184 -1
0.1 186 187 -1
0.1 185 497 -1
0.1 496 498 -1
0.1 494 499 -1
0.1 178 500 -1
0.1 492 501 -1
0.1 188 189 -1
0.1 503 190 -1
0.1 502 504 -1
0.1 193 194 -1
0.1 506 195 -1
0.1 507 196 -1
0.1 192 508 -1
0.1 197 198 -1
0.1 199 200 -1
0.1 510 511 -1
0.1 512 201 -1
0.1 509 513 -1
0.1 191 514 -1
0.1 505 515 -1
0.1 476 516 -1
0.1 438 517 -1
0.1 419 518 -1
0.1 1 519 -1
0.1 202 203 -1
0.1 520 521 -1
0.1 204 205 -1
0.1 210 211 -1
0.1 209 524 -1
0.1 208 525 -1
0.1 207 526 -1
0.1 527 212 -1
0.1 206 528 -1
0.1 529 213 -1
0.1 215 216 -1
0.1 214 531 -1
0.1 217 218 -1
0.1 532 533 -1
0.1 219 220 -1
0.1 534 535 -1
0.1 221 222 -1
0.1 537 223 -1
0.1 224 225 -1
0.1 226 227 -1
0.1 229 230 -1
0.1 228 541 -1
0.1 540 542 -1
0.1 539 543 -1
0.1 231 232 -1
0.1 233 234 -1
0.1 235 236 -1
0.1 546 547 -1
0.1 545 548 -1
0.1 239 240 -1
0.1 238 550 -1
0.1 237 551 -1
0.1 549 552 -1
0.1 544 553 -1
0.1 538 554 -1
0.1 242 243 -1
0.1 241 556 -1
0.1 555 557 -1
0.1 536 558 -1
0.1 530 559 -1
0.1 523 560 -1
0.1 245 246 -1
0.1 562 247 -1
0.1 563 248 -1
0.1 244 564 -1
0.1 249 250 -1
0.1 565 566 -1
0.1 252 253 -1
0.1 251 568 -1
0.1 567 569 -1
0.1 561 570 -1
0.1 571 254 -1
0.1 260 261 -1
0.1 259 573 -1
0.1 258 574 -1
0.1 262 263 -1
0.1 575 576 -1
0.1 264 265 -1
0.1 578 266 -1
0.1 579 267 -1
0.1 577 580 -1
0.1 269 270 -1
0.1 268 582 -1
0.1 272 273 -1
0.1 271 584 -1
0.1 585 274 -1
0.1 586 275 -1
0.1 276 277 -1
0.1 587 588 -1
0.1 583 589 -1
0.1 581 590 -1
0.1 279 280 -1
0.1 592 281 -1
0.1 282 283 -1
0.1 593 594 -1
0.1 286 287 -1
0.1 285 596 -1
0.1 289 290 -1
0.1 293 294 -1
0.1 292 599 -1
0.1 291 600 -1
0.1 598 601 -1
0.1 288 602 -1
0.1 597 603 -1
0.1 284 604 -1
0.1 595 605 -1
0.1 278 606 -1
0.1 591 607 -1
0.1 295 296 -1
0.1 609 297 -1
0.1 610 298 -1
0.1 299 300 -1
0.1 302 303 -1
0.1 613 304 -1
0.1 301 614 -1
0.1 612 615 -1
0.1 611 616 -1
0.1 608 617 -1
0.1 257 618 -1
0.1 256 619 -1
0.1 255 620 -1
0.1 305 306 -1
0.1 621 622 -1
0.1 623 307 -1
0.1 308 309 -1
0.1 625 310 -1
0.1 624 626 -1
0.1 572 627 -1
0.1 315 316 -1
0.1 314 629 -1
0.1 313 630 -1
0.1 312 631 -1
0.1 317 318 -1
0.1 319 320 -1
0.1 633 634 -1
0.1 632 635 -1
0.1 311 636 -1
0.1 628 637 -1
0.1 522 638 -1
