1 0 0 1
1 0 0 1
1 0 0 2
1 0 0 2
1 0 0 2
1 0 0 2
1 0 0 2
1 0 0 2
1 0 0 3
1 0 0 3
1 0 0 3
1 0 0 3
1 0 0 3
1 0 0 3
1 0 0 3
1 0 0 3
1 0 0 3
1 0 0 3
1 0 0 4
1 0 0 4
1 0 0 4
1 0 0 4
1 0 0 4
1 0 0 4
1 0 0 4
1 0 0 4
1 0 0 4
1 0 0 5
1 0 0 5
1 0 0 5
1 0 0 5
1 0 0 5
1 0 0 5
1 0 0 5
1 0 0 5
1 0 0 5
1 0 0 6
1 0 0 6
1 0 0 6
1 0 0 6
1 0 0 6
1 0 0 6
1 0 0 6
1 0 0 6
1 0 0 6
1 0 0 6
1 0 0 5
1 0 0 4
1 0 0 7
1 0 0 7
1 0 0 7
1 0 0 7
1 0 0 7
1 0 0 7
1 0 0 7
1 0 0 7
1 0 0 7
1 0 0 7
1 0 0 2
1 0 0 2
1 0 0 2
1 0 0 2
1 0 0 8
1 0 0 8
1 0 0 8
1 0 0 9
1 0 0 9
1 0 0 9
1 0 0 9
1 0 0 9
1 0 0 9
1 0 0 9
1 0 0 9
1 0 0 8
1 0 0 8
1 0 0 8
1 0 0 8
1 0 0 8
1 0 0 8
1 0 0 8
1 0 0 10
1 0 0 10
1 0 0 10
1 0 0 10
1 0 0 10
1 0 0 10
1 0 0 10
1 0 0 10
1 0 0 11
1 0 0 11
1 0 0 11
1 0 0 11
1 0 0 11
1 0 0 11
1 0 0 11
1 0 0 11
1 0 0 11
1 0 0 11
1 0 0 10
1 0 0 10
1 0 0 9
1 0 0 9
1 0 0 12
1 0 0 12
1 0 0 12
1 0 0 12
1 0 0 13
1 0 0 13
1 0 0 13
1 0 0 13
1 0 0 13
1 0 0 13
1 0 0 13
1 0 0 13
1 0 0 13
1 0 0 13
1 0 0 12
1 0 0 12
1 0 0 12
1 0 0 12
1 0 0 12
1 0 0 12
1 0 0 14
1 0 0 14
1 0 0 14
1 0 0 14
1 0 0 14
1 0 0 14
1 0 0 14
1 0 0 14
1 0 0 14
1 0 0 14
1 0 0 15
1 0 0 15
1 0 0 15
1 0 0 15
1 0 0 15
1 0 0 15
1 0 0 16
1 0 0 16
1 0 0 16
1 0 0 16
1 0 0 16
1 0 0 16
1 0 0 16
1 0 0 16
1 0 0 16
1 0 0 16
1 0 0 15
1 0 0 15
1 0 0 15
1 0 0 15
1 0 0 17
1 0 0 17
1 0 0 17
1 0 0 17
1 0 0 17
1 0 0 17
1 0 0 17
1 0 0 17
1 0 0 17
1 0 0 17
1 0 0 18
1 0 0 18
1 0 0 18
1 0 0 18
1 0 0 18
1 0 0 19
1 0 0 19
1 0 0 19
1 0 0 19
1 0 0 19
1 0 0 19
1 0 0 19
1 0 0 19
1 0 0 19
1 0 0 19
1 0 0 18
1 0 0 18
1 0 0 18
1 0 0 18
1 0 0 20
1 0 0 20
1 0 0 20
1 0 0 20
1 0 0 20
1 0 0 20
1 0 0 20
1 0 0 20
1 0 0 20
1 0 0 20
1 0 0 18
1 0 0 21
1 0 0 21
1 0 0 21
1 0 0 21
1 0 0 21
1 0 0 21
1 0 0 21
1 0 0 21
1 0 0 21
1 0 0 21
1 0 0 22
1 0 0 22
1 0 0 22
1 0 0 22
1 0 0 22
1 0 0 22
1 0 0 22
1 0 0 22
1 0 0 22
1 0 0 22
1 0 0 23
1 0 0 23
1 0 0 23
1 0 0 23
1 0 0 23
1 0 0 23
1 0 0 23
1 0 0 23
1 0 0 23
1 0 0 23
1 0 0 24
1 0 0 24
1 0 0 24
1 0 0 24
1 0 0 24
1 0 0 24
1 0 0 24
1 0 0 24
1 0 0 24
1 0 0 24
1 0 0 25
1 0 0 25
1 0 0 25
1 0 0 25
1 0 0 25
1 0 0 25
1 0 0 25
1 0 0 25
1 0 0 25
1 0 0 25
1 0 0 26
1 0 0 26
1 0 0 26
1 0 0 26
1 0 0 26
1 0 0 26
1 0 0 26
1 0 0 26
1 0 0 26
1 0 0 26
1 0 0 1
1 0 0 1
1 0 0 1
1 0 0 27
1 0 0 27
1 0 0 27
1 0 0 28
1 0 0 28
1 0 0 28
1 0 0 28
1 0 0 28
1 0 0 28
1 0 0 28
1 0 0 28
1 0 0 28
1 0 0 28
1 0 0 29
1 0 0 29
1 0 0 29
1 0 0 29
1 0 0 29
1 0 0 29
1 0 0 29
1 0 0 29
1 0 0 29
1 0 0 29
1 0 0 30
1 0 0 30
1 0 0 30
1 0 0 30
1 0 0 30
1 0 0 30
1 0 0 30
1 0 0 30
1 0 0 30
1 0 0 30
1 0 0 27
1 0 0 27
1 0 0 27
1 0 0 27
1 0 0 27
1 0 0 31
1 0 0 31
1 0 0 31
1 0 0 31
1 0 0 31
1 0 0 31
1 0 0 31
1 0 0 31
1 0 0 31
1 0 0 31
1 0 0 27
1 0 0 27
1 0 0 1
1 0 0 1
1 0 0 1
1 0 0 1
1 0 0 32
1 0 0 32
1 0 0 32
1 0 0 32
1 0 0 32
1 0 0 32
1 0 0 32
1 0 0 32
1 0 0 32
1 0 0 32
1 0 0 1
0.1 3 4 -1
0.1 6 7 -1
0.1 5 322 -1
0.1 321 323 -1
0.1 12 13 -1
0.1 11 325 -1
0.1 10 326 -1
0.1 15 16 -1
0.1 14 328 -1
0.1 17 18 -1
0.1 329 330 -1
0.1 327 331 -1
0.1 9 332 -1
0.1 20 21 -1
0.1 19 334 -1
0.1 23 24 -1
0.1 26 27 -1
0.1 25 337 -1
0.1 336 338 -1
0.1 22 339 -1
0.1 335 340 -1
0.1 29 30 -1
0.1 31 32 -1
0.1 342 343 -1
0.1 28 344 -1
0.1 33 34 -1
0.1 35 36 -1
0.1 346 347 -1
0.1 345 348 -1
0.1 38 39 -1
0.1 37 350 -1
0.1 41 42 -1
0.1 40 352 -1
0.1 353 43 -1
0.1 44 45 -1
0.1 355 46 -1
0.1 354 356 -1
0.1 351 357 -1
0.1 349 358 -1
0.1 359 47 -1
0.1 360 48 -1
0.1 341 361 -1
0.1 333 362 -1
0.1 8 363 -1
0.1 324 364 -1
0.1 50 51 -1
0.1 52 53 -1
0.1 54 55 -1
0.1 368 56 -1
0.1 367 369 -1
0.1 366 370 -1
0.1 57 58 -1
0.1 371 372 -1
0.1 49 373 -1
0.1 59 60 -1
0.1 61 62 -1
0.1 375 376 -1
0.1 374 377 -1
0.1 64 65 -1
0.1 63 379 -1
0.1 66 67 -1
0.1 68 69 -1
0.1 382 70 -1
0.1 71 72 -1
0.1 384 73 -1
0.1 383 385 -1
0.1 381 386 -1
0.1 74 75 -1
0.1 77 78 -1
0.1 76 389 -1
0.1 81 82 -1
0.1 83 84 -1
0.1 391 392 -1
0.1 85 86 -1
0.1 393 394 -1
0.1 87 88 -1
0.1 90 91 -1
0.1 92 93 -1
0.1 398 94 -1
0.1 95 96 -1
0.1 400 97 -1
0.1 401 98 -1
0.1 399 402 -1
0.1 397 403 -1
0.1 89 404 -1
0.1 396 405 -1
0.1 99 100 -1
0.1 406 407 -1
0.1 395 408 -1
0.1 80 409 -1
0.1 79 410 -1
0.1 390 411 -1
0.1 388 412 -1
0.1 387 413 -1
0.1 380 414 -1
0.1 101 102 -1
0.1 415 416 -1
0.1 378 417 -1
0.1 365 418 -1
0.1 104 105 -1
0.1 103 420 -1
0.1 109 110 -1
0.1 108 422 -1
0.1 107 423 -1
0.1 111 112 -1
0.1 114 115 -1
0.1 426 116 -1
0.1 113 427 -1
0.1 425 428 -1
0.1 424 429 -1
0.1 106 430 -1
0.1 421 431 -1
0.1 118 119 -1
0.1 121 122 -1
0.1 120 434 -1
0.1 433 435 -1
0.1 117 436 -1
0.1 432 437 -1
0.1 124 125 -1
0.1 439 126 -1
0.1 127 128 -1
0.1 441 129 -1
0.1 131 132 -1
0.1 130 443 -1
0.1 442 444 -1
0.1 440 445 -1
0.1 123 446 -1
0.1 135 136 -1
0.1 134 448 -1
0.1 137 138 -1
0.1 139 140 -1
0.1 142 143 -1
0.1 141 452 -1
0.1 451 453 -1
0.1 147 148 -1
0.1 146 455 -1
0.1 145 456 -1
0.1 144 457 -1
0.1 454 458 -1
0.1 459 149 -1
0.1 450 460 -1
0.1 449 461 -1
0.1 133 462 -1
0.1 447 463 -1
0.1 150 151 -1
0.1 465 152 -1
0.1 154 155 -1
0.1 156 157 -1
0.1 467 468 -1
0.1 153 469 -1
0.1 159 160 -1
0.1 471 161 -1
0.1 158 472 -1
0.1 470 473 -1
0.1 474 162 -1
0.1 163 164 -1
0.1 170 171 -1
0.1 169 477 -1
0.1 168 478 -1
0.1 173 174 -1
0.1 176 177 -1
0.1 175 481 -1
0.1 480 482 -1
0.1 172 483 -1
0.1 479 484 -1
0.1 167 485 -1
0.1 166 486 -1
0.1 178 179 -1
0.1 487 488 -1
0.1 165 489 -1
0.1 476 490 -1
0.1 491 180 -1
0.1 475 492 -1
0.1 493 181 -1
0.1 185 186 -1
0.1 184 495 -1
0.1 183 496 -1
0.1 182 497 -1
0.1 190 191 -1
0.1 189 499 -1
0.1 188 500 -1
0.1 187 501 -1
0.1 498 502 -1
0.1 503 192 -1
0.1 193 194 -1
0.1 195 196 -1
0.1 505 506 -1
0.1 197 198 -1
0.1 201 202 -1
0.1 200 509 -1
0.1 199 510 -1
0.1 508 511 -1
0.1 507 512 -1
0.1 504 513 -1
0.1 494 514 -1
0.1 466 515 -1
0.1 464 516 -1
0.1 438 517 -1
0.1 419 518 -1
0.1 2 519 -1
0.1 1 520 -1
0.1 203 204 -1
0.1 522 205 -1
0.1 207 208 -1
0.1 206 524 -1
0.1 209 210 -1
0.1 211 212 -1
0.1 526 527 -1
0.1 525 528 -1
0.1 523 529 -1
0.1 213 214 -1
0.1 215 216 -1
0.1 531 532 -1
0.1 217 218 -1
0.1 533 534 -1
0.1 220 221 -1
0.1 219 536 -1
0.1 537 222 -1
0.1 535 538 -1
0.1 530 539 -1
0.1 223 224 -1
0.1 226 227 -1
0.1 225 542 -1
0.1 541 543 -1
0.1 228 229 -1
0.1 544 545 -1
0.1 230 231 -1
0.1 547 232 -1
0.1 546 548 -1
0.1 540 549 -1
0.1 233 234 -1
0.1 240 241 -1
0.1 239 552 -1
0.1 238 553 -1
0.1 554 242 -1
0.1 237 555 -1
0.1 236 556 -1
0.1 235 557 -1
0.1 551 558 -1
0.1 550 559 -1
0.1 243 244 -1
0.1 245 246 -1
0.1 248 249 -1
0.1 247 563 -1
0.1 562 564 -1
0.1 561 565 -1
0.1 250 251 -1
0.1 567 252 -1
0.1 566 568 -1
0.1 560 569 -1
0.1 570 253 -1
0.1 260 261 -1
0.1 572 262 -1
0.1 259 573 -1
0.1 265 266 -1
0.1 264 575 -1
0.1 263 576 -1
0.1 267 268 -1
0.1 577 578 -1
0.1 574 579 -1
0.1 269 270 -1
0.1 272 273 -1
0.1 271 582 -1
0.1 583 274 -1
0.1 581 584 -1
0.1 277 278 -1
0.1 276 586 -1
0.1 275 587 -1
0.1 585 588 -1
0.1 282 283 -1
0.1 281 590 -1
0.1 280 591 -1
0.1 279 592 -1
0.1 284 285 -1
0.1 593 594 -1
0.1 286 287 -1
0.1 596 288 -1
0.1 595 597 -1
0.1 589 598 -1
0.1 290 291 -1
0.1 600 292 -1
0.1 295 296 -1
0.1 294 602 -1
0.1 300 301 -1
0.1 299 604 -1
0.1 298 605 -1
0.1 297 606 -1
0.1 302 303 -1
0.1 607 608 -1
0.1 603 609 -1
0.1 293 610 -1
0.1 601 611 -1
0.1 289 612 -1
0.1 599 613 -1
0.1 304 305 -1
0.1 614 615 -1
0.1 580 616 -1
0.1 258 617 -1
0.1 257 618 -1
0.1 256 619 -1
0.1 255 620 -1
0.1 254 621 -1
0.1 622 306 -1
0.1 308 309 -1
0.1 307 624 -1
0.1 623 625 -1
0.1 571 626 -1
0.1 311 312 -1
0.1 313 314 -1
0.1 628 629 -1
0.1 316 317 -1
0.1 631 318 -1
0.1 315 632 -1
0.1 633 319 -1
0.1 630 634 -1
0.1 310 635 -1
0.1 627 636 -1
0.1 637 320 -1
0.1 521 638 -1
