1 0 0 1
1 0 0 1
1 0 0 2
1 0 0 2
1 0 0 2
1 0 0 2
1 0 0 2
1 0 0 2
1 0 0 2
1 0 0 2
1 0 0 2
1 0 0 2
1 0 0 1
1 0 0 1
1 0 0 1
1 0 0 3
1 0 0 3
1 0 0 3
1 0 0 3
1 0 0 3
1 0 0 3
1 0 0 3
1 0 0 3
1 0 0 3
1 0 0 3
1 0 0 4
1 0 0 4
1 0 0 5
1 0 0 5
1 0 0 5
1 0 0 5
1 0 0 5
1 0 0 6
1 0 0 6
1 0 0 6
1 0 0 6
1 0 0 6
1 0 0 6
1 0 0 6
1 0 0 6
1 0 0 6
1 0 0 6
1 0 0 7
1 0 0 7
1 0 0 7
1 0 0 7
1 0 0 7
1 0 0 7
1 0 0 7
1 0 0 7
1 0 0 7
1 0 0 7
1 0 0 5
1 0 0 5
1 0 0 5
1 0 0 5
1 0 0 8
1 0 0 8
1 0 0 8
1 0 0 8
1 0 0 8
1 0 0 8
1 0 0 8
1 0 0 8
1 0 0 8
1 0 0 8
1 0 0 5
1 0 0 9
1 0 0 9
1 0 0 9
1 0 0 9
1 0 0 9
1 0 0 9
1 0 0 9
1 0 0 9
1 0 0 9
1 0 0 9
1 0 0 4
1 0 0 4
1 0 0 10
1 0 0 10
1 0 0 10
1 0 0 10
1 0 0 10
1 0 0 10
1 0 0 10
1 0 0 10
1 0 0 10
1 0 0 10
1 0 0 4
1 0 0 4
1 0 0 4
1 0 0 4
1 0 0 4
1 0 0 4
1 0 0 1
1 0 0 1
1 0 0 11
1 0 0 11
1 0 0 11
1 0 0 11
1 0 0 11
1 0 0 11
1 0 0 11
1 0 0 11
1 0 0 11
1 0 0 11
1 0 0 12
1 0 0 12
1 0 0 12
1 0 0 12
1 0 0 12
1 0 0 12
1 0 0 12
1 0 0 12
1 0 0 13
1 0 0 14
1 0 0 14
1 0 0 14
1 0 0 14
1 0 0 14
1 0 0 14
1 0 0 14
1 0 0 14
1 0 0 14
1 0 0 15
1 0 0 15
1 0 0 15
1 0 0 15
1 0 0 15
1 0 0 15
1 0 0 15
1 0 0 15
1 0 0 15
1 0 0 15
1 0 0 14
1 0 0 13
1 0 0 13
1 0 0 13
1 0 0 13
1 0 0 13
1 0 0 13
1 0 0 13
1 0 0 13
1 0 0 13
1 0 0 12
1 0 0 12
1 0 0 16
1 0 0 16
1 0 0 16
1 0 0 16
1 0 0 16
1 0 0 16
1 0 0 16
1 0 0 16
1 0 0 16
1 0 0 16
1 0 0 17
1 0 0 17
1 0 0 17
1 0 0 17
1 0 0 17
1 0 0 17
1 0 0 17
1 0 0 17
1 0 0 17
1 0 0 17
1 0 0 18
1 0 0 18
1 0 0 19
1 0 0 19
1 0 0 19
1 0 0 19
1 0 0 19
1 0 0 19
1 0 0 19
1 0 0 19
1 0 0 19
1 0 0 19
1 0 0 20
1 0 0 20
1 0 0 20
1 0 0 20
1 0 0 20
1 0 0 20
1 0 0 20
1 0 0 21
1 0 0 21
1 0 0 21
1 0 0 21
1 0 0 21
1 0 0 21
1 0 0 21
1 0 0 21
1 0 0 21
1 0 0 21
1 0 0 22
1 0 0 22
1 0 0 22
1 0 0 22
1 0 0 22
1 0 0 22
1 0 0 22
1 0 0 22
1 0 0 22
1 0 0 22
1 0 0 20
1 0 0 20
1 0 0 20
1 0 0 18
1 0 0 18
1 0 0 23
1 0 0 23
1 0 0 23
1 0 0 23
1 0 0 23
1 0 0 23
1 0 0 23
1 0 0 23
1 0 0 23
1 0 0 23
1 0 0 18
1 0 0 18
1 0 0 18
1 0 0 18
1 0 0 18
1 0 0 18
1 0 0 1
1 0 0 24
1 0 0 24
1 0 0 25
1 0 0 25
1 0 0 25
1 0 0 25
1 0 0 26
1 0 0 26
1 0 0 26
1 0 0 26
1 0 0 26
1 0 0 26
1 0 0 26
1 0 0 26
1 0 0 26
1 0 0 26
1 0 0 27
1 0 0 27
1 0 0 27
1 0 0 27
1 0 0 27
1 0 0 27
1 0 0 27
1 0 0 27
1 0 0 27
1 0 0 27
1 0 0 25
1 0 0 25
1 0 0 25
1 0 0 25
1 0 0 25
1 0 0 25
1 0 0 24
1 0 0 24
1 0 0 24
1 0 0 24
1 0 0 24
1 0 0 24
1 0 0 24
1 0 0 24
1 0 0 28
1 0 0 28
1 0 0 28
1 0 0 28
1 0 0 28
1 0 0 28
1 0 0 28
1 0 0 28
1 0 0 28
1 0 0 28
1 0 0 1
1 0 0 1
0.1 1 2 -1
0.1 3 4 -1
0.1 5 6 -1
0.1 8 9 -1
0.1 7 284 -1
0.1 10 11 -1
0.1 285 286 -1
0.1 283 287 -1
0.1 282 288 -1
0.1 289 12 -1
0.1 14 15 -1
0.1 13 291 -1
0.1 290 292 -1
0.1 16 17 -1
0.1 19 20 -1
0.1 18 295 -1
0.1 296 21 -1
0.1 22 23 -1
0.1 297 298 -1
0.1 24 25 -1
0.1 299 300 -1
0.1 294 301 -1
0.1 26 27 -1
0.1 28 29 -1
0.1 31 32 -1
0.1 30 305 -1
0.1 304 306 -1
0.1 33 34 -1
0.1 36 37 -1
0.1 35 309 -1
0.1 308 310 -1
0.1 307 311 -1
0.1 38 39 -1
0.1 41 42 -1
0.1 40 314 -1
0.1 313 315 -1
0.1 312 316 -1
0.1 44 45 -1
0.1 46 47 -1
0.1 48 49 -1
0.1 51 52 -1
0.1 50 321 -1
0.1 320 322 -1
0.1 53 54 -1
0.1 57 58 -1
0.1 61 62 -1
0.1 60 326 -1
0.1 59 327 -1
0.1 325 328 -1
0.1 63 64 -1
0.1 329 330 -1
0.1 331 65 -1
0.1 332 66 -1
0.1 56 333 -1
0.1 55 334 -1
0.1 68 69 -1
0.1 336 70 -1
0.1 72 73 -1
0.1 338 74 -1
0.1 71 339 -1
0.1 76 77 -1
0.1 75 341 -1
0.1 340 342 -1
0.1 337 343 -1
0.1 67 344 -1
0.1 335 345 -1
0.1 324 346 -1
0.1 323 347 -1
0.1 319 348 -1
0.1 318 349 -1
0.1 43 350 -1
0.1 317 351 -1
0.1 303 352 -1
0.1 80 81 -1
0.1 84 85 -1
0.1 87 88 -1
0.1 86 356 -1
0.1 355 357 -1
0.1 83 358 -1
0.1 359 89 -1
0.1 82 360 -1
0.1 354 361 -1
0.1 79 362 -1
0.1 78 363 -1
0.1 364 90 -1
0.1 92 93 -1
0.1 91 366 -1
0.1 367 94 -1
0.1 365 368 -1
0.1 369 95 -1
0.1 353 370 -1
0.1 302 371 -1
0.1 372 96 -1
0.1 293 373 -1
0.1 281 374 -1
0.1 375 97 -1
0.1 98 99 -1
0.1 100 101 -1
0.1 377 378 -1
0.1 106 107 -1
0.1 105 380 -1
0.1 104 381 -1
0.1 103 382 -1
0.1 102 383 -1
0.1 379 384 -1
0.1 109 110 -1
0.1 108 386 -1
0.1 111 112 -1
0.1 122 123 -1
0.1 121 389 -1
0.1 124 125 -1
0.1 390 391 -1
0.1 120 392 -1
0.1 119 393 -1
0.1 118 394 -1
0.1 117 395 -1
0.1 129 130 -1
0.1 128 397 -1
0.1 127 398 -1
0.1 126 399 -1
0.1 132 133 -1
0.1 131 401 -1
0.1 134 135 -1
0.1 402 403 -1
0.1 400 404 -1
0.1 396 405 -1
0.1 406 136 -1
0.1 137 138 -1
0.1 139 140 -1
0.1 408 409 -1
0.1 407 410 -1
0.1 141 142 -1
0.1 412 143 -1
0.1 144 145 -1
0.1 413 414 -1
0.1 411 415 -1
0.1 116 416 -1
0.1 417 146 -1
0.1 418 147 -1
0.1 115 419 -1
0.1 114 420 -1
0.1 113 421 -1
0.1 388 422 -1
0.1 387 423 -1
0.1 385 424 -1
0.1 148 149 -1
0.1 151 152 -1
0.1 427 153 -1
0.1 150 428 -1
0.1 426 429 -1
0.1 154 155 -1
0.1 431 156 -1
0.1 432 157 -1
0.1 430 433 -1
0.1 425 434 -1
0.1 376 435 -1
0.1 158 159 -1
0.1 160 161 -1
0.1 437 438 -1
0.1 163 164 -1
0.1 162 440 -1
0.1 439 441 -1
0.1 166 167 -1
0.1 165 443 -1
0.1 442 444 -1
0.1 168 169 -1
0.1 170 171 -1
0.1 173 174 -1
0.1 175 176 -1
0.1 178 179 -1
0.1 177 450 -1
0.1 449 451 -1
0.1 448 452 -1
0.1 172 453 -1
0.1 447 454 -1
0.1 446 455 -1
0.1 182 183 -1
0.1 457 184 -1
0.1 185 186 -1
0.1 189 190 -1
0.1 188 460 -1
0.1 191 192 -1
0.1 461 462 -1
0.1 195 196 -1
0.1 194 464 -1
0.1 193 465 -1
0.1 463 466 -1
0.1 187 467 -1
0.1 200 201 -1
0.1 199 469 -1
0.1 470 202 -1
0.1 198 471 -1
0.1 203 204 -1
0.1 473 205 -1
0.1 474 206 -1
0.1 472 475 -1
0.1 197 476 -1
0.1 468 477 -1
0.1 207 208 -1
0.1 478 479 -1
0.1 459 480 -1
0.1 458 481 -1
0.1 181 482 -1
0.1 483 209 -1
0.1 180 484 -1
0.1 213 214 -1
0.1 212 486 -1
0.1 215 216 -1
0.1 219 220 -1
0.1 489 221 -1
0.1 218 490 -1
0.1 217 491 -1
0.1 488 492 -1
0.1 487 493 -1
0.1 494 222 -1
0.1 211 495 -1
0.1 210 496 -1
0.1 223 224 -1
0.1 497 498 -1
0.1 485 499 -1
0.1 225 226 -1
0.1 501 227 -1
0.1 500 502 -1
0.1 456 503 -1
0.1 445 504 -1
0.1 233 234 -1
0.1 232 506 -1
0.1 231 507 -1
0.1 235 236 -1
0.1 509 237 -1
0.1 238 239 -1
0.1 510 511 -1
0.1 243 244 -1
0.1 242 513 -1
0.1 241 514 -1
0.1 240 515 -1
0.1 245 246 -1
0.1 247 248 -1
0.1 250 251 -1
0.1 519 252 -1
0.1 249 520 -1
0.1 253 254 -1
0.1 521 522 -1
0.1 518 523 -1
0.1 517 524 -1
0.1 516 525 -1
0.1 512 526 -1
0.1 256 257 -1
0.1 255 528 -1
0.1 258 259 -1
0.1 529 530 -1
0.1 531 260 -1
0.1 527 532 -1
0.1 508 533 -1
0.1 262 263 -1
0.1 261 535 -1
0.1 264 265 -1
0.1 536 537 -1
0.1 534 538 -1
0.1 230 539 -1
0.1 267 268 -1
0.1 266 541 -1
0.1 540 542 -1
0.1 229 543 -1
0.1 228 544 -1
0.1 269 270 -1
0.1 272 273 -1
0.1 547 274 -1
0.1 271 548 -1
0.1 275 276 -1
0.1 550 277 -1
0.1 549 551 -1
0.1 546 552 -1
0.1 553 278 -1
0.1 279 280 -1
0.1 554 555 -1
0.1 545 556 -1
0.1 505 557 -1
0.1 436 558 -1
