1 0 0 1
1 0 0 1
1 0 0 1
1 0 0 1
1 0 0 1
1 0 0 2
1 0 0 2
1 0 0 2
1 0 0 3
1 0 0 3
1 0 0 3
1 0 0 3
1 0 0 3
1 0 0 3
1 0 0 3
1 0 0 3
1 0 0 3
1 0 0 3
1 0 0 1
1 0 0 1
1 0 0 1
1 0 0 1
1 0 0 1
1 0 0 2
1 0 0 2
1 0 0 4
1 0 0 4
1 0 0 4
1 0 0 4
1 0 0 4
1 0 0 4
1 0 0 4
1 0 0 4
1 0 0 5
1 0 0 5
1 0 0 5
1 0 0 5
1 0 0 5
1 0 0 5
1 0 0 5
1 0 0 5
1 0 0 5
1 0 0 5
1 0 0 6
1 0 0 6
1 0 0 6
1 0 0 6
1 0 0 6
1 0 0 6
1 0 0 6
1 0 0 6
1 0 0 6
1 0 0 6
1 0 0 4
1 0 0 4
1 0 0 7
1 0 0 7
1 0 0 7
1 0 0 7
1 0 0 7
1 0 0 7
1 0 0 7
1 0 0 7
1 0 0 7
1 0 0 7
1 0 0 2
1 0 0 2
1 0 0 8
1 0 0 8
1 0 0 8
1 0 0 8
1 0 0 8
1 0 0 8
1 0 0 8
1 0 0 8
1 0 0 8
1 0 0 9
1 0 0 9
1 0 0 10
1 0 0 10
1 0 0 10
1 0 0 10
1 0 0 10
1 0 0 10
1 0 0 11
1 0 0 11
1 0 0 11
1 0 0 11
1 0 0 11
1 0 0 11
1 0 0 11
1 0 0 11
1 0 0 11
1 0 0 11
1 0 0 10
1 0 0 8
1 0 0 12
1 0 0 12
1 0 0 12
1 0 0 12
1 0 0 12
1 0 0 12
1 0 0 12
1 0 0 12
1 0 0 12
1 0 0 12
1 0 0 9
1 0 0 9
1 0 0 13
1 0 0 14
1 0 0 14
1 0 0 15
1 0 0 15
1 0 0 15
1 0 0 15
1 0 0 15
1 0 0 15
1 0 0 15
1 0 0 15
1 0 0 15
1 0 0 15
1 0 0 14
1 0 0 14
1 0 0 14
1 0 0 14
1 0 0 14
1 0 0 14
1 0 0 14
1 0 0 14
1 0 0 13
1 0 0 13
1 0 0 13
1 0 0 13
1 0 0 13
1 0 0 13
1 0 0 16
1 0 0 16
1 0 0 16
1 0 0 17
1 0 0 17
1 0 0 17
1 0 0 17
1 0 0 17
1 0 0 17
1 0 0 18
1 0 0 18
1 0 0 18
1 0 0 18
1 0 0 18
1 0 0 18
1 0 0 18
1 0 0 18
1 0 0 18
1 0 0 18
1 0 0 17
1 0 0 17
1 0 0 17
1 0 0 17
1 0 0 16
1 0 0 19
1 0 0 19
1 0 0 19
1 0 0 19
1 0 0 19
1 0 0 19
1 0 0 20
1 0 0 20
1 0 0 20
1 0 0 20
1 0 0 20
1 0 0 20
1 0 0 20
1 0 0 20
1 0 0 20
1 0 0 20
1 0 0 19
1 0 0 19
1 0 0 21
1 0 0 21
1 0 0 21
1 0 0 21
1 0 0 21
1 0 0 21
1 0 0 21
1 0 0 21
1 0 0 21
1 0 0 21
1 0 0 22
1 0 0 22
1 0 0 22
1 0 0 22
1 0 0 22
1 0 0 22
1 0 0 22
1 0 0 22
1 0 0 22
1 0 0 22
1 0 0 19
1 0 0 19
1 0 0 16
1 0 0 16
1 0 0 16
1 0 0 16
1 0 0 16
1 0 0 16
1 0 0 10
1 0 0 10
1 0 0 10
1 0 0 23
1 0 0 24
1 0 0 24
1 0 0 24
1 0 0 24
1 0 0 24
1 0 0 24
1 0 0 24
1 0 0 24
1 0 0 24
1 0 0 24
1 0 0 23
1 0 0 23
1 0 0 23
1 0 0 23
1 0 0 23
1 0 0 23
1 0 0 23
1 0 0 23
1 0 0 23
1 0 0 9
1 0 0 9
1 0 0 2
1 0 0 25
1 0 0 25
1 0 0 25
1 0 0 25
1 0 0 25
1 0 0 25
1 0 0 25
1 0 0 25
1 0 0 25
1 0 0 25
1 0 0 26
1 0 0 26
1 0 0 26
1 0 0 26
1 0 0 26
1 0 0 26
1 0 0 26
1 0 0 26
1 0 0 26
1 0 0 26
1 0 0 27
1 0 0 27
1 0 0 27
1 0 0 28
1 0 0 28
1 0 0 27
1 0 0 27
1 0 0 27
1 0 0 27
1 0 0 27
1 0 0 27
1 0 0 27
1 0 0 28
1 0 0 28
1 0 0 28
1 0 0 28
1 0 0 28
1 0 0 28
1 0 0 28
1 0 0 28
1 0 0 2
1 0 0 29
1 0 0 29
1 0 0 29
1 0 0 29
1 0 0 29
1 0 0 29
1 0 0 29
1 0 0 29
1 0 0 29
1 0 0 29
1 0 0 30
1 0 0 30
1 0 0 30
1 0 0 30
1 0 0 30
1 0 0 30
1 0 0 30
1 0 0 30
1 0 0 30
1 0 0 30
1 0 0 31
1 0 0 31
1 0 0 31
1 0 0 31
1 0 0 31
1 0 0 31
1 0 0 31
1 0 0 31
1 0 0 31
1 0 0 31
1 0 0 32
1 0 0 32
1 0 0 32
1 0 0 32
1 0 0 32
1 0 0 32
1 0 0 32
1 0 0 32
1 0 0 32
1 0 0 32
1 0 0 9
1 0 0 9
1 0 0 9
1 0 0 9
1 0 0 33
1 0 0 33
1 0 0 33
1 0 0 33
1 0 0 33
1 0 0 33
1 0 0 33
1 0 0 33
1 0 0 33
1 0 0 33
1 0 0 34
1 0 0 34
1 0 0 34
1 0 0 34
1 0 0 34
1 0 0 34
1 0 0 34
1 0 0 34
1 0 0 34
1 0 0 34
1 0 0 2
1 0 0 13
1 0 0 13
1 0 0 13
1 0 0 35
1 0 0 35
1 0 0 35
1 0 0 35
1 0 0 35
1 0 0 35
1 0 0 35
1 0 0 35
1 0 0 35
1 0 0 35
1 0 0 36
1 0 0 36
1 0 0 36
1 0 0 36
1 0 0 37
1 0 0 37
1 0 0 36
1 0 0 38
1 0 0 38
1 0 0 38
1 0 0 38
1 0 0 38
1 0 0 38
1 0 0 38
1 0 0 38
1 0 0 38
1 0 0 38
1 0 0 39
1 0 0 40
1 0 0 40
1 0 0 40
1 0 0 40
1 0 0 40
1 0 0 40
1 0 0 40
1 0 0 40
1 0 0 40
1 0 0 40
1 0 0 39
1 0 0 39
1 0 0 39
1 0 0 39
1 0 0 41
1 0 0 41
1 0 0 41
1 0 0 41
1 0 0 41
1 0 0 41
1 0 0 41
1 0 0 41
1 0 0 41
1 0 0 41
1 0 0 39
1 0 0 39
1 0 0 39
1 0 0 39
1 0 0 39
1 0 0 36
1 0 0 36
1 0 0 42
1 0 0 42
1 0 0 42
1 0 0 42
1 0 0 42
1 0 0 42
1 0 0 42
1 0 0 42
1 0 0 42
1 0 0 42
1 0 0 43
1 0 0 43
1 0 0 43
1 0 0 43
1 0 0 43
1 0 0 43
1 0 0 43
1 0 0 43
1 0 0 43
1 0 0 43
1 0 0 36
1 0 0 44
1 0 0 44
1 0 0 45
1 0 0 46
1 0 0 46
1 0 0 46
1 0 0 46
1 0 0 46
1 0 0 46
1 0 0 46
1 0 0 46
1 0 0 46
1 0 0 46
1 0 0 47
1 0 0 47
1 0 0 47
1 0 0 47
1 0 0 47
1 0 0 47
1 0 0 47
1 0 0 47
1 0 0 47
1 0 0 47
1 0 0 45
1 0 0 48
1 0 0 48
1 0 0 48
1 0 0 48
1 0 0 48
1 0 0 48
1 0 0 48
1 0 0 48
1 0 0 48
1 0 0 48
1 0 0 45
1 0 0 45
1 0 0 45
1 0 0 45
1 0 0 45
1 0 0 45
1 0 0 45
1 0 0 45
1 0 0 44
1 0 0 44
1 0 0 49
1 0 0 49
1 0 0 49
1 0 0 49
1 0 0 44
1 0 0 44
1 0 0 44
1 0 0 44
1 0 0 44
1 0 0 44
1 0 0 49
1 0 0 49
1 0 0 49
1 0 0 49
1 0 0 49
1 0 0 49
1 0 0 37
1 0 0 37
1 0 0 50
1 0 0 50
1 0 0 50
1 0 0 50
1 0 0 50
1 0 0 50
1 0 0 50
1 0 0 50
1 0 0 50
1 0 0 50
1 0 0 51
1 0 0 51
1 0 0 51
1 0 0 51
1 0 0 51
1 0 0 51
1 0 0 51
1 0 0 51
1 0 0 51
1 0 0 51
1 0 0 37
1 0 0 37
1 0 0 37
1 0 0 37
1 0 0 37
1 0 0 37
1 0 0 52
1 0 0 52
1 0 0 52
1 0 0 52
1 0 0 52
1 0 0 52
1 0 0 52
1 0 0 52
1 0 0 52
1 0 0 52
1 0 0 36
1 0 0 36
1 0 0 53
1 0 0 53
1 0 0 53
1 0 0 53
1 0 0 53
1 0 0 53
1 0 0 53
1 0 0 53
1 0 0 53
1 0 0 53
0.1 2 3 -1
0.1 1 531 -1
0.1 4 5 -1
0.1 532 533 -1
0.1 6 7 -1
0.1 535 8 -1
0.1 10 11 -1
0.1 9 537 -1
0.1 538 12 -1
0.1 536 539 -1
0.1 14 15 -1
0.1 16 17 -1
0.1 542 18 -1
0.1 541 543 -1
0.1 13 544 -1
0.1 540 545 -1
0.1 534 546 -1
0.1 21 22 -1
0.1 548 23 -1
0.1 20 549 -1
0.1 19 550 -1
0.1 547 551 -1
0.1 24 25 -1
0.1 552 553 -1
0.1 27 28 -1
0.1 26 555 -1
0.1 29 30 -1
0.1 557 31 -1
0.1 558 32 -1
0.1 34 35 -1
0.1 37 38 -1
0.1 36 561 -1
0.1 41 42 -1
0.1 40 563 -1
0.1 39 564 -1
0.1 562 565 -1
0.1 566 43 -1
0.1 560 567 -1
0.1 33 568 -1
0.1 45 46 -1
0.1 570 47 -1
0.1 571 48 -1
0.1 44 572 -1
0.1 50 51 -1
0.1 574 52 -1
0.1 575 53 -1
0.1 49 576 -1
0.1 573 577 -1
0.1 578 54 -1
0.1 569 579 -1
0.1 580 55 -1
0.1 559 581 -1
0.1 556 582 -1
0.1 57 58 -1
0.1 59 60 -1
0.1 585 61 -1
0.1 584 586 -1
0.1 62 63 -1
0.1 64 65 -1
0.1 588 589 -1
0.1 587 590 -1
0.1 56 591 -1
0.1 66 67 -1
0.1 592 593 -1
0.1 583 594 -1
0.1 554 595 -1
0.1 68 69 -1
0.1 70 71 -1
0.1 597 598 -1
0.1 72 73 -1
0.1 600 74 -1
0.1 75 76 -1
0.1 601 602 -1
0.1 599 603 -1
0.1 77 78 -1
0.1 604 605 -1
0.1 596 606 -1
0.1 82 83 -1
0.1 81 608 -1
0.1 80 609 -1
0.1 79 610 -1
0.1 87 88 -1
0.1 89 90 -1
0.1 612 613 -1
0.1 614 91 -1
0.1 86 615 -1
0.1 93 94 -1
0.1 92 617 -1
0.1 616 618 -1
0.1 85 619 -1
0.1 84 620 -1
0.1 621 95 -1
0.1 611 622 -1
0.1 98 99 -1
0.1 101 102 -1
0.1 625 103 -1
0.1 626 104 -1
0.1 100 627 -1
0.1 628 105 -1
0.1 629 106 -1
0.1 624 630 -1
0.1 97 631 -1
0.1 96 632 -1
0.1 623 633 -1
0.1 634 107 -1
0.1 635 108 -1
0.1 110 111 -1
0.1 113 114 -1
0.1 638 115 -1
0.1 112 639 -1
0.1 640 116 -1
0.1 641 117 -1
0.1 642 118 -1
0.1 120 121 -1
0.1 119 644 -1
0.1 643 645 -1
0.1 646 122 -1
0.1 647 123 -1
0.1 648 124 -1
0.1 637 649 -1
0.1 126 127 -1
0.1 651 128 -1
0.1 652 129 -1
0.1 125 653 -1
0.1 650 654 -1
0.1 655 130 -1
0.1 656 131 -1
0.1 657 132 -1
0.1 134 135 -1
0.1 133 659 -1
0.1 658 660 -1
0.1 109 661 -1
0.1 139 140 -1
0.1 141 142 -1
0.1 664 143 -1
0.1 663 665 -1
0.1 666 144 -1
0.1 145 146 -1
0.1 147 148 -1
0.1 668 669 -1
0.1 149 150 -1
0.1 671 151 -1
0.1 670 672 -1
0.1 153 154 -1
0.1 155 156 -1
0.1 157 158 -1
0.1 675 676 -1
0.1 674 677 -1
0.1 152 678 -1
0.1 673 679 -1
0.1 667 680 -1
0.1 138 681 -1
0.1 161 162 -1
0.1 160 683 -1
0.1 163 164 -1
0.1 167 168 -1
0.1 169 170 -1
0.1 686 687 -1
0.1 166 688 -1
0.1 172 173 -1
0.1 171 690 -1
0.1 174 175 -1
0.1 691 692 -1
0.1 689 693 -1
0.1 165 694 -1
0.1 695 176 -1
0.1 696 177 -1
0.1 685 697 -1
0.1 684 698 -1
0.1 179 180 -1
0.1 178 700 -1
0.1 181 182 -1
0.1 183 184 -1
0.1 702 703 -1
0.1 701 704 -1
0.1 186 187 -1
0.1 189 190 -1
0.1 707 191 -1
0.1 192 193 -1
0.1 708 709 -1
0.1 188 710 -1
0.1 196 197 -1
0.1 195 712 -1
0.1 194 713 -1
0.1 711 714 -1
0.1 706 715 -1
0.1 185 716 -1
0.1 705 717 -1
0.1 198 199 -1
0.1 718 719 -1
0.1 699 720 -1
0.1 200 201 -1
0.1 721 722 -1
0.1 159 723 -1
0.1 682 724 -1
0.1 137 725 -1
0.1 136 726 -1
0.1 204 205 -1
0.1 203 728 -1
0.1 202 729 -1
0.1 727 730 -1
0.1 662 731 -1
0.1 206 207 -1
0.1 733 208 -1
0.1 213 214 -1
0.1 212 735 -1
0.1 736 215 -1
0.1 211 737 -1
0.1 217 218 -1
0.1 216 739 -1
0.1 740 219 -1
0.1 738 741 -1
0.1 210 742 -1
0.1 220 221 -1
0.1 222 223 -1
0.1 225 226 -1
0.1 746 227 -1
0.1 224 747 -1
0.1 745 748 -1
0.1 749 228 -1
0.1 744 750 -1
0.1 743 751 -1
0.1 209 752 -1
0.1 753 229 -1
0.1 754 230 -1
0.1 234 235 -1
0.1 239 240 -1
0.1 238 757 -1
0.1 237 758 -1
0.1 236 759 -1
0.1 756 760 -1
0.1 761 241 -1
0.1 233 762 -1
0.1 232 763 -1
0.1 244 245 -1
0.1 243 765 -1
0.1 242 766 -1
0.1 246 247 -1
0.1 767 768 -1
0.1 250 251 -1
0.1 249 770 -1
0.1 248 771 -1
0.1 769 772 -1
0.1 764 773 -1
0.1 231 774 -1
0.1 255 256 -1
0.1 254 776 -1
0.1 258 259 -1
0.1 257 778 -1
0.1 260 261 -1
0.1 779 780 -1
0.1 781 262 -1
0.1 782 263 -1
0.1 777 783 -1
0.1 253 784 -1
0.1 264 265 -1
0.1 266 267 -1
0.1 786 787 -1
0.1 788 268 -1
0.1 269 270 -1
0.1 790 271 -1
0.1 789 791 -1
0.1 785 792 -1
0.1 252 793 -1
0.1 775 794 -1
0.1 273 274 -1
0.1 277 278 -1
0.1 279 280 -1
0.1 281 282 -1
0.1 798 799 -1
0.1 797 800 -1
0.1 276 801 -1
0.1 275 802 -1
0.1 796 803 -1
0.1 283 284 -1
0.1 285 286 -1
0.1 805 806 -1
0.1 287 288 -1
0.1 289 290 -1
0.1 291 292 -1
0.1 809 810 -1
0.1 808 811 -1
0.1 807 812 -1
0.1 804 813 -1
0.1 272 814 -1
0.1 293 294 -1
0.1 296 297 -1
0.1 295 817 -1
0.1 300 301 -1
0.1 819 302 -1
0.1 299 820 -1
0.1 298 821 -1
0.1 818 822 -1
0.1 816 823 -1
0.1 815 824 -1
0.1 306 307 -1
0.1 305 826 -1
0.1 304 827 -1
0.1 310 311 -1
0.1 829 312 -1
0.1 309 830 -1
0.1 308 831 -1
0.1 828 832 -1
0.1 303 833 -1
0.1 825 834 -1
0.1 795 835 -1
0.1 836 313 -1
0.1 315 316 -1
0.1 314 838 -1
0.1 837 839 -1
0.1 755 840 -1
0.1 734 841 -1
0.1 732 842 -1
0.1 636 843 -1
0.1 317 318 -1
0.1 845 319 -1
0.1 846 320 -1
0.1 325 326 -1
0.1 324 848 -1
0.1 323 849 -1
0.1 322 850 -1
0.1 321 851 -1
0.1 847 852 -1
0.1 329 330 -1
0.1 328 854 -1
0.1 327 855 -1
0.1 334 335 -1
0.1 857 336 -1
0.1 333 858 -1
0.1 332 859 -1
0.1 331 860 -1
0.1 856 861 -1
0.1 862 337 -1
0.1 853 863 -1
0.1 338 339 -1
0.1 865 340 -1
0.1 864 866 -1
0.1 341 342 -1
0.1 868 343 -1
0.1 344 345 -1
0.1 349 350 -1
0.1 348 871 -1
0.1 347 872 -1
0.1 346 873 -1
0.1 870 874 -1
0.1 869 875 -1
0.1 867 876 -1
0.1 844 877 -1
0.1 607 878 -1
0.1 352 353 -1
0.1 880 354 -1
0.1 355 356 -1
0.1 358 359 -1
0.1 360 361 -1
0.1 883 884 -1
0.1 362 363 -1
0.1 886 364 -1
0.1 366 367 -1
0.1 365 888 -1
0.1 887 889 -1
0.1 885 890 -1
0.1 369 370 -1
0.1 373 374 -1
0.1 372 893 -1
0.1 371 894 -1
0.1 895 375 -1
0.1 376 377 -1
0.1 897 378 -1
0.1 896 898 -1
0.1 892 899 -1
0.1 368 900 -1
0.1 381 382 -1
0.1 380 902 -1
0.1 379 903 -1
0.1 383 384 -1
0.1 385 386 -1
0.1 387 388 -1
0.1 906 907 -1
0.1 905 908 -1
0.1 909 389 -1
0.1 904 910 -1
0.1 391 392 -1
0.1 390 912 -1
0.1 395 396 -1
0.1 394 914 -1
0.1 393 915 -1
0.1 916 397 -1
0.1 913 917 -1
0.1 911 918 -1
0.1 901 919 -1
0.1 891 920 -1
0.1 357 921 -1
0.1 398 399 -1
0.1 402 403 -1
0.1 401 924 -1
0.1 404 405 -1
0.1 407 408 -1
0.1 406 927 -1
0.1 928 409 -1
0.1 926 929 -1
0.1 925 930 -1
0.1 400 931 -1
0.1 411 412 -1
0.1 410 933 -1
0.1 934 413 -1
0.1 935 414 -1
0.1 416 417 -1
0.1 937 418 -1
0.1 415 938 -1
0.1 939 419 -1
0.1 936 940 -1
0.1 932 941 -1
0.1 923 942 -1
0.1 421 422 -1
0.1 425 426 -1
0.1 424 945 -1
0.1 428 429 -1
0.1 427 947 -1
0.1 946 948 -1
0.1 431 432 -1
0.1 430 950 -1
0.1 951 433 -1
0.1 949 952 -1
0.1 434 435 -1
0.1 436 437 -1
0.1 438 439 -1
0.1 955 956 -1
0.1 954 957 -1
0.1 441 442 -1
0.1 440 959 -1
0.1 960 443 -1
0.1 958 961 -1
0.1 445 446 -1
0.1 447 448 -1
0.1 963 964 -1
0.1 965 449 -1
0.1 450 451 -1
0.1 452 453 -1
0.1 968 454 -1
0.1 967 969 -1
0.1 966 970 -1
0.1 456 457 -1
0.1 972 458 -1
0.1 455 973 -1
0.1 971 974 -1
0.1 459 460 -1
0.1 461 462 -1
0.1 976 977 -1
0.1 975 978 -1
0.1 444 979 -1
0.1 962 980 -1
0.1 953 981 -1
0.1 423 982 -1
0.1 463 464 -1
0.1 983 984 -1
0.1 944 985 -1
0.1 466 467 -1
0.1 465 987 -1
0.1 986 988 -1
0.1 989 468 -1
0.1 470 471 -1
0.1 472 473 -1
0.1 991 992 -1
0.1 993 474 -1
0.1 469 994 -1
0.1 475 476 -1
0.1 477 478 -1
0.1 996 997 -1
0.1 995 998 -1
0.1 990 999 -1
0.1 479 480 -1
0.1 1000 1001 -1
0.1 420 1002 -1
0.1 943 1003 -1
0.1 922 1004 -1
0.1 484 485 -1
0.1 483 1006 -1
0.1 486 487 -1
0.1 1008 488 -1
0.1 489 490 -1
0.1 1010 491 -1
0.1 1009 1011 -1
0.1 1007 1012 -1
0.1 1013 492 -1
0.1 496 497 -1
0.1 495 1015 -1
0.1 1016 498 -1
0.1 500 501 -1
0.1 499 1018 -1
0.1 1017 1019 -1
0.1 1020 502 -1
0.1 494 1021 -1
0.1 493 1022 -1
0.1 1014 1023 -1
0.1 482 1024 -1
0.1 503 504 -1
0.1 1025 1026 -1
0.1 1027 505 -1
0.1 481 1028 -1
0.1 1005 1029 -1
0.1 1030 506 -1
0.1 1031 507 -1
0.1 1032 508 -1
0.1 882 1033 -1
0.1 511 512 -1
0.1 510 1035 -1
0.1 509 1036 -1
0.1 514 515 -1
0.1 513 1038 -1
0.1 1037 1039 -1
0.1 516 517 -1
0.1 1041 518 -1
0.1 1040 1042 -1
0.1 1034 1043 -1
0.1 519 520 -1
0.1 522 523 -1
0.1 524 525 -1
0.1 526 527 -1
0.1 1047 1048 -1
0.1 1046 1049 -1
0.1 521 1050 -1
0.1 1045 1051 -1
0.1 529 530 -1
0.1 528 1053 -1
0.1 1052 1054 -1
0.1 1044 1055 -1
0.1 881 1056 -1
0.1 351 1057 -1
0.1 879 1058 -1
