1 0 0 1
1 0 0 1
1 0 0 1
1 0 0 1
1 0 0 1
1 0 0 1
1 0 0 1
1 0 0 1
1 0 0 1
1 0 0 1
1 0 0 1
1 0 0 1
1 0 0 1
1 0 0 1
1 0 0 1
1 0 0 1
1 0 0 1
1 0 0 1
1 0 0 1
1 0 0 1
1 0 0 2
1 0 0 2
1 0 0 2
1 0 0 2
1 0 0 2
1 0 0 2
1 0 0 2
1 0 0 3
1 0 0 3
1 0 0 3
1 0 0 3
1 0 0 3
1 0 0 3
1 0 0 3
1 0 0 3
1 0 0 3
1 0 0 3
1 0 0 3
1 0 0 3
1 0 0 3
1 0 0 3
1 0 0 3
1 0 0 3
1 0 0 3
1 0 0 3
1 0 0 3
1 0 0 3
1 0 0 4
1 0 0 4
1 0 0 4
1 0 0 4
1 0 0 4
1 0 0 4
1 0 0 4
1 0 0 4
1 0 0 4
1 0 0 4
1 0 0 4
1 0 0 4
1 0 0 4
1 0 0 4
1 0 0 4
1 0 0 4
1 0 0 4
1 0 0 4
1 0 0 4
1 0 0 4
1 0 0 2
1 0 0 2
1 0 0 2
1 0 0 2
1 0 0 5
1 0 0 5
1 0 0 5
1 0 0 5
1 0 0 5
1 0 0 5
1 0 0 5
1 0 0 5
1 0 0 5
1 0 0 5
1 0 0 5
1 0 0 5
1 0 0 5
1 0 0 5
1 0 0 5
1 0 0 5
1 0 0 5
1 0 0 5
1 0 0 5
1 0 0 5
1 0 0 2
1 0 0 2
1 0 0 6
1 0 0 6
1 0 0 2
1 0 0 2
1 0 0 2
1 0 0 7
1 0 0 7
1 0 0 7
1 0 0 7
1 0 0 7
1 0 0 7
1 0 0 7
1 0 0 7
1 0 0 7
1 0 0 7
1 0 0 7
1 0 0 7
1 0 0 7
1 0 0 7
1 0 0 7
1 0 0 8
1 0 0 8
1 0 0 8
1 0 0 8
1 0 0 8
1 0 0 8
1 0 0 8
1 0 0 8
1 0 0 8
1 0 0 8
1 0 0 8
1 0 0 8
1 0 0 8
1 0 0 8
1 0 0 8
1 0 0 8
1 0 0 8
1 0 0 8
1 0 0 8
1 0 0 8
1 0 0 7
1 0 0 7
1 0 0 7
1 0 0 7
1 0 0 7
1 0 0 2
1 0 0 2
1 0 0 2
1 0 0 2
1 0 0 6
1 0 0 9
1 0 0 9
1 0 0 9
1 0 0 9
1 0 0 9
1 0 0 9
1 0 0 9
1 0 0 9
1 0 0 9
1 0 0 9
1 0 0 9
1 0 0 9
1 0 0 9
1 0 0 9
1 0 0 9
1 0 0 9
1 0 0 9
1 0 0 9
1 0 0 9
1 0 0 9
1 0 0 6
1 0 0 6
1 0 0 6
1 0 0 6
1 0 0 6
1 0 0 6
1 0 0 10
1 0 0 10
1 0 0 10
1 0 0 10
1 0 0 10
1 0 0 10
1 0 0 10
1 0 0 10
1 0 0 10
1 0 0 10
1 0 0 10
1 0 0 10
1 0 0 10
1 0 0 10
1 0 0 10
1 0 0 10
1 0 0 10
1 0 0 10
1 0 0 10
1 0 0 10
1 0 0 11
1 0 0 11
1 0 0 11
1 0 0 11
1 0 0 11
1 0 0 11
1 0 0 11
1 0 0 11
1 0 0 11
1 0 0 11
1 0 0 11
1 0 0 11
1 0 0 11
1 0 0 11
1 0 0 11
1 0 0 11
1 0 0 11
1 0 0 11
1 0 0 11
1 0 0 11
1 0 0 6
1 0 0 6
1 0 0 6
1 0 0 6
1 0 0 6
1 0 0 6
1 0 0 6
1 0 0 6
1 0 0 6
1 0 0 6
1 0 0 12
1 0 0 12
1 0 0 6
1 0 0 12
1 0 0 12
1 0 0 12
1 0 0 12
1 0 0 12
1 0 0 12
1 0 0 12
1 0 0 12
1 0 0 12
1 0 0 12
1 0 0 12
1 0 0 12
1 0 0 12
1 0 0 12
1 0 0 12
1 0 0 12
1 0 0 12
1 0 0 12
1 0 0 13
1 0 0 13
1 0 0 13
1 0 0 13
1 0 0 13
1 0 0 13
1 0 0 13
1 0 0 13
1 0 0 13
1 0 0 13
1 0 0 13
1 0 0 13
1 0 0 13
1 0 0 13
1 0 0 13
1 0 0 13
1 0 0 13
1 0 0 13
1 0 0 13
1 0 0 13
1 0 0 14
1 0 0 14
1 0 0 14
1 0 0 14
1 0 0 14
1 0 0 14
1 0 0 14
1 0 0 14
1 0 0 14
1 0 0 14
1 0 0 14
1 0 0 14
1 0 0 14
1 0 0 14
1 0 0 14
1 0 0 14
1 0 0 14
1 0 0 14
1 0 0 14
1 0 0 14
1 0 0 15
1 0 0 15
1 0 0 15
1 0 0 15
1 0 0 15
1 0 0 15
1 0 0 16
1 0 0 16
1 0 0 16
1 0 0 16
1 0 0 16
1 0 0 16
1 0 0 16
1 0 0 16
1 0 0 16
1 0 0 16
1 0 0 16
1 0 0 16
1 0 0 16
1 0 0 16
1 0 0 16
1 0 0 16
1 0 0 16
1 0 0 16
1 0 0 16
1 0 0 16
1 0 0 17
1 0 0 17
1 0 0 17
1 0 0 17
1 0 0 17
1 0 0 17
1 0 0 17
1 0 0 17
1 0 0 17
1 0 0 17
1 0 0 17
1 0 0 17
1 0 0 17
1 0 0 17
1 0 0 17
1 0 0 17
1 0 0 17
1 0 0 17
1 0 0 17
1 0 0 17
1 0 0 18
1 0 0 18
1 0 0 18
1 0 0 18
1 0 0 18
1 0 0 18
1 0 0 18
1 0 0 18
1 0 0 18
1 0 0 18
1 0 0 18
1 0 0 18
1 0 0 18
1 0 0 18
1 0 0 18
1 0 0 18
1 0 0 18
1 0 0 18
1 0 0 18
1 0 0 19
1 0 0 19
1 0 0 19
1 0 0 19
1 0 0 19
1 0 0 19
1 0 0 19
1 0 0 19
1 0 0 19
1 0 0 19
1 0 0 19
1 0 0 19
1 0 0 19
1 0 0 19
1 0 0 19
1 0 0 19
1 0 0 19
1 0 0 19
1 0 0 19
1 0 0 19
1 0 0 18
1 0 0 20
1 0 0 20
1 0 0 20
1 0 0 20
1 0 0 20
1 0 0 20
1 0 0 20
1 0 0 20
1 0 0 20
1 0 0 20
1 0 0 20
1 0 0 20
1 0 0 20
1 0 0 20
1 0 0 20
1 0 0 20
1 0 0 20
1 0 0 20
1 0 0 20
1 0 0 20
1 0 0 15
1 0 0 15
1 0 0 15
1 0 0 15
1 0 0 15
1 0 0 15
1 0 0 15
1 0 0 15
1 0 0 15
1 0 0 15
1 0 0 15
1 0 0 15
1 0 0 15
1 0 0 15
1 0 0 21
1 0 0 21
1 0 0 22
1 0 0 22
1 0 0 22
1 0 0 22
1 0 0 22
1 0 0 22
1 0 0 22
1 0 0 22
1 0 0 22
1 0 0 22
1 0 0 22
1 0 0 22
1 0 0 22
1 0 0 22
1 0 0 22
1 0 0 22
1 0 0 22
1 0 0 22
1 0 0 22
1 0 0 22
1 0 0 21
1 0 0 21
1 0 0 21
1 0 0 21
1 0 0 21
1 0 0 21
1 0 0 21
1 0 0 21
1 0 0 23
1 0 0 23
1 0 0 23
1 0 0 23
1 0 0 23
1 0 0 23
1 0 0 23
1 0 0 23
1 0 0 23
1 0 0 23
1 0 0 23
1 0 0 23
1 0 0 23
1 0 0 23
1 0 0 23
1 0 0 23
1 0 0 23
1 0 0 23
1 0 0 23
1 0 0 23
1 0 0 21
1 0 0 21
1 0 0 24
1 0 0 24
1 0 0 24
1 0 0 24
1 0 0 24
1 0 0 24
1 0 0 24
1 0 0 24
1 0 0 24
1 0 0 24
1 0 0 24
1 0 0 24
1 0 0 24
1 0 0 24
1 0 0 24
1 0 0 24
1 0 0 24
1 0 0 24
1 0 0 24
1 0 0 24
1 0 0 25
1 0 0 25
1 0 0 25
1 0 0 25
1 0 0 25
1 0 0 25
1 0 0 25
1 0 0 25
1 0 0 25
1 0 0 25
1 0 0 25
1 0 0 25
1 0 0 25
1 0 0 25
1 0 0 26
1 0 0 26
1 0 0 26
1 0 0 26
1 0 0 21
1 0 0 21
1 0 0 26
1 0 0 26
1 0 0 26
1 0 0 26
1 0 0 26
1 0 0 26
1 0 0 26
1 0 0 26
1 0 0 26
1 0 0 26
1 0 0 26
1 0 0 26
1 0 0 26
1 0 0 26
1 0 0 26
1 0 0 26
1 0 0 25
1 0 0 25
1 0 0 25
1 0 0 25
1 0 0 27
1 0 0 27
1 0 0 27
1 0 0 27
1 0 0 27
1 0 0 27
1 0 0 27
1 0 0 27
1 0 0 27
1 0 0 27
1 0 0 27
1 0 0 27
1 0 0 27
1 0 0 27
1 0 0 27
1 0 0 27
1 0 0 27
1 0 0 27
1 0 0 27
1 0 0 27
1 0 0 25
1 0 0 25
1 0 0 21
1 0 0 21
1 0 0 21
1 0 0 21
1 0 0 21
1 0 0 28
1 0 0 29
1 0 0 29
1 0 0 29
1 0 0 29
1 0 0 29
1 0 0 29
1 0 0 29
1 0 0 29
1 0 0 29
1 0 0 29
1 0 0 29
1 0 0 29
1 0 0 30
1 0 0 30
1 0 0 30
1 0 0 30
1 0 0 30
1 0 0 30
1 0 0 30
1 0 0 30
1 0 0 30
1 0 0 30
1 0 0 30
1 0 0 30
1 0 0 30
1 0 0 30
1 0 0 30
1 0 0 30
1 0 0 30
1 0 0 30
1 0 0 30
1 0 0 30
1 0 0 31
1 0 0 31
1 0 0 31
1 0 0 31
1 0 0 31
1 0 0 31
1 0 0 31
1 0 0 31
1 0 0 31
1 0 0 31
1 0 0 31
1 0 0 31
1 0 0 31
1 0 0 31
1 0 0 31
1 0 0 31
1 0 0 31
1 0 0 31
1 0 0 31
1 0 0 31
1 0 0 29
1 0 0 29
1 0 0 29
1 0 0 29
1 0 0 29
1 0 0 29
1 0 0 29
1 0 0 29
1 0 0 32
1 0 0 32
1 0 0 32
1 0 0 32
1 0 0 32
1 0 0 32
1 0 0 32
1 0 0 32
1 0 0 32
1 0 0 32
1 0 0 32
1 0 0 32
1 0 0 32
1 0 0 32
1 0 0 32
1 0 0 32
1 0 0 32
1 0 0 32
1 0 0 32
1 0 0 32
1 0 0 28
1 0 0 28
1 0 0 28
1 0 0 28
1 0 0 28
1 0 0 28
1 0 0 28
1 0 0 28
1 0 0 28
1 0 0 28
1 0 0 28
1 0 0 28
1 0 0 28
1 0 0 28
1 0 0 28
1 0 0 28
1 0 0 28
1 0 0 28
1 0 0 28
1 0 0 21
0.1 1 2 -1
0.1 4 5 -1
0.1 6 7 -1
0.1 642 643 -1
0.1 3 644 -1
0.1 8 9 -1
0.1 10 11 -1
0.1 646 647 -1
0.1 12 13 -1
0.1 14 15 -1
0.1 16 17 -1
0.1 18 19 -1
0.1 651 652 -1
0.1 653 20 -1
0.1 650 654 -1
0.1 649 655 -1
0.1 648 656 -1
0.1 645 657 -1
0.1 641 658 -1
0.1 22 23 -1
0.1 21 660 -1
0.1 26 27 -1
0.1 32 33 -1
0.1 31 663 -1
0.1 30 664 -1
0.1 34 35 -1
0.1 37 38 -1
0.1 36 667 -1
0.1 666 668 -1
0.1 665 669 -1
0.1 41 42 -1
0.1 40 671 -1
0.1 39 672 -1
0.1 43 44 -1
0.1 673 674 -1
0.1 46 47 -1
0.1 45 676 -1
0.1 675 677 -1
0.1 670 678 -1
0.1 29 679 -1
0.1 28 680 -1
0.1 49 50 -1
0.1 682 51 -1
0.1 53 54 -1
0.1 52 684 -1
0.1 55 56 -1
0.1 685 686 -1
0.1 57 58 -1
0.1 687 688 -1
0.1 689 59 -1
0.1 683 690 -1
0.1 48 691 -1
0.1 61 62 -1
0.1 63 64 -1
0.1 693 694 -1
0.1 66 67 -1
0.1 65 696 -1
0.1 695 697 -1
0.1 60 698 -1
0.1 692 699 -1
0.1 700 68 -1
0.1 681 701 -1
0.1 662 702 -1
0.1 25 703 -1
0.1 704 69 -1
0.1 24 705 -1
0.1 661 706 -1
0.1 73 74 -1
0.1 75 76 -1
0.1 77 78 -1
0.1 709 710 -1
0.1 708 711 -1
0.1 72 712 -1
0.1 79 80 -1
0.1 84 85 -1
0.1 83 715 -1
0.1 82 716 -1
0.1 81 717 -1
0.1 86 87 -1
0.1 718 719 -1
0.1 89 90 -1
0.1 721 91 -1
0.1 88 722 -1
0.1 720 723 -1
0.1 714 724 -1
0.1 713 725 -1
0.1 726 92 -1
0.1 727 93 -1
0.1 71 728 -1
0.1 70 729 -1
0.1 707 730 -1
0.1 94 95 -1
0.1 96 97 -1
0.1 733 98 -1
0.1 102 103 -1
0.1 101 735 -1
0.1 100 736 -1
0.1 106 107 -1
0.1 105 738 -1
0.1 108 109 -1
0.1 740 110 -1
0.1 111 112 -1
0.1 117 118 -1
0.1 116 743 -1
0.1 119 120 -1
0.1 744 745 -1
0.1 115 746 -1
0.1 114 747 -1
0.1 121 122 -1
0.1 123 124 -1
0.1 750 125 -1
0.1 126 127 -1
0.1 128 129 -1
0.1 752 753 -1
0.1 751 754 -1
0.1 132 133 -1
0.1 131 756 -1
0.1 130 757 -1
0.1 755 758 -1
0.1 749 759 -1
0.1 748 760 -1
0.1 113 761 -1
0.1 742 762 -1
0.1 741 763 -1
0.1 739 764 -1
0.1 104 765 -1
0.1 737 766 -1
0.1 99 767 -1
0.1 135 136 -1
0.1 134 769 -1
0.1 137 138 -1
0.1 770 771 -1
0.1 768 772 -1
0.1 139 140 -1
0.1 773 774 -1
0.1 734 775 -1
0.1 141 142 -1
0.1 145 146 -1
0.1 144 778 -1
0.1 149 150 -1
0.1 780 151 -1
0.1 148 781 -1
0.1 782 152 -1
0.1 147 783 -1
0.1 154 155 -1
0.1 153 785 -1
0.1 158 159 -1
0.1 157 787 -1
0.1 162 163 -1
0.1 161 789 -1
0.1 160 790 -1
0.1 788 791 -1
0.1 156 792 -1
0.1 786 793 -1
0.1 784 794 -1
0.1 779 795 -1
0.1 143 796 -1
0.1 166 167 -1
0.1 165 798 -1
0.1 164 799 -1
0.1 168 169 -1
0.1 800 801 -1
0.1 797 802 -1
0.1 174 175 -1
0.1 173 804 -1
0.1 172 805 -1
0.1 806 176 -1
0.1 171 807 -1
0.1 178 179 -1
0.1 177 809 -1
0.1 182 183 -1
0.1 181 811 -1
0.1 180 812 -1
0.1 813 184 -1
0.1 810 814 -1
0.1 808 815 -1
0.1 170 816 -1
0.1 185 186 -1
0.1 188 189 -1
0.1 187 819 -1
0.1 818 820 -1
0.1 817 821 -1
0.1 190 191 -1
0.1 194 195 -1
0.1 193 824 -1
0.1 197 198 -1
0.1 826 199 -1
0.1 196 827 -1
0.1 825 828 -1
0.1 192 829 -1
0.1 203 204 -1
0.1 207 208 -1
0.1 206 832 -1
0.1 205 833 -1
0.1 831 834 -1
0.1 202 835 -1
0.1 201 836 -1
0.1 837 209 -1
0.1 200 838 -1
0.1 830 839 -1
0.1 823 840 -1
0.1 822 841 -1
0.1 803 842 -1
0.1 216 217 -1
0.1 215 844 -1
0.1 214 845 -1
0.1 213 846 -1
0.1 212 847 -1
0.1 218 219 -1
0.1 848 849 -1
0.1 211 850 -1
0.1 220 221 -1
0.1 225 226 -1
0.1 224 853 -1
0.1 227 228 -1
0.1 854 855 -1
0.1 223 856 -1
0.1 229 230 -1
0.1 232 233 -1
0.1 231 859 -1
0.1 858 860 -1
0.1 235 236 -1
0.1 862 237 -1
0.1 234 863 -1
0.1 861 864 -1
0.1 239 240 -1
0.1 238 866 -1
0.1 865 867 -1
0.1 857 868 -1
0.1 222 869 -1
0.1 852 870 -1
0.1 851 871 -1
0.1 210 872 -1
0.1 843 873 -1
0.1 777 874 -1
0.1 776 875 -1
0.1 732 876 -1
0.1 731 877 -1
0.1 241 242 -1
0.1 243 244 -1
0.1 245 246 -1
0.1 880 881 -1
0.1 879 882 -1
0.1 247 248 -1
0.1 883 884 -1
0.1 885 249 -1
0.1 251 252 -1
0.1 887 253 -1
0.1 250 888 -1
0.1 254 255 -1
0.1 890 256 -1
0.1 889 891 -1
0.1 258 259 -1
0.1 257 893 -1
0.1 894 260 -1
0.1 892 895 -1
0.1 886 896 -1
0.1 878 897 -1
0.1 659 898 -1
0.1 263 264 -1
0.1 262 900 -1
0.1 901 265 -1
0.1 261 902 -1
0.1 267 268 -1
0.1 266 904 -1
0.1 269 270 -1
0.1 905 906 -1
0.1 272 273 -1
0.1 274 275 -1
0.1 908 909 -1
0.1 277 278 -1
0.1 276 911 -1
0.1 910 912 -1
0.1 913 279 -1
0.1 914 280 -1
0.1 271 915 -1
0.1 907 916 -1
0.1 903 917 -1
0.1 899 918 -1
0.1 919 281 -1
0.1 282 283 -1
0.1 920 921 -1
0.1 288 289 -1
0.1 290 291 -1
0.1 293 294 -1
0.1 292 925 -1
0.1 924 926 -1
0.1 295 296 -1
0.1 928 297 -1
0.1 927 929 -1
0.1 923 930 -1
0.1 287 931 -1
0.1 299 300 -1
0.1 298 933 -1
0.1 301 302 -1
0.1 304 305 -1
0.1 936 306 -1
0.1 303 937 -1
0.1 935 938 -1
0.1 934 939 -1
0.1 932 940 -1
0.1 309 310 -1
0.1 308 942 -1
0.1 307 943 -1
0.1 312 313 -1
0.1 945 314 -1
0.1 311 946 -1
0.1 947 315 -1
0.1 944 948 -1
0.1 317 318 -1
0.1 319 320 -1
0.1 950 951 -1
0.1 322 323 -1
0.1 321 953 -1
0.1 325 326 -1
0.1 324 955 -1
0.1 954 956 -1
0.1 952 957 -1
0.1 316 958 -1
0.1 949 959 -1
0.1 941 960 -1
0.1 328 329 -1
0.1 332 333 -1
0.1 331 963 -1
0.1 330 964 -1
0.1 962 965 -1
0.1 327 966 -1
0.1 334 335 -1
0.1 337 338 -1
0.1 969 339 -1
0.1 336 970 -1
0.1 968 971 -1
0.1 340 341 -1
0.1 972 973 -1
0.1 342 343 -1
0.1 974 975 -1
0.1 967 976 -1
0.1 346 347 -1
0.1 348 349 -1
0.1 352 353 -1
0.1 351 980 -1
0.1 354 355 -1
0.1 981 982 -1
0.1 350 983 -1
0.1 979 984 -1
0.1 978 985 -1
0.1 357 358 -1
0.1 359 360 -1
0.1 988 361 -1
0.1 987 989 -1
0.1 990 362 -1
0.1 991 363 -1
0.1 356 992 -1
0.1 364 365 -1
0.1 993 994 -1
0.1 986 995 -1
0.1 996 366 -1
0.1 345 997 -1
0.1 367 368 -1
0.1 369 370 -1
0.1 371 372 -1
0.1 1000 1001 -1
0.1 999 1002 -1
0.1 373 374 -1
0.1 375 376 -1
0.1 1004 1005 -1
0.1 377 378 -1
0.1 380 381 -1
0.1 383 384 -1
0.1 382 1009 -1
0.1 1008 1010 -1
0.1 379 1011 -1
0.1 1007 1012 -1
0.1 385 386 -1
0.1 1013 1014 -1
0.1 1006 1015 -1
0.1 1003 1016 -1
0.1 998 1017 -1
0.1 344 1018 -1
0.1 977 1019 -1
0.1 961 1020 -1
0.1 1021 387 -1
0.1 388 389 -1
0.1 1022 1023 -1
0.1 1024 390 -1
0.1 286 1025 -1
0.1 285 1026 -1
0.1 395 396 -1
0.1 394 1028 -1
0.1 393 1029 -1
0.1 392 1030 -1
0.1 398 399 -1
0.1 397 1032 -1
0.1 1031 1033 -1
0.1 391 1034 -1
0.1 1035 400 -1
0.1 1027 1036 -1
0.1 284 1037 -1
0.1 406 407 -1
0.1 408 409 -1
0.1 1039 1040 -1
0.1 1041 410 -1
0.1 405 1042 -1
0.1 412 413 -1
0.1 1044 414 -1
0.1 411 1045 -1
0.1 1046 415 -1
0.1 416 417 -1
0.1 418 419 -1
0.1 1048 1049 -1
0.1 1047 1050 -1
0.1 1043 1051 -1
0.1 404 1052 -1
0.1 421 422 -1
0.1 420 1054 -1
0.1 1053 1055 -1
0.1 403 1056 -1
0.1 402 1057 -1
0.1 401 1058 -1
0.1 423 424 -1
0.1 426 427 -1
0.1 428 429 -1
0.1 1061 1062 -1
0.1 425 1063 -1
0.1 1060 1064 -1
0.1 1059 1065 -1
0.1 432 433 -1
0.1 431 1067 -1
0.1 1068 434 -1
0.1 436 437 -1
0.1 435 1070 -1
0.1 439 440 -1
0.1 438 1072 -1
0.1 442 443 -1
0.1 441 1074 -1
0.1 444 445 -1
0.1 1075 1076 -1
0.1 446 447 -1
0.1 448 449 -1
0.1 1078 1079 -1
0.1 1080 450 -1
0.1 1077 1081 -1
0.1 1073 1082 -1
0.1 1071 1083 -1
0.1 1069 1084 -1
0.1 451 452 -1
0.1 1085 1086 -1
0.1 430 1087 -1
0.1 1066 1088 -1
0.1 454 455 -1
0.1 453 1090 -1
0.1 456 457 -1
0.1 1091 1092 -1
0.1 458 459 -1
0.1 1093 1094 -1
0.1 462 463 -1
0.1 461 1096 -1
0.1 460 1097 -1
0.1 464 465 -1
0.1 1098 1099 -1
0.1 1095 1100 -1
0.1 467 468 -1
0.1 1102 469 -1
0.1 466 1103 -1
0.1 470 471 -1
0.1 1104 1105 -1
0.1 1106 472 -1
0.1 476 477 -1
0.1 475 1108 -1
0.1 1109 478 -1
0.1 480 481 -1
0.1 479 1111 -1
0.1 1110 1112 -1
0.1 474 1113 -1
0.1 473 1114 -1
0.1 482 483 -1
0.1 485 486 -1
0.1 484 1117 -1
0.1 1116 1118 -1
0.1 487 488 -1
0.1 489 490 -1
0.1 491 492 -1
0.1 1122 493 -1
0.1 1123 494 -1
0.1 1121 1124 -1
0.1 1120 1125 -1
0.1 495 496 -1
0.1 497 498 -1
0.1 1127 1128 -1
0.1 500 501 -1
0.1 499 1130 -1
0.1 505 506 -1
0.1 504 1132 -1
0.1 503 1133 -1
0.1 507 508 -1
0.1 1134 1135 -1
0.1 502 1136 -1
0.1 1131 1137 -1
0.1 1129 1138 -1
0.1 1126 1139 -1
0.1 1140 509 -1
0.1 510 511 -1
0.1 1142 512 -1
0.1 1141 1143 -1
0.1 515 516 -1
0.1 514 1145 -1
0.1 517 518 -1
0.1 1147 519 -1
0.1 520 521 -1
0.1 1149 522 -1
0.1 1148 1150 -1
0.1 523 524 -1
0.1 525 526 -1
0.1 1152 1153 -1
0.1 1151 1154 -1
0.1 1146 1155 -1
0.1 528 529 -1
0.1 527 1157 -1
0.1 1156 1158 -1
0.1 513 1159 -1
0.1 531 532 -1
0.1 530 1161 -1
0.1 1160 1162 -1
0.1 1163 533 -1
0.1 1164 534 -1
0.1 1144 1165 -1
0.1 1119 1166 -1
0.1 1115 1167 -1
0.1 1107 1168 -1
0.1 1101 1169 -1
0.1 1089 1170 -1
0.1 1171 535 -1
0.1 536 537 -1
0.1 1172 1173 -1
0.1 541 542 -1
0.1 543 544 -1
0.1 546 547 -1
0.1 545 1177 -1
0.1 548 549 -1
0.1 1179 550 -1
0.1 1180 551 -1
0.1 1178 1181 -1
0.1 1176 1182 -1
0.1 1175 1183 -1
0.1 553 554 -1
0.1 558 559 -1
0.1 557 1186 -1
0.1 556 1187 -1
0.1 555 1188 -1
0.1 562 563 -1
0.1 1190 564 -1
0.1 561 1191 -1
0.1 1192 565 -1
0.1 560 1193 -1
0.1 566 567 -1
0.1 1195 568 -1
0.1 1194 1196 -1
0.1 1189 1197 -1
0.1 1185 1198 -1
0.1 571 572 -1
0.1 570 1200 -1
0.1 569 1201 -1
0.1 1199 1202 -1
0.1 575 576 -1
0.1 574 1204 -1
0.1 1205 577 -1
0.1 573 1206 -1
0.1 579 580 -1
0.1 578 1208 -1
0.1 1207 1209 -1
0.1 581 582 -1
0.1 584 585 -1
0.1 583 1212 -1
0.1 1211 1213 -1
0.1 588 589 -1
0.1 587 1215 -1
0.1 586 1216 -1
0.1 591 592 -1
0.1 590 1218 -1
0.1 1217 1219 -1
0.1 1214 1220 -1
0.1 1210 1221 -1
0.1 1203 1222 -1
0.1 552 1223 -1
0.1 594 595 -1
0.1 1225 596 -1
0.1 598 599 -1
0.1 597 1227 -1
0.1 1228 600 -1
0.1 1226 1229 -1
0.1 593 1230 -1
0.1 1224 1231 -1
0.1 601 602 -1
0.1 603 604 -1
0.1 605 606 -1
0.1 1235 607 -1
0.1 1234 1236 -1
0.1 608 609 -1
0.1 612 613 -1
0.1 611 1239 -1
0.1 610 1240 -1
0.1 1238 1241 -1
0.1 1242 614 -1
0.1 1237 1243 -1
0.1 617 618 -1
0.1 619 620 -1
0.1 1245 1246 -1
0.1 616 1247 -1
0.1 615 1248 -1
0.1 1244 1249 -1
0.1 1233 1250 -1
0.1 1232 1251 -1
0.1 1184 1252 -1
0.1 623 624 -1
0.1 1254 625 -1
0.1 622 1255 -1
0.1 621 1256 -1
0.1 1253 1257 -1
0.1 540 1258 -1
0.1 628 629 -1
0.1 627 1260 -1
0.1 631 632 -1
0.1 1262 633 -1
0.1 630 1263 -1
0.1 1261 1264 -1
0.1 626 1265 -1
0.1 634 635 -1
0.1 636 637 -1
0.1 1267 1268 -1
0.1 1266 1269 -1
0.1 1259 1270 -1
0.1 638 639 -1
0.1 1271 1272 -1
0.1 539 1273 -1
0.1 538 1274 -1
0.1 1275 640 -1
0.1 1174 1276 -1
0.1 1038 1277 -1
0.1 922 1278 -1
