1 0 0 1
1 0 0 1
1 0 0 1
1 0 0 1
1 0 0 1
1 0 0 1
1 0 0 1
1 0 0 1
1 0 0 1
1 0 0 1
1 0 0 1
1 0 0 2
1 0 0 2
1 0 0 2
1 0 0 2
1 0 0 2
1 0 0 2
1 0 0 2
1 0 0 2
1 0 0 2
1 0 0 2
1 0 0 2
1 0 0 2
1 0 0 2
1 0 0 2
1 0 0 2
1 0 0 2
1 0 0 2
1 0 0 2
1 0 0 2
1 0 0 2
1 0 0 1
1 0 0 1
1 0 0 1
1 0 0 1
1 0 0 3
1 0 0 3
1 0 0 3
1 0 0 3
1 0 0 3
1 0 0 3
1 0 0 3
1 0 0 3
1 0 0 3
1 0 0 3
1 0 0 3
1 0 0 3
1 0 0 3
1 0 0 3
1 0 0 3
1 0 0 3
1 0 0 3
1 0 0 3
1 0 0 3
1 0 0 3
1 0 0 4
1 0 0 4
1 0 0 4
1 0 0 4
1 0 0 4
1 0 0 4
1 0 0 4
1 0 0 4
1 0 0 4
1 0 0 4
1 0 0 4
1 0 0 4
1 0 0 4
1 0 0 4
1 0 0 4
1 0 0 4
1 0 0 4
1 0 0 4
1 0 0 4
1 0 0 4
1 0 0 5
1 0 0 5
1 0 0 6
1 0 0 6
1 0 0 6
1 0 0 6
1 0 0 6
1 0 0 6
1 0 0 6
1 0 0 6
1 0 0 6
1 0 0 6
1 0 0 6
1 0 0 6
1 0 0 6
1 0 0 6
1 0 0 6
1 0 0 6
1 0 0 6
1 0 0 7
1 0 0 7
1 0 0 7
1 0 0 7
1 0 0 7
1 0 0 7
1 0 0 7
1 0 0 7
1 0 0 7
1 0 0 7
1 0 0 7
1 0 0 7
1 0 0 7
1 0 0 7
1 0 0 7
1 0 0 7
1 0 0 7
1 0 0 7
1 0 0 7
1 0 0 7
1 0 0 6
1 0 0 6
1 0 0 6
1 0 0 5
1 0 0 5
1 0 0 5
1 0 0 5
1 0 0 5
1 0 0 5
1 0 0 5
1 0 0 5
1 0 0 5
1 0 0 5
1 0 0 5
1 0 0 5
1 0 0 5
1 0 0 5
1 0 0 5
1 0 0 5
1 0 0 5
1 0 0 5
1 0 0 8
1 0 0 8
1 0 0 8
1 0 0 8
1 0 0 8
1 0 0 8
1 0 0 8
1 0 0 8
1 0 0 8
1 0 0 8
1 0 0 8
1 0 0 8
1 0 0 8
1 0 0 8
1 0 0 8
1 0 0 8
1 0 0 8
1 0 0 8
1 0 0 8
1 0 0 8
1 0 0 9
1 0 0 9
1 0 0 9
1 0 0 9
1 0 0 9
1 0 0 9
1 0 0 9
1 0 0 9
1 0 0 9
1 0 0 9
1 0 0 9
1 0 0 9
1 0 0 9
1 0 0 9
1 0 0 9
1 0 0 9
1 0 0 9
1 0 0 9
1 0 0 9
1 0 0 9
1 0 0 10
1 0 0 10
1 0 0 10
1 0 0 10
1 0 0 10
1 0 0 10
1 0 0 10
1 0 0 10
1 0 0 10
1 0 0 10
1 0 0 10
1 0 0 10
1 0 0 10
1 0 0 10
1 0 0 10
1 0 0 10
1 0 0 10
1 0 0 10
1 0 0 10
1 0 0 10
1 0 0 11
1 0 0 11
1 0 0 11
1 0 0 11
1 0 0 11
1 0 0 11
1 0 0 11
1 0 0 11
1 0 0 11
1 0 0 11
1 0 0 11
1 0 0 11
1 0 0 11
1 0 0 11
1 0 0 11
1 0 0 11
1 0 0 11
1 0 0 11
1 0 0 11
1 0 0 11
1 0 0 12
1 0 0 12
1 0 0 12
1 0 0 12
1 0 0 12
1 0 0 12
1 0 0 12
1 0 0 12
1 0 0 12
1 0 0 12
1 0 0 12
1 0 0 12
1 0 0 12
1 0 0 12
1 0 0 12
1 0 0 12
1 0 0 12
1 0 0 12
1 0 0 12
1 0 0 12
1 0 0 13
1 0 0 13
1 0 0 13
1 0 0 13
1 0 0 13
1 0 0 13
1 0 0 13
1 0 0 13
1 0 0 13
1 0 0 13
1 0 0 13
1 0 0 13
1 0 0 13
1 0 0 13
1 0 0 13
1 0 0 13
1 0 0 13
1 0 0 13
1 0 0 13
1 0 0 13
1 0 0 14
1 0 0 14
1 0 0 14
1 0 0 14
1 0 0 14
1 0 0 14
1 0 0 14
1 0 0 14
1 0 0 14
1 0 0 14
1 0 0 14
1 0 0 14
1 0 0 14
1 0 0 14
1 0 0 14
1 0 0 14
1 0 0 14
1 0 0 14
1 0 0 14
1 0 0 14
1 0 0 15
1 0 0 15
1 0 0 15
1 0 0 16
1 0 0 16
1 0 0 16
1 0 0 16
1 0 0 16
1 0 0 16
1 0 0 16
1 0 0 16
1 0 0 16
1 0 0 16
1 0 0 16
1 0 0 16
1 0 0 16
1 0 0 16
1 0 0 16
1 0 0 16
1 0 0 16
1 0 0 16
1 0 0 16
1 0 0 16
1 0 0 15
1 0 0 15
1 0 0 15
1 0 0 15
1 0 0 15
1 0 0 15
1 0 0 15
1 0 0 15
1 0 0 15
1 0 0 15
1 0 0 15
1 0 0 15
1 0 0 15
1 0 0 15
1 0 0 17
1 0 0 17
1 0 0 17
1 0 0 17
1 0 0 17
1 0 0 17
1 0 0 17
1 0 0 17
1 0 0 17
1 0 0 17
1 0 0 17
1 0 0 17
1 0 0 17
1 0 0 17
1 0 0 17
1 0 0 17
1 0 0 17
1 0 0 17
1 0 0 17
1 0 0 17
1 0 0 18
1 0 0 18
1 0 0 18
1 0 0 18
1 0 0 18
1 0 0 18
1 0 0 18
1 0 0 18
1 0 0 18
1 0 0 18
1 0 0 18
1 0 0 18
1 0 0 18
1 0 0 18
1 0 0 18
1 0 0 18
1 0 0 18
1 0 0 18
1 0 0 18
1 0 0 18
1 0 0 15
1 0 0 15
1 0 0 15
1 0 0 19
1 0 0 19
1 0 0 19
1 0 0 19
1 0 0 19
1 0 0 19
1 0 0 19
1 0 0 19
1 0 0 19
1 0 0 19
1 0 0 20
1 0 0 20
1 0 0 20
1 0 0 20
1 0 0 20
1 0 0 20
1 0 0 20
1 0 0 20
1 0 0 20
1 0 0 20
1 0 0 20
1 0 0 20
1 0 0 20
1 0 0 20
1 0 0 20
1 0 0 20
1 0 0 20
1 0 0 20
1 0 0 20
1 0 0 20
1 0 0 19
1 0 0 19
1 0 0 19
1 0 0 19
1 0 0 19
1 0 0 19
1 0 0 19
1 0 0 19
1 0 0 19
1 0 0 19
1 0 0 1
1 0 0 1
1 0 0 1
1 0 0 1
1 0 0 1
1 0 0 21
1 0 0 21
1 0 0 21
1 0 0 21
1 0 0 21
1 0 0 21
1 0 0 22
1 0 0 22
1 0 0 22
1 0 0 23
1 0 0 23
1 0 0 23
1 0 0 23
1 0 0 23
1 0 0 23
1 0 0 23
1 0 0 23
1 0 0 23
1 0 0 23
1 0 0 23
1 0 0 23
1 0 0 23
1 0 0 23
1 0 0 23
1 0 0 23
1 0 0 23
1 0 0 23
1 0 0 23
1 0 0 23
1 0 0 22
1 0 0 22
1 0 0 22
1 0 0 22
1 0 0 22
1 0 0 22
1 0 0 22
1 0 0 22
1 0 0 22
1 0 0 22
1 0 0 22
1 0 0 22
1 0 0 22
1 0 0 24
1 0 0 24
1 0 0 24
1 0 0 24
1 0 0 24
1 0 0 24
1 0 0 24
1 0 0 24
1 0 0 24
1 0 0 24
1 0 0 24
1 0 0 24
1 0 0 24
1 0 0 24
1 0 0 24
1 0 0 24
1 0 0 24
1 0 0 24
1 0 0 24
1 0 0 24
1 0 0 22
1 0 0 22
1 0 0 22
1 0 0 25
1 0 0 25
1 0 0 26
1 0 0 26
1 0 0 26
1 0 0 26
1 0 0 26
1 0 0 26
1 0 0 26
1 0 0 26
1 0 0 26
1 0 0 26
1 0 0 26
1 0 0 26
1 0 0 26
1 0 0 26
1 0 0 26
1 0 0 26
1 0 0 26
1 0 0 26
1 0 0 26
1 0 0 26
1 0 0 25
1 0 0 25
1 0 0 25
1 0 0 25
1 0 0 25
1 0 0 25
1 0 0 25
1 0 0 25
1 0 0 25
1 0 0 25
1 0 0 25
1 0 0 25
1 0 0 25
1 0 0 25
1 0 0 25
1 0 0 25
1 0 0 25
1 0 0 25
1 0 0 22
1 0 0 21
1 0 0 21
1 0 0 21
1 0 0 21
1 0 0 21
1 0 0 21
1 0 0 21
1 0 0 21
1 0 0 21
1 0 0 21
1 0 0 21
1 0 0 21
1 0 0 21
1 0 0 21
1 0 0 27
1 0 0 27
1 0 0 27
1 0 0 27
1 0 0 27
1 0 0 27
1 0 0 27
1 0 0 27
1 0 0 27
1 0 0 27
1 0 0 27
1 0 0 27
1 0 0 27
1 0 0 28
1 0 0 27
1 0 0 27
1 0 0 27
1 0 0 27
1 0 0 27
1 0 0 27
1 0 0 27
1 0 0 28
1 0 0 28
1 0 0 28
1 0 0 28
1 0 0 28
1 0 0 28
1 0 0 28
1 0 0 28
1 0 0 28
1 0 0 28
1 0 0 28
1 0 0 28
1 0 0 28
1 0 0 28
1 0 0 28
1 0 0 28
1 0 0 28
1 0 0 28
1 0 0 28
1 0 0 29
1 0 0 29
1 0 0 29
1 0 0 29
1 0 0 29
1 0 0 29
1 0 0 29
1 0 0 29
1 0 0 29
1 0 0 29
1 0 0 29
1 0 0 29
1 0 0 29
1 0 0 29
1 0 0 29
1 0 0 29
1 0 0 29
1 0 0 29
1 0 0 29
1 0 0 29
1 0 0 30
1 0 0 30
1 0 0 30
1 0 0 30
1 0 0 30
1 0 0 30
1 0 0 30
1 0 0 30
1 0 0 30
1 0 0 30
1 0 0 30
1 0 0 30
1 0 0 30
1 0 0 30
1 0 0 30
1 0 0 30
1 0 0 30
1 0 0 30
1 0 0 30
1 0 0 30
1 0 0 31
1 0 0 31
1 0 0 31
1 0 0 31
1 0 0 31
1 0 0 31
1 0 0 31
1 0 0 31
1 0 0 31
1 0 0 31
1 0 0 31
1 0 0 31
1 0 0 31
1 0 0 31
1 0 0 31
1 0 0 31
1 0 0 31
1 0 0 31
1 0 0 31
1 0 0 31
1 0 0 32
1 0 0 32
1 0 0 32
1 0 0 32
1 0 0 32
1 0 0 32
1 0 0 32
1 0 0 32
1 0 0 32
1 0 0 32
1 0 0 32
1 0 0 32
1 0 0 32
1 0 0 32
1 0 0 33
1 0 0 33
1 0 0 33
1 0 0 33
1 0 0 33
1 0 0 33
1 0 0 33
1 0 0 33
1 0 0 33
1 0 0 33
1 0 0 33
1 0 0 33
1 0 0 33
1 0 0 33
1 0 0 33
1 0 0 33
1 0 0 33
1 0 0 33
1 0 0 33
1 0 0 33
1 0 0 32
1 0 0 32
1 0 0 32
1 0 0 32
1 0 0 32
1 0 0 32
1 0 0 34
1 0 0 34
1 0 0 34
1 0 0 34
1 0 0 34
1 0 0 34
1 0 0 34
1 0 0 34
1 0 0 34
1 0 0 34
1 0 0 34
1 0 0 34
1 0 0 34
1 0 0 34
1 0 0 34
1 0 0 34
1 0 0 34
1 0 0 34
1 0 0 35
1 0 0 35
1 0 0 35
1 0 0 35
1 0 0 35
1 0 0 35
1 0 0 35
1 0 0 35
1 0 0 35
1 0 0 35
1 0 0 35
1 0 0 35
1 0 0 35
1 0 0 35
1 0 0 35
1 0 0 35
1 0 0 36
1 0 0 36
1 0 0 36
1 0 0 36
1 0 0 36
1 0 0 36
1 0 0 36
1 0 0 36
1 0 0 36
1 0 0 36
1 0 0 36
1 0 0 36
1 0 0 36
1 0 0 36
1 0 0 36
1 0 0 36
1 0 0 36
1 0 0 36
1 0 0 36
1 0 0 36
1 0 0 35
1 0 0 35
1 0 0 35
1 0 0 35
1 0 0 37
1 0 0 37
1 0 0 37
1 0 0 37
1 0 0 37
1 0 0 37
1 0 0 37
1 0 0 37
1 0 0 37
1 0 0 37
1 0 0 37
1 0 0 37
1 0 0 37
1 0 0 37
1 0 0 37
1 0 0 37
1 0 0 37
1 0 0 37
1 0 0 37
1 0 0 37
1 0 0 38
1 0 0 38
1 0 0 38
1 0 0 38
1 0 0 38
1 0 0 38
1 0 0 38
1 0 0 38
1 0 0 38
1 0 0 38
1 0 0 38
1 0 0 38
1 0 0 38
1 0 0 38
1 0 0 38
1 0 0 38
1 0 0 38
1 0 0 38
1 0 0 38
1 0 0 38
1 0 0 34
1 0 0 34
0.1 3 4 -1
0.1 2 761 -1
0.1 1 762 -1
0.1 7 8 -1
0.1 9 10 -1
0.1 764 765 -1
0.1 6 766 -1
0.1 5 767 -1
0.1 12 13 -1
0.1 14 15 -1
0.1 770 16 -1
0.1 18 19 -1
0.1 17 772 -1
0.1 20 21 -1
0.1 773 774 -1
0.1 23 24 -1
0.1 22 776 -1
0.1 775 777 -1
0.1 771 778 -1
0.1 28 29 -1
0.1 27 780 -1
0.1 26 781 -1
0.1 25 782 -1
0.1 779 783 -1
0.1 769 784 -1
0.1 30 31 -1
0.1 785 786 -1
0.1 11 787 -1
0.1 33 34 -1
0.1 32 789 -1
0.1 788 790 -1
0.1 36 37 -1
0.1 38 39 -1
0.1 40 41 -1
0.1 794 42 -1
0.1 793 795 -1
0.1 792 796 -1
0.1 43 44 -1
0.1 46 47 -1
0.1 45 799 -1
0.1 798 800 -1
0.1 48 49 -1
0.1 802 50 -1
0.1 801 803 -1
0.1 52 53 -1
0.1 51 805 -1
0.1 54 55 -1
0.1 806 807 -1
0.1 804 808 -1
0.1 797 809 -1
0.1 56 57 -1
0.1 58 59 -1
0.1 812 60 -1
0.1 813 61 -1
0.1 811 814 -1
0.1 810 815 -1
0.1 62 63 -1
0.1 64 65 -1
0.1 817 818 -1
0.1 816 819 -1
0.1 68 69 -1
0.1 67 821 -1
0.1 70 71 -1
0.1 72 73 -1
0.1 823 824 -1
0.1 822 825 -1
0.1 66 826 -1
0.1 76 77 -1
0.1 80 81 -1
0.1 79 829 -1
0.1 78 830 -1
0.1 83 84 -1
0.1 85 86 -1
0.1 833 87 -1
0.1 832 834 -1
0.1 88 89 -1
0.1 835 836 -1
0.1 82 837 -1
0.1 90 91 -1
0.1 838 839 -1
0.1 92 93 -1
0.1 98 99 -1
0.1 97 842 -1
0.1 96 843 -1
0.1 95 844 -1
0.1 100 101 -1
0.1 103 104 -1
0.1 102 847 -1
0.1 105 106 -1
0.1 848 849 -1
0.1 846 850 -1
0.1 110 111 -1
0.1 852 112 -1
0.1 109 853 -1
0.1 108 854 -1
0.1 855 113 -1
0.1 856 114 -1
0.1 107 857 -1
0.1 851 858 -1
0.1 845 859 -1
0.1 94 860 -1
0.1 841 861 -1
0.1 862 115 -1
0.1 840 863 -1
0.1 116 117 -1
0.1 864 865 -1
0.1 831 866 -1
0.1 119 120 -1
0.1 121 122 -1
0.1 124 125 -1
0.1 123 870 -1
0.1 869 871 -1
0.1 868 872 -1
0.1 873 126 -1
0.1 118 874 -1
0.1 127 128 -1
0.1 130 131 -1
0.1 133 134 -1
0.1 132 878 -1
0.1 877 879 -1
0.1 129 880 -1
0.1 876 881 -1
0.1 882 135 -1
0.1 875 883 -1
0.1 867 884 -1
0.1 136 137 -1
0.1 139 140 -1
0.1 887 141 -1
0.1 888 142 -1
0.1 138 889 -1
0.1 145 146 -1
0.1 144 891 -1
0.1 143 892 -1
0.1 148 149 -1
0.1 147 894 -1
0.1 893 895 -1
0.1 150 151 -1
0.1 152 153 -1
0.1 898 154 -1
0.1 899 155 -1
0.1 897 900 -1
0.1 896 901 -1
0.1 890 902 -1
0.1 886 903 -1
0.1 885 904 -1
0.1 828 905 -1
0.1 156 157 -1
0.1 158 159 -1
0.1 907 908 -1
0.1 161 162 -1
0.1 164 165 -1
0.1 163 911 -1
0.1 910 912 -1
0.1 166 167 -1
0.1 913 914 -1
0.1 160 915 -1
0.1 909 916 -1
0.1 171 172 -1
0.1 170 918 -1
0.1 169 919 -1
0.1 920 173 -1
0.1 168 921 -1
0.1 174 175 -1
0.1 922 923 -1
0.1 917 924 -1
0.1 177 178 -1
0.1 179 180 -1
0.1 926 927 -1
0.1 184 185 -1
0.1 929 186 -1
0.1 183 930 -1
0.1 188 189 -1
0.1 187 932 -1
0.1 931 933 -1
0.1 191 192 -1
0.1 935 193 -1
0.1 190 936 -1
0.1 934 937 -1
0.1 182 938 -1
0.1 194 195 -1
0.1 939 940 -1
0.1 181 941 -1
0.1 928 942 -1
0.1 176 943 -1
0.1 925 944 -1
0.1 198 199 -1
0.1 197 946 -1
0.1 201 202 -1
0.1 200 948 -1
0.1 947 949 -1
0.1 196 950 -1
0.1 204 205 -1
0.1 203 952 -1
0.1 206 207 -1
0.1 953 954 -1
0.1 951 955 -1
0.1 211 212 -1
0.1 957 213 -1
0.1 958 214 -1
0.1 210 959 -1
0.1 209 960 -1
0.1 961 215 -1
0.1 208 962 -1
0.1 956 963 -1
0.1 945 964 -1
0.1 906 965 -1
0.1 75 966 -1
0.1 74 967 -1
0.1 827 968 -1
0.1 820 969 -1
0.1 970 216 -1
0.1 35 971 -1
0.1 791 972 -1
0.1 768 973 -1
0.1 217 218 -1
0.1 219 220 -1
0.1 975 976 -1
0.1 977 221 -1
0.1 222 223 -1
0.1 978 979 -1
0.1 980 224 -1
0.1 227 228 -1
0.1 226 982 -1
0.1 229 230 -1
0.1 984 231 -1
0.1 985 232 -1
0.1 233 234 -1
0.1 987 235 -1
0.1 986 988 -1
0.1 983 989 -1
0.1 225 990 -1
0.1 981 991 -1
0.1 974 992 -1
0.1 238 239 -1
0.1 237 994 -1
0.1 995 240 -1
0.1 241 242 -1
0.1 996 997 -1
0.1 236 998 -1
0.1 246 247 -1
0.1 245 1000 -1
0.1 244 1001 -1
0.1 243 1002 -1
0.1 249 250 -1
0.1 1004 251 -1
0.1 1005 252 -1
0.1 248 1006 -1
0.1 1003 1007 -1
0.1 999 1008 -1
0.1 254 255 -1
0.1 253 1010 -1
0.1 1009 1011 -1
0.1 259 260 -1
0.1 261 262 -1
0.1 1013 1014 -1
0.1 258 1015 -1
0.1 257 1016 -1
0.1 256 1017 -1
0.1 263 264 -1
0.1 265 266 -1
0.1 269 270 -1
0.1 268 1021 -1
0.1 267 1022 -1
0.1 1020 1023 -1
0.1 1019 1024 -1
0.1 271 272 -1
0.1 1026 273 -1
0.1 274 275 -1
0.1 1027 1028 -1
0.1 1025 1029 -1
0.1 1018 1030 -1
0.1 276 277 -1
0.1 279 280 -1
0.1 281 282 -1
0.1 1034 283 -1
0.1 284 285 -1
0.1 286 287 -1
0.1 1036 1037 -1
0.1 1035 1038 -1
0.1 288 289 -1
0.1 292 293 -1
0.1 291 1041 -1
0.1 295 296 -1
0.1 294 1043 -1
0.1 1042 1044 -1
0.1 290 1045 -1
0.1 1040 1046 -1
0.1 297 298 -1
0.1 1047 1048 -1
0.1 1039 1049 -1
0.1 1033 1050 -1
0.1 299 300 -1
0.1 1052 301 -1
0.1 302 303 -1
0.1 1053 1054 -1
0.1 1051 1055 -1
0.1 278 1056 -1
0.1 1032 1057 -1
0.1 305 306 -1
0.1 304 1059 -1
0.1 1060 307 -1
0.1 308 309 -1
0.1 311 312 -1
0.1 310 1063 -1
0.1 1062 1064 -1
0.1 1061 1065 -1
0.1 313 314 -1
0.1 1067 315 -1
0.1 316 317 -1
0.1 1069 318 -1
0.1 320 321 -1
0.1 319 1071 -1
0.1 322 323 -1
0.1 1072 1073 -1
0.1 326 327 -1
0.1 325 1075 -1
0.1 324 1076 -1
0.1 1074 1077 -1
0.1 328 329 -1
0.1 331 332 -1
0.1 330 1080 -1
0.1 1079 1081 -1
0.1 1078 1082 -1
0.1 1070 1083 -1
0.1 1068 1084 -1
0.1 335 336 -1
0.1 334 1086 -1
0.1 333 1087 -1
0.1 337 338 -1
0.1 1089 339 -1
0.1 341 342 -1
0.1 340 1091 -1
0.1 344 345 -1
0.1 1093 346 -1
0.1 343 1094 -1
0.1 1092 1095 -1
0.1 1090 1096 -1
0.1 1088 1097 -1
0.1 347 348 -1
0.1 349 350 -1
0.1 351 352 -1
0.1 1100 1101 -1
0.1 1099 1102 -1
0.1 1098 1103 -1
0.1 1085 1104 -1
0.1 1105 353 -1
0.1 354 355 -1
0.1 1106 1107 -1
0.1 1066 1108 -1
0.1 1058 1109 -1
0.1 356 357 -1
0.1 358 359 -1
0.1 1112 360 -1
0.1 1111 1113 -1
0.1 1110 1114 -1
0.1 363 364 -1
0.1 362 1116 -1
0.1 361 1117 -1
0.1 369 370 -1
0.1 368 1119 -1
0.1 367 1120 -1
0.1 366 1121 -1
0.1 371 372 -1
0.1 373 374 -1
0.1 1123 1124 -1
0.1 1125 375 -1
0.1 1122 1126 -1
0.1 377 378 -1
0.1 376 1128 -1
0.1 379 380 -1
0.1 383 384 -1
0.1 382 1131 -1
0.1 381 1132 -1
0.1 1130 1133 -1
0.1 1134 385 -1
0.1 1129 1135 -1
0.1 1127 1136 -1
0.1 1137 386 -1
0.1 1138 387 -1
0.1 365 1139 -1
0.1 1118 1140 -1
0.1 1115 1141 -1
0.1 388 389 -1
0.1 390 391 -1
0.1 1144 392 -1
0.1 1143 1145 -1
0.1 393 394 -1
0.1 1147 395 -1
0.1 1146 1148 -1
0.1 1142 1149 -1
0.1 1031 1150 -1
0.1 1012 1151 -1
0.1 396 397 -1
0.1 399 400 -1
0.1 398 1154 -1
0.1 1153 1155 -1
0.1 1152 1156 -1
0.1 993 1157 -1
0.1 763 1158 -1
0.1 401 402 -1
0.1 404 405 -1
0.1 1161 406 -1
0.1 403 1162 -1
0.1 1160 1163 -1
0.1 407 408 -1
0.1 411 412 -1
0.1 410 1166 -1
0.1 414 415 -1
0.1 1168 416 -1
0.1 413 1169 -1
0.1 1170 417 -1
0.1 419 420 -1
0.1 1172 421 -1
0.1 418 1173 -1
0.1 423 424 -1
0.1 1175 425 -1
0.1 422 1176 -1
0.1 427 428 -1
0.1 426 1178 -1
0.1 1179 429 -1
0.1 1177 1180 -1
0.1 1174 1181 -1
0.1 1171 1182 -1
0.1 1167 1183 -1
0.1 409 1184 -1
0.1 1165 1185 -1
0.1 431 432 -1
0.1 1187 433 -1
0.1 430 1188 -1
0.1 434 435 -1
0.1 436 437 -1
0.1 1190 1191 -1
0.1 1189 1192 -1
0.1 440 441 -1
0.1 439 1194 -1
0.1 1195 442 -1
0.1 438 1196 -1
0.1 1193 1197 -1
0.1 445 446 -1
0.1 444 1199 -1
0.1 443 1200 -1
0.1 448 449 -1
0.1 447 1202 -1
0.1 1203 450 -1
0.1 1204 451 -1
0.1 1201 1205 -1
0.1 453 454 -1
0.1 452 1207 -1
0.1 1208 455 -1
0.1 456 457 -1
0.1 1209 1210 -1
0.1 1211 458 -1
0.1 461 462 -1
0.1 460 1213 -1
0.1 459 1214 -1
0.1 1212 1215 -1
0.1 1206 1216 -1
0.1 464 465 -1
0.1 463 1218 -1
0.1 1217 1219 -1
0.1 1198 1220 -1
0.1 1186 1221 -1
0.1 466 467 -1
0.1 469 470 -1
0.1 474 475 -1
0.1 473 1225 -1
0.1 472 1226 -1
0.1 471 1227 -1
0.1 477 478 -1
0.1 476 1229 -1
0.1 481 482 -1
0.1 480 1231 -1
0.1 479 1232 -1
0.1 483 484 -1
0.1 485 486 -1
0.1 1235 487 -1
0.1 1234 1236 -1
0.1 1233 1237 -1
0.1 1230 1238 -1
0.1 1228 1239 -1
0.1 1224 1240 -1
0.1 468 1241 -1
0.1 489 490 -1
0.1 488 1243 -1
0.1 1244 491 -1
0.1 494 495 -1
0.1 493 1246 -1
0.1 492 1247 -1
0.1 1245 1248 -1
0.1 1242 1249 -1
0.1 497 498 -1
0.1 496 1251 -1
0.1 501 502 -1
0.1 500 1253 -1
0.1 499 1254 -1
0.1 1255 503 -1
0.1 1252 1256 -1
0.1 1250 1257 -1
0.1 504 505 -1
0.1 1258 1259 -1
0.1 1223 1260 -1
0.1 1261 506 -1
0.1 1222 1262 -1
0.1 510 511 -1
0.1 509 1264 -1
0.1 508 1265 -1
0.1 507 1266 -1
0.1 514 515 -1
0.1 513 1268 -1
0.1 516 517 -1
0.1 1269 1270 -1
0.1 512 1271 -1
0.1 518 519 -1
0.1 523 524 -1
0.1 522 1274 -1
0.1 526 527 -1
0.1 525 1276 -1
0.1 1277 528 -1
0.1 1275 1278 -1
0.1 529 530 -1
0.1 532 533 -1
0.1 531 1281 -1
0.1 1280 1282 -1
0.1 1279 1283 -1
0.1 521 1284 -1
0.1 536 537 -1
0.1 538 539 -1
0.1 1286 1287 -1
0.1 1288 540 -1
0.1 1289 541 -1
0.1 535 1290 -1
0.1 1291 542 -1
0.1 534 1292 -1
0.1 1285 1293 -1
0.1 543 544 -1
0.1 545 546 -1
0.1 1295 1296 -1
0.1 547 548 -1
0.1 549 550 -1
0.1 1299 551 -1
0.1 1298 1300 -1
0.1 553 554 -1
0.1 555 556 -1
0.1 1302 1303 -1
0.1 1304 557 -1
0.1 552 1305 -1
0.1 1301 1306 -1
0.1 1297 1307 -1
0.1 559 560 -1
0.1 558 1309 -1
0.1 1308 1310 -1
0.1 1294 1311 -1
0.1 520 1312 -1
0.1 1273 1313 -1
0.1 1272 1314 -1
0.1 1267 1315 -1
0.1 1263 1316 -1
0.1 1164 1317 -1
0.1 562 563 -1
0.1 1319 564 -1
0.1 1320 565 -1
0.1 561 1321 -1
0.1 566 567 -1
0.1 568 569 -1
0.1 1323 1324 -1
0.1 1325 570 -1
0.1 1326 571 -1
0.1 572 573 -1
0.1 1327 1328 -1
0.1 1322 1329 -1
0.1 576 577 -1
0.1 575 1331 -1
0.1 578 579 -1
0.1 1333 580 -1
0.1 1332 1334 -1
0.1 574 1335 -1
0.1 1330 1336 -1
0.1 583 584 -1
0.1 582 1338 -1
0.1 581 1339 -1
0.1 586 587 -1
0.1 591 592 -1
0.1 590 1342 -1
0.1 589 1343 -1
0.1 588 1344 -1
0.1 1341 1345 -1
0.1 585 1346 -1
0.1 1347 593 -1
0.1 594 595 -1
0.1 596 597 -1
0.1 1350 598 -1
0.1 1349 1351 -1
0.1 1352 599 -1
0.1 1348 1353 -1
0.1 1354 600 -1
0.1 1340 1355 -1
0.1 601 602 -1
0.1 603 604 -1
0.1 605 606 -1
0.1 1358 1359 -1
0.1 1357 1360 -1
0.1 607 608 -1
0.1 1362 609 -1
0.1 1361 1363 -1
0.1 610 611 -1
0.1 613 614 -1
0.1 612 1366 -1
0.1 1365 1367 -1
0.1 615 616 -1
0.1 1369 617 -1
0.1 1368 1370 -1
0.1 1364 1371 -1
0.1 618 619 -1
0.1 1373 620 -1
0.1 1372 1374 -1
0.1 1356 1375 -1
0.1 622 623 -1
0.1 621 1377 -1
0.1 1376 1378 -1
0.1 625 626 -1
0.1 624 1380 -1
0.1 1379 1381 -1
0.1 1382 627 -1
0.1 629 630 -1
0.1 628 1384 -1
0.1 632 633 -1
0.1 631 1386 -1
0.1 1385 1387 -1
0.1 635 636 -1
0.1 1389 637 -1
0.1 638 639 -1
0.1 640 641 -1
0.1 642 643 -1
0.1 1392 1393 -1
0.1 645 646 -1
0.1 644 1395 -1
0.1 649 650 -1
0.1 648 1397 -1
0.1 1398 651 -1
0.1 647 1399 -1
0.1 1396 1400 -1
0.1 1394 1401 -1
0.1 652 653 -1
0.1 1402 1403 -1
0.1 1391 1404 -1
0.1 1405 654 -1
0.1 1390 1406 -1
0.1 634 1407 -1
0.1 1388 1408 -1
0.1 1383 1409 -1
0.1 657 658 -1
0.1 659 660 -1
0.1 1411 1412 -1
0.1 656 1413 -1
0.1 655 1414 -1
0.1 1410 1415 -1
0.1 1337 1416 -1
0.1 661 662 -1
0.1 1417 1418 -1
0.1 663 664 -1
0.1 665 666 -1
0.1 667 668 -1
0.1 669 670 -1
0.1 672 673 -1
0.1 1424 674 -1
0.1 671 1425 -1
0.1 1423 1426 -1
0.1 1422 1427 -1
0.1 1421 1428 -1
0.1 1420 1429 -1
0.1 676 677 -1
0.1 675 1431 -1
0.1 1430 1432 -1
0.1 680 681 -1
0.1 684 685 -1
0.1 683 1435 -1
0.1 1436 686 -1
0.1 682 1437 -1
0.1 687 688 -1
0.1 1438 1439 -1
0.1 1434 1440 -1
0.1 679 1441 -1
0.1 690 691 -1
0.1 1443 692 -1
0.1 693 694 -1
0.1 695 696 -1
0.1 1446 697 -1
0.1 698 699 -1
0.1 700 701 -1
0.1 1449 702 -1
0.1 704 705 -1
0.1 706 707 -1
0.1 1451 1452 -1
0.1 703 1453 -1
0.1 709 710 -1
0.1 708 1455 -1
0.1 1454 1456 -1
0.1 712 713 -1
0.1 1458 714 -1
0.1 711 1459 -1
0.1 1457 1460 -1
0.1 1450 1461 -1
0.1 1448 1462 -1
0.1 1447 1463 -1
0.1 715 716 -1
0.1 1464 1465 -1
0.1 1445 1466 -1
0.1 1444 1467 -1
0.1 689 1468 -1
0.1 717 718 -1
0.1 1469 1470 -1
0.1 1442 1471 -1
0.1 719 720 -1
0.1 721 722 -1
0.1 1473 1474 -1
0.1 725 726 -1
0.1 724 1476 -1
0.1 723 1477 -1
0.1 1478 727 -1
0.1 1475 1479 -1
0.1 729 730 -1
0.1 732 733 -1
0.1 731 1482 -1
0.1 1481 1483 -1
0.1 728 1484 -1
0.1 1480 1485 -1
0.1 1472 1486 -1
0.1 736 737 -1
0.1 735 1488 -1
0.1 734 1489 -1
0.1 741 742 -1
0.1 740 1491 -1
0.1 739 1492 -1
0.1 743 744 -1
0.1 1494 745 -1
0.1 1493 1495 -1
0.1 746 747 -1
0.1 748 749 -1
0.1 1497 1498 -1
0.1 1496 1499 -1
0.1 751 752 -1
0.1 753 754 -1
0.1 1501 1502 -1
0.1 756 757 -1
0.1 1504 758 -1
0.1 755 1505 -1
0.1 1503 1506 -1
0.1 750 1507 -1
0.1 1500 1508 -1
0.1 738 1509 -1
0.1 1490 1510 -1
0.1 1487 1511 -1
0.1 1512 759 -1
0.1 1513 760 -1
0.1 678 1514 -1
0.1 1433 1515 -1
0.1 1419 1516 -1
0.1 1318 1517 -1
0.1 1159 1518 -1
