1 0 0 1
1 0 0 1
1 0 0 1
1 0 0 1
1 0 0 2
1 0 0 2
1 0 0 2
1 0 0 2
1 0 0 2
1 0 0 2
1 0 0 2
1 0 0 2
1 0 0 2
1 0 0 2
1 0 0 2
1 0 0 2
1 0 0 2
1 0 0 2
1 0 0 2
1 0 0 2
1 0 0 2
1 0 0 2
1 0 0 2
1 0 0 2
1 0 0 1
1 0 0 1
1 0 0 1
1 0 0 1
1 0 0 1
1 0 0 1
1 0 0 1
1 0 0 1
1 0 0 1
1 0 0 1
1 0 0 1
1 0 0 1
1 0 0 1
1 0 0 1
1 0 0 3
1 0 0 3
1 0 0 4
1 0 0 4
1 0 0 4
1 0 0 4
1 0 0 4
1 0 0 4
1 0 0 4
1 0 0 4
1 0 0 4
1 0 0 4
1 0 0 4
1 0 0 4
1 0 0 4
1 0 0 4
1 0 0 4
1 0 0 4
1 0 0 4
1 0 0 4
1 0 0 4
1 0 0 4
1 0 0 5
1 0 0 5
1 0 0 5
1 0 0 5
1 0 0 5
1 0 0 5
1 0 0 5
1 0 0 5
1 0 0 5
1 0 0 5
1 0 0 5
1 0 0 5
1 0 0 5
1 0 0 5
1 0 0 6
1 0 0 6
1 0 0 6
1 0 0 6
1 0 0 6
1 0 0 6
1 0 0 6
1 0 0 6
1 0 0 6
1 0 0 6
1 0 0 6
1 0 0 6
1 0 0 6
1 0 0 6
1 0 0 6
1 0 0 6
1 0 0 6
1 0 0 6
1 0 0 6
1 0 0 6
1 0 0 5
1 0 0 5
1 0 0 5
1 0 0 5
1 0 0 5
1 0 0 5
1 0 0 3
1 0 0 3
1 0 0 3
1 0 0 3
1 0 0 3
1 0 0 3
1 0 0 3
1 0 0 3
1 0 0 3
1 0 0 3
1 0 0 3
1 0 0 3
1 0 0 3
1 0 0 3
1 0 0 3
1 0 0 3
1 0 0 3
1 0 0 3
1 0 0 7
1 0 0 7
1 0 0 7
1 0 0 7
1 0 0 7
1 0 0 7
1 0 0 7
1 0 0 7
1 0 0 7
1 0 0 7
1 0 0 7
1 0 0 7
1 0 0 7
1 0 0 7
1 0 0 7
1 0 0 7
1 0 0 7
1 0 0 7
1 0 0 7
1 0 0 7
1 0 0 8
1 0 0 8
1 0 0 8
1 0 0 8
1 0 0 8
1 0 0 8
1 0 0 8
1 0 0 8
1 0 0 8
1 0 0 8
1 0 0 8
1 0 0 8
1 0 0 8
1 0 0 8
1 0 0 8
1 0 0 8
1 0 0 8
1 0 0 8
1 0 0 8
1 0 0 8
1 0 0 9
1 0 0 9
1 0 0 9
1 0 0 9
1 0 0 9
1 0 0 9
1 0 0 9
1 0 0 9
1 0 0 9
1 0 0 9
1 0 0 9
1 0 0 9
1 0 0 9
1 0 0 9
1 0 0 9
1 0 0 9
1 0 0 9
1 0 0 9
1 0 0 9
1 0 0 9
1 0 0 1
1 0 0 1
1 0 0 10
1 0 0 10
1 0 0 10
1 0 0 10
1 0 0 10
1 0 0 10
1 0 0 10
1 0 0 10
1 0 0 10
1 0 0 10
1 0 0 10
1 0 0 10
1 0 0 10
1 0 0 10
1 0 0 10
1 0 0 10
1 0 0 10
1 0 0 10
1 0 0 10
1 0 0 10
1 0 0 11
1 0 0 12
1 0 0 12
1 0 0 12
1 0 0 12
1 0 0 12
1 0 0 12
1 0 0 12
1 0 0 12
1 0 0 12
1 0 0 12
1 0 0 12
1 0 0 12
1 0 0 12
1 0 0 12
1 0 0 12
1 0 0 12
1 0 0 12
1 0 0 12
1 0 0 12
1 0 0 12
1 0 0 11
1 0 0 11
1 0 0 11
1 0 0 11
1 0 0 11
1 0 0 11
1 0 0 11
1 0 0 11
1 0 0 11
1 0 0 11
1 0 0 11
1 0 0 11
1 0 0 11
1 0 0 11
1 0 0 11
1 0 0 11
1 0 0 13
1 0 0 13
1 0 0 13
1 0 0 13
1 0 0 13
1 0 0 13
1 0 0 13
1 0 0 13
1 0 0 13
1 0 0 13
1 0 0 13
1 0 0 13
1 0 0 13
1 0 0 13
1 0 0 13
1 0 0 13
1 0 0 13
1 0 0 13
1 0 0 13
1 0 0 13
1 0 0 14
1 0 0 14
1 0 0 14
1 0 0 14
1 0 0 14
1 0 0 14
1 0 0 14
1 0 0 14
1 0 0 14
1 0 0 14
1 0 0 14
1 0 0 14
1 0 0 14
1 0 0 14
1 0 0 14
1 0 0 14
1 0 0 14
1 0 0 14
1 0 0 14
1 0 0 14
1 0 0 15
1 0 0 15
1 0 0 15
1 0 0 15
1 0 0 15
1 0 0 15
1 0 0 15
1 0 0 15
1 0 0 15
1 0 0 16
1 0 0 16
1 0 0 16
1 0 0 16
1 0 0 16
1 0 0 16
1 0 0 16
1 0 0 16
1 0 0 16
1 0 0 16
1 0 0 16
1 0 0 16
1 0 0 16
1 0 0 16
1 0 0 16
1 0 0 16
1 0 0 16
1 0 0 16
1 0 0 16
1 0 0 16
1 0 0 15
1 0 0 15
1 0 0 15
1 0 0 15
1 0 0 15
1 0 0 15
1 0 0 17
1 0 0 17
1 0 0 17
1 0 0 17
1 0 0 17
1 0 0 17
1 0 0 17
1 0 0 18
1 0 0 18
1 0 0 18
1 0 0 18
1 0 0 18
1 0 0 18
1 0 0 18
1 0 0 18
1 0 0 18
1 0 0 18
1 0 0 18
1 0 0 18
1 0 0 18
1 0 0 18
1 0 0 18
1 0 0 18
1 0 0 18
1 0 0 18
1 0 0 18
1 0 0 18
1 0 0 17
1 0 0 17
1 0 0 17
1 0 0 17
1 0 0 17
1 0 0 17
1 0 0 17
1 0 0 17
1 0 0 17
1 0 0 17
1 0 0 17
1 0 0 17
1 0 0 19
1 0 0 19
1 0 0 19
1 0 0 19
1 0 0 19
1 0 0 19
1 0 0 19
1 0 0 19
1 0 0 19
1 0 0 19
1 0 0 19
1 0 0 19
1 0 0 19
1 0 0 19
1 0 0 19
1 0 0 19
1 0 0 19
1 0 0 19
1 0 0 19
1 0 0 19
1 0 0 20
1 0 0 20
1 0 0 20
1 0 0 20
1 0 0 20
1 0 0 20
1 0 0 20
1 0 0 20
1 0 0 20
1 0 0 20
1 0 0 20
1 0 0 20
1 0 0 20
1 0 0 20
1 0 0 20
1 0 0 20
1 0 0 20
1 0 0 20
1 0 0 20
1 0 0 20
1 0 0 17
1 0 0 15
1 0 0 15
1 0 0 15
1 0 0 15
1 0 0 15
1 0 0 11
1 0 0 11
1 0 0 11
1 0 0 21
1 0 0 21
1 0 0 21
1 0 0 21
1 0 0 21
1 0 0 21
1 0 0 21
1 0 0 21
1 0 0 21
1 0 0 21
1 0 0 21
1 0 0 21
1 0 0 21
1 0 0 21
1 0 0 21
1 0 0 22
1 0 0 22
1 0 0 22
1 0 0 22
1 0 0 22
1 0 0 22
1 0 0 23
1 0 0 23
1 0 0 23
1 0 0 23
1 0 0 23
1 0 0 23
1 0 0 23
1 0 0 23
1 0 0 23
1 0 0 23
1 0 0 23
1 0 0 23
1 0 0 23
1 0 0 23
1 0 0 23
1 0 0 23
1 0 0 23
1 0 0 23
1 0 0 23
1 0 0 23
1 0 0 22
1 0 0 22
1 0 0 22
1 0 0 22
1 0 0 22
1 0 0 22
1 0 0 22
1 0 0 24
1 0 0 24
1 0 0 24
1 0 0 24
1 0 0 24
1 0 0 24
1 0 0 24
1 0 0 24
1 0 0 24
1 0 0 24
1 0 0 24
1 0 0 24
1 0 0 24
1 0 0 24
1 0 0 24
1 0 0 24
1 0 0 24
1 0 0 24
1 0 0 24
1 0 0 24
1 0 0 22
1 0 0 22
1 0 0 22
1 0 0 25
1 0 0 25
1 0 0 25
1 0 0 25
1 0 0 25
1 0 0 25
1 0 0 25
1 0 0 25
1 0 0 25
1 0 0 25
1 0 0 25
1 0 0 25
1 0 0 25
1 0 0 25
1 0 0 25
1 0 0 25
1 0 0 25
1 0 0 25
1 0 0 25
1 0 0 25
1 0 0 26
1 0 0 26
1 0 0 26
1 0 0 26
1 0 0 26
1 0 0 26
1 0 0 26
1 0 0 26
1 0 0 26
1 0 0 26
1 0 0 26
1 0 0 26
1 0 0 26
1 0 0 26
1 0 0 26
1 0 0 26
1 0 0 26
1 0 0 26
1 0 0 26
1 0 0 26
1 0 0 22
1 0 0 22
1 0 0 22
1 0 0 22
1 0 0 21
1 0 0 21
1 0 0 27
1 0 0 28
1 0 0 28
1 0 0 28
1 0 0 28
1 0 0 28
1 0 0 28
1 0 0 28
1 0 0 28
1 0 0 28
1 0 0 28
1 0 0 28
1 0 0 28
1 0 0 28
1 0 0 28
1 0 0 28
1 0 0 28
1 0 0 28
1 0 0 28
1 0 0 28
1 0 0 28
1 0 0 27
1 0 0 27
1 0 0 27
1 0 0 27
1 0 0 29
1 0 0 29
1 0 0 29
1 0 0 29
1 0 0 29
1 0 0 29
1 0 0 29
1 0 0 29
1 0 0 29
1 0 0 29
1 0 0 29
1 0 0 29
1 0 0 29
1 0 0 29
1 0 0 29
1 0 0 29
1 0 0 29
1 0 0 30
1 0 0 30
1 0 0 30
1 0 0 30
1 0 0 30
1 0 0 30
1 0 0 30
1 0 0 30
1 0 0 30
1 0 0 30
1 0 0 30
1 0 0 30
1 0 0 30
1 0 0 30
1 0 0 30
1 0 0 30
1 0 0 30
1 0 0 30
1 0 0 30
1 0 0 30
1 0 0 29
1 0 0 29
1 0 0 29
1 0 0 27
1 0 0 27
1 0 0 27
1 0 0 27
1 0 0 27
1 0 0 27
1 0 0 27
1 0 0 27
1 0 0 27
1 0 0 27
1 0 0 27
1 0 0 27
1 0 0 27
1 0 0 27
1 0 0 27
1 0 0 21
1 0 0 21
1 0 0 21
1 0 0 31
1 0 0 31
1 0 0 31
1 0 0 31
1 0 0 31
1 0 0 31
1 0 0 31
1 0 0 31
1 0 0 31
1 0 0 31
1 0 0 31
1 0 0 31
1 0 0 31
1 0 0 31
1 0 0 32
1 0 0 32
1 0 0 32
1 0 0 33
1 0 0 33
1 0 0 33
1 0 0 33
1 0 0 33
1 0 0 33
1 0 0 33
1 0 0 33
1 0 0 33
1 0 0 33
1 0 0 33
1 0 0 33
1 0 0 33
1 0 0 33
1 0 0 33
1 0 0 33
1 0 0 33
1 0 0 33
1 0 0 33
1 0 0 33
1 0 0 32
1 0 0 32
1 0 0 32
1 0 0 32
1 0 0 32
1 0 0 32
1 0 0 32
1 0 0 32
1 0 0 32
1 0 0 32
1 0 0 32
1 0 0 32
1 0 0 32
1 0 0 32
1 0 0 32
1 0 0 32
1 0 0 32
1 0 0 31
1 0 0 31
1 0 0 31
1 0 0 31
1 0 0 31
1 0 0 31
1 0 0 34
1 0 0 34
1 0 0 34
1 0 0 34
1 0 0 34
1 0 0 34
1 0 0 34
1 0 0 34
1 0 0 34
1 0 0 34
1 0 0 34
1 0 0 34
1 0 0 34
1 0 0 34
1 0 0 34
1 0 0 34
1 0 0 34
1 0 0 34
1 0 0 34
1 0 0 34
1 0 0 35
1 0 0 35
1 0 0 35
1 0 0 35
1 0 0 35
1 0 0 35
1 0 0 35
1 0 0 35
1 0 0 35
1 0 0 35
1 0 0 35
1 0 0 35
1 0 0 35
1 0 0 35
1 0 0 35
1 0 0 35
1 0 0 35
1 0 0 35
1 0 0 35
1 0 0 35
1 0 0 36
1 0 0 36
1 0 0 36
1 0 0 36
1 0 0 37
1 0 0 37
1 0 0 37
1 0 0 37
1 0 0 37
1 0 0 37
1 0 0 37
1 0 0 37
1 0 0 37
1 0 0 37
1 0 0 37
1 0 0 36
1 0 0 36
1 0 0 36
1 0 0 38
1 0 0 38
1 0 0 38
1 0 0 38
1 0 0 38
1 0 0 38
1 0 0 38
1 0 0 38
1 0 0 38
1 0 0 38
1 0 0 38
1 0 0 38
1 0 0 38
1 0 0 38
1 0 0 38
1 0 0 38
1 0 0 38
1 0 0 38
1 0 0 38
1 0 0 38
1 0 0 37
1 0 0 37
1 0 0 37
1 0 0 37
1 0 0 37
1 0 0 37
1 0 0 37
1 0 0 37
1 0 0 37
1 0 0 36
1 0 0 36
1 0 0 36
1 0 0 36
1 0 0 36
1 0 0 36
1 0 0 36
1 0 0 36
1 0 0 36
1 0 0 36
1 0 0 36
1 0 0 36
1 0 0 36
0.1 1 2 -1
0.1 3 4 -1
0.1 761 762 -1
0.1 7 8 -1
0.1 9 10 -1
0.1 11 12 -1
0.1 766 13 -1
0.1 14 15 -1
0.1 767 768 -1
0.1 765 769 -1
0.1 16 17 -1
0.1 18 19 -1
0.1 21 22 -1
0.1 20 773 -1
0.1 772 774 -1
0.1 771 775 -1
0.1 776 23 -1
0.1 770 777 -1
0.1 764 778 -1
0.1 6 779 -1
0.1 780 24 -1
0.1 5 781 -1
0.1 26 27 -1
0.1 25 783 -1
0.1 784 28 -1
0.1 29 30 -1
0.1 785 786 -1
0.1 782 787 -1
0.1 763 788 -1
0.1 32 33 -1
0.1 790 34 -1
0.1 35 36 -1
0.1 37 38 -1
0.1 792 793 -1
0.1 791 794 -1
0.1 31 795 -1
0.1 39 40 -1
0.1 41 42 -1
0.1 44 45 -1
0.1 799 46 -1
0.1 43 800 -1
0.1 798 801 -1
0.1 48 49 -1
0.1 47 803 -1
0.1 50 51 -1
0.1 805 52 -1
0.1 806 53 -1
0.1 804 807 -1
0.1 802 808 -1
0.1 56 57 -1
0.1 55 810 -1
0.1 54 811 -1
0.1 812 58 -1
0.1 809 813 -1
0.1 59 60 -1
0.1 814 815 -1
0.1 62 63 -1
0.1 64 65 -1
0.1 67 68 -1
0.1 66 819 -1
0.1 818 820 -1
0.1 817 821 -1
0.1 61 822 -1
0.1 69 70 -1
0.1 823 824 -1
0.1 72 73 -1
0.1 75 76 -1
0.1 77 78 -1
0.1 80 81 -1
0.1 79 829 -1
0.1 828 830 -1
0.1 827 831 -1
0.1 83 84 -1
0.1 82 833 -1
0.1 88 89 -1
0.1 87 835 -1
0.1 86 836 -1
0.1 85 837 -1
0.1 834 838 -1
0.1 832 839 -1
0.1 93 94 -1
0.1 92 841 -1
0.1 91 842 -1
0.1 90 843 -1
0.1 840 844 -1
0.1 74 845 -1
0.1 826 846 -1
0.1 71 847 -1
0.1 825 848 -1
0.1 95 96 -1
0.1 849 850 -1
0.1 99 100 -1
0.1 98 852 -1
0.1 97 853 -1
0.1 851 854 -1
0.1 102 103 -1
0.1 106 107 -1
0.1 108 109 -1
0.1 857 858 -1
0.1 105 859 -1
0.1 104 860 -1
0.1 856 861 -1
0.1 101 862 -1
0.1 112 113 -1
0.1 115 116 -1
0.1 114 865 -1
0.1 117 118 -1
0.1 866 867 -1
0.1 864 868 -1
0.1 111 869 -1
0.1 110 870 -1
0.1 863 871 -1
0.1 855 872 -1
0.1 816 873 -1
0.1 797 874 -1
0.1 122 123 -1
0.1 124 125 -1
0.1 877 126 -1
0.1 876 878 -1
0.1 121 879 -1
0.1 120 880 -1
0.1 119 881 -1
0.1 128 129 -1
0.1 127 883 -1
0.1 130 131 -1
0.1 884 885 -1
0.1 134 135 -1
0.1 133 887 -1
0.1 137 138 -1
0.1 136 889 -1
0.1 888 890 -1
0.1 132 891 -1
0.1 886 892 -1
0.1 882 893 -1
0.1 139 140 -1
0.1 142 143 -1
0.1 144 145 -1
0.1 896 897 -1
0.1 898 146 -1
0.1 141 899 -1
0.1 895 900 -1
0.1 147 148 -1
0.1 149 150 -1
0.1 902 903 -1
0.1 152 153 -1
0.1 155 156 -1
0.1 154 906 -1
0.1 905 907 -1
0.1 157 158 -1
0.1 908 909 -1
0.1 151 910 -1
0.1 904 911 -1
0.1 901 912 -1
0.1 160 161 -1
0.1 162 163 -1
0.1 914 915 -1
0.1 159 916 -1
0.1 165 166 -1
0.1 168 169 -1
0.1 167 919 -1
0.1 172 173 -1
0.1 171 921 -1
0.1 170 922 -1
0.1 175 176 -1
0.1 174 924 -1
0.1 925 177 -1
0.1 923 926 -1
0.1 920 927 -1
0.1 928 178 -1
0.1 918 929 -1
0.1 164 930 -1
0.1 917 931 -1
0.1 913 932 -1
0.1 894 933 -1
0.1 875 934 -1
0.1 935 179 -1
0.1 936 180 -1
0.1 796 937 -1
0.1 789 938 -1
0.1 181 182 -1
0.1 185 186 -1
0.1 184 941 -1
0.1 187 188 -1
0.1 942 943 -1
0.1 183 944 -1
0.1 940 945 -1
0.1 191 192 -1
0.1 193 194 -1
0.1 948 195 -1
0.1 197 198 -1
0.1 196 950 -1
0.1 949 951 -1
0.1 952 199 -1
0.1 953 200 -1
0.1 947 954 -1
0.1 190 955 -1
0.1 189 956 -1
0.1 946 957 -1
0.1 939 958 -1
0.1 203 204 -1
0.1 960 205 -1
0.1 961 206 -1
0.1 202 962 -1
0.1 208 209 -1
0.1 207 964 -1
0.1 210 211 -1
0.1 213 214 -1
0.1 212 967 -1
0.1 215 216 -1
0.1 968 969 -1
0.1 970 217 -1
0.1 966 971 -1
0.1 965 972 -1
0.1 218 219 -1
0.1 973 974 -1
0.1 963 975 -1
0.1 220 221 -1
0.1 976 977 -1
0.1 201 978 -1
0.1 223 224 -1
0.1 222 980 -1
0.1 979 981 -1
0.1 227 228 -1
0.1 229 230 -1
0.1 983 984 -1
0.1 985 231 -1
0.1 226 986 -1
0.1 225 987 -1
0.1 982 988 -1
0.1 959 989 -1
0.1 233 234 -1
0.1 991 235 -1
0.1 232 992 -1
0.1 236 237 -1
0.1 240 241 -1
0.1 239 995 -1
0.1 238 996 -1
0.1 997 242 -1
0.1 245 246 -1
0.1 244 999 -1
0.1 1000 247 -1
0.1 243 1001 -1
0.1 998 1002 -1
0.1 249 250 -1
0.1 252 253 -1
0.1 251 1005 -1
0.1 1006 254 -1
0.1 1004 1007 -1
0.1 248 1008 -1
0.1 1003 1009 -1
0.1 255 256 -1
0.1 1011 257 -1
0.1 1010 1012 -1
0.1 258 259 -1
0.1 260 261 -1
0.1 1015 262 -1
0.1 1014 1016 -1
0.1 263 264 -1
0.1 1017 1018 -1
0.1 267 268 -1
0.1 269 270 -1
0.1 1020 1021 -1
0.1 266 1022 -1
0.1 265 1023 -1
0.1 1024 271 -1
0.1 273 274 -1
0.1 272 1026 -1
0.1 276 277 -1
0.1 275 1028 -1
0.1 1027 1029 -1
0.1 1025 1030 -1
0.1 1019 1031 -1
0.1 279 280 -1
0.1 278 1033 -1
0.1 281 282 -1
0.1 284 285 -1
0.1 283 1036 -1
0.1 1035 1037 -1
0.1 1034 1038 -1
0.1 1032 1039 -1
0.1 1013 1040 -1
0.1 288 289 -1
0.1 287 1042 -1
0.1 290 291 -1
0.1 293 294 -1
0.1 1045 295 -1
0.1 292 1046 -1
0.1 1044 1047 -1
0.1 1043 1048 -1
0.1 1049 296 -1
0.1 297 298 -1
0.1 299 300 -1
0.1 1051 1052 -1
0.1 305 306 -1
0.1 304 1054 -1
0.1 303 1055 -1
0.1 302 1056 -1
0.1 301 1057 -1
0.1 1053 1058 -1
0.1 1050 1059 -1
0.1 307 308 -1
0.1 1060 1061 -1
0.1 286 1062 -1
0.1 311 312 -1
0.1 310 1064 -1
0.1 309 1065 -1
0.1 1063 1066 -1
0.1 313 314 -1
0.1 316 317 -1
0.1 318 319 -1
0.1 320 321 -1
0.1 322 323 -1
0.1 324 325 -1
0.1 1073 326 -1
0.1 327 328 -1
0.1 1074 1075 -1
0.1 1072 1076 -1
0.1 329 330 -1
0.1 331 332 -1
0.1 334 335 -1
0.1 337 338 -1
0.1 336 1081 -1
0.1 1080 1082 -1
0.1 333 1083 -1
0.1 1084 339 -1
0.1 1079 1085 -1
0.1 1078 1086 -1
0.1 1077 1087 -1
0.1 1071 1088 -1
0.1 1070 1089 -1
0.1 1090 340 -1
0.1 1069 1091 -1
0.1 315 1092 -1
0.1 1068 1093 -1
0.1 343 344 -1
0.1 342 1095 -1
0.1 341 1096 -1
0.1 345 346 -1
0.1 348 349 -1
0.1 347 1099 -1
0.1 1098 1100 -1
0.1 1097 1101 -1
0.1 353 354 -1
0.1 352 1103 -1
0.1 356 357 -1
0.1 355 1105 -1
0.1 360 361 -1
0.1 359 1107 -1
0.1 358 1108 -1
0.1 362 363 -1
0.1 365 366 -1
0.1 364 1111 -1
0.1 1110 1112 -1
0.1 1109 1113 -1
0.1 367 368 -1
0.1 369 370 -1
0.1 1116 371 -1
0.1 1115 1117 -1
0.1 1114 1118 -1
0.1 1106 1119 -1
0.1 1104 1120 -1
0.1 372 373 -1
0.1 374 375 -1
0.1 376 377 -1
0.1 1123 1124 -1
0.1 1122 1125 -1
0.1 379 380 -1
0.1 378 1127 -1
0.1 383 384 -1
0.1 382 1129 -1
0.1 381 1130 -1
0.1 385 386 -1
0.1 1132 387 -1
0.1 1131 1133 -1
0.1 1128 1134 -1
0.1 389 390 -1
0.1 388 1136 -1
0.1 1137 391 -1
0.1 1135 1138 -1
0.1 1126 1139 -1
0.1 1121 1140 -1
0.1 1141 392 -1
0.1 351 1142 -1
0.1 350 1143 -1
0.1 1102 1144 -1
0.1 1094 1145 -1
0.1 393 394 -1
0.1 396 397 -1
0.1 395 1148 -1
0.1 1147 1149 -1
0.1 1146 1150 -1
0.1 1067 1151 -1
0.1 1041 1152 -1
0.1 398 399 -1
0.1 1154 400 -1
0.1 1153 1155 -1
0.1 994 1156 -1
0.1 993 1157 -1
0.1 990 1158 -1
0.1 401 402 -1
0.1 404 405 -1
0.1 403 1161 -1
0.1 408 409 -1
0.1 411 412 -1
0.1 1164 413 -1
0.1 410 1165 -1
0.1 1163 1166 -1
0.1 407 1167 -1
0.1 406 1168 -1
0.1 1162 1169 -1
0.1 414 415 -1
0.1 1170 1171 -1
0.1 1160 1172 -1
0.1 418 419 -1
0.1 1174 420 -1
0.1 417 1175 -1
0.1 1176 421 -1
0.1 416 1177 -1
0.1 423 424 -1
0.1 1179 425 -1
0.1 1180 426 -1
0.1 422 1181 -1
0.1 427 428 -1
0.1 1183 429 -1
0.1 431 432 -1
0.1 433 434 -1
0.1 1185 1186 -1
0.1 430 1187 -1
0.1 1184 1188 -1
0.1 1182 1189 -1
0.1 437 438 -1
0.1 436 1191 -1
0.1 439 440 -1
0.1 1193 441 -1
0.1 1192 1194 -1
0.1 435 1195 -1
0.1 443 444 -1
0.1 442 1197 -1
0.1 446 447 -1
0.1 445 1199 -1
0.1 1198 1200 -1
0.1 450 451 -1
0.1 449 1202 -1
0.1 453 454 -1
0.1 455 456 -1
0.1 1204 1205 -1
0.1 458 459 -1
0.1 457 1207 -1
0.1 462 463 -1
0.1 461 1209 -1
0.1 1210 464 -1
0.1 460 1211 -1
0.1 1208 1212 -1
0.1 465 466 -1
0.1 1213 1214 -1
0.1 1206 1215 -1
0.1 452 1216 -1
0.1 467 468 -1
0.1 1217 1218 -1
0.1 1203 1219 -1
0.1 448 1220 -1
0.1 1201 1221 -1
0.1 470 471 -1
0.1 473 474 -1
0.1 472 1224 -1
0.1 1225 475 -1
0.1 478 479 -1
0.1 480 481 -1
0.1 1227 1228 -1
0.1 1229 482 -1
0.1 477 1230 -1
0.1 483 484 -1
0.1 1232 485 -1
0.1 489 490 -1
0.1 488 1234 -1
0.1 487 1235 -1
0.1 486 1236 -1
0.1 1233 1237 -1
0.1 1238 491 -1
0.1 1231 1239 -1
0.1 476 1240 -1
0.1 1226 1241 -1
0.1 493 494 -1
0.1 492 1243 -1
0.1 495 496 -1
0.1 497 498 -1
0.1 499 500 -1
0.1 1246 1247 -1
0.1 1245 1248 -1
0.1 1244 1249 -1
0.1 501 502 -1
0.1 1251 503 -1
0.1 1250 1252 -1
0.1 504 505 -1
0.1 507 508 -1
0.1 506 1255 -1
0.1 509 510 -1
0.1 1256 1257 -1
0.1 1258 511 -1
0.1 1254 1259 -1
0.1 1253 1260 -1
0.1 1242 1261 -1
0.1 1262 512 -1
0.1 1223 1263 -1
0.1 513 514 -1
0.1 1265 515 -1
0.1 1264 1266 -1
0.1 469 1267 -1
0.1 1222 1268 -1
0.1 1196 1269 -1
0.1 1190 1270 -1
0.1 1178 1271 -1
0.1 516 517 -1
0.1 1272 1273 -1
0.1 519 520 -1
0.1 521 522 -1
0.1 1275 1276 -1
0.1 524 525 -1
0.1 523 1278 -1
0.1 1279 526 -1
0.1 528 529 -1
0.1 527 1281 -1
0.1 1280 1282 -1
0.1 1277 1283 -1
0.1 532 533 -1
0.1 1285 534 -1
0.1 531 1286 -1
0.1 537 538 -1
0.1 536 1288 -1
0.1 535 1289 -1
0.1 1287 1290 -1
0.1 530 1291 -1
0.1 1284 1292 -1
0.1 518 1293 -1
0.1 541 542 -1
0.1 540 1295 -1
0.1 539 1296 -1
0.1 1294 1297 -1
0.1 544 545 -1
0.1 546 547 -1
0.1 550 551 -1
0.1 549 1301 -1
0.1 548 1302 -1
0.1 1300 1303 -1
0.1 1304 552 -1
0.1 1299 1305 -1
0.1 543 1306 -1
0.1 553 554 -1
0.1 558 559 -1
0.1 557 1309 -1
0.1 561 562 -1
0.1 560 1311 -1
0.1 563 564 -1
0.1 565 566 -1
0.1 1314 567 -1
0.1 1315 568 -1
0.1 569 570 -1
0.1 572 573 -1
0.1 1318 574 -1
0.1 1319 575 -1
0.1 1320 576 -1
0.1 571 1321 -1
0.1 1317 1322 -1
0.1 578 579 -1
0.1 577 1324 -1
0.1 1323 1325 -1
0.1 1316 1326 -1
0.1 1313 1327 -1
0.1 1312 1328 -1
0.1 580 581 -1
0.1 1329 1330 -1
0.1 1331 582 -1
0.1 1310 1332 -1
0.1 556 1333 -1
0.1 555 1334 -1
0.1 1308 1335 -1
0.1 1307 1336 -1
0.1 583 584 -1
0.1 585 586 -1
0.1 1338 1339 -1
0.1 588 589 -1
0.1 1341 590 -1
0.1 1342 591 -1
0.1 587 1343 -1
0.1 1340 1344 -1
0.1 593 594 -1
0.1 1346 595 -1
0.1 596 597 -1
0.1 1347 1348 -1
0.1 592 1349 -1
0.1 1345 1350 -1
0.1 1337 1351 -1
0.1 1298 1352 -1
0.1 598 599 -1
0.1 1353 1354 -1
0.1 1355 600 -1
0.1 1274 1356 -1
0.1 1173 1357 -1
0.1 604 605 -1
0.1 603 1359 -1
0.1 602 1360 -1
0.1 601 1361 -1
0.1 607 608 -1
0.1 610 611 -1
0.1 609 1364 -1
0.1 1363 1365 -1
0.1 606 1366 -1
0.1 612 613 -1
0.1 616 617 -1
0.1 615 1369 -1
0.1 619 620 -1
0.1 618 1371 -1
0.1 622 623 -1
0.1 621 1373 -1
0.1 624 625 -1
0.1 1375 626 -1
0.1 1376 627 -1
0.1 1374 1377 -1
0.1 1372 1378 -1
0.1 628 629 -1
0.1 1379 1380 -1
0.1 1381 630 -1
0.1 632 633 -1
0.1 634 635 -1
0.1 1383 1384 -1
0.1 1385 636 -1
0.1 631 1386 -1
0.1 1387 637 -1
0.1 1382 1388 -1
0.1 638 639 -1
0.1 1389 1390 -1
0.1 640 641 -1
0.1 642 643 -1
0.1 1392 1393 -1
0.1 644 645 -1
0.1 646 647 -1
0.1 1395 1396 -1
0.1 1397 648 -1
0.1 1398 649 -1
0.1 651 652 -1
0.1 650 1400 -1
0.1 1399 1401 -1
0.1 653 654 -1
0.1 1402 1403 -1
0.1 1394 1404 -1
0.1 1391 1405 -1
0.1 1370 1406 -1
0.1 614 1407 -1
0.1 1368 1408 -1
0.1 1367 1409 -1
0.1 1362 1410 -1
0.1 655 656 -1
0.1 658 659 -1
0.1 657 1413 -1
0.1 1414 660 -1
0.1 1412 1415 -1
0.1 664 665 -1
0.1 1417 666 -1
0.1 667 668 -1
0.1 670 671 -1
0.1 669 1420 -1
0.1 1419 1421 -1
0.1 672 673 -1
0.1 1423 674 -1
0.1 1424 675 -1
0.1 1422 1425 -1
0.1 676 677 -1
0.1 1427 678 -1
0.1 1426 1428 -1
0.1 1418 1429 -1
0.1 663 1430 -1
0.1 662 1431 -1
0.1 679 680 -1
0.1 1432 1433 -1
0.1 661 1434 -1
0.1 683 684 -1
0.1 1436 685 -1
0.1 682 1437 -1
0.1 681 1438 -1
0.1 687 688 -1
0.1 686 1440 -1
0.1 1439 1441 -1
0.1 689 690 -1
0.1 1443 691 -1
0.1 695 696 -1
0.1 694 1445 -1
0.1 693 1446 -1
0.1 699 700 -1
0.1 698 1448 -1
0.1 697 1449 -1
0.1 1447 1450 -1
0.1 692 1451 -1
0.1 1444 1452 -1
0.1 1442 1453 -1
0.1 1435 1454 -1
0.1 703 704 -1
0.1 702 1456 -1
0.1 707 708 -1
0.1 706 1458 -1
0.1 705 1459 -1
0.1 711 712 -1
0.1 710 1461 -1
0.1 709 1462 -1
0.1 1463 713 -1
0.1 714 715 -1
0.1 1464 1465 -1
0.1 1460 1466 -1
0.1 716 717 -1
0.1 720 721 -1
0.1 719 1469 -1
0.1 723 724 -1
0.1 725 726 -1
0.1 1471 1472 -1
0.1 722 1473 -1
0.1 729 730 -1
0.1 728 1475 -1
0.1 727 1476 -1
0.1 732 733 -1
0.1 1478 734 -1
0.1 731 1479 -1
0.1 1477 1480 -1
0.1 735 736 -1
0.1 1482 737 -1
0.1 1483 738 -1
0.1 1481 1484 -1
0.1 1474 1485 -1
0.1 1470 1486 -1
0.1 718 1487 -1
0.1 1468 1488 -1
0.1 741 742 -1
0.1 740 1490 -1
0.1 1491 743 -1
0.1 739 1492 -1
0.1 745 746 -1
0.1 744 1494 -1
0.1 1495 747 -1
0.1 1493 1496 -1
0.1 1489 1497 -1
0.1 1467 1498 -1
0.1 749 750 -1
0.1 1500 751 -1
0.1 748 1501 -1
0.1 752 753 -1
0.1 754 755 -1
0.1 1503 1504 -1
0.1 1502 1505 -1
0.1 758 759 -1
0.1 757 1507 -1
0.1 756 1508 -1
0.1 1509 760 -1
0.1 1506 1510 -1
0.1 1499 1511 -1
0.1 1457 1512 -1
0.1 701 1513 -1
0.1 1455 1514 -1
0.1 1416 1515 -1
0.1 1411 1516 -1
0.1 1358 1517 -1
0.1 1159 1518 -1
