1 0 0 1
1 0 0 1
1 0 0 1
1 0 0 1
1 0 0 1
1 0 0 1
1 0 0 2
1 0 0 2
1 0 0 2
1 0 0 2
1 0 0 2
1 0 0 3
1 0 0 3
1 0 0 3
1 0 0 3
1 0 0 3
1 0 0 3
1 0 0 3
1 0 0 3
1 0 0 3
1 0 0 3
1 0 0 3
1 0 0 3
1 0 0 3
1 0 0 3
1 0 0 3
1 0 0 3
1 0 0 3
1 0 0 3
1 0 0 3
1 0 0 3
1 0 0 2
1 0 0 2
1 0 0 4
1 0 0 4
1 0 0 4
1 0 0 4
1 0 0 4
1 0 0 4
1 0 0 4
1 0 0 4
1 0 0 4
1 0 0 4
1 0 0 4
1 0 0 4
1 0 0 4
1 0 0 4
1 0 0 4
1 0 0 4
1 0 0 4
1 0 0 4
1 0 0 4
1 0 0 4
1 0 0 5
1 0 0 5
1 0 0 5
1 0 0 5
1 0 0 5
1 0 0 5
1 0 0 5
1 0 0 5
1 0 0 5
1 0 0 5
1 0 0 5
1 0 0 5
1 0 0 5
1 0 0 5
1 0 0 5
1 0 0 5
1 0 0 5
1 0 0 5
1 0 0 5
1 0 0 5
1 0 0 2
1 0 0 2
1 0 0 2
1 0 0 2
1 0 0 2
1 0 0 2
1 0 0 2
1 0 0 2
1 0 0 6
1 0 0 6
1 0 0 6
1 0 0 6
1 0 0 6
1 0 0 6
1 0 0 6
1 0 0 6
1 0 0 6
1 0 0 6
1 0 0 6
1 0 0 7
1 0 0 7
1 0 0 7
1 0 0 7
1 0 0 7
1 0 0 7
1 0 0 7
1 0 0 7
1 0 0 7
1 0 0 7
1 0 0 7
1 0 0 7
1 0 0 7
1 0 0 7
1 0 0 7
1 0 0 7
1 0 0 7
1 0 0 7
1 0 0 7
1 0 0 7
1 0 0 8
1 0 0 8
1 0 0 8
1 0 0 8
1 0 0 8
1 0 0 8
1 0 0 8
1 0 0 8
1 0 0 8
1 0 0 8
1 0 0 8
1 0 0 8
1 0 0 8
1 0 0 8
1 0 0 8
1 0 0 8
1 0 0 8
1 0 0 8
1 0 0 8
1 0 0 8
1 0 0 6
1 0 0 6
1 0 0 6
1 0 0 6
1 0 0 6
1 0 0 6
1 0 0 6
1 0 0 6
1 0 0 6
1 0 0 9
1 0 0 9
1 0 0 9
1 0 0 9
1 0 0 9
1 0 0 9
1 0 0 9
1 0 0 9
1 0 0 9
1 0 0 9
1 0 0 9
1 0 0 9
1 0 0 9
1 0 0 9
1 0 0 9
1 0 0 9
1 0 0 9
1 0 0 9
1 0 0 9
1 0 0 9
1 0 0 2
1 0 0 2
1 0 0 2
1 0 0 2
1 0 0 2
1 0 0 1
1 0 0 1
1 0 0 1
1 0 0 1
1 0 0 1
1 0 0 1
1 0 0 1
1 0 0 1
1 0 0 1
1 0 0 1
1 0 0 10
1 0 0 10
1 0 0 10
1 0 0 10
1 0 0 10
1 0 0 10
1 0 0 10
1 0 0 10
1 0 0 11
1 0 0 11
1 0 0 11
1 0 0 11
1 0 0 11
1 0 0 11
1 0 0 11
1 0 0 11
1 0 0 11
1 0 0 11
1 0 0 11
1 0 0 11
1 0 0 11
1 0 0 11
1 0 0 11
1 0 0 11
1 0 0 11
1 0 0 11
1 0 0 11
1 0 0 11
1 0 0 12
1 0 0 12
1 0 0 12
1 0 0 12
1 0 0 12
1 0 0 12
1 0 0 12
1 0 0 12
1 0 0 12
1 0 0 12
1 0 0 12
1 0 0 12
1 0 0 12
1 0 0 12
1 0 0 12
1 0 0 12
1 0 0 12
1 0 0 12
1 0 0 12
1 0 0 12
1 0 0 13
1 0 0 13
1 0 0 13
1 0 0 13
1 0 0 13
1 0 0 13
1 0 0 13
1 0 0 13
1 0 0 13
1 0 0 13
1 0 0 13
1 0 0 13
1 0 0 13
1 0 0 13
1 0 0 13
1 0 0 13
1 0 0 13
1 0 0 13
1 0 0 13
1 0 0 13
1 0 0 14
1 0 0 14
1 0 0 15
1 0 0 15
1 0 0 15
1 0 0 15
1 0 0 15
1 0 0 15
1 0 0 15
1 0 0 15
1 0 0 15
1 0 0 15
1 0 0 15
1 0 0 15
1 0 0 15
1 0 0 15
1 0 0 15
1 0 0 15
1 0 0 15
1 0 0 15
1 0 0 15
1 0 0 15
1 0 0 14
1 0 0 14
1 0 0 14
1 0 0 14
1 0 0 14
1 0 0 14
1 0 0 14
1 0 0 14
1 0 0 14
1 0 0 14
1 0 0 14
1 0 0 14
1 0 0 14
1 0 0 14
1 0 0 14
1 0 0 14
1 0 0 14
1 0 0 14
1 0 0 16
1 0 0 16
1 0 0 16
1 0 0 16
1 0 0 16
1 0 0 16
1 0 0 16
1 0 0 16
1 0 0 16
1 0 0 16
1 0 0 17
1 0 0 17
1 0 0 17
1 0 0 17
1 0 0 17
1 0 0 17
1 0 0 17
1 0 0 17
1 0 0 17
1 0 0 17
1 0 0 17
1 0 0 17
1 0 0 17
1 0 0 17
1 0 0 17
1 0 0 17
1 0 0 17
1 0 0 17
1 0 0 17
1 0 0 17
1 0 0 16
1 0 0 16
1 0 0 16
1 0 0 16
1 0 0 16
1 0 0 16
1 0 0 16
1 0 0 16
1 0 0 16
1 0 0 16
1 0 0 10
1 0 0 10
1 0 0 18
1 0 0 18
1 0 0 18
1 0 0 18
1 0 0 18
1 0 0 18
1 0 0 18
1 0 0 18
1 0 0 18
1 0 0 18
1 0 0 18
1 0 0 18
1 0 0 18
1 0 0 18
1 0 0 18
1 0 0 18
1 0 0 18
1 0 0 18
1 0 0 18
1 0 0 18
1 0 0 10
1 0 0 10
1 0 0 10
1 0 0 10
1 0 0 10
1 0 0 10
1 0 0 10
1 0 0 10
1 0 0 10
1 0 0 10
1 0 0 19
1 0 0 19
1 0 0 19
1 0 0 19
1 0 0 19
1 0 0 19
1 0 0 19
1 0 0 19
1 0 0 19
1 0 0 19
1 0 0 19
1 0 0 19
1 0 0 19
1 0 0 19
1 0 0 19
1 0 0 19
1 0 0 19
1 0 0 19
1 0 0 19
1 0 0 19
1 0 0 1
1 0 0 1
1 0 0 1
1 0 0 20
1 0 0 20
1 0 0 20
1 0 0 20
1 0 0 20
1 0 0 20
1 0 0 20
1 0 0 20
1 0 0 20
1 0 0 20
1 0 0 20
1 0 0 20
1 0 0 20
1 0 0 20
1 0 0 20
1 0 0 20
1 0 0 20
1 0 0 20
1 0 0 20
1 0 0 20
1 0 0 1
1 0 0 21
1 0 0 21
1 0 0 21
1 0 0 21
1 0 0 21
1 0 0 21
1 0 0 21
1 0 0 21
1 0 0 21
1 0 0 21
1 0 0 21
1 0 0 21
1 0 0 21
1 0 0 21
1 0 0 21
1 0 0 22
1 0 0 22
1 0 0 22
1 0 0 22
1 0 0 22
1 0 0 22
1 0 0 22
1 0 0 22
1 0 0 22
1 0 0 22
1 0 0 22
1 0 0 22
1 0 0 22
1 0 0 22
1 0 0 22
1 0 0 23
1 0 0 23
1 0 0 23
1 0 0 23
1 0 0 23
1 0 0 23
1 0 0 23
1 0 0 23
1 0 0 23
1 0 0 23
1 0 0 23
1 0 0 23
1 0 0 23
1 0 0 23
1 0 0 23
1 0 0 23
1 0 0 23
1 0 0 23
1 0 0 23
1 0 0 23
1 0 0 22
1 0 0 22
1 0 0 22
1 0 0 22
1 0 0 22
1 0 0 24
1 0 0 24
1 0 0 24
1 0 0 24
1 0 0 24
1 0 0 24
1 0 0 24
1 0 0 24
1 0 0 24
1 0 0 24
1 0 0 24
1 0 0 24
1 0 0 24
1 0 0 24
1 0 0 24
1 0 0 24
1 0 0 24
1 0 0 24
1 0 0 24
1 0 0 24
1 0 0 25
1 0 0 25
1 0 0 25
1 0 0 25
1 0 0 25
1 0 0 25
1 0 0 25
1 0 0 25
1 0 0 25
1 0 0 25
1 0 0 25
1 0 0 25
1 0 0 25
1 0 0 25
1 0 0 25
1 0 0 25
1 0 0 25
1 0 0 25
1 0 0 25
1 0 0 25
1 0 0 21
1 0 0 21
1 0 0 21
1 0 0 21
1 0 0 21
1 0 0 26
1 0 0 27
1 0 0 27
1 0 0 27
1 0 0 27
1 0 0 27
1 0 0 27
1 0 0 27
1 0 0 27
1 0 0 27
1 0 0 27
1 0 0 27
1 0 0 27
1 0 0 27
1 0 0 27
1 0 0 27
1 0 0 27
1 0 0 27
1 0 0 27
1 0 0 27
1 0 0 27
1 0 0 26
1 0 0 26
1 0 0 26
1 0 0 26
1 0 0 26
1 0 0 26
1 0 0 26
1 0 0 26
1 0 0 26
1 0 0 26
1 0 0 28
1 0 0 28
1 0 0 28
1 0 0 28
1 0 0 28
1 0 0 28
1 0 0 28
1 0 0 28
1 0 0 28
1 0 0 28
1 0 0 28
1 0 0 28
1 0 0 28
1 0 0 28
1 0 0 28
1 0 0 28
1 0 0 28
1 0 0 28
1 0 0 28
1 0 0 28
1 0 0 29
1 0 0 29
1 0 0 29
1 0 0 29
1 0 0 29
1 0 0 29
1 0 0 29
1 0 0 29
1 0 0 29
1 0 0 29
1 0 0 29
1 0 0 29
1 0 0 29
1 0 0 29
1 0 0 29
1 0 0 29
1 0 0 29
1 0 0 29
1 0 0 29
1 0 0 29
1 0 0 26
1 0 0 26
1 0 0 26
1 0 0 30
1 0 0 30
1 0 0 30
1 0 0 30
1 0 0 30
1 0 0 30
1 0 0 30
1 0 0 30
1 0 0 30
1 0 0 30
1 0 0 30
1 0 0 30
1 0 0 30
1 0 0 30
1 0 0 30
1 0 0 30
1 0 0 30
1 0 0 30
1 0 0 30
1 0 0 30
1 0 0 26
1 0 0 26
1 0 0 26
1 0 0 26
1 0 0 26
1 0 0 26
1 0 0 31
1 0 0 31
1 0 0 31
1 0 0 31
1 0 0 31
1 0 0 31
1 0 0 31
1 0 0 31
1 0 0 31
1 0 0 31
1 0 0 31
1 0 0 31
1 0 0 31
1 0 0 31
1 0 0 32
1 0 0 32
1 0 0 32
1 0 0 33
1 0 0 33
1 0 0 33
1 0 0 33
1 0 0 33
1 0 0 33
1 0 0 33
1 0 0 33
1 0 0 33
1 0 0 33
1 0 0 33
1 0 0 33
1 0 0 33
1 0 0 33
1 0 0 33
1 0 0 33
1 0 0 33
1 0 0 33
1 0 0 33
1 0 0 33
1 0 0 32
1 0 0 32
1 0 0 32
1 0 0 32
1 0 0 32
1 0 0 32
1 0 0 32
1 0 0 32
1 0 0 32
1 0 0 32
1 0 0 32
1 0 0 32
1 0 0 32
1 0 0 32
1 0 0 32
1 0 0 32
1 0 0 32
1 0 0 34
1 0 0 34
1 0 0 34
1 0 0 34
1 0 0 34
1 0 0 34
1 0 0 34
1 0 0 34
1 0 0 34
1 0 0 34
1 0 0 34
1 0 0 34
1 0 0 34
1 0 0 34
1 0 0 34
1 0 0 34
1 0 0 34
1 0 0 34
1 0 0 34
1 0 0 34
1 0 0 35
1 0 0 35
1 0 0 35
1 0 0 35
1 0 0 35
1 0 0 35
1 0 0 35
1 0 0 35
1 0 0 35
1 0 0 35
1 0 0 35
1 0 0 35
1 0 0 35
1 0 0 35
1 0 0 35
1 0 0 35
1 0 0 35
1 0 0 35
1 0 0 35
1 0 0 35
1 0 0 36
1 0 0 36
1 0 0 36
1 0 0 36
1 0 0 36
1 0 0 36
1 0 0 36
1 0 0 36
1 0 0 36
1 0 0 36
1 0 0 36
1 0 0 36
1 0 0 36
1 0 0 37
1 0 0 37
1 0 0 37
1 0 0 37
1 0 0 37
1 0 0 37
1 0 0 37
1 0 0 37
1 0 0 37
1 0 0 37
1 0 0 37
1 0 0 37
1 0 0 37
1 0 0 37
1 0 0 37
1 0 0 37
1 0 0 37
1 0 0 37
1 0 0 37
1 0 0 37
1 0 0 36
1 0 0 36
1 0 0 36
1 0 0 36
1 0 0 36
1 0 0 36
1 0 0 38
1 0 0 38
1 0 0 38
1 0 0 38
1 0 0 38
1 0 0 38
1 0 0 38
1 0 0 38
1 0 0 38
1 0 0 38
1 0 0 38
1 0 0 38
1 0 0 38
1 0 0 38
1 0 0 38
1 0 0 38
1 0 0 38
1 0 0 38
1 0 0 38
1 0 0 38
1 0 0 36
1 0 0 31
1 0 0 31
1 0 0 31
1 0 0 31
1 0 0 31
1 0 0 31
0.1 2 3 -1
0.1 1 761 -1
0.1 762 4 -1
0.1 5 6 -1
0.1 8 9 -1
0.1 765 10 -1
0.1 7 766 -1
0.1 12 13 -1
0.1 14 15 -1
0.1 769 16 -1
0.1 770 17 -1
0.1 768 771 -1
0.1 19 20 -1
0.1 18 773 -1
0.1 772 774 -1
0.1 775 21 -1
0.1 25 26 -1
0.1 24 777 -1
0.1 23 778 -1
0.1 22 779 -1
0.1 27 28 -1
0.1 29 30 -1
0.1 781 782 -1
0.1 783 31 -1
0.1 780 784 -1
0.1 776 785 -1
0.1 786 32 -1
0.1 787 33 -1
0.1 11 788 -1
0.1 767 789 -1
0.1 37 38 -1
0.1 36 791 -1
0.1 35 792 -1
0.1 39 40 -1
0.1 793 794 -1
0.1 34 795 -1
0.1 41 42 -1
0.1 44 45 -1
0.1 43 798 -1
0.1 797 799 -1
0.1 46 47 -1
0.1 800 801 -1
0.1 49 50 -1
0.1 48 803 -1
0.1 51 52 -1
0.1 805 53 -1
0.1 804 806 -1
0.1 802 807 -1
0.1 796 808 -1
0.1 54 55 -1
0.1 810 56 -1
0.1 59 60 -1
0.1 58 812 -1
0.1 813 61 -1
0.1 57 814 -1
0.1 65 66 -1
0.1 64 816 -1
0.1 63 817 -1
0.1 62 818 -1
0.1 815 819 -1
0.1 68 69 -1
0.1 71 72 -1
0.1 822 73 -1
0.1 70 823 -1
0.1 821 824 -1
0.1 67 825 -1
0.1 820 826 -1
0.1 811 827 -1
0.1 74 75 -1
0.1 77 78 -1
0.1 76 830 -1
0.1 829 831 -1
0.1 80 81 -1
0.1 79 833 -1
0.1 832 834 -1
0.1 828 835 -1
0.1 809 836 -1
0.1 83 84 -1
0.1 82 838 -1
0.1 839 85 -1
0.1 86 87 -1
0.1 89 90 -1
0.1 88 842 -1
0.1 841 843 -1
0.1 840 844 -1
0.1 91 92 -1
0.1 94 95 -1
0.1 93 847 -1
0.1 96 97 -1
0.1 849 98 -1
0.1 100 101 -1
0.1 99 851 -1
0.1 102 103 -1
0.1 852 853 -1
0.1 106 107 -1
0.1 105 855 -1
0.1 104 856 -1
0.1 108 109 -1
0.1 858 110 -1
0.1 111 112 -1
0.1 859 860 -1
0.1 857 861 -1
0.1 854 862 -1
0.1 850 863 -1
0.1 848 864 -1
0.1 113 114 -1
0.1 115 116 -1
0.1 866 867 -1
0.1 117 118 -1
0.1 868 869 -1
0.1 120 121 -1
0.1 871 122 -1
0.1 119 872 -1
0.1 124 125 -1
0.1 123 874 -1
0.1 127 128 -1
0.1 126 876 -1
0.1 875 877 -1
0.1 129 130 -1
0.1 879 131 -1
0.1 878 880 -1
0.1 881 132 -1
0.1 873 882 -1
0.1 870 883 -1
0.1 865 884 -1
0.1 885 133 -1
0.1 846 886 -1
0.1 845 887 -1
0.1 134 135 -1
0.1 137 138 -1
0.1 140 141 -1
0.1 139 891 -1
0.1 890 892 -1
0.1 142 143 -1
0.1 145 146 -1
0.1 144 895 -1
0.1 147 148 -1
0.1 149 150 -1
0.1 897 898 -1
0.1 896 899 -1
0.1 151 152 -1
0.1 153 154 -1
0.1 157 158 -1
0.1 156 903 -1
0.1 159 160 -1
0.1 905 161 -1
0.1 904 906 -1
0.1 155 907 -1
0.1 902 908 -1
0.1 901 909 -1
0.1 900 910 -1
0.1 894 911 -1
0.1 893 912 -1
0.1 136 913 -1
0.1 889 914 -1
0.1 888 915 -1
0.1 162 163 -1
0.1 164 165 -1
0.1 918 166 -1
0.1 917 919 -1
0.1 916 920 -1
0.1 837 921 -1
0.1 790 922 -1
0.1 167 168 -1
0.1 924 169 -1
0.1 923 925 -1
0.1 764 926 -1
0.1 763 927 -1
0.1 173 174 -1
0.1 172 929 -1
0.1 175 176 -1
0.1 930 931 -1
0.1 171 932 -1
0.1 170 933 -1
0.1 177 178 -1
0.1 935 179 -1
0.1 180 181 -1
0.1 182 183 -1
0.1 937 938 -1
0.1 936 939 -1
0.1 940 184 -1
0.1 185 186 -1
0.1 187 188 -1
0.1 942 943 -1
0.1 189 190 -1
0.1 193 194 -1
0.1 192 946 -1
0.1 197 198 -1
0.1 196 948 -1
0.1 195 949 -1
0.1 201 202 -1
0.1 200 951 -1
0.1 199 952 -1
0.1 950 953 -1
0.1 947 954 -1
0.1 191 955 -1
0.1 945 956 -1
0.1 957 203 -1
0.1 944 958 -1
0.1 959 204 -1
0.1 205 206 -1
0.1 208 209 -1
0.1 210 211 -1
0.1 962 963 -1
0.1 964 212 -1
0.1 207 965 -1
0.1 961 966 -1
0.1 215 216 -1
0.1 214 968 -1
0.1 213 969 -1
0.1 218 219 -1
0.1 217 971 -1
0.1 220 221 -1
0.1 223 224 -1
0.1 222 974 -1
0.1 973 975 -1
0.1 972 976 -1
0.1 970 977 -1
0.1 967 978 -1
0.1 960 979 -1
0.1 230 231 -1
0.1 229 981 -1
0.1 228 982 -1
0.1 983 232 -1
0.1 227 984 -1
0.1 226 985 -1
0.1 225 986 -1
0.1 235 236 -1
0.1 234 988 -1
0.1 238 239 -1
0.1 237 990 -1
0.1 989 991 -1
0.1 233 992 -1
0.1 240 241 -1
0.1 994 242 -1
0.1 243 244 -1
0.1 995 996 -1
0.1 993 997 -1
0.1 987 998 -1
0.1 980 999 -1
0.1 245 246 -1
0.1 250 251 -1
0.1 249 1002 -1
0.1 248 1003 -1
0.1 247 1004 -1
0.1 253 254 -1
0.1 252 1006 -1
0.1 256 257 -1
0.1 255 1008 -1
0.1 1009 258 -1
0.1 1007 1010 -1
0.1 259 260 -1
0.1 263 264 -1
0.1 262 1013 -1
0.1 261 1014 -1
0.1 1012 1015 -1
0.1 1011 1016 -1
0.1 1005 1017 -1
0.1 265 266 -1
0.1 1018 1019 -1
0.1 267 268 -1
0.1 269 270 -1
0.1 1021 1022 -1
0.1 1023 271 -1
0.1 1024 272 -1
0.1 273 274 -1
0.1 1025 1026 -1
0.1 1027 275 -1
0.1 276 277 -1
0.1 278 279 -1
0.1 281 282 -1
0.1 280 1031 -1
0.1 1030 1032 -1
0.1 1029 1033 -1
0.1 1034 283 -1
0.1 1035 284 -1
0.1 1028 1036 -1
0.1 287 288 -1
0.1 286 1038 -1
0.1 285 1039 -1
0.1 289 290 -1
0.1 292 293 -1
0.1 298 299 -1
0.1 297 1043 -1
0.1 296 1044 -1
0.1 295 1045 -1
0.1 300 301 -1
0.1 302 303 -1
0.1 305 306 -1
0.1 304 1049 -1
0.1 1048 1050 -1
0.1 1047 1051 -1
0.1 307 308 -1
0.1 310 311 -1
0.1 312 313 -1
0.1 1054 1055 -1
0.1 309 1056 -1
0.1 1053 1057 -1
0.1 1058 314 -1
0.1 1052 1059 -1
0.1 1046 1060 -1
0.1 294 1061 -1
0.1 1042 1062 -1
0.1 291 1063 -1
0.1 315 316 -1
0.1 318 319 -1
0.1 317 1066 -1
0.1 1067 320 -1
0.1 321 322 -1
0.1 323 324 -1
0.1 1069 1070 -1
0.1 1068 1071 -1
0.1 1065 1072 -1
0.1 1064 1073 -1
0.1 1041 1074 -1
0.1 1040 1075 -1
0.1 1037 1076 -1
0.1 1020 1077 -1
0.1 1001 1078 -1
0.1 1000 1079 -1
0.1 1080 325 -1
0.1 1081 326 -1
0.1 941 1082 -1
0.1 328 329 -1
0.1 330 331 -1
0.1 333 334 -1
0.1 332 1086 -1
0.1 1085 1087 -1
0.1 335 336 -1
0.1 338 339 -1
0.1 337 1090 -1
0.1 1089 1091 -1
0.1 341 342 -1
0.1 340 1093 -1
0.1 1092 1094 -1
0.1 1088 1095 -1
0.1 343 344 -1
0.1 1096 1097 -1
0.1 1084 1098 -1
0.1 1099 345 -1
0.1 1100 346 -1
0.1 327 1101 -1
0.1 347 348 -1
0.1 351 352 -1
0.1 350 1104 -1
0.1 349 1105 -1
0.1 1103 1106 -1
0.1 1102 1107 -1
0.1 353 354 -1
0.1 355 356 -1
0.1 1109 1110 -1
0.1 1108 1111 -1
0.1 1083 1112 -1
0.1 359 360 -1
0.1 358 1114 -1
0.1 357 1115 -1
0.1 363 364 -1
0.1 362 1117 -1
0.1 361 1118 -1
0.1 365 366 -1
0.1 1120 367 -1
0.1 1119 1121 -1
0.1 1116 1122 -1
0.1 368 369 -1
0.1 371 372 -1
0.1 370 1125 -1
0.1 373 374 -1
0.1 1126 1127 -1
0.1 1128 375 -1
0.1 1124 1129 -1
0.1 1123 1130 -1
0.1 1131 376 -1
0.1 1113 1132 -1
0.1 377 378 -1
0.1 380 381 -1
0.1 382 383 -1
0.1 384 385 -1
0.1 386 387 -1
0.1 389 390 -1
0.1 388 1139 -1
0.1 1138 1140 -1
0.1 1141 391 -1
0.1 1137 1142 -1
0.1 393 394 -1
0.1 392 1144 -1
0.1 1143 1145 -1
0.1 1136 1146 -1
0.1 398 399 -1
0.1 397 1148 -1
0.1 396 1149 -1
0.1 395 1150 -1
0.1 1147 1151 -1
0.1 1135 1152 -1
0.1 379 1153 -1
0.1 1154 400 -1
0.1 1134 1155 -1
0.1 1133 1156 -1
0.1 934 1157 -1
0.1 928 1158 -1
0.1 401 402 -1
0.1 403 404 -1
0.1 407 408 -1
0.1 406 1162 -1
0.1 405 1163 -1
0.1 1161 1164 -1
0.1 409 410 -1
0.1 1165 1166 -1
0.1 411 412 -1
0.1 1168 413 -1
0.1 1167 1169 -1
0.1 1160 1170 -1
0.1 414 415 -1
0.1 1171 1172 -1
0.1 416 417 -1
0.1 421 422 -1
0.1 420 1175 -1
0.1 419 1176 -1
0.1 418 1177 -1
0.1 423 424 -1
0.1 1178 1179 -1
0.1 1174 1180 -1
0.1 1181 425 -1
0.1 427 428 -1
0.1 1183 429 -1
0.1 1184 430 -1
0.1 432 433 -1
0.1 431 1186 -1
0.1 434 435 -1
0.1 438 439 -1
0.1 437 1189 -1
0.1 436 1190 -1
0.1 440 441 -1
0.1 1192 442 -1
0.1 445 446 -1
0.1 444 1194 -1
0.1 448 449 -1
0.1 1196 450 -1
0.1 447 1197 -1
0.1 1195 1198 -1
0.1 443 1199 -1
0.1 1193 1200 -1
0.1 1191 1201 -1
0.1 1188 1202 -1
0.1 1187 1203 -1
0.1 1185 1204 -1
0.1 452 453 -1
0.1 451 1206 -1
0.1 1205 1207 -1
0.1 426 1208 -1
0.1 454 455 -1
0.1 1209 1210 -1
0.1 1182 1211 -1
0.1 457 458 -1
0.1 1213 459 -1
0.1 1214 460 -1
0.1 456 1215 -1
0.1 461 462 -1
0.1 463 464 -1
0.1 1217 1218 -1
0.1 1216 1219 -1
0.1 466 467 -1
0.1 1221 468 -1
0.1 469 470 -1
0.1 1222 1223 -1
0.1 465 1224 -1
0.1 1220 1225 -1
0.1 1212 1226 -1
0.1 473 474 -1
0.1 472 1228 -1
0.1 471 1229 -1
0.1 476 477 -1
0.1 478 479 -1
0.1 482 483 -1
0.1 481 1233 -1
0.1 480 1234 -1
0.1 485 486 -1
0.1 484 1236 -1
0.1 1235 1237 -1
0.1 1232 1238 -1
0.1 1231 1239 -1
0.1 488 489 -1
0.1 490 491 -1
0.1 1241 1242 -1
0.1 494 495 -1
0.1 493 1244 -1
0.1 492 1245 -1
0.1 1243 1246 -1
0.1 487 1247 -1
0.1 1240 1248 -1
0.1 475 1249 -1
0.1 1230 1250 -1
0.1 1227 1251 -1
0.1 1252 496 -1
0.1 1253 497 -1
0.1 1254 498 -1
0.1 499 500 -1
0.1 1255 1256 -1
0.1 1173 1257 -1
0.1 503 504 -1
0.1 502 1259 -1
0.1 506 507 -1
0.1 508 509 -1
0.1 511 512 -1
0.1 510 1263 -1
0.1 514 515 -1
0.1 516 517 -1
0.1 1265 1266 -1
0.1 513 1267 -1
0.1 1264 1268 -1
0.1 518 519 -1
0.1 1269 1270 -1
0.1 1262 1271 -1
0.1 1261 1272 -1
0.1 505 1273 -1
0.1 520 521 -1
0.1 1274 1275 -1
0.1 1260 1276 -1
0.1 501 1277 -1
0.1 523 524 -1
0.1 522 1279 -1
0.1 526 527 -1
0.1 525 1281 -1
0.1 1280 1282 -1
0.1 1278 1283 -1
0.1 529 530 -1
0.1 533 534 -1
0.1 1286 535 -1
0.1 532 1287 -1
0.1 537 538 -1
0.1 540 541 -1
0.1 539 1290 -1
0.1 1289 1291 -1
0.1 536 1292 -1
0.1 542 543 -1
0.1 544 545 -1
0.1 547 548 -1
0.1 1296 549 -1
0.1 546 1297 -1
0.1 1298 550 -1
0.1 1295 1299 -1
0.1 1294 1300 -1
0.1 1301 551 -1
0.1 1293 1302 -1
0.1 1288 1303 -1
0.1 552 553 -1
0.1 554 555 -1
0.1 1305 1306 -1
0.1 556 557 -1
0.1 1307 1308 -1
0.1 558 559 -1
0.1 1310 560 -1
0.1 1309 1311 -1
0.1 562 563 -1
0.1 561 1313 -1
0.1 564 565 -1
0.1 1315 566 -1
0.1 567 568 -1
0.1 570 571 -1
0.1 569 1318 -1
0.1 1317 1319 -1
0.1 1316 1320 -1
0.1 1314 1321 -1
0.1 1312 1322 -1
0.1 1304 1323 -1
0.1 531 1324 -1
0.1 1285 1325 -1
0.1 528 1326 -1
0.1 573 574 -1
0.1 572 1328 -1
0.1 1327 1329 -1
0.1 1284 1330 -1
0.1 575 576 -1
0.1 577 578 -1
0.1 1332 1333 -1
0.1 580 581 -1
0.1 579 1335 -1
0.1 1336 582 -1
0.1 1334 1337 -1
0.1 585 586 -1
0.1 584 1339 -1
0.1 1340 587 -1
0.1 583 1341 -1
0.1 1338 1342 -1
0.1 589 590 -1
0.1 1344 591 -1
0.1 592 593 -1
0.1 1346 594 -1
0.1 1345 1347 -1
0.1 588 1348 -1
0.1 1343 1349 -1
0.1 1331 1350 -1
0.1 595 596 -1
0.1 597 598 -1
0.1 599 600 -1
0.1 1353 1354 -1
0.1 1352 1355 -1
0.1 1351 1356 -1
0.1 1258 1357 -1
0.1 603 604 -1
0.1 1359 605 -1
0.1 602 1360 -1
0.1 601 1361 -1
0.1 608 609 -1
0.1 607 1363 -1
0.1 610 611 -1
0.1 1364 1365 -1
0.1 606 1366 -1
0.1 612 613 -1
0.1 616 617 -1
0.1 615 1369 -1
0.1 620 621 -1
0.1 619 1371 -1
0.1 624 625 -1
0.1 623 1373 -1
0.1 622 1374 -1
0.1 626 627 -1
0.1 1376 628 -1
0.1 1375 1377 -1
0.1 1372 1378 -1
0.1 629 630 -1
0.1 1379 1380 -1
0.1 618 1381 -1
0.1 634 635 -1
0.1 636 637 -1
0.1 1383 1384 -1
0.1 633 1385 -1
0.1 632 1386 -1
0.1 631 1387 -1
0.1 1382 1388 -1
0.1 638 639 -1
0.1 1389 1390 -1
0.1 640 641 -1
0.1 642 643 -1
0.1 1392 1393 -1
0.1 646 647 -1
0.1 648 649 -1
0.1 1395 1396 -1
0.1 645 1397 -1
0.1 644 1398 -1
0.1 651 652 -1
0.1 650 1400 -1
0.1 653 654 -1
0.1 1401 1402 -1
0.1 1399 1403 -1
0.1 1394 1404 -1
0.1 1391 1405 -1
0.1 1370 1406 -1
0.1 614 1407 -1
0.1 1368 1408 -1
0.1 1367 1409 -1
0.1 1362 1410 -1
0.1 656 657 -1
0.1 655 1412 -1
0.1 659 660 -1
0.1 658 1414 -1
0.1 664 665 -1
0.1 663 1416 -1
0.1 662 1417 -1
0.1 661 1418 -1
0.1 1415 1419 -1
0.1 1413 1420 -1
0.1 666 667 -1
0.1 669 670 -1
0.1 668 1423 -1
0.1 1422 1424 -1
0.1 671 672 -1
0.1 1426 673 -1
0.1 1427 674 -1
0.1 1425 1428 -1
0.1 1421 1429 -1
0.1 675 676 -1
0.1 678 679 -1
0.1 1432 680 -1
0.1 1433 681 -1
0.1 677 1434 -1
0.1 683 684 -1
0.1 682 1436 -1
0.1 1435 1437 -1
0.1 1431 1438 -1
0.1 687 688 -1
0.1 686 1440 -1
0.1 685 1441 -1
0.1 690 691 -1
0.1 689 1443 -1
0.1 1444 692 -1
0.1 1442 1445 -1
0.1 1446 693 -1
0.1 1447 694 -1
0.1 1439 1448 -1
0.1 1430 1449 -1
0.1 695 696 -1
0.1 697 698 -1
0.1 1451 1452 -1
0.1 700 701 -1
0.1 1454 702 -1
0.1 699 1455 -1
0.1 1456 703 -1
0.1 1453 1457 -1
0.1 706 707 -1
0.1 705 1459 -1
0.1 704 1460 -1
0.1 1458 1461 -1
0.1 708 709 -1
0.1 710 711 -1
0.1 1463 1464 -1
0.1 714 715 -1
0.1 1466 716 -1
0.1 713 1467 -1
0.1 712 1468 -1
0.1 1465 1469 -1
0.1 718 719 -1
0.1 1471 720 -1
0.1 717 1472 -1
0.1 723 724 -1
0.1 722 1474 -1
0.1 1475 725 -1
0.1 721 1476 -1
0.1 726 727 -1
0.1 1477 1478 -1
0.1 1473 1479 -1
0.1 728 729 -1
0.1 1481 730 -1
0.1 1480 1482 -1
0.1 1470 1483 -1
0.1 731 732 -1
0.1 735 736 -1
0.1 734 1486 -1
0.1 737 738 -1
0.1 739 740 -1
0.1 1488 1489 -1
0.1 1490 741 -1
0.1 743 744 -1
0.1 1492 745 -1
0.1 742 1493 -1
0.1 747 748 -1
0.1 1495 749 -1
0.1 746 1496 -1
0.1 752 753 -1
0.1 751 1498 -1
0.1 750 1499 -1
0.1 1497 1500 -1
0.1 1494 1501 -1
0.1 1491 1502 -1
0.1 1487 1503 -1
0.1 733 1504 -1
0.1 1485 1505 -1
0.1 1484 1506 -1
0.1 1462 1507 -1
0.1 1508 754 -1
0.1 1450 1509 -1
0.1 1411 1510 -1
0.1 755 756 -1
0.1 759 760 -1
0.1 758 1513 -1
0.1 757 1514 -1
0.1 1512 1515 -1
0.1 1511 1516 -1
0.1 1358 1517 -1
0.1 1159 1518 -1
