1 0 0 1
1 0 0 1
1 0 0 1
1 0 0 1
1 0 0 1
1 0 0 1
1 0 0 1
1 0 0 1
1 0 0 1
1 0 0 1
1 0 0 1
1 0 0 1
1 0 0 1
1 0 0 1
1 0 0 1
1 0 0 1
1 0 0 1
1 0 0 1
1 0 0 1
1 0 0 1
1 0 0 2
1 0 0 2
1 0 0 2
1 0 0 2
1 0 0 2
1 0 0 2
1 0 0 2
1 0 0 2
1 0 0 2
1 0 0 2
1 0 0 2
1 0 0 2
1 0 0 2
1 0 0 2
1 0 0 2
1 0 0 2
1 0 0 2
1 0 0 2
1 0 0 2
1 0 0 2
1 0 0 3
1 0 0 3
1 0 0 3
1 0 0 3
1 0 0 3
1 0 0 3
1 0 0 3
1 0 0 3
1 0 0 3
1 0 0 3
1 0 0 3
1 0 0 3
1 0 0 3
1 0 0 3
1 0 0 3
1 0 0 3
1 0 0 3
1 0 0 3
1 0 0 3
1 0 0 3
1 0 0 4
1 0 0 4
1 0 0 4
1 0 0 4
1 0 0 4
1 0 0 4
1 0 0 4
1 0 0 4
1 0 0 4
1 0 0 4
1 0 0 4
1 0 0 4
1 0 0 4
1 0 0 4
1 0 0 4
1 0 0 4
1 0 0 4
1 0 0 4
1 0 0 4
1 0 0 4
1 0 0 5
1 0 0 5
1 0 0 5
1 0 0 5
1 0 0 5
1 0 0 5
1 0 0 5
1 0 0 5
1 0 0 5
1 0 0 5
1 0 0 5
1 0 0 6
1 0 0 6
1 0 0 6
1 0 0 6
1 0 0 6
1 0 0 6
1 0 0 6
1 0 0 6
1 0 0 6
1 0 0 6
1 0 0 6
1 0 0 6
1 0 0 6
1 0 0 6
1 0 0 6
1 0 0 6
1 0 0 6
1 0 0 6
1 0 0 6
1 0 0 6
1 0 0 7
1 0 0 7
1 0 0 7
1 0 0 7
1 0 0 7
1 0 0 7
1 0 0 7
1 0 0 7
1 0 0 7
1 0 0 7
1 0 0 7
1 0 0 7
1 0 0 7
1 0 0 7
1 0 0 7
1 0 0 7
1 0 0 7
1 0 0 7
1 0 0 7
1 0 0 7
1 0 0 8
1 0 0 8
1 0 0 8
1 0 0 8
1 0 0 8
1 0 0 8
1 0 0 8
1 0 0 8
1 0 0 8
1 0 0 8
1 0 0 8
1 0 0 8
1 0 0 8
1 0 0 8
1 0 0 8
1 0 0 8
1 0 0 8
1 0 0 8
1 0 0 8
1 0 0 8
1 0 0 9
1 0 0 9
1 0 0 9
1 0 0 10
1 0 0 10
1 0 0 10
1 0 0 10
1 0 0 10
1 0 0 10
1 0 0 10
1 0 0 10
1 0 0 10
1 0 0 10
1 0 0 10
1 0 0 10
1 0 0 10
1 0 0 10
1 0 0 10
1 0 0 10
1 0 0 10
1 0 0 10
1 0 0 10
1 0 0 10
1 0 0 11
1 0 0 11
1 0 0 11
1 0 0 11
1 0 0 11
1 0 0 12
1 0 0 12
1 0 0 12
1 0 0 12
1 0 0 12
1 0 0 12
1 0 0 12
1 0 0 12
1 0 0 12
1 0 0 12
1 0 0 12
1 0 0 12
1 0 0 12
1 0 0 12
1 0 0 12
1 0 0 12
1 0 0 12
1 0 0 12
1 0 0 12
1 0 0 12
1 0 0 13
1 0 0 13
1 0 0 13
1 0 0 13
1 0 0 13
1 0 0 13
1 0 0 13
1 0 0 13
1 0 0 13
1 0 0 14
1 0 0 14
1 0 0 14
1 0 0 14
1 0 0 14
1 0 0 14
1 0 0 14
1 0 0 14
1 0 0 14
1 0 0 14
1 0 0 14
1 0 0 14
1 0 0 15
1 0 0 15
1 0 0 15
1 0 0 15
1 0 0 16
1 0 0 16
1 0 0 16
1 0 0 16
1 0 0 16
1 0 0 16
1 0 0 16
1 0 0 16
1 0 0 16
1 0 0 16
1 0 0 16
1 0 0 16
1 0 0 16
1 0 0 16
1 0 0 16
1 0 0 16
1 0 0 16
1 0 0 16
1 0 0 16
1 0 0 16
1 0 0 15
1 0 0 15
1 0 0 15
1 0 0 15
1 0 0 15
1 0 0 15
1 0 0 15
1 0 0 15
1 0 0 15
1 0 0 15
1 0 0 15
1 0 0 15
1 0 0 15
1 0 0 15
1 0 0 15
1 0 0 15
1 0 0 14
1 0 0 14
1 0 0 14
1 0 0 14
1 0 0 14
1 0 0 14
1 0 0 14
1 0 0 14
1 0 0 11
1 0 0 11
1 0 0 11
1 0 0 11
1 0 0 11
1 0 0 11
1 0 0 11
1 0 0 11
1 0 0 11
1 0 0 11
1 0 0 11
1 0 0 11
1 0 0 11
1 0 0 11
1 0 0 11
1 0 0 13
1 0 0 13
1 0 0 13
1 0 0 13
1 0 0 13
1 0 0 13
1 0 0 13
1 0 0 13
1 0 0 13
1 0 0 13
1 0 0 13
1 0 0 17
1 0 0 17
1 0 0 17
1 0 0 17
1 0 0 17
1 0 0 17
1 0 0 17
1 0 0 17
1 0 0 17
1 0 0 17
1 0 0 17
1 0 0 17
1 0 0 17
1 0 0 17
1 0 0 17
1 0 0 17
1 0 0 17
1 0 0 17
1 0 0 17
1 0 0 17
1 0 0 9
1 0 0 9
1 0 0 9
1 0 0 9
1 0 0 9
1 0 0 9
1 0 0 9
1 0 0 9
1 0 0 9
1 0 0 9
1 0 0 9
1 0 0 9
1 0 0 9
1 0 0 9
1 0 0 9
1 0 0 9
1 0 0 18
1 0 0 18
1 0 0 18
1 0 0 18
1 0 0 18
1 0 0 18
1 0 0 18
1 0 0 18
1 0 0 18
1 0 0 18
1 0 0 18
1 0 0 18
1 0 0 18
1 0 0 18
1 0 0 18
1 0 0 18
1 0 0 18
1 0 0 18
1 0 0 18
1 0 0 18
1 0 0 19
1 0 0 19
1 0 0 19
1 0 0 19
1 0 0 19
1 0 0 19
1 0 0 19
1 0 0 19
1 0 0 19
1 0 0 19
1 0 0 19
1 0 0 19
1 0 0 19
1 0 0 19
1 0 0 19
1 0 0 19
1 0 0 19
1 0 0 19
1 0 0 19
1 0 0 19
1 0 0 9
1 0 0 5
1 0 0 5
1 0 0 5
1 0 0 5
1 0 0 5
1 0 0 5
1 0 0 5
1 0 0 5
1 0 0 5
1 0 0 20
1 0 0 20
1 0 0 20
1 0 0 20
1 0 0 20
1 0 0 20
1 0 0 20
1 0 0 20
1 0 0 20
1 0 0 20
1 0 0 20
1 0 0 20
1 0 0 20
1 0 0 20
1 0 0 20
1 0 0 20
1 0 0 20
1 0 0 20
1 0 0 20
1 0 0 20
1 0 0 21
1 0 0 21
1 0 0 21
1 0 0 21
1 0 0 22
1 0 0 22
1 0 0 22
1 0 0 22
1 0 0 22
1 0 0 22
1 0 0 22
1 0 0 22
1 0 0 22
1 0 0 22
1 0 0 22
1 0 0 22
1 0 0 22
1 0 0 22
1 0 0 22
1 0 0 22
1 0 0 22
1 0 0 22
1 0 0 22
1 0 0 22
1 0 0 21
1 0 0 21
1 0 0 21
1 0 0 21
1 0 0 21
1 0 0 21
1 0 0 21
1 0 0 21
1 0 0 21
1 0 0 21
1 0 0 21
1 0 0 21
1 0 0 21
1 0 0 21
1 0 0 21
1 0 0 21
1 0 0 23
1 0 0 23
1 0 0 24
1 0 0 24
1 0 0 24
1 0 0 24
1 0 0 24
1 0 0 24
1 0 0 24
1 0 0 24
1 0 0 24
1 0 0 24
1 0 0 24
1 0 0 24
1 0 0 25
1 0 0 25
1 0 0 25
1 0 0 25
1 0 0 25
1 0 0 25
1 0 0 25
1 0 0 25
1 0 0 25
1 0 0 25
1 0 0 25
1 0 0 25
1 0 0 25
1 0 0 25
1 0 0 25
1 0 0 25
1 0 0 25
1 0 0 25
1 0 0 25
1 0 0 25
1 0 0 24
1 0 0 26
1 0 0 26
1 0 0 26
1 0 0 26
1 0 0 26
1 0 0 26
1 0 0 26
1 0 0 26
1 0 0 26
1 0 0 26
1 0 0 26
1 0 0 26
1 0 0 26
1 0 0 26
1 0 0 26
1 0 0 26
1 0 0 26
1 0 0 26
1 0 0 26
1 0 0 26
1 0 0 27
1 0 0 27
1 0 0 27
1 0 0 27
1 0 0 27
1 0 0 27
1 0 0 27
1 0 0 27
1 0 0 27
1 0 0 27
1 0 0 27
1 0 0 27
1 0 0 27
1 0 0 27
1 0 0 27
1 0 0 27
1 0 0 27
1 0 0 27
1 0 0 27
1 0 0 27
1 0 0 24
1 0 0 24
1 0 0 24
1 0 0 24
1 0 0 24
1 0 0 24
1 0 0 24
1 0 0 23
1 0 0 23
1 0 0 23
1 0 0 23
1 0 0 28
1 0 0 28
1 0 0 28
1 0 0 28
1 0 0 28
1 0 0 28
1 0 0 28
1 0 0 28
1 0 0 28
1 0 0 28
1 0 0 28
1 0 0 28
1 0 0 28
1 0 0 28
1 0 0 28
1 0 0 28
1 0 0 28
1 0 0 28
1 0 0 28
1 0 0 28
1 0 0 23
1 0 0 23
1 0 0 23
1 0 0 23
1 0 0 23
1 0 0 23
1 0 0 23
1 0 0 23
1 0 0 23
1 0 0 23
1 0 0 23
1 0 0 23
1 0 0 23
1 0 0 23
0.1 1 2 -1
0.1 3 4 -1
0.1 561 562 -1
0.1 6 7 -1
0.1 564 8 -1
0.1 9 10 -1
0.1 565 566 -1
0.1 5 567 -1
0.1 13 14 -1
0.1 12 569 -1
0.1 15 16 -1
0.1 570 571 -1
0.1 572 17 -1
0.1 18 19 -1
0.1 574 20 -1
0.1 573 575 -1
0.1 11 576 -1
0.1 568 577 -1
0.1 563 578 -1
0.1 21 22 -1
0.1 26 27 -1
0.1 25 581 -1
0.1 24 582 -1
0.1 23 583 -1
0.1 30 31 -1
0.1 585 32 -1
0.1 29 586 -1
0.1 28 587 -1
0.1 33 34 -1
0.1 589 35 -1
0.1 37 38 -1
0.1 36 591 -1
0.1 590 592 -1
0.1 588 593 -1
0.1 39 40 -1
0.1 43 44 -1
0.1 42 596 -1
0.1 41 597 -1
0.1 598 45 -1
0.1 46 47 -1
0.1 600 48 -1
0.1 49 50 -1
0.1 602 51 -1
0.1 601 603 -1
0.1 52 53 -1
0.1 56 57 -1
0.1 55 606 -1
0.1 54 607 -1
0.1 605 608 -1
0.1 58 59 -1
0.1 609 610 -1
0.1 611 60 -1
0.1 604 612 -1
0.1 599 613 -1
0.1 595 614 -1
0.1 594 615 -1
0.1 584 616 -1
0.1 63 64 -1
0.1 62 618 -1
0.1 66 67 -1
0.1 65 620 -1
0.1 619 621 -1
0.1 69 70 -1
0.1 68 623 -1
0.1 622 624 -1
0.1 73 74 -1
0.1 72 626 -1
0.1 71 627 -1
0.1 75 76 -1
0.1 629 77 -1
0.1 78 79 -1
0.1 631 80 -1
0.1 630 632 -1
0.1 628 633 -1
0.1 625 634 -1
0.1 61 635 -1
0.1 617 636 -1
0.1 637 81 -1
0.1 580 638 -1
0.1 579 639 -1
0.1 640 82 -1
0.1 84 85 -1
0.1 83 642 -1
0.1 89 90 -1
0.1 88 644 -1
0.1 87 645 -1
0.1 646 91 -1
0.1 86 647 -1
0.1 643 648 -1
0.1 641 649 -1
0.1 92 93 -1
0.1 96 97 -1
0.1 95 652 -1
0.1 94 653 -1
0.1 651 654 -1
0.1 98 99 -1
0.1 102 103 -1
0.1 101 657 -1
0.1 100 658 -1
0.1 656 659 -1
0.1 104 105 -1
0.1 661 106 -1
0.1 108 109 -1
0.1 107 663 -1
0.1 662 664 -1
0.1 110 111 -1
0.1 665 666 -1
0.1 660 667 -1
0.1 655 668 -1
0.1 112 113 -1
0.1 116 117 -1
0.1 115 671 -1
0.1 114 672 -1
0.1 670 673 -1
0.1 118 119 -1
0.1 674 675 -1
0.1 120 121 -1
0.1 123 124 -1
0.1 122 678 -1
0.1 125 126 -1
0.1 679 680 -1
0.1 677 681 -1
0.1 682 127 -1
0.1 676 683 -1
0.1 129 130 -1
0.1 685 131 -1
0.1 128 686 -1
0.1 684 687 -1
0.1 669 688 -1
0.1 132 133 -1
0.1 134 135 -1
0.1 136 137 -1
0.1 691 692 -1
0.1 690 693 -1
0.1 689 694 -1
0.1 695 138 -1
0.1 696 139 -1
0.1 140 141 -1
0.1 142 143 -1
0.1 144 145 -1
0.1 146 147 -1
0.1 701 148 -1
0.1 700 702 -1
0.1 699 703 -1
0.1 698 704 -1
0.1 150 151 -1
0.1 149 706 -1
0.1 153 154 -1
0.1 152 708 -1
0.1 158 159 -1
0.1 157 710 -1
0.1 156 711 -1
0.1 161 162 -1
0.1 713 163 -1
0.1 160 714 -1
0.1 165 166 -1
0.1 167 168 -1
0.1 170 171 -1
0.1 169 718 -1
0.1 717 719 -1
0.1 716 720 -1
0.1 164 721 -1
0.1 715 722 -1
0.1 172 173 -1
0.1 724 174 -1
0.1 723 725 -1
0.1 712 726 -1
0.1 155 727 -1
0.1 176 177 -1
0.1 729 178 -1
0.1 730 179 -1
0.1 175 731 -1
0.1 181 182 -1
0.1 183 184 -1
0.1 734 185 -1
0.1 733 735 -1
0.1 187 188 -1
0.1 191 192 -1
0.1 190 738 -1
0.1 189 739 -1
0.1 737 740 -1
0.1 194 195 -1
0.1 193 742 -1
0.1 196 197 -1
0.1 743 744 -1
0.1 741 745 -1
0.1 198 199 -1
0.1 746 747 -1
0.1 186 748 -1
0.1 736 749 -1
0.1 180 750 -1
0.1 201 202 -1
0.1 203 204 -1
0.1 752 753 -1
0.1 200 754 -1
0.1 206 207 -1
0.1 205 756 -1
0.1 755 757 -1
0.1 210 211 -1
0.1 209 759 -1
0.1 213 214 -1
0.1 212 761 -1
0.1 217 218 -1
0.1 219 220 -1
0.1 763 764 -1
0.1 216 765 -1
0.1 215 766 -1
0.1 762 767 -1
0.1 223 224 -1
0.1 222 769 -1
0.1 221 770 -1
0.1 226 227 -1
0.1 229 230 -1
0.1 773 231 -1
0.1 232 233 -1
0.1 774 775 -1
0.1 236 237 -1
0.1 235 777 -1
0.1 234 778 -1
0.1 776 779 -1
0.1 228 780 -1
0.1 781 238 -1
0.1 772 782 -1
0.1 225 783 -1
0.1 242 243 -1
0.1 241 785 -1
0.1 786 244 -1
0.1 240 787 -1
0.1 239 788 -1
0.1 784 789 -1
0.1 790 245 -1
0.1 791 246 -1
0.1 771 792 -1
0.1 247 248 -1
0.1 249 250 -1
0.1 255 256 -1
0.1 254 796 -1
0.1 253 797 -1
0.1 252 798 -1
0.1 799 257 -1
0.1 800 258 -1
0.1 801 259 -1
0.1 802 260 -1
0.1 251 803 -1
0.1 795 804 -1
0.1 794 805 -1
0.1 793 806 -1
0.1 768 807 -1
0.1 261 262 -1
0.1 809 263 -1
0.1 810 264 -1
0.1 267 268 -1
0.1 266 812 -1
0.1 265 813 -1
0.1 811 814 -1
0.1 808 815 -1
0.1 760 816 -1
0.1 208 817 -1
0.1 758 818 -1
0.1 751 819 -1
0.1 269 270 -1
0.1 271 272 -1
0.1 273 274 -1
0.1 822 823 -1
0.1 280 281 -1
0.1 279 825 -1
0.1 278 826 -1
0.1 277 827 -1
0.1 828 282 -1
0.1 276 829 -1
0.1 275 830 -1
0.1 824 831 -1
0.1 821 832 -1
0.1 833 283 -1
0.1 285 286 -1
0.1 284 835 -1
0.1 287 288 -1
0.1 291 292 -1
0.1 838 293 -1
0.1 839 294 -1
0.1 290 840 -1
0.1 289 841 -1
0.1 837 842 -1
0.1 836 843 -1
0.1 834 844 -1
0.1 820 845 -1
0.1 732 846 -1
0.1 728 847 -1
0.1 297 298 -1
0.1 849 299 -1
0.1 296 850 -1
0.1 295 851 -1
0.1 302 303 -1
0.1 301 853 -1
0.1 854 304 -1
0.1 300 855 -1
0.1 856 305 -1
0.1 852 857 -1
0.1 308 309 -1
0.1 307 859 -1
0.1 306 860 -1
0.1 311 312 -1
0.1 862 313 -1
0.1 310 863 -1
0.1 864 314 -1
0.1 861 865 -1
0.1 858 866 -1
0.1 848 867 -1
0.1 316 317 -1
0.1 318 319 -1
0.1 869 870 -1
0.1 871 320 -1
0.1 315 872 -1
0.1 321 322 -1
0.1 323 324 -1
0.1 874 875 -1
0.1 326 327 -1
0.1 325 877 -1
0.1 876 878 -1
0.1 332 333 -1
0.1 331 880 -1
0.1 334 335 -1
0.1 336 337 -1
0.1 883 338 -1
0.1 882 884 -1
0.1 881 885 -1
0.1 340 341 -1
0.1 339 887 -1
0.1 342 343 -1
0.1 888 889 -1
0.1 886 890 -1
0.1 345 346 -1
0.1 344 892 -1
0.1 347 348 -1
0.1 349 350 -1
0.1 894 895 -1
0.1 893 896 -1
0.1 891 897 -1
0.1 353 354 -1
0.1 355 356 -1
0.1 900 357 -1
0.1 899 901 -1
0.1 902 358 -1
0.1 359 360 -1
0.1 904 361 -1
0.1 903 905 -1
0.1 352 906 -1
0.1 351 907 -1
0.1 363 364 -1
0.1 909 365 -1
0.1 369 370 -1
0.1 368 911 -1
0.1 367 912 -1
0.1 366 913 -1
0.1 910 914 -1
0.1 362 915 -1
0.1 908 916 -1
0.1 898 917 -1
0.1 330 918 -1
0.1 329 919 -1
0.1 328 920 -1
0.1 879 921 -1
0.1 922 371 -1
0.1 873 923 -1
0.1 868 924 -1
0.1 709 925 -1
0.1 707 926 -1
0.1 705 927 -1
0.1 697 928 -1
0.1 650 929 -1
0.1 374 375 -1
0.1 373 931 -1
0.1 372 932 -1
0.1 376 377 -1
0.1 379 380 -1
0.1 378 935 -1
0.1 934 936 -1
0.1 933 937 -1
0.1 381 382 -1
0.1 384 385 -1
0.1 383 940 -1
0.1 386 387 -1
0.1 942 388 -1
0.1 390 391 -1
0.1 944 392 -1
0.1 389 945 -1
0.1 943 946 -1
0.1 941 947 -1
0.1 393 394 -1
0.1 949 395 -1
0.1 397 398 -1
0.1 951 399 -1
0.1 952 400 -1
0.1 396 953 -1
0.1 950 954 -1
0.1 948 955 -1
0.1 939 956 -1
0.1 403 404 -1
0.1 402 958 -1
0.1 401 959 -1
0.1 406 407 -1
0.1 405 961 -1
0.1 408 409 -1
0.1 963 410 -1
0.1 964 411 -1
0.1 965 412 -1
0.1 413 414 -1
0.1 415 416 -1
0.1 968 417 -1
0.1 418 419 -1
0.1 969 970 -1
0.1 967 971 -1
0.1 966 972 -1
0.1 421 422 -1
0.1 423 424 -1
0.1 974 975 -1
0.1 420 976 -1
0.1 973 977 -1
0.1 962 978 -1
0.1 426 427 -1
0.1 980 428 -1
0.1 425 981 -1
0.1 430 431 -1
0.1 429 983 -1
0.1 982 984 -1
0.1 985 432 -1
0.1 979 986 -1
0.1 960 987 -1
0.1 988 433 -1
0.1 434 435 -1
0.1 990 436 -1
0.1 438 439 -1
0.1 437 992 -1
0.1 993 440 -1
0.1 991 994 -1
0.1 989 995 -1
0.1 441 442 -1
0.1 444 445 -1
0.1 998 446 -1
0.1 443 999 -1
0.1 447 448 -1
0.1 450 451 -1
0.1 453 454 -1
0.1 452 1003 -1
0.1 1002 1004 -1
0.1 449 1005 -1
0.1 1001 1006 -1
0.1 456 457 -1
0.1 1008 458 -1
0.1 460 461 -1
0.1 459 1010 -1
0.1 465 466 -1
0.1 464 1012 -1
0.1 463 1013 -1
0.1 462 1014 -1
0.1 1011 1015 -1
0.1 468 469 -1
0.1 467 1017 -1
0.1 1016 1018 -1
0.1 1009 1019 -1
0.1 455 1020 -1
0.1 472 473 -1
0.1 1022 474 -1
0.1 471 1023 -1
0.1 470 1024 -1
0.1 1021 1025 -1
0.1 476 477 -1
0.1 478 479 -1
0.1 480 481 -1
0.1 483 484 -1
0.1 482 1030 -1
0.1 1029 1031 -1
0.1 1028 1032 -1
0.1 1027 1033 -1
0.1 487 488 -1
0.1 486 1035 -1
0.1 490 491 -1
0.1 489 1037 -1
0.1 1036 1038 -1
0.1 485 1039 -1
0.1 492 493 -1
0.1 494 495 -1
0.1 1041 1042 -1
0.1 1040 1043 -1
0.1 1034 1044 -1
0.1 475 1045 -1
0.1 1026 1046 -1
0.1 1007 1047 -1
0.1 1000 1048 -1
0.1 498 499 -1
0.1 497 1050 -1
0.1 500 501 -1
0.1 1051 1052 -1
0.1 1053 502 -1
0.1 496 1054 -1
0.1 503 504 -1
0.1 506 507 -1
0.1 505 1057 -1
0.1 1056 1058 -1
0.1 1055 1059 -1
0.1 509 510 -1
0.1 508 1061 -1
0.1 1060 1062 -1
0.1 512 513 -1
0.1 511 1064 -1
0.1 514 515 -1
0.1 1065 1066 -1
0.1 1063 1067 -1
0.1 1068 516 -1
0.1 517 518 -1
0.1 519 520 -1
0.1 1070 1071 -1
0.1 1069 1072 -1
0.1 1073 521 -1
0.1 1049 1074 -1
0.1 1075 522 -1
0.1 997 1076 -1
0.1 996 1077 -1
0.1 957 1078 -1
0.1 531 532 -1
0.1 530 1080 -1
0.1 529 1081 -1
0.1 533 534 -1
0.1 1082 1083 -1
0.1 535 536 -1
0.1 538 539 -1
0.1 537 1086 -1
0.1 1085 1087 -1
0.1 540 541 -1
0.1 1089 542 -1
0.1 1088 1090 -1
0.1 1084 1091 -1
0.1 1092 543 -1
0.1 1093 544 -1
0.1 545 546 -1
0.1 1094 1095 -1
0.1 528 1096 -1
0.1 527 1097 -1
0.1 526 1098 -1
0.1 525 1099 -1
0.1 524 1100 -1
0.1 523 1101 -1
0.1 550 551 -1
0.1 549 1103 -1
0.1 548 1104 -1
0.1 547 1105 -1
0.1 1102 1106 -1
0.1 552 553 -1
0.1 554 555 -1
0.1 556 557 -1
0.1 1109 1110 -1
0.1 1108 1111 -1
0.1 558 559 -1
0.1 1113 560 -1
0.1 1112 1114 -1
0.1 1107 1115 -1
0.1 1079 1116 -1
0.1 938 1117 -1
0.1 930 1118 -1
