1 0 0 1
1 0 0 1
1 0 0 1
1 0 0 1
1 0 0 1
1 0 0 1
1 0 0 1
1 0 0 1
1 0 0 1
1 0 0 1
1 0 0 2
1 0 0 2
1 0 0 2
1 0 0 2
1 0 0 2
1 0 0 2
1 0 0 3
1 0 0 3
1 0 0 3
1 0 0 3
1 0 0 3
1 0 0 3
1 0 0 3
1 0 0 3
1 0 0 3
1 0 0 3
1 0 0 4
1 0 0 4
1 0 0 4
1 0 0 4
1 0 0 4
1 0 0 4
1 0 0 4
1 0 0 4
1 0 0 4
1 0 0 4
1 0 0 5
1 0 0 5
1 0 0 5
1 0 0 5
1 0 0 5
1 0 0 5
1 0 0 5
1 0 0 5
1 0 0 5
1 0 0 5
1 0 0 6
1 0 0 6
1 0 0 6
1 0 0 6
1 0 0 6
1 0 0 6
1 0 0 6
1 0 0 7
1 0 0 7
1 0 0 7
1 0 0 7
1 0 0 7
1 0 0 7
1 0 0 7
1 0 0 7
1 0 0 7
1 0 0 7
1 0 0 6
1 0 0 6
1 0 0 6
1 0 0 8
1 0 0 8
1 0 0 8
1 0 0 8
1 0 0 8
1 0 0 8
1 0 0 8
1 0 0 9
1 0 0 9
1 0 0 9
1 0 0 9
1 0 0 9
1 0 0 9
1 0 0 9
1 0 0 9
1 0 0 9
1 0 0 9
1 0 0 8
1 0 0 8
1 0 0 8
1 0 0 10
1 0 0 10
1 0 0 10
1 0 0 10
1 0 0 10
1 0 0 10
1 0 0 10
1 0 0 10
1 0 0 10
1 0 0 10
1 0 0 2
1 0 0 2
1 0 0 2
1 0 0 2
0.1 2 3 -1
0.1 1 101 -1
0.1 7 8 -1
0.1 6 103 -1
0.1 5 104 -1
0.1 4 105 -1
0.1 102 106 -1
0.1 107 9 -1
0.1 108 10 -1
0.1 12 13 -1
0.1 11 110 -1
0.1 14 15 -1
0.1 111 112 -1
0.1 113 16 -1
0.1 109 114 -1
0.1 17 18 -1
0.1 20 21 -1
0.1 19 117 -1
0.1 116 118 -1
0.1 119 22 -1
0.1 23 24 -1
0.1 120 121 -1
0.1 25 26 -1
0.1 122 123 -1
0.1 27 28 -1
0.1 125 29 -1
0.1 31 32 -1
0.1 127 33 -1
0.1 30 128 -1
0.1 34 35 -1
0.1 130 36 -1
0.1 129 131 -1
0.1 126 132 -1
0.1 37 38 -1
0.1 40 41 -1
0.1 135 42 -1
0.1 39 136 -1
0.1 45 46 -1
0.1 44 138 -1
0.1 43 139 -1
0.1 137 140 -1
0.1 134 141 -1
0.1 133 142 -1
0.1 50 51 -1
0.1 52 53 -1
0.1 144 145 -1
0.1 55 56 -1
0.1 54 147 -1
0.1 60 61 -1
0.1 59 149 -1
0.1 58 150 -1
0.1 57 151 -1
0.1 148 152 -1
0.1 62 63 -1
0.1 153 154 -1
0.1 64 65 -1
0.1 155 156 -1
0.1 146 157 -1
0.1 158 66 -1
0.1 49 159 -1
0.1 48 160 -1
0.1 47 161 -1
0.1 143 162 -1
0.1 124 163 -1
0.1 115 164 -1
0.1 68 69 -1
0.1 71 72 -1
0.1 70 167 -1
0.1 166 168 -1
0.1 67 169 -1
0.1 75 76 -1
0.1 77 78 -1
0.1 171 172 -1
0.1 82 83 -1
0.1 81 174 -1
0.1 80 175 -1
0.1 79 176 -1
0.1 173 177 -1
0.1 74 178 -1
0.1 73 179 -1
0.1 170 180 -1
0.1 84 85 -1
0.1 91 92 -1
0.1 90 183 -1
0.1 184 93 -1
0.1 89 185 -1
0.1 88 186 -1
0.1 87 187 -1
0.1 95 96 -1
0.1 94 189 -1
0.1 188 190 -1
0.1 86 191 -1
0.1 182 192 -1
0.1 181 193 -1
0.1 194 97 -1
0.1 99 100 -1
0.1 98 196 -1
0.1 195 197 -1
0.1 165 198 -1
