1 0 0 1
1 0 0 1
1 0 0 1
1 0 0 1
1 0 0 1
1 0 0 1
1 0 0 1
1 0 0 1
1 0 0 1
1 0 0 1
1 0 0 2
1 0 0 2
1 0 0 2
1 0 0 2
1 0 0 2
1 0 0 2
1 0 0 2
1 0 0 2
1 0 0 2
1 0 0 2
1 0 0 3
1 0 0 3
1 0 0 3
1 0 0 3
1 0 0 3
1 0 0 3
1 0 0 3
1 0 0 3
1 0 0 3
1 0 0 3
1 0 0 4
1 0 0 4
1 0 0 4
1 0 0 4
1 0 0 4
1 0 0 4
1 0 0 4
1 0 0 4
1 0 0 4
1 0 0 4
1 0 0 5
1 0 0 5
1 0 0 5
1 0 0 5
1 0 0 5
1 0 0 5
1 0 0 5
1 0 0 5
1 0 0 5
1 0 0 5
1 0 0 6
1 0 0 6
1 0 0 6
1 0 0 6
1 0 0 6
1 0 0 6
1 0 0 7
1 0 0 7
1 0 0 7
1 0 0 7
1 0 0 7
1 0 0 7
1 0 0 7
1 0 0 7
1 0 0 7
1 0 0 7
1 0 0 8
1 0 0 8
1 0 0 8
1 0 0 8
1 0 0 8
1 0 0 8
1 0 0 8
1 0 0 8
1 0 0 8
1 0 0 8
1 0 0 9
1 0 0 9
1 0 0 9
1 0 0 9
1 0 0 9
1 0 0 9
1 0 0 9
1 0 0 10
1 0 0 10
1 0 0 10
1 0 0 10
1 0 0 10
1 0 0 10
1 0 0 10
1 0 0 10
1 0 0 10
1 0 0 10
1 0 0 9
1 0 0 9
1 0 0 9
1 0 0 6
1 0 0 6
1 0 0 6
1 0 0 6
0.1 2 3 -1
0.1 1 101 -1
0.1 6 7 -1
0.1 5 103 -1
0.1 4 104 -1
0.1 9 10 -1
0.1 8 106 -1
0.1 105 107 -1
0.1 102 108 -1
0.1 12 13 -1
0.1 11 110 -1
0.1 111 14 -1
0.1 15 16 -1
0.1 17 18 -1
0.1 113 114 -1
0.1 112 115 -1
0.1 19 20 -1
0.1 116 117 -1
0.1 109 118 -1
0.1 21 22 -1
0.1 25 26 -1
0.1 24 121 -1
0.1 27 28 -1
0.1 123 29 -1
0.1 124 30 -1
0.1 122 125 -1
0.1 23 126 -1
0.1 120 127 -1
0.1 31 32 -1
0.1 35 36 -1
0.1 34 130 -1
0.1 33 131 -1
0.1 37 38 -1
0.1 39 40 -1
0.1 133 134 -1
0.1 132 135 -1
0.1 129 136 -1
0.1 128 137 -1
0.1 41 42 -1
0.1 43 44 -1
0.1 46 47 -1
0.1 49 50 -1
0.1 48 142 -1
0.1 141 143 -1
0.1 45 144 -1
0.1 140 145 -1
0.1 139 146 -1
0.1 138 147 -1
0.1 119 148 -1
0.1 51 52 -1
0.1 53 54 -1
0.1 151 55 -1
0.1 150 152 -1
0.1 153 56 -1
0.1 57 58 -1
0.1 155 59 -1
0.1 63 64 -1
0.1 62 157 -1
0.1 61 158 -1
0.1 60 159 -1
0.1 160 65 -1
0.1 156 161 -1
0.1 162 66 -1
0.1 154 163 -1
0.1 149 164 -1
0.1 71 72 -1
0.1 166 73 -1
0.1 167 74 -1
0.1 70 168 -1
0.1 69 169 -1
0.1 68 170 -1
0.1 171 75 -1
0.1 172 76 -1
0.1 67 173 -1
0.1 174 77 -1
0.1 78 79 -1
0.1 176 80 -1
0.1 81 82 -1
0.1 177 178 -1
0.1 179 83 -1
0.1 86 87 -1
0.1 85 181 -1
0.1 88 89 -1
0.1 182 183 -1
0.1 90 91 -1
0.1 92 93 -1
0.1 185 186 -1
0.1 184 187 -1
0.1 84 188 -1
0.1 189 94 -1
0.1 190 95 -1
0.1 180 191 -1
0.1 175 192 -1
0.1 193 96 -1
0.1 194 97 -1
0.1 98 99 -1
0.1 196 100 -1
0.1 195 197 -1
0.1 165 198 -1
