1 0 0 1
1 0 0 1
1 0 0 2
1 0 0 2
1 0 0 2
1 0 0 2
1 0 0 2
1 0 0 2
1 0 0 2
1 0 0 2
1 0 0 2
1 0 0 2
1 0 0 2
1 0 0 2
1 0 0 2
1 0 0 2
1 0 0 2
1 0 0 2
1 0 0 2
1 0 0 2
1 0 0 2
1 0 0 2
1 0 0 1
1 0 0 1
1 0 0 3
1 0 0 3
1 0 0 3
1 0 0 3
1 0 0 3
1 0 0 3
1 0 0 3
1 0 0 3
1 0 0 3
1 0 0 3
1 0 0 3
1 0 0 4
1 0 0 4
1 0 0 4
1 0 0 4
1 0 0 4
1 0 0 4
1 0 0 4
1 0 0 4
1 0 0 4
1 0 0 4
1 0 0 4
1 0 0 4
1 0 0 4
1 0 0 4
1 0 0 4
1 0 0 4
1 0 0 4
1 0 0 4
1 0 0 4
1 0 0 4
1 0 0 3
1 0 0 5
1 0 0 5
1 0 0 5
1 0 0 5
1 0 0 5
1 0 0 5
1 0 0 5
1 0 0 5
1 0 0 5
1 0 0 5
1 0 0 5
1 0 0 5
1 0 0 5
1 0 0 5
1 0 0 5
1 0 0 5
1 0 0 5
1 0 0 5
1 0 0 5
1 0 0 5
1 0 0 3
1 0 0 3
1 0 0 3
1 0 0 3
1 0 0 3
1 0 0 3
1 0 0 3
1 0 0 3
1 0 0 1
1 0 0 6
1 0 0 6
1 0 0 6
1 0 0 6
1 0 0 6
1 0 0 6
1 0 0 6
1 0 0 6
1 0 0 6
1 0 0 6
1 0 0 6
1 0 0 6
1 0 0 6
1 0 0 6
1 0 0 6
1 0 0 6
1 0 0 6
1 0 0 6
1 0 0 6
1 0 0 6
1 0 0 1
1 0 0 1
1 0 0 1
1 0 0 7
1 0 0 7
1 0 0 7
1 0 0 7
1 0 0 7
1 0 0 7
1 0 0 7
1 0 0 7
1 0 0 7
1 0 0 7
1 0 0 7
1 0 0 7
1 0 0 7
1 0 0 7
1 0 0 7
1 0 0 7
1 0 0 7
1 0 0 7
1 0 0 7
1 0 0 7
1 0 0 1
1 0 0 1
1 0 0 1
1 0 0 1
1 0 0 8
1 0 0 8
1 0 0 8
1 0 0 8
1 0 0 8
1 0 0 8
1 0 0 8
1 0 0 8
1 0 0 8
1 0 0 8
1 0 0 8
1 0 0 8
1 0 0 8
1 0 0 8
1 0 0 8
1 0 0 8
1 0 0 8
1 0 0 8
1 0 0 9
1 0 0 8
1 0 0 8
1 0 0 9
1 0 0 9
1 0 0 9
1 0 0 9
1 0 0 10
1 0 0 10
1 0 0 10
1 0 0 10
1 0 0 10
1 0 0 10
1 0 0 10
1 0 0 10
1 0 0 10
1 0 0 10
1 0 0 10
1 0 0 10
1 0 0 10
1 0 0 10
1 0 0 10
1 0 0 10
1 0 0 10
1 0 0 10
1 0 0 10
1 0 0 10
1 0 0 9
1 0 0 9
1 0 0 9
1 0 0 9
1 0 0 9
1 0 0 9
1 0 0 9
1 0 0 9
1 0 0 9
1 0 0 11
1 0 0 11
1 0 0 11
1 0 0 11
1 0 0 11
1 0 0 11
1 0 0 11
1 0 0 11
1 0 0 11
1 0 0 11
1 0 0 11
1 0 0 11
1 0 0 11
1 0 0 11
1 0 0 11
1 0 0 11
1 0 0 11
1 0 0 11
1 0 0 11
1 0 0 11
1 0 0 9
1 0 0 9
1 0 0 9
1 0 0 9
1 0 0 9
1 0 0 9
1 0 0 12
1 0 0 13
1 0 0 13
1 0 0 13
1 0 0 13
1 0 0 13
1 0 0 13
1 0 0 13
1 0 0 13
1 0 0 13
1 0 0 13
1 0 0 13
1 0 0 13
1 0 0 13
1 0 0 13
1 0 0 13
1 0 0 13
1 0 0 13
1 0 0 13
1 0 0 13
1 0 0 13
1 0 0 12
1 0 0 12
1 0 0 12
1 0 0 12
1 0 0 14
1 0 0 14
1 0 0 14
1 0 0 14
1 0 0 14
1 0 0 14
1 0 0 14
1 0 0 14
1 0 0 14
1 0 0 14
1 0 0 14
1 0 0 14
1 0 0 14
1 0 0 14
1 0 0 14
1 0 0 14
1 0 0 14
1 0 0 14
1 0 0 14
1 0 0 14
1 0 0 15
1 0 0 15
1 0 0 15
1 0 0 15
1 0 0 15
1 0 0 15
1 0 0 15
1 0 0 15
1 0 0 15
1 0 0 15
1 0 0 15
1 0 0 15
1 0 0 16
1 0 0 16
1 0 0 16
1 0 0 16
1 0 0 16
1 0 0 16
1 0 0 16
1 0 0 16
1 0 0 16
1 0 0 16
1 0 0 16
1 0 0 16
1 0 0 16
1 0 0 16
1 0 0 16
1 0 0 16
1 0 0 16
1 0 0 16
1 0 0 16
1 0 0 16
1 0 0 15
1 0 0 15
1 0 0 15
1 0 0 15
1 0 0 15
1 0 0 15
1 0 0 15
1 0 0 15
1 0 0 12
1 0 0 17
1 0 0 17
1 0 0 17
1 0 0 17
1 0 0 17
1 0 0 17
1 0 0 17
1 0 0 17
1 0 0 17
1 0 0 17
1 0 0 17
1 0 0 17
1 0 0 17
1 0 0 17
1 0 0 17
1 0 0 17
1 0 0 17
1 0 0 17
1 0 0 17
1 0 0 17
1 0 0 12
1 0 0 12
1 0 0 12
1 0 0 12
1 0 0 12
1 0 0 18
1 0 0 18
1 0 0 18
1 0 0 18
1 0 0 18
1 0 0 18
1 0 0 18
1 0 0 18
1 0 0 18
1 0 0 18
1 0 0 18
1 0 0 18
1 0 0 18
1 0 0 18
1 0 0 18
1 0 0 18
1 0 0 18
1 0 0 18
1 0 0 18
1 0 0 18
1 0 0 12
1 0 0 12
1 0 0 19
1 0 0 19
1 0 0 19
1 0 0 19
1 0 0 19
1 0 0 19
1 0 0 19
1 0 0 19
1 0 0 19
1 0 0 19
1 0 0 19
1 0 0 19
1 0 0 19
1 0 0 19
1 0 0 19
1 0 0 19
1 0 0 19
1 0 0 19
1 0 0 19
1 0 0 19
1 0 0 12
1 0 0 20
1 0 0 20
1 0 0 21
1 0 0 21
1 0 0 21
1 0 0 21
1 0 0 21
1 0 0 21
1 0 0 21
1 0 0 21
1 0 0 21
1 0 0 21
1 0 0 21
1 0 0 21
1 0 0 21
1 0 0 21
1 0 0 21
1 0 0 21
1 0 0 21
1 0 0 21
1 0 0 21
1 0 0 21
1 0 0 22
1 0 0 22
1 0 0 22
1 0 0 22
1 0 0 22
1 0 0 22
1 0 0 22
1 0 0 22
1 0 0 22
1 0 0 22
1 0 0 22
1 0 0 22
1 0 0 22
1 0 0 22
1 0 0 22
1 0 0 22
1 0 0 22
1 0 0 22
1 0 0 22
1 0 0 22
1 0 0 23
1 0 0 23
1 0 0 23
1 0 0 23
1 0 0 23
1 0 0 23
1 0 0 24
1 0 0 24
1 0 0 24
1 0 0 24
1 0 0 24
1 0 0 24
1 0 0 24
1 0 0 24
1 0 0 24
1 0 0 24
1 0 0 24
1 0 0 24
1 0 0 24
1 0 0 24
1 0 0 24
1 0 0 24
1 0 0 24
1 0 0 24
1 0 0 24
1 0 0 24
1 0 0 23
1 0 0 23
1 0 0 23
1 0 0 23
1 0 0 23
1 0 0 23
1 0 0 23
1 0 0 23
1 0 0 23
1 0 0 23
1 0 0 23
1 0 0 23
1 0 0 23
1 0 0 23
1 0 0 25
1 0 0 25
1 0 0 25
1 0 0 25
1 0 0 25
1 0 0 25
1 0 0 25
1 0 0 25
1 0 0 25
1 0 0 25
1 0 0 25
1 0 0 25
1 0 0 25
1 0 0 25
1 0 0 25
1 0 0 25
1 0 0 25
1 0 0 25
1 0 0 25
1 0 0 25
1 0 0 20
1 0 0 20
1 0 0 20
1 0 0 20
1 0 0 20
1 0 0 20
1 0 0 20
1 0 0 20
1 0 0 20
1 0 0 20
1 0 0 20
1 0 0 20
1 0 0 20
1 0 0 20
1 0 0 20
1 0 0 20
1 0 0 20
1 0 0 20
1 0 0 26
1 0 0 26
1 0 0 26
1 0 0 26
1 0 0 26
1 0 0 26
1 0 0 26
1 0 0 26
1 0 0 26
1 0 0 26
1 0 0 26
1 0 0 26
1 0 0 26
1 0 0 26
1 0 0 26
1 0 0 26
1 0 0 26
1 0 0 26
1 0 0 26
1 0 0 26
1 0 0 27
1 0 0 27
1 0 0 27
1 0 0 27
1 0 0 27
1 0 0 27
1 0 0 27
1 0 0 27
1 0 0 27
1 0 0 27
1 0 0 27
1 0 0 27
1 0 0 27
1 0 0 27
1 0 0 27
1 0 0 27
1 0 0 27
1 0 0 27
1 0 0 27
1 0 0 27
1 0 0 28
1 0 0 28
1 0 0 28
1 0 0 28
1 0 0 28
1 0 0 28
1 0 0 28
1 0 0 28
1 0 0 28
1 0 0 28
1 0 0 28
1 0 0 28
1 0 0 28
1 0 0 28
1 0 0 28
1 0 0 28
1 0 0 28
1 0 0 28
1 0 0 28
1 0 0 28
1 0 0 12
1 0 0 12
1 0 0 12
1 0 0 12
1 0 0 12
1 0 0 12
1 0 0 29
1 0 0 29
1 0 0 29
1 0 0 29
1 0 0 29
1 0 0 29
1 0 0 29
1 0 0 29
1 0 0 29
1 0 0 29
1 0 0 29
1 0 0 29
1 0 0 29
1 0 0 29
1 0 0 29
1 0 0 29
1 0 0 29
1 0 0 29
1 0 0 29
1 0 0 29
1 0 0 1
1 0 0 1
1 0 0 30
1 0 0 30
1 0 0 30
1 0 0 30
1 0 0 30
1 0 0 30
1 0 0 30
1 0 0 30
1 0 0 30
1 0 0 31
1 0 0 31
1 0 0 31
1 0 0 31
1 0 0 31
1 0 0 31
1 0 0 31
1 0 0 31
1 0 0 31
1 0 0 31
1 0 0 31
1 0 0 31
1 0 0 31
1 0 0 31
1 0 0 31
1 0 0 31
1 0 0 31
1 0 0 31
1 0 0 31
1 0 0 31
1 0 0 30
1 0 0 30
1 0 0 30
1 0 0 30
1 0 0 30
1 0 0 30
1 0 0 30
1 0 0 30
1 0 0 30
1 0 0 30
1 0 0 30
1 0 0 1
1 0 0 32
1 0 0 32
1 0 0 32
1 0 0 32
1 0 0 32
1 0 0 32
1 0 0 32
1 0 0 32
1 0 0 32
1 0 0 32
1 0 0 32
1 0 0 32
1 0 0 32
1 0 0 32
1 0 0 32
1 0 0 32
1 0 0 32
1 0 0 32
1 0 0 32
1 0 0 32
1 0 0 33
1 0 0 33
1 0 0 33
1 0 0 33
1 0 0 33
1 0 0 33
1 0 0 33
1 0 0 33
1 0 0 33
1 0 0 33
1 0 0 33
1 0 0 33
1 0 0 33
1 0 0 33
1 0 0 33
1 0 0 33
1 0 0 33
1 0 0 33
1 0 0 33
1 0 0 33
1 0 0 1
1 0 0 34
1 0 0 34
1 0 0 34
1 0 0 34
1 0 0 34
1 0 0 35
1 0 0 35
1 0 0 35
1 0 0 35
1 0 0 35
1 0 0 35
1 0 0 35
1 0 0 35
1 0 0 35
1 0 0 35
1 0 0 35
1 0 0 35
1 0 0 35
1 0 0 35
1 0 0 35
1 0 0 35
1 0 0 35
1 0 0 35
1 0 0 35
1 0 0 35
1 0 0 34
1 0 0 34
1 0 0 34
1 0 0 34
1 0 0 34
1 0 0 36
1 0 0 36
1 0 0 36
1 0 0 36
1 0 0 36
1 0 0 36
1 0 0 36
1 0 0 37
1 0 0 37
1 0 0 37
1 0 0 37
1 0 0 37
1 0 0 38
1 0 0 38
1 0 0 38
1 0 0 38
1 0 0 39
1 0 0 39
1 0 0 39
1 0 0 39
1 0 0 39
1 0 0 39
1 0 0 39
1 0 0 39
1 0 0 39
1 0 0 39
1 0 0 39
1 0 0 39
1 0 0 39
1 0 0 39
1 0 0 39
1 0 0 39
1 0 0 39
1 0 0 39
1 0 0 39
1 0 0 39
1 0 0 40
1 0 0 36
1 0 0 36
1 0 0 36
1 0 0 36
1 0 0 36
1 0 0 36
1 0 0 36
1 0 0 41
1 0 0 41
1 0 0 41
1 0 0 41
1 0 0 41
1 0 0 41
1 0 0 41
1 0 0 41
1 0 0 42
1 0 0 42
1 0 0 42
1 0 0 42
1 0 0 42
1 0 0 42
1 0 0 42
1 0 0 42
1 0 0 42
1 0 0 42
1 0 0 42
1 0 0 42
1 0 0 42
1 0 0 42
1 0 0 42
1 0 0 42
1 0 0 42
1 0 0 42
1 0 0 42
1 0 0 42
1 0 0 36
1 0 0 36
1 0 0 36
1 0 0 36
1 0 0 36
1 0 0 36
1 0 0 38
1 0 0 38
1 0 0 38
1 0 0 38
1 0 0 38
1 0 0 38
1 0 0 38
1 0 0 38
1 0 0 38
1 0 0 38
1 0 0 38
1 0 0 38
1 0 0 38
1 0 0 38
1 0 0 38
1 0 0 38
1 0 0 43
1 0 0 43
1 0 0 43
1 0 0 43
1 0 0 43
1 0 0 43
1 0 0 43
1 0 0 43
1 0 0 43
1 0 0 43
1 0 0 43
1 0 0 43
1 0 0 44
1 0 0 44
1 0 0 44
1 0 0 44
1 0 0 44
1 0 0 44
1 0 0 44
1 0 0 44
1 0 0 44
1 0 0 44
1 0 0 44
1 0 0 44
1 0 0 44
1 0 0 44
1 0 0 44
1 0 0 44
1 0 0 44
1 0 0 44
1 0 0 44
1 0 0 44
1 0 0 43
1 0 0 43
1 0 0 43
1 0 0 43
1 0 0 43
1 0 0 43
1 0 0 43
1 0 0 43
1 0 0 41
1 0 0 41
1 0 0 41
1 0 0 37
1 0 0 37
1 0 0 37
1 0 0 37
1 0 0 37
1 0 0 37
1 0 0 37
1 0 0 37
1 0 0 37
1 0 0 37
1 0 0 37
1 0 0 37
1 0 0 37
1 0 0 37
1 0 0 37
1 0 0 40
1 0 0 40
1 0 0 40
1 0 0 41
1 0 0 41
1 0 0 41
1 0 0 41
1 0 0 41
1 0 0 41
1 0 0 41
1 0 0 41
1 0 0 41
1 0 0 40
1 0 0 40
1 0 0 40
1 0 0 40
1 0 0 40
1 0 0 40
1 0 0 40
1 0 0 40
1 0 0 40
1 0 0 40
1 0 0 40
1 0 0 40
1 0 0 40
1 0 0 40
1 0 0 40
1 0 0 40
1 0 0 45
1 0 0 45
1 0 0 45
1 0 0 45
1 0 0 46
1 0 0 46
1 0 0 46
1 0 0 46
1 0 0 46
1 0 0 46
1 0 0 46
1 0 0 46
1 0 0 46
1 0 0 46
1 0 0 46
1 0 0 46
1 0 0 46
1 0 0 46
1 0 0 46
1 0 0 46
1 0 0 46
1 0 0 46
1 0 0 46
1 0 0 46
1 0 0 45
1 0 0 45
1 0 0 45
1 0 0 45
1 0 0 45
1 0 0 45
1 0 0 45
1 0 0 45
1 0 0 45
1 0 0 45
1 0 0 45
1 0 0 45
1 0 0 45
1 0 0 45
1 0 0 45
1 0 0 45
1 0 0 34
1 0 0 34
1 0 0 34
1 0 0 34
1 0 0 34
1 0 0 34
1 0 0 34
1 0 0 34
1 0 0 34
1 0 0 34
1 0 0 1
1 0 0 1
1 0 0 47
1 0 0 47
1 0 0 47
1 0 0 48
1 0 0 48
1 0 0 48
1 0 0 48
1 0 0 48
1 0 0 48
1 0 0 48
1 0 0 48
1 0 0 48
1 0 0 48
1 0 0 48
1 0 0 48
1 0 0 48
1 0 0 48
1 0 0 48
1 0 0 48
1 0 0 48
1 0 0 48
1 0 0 48
1 0 0 48
1 0 0 47
1 0 0 49
1 0 0 49
1 0 0 49
1 0 0 49
1 0 0 49
1 0 0 49
1 0 0 49
1 0 0 49
1 0 0 49
1 0 0 49
1 0 0 49
1 0 0 49
1 0 0 49
1 0 0 49
1 0 0 49
1 0 0 49
1 0 0 49
1 0 0 49
1 0 0 49
1 0 0 49
1 0 0 47
1 0 0 47
1 0 0 47
1 0 0 47
1 0 0 47
1 0 0 47
1 0 0 47
1 0 0 47
1 0 0 47
1 0 0 47
1 0 0 47
1 0 0 47
1 0 0 47
1 0 0 47
1 0 0 47
1 0 0 47
1 0 0 50
1 0 0 50
1 0 0 50
1 0 0 50
1 0 0 50
1 0 0 50
1 0 0 50
1 0 0 50
1 0 0 50
1 0 0 50
1 0 0 50
1 0 0 50
1 0 0 50
1 0 0 50
1 0 0 50
1 0 0 50
1 0 0 50
1 0 0 50
1 0 0 50
1 0 0 50
1 0 0 51
1 0 0 51
1 0 0 51
1 0 0 51
1 0 0 51
1 0 0 51
1 0 0 51
1 0 0 51
1 0 0 51
1 0 0 51
1 0 0 51
1 0 0 51
1 0 0 51
1 0 0 51
1 0 0 51
1 0 0 51
1 0 0 51
1 0 0 51
1 0 0 51
1 0 0 51
1 0 0 1
1 0 0 1
1 0 0 52
1 0 0 52
1 0 0 52
1 0 0 52
1 0 0 52
1 0 0 52
1 0 0 53
1 0 0 53
1 0 0 53
1 0 0 53
1 0 0 53
1 0 0 53
1 0 0 53
1 0 0 53
1 0 0 53
1 0 0 53
1 0 0 53
1 0 0 53
1 0 0 53
1 0 0 53
1 0 0 53
1 0 0 53
1 0 0 53
1 0 0 53
1 0 0 53
1 0 0 53
1 0 0 52
1 0 0 54
1 0 0 54
1 0 0 54
1 0 0 54
1 0 0 54
1 0 0 54
1 0 0 54
1 0 0 54
1 0 0 54
1 0 0 54
1 0 0 54
1 0 0 54
1 0 0 54
1 0 0 54
1 0 0 54
1 0 0 54
1 0 0 54
1 0 0 54
1 0 0 54
1 0 0 54
1 0 0 52
1 0 0 52
1 0 0 52
1 0 0 52
1 0 0 52
1 0 0 52
1 0 0 52
1 0 0 52
1 0 0 55
1 0 0 55
1 0 0 55
1 0 0 55
1 0 0 55
1 0 0 55
1 0 0 55
1 0 0 55
1 0 0 55
1 0 0 55
1 0 0 55
1 0 0 55
1 0 0 55
1 0 0 55
1 0 0 55
1 0 0 55
1 0 0 55
1 0 0 55
1 0 0 55
1 0 0 55
1 0 0 56
1 0 0 56
1 0 0 56
1 0 0 56
1 0 0 56
1 0 0 56
1 0 0 56
1 0 0 56
1 0 0 56
1 0 0 56
1 0 0 56
1 0 0 56
1 0 0 56
1 0 0 56
1 0 0 56
1 0 0 56
1 0 0 56
1 0 0 56
1 0 0 56
1 0 0 56
1 0 0 52
1 0 0 52
1 0 0 52
1 0 0 52
1 0 0 57
1 0 0 57
1 0 0 57
1 0 0 57
1 0 0 57
1 0 0 57
1 0 0 57
1 0 0 57
1 0 0 58
1 0 0 58
1 0 0 58
1 0 0 58
1 0 0 58
1 0 0 58
1 0 0 58
1 0 0 58
1 0 0 58
1 0 0 58
1 0 0 58
1 0 0 58
1 0 0 58
1 0 0 58
1 0 0 58
1 0 0 58
1 0 0 58
1 0 0 58
1 0 0 58
1 0 0 58
1 0 0 59
1 0 0 59
1 0 0 59
1 0 0 59
1 0 0 59
1 0 0 59
1 0 0 59
1 0 0 59
1 0 0 59
1 0 0 59
1 0 0 59
1 0 0 59
1 0 0 59
1 0 0 59
1 0 0 59
1 0 0 59
1 0 0 59
1 0 0 59
1 0 0 59
1 0 0 59
1 0 0 57
1 0 0 57
1 0 0 57
1 0 0 57
1 0 0 57
1 0 0 57
1 0 0 57
1 0 0 57
1 0 0 57
1 0 0 57
1 0 0 57
1 0 0 57
1 0 0 52
0.1 5 6 -1
0.1 10 11 -1
0.1 9 1182 -1
0.1 12 13 -1
0.1 1183 1184 -1
0.1 8 1185 -1
0.1 7 1186 -1
0.1 1181 1187 -1
0.1 4 1188 -1
0.1 3 1189 -1
0.1 14 15 -1
0.1 16 17 -1
0.1 19 20 -1
0.1 18 1193 -1
0.1 1194 21 -1
0.1 1192 1195 -1
0.1 1196 22 -1
0.1 1191 1197 -1
0.1 1190 1198 -1
0.1 2 1199 -1
0.1 1 1200 -1
0.1 23 24 -1
0.1 25 26 -1
0.1 1203 27 -1
0.1 29 30 -1
0.1 28 1205 -1
0.1 1204 1206 -1
0.1 31 32 -1
0.1 33 34 -1
0.1 1208 1209 -1
0.1 38 39 -1
0.1 37 1211 -1
0.1 40 41 -1
0.1 1212 1213 -1
0.1 36 1214 -1
0.1 43 44 -1
0.1 1216 45 -1
0.1 42 1217 -1
0.1 48 49 -1
0.1 47 1219 -1
0.1 50 51 -1
0.1 1221 52 -1
0.1 1220 1222 -1
0.1 46 1223 -1
0.1 1218 1224 -1
0.1 53 54 -1
0.1 1226 55 -1
0.1 1225 1227 -1
0.1 1215 1228 -1
0.1 35 1229 -1
0.1 58 59 -1
0.1 61 62 -1
0.1 1232 63 -1
0.1 60 1233 -1
0.1 1231 1234 -1
0.1 67 68 -1
0.1 66 1236 -1
0.1 65 1237 -1
0.1 64 1238 -1
0.1 69 70 -1
0.1 1239 1240 -1
0.1 1235 1241 -1
0.1 57 1242 -1
0.1 73 74 -1
0.1 72 1244 -1
0.1 75 76 -1
0.1 1245 1246 -1
0.1 71 1247 -1
0.1 1243 1248 -1
0.1 56 1249 -1
0.1 1250 77 -1
0.1 80 81 -1
0.1 79 1252 -1
0.1 78 1253 -1
0.1 1254 82 -1
0.1 1251 1255 -1
0.1 1230 1256 -1
0.1 1210 1257 -1
0.1 83 84 -1
0.1 1258 1259 -1
0.1 1207 1260 -1
0.1 1202 1261 -1
0.1 87 88 -1
0.1 89 90 -1
0.1 1263 1264 -1
0.1 86 1265 -1
0.1 92 93 -1
0.1 91 1267 -1
0.1 94 95 -1
0.1 1268 1269 -1
0.1 1270 96 -1
0.1 1266 1271 -1
0.1 98 99 -1
0.1 97 1273 -1
0.1 102 103 -1
0.1 101 1275 -1
0.1 100 1276 -1
0.1 1277 104 -1
0.1 1278 105 -1
0.1 1274 1279 -1
0.1 1272 1280 -1
0.1 85 1281 -1
0.1 1262 1282 -1
0.1 1201 1283 -1
0.1 106 107 -1
0.1 109 110 -1
0.1 111 112 -1
0.1 1287 113 -1
0.1 1288 114 -1
0.1 1286 1289 -1
0.1 117 118 -1
0.1 116 1291 -1
0.1 115 1292 -1
0.1 1293 119 -1
0.1 122 123 -1
0.1 124 125 -1
0.1 1295 1296 -1
0.1 1297 126 -1
0.1 1298 127 -1
0.1 121 1299 -1
0.1 120 1300 -1
0.1 1301 128 -1
0.1 1294 1302 -1
0.1 1290 1303 -1
0.1 1304 129 -1
0.1 108 1305 -1
0.1 133 134 -1
0.1 1307 135 -1
0.1 137 138 -1
0.1 139 140 -1
0.1 1309 1310 -1
0.1 1311 141 -1
0.1 142 143 -1
0.1 1313 144 -1
0.1 1312 1314 -1
0.1 136 1315 -1
0.1 145 146 -1
0.1 1316 1317 -1
0.1 148 149 -1
0.1 147 1319 -1
0.1 1318 1320 -1
0.1 1308 1321 -1
0.1 1322 150 -1
0.1 152 153 -1
0.1 151 1324 -1
0.1 154 155 -1
0.1 160 161 -1
0.1 159 1327 -1
0.1 158 1328 -1
0.1 163 164 -1
0.1 162 1330 -1
0.1 168 169 -1
0.1 167 1332 -1
0.1 1333 170 -1
0.1 166 1334 -1
0.1 165 1335 -1
0.1 172 173 -1
0.1 171 1337 -1
0.1 1338 174 -1
0.1 1336 1339 -1
0.1 1331 1340 -1
0.1 1329 1341 -1
0.1 176 177 -1
0.1 175 1343 -1
0.1 1342 1344 -1
0.1 1345 178 -1
0.1 157 1346 -1
0.1 156 1347 -1
0.1 1326 1348 -1
0.1 1325 1349 -1
0.1 1323 1350 -1
0.1 180 181 -1
0.1 179 1352 -1
0.1 1353 182 -1
0.1 1351 1354 -1
0.1 183 184 -1
0.1 185 186 -1
0.1 188 189 -1
0.1 187 1358 -1
0.1 191 192 -1
0.1 1360 193 -1
0.1 190 1361 -1
0.1 1359 1362 -1
0.1 197 198 -1
0.1 196 1364 -1
0.1 195 1365 -1
0.1 1366 199 -1
0.1 194 1367 -1
0.1 200 201 -1
0.1 203 204 -1
0.1 202 1370 -1
0.1 1369 1371 -1
0.1 205 206 -1
0.1 1372 1373 -1
0.1 1368 1374 -1
0.1 1363 1375 -1
0.1 208 209 -1
0.1 207 1377 -1
0.1 1376 1378 -1
0.1 1357 1379 -1
0.1 1356 1380 -1
0.1 210 211 -1
0.1 1382 212 -1
0.1 1381 1383 -1
0.1 1355 1384 -1
0.1 214 215 -1
0.1 218 219 -1
0.1 217 1387 -1
0.1 216 1388 -1
0.1 1386 1389 -1
0.1 221 222 -1
0.1 220 1391 -1
0.1 223 224 -1
0.1 226 227 -1
0.1 225 1394 -1
0.1 1393 1395 -1
0.1 229 230 -1
0.1 228 1397 -1
0.1 1396 1398 -1
0.1 232 233 -1
0.1 231 1400 -1
0.1 1399 1401 -1
0.1 1392 1402 -1
0.1 1390 1403 -1
0.1 213 1404 -1
0.1 1385 1405 -1
0.1 234 235 -1
0.1 240 241 -1
0.1 239 1408 -1
0.1 238 1409 -1
0.1 243 244 -1
0.1 1411 245 -1
0.1 242 1412 -1
0.1 246 247 -1
0.1 248 249 -1
0.1 1415 250 -1
0.1 252 253 -1
0.1 1417 254 -1
0.1 255 256 -1
0.1 1418 1419 -1
0.1 251 1420 -1
0.1 1421 257 -1
0.1 1416 1422 -1
0.1 1414 1423 -1
0.1 1413 1424 -1
0.1 1410 1425 -1
0.1 237 1426 -1
0.1 236 1427 -1
0.1 258 259 -1
0.1 260 261 -1
0.1 1430 262 -1
0.1 1429 1431 -1
0.1 263 264 -1
0.1 1433 265 -1
0.1 271 272 -1
0.1 274 275 -1
0.1 273 1436 -1
0.1 277 278 -1
0.1 276 1438 -1
0.1 279 280 -1
0.1 1439 1440 -1
0.1 1437 1441 -1
0.1 281 282 -1
0.1 1442 1443 -1
0.1 1435 1444 -1
0.1 270 1445 -1
0.1 283 284 -1
0.1 1447 285 -1
0.1 287 288 -1
0.1 1449 289 -1
0.1 286 1450 -1
0.1 1448 1451 -1
0.1 1446 1452 -1
0.1 269 1453 -1
0.1 268 1454 -1
0.1 267 1455 -1
0.1 1456 290 -1
0.1 266 1457 -1
0.1 292 293 -1
0.1 294 295 -1
0.1 1459 1460 -1
0.1 291 1461 -1
0.1 1458 1462 -1
0.1 1434 1463 -1
0.1 1432 1464 -1
0.1 296 297 -1
0.1 1466 298 -1
0.1 1465 1467 -1
0.1 1428 1468 -1
0.1 300 301 -1
0.1 299 1470 -1
0.1 304 305 -1
0.1 303 1472 -1
0.1 302 1473 -1
0.1 307 308 -1
0.1 306 1475 -1
0.1 1476 309 -1
0.1 1474 1477 -1
0.1 1471 1478 -1
0.1 310 311 -1
0.1 312 313 -1
0.1 1480 1481 -1
0.1 317 318 -1
0.1 316 1483 -1
0.1 315 1484 -1
0.1 314 1485 -1
0.1 1482 1486 -1
0.1 1479 1487 -1
0.1 1488 319 -1
0.1 1469 1489 -1
0.1 1407 1490 -1
0.1 1406 1491 -1
0.1 321 322 -1
0.1 1493 323 -1
0.1 325 326 -1
0.1 327 328 -1
0.1 1495 1496 -1
0.1 1497 329 -1
0.1 324 1498 -1
0.1 330 331 -1
0.1 332 333 -1
0.1 1500 1501 -1
0.1 336 337 -1
0.1 335 1503 -1
0.1 338 339 -1
0.1 1504 1505 -1
0.1 334 1506 -1
0.1 1502 1507 -1
0.1 340 341 -1
0.1 342 343 -1
0.1 1509 1510 -1
0.1 1508 1511 -1
0.1 1499 1512 -1
0.1 1494 1513 -1
0.1 320 1514 -1
0.1 347 348 -1
0.1 353 354 -1
0.1 352 1517 -1
0.1 351 1518 -1
0.1 350 1519 -1
0.1 355 356 -1
0.1 1520 1521 -1
0.1 357 358 -1
0.1 359 360 -1
0.1 1524 361 -1
0.1 1523 1525 -1
0.1 1522 1526 -1
0.1 364 365 -1
0.1 363 1528 -1
0.1 362 1529 -1
0.1 1527 1530 -1
0.1 349 1531 -1
0.1 1516 1532 -1
0.1 346 1533 -1
0.1 345 1534 -1
0.1 344 1535 -1
0.1 367 368 -1
0.1 372 373 -1
0.1 371 1538 -1
0.1 370 1539 -1
0.1 369 1540 -1
0.1 376 377 -1
0.1 1542 378 -1
0.1 375 1543 -1
0.1 374 1544 -1
0.1 1541 1545 -1
0.1 379 380 -1
0.1 381 382 -1
0.1 1548 383 -1
0.1 387 388 -1
0.1 386 1550 -1
0.1 385 1551 -1
0.1 384 1552 -1
0.1 1549 1553 -1
0.1 1547 1554 -1
0.1 1546 1555 -1
0.1 391 392 -1
0.1 390 1557 -1
0.1 389 1558 -1
0.1 393 394 -1
0.1 1560 395 -1
0.1 398 399 -1
0.1 397 1562 -1
0.1 396 1563 -1
0.1 1564 400 -1
0.1 401 402 -1
0.1 1566 403 -1
0.1 1567 404 -1
0.1 1565 1568 -1
0.1 1561 1569 -1
0.1 1559 1570 -1
0.1 405 406 -1
0.1 407 408 -1
0.1 1572 1573 -1
0.1 1571 1574 -1
0.1 409 410 -1
0.1 412 413 -1
0.1 416 417 -1
0.1 415 1578 -1
0.1 419 420 -1
0.1 418 1580 -1
0.1 422 423 -1
0.1 424 425 -1
0.1 1583 426 -1
0.1 1582 1584 -1
0.1 421 1585 -1
0.1 427 428 -1
0.1 1587 429 -1
0.1 1586 1588 -1
0.1 430 431 -1
0.1 1590 432 -1
0.1 433 434 -1
0.1 1591 1592 -1
0.1 1589 1593 -1
0.1 1581 1594 -1
0.1 1579 1595 -1
0.1 414 1596 -1
0.1 1577 1597 -1
0.1 435 436 -1
0.1 437 438 -1
0.1 1599 1600 -1
0.1 1601 439 -1
0.1 1598 1602 -1
0.1 440 441 -1
0.1 1603 1604 -1
0.1 411 1605 -1
0.1 443 444 -1
0.1 442 1607 -1
0.1 1606 1608 -1
0.1 445 446 -1
0.1 447 448 -1
0.1 1610 1611 -1
0.1 449 450 -1
0.1 451 452 -1
0.1 1614 453 -1
0.1 455 456 -1
0.1 1616 457 -1
0.1 454 1617 -1
0.1 1615 1618 -1
0.1 459 460 -1
0.1 1620 461 -1
0.1 458 1621 -1
0.1 462 463 -1
0.1 1622 1623 -1
0.1 1619 1624 -1
0.1 1613 1625 -1
0.1 465 466 -1
0.1 467 468 -1
0.1 1627 1628 -1
0.1 464 1629 -1
0.1 1626 1630 -1
0.1 1612 1631 -1
0.1 1609 1632 -1
0.1 1576 1633 -1
0.1 1575 1634 -1
0.1 1556 1635 -1
0.1 1537 1636 -1
0.1 470 471 -1
0.1 469 1638 -1
0.1 472 473 -1
0.1 474 475 -1
0.1 476 477 -1
0.1 1641 1642 -1
0.1 1640 1643 -1
0.1 1644 478 -1
0.1 1645 479 -1
0.1 1639 1646 -1
0.1 482 483 -1
0.1 485 486 -1
0.1 484 1649 -1
0.1 1648 1650 -1
0.1 481 1651 -1
0.1 488 489 -1
0.1 487 1653 -1
0.1 493 494 -1
0.1 1655 495 -1
0.1 1656 496 -1
0.1 492 1657 -1
0.1 498 499 -1
0.1 500 501 -1
0.1 1659 1660 -1
0.1 497 1661 -1
0.1 1662 502 -1
0.1 1658 1663 -1
0.1 491 1664 -1
0.1 490 1665 -1
0.1 503 504 -1
0.1 505 506 -1
0.1 1667 1668 -1
0.1 1666 1669 -1
0.1 1654 1670 -1
0.1 508 509 -1
0.1 507 1672 -1
0.1 1673 510 -1
0.1 511 512 -1
0.1 1675 513 -1
0.1 514 515 -1
0.1 1676 1677 -1
0.1 1674 1678 -1
0.1 517 518 -1
0.1 516 1680 -1
0.1 520 521 -1
0.1 519 1682 -1
0.1 523 524 -1
0.1 522 1684 -1
0.1 525 526 -1
0.1 1685 1686 -1
0.1 1683 1687 -1
0.1 1681 1688 -1
0.1 1679 1689 -1
0.1 1671 1690 -1
0.1 1652 1691 -1
0.1 480 1692 -1
0.1 527 528 -1
0.1 529 530 -1
0.1 1694 1695 -1
0.1 532 533 -1
0.1 531 1697 -1
0.1 534 535 -1
0.1 537 538 -1
0.1 536 1700 -1
0.1 1699 1701 -1
0.1 1698 1702 -1
0.1 1696 1703 -1
0.1 539 540 -1
0.1 541 542 -1
0.1 1705 1706 -1
0.1 545 546 -1
0.1 544 1708 -1
0.1 543 1709 -1
0.1 1707 1710 -1
0.1 1704 1711 -1
0.1 1693 1712 -1
0.1 1647 1713 -1
0.1 1637 1714 -1
0.1 366 1715 -1
0.1 547 548 -1
0.1 1717 549 -1
0.1 1718 550 -1
0.1 1719 551 -1
0.1 1716 1720 -1
0.1 1536 1721 -1
0.1 1515 1722 -1
0.1 554 555 -1
0.1 1724 556 -1
0.1 559 560 -1
0.1 558 1726 -1
0.1 557 1727 -1
0.1 1725 1728 -1
0.1 553 1729 -1
0.1 562 563 -1
0.1 1731 564 -1
0.1 561 1732 -1
0.1 565 566 -1
0.1 1734 567 -1
0.1 1733 1735 -1
0.1 1730 1736 -1
0.1 568 569 -1
0.1 1737 1738 -1
0.1 570 571 -1
0.1 1740 572 -1
0.1 1739 1741 -1
0.1 552 1742 -1
0.1 1723 1743 -1
0.1 1492 1744 -1
0.1 132 1745 -1
0.1 131 1746 -1
0.1 573 574 -1
0.1 575 576 -1
0.1 578 579 -1
0.1 580 581 -1
0.1 582 583 -1
0.1 1751 1752 -1
0.1 1750 1753 -1
0.1 577 1754 -1
0.1 1749 1755 -1
0.1 585 586 -1
0.1 587 588 -1
0.1 1757 1758 -1
0.1 584 1759 -1
0.1 590 591 -1
0.1 589 1761 -1
0.1 592 593 -1
0.1 1762 1763 -1
0.1 595 596 -1
0.1 594 1765 -1
0.1 1766 597 -1
0.1 598 599 -1
0.1 601 602 -1
0.1 600 1769 -1
0.1 1768 1770 -1
0.1 1771 603 -1
0.1 1767 1772 -1
0.1 1764 1773 -1
0.1 1760 1774 -1
0.1 1775 604 -1
0.1 1756 1776 -1
0.1 607 608 -1
0.1 606 1778 -1
0.1 1779 609 -1
0.1 1780 610 -1
0.1 612 613 -1
0.1 611 1782 -1
0.1 1783 614 -1
0.1 1781 1784 -1
0.1 605 1785 -1
0.1 1777 1786 -1
0.1 1748 1787 -1
0.1 1747 1788 -1
0.1 130 1789 -1
0.1 619 620 -1
0.1 618 1791 -1
0.1 617 1792 -1
0.1 616 1793 -1
0.1 621 622 -1
0.1 624 625 -1
0.1 623 1796 -1
0.1 626 627 -1
0.1 1798 628 -1
0.1 1797 1799 -1
0.1 1795 1800 -1
0.1 629 630 -1
0.1 1802 631 -1
0.1 632 633 -1
0.1 1803 1804 -1
0.1 634 635 -1
0.1 1805 1806 -1
0.1 1801 1807 -1
0.1 1794 1808 -1
0.1 637 638 -1
0.1 1810 639 -1
0.1 1811 640 -1
0.1 636 1812 -1
0.1 642 643 -1
0.1 641 1814 -1
0.1 645 646 -1
0.1 1816 647 -1
0.1 644 1817 -1
0.1 1815 1818 -1
0.1 651 652 -1
0.1 650 1820 -1
0.1 649 1821 -1
0.1 648 1822 -1
0.1 1823 653 -1
0.1 1819 1824 -1
0.1 654 655 -1
0.1 1825 1826 -1
0.1 1813 1827 -1
0.1 1809 1828 -1
0.1 1829 656 -1
0.1 615 1830 -1
0.1 1790 1831 -1
0.1 1306 1832 -1
0.1 1285 1833 -1
0.1 1284 1834 -1
0.1 657 658 -1
0.1 662 663 -1
0.1 664 665 -1
0.1 667 668 -1
0.1 666 1839 -1
0.1 669 670 -1
0.1 671 672 -1
0.1 1841 1842 -1
0.1 1840 1843 -1
0.1 1838 1844 -1
0.1 1837 1845 -1
0.1 673 674 -1
0.1 675 676 -1
0.1 1848 677 -1
0.1 1847 1849 -1
0.1 1846 1850 -1
0.1 678 679 -1
0.1 680 681 -1
0.1 1852 1853 -1
0.1 1851 1854 -1
0.1 682 683 -1
0.1 1855 1856 -1
0.1 1857 684 -1
0.1 661 1858 -1
0.1 660 1859 -1
0.1 659 1860 -1
0.1 685 686 -1
0.1 1861 1862 -1
0.1 688 689 -1
0.1 1864 690 -1
0.1 687 1865 -1
0.1 1866 691 -1
0.1 1867 692 -1
0.1 1868 693 -1
0.1 695 696 -1
0.1 1870 697 -1
0.1 694 1871 -1
0.1 1872 698 -1
0.1 701 702 -1
0.1 705 706 -1
0.1 704 1875 -1
0.1 708 709 -1
0.1 1877 710 -1
0.1 707 1878 -1
0.1 713 714 -1
0.1 712 1880 -1
0.1 711 1881 -1
0.1 1879 1882 -1
0.1 716 717 -1
0.1 715 1884 -1
0.1 718 719 -1
0.1 1885 1886 -1
0.1 1883 1887 -1
0.1 1888 720 -1
0.1 721 722 -1
0.1 1889 1890 -1
0.1 1876 1891 -1
0.1 703 1892 -1
0.1 1874 1893 -1
0.1 700 1894 -1
0.1 699 1895 -1
0.1 1873 1896 -1
0.1 1869 1897 -1
0.1 726 727 -1
0.1 725 1899 -1
0.1 728 729 -1
0.1 1901 730 -1
0.1 1900 1902 -1
0.1 724 1903 -1
0.1 723 1904 -1
0.1 1898 1905 -1
0.1 733 734 -1
0.1 735 736 -1
0.1 737 738 -1
0.1 1908 1909 -1
0.1 1907 1910 -1
0.1 732 1911 -1
0.1 731 1912 -1
0.1 739 740 -1
0.1 741 742 -1
0.1 1914 1915 -1
0.1 745 746 -1
0.1 744 1917 -1
0.1 743 1918 -1
0.1 747 748 -1
0.1 749 750 -1
0.1 751 752 -1
0.1 1921 1922 -1
0.1 754 755 -1
0.1 753 1924 -1
0.1 756 757 -1
0.1 1925 1926 -1
0.1 1923 1927 -1
0.1 1920 1928 -1
0.1 1919 1929 -1
0.1 1916 1930 -1
0.1 760 761 -1
0.1 759 1932 -1
0.1 762 763 -1
0.1 1933 1934 -1
0.1 758 1935 -1
0.1 1931 1936 -1
0.1 1913 1937 -1
0.1 767 768 -1
0.1 766 1939 -1
0.1 765 1940 -1
0.1 769 770 -1
0.1 771 772 -1
0.1 773 774 -1
0.1 775 776 -1
0.1 777 778 -1
0.1 779 780 -1
0.1 1946 1947 -1
0.1 1945 1948 -1
0.1 1944 1949 -1
0.1 1943 1950 -1
0.1 1942 1951 -1
0.1 1941 1952 -1
0.1 782 783 -1
0.1 781 1954 -1
0.1 1955 784 -1
0.1 787 788 -1
0.1 786 1957 -1
0.1 789 790 -1
0.1 1958 1959 -1
0.1 794 795 -1
0.1 796 797 -1
0.1 1961 1962 -1
0.1 798 799 -1
0.1 1963 1964 -1
0.1 800 801 -1
0.1 1965 1966 -1
0.1 803 804 -1
0.1 802 1968 -1
0.1 1967 1969 -1
0.1 793 1970 -1
0.1 806 807 -1
0.1 805 1972 -1
0.1 808 809 -1
0.1 811 812 -1
0.1 810 1975 -1
0.1 1974 1976 -1
0.1 1973 1977 -1
0.1 1971 1978 -1
0.1 792 1979 -1
0.1 813 814 -1
0.1 1980 1981 -1
0.1 815 816 -1
0.1 1982 1983 -1
0.1 1984 817 -1
0.1 791 1985 -1
0.1 1960 1986 -1
0.1 785 1987 -1
0.1 818 819 -1
0.1 1989 820 -1
0.1 1988 1990 -1
0.1 1956 1991 -1
0.1 1953 1992 -1
0.1 764 1993 -1
0.1 821 822 -1
0.1 1995 823 -1
0.1 825 826 -1
0.1 827 828 -1
0.1 829 830 -1
0.1 831 832 -1
0.1 1999 2000 -1
0.1 1998 2001 -1
0.1 1997 2002 -1
0.1 2003 833 -1
0.1 824 2004 -1
0.1 836 837 -1
0.1 835 2006 -1
0.1 834 2007 -1
0.1 2005 2008 -1
0.1 2009 838 -1
0.1 840 841 -1
0.1 839 2011 -1
0.1 2012 842 -1
0.1 843 844 -1
0.1 845 846 -1
0.1 2014 2015 -1
0.1 2013 2016 -1
0.1 847 848 -1
0.1 849 850 -1
0.1 2018 2019 -1
0.1 2017 2020 -1
0.1 2010 2021 -1
0.1 1996 2022 -1
0.1 851 852 -1
0.1 853 854 -1
0.1 855 856 -1
0.1 857 858 -1
0.1 2026 2027 -1
0.1 2025 2028 -1
0.1 2024 2029 -1
0.1 859 860 -1
0.1 863 864 -1
0.1 2032 865 -1
0.1 2033 866 -1
0.1 862 2034 -1
0.1 861 2035 -1
0.1 2031 2036 -1
0.1 2030 2037 -1
0.1 2023 2038 -1
0.1 1994 2039 -1
0.1 1938 2040 -1
0.1 868 869 -1
0.1 2042 870 -1
0.1 871 872 -1
0.1 873 874 -1
0.1 875 876 -1
0.1 2045 2046 -1
0.1 877 878 -1
0.1 2047 2048 -1
0.1 2049 879 -1
0.1 2044 2050 -1
0.1 880 881 -1
0.1 886 887 -1
0.1 885 2053 -1
0.1 884 2054 -1
0.1 883 2055 -1
0.1 882 2056 -1
0.1 2057 888 -1
0.1 2052 2058 -1
0.1 889 890 -1
0.1 2059 2060 -1
0.1 2051 2061 -1
0.1 2043 2062 -1
0.1 867 2063 -1
0.1 2064 891 -1
0.1 892 893 -1
0.1 894 895 -1
0.1 2066 2067 -1
0.1 2068 896 -1
0.1 2069 897 -1
0.1 898 899 -1
0.1 2071 900 -1
0.1 901 902 -1
0.1 904 905 -1
0.1 903 2074 -1
0.1 2075 906 -1
0.1 2073 2076 -1
0.1 2072 2077 -1
0.1 2070 2078 -1
0.1 2065 2079 -1
0.1 2041 2080 -1
0.1 1906 2081 -1
0.1 1863 2082 -1
0.1 2083 907 -1
0.1 910 911 -1
0.1 909 2085 -1
0.1 908 2086 -1
0.1 2087 912 -1
0.1 2088 913 -1
0.1 915 916 -1
0.1 914 2090 -1
0.1 2089 2091 -1
0.1 2084 2092 -1
0.1 1836 2093 -1
0.1 919 920 -1
0.1 924 925 -1
0.1 2096 926 -1
0.1 923 2097 -1
0.1 2098 927 -1
0.1 932 933 -1
0.1 931 2100 -1
0.1 930 2101 -1
0.1 934 935 -1
0.1 937 938 -1
0.1 936 2104 -1
0.1 2103 2105 -1
0.1 2102 2106 -1
0.1 929 2107 -1
0.1 928 2108 -1
0.1 940 941 -1
0.1 939 2110 -1
0.1 2109 2111 -1
0.1 2099 2112 -1
0.1 922 2113 -1
0.1 921 2114 -1
0.1 2095 2115 -1
0.1 945 946 -1
0.1 947 948 -1
0.1 2118 949 -1
0.1 2117 2119 -1
0.1 944 2120 -1
0.1 2121 950 -1
0.1 943 2122 -1
0.1 952 953 -1
0.1 954 955 -1
0.1 956 957 -1
0.1 2125 2126 -1
0.1 2124 2127 -1
0.1 951 2128 -1
0.1 959 960 -1
0.1 961 962 -1
0.1 2130 2131 -1
0.1 958 2132 -1
0.1 2129 2133 -1
0.1 2123 2134 -1
0.1 942 2135 -1
0.1 2116 2136 -1
0.1 963 964 -1
0.1 966 967 -1
0.1 968 969 -1
0.1 2139 2140 -1
0.1 965 2141 -1
0.1 971 972 -1
0.1 970 2143 -1
0.1 977 978 -1
0.1 976 2145 -1
0.1 975 2146 -1
0.1 974 2147 -1
0.1 973 2148 -1
0.1 2144 2149 -1
0.1 2142 2150 -1
0.1 2138 2151 -1
0.1 2137 2152 -1
0.1 918 2153 -1
0.1 917 2154 -1
0.1 981 982 -1
0.1 2156 983 -1
0.1 980 2157 -1
0.1 979 2158 -1
0.1 984 985 -1
0.1 2159 2160 -1
0.1 2161 986 -1
0.1 988 989 -1
0.1 987 2163 -1
0.1 2162 2164 -1
0.1 990 991 -1
0.1 992 993 -1
0.1 2166 2167 -1
0.1 995 996 -1
0.1 997 998 -1
0.1 2169 2170 -1
0.1 994 2171 -1
0.1 2168 2172 -1
0.1 2165 2173 -1
0.1 1000 1001 -1
0.1 2175 1002 -1
0.1 999 2176 -1
0.1 1003 1004 -1
0.1 1005 1006 -1
0.1 2178 2179 -1
0.1 2180 1007 -1
0.1 1009 1010 -1
0.1 1008 2182 -1
0.1 1012 1013 -1
0.1 1014 1015 -1
0.1 2184 2185 -1
0.1 1016 1017 -1
0.1 2187 1018 -1
0.1 2186 2188 -1
0.1 1011 2189 -1
0.1 2183 2190 -1
0.1 2181 2191 -1
0.1 2177 2192 -1
0.1 2193 1019 -1
0.1 2174 2194 -1
0.1 2155 2195 -1
0.1 2094 2196 -1
0.1 1023 1024 -1
0.1 1022 2198 -1
0.1 1025 1026 -1
0.1 1031 1032 -1
0.1 1030 2201 -1
0.1 1034 1035 -1
0.1 1033 2203 -1
0.1 2202 2204 -1
0.1 2205 1036 -1
0.1 1029 2206 -1
0.1 1037 1038 -1
0.1 2207 2208 -1
0.1 1039 1040 -1
0.1 1041 1042 -1
0.1 1043 1044 -1
0.1 2211 2212 -1
0.1 2210 2213 -1
0.1 2209 2214 -1
0.1 1045 1046 -1
0.1 2215 2216 -1
0.1 1028 2217 -1
0.1 1027 2218 -1
0.1 2200 2219 -1
0.1 2199 2220 -1
0.1 1049 1050 -1
0.1 1048 2222 -1
0.1 1054 1055 -1
0.1 1053 2224 -1
0.1 1052 2225 -1
0.1 1058 1059 -1
0.1 1057 2227 -1
0.1 1056 2228 -1
0.1 2226 2229 -1
0.1 1060 1061 -1
0.1 2230 2231 -1
0.1 1063 1064 -1
0.1 1062 2233 -1
0.1 1066 1067 -1
0.1 1065 2235 -1
0.1 2234 2236 -1
0.1 2232 2237 -1
0.1 1051 2238 -1
0.1 2223 2239 -1
0.1 1047 2240 -1
0.1 2241 1068 -1
0.1 2221 2242 -1
0.1 1021 2243 -1
0.1 2244 1069 -1
0.1 1071 1072 -1
0.1 1073 1074 -1
0.1 1076 1077 -1
0.1 2248 1078 -1
0.1 2249 1079 -1
0.1 1080 1081 -1
0.1 1082 1083 -1
0.1 2251 2252 -1
0.1 1084 1085 -1
0.1 1087 1088 -1
0.1 1086 2255 -1
0.1 2254 2256 -1
0.1 1089 1090 -1
0.1 1091 1092 -1
0.1 2258 2259 -1
0.1 2257 2260 -1
0.1 2253 2261 -1
0.1 2262 1093 -1
0.1 2250 2263 -1
0.1 2264 1094 -1
0.1 2265 1095 -1
0.1 1075 2266 -1
0.1 1098 1099 -1
0.1 1097 2268 -1
0.1 1096 2269 -1
0.1 1100 1101 -1
0.1 2271 1102 -1
0.1 1104 1105 -1
0.1 1103 2273 -1
0.1 2272 2274 -1
0.1 2270 2275 -1
0.1 1106 1107 -1
0.1 1110 1111 -1
0.1 1112 1113 -1
0.1 2278 2279 -1
0.1 1109 2280 -1
0.1 2281 1114 -1
0.1 1108 2282 -1
0.1 2283 1115 -1
0.1 2277 2284 -1
0.1 2276 2285 -1
0.1 2267 2286 -1
0.1 2247 2287 -1
0.1 2246 2288 -1
0.1 1070 2289 -1
0.1 2245 2290 -1
0.1 1117 1118 -1
0.1 2292 1119 -1
0.1 1116 2293 -1
0.1 2291 2294 -1
0.1 1121 1122 -1
0.1 1120 2296 -1
0.1 1125 1126 -1
0.1 1124 2298 -1
0.1 2299 1127 -1
0.1 1123 2300 -1
0.1 2297 2301 -1
0.1 1130 1131 -1
0.1 1129 2303 -1
0.1 1128 2304 -1
0.1 1132 1133 -1
0.1 1135 1136 -1
0.1 1137 1138 -1
0.1 2308 1139 -1
0.1 2307 2309 -1
0.1 1134 2310 -1
0.1 2306 2311 -1
0.1 2305 2312 -1
0.1 1140 1141 -1
0.1 1144 1145 -1
0.1 1143 2315 -1
0.1 1142 2316 -1
0.1 2317 1146 -1
0.1 2318 1147 -1
0.1 2314 2319 -1
0.1 2313 2320 -1
0.1 1150 1151 -1
0.1 1152 1153 -1
0.1 2322 2323 -1
0.1 2324 1154 -1
0.1 1149 2325 -1
0.1 1148 2326 -1
0.1 1155 1156 -1
0.1 1157 1158 -1
0.1 2328 2329 -1
0.1 1160 1161 -1
0.1 1159 2331 -1
0.1 1162 1163 -1
0.1 2333 1164 -1
0.1 2334 1165 -1
0.1 2335 1166 -1
0.1 2336 1167 -1
0.1 2332 2337 -1
0.1 2330 2338 -1
0.1 2327 2339 -1
0.1 2321 2340 -1
0.1 1168 1169 -1
0.1 2341 2342 -1
0.1 1170 1171 -1
0.1 1172 1173 -1
0.1 2344 2345 -1
0.1 1174 1175 -1
0.1 1176 1177 -1
0.1 2347 2348 -1
0.1 2349 1178 -1
0.1 2346 2350 -1
0.1 2351 1179 -1
0.1 2343 2352 -1
0.1 2302 2353 -1
0.1 2295 2354 -1
0.1 1020 2355 -1
0.1 2356 1180 -1
0.1 2197 2357 -1
0.1 1835 2358 -1
