1 0 0 1
1 0 0 1
1 0 0 1
1 0 0 1
1 0 0 2
1 0 0 2
1 0 0 2
1 0 0 2
1 0 0 2
1 0 0 2
1 0 0 2
1 0 0 2
1 0 0 2
1 0 0 2
1 0 0 1
1 0 0 1
1 0 0 1
1 0 0 1
1 0 0 1
1 0 0 1
1 0 0 3
1 0 0 3
1 0 0 3
1 0 0 3
1 0 0 3
1 0 0 3
1 0 0 3
1 0 0 3
1 0 0 3
1 0 0 3
1 0 0 4
1 0 0 4
1 0 0 5
1 0 0 5
1 0 0 5
1 0 0 5
1 0 0 5
1 0 0 5
1 0 0 5
1 0 0 5
1 0 0 5
1 0 0 6
1 0 0 6
1 0 0 6
1 0 0 6
1 0 0 6
1 0 0 6
1 0 0 6
1 0 0 6
1 0 0 7
1 0 0 7
1 0 0 7
1 0 0 7
1 0 0 7
1 0 0 7
1 0 0 7
1 0 0 7
1 0 0 7
1 0 0 7
1 0 0 6
1 0 0 8
1 0 0 8
1 0 0 8
1 0 0 8
1 0 0 8
1 0 0 8
1 0 0 8
1 0 0 8
1 0 0 8
1 0 0 8
1 0 0 6
1 0 0 9
1 0 0 9
1 0 0 9
1 0 0 9
1 0 0 9
1 0 0 9
1 0 0 9
1 0 0 9
1 0 0 9
1 0 0 9
1 0 0 5
1 0 0 10
1 0 0 10
1 0 0 10
1 0 0 10
1 0 0 11
1 0 0 11
1 0 0 11
1 0 0 11
1 0 0 11
1 0 0 11
1 0 0 11
1 0 0 11
1 0 0 11
1 0 0 11
1 0 0 10
1 0 0 10
1 0 0 10
1 0 0 12
1 0 0 12
1 0 0 12
1 0 0 12
1 0 0 12
1 0 0 12
1 0 0 12
1 0 0 12
1 0 0 12
1 0 0 12
1 0 0 10
1 0 0 10
1 0 0 13
1 0 0 13
1 0 0 13
1 0 0 13
1 0 0 13
1 0 0 13
1 0 0 13
1 0 0 13
1 0 0 13
1 0 0 13
1 0 0 14
1 0 0 14
1 0 0 14
1 0 0 14
1 0 0 14
1 0 0 14
1 0 0 14
1 0 0 14
1 0 0 14
1 0 0 14
1 0 0 10
1 0 0 15
1 0 0 15
1 0 0 15
1 0 0 15
1 0 0 15
1 0 0 15
1 0 0 15
1 0 0 15
1 0 0 15
1 0 0 15
1 0 0 4
1 0 0 16
1 0 0 16
1 0 0 16
1 0 0 16
1 0 0 16
1 0 0 16
1 0 0 16
1 0 0 16
1 0 0 16
1 0 0 16
1 0 0 17
1 0 0 17
1 0 0 17
1 0 0 17
1 0 0 17
1 0 0 17
1 0 0 17
1 0 0 17
1 0 0 17
1 0 0 17
1 0 0 4
1 0 0 4
1 0 0 18
1 0 0 18
1 0 0 18
1 0 0 19
1 0 0 19
1 0 0 19
1 0 0 19
1 0 0 19
1 0 0 19
1 0 0 19
1 0 0 19
1 0 0 19
1 0 0 19
1 0 0 18
1 0 0 18
1 0 0 4
1 0 0 4
1 0 0 18
1 0 0 18
1 0 0 18
1 0 0 18
1 0 0 18
1 0 0 20
1 0 0 20
1 0 0 20
1 0 0 20
1 0 0 20
1 0 0 20
1 0 0 20
1 0 0 20
1 0 0 20
1 0 0 20
1 0 0 21
1 0 0 21
1 0 0 21
1 0 0 21
1 0 0 21
1 0 0 21
1 0 0 21
1 0 0 21
1 0 0 21
1 0 0 21
1 0 0 22
1 0 0 22
1 0 0 22
1 0 0 22
1 0 0 22
1 0 0 22
1 0 0 22
1 0 0 22
1 0 0 22
1 0 0 22
1 0 0 4
1 0 0 4
1 0 0 4
1 0 0 23
1 0 0 23
1 0 0 23
1 0 0 23
1 0 0 23
1 0 0 23
1 0 0 23
1 0 0 23
1 0 0 23
1 0 0 23
1 0 0 24
1 0 0 24
1 0 0 24
1 0 0 24
1 0 0 24
1 0 0 24
1 0 0 24
1 0 0 24
1 0 0 24
1 0 0 24
1 0 0 25
1 0 0 25
1 0 0 25
1 0 0 25
1 0 0 26
1 0 0 26
1 0 0 26
1 0 0 26
1 0 0 26
1 0 0 26
1 0 0 26
1 0 0 26
1 0 0 26
1 0 0 26
1 0 0 25
1 0 0 25
1 0 0 25
1 0 0 25
1 0 0 25
1 0 0 25
1 0 0 27
1 0 0 27
1 0 0 27
1 0 0 27
1 0 0 27
1 0 0 27
1 0 0 27
1 0 0 27
1 0 0 27
1 0 0 27
0.1 3 4 -1
0.1 5 6 -1
0.1 272 7 -1
0.1 273 8 -1
0.1 9 10 -1
0.1 12 13 -1
0.1 276 14 -1
0.1 11 277 -1
0.1 275 278 -1
0.1 274 279 -1
0.1 271 280 -1
0.1 16 17 -1
0.1 19 20 -1
0.1 18 283 -1
0.1 282 284 -1
0.1 15 285 -1
0.1 281 286 -1
0.1 2 287 -1
0.1 1 288 -1
0.1 22 23 -1
0.1 24 25 -1
0.1 290 291 -1
0.1 21 292 -1
0.1 26 27 -1
0.1 293 294 -1
0.1 29 30 -1
0.1 28 296 -1
0.1 295 297 -1
0.1 289 298 -1
0.1 36 37 -1
0.1 35 300 -1
0.1 39 40 -1
0.1 38 302 -1
0.1 301 303 -1
0.1 304 41 -1
0.1 34 305 -1
0.1 33 306 -1
0.1 42 43 -1
0.1 308 44 -1
0.1 45 46 -1
0.1 309 310 -1
0.1 311 47 -1
0.1 52 53 -1
0.1 51 313 -1
0.1 314 54 -1
0.1 50 315 -1
0.1 55 56 -1
0.1 316 317 -1
0.1 57 58 -1
0.1 319 59 -1
0.1 318 320 -1
0.1 49 321 -1
0.1 61 62 -1
0.1 63 64 -1
0.1 323 324 -1
0.1 67 68 -1
0.1 66 326 -1
0.1 69 70 -1
0.1 327 328 -1
0.1 65 329 -1
0.1 325 330 -1
0.1 331 71 -1
0.1 60 332 -1
0.1 322 333 -1
0.1 48 334 -1
0.1 312 335 -1
0.1 72 73 -1
0.1 74 75 -1
0.1 338 76 -1
0.1 339 77 -1
0.1 337 340 -1
0.1 78 79 -1
0.1 80 81 -1
0.1 342 343 -1
0.1 341 344 -1
0.1 345 82 -1
0.1 336 346 -1
0.1 307 347 -1
0.1 85 86 -1
0.1 87 88 -1
0.1 91 92 -1
0.1 93 94 -1
0.1 352 95 -1
0.1 351 353 -1
0.1 90 354 -1
0.1 89 355 -1
0.1 350 356 -1
0.1 357 96 -1
0.1 349 358 -1
0.1 97 98 -1
0.1 359 360 -1
0.1 84 361 -1
0.1 83 362 -1
0.1 106 107 -1
0.1 105 364 -1
0.1 104 365 -1
0.1 108 109 -1
0.1 366 367 -1
0.1 103 368 -1
0.1 102 369 -1
0.1 101 370 -1
0.1 100 371 -1
0.1 99 372 -1
0.1 373 110 -1
0.1 112 113 -1
0.1 114 115 -1
0.1 116 117 -1
0.1 118 119 -1
0.1 377 378 -1
0.1 120 121 -1
0.1 379 380 -1
0.1 376 381 -1
0.1 375 382 -1
0.1 122 123 -1
0.1 126 127 -1
0.1 125 385 -1
0.1 386 128 -1
0.1 130 131 -1
0.1 129 388 -1
0.1 387 389 -1
0.1 124 390 -1
0.1 384 391 -1
0.1 383 392 -1
0.1 111 393 -1
0.1 394 132 -1
0.1 374 395 -1
0.1 363 396 -1
0.1 348 397 -1
0.1 32 398 -1
0.1 133 134 -1
0.1 135 136 -1
0.1 400 401 -1
0.1 137 138 -1
0.1 139 140 -1
0.1 403 404 -1
0.1 402 405 -1
0.1 141 142 -1
0.1 406 407 -1
0.1 145 146 -1
0.1 147 148 -1
0.1 409 410 -1
0.1 411 149 -1
0.1 150 151 -1
0.1 152 153 -1
0.1 413 414 -1
0.1 412 415 -1
0.1 144 416 -1
0.1 143 417 -1
0.1 408 418 -1
0.1 399 419 -1
0.1 31 420 -1
0.1 299 421 -1
0.1 155 156 -1
0.1 158 159 -1
0.1 157 424 -1
0.1 423 425 -1
0.1 154 426 -1
0.1 160 161 -1
0.1 427 428 -1
0.1 162 163 -1
0.1 164 165 -1
0.1 430 431 -1
0.1 429 432 -1
0.1 167 168 -1
0.1 166 434 -1
0.1 169 170 -1
0.1 172 173 -1
0.1 171 437 -1
0.1 436 438 -1
0.1 439 174 -1
0.1 440 175 -1
0.1 176 177 -1
0.1 442 178 -1
0.1 441 443 -1
0.1 444 179 -1
0.1 445 180 -1
0.1 435 446 -1
0.1 181 182 -1
0.1 448 183 -1
0.1 447 449 -1
0.1 450 184 -1
0.1 186 187 -1
0.1 185 452 -1
0.1 451 453 -1
0.1 433 454 -1
0.1 190 191 -1
0.1 456 192 -1
0.1 189 457 -1
0.1 196 197 -1
0.1 195 459 -1
0.1 194 460 -1
0.1 193 461 -1
0.1 458 462 -1
0.1 188 463 -1
0.1 199 200 -1
0.1 201 202 -1
0.1 465 466 -1
0.1 467 203 -1
0.1 206 207 -1
0.1 205 469 -1
0.1 204 470 -1
0.1 468 471 -1
0.1 198 472 -1
0.1 208 209 -1
0.1 211 212 -1
0.1 210 475 -1
0.1 474 476 -1
0.1 477 213 -1
0.1 215 216 -1
0.1 479 217 -1
0.1 214 480 -1
0.1 478 481 -1
0.1 473 482 -1
0.1 464 483 -1
0.1 218 219 -1
0.1 484 485 -1
0.1 486 220 -1
0.1 222 223 -1
0.1 488 224 -1
0.1 227 228 -1
0.1 226 490 -1
0.1 225 491 -1
0.1 229 230 -1
0.1 492 493 -1
0.1 489 494 -1
0.1 221 495 -1
0.1 235 236 -1
0.1 497 237 -1
0.1 234 498 -1
0.1 499 238 -1
0.1 239 240 -1
0.1 500 501 -1
0.1 233 502 -1
0.1 232 503 -1
0.1 231 504 -1
0.1 241 242 -1
0.1 243 244 -1
0.1 506 507 -1
0.1 246 247 -1
0.1 245 509 -1
0.1 249 250 -1
0.1 248 511 -1
0.1 252 253 -1
0.1 251 513 -1
0.1 514 254 -1
0.1 512 515 -1
0.1 510 516 -1
0.1 255 256 -1
0.1 518 257 -1
0.1 259 260 -1
0.1 258 520 -1
0.1 519 521 -1
0.1 517 522 -1
0.1 508 523 -1
0.1 263 264 -1
0.1 267 268 -1
0.1 266 526 -1
0.1 265 527 -1
0.1 525 528 -1
0.1 262 529 -1
0.1 269 270 -1
0.1 530 531 -1
0.1 261 532 -1
0.1 524 533 -1
0.1 505 534 -1
0.1 496 535 -1
0.1 487 536 -1
0.1 455 537 -1
0.1 422 538 -1
