1 0 0 1
1 0 0 1
1 0 0 1
1 0 0 1
1 0 0 1
1 0 0 1
1 0 0 1
1 0 0 1
1 0 0 2
1 0 0 2
1 0 0 2
1 0 0 2
1 0 0 2
1 0 0 2
1 0 0 2
1 0 0 2
1 0 0 2
1 0 0 2
1 0 0 1
1 0 0 1
1 0 0 3
1 0 0 3
1 0 0 3
1 0 0 3
1 0 0 3
1 0 0 3
1 0 0 3
1 0 0 3
1 0 0 3
1 0 0 3
1 0 0 4
1 0 0 5
1 0 0 5
1 0 0 5
1 0 0 5
1 0 0 5
1 0 0 5
1 0 0 5
1 0 0 5
1 0 0 5
1 0 0 5
1 0 0 6
1 0 0 6
1 0 0 6
1 0 0 6
1 0 0 6
1 0 0 6
1 0 0 6
1 0 0 6
1 0 0 6
1 0 0 6
1 0 0 7
1 0 0 8
1 0 0 8
1 0 0 8
1 0 0 8
1 0 0 8
1 0 0 8
1 0 0 8
1 0 0 8
1 0 0 9
1 0 0 9
1 0 0 9
1 0 0 9
1 0 0 9
1 0 0 9
1 0 0 9
1 0 0 9
1 0 0 9
1 0 0 9
1 0 0 8
1 0 0 8
1 0 0 10
1 0 0 10
1 0 0 10
1 0 0 10
1 0 0 10
1 0 0 10
1 0 0 10
1 0 0 10
1 0 0 10
1 0 0 10
1 0 0 7
1 0 0 7
1 0 0 7
1 0 0 7
1 0 0 7
1 0 0 7
1 0 0 7
1 0 0 7
1 0 0 7
1 0 0 11
1 0 0 11
1 0 0 11
1 0 0 11
1 0 0 11
1 0 0 11
1 0 0 11
1 0 0 11
1 0 0 11
1 0 0 11
1 0 0 12
1 0 0 12
1 0 0 12
1 0 0 12
1 0 0 12
1 0 0 12
1 0 0 12
1 0 0 12
1 0 0 12
1 0 0 12
1 0 0 13
1 0 0 13
1 0 0 13
1 0 0 13
1 0 0 13
1 0 0 13
1 0 0 13
1 0 0 13
1 0 0 14
1 0 0 14
1 0 0 14
1 0 0 14
1 0 0 14
1 0 0 14
1 0 0 14
1 0 0 14
1 0 0 14
1 0 0 14
1 0 0 13
1 0 0 13
1 0 0 15
1 0 0 15
1 0 0 15
1 0 0 15
1 0 0 15
1 0 0 15
1 0 0 15
1 0 0 15
1 0 0 15
1 0 0 15
1 0 0 16
1 0 0 16
1 0 0 16
1 0 0 16
1 0 0 16
1 0 0 16
1 0 0 16
1 0 0 16
1 0 0 16
1 0 0 16
1 0 0 4
1 0 0 4
1 0 0 17
1 0 0 17
1 0 0 17
1 0 0 17
1 0 0 17
1 0 0 17
1 0 0 17
1 0 0 17
1 0 0 17
1 0 0 17
1 0 0 18
1 0 0 18
1 0 0 18
1 0 0 18
1 0 0 18
1 0 0 18
1 0 0 18
1 0 0 18
1 0 0 18
1 0 0 18
1 0 0 19
1 0 0 19
1 0 0 19
1 0 0 19
1 0 0 19
1 0 0 19
1 0 0 19
1 0 0 19
1 0 0 19
1 0 0 20
1 0 0 20
1 0 0 20
1 0 0 20
1 0 0 20
1 0 0 20
1 0 0 20
1 0 0 20
1 0 0 20
1 0 0 20
1 0 0 19
1 0 0 21
1 0 0 21
1 0 0 21
1 0 0 21
1 0 0 21
1 0 0 21
1 0 0 21
1 0 0 21
1 0 0 21
1 0 0 21
1 0 0 4
1 0 0 4
1 0 0 4
1 0 0 22
1 0 0 22
1 0 0 22
1 0 0 22
1 0 0 22
1 0 0 22
1 0 0 22
1 0 0 22
1 0 0 22
1 0 0 22
1 0 0 23
1 0 0 23
1 0 0 23
1 0 0 23
1 0 0 23
1 0 0 23
1 0 0 23
1 0 0 23
1 0 0 23
1 0 0 23
1 0 0 24
1 0 0 24
1 0 0 24
1 0 0 24
1 0 0 24
1 0 0 24
1 0 0 24
1 0 0 24
1 0 0 24
1 0 0 24
1 0 0 25
1 0 0 25
1 0 0 25
1 0 0 25
1 0 0 25
1 0 0 25
1 0 0 25
1 0 0 25
1 0 0 26
1 0 0 26
1 0 0 26
1 0 0 26
1 0 0 26
1 0 0 26
1 0 0 26
1 0 0 26
1 0 0 26
1 0 0 26
1 0 0 25
1 0 0 25
1 0 0 27
1 0 0 27
1 0 0 4
1 0 0 4
1 0 0 27
1 0 0 27
1 0 0 4
1 0 0 4
1 0 0 27
1 0 0 27
1 0 0 27
1 0 0 27
1 0 0 27
1 0 0 27
0.1 4 5 -1
0.1 6 7 -1
0.1 272 8 -1
0.1 271 273 -1
0.1 3 274 -1
0.1 2 275 -1
0.1 1 276 -1
0.1 11 12 -1
0.1 10 278 -1
0.1 9 279 -1
0.1 14 15 -1
0.1 13 281 -1
0.1 282 16 -1
0.1 17 18 -1
0.1 283 284 -1
0.1 280 285 -1
0.1 19 20 -1
0.1 286 287 -1
0.1 277 288 -1
0.1 22 23 -1
0.1 21 290 -1
0.1 26 27 -1
0.1 28 29 -1
0.1 292 293 -1
0.1 25 294 -1
0.1 24 295 -1
0.1 296 30 -1
0.1 291 297 -1
0.1 289 298 -1
0.1 32 33 -1
0.1 34 35 -1
0.1 300 301 -1
0.1 37 38 -1
0.1 39 40 -1
0.1 303 304 -1
0.1 36 305 -1
0.1 306 41 -1
0.1 302 307 -1
0.1 31 308 -1
0.1 44 45 -1
0.1 46 47 -1
0.1 310 311 -1
0.1 43 312 -1
0.1 48 49 -1
0.1 50 51 -1
0.1 314 315 -1
0.1 313 316 -1
0.1 42 317 -1
0.1 309 318 -1
0.1 56 57 -1
0.1 58 59 -1
0.1 320 321 -1
0.1 55 322 -1
0.1 54 323 -1
0.1 324 60 -1
0.1 62 63 -1
0.1 65 66 -1
0.1 64 327 -1
0.1 326 328 -1
0.1 61 329 -1
0.1 67 68 -1
0.1 69 70 -1
0.1 331 332 -1
0.1 330 333 -1
0.1 325 334 -1
0.1 53 335 -1
0.1 72 73 -1
0.1 74 75 -1
0.1 337 338 -1
0.1 76 77 -1
0.1 340 78 -1
0.1 341 79 -1
0.1 81 82 -1
0.1 80 343 -1
0.1 342 344 -1
0.1 339 345 -1
0.1 71 346 -1
0.1 336 347 -1
0.1 84 85 -1
0.1 83 349 -1
0.1 87 88 -1
0.1 351 89 -1
0.1 86 352 -1
0.1 350 353 -1
0.1 90 91 -1
0.1 354 355 -1
0.1 92 93 -1
0.1 94 95 -1
0.1 357 358 -1
0.1 96 97 -1
0.1 98 99 -1
0.1 361 100 -1
0.1 362 101 -1
0.1 360 363 -1
0.1 359 364 -1
0.1 356 365 -1
0.1 348 366 -1
0.1 52 367 -1
0.1 103 104 -1
0.1 369 105 -1
0.1 370 106 -1
0.1 102 371 -1
0.1 107 108 -1
0.1 373 109 -1
0.1 110 111 -1
0.1 374 375 -1
0.1 372 376 -1
0.1 377 112 -1
0.1 378 113 -1
0.1 379 114 -1
0.1 116 117 -1
0.1 115 381 -1
0.1 380 382 -1
0.1 122 123 -1
0.1 121 384 -1
0.1 385 124 -1
0.1 126 127 -1
0.1 125 387 -1
0.1 386 388 -1
0.1 389 128 -1
0.1 390 129 -1
0.1 120 391 -1
0.1 392 130 -1
0.1 119 393 -1
0.1 132 133 -1
0.1 136 137 -1
0.1 135 396 -1
0.1 140 141 -1
0.1 139 398 -1
0.1 138 399 -1
0.1 397 400 -1
0.1 134 401 -1
0.1 395 402 -1
0.1 142 143 -1
0.1 144 145 -1
0.1 146 147 -1
0.1 150 151 -1
0.1 149 407 -1
0.1 148 408 -1
0.1 406 409 -1
0.1 405 410 -1
0.1 404 411 -1
0.1 403 412 -1
0.1 131 413 -1
0.1 394 414 -1
0.1 118 415 -1
0.1 383 416 -1
0.1 368 417 -1
0.1 418 152 -1
0.1 319 419 -1
0.1 420 153 -1
0.1 299 421 -1
0.1 156 157 -1
0.1 158 159 -1
0.1 161 162 -1
0.1 160 425 -1
0.1 424 426 -1
0.1 423 427 -1
0.1 428 163 -1
0.1 155 429 -1
0.1 154 430 -1
0.1 165 166 -1
0.1 164 432 -1
0.1 168 169 -1
0.1 167 434 -1
0.1 433 435 -1
0.1 431 436 -1
0.1 170 171 -1
0.1 172 173 -1
0.1 438 439 -1
0.1 437 440 -1
0.1 175 176 -1
0.1 178 179 -1
0.1 177 443 -1
0.1 444 180 -1
0.1 442 445 -1
0.1 174 446 -1
0.1 181 182 -1
0.1 447 448 -1
0.1 185 186 -1
0.1 188 189 -1
0.1 187 451 -1
0.1 450 452 -1
0.1 184 453 -1
0.1 183 454 -1
0.1 455 190 -1
0.1 191 192 -1
0.1 456 457 -1
0.1 449 458 -1
0.1 459 193 -1
0.1 441 460 -1
0.1 196 197 -1
0.1 462 198 -1
0.1 195 463 -1
0.1 199 200 -1
0.1 464 465 -1
0.1 202 203 -1
0.1 201 467 -1
0.1 466 468 -1
0.1 194 469 -1
0.1 461 470 -1
0.1 208 209 -1
0.1 207 472 -1
0.1 473 210 -1
0.1 474 211 -1
0.1 213 214 -1
0.1 212 476 -1
0.1 477 215 -1
0.1 475 478 -1
0.1 479 216 -1
0.1 220 221 -1
0.1 219 481 -1
0.1 218 482 -1
0.1 217 483 -1
0.1 222 223 -1
0.1 485 224 -1
0.1 486 225 -1
0.1 487 226 -1
0.1 484 488 -1
0.1 229 230 -1
0.1 490 231 -1
0.1 228 491 -1
0.1 233 234 -1
0.1 235 236 -1
0.1 493 494 -1
0.1 232 495 -1
0.1 492 496 -1
0.1 227 497 -1
0.1 489 498 -1
0.1 480 499 -1
0.1 206 500 -1
0.1 205 501 -1
0.1 204 502 -1
0.1 471 503 -1
0.1 239 240 -1
0.1 238 505 -1
0.1 243 244 -1
0.1 242 507 -1
0.1 241 508 -1
0.1 247 248 -1
0.1 510 249 -1
0.1 250 251 -1
0.1 511 512 -1
0.1 246 513 -1
0.1 245 514 -1
0.1 253 254 -1
0.1 252 516 -1
0.1 515 517 -1
0.1 518 255 -1
0.1 519 256 -1
0.1 257 258 -1
0.1 259 260 -1
0.1 521 522 -1
0.1 261 262 -1
0.1 263 264 -1
0.1 265 266 -1
0.1 269 270 -1
0.1 268 527 -1
0.1 267 528 -1
0.1 526 529 -1
0.1 525 530 -1
0.1 524 531 -1
0.1 523 532 -1
0.1 520 533 -1
0.1 509 534 -1
0.1 506 535 -1
0.1 237 536 -1
0.1 504 537 -1
0.1 422 538 -1
