1 0 0 1
1 0 0 1
1 0 0 2
1 0 0 3
1 0 0 3
1 0 0 3
1 0 0 2
1 0 0 2
1 0 0 2
1 0 0 2
1 0 0 2
1 0 0 3
1 0 0 3
1 0 0 3
1 0 0 3
1 0 0 3
1 0 0 3
1 0 0 3
1 0 0 2
1 0 0 2
1 0 0 2
1 0 0 2
1 0 0 4
1 0 0 4
1 0 0 4
1 0 0 4
1 0 0 4
1 0 0 4
1 0 0 4
1 0 0 4
1 0 0 4
1 0 0 4
1 0 0 5
1 0 0 5
1 0 0 5
1 0 0 6
1 0 0 6
1 0 0 6
1 0 0 6
1 0 0 6
1 0 0 6
1 0 0 6
1 0 0 5
1 0 0 5
1 0 0 7
1 0 0 7
1 0 0 7
1 0 0 7
1 0 0 7
1 0 0 7
1 0 0 7
1 0 0 7
1 0 0 7
1 0 0 7
1 0 0 6
1 0 0 6
1 0 0 6
1 0 0 5
1 0 0 1
1 0 0 1
1 0 0 1
1 0 0 8
1 0 0 1
1 0 0 1
1 0 0 1
1 0 0 8
1 0 0 8
1 0 0 8
1 0 0 8
1 0 0 8
1 0 0 8
1 0 0 8
1 0 0 8
1 0 0 8
1 0 0 5
1 0 0 5
1 0 0 5
1 0 0 9
1 0 0 9
1 0 0 10
1 0 0 1
1 0 0 1
1 0 0 10
1 0 0 10
1 0 0 10
1 0 0 10
1 0 0 9
1 0 0 10
1 0 0 11
1 0 0 11
1 0 0 11
1 0 0 11
1 0 0 11
1 0 0 11
1 0 0 11
1 0 0 11
1 0 0 11
1 0 0 11
1 0 0 10
1 0 0 10
1 0 0 10
1 0 0 10
1 0 0 12
1 0 0 9
1 0 0 12
1 0 0 12
1 0 0 12
1 0 0 9
1 0 0 12
1 0 0 13
1 0 0 13
1 0 0 13
1 0 0 12
1 0 0 13
1 0 0 13
1 0 0 13
1 0 0 13
1 0 0 13
1 0 0 13
1 0 0 13
1 0 0 5
1 0 0 12
1 0 0 12
1 0 0 9
1 0 0 9
1 0 0 9
1 0 0 14
1 0 0 14
1 0 0 12
1 0 0 12
1 0 0 14
1 0 0 14
1 0 0 14
1 0 0 15
1 0 0 15
1 0 0 15
1 0 0 15
1 0 0 15
1 0 0 15
1 0 0 15
1 0 0 15
1 0 0 15
1 0 0 15
1 0 0 14
1 0 0 14
1 0 0 14
1 0 0 14
1 0 0 14
1 0 0 16
1 0 0 16
1 0 0 16
1 0 0 16
1 0 0 16
1 0 0 16
1 0 0 16
1 0 0 16
1 0 0 16
1 0 0 16
1 0 0 17
1 0 0 17
1 0 0 17
1 0 0 17
1 0 0 17
1 0 0 17
1 0 0 17
1 0 0 17
1 0 0 17
1 0 0 17
1 0 0 9
1 0 0 9
1 0 0 18
1 0 0 18
1 0 0 18
1 0 0 18
1 0 0 18
1 0 0 18
1 0 0 18
1 0 0 18
1 0 0 18
1 0 0 18
0.1 1 2 -1
0.1 5 6 -1
0.1 4 182 -1
0.1 8 9 -1
0.1 7 184 -1
0.1 10 11 -1
0.1 185 186 -1
0.1 12 13 -1
0.1 15 16 -1
0.1 14 189 -1
0.1 188 190 -1
0.1 17 18 -1
0.1 191 192 -1
0.1 193 19 -1
0.1 20 21 -1
0.1 195 22 -1
0.1 194 196 -1
0.1 187 197 -1
0.1 183 198 -1
0.1 3 199 -1
0.1 25 26 -1
0.1 27 28 -1
0.1 201 202 -1
0.1 29 30 -1
0.1 31 32 -1
0.1 204 205 -1
0.1 203 206 -1
0.1 24 207 -1
0.1 23 208 -1
0.1 33 34 -1
0.1 210 35 -1
0.1 209 211 -1
0.1 38 39 -1
0.1 213 40 -1
0.1 37 214 -1
0.1 215 41 -1
0.1 216 42 -1
0.1 46 47 -1
0.1 45 218 -1
0.1 219 48 -1
0.1 50 51 -1
0.1 221 52 -1
0.1 49 222 -1
0.1 220 223 -1
0.1 53 54 -1
0.1 224 225 -1
0.1 44 226 -1
0.1 43 227 -1
0.1 217 228 -1
0.1 229 55 -1
0.1 56 57 -1
0.1 230 231 -1
0.1 36 232 -1
0.1 233 58 -1
0.1 212 234 -1
0.1 200 235 -1
0.1 60 61 -1
0.1 59 237 -1
0.1 236 238 -1
0.1 64 65 -1
0.1 63 240 -1
0.1 241 66 -1
0.1 67 68 -1
0.1 71 72 -1
0.1 70 244 -1
0.1 245 73 -1
0.1 246 74 -1
0.1 69 247 -1
0.1 243 248 -1
0.1 242 249 -1
0.1 62 250 -1
0.1 239 251 -1
0.1 181 252 -1
0.1 76 77 -1
0.1 75 254 -1
0.1 253 255 -1
0.1 78 79 -1
0.1 256 257 -1
0.1 81 82 -1
0.1 83 84 -1
0.1 85 86 -1
0.1 260 261 -1
0.1 91 92 -1
0.1 90 263 -1
0.1 89 264 -1
0.1 93 94 -1
0.1 96 97 -1
0.1 267 98 -1
0.1 95 268 -1
0.1 266 269 -1
0.1 265 270 -1
0.1 99 100 -1
0.1 271 272 -1
0.1 101 102 -1
0.1 273 274 -1
0.1 88 275 -1
0.1 87 276 -1
0.1 262 277 -1
0.1 259 278 -1
0.1 80 279 -1
0.1 258 280 -1
0.1 105 106 -1
0.1 104 282 -1
0.1 283 107 -1
0.1 103 284 -1
0.1 285 108 -1
0.1 286 109 -1
0.1 111 112 -1
0.1 114 115 -1
0.1 113 289 -1
0.1 290 116 -1
0.1 288 291 -1
0.1 292 117 -1
0.1 119 120 -1
0.1 118 294 -1
0.1 293 295 -1
0.1 110 296 -1
0.1 297 121 -1
0.1 123 124 -1
0.1 122 299 -1
0.1 125 126 -1
0.1 300 301 -1
0.1 127 128 -1
0.1 129 130 -1
0.1 303 304 -1
0.1 302 305 -1
0.1 131 132 -1
0.1 135 136 -1
0.1 134 308 -1
0.1 137 138 -1
0.1 309 310 -1
0.1 140 141 -1
0.1 312 142 -1
0.1 313 143 -1
0.1 139 314 -1
0.1 311 315 -1
0.1 133 316 -1
0.1 144 145 -1
0.1 317 318 -1
0.1 319 146 -1
0.1 320 147 -1
0.1 321 148 -1
0.1 307 322 -1
0.1 306 323 -1
0.1 298 324 -1
0.1 149 150 -1
0.1 152 153 -1
0.1 151 327 -1
0.1 326 328 -1
0.1 154 155 -1
0.1 330 156 -1
0.1 331 157 -1
0.1 332 158 -1
0.1 329 333 -1
0.1 325 334 -1
0.1 287 335 -1
0.1 160 161 -1
0.1 337 162 -1
0.1 159 338 -1
0.1 164 165 -1
0.1 163 340 -1
0.1 341 166 -1
0.1 339 342 -1
0.1 167 168 -1
0.1 343 344 -1
0.1 169 170 -1
0.1 345 346 -1
0.1 171 172 -1
0.1 348 173 -1
0.1 349 174 -1
0.1 176 177 -1
0.1 175 351 -1
0.1 179 180 -1
0.1 178 353 -1
0.1 352 354 -1
0.1 350 355 -1
0.1 347 356 -1
0.1 336 357 -1
0.1 281 358 -1
