1 0 0 1
1 0 0 2
1 0 0 3
1 0 0 3
1 0 0 3
1 0 0 3
1 0 0 3
1 0 0 3
1 0 0 3
1 0 0 3
1 0 0 3
1 0 0 3
1 0 0 2
1 0 0 2
1 0 0 1
1 0 0 4
1 0 0 4
1 0 0 4
1 0 0 4
1 0 0 4
1 0 0 4
1 0 0 5
1 0 0 5
1 0 0 5
1 0 0 5
1 0 0 5
1 0 0 5
1 0 0 5
1 0 0 5
1 0 0 5
1 0 0 5
1 0 0 4
1 0 0 4
1 0 0 4
1 0 0 4
1 0 0 1
1 0 0 1
1 0 0 1
1 0 0 6
1 0 0 1
1 0 0 1
1 0 0 1
1 0 0 1
1 0 0 7
1 0 0 7
1 0 0 7
1 0 0 7
1 0 0 8
1 0 0 8
1 0 0 8
1 0 0 8
1 0 0 8
1 0 0 8
1 0 0 8
1 0 0 8
1 0 0 8
1 0 0 8
1 0 0 7
1 0 0 7
1 0 0 7
1 0 0 7
1 0 0 7
1 0 0 7
1 0 0 9
1 0 0 9
1 0 0 9
1 0 0 9
1 0 0 1
1 0 0 9
1 0 0 9
1 0 0 9
1 0 0 9
1 0 0 9
1 0 0 9
1 0 0 10
1 0 0 10
1 0 0 10
1 0 0 10
1 0 0 10
1 0 0 10
1 0 0 10
1 0 0 10
1 0 0 10
1 0 0 10
1 0 0 2
1 0 0 2
1 0 0 2
1 0 0 2
1 0 0 11
1 0 0 11
1 0 0 11
1 0 0 11
1 0 0 11
1 0 0 11
1 0 0 11
1 0 0 11
1 0 0 11
1 0 0 11
1 0 0 6
1 0 0 12
1 0 0 12
1 0 0 12
1 0 0 12
1 0 0 12
1 0 0 12
1 0 0 12
1 0 0 13
1 0 0 12
1 0 0 12
1 0 0 12
1 0 0 13
1 0 0 13
1 0 0 13
1 0 0 13
1 0 0 13
1 0 0 13
1 0 0 13
1 0 0 13
1 0 0 13
1 0 0 6
1 0 0 6
1 0 0 2
1 0 0 6
1 0 0 6
1 0 0 14
1 0 0 14
1 0 0 14
1 0 0 14
1 0 0 14
1 0 0 14
1 0 0 14
1 0 0 14
1 0 0 14
1 0 0 14
1 0 0 6
1 0 0 15
1 0 0 15
1 0 0 15
1 0 0 15
1 0 0 15
1 0 0 15
1 0 0 15
1 0 0 15
1 0 0 15
1 0 0 15
1 0 0 16
1 0 0 16
1 0 0 16
1 0 0 2
1 0 0 2
1 0 0 6
1 0 0 6
1 0 0 6
1 0 0 16
1 0 0 16
1 0 0 16
1 0 0 17
1 0 0 17
1 0 0 17
1 0 0 17
1 0 0 17
1 0 0 17
1 0 0 17
1 0 0 17
1 0 0 17
1 0 0 17
1 0 0 16
1 0 0 16
1 0 0 18
1 0 0 18
1 0 0 18
1 0 0 18
1 0 0 18
1 0 0 16
1 0 0 18
1 0 0 18
1 0 0 18
1 0 0 18
1 0 0 18
1 0 0 16
0.1 1 2 -1
0.1 3 4 -1
0.1 5 6 -1
0.1 183 7 -1
0.1 9 10 -1
0.1 185 11 -1
0.1 8 186 -1
0.1 184 187 -1
0.1 188 12 -1
0.1 182 189 -1
0.1 13 14 -1
0.1 191 15 -1
0.1 190 192 -1
0.1 181 193 -1
0.1 18 19 -1
0.1 195 20 -1
0.1 17 196 -1
0.1 197 21 -1
0.1 22 23 -1
0.1 24 25 -1
0.1 199 200 -1
0.1 29 30 -1
0.1 28 202 -1
0.1 27 203 -1
0.1 204 31 -1
0.1 26 205 -1
0.1 201 206 -1
0.1 198 207 -1
0.1 16 208 -1
0.1 33 34 -1
0.1 210 35 -1
0.1 32 211 -1
0.1 209 212 -1
0.1 37 38 -1
0.1 36 214 -1
0.1 39 40 -1
0.1 215 216 -1
0.1 217 41 -1
0.1 42 43 -1
0.1 218 219 -1
0.1 45 46 -1
0.1 44 221 -1
0.1 50 51 -1
0.1 52 53 -1
0.1 55 56 -1
0.1 54 225 -1
0.1 224 226 -1
0.1 223 227 -1
0.1 228 57 -1
0.1 49 229 -1
0.1 48 230 -1
0.1 47 231 -1
0.1 58 59 -1
0.1 232 233 -1
0.1 234 60 -1
0.1 235 61 -1
0.1 222 236 -1
0.1 62 63 -1
0.1 237 238 -1
0.1 64 65 -1
0.1 240 66 -1
0.1 68 69 -1
0.1 67 242 -1
0.1 70 71 -1
0.1 244 72 -1
0.1 243 245 -1
0.1 246 73 -1
0.1 247 74 -1
0.1 241 248 -1
0.1 239 249 -1
0.1 220 250 -1
0.1 77 78 -1
0.1 252 79 -1
0.1 76 253 -1
0.1 75 254 -1
0.1 80 81 -1
0.1 83 84 -1
0.1 82 257 -1
0.1 256 258 -1
0.1 255 259 -1
0.1 251 260 -1
0.1 213 261 -1
0.1 85 86 -1
0.1 262 263 -1
0.1 194 264 -1
0.1 87 88 -1
0.1 90 91 -1
0.1 267 92 -1
0.1 93 94 -1
0.1 95 96 -1
0.1 269 270 -1
0.1 268 271 -1
0.1 97 98 -1
0.1 272 273 -1
0.1 89 274 -1
0.1 100 101 -1
0.1 102 103 -1
0.1 276 277 -1
0.1 105 106 -1
0.1 104 279 -1
0.1 278 280 -1
0.1 281 107 -1
0.1 109 110 -1
0.1 108 283 -1
0.1 284 111 -1
0.1 282 285 -1
0.1 114 115 -1
0.1 287 116 -1
0.1 117 118 -1
0.1 288 289 -1
0.1 290 119 -1
0.1 113 291 -1
0.1 112 292 -1
0.1 286 293 -1
0.1 294 120 -1
0.1 295 121 -1
0.1 99 296 -1
0.1 122 123 -1
0.1 129 130 -1
0.1 299 131 -1
0.1 128 300 -1
0.1 127 301 -1
0.1 126 302 -1
0.1 132 133 -1
0.1 303 304 -1
0.1 305 134 -1
0.1 125 306 -1
0.1 124 307 -1
0.1 298 308 -1
0.1 138 139 -1
0.1 137 310 -1
0.1 136 311 -1
0.1 141 142 -1
0.1 140 313 -1
0.1 314 143 -1
0.1 312 315 -1
0.1 144 145 -1
0.1 316 317 -1
0.1 135 318 -1
0.1 309 319 -1
0.1 297 320 -1
0.1 275 321 -1
0.1 147 148 -1
0.1 146 323 -1
0.1 322 324 -1
0.1 149 150 -1
0.1 152 153 -1
0.1 151 327 -1
0.1 328 154 -1
0.1 155 156 -1
0.1 329 330 -1
0.1 158 159 -1
0.1 160 161 -1
0.1 333 162 -1
0.1 165 166 -1
0.1 164 335 -1
0.1 163 336 -1
0.1 334 337 -1
0.1 332 338 -1
0.1 157 339 -1
0.1 331 340 -1
0.1 326 341 -1
0.1 325 342 -1
0.1 167 168 -1
0.1 343 344 -1
0.1 170 171 -1
0.1 169 346 -1
0.1 174 175 -1
0.1 173 348 -1
0.1 172 349 -1
0.1 178 179 -1
0.1 177 351 -1
0.1 176 352 -1
0.1 350 353 -1
0.1 347 354 -1
0.1 345 355 -1
0.1 266 356 -1
0.1 357 180 -1
0.1 265 358 -1
