1 0 0 1
1 0 0 1
1 0 0 1
1 0 0 1
1 0 0 1
1 0 0 1
1 0 0 1
1 0 0 1
1 0 0 1
1 0 0 1
1 0 0 2
1 0 0 2
1 0 0 2
1 0 0 3
1 0 0 3
1 0 0 3
1 0 0 3
1 0 0 3
1 0 0 2
1 0 0 2
1 0 0 2
1 0 0 2
1 0 0 2
1 0 0 2
1 0 0 2
1 0 0 3
1 0 0 3
1 0 0 3
1 0 0 3
1 0 0 3
1 0 0 4
1 0 0 4
1 0 0 4
1 0 0 5
1 0 0 5
1 0 0 5
1 0 0 5
1 0 0 5
1 0 0 5
1 0 0 5
1 0 0 5
1 0 0 5
1 0 0 5
1 0 0 6
1 0 0 6
1 0 0 6
1 0 0 6
1 0 0 6
1 0 0 6
1 0 0 6
1 0 0 7
1 0 0 6
1 0 0 6
1 0 0 6
1 0 0 7
1 0 0 8
1 0 0 8
1 0 0 8
1 0 0 8
1 0 0 8
1 0 0 8
1 0 0 8
1 0 0 8
1 0 0 8
1 0 0 8
1 0 0 7
1 0 0 7
1 0 0 7
1 0 0 7
1 0 0 4
1 0 0 4
1 0 0 4
1 0 0 4
1 0 0 4
1 0 0 9
1 0 0 9
1 0 0 9
1 0 0 9
1 0 0 9
1 0 0 4
1 0 0 4
1 0 0 7
1 0 0 10
1 0 0 10
1 0 0 10
1 0 0 9
1 0 0 11
1 0 0 11
1 0 0 11
1 0 0 12
1 0 0 12
1 0 0 12
1 0 0 12
1 0 0 12
1 0 0 12
1 0 0 12
1 0 0 11
1 0 0 12
1 0 0 12
1 0 0 12
1 0 0 11
1 0 0 7
1 0 0 7
1 0 0 7
1 0 0 11
1 0 0 11
1 0 0 11
1 0 0 11
1 0 0 13
1 0 0 13
1 0 0 13
1 0 0 13
1 0 0 13
1 0 0 11
1 0 0 13
1 0 0 13
1 0 0 13
1 0 0 13
1 0 0 13
1 0 0 10
1 0 0 10
1 0 0 9
1 0 0 14
1 0 0 14
1 0 0 14
1 0 0 14
1 0 0 14
1 0 0 14
1 0 0 14
1 0 0 14
1 0 0 14
1 0 0 14
1 0 0 15
1 0 0 15
1 0 0 15
1 0 0 15
1 0 0 15
1 0 0 15
1 0 0 15
1 0 0 15
1 0 0 15
1 0 0 15
1 0 0 9
1 0 0 10
1 0 0 10
1 0 0 10
1 0 0 9
1 0 0 9
1 0 0 10
1 0 0 16
1 0 0 16
1 0 0 16
1 0 0 16
1 0 0 16
1 0 0 16
1 0 0 16
1 0 0 16
1 0 0 16
1 0 0 16
1 0 0 10
1 0 0 17
1 0 0 17
1 0 0 17
1 0 0 17
1 0 0 17
1 0 0 18
1 0 0 18
1 0 0 18
1 0 0 18
1 0 0 18
1 0 0 18
1 0 0 18
1 0 0 18
1 0 0 18
1 0 0 18
1 0 0 17
1 0 0 17
1 0 0 17
1 0 0 17
1 0 0 17
0.1 3 4 -1
0.1 7 8 -1
0.1 6 182 -1
0.1 183 9 -1
0.1 5 184 -1
0.1 181 185 -1
0.1 186 10 -1
0.1 2 187 -1
0.1 1 188 -1
0.1 12 13 -1
0.1 11 190 -1
0.1 16 17 -1
0.1 192 18 -1
0.1 15 193 -1
0.1 14 194 -1
0.1 191 195 -1
0.1 20 21 -1
0.1 22 23 -1
0.1 197 198 -1
0.1 19 199 -1
0.1 24 25 -1
0.1 200 201 -1
0.1 196 202 -1
0.1 26 27 -1
0.1 29 30 -1
0.1 28 205 -1
0.1 204 206 -1
0.1 203 207 -1
0.1 32 33 -1
0.1 35 36 -1
0.1 39 40 -1
0.1 38 211 -1
0.1 37 212 -1
0.1 41 42 -1
0.1 213 214 -1
0.1 210 215 -1
0.1 216 43 -1
0.1 34 217 -1
0.1 209 218 -1
0.1 31 219 -1
0.1 51 52 -1
0.1 50 221 -1
0.1 49 222 -1
0.1 223 53 -1
0.1 224 54 -1
0.1 48 225 -1
0.1 47 226 -1
0.1 46 227 -1
0.1 45 228 -1
0.1 44 229 -1
0.1 56 57 -1
0.1 58 59 -1
0.1 61 62 -1
0.1 233 63 -1
0.1 60 234 -1
0.1 232 235 -1
0.1 236 64 -1
0.1 237 65 -1
0.1 231 238 -1
0.1 55 239 -1
0.1 240 66 -1
0.1 230 241 -1
0.1 67 68 -1
0.1 243 69 -1
0.1 242 244 -1
0.1 70 71 -1
0.1 73 74 -1
0.1 72 247 -1
0.1 246 248 -1
0.1 245 249 -1
0.1 220 250 -1
0.1 208 251 -1
0.1 75 76 -1
0.1 253 77 -1
0.1 78 79 -1
0.1 80 81 -1
0.1 255 256 -1
0.1 254 257 -1
0.1 252 258 -1
0.1 189 259 -1
0.1 260 82 -1
0.1 84 85 -1
0.1 83 262 -1
0.1 261 263 -1
0.1 86 87 -1
0.1 265 88 -1
0.1 266 89 -1
0.1 93 94 -1
0.1 268 95 -1
0.1 269 96 -1
0.1 92 270 -1
0.1 91 271 -1
0.1 272 97 -1
0.1 90 273 -1
0.1 99 100 -1
0.1 98 275 -1
0.1 274 276 -1
0.1 277 101 -1
0.1 267 278 -1
0.1 103 104 -1
0.1 102 280 -1
0.1 106 107 -1
0.1 282 108 -1
0.1 105 283 -1
0.1 281 284 -1
0.1 279 285 -1
0.1 110 111 -1
0.1 113 114 -1
0.1 112 288 -1
0.1 117 118 -1
0.1 116 290 -1
0.1 115 291 -1
0.1 289 292 -1
0.1 287 293 -1
0.1 294 119 -1
0.1 109 295 -1
0.1 286 296 -1
0.1 120 121 -1
0.1 126 127 -1
0.1 125 299 -1
0.1 129 130 -1
0.1 128 301 -1
0.1 300 302 -1
0.1 124 303 -1
0.1 131 132 -1
0.1 133 134 -1
0.1 138 139 -1
0.1 307 140 -1
0.1 137 308 -1
0.1 309 141 -1
0.1 136 310 -1
0.1 311 142 -1
0.1 135 312 -1
0.1 306 313 -1
0.1 314 143 -1
0.1 305 315 -1
0.1 304 316 -1
0.1 123 317 -1
0.1 122 318 -1
0.1 298 319 -1
0.1 297 320 -1
0.1 147 148 -1
0.1 146 322 -1
0.1 145 323 -1
0.1 144 324 -1
0.1 325 149 -1
0.1 153 154 -1
0.1 152 327 -1
0.1 156 157 -1
0.1 155 329 -1
0.1 158 159 -1
0.1 330 331 -1
0.1 328 332 -1
0.1 151 333 -1
0.1 150 334 -1
0.1 335 160 -1
0.1 161 162 -1
0.1 336 337 -1
0.1 164 165 -1
0.1 166 167 -1
0.1 169 170 -1
0.1 172 173 -1
0.1 171 342 -1
0.1 341 343 -1
0.1 168 344 -1
0.1 174 175 -1
0.1 345 346 -1
0.1 340 347 -1
0.1 339 348 -1
0.1 349 176 -1
0.1 163 350 -1
0.1 351 177 -1
0.1 178 179 -1
0.1 353 180 -1
0.1 352 354 -1
0.1 338 355 -1
0.1 326 356 -1
0.1 321 357 -1
0.1 264 358 -1
