1 0 0 1
1 0 0 1
1 0 0 1
1 0 0 2
1 0 0 2
1 0 0 2
1 0 0 2
1 0 0 2
1 0 0 2
1 0 0 2
1 0 0 2
1 0 0 2
1 0 0 2
1 0 0 3
1 0 0 3
1 0 0 3
1 0 0 3
1 0 0 3
1 0 0 3
1 0 0 3
1 0 0 3
1 0 0 3
1 0 0 3
1 0 0 3
1 0 0 3
1 0 0 3
1 0 0 3
1 0 0 3
1 0 0 3
1 0 0 3
1 0 0 3
1 0 0 3
1 0 0 3
1 0 0 2
1 0 0 2
1 0 0 2
1 0 0 2
1 0 0 2
1 0 0 2
1 0 0 2
1 0 0 2
1 0 0 2
1 0 0 2
1 0 0 1
1 0 0 1
1 0 0 1
1 0 0 1
1 0 0 1
1 0 0 1
1 0 0 1
1 0 0 1
1 0 0 1
1 0 0 1
1 0 0 1
1 0 0 1
1 0 0 1
1 0 0 1
1 0 0 1
1 0 0 1
1 0 0 1
1 0 0 4
1 0 0 4
1 0 0 4
1 0 0 4
1 0 0 4
1 0 0 4
1 0 0 4
1 0 0 4
1 0 0 4
1 0 0 4
1 0 0 4
1 0 0 4
1 0 0 4
1 0 0 4
1 0 0 4
1 0 0 4
1 0 0 4
1 0 0 4
1 0 0 4
1 0 0 4
1 0 0 5
1 0 0 5
1 0 0 5
1 0 0 5
1 0 0 5
1 0 0 5
1 0 0 5
1 0 0 5
1 0 0 5
1 0 0 5
1 0 0 5
1 0 0 5
1 0 0 5
1 0 0 5
1 0 0 5
1 0 0 5
1 0 0 5
1 0 0 5
1 0 0 5
1 0 0 5
1 0 0 6
1 0 0 6
1 0 0 6
1 0 0 6
1 0 0 6
1 0 0 6
1 0 0 6
1 0 0 6
1 0 0 6
1 0 0 6
1 0 0 6
1 0 0 6
1 0 0 6
1 0 0 6
1 0 0 6
1 0 0 6
1 0 0 6
1 0 0 6
1 0 0 6
1 0 0 6
0.1 1 2 -1
0.1 5 6 -1
0.1 4 122 -1
0.1 7 8 -1
0.1 11 12 -1
0.1 10 125 -1
0.1 9 126 -1
0.1 124 127 -1
0.1 128 13 -1
0.1 16 17 -1
0.1 20 21 -1
0.1 131 22 -1
0.1 19 132 -1
0.1 18 133 -1
0.1 23 24 -1
0.1 135 25 -1
0.1 134 136 -1
0.1 27 28 -1
0.1 138 29 -1
0.1 26 139 -1
0.1 30 31 -1
0.1 140 141 -1
0.1 137 142 -1
0.1 130 143 -1
0.1 32 33 -1
0.1 144 145 -1
0.1 15 146 -1
0.1 14 147 -1
0.1 35 36 -1
0.1 34 149 -1
0.1 148 150 -1
0.1 129 151 -1
0.1 39 40 -1
0.1 38 153 -1
0.1 37 154 -1
0.1 152 155 -1
0.1 123 156 -1
0.1 41 42 -1
0.1 158 43 -1
0.1 157 159 -1
0.1 3 160 -1
0.1 121 161 -1
0.1 162 44 -1
0.1 163 45 -1
0.1 46 47 -1
0.1 50 51 -1
0.1 49 166 -1
0.1 167 52 -1
0.1 48 168 -1
0.1 55 56 -1
0.1 54 170 -1
0.1 58 59 -1
0.1 57 172 -1
0.1 173 60 -1
0.1 171 174 -1
0.1 53 175 -1
0.1 169 176 -1
0.1 165 177 -1
0.1 65 66 -1
0.1 64 179 -1
0.1 63 180 -1
0.1 62 181 -1
0.1 182 67 -1
0.1 68 69 -1
0.1 70 71 -1
0.1 77 78 -1
0.1 76 186 -1
0.1 75 187 -1
0.1 74 188 -1
0.1 73 189 -1
0.1 72 190 -1
0.1 185 191 -1
0.1 192 79 -1
0.1 184 193 -1
0.1 194 80 -1
0.1 183 195 -1
0.1 61 196 -1
0.1 82 83 -1
0.1 198 84 -1
0.1 85 86 -1
0.1 87 88 -1
0.1 200 201 -1
0.1 199 202 -1
0.1 89 90 -1
0.1 91 92 -1
0.1 204 205 -1
0.1 93 94 -1
0.1 97 98 -1
0.1 96 208 -1
0.1 95 209 -1
0.1 207 210 -1
0.1 206 211 -1
0.1 203 212 -1
0.1 81 213 -1
0.1 99 100 -1
0.1 214 215 -1
0.1 197 216 -1
0.1 178 217 -1
0.1 164 218 -1
0.1 101 102 -1
0.1 220 103 -1
0.1 104 105 -1
0.1 107 108 -1
0.1 106 223 -1
0.1 222 224 -1
0.1 109 110 -1
0.1 111 112 -1
0.1 226 227 -1
0.1 228 113 -1
0.1 115 116 -1
0.1 114 230 -1
0.1 229 231 -1
0.1 225 232 -1
0.1 117 118 -1
0.1 119 120 -1
0.1 234 235 -1
0.1 233 236 -1
0.1 221 237 -1
0.1 219 238 -1
