1 0 0 1
1 0 0 1
1 0 0 1
1 0 0 1
1 0 0 1
1 0 0 1
1 0 0 1
1 0 0 1
1 0 0 1
1 0 0 1
1 0 0 1
1 0 0 1
1 0 0 1
1 0 0 1
1 0 0 1
1 0 0 1
1 0 0 1
1 0 0 1
1 0 0 1
1 0 0 1
1 0 0 2
1 0 0 2
1 0 0 2
1 0 0 2
1 0 0 3
1 0 0 3
1 0 0 3
1 0 0 3
1 0 0 3
1 0 0 3
1 0 0 3
1 0 0 3
1 0 0 3
1 0 0 3
1 0 0 3
1 0 0 3
1 0 0 3
1 0 0 3
1 0 0 3
1 0 0 3
1 0 0 3
1 0 0 3
1 0 0 3
1 0 0 3
1 0 0 2
1 0 0 2
1 0 0 2
1 0 0 2
1 0 0 2
1 0 0 2
1 0 0 4
1 0 0 4
1 0 0 4
1 0 0 4
1 0 0 4
1 0 0 4
1 0 0 4
1 0 0 4
1 0 0 4
1 0 0 4
1 0 0 4
1 0 0 4
1 0 0 4
1 0 0 4
1 0 0 4
1 0 0 4
1 0 0 4
1 0 0 4
1 0 0 4
1 0 0 4
1 0 0 5
1 0 0 5
1 0 0 5
1 0 0 5
1 0 0 6
1 0 0 6
1 0 0 6
1 0 0 6
1 0 0 6
1 0 0 6
1 0 0 6
1 0 0 6
1 0 0 6
1 0 0 6
1 0 0 6
1 0 0 6
1 0 0 6
1 0 0 6
1 0 0 6
1 0 0 6
1 0 0 6
1 0 0 6
1 0 0 6
1 0 0 6
1 0 0 5
1 0 0 5
1 0 0 5
1 0 0 5
1 0 0 5
1 0 0 5
1 0 0 5
1 0 0 5
1 0 0 5
1 0 0 5
1 0 0 5
1 0 0 5
1 0 0 5
1 0 0 5
1 0 0 5
1 0 0 5
1 0 0 7
1 0 0 7
1 0 0 7
1 0 0 7
1 0 0 7
1 0 0 8
1 0 0 8
1 0 0 9
1 0 0 9
1 0 0 9
1 0 0 9
1 0 0 9
1 0 0 9
1 0 0 9
1 0 0 9
1 0 0 9
1 0 0 9
1 0 0 9
1 0 0 9
1 0 0 9
1 0 0 9
1 0 0 9
1 0 0 9
1 0 0 9
1 0 0 9
1 0 0 9
1 0 0 9
1 0 0 8
1 0 0 8
1 0 0 10
1 0 0 10
1 0 0 10
1 0 0 10
1 0 0 10
1 0 0 10
1 0 0 10
1 0 0 10
1 0 0 10
1 0 0 10
1 0 0 10
1 0 0 10
1 0 0 10
1 0 0 10
1 0 0 10
1 0 0 10
1 0 0 10
1 0 0 10
1 0 0 10
1 0 0 10
1 0 0 11
1 0 0 11
1 0 0 11
1 0 0 11
1 0 0 11
1 0 0 11
1 0 0 11
1 0 0 12
1 0 0 12
1 0 0 12
1 0 0 12
1 0 0 12
1 0 0 12
1 0 0 12
1 0 0 12
1 0 0 12
1 0 0 12
1 0 0 12
1 0 0 12
1 0 0 12
1 0 0 13
1 0 0 13
1 0 0 13
1 0 0 13
1 0 0 13
1 0 0 13
1 0 0 13
1 0 0 13
1 0 0 13
1 0 0 13
1 0 0 13
1 0 0 13
1 0 0 13
1 0 0 13
1 0 0 13
1 0 0 13
1 0 0 13
1 0 0 13
1 0 0 13
1 0 0 13
1 0 0 12
1 0 0 12
1 0 0 12
1 0 0 12
1 0 0 12
1 0 0 12
1 0 0 12
1 0 0 11
1 0 0 11
1 0 0 11
1 0 0 11
1 0 0 11
1 0 0 11
1 0 0 11
1 0 0 11
1 0 0 11
1 0 0 11
1 0 0 11
1 0 0 11
1 0 0 11
1 0 0 14
1 0 0 14
1 0 0 14
1 0 0 14
1 0 0 14
1 0 0 14
1 0 0 14
1 0 0 14
1 0 0 14
1 0 0 14
1 0 0 14
1 0 0 14
1 0 0 14
1 0 0 14
1 0 0 14
1 0 0 14
1 0 0 14
1 0 0 15
1 0 0 15
1 0 0 15
1 0 0 15
1 0 0 15
1 0 0 15
1 0 0 15
1 0 0 15
1 0 0 15
1 0 0 15
1 0 0 15
1 0 0 15
1 0 0 15
1 0 0 15
1 0 0 15
1 0 0 15
1 0 0 15
1 0 0 15
1 0 0 15
1 0 0 15
1 0 0 14
1 0 0 14
1 0 0 14
1 0 0 8
1 0 0 8
1 0 0 8
1 0 0 8
1 0 0 8
1 0 0 8
1 0 0 8
1 0 0 8
1 0 0 8
1 0 0 8
1 0 0 8
1 0 0 8
1 0 0 8
1 0 0 8
1 0 0 8
1 0 0 8
1 0 0 7
1 0 0 7
1 0 0 7
1 0 0 7
1 0 0 7
1 0 0 16
1 0 0 16
1 0 0 16
1 0 0 16
1 0 0 16
1 0 0 16
1 0 0 16
1 0 0 16
1 0 0 16
1 0 0 16
1 0 0 16
1 0 0 16
1 0 0 16
1 0 0 17
1 0 0 17
1 0 0 17
1 0 0 17
1 0 0 17
1 0 0 17
1 0 0 17
1 0 0 17
1 0 0 17
1 0 0 17
1 0 0 17
1 0 0 17
1 0 0 17
1 0 0 17
1 0 0 17
1 0 0 17
1 0 0 17
1 0 0 17
1 0 0 17
1 0 0 17
1 0 0 16
1 0 0 16
1 0 0 16
1 0 0 16
1 0 0 16
1 0 0 16
1 0 0 16
1 0 0 18
1 0 0 18
1 0 0 18
1 0 0 18
1 0 0 18
1 0 0 18
1 0 0 18
1 0 0 18
1 0 0 18
1 0 0 18
1 0 0 18
1 0 0 18
1 0 0 18
1 0 0 18
1 0 0 18
1 0 0 18
1 0 0 18
1 0 0 18
1 0 0 18
1 0 0 19
1 0 0 19
1 0 0 19
1 0 0 19
1 0 0 19
1 0 0 19
1 0 0 19
1 0 0 19
1 0 0 19
1 0 0 19
1 0 0 19
1 0 0 19
1 0 0 19
1 0 0 19
1 0 0 19
1 0 0 19
1 0 0 19
1 0 0 19
1 0 0 19
1 0 0 19
1 0 0 18
1 0 0 20
1 0 0 20
1 0 0 20
1 0 0 20
1 0 0 20
1 0 0 20
1 0 0 20
1 0 0 20
1 0 0 20
1 0 0 21
1 0 0 21
1 0 0 21
1 0 0 21
1 0 0 21
1 0 0 21
1 0 0 22
1 0 0 22
1 0 0 22
1 0 0 22
1 0 0 22
1 0 0 22
1 0 0 22
1 0 0 22
1 0 0 22
1 0 0 22
1 0 0 22
1 0 0 22
1 0 0 22
1 0 0 22
1 0 0 22
1 0 0 22
1 0 0 22
1 0 0 22
1 0 0 22
1 0 0 22
1 0 0 21
1 0 0 21
1 0 0 21
1 0 0 21
1 0 0 21
1 0 0 21
1 0 0 21
1 0 0 21
1 0 0 21
1 0 0 21
1 0 0 21
1 0 0 21
1 0 0 21
1 0 0 21
1 0 0 20
1 0 0 20
1 0 0 20
1 0 0 20
1 0 0 20
1 0 0 20
1 0 0 20
1 0 0 20
1 0 0 20
1 0 0 20
1 0 0 20
1 0 0 7
1 0 0 7
1 0 0 7
1 0 0 7
1 0 0 7
1 0 0 7
1 0 0 7
1 0 0 7
1 0 0 7
1 0 0 7
1 0 0 23
1 0 0 23
1 0 0 23
1 0 0 23
1 0 0 23
1 0 0 23
1 0 0 23
1 0 0 23
1 0 0 23
1 0 0 23
1 0 0 23
1 0 0 23
1 0 0 23
1 0 0 23
1 0 0 23
1 0 0 23
1 0 0 23
1 0 0 23
1 0 0 23
1 0 0 23
1 0 0 24
1 0 0 24
1 0 0 24
1 0 0 24
1 0 0 24
1 0 0 24
1 0 0 24
1 0 0 24
1 0 0 24
1 0 0 24
1 0 0 24
1 0 0 24
1 0 0 24
1 0 0 24
1 0 0 24
1 0 0 24
1 0 0 24
1 0 0 24
1 0 0 24
1 0 0 24
1 0 0 25
1 0 0 25
1 0 0 25
1 0 0 25
1 0 0 25
1 0 0 25
1 0 0 25
1 0 0 25
1 0 0 25
1 0 0 25
1 0 0 25
1 0 0 25
1 0 0 25
1 0 0 25
1 0 0 25
1 0 0 25
1 0 0 25
1 0 0 25
1 0 0 25
1 0 0 25
1 0 0 26
1 0 0 26
1 0 0 26
1 0 0 26
1 0 0 26
1 0 0 26
1 0 0 26
1 0 0 27
1 0 0 27
1 0 0 27
1 0 0 27
1 0 0 27
1 0 0 27
1 0 0 27
1 0 0 27
1 0 0 27
1 0 0 27
1 0 0 27
1 0 0 27
1 0 0 27
1 0 0 27
1 0 0 27
1 0 0 27
1 0 0 27
1 0 0 27
1 0 0 27
1 0 0 27
1 0 0 26
1 0 0 26
1 0 0 26
1 0 0 26
1 0 0 26
1 0 0 26
1 0 0 26
1 0 0 26
1 0 0 26
1 0 0 26
1 0 0 26
1 0 0 26
1 0 0 26
1 0 0 2
1 0 0 2
1 0 0 2
1 0 0 2
1 0 0 2
1 0 0 2
1 0 0 2
1 0 0 2
1 0 0 2
1 0 0 28
1 0 0 28
1 0 0 28
1 0 0 28
1 0 0 28
1 0 0 28
1 0 0 28
1 0 0 28
1 0 0 28
1 0 0 28
1 0 0 28
1 0 0 28
1 0 0 28
1 0 0 28
1 0 0 28
1 0 0 28
1 0 0 28
1 0 0 28
1 0 0 28
1 0 0 28
1 0 0 29
1 0 0 29
1 0 0 29
1 0 0 29
1 0 0 29
1 0 0 29
1 0 0 29
1 0 0 29
1 0 0 29
1 0 0 29
1 0 0 29
1 0 0 29
1 0 0 29
1 0 0 29
1 0 0 29
1 0 0 29
1 0 0 29
1 0 0 29
1 0 0 29
1 0 0 29
1 0 0 30
1 0 0 30
1 0 0 30
1 0 0 30
1 0 0 30
1 0 0 30
1 0 0 30
1 0 0 30
1 0 0 30
1 0 0 30
1 0 0 30
1 0 0 30
1 0 0 30
1 0 0 30
1 0 0 30
1 0 0 30
1 0 0 30
1 0 0 30
1 0 0 30
1 0 0 30
1 0 0 31
1 0 0 31
1 0 0 32
1 0 0 32
1 0 0 32
1 0 0 32
1 0 0 32
1 0 0 32
1 0 0 32
1 0 0 32
1 0 0 32
1 0 0 32
1 0 0 32
1 0 0 32
1 0 0 32
1 0 0 32
1 0 0 32
1 0 0 32
1 0 0 32
1 0 0 32
1 0 0 32
1 0 0 32
1 0 0 33
1 0 0 33
1 0 0 33
1 0 0 33
1 0 0 33
1 0 0 33
1 0 0 33
1 0 0 33
1 0 0 33
1 0 0 33
1 0 0 33
1 0 0 33
1 0 0 33
1 0 0 33
1 0 0 33
1 0 0 33
1 0 0 33
1 0 0 33
1 0 0 33
1 0 0 33
1 0 0 31
1 0 0 31
1 0 0 31
1 0 0 31
1 0 0 31
1 0 0 31
1 0 0 31
1 0 0 31
1 0 0 31
1 0 0 31
1 0 0 31
1 0 0 31
1 0 0 31
1 0 0 31
1 0 0 31
1 0 0 31
1 0 0 31
1 0 0 31
1 0 0 34
1 0 0 34
1 0 0 34
1 0 0 34
1 0 0 34
1 0 0 34
1 0 0 34
1 0 0 34
1 0 0 34
1 0 0 34
1 0 0 34
1 0 0 34
1 0 0 34
1 0 0 34
1 0 0 34
1 0 0 34
1 0 0 34
1 0 0 34
1 0 0 34
1 0 0 34
1 0 0 35
1 0 0 35
1 0 0 35
1 0 0 35
1 0 0 35
1 0 0 36
1 0 0 36
1 0 0 36
1 0 0 36
1 0 0 36
1 0 0 36
1 0 0 36
1 0 0 36
1 0 0 36
1 0 0 36
1 0 0 36
1 0 0 36
1 0 0 36
1 0 0 36
1 0 0 36
1 0 0 36
1 0 0 36
1 0 0 36
1 0 0 36
1 0 0 36
1 0 0 37
1 0 0 37
1 0 0 37
1 0 0 37
1 0 0 37
1 0 0 37
1 0 0 37
1 0 0 37
1 0 0 37
1 0 0 37
1 0 0 37
1 0 0 37
1 0 0 37
1 0 0 37
1 0 0 37
1 0 0 37
1 0 0 37
1 0 0 37
1 0 0 37
1 0 0 37
1 0 0 35
1 0 0 35
1 0 0 38
1 0 0 38
1 0 0 38
1 0 0 38
1 0 0 38
1 0 0 38
1 0 0 38
1 0 0 38
1 0 0 38
1 0 0 38
1 0 0 38
1 0 0 38
1 0 0 38
1 0 0 38
1 0 0 38
1 0 0 38
1 0 0 38
1 0 0 38
1 0 0 38
1 0 0 38
1 0 0 35
1 0 0 35
1 0 0 35
1 0 0 35
1 0 0 35
1 0 0 35
1 0 0 35
1 0 0 35
1 0 0 35
1 0 0 35
1 0 0 35
1 0 0 35
1 0 0 35
1 0 0 39
1 0 0 39
1 0 0 39
1 0 0 39
1 0 0 39
1 0 0 39
1 0 0 40
1 0 0 40
1 0 0 40
1 0 0 40
1 0 0 40
1 0 0 40
1 0 0 40
1 0 0 40
1 0 0 40
1 0 0 40
1 0 0 40
1 0 0 40
1 0 0 40
1 0 0 40
1 0 0 40
1 0 0 40
1 0 0 40
1 0 0 40
1 0 0 40
1 0 0 40
1 0 0 39
1 0 0 39
1 0 0 39
1 0 0 39
1 0 0 39
1 0 0 39
1 0 0 39
1 0 0 39
1 0 0 39
1 0 0 39
1 0 0 39
1 0 0 39
1 0 0 39
1 0 0 39
1 0 0 2
1 0 0 41
1 0 0 41
1 0 0 41
1 0 0 41
1 0 0 41
1 0 0 41
1 0 0 41
1 0 0 41
1 0 0 41
1 0 0 41
1 0 0 41
1 0 0 41
1 0 0 41
1 0 0 41
1 0 0 41
1 0 0 41
1 0 0 41
1 0 0 41
1 0 0 41
1 0 0 41
0.1 4 5 -1
0.1 8 9 -1
0.1 7 822 -1
0.1 823 10 -1
0.1 6 824 -1
0.1 821 825 -1
0.1 3 826 -1
0.1 2 827 -1
0.1 1 828 -1
0.1 11 12 -1
0.1 13 14 -1
0.1 830 831 -1
0.1 17 18 -1
0.1 16 833 -1
0.1 19 20 -1
0.1 834 835 -1
0.1 15 836 -1
0.1 832 837 -1
0.1 829 838 -1
0.1 21 22 -1
0.1 839 840 -1
0.1 23 24 -1
0.1 25 26 -1
0.1 28 29 -1
0.1 30 31 -1
0.1 32 33 -1
0.1 845 846 -1
0.1 35 36 -1
0.1 34 848 -1
0.1 847 849 -1
0.1 850 37 -1
0.1 844 851 -1
0.1 852 38 -1
0.1 27 853 -1
0.1 843 854 -1
0.1 41 42 -1
0.1 40 856 -1
0.1 43 44 -1
0.1 857 858 -1
0.1 39 859 -1
0.1 855 860 -1
0.1 842 861 -1
0.1 841 862 -1
0.1 46 47 -1
0.1 48 49 -1
0.1 865 50 -1
0.1 864 866 -1
0.1 51 52 -1
0.1 53 54 -1
0.1 869 55 -1
0.1 868 870 -1
0.1 56 57 -1
0.1 59 60 -1
0.1 61 62 -1
0.1 874 63 -1
0.1 873 875 -1
0.1 58 876 -1
0.1 877 64 -1
0.1 65 66 -1
0.1 879 67 -1
0.1 878 880 -1
0.1 69 70 -1
0.1 68 882 -1
0.1 881 883 -1
0.1 872 884 -1
0.1 871 885 -1
0.1 72 73 -1
0.1 77 78 -1
0.1 888 79 -1
0.1 76 889 -1
0.1 75 890 -1
0.1 81 82 -1
0.1 80 892 -1
0.1 891 893 -1
0.1 85 86 -1
0.1 84 895 -1
0.1 88 89 -1
0.1 87 897 -1
0.1 896 898 -1
0.1 83 899 -1
0.1 90 91 -1
0.1 92 93 -1
0.1 901 902 -1
0.1 903 94 -1
0.1 900 904 -1
0.1 894 905 -1
0.1 74 906 -1
0.1 96 97 -1
0.1 908 98 -1
0.1 909 99 -1
0.1 95 910 -1
0.1 907 911 -1
0.1 887 912 -1
0.1 71 913 -1
0.1 100 101 -1
0.1 915 102 -1
0.1 916 103 -1
0.1 105 106 -1
0.1 104 918 -1
0.1 107 108 -1
0.1 920 109 -1
0.1 921 110 -1
0.1 919 922 -1
0.1 917 923 -1
0.1 914 924 -1
0.1 886 925 -1
0.1 867 926 -1
0.1 45 927 -1
0.1 863 928 -1
0.1 112 113 -1
0.1 114 115 -1
0.1 930 931 -1
0.1 111 932 -1
0.1 116 117 -1
0.1 119 120 -1
0.1 118 935 -1
0.1 121 122 -1
0.1 125 126 -1
0.1 938 127 -1
0.1 124 939 -1
0.1 123 940 -1
0.1 937 941 -1
0.1 129 130 -1
0.1 131 132 -1
0.1 943 944 -1
0.1 128 945 -1
0.1 942 946 -1
0.1 133 134 -1
0.1 136 137 -1
0.1 135 949 -1
0.1 948 950 -1
0.1 947 951 -1
0.1 936 952 -1
0.1 138 139 -1
0.1 953 954 -1
0.1 141 142 -1
0.1 140 956 -1
0.1 144 145 -1
0.1 146 147 -1
0.1 148 149 -1
0.1 960 150 -1
0.1 961 151 -1
0.1 959 962 -1
0.1 958 963 -1
0.1 143 964 -1
0.1 154 155 -1
0.1 153 966 -1
0.1 967 156 -1
0.1 157 158 -1
0.1 968 969 -1
0.1 152 970 -1
0.1 971 159 -1
0.1 965 972 -1
0.1 957 973 -1
0.1 162 163 -1
0.1 161 975 -1
0.1 164 165 -1
0.1 976 977 -1
0.1 978 166 -1
0.1 160 979 -1
0.1 169 170 -1
0.1 981 171 -1
0.1 982 172 -1
0.1 168 983 -1
0.1 167 984 -1
0.1 174 175 -1
0.1 173 986 -1
0.1 177 178 -1
0.1 988 179 -1
0.1 176 989 -1
0.1 987 990 -1
0.1 985 991 -1
0.1 180 181 -1
0.1 182 183 -1
0.1 184 185 -1
0.1 994 995 -1
0.1 188 189 -1
0.1 191 192 -1
0.1 190 998 -1
0.1 997 999 -1
0.1 187 1000 -1
0.1 193 194 -1
0.1 1002 195 -1
0.1 198 199 -1
0.1 197 1004 -1
0.1 196 1005 -1
0.1 1003 1006 -1
0.1 1001 1007 -1
0.1 186 1008 -1
0.1 996 1009 -1
0.1 993 1010 -1
0.1 201 202 -1
0.1 203 204 -1
0.1 1012 1013 -1
0.1 200 1014 -1
0.1 205 206 -1
0.1 1015 1016 -1
0.1 1011 1017 -1
0.1 992 1018 -1
0.1 980 1019 -1
0.1 208 209 -1
0.1 207 1021 -1
0.1 210 211 -1
0.1 1023 212 -1
0.1 214 215 -1
0.1 213 1025 -1
0.1 217 218 -1
0.1 216 1027 -1
0.1 1028 219 -1
0.1 1026 1029 -1
0.1 1024 1030 -1
0.1 1022 1031 -1
0.1 1020 1032 -1
0.1 221 222 -1
0.1 1034 223 -1
0.1 220 1035 -1
0.1 1033 1036 -1
0.1 227 228 -1
0.1 226 1038 -1
0.1 225 1039 -1
0.1 231 232 -1
0.1 230 1041 -1
0.1 229 1042 -1
0.1 1040 1043 -1
0.1 224 1044 -1
0.1 233 234 -1
0.1 1046 235 -1
0.1 237 238 -1
0.1 242 243 -1
0.1 241 1049 -1
0.1 240 1050 -1
0.1 239 1051 -1
0.1 1048 1052 -1
0.1 247 248 -1
0.1 246 1054 -1
0.1 245 1055 -1
0.1 244 1056 -1
0.1 250 251 -1
0.1 249 1058 -1
0.1 1057 1059 -1
0.1 252 253 -1
0.1 1060 1061 -1
0.1 254 255 -1
0.1 1063 256 -1
0.1 1062 1064 -1
0.1 1053 1065 -1
0.1 236 1066 -1
0.1 1047 1067 -1
0.1 1045 1068 -1
0.1 257 258 -1
0.1 1070 259 -1
0.1 1069 1071 -1
0.1 1037 1072 -1
0.1 974 1073 -1
0.1 955 1074 -1
0.1 934 1075 -1
0.1 260 261 -1
0.1 262 263 -1
0.1 1077 1078 -1
0.1 264 265 -1
0.1 266 267 -1
0.1 270 271 -1
0.1 269 1082 -1
0.1 268 1083 -1
0.1 273 274 -1
0.1 1085 275 -1
0.1 272 1086 -1
0.1 1084 1087 -1
0.1 1081 1088 -1
0.1 1080 1089 -1
0.1 1079 1090 -1
0.1 1076 1091 -1
0.1 276 277 -1
0.1 278 279 -1
0.1 282 283 -1
0.1 285 286 -1
0.1 1096 287 -1
0.1 289 290 -1
0.1 288 1098 -1
0.1 1097 1099 -1
0.1 292 293 -1
0.1 291 1101 -1
0.1 297 298 -1
0.1 296 1103 -1
0.1 300 301 -1
0.1 299 1105 -1
0.1 302 303 -1
0.1 1106 1107 -1
0.1 1108 304 -1
0.1 1104 1109 -1
0.1 1110 305 -1
0.1 1111 306 -1
0.1 295 1112 -1
0.1 310 311 -1
0.1 309 1114 -1
0.1 308 1115 -1
0.1 312 313 -1
0.1 1116 1117 -1
0.1 307 1118 -1
0.1 1113 1119 -1
0.1 294 1120 -1
0.1 1121 314 -1
0.1 315 316 -1
0.1 1122 1123 -1
0.1 1102 1124 -1
0.1 1100 1125 -1
0.1 284 1126 -1
0.1 1095 1127 -1
0.1 281 1128 -1
0.1 317 318 -1
0.1 319 320 -1
0.1 1130 1131 -1
0.1 1129 1132 -1
0.1 321 322 -1
0.1 324 325 -1
0.1 323 1135 -1
0.1 1134 1136 -1
0.1 326 327 -1
0.1 328 329 -1
0.1 1138 1139 -1
0.1 1137 1140 -1
0.1 1141 330 -1
0.1 332 333 -1
0.1 331 1143 -1
0.1 1144 334 -1
0.1 1142 1145 -1
0.1 336 337 -1
0.1 338 339 -1
0.1 1147 1148 -1
0.1 335 1149 -1
0.1 1146 1150 -1
0.1 340 341 -1
0.1 343 344 -1
0.1 342 1153 -1
0.1 1154 345 -1
0.1 1152 1155 -1
0.1 346 347 -1
0.1 1156 1157 -1
0.1 348 349 -1
0.1 350 351 -1
0.1 352 353 -1
0.1 1161 354 -1
0.1 1160 1162 -1
0.1 355 356 -1
0.1 1164 357 -1
0.1 358 359 -1
0.1 1165 1166 -1
0.1 1163 1167 -1
0.1 1159 1168 -1
0.1 1158 1169 -1
0.1 1151 1170 -1
0.1 1133 1171 -1
0.1 361 362 -1
0.1 363 364 -1
0.1 1173 1174 -1
0.1 371 372 -1
0.1 373 374 -1
0.1 1176 1177 -1
0.1 1178 375 -1
0.1 370 1179 -1
0.1 377 378 -1
0.1 376 1181 -1
0.1 379 380 -1
0.1 382 383 -1
0.1 381 1184 -1
0.1 1183 1185 -1
0.1 384 385 -1
0.1 1187 386 -1
0.1 1186 1188 -1
0.1 388 389 -1
0.1 387 1190 -1
0.1 392 393 -1
0.1 391 1192 -1
0.1 390 1193 -1
0.1 394 395 -1
0.1 1194 1195 -1
0.1 1191 1196 -1
0.1 1189 1197 -1
0.1 1182 1198 -1
0.1 396 397 -1
0.1 398 399 -1
0.1 1201 400 -1
0.1 1200 1202 -1
0.1 402 403 -1
0.1 401 1204 -1
0.1 404 405 -1
0.1 1205 1206 -1
0.1 408 409 -1
0.1 407 1208 -1
0.1 406 1209 -1
0.1 1207 1210 -1
0.1 1203 1211 -1
0.1 1199 1212 -1
0.1 1180 1213 -1
0.1 1214 410 -1
0.1 369 1215 -1
0.1 368 1216 -1
0.1 367 1217 -1
0.1 366 1218 -1
0.1 412 413 -1
0.1 1220 414 -1
0.1 411 1221 -1
0.1 1219 1222 -1
0.1 365 1223 -1
0.1 416 417 -1
0.1 419 420 -1
0.1 418 1226 -1
0.1 1225 1227 -1
0.1 415 1228 -1
0.1 1224 1229 -1
0.1 1175 1230 -1
0.1 360 1231 -1
0.1 1172 1232 -1
0.1 280 1233 -1
0.1 1094 1234 -1
0.1 1093 1235 -1
0.1 1092 1236 -1
0.1 933 1237 -1
0.1 421 422 -1
0.1 423 424 -1
0.1 425 426 -1
0.1 1240 1241 -1
0.1 429 430 -1
0.1 428 1243 -1
0.1 427 1244 -1
0.1 1242 1245 -1
0.1 1239 1246 -1
0.1 431 432 -1
0.1 434 435 -1
0.1 433 1249 -1
0.1 438 439 -1
0.1 437 1251 -1
0.1 440 441 -1
0.1 1252 1253 -1
0.1 436 1254 -1
0.1 1250 1255 -1
0.1 442 443 -1
0.1 1256 1257 -1
0.1 1248 1258 -1
0.1 446 447 -1
0.1 445 1260 -1
0.1 444 1261 -1
0.1 448 449 -1
0.1 1263 450 -1
0.1 1262 1264 -1
0.1 1259 1265 -1
0.1 1247 1266 -1
0.1 451 452 -1
0.1 454 455 -1
0.1 1269 456 -1
0.1 1270 457 -1
0.1 453 1271 -1
0.1 1268 1272 -1
0.1 460 461 -1
0.1 459 1274 -1
0.1 458 1275 -1
0.1 462 463 -1
0.1 465 466 -1
0.1 464 1278 -1
0.1 1277 1279 -1
0.1 1276 1280 -1
0.1 1273 1281 -1
0.1 468 469 -1
0.1 474 475 -1
0.1 473 1284 -1
0.1 477 478 -1
0.1 476 1286 -1
0.1 1285 1287 -1
0.1 472 1288 -1
0.1 1289 479 -1
0.1 471 1290 -1
0.1 481 482 -1
0.1 480 1292 -1
0.1 484 485 -1
0.1 483 1294 -1
0.1 1293 1295 -1
0.1 486 487 -1
0.1 1296 1297 -1
0.1 488 489 -1
0.1 1299 490 -1
0.1 1298 1300 -1
0.1 1291 1301 -1
0.1 470 1302 -1
0.1 1283 1303 -1
0.1 467 1304 -1
0.1 1282 1305 -1
0.1 491 492 -1
0.1 494 495 -1
0.1 493 1308 -1
0.1 1309 496 -1
0.1 1307 1310 -1
0.1 504 505 -1
0.1 503 1312 -1
0.1 502 1313 -1
0.1 501 1314 -1
0.1 500 1315 -1
0.1 499 1316 -1
0.1 506 507 -1
0.1 508 509 -1
0.1 510 511 -1
0.1 1319 1320 -1
0.1 1318 1321 -1
0.1 513 514 -1
0.1 516 517 -1
0.1 515 1324 -1
0.1 1323 1325 -1
0.1 512 1326 -1
0.1 1322 1327 -1
0.1 1317 1328 -1
0.1 498 1329 -1
0.1 518 519 -1
0.1 520 521 -1
0.1 1331 1332 -1
0.1 1330 1333 -1
0.1 497 1334 -1
0.1 1335 522 -1
0.1 524 525 -1
0.1 1337 526 -1
0.1 1338 527 -1
0.1 528 529 -1
0.1 1339 1340 -1
0.1 523 1341 -1
0.1 1336 1342 -1
0.1 1311 1343 -1
0.1 1344 530 -1
0.1 1306 1345 -1
0.1 1267 1346 -1
0.1 1238 1347 -1
0.1 531 532 -1
0.1 533 534 -1
0.1 535 536 -1
0.1 1350 1351 -1
0.1 1349 1352 -1
0.1 1348 1353 -1
0.1 929 1354 -1
0.1 538 539 -1
0.1 537 1356 -1
0.1 542 543 -1
0.1 541 1358 -1
0.1 540 1359 -1
0.1 544 545 -1
0.1 548 549 -1
0.1 547 1362 -1
0.1 551 552 -1
0.1 550 1364 -1
0.1 1363 1365 -1
0.1 546 1366 -1
0.1 1361 1367 -1
0.1 555 556 -1
0.1 554 1369 -1
0.1 553 1370 -1
0.1 1368 1371 -1
0.1 558 559 -1
0.1 557 1373 -1
0.1 1372 1374 -1
0.1 1360 1375 -1
0.1 1357 1376 -1
0.1 560 561 -1
0.1 566 567 -1
0.1 565 1379 -1
0.1 564 1380 -1
0.1 563 1381 -1
0.1 562 1382 -1
0.1 568 569 -1
0.1 571 572 -1
0.1 573 574 -1
0.1 1385 1386 -1
0.1 570 1387 -1
0.1 1384 1388 -1
0.1 575 576 -1
0.1 578 579 -1
0.1 577 1391 -1
0.1 1390 1392 -1
0.1 1389 1393 -1
0.1 1383 1394 -1
0.1 1378 1395 -1
0.1 581 582 -1
0.1 1397 583 -1
0.1 580 1398 -1
0.1 584 585 -1
0.1 586 587 -1
0.1 588 589 -1
0.1 1402 590 -1
0.1 1403 591 -1
0.1 592 593 -1
0.1 1404 1405 -1
0.1 594 595 -1
0.1 1406 1407 -1
0.1 1401 1408 -1
0.1 1400 1409 -1
0.1 1399 1410 -1
0.1 596 597 -1
0.1 598 599 -1
0.1 1412 1413 -1
0.1 1411 1414 -1
0.1 1396 1415 -1
0.1 600 601 -1
0.1 602 603 -1
0.1 604 605 -1
0.1 1418 1419 -1
0.1 608 609 -1
0.1 1421 610 -1
0.1 607 1422 -1
0.1 606 1423 -1
0.1 1424 611 -1
0.1 1420 1425 -1
0.1 613 614 -1
0.1 615 616 -1
0.1 1427 1428 -1
0.1 1429 617 -1
0.1 618 619 -1
0.1 1430 1431 -1
0.1 620 621 -1
0.1 1432 1433 -1
0.1 612 1434 -1
0.1 622 623 -1
0.1 624 625 -1
0.1 626 627 -1
0.1 1437 1438 -1
0.1 1439 628 -1
0.1 1440 629 -1
0.1 634 635 -1
0.1 633 1442 -1
0.1 632 1443 -1
0.1 631 1444 -1
0.1 630 1445 -1
0.1 1441 1446 -1
0.1 1436 1447 -1
0.1 637 638 -1
0.1 640 641 -1
0.1 639 1450 -1
0.1 1449 1451 -1
0.1 636 1452 -1
0.1 1448 1453 -1
0.1 1435 1454 -1
0.1 1426 1455 -1
0.1 642 643 -1
0.1 645 646 -1
0.1 647 648 -1
0.1 651 652 -1
0.1 650 1460 -1
0.1 649 1461 -1
0.1 1459 1462 -1
0.1 653 654 -1
0.1 658 659 -1
0.1 657 1465 -1
0.1 656 1466 -1
0.1 655 1467 -1
0.1 1464 1468 -1
0.1 1463 1469 -1
0.1 1458 1470 -1
0.1 644 1471 -1
0.1 1457 1472 -1
0.1 1456 1473 -1
0.1 1417 1474 -1
0.1 661 662 -1
0.1 1476 663 -1
0.1 665 666 -1
0.1 664 1478 -1
0.1 1477 1479 -1
0.1 660 1480 -1
0.1 667 668 -1
0.1 672 673 -1
0.1 671 1483 -1
0.1 670 1484 -1
0.1 669 1485 -1
0.1 1482 1486 -1
0.1 675 676 -1
0.1 677 678 -1
0.1 1489 679 -1
0.1 1488 1490 -1
0.1 674 1491 -1
0.1 1487 1492 -1
0.1 1481 1493 -1
0.1 1475 1494 -1
0.1 1416 1495 -1
0.1 1377 1496 -1
0.1 682 683 -1
0.1 686 687 -1
0.1 685 1499 -1
0.1 690 691 -1
0.1 689 1501 -1
0.1 692 693 -1
0.1 694 695 -1
0.1 1503 1504 -1
0.1 1502 1505 -1
0.1 688 1506 -1
0.1 1500 1507 -1
0.1 697 698 -1
0.1 696 1509 -1
0.1 699 700 -1
0.1 701 702 -1
0.1 703 704 -1
0.1 1512 1513 -1
0.1 1511 1514 -1
0.1 1510 1515 -1
0.1 1508 1516 -1
0.1 684 1517 -1
0.1 1498 1518 -1
0.1 681 1519 -1
0.1 680 1520 -1
0.1 705 706 -1
0.1 708 709 -1
0.1 707 1523 -1
0.1 710 711 -1
0.1 1524 1525 -1
0.1 713 714 -1
0.1 712 1527 -1
0.1 1526 1528 -1
0.1 715 716 -1
0.1 718 719 -1
0.1 717 1531 -1
0.1 1532 720 -1
0.1 723 724 -1
0.1 722 1534 -1
0.1 721 1535 -1
0.1 1533 1536 -1
0.1 1530 1537 -1
0.1 1529 1538 -1
0.1 1522 1539 -1
0.1 725 726 -1
0.1 1540 1541 -1
0.1 727 728 -1
0.1 730 731 -1
0.1 729 1544 -1
0.1 1543 1545 -1
0.1 732 733 -1
0.1 734 735 -1
0.1 736 737 -1
0.1 1548 1549 -1
0.1 739 740 -1
0.1 738 1551 -1
0.1 1550 1552 -1
0.1 1553 741 -1
0.1 1547 1554 -1
0.1 743 744 -1
0.1 742 1556 -1
0.1 745 746 -1
0.1 1557 1558 -1
0.1 1555 1559 -1
0.1 1546 1560 -1
0.1 1542 1561 -1
0.1 1521 1562 -1
0.1 748 749 -1
0.1 747 1564 -1
0.1 752 753 -1
0.1 751 1566 -1
0.1 750 1567 -1
0.1 755 756 -1
0.1 757 758 -1
0.1 1569 1570 -1
0.1 754 1571 -1
0.1 1568 1572 -1
0.1 1573 759 -1
0.1 1565 1574 -1
0.1 1563 1575 -1
0.1 760 761 -1
0.1 762 763 -1
0.1 1577 1578 -1
0.1 764 765 -1
0.1 767 768 -1
0.1 1581 769 -1
0.1 766 1582 -1
0.1 771 772 -1
0.1 770 1584 -1
0.1 774 775 -1
0.1 773 1586 -1
0.1 1587 776 -1
0.1 1585 1588 -1
0.1 1589 777 -1
0.1 778 779 -1
0.1 782 783 -1
0.1 1592 784 -1
0.1 781 1593 -1
0.1 780 1594 -1
0.1 1591 1595 -1
0.1 1590 1596 -1
0.1 1597 785 -1
0.1 1583 1598 -1
0.1 1580 1599 -1
0.1 1579 1600 -1
0.1 787 788 -1
0.1 786 1602 -1
0.1 1603 789 -1
0.1 790 791 -1
0.1 792 793 -1
0.1 1606 794 -1
0.1 1605 1607 -1
0.1 795 796 -1
0.1 1608 1609 -1
0.1 798 799 -1
0.1 797 1611 -1
0.1 1610 1612 -1
0.1 1604 1613 -1
0.1 1601 1614 -1
0.1 802 803 -1
0.1 801 1616 -1
0.1 805 806 -1
0.1 808 809 -1
0.1 807 1619 -1
0.1 1618 1620 -1
0.1 804 1621 -1
0.1 1617 1622 -1
0.1 811 812 -1
0.1 813 814 -1
0.1 815 816 -1
0.1 1625 1626 -1
0.1 1624 1627 -1
0.1 819 820 -1
0.1 818 1629 -1
0.1 817 1630 -1
0.1 1628 1631 -1
0.1 810 1632 -1
0.1 1623 1633 -1
0.1 800 1634 -1
0.1 1615 1635 -1
0.1 1576 1636 -1
0.1 1497 1637 -1
0.1 1355 1638 -1
