1 0 0 1
1 0 0 1
1 0 0 1
1 0 0 2
1 0 0 2
1 0 0 2
1 0 0 3
1 0 0 3
1 0 0 3
1 0 0 3
1 0 0 4
1 0 0 4
1 0 0 4
1 0 0 4
1 0 0 4
1 0 0 4
1 0 0 4
1 0 0 4
1 0 0 4
1 0 0 4
1 0 0 3
1 0 0 3
1 0 0 3
1 0 0 3
1 0 0 3
1 0 0 3
1 0 0 2
1 0 0 2
1 0 0 2
1 0 0 2
1 0 0 5
1 0 0 5
1 0 0 5
1 0 0 5
1 0 0 5
1 0 0 5
1 0 0 5
1 0 0 5
1 0 0 5
1 0 0 5
1 0 0 2
1 0 0 2
1 0 0 2
1 0 0 6
1 0 0 6
1 0 0 6
1 0 0 7
1 0 0 7
1 0 0 7
1 0 0 7
1 0 0 7
1 0 0 7
1 0 0 7
1 0 0 7
1 0 0 7
1 0 0 7
1 0 0 6
1 0 0 8
1 0 0 8
1 0 0 8
1 0 0 8
1 0 0 8
1 0 0 8
1 0 0 8
1 0 0 8
1 0 0 8
1 0 0 8
1 0 0 9
1 0 0 9
1 0 0 9
1 0 0 9
1 0 0 9
1 0 0 9
1 0 0 9
1 0 0 9
1 0 0 9
1 0 0 10
1 0 0 10
1 0 0 10
1 0 0 10
1 0 0 10
1 0 0 10
1 0 0 10
1 0 0 10
1 0 0 10
1 0 0 10
1 0 0 9
1 0 0 11
1 0 0 11
1 0 0 11
1 0 0 11
1 0 0 11
1 0 0 11
1 0 0 11
1 0 0 11
1 0 0 12
1 0 0 12
1 0 0 12
1 0 0 12
1 0 0 12
1 0 0 12
1 0 0 12
1 0 0 12
1 0 0 12
1 0 0 12
1 0 0 11
1 0 0 11
1 0 0 6
1 0 0 6
1 0 0 6
1 0 0 6
1 0 0 6
1 0 0 6
1 0 0 13
1 0 0 13
1 0 0 13
1 0 0 13
1 0 0 13
1 0 0 13
1 0 0 13
1 0 0 13
1 0 0 13
1 0 0 13
1 0 0 1
1 0 0 1
1 0 0 1
1 0 0 1
1 0 0 1
1 0 0 1
1 0 0 1
1 0 0 14
1 0 0 15
1 0 0 15
1 0 0 16
1 0 0 16
1 0 0 16
1 0 0 16
1 0 0 16
1 0 0 16
1 0 0 16
1 0 0 16
1 0 0 16
1 0 0 16
1 0 0 15
1 0 0 15
1 0 0 15
1 0 0 15
1 0 0 15
1 0 0 15
1 0 0 15
1 0 0 15
1 0 0 14
1 0 0 17
1 0 0 17
1 0 0 17
1 0 0 17
1 0 0 17
1 0 0 17
1 0 0 17
1 0 0 17
1 0 0 17
1 0 0 17
1 0 0 14
1 0 0 14
1 0 0 14
1 0 0 14
1 0 0 14
1 0 0 14
1 0 0 14
1 0 0 14
1 0 0 18
1 0 0 18
1 0 0 19
1 0 0 19
1 0 0 19
1 0 0 19
1 0 0 19
1 0 0 19
1 0 0 19
1 0 0 19
1 0 0 19
1 0 0 19
1 0 0 20
1 0 0 20
1 0 0 20
1 0 0 20
1 0 0 20
1 0 0 20
1 0 0 20
1 0 0 20
1 0 0 21
1 0 0 21
1 0 0 21
1 0 0 21
1 0 0 21
1 0 0 21
1 0 0 21
1 0 0 21
1 0 0 21
1 0 0 21
1 0 0 20
1 0 0 20
1 0 0 22
1 0 0 22
1 0 0 22
1 0 0 22
1 0 0 22
1 0 0 22
1 0 0 22
1 0 0 22
1 0 0 22
1 0 0 22
1 0 0 18
1 0 0 23
1 0 0 23
1 0 0 23
1 0 0 23
1 0 0 23
1 0 0 23
1 0 0 23
1 0 0 23
1 0 0 23
1 0 0 23
1 0 0 24
1 0 0 24
1 0 0 24
1 0 0 24
1 0 0 24
1 0 0 24
1 0 0 24
1 0 0 24
1 0 0 24
1 0 0 24
1 0 0 25
1 0 0 26
1 0 0 26
1 0 0 26
1 0 0 26
1 0 0 26
1 0 0 26
1 0 0 26
1 0 0 26
1 0 0 26
1 0 0 27
1 0 0 27
1 0 0 27
1 0 0 27
1 0 0 27
1 0 0 27
1 0 0 27
1 0 0 27
1 0 0 27
1 0 0 27
1 0 0 26
1 0 0 28
1 0 0 28
1 0 0 28
1 0 0 28
1 0 0 28
1 0 0 28
1 0 0 28
1 0 0 28
1 0 0 28
1 0 0 28
1 0 0 25
1 0 0 25
1 0 0 25
1 0 0 25
1 0 0 25
1 0 0 25
1 0 0 25
1 0 0 29
1 0 0 29
1 0 0 29
1 0 0 29
1 0 0 29
1 0 0 25
1 0 0 29
1 0 0 29
1 0 0 29
1 0 0 29
1 0 0 29
1 0 0 25
1 0 0 30
1 0 0 30
1 0 0 30
1 0 0 30
1 0 0 30
1 0 0 30
1 0 0 30
1 0 0 30
1 0 0 30
1 0 0 30
1 0 0 31
1 0 0 31
1 0 0 31
1 0 0 31
1 0 0 31
1 0 0 31
1 0 0 31
1 0 0 31
1 0 0 31
1 0 0 31
1 0 0 18
1 0 0 18
1 0 0 18
1 0 0 18
1 0 0 18
1 0 0 18
1 0 0 18
1 0 0 32
1 0 0 32
1 0 0 32
1 0 0 32
1 0 0 32
1 0 0 32
1 0 0 32
1 0 0 32
1 0 0 32
1 0 0 33
1 0 0 33
1 0 0 33
1 0 0 33
1 0 0 33
1 0 0 33
1 0 0 33
1 0 0 33
1 0 0 33
1 0 0 33
1 0 0 32
1 0 0 34
1 0 0 34
1 0 0 34
1 0 0 34
1 0 0 35
1 0 0 35
1 0 0 35
1 0 0 35
1 0 0 35
1 0 0 35
1 0 0 35
1 0 0 35
1 0 0 35
1 0 0 35
1 0 0 34
1 0 0 34
1 0 0 36
1 0 0 36
1 0 0 36
1 0 0 36
1 0 0 36
1 0 0 36
1 0 0 36
1 0 0 36
1 0 0 36
1 0 0 36
1 0 0 34
1 0 0 34
1 0 0 34
1 0 0 34
1 0 0 37
1 0 0 37
1 0 0 37
1 0 0 37
1 0 0 37
1 0 0 37
1 0 0 38
1 0 0 38
1 0 0 38
1 0 0 38
1 0 0 38
1 0 0 38
1 0 0 38
1 0 0 38
1 0 0 38
1 0 0 38
1 0 0 39
1 0 0 39
1 0 0 39
1 0 0 39
1 0 0 39
1 0 0 39
1 0 0 39
1 0 0 39
1 0 0 39
1 0 0 39
1 0 0 37
1 0 0 40
1 0 0 41
1 0 0 41
1 0 0 41
1 0 0 41
1 0 0 41
1 0 0 42
1 0 0 42
1 0 0 42
1 0 0 42
1 0 0 42
1 0 0 42
1 0 0 42
1 0 0 42
1 0 0 42
1 0 0 42
1 0 0 41
1 0 0 41
1 0 0 41
1 0 0 41
1 0 0 41
1 0 0 40
1 0 0 40
1 0 0 40
1 0 0 40
1 0 0 40
1 0 0 40
1 0 0 40
1 0 0 40
1 0 0 40
1 0 0 37
1 0 0 43
1 0 0 43
1 0 0 43
1 0 0 43
1 0 0 43
1 0 0 43
1 0 0 43
1 0 0 43
1 0 0 43
1 0 0 43
1 0 0 44
1 0 0 44
1 0 0 44
1 0 0 44
1 0 0 44
1 0 0 44
1 0 0 44
1 0 0 44
1 0 0 44
1 0 0 44
1 0 0 37
1 0 0 37
1 0 0 45
1 0 0 45
1 0 0 45
1 0 0 46
1 0 0 46
1 0 0 46
1 0 0 46
1 0 0 46
1 0 0 46
1 0 0 46
1 0 0 45
1 0 0 45
1 0 0 46
1 0 0 46
1 0 0 46
1 0 0 45
1 0 0 45
1 0 0 45
1 0 0 45
1 0 0 45
1 0 0 47
1 0 0 47
1 0 0 47
1 0 0 47
1 0 0 47
1 0 0 47
1 0 0 47
1 0 0 47
1 0 0 47
1 0 0 47
1 0 0 48
1 0 0 48
1 0 0 48
1 0 0 48
1 0 0 48
1 0 0 48
1 0 0 48
1 0 0 48
1 0 0 48
1 0 0 48
1 0 0 49
1 0 0 49
1 0 0 49
1 0 0 49
1 0 0 49
1 0 0 49
1 0 0 50
1 0 0 50
1 0 0 50
1 0 0 50
1 0 0 50
1 0 0 50
1 0 0 50
1 0 0 50
1 0 0 50
1 0 0 50
1 0 0 51
1 0 0 51
1 0 0 51
1 0 0 51
1 0 0 51
1 0 0 51
1 0 0 51
1 0 0 52
1 0 0 52
1 0 0 52
1 0 0 52
1 0 0 52
1 0 0 52
1 0 0 52
1 0 0 52
1 0 0 52
1 0 0 52
1 0 0 51
1 0 0 51
1 0 0 51
1 0 0 49
1 0 0 49
1 0 0 49
1 0 0 49
1 0 0 53
1 0 0 54
1 0 0 54
1 0 0 54
1 0 0 54
1 0 0 54
1 0 0 54
1 0 0 54
1 0 0 54
1 0 0 54
1 0 0 54
1 0 0 53
1 0 0 55
1 0 0 55
1 0 0 55
1 0 0 55
1 0 0 55
1 0 0 55
1 0 0 55
1 0 0 55
1 0 0 55
1 0 0 55
1 0 0 53
1 0 0 53
1 0 0 53
1 0 0 53
1 0 0 53
1 0 0 53
1 0 0 53
1 0 0 53
1 0 0 56
1 0 0 56
1 0 0 56
1 0 0 56
1 0 0 56
1 0 0 56
1 0 0 56
1 0 0 56
1 0 0 56
1 0 0 56
1 0 0 57
1 0 0 57
1 0 0 57
1 0 0 57
1 0 0 57
1 0 0 57
1 0 0 57
1 0 0 57
1 0 0 57
1 0 0 57
1 0 0 58
1 0 0 59
1 0 0 59
1 0 0 59
1 0 0 59
1 0 0 59
1 0 0 59
1 0 0 59
1 0 0 59
1 0 0 59
1 0 0 59
1 0 0 58
1 0 0 58
1 0 0 58
1 0 0 58
1 0 0 58
1 0 0 58
1 0 0 58
1 0 0 58
1 0 0 58
1 0 0 60
1 0 0 60
1 0 0 60
1 0 0 60
1 0 0 60
1 0 0 60
1 0 0 60
1 0 0 60
1 0 0 60
1 0 0 60
0.1 2 3 -1
0.1 1 601 -1
0.1 5 6 -1
0.1 7 8 -1
0.1 9 10 -1
0.1 604 605 -1
0.1 11 12 -1
0.1 13 14 -1
0.1 607 608 -1
0.1 17 18 -1
0.1 16 610 -1
0.1 19 20 -1
0.1 611 612 -1
0.1 15 613 -1
0.1 609 614 -1
0.1 606 615 -1
0.1 21 22 -1
0.1 23 24 -1
0.1 25 26 -1
0.1 618 619 -1
0.1 617 620 -1
0.1 616 621 -1
0.1 622 27 -1
0.1 603 623 -1
0.1 28 29 -1
0.1 32 33 -1
0.1 31 626 -1
0.1 627 34 -1
0.1 36 37 -1
0.1 629 38 -1
0.1 35 630 -1
0.1 39 40 -1
0.1 631 632 -1
0.1 628 633 -1
0.1 30 634 -1
0.1 42 43 -1
0.1 41 636 -1
0.1 635 637 -1
0.1 625 638 -1
0.1 624 639 -1
0.1 4 640 -1
0.1 44 45 -1
0.1 48 49 -1
0.1 643 50 -1
0.1 47 644 -1
0.1 52 53 -1
0.1 51 646 -1
0.1 647 54 -1
0.1 55 56 -1
0.1 648 649 -1
0.1 645 650 -1
0.1 46 651 -1
0.1 642 652 -1
0.1 653 57 -1
0.1 60 61 -1
0.1 655 62 -1
0.1 63 64 -1
0.1 65 66 -1
0.1 657 658 -1
0.1 656 659 -1
0.1 59 660 -1
0.1 58 661 -1
0.1 662 67 -1
0.1 68 69 -1
0.1 73 74 -1
0.1 72 665 -1
0.1 71 666 -1
0.1 70 667 -1
0.1 75 76 -1
0.1 77 78 -1
0.1 80 81 -1
0.1 79 671 -1
0.1 670 672 -1
0.1 83 84 -1
0.1 85 86 -1
0.1 674 675 -1
0.1 82 676 -1
0.1 673 677 -1
0.1 678 87 -1
0.1 669 679 -1
0.1 668 680 -1
0.1 664 681 -1
0.1 88 89 -1
0.1 682 683 -1
0.1 684 90 -1
0.1 91 92 -1
0.1 686 93 -1
0.1 685 687 -1
0.1 94 95 -1
0.1 97 98 -1
0.1 96 690 -1
0.1 101 102 -1
0.1 100 692 -1
0.1 693 103 -1
0.1 99 694 -1
0.1 691 695 -1
0.1 104 105 -1
0.1 696 697 -1
0.1 689 698 -1
0.1 699 106 -1
0.1 700 107 -1
0.1 688 701 -1
0.1 663 702 -1
0.1 108 109 -1
0.1 110 111 -1
0.1 112 113 -1
0.1 705 706 -1
0.1 704 707 -1
0.1 703 708 -1
0.1 654 709 -1
0.1 115 116 -1
0.1 114 711 -1
0.1 117 118 -1
0.1 713 119 -1
0.1 120 121 -1
0.1 714 715 -1
0.1 122 123 -1
0.1 716 717 -1
0.1 712 718 -1
0.1 710 719 -1
0.1 641 720 -1
0.1 125 126 -1
0.1 124 722 -1
0.1 127 128 -1
0.1 723 724 -1
0.1 721 725 -1
0.1 129 130 -1
0.1 726 727 -1
0.1 602 728 -1
0.1 132 133 -1
0.1 134 135 -1
0.1 139 140 -1
0.1 141 142 -1
0.1 733 143 -1
0.1 732 734 -1
0.1 138 735 -1
0.1 137 736 -1
0.1 136 737 -1
0.1 731 738 -1
0.1 730 739 -1
0.1 144 145 -1
0.1 146 147 -1
0.1 148 149 -1
0.1 150 151 -1
0.1 743 744 -1
0.1 742 745 -1
0.1 741 746 -1
0.1 740 747 -1
0.1 131 748 -1
0.1 153 154 -1
0.1 750 155 -1
0.1 157 158 -1
0.1 156 752 -1
0.1 159 160 -1
0.1 161 162 -1
0.1 754 755 -1
0.1 753 756 -1
0.1 751 757 -1
0.1 164 165 -1
0.1 163 759 -1
0.1 166 167 -1
0.1 761 168 -1
0.1 762 169 -1
0.1 763 170 -1
0.1 760 764 -1
0.1 758 765 -1
0.1 152 766 -1
0.1 749 767 -1
0.1 175 176 -1
0.1 174 769 -1
0.1 173 770 -1
0.1 177 178 -1
0.1 181 182 -1
0.1 180 773 -1
0.1 179 774 -1
0.1 772 775 -1
0.1 771 776 -1
0.1 172 777 -1
0.1 171 778 -1
0.1 184 185 -1
0.1 186 187 -1
0.1 780 781 -1
0.1 183 782 -1
0.1 189 190 -1
0.1 188 784 -1
0.1 783 785 -1
0.1 195 196 -1
0.1 197 198 -1
0.1 787 788 -1
0.1 194 789 -1
0.1 193 790 -1
0.1 192 791 -1
0.1 792 199 -1
0.1 793 200 -1
0.1 191 794 -1
0.1 201 202 -1
0.1 795 796 -1
0.1 786 797 -1
0.1 203 204 -1
0.1 798 799 -1
0.1 205 206 -1
0.1 210 211 -1
0.1 209 802 -1
0.1 208 803 -1
0.1 207 804 -1
0.1 801 805 -1
0.1 806 212 -1
0.1 800 807 -1
0.1 215 216 -1
0.1 214 809 -1
0.1 219 220 -1
0.1 218 811 -1
0.1 217 812 -1
0.1 813 221 -1
0.1 225 226 -1
0.1 815 227 -1
0.1 224 816 -1
0.1 228 229 -1
0.1 230 231 -1
0.1 232 233 -1
0.1 819 820 -1
0.1 818 821 -1
0.1 817 822 -1
0.1 223 823 -1
0.1 222 824 -1
0.1 814 825 -1
0.1 810 826 -1
0.1 213 827 -1
0.1 808 828 -1
0.1 779 829 -1
0.1 768 830 -1
0.1 237 238 -1
0.1 239 240 -1
0.1 832 833 -1
0.1 236 834 -1
0.1 235 835 -1
0.1 245 246 -1
0.1 244 837 -1
0.1 247 248 -1
0.1 838 839 -1
0.1 250 251 -1
0.1 841 252 -1
0.1 249 842 -1
0.1 843 253 -1
0.1 840 844 -1
0.1 243 845 -1
0.1 846 254 -1
0.1 242 847 -1
0.1 241 848 -1
0.1 255 256 -1
0.1 850 257 -1
0.1 259 260 -1
0.1 258 852 -1
0.1 853 261 -1
0.1 851 854 -1
0.1 262 263 -1
0.1 856 264 -1
0.1 855 857 -1
0.1 849 858 -1
0.1 836 859 -1
0.1 234 860 -1
0.1 266 267 -1
0.1 265 862 -1
0.1 268 269 -1
0.1 270 271 -1
0.1 864 865 -1
0.1 272 273 -1
0.1 275 276 -1
0.1 274 868 -1
0.1 277 278 -1
0.1 870 279 -1
0.1 869 871 -1
0.1 280 281 -1
0.1 872 873 -1
0.1 874 282 -1
0.1 867 875 -1
0.1 866 876 -1
0.1 863 877 -1
0.1 878 283 -1
0.1 861 879 -1
0.1 286 287 -1
0.1 285 881 -1
0.1 288 289 -1
0.1 290 291 -1
0.1 883 884 -1
0.1 882 885 -1
0.1 292 293 -1
0.1 886 887 -1
0.1 284 888 -1
0.1 294 295 -1
0.1 296 297 -1
0.1 299 300 -1
0.1 892 301 -1
0.1 298 893 -1
0.1 302 303 -1
0.1 894 895 -1
0.1 891 896 -1
0.1 890 897 -1
0.1 889 898 -1
0.1 304 305 -1
0.1 308 309 -1
0.1 307 901 -1
0.1 306 902 -1
0.1 903 310 -1
0.1 900 904 -1
0.1 899 905 -1
0.1 880 906 -1
0.1 831 907 -1
0.1 312 313 -1
0.1 316 317 -1
0.1 315 910 -1
0.1 318 319 -1
0.1 911 912 -1
0.1 314 913 -1
0.1 322 323 -1
0.1 325 326 -1
0.1 324 916 -1
0.1 327 328 -1
0.1 918 329 -1
0.1 917 919 -1
0.1 915 920 -1
0.1 321 921 -1
0.1 320 922 -1
0.1 923 330 -1
0.1 914 924 -1
0.1 909 925 -1
0.1 311 926 -1
0.1 908 927 -1
0.1 729 928 -1
0.1 331 332 -1
0.1 333 334 -1
0.1 930 931 -1
0.1 335 336 -1
0.1 338 339 -1
0.1 337 934 -1
0.1 933 935 -1
0.1 340 341 -1
0.1 936 937 -1
0.1 938 342 -1
0.1 343 344 -1
0.1 939 940 -1
0.1 347 348 -1
0.1 350 351 -1
0.1 349 943 -1
0.1 942 944 -1
0.1 352 353 -1
0.1 946 354 -1
0.1 355 356 -1
0.1 947 948 -1
0.1 945 949 -1
0.1 346 950 -1
0.1 345 951 -1
0.1 358 359 -1
0.1 953 360 -1
0.1 357 954 -1
0.1 952 955 -1
0.1 941 956 -1
0.1 932 957 -1
0.1 362 363 -1
0.1 365 366 -1
0.1 364 960 -1
0.1 959 961 -1
0.1 361 962 -1
0.1 368 369 -1
0.1 370 371 -1
0.1 964 965 -1
0.1 367 966 -1
0.1 373 374 -1
0.1 372 968 -1
0.1 375 376 -1
0.1 969 970 -1
0.1 967 971 -1
0.1 377 378 -1
0.1 973 379 -1
0.1 380 381 -1
0.1 975 382 -1
0.1 384 385 -1
0.1 383 977 -1
0.1 978 386 -1
0.1 976 979 -1
0.1 974 980 -1
0.1 972 981 -1
0.1 982 387 -1
0.1 392 393 -1
0.1 391 984 -1
0.1 390 985 -1
0.1 397 398 -1
0.1 396 987 -1
0.1 399 400 -1
0.1 989 401 -1
0.1 990 402 -1
0.1 988 991 -1
0.1 992 403 -1
0.1 395 993 -1
0.1 394 994 -1
0.1 986 995 -1
0.1 389 996 -1
0.1 404 405 -1
0.1 407 408 -1
0.1 406 999 -1
0.1 998 1000 -1
0.1 997 1001 -1
0.1 388 1002 -1
0.1 409 410 -1
0.1 411 412 -1
0.1 413 414 -1
0.1 1005 1006 -1
0.1 1004 1007 -1
0.1 416 417 -1
0.1 415 1009 -1
0.1 1008 1010 -1
0.1 1003 1011 -1
0.1 420 421 -1
0.1 422 423 -1
0.1 1014 424 -1
0.1 1015 425 -1
0.1 426 427 -1
0.1 1017 428 -1
0.1 1016 1018 -1
0.1 1013 1019 -1
0.1 419 1020 -1
0.1 430 431 -1
0.1 429 1022 -1
0.1 433 434 -1
0.1 432 1024 -1
0.1 436 437 -1
0.1 435 1026 -1
0.1 1025 1027 -1
0.1 1028 438 -1
0.1 1023 1029 -1
0.1 439 440 -1
0.1 441 442 -1
0.1 1032 443 -1
0.1 446 447 -1
0.1 1034 448 -1
0.1 445 1035 -1
0.1 449 450 -1
0.1 1036 1037 -1
0.1 444 1038 -1
0.1 451 452 -1
0.1 454 455 -1
0.1 453 1041 -1
0.1 1040 1042 -1
0.1 1039 1043 -1
0.1 457 458 -1
0.1 1045 459 -1
0.1 1046 460 -1
0.1 456 1047 -1
0.1 1044 1048 -1
0.1 1033 1049 -1
0.1 1031 1050 -1
0.1 1030 1051 -1
0.1 1021 1052 -1
0.1 418 1053 -1
0.1 1012 1054 -1
0.1 983 1055 -1
0.1 963 1056 -1
0.1 461 462 -1
0.1 464 465 -1
0.1 1059 466 -1
0.1 467 468 -1
0.1 469 470 -1
0.1 1061 1062 -1
0.1 1060 1063 -1
0.1 463 1064 -1
0.1 1058 1065 -1
0.1 471 472 -1
0.1 473 474 -1
0.1 1068 475 -1
0.1 1067 1069 -1
0.1 1066 1070 -1
0.1 476 477 -1
0.1 479 480 -1
0.1 478 1073 -1
0.1 481 482 -1
0.1 483 484 -1
0.1 1076 485 -1
0.1 1075 1077 -1
0.1 487 488 -1
0.1 1079 489 -1
0.1 491 492 -1
0.1 493 494 -1
0.1 1081 1082 -1
0.1 490 1083 -1
0.1 1084 495 -1
0.1 1080 1085 -1
0.1 499 500 -1
0.1 502 503 -1
0.1 501 1088 -1
0.1 1087 1089 -1
0.1 498 1090 -1
0.1 505 506 -1
0.1 504 1092 -1
0.1 507 508 -1
0.1 1093 1094 -1
0.1 509 510 -1
0.1 511 512 -1
0.1 1096 1097 -1
0.1 1098 513 -1
0.1 1095 1099 -1
0.1 515 516 -1
0.1 514 1101 -1
0.1 1100 1102 -1
0.1 1091 1103 -1
0.1 497 1104 -1
0.1 496 1105 -1
0.1 1086 1106 -1
0.1 486 1107 -1
0.1 517 518 -1
0.1 1108 1109 -1
0.1 519 520 -1
0.1 1110 1111 -1
0.1 1078 1112 -1
0.1 522 523 -1
0.1 525 526 -1
0.1 524 1115 -1
0.1 527 528 -1
0.1 1116 1117 -1
0.1 530 531 -1
0.1 529 1119 -1
0.1 1118 1120 -1
0.1 1114 1121 -1
0.1 521 1122 -1
0.1 534 535 -1
0.1 1124 536 -1
0.1 1125 537 -1
0.1 533 1126 -1
0.1 539 540 -1
0.1 538 1128 -1
0.1 1127 1129 -1
0.1 541 542 -1
0.1 1130 1131 -1
0.1 532 1132 -1
0.1 1123 1133 -1
0.1 1113 1134 -1
0.1 543 544 -1
0.1 546 547 -1
0.1 545 1137 -1
0.1 1136 1138 -1
0.1 549 550 -1
0.1 548 1140 -1
0.1 1139 1141 -1
0.1 552 553 -1
0.1 554 555 -1
0.1 1144 556 -1
0.1 1145 557 -1
0.1 559 560 -1
0.1 558 1147 -1
0.1 1146 1148 -1
0.1 1143 1149 -1
0.1 551 1150 -1
0.1 562 563 -1
0.1 564 565 -1
0.1 1153 566 -1
0.1 568 569 -1
0.1 567 1155 -1
0.1 1154 1156 -1
0.1 1152 1157 -1
0.1 1158 570 -1
0.1 561 1159 -1
0.1 1151 1160 -1
0.1 1142 1161 -1
0.1 1135 1162 -1
0.1 1074 1163 -1
0.1 1072 1164 -1
0.1 1071 1165 -1
0.1 1057 1166 -1
0.1 573 574 -1
0.1 572 1168 -1
0.1 1169 575 -1
0.1 579 580 -1
0.1 578 1171 -1
0.1 577 1172 -1
0.1 576 1173 -1
0.1 1174 581 -1
0.1 1170 1175 -1
0.1 582 583 -1
0.1 584 585 -1
0.1 586 587 -1
0.1 1178 1179 -1
0.1 588 589 -1
0.1 1180 1181 -1
0.1 1177 1182 -1
0.1 1176 1183 -1
0.1 1184 590 -1
0.1 591 592 -1
0.1 593 594 -1
0.1 1187 595 -1
0.1 597 598 -1
0.1 596 1189 -1
0.1 1188 1190 -1
0.1 1191 599 -1
0.1 1192 600 -1
0.1 1186 1193 -1
0.1 1185 1194 -1
0.1 571 1195 -1
0.1 1167 1196 -1
0.1 958 1197 -1
0.1 929 1198 -1
