1 0 0 1
1 0 0 1
1 0 0 1
1 0 0 1
1 0 0 1
1 0 0 2
1 0 0 2
1 0 0 2
1 0 0 3
1 0 0 3
1 0 0 3
1 0 0 3
1 0 0 3
1 0 0 3
1 0 0 3
1 0 0 3
1 0 0 3
1 0 0 3
1 0 0 4
1 0 0 4
1 0 0 4
1 0 0 4
1 0 0 4
1 0 0 4
1 0 0 4
1 0 0 4
1 0 0 4
1 0 0 4
1 0 0 2
1 0 0 2
1 0 0 2
1 0 0 5
1 0 0 5
1 0 0 5
1 0 0 5
1 0 0 5
1 0 0 5
1 0 0 5
1 0 0 5
1 0 0 5
1 0 0 5
1 0 0 6
1 0 0 7
1 0 0 7
1 0 0 7
1 0 0 7
1 0 0 7
1 0 0 7
1 0 0 7
1 0 0 7
1 0 0 7
1 0 0 7
1 0 0 8
1 0 0 8
1 0 0 8
1 0 0 8
1 0 0 8
1 0 0 8
1 0 0 8
1 0 0 8
1 0 0 8
1 0 0 8
1 0 0 9
1 0 0 9
1 0 0 9
1 0 0 9
1 0 0 9
1 0 0 9
1 0 0 9
1 0 0 9
1 0 0 9
1 0 0 9
1 0 0 2
1 0 0 2
1 0 0 10
1 0 0 10
1 0 0 10
1 0 0 10
1 0 0 10
1 0 0 10
1 0 0 10
1 0 0 10
1 0 0 10
1 0 0 10
1 0 0 2
1 0 0 2
1 0 0 1
1 0 0 1
1 0 0 6
1 0 0 11
1 0 0 11
1 0 0 11
1 0 0 11
1 0 0 11
1 0 0 11
1 0 0 11
1 0 0 11
1 0 0 11
1 0 0 11
1 0 0 12
1 0 0 12
1 0 0 12
1 0 0 12
1 0 0 12
1 0 0 12
1 0 0 12
1 0 0 12
1 0 0 6
1 0 0 12
1 0 0 12
1 0 0 13
1 0 0 13
1 0 0 13
1 0 0 13
1 0 0 13
1 0 0 14
1 0 0 14
1 0 0 14
1 0 0 14
1 0 0 14
1 0 0 14
1 0 0 14
1 0 0 14
1 0 0 14
1 0 0 14
1 0 0 15
1 0 0 15
1 0 0 15
1 0 0 15
1 0 0 15
1 0 0 15
1 0 0 15
1 0 0 15
1 0 0 15
1 0 0 15
1 0 0 16
1 0 0 16
1 0 0 16
1 0 0 16
1 0 0 17
1 0 0 17
1 0 0 17
1 0 0 17
1 0 0 17
1 0 0 17
1 0 0 17
1 0 0 17
1 0 0 17
1 0 0 17
1 0 0 18
1 0 0 18
1 0 0 18
1 0 0 18
1 0 0 18
1 0 0 18
1 0 0 18
1 0 0 18
1 0 0 18
1 0 0 18
1 0 0 19
1 0 0 20
1 0 0 20
1 0 0 20
1 0 0 20
1 0 0 20
1 0 0 20
1 0 0 20
1 0 0 20
1 0 0 20
1 0 0 20
1 0 0 16
1 0 0 21
1 0 0 21
1 0 0 21
1 0 0 21
1 0 0 21
1 0 0 21
1 0 0 21
1 0 0 21
1 0 0 21
1 0 0 21
1 0 0 19
1 0 0 19
1 0 0 19
1 0 0 19
1 0 0 19
1 0 0 19
1 0 0 19
1 0 0 19
1 0 0 19
1 0 0 22
1 0 0 22
1 0 0 22
1 0 0 22
1 0 0 22
1 0 0 22
1 0 0 22
1 0 0 22
1 0 0 22
1 0 0 22
1 0 0 16
1 0 0 16
1 0 0 23
1 0 0 23
1 0 0 23
1 0 0 23
1 0 0 23
1 0 0 23
1 0 0 23
1 0 0 23
1 0 0 23
1 0 0 23
1 0 0 24
1 0 0 24
1 0 0 24
1 0 0 24
1 0 0 24
1 0 0 24
1 0 0 24
1 0 0 24
1 0 0 24
1 0 0 24
1 0 0 25
1 0 0 25
1 0 0 25
1 0 0 25
1 0 0 25
1 0 0 25
1 0 0 25
1 0 0 25
1 0 0 25
1 0 0 25
1 0 0 16
1 0 0 16
1 0 0 16
1 0 0 13
1 0 0 13
1 0 0 13
1 0 0 13
1 0 0 13
1 0 0 26
1 0 0 26
1 0 0 26
1 0 0 26
1 0 0 26
1 0 0 26
1 0 0 26
1 0 0 26
1 0 0 26
1 0 0 26
1 0 0 6
1 0 0 27
1 0 0 27
1 0 0 27
1 0 0 27
1 0 0 27
1 0 0 27
1 0 0 27
1 0 0 27
1 0 0 27
1 0 0 27
1 0 0 28
1 0 0 28
1 0 0 28
1 0 0 28
1 0 0 28
1 0 0 28
1 0 0 6
1 0 0 28
1 0 0 28
1 0 0 28
1 0 0 28
1 0 0 1
1 0 0 1
1 0 0 29
1 0 0 29
1 0 0 29
1 0 0 30
1 0 0 30
1 0 0 30
1 0 0 30
1 0 0 30
1 0 0 30
1 0 0 30
1 0 0 31
1 0 0 31
1 0 0 31
1 0 0 31
1 0 0 31
1 0 0 31
1 0 0 31
1 0 0 31
1 0 0 31
1 0 0 31
1 0 0 32
1 0 0 32
1 0 0 32
1 0 0 32
1 0 0 32
1 0 0 32
1 0 0 32
1 0 0 32
1 0 0 32
1 0 0 32
1 0 0 6
1 0 0 6
1 0 0 33
1 0 0 33
1 0 0 34
1 0 0 34
1 0 0 34
1 0 0 34
1 0 0 34
1 0 0 34
1 0 0 34
1 0 0 34
1 0 0 34
1 0 0 34
1 0 0 33
1 0 0 33
1 0 0 33
1 0 0 33
1 0 0 33
1 0 0 33
1 0 0 33
1 0 0 33
1 0 0 35
1 0 0 35
1 0 0 35
1 0 0 35
1 0 0 35
1 0 0 35
1 0 0 35
1 0 0 35
1 0 0 35
1 0 0 35
1 0 0 36
1 0 0 36
1 0 0 36
1 0 0 36
1 0 0 36
1 0 0 36
1 0 0 36
1 0 0 36
1 0 0 36
1 0 0 36
1 0 0 6
1 0 0 37
1 0 0 37
1 0 0 37
1 0 0 37
1 0 0 37
1 0 0 37
1 0 0 37
1 0 0 37
1 0 0 37
1 0 0 37
1 0 0 38
1 0 0 38
1 0 0 39
1 0 0 39
1 0 0 39
1 0 0 39
1 0 0 39
1 0 0 39
1 0 0 39
1 0 0 39
1 0 0 39
1 0 0 39
1 0 0 40
1 0 0 40
1 0 0 40
1 0 0 40
1 0 0 40
1 0 0 40
1 0 0 40
1 0 0 40
1 0 0 40
1 0 0 40
1 0 0 41
1 0 0 41
1 0 0 41
1 0 0 41
1 0 0 41
1 0 0 41
1 0 0 41
1 0 0 41
1 0 0 41
1 0 0 41
1 0 0 42
1 0 0 42
1 0 0 42
1 0 0 42
1 0 0 42
1 0 0 42
1 0 0 42
1 0 0 42
1 0 0 42
1 0 0 42
1 0 0 43
1 0 0 43
1 0 0 43
1 0 0 43
1 0 0 43
1 0 0 43
1 0 0 43
1 0 0 43
1 0 0 43
1 0 0 43
1 0 0 44
1 0 0 44
1 0 0 44
1 0 0 44
1 0 0 44
1 0 0 44
1 0 0 44
1 0 0 44
1 0 0 44
1 0 0 44
1 0 0 45
1 0 0 45
1 0 0 45
1 0 0 45
1 0 0 45
1 0 0 45
1 0 0 45
1 0 0 45
1 0 0 45
1 0 0 45
1 0 0 38
1 0 0 38
1 0 0 46
1 0 0 46
1 0 0 46
1 0 0 46
1 0 0 46
1 0 0 46
1 0 0 46
1 0 0 46
1 0 0 46
1 0 0 46
1 0 0 47
1 0 0 47
1 0 0 47
1 0 0 47
1 0 0 47
1 0 0 47
1 0 0 47
1 0 0 47
1 0 0 47
1 0 0 47
1 0 0 48
1 0 0 48
1 0 0 48
1 0 0 48
1 0 0 48
1 0 0 48
1 0 0 48
1 0 0 49
1 0 0 49
1 0 0 48
1 0 0 48
1 0 0 48
1 0 0 49
1 0 0 49
1 0 0 49
1 0 0 49
1 0 0 49
1 0 0 49
1 0 0 49
1 0 0 49
1 0 0 50
1 0 0 50
1 0 0 50
1 0 0 50
1 0 0 50
1 0 0 50
1 0 0 50
1 0 0 50
1 0 0 50
1 0 0 50
1 0 0 38
1 0 0 38
1 0 0 51
1 0 0 51
1 0 0 51
1 0 0 51
1 0 0 51
1 0 0 51
1 0 0 51
1 0 0 51
1 0 0 51
1 0 0 51
1 0 0 52
1 0 0 52
1 0 0 52
1 0 0 52
1 0 0 52
1 0 0 52
1 0 0 52
1 0 0 52
1 0 0 52
1 0 0 52
1 0 0 38
1 0 0 38
1 0 0 53
1 0 0 53
1 0 0 53
1 0 0 53
1 0 0 53
1 0 0 53
1 0 0 53
1 0 0 53
1 0 0 53
1 0 0 53
1 0 0 54
1 0 0 54
1 0 0 54
1 0 0 54
1 0 0 54
1 0 0 54
1 0 0 54
1 0 0 54
1 0 0 54
1 0 0 54
1 0 0 38
1 0 0 55
1 0 0 55
1 0 0 55
1 0 0 55
1 0 0 55
1 0 0 55
1 0 0 55
1 0 0 55
1 0 0 55
1 0 0 55
1 0 0 38
1 0 0 56
1 0 0 56
1 0 0 56
1 0 0 56
1 0 0 56
1 0 0 56
1 0 0 56
1 0 0 56
1 0 0 56
1 0 0 56
1 0 0 57
1 0 0 57
1 0 0 57
1 0 0 57
1 0 0 57
1 0 0 57
1 0 0 57
1 0 0 57
1 0 0 57
1 0 0 57
1 0 0 58
1 0 0 58
1 0 0 58
1 0 0 58
1 0 0 58
1 0 0 58
1 0 0 58
1 0 0 58
1 0 0 58
1 0 0 58
1 0 0 6
1 0 0 59
1 0 0 59
1 0 0 59
1 0 0 59
1 0 0 59
1 0 0 59
1 0 0 59
1 0 0 59
1 0 0 59
1 0 0 59
1 0 0 30
1 0 0 30
1 0 0 30
1 0 0 6
1 0 0 29
1 0 0 29
1 0 0 29
1 0 0 29
1 0 0 29
1 0 0 29
1 0 0 29
1 0 0 1
0.1 2 3 -1
0.1 4 5 -1
0.1 591 592 -1
0.1 9 10 -1
0.1 11 12 -1
0.1 594 595 -1
0.1 13 14 -1
0.1 15 16 -1
0.1 17 18 -1
0.1 598 599 -1
0.1 597 600 -1
0.1 596 601 -1
0.1 8 602 -1
0.1 7 603 -1
0.1 19 20 -1
0.1 22 23 -1
0.1 21 606 -1
0.1 24 25 -1
0.1 26 27 -1
0.1 608 609 -1
0.1 610 28 -1
0.1 607 611 -1
0.1 605 612 -1
0.1 604 613 -1
0.1 30 31 -1
0.1 29 615 -1
0.1 614 616 -1
0.1 34 35 -1
0.1 618 36 -1
0.1 619 37 -1
0.1 33 620 -1
0.1 32 621 -1
0.1 39 40 -1
0.1 38 623 -1
0.1 622 624 -1
0.1 625 41 -1
0.1 44 45 -1
0.1 627 46 -1
0.1 628 47 -1
0.1 43 629 -1
0.1 48 49 -1
0.1 50 51 -1
0.1 631 632 -1
0.1 633 52 -1
0.1 630 634 -1
0.1 42 635 -1
0.1 626 636 -1
0.1 617 637 -1
0.1 55 56 -1
0.1 57 58 -1
0.1 639 640 -1
0.1 54 641 -1
0.1 53 642 -1
0.1 61 62 -1
0.1 60 644 -1
0.1 59 645 -1
0.1 643 646 -1
0.1 63 64 -1
0.1 65 66 -1
0.1 68 69 -1
0.1 67 650 -1
0.1 649 651 -1
0.1 648 652 -1
0.1 71 72 -1
0.1 70 654 -1
0.1 653 655 -1
0.1 656 73 -1
0.1 647 657 -1
0.1 75 76 -1
0.1 659 77 -1
0.1 78 79 -1
0.1 81 82 -1
0.1 80 662 -1
0.1 661 663 -1
0.1 83 84 -1
0.1 664 665 -1
0.1 660 666 -1
0.1 74 667 -1
0.1 668 85 -1
0.1 669 86 -1
0.1 658 670 -1
0.1 638 671 -1
0.1 6 672 -1
0.1 673 87 -1
0.1 593 674 -1
0.1 1 675 -1
0.1 92 93 -1
0.1 91 677 -1
0.1 90 678 -1
0.1 94 95 -1
0.1 680 96 -1
0.1 679 681 -1
0.1 97 98 -1
0.1 682 683 -1
0.1 684 99 -1
0.1 89 685 -1
0.1 102 103 -1
0.1 101 687 -1
0.1 100 688 -1
0.1 689 104 -1
0.1 106 107 -1
0.1 105 691 -1
0.1 690 692 -1
0.1 693 108 -1
0.1 109 110 -1
0.1 694 695 -1
0.1 686 696 -1
0.1 114 115 -1
0.1 113 698 -1
0.1 116 117 -1
0.1 700 118 -1
0.1 120 121 -1
0.1 123 124 -1
0.1 703 125 -1
0.1 122 704 -1
0.1 702 705 -1
0.1 119 706 -1
0.1 701 707 -1
0.1 128 129 -1
0.1 127 709 -1
0.1 126 710 -1
0.1 130 131 -1
0.1 132 133 -1
0.1 712 713 -1
0.1 711 714 -1
0.1 134 135 -1
0.1 715 716 -1
0.1 717 136 -1
0.1 137 138 -1
0.1 718 719 -1
0.1 720 139 -1
0.1 140 141 -1
0.1 142 143 -1
0.1 722 723 -1
0.1 144 145 -1
0.1 724 725 -1
0.1 146 147 -1
0.1 727 148 -1
0.1 728 149 -1
0.1 726 729 -1
0.1 721 730 -1
0.1 150 151 -1
0.1 153 154 -1
0.1 155 156 -1
0.1 733 734 -1
0.1 157 158 -1
0.1 735 736 -1
0.1 152 737 -1
0.1 732 738 -1
0.1 739 159 -1
0.1 162 163 -1
0.1 161 741 -1
0.1 742 164 -1
0.1 165 166 -1
0.1 743 744 -1
0.1 168 169 -1
0.1 167 746 -1
0.1 747 170 -1
0.1 745 748 -1
0.1 749 171 -1
0.1 172 173 -1
0.1 174 175 -1
0.1 751 752 -1
0.1 753 176 -1
0.1 178 179 -1
0.1 177 755 -1
0.1 180 181 -1
0.1 756 757 -1
0.1 754 758 -1
0.1 750 759 -1
0.1 160 760 -1
0.1 183 184 -1
0.1 182 762 -1
0.1 186 187 -1
0.1 764 188 -1
0.1 185 765 -1
0.1 189 190 -1
0.1 766 767 -1
0.1 763 768 -1
0.1 761 769 -1
0.1 191 192 -1
0.1 771 193 -1
0.1 195 196 -1
0.1 194 773 -1
0.1 772 774 -1
0.1 199 200 -1
0.1 198 776 -1
0.1 197 777 -1
0.1 775 778 -1
0.1 770 779 -1
0.1 201 202 -1
0.1 203 204 -1
0.1 206 207 -1
0.1 208 209 -1
0.1 783 784 -1
0.1 210 211 -1
0.1 786 212 -1
0.1 785 787 -1
0.1 205 788 -1
0.1 782 789 -1
0.1 781 790 -1
0.1 214 215 -1
0.1 792 216 -1
0.1 213 793 -1
0.1 219 220 -1
0.1 218 795 -1
0.1 796 221 -1
0.1 217 797 -1
0.1 798 222 -1
0.1 794 799 -1
0.1 791 800 -1
0.1 226 227 -1
0.1 225 802 -1
0.1 224 803 -1
0.1 223 804 -1
0.1 231 232 -1
0.1 230 806 -1
0.1 229 807 -1
0.1 228 808 -1
0.1 805 809 -1
0.1 801 810 -1
0.1 233 234 -1
0.1 812 235 -1
0.1 811 813 -1
0.1 780 814 -1
0.1 740 815 -1
0.1 731 816 -1
0.1 708 817 -1
0.1 818 236 -1
0.1 699 819 -1
0.1 112 820 -1
0.1 111 821 -1
0.1 237 238 -1
0.1 239 240 -1
0.1 823 824 -1
0.1 822 825 -1
0.1 241 242 -1
0.1 827 243 -1
0.1 826 828 -1
0.1 246 247 -1
0.1 245 830 -1
0.1 248 249 -1
0.1 831 832 -1
0.1 244 833 -1
0.1 829 834 -1
0.1 835 250 -1
0.1 252 253 -1
0.1 837 254 -1
0.1 257 258 -1
0.1 839 259 -1
0.1 840 260 -1
0.1 256 841 -1
0.1 842 261 -1
0.1 255 843 -1
0.1 838 844 -1
0.1 265 266 -1
0.1 264 846 -1
0.1 263 847 -1
0.1 848 267 -1
0.1 849 268 -1
0.1 262 850 -1
0.1 269 270 -1
0.1 271 272 -1
0.1 852 853 -1
0.1 851 854 -1
0.1 845 855 -1
0.1 251 856 -1
0.1 836 857 -1
0.1 697 858 -1
0.1 88 859 -1
0.1 273 274 -1
0.1 860 861 -1
0.1 676 862 -1
0.1 276 277 -1
0.1 275 864 -1
0.1 278 279 -1
0.1 866 280 -1
0.1 282 283 -1
0.1 281 868 -1
0.1 869 284 -1
0.1 867 870 -1
0.1 285 286 -1
0.1 288 289 -1
0.1 873 290 -1
0.1 874 291 -1
0.1 875 292 -1
0.1 287 876 -1
0.1 872 877 -1
0.1 293 294 -1
0.1 878 879 -1
0.1 871 880 -1
0.1 295 296 -1
0.1 882 297 -1
0.1 300 301 -1
0.1 299 884 -1
0.1 298 885 -1
0.1 883 886 -1
0.1 887 302 -1
0.1 303 304 -1
0.1 888 889 -1
0.1 881 890 -1
0.1 305 306 -1
0.1 310 311 -1
0.1 312 313 -1
0.1 893 894 -1
0.1 895 314 -1
0.1 309 896 -1
0.1 316 317 -1
0.1 898 318 -1
0.1 315 899 -1
0.1 897 900 -1
0.1 308 901 -1
0.1 902 319 -1
0.1 307 903 -1
0.1 321 322 -1
0.1 323 324 -1
0.1 905 906 -1
0.1 320 907 -1
0.1 904 908 -1
0.1 325 326 -1
0.1 909 910 -1
0.1 327 328 -1
0.1 331 332 -1
0.1 913 333 -1
0.1 330 914 -1
0.1 329 915 -1
0.1 334 335 -1
0.1 916 917 -1
0.1 912 918 -1
0.1 919 336 -1
0.1 339 340 -1
0.1 343 344 -1
0.1 922 345 -1
0.1 923 346 -1
0.1 342 924 -1
0.1 341 925 -1
0.1 921 926 -1
0.1 338 927 -1
0.1 337 928 -1
0.1 920 929 -1
0.1 911 930 -1
0.1 349 350 -1
0.1 932 351 -1
0.1 348 933 -1
0.1 352 353 -1
0.1 934 935 -1
0.1 354 355 -1
0.1 937 356 -1
0.1 938 357 -1
0.1 936 939 -1
0.1 360 361 -1
0.1 362 363 -1
0.1 941 942 -1
0.1 365 366 -1
0.1 364 944 -1
0.1 943 945 -1
0.1 368 369 -1
0.1 367 947 -1
0.1 946 948 -1
0.1 359 949 -1
0.1 358 950 -1
0.1 375 376 -1
0.1 374 952 -1
0.1 953 377 -1
0.1 373 954 -1
0.1 372 955 -1
0.1 371 956 -1
0.1 370 957 -1
0.1 378 379 -1
0.1 958 959 -1
0.1 951 960 -1
0.1 381 382 -1
0.1 380 962 -1
0.1 383 384 -1
0.1 387 388 -1
0.1 386 965 -1
0.1 385 966 -1
0.1 964 967 -1
0.1 963 968 -1
0.1 969 389 -1
0.1 391 392 -1
0.1 394 395 -1
0.1 972 396 -1
0.1 973 397 -1
0.1 974 398 -1
0.1 975 399 -1
0.1 393 976 -1
0.1 971 977 -1
0.1 390 978 -1
0.1 404 405 -1
0.1 403 980 -1
0.1 981 406 -1
0.1 407 408 -1
0.1 982 983 -1
0.1 984 409 -1
0.1 402 985 -1
0.1 401 986 -1
0.1 400 987 -1
0.1 979 988 -1
0.1 411 412 -1
0.1 413 414 -1
0.1 990 991 -1
0.1 415 416 -1
0.1 993 417 -1
0.1 992 994 -1
0.1 410 995 -1
0.1 418 419 -1
0.1 996 997 -1
0.1 989 998 -1
0.1 970 999 -1
0.1 961 1000 -1
0.1 420 421 -1
0.1 1002 422 -1
0.1 425 426 -1
0.1 424 1004 -1
0.1 427 428 -1
0.1 1005 1006 -1
0.1 1007 429 -1
0.1 423 1008 -1
0.1 1003 1009 -1
0.1 430 431 -1
0.1 1010 1011 -1
0.1 434 435 -1
0.1 433 1013 -1
0.1 1014 436 -1
0.1 432 1015 -1
0.1 437 438 -1
0.1 1017 439 -1
0.1 440 441 -1
0.1 1018 1019 -1
0.1 1016 1020 -1
0.1 444 445 -1
0.1 1022 446 -1
0.1 443 1023 -1
0.1 442 1024 -1
0.1 447 448 -1
0.1 449 450 -1
0.1 1026 1027 -1
0.1 1025 1028 -1
0.1 1029 451 -1
0.1 1030 452 -1
0.1 453 454 -1
0.1 455 456 -1
0.1 1032 1033 -1
0.1 457 458 -1
0.1 1034 1035 -1
0.1 459 460 -1
0.1 462 463 -1
0.1 461 1038 -1
0.1 466 467 -1
0.1 1040 468 -1
0.1 470 471 -1
0.1 469 1042 -1
0.1 1041 1043 -1
0.1 465 1044 -1
0.1 464 1045 -1
0.1 1039 1046 -1
0.1 1037 1047 -1
0.1 1036 1048 -1
0.1 1031 1049 -1
0.1 474 475 -1
0.1 1051 476 -1
0.1 1052 477 -1
0.1 479 480 -1
0.1 478 1054 -1
0.1 1055 481 -1
0.1 1053 1056 -1
0.1 473 1057 -1
0.1 472 1058 -1
0.1 1050 1059 -1
0.1 1060 482 -1
0.1 484 485 -1
0.1 487 488 -1
0.1 489 490 -1
0.1 491 492 -1
0.1 1065 493 -1
0.1 1064 1066 -1
0.1 1063 1067 -1
0.1 486 1068 -1
0.1 1062 1069 -1
0.1 483 1070 -1
0.1 494 495 -1
0.1 496 497 -1
0.1 498 499 -1
0.1 1073 1074 -1
0.1 1072 1075 -1
0.1 500 501 -1
0.1 1076 1077 -1
0.1 502 503 -1
0.1 1078 1079 -1
0.1 1071 1080 -1
0.1 1061 1081 -1
0.1 1082 504 -1
0.1 1021 1083 -1
0.1 1012 1084 -1
0.1 1085 505 -1
0.1 1001 1086 -1
0.1 508 509 -1
0.1 507 1088 -1
0.1 506 1089 -1
0.1 514 515 -1
0.1 513 1091 -1
0.1 512 1092 -1
0.1 511 1093 -1
0.1 510 1094 -1
0.1 1090 1095 -1
0.1 516 517 -1
0.1 1097 518 -1
0.1 521 522 -1
0.1 520 1099 -1
0.1 519 1100 -1
0.1 1098 1101 -1
0.1 524 525 -1
0.1 523 1103 -1
0.1 1102 1104 -1
0.1 1096 1105 -1
0.1 529 530 -1
0.1 1107 531 -1
0.1 528 1108 -1
0.1 1109 532 -1
0.1 527 1110 -1
0.1 535 536 -1
0.1 534 1112 -1
0.1 533 1113 -1
0.1 1111 1114 -1
0.1 526 1115 -1
0.1 539 540 -1
0.1 542 543 -1
0.1 1118 544 -1
0.1 1119 545 -1
0.1 546 547 -1
0.1 1120 1121 -1
0.1 541 1122 -1
0.1 1117 1123 -1
0.1 538 1124 -1
0.1 537 1125 -1
0.1 1116 1126 -1
0.1 1106 1127 -1
0.1 1087 1128 -1
0.1 940 1129 -1
0.1 347 1130 -1
0.1 550 551 -1
0.1 549 1132 -1
0.1 548 1133 -1
0.1 552 553 -1
0.1 555 556 -1
0.1 554 1136 -1
0.1 1135 1137 -1
0.1 1134 1138 -1
0.1 1139 557 -1
0.1 558 559 -1
0.1 1141 560 -1
0.1 562 563 -1
0.1 561 1143 -1
0.1 564 565 -1
0.1 1144 1145 -1
0.1 566 567 -1
0.1 1146 1147 -1
0.1 569 570 -1
0.1 571 572 -1
0.1 1150 573 -1
0.1 1149 1151 -1
0.1 576 577 -1
0.1 1153 578 -1
0.1 575 1154 -1
0.1 574 1155 -1
0.1 1152 1156 -1
0.1 568 1157 -1
0.1 1148 1158 -1
0.1 1142 1159 -1
0.1 1140 1160 -1
0.1 1131 1161 -1
0.1 931 1162 -1
0.1 892 1163 -1
0.1 580 581 -1
0.1 579 1165 -1
0.1 1164 1166 -1
0.1 1167 582 -1
0.1 891 1168 -1
0.1 583 584 -1
0.1 585 586 -1
0.1 1170 1171 -1
0.1 1169 1172 -1
0.1 865 1173 -1
0.1 587 588 -1
0.1 1175 589 -1
0.1 1174 1176 -1
0.1 1177 590 -1
0.1 863 1178 -1
