1 0 0 1
1 0 0 1
1 0 0 2
1 0 0 2
1 0 0 2
1 0 0 2
1 0 0 2
1 0 0 2
1 0 0 2
1 0 0 2
1 0 0 2
1 0 0 2
1 0 0 3
1 0 0 3
1 0 0 3
1 0 0 3
1 0 0 3
1 0 0 3
1 0 0 3
1 0 0 3
1 0 0 3
1 0 0 3
1 0 0 4
1 0 0 4
1 0 0 4
1 0 0 4
1 0 0 5
1 0 0 5
1 0 0 6
1 0 0 6
1 0 0 6
1 0 0 6
1 0 0 6
1 0 0 6
1 0 0 6
1 0 0 6
1 0 0 6
1 0 0 6
1 0 0 5
1 0 0 5
1 0 0 5
1 0 0 5
1 0 0 5
1 0 0 5
1 0 0 5
1 0 0 5
1 0 0 7
1 0 0 7
1 0 0 7
1 0 0 7
1 0 0 7
1 0 0 7
1 0 0 7
1 0 0 7
1 0 0 7
1 0 0 7
1 0 0 4
1 0 0 4
1 0 0 4
1 0 0 4
1 0 0 4
1 0 0 4
1 0 0 1
1 0 0 1
1 0 0 1
1 0 0 1
1 0 0 1
1 0 0 1
1 0 0 8
1 0 0 1
1 0 0 1
1 0 0 8
1 0 0 8
1 0 0 8
1 0 0 8
1 0 0 8
1 0 0 8
1 0 0 8
1 0 0 8
1 0 0 9
1 0 0 9
1 0 0 9
1 0 0 9
1 0 0 9
1 0 0 9
1 0 0 9
1 0 0 9
1 0 0 9
1 0 0 9
1 0 0 8
1 0 0 10
1 0 0 10
1 0 0 10
1 0 0 10
1 0 0 10
1 0 0 10
1 0 0 10
1 0 0 10
1 0 0 10
1 0 0 10
1 0 0 11
1 0 0 11
1 0 0 11
1 0 0 11
1 0 0 11
1 0 0 11
1 0 0 11
1 0 0 11
1 0 0 11
1 0 0 11
1 0 0 12
1 0 0 13
1 0 0 13
1 0 0 13
1 0 0 13
1 0 0 13
1 0 0 13
1 0 0 13
1 0 0 13
1 0 0 13
1 0 0 13
1 0 0 12
1 0 0 12
1 0 0 12
1 0 0 12
1 0 0 12
1 0 0 12
1 0 0 12
1 0 0 12
1 0 0 14
1 0 0 14
1 0 0 14
1 0 0 14
1 0 0 14
1 0 0 14
1 0 0 14
1 0 0 14
1 0 0 14
1 0 0 14
1 0 0 12
1 0 0 15
1 0 0 15
1 0 0 15
1 0 0 15
1 0 0 15
1 0 0 15
1 0 0 15
1 0 0 15
1 0 0 15
1 0 0 15
1 0 0 16
1 0 0 16
1 0 0 16
1 0 0 16
1 0 0 17
1 0 0 17
1 0 0 17
1 0 0 17
1 0 0 17
1 0 0 17
1 0 0 17
1 0 0 17
1 0 0 17
1 0 0 17
1 0 0 18
1 0 0 18
1 0 0 19
1 0 0 19
1 0 0 19
1 0 0 19
1 0 0 19
1 0 0 19
1 0 0 19
1 0 0 19
1 0 0 19
1 0 0 19
1 0 0 20
1 0 0 20
1 0 0 20
1 0 0 20
1 0 0 20
1 0 0 20
1 0 0 20
1 0 0 20
1 0 0 20
1 0 0 21
1 0 0 21
1 0 0 21
1 0 0 21
1 0 0 22
1 0 0 22
1 0 0 22
1 0 0 21
1 0 0 21
1 0 0 21
1 0 0 21
1 0 0 21
1 0 0 21
1 0 0 22
1 0 0 22
1 0 0 22
1 0 0 22
1 0 0 22
1 0 0 22
1 0 0 22
1 0 0 20
1 0 0 18
1 0 0 18
1 0 0 18
1 0 0 18
1 0 0 18
1 0 0 18
1 0 0 18
1 0 0 18
1 0 0 16
1 0 0 16
1 0 0 16
1 0 0 16
1 0 0 16
1 0 0 16
1 0 0 23
1 0 0 23
1 0 0 23
1 0 0 23
1 0 0 23
1 0 0 23
1 0 0 23
1 0 0 23
1 0 0 23
1 0 0 24
1 0 0 24
1 0 0 24
1 0 0 24
1 0 0 24
1 0 0 24
1 0 0 24
1 0 0 24
1 0 0 24
1 0 0 25
1 0 0 25
1 0 0 25
1 0 0 25
1 0 0 25
1 0 0 25
1 0 0 25
1 0 0 25
1 0 0 25
1 0 0 25
1 0 0 26
1 0 0 26
1 0 0 26
1 0 0 26
1 0 0 26
1 0 0 26
1 0 0 26
1 0 0 26
1 0 0 26
1 0 0 26
1 0 0 27
1 0 0 27
1 0 0 27
1 0 0 27
1 0 0 27
1 0 0 27
1 0 0 27
1 0 0 28
1 0 0 28
1 0 0 29
1 0 0 29
1 0 0 29
1 0 0 29
1 0 0 29
1 0 0 29
1 0 0 29
1 0 0 29
1 0 0 29
1 0 0 29
1 0 0 28
1 0 0 28
1 0 0 28
1 0 0 28
1 0 0 28
1 0 0 27
1 0 0 27
1 0 0 27
1 0 0 28
1 0 0 28
1 0 0 30
1 0 0 30
1 0 0 30
1 0 0 30
1 0 0 30
1 0 0 30
1 0 0 30
1 0 0 30
1 0 0 30
1 0 0 30
1 0 0 31
1 0 0 31
1 0 0 31
1 0 0 31
1 0 0 32
1 0 0 32
1 0 0 32
1 0 0 32
1 0 0 32
1 0 0 32
1 0 0 32
1 0 0 32
1 0 0 32
1 0 0 32
1 0 0 31
1 0 0 31
1 0 0 31
1 0 0 31
1 0 0 31
1 0 0 31
1 0 0 33
1 0 0 33
1 0 0 34
1 0 0 34
1 0 0 34
1 0 0 34
1 0 0 34
1 0 0 34
1 0 0 34
1 0 0 34
1 0 0 34
1 0 0 34
1 0 0 35
1 0 0 35
1 0 0 35
1 0 0 35
1 0 0 35
1 0 0 35
1 0 0 35
1 0 0 35
1 0 0 35
1 0 0 35
1 0 0 33
1 0 0 33
1 0 0 33
1 0 0 33
1 0 0 33
1 0 0 33
1 0 0 33
1 0 0 33
1 0 0 36
1 0 0 36
1 0 0 36
1 0 0 36
1 0 0 36
1 0 0 36
1 0 0 36
1 0 0 36
1 0 0 36
1 0 0 36
1 0 0 37
1 0 0 37
1 0 0 37
1 0 0 37
1 0 0 37
1 0 0 37
1 0 0 37
1 0 0 37
1 0 0 37
1 0 0 37
1 0 0 28
1 0 0 38
1 0 0 38
1 0 0 38
1 0 0 38
1 0 0 38
1 0 0 38
1 0 0 38
1 0 0 38
1 0 0 38
1 0 0 38
1 0 0 39
1 0 0 39
1 0 0 39
1 0 0 39
1 0 0 39
1 0 0 39
1 0 0 39
1 0 0 39
1 0 0 39
1 0 0 39
1 0 0 24
1 0 0 23
1 0 0 40
1 0 0 40
1 0 0 40
1 0 0 40
1 0 0 40
1 0 0 40
1 0 0 40
1 0 0 40
1 0 0 40
1 0 0 40
0.1 3 4 -1
0.1 401 5 -1
0.1 7 8 -1
0.1 6 403 -1
0.1 10 11 -1
0.1 9 405 -1
0.1 404 406 -1
0.1 402 407 -1
0.1 408 12 -1
0.1 13 14 -1
0.1 410 15 -1
0.1 16 17 -1
0.1 18 19 -1
0.1 21 22 -1
0.1 20 414 -1
0.1 413 415 -1
0.1 412 416 -1
0.1 411 417 -1
0.1 409 418 -1
0.1 24 25 -1
0.1 420 26 -1
0.1 23 421 -1
0.1 31 32 -1
0.1 30 423 -1
0.1 33 34 -1
0.1 35 36 -1
0.1 425 426 -1
0.1 424 427 -1
0.1 37 38 -1
0.1 428 429 -1
0.1 29 430 -1
0.1 39 40 -1
0.1 431 432 -1
0.1 28 433 -1
0.1 27 434 -1
0.1 435 41 -1
0.1 45 46 -1
0.1 44 437 -1
0.1 43 438 -1
0.1 42 439 -1
0.1 48 49 -1
0.1 441 50 -1
0.1 51 52 -1
0.1 53 54 -1
0.1 55 56 -1
0.1 444 445 -1
0.1 443 446 -1
0.1 442 447 -1
0.1 47 448 -1
0.1 440 449 -1
0.1 436 450 -1
0.1 57 58 -1
0.1 61 62 -1
0.1 60 453 -1
0.1 59 454 -1
0.1 452 455 -1
0.1 451 456 -1
0.1 422 457 -1
0.1 419 458 -1
0.1 2 459 -1
0.1 63 64 -1
0.1 65 66 -1
0.1 461 462 -1
0.1 460 463 -1
0.1 464 67 -1
0.1 1 465 -1
0.1 69 70 -1
0.1 68 467 -1
0.1 468 71 -1
0.1 466 469 -1
0.1 72 73 -1
0.1 75 76 -1
0.1 472 77 -1
0.1 78 79 -1
0.1 82 83 -1
0.1 85 86 -1
0.1 476 87 -1
0.1 84 477 -1
0.1 475 478 -1
0.1 479 88 -1
0.1 480 89 -1
0.1 81 481 -1
0.1 80 482 -1
0.1 474 483 -1
0.1 473 484 -1
0.1 74 485 -1
0.1 486 90 -1
0.1 471 487 -1
0.1 470 488 -1
0.1 91 92 -1
0.1 94 95 -1
0.1 93 491 -1
0.1 96 97 -1
0.1 492 493 -1
0.1 490 494 -1
0.1 99 100 -1
0.1 98 496 -1
0.1 495 497 -1
0.1 489 498 -1
0.1 101 102 -1
0.1 104 105 -1
0.1 107 108 -1
0.1 106 502 -1
0.1 501 503 -1
0.1 103 504 -1
0.1 500 505 -1
0.1 499 506 -1
0.1 109 110 -1
0.1 112 113 -1
0.1 509 114 -1
0.1 115 116 -1
0.1 118 119 -1
0.1 117 512 -1
0.1 511 513 -1
0.1 120 121 -1
0.1 514 515 -1
0.1 510 516 -1
0.1 111 517 -1
0.1 122 123 -1
0.1 518 519 -1
0.1 124 125 -1
0.1 128 129 -1
0.1 127 522 -1
0.1 126 523 -1
0.1 521 524 -1
0.1 520 525 -1
0.1 132 133 -1
0.1 135 136 -1
0.1 134 528 -1
0.1 527 529 -1
0.1 131 530 -1
0.1 130 531 -1
0.1 137 138 -1
0.1 533 139 -1
0.1 532 534 -1
0.1 535 140 -1
0.1 526 536 -1
0.1 508 537 -1
0.1 507 538 -1
0.1 141 142 -1
0.1 144 145 -1
0.1 143 541 -1
0.1 147 148 -1
0.1 146 543 -1
0.1 544 149 -1
0.1 542 545 -1
0.1 546 150 -1
0.1 540 547 -1
0.1 539 548 -1
0.1 151 152 -1
0.1 153 154 -1
0.1 157 158 -1
0.1 159 160 -1
0.1 553 161 -1
0.1 552 554 -1
0.1 163 164 -1
0.1 162 556 -1
0.1 555 557 -1
0.1 156 558 -1
0.1 155 559 -1
0.1 165 166 -1
0.1 167 168 -1
0.1 562 169 -1
0.1 171 172 -1
0.1 564 173 -1
0.1 565 174 -1
0.1 170 566 -1
0.1 563 567 -1
0.1 175 176 -1
0.1 568 569 -1
0.1 177 178 -1
0.1 179 180 -1
0.1 571 572 -1
0.1 182 183 -1
0.1 181 574 -1
0.1 573 575 -1
0.1 184 185 -1
0.1 187 188 -1
0.1 578 189 -1
0.1 186 579 -1
0.1 190 191 -1
0.1 581 192 -1
0.1 580 582 -1
0.1 195 196 -1
0.1 194 584 -1
0.1 193 585 -1
0.1 197 198 -1
0.1 199 200 -1
0.1 588 201 -1
0.1 589 202 -1
0.1 203 204 -1
0.1 591 205 -1
0.1 590 592 -1
0.1 587 593 -1
0.1 586 594 -1
0.1 583 595 -1
0.1 596 206 -1
0.1 577 597 -1
0.1 576 598 -1
0.1 570 599 -1
0.1 561 600 -1
0.1 210 211 -1
0.1 209 602 -1
0.1 208 603 -1
0.1 207 604 -1
0.1 601 605 -1
0.1 213 214 -1
0.1 212 607 -1
0.1 606 608 -1
0.1 560 609 -1
0.1 610 215 -1
0.1 611 216 -1
0.1 551 612 -1
0.1 613 217 -1
0.1 550 614 -1
0.1 218 219 -1
0.1 616 220 -1
0.1 615 617 -1
0.1 221 222 -1
0.1 223 224 -1
0.1 225 226 -1
0.1 228 229 -1
0.1 227 622 -1
0.1 621 623 -1
0.1 620 624 -1
0.1 230 231 -1
0.1 234 235 -1
0.1 233 627 -1
0.1 628 236 -1
0.1 232 629 -1
0.1 630 237 -1
0.1 631 238 -1
0.1 626 632 -1
0.1 239 240 -1
0.1 241 242 -1
0.1 244 245 -1
0.1 243 636 -1
0.1 247 248 -1
0.1 246 638 -1
0.1 637 639 -1
0.1 635 640 -1
0.1 634 641 -1
0.1 250 251 -1
0.1 249 643 -1
0.1 252 253 -1
0.1 644 645 -1
0.1 255 256 -1
0.1 254 647 -1
0.1 257 258 -1
0.1 648 649 -1
0.1 646 650 -1
0.1 642 651 -1
0.1 260 261 -1
0.1 259 653 -1
0.1 264 265 -1
0.1 263 655 -1
0.1 262 656 -1
0.1 271 272 -1
0.1 270 658 -1
0.1 659 273 -1
0.1 269 660 -1
0.1 275 276 -1
0.1 274 662 -1
0.1 661 663 -1
0.1 268 664 -1
0.1 665 277 -1
0.1 666 278 -1
0.1 667 279 -1
0.1 280 281 -1
0.1 283 284 -1
0.1 670 285 -1
0.1 282 671 -1
0.1 669 672 -1
0.1 668 673 -1
0.1 674 286 -1
0.1 290 291 -1
0.1 289 676 -1
0.1 292 293 -1
0.1 677 678 -1
0.1 295 296 -1
0.1 294 680 -1
0.1 679 681 -1
0.1 682 297 -1
0.1 288 683 -1
0.1 299 300 -1
0.1 298 685 -1
0.1 686 301 -1
0.1 302 303 -1
0.1 306 307 -1
0.1 305 689 -1
0.1 690 308 -1
0.1 304 691 -1
0.1 309 310 -1
0.1 692 693 -1
0.1 694 311 -1
0.1 688 695 -1
0.1 313 314 -1
0.1 315 316 -1
0.1 698 317 -1
0.1 697 699 -1
0.1 312 700 -1
0.1 696 701 -1
0.1 318 319 -1
0.1 320 321 -1
0.1 324 325 -1
0.1 323 705 -1
0.1 322 706 -1
0.1 326 327 -1
0.1 328 329 -1
0.1 708 709 -1
0.1 707 710 -1
0.1 704 711 -1
0.1 703 712 -1
0.1 330 331 -1
0.1 714 332 -1
0.1 334 335 -1
0.1 333 716 -1
0.1 715 717 -1
0.1 713 718 -1
0.1 338 339 -1
0.1 337 720 -1
0.1 336 721 -1
0.1 719 722 -1
0.1 340 341 -1
0.1 342 343 -1
0.1 724 725 -1
0.1 345 346 -1
0.1 344 727 -1
0.1 728 347 -1
0.1 726 729 -1
0.1 723 730 -1
0.1 348 349 -1
0.1 350 351 -1
0.1 353 354 -1
0.1 734 355 -1
0.1 352 735 -1
0.1 356 357 -1
0.1 736 737 -1
0.1 733 738 -1
0.1 732 739 -1
0.1 731 740 -1
0.1 702 741 -1
0.1 687 742 -1
0.1 684 743 -1
0.1 287 744 -1
0.1 675 745 -1
0.1 267 746 -1
0.1 266 747 -1
0.1 358 359 -1
0.1 749 360 -1
0.1 361 362 -1
0.1 363 364 -1
0.1 751 752 -1
0.1 366 367 -1
0.1 365 754 -1
0.1 753 755 -1
0.1 750 756 -1
0.1 748 757 -1
0.1 657 758 -1
0.1 369 370 -1
0.1 760 371 -1
0.1 373 374 -1
0.1 372 762 -1
0.1 377 378 -1
0.1 376 764 -1
0.1 375 765 -1
0.1 763 766 -1
0.1 761 767 -1
0.1 368 768 -1
0.1 759 769 -1
0.1 654 770 -1
0.1 382 383 -1
0.1 381 772 -1
0.1 384 385 -1
0.1 773 774 -1
0.1 380 775 -1
0.1 379 776 -1
0.1 387 388 -1
0.1 386 778 -1
0.1 777 779 -1
0.1 771 780 -1
0.1 652 781 -1
0.1 782 389 -1
0.1 633 783 -1
0.1 625 784 -1
0.1 785 390 -1
0.1 619 786 -1
0.1 391 392 -1
0.1 788 393 -1
0.1 789 394 -1
0.1 397 398 -1
0.1 396 791 -1
0.1 792 399 -1
0.1 395 793 -1
0.1 790 794 -1
0.1 795 400 -1
0.1 787 796 -1
0.1 618 797 -1
0.1 549 798 -1
