1 0 0 1
1 0 0 1
1 0 0 1
1 0 0 1
1 0 0 1
1 0 0 2
1 0 0 3
1 0 0 3
1 0 0 3
1 0 0 3
1 0 0 3
1 0 0 3
1 0 0 3
1 0 0 3
1 0 0 3
1 0 0 3
1 0 0 3
1 0 0 3
1 0 0 3
1 0 0 3
1 0 0 3
1 0 0 3
1 0 0 3
1 0 0 3
1 0 0 3
1 0 0 3
1 0 0 2
1 0 0 2
1 0 0 2
1 0 0 2
1 0 0 2
1 0 0 2
1 0 0 2
1 0 0 2
1 0 0 2
1 0 0 2
1 0 0 2
1 0 0 2
1 0 0 2
1 0 0 2
1 0 0 2
1 0 0 2
1 0 0 2
1 0 0 2
1 0 0 2
1 0 0 4
1 0 0 4
1 0 0 4
1 0 0 4
1 0 0 4
1 0 0 4
1 0 0 4
1 0 0 4
1 0 0 4
1 0 0 4
1 0 0 4
1 0 0 4
1 0 0 4
1 0 0 4
1 0 0 4
1 0 0 4
1 0 0 4
1 0 0 4
1 0 0 4
1 0 0 4
1 0 0 1
1 0 0 1
1 0 0 5
1 0 0 5
1 0 0 5
1 0 0 5
1 0 0 5
1 0 0 5
1 0 0 5
1 0 0 5
1 0 0 5
1 0 0 5
1 0 0 5
1 0 0 5
1 0 0 5
1 0 0 5
1 0 0 5
1 0 0 5
1 0 0 5
1 0 0 5
1 0 0 5
1 0 0 5
1 0 0 1
1 0 0 1
1 0 0 1
1 0 0 1
1 0 0 1
1 0 0 1
1 0 0 6
1 0 0 6
1 0 0 6
1 0 0 6
1 0 0 6
1 0 0 6
1 0 0 6
1 0 0 6
1 0 0 7
1 0 0 7
1 0 0 7
1 0 0 7
1 0 0 7
1 0 0 7
1 0 0 7
1 0 0 7
1 0 0 7
1 0 0 7
1 0 0 7
1 0 0 7
1 0 0 7
1 0 0 7
1 0 0 7
1 0 0 7
1 0 0 7
1 0 0 7
1 0 0 7
1 0 0 7
1 0 0 6
1 0 0 6
1 0 0 6
1 0 0 6
1 0 0 6
1 0 0 6
1 0 0 6
1 0 0 6
1 0 0 6
1 0 0 6
1 0 0 6
1 0 0 6
1 0 0 1
1 0 0 1
1 0 0 8
1 0 0 8
1 0 0 8
1 0 0 8
1 0 0 8
1 0 0 8
1 0 0 8
1 0 0 9
1 0 0 9
1 0 0 9
1 0 0 9
1 0 0 9
1 0 0 9
1 0 0 9
1 0 0 9
1 0 0 9
1 0 0 9
1 0 0 9
1 0 0 9
1 0 0 9
1 0 0 9
1 0 0 9
1 0 0 9
1 0 0 9
1 0 0 9
1 0 0 9
1 0 0 9
1 0 0 8
1 0 0 8
1 0 0 8
1 0 0 8
1 0 0 8
1 0 0 8
1 0 0 8
1 0 0 8
1 0 0 8
1 0 0 8
1 0 0 8
1 0 0 8
1 0 0 8
1 0 0 1
1 0 0 1
1 0 0 1
1 0 0 10
1 0 0 10
1 0 0 10
1 0 0 10
1 0 0 10
1 0 0 10
1 0 0 10
1 0 0 10
1 0 0 10
1 0 0 10
1 0 0 10
1 0 0 10
1 0 0 10
1 0 0 10
1 0 0 10
1 0 0 10
1 0 0 10
1 0 0 10
1 0 0 10
1 0 0 10
1 0 0 1
1 0 0 1
1 0 0 11
1 0 0 11
1 0 0 11
1 0 0 11
1 0 0 11
1 0 0 11
1 0 0 11
1 0 0 11
1 0 0 11
1 0 0 11
1 0 0 11
1 0 0 11
1 0 0 11
1 0 0 11
1 0 0 11
1 0 0 11
1 0 0 11
1 0 0 11
1 0 0 11
1 0 0 11
0.1 1 2 -1
0.1 4 5 -1
0.1 3 222 -1
0.1 221 223 -1
0.1 7 8 -1
0.1 11 12 -1
0.1 10 226 -1
0.1 227 13 -1
0.1 9 228 -1
0.1 225 229 -1
0.1 14 15 -1
0.1 16 17 -1
0.1 231 232 -1
0.1 19 20 -1
0.1 22 23 -1
0.1 21 235 -1
0.1 234 236 -1
0.1 237 24 -1
0.1 25 26 -1
0.1 238 239 -1
0.1 18 240 -1
0.1 233 241 -1
0.1 230 242 -1
0.1 27 28 -1
0.1 29 30 -1
0.1 31 32 -1
0.1 245 246 -1
0.1 244 247 -1
0.1 243 248 -1
0.1 6 249 -1
0.1 250 33 -1
0.1 34 35 -1
0.1 37 38 -1
0.1 36 253 -1
0.1 254 39 -1
0.1 255 40 -1
0.1 256 41 -1
0.1 257 42 -1
0.1 43 44 -1
0.1 258 259 -1
0.1 252 260 -1
0.1 251 261 -1
0.1 46 47 -1
0.1 49 50 -1
0.1 48 264 -1
0.1 52 53 -1
0.1 51 266 -1
0.1 267 54 -1
0.1 265 268 -1
0.1 55 56 -1
0.1 57 58 -1
0.1 59 60 -1
0.1 271 272 -1
0.1 270 273 -1
0.1 269 274 -1
0.1 263 275 -1
0.1 45 276 -1
0.1 262 277 -1
0.1 224 278 -1
0.1 61 62 -1
0.1 64 65 -1
0.1 63 281 -1
0.1 280 282 -1
0.1 66 67 -1
0.1 283 284 -1
0.1 68 69 -1
0.1 286 70 -1
0.1 73 74 -1
0.1 72 288 -1
0.1 71 289 -1
0.1 290 75 -1
0.1 291 76 -1
0.1 287 292 -1
0.1 80 81 -1
0.1 79 294 -1
0.1 295 82 -1
0.1 78 296 -1
0.1 297 83 -1
0.1 298 84 -1
0.1 85 86 -1
0.1 300 87 -1
0.1 299 301 -1
0.1 77 302 -1
0.1 293 303 -1
0.1 88 89 -1
0.1 92 93 -1
0.1 91 306 -1
0.1 95 96 -1
0.1 94 308 -1
0.1 98 99 -1
0.1 97 310 -1
0.1 100 101 -1
0.1 311 312 -1
0.1 102 103 -1
0.1 104 105 -1
0.1 106 107 -1
0.1 315 316 -1
0.1 108 109 -1
0.1 110 111 -1
0.1 113 114 -1
0.1 112 320 -1
0.1 321 115 -1
0.1 118 119 -1
0.1 120 121 -1
0.1 323 324 -1
0.1 117 325 -1
0.1 116 326 -1
0.1 322 327 -1
0.1 319 328 -1
0.1 318 329 -1
0.1 317 330 -1
0.1 314 331 -1
0.1 123 124 -1
0.1 122 333 -1
0.1 334 125 -1
0.1 332 335 -1
0.1 313 336 -1
0.1 309 337 -1
0.1 127 128 -1
0.1 339 129 -1
0.1 126 340 -1
0.1 341 130 -1
0.1 131 132 -1
0.1 342 343 -1
0.1 344 133 -1
0.1 338 345 -1
0.1 346 134 -1
0.1 347 135 -1
0.1 307 348 -1
0.1 137 138 -1
0.1 136 350 -1
0.1 139 140 -1
0.1 141 142 -1
0.1 352 353 -1
0.1 351 354 -1
0.1 143 144 -1
0.1 148 149 -1
0.1 150 151 -1
0.1 152 153 -1
0.1 358 359 -1
0.1 357 360 -1
0.1 147 361 -1
0.1 146 362 -1
0.1 145 363 -1
0.1 356 364 -1
0.1 154 155 -1
0.1 156 157 -1
0.1 366 367 -1
0.1 159 160 -1
0.1 161 162 -1
0.1 369 370 -1
0.1 158 371 -1
0.1 368 372 -1
0.1 365 373 -1
0.1 163 164 -1
0.1 165 166 -1
0.1 376 167 -1
0.1 375 377 -1
0.1 168 169 -1
0.1 172 173 -1
0.1 171 380 -1
0.1 174 175 -1
0.1 381 382 -1
0.1 170 383 -1
0.1 379 384 -1
0.1 378 385 -1
0.1 374 386 -1
0.1 355 387 -1
0.1 349 388 -1
0.1 90 389 -1
0.1 305 390 -1
0.1 391 176 -1
0.1 179 180 -1
0.1 393 181 -1
0.1 182 183 -1
0.1 185 186 -1
0.1 188 189 -1
0.1 187 397 -1
0.1 396 398 -1
0.1 399 190 -1
0.1 184 400 -1
0.1 395 401 -1
0.1 194 195 -1
0.1 193 403 -1
0.1 192 404 -1
0.1 405 196 -1
0.1 197 198 -1
0.1 406 407 -1
0.1 191 408 -1
0.1 402 409 -1
0.1 394 410 -1
0.1 178 411 -1
0.1 177 412 -1
0.1 199 200 -1
0.1 413 414 -1
0.1 392 415 -1
0.1 304 416 -1
0.1 202 203 -1
0.1 201 418 -1
0.1 205 206 -1
0.1 420 207 -1
0.1 421 208 -1
0.1 210 211 -1
0.1 209 423 -1
0.1 422 424 -1
0.1 204 425 -1
0.1 212 213 -1
0.1 215 216 -1
0.1 214 428 -1
0.1 427 429 -1
0.1 219 220 -1
0.1 218 431 -1
0.1 217 432 -1
0.1 430 433 -1
0.1 426 434 -1
0.1 419 435 -1
0.1 417 436 -1
0.1 285 437 -1
0.1 279 438 -1
