1 0 0 1
1 0 0 2
1 0 0 2
1 0 0 2
1 0 0 2
1 0 0 2
1 0 0 2
1 0 0 2
1 0 0 2
1 0 0 2
1 0 0 2
1 0 0 2
1 0 0 2
1 0 0 2
1 0 0 2
1 0 0 2
1 0 0 2
1 0 0 2
1 0 0 2
1 0 0 2
1 0 0 2
1 0 0 1
1 0 0 1
1 0 0 1
1 0 0 1
1 0 0 1
1 0 0 1
1 0 0 1
1 0 0 1
1 0 0 1
1 0 0 1
1 0 0 1
1 0 0 3
1 0 0 3
1 0 0 3
1 0 0 3
1 0 0 3
1 0 0 3
1 0 0 3
1 0 0 3
1 0 0 3
1 0 0 3
1 0 0 3
1 0 0 3
1 0 0 3
1 0 0 3
1 0 0 3
1 0 0 3
1 0 0 3
1 0 0 3
1 0 0 3
1 0 0 3
1 0 0 1
1 0 0 1
1 0 0 1
1 0 0 1
1 0 0 1
1 0 0 1
1 0 0 1
1 0 0 1
1 0 0 4
1 0 0 4
1 0 0 4
1 0 0 4
1 0 0 4
1 0 0 5
1 0 0 5
1 0 0 5
1 0 0 5
1 0 0 5
1 0 0 5
1 0 0 5
1 0 0 5
1 0 0 5
1 0 0 5
1 0 0 5
1 0 0 5
1 0 0 5
1 0 0 5
1 0 0 5
1 0 0 5
1 0 0 5
1 0 0 5
1 0 0 5
1 0 0 5
1 0 0 4
1 0 0 4
1 0 0 6
1 0 0 6
1 0 0 6
1 0 0 6
1 0 0 6
1 0 0 6
1 0 0 6
1 0 0 7
1 0 0 7
1 0 0 7
1 0 0 7
1 0 0 7
1 0 0 7
1 0 0 7
1 0 0 7
1 0 0 7
1 0 0 7
1 0 0 7
1 0 0 7
1 0 0 7
1 0 0 7
1 0 0 7
1 0 0 7
1 0 0 7
1 0 0 7
1 0 0 7
1 0 0 7
1 0 0 6
1 0 0 6
1 0 0 6
1 0 0 6
1 0 0 6
1 0 0 6
1 0 0 6
1 0 0 6
1 0 0 6
1 0 0 6
1 0 0 6
1 0 0 6
1 0 0 6
1 0 0 4
1 0 0 4
1 0 0 4
1 0 0 4
1 0 0 4
1 0 0 8
1 0 0 8
1 0 0 8
1 0 0 9
1 0 0 9
1 0 0 9
1 0 0 9
1 0 0 9
1 0 0 9
1 0 0 9
1 0 0 9
1 0 0 9
1 0 0 9
1 0 0 9
1 0 0 9
1 0 0 9
1 0 0 9
1 0 0 9
1 0 0 9
1 0 0 9
1 0 0 9
1 0 0 9
1 0 0 9
1 0 0 8
1 0 0 8
1 0 0 8
1 0 0 8
1 0 0 8
1 0 0 8
1 0 0 8
1 0 0 8
1 0 0 8
1 0 0 8
1 0 0 8
1 0 0 8
1 0 0 8
1 0 0 8
1 0 0 8
1 0 0 8
1 0 0 8
1 0 0 4
1 0 0 4
1 0 0 4
1 0 0 4
1 0 0 10
1 0 0 10
1 0 0 10
1 0 0 10
1 0 0 10
1 0 0 10
1 0 0 10
1 0 0 10
1 0 0 10
1 0 0 10
1 0 0 10
1 0 0 10
1 0 0 10
1 0 0 10
1 0 0 10
1 0 0 10
1 0 0 10
1 0 0 10
1 0 0 10
1 0 0 10
1 0 0 4
1 0 0 11
1 0 0 11
1 0 0 11
1 0 0 11
1 0 0 11
1 0 0 11
1 0 0 11
1 0 0 11
1 0 0 11
1 0 0 11
1 0 0 11
1 0 0 11
1 0 0 11
1 0 0 11
1 0 0 11
1 0 0 11
1 0 0 11
1 0 0 11
1 0 0 11
1 0 0 11
1 0 0 4
1 0 0 4
1 0 0 4
0.1 3 4 -1
0.1 2 221 -1
0.1 5 6 -1
0.1 223 7 -1
0.1 222 224 -1
0.1 8 9 -1
0.1 226 10 -1
0.1 11 12 -1
0.1 228 13 -1
0.1 229 14 -1
0.1 227 230 -1
0.1 225 231 -1
0.1 15 16 -1
0.1 17 18 -1
0.1 20 21 -1
0.1 19 235 -1
0.1 234 236 -1
0.1 233 237 -1
0.1 232 238 -1
0.1 1 239 -1
0.1 22 23 -1
0.1 24 25 -1
0.1 242 26 -1
0.1 243 27 -1
0.1 244 28 -1
0.1 29 30 -1
0.1 245 246 -1
0.1 31 32 -1
0.1 247 248 -1
0.1 241 249 -1
0.1 33 34 -1
0.1 35 36 -1
0.1 251 252 -1
0.1 37 38 -1
0.1 39 40 -1
0.1 255 41 -1
0.1 254 256 -1
0.1 43 44 -1
0.1 42 258 -1
0.1 259 45 -1
0.1 257 260 -1
0.1 253 261 -1
0.1 50 51 -1
0.1 49 263 -1
0.1 48 264 -1
0.1 265 52 -1
0.1 47 266 -1
0.1 46 267 -1
0.1 262 268 -1
0.1 53 54 -1
0.1 270 55 -1
0.1 56 57 -1
0.1 58 59 -1
0.1 272 273 -1
0.1 271 274 -1
0.1 275 60 -1
0.1 269 276 -1
0.1 250 277 -1
0.1 240 278 -1
0.1 61 62 -1
0.1 63 64 -1
0.1 281 65 -1
0.1 280 282 -1
0.1 67 68 -1
0.1 66 284 -1
0.1 70 71 -1
0.1 69 286 -1
0.1 287 72 -1
0.1 73 74 -1
0.1 76 77 -1
0.1 75 290 -1
0.1 289 291 -1
0.1 288 292 -1
0.1 80 81 -1
0.1 79 294 -1
0.1 84 85 -1
0.1 83 296 -1
0.1 82 297 -1
0.1 295 298 -1
0.1 78 299 -1
0.1 293 300 -1
0.1 285 301 -1
0.1 283 302 -1
0.1 86 87 -1
0.1 303 304 -1
0.1 88 89 -1
0.1 306 90 -1
0.1 91 92 -1
0.1 93 94 -1
0.1 308 309 -1
0.1 307 310 -1
0.1 95 96 -1
0.1 99 100 -1
0.1 101 102 -1
0.1 103 104 -1
0.1 314 315 -1
0.1 313 316 -1
0.1 98 317 -1
0.1 97 318 -1
0.1 319 105 -1
0.1 312 320 -1
0.1 106 107 -1
0.1 108 109 -1
0.1 111 112 -1
0.1 110 324 -1
0.1 113 114 -1
0.1 325 326 -1
0.1 323 327 -1
0.1 322 328 -1
0.1 321 329 -1
0.1 116 117 -1
0.1 118 119 -1
0.1 332 120 -1
0.1 331 333 -1
0.1 115 334 -1
0.1 121 122 -1
0.1 335 336 -1
0.1 123 124 -1
0.1 338 125 -1
0.1 126 127 -1
0.1 339 340 -1
0.1 337 341 -1
0.1 330 342 -1
0.1 311 343 -1
0.1 129 130 -1
0.1 128 345 -1
0.1 344 346 -1
0.1 134 135 -1
0.1 133 348 -1
0.1 136 137 -1
0.1 138 139 -1
0.1 140 141 -1
0.1 351 352 -1
0.1 142 143 -1
0.1 353 354 -1
0.1 144 145 -1
0.1 356 146 -1
0.1 357 147 -1
0.1 150 151 -1
0.1 152 153 -1
0.1 359 360 -1
0.1 149 361 -1
0.1 148 362 -1
0.1 358 363 -1
0.1 154 155 -1
0.1 364 365 -1
0.1 355 366 -1
0.1 350 367 -1
0.1 157 158 -1
0.1 160 161 -1
0.1 159 370 -1
0.1 369 371 -1
0.1 156 372 -1
0.1 368 373 -1
0.1 349 374 -1
0.1 163 164 -1
0.1 162 376 -1
0.1 375 377 -1
0.1 165 166 -1
0.1 379 167 -1
0.1 171 172 -1
0.1 170 381 -1
0.1 169 382 -1
0.1 168 383 -1
0.1 380 384 -1
0.1 378 385 -1
0.1 132 386 -1
0.1 131 387 -1
0.1 347 388 -1
0.1 174 175 -1
0.1 173 390 -1
0.1 389 391 -1
0.1 179 180 -1
0.1 178 393 -1
0.1 177 394 -1
0.1 395 181 -1
0.1 182 183 -1
0.1 396 397 -1
0.1 398 184 -1
0.1 185 186 -1
0.1 188 189 -1
0.1 190 191 -1
0.1 402 192 -1
0.1 401 403 -1
0.1 404 193 -1
0.1 187 405 -1
0.1 400 406 -1
0.1 399 407 -1
0.1 194 195 -1
0.1 409 196 -1
0.1 408 410 -1
0.1 176 411 -1
0.1 412 197 -1
0.1 392 413 -1
0.1 202 203 -1
0.1 201 415 -1
0.1 200 416 -1
0.1 199 417 -1
0.1 198 418 -1
0.1 204 205 -1
0.1 420 206 -1
0.1 419 421 -1
0.1 208 209 -1
0.1 423 210 -1
0.1 424 211 -1
0.1 207 425 -1
0.1 426 212 -1
0.1 214 215 -1
0.1 216 217 -1
0.1 428 429 -1
0.1 213 430 -1
0.1 427 431 -1
0.1 422 432 -1
0.1 433 218 -1
0.1 414 434 -1
0.1 219 220 -1
0.1 435 436 -1
0.1 305 437 -1
0.1 279 438 -1
