1 0 0 1
1 0 0 1
1 0 0 1
1 0 0 1
1 0 0 1
1 0 0 1
1 0 0 1
1 0 0 1
1 0 0 1
1 0 0 1
1 0 0 2
1 0 0 3
1 0 0 3
1 0 0 3
1 0 0 3
1 0 0 3
1 0 0 3
1 0 0 3
1 0 0 3
1 0 0 3
1 0 0 3
1 0 0 4
1 0 0 4
1 0 0 4
1 0 0 4
1 0 0 4
1 0 0 4
1 0 0 4
1 0 0 4
1 0 0 4
1 0 0 4
1 0 0 5
1 0 0 5
1 0 0 5
1 0 0 5
1 0 0 5
1 0 0 5
1 0 0 5
1 0 0 5
1 0 0 5
1 0 0 5
1 0 0 6
1 0 0 6
1 0 0 6
1 0 0 6
1 0 0 6
1 0 0 6
1 0 0 6
1 0 0 6
1 0 0 6
1 0 0 6
1 0 0 2
1 0 0 2
1 0 0 2
1 0 0 2
1 0 0 2
1 0 0 2
1 0 0 2
1 0 0 2
1 0 0 2
1 0 0 7
1 0 0 7
1 0 0 7
1 0 0 7
1 0 0 7
1 0 0 7
1 0 0 7
1 0 0 7
1 0 0 7
1 0 0 7
1 0 0 8
1 0 0 8
1 0 0 8
1 0 0 8
1 0 0 8
1 0 0 8
1 0 0 8
1 0 0 8
1 0 0 8
1 0 0 8
1 0 0 9
1 0 0 9
1 0 0 9
1 0 0 9
1 0 0 9
1 0 0 10
1 0 0 10
1 0 0 10
1 0 0 10
1 0 0 10
1 0 0 10
1 0 0 10
1 0 0 10
1 0 0 10
1 0 0 10
1 0 0 11
1 0 0 11
1 0 0 11
1 0 0 11
1 0 0 11
1 0 0 11
1 0 0 11
1 0 0 11
1 0 0 11
1 0 0 11
1 0 0 9
1 0 0 9
1 0 0 9
1 0 0 9
1 0 0 9
0.1 2 3 -1
0.1 5 6 -1
0.1 4 112 -1
0.1 7 8 -1
0.1 9 10 -1
0.1 114 115 -1
0.1 113 116 -1
0.1 111 117 -1
0.1 1 118 -1
0.1 12 13 -1
0.1 14 15 -1
0.1 120 121 -1
0.1 20 21 -1
0.1 19 123 -1
0.1 18 124 -1
0.1 17 125 -1
0.1 16 126 -1
0.1 122 127 -1
0.1 22 23 -1
0.1 129 24 -1
0.1 25 26 -1
0.1 131 27 -1
0.1 30 31 -1
0.1 29 133 -1
0.1 28 134 -1
0.1 132 135 -1
0.1 130 136 -1
0.1 33 34 -1
0.1 138 35 -1
0.1 32 139 -1
0.1 137 140 -1
0.1 37 38 -1
0.1 39 40 -1
0.1 143 41 -1
0.1 142 144 -1
0.1 36 145 -1
0.1 141 146 -1
0.1 128 147 -1
0.1 43 44 -1
0.1 46 47 -1
0.1 45 150 -1
0.1 149 151 -1
0.1 42 152 -1
0.1 48 49 -1
0.1 50 51 -1
0.1 154 155 -1
0.1 153 156 -1
0.1 157 52 -1
0.1 148 158 -1
0.1 53 54 -1
0.1 159 160 -1
0.1 11 161 -1
0.1 119 162 -1
0.1 55 56 -1
0.1 58 59 -1
0.1 57 165 -1
0.1 166 60 -1
0.1 164 167 -1
0.1 163 168 -1
0.1 61 62 -1
0.1 65 66 -1
0.1 64 171 -1
0.1 67 68 -1
0.1 172 173 -1
0.1 174 69 -1
0.1 175 70 -1
0.1 63 176 -1
0.1 170 177 -1
0.1 71 72 -1
0.1 73 74 -1
0.1 180 75 -1
0.1 181 76 -1
0.1 78 79 -1
0.1 77 183 -1
0.1 182 184 -1
0.1 185 80 -1
0.1 179 186 -1
0.1 178 187 -1
0.1 188 81 -1
0.1 82 83 -1
0.1 189 190 -1
0.1 84 85 -1
0.1 89 90 -1
0.1 88 193 -1
0.1 91 92 -1
0.1 194 195 -1
0.1 87 196 -1
0.1 86 197 -1
0.1 94 95 -1
0.1 93 199 -1
0.1 198 200 -1
0.1 99 100 -1
0.1 102 103 -1
0.1 101 203 -1
0.1 104 105 -1
0.1 204 205 -1
0.1 202 206 -1
0.1 98 207 -1
0.1 97 208 -1
0.1 96 209 -1
0.1 201 210 -1
0.1 211 106 -1
0.1 108 109 -1
0.1 107 213 -1
0.1 214 110 -1
0.1 212 215 -1
0.1 192 216 -1
0.1 191 217 -1
0.1 169 218 -1
