1 0 0 1
1 0 0 1
1 0 0 1
1 0 0 1
1 0 0 1
1 0 0 2
1 0 0 2
1 0 0 2
1 0 0 1
1 0 0 1
1 0 0 1
1 0 0 2
1 0 0 1
1 0 0 1
1 0 0 2
1 0 0 2
1 0 0 2
1 0 0 2
1 0 0 2
1 0 0 2
1 0 0 3
1 0 0 3
1 0 0 3
1 0 0 4
1 0 0 4
1 0 0 4
1 0 0 4
1 0 0 4
1 0 0 4
1 0 0 4
1 0 0 4
1 0 0 4
1 0 0 4
1 0 0 5
1 0 0 5
1 0 0 5
1 0 0 3
1 0 0 5
1 0 0 5
1 0 0 5
1 0 0 5
1 0 0 5
1 0 0 5
1 0 0 3
1 0 0 5
1 0 0 3
1 0 0 6
1 0 0 3
1 0 0 6
1 0 0 6
1 0 0 6
1 0 0 6
1 0 0 6
1 0 0 6
1 0 0 6
1 0 0 6
1 0 0 6
1 0 0 3
1 0 0 3
1 0 0 3
1 0 0 7
1 0 0 7
1 0 0 7
1 0 0 7
1 0 0 7
1 0 0 7
1 0 0 7
1 0 0 7
1 0 0 7
1 0 0 7
0.1 2 3 -1
0.1 4 5 -1
0.1 71 72 -1
0.1 7 8 -1
0.1 6 74 -1
0.1 10 11 -1
0.1 9 76 -1
0.1 75 77 -1
0.1 13 14 -1
0.1 79 15 -1
0.1 80 16 -1
0.1 12 81 -1
0.1 19 20 -1
0.1 18 83 -1
0.1 17 84 -1
0.1 82 85 -1
0.1 78 86 -1
0.1 73 87 -1
0.1 1 88 -1
0.1 22 23 -1
0.1 24 25 -1
0.1 27 28 -1
0.1 26 92 -1
0.1 93 29 -1
0.1 91 94 -1
0.1 30 31 -1
0.1 96 32 -1
0.1 97 33 -1
0.1 95 98 -1
0.1 35 36 -1
0.1 34 100 -1
0.1 101 37 -1
0.1 38 39 -1
0.1 41 42 -1
0.1 104 43 -1
0.1 40 105 -1
0.1 103 106 -1
0.1 45 46 -1
0.1 44 108 -1
0.1 49 50 -1
0.1 110 51 -1
0.1 48 111 -1
0.1 52 53 -1
0.1 54 55 -1
0.1 113 114 -1
0.1 112 115 -1
0.1 47 116 -1
0.1 117 56 -1
0.1 118 57 -1
0.1 109 119 -1
0.1 58 59 -1
0.1 120 121 -1
0.1 107 122 -1
0.1 102 123 -1
0.1 99 124 -1
0.1 125 60 -1
0.1 90 126 -1
0.1 21 127 -1
0.1 61 62 -1
0.1 64 65 -1
0.1 66 67 -1
0.1 131 68 -1
0.1 130 132 -1
0.1 63 133 -1
0.1 129 134 -1
0.1 128 135 -1
0.1 136 69 -1
0.1 137 70 -1
0.1 89 138 -1
