1 0 0 1
1 0 0 1
1 0 0 1
1 0 0 1
1 0 0 1
1 0 0 1
1 0 0 2
1 0 0 2
1 0 0 2
1 0 0 2
1 0 0 3
1 0 0 3
1 0 0 3
1 0 0 3
1 0 0 3
1 0 0 3
1 0 0 3
1 0 0 3
1 0 0 3
1 0 0 3
1 0 0 2
1 0 0 2
1 0 0 2
1 0 0 2
1 0 0 2
1 0 0 2
1 0 0 1
1 0 0 1
1 0 0 4
1 0 0 4
1 0 0 4
1 0 0 4
1 0 0 4
1 0 0 4
1 0 0 4
1 0 0 4
1 0 0 5
1 0 0 5
1 0 0 5
1 0 0 6
1 0 0 6
1 0 0 6
1 0 0 6
1 0 0 6
1 0 0 5
1 0 0 5
1 0 0 5
1 0 0 5
1 0 0 5
1 0 0 5
1 0 0 5
1 0 0 6
1 0 0 6
1 0 0 6
1 0 0 6
1 0 0 6
1 0 0 4
1 0 0 4
1 0 0 1
1 0 0 7
1 0 0 7
1 0 0 7
1 0 0 7
1 0 0 7
1 0 0 7
1 0 0 7
1 0 0 7
1 0 0 7
1 0 0 7
1 0 0 1
0.1 4 5 -1
0.1 71 6 -1
0.1 3 72 -1
0.1 2 73 -1
0.1 7 8 -1
0.1 9 10 -1
0.1 75 76 -1
0.1 12 13 -1
0.1 11 78 -1
0.1 14 15 -1
0.1 79 80 -1
0.1 17 18 -1
0.1 19 20 -1
0.1 82 83 -1
0.1 16 84 -1
0.1 81 85 -1
0.1 77 86 -1
0.1 23 24 -1
0.1 22 88 -1
0.1 89 25 -1
0.1 21 90 -1
0.1 91 26 -1
0.1 87 92 -1
0.1 74 93 -1
0.1 1 94 -1
0.1 27 28 -1
0.1 30 31 -1
0.1 33 34 -1
0.1 32 98 -1
0.1 99 35 -1
0.1 100 36 -1
0.1 37 38 -1
0.1 102 39 -1
0.1 43 44 -1
0.1 42 104 -1
0.1 41 105 -1
0.1 40 106 -1
0.1 107 45 -1
0.1 103 108 -1
0.1 109 46 -1
0.1 48 49 -1
0.1 47 111 -1
0.1 50 51 -1
0.1 112 113 -1
0.1 110 114 -1
0.1 115 52 -1
0.1 53 54 -1
0.1 117 55 -1
0.1 118 56 -1
0.1 116 119 -1
0.1 120 57 -1
0.1 121 58 -1
0.1 101 122 -1
0.1 97 123 -1
0.1 29 124 -1
0.1 63 64 -1
0.1 62 126 -1
0.1 61 127 -1
0.1 60 128 -1
0.1 65 66 -1
0.1 67 68 -1
0.1 131 69 -1
0.1 130 132 -1
0.1 129 133 -1
0.1 59 134 -1
0.1 135 70 -1
0.1 125 136 -1
0.1 96 137 -1
0.1 95 138 -1
