1 0 0 1
1 0 0 1
1 0 0 1
1 0 0 1
1 0 0 1
1 0 0 1
1 0 0 2
1 0 0 2
1 0 0 2
1 0 0 2
1 0 0 2
1 0 0 2
1 0 0 2
1 0 0 3
1 0 0 3
1 0 0 3
1 0 0 3
1 0 0 3
1 0 0 3
1 0 0 3
1 0 0 3
1 0 0 3
1 0 0 3
1 0 0 2
1 0 0 2
1 0 0 2
1 0 0 1
1 0 0 1
1 0 0 4
1 0 0 4
1 0 0 4
1 0 0 4
1 0 0 4
1 0 0 4
1 0 0 4
1 0 0 4
1 0 0 4
1 0 0 4
1 0 0 5
1 0 0 5
1 0 0 5
1 0 0 5
1 0 0 5
1 0 0 6
1 0 0 6
1 0 0 6
1 0 0 6
1 0 0 6
1 0 0 6
1 0 0 6
1 0 0 6
1 0 0 6
1 0 0 6
1 0 0 5
1 0 0 1
1 0 0 1
1 0 0 7
1 0 0 7
1 0 0 7
1 0 0 7
1 0 0 7
1 0 0 7
1 0 0 7
1 0 0 7
1 0 0 7
1 0 0 7
1 0 0 5
1 0 0 5
1 0 0 5
1 0 0 5
0.1 3 4 -1
0.1 71 5 -1
0.1 11 12 -1
0.1 10 73 -1
0.1 9 74 -1
0.1 8 75 -1
0.1 7 76 -1
0.1 15 16 -1
0.1 78 17 -1
0.1 18 19 -1
0.1 79 80 -1
0.1 14 81 -1
0.1 20 21 -1
0.1 82 83 -1
0.1 84 22 -1
0.1 85 23 -1
0.1 13 86 -1
0.1 25 26 -1
0.1 24 88 -1
0.1 87 89 -1
0.1 77 90 -1
0.1 6 91 -1
0.1 72 92 -1
0.1 2 93 -1
0.1 1 94 -1
0.1 27 28 -1
0.1 33 34 -1
0.1 32 97 -1
0.1 98 35 -1
0.1 31 99 -1
0.1 36 37 -1
0.1 100 101 -1
0.1 102 38 -1
0.1 30 103 -1
0.1 29 104 -1
0.1 40 41 -1
0.1 39 106 -1
0.1 107 42 -1
0.1 108 43 -1
0.1 46 47 -1
0.1 45 110 -1
0.1 44 111 -1
0.1 49 50 -1
0.1 51 52 -1
0.1 113 114 -1
0.1 115 53 -1
0.1 48 116 -1
0.1 112 117 -1
0.1 109 118 -1
0.1 119 54 -1
0.1 58 59 -1
0.1 121 60 -1
0.1 57 122 -1
0.1 123 61 -1
0.1 62 63 -1
0.1 125 64 -1
0.1 65 66 -1
0.1 126 127 -1
0.1 124 128 -1
0.1 56 129 -1
0.1 55 130 -1
0.1 131 67 -1
0.1 68 69 -1
0.1 133 70 -1
0.1 132 134 -1
0.1 120 135 -1
0.1 105 136 -1
0.1 96 137 -1
0.1 95 138 -1
