1 0 0 1
1 0 0 1
1 0 0 1
1 0 0 1
1 0 0 2
1 0 0 2
1 0 0 3
1 0 0 3
1 0 0 3
1 0 0 3
1 0 0 3
1 0 0 3
1 0 0 4
1 0 0 4
1 0 0 4
1 0 0 4
1 0 0 4
1 0 0 4
1 0 0 4
1 0 0 4
1 0 0 4
1 0 0 4
1 0 0 3
1 0 0 5
1 0 0 5
1 0 0 5
1 0 0 5
1 0 0 5
1 0 0 5
1 0 0 5
1 0 0 5
1 0 0 5
1 0 0 5
1 0 0 2
1 0 0 2
1 0 0 2
1 0 0 2
1 0 0 2
1 0 0 2
1 0 0 2
1 0 0 2
1 0 0 3
1 0 0 3
1 0 0 3
1 0 0 1
1 0 0 1
1 0 0 6
1 0 0 6
1 0 0 6
1 0 0 6
1 0 0 6
1 0 0 6
1 0 0 6
1 0 0 6
1 0 0 6
1 0 0 6
1 0 0 1
1 0 0 1
1 0 0 7
1 0 0 7
1 0 0 7
1 0 0 7
1 0 0 7
1 0 0 8
1 0 0 8
1 0 0 8
1 0 0 8
1 0 0 8
1 0 0 8
1 0 0 8
1 0 0 8
1 0 0 8
1 0 0 8
1 0 0 7
1 0 0 7
1 0 0 7
1 0 0 7
1 0 0 7
1 0 0 1
1 0 0 1
0.1 3 4 -1
0.1 5 6 -1
0.1 7 8 -1
0.1 10 11 -1
0.1 9 84 -1
0.1 13 14 -1
0.1 16 17 -1
0.1 15 87 -1
0.1 19 20 -1
0.1 21 22 -1
0.1 89 90 -1
0.1 18 91 -1
0.1 88 92 -1
0.1 86 93 -1
0.1 12 94 -1
0.1 85 95 -1
0.1 83 96 -1
0.1 26 27 -1
0.1 25 98 -1
0.1 24 99 -1
0.1 28 29 -1
0.1 30 31 -1
0.1 101 102 -1
0.1 32 33 -1
0.1 103 104 -1
0.1 100 105 -1
0.1 23 106 -1
0.1 97 107 -1
0.1 35 36 -1
0.1 109 37 -1
0.1 39 40 -1
0.1 111 41 -1
0.1 38 112 -1
0.1 110 113 -1
0.1 34 114 -1
0.1 108 115 -1
0.1 43 44 -1
0.1 42 117 -1
0.1 116 118 -1
0.1 82 119 -1
0.1 81 120 -1
0.1 2 121 -1
0.1 122 45 -1
0.1 1 123 -1
0.1 49 50 -1
0.1 125 51 -1
0.1 52 53 -1
0.1 126 127 -1
0.1 128 54 -1
0.1 55 56 -1
0.1 129 130 -1
0.1 48 131 -1
0.1 47 132 -1
0.1 46 133 -1
0.1 60 61 -1
0.1 135 62 -1
0.1 59 136 -1
0.1 65 66 -1
0.1 64 138 -1
0.1 67 68 -1
0.1 140 69 -1
0.1 141 70 -1
0.1 72 73 -1
0.1 71 143 -1
0.1 142 144 -1
0.1 139 145 -1
0.1 63 146 -1
0.1 74 75 -1
0.1 77 78 -1
0.1 76 149 -1
0.1 148 150 -1
0.1 147 151 -1
0.1 137 152 -1
0.1 79 80 -1
0.1 153 154 -1
0.1 58 155 -1
0.1 57 156 -1
0.1 134 157 -1
0.1 124 158 -1
