1 0 0 1
1 0 0 2
1 0 0 2
1 0 0 2
1 0 0 3
1 0 0 3
1 0 0 3
1 0 0 3
1 0 0 3
1 0 0 3
1 0 0 3
1 0 0 3
1 0 0 3
1 0 0 3
1 0 0 2
1 0 0 2
1 0 0 2
1 0 0 4
1 0 0 4
1 0 0 4
1 0 0 4
1 0 0 4
1 0 0 4
1 0 0 4
1 0 0 4
1 0 0 4
1 0 0 4
1 0 0 2
1 0 0 5
1 0 0 5
1 0 0 5
1 0 0 5
1 0 0 5
1 0 0 5
1 0 0 5
1 0 0 5
1 0 0 5
1 0 0 5
1 0 0 2
1 0 0 6
1 0 0 6
1 0 0 6
1 0 0 6
1 0 0 6
1 0 0 6
1 0 0 6
1 0 0 6
1 0 0 6
1 0 0 6
1 0 0 7
1 0 0 7
1 0 0 7
1 0 0 7
1 0 0 7
1 0 0 7
1 0 0 7
1 0 0 7
1 0 0 7
1 0 0 7
1 0 0 2
1 0 0 2
1 0 0 1
1 0 0 1
1 0 0 1
1 0 0 1
1 0 0 1
1 0 0 1
1 0 0 1
1 0 0 1
1 0 0 1
1 0 0 8
1 0 0 9
1 0 0 9
1 0 0 9
1 0 0 9
1 0 0 9
1 0 0 10
1 0 0 10
1 0 0 10
1 0 0 10
1 0 0 10
1 0 0 10
1 0 0 10
1 0 0 10
1 0 0 10
1 0 0 10
1 0 0 8
1 0 0 8
1 0 0 8
1 0 0 8
1 0 0 8
1 0 0 8
1 0 0 11
1 0 0 11
1 0 0 11
1 0 0 11
1 0 0 11
1 0 0 11
1 0 0 11
1 0 0 11
1 0 0 11
1 0 0 11
1 0 0 8
1 0 0 8
1 0 0 9
1 0 0 9
1 0 0 8
1 0 0 9
1 0 0 9
1 0 0 9
0.1 3 4 -1
0.1 5 6 -1
0.1 7 8 -1
0.1 112 113 -1
0.1 10 11 -1
0.1 9 115 -1
0.1 114 116 -1
0.1 12 13 -1
0.1 118 14 -1
0.1 117 119 -1
0.1 120 15 -1
0.1 16 17 -1
0.1 121 122 -1
0.1 111 123 -1
0.1 2 124 -1
0.1 18 19 -1
0.1 126 20 -1
0.1 127 21 -1
0.1 24 25 -1
0.1 23 129 -1
0.1 26 27 -1
0.1 130 131 -1
0.1 22 132 -1
0.1 128 133 -1
0.1 134 28 -1
0.1 30 31 -1
0.1 34 35 -1
0.1 33 137 -1
0.1 32 138 -1
0.1 136 139 -1
0.1 29 140 -1
0.1 37 38 -1
0.1 36 142 -1
0.1 141 143 -1
0.1 40 41 -1
0.1 145 42 -1
0.1 43 44 -1
0.1 45 46 -1
0.1 147 148 -1
0.1 146 149 -1
0.1 47 48 -1
0.1 151 49 -1
0.1 150 152 -1
0.1 51 52 -1
0.1 50 154 -1
0.1 55 56 -1
0.1 54 156 -1
0.1 57 58 -1
0.1 158 59 -1
0.1 157 159 -1
0.1 53 160 -1
0.1 155 161 -1
0.1 153 162 -1
0.1 39 163 -1
0.1 144 164 -1
0.1 60 61 -1
0.1 165 166 -1
0.1 135 167 -1
0.1 125 168 -1
0.1 62 63 -1
0.1 169 170 -1
0.1 66 67 -1
0.1 65 172 -1
0.1 69 70 -1
0.1 68 174 -1
0.1 173 175 -1
0.1 64 176 -1
0.1 171 177 -1
0.1 1 178 -1
0.1 71 72 -1
0.1 180 73 -1
0.1 75 76 -1
0.1 74 182 -1
0.1 77 78 -1
0.1 184 79 -1
0.1 80 81 -1
0.1 83 84 -1
0.1 85 86 -1
0.1 187 188 -1
0.1 82 189 -1
0.1 186 190 -1
0.1 185 191 -1
0.1 87 88 -1
0.1 193 89 -1
0.1 91 92 -1
0.1 90 195 -1
0.1 194 196 -1
0.1 192 197 -1
0.1 94 95 -1
0.1 93 199 -1
0.1 96 97 -1
0.1 200 201 -1
0.1 202 98 -1
0.1 100 101 -1
0.1 204 102 -1
0.1 99 205 -1
0.1 203 206 -1
0.1 103 104 -1
0.1 207 208 -1
0.1 198 209 -1
0.1 105 106 -1
0.1 210 211 -1
0.1 183 212 -1
0.1 181 213 -1
0.1 109 110 -1
0.1 108 215 -1
0.1 107 216 -1
0.1 214 217 -1
0.1 179 218 -1
