1 0 0 1
1 0 0 1
1 0 0 1
1 0 0 1
1 0 0 1
1 0 0 2
1 0 0 2
1 0 0 2
1 0 0 3
1 0 0 3
1 0 0 3
1 0 0 3
1 0 0 3
1 0 0 3
1 0 0 3
1 0 0 3
1 0 0 3
1 0 0 3
1 0 0 4
1 0 0 4
1 0 0 4
1 0 0 4
1 0 0 4
1 0 0 4
1 0 0 4
1 0 0 4
1 0 0 4
1 0 0 4
1 0 0 2
1 0 0 2
1 0 0 5
1 0 0 5
1 0 0 5
1 0 0 5
1 0 0 5
1 0 0 5
1 0 0 5
1 0 0 5
1 0 0 5
1 0 0 5
1 0 0 2
1 0 0 6
1 0 0 7
1 0 0 7
1 0 0 7
1 0 0 7
1 0 0 7
1 0 0 7
1 0 0 7
1 0 0 7
1 0 0 7
1 0 0 7
1 0 0 6
1 0 0 6
1 0 0 6
1 0 0 6
1 0 0 6
1 0 0 6
1 0 0 6
1 0 0 6
1 0 0 6
1 0 0 8
1 0 0 8
1 0 0 8
1 0 0 8
1 0 0 8
1 0 0 8
1 0 0 8
1 0 0 8
1 0 0 8
1 0 0 8
1 0 0 2
1 0 0 2
1 0 0 2
1 0 0 9
1 0 0 9
1 0 0 9
1 0 0 9
1 0 0 9
1 0 0 9
1 0 0 9
1 0 0 9
1 0 0 9
1 0 0 9
1 0 0 2
1 0 0 1
1 0 0 10
1 0 0 10
1 0 0 11
1 0 0 11
1 0 0 11
1 0 0 11
1 0 0 11
1 0 0 11
1 0 0 11
1 0 0 11
1 0 0 11
1 0 0 11
1 0 0 10
1 0 0 10
1 0 0 12
1 0 0 13
1 0 0 13
1 0 0 13
1 0 0 13
1 0 0 13
1 0 0 13
1 0 0 13
1 0 0 13
1 0 0 13
1 0 0 13
1 0 0 12
1 0 0 12
1 0 0 12
1 0 0 12
1 0 0 14
1 0 0 15
1 0 0 15
1 0 0 14
1 0 0 14
1 0 0 14
1 0 0 16
1 0 0 16
1 0 0 17
1 0 0 17
1 0 0 17
1 0 0 17
1 0 0 17
1 0 0 17
1 0 0 17
1 0 0 17
1 0 0 17
1 0 0 17
1 0 0 16
1 0 0 16
1 0 0 16
1 0 0 16
1 0 0 16
1 0 0 16
1 0 0 16
1 0 0 16
1 0 0 14
1 0 0 14
1 0 0 14
1 0 0 14
1 0 0 14
1 0 0 18
1 0 0 18
1 0 0 19
1 0 0 19
1 0 0 20
1 0 0 21
1 0 0 21
1 0 0 21
1 0 0 22
1 0 0 22
1 0 0 23
1 0 0 23
1 0 0 23
1 0 0 23
1 0 0 22
1 0 0 22
1 0 0 23
1 0 0 23
1 0 0 23
1 0 0 23
1 0 0 23
1 0 0 23
1 0 0 22
1 0 0 22
1 0 0 22
1 0 0 22
1 0 0 22
1 0 0 22
1 0 0 21
1 0 0 21
1 0 0 21
1 0 0 21
1 0 0 21
1 0 0 21
1 0 0 21
1 0 0 20
1 0 0 24
1 0 0 24
1 0 0 24
1 0 0 25
1 0 0 25
1 0 0 25
1 0 0 25
1 0 0 25
1 0 0 25
1 0 0 25
1 0 0 25
1 0 0 25
1 0 0 25
1 0 0 26
1 0 0 26
1 0 0 26
1 0 0 26
1 0 0 27
1 0 0 27
1 0 0 27
1 0 0 27
1 0 0 27
1 0 0 27
1 0 0 27
1 0 0 27
1 0 0 27
1 0 0 27
1 0 0 26
1 0 0 26
1 0 0 26
1 0 0 26
1 0 0 26
1 0 0 26
1 0 0 24
1 0 0 24
1 0 0 24
1 0 0 24
1 0 0 24
1 0 0 28
1 0 0 28
1 0 0 28
1 0 0 28
1 0 0 28
1 0 0 28
1 0 0 28
1 0 0 28
1 0 0 28
1 0 0 28
1 0 0 24
1 0 0 24
1 0 0 29
1 0 0 29
1 0 0 29
1 0 0 29
1 0 0 29
1 0 0 29
1 0 0 29
1 0 0 29
1 0 0 29
1 0 0 29
1 0 0 30
1 0 0 30
1 0 0 30
1 0 0 30
1 0 0 30
1 0 0 30
1 0 0 30
1 0 0 30
1 0 0 30
1 0 0 30
1 0 0 20
1 0 0 20
1 0 0 20
1 0 0 20
1 0 0 20
1 0 0 20
1 0 0 20
1 0 0 20
1 0 0 19
1 0 0 19
1 0 0 19
1 0 0 19
1 0 0 19
1 0 0 19
1 0 0 19
1 0 0 18
1 0 0 18
1 0 0 19
1 0 0 18
1 0 0 18
1 0 0 18
1 0 0 18
1 0 0 18
1 0 0 18
1 0 0 31
1 0 0 31
1 0 0 31
1 0 0 31
1 0 0 31
1 0 0 31
1 0 0 31
1 0 0 31
1 0 0 31
1 0 0 31
1 0 0 14
1 0 0 15
1 0 0 15
1 0 0 15
1 0 0 15
1 0 0 15
1 0 0 15
1 0 0 15
1 0 0 15
1 0 0 12
1 0 0 12
1 0 0 12
1 0 0 12
1 0 0 12
1 0 0 10
1 0 0 10
1 0 0 10
1 0 0 10
1 0 0 10
1 0 0 10
1 0 0 1
1 0 0 1
1 0 0 1
1 0 0 1
1 0 0 32
1 0 0 32
1 0 0 32
1 0 0 32
1 0 0 32
1 0 0 33
1 0 0 33
1 0 0 33
1 0 0 33
1 0 0 33
1 0 0 33
1 0 0 33
1 0 0 33
1 0 0 33
1 0 0 33
1 0 0 32
1 0 0 32
1 0 0 32
1 0 0 32
1 0 0 32
1 0 0 34
1 0 0 34
1 0 0 34
1 0 0 34
1 0 0 34
1 0 0 34
1 0 0 34
1 0 0 34
1 0 0 34
1 0 0 34
1 0 0 35
1 0 0 35
1 0 0 35
1 0 0 35
1 0 0 35
1 0 0 35
1 0 0 35
1 0 0 35
1 0 0 35
1 0 0 35
0.1 1 2 -1
0.1 3 4 -1
0.1 6 7 -1
0.1 10 11 -1
0.1 9 354 -1
0.1 355 12 -1
0.1 356 13 -1
0.1 15 16 -1
0.1 17 18 -1
0.1 358 359 -1
0.1 14 360 -1
0.1 357 361 -1
0.1 20 21 -1
0.1 19 363 -1
0.1 26 27 -1
0.1 25 365 -1
0.1 366 28 -1
0.1 24 367 -1
0.1 23 368 -1
0.1 22 369 -1
0.1 364 370 -1
0.1 371 29 -1
0.1 362 372 -1
0.1 8 373 -1
0.1 353 374 -1
0.1 31 32 -1
0.1 33 34 -1
0.1 37 38 -1
0.1 36 378 -1
0.1 39 40 -1
0.1 379 380 -1
0.1 35 381 -1
0.1 377 382 -1
0.1 376 383 -1
0.1 30 384 -1
0.1 44 45 -1
0.1 386 46 -1
0.1 43 387 -1
0.1 47 48 -1
0.1 388 389 -1
0.1 50 51 -1
0.1 391 52 -1
0.1 49 392 -1
0.1 390 393 -1
0.1 42 394 -1
0.1 53 54 -1
0.1 55 56 -1
0.1 397 57 -1
0.1 398 58 -1
0.1 60 61 -1
0.1 59 400 -1
0.1 399 401 -1
0.1 396 402 -1
0.1 395 403 -1
0.1 64 65 -1
0.1 405 66 -1
0.1 63 406 -1
0.1 62 407 -1
0.1 67 68 -1
0.1 69 70 -1
0.1 410 71 -1
0.1 409 411 -1
0.1 408 412 -1
0.1 404 413 -1
0.1 41 414 -1
0.1 385 415 -1
0.1 72 73 -1
0.1 416 417 -1
0.1 375 418 -1
0.1 78 79 -1
0.1 77 420 -1
0.1 80 81 -1
0.1 421 422 -1
0.1 76 423 -1
0.1 75 424 -1
0.1 83 84 -1
0.1 82 426 -1
0.1 425 427 -1
0.1 428 85 -1
0.1 74 429 -1
0.1 419 430 -1
0.1 5 431 -1
0.1 432 86 -1
0.1 352 433 -1
0.1 351 434 -1
0.1 90 91 -1
0.1 89 436 -1
0.1 93 94 -1
0.1 97 98 -1
0.1 96 439 -1
0.1 95 440 -1
0.1 438 441 -1
0.1 92 442 -1
0.1 437 443 -1
0.1 88 444 -1
0.1 99 100 -1
0.1 445 446 -1
0.1 102 103 -1
0.1 106 107 -1
0.1 105 449 -1
0.1 104 450 -1
0.1 448 451 -1
0.1 108 109 -1
0.1 110 111 -1
0.1 453 454 -1
0.1 452 455 -1
0.1 112 113 -1
0.1 456 457 -1
0.1 114 115 -1
0.1 458 459 -1
0.1 101 460 -1
0.1 116 117 -1
0.1 120 121 -1
0.1 125 126 -1
0.1 124 464 -1
0.1 129 130 -1
0.1 128 466 -1
0.1 127 467 -1
0.1 465 468 -1
0.1 132 133 -1
0.1 131 470 -1
0.1 469 471 -1
0.1 134 135 -1
0.1 472 473 -1
0.1 138 139 -1
0.1 137 475 -1
0.1 136 476 -1
0.1 140 141 -1
0.1 477 478 -1
0.1 474 479 -1
0.1 123 480 -1
0.1 122 481 -1
0.1 463 482 -1
0.1 119 483 -1
0.1 484 142 -1
0.1 143 144 -1
0.1 145 146 -1
0.1 147 148 -1
0.1 149 150 -1
0.1 155 156 -1
0.1 157 158 -1
0.1 159 160 -1
0.1 491 492 -1
0.1 493 161 -1
0.1 490 494 -1
0.1 495 162 -1
0.1 163 164 -1
0.1 167 168 -1
0.1 166 498 -1
0.1 165 499 -1
0.1 497 500 -1
0.1 169 170 -1
0.1 501 502 -1
0.1 496 503 -1
0.1 504 171 -1
0.1 173 174 -1
0.1 172 506 -1
0.1 505 507 -1
0.1 154 508 -1
0.1 176 177 -1
0.1 510 178 -1
0.1 179 180 -1
0.1 511 512 -1
0.1 175 513 -1
0.1 514 181 -1
0.1 509 515 -1
0.1 153 516 -1
0.1 152 517 -1
0.1 183 184 -1
0.1 186 187 -1
0.1 188 189 -1
0.1 190 191 -1
0.1 521 522 -1
0.1 192 193 -1
0.1 524 194 -1
0.1 525 195 -1
0.1 523 526 -1
0.1 520 527 -1
0.1 185 528 -1
0.1 197 198 -1
0.1 203 204 -1
0.1 202 531 -1
0.1 201 532 -1
0.1 207 208 -1
0.1 206 534 -1
0.1 205 535 -1
0.1 536 209 -1
0.1 533 537 -1
0.1 200 538 -1
0.1 539 210 -1
0.1 199 540 -1
0.1 530 541 -1
0.1 211 212 -1
0.1 542 543 -1
0.1 214 215 -1
0.1 213 545 -1
0.1 544 546 -1
0.1 196 547 -1
0.1 529 548 -1
0.1 519 549 -1
0.1 217 218 -1
0.1 551 219 -1
0.1 222 223 -1
0.1 224 225 -1
0.1 227 228 -1
0.1 229 230 -1
0.1 555 556 -1
0.1 226 557 -1
0.1 554 558 -1
0.1 553 559 -1
0.1 221 560 -1
0.1 220 561 -1
0.1 562 231 -1
0.1 236 237 -1
0.1 564 238 -1
0.1 240 241 -1
0.1 239 566 -1
0.1 565 567 -1
0.1 568 242 -1
0.1 235 569 -1
0.1 234 570 -1
0.1 233 571 -1
0.1 232 572 -1
0.1 563 573 -1
0.1 552 574 -1
0.1 216 575 -1
0.1 550 576 -1
0.1 245 246 -1
0.1 244 578 -1
0.1 243 579 -1
0.1 247 248 -1
0.1 580 581 -1
0.1 250 251 -1
0.1 249 583 -1
0.1 584 252 -1
0.1 582 585 -1
0.1 577 586 -1
0.1 182 587 -1
0.1 253 254 -1
0.1 589 255 -1
0.1 590 256 -1
0.1 588 591 -1
0.1 257 258 -1
0.1 259 260 -1
0.1 593 594 -1
0.1 592 595 -1
0.1 518 596 -1
0.1 151 597 -1
0.1 261 262 -1
0.1 599 263 -1
0.1 598 600 -1
0.1 489 601 -1
0.1 264 265 -1
0.1 602 603 -1
0.1 266 267 -1
0.1 604 605 -1
0.1 606 268 -1
0.1 607 269 -1
0.1 270 271 -1
0.1 608 609 -1
0.1 488 610 -1
0.1 273 274 -1
0.1 275 276 -1
0.1 612 613 -1
0.1 272 614 -1
0.1 278 279 -1
0.1 277 616 -1
0.1 281 282 -1
0.1 280 618 -1
0.1 284 285 -1
0.1 620 286 -1
0.1 283 621 -1
0.1 619 622 -1
0.1 617 623 -1
0.1 615 624 -1
0.1 611 625 -1
0.1 626 287 -1
0.1 487 627 -1
0.1 486 628 -1
0.1 485 629 -1
0.1 118 630 -1
0.1 288 289 -1
0.1 631 632 -1
0.1 633 290 -1
0.1 462 634 -1
0.1 293 294 -1
0.1 292 636 -1
0.1 637 295 -1
0.1 291 638 -1
0.1 635 639 -1
0.1 297 298 -1
0.1 296 641 -1
0.1 299 300 -1
0.1 642 643 -1
0.1 640 644 -1
0.1 461 645 -1
0.1 301 302 -1
0.1 647 303 -1
0.1 305 306 -1
0.1 304 649 -1
0.1 648 650 -1
0.1 646 651 -1
0.1 447 652 -1
0.1 87 653 -1
0.1 311 312 -1
0.1 314 315 -1
0.1 313 656 -1
0.1 655 657 -1
0.1 318 319 -1
0.1 659 320 -1
0.1 321 322 -1
0.1 660 661 -1
0.1 323 324 -1
0.1 662 663 -1
0.1 664 325 -1
0.1 317 665 -1
0.1 316 666 -1
0.1 328 329 -1
0.1 327 668 -1
0.1 326 669 -1
0.1 667 670 -1
0.1 658 671 -1
0.1 333 334 -1
0.1 332 673 -1
0.1 331 674 -1
0.1 675 335 -1
0.1 337 338 -1
0.1 336 677 -1
0.1 339 340 -1
0.1 678 679 -1
0.1 676 680 -1
0.1 343 344 -1
0.1 345 346 -1
0.1 348 349 -1
0.1 347 684 -1
0.1 685 350 -1
0.1 683 686 -1
0.1 682 687 -1
0.1 342 688 -1
0.1 341 689 -1
0.1 681 690 -1
0.1 330 691 -1
0.1 672 692 -1
0.1 310 693 -1
0.1 309 694 -1
0.1 308 695 -1
0.1 307 696 -1
0.1 654 697 -1
0.1 435 698 -1
