1 0 0 1
1 0 0 1
1 0 0 1
1 0 0 1
1 0 0 1
1 0 0 1
1 0 0 1
1 0 0 1
1 0 0 2
1 0 0 3
1 0 0 3
1 0 0 3
1 0 0 3
1 0 0 3
1 0 0 3
1 0 0 3
1 0 0 3
1 0 0 3
1 0 0 3
1 0 0 4
1 0 0 4
1 0 0 4
1 0 0 4
1 0 0 4
1 0 0 4
1 0 0 4
1 0 0 4
1 0 0 4
1 0 0 4
1 0 0 5
1 0 0 5
1 0 0 6
1 0 0 6
1 0 0 6
1 0 0 6
1 0 0 6
1 0 0 6
1 0 0 6
1 0 0 6
1 0 0 6
1 0 0 6
1 0 0 5
1 0 0 5
1 0 0 5
1 0 0 5
1 0 0 5
1 0 0 5
1 0 0 5
1 0 0 5
1 0 0 7
1 0 0 7
1 0 0 7
1 0 0 7
1 0 0 8
1 0 0 8
1 0 0 8
1 0 0 8
1 0 0 7
1 0 0 7
1 0 0 7
1 0 0 7
1 0 0 7
1 0 0 8
1 0 0 8
1 0 0 8
1 0 0 8
1 0 0 8
1 0 0 9
1 0 0 9
1 0 0 9
1 0 0 9
1 0 0 9
1 0 0 9
1 0 0 9
1 0 0 9
1 0 0 9
1 0 0 9
1 0 0 8
1 0 0 7
1 0 0 2
1 0 0 10
1 0 0 10
1 0 0 10
1 0 0 10
1 0 0 10
1 0 0 10
1 0 0 10
1 0 0 10
1 0 0 10
1 0 0 10
1 0 0 1
1 0 0 11
1 0 0 11
1 0 0 11
1 0 0 11
1 0 0 11
1 0 0 11
1 0 0 11
1 0 0 11
1 0 0 11
1 0 0 11
1 0 0 2
1 0 0 2
1 0 0 2
1 0 0 2
1 0 0 12
1 0 0 12
1 0 0 12
1 0 0 12
1 0 0 12
1 0 0 12
1 0 0 12
1 0 0 12
1 0 0 12
1 0 0 12
1 0 0 2
1 0 0 2
1 0 0 13
1 0 0 13
1 0 0 13
1 0 0 13
1 0 0 13
1 0 0 13
1 0 0 13
1 0 0 13
1 0 0 13
1 0 0 13
1 0 0 2
1 0 0 2
1 0 0 14
1 0 0 14
1 0 0 14
1 0 0 14
1 0 0 14
1 0 0 14
1 0 0 14
1 0 0 14
1 0 0 14
1 0 0 14
1 0 0 15
1 0 0 15
1 0 0 15
1 0 0 15
1 0 0 15
1 0 0 15
1 0 0 15
1 0 0 15
1 0 0 15
1 0 0 15
1 0 0 16
1 0 0 16
1 0 0 16
1 0 0 16
1 0 0 16
1 0 0 16
1 0 0 16
1 0 0 16
1 0 0 16
1 0 0 16
1 0 0 17
1 0 0 17
1 0 0 17
1 0 0 17
1 0 0 17
1 0 0 17
1 0 0 17
1 0 0 17
1 0 0 17
1 0 0 17
1 0 0 18
1 0 0 18
1 0 0 18
1 0 0 19
1 0 0 19
1 0 0 19
1 0 0 19
1 0 0 19
1 0 0 19
1 0 0 19
1 0 0 19
1 0 0 19
1 0 0 19
1 0 0 18
1 0 0 18
1 0 0 18
1 0 0 18
1 0 0 18
1 0 0 18
1 0 0 18
1 0 0 20
1 0 0 21
1 0 0 21
1 0 0 22
1 0 0 22
1 0 0 22
1 0 0 22
1 0 0 22
1 0 0 22
1 0 0 22
1 0 0 23
1 0 0 23
1 0 0 23
1 0 0 23
1 0 0 23
1 0 0 23
1 0 0 23
1 0 0 23
1 0 0 24
1 0 0 23
1 0 0 23
1 0 0 24
1 0 0 24
1 0 0 24
1 0 0 24
1 0 0 24
1 0 0 24
1 0 0 24
1 0 0 24
1 0 0 24
1 0 0 22
1 0 0 22
1 0 0 22
1 0 0 25
1 0 0 25
1 0 0 25
1 0 0 26
1 0 0 26
1 0 0 26
1 0 0 26
1 0 0 26
1 0 0 26
1 0 0 26
1 0 0 26
1 0 0 26
1 0 0 26
1 0 0 25
1 0 0 25
1 0 0 25
1 0 0 25
1 0 0 25
1 0 0 21
1 0 0 21
1 0 0 25
1 0 0 25
1 0 0 27
1 0 0 27
1 0 0 27
1 0 0 27
1 0 0 27
1 0 0 27
1 0 0 27
1 0 0 27
1 0 0 27
1 0 0 28
1 0 0 28
1 0 0 28
1 0 0 28
1 0 0 28
1 0 0 28
1 0 0 28
1 0 0 28
1 0 0 28
1 0 0 28
1 0 0 27
1 0 0 21
1 0 0 21
1 0 0 20
1 0 0 20
1 0 0 20
1 0 0 20
1 0 0 20
1 0 0 20
1 0 0 20
1 0 0 20
1 0 0 20
1 0 0 21
1 0 0 21
1 0 0 29
1 0 0 29
1 0 0 29
1 0 0 29
1 0 0 30
1 0 0 1
1 0 0 21
1 0 0 30
1 0 0 30
1 0 0 30
1 0 0 30
1 0 0 30
1 0 0 30
1 0 0 30
1 0 0 30
1 0 0 30
1 0 0 29
1 0 0 29
1 0 0 29
1 0 0 29
1 0 0 29
1 0 0 29
1 0 0 21
0.1 1 2 -1
0.1 3 4 -1
0.1 5 6 -1
0.1 303 7 -1
0.1 304 8 -1
0.1 302 305 -1
0.1 301 306 -1
0.1 13 14 -1
0.1 12 308 -1
0.1 15 16 -1
0.1 18 19 -1
0.1 17 311 -1
0.1 23 24 -1
0.1 22 313 -1
0.1 21 314 -1
0.1 25 26 -1
0.1 316 27 -1
0.1 315 317 -1
0.1 28 29 -1
0.1 318 319 -1
0.1 20 320 -1
0.1 312 321 -1
0.1 310 322 -1
0.1 309 323 -1
0.1 11 324 -1
0.1 10 325 -1
0.1 9 326 -1
0.1 35 36 -1
0.1 34 328 -1
0.1 33 329 -1
0.1 37 38 -1
0.1 330 331 -1
0.1 32 332 -1
0.1 39 40 -1
0.1 333 334 -1
0.1 335 41 -1
0.1 31 336 -1
0.1 30 337 -1
0.1 42 43 -1
0.1 44 45 -1
0.1 46 47 -1
0.1 340 341 -1
0.1 342 48 -1
0.1 339 343 -1
0.1 338 344 -1
0.1 345 49 -1
0.1 52 53 -1
0.1 51 347 -1
0.1 50 348 -1
0.1 54 55 -1
0.1 56 57 -1
0.1 350 351 -1
0.1 349 352 -1
0.1 60 61 -1
0.1 59 354 -1
0.1 58 355 -1
0.1 64 65 -1
0.1 68 69 -1
0.1 71 72 -1
0.1 73 74 -1
0.1 75 76 -1
0.1 360 361 -1
0.1 359 362 -1
0.1 70 363 -1
0.1 364 77 -1
0.1 358 365 -1
0.1 67 366 -1
0.1 66 367 -1
0.1 368 78 -1
0.1 357 369 -1
0.1 63 370 -1
0.1 371 79 -1
0.1 62 372 -1
0.1 356 373 -1
0.1 353 374 -1
0.1 375 80 -1
0.1 346 376 -1
0.1 82 83 -1
0.1 81 378 -1
0.1 85 86 -1
0.1 88 89 -1
0.1 87 381 -1
0.1 380 382 -1
0.1 383 90 -1
0.1 84 384 -1
0.1 379 385 -1
0.1 386 91 -1
0.1 92 93 -1
0.1 94 95 -1
0.1 389 96 -1
0.1 390 97 -1
0.1 99 100 -1
0.1 98 392 -1
0.1 393 101 -1
0.1 391 394 -1
0.1 388 395 -1
0.1 396 102 -1
0.1 107 108 -1
0.1 110 111 -1
0.1 112 113 -1
0.1 399 400 -1
0.1 109 401 -1
0.1 398 402 -1
0.1 114 115 -1
0.1 403 404 -1
0.1 106 405 -1
0.1 105 406 -1
0.1 104 407 -1
0.1 103 408 -1
0.1 409 116 -1
0.1 397 410 -1
0.1 387 411 -1
0.1 124 125 -1
0.1 123 413 -1
0.1 122 414 -1
0.1 415 126 -1
0.1 416 127 -1
0.1 121 417 -1
0.1 120 418 -1
0.1 119 419 -1
0.1 118 420 -1
0.1 117 421 -1
0.1 128 129 -1
0.1 422 423 -1
0.1 412 424 -1
0.1 377 425 -1
0.1 327 426 -1
0.1 307 427 -1
0.1 130 131 -1
0.1 132 133 -1
0.1 429 430 -1
0.1 431 134 -1
0.1 136 137 -1
0.1 135 433 -1
0.1 138 139 -1
0.1 434 435 -1
0.1 432 436 -1
0.1 141 142 -1
0.1 140 438 -1
0.1 439 143 -1
0.1 145 146 -1
0.1 148 149 -1
0.1 147 442 -1
0.1 441 443 -1
0.1 144 444 -1
0.1 440 445 -1
0.1 437 446 -1
0.1 151 152 -1
0.1 448 153 -1
0.1 150 449 -1
0.1 154 155 -1
0.1 157 158 -1
0.1 156 452 -1
0.1 453 159 -1
0.1 451 454 -1
0.1 450 455 -1
0.1 165 166 -1
0.1 457 167 -1
0.1 164 458 -1
0.1 459 168 -1
0.1 163 460 -1
0.1 461 169 -1
0.1 162 462 -1
0.1 161 463 -1
0.1 160 464 -1
0.1 456 465 -1
0.1 171 172 -1
0.1 174 175 -1
0.1 176 177 -1
0.1 178 179 -1
0.1 470 180 -1
0.1 471 181 -1
0.1 469 472 -1
0.1 468 473 -1
0.1 474 182 -1
0.1 173 475 -1
0.1 467 476 -1
0.1 170 477 -1
0.1 183 184 -1
0.1 479 185 -1
0.1 187 188 -1
0.1 186 481 -1
0.1 480 482 -1
0.1 483 189 -1
0.1 191 192 -1
0.1 190 485 -1
0.1 195 196 -1
0.1 194 487 -1
0.1 193 488 -1
0.1 197 198 -1
0.1 489 490 -1
0.1 491 199 -1
0.1 200 201 -1
0.1 203 204 -1
0.1 202 494 -1
0.1 205 206 -1
0.1 496 207 -1
0.1 495 497 -1
0.1 209 210 -1
0.1 212 213 -1
0.1 214 215 -1
0.1 217 218 -1
0.1 216 502 -1
0.1 503 219 -1
0.1 501 504 -1
0.1 500 505 -1
0.1 211 506 -1
0.1 499 507 -1
0.1 208 508 -1
0.1 498 509 -1
0.1 493 510 -1
0.1 220 221 -1
0.1 511 512 -1
0.1 513 222 -1
0.1 492 514 -1
0.1 486 515 -1
0.1 484 516 -1
0.1 478 517 -1
0.1 223 224 -1
0.1 229 230 -1
0.1 231 232 -1
0.1 520 521 -1
0.1 228 522 -1
0.1 227 523 -1
0.1 234 235 -1
0.1 233 525 -1
0.1 524 526 -1
0.1 226 527 -1
0.1 225 528 -1
0.1 236 237 -1
0.1 239 240 -1
0.1 238 531 -1
0.1 530 532 -1
0.1 241 242 -1
0.1 534 243 -1
0.1 533 535 -1
0.1 529 536 -1
0.1 537 244 -1
0.1 519 538 -1
0.1 247 248 -1
0.1 246 540 -1
0.1 541 249 -1
0.1 245 542 -1
0.1 252 253 -1
0.1 251 544 -1
0.1 250 545 -1
0.1 255 256 -1
0.1 254 547 -1
0.1 548 257 -1
0.1 258 259 -1
0.1 550 260 -1
0.1 262 263 -1
0.1 261 552 -1
0.1 551 553 -1
0.1 549 554 -1
0.1 546 555 -1
0.1 556 264 -1
0.1 543 557 -1
0.1 558 265 -1
0.1 559 266 -1
0.1 539 560 -1
0.1 518 561 -1
0.1 466 562 -1
0.1 447 563 -1
0.1 268 269 -1
0.1 267 565 -1
0.1 270 271 -1
0.1 567 272 -1
0.1 273 274 -1
0.1 569 275 -1
0.1 568 570 -1
0.1 566 571 -1
0.1 564 572 -1
0.1 278 279 -1
0.1 283 284 -1
0.1 285 286 -1
0.1 575 576 -1
0.1 577 287 -1
0.1 282 578 -1
0.1 289 290 -1
0.1 291 292 -1
0.1 580 581 -1
0.1 582 293 -1
0.1 288 583 -1
0.1 579 584 -1
0.1 585 294 -1
0.1 281 586 -1
0.1 295 296 -1
0.1 587 588 -1
0.1 280 589 -1
0.1 574 590 -1
0.1 298 299 -1
0.1 297 592 -1
0.1 591 593 -1
0.1 277 594 -1
0.1 276 595 -1
0.1 596 300 -1
0.1 573 597 -1
0.1 428 598 -1
