1 0 0 1
1 0 0 1
1 0 0 1
1 0 0 1
1 0 0 2
1 0 0 2
1 0 0 2
1 0 0 2
1 0 0 2
1 0 0 1
1 0 0 1
1 0 0 1
1 0 0 1
1 0 0 1
1 0 0 3
1 0 0 3
1 0 0 3
1 0 0 3
1 0 0 3
1 0 0 3
1 0 0 3
1 0 0 3
1 0 0 3
1 0 0 3
1 0 0 4
1 0 0 4
1 0 0 4
1 0 0 5
1 0 0 5
1 0 0 5
1 0 0 5
1 0 0 5
1 0 0 5
1 0 0 5
1 0 0 5
1 0 0 5
1 0 0 5
1 0 0 4
1 0 0 6
1 0 0 6
1 0 0 6
1 0 0 6
1 0 0 6
1 0 0 6
1 0 0 6
1 0 0 6
1 0 0 6
1 0 0 6
1 0 0 7
1 0 0 7
1 0 0 7
1 0 0 7
1 0 0 7
1 0 0 7
1 0 0 7
1 0 0 7
1 0 0 7
1 0 0 7
1 0 0 8
1 0 0 8
1 0 0 8
1 0 0 8
1 0 0 8
1 0 0 8
1 0 0 8
1 0 0 8
1 0 0 8
1 0 0 8
1 0 0 4
1 0 0 4
1 0 0 9
1 0 0 9
1 0 0 9
1 0 0 9
1 0 0 9
1 0 0 9
1 0 0 9
1 0 0 9
1 0 0 9
1 0 0 9
1 0 0 4
1 0 0 4
1 0 0 4
1 0 0 4
1 0 0 2
1 0 0 2
1 0 0 2
1 0 0 2
1 0 0 2
1 0 0 10
1 0 0 10
1 0 0 10
1 0 0 10
1 0 0 10
1 0 0 10
1 0 0 10
1 0 0 10
1 0 0 10
1 0 0 10
1 0 0 1
1 0 0 11
1 0 0 11
1 0 0 11
1 0 0 11
1 0 0 11
1 0 0 11
1 0 0 11
1 0 0 11
1 0 0 11
1 0 0 11
1 0 0 12
1 0 0 12
1 0 0 12
1 0 0 12
1 0 0 12
1 0 0 13
1 0 0 13
1 0 0 14
1 0 0 14
1 0 0 14
1 0 0 14
1 0 0 14
1 0 0 14
1 0 0 14
1 0 0 15
1 0 0 15
1 0 0 15
1 0 0 15
1 0 0 15
1 0 0 15
1 0 0 15
1 0 0 15
1 0 0 15
1 0 0 15
1 0 0 14
1 0 0 14
1 0 0 16
1 0 0 16
1 0 0 16
1 0 0 16
1 0 0 16
1 0 0 16
1 0 0 16
1 0 0 16
1 0 0 16
1 0 0 16
1 0 0 17
1 0 0 17
1 0 0 17
1 0 0 17
1 0 0 17
1 0 0 17
1 0 0 17
1 0 0 17
1 0 0 17
1 0 0 17
1 0 0 18
1 0 0 18
1 0 0 18
1 0 0 18
1 0 0 18
1 0 0 18
1 0 0 18
1 0 0 18
1 0 0 18
1 0 0 18
1 0 0 19
1 0 0 19
1 0 0 20
1 0 0 20
1 0 0 20
1 0 0 20
1 0 0 20
1 0 0 20
1 0 0 20
1 0 0 20
1 0 0 20
1 0 0 20
1 0 0 21
1 0 0 21
1 0 0 21
1 0 0 21
1 0 0 21
1 0 0 21
1 0 0 21
1 0 0 21
1 0 0 22
1 0 0 22
1 0 0 22
1 0 0 22
1 0 0 22
1 0 0 22
1 0 0 22
1 0 0 22
1 0 0 22
1 0 0 22
1 0 0 23
1 0 0 23
1 0 0 23
1 0 0 23
1 0 0 23
1 0 0 23
1 0 0 23
1 0 0 23
1 0 0 23
1 0 0 23
1 0 0 21
1 0 0 21
1 0 0 24
1 0 0 24
1 0 0 24
1 0 0 24
1 0 0 24
1 0 0 24
1 0 0 24
1 0 0 24
1 0 0 24
1 0 0 24
1 0 0 25
1 0 0 25
1 0 0 25
1 0 0 25
1 0 0 25
1 0 0 25
1 0 0 25
1 0 0 25
1 0 0 25
1 0 0 25
1 0 0 19
1 0 0 26
1 0 0 26
1 0 0 26
1 0 0 26
1 0 0 26
1 0 0 26
1 0 0 26
1 0 0 26
1 0 0 26
1 0 0 26
1 0 0 19
1 0 0 27
1 0 0 27
1 0 0 27
1 0 0 27
1 0 0 27
1 0 0 27
1 0 0 27
1 0 0 27
1 0 0 27
1 0 0 27
1 0 0 19
1 0 0 28
1 0 0 28
1 0 0 28
1 0 0 28
1 0 0 28
1 0 0 28
1 0 0 28
1 0 0 28
1 0 0 28
1 0 0 28
1 0 0 19
1 0 0 19
1 0 0 19
1 0 0 19
1 0 0 19
1 0 0 29
1 0 0 29
1 0 0 29
1 0 0 29
1 0 0 29
1 0 0 29
1 0 0 29
1 0 0 29
1 0 0 29
1 0 0 29
1 0 0 14
1 0 0 30
1 0 0 30
1 0 0 30
1 0 0 30
1 0 0 30
1 0 0 30
1 0 0 30
1 0 0 30
1 0 0 30
1 0 0 30
1 0 0 13
1 0 0 13
1 0 0 13
1 0 0 13
1 0 0 13
1 0 0 13
1 0 0 13
1 0 0 13
1 0 0 12
1 0 0 12
1 0 0 12
1 0 0 12
1 0 0 31
1 0 0 31
1 0 0 31
1 0 0 31
1 0 0 31
1 0 0 31
1 0 0 31
1 0 0 31
1 0 0 31
1 0 0 31
1 0 0 12
0.1 2 3 -1
0.1 1 311 -1
0.1 6 7 -1
0.1 8 9 -1
0.1 313 314 -1
0.1 5 315 -1
0.1 316 10 -1
0.1 317 11 -1
0.1 4 318 -1
0.1 13 14 -1
0.1 18 19 -1
0.1 21 22 -1
0.1 322 23 -1
0.1 323 24 -1
0.1 20 324 -1
0.1 321 325 -1
0.1 17 326 -1
0.1 16 327 -1
0.1 15 328 -1
0.1 25 26 -1
0.1 30 31 -1
0.1 29 331 -1
0.1 28 332 -1
0.1 33 34 -1
0.1 32 334 -1
0.1 36 37 -1
0.1 35 336 -1
0.1 335 337 -1
0.1 333 338 -1
0.1 27 339 -1
0.1 330 340 -1
0.1 39 40 -1
0.1 41 42 -1
0.1 43 44 -1
0.1 343 344 -1
0.1 46 47 -1
0.1 346 48 -1
0.1 45 347 -1
0.1 345 348 -1
0.1 49 50 -1
0.1 52 53 -1
0.1 351 54 -1
0.1 56 57 -1
0.1 55 353 -1
0.1 352 354 -1
0.1 51 355 -1
0.1 356 58 -1
0.1 350 357 -1
0.1 349 358 -1
0.1 342 359 -1
0.1 38 360 -1
0.1 63 64 -1
0.1 62 362 -1
0.1 61 363 -1
0.1 60 364 -1
0.1 66 67 -1
0.1 65 366 -1
0.1 367 68 -1
0.1 365 368 -1
0.1 59 369 -1
0.1 370 69 -1
0.1 361 371 -1
0.1 72 73 -1
0.1 71 373 -1
0.1 74 75 -1
0.1 76 77 -1
0.1 78 79 -1
0.1 377 80 -1
0.1 376 378 -1
0.1 375 379 -1
0.1 374 380 -1
0.1 81 82 -1
0.1 382 83 -1
0.1 381 383 -1
0.1 70 384 -1
0.1 385 84 -1
0.1 372 386 -1
0.1 341 387 -1
0.1 329 388 -1
0.1 389 85 -1
0.1 390 86 -1
0.1 88 89 -1
0.1 90 91 -1
0.1 92 93 -1
0.1 95 96 -1
0.1 97 98 -1
0.1 395 396 -1
0.1 94 397 -1
0.1 394 398 -1
0.1 393 399 -1
0.1 400 99 -1
0.1 392 401 -1
0.1 87 402 -1
0.1 391 403 -1
0.1 404 100 -1
0.1 320 405 -1
0.1 12 406 -1
0.1 319 407 -1
0.1 312 408 -1
0.1 103 104 -1
0.1 102 410 -1
0.1 106 107 -1
0.1 108 109 -1
0.1 412 413 -1
0.1 414 110 -1
0.1 105 415 -1
0.1 411 416 -1
0.1 101 417 -1
0.1 113 114 -1
0.1 112 419 -1
0.1 111 420 -1
0.1 116 117 -1
0.1 119 120 -1
0.1 118 423 -1
0.1 121 122 -1
0.1 425 123 -1
0.1 424 426 -1
0.1 125 126 -1
0.1 127 128 -1
0.1 429 129 -1
0.1 131 132 -1
0.1 130 431 -1
0.1 133 134 -1
0.1 432 433 -1
0.1 430 434 -1
0.1 428 435 -1
0.1 124 436 -1
0.1 137 138 -1
0.1 438 139 -1
0.1 144 145 -1
0.1 143 440 -1
0.1 142 441 -1
0.1 141 442 -1
0.1 140 443 -1
0.1 444 146 -1
0.1 439 445 -1
0.1 136 446 -1
0.1 149 150 -1
0.1 148 448 -1
0.1 147 449 -1
0.1 152 153 -1
0.1 151 451 -1
0.1 155 156 -1
0.1 154 453 -1
0.1 452 454 -1
0.1 450 455 -1
0.1 157 158 -1
0.1 457 159 -1
0.1 160 161 -1
0.1 163 164 -1
0.1 162 460 -1
0.1 459 461 -1
0.1 458 462 -1
0.1 165 166 -1
0.1 463 464 -1
0.1 167 168 -1
0.1 172 173 -1
0.1 467 174 -1
0.1 171 468 -1
0.1 170 469 -1
0.1 175 176 -1
0.1 177 178 -1
0.1 471 472 -1
0.1 470 473 -1
0.1 169 474 -1
0.1 179 180 -1
0.1 181 182 -1
0.1 477 183 -1
0.1 478 184 -1
0.1 185 186 -1
0.1 188 189 -1
0.1 187 481 -1
0.1 482 190 -1
0.1 192 193 -1
0.1 191 484 -1
0.1 195 196 -1
0.1 194 486 -1
0.1 485 487 -1
0.1 483 488 -1
0.1 199 200 -1
0.1 198 490 -1
0.1 202 203 -1
0.1 201 492 -1
0.1 204 205 -1
0.1 493 494 -1
0.1 491 495 -1
0.1 197 496 -1
0.1 497 206 -1
0.1 498 207 -1
0.1 489 499 -1
0.1 500 208 -1
0.1 480 501 -1
0.1 479 502 -1
0.1 476 503 -1
0.1 475 504 -1
0.1 466 505 -1
0.1 465 506 -1
0.1 210 211 -1
0.1 212 213 -1
0.1 508 509 -1
0.1 209 510 -1
0.1 215 216 -1
0.1 512 217 -1
0.1 214 513 -1
0.1 514 218 -1
0.1 511 515 -1
0.1 219 220 -1
0.1 222 223 -1
0.1 221 518 -1
0.1 224 225 -1
0.1 226 227 -1
0.1 520 521 -1
0.1 522 228 -1
0.1 519 523 -1
0.1 517 524 -1
0.1 516 525 -1
0.1 231 232 -1
0.1 527 233 -1
0.1 230 528 -1
0.1 234 235 -1
0.1 238 239 -1
0.1 237 531 -1
0.1 236 532 -1
0.1 530 533 -1
0.1 529 534 -1
0.1 229 535 -1
0.1 526 536 -1
0.1 243 244 -1
0.1 242 538 -1
0.1 245 246 -1
0.1 539 540 -1
0.1 241 541 -1
0.1 247 248 -1
0.1 249 250 -1
0.1 543 544 -1
0.1 542 545 -1
0.1 240 546 -1
0.1 257 258 -1
0.1 256 548 -1
0.1 259 260 -1
0.1 550 261 -1
0.1 549 551 -1
0.1 255 552 -1
0.1 254 553 -1
0.1 253 554 -1
0.1 252 555 -1
0.1 262 263 -1
0.1 556 557 -1
0.1 251 558 -1
0.1 547 559 -1
0.1 537 560 -1
0.1 507 561 -1
0.1 456 562 -1
0.1 265 266 -1
0.1 268 269 -1
0.1 267 565 -1
0.1 270 271 -1
0.1 272 273 -1
0.1 275 276 -1
0.1 274 569 -1
0.1 568 570 -1
0.1 567 571 -1
0.1 566 572 -1
0.1 564 573 -1
0.1 264 574 -1
0.1 563 575 -1
0.1 447 576 -1
0.1 135 577 -1
0.1 578 277 -1
0.1 437 579 -1
0.1 280 281 -1
0.1 279 581 -1
0.1 283 284 -1
0.1 583 285 -1
0.1 282 584 -1
0.1 582 585 -1
0.1 278 586 -1
0.1 580 587 -1
0.1 286 287 -1
0.1 588 589 -1
0.1 427 590 -1
0.1 591 288 -1
0.1 422 592 -1
0.1 289 290 -1
0.1 593 594 -1
0.1 291 292 -1
0.1 294 295 -1
0.1 293 597 -1
0.1 596 598 -1
0.1 595 599 -1
0.1 600 296 -1
0.1 601 297 -1
0.1 115 602 -1
0.1 421 603 -1
0.1 298 299 -1
0.1 604 605 -1
0.1 301 302 -1
0.1 303 304 -1
0.1 306 307 -1
0.1 305 609 -1
0.1 610 308 -1
0.1 608 611 -1
0.1 607 612 -1
0.1 300 613 -1
0.1 614 309 -1
0.1 615 310 -1
0.1 606 616 -1
0.1 418 617 -1
0.1 409 618 -1
