1 0 0 1
1 0 0 1
1 0 0 1
1 0 0 1
1 0 0 1
1 0 0 2
1 0 0 2
1 0 0 2
1 0 0 2
1 0 0 2
1 0 0 3
1 0 0 3
1 0 0 3
1 0 0 3
1 0 0 3
1 0 0 4
1 0 0 4
1 0 0 4
1 0 0 4
1 0 0 4
1 0 0 5
1 0 0 5
1 0 0 5
1 0 0 5
1 0 0 5
1 0 0 6
1 0 0 6
1 0 0 6
1 0 0 6
1 0 0 6
1 0 0 7
1 0 0 7
1 0 0 7
1 0 0 7
1 0 0 7
1 0 0 8
1 0 0 8
1 0 0 9
1 0 0 9
1 0 0 9
1 0 0 9
1 0 0 9
1 0 0 10
1 0 0 10
1 0 0 10
1 0 0 10
1 0 0 10
1 0 0 11
1 0 0 11
1 0 0 11
1 0 0 11
1 0 0 12
1 0 0 12
1 0 0 12
1 0 0 12
1 0 0 12
1 0 0 11
1 0 0 8
1 0 0 8
1 0 0 13
1 0 0 13
1 0 0 13
1 0 0 13
1 0 0 13
1 0 0 8
1 0 0 14
1 0 0 14
1 0 0 14
1 0 0 14
1 0 0 14
1 0 0 15
1 0 0 16
1 0 0 16
1 0 0 17
1 0 0 17
1 0 0 17
1 0 0 17
1 0 0 17
1 0 0 16
1 0 0 16
1 0 0 16
1 0 0 18
1 0 0 19
1 0 0 19
1 0 0 15
1 0 0 15
1 0 0 19
1 0 0 20
1 0 0 20
1 0 0 20
1 0 0 20
1 0 0 20
1 0 0 19
1 0 0 19
1 0 0 18
1 0 0 18
1 0 0 21
1 0 0 21
1 0 0 21
1 0 0 21
1 0 0 21
1 0 0 22
1 0 0 22
1 0 0 22
1 0 0 22
1 0 0 22
1 0 0 23
1 0 0 23
1 0 0 23
1 0 0 23
1 0 0 23
1 0 0 18
1 0 0 24
1 0 0 24
1 0 0 24
1 0 0 24
1 0 0 24
1 0 0 25
1 0 0 25
1 0 0 25
1 0 0 25
1 0 0 25
1 0 0 18
1 0 0 15
1 0 0 26
1 0 0 26
1 0 0 26
1 0 0 26
1 0 0 26
1 0 0 27
1 0 0 27
1 0 0 27
1 0 0 27
1 0 0 27
1 0 0 15
0.1 3 4 -1
0.1 136 5 -1
0.1 2 137 -1
0.1 1 138 -1
0.1 9 10 -1
0.1 8 140 -1
0.1 7 141 -1
0.1 6 142 -1
0.1 139 143 -1
0.1 11 12 -1
0.1 14 15 -1
0.1 13 146 -1
0.1 145 147 -1
0.1 18 19 -1
0.1 17 149 -1
0.1 150 20 -1
0.1 16 151 -1
0.1 21 22 -1
0.1 24 25 -1
0.1 23 154 -1
0.1 153 155 -1
0.1 152 156 -1
0.1 148 157 -1
0.1 27 28 -1
0.1 29 30 -1
0.1 159 160 -1
0.1 26 161 -1
0.1 31 32 -1
0.1 33 34 -1
0.1 164 35 -1
0.1 163 165 -1
0.1 162 166 -1
0.1 158 167 -1
0.1 144 168 -1
0.1 169 36 -1
0.1 38 39 -1
0.1 171 40 -1
0.1 41 42 -1
0.1 172 173 -1
0.1 46 47 -1
0.1 45 175 -1
0.1 44 176 -1
0.1 43 177 -1
0.1 174 178 -1
0.1 37 179 -1
0.1 50 51 -1
0.1 49 181 -1
0.1 52 53 -1
0.1 54 55 -1
0.1 184 56 -1
0.1 183 185 -1
0.1 186 57 -1
0.1 182 187 -1
0.1 48 188 -1
0.1 61 62 -1
0.1 63 64 -1
0.1 190 191 -1
0.1 60 192 -1
0.1 59 193 -1
0.1 58 194 -1
0.1 189 195 -1
0.1 180 196 -1
0.1 170 197 -1
0.1 67 68 -1
0.1 66 199 -1
0.1 69 70 -1
0.1 200 201 -1
0.1 65 202 -1
0.1 198 203 -1
0.1 72 73 -1
0.1 75 76 -1
0.1 74 206 -1
0.1 77 78 -1
0.1 207 208 -1
0.1 79 80 -1
0.1 209 210 -1
0.1 205 211 -1
0.1 212 81 -1
0.1 71 213 -1
0.1 204 214 -1
0.1 85 86 -1
0.1 216 87 -1
0.1 88 89 -1
0.1 218 90 -1
0.1 91 92 -1
0.1 219 220 -1
0.1 221 93 -1
0.1 217 222 -1
0.1 84 223 -1
0.1 224 94 -1
0.1 83 225 -1
0.1 95 96 -1
0.1 97 98 -1
0.1 100 101 -1
0.1 99 229 -1
0.1 228 230 -1
0.1 227 231 -1
0.1 102 103 -1
0.1 104 105 -1
0.1 234 106 -1
0.1 233 235 -1
0.1 107 108 -1
0.1 237 109 -1
0.1 110 111 -1
0.1 238 239 -1
0.1 236 240 -1
0.1 232 241 -1
0.1 114 115 -1
0.1 243 116 -1
0.1 113 244 -1
0.1 245 117 -1
0.1 112 246 -1
0.1 242 247 -1
0.1 120 121 -1
0.1 119 249 -1
0.1 250 122 -1
0.1 118 251 -1
0.1 252 123 -1
0.1 127 128 -1
0.1 126 254 -1
0.1 255 129 -1
0.1 125 256 -1
0.1 131 132 -1
0.1 130 258 -1
0.1 133 134 -1
0.1 259 260 -1
0.1 257 261 -1
0.1 262 135 -1
0.1 124 263 -1
0.1 253 264 -1
0.1 248 265 -1
0.1 226 266 -1
0.1 82 267 -1
0.1 215 268 -1
