1 0 0 1
1 0 0 1
1 0 0 1
1 0 0 1
1 0 0 2
1 0 0 2
1 0 0 2
1 0 0 2
1 0 0 1
1 0 0 3
1 0 0 3
1 0 0 4
1 0 0 4
1 0 0 4
1 0 0 4
1 0 0 4
1 0 0 4
1 0 0 4
1 0 0 5
1 0 0 4
1 0 0 4
1 0 0 6
1 0 0 5
1 0 0 5
1 0 0 5
1 0 0 6
1 0 0 6
1 0 0 6
1 0 0 6
1 0 0 6
1 0 0 7
1 0 0 7
1 0 0 7
1 0 0 7
1 0 0 7
1 0 0 7
1 0 0 7
1 0 0 7
1 0 0 7
1 0 0 7
1 0 0 8
1 0 0 8
1 0 0 8
1 0 0 8
1 0 0 8
1 0 0 8
1 0 0 9
1 0 0 9
1 0 0 8
1 0 0 9
1 0 0 9
1 0 0 9
1 0 0 9
1 0 0 9
1 0 0 9
1 0 0 9
1 0 0 9
1 0 0 8
1 0 0 8
1 0 0 8
1 0 0 6
1 0 0 6
1 0 0 6
1 0 0 6
1 0 0 4
1 0 0 5
1 0 0 5
1 0 0 3
1 0 0 3
1 0 0 3
1 0 0 3
1 0 0 3
1 0 0 3
1 0 0 3
1 0 0 3
1 0 0 2
1 0 0 2
1 0 0 2
1 0 0 2
1 0 0 1
1 0 0 1
1 0 0 1
1 0 0 1
1 0 0 1
1 0 0 10
1 0 0 2
1 0 0 2
1 0 0 11
1 0 0 11
1 0 0 11
1 0 0 11
1 0 0 11
1 0 0 11
1 0 0 11
1 0 0 11
1 0 0 5
1 0 0 12
1 0 0 12
1 0 0 12
1 0 0 12
1 0 0 12
1 0 0 12
1 0 0 12
1 0 0 12
1 0 0 12
1 0 0 12
1 0 0 10
1 0 0 10
1 0 0 10
1 0 0 10
1 0 0 10
1 0 0 10
1 0 0 13
1 0 0 5
1 0 0 5
1 0 0 14
1 0 0 14
1 0 0 14
1 0 0 14
1 0 0 14
1 0 0 14
1 0 0 14
1 0 0 14
1 0 0 14
1 0 0 14
1 0 0 15
1 0 0 15
1 0 0 15
1 0 0 15
1 0 0 15
1 0 0 15
1 0 0 15
1 0 0 15
1 0 0 15
1 0 0 15
1 0 0 13
1 0 0 13
1 0 0 13
1 0 0 13
1 0 0 13
1 0 0 13
1 0 0 13
1 0 0 13
1 0 0 13
1 0 0 10
1 0 0 10
1 0 0 10
1 0 0 11
1 0 0 11
1 0 0 5
1 0 0 16
1 0 0 16
1 0 0 16
1 0 0 16
1 0 0 16
1 0 0 16
1 0 0 16
1 0 0 16
1 0 0 17
1 0 0 17
1 0 0 17
1 0 0 17
1 0 0 17
1 0 0 17
1 0 0 17
1 0 0 17
1 0 0 17
1 0 0 17
1 0 0 16
1 0 0 16
0.1 3 4 -1
0.1 2 171 -1
0.1 1 172 -1
0.1 7 8 -1
0.1 6 174 -1
0.1 5 175 -1
0.1 176 9 -1
0.1 10 11 -1
0.1 15 16 -1
0.1 14 179 -1
0.1 180 17 -1
0.1 13 181 -1
0.1 18 19 -1
0.1 20 21 -1
0.1 183 184 -1
0.1 24 25 -1
0.1 23 186 -1
0.1 26 27 -1
0.1 187 188 -1
0.1 31 32 -1
0.1 190 33 -1
0.1 37 38 -1
0.1 36 192 -1
0.1 35 193 -1
0.1 34 194 -1
0.1 39 40 -1
0.1 195 196 -1
0.1 191 197 -1
0.1 42 43 -1
0.1 199 44 -1
0.1 41 200 -1
0.1 201 45 -1
0.1 198 202 -1
0.1 49 50 -1
0.1 48 204 -1
0.1 47 205 -1
0.1 206 51 -1
0.1 53 54 -1
0.1 55 56 -1
0.1 208 209 -1
0.1 210 57 -1
0.1 52 211 -1
0.1 212 58 -1
0.1 207 213 -1
0.1 46 214 -1
0.1 59 60 -1
0.1 215 216 -1
0.1 217 61 -1
0.1 203 218 -1
0.1 30 219 -1
0.1 29 220 -1
0.1 28 221 -1
0.1 189 222 -1
0.1 62 63 -1
0.1 223 224 -1
0.1 22 225 -1
0.1 226 64 -1
0.1 185 227 -1
0.1 182 228 -1
0.1 229 65 -1
0.1 12 230 -1
0.1 67 68 -1
0.1 66 232 -1
0.1 70 71 -1
0.1 69 234 -1
0.1 72 73 -1
0.1 235 236 -1
0.1 237 74 -1
0.1 233 238 -1
0.1 231 239 -1
0.1 178 240 -1
0.1 76 77 -1
0.1 78 79 -1
0.1 242 243 -1
0.1 75 244 -1
0.1 241 245 -1
0.1 246 80 -1
0.1 81 82 -1
0.1 247 248 -1
0.1 83 84 -1
0.1 249 250 -1
0.1 177 251 -1
0.1 173 252 -1
0.1 253 85 -1
0.1 86 87 -1
0.1 88 89 -1
0.1 256 90 -1
0.1 94 95 -1
0.1 93 258 -1
0.1 92 259 -1
0.1 91 260 -1
0.1 257 261 -1
0.1 262 96 -1
0.1 255 263 -1
0.1 97 98 -1
0.1 99 100 -1
0.1 101 102 -1
0.1 266 267 -1
0.1 103 104 -1
0.1 269 105 -1
0.1 268 270 -1
0.1 265 271 -1
0.1 107 108 -1
0.1 273 109 -1
0.1 110 111 -1
0.1 274 275 -1
0.1 106 276 -1
0.1 277 112 -1
0.1 116 117 -1
0.1 279 118 -1
0.1 119 120 -1
0.1 121 122 -1
0.1 281 282 -1
0.1 124 125 -1
0.1 126 127 -1
0.1 285 128 -1
0.1 130 131 -1
0.1 129 287 -1
0.1 286 288 -1
0.1 289 132 -1
0.1 290 133 -1
0.1 291 134 -1
0.1 292 135 -1
0.1 284 293 -1
0.1 123 294 -1
0.1 283 295 -1
0.1 280 296 -1
0.1 115 297 -1
0.1 114 298 -1
0.1 299 136 -1
0.1 113 300 -1
0.1 138 139 -1
0.1 137 302 -1
0.1 140 141 -1
0.1 304 142 -1
0.1 305 143 -1
0.1 303 306 -1
0.1 307 144 -1
0.1 301 308 -1
0.1 145 146 -1
0.1 309 310 -1
0.1 311 147 -1
0.1 278 312 -1
0.1 272 313 -1
0.1 148 149 -1
0.1 154 155 -1
0.1 316 156 -1
0.1 157 158 -1
0.1 317 318 -1
0.1 153 319 -1
0.1 159 160 -1
0.1 161 162 -1
0.1 163 164 -1
0.1 323 165 -1
0.1 322 324 -1
0.1 167 168 -1
0.1 166 326 -1
0.1 325 327 -1
0.1 321 328 -1
0.1 320 329 -1
0.1 330 169 -1
0.1 152 331 -1
0.1 151 332 -1
0.1 333 170 -1
0.1 150 334 -1
0.1 315 335 -1
0.1 314 336 -1
0.1 264 337 -1
0.1 254 338 -1
