1 0 0 1
1 0 0 2
1 0 0 2
1 0 0 2
1 0 0 2
1 0 0 2
1 0 0 2
1 0 0 2
1 0 0 2
1 0 0 2
1 0 0 2
1 0 0 1
1 0 0 3
1 0 0 3
1 0 0 3
1 0 0 3
1 0 0 3
1 0 0 3
1 0 0 3
1 0 0 3
1 0 0 3
1 0 0 3
1 0 0 4
1 0 0 4
1 0 0 4
1 0 0 4
1 0 0 5
1 0 0 5
1 0 0 5
1 0 0 5
1 0 0 5
1 0 0 5
1 0 0 5
1 0 0 5
1 0 0 5
1 0 0 5
1 0 0 6
1 0 0 6
1 0 0 6
1 0 0 6
1 0 0 6
1 0 0 6
1 0 0 6
1 0 0 6
1 0 0 6
1 0 0 6
1 0 0 4
1 0 0 4
1 0 0 4
1 0 0 4
1 0 0 7
1 0 0 7
1 0 0 7
1 0 0 7
1 0 0 7
1 0 0 7
1 0 0 7
1 0 0 7
1 0 0 7
1 0 0 7
1 0 0 4
1 0 0 4
1 0 0 1
1 0 0 1
1 0 0 8
1 0 0 8
1 0 0 8
1 0 0 8
1 0 0 8
1 0 0 8
1 0 0 8
1 0 0 8
1 0 0 8
1 0 0 8
1 0 0 1
1 0 0 1
1 0 0 1
1 0 0 1
1 0 0 1
1 0 0 9
1 0 0 9
1 0 0 9
1 0 0 9
1 0 0 9
1 0 0 9
1 0 0 9
1 0 0 9
1 0 0 9
1 0 0 9
1 0 0 1
1 0 0 10
1 0 0 10
1 0 0 10
1 0 0 10
1 0 0 10
1 0 0 10
1 0 0 10
1 0 0 10
1 0 0 10
1 0 0 10
1 0 0 11
1 0 0 11
1 0 0 12
1 0 0 12
1 0 0 12
1 0 0 12
1 0 0 12
1 0 0 12
1 0 0 13
1 0 0 13
1 0 0 13
1 0 0 13
1 0 0 14
1 0 0 14
1 0 0 14
1 0 0 14
1 0 0 14
1 0 0 14
1 0 0 14
1 0 0 14
1 0 0 14
1 0 0 14
1 0 0 13
1 0 0 13
1 0 0 13
1 0 0 13
1 0 0 13
1 0 0 13
1 0 0 11
1 0 0 15
1 0 0 16
1 0 0 15
1 0 0 16
1 0 0 16
1 0 0 16
1 0 0 16
1 0 0 16
1 0 0 16
1 0 0 16
1 0 0 16
1 0 0 16
1 0 0 15
1 0 0 15
1 0 0 15
1 0 0 15
1 0 0 12
1 0 0 12
1 0 0 11
1 0 0 11
1 0 0 11
1 0 0 12
1 0 0 12
1 0 0 15
1 0 0 15
1 0 0 15
1 0 0 15
1 0 0 11
1 0 0 11
1 0 0 11
1 0 0 11
0.1 2 3 -1
0.1 4 5 -1
0.1 6 7 -1
0.1 162 163 -1
0.1 8 9 -1
0.1 165 10 -1
0.1 164 166 -1
0.1 167 11 -1
0.1 161 168 -1
0.1 1 169 -1
0.1 13 14 -1
0.1 15 16 -1
0.1 17 18 -1
0.1 172 173 -1
0.1 20 21 -1
0.1 19 175 -1
0.1 174 176 -1
0.1 171 177 -1
0.1 24 25 -1
0.1 23 179 -1
0.1 27 28 -1
0.1 31 32 -1
0.1 30 182 -1
0.1 183 33 -1
0.1 184 34 -1
0.1 29 185 -1
0.1 35 36 -1
0.1 186 187 -1
0.1 181 188 -1
0.1 39 40 -1
0.1 38 190 -1
0.1 191 41 -1
0.1 44 45 -1
0.1 43 193 -1
0.1 42 194 -1
0.1 192 195 -1
0.1 196 46 -1
0.1 37 197 -1
0.1 189 198 -1
0.1 48 49 -1
0.1 53 54 -1
0.1 52 201 -1
0.1 57 58 -1
0.1 59 60 -1
0.1 203 204 -1
0.1 56 205 -1
0.1 55 206 -1
0.1 202 207 -1
0.1 51 208 -1
0.1 50 209 -1
0.1 200 210 -1
0.1 47 211 -1
0.1 199 212 -1
0.1 26 213 -1
0.1 61 62 -1
0.1 214 215 -1
0.1 180 216 -1
0.1 22 217 -1
0.1 178 218 -1
0.1 12 219 -1
0.1 170 220 -1
0.1 65 66 -1
0.1 222 67 -1
0.1 69 70 -1
0.1 68 224 -1
0.1 225 71 -1
0.1 223 226 -1
0.1 227 72 -1
0.1 228 73 -1
0.1 229 74 -1
0.1 230 75 -1
0.1 64 231 -1
0.1 232 76 -1
0.1 63 233 -1
0.1 77 78 -1
0.1 234 235 -1
0.1 82 83 -1
0.1 81 237 -1
0.1 80 238 -1
0.1 239 84 -1
0.1 85 86 -1
0.1 240 241 -1
0.1 87 88 -1
0.1 243 89 -1
0.1 242 244 -1
0.1 245 90 -1
0.1 79 246 -1
0.1 236 247 -1
0.1 221 248 -1
0.1 92 93 -1
0.1 250 94 -1
0.1 91 251 -1
0.1 95 96 -1
0.1 253 97 -1
0.1 254 98 -1
0.1 252 255 -1
0.1 99 100 -1
0.1 256 257 -1
0.1 101 102 -1
0.1 258 259 -1
0.1 104 105 -1
0.1 103 261 -1
0.1 106 107 -1
0.1 263 108 -1
0.1 262 264 -1
0.1 109 110 -1
0.1 113 114 -1
0.1 115 116 -1
0.1 117 118 -1
0.1 268 269 -1
0.1 119 120 -1
0.1 271 121 -1
0.1 272 122 -1
0.1 270 273 -1
0.1 267 274 -1
0.1 123 124 -1
0.1 275 276 -1
0.1 112 277 -1
0.1 111 278 -1
0.1 266 279 -1
0.1 125 126 -1
0.1 127 128 -1
0.1 281 282 -1
0.1 280 283 -1
0.1 284 129 -1
0.1 131 132 -1
0.1 130 286 -1
0.1 134 135 -1
0.1 288 136 -1
0.1 133 289 -1
0.1 138 139 -1
0.1 291 140 -1
0.1 137 292 -1
0.1 293 141 -1
0.1 290 294 -1
0.1 295 142 -1
0.1 296 143 -1
0.1 144 145 -1
0.1 297 298 -1
0.1 287 299 -1
0.1 146 147 -1
0.1 149 150 -1
0.1 148 302 -1
0.1 151 152 -1
0.1 303 304 -1
0.1 301 305 -1
0.1 306 153 -1
0.1 307 154 -1
0.1 300 308 -1
0.1 155 156 -1
0.1 309 310 -1
0.1 159 160 -1
0.1 158 312 -1
0.1 157 313 -1
0.1 311 314 -1
0.1 285 315 -1
0.1 265 316 -1
0.1 260 317 -1
0.1 249 318 -1
