1 0 0 1
1 0 0 1
1 0 0 1
1 0 0 1
1 0 0 1
1 0 0 1
1 0 0 1
1 0 0 1
1 0 0 1
1 0 0 1
1 0 0 2
1 0 0 3
1 0 0 3
1 0 0 3
1 0 0 3
1 0 0 3
1 0 0 3
1 0 0 3
1 0 0 3
1 0 0 3
1 0 0 3
1 0 0 2
1 0 0 2
1 0 0 2
1 0 0 2
1 0 0 4
1 0 0 4
1 0 0 4
1 0 0 4
1 0 0 4
1 0 0 4
1 0 0 4
1 0 0 4
1 0 0 4
1 0 0 4
1 0 0 2
1 0 0 2
1 0 0 2
1 0 0 2
1 0 0 2
1 0 0 5
1 0 0 5
1 0 0 5
1 0 0 6
1 0 0 6
1 0 0 6
1 0 0 6
1 0 0 6
1 0 0 6
1 0 0 6
1 0 0 6
1 0 0 6
1 0 0 6
1 0 0 7
1 0 0 7
1 0 0 7
1 0 0 7
1 0 0 7
1 0 0 7
1 0 0 7
1 0 0 7
1 0 0 8
1 0 0 8
1 0 0 8
1 0 0 8
1 0 0 8
1 0 0 8
1 0 0 8
1 0 0 8
1 0 0 8
1 0 0 9
1 0 0 9
1 0 0 9
1 0 0 9
1 0 0 9
1 0 0 9
1 0 0 9
1 0 0 9
1 0 0 9
1 0 0 9
1 0 0 8
1 0 0 7
1 0 0 7
1 0 0 10
1 0 0 10
1 0 0 10
1 0 0 10
1 0 0 10
1 0 0 10
1 0 0 10
1 0 0 10
1 0 0 10
1 0 0 10
1 0 0 5
1 0 0 5
1 0 0 5
1 0 0 5
1 0 0 5
1 0 0 5
1 0 0 5
0.1 1 2 -1
0.1 3 4 -1
0.1 5 6 -1
0.1 103 7 -1
0.1 8 9 -1
0.1 105 10 -1
0.1 104 106 -1
0.1 102 107 -1
0.1 101 108 -1
0.1 13 14 -1
0.1 12 110 -1
0.1 111 15 -1
0.1 16 17 -1
0.1 113 18 -1
0.1 112 114 -1
0.1 19 20 -1
0.1 116 21 -1
0.1 115 117 -1
0.1 22 23 -1
0.1 24 25 -1
0.1 119 120 -1
0.1 118 121 -1
0.1 11 122 -1
0.1 28 29 -1
0.1 30 31 -1
0.1 124 125 -1
0.1 32 33 -1
0.1 126 127 -1
0.1 27 128 -1
0.1 34 35 -1
0.1 129 130 -1
0.1 26 131 -1
0.1 39 40 -1
0.1 38 133 -1
0.1 37 134 -1
0.1 36 135 -1
0.1 132 136 -1
0.1 123 137 -1
0.1 109 138 -1
0.1 41 42 -1
0.1 45 46 -1
0.1 49 50 -1
0.1 48 142 -1
0.1 52 53 -1
0.1 51 144 -1
0.1 143 145 -1
0.1 47 146 -1
0.1 141 147 -1
0.1 44 148 -1
0.1 55 56 -1
0.1 54 150 -1
0.1 57 58 -1
0.1 59 60 -1
0.1 152 153 -1
0.1 62 63 -1
0.1 64 65 -1
0.1 66 67 -1
0.1 69 70 -1
0.1 68 158 -1
0.1 157 159 -1
0.1 156 160 -1
0.1 155 161 -1
0.1 73 74 -1
0.1 76 77 -1
0.1 75 164 -1
0.1 163 165 -1
0.1 166 78 -1
0.1 72 167 -1
0.1 79 80 -1
0.1 168 169 -1
0.1 71 170 -1
0.1 171 81 -1
0.1 162 172 -1
0.1 82 83 -1
0.1 173 174 -1
0.1 61 175 -1
0.1 154 176 -1
0.1 151 177 -1
0.1 149 178 -1
0.1 43 179 -1
0.1 140 180 -1
0.1 139 181 -1
0.1 85 86 -1
0.1 84 183 -1
0.1 87 88 -1
0.1 90 91 -1
0.1 89 186 -1
0.1 185 187 -1
0.1 188 92 -1
0.1 189 93 -1
0.1 184 190 -1
0.1 191 94 -1
0.1 96 97 -1
0.1 99 100 -1
0.1 98 194 -1
0.1 193 195 -1
0.1 95 196 -1
0.1 192 197 -1
0.1 182 198 -1
