1 0 0 1
1 0 0 1
1 0 0 1
1 0 0 1
1 0 0 1
1 0 0 1
1 0 0 1
1 0 0 1
1 0 0 1
1 0 0 1
1 0 0 2
1 0 0 2
1 0 0 2
1 0 0 2
1 0 0 2
1 0 0 2
1 0 0 2
1 0 0 3
1 0 0 3
1 0 0 3
1 0 0 3
1 0 0 3
1 0 0 3
1 0 0 3
1 0 0 3
1 0 0 3
1 0 0 3
1 0 0 4
1 0 0 4
1 0 0 4
1 0 0 4
1 0 0 4
1 0 0 4
1 0 0 4
1 0 0 4
1 0 0 4
1 0 0 4
1 0 0 2
1 0 0 2
1 0 0 2
1 0 0 5
1 0 0 5
1 0 0 5
1 0 0 5
1 0 0 5
1 0 0 5
1 0 0 5
1 0 0 5
1 0 0 5
1 0 0 5
1 0 0 6
1 0 0 6
1 0 0 6
1 0 0 6
1 0 0 6
1 0 0 6
1 0 0 6
1 0 0 6
1 0 0 6
1 0 0 6
1 0 0 7
1 0 0 7
1 0 0 7
1 0 0 7
1 0 0 7
1 0 0 8
1 0 0 8
1 0 0 8
1 0 0 8
1 0 0 8
1 0 0 8
1 0 0 8
1 0 0 8
1 0 0 8
1 0 0 8
1 0 0 7
1 0 0 7
1 0 0 7
1 0 0 7
1 0 0 7
1 0 0 9
1 0 0 9
1 0 0 9
1 0 0 9
1 0 0 9
1 0 0 9
1 0 0 9
1 0 0 10
1 0 0 10
1 0 0 10
1 0 0 10
1 0 0 10
1 0 0 10
1 0 0 10
1 0 0 10
1 0 0 10
1 0 0 10
1 0 0 9
1 0 0 9
1 0 0 9
0.1 1 2 -1
0.1 101 3 -1
0.1 4 5 -1
0.1 103 6 -1
0.1 102 104 -1
0.1 105 7 -1
0.1 8 9 -1
0.1 106 107 -1
0.1 108 10 -1
0.1 11 12 -1
0.1 110 13 -1
0.1 14 15 -1
0.1 16 17 -1
0.1 112 113 -1
0.1 18 19 -1
0.1 115 20 -1
0.1 23 24 -1
0.1 22 117 -1
0.1 25 26 -1
0.1 118 119 -1
0.1 21 120 -1
0.1 116 121 -1
0.1 29 30 -1
0.1 31 32 -1
0.1 33 34 -1
0.1 36 37 -1
0.1 35 126 -1
0.1 125 127 -1
0.1 124 128 -1
0.1 123 129 -1
0.1 28 130 -1
0.1 27 131 -1
0.1 122 132 -1
0.1 39 40 -1
0.1 38 134 -1
0.1 133 135 -1
0.1 114 136 -1
0.1 111 137 -1
0.1 109 138 -1
0.1 41 42 -1
0.1 45 46 -1
0.1 141 47 -1
0.1 44 142 -1
0.1 49 50 -1
0.1 48 144 -1
0.1 143 145 -1
0.1 43 146 -1
0.1 140 147 -1
0.1 51 52 -1
0.1 53 54 -1
0.1 56 57 -1
0.1 151 58 -1
0.1 55 152 -1
0.1 150 153 -1
0.1 59 60 -1
0.1 154 155 -1
0.1 149 156 -1
0.1 63 64 -1
0.1 158 65 -1
0.1 62 159 -1
0.1 61 160 -1
0.1 157 161 -1
0.1 68 69 -1
0.1 71 72 -1
0.1 70 164 -1
0.1 163 165 -1
0.1 67 166 -1
0.1 66 167 -1
0.1 74 75 -1
0.1 73 169 -1
0.1 168 170 -1
0.1 76 77 -1
0.1 172 78 -1
0.1 173 79 -1
0.1 171 174 -1
0.1 175 80 -1
0.1 162 176 -1
0.1 148 177 -1
0.1 139 178 -1
0.1 81 82 -1
0.1 83 84 -1
0.1 181 85 -1
0.1 182 86 -1
0.1 180 183 -1
0.1 184 87 -1
0.1 88 89 -1
0.1 92 93 -1
0.1 95 96 -1
0.1 94 188 -1
0.1 187 189 -1
0.1 91 190 -1
0.1 90 191 -1
0.1 186 192 -1
0.1 193 97 -1
0.1 185 194 -1
0.1 195 98 -1
0.1 99 100 -1
0.1 196 197 -1
0.1 179 198 -1
