1 0 0 1
1 0 0 2
1 0 0 2
1 0 0 2
1 0 0 3
1 0 0 3
1 0 0 3
1 0 0 3
1 0 0 3
1 0 0 3
1 0 0 3
1 0 0 3
1 0 0 3
1 0 0 3
1 0 0 4
1 0 0 4
1 0 0 4
1 0 0 4
1 0 0 2
1 0 0 2
1 0 0 4
1 0 0 5
1 0 0 5
1 0 0 5
1 0 0 5
1 0 0 5
1 0 0 5
1 0 0 5
1 0 0 5
1 0 0 6
1 0 0 6
1 0 0 6
1 0 0 6
1 0 0 6
1 0 0 6
1 0 0 6
1 0 0 6
1 0 0 6
1 0 0 6
1 0 0 5
1 0 0 7
1 0 0 7
1 0 0 7
1 0 0 7
1 0 0 5
1 0 0 7
1 0 0 7
1 0 0 7
1 0 0 7
1 0 0 7
1 0 0 7
1 0 0 4
1 0 0 4
1 0 0 4
1 0 0 4
1 0 0 4
1 0 0 2
1 0 0 2
1 0 0 2
1 0 0 2
1 0 0 2
1 0 0 8
1 0 0 9
1 0 0 8
1 0 0 10
1 0 0 10
1 0 0 10
1 0 0 9
1 0 0 10
1 0 0 10
1 0 0 10
1 0 0 10
1 0 0 10
1 0 0 10
1 0 0 10
1 0 0 8
1 0 0 8
1 0 0 8
1 0 0 8
1 0 0 8
1 0 0 8
1 0 0 8
1 0 0 8
1 0 0 11
1 0 0 11
1 0 0 11
1 0 0 11
1 0 0 11
1 0 0 11
1 0 0 11
1 0 0 11
1 0 0 11
1 0 0 11
1 0 0 1
1 0 0 1
1 0 0 1
1 0 0 1
1 0 0 1
1 0 0 9
1 0 0 1
1 0 0 12
1 0 0 12
1 0 0 9
1 0 0 12
1 0 0 12
1 0 0 12
1 0 0 12
1 0 0 12
1 0 0 12
1 0 0 12
1 0 0 12
1 0 0 9
1 0 0 9
1 0 0 13
1 0 0 13
1 0 0 14
1 0 0 14
1 0 0 14
1 0 0 14
1 0 0 14
1 0 0 14
1 0 0 14
1 0 0 14
1 0 0 14
1 0 0 14
1 0 0 15
1 0 0 15
1 0 0 15
1 0 0 13
1 0 0 13
1 0 0 13
1 0 0 13
1 0 0 13
1 0 0 13
1 0 0 13
1 0 0 13
1 0 0 15
1 0 0 15
1 0 0 15
1 0 0 15
1 0 0 15
1 0 0 15
1 0 0 15
1 0 0 9
1 0 0 9
1 0 0 9
1 0 0 9
1 0 0 1
1 0 0 1
1 0 0 1
0.1 5 6 -1
0.1 8 9 -1
0.1 7 152 -1
0.1 153 10 -1
0.1 154 11 -1
0.1 151 155 -1
0.1 12 13 -1
0.1 157 14 -1
0.1 156 158 -1
0.1 4 159 -1
0.1 3 160 -1
0.1 2 161 -1
0.1 15 16 -1
0.1 17 18 -1
0.1 163 164 -1
0.1 19 20 -1
0.1 165 166 -1
0.1 22 23 -1
0.1 168 24 -1
0.1 27 28 -1
0.1 31 32 -1
0.1 30 171 -1
0.1 36 37 -1
0.1 35 173 -1
0.1 34 174 -1
0.1 33 175 -1
0.1 38 39 -1
0.1 176 177 -1
0.1 172 178 -1
0.1 179 40 -1
0.1 29 180 -1
0.1 170 181 -1
0.1 26 182 -1
0.1 25 183 -1
0.1 169 184 -1
0.1 41 42 -1
0.1 46 47 -1
0.1 48 49 -1
0.1 187 188 -1
0.1 45 189 -1
0.1 44 190 -1
0.1 43 191 -1
0.1 192 50 -1
0.1 193 51 -1
0.1 186 194 -1
0.1 185 195 -1
0.1 52 53 -1
0.1 196 197 -1
0.1 21 198 -1
0.1 55 56 -1
0.1 54 200 -1
0.1 199 201 -1
0.1 202 57 -1
0.1 167 203 -1
0.1 162 204 -1
0.1 60 61 -1
0.1 59 206 -1
0.1 58 207 -1
0.1 205 208 -1
0.1 1 209 -1
0.1 65 66 -1
0.1 67 68 -1
0.1 71 72 -1
0.1 70 213 -1
0.1 69 214 -1
0.1 215 73 -1
0.1 212 216 -1
0.1 74 75 -1
0.1 217 218 -1
0.1 211 219 -1
0.1 220 76 -1
0.1 64 221 -1
0.1 63 222 -1
0.1 62 223 -1
0.1 78 79 -1
0.1 80 81 -1
0.1 225 226 -1
0.1 77 227 -1
0.1 224 228 -1
0.1 82 83 -1
0.1 229 230 -1
0.1 231 84 -1
0.1 232 85 -1
0.1 87 88 -1
0.1 89 90 -1
0.1 234 235 -1
0.1 86 236 -1
0.1 233 237 -1
0.1 91 92 -1
0.1 238 239 -1
0.1 240 93 -1
0.1 95 96 -1
0.1 94 242 -1
0.1 97 98 -1
0.1 243 244 -1
0.1 245 99 -1
0.1 246 100 -1
0.1 241 247 -1
0.1 101 102 -1
0.1 104 105 -1
0.1 107 108 -1
0.1 251 109 -1
0.1 106 252 -1
0.1 250 253 -1
0.1 103 254 -1
0.1 255 110 -1
0.1 249 256 -1
0.1 257 111 -1
0.1 112 113 -1
0.1 258 259 -1
0.1 116 117 -1
0.1 119 120 -1
0.1 118 262 -1
0.1 122 123 -1
0.1 121 264 -1
0.1 263 265 -1
0.1 261 266 -1
0.1 267 124 -1
0.1 268 125 -1
0.1 115 269 -1
0.1 114 270 -1
0.1 127 128 -1
0.1 126 272 -1
0.1 129 130 -1
0.1 133 134 -1
0.1 275 135 -1
0.1 132 276 -1
0.1 277 136 -1
0.1 131 278 -1
0.1 274 279 -1
0.1 137 138 -1
0.1 280 281 -1
0.1 282 139 -1
0.1 141 142 -1
0.1 140 284 -1
0.1 283 285 -1
0.1 273 286 -1
0.1 271 287 -1
0.1 288 143 -1
0.1 289 144 -1
0.1 145 146 -1
0.1 290 291 -1
0.1 260 292 -1
0.1 293 147 -1
0.1 294 148 -1
0.1 149 150 -1
0.1 295 296 -1
0.1 248 297 -1
0.1 210 298 -1
