1 0 0 1
1 0 0 1
1 0 0 1
1 0 0 2
1 0 0 1
1 0 0 1
1 0 0 3
1 0 0 3
1 0 0 3
1 0 0 3
1 0 0 3
1 0 0 3
1 0 0 4
1 0 0 4
1 0 0 4
1 0 0 5
1 0 0 5
1 0 0 5
1 0 0 5
1 0 0 5
1 0 0 5
1 0 0 6
1 0 0 6
1 0 0 6
1 0 0 6
1 0 0 6
1 0 0 6
1 0 0 6
1 0 0 6
1 0 0 6
1 0 0 6
1 0 0 5
1 0 0 5
1 0 0 4
1 0 0 4
1 0 0 5
1 0 0 4
1 0 0 4
1 0 0 4
1 0 0 4
1 0 0 4
1 0 0 5
1 0 0 3
1 0 0 3
1 0 0 3
1 0 0 3
1 0 0 2
1 0 0 2
1 0 0 2
1 0 0 2
1 0 0 2
1 0 0 2
1 0 0 2
1 0 0 1
1 0 0 1
1 0 0 1
1 0 0 2
1 0 0 2
1 0 0 1
1 0 0 1
1 0 0 7
1 0 0 7
1 0 0 7
1 0 0 8
1 0 0 7
1 0 0 8
1 0 0 8
1 0 0 8
1 0 0 8
1 0 0 8
1 0 0 8
1 0 0 8
1 0 0 8
1 0 0 8
1 0 0 7
1 0 0 7
1 0 0 7
1 0 0 7
1 0 0 9
1 0 0 9
1 0 0 9
1 0 0 9
1 0 0 9
1 0 0 9
1 0 0 10
1 0 0 10
1 0 0 10
1 0 0 10
1 0 0 10
1 0 0 10
1 0 0 10
1 0 0 10
1 0 0 10
1 0 0 10
1 0 0 9
1 0 0 9
1 0 0 9
1 0 0 11
1 0 0 11
1 0 0 11
1 0 0 11
1 0 0 11
1 0 0 11
1 0 0 11
1 0 0 11
1 0 0 11
1 0 0 11
1 0 0 9
1 0 0 7
1 0 0 12
1 0 0 12
1 0 0 12
1 0 0 12
1 0 0 12
1 0 0 12
1 0 0 13
1 0 0 13
1 0 0 13
1 0 0 13
1 0 0 13
1 0 0 13
1 0 0 13
1 0 0 13
1 0 0 13
1 0 0 14
1 0 0 14
1 0 0 14
1 0 0 14
1 0 0 14
1 0 0 14
1 0 0 14
1 0 0 14
1 0 0 14
1 0 0 14
1 0 0 7
1 0 0 13
1 0 0 12
1 0 0 12
1 0 0 12
1 0 0 12
1 0 0 15
1 0 0 15
1 0 0 15
1 0 0 15
1 0 0 15
1 0 0 15
1 0 0 15
1 0 0 15
1 0 0 15
1 0 0 15
0.1 2 3 -1
0.1 4 5 -1
0.1 151 152 -1
0.1 153 6 -1
0.1 1 154 -1
0.1 9 10 -1
0.1 8 156 -1
0.1 7 157 -1
0.1 13 14 -1
0.1 17 18 -1
0.1 20 21 -1
0.1 22 23 -1
0.1 162 24 -1
0.1 27 28 -1
0.1 26 164 -1
0.1 25 165 -1
0.1 166 29 -1
0.1 167 30 -1
0.1 168 31 -1
0.1 163 169 -1
0.1 161 170 -1
0.1 19 171 -1
0.1 160 172 -1
0.1 173 32 -1
0.1 16 174 -1
0.1 175 33 -1
0.1 34 35 -1
0.1 176 177 -1
0.1 15 178 -1
0.1 36 37 -1
0.1 40 41 -1
0.1 39 181 -1
0.1 38 182 -1
0.1 180 183 -1
0.1 179 184 -1
0.1 159 185 -1
0.1 186 42 -1
0.1 187 43 -1
0.1 12 188 -1
0.1 11 189 -1
0.1 44 45 -1
0.1 191 46 -1
0.1 190 192 -1
0.1 158 193 -1
0.1 50 51 -1
0.1 49 195 -1
0.1 196 52 -1
0.1 197 53 -1
0.1 48 198 -1
0.1 47 199 -1
0.1 200 54 -1
0.1 55 56 -1
0.1 201 202 -1
0.1 194 203 -1
0.1 155 204 -1
0.1 57 58 -1
0.1 206 59 -1
0.1 207 60 -1
0.1 205 208 -1
0.1 62 63 -1
0.1 67 68 -1
0.1 66 211 -1
0.1 70 71 -1
0.1 213 72 -1
0.1 69 214 -1
0.1 73 74 -1
0.1 215 216 -1
0.1 212 217 -1
0.1 65 218 -1
0.1 64 219 -1
0.1 210 220 -1
0.1 61 221 -1
0.1 75 76 -1
0.1 77 78 -1
0.1 82 83 -1
0.1 225 84 -1
0.1 81 226 -1
0.1 80 227 -1
0.1 86 87 -1
0.1 89 90 -1
0.1 88 230 -1
0.1 91 92 -1
0.1 232 93 -1
0.1 231 233 -1
0.1 234 94 -1
0.1 229 235 -1
0.1 98 99 -1
0.1 100 101 -1
0.1 237 238 -1
0.1 102 103 -1
0.1 105 106 -1
0.1 104 241 -1
0.1 240 242 -1
0.1 239 243 -1
0.1 244 107 -1
0.1 97 245 -1
0.1 96 246 -1
0.1 247 108 -1
0.1 95 248 -1
0.1 236 249 -1
0.1 85 250 -1
0.1 228 251 -1
0.1 79 252 -1
0.1 253 109 -1
0.1 224 254 -1
0.1 223 255 -1
0.1 222 256 -1
0.1 110 111 -1
0.1 112 113 -1
0.1 114 115 -1
0.1 259 260 -1
0.1 117 118 -1
0.1 116 262 -1
0.1 119 120 -1
0.1 121 122 -1
0.1 264 265 -1
0.1 263 266 -1
0.1 123 124 -1
0.1 126 127 -1
0.1 128 129 -1
0.1 269 270 -1
0.1 130 131 -1
0.1 272 132 -1
0.1 273 133 -1
0.1 274 134 -1
0.1 275 135 -1
0.1 271 276 -1
0.1 125 277 -1
0.1 278 136 -1
0.1 268 279 -1
0.1 267 280 -1
0.1 261 281 -1
0.1 282 137 -1
0.1 138 139 -1
0.1 283 284 -1
0.1 258 285 -1
0.1 286 140 -1
0.1 141 142 -1
0.1 143 144 -1
0.1 289 145 -1
0.1 290 146 -1
0.1 288 291 -1
0.1 287 292 -1
0.1 148 149 -1
0.1 147 294 -1
0.1 293 295 -1
0.1 296 150 -1
0.1 257 297 -1
0.1 209 298 -1
