1 0 0 1
1 0 0 1
1 0 0 1
1 0 0 1
1 0 0 1
1 0 0 1
1 0 0 1
1 0 0 2
1 0 0 2
1 0 0 2
1 0 0 2
1 0 0 2
1 0 0 2
1 0 0 2
1 0 0 2
1 0 0 2
1 0 0 2
1 0 0 1
1 0 0 1
1 0 0 3
1 0 0 4
1 0 0 4
1 0 0 4
1 0 0 4
1 0 0 4
1 0 0 4
1 0 0 5
1 0 0 5
1 0 0 5
1 0 0 5
1 0 0 5
1 0 0 5
1 0 0 5
1 0 0 3
1 0 0 5
1 0 0 5
1 0 0 5
1 0 0 4
1 0 0 4
1 0 0 4
1 0 0 4
1 0 0 3
1 0 0 3
1 0 0 3
1 0 0 3
1 0 0 6
1 0 0 7
1 0 0 7
1 0 0 7
1 0 0 7
1 0 0 7
1 0 0 7
1 0 0 7
1 0 0 7
1 0 0 7
1 0 0 7
1 0 0 6
1 0 0 6
1 0 0 8
1 0 0 8
1 0 0 8
1 0 0 8
1 0 0 8
1 0 0 8
1 0 0 8
1 0 0 8
1 0 0 8
1 0 0 1
1 0 0 8
1 0 0 6
1 0 0 9
1 0 0 9
1 0 0 9
1 0 0 9
1 0 0 9
1 0 0 9
1 0 0 9
1 0 0 9
1 0 0 9
1 0 0 9
1 0 0 6
1 0 0 6
1 0 0 10
1 0 0 11
1 0 0 11
1 0 0 11
1 0 0 10
1 0 0 10
1 0 0 10
1 0 0 10
1 0 0 10
1 0 0 10
1 0 0 10
1 0 0 10
1 0 0 11
1 0 0 11
1 0 0 11
1 0 0 11
1 0 0 11
1 0 0 12
1 0 0 12
1 0 0 12
1 0 0 12
1 0 0 12
1 0 0 12
1 0 0 12
1 0 0 12
1 0 0 10
1 0 0 12
1 0 0 12
1 0 0 11
1 0 0 11
1 0 0 6
1 0 0 3
1 0 0 3
1 0 0 3
1 0 0 3
1 0 0 13
1 0 0 13
1 0 0 13
1 0 0 13
1 0 0 13
1 0 0 13
1 0 0 13
1 0 0 13
1 0 0 13
1 0 0 13
1 0 0 6
1 0 0 6
1 0 0 6
0.1 3 4 -1
0.1 131 5 -1
0.1 132 6 -1
0.1 2 133 -1
0.1 10 11 -1
0.1 14 15 -1
0.1 13 136 -1
0.1 137 16 -1
0.1 138 17 -1
0.1 12 139 -1
0.1 135 140 -1
0.1 9 141 -1
0.1 8 142 -1
0.1 143 18 -1
0.1 7 144 -1
0.1 145 19 -1
0.1 134 146 -1
0.1 21 22 -1
0.1 25 26 -1
0.1 28 29 -1
0.1 150 30 -1
0.1 32 33 -1
0.1 31 152 -1
0.1 34 35 -1
0.1 153 154 -1
0.1 151 155 -1
0.1 156 36 -1
0.1 157 37 -1
0.1 27 158 -1
0.1 149 159 -1
0.1 38 39 -1
0.1 40 41 -1
0.1 161 162 -1
0.1 160 163 -1
0.1 24 164 -1
0.1 23 165 -1
0.1 148 166 -1
0.1 42 43 -1
0.1 167 168 -1
0.1 169 44 -1
0.1 170 45 -1
0.1 20 171 -1
0.1 48 49 -1
0.1 52 53 -1
0.1 51 174 -1
0.1 50 175 -1
0.1 173 176 -1
0.1 54 55 -1
0.1 177 178 -1
0.1 179 56 -1
0.1 47 180 -1
0.1 46 181 -1
0.1 172 182 -1
0.1 147 183 -1
0.1 57 58 -1
0.1 184 185 -1
0.1 1 186 -1
0.1 60 61 -1
0.1 62 63 -1
0.1 188 189 -1
0.1 65 66 -1
0.1 64 191 -1
0.1 192 67 -1
0.1 190 193 -1
0.1 59 194 -1
0.1 68 69 -1
0.1 195 196 -1
0.1 187 197 -1
0.1 198 70 -1
0.1 71 72 -1
0.1 73 74 -1
0.1 200 201 -1
0.1 76 77 -1
0.1 75 203 -1
0.1 202 204 -1
0.1 78 79 -1
0.1 206 80 -1
0.1 205 207 -1
0.1 208 81 -1
0.1 209 82 -1
0.1 210 83 -1
0.1 85 86 -1
0.1 87 88 -1
0.1 89 90 -1
0.1 214 91 -1
0.1 213 215 -1
0.1 93 94 -1
0.1 92 217 -1
0.1 218 95 -1
0.1 96 97 -1
0.1 219 220 -1
0.1 216 221 -1
0.1 98 99 -1
0.1 222 223 -1
0.1 101 102 -1
0.1 104 105 -1
0.1 103 226 -1
0.1 225 227 -1
0.1 228 106 -1
0.1 229 107 -1
0.1 108 109 -1
0.1 230 231 -1
0.1 232 110 -1
0.1 100 233 -1
0.1 224 234 -1
0.1 235 111 -1
0.1 212 236 -1
0.1 237 112 -1
0.1 84 238 -1
0.1 211 239 -1
0.1 114 115 -1
0.1 118 119 -1
0.1 120 121 -1
0.1 243 122 -1
0.1 242 244 -1
0.1 245 123 -1
0.1 124 125 -1
0.1 247 126 -1
0.1 248 127 -1
0.1 246 249 -1
0.1 117 250 -1
0.1 116 251 -1
0.1 252 128 -1
0.1 241 253 -1
0.1 254 129 -1
0.1 255 130 -1
0.1 113 256 -1
0.1 240 257 -1
0.1 199 258 -1
