1 0 0 1
1 0 0 1
1 0 0 1
1 0 0 1
1 0 0 1
1 0 0 1
1 0 0 1
1 0 0 1
1 0 0 1
1 0 0 1
1 0 0 1
1 0 0 1
1 0 0 1
1 0 0 1
1 0 0 1
1 0 0 1
1 0 0 1
1 0 0 1
1 0 0 1
1 0 0 1
1 0 0 2
1 0 0 2
1 0 0 2
1 0 0 2
1 0 0 2
1 0 0 2
1 0 0 2
1 0 0 2
1 0 0 2
1 0 0 2
1 0 0 2
1 0 0 2
1 0 0 2
1 0 0 2
1 0 0 2
1 0 0 2
1 0 0 2
1 0 0 2
1 0 0 2
1 0 0 2
1 0 0 3
1 0 0 3
1 0 0 3
1 0 0 3
1 0 0 3
1 0 0 4
1 0 0 4
1 0 0 4
1 0 0 4
1 0 0 5
1 0 0 5
1 0 0 5
1 0 0 5
1 0 0 5
1 0 0 5
1 0 0 5
1 0 0 5
1 0 0 5
1 0 0 5
1 0 0 5
1 0 0 5
1 0 0 5
1 0 0 5
1 0 0 5
1 0 0 5
1 0 0 5
1 0 0 5
1 0 0 5
1 0 0 5
1 0 0 4
1 0 0 4
1 0 0 4
1 0 0 4
1 0 0 4
1 0 0 4
1 0 0 4
1 0 0 4
1 0 0 4
1 0 0 4
1 0 0 4
1 0 0 4
1 0 0 4
1 0 0 4
1 0 0 4
1 0 0 4
1 0 0 3
1 0 0 3
1 0 0 3
1 0 0 3
1 0 0 3
1 0 0 3
1 0 0 6
1 0 0 6
1 0 0 6
1 0 0 6
1 0 0 6
1 0 0 6
1 0 0 6
1 0 0 6
1 0 0 6
1 0 0 6
1 0 0 6
1 0 0 6
1 0 0 6
1 0 0 6
1 0 0 6
1 0 0 6
1 0 0 6
1 0 0 6
1 0 0 6
1 0 0 6
1 0 0 7
1 0 0 7
1 0 0 7
1 0 0 7
1 0 0 7
1 0 0 7
1 0 0 7
1 0 0 7
1 0 0 7
1 0 0 7
1 0 0 7
1 0 0 7
1 0 0 7
1 0 0 7
1 0 0 7
1 0 0 7
1 0 0 7
1 0 0 7
1 0 0 7
1 0 0 7
1 0 0 8
1 0 0 8
1 0 0 8
1 0 0 8
1 0 0 8
1 0 0 8
1 0 0 8
1 0 0 8
1 0 0 8
1 0 0 8
1 0 0 8
1 0 0 8
1 0 0 8
1 0 0 8
1 0 0 8
1 0 0 8
1 0 0 8
1 0 0 8
1 0 0 8
1 0 0 8
1 0 0 3
1 0 0 3
1 0 0 3
1 0 0 3
1 0 0 3
1 0 0 3
1 0 0 3
1 0 0 3
1 0 0 3
1 0 0 9
1 0 0 9
1 0 0 9
1 0 0 10
1 0 0 10
1 0 0 10
1 0 0 10
1 0 0 10
1 0 0 10
1 0 0 10
1 0 0 10
1 0 0 10
1 0 0 10
1 0 0 10
1 0 0 10
1 0 0 10
1 0 0 10
1 0 0 10
1 0 0 10
1 0 0 10
1 0 0 10
1 0 0 10
1 0 0 10
1 0 0 9
1 0 0 11
1 0 0 11
1 0 0 11
1 0 0 11
1 0 0 11
1 0 0 11
1 0 0 11
1 0 0 11
1 0 0 11
1 0 0 11
1 0 0 11
1 0 0 11
1 0 0 11
1 0 0 11
1 0 0 11
1 0 0 11
1 0 0 11
1 0 0 11
1 0 0 11
1 0 0 11
1 0 0 9
1 0 0 9
1 0 0 9
1 0 0 9
1 0 0 9
1 0 0 9
1 0 0 9
1 0 0 9
1 0 0 9
1 0 0 12
1 0 0 12
1 0 0 12
1 0 0 12
1 0 0 12
1 0 0 12
1 0 0 12
1 0 0 12
1 0 0 12
1 0 0 12
1 0 0 12
1 0 0 12
1 0 0 12
1 0 0 12
1 0 0 12
1 0 0 12
1 0 0 12
1 0 0 12
1 0 0 12
1 0 0 12
1 0 0 9
1 0 0 9
1 0 0 9
1 0 0 9
1 0 0 9
1 0 0 9
1 0 0 9
1 0 0 13
1 0 0 13
1 0 0 13
1 0 0 14
1 0 0 14
1 0 0 14
1 0 0 14
1 0 0 14
1 0 0 14
1 0 0 14
1 0 0 14
1 0 0 14
1 0 0 14
1 0 0 14
1 0 0 14
1 0 0 14
1 0 0 14
1 0 0 14
1 0 0 14
1 0 0 14
1 0 0 14
1 0 0 14
1 0 0 14
1 0 0 13
1 0 0 13
1 0 0 13
1 0 0 13
1 0 0 13
1 0 0 13
1 0 0 13
1 0 0 13
1 0 0 13
1 0 0 13
1 0 0 13
1 0 0 13
1 0 0 13
1 0 0 13
1 0 0 13
1 0 0 13
1 0 0 13
0.1 1 2 -1
0.1 3 4 -1
0.1 281 282 -1
0.1 5 6 -1
0.1 283 284 -1
0.1 8 9 -1
0.1 7 286 -1
0.1 12 13 -1
0.1 11 288 -1
0.1 10 289 -1
0.1 14 15 -1
0.1 19 20 -1
0.1 18 292 -1
0.1 17 293 -1
0.1 16 294 -1
0.1 291 295 -1
0.1 290 296 -1
0.1 287 297 -1
0.1 285 298 -1
0.1 21 22 -1
0.1 23 24 -1
0.1 301 25 -1
0.1 300 302 -1
0.1 26 27 -1
0.1 304 28 -1
0.1 29 30 -1
0.1 32 33 -1
0.1 307 34 -1
0.1 31 308 -1
0.1 306 309 -1
0.1 305 310 -1
0.1 36 37 -1
0.1 35 312 -1
0.1 39 40 -1
0.1 38 314 -1
0.1 313 315 -1
0.1 311 316 -1
0.1 303 317 -1
0.1 299 318 -1
0.1 44 45 -1
0.1 47 48 -1
0.1 51 52 -1
0.1 50 322 -1
0.1 323 53 -1
0.1 56 57 -1
0.1 55 325 -1
0.1 58 59 -1
0.1 60 61 -1
0.1 327 328 -1
0.1 326 329 -1
0.1 64 65 -1
0.1 67 68 -1
0.1 332 69 -1
0.1 66 333 -1
0.1 331 334 -1
0.1 63 335 -1
0.1 62 336 -1
0.1 330 337 -1
0.1 54 338 -1
0.1 324 339 -1
0.1 70 71 -1
0.1 72 73 -1
0.1 76 77 -1
0.1 75 343 -1
0.1 74 344 -1
0.1 342 345 -1
0.1 341 346 -1
0.1 340 347 -1
0.1 79 80 -1
0.1 349 81 -1
0.1 83 84 -1
0.1 82 351 -1
0.1 350 352 -1
0.1 78 353 -1
0.1 348 354 -1
0.1 49 355 -1
0.1 321 356 -1
0.1 357 85 -1
0.1 46 358 -1
0.1 359 86 -1
0.1 320 360 -1
0.1 43 361 -1
0.1 42 362 -1
0.1 363 87 -1
0.1 41 364 -1
0.1 88 89 -1
0.1 366 90 -1
0.1 367 91 -1
0.1 365 368 -1
0.1 93 94 -1
0.1 92 370 -1
0.1 95 96 -1
0.1 97 98 -1
0.1 373 99 -1
0.1 372 374 -1
0.1 101 102 -1
0.1 103 104 -1
0.1 377 105 -1
0.1 376 378 -1
0.1 100 379 -1
0.1 107 108 -1
0.1 106 381 -1
0.1 380 382 -1
0.1 375 383 -1
0.1 371 384 -1
0.1 109 110 -1
0.1 386 111 -1
0.1 385 387 -1
0.1 112 113 -1
0.1 115 116 -1
0.1 114 390 -1
0.1 391 117 -1
0.1 389 392 -1
0.1 118 119 -1
0.1 120 121 -1
0.1 394 395 -1
0.1 123 124 -1
0.1 125 126 -1
0.1 398 127 -1
0.1 397 399 -1
0.1 122 400 -1
0.1 401 128 -1
0.1 396 402 -1
0.1 393 403 -1
0.1 130 131 -1
0.1 129 405 -1
0.1 404 406 -1
0.1 388 407 -1
0.1 132 133 -1
0.1 134 135 -1
0.1 410 136 -1
0.1 411 137 -1
0.1 138 139 -1
0.1 412 413 -1
0.1 141 142 -1
0.1 415 143 -1
0.1 140 416 -1
0.1 414 417 -1
0.1 418 144 -1
0.1 146 147 -1
0.1 145 420 -1
0.1 148 149 -1
0.1 421 422 -1
0.1 419 423 -1
0.1 424 150 -1
0.1 409 425 -1
0.1 426 151 -1
0.1 153 154 -1
0.1 152 428 -1
0.1 156 157 -1
0.1 158 159 -1
0.1 430 431 -1
0.1 155 432 -1
0.1 433 160 -1
0.1 429 434 -1
0.1 427 435 -1
0.1 408 436 -1
0.1 369 437 -1
0.1 319 438 -1
0.1 162 163 -1
0.1 164 165 -1
0.1 168 169 -1
0.1 171 172 -1
0.1 170 443 -1
0.1 442 444 -1
0.1 445 173 -1
0.1 167 446 -1
0.1 447 174 -1
0.1 166 448 -1
0.1 441 449 -1
0.1 175 176 -1
0.1 451 177 -1
0.1 450 452 -1
0.1 453 178 -1
0.1 454 179 -1
0.1 180 181 -1
0.1 182 183 -1
0.1 456 457 -1
0.1 455 458 -1
0.1 186 187 -1
0.1 185 460 -1
0.1 184 461 -1
0.1 189 190 -1
0.1 191 192 -1
0.1 463 464 -1
0.1 193 194 -1
0.1 465 466 -1
0.1 467 195 -1
0.1 197 198 -1
0.1 196 469 -1
0.1 199 200 -1
0.1 471 201 -1
0.1 202 203 -1
0.1 473 204 -1
0.1 472 474 -1
0.1 470 475 -1
0.1 468 476 -1
0.1 188 477 -1
0.1 462 478 -1
0.1 459 479 -1
0.1 206 207 -1
0.1 205 481 -1
0.1 480 482 -1
0.1 209 210 -1
0.1 211 212 -1
0.1 484 485 -1
0.1 486 213 -1
0.1 208 487 -1
0.1 483 488 -1
0.1 217 218 -1
0.1 220 221 -1
0.1 219 491 -1
0.1 222 223 -1
0.1 492 493 -1
0.1 490 494 -1
0.1 216 495 -1
0.1 215 496 -1
0.1 214 497 -1
0.1 224 225 -1
0.1 498 499 -1
0.1 229 230 -1
0.1 228 501 -1
0.1 227 502 -1
0.1 226 503 -1
0.1 231 232 -1
0.1 505 233 -1
0.1 504 506 -1
0.1 500 507 -1
0.1 234 235 -1
0.1 508 509 -1
0.1 489 510 -1
0.1 238 239 -1
0.1 237 512 -1
0.1 236 513 -1
0.1 514 240 -1
0.1 511 515 -1
0.1 440 516 -1
0.1 161 517 -1
0.1 518 241 -1
0.1 242 243 -1
0.1 245 246 -1
0.1 248 249 -1
0.1 247 522 -1
0.1 250 251 -1
0.1 253 254 -1
0.1 252 525 -1
0.1 524 526 -1
0.1 523 527 -1
0.1 256 257 -1
0.1 255 529 -1
0.1 258 259 -1
0.1 531 260 -1
0.1 530 532 -1
0.1 528 533 -1
0.1 534 261 -1
0.1 262 263 -1
0.1 535 536 -1
0.1 521 537 -1
0.1 244 538 -1
0.1 520 539 -1
0.1 519 540 -1
0.1 264 265 -1
0.1 266 267 -1
0.1 542 543 -1
0.1 269 270 -1
0.1 271 272 -1
0.1 546 273 -1
0.1 545 547 -1
0.1 268 548 -1
0.1 274 275 -1
0.1 549 550 -1
0.1 544 551 -1
0.1 541 552 -1
0.1 279 280 -1
0.1 278 554 -1
0.1 277 555 -1
0.1 276 556 -1
0.1 553 557 -1
0.1 439 558 -1
