1 0 0 1
1 0 0 1
1 0 0 1
1 0 0 1
1 0 0 1
1 0 0 1
1 0 0 1
1 0 0 1
1 0 0 1
1 0 0 1
1 0 0 2
1 0 0 3
1 0 0 3
1 0 0 3
1 0 0 3
1 0 0 3
1 0 0 3
1 0 0 3
1 0 0 3
1 0 0 3
1 0 0 3
1 0 0 2
1 0 0 4
1 0 0 5
1 0 0 5
1 0 0 5
1 0 0 5
1 0 0 5
1 0 0 5
1 0 0 5
1 0 0 5
1 0 0 5
1 0 0 5
1 0 0 6
1 0 0 6
1 0 0 6
1 0 0 6
1 0 0 6
1 0 0 6
1 0 0 6
1 0 0 6
1 0 0 6
1 0 0 6
1 0 0 4
1 0 0 4
1 0 0 4
1 0 0 4
1 0 0 4
1 0 0 4
1 0 0 4
1 0 0 7
1 0 0 7
1 0 0 7
1 0 0 7
1 0 0 7
1 0 0 7
1 0 0 7
1 0 0 7
1 0 0 7
1 0 0 7
1 0 0 4
1 0 0 4
1 0 0 2
1 0 0 2
1 0 0 2
1 0 0 2
1 0 0 8
1 0 0 8
1 0 0 8
1 0 0 8
1 0 0 8
1 0 0 8
1 0 0 8
1 0 0 8
1 0 0 8
1 0 0 8
1 0 0 2
1 0 0 2
1 0 0 9
1 0 0 9
1 0 0 9
1 0 0 9
1 0 0 9
1 0 0 9
1 0 0 9
1 0 0 9
1 0 0 9
1 0 0 9
1 0 0 2
1 0 0 2
1 0 0 10
1 0 0 10
1 0 0 10
1 0 0 11
1 0 0 12
1 0 0 12
1 0 0 12
1 0 0 12
1 0 0 12
1 0 0 12
1 0 0 12
1 0 0 12
1 0 0 12
1 0 0 12
1 0 0 13
1 0 0 13
1 0 0 13
1 0 0 13
1 0 0 13
1 0 0 13
1 0 0 13
1 0 0 13
1 0 0 13
1 0 0 13
1 0 0 11
1 0 0 11
1 0 0 11
1 0 0 11
1 0 0 14
1 0 0 14
1 0 0 14
1 0 0 14
1 0 0 14
1 0 0 14
1 0 0 14
1 0 0 14
1 0 0 14
1 0 0 14
1 0 0 11
1 0 0 15
1 0 0 15
1 0 0 15
1 0 0 15
1 0 0 15
1 0 0 15
1 0 0 15
1 0 0 15
1 0 0 15
1 0 0 15
1 0 0 16
1 0 0 16
1 0 0 16
1 0 0 16
1 0 0 16
1 0 0 16
1 0 0 16
1 0 0 16
1 0 0 16
1 0 0 16
1 0 0 17
1 0 0 17
1 0 0 17
1 0 0 17
1 0 0 17
1 0 0 17
1 0 0 17
1 0 0 17
1 0 0 17
1 0 0 17
1 0 0 18
1 0 0 18
1 0 0 18
1 0 0 18
1 0 0 18
1 0 0 18
1 0 0 18
1 0 0 18
1 0 0 18
1 0 0 18
1 0 0 11
1 0 0 11
1 0 0 19
1 0 0 19
1 0 0 19
1 0 0 19
1 0 0 19
1 0 0 19
1 0 0 19
1 0 0 19
1 0 0 19
1 0 0 19
1 0 0 11
1 0 0 20
1 0 0 20
1 0 0 20
1 0 0 20
1 0 0 20
1 0 0 20
1 0 0 20
1 0 0 20
1 0 0 20
1 0 0 20
1 0 0 11
1 0 0 21
1 0 0 21
1 0 0 21
1 0 0 21
1 0 0 21
1 0 0 21
1 0 0 21
1 0 0 21
1 0 0 21
1 0 0 21
1 0 0 22
1 0 0 22
1 0 0 22
1 0 0 22
1 0 0 23
1 0 0 23
1 0 0 23
1 0 0 23
1 0 0 23
1 0 0 23
1 0 0 23
1 0 0 23
1 0 0 23
1 0 0 23
1 0 0 22
1 0 0 22
1 0 0 22
1 0 0 22
1 0 0 22
1 0 0 22
1 0 0 10
1 0 0 10
1 0 0 10
1 0 0 10
1 0 0 10
1 0 0 10
1 0 0 10
0.1 2 3 -1
0.1 1 231 -1
0.1 4 5 -1
0.1 232 233 -1
0.1 234 6 -1
0.1 7 8 -1
0.1 235 236 -1
0.1 9 10 -1
0.1 237 238 -1
0.1 12 13 -1
0.1 15 16 -1
0.1 14 241 -1
0.1 17 18 -1
0.1 20 21 -1
0.1 19 244 -1
0.1 243 245 -1
0.1 242 246 -1
0.1 240 247 -1
0.1 11 248 -1
0.1 239 249 -1
0.1 27 28 -1
0.1 251 29 -1
0.1 252 30 -1
0.1 26 253 -1
0.1 25 254 -1
0.1 24 255 -1
0.1 31 32 -1
0.1 256 257 -1
0.1 258 33 -1
0.1 34 35 -1
0.1 36 37 -1
0.1 260 261 -1
0.1 38 39 -1
0.1 263 40 -1
0.1 41 42 -1
0.1 265 43 -1
0.1 264 266 -1
0.1 262 267 -1
0.1 259 268 -1
0.1 23 269 -1
0.1 44 45 -1
0.1 46 47 -1
0.1 53 54 -1
0.1 52 273 -1
0.1 55 56 -1
0.1 57 58 -1
0.1 59 60 -1
0.1 276 277 -1
0.1 275 278 -1
0.1 274 279 -1
0.1 51 280 -1
0.1 50 281 -1
0.1 49 282 -1
0.1 48 283 -1
0.1 272 284 -1
0.1 271 285 -1
0.1 61 62 -1
0.1 286 287 -1
0.1 270 288 -1
0.1 289 63 -1
0.1 22 290 -1
0.1 64 65 -1
0.1 292 66 -1
0.1 291 293 -1
0.1 250 294 -1
0.1 67 68 -1
0.1 70 71 -1
0.1 297 72 -1
0.1 73 74 -1
0.1 75 76 -1
0.1 299 300 -1
0.1 298 301 -1
0.1 69 302 -1
0.1 296 303 -1
0.1 304 77 -1
0.1 81 82 -1
0.1 306 83 -1
0.1 80 307 -1
0.1 79 308 -1
0.1 84 85 -1
0.1 86 87 -1
0.1 310 311 -1
0.1 312 88 -1
0.1 309 313 -1
0.1 89 90 -1
0.1 92 93 -1
0.1 95 96 -1
0.1 97 98 -1
0.1 317 318 -1
0.1 103 104 -1
0.1 102 320 -1
0.1 101 321 -1
0.1 100 322 -1
0.1 99 323 -1
0.1 319 324 -1
0.1 105 106 -1
0.1 107 108 -1
0.1 326 327 -1
0.1 109 110 -1
0.1 113 114 -1
0.1 112 330 -1
0.1 111 331 -1
0.1 329 332 -1
0.1 328 333 -1
0.1 325 334 -1
0.1 335 115 -1
0.1 94 336 -1
0.1 116 117 -1
0.1 338 118 -1
0.1 337 339 -1
0.1 119 120 -1
0.1 341 121 -1
0.1 342 122 -1
0.1 124 125 -1
0.1 123 344 -1
0.1 343 345 -1
0.1 127 128 -1
0.1 126 347 -1
0.1 346 348 -1
0.1 349 129 -1
0.1 134 135 -1
0.1 133 351 -1
0.1 132 352 -1
0.1 131 353 -1
0.1 137 138 -1
0.1 136 355 -1
0.1 354 356 -1
0.1 357 139 -1
0.1 130 358 -1
0.1 142 143 -1
0.1 141 360 -1
0.1 140 361 -1
0.1 146 147 -1
0.1 145 363 -1
0.1 144 364 -1
0.1 365 148 -1
0.1 154 155 -1
0.1 153 367 -1
0.1 152 368 -1
0.1 151 369 -1
0.1 150 370 -1
0.1 158 159 -1
0.1 157 372 -1
0.1 156 373 -1
0.1 371 374 -1
0.1 149 375 -1
0.1 366 376 -1
0.1 362 377 -1
0.1 161 162 -1
0.1 379 163 -1
0.1 164 165 -1
0.1 381 166 -1
0.1 167 168 -1
0.1 383 169 -1
0.1 382 384 -1
0.1 380 385 -1
0.1 160 386 -1
0.1 378 387 -1
0.1 175 176 -1
0.1 174 389 -1
0.1 173 390 -1
0.1 172 391 -1
0.1 177 178 -1
0.1 393 179 -1
0.1 394 180 -1
0.1 395 181 -1
0.1 392 396 -1
0.1 171 397 -1
0.1 170 398 -1
0.1 388 399 -1
0.1 185 186 -1
0.1 187 188 -1
0.1 401 402 -1
0.1 184 403 -1
0.1 183 404 -1
0.1 190 191 -1
0.1 189 406 -1
0.1 407 192 -1
0.1 405 408 -1
0.1 195 196 -1
0.1 194 410 -1
0.1 199 200 -1
0.1 198 412 -1
0.1 197 413 -1
0.1 411 414 -1
0.1 415 201 -1
0.1 202 203 -1
0.1 416 417 -1
0.1 193 418 -1
0.1 206 207 -1
0.1 205 420 -1
0.1 209 210 -1
0.1 211 212 -1
0.1 214 215 -1
0.1 213 424 -1
0.1 423 425 -1
0.1 422 426 -1
0.1 208 427 -1
0.1 216 217 -1
0.1 428 429 -1
0.1 430 218 -1
0.1 219 220 -1
0.1 431 432 -1
0.1 421 433 -1
0.1 221 222 -1
0.1 434 435 -1
0.1 436 223 -1
0.1 204 437 -1
0.1 419 438 -1
0.1 409 439 -1
0.1 182 440 -1
0.1 400 441 -1
0.1 359 442 -1
0.1 350 443 -1
0.1 340 444 -1
0.1 316 445 -1
0.1 225 226 -1
0.1 227 228 -1
0.1 229 230 -1
0.1 448 449 -1
0.1 447 450 -1
0.1 224 451 -1
0.1 446 452 -1
0.1 91 453 -1
0.1 315 454 -1
0.1 314 455 -1
0.1 78 456 -1
0.1 305 457 -1
0.1 295 458 -1
