1 0 0 1
1 0 0 2
1 0 0 2
1 0 0 2
1 0 0 2
1 0 0 2
1 0 0 2
1 0 0 2
1 0 0 2
1 0 0 2
1 0 0 2
1 0 0 3
1 0 0 3
1 0 0 3
1 0 0 3
1 0 0 3
1 0 0 3
1 0 0 3
1 0 0 3
1 0 0 3
1 0 0 3
1 0 0 1
1 0 0 1
1 0 0 1
1 0 0 1
1 0 0 1
1 0 0 4
1 0 0 4
1 0 0 4
1 0 0 4
1 0 0 4
1 0 0 5
1 0 0 5
1 0 0 5
1 0 0 5
1 0 0 5
1 0 0 5
1 0 0 5
1 0 0 5
1 0 0 5
1 0 0 5
1 0 0 4
1 0 0 6
1 0 0 6
1 0 0 6
1 0 0 6
1 0 0 6
1 0 0 6
1 0 0 6
1 0 0 6
1 0 0 6
1 0 0 6
1 0 0 7
1 0 0 7
1 0 0 7
1 0 0 7
1 0 0 7
1 0 0 7
1 0 0 7
1 0 0 7
1 0 0 7
1 0 0 7
1 0 0 4
1 0 0 4
1 0 0 4
1 0 0 4
1 0 0 8
1 0 0 8
1 0 0 8
1 0 0 8
1 0 0 8
1 0 0 8
1 0 0 8
1 0 0 8
1 0 0 8
1 0 0 1
1 0 0 8
1 0 0 9
1 0 0 9
1 0 0 9
1 0 0 9
1 0 0 9
1 0 0 9
1 0 0 9
1 0 0 9
1 0 0 9
1 0 0 9
1 0 0 1
1 0 0 1
1 0 0 10
1 0 0 10
1 0 0 11
1 0 0 11
1 0 0 11
1 0 0 11
1 0 0 11
1 0 0 11
1 0 0 11
1 0 0 11
1 0 0 11
1 0 0 11
1 0 0 12
1 0 0 12
1 0 0 12
1 0 0 12
1 0 0 12
1 0 0 12
1 0 0 12
1 0 0 12
1 0 0 12
1 0 0 12
1 0 0 10
1 0 0 10
1 0 0 13
1 0 0 13
1 0 0 13
1 0 0 13
1 0 0 13
1 0 0 13
1 0 0 13
1 0 0 13
1 0 0 13
1 0 0 13
1 0 0 14
1 0 0 14
1 0 0 14
1 0 0 14
1 0 0 14
1 0 0 14
1 0 0 14
1 0 0 14
1 0 0 14
1 0 0 14
1 0 0 10
1 0 0 10
1 0 0 10
1 0 0 10
1 0 0 15
1 0 0 16
1 0 0 16
1 0 0 16
1 0 0 16
1 0 0 16
1 0 0 16
1 0 0 16
1 0 0 16
1 0 0 16
1 0 0 16
1 0 0 15
1 0 0 15
1 0 0 15
1 0 0 15
1 0 0 15
1 0 0 15
1 0 0 15
1 0 0 15
1 0 0 15
1 0 0 17
1 0 0 17
1 0 0 17
1 0 0 17
1 0 0 17
1 0 0 17
1 0 0 17
1 0 0 17
1 0 0 17
1 0 0 17
1 0 0 10
1 0 0 18
1 0 0 18
1 0 0 18
1 0 0 18
1 0 0 18
1 0 0 18
1 0 0 18
1 0 0 18
1 0 0 18
1 0 0 18
1 0 0 19
1 0 0 19
1 0 0 19
1 0 0 19
1 0 0 19
1 0 0 19
1 0 0 20
1 0 0 20
1 0 0 20
1 0 0 20
1 0 0 20
1 0 0 20
1 0 0 20
1 0 0 20
1 0 0 20
1 0 0 20
1 0 0 19
1 0 0 19
1 0 0 19
1 0 0 19
1 0 0 21
1 0 0 21
1 0 0 21
1 0 0 21
1 0 0 21
1 0 0 21
1 0 0 21
1 0 0 21
1 0 0 21
1 0 0 21
1 0 0 10
1 0 0 22
1 0 0 22
1 0 0 22
1 0 0 22
1 0 0 22
1 0 0 22
1 0 0 22
1 0 0 22
1 0 0 22
1 0 0 22
1 0 0 23
1 0 0 23
1 0 0 23
1 0 0 23
1 0 0 23
1 0 0 23
1 0 0 23
1 0 0 23
1 0 0 23
1 0 0 23
1 0 0 1
0.1 3 4 -1
0.1 2 231 -1
0.1 6 7 -1
0.1 233 8 -1
0.1 5 234 -1
0.1 232 235 -1
0.1 9 10 -1
0.1 236 237 -1
0.1 238 11 -1
0.1 1 239 -1
0.1 12 13 -1
0.1 15 16 -1
0.1 242 17 -1
0.1 18 19 -1
0.1 243 244 -1
0.1 14 245 -1
0.1 241 246 -1
0.1 20 21 -1
0.1 247 248 -1
0.1 23 24 -1
0.1 22 250 -1
0.1 27 28 -1
0.1 30 31 -1
0.1 34 35 -1
0.1 33 254 -1
0.1 255 36 -1
0.1 37 38 -1
0.1 39 40 -1
0.1 257 258 -1
0.1 256 259 -1
0.1 32 260 -1
0.1 261 41 -1
0.1 253 262 -1
0.1 29 263 -1
0.1 252 264 -1
0.1 43 44 -1
0.1 46 47 -1
0.1 45 267 -1
0.1 268 48 -1
0.1 49 50 -1
0.1 269 270 -1
0.1 51 52 -1
0.1 271 272 -1
0.1 266 273 -1
0.1 57 58 -1
0.1 275 59 -1
0.1 56 276 -1
0.1 55 277 -1
0.1 54 278 -1
0.1 53 279 -1
0.1 60 61 -1
0.1 280 281 -1
0.1 282 62 -1
0.1 274 283 -1
0.1 42 284 -1
0.1 63 64 -1
0.1 65 66 -1
0.1 286 287 -1
0.1 285 288 -1
0.1 265 289 -1
0.1 26 290 -1
0.1 25 291 -1
0.1 251 292 -1
0.1 249 293 -1
0.1 240 294 -1
0.1 67 68 -1
0.1 69 70 -1
0.1 297 71 -1
0.1 72 73 -1
0.1 298 299 -1
0.1 74 75 -1
0.1 300 301 -1
0.1 296 302 -1
0.1 76 77 -1
0.1 303 304 -1
0.1 78 79 -1
0.1 80 81 -1
0.1 306 307 -1
0.1 308 82 -1
0.1 85 86 -1
0.1 84 310 -1
0.1 311 87 -1
0.1 88 89 -1
0.1 94 95 -1
0.1 93 314 -1
0.1 315 96 -1
0.1 92 316 -1
0.1 97 98 -1
0.1 100 101 -1
0.1 99 319 -1
0.1 318 320 -1
0.1 317 321 -1
0.1 91 322 -1
0.1 90 323 -1
0.1 103 104 -1
0.1 102 325 -1
0.1 107 108 -1
0.1 327 109 -1
0.1 328 110 -1
0.1 329 111 -1
0.1 106 330 -1
0.1 105 331 -1
0.1 326 332 -1
0.1 324 333 -1
0.1 118 119 -1
0.1 117 335 -1
0.1 116 336 -1
0.1 115 337 -1
0.1 121 122 -1
0.1 120 339 -1
0.1 340 123 -1
0.1 338 341 -1
0.1 114 342 -1
0.1 126 127 -1
0.1 125 344 -1
0.1 124 345 -1
0.1 128 129 -1
0.1 132 133 -1
0.1 131 348 -1
0.1 130 349 -1
0.1 347 350 -1
0.1 346 351 -1
0.1 343 352 -1
0.1 113 353 -1
0.1 112 354 -1
0.1 134 135 -1
0.1 356 136 -1
0.1 355 357 -1
0.1 334 358 -1
0.1 140 141 -1
0.1 360 142 -1
0.1 143 144 -1
0.1 361 362 -1
0.1 139 363 -1
0.1 145 146 -1
0.1 364 365 -1
0.1 147 148 -1
0.1 366 367 -1
0.1 368 149 -1
0.1 150 151 -1
0.1 369 370 -1
0.1 153 154 -1
0.1 152 372 -1
0.1 155 156 -1
0.1 373 374 -1
0.1 371 375 -1
0.1 376 157 -1
0.1 138 377 -1
0.1 161 162 -1
0.1 160 379 -1
0.1 159 380 -1
0.1 163 164 -1
0.1 165 166 -1
0.1 382 383 -1
0.1 381 384 -1
0.1 158 385 -1
0.1 386 167 -1
0.1 387 168 -1
0.1 170 171 -1
0.1 389 172 -1
0.1 169 390 -1
0.1 173 174 -1
0.1 175 176 -1
0.1 392 393 -1
0.1 391 394 -1
0.1 177 178 -1
0.1 395 396 -1
0.1 388 397 -1
0.1 378 398 -1
0.1 137 399 -1
0.1 182 183 -1
0.1 181 401 -1
0.1 180 402 -1
0.1 179 403 -1
0.1 188 189 -1
0.1 187 405 -1
0.1 186 406 -1
0.1 185 407 -1
0.1 408 190 -1
0.1 192 193 -1
0.1 410 194 -1
0.1 191 411 -1
0.1 409 412 -1
0.1 184 413 -1
0.1 404 414 -1
0.1 196 197 -1
0.1 416 198 -1
0.1 195 417 -1
0.1 415 418 -1
0.1 201 202 -1
0.1 200 420 -1
0.1 204 205 -1
0.1 203 422 -1
0.1 421 423 -1
0.1 207 208 -1
0.1 206 425 -1
0.1 424 426 -1
0.1 199 427 -1
0.1 419 428 -1
0.1 213 214 -1
0.1 212 430 -1
0.1 431 215 -1
0.1 211 432 -1
0.1 218 219 -1
0.1 217 434 -1
0.1 216 435 -1
0.1 433 436 -1
0.1 210 437 -1
0.1 209 438 -1
0.1 429 439 -1
0.1 400 440 -1
0.1 359 441 -1
0.1 220 221 -1
0.1 222 223 -1
0.1 224 225 -1
0.1 226 227 -1
0.1 445 446 -1
0.1 444 447 -1
0.1 443 448 -1
0.1 449 228 -1
0.1 450 229 -1
0.1 442 451 -1
0.1 313 452 -1
0.1 312 453 -1
0.1 83 454 -1
0.1 309 455 -1
0.1 456 230 -1
0.1 305 457 -1
0.1 295 458 -1
