1 0 0 1
1 0 0 1
1 0 0 2
1 0 0 2
1 0 0 2
1 0 0 2
1 0 0 2
1 0 0 2
1 0 0 2
1 0 0 2
1 0 0 2
1 0 0 2
1 0 0 3
1 0 0 3
1 0 0 3
1 0 0 3
1 0 0 3
1 0 0 3
1 0 0 3
1 0 0 3
1 0 0 3
1 0 0 3
1 0 0 4
1 0 0 4
1 0 0 4
1 0 0 4
1 0 0 4
1 0 0 4
1 0 0 4
1 0 0 4
1 0 0 4
1 0 0 4
1 0 0 5
1 0 0 5
1 0 0 5
1 0 0 5
1 0 0 5
1 0 0 6
1 0 0 6
1 0 0 6
1 0 0 6
1 0 0 6
1 0 0 6
1 0 0 6
1 0 0 6
1 0 0 6
1 0 0 6
1 0 0 5
1 0 0 7
1 0 0 7
1 0 0 7
1 0 0 7
1 0 0 7
1 0 0 7
1 0 0 7
1 0 0 7
1 0 0 7
1 0 0 7
1 0 0 8
1 0 0 8
1 0 0 8
1 0 0 8
1 0 0 8
1 0 0 8
1 0 0 8
1 0 0 8
1 0 0 8
1 0 0 8
1 0 0 5
1 0 0 5
1 0 0 9
1 0 0 9
1 0 0 9
1 0 0 9
1 0 0 9
1 0 0 9
1 0 0 9
1 0 0 9
1 0 0 9
1 0 0 9
1 0 0 10
1 0 0 10
1 0 0 10
1 0 0 10
1 0 0 10
1 0 0 10
1 0 0 10
1 0 0 10
1 0 0 10
1 0 0 10
1 0 0 5
1 0 0 5
1 0 0 1
1 0 0 1
1 0 0 1
1 0 0 11
1 0 0 11
1 0 0 11
1 0 0 11
1 0 0 11
1 0 0 11
1 0 0 11
1 0 0 12
1 0 0 12
1 0 0 12
1 0 0 12
1 0 0 12
1 0 0 12
1 0 0 12
1 0 0 12
1 0 0 12
1 0 0 12
1 0 0 11
1 0 0 11
1 0 0 11
1 0 0 13
1 0 0 13
1 0 0 13
1 0 0 13
1 0 0 13
1 0 0 13
1 0 0 13
1 0 0 13
1 0 0 13
1 0 0 13
1 0 0 14
1 0 0 14
1 0 0 14
1 0 0 15
1 0 0 15
1 0 0 15
1 0 0 15
1 0 0 15
1 0 0 15
1 0 0 15
1 0 0 15
1 0 0 15
1 0 0 15
1 0 0 16
1 0 0 16
1 0 0 16
1 0 0 16
1 0 0 16
1 0 0 16
1 0 0 16
1 0 0 16
1 0 0 16
1 0 0 16
1 0 0 17
1 0 0 17
1 0 0 17
1 0 0 17
1 0 0 17
1 0 0 17
1 0 0 17
1 0 0 17
1 0 0 17
1 0 0 17
1 0 0 18
1 0 0 1
1 0 0 19
1 0 0 19
1 0 0 19
1 0 0 19
1 0 0 19
1 0 0 19
1 0 0 19
1 0 0 19
1 0 0 19
1 0 0 19
1 0 0 20
1 0 0 20
1 0 0 20
1 0 0 20
1 0 0 20
1 0 0 20
1 0 0 20
1 0 0 20
1 0 0 20
1 0 0 20
1 0 0 21
1 0 0 21
1 0 0 21
1 0 0 21
1 0 0 21
1 0 0 21
1 0 0 21
1 0 0 22
1 0 0 22
1 0 0 22
1 0 0 22
1 0 0 22
1 0 0 22
1 0 0 22
1 0 0 22
1 0 0 22
1 0 0 22
1 0 0 21
1 0 0 21
1 0 0 21
1 0 0 23
1 0 0 23
1 0 0 23
1 0 0 23
1 0 0 23
1 0 0 23
1 0 0 23
1 0 0 23
1 0 0 23
1 0 0 23
1 0 0 24
1 0 0 24
1 0 0 24
1 0 0 24
1 0 0 24
1 0 0 24
1 0 0 24
1 0 0 24
1 0 0 24
1 0 0 24
1 0 0 25
1 0 0 25
1 0 0 25
1 0 0 25
1 0 0 25
1 0 0 25
1 0 0 25
1 0 0 25
1 0 0 25
1 0 0 25
1 0 0 26
1 0 0 26
1 0 0 26
1 0 0 26
1 0 0 26
1 0 0 26
1 0 0 26
1 0 0 26
1 0 0 26
1 0 0 26
1 0 0 1
1 0 0 1
1 0 0 27
1 0 0 27
1 0 0 27
1 0 0 27
1 0 0 27
1 0 0 27
1 0 0 1
1 0 0 1
1 0 0 28
1 0 0 28
1 0 0 28
1 0 0 28
1 0 0 28
1 0 0 28
1 0 0 28
1 0 0 28
1 0 0 28
1 0 0 28
1 0 0 29
1 0 0 29
1 0 0 14
1 0 0 14
1 0 0 14
1 0 0 18
1 0 0 18
1 0 0 18
1 0 0 18
1 0 0 18
1 0 0 18
1 0 0 18
1 0 0 18
1 0 0 18
1 0 0 30
1 0 0 31
1 0 0 32
1 0 0 32
1 0 0 32
1 0 0 33
1 0 0 33
1 0 0 33
1 0 0 33
1 0 0 33
1 0 0 33
1 0 0 33
1 0 0 33
1 0 0 33
1 0 0 33
1 0 0 34
1 0 0 34
1 0 0 34
1 0 0 34
1 0 0 34
1 0 0 34
1 0 0 34
1 0 0 34
1 0 0 34
1 0 0 34
1 0 0 35
1 0 0 35
1 0 0 35
1 0 0 35
1 0 0 35
1 0 0 35
1 0 0 35
1 0 0 35
1 0 0 35
1 0 0 35
1 0 0 36
1 0 0 36
1 0 0 36
1 0 0 36
1 0 0 36
1 0 0 36
1 0 0 36
1 0 0 37
1 0 0 36
1 0 0 38
1 0 0 38
1 0 0 31
1 0 0 30
1 0 0 39
1 0 0 39
1 0 0 39
1 0 0 39
1 0 0 39
1 0 0 38
1 0 0 29
1 0 0 29
1 0 0 29
1 0 0 29
1 0 0 29
1 0 0 29
1 0 0 29
1 0 0 29
1 0 0 38
1 0 0 38
1 0 0 38
1 0 0 31
1 0 0 31
1 0 0 31
1 0 0 31
1 0 0 31
1 0 0 31
1 0 0 31
1 0 0 31
1 0 0 40
1 0 0 40
1 0 0 37
1 0 0 37
1 0 0 37
1 0 0 37
1 0 0 37
1 0 0 37
1 0 0 37
1 0 0 37
1 0 0 41
1 0 0 41
1 0 0 41
1 0 0 41
1 0 0 41
1 0 0 41
1 0 0 41
1 0 0 41
1 0 0 41
1 0 0 41
1 0 0 40
1 0 0 40
1 0 0 38
1 0 0 38
1 0 0 40
1 0 0 40
1 0 0 27
1 0 0 27
1 0 0 27
1 0 0 27
1 0 0 36
1 0 0 32
1 0 0 32
1 0 0 32
1 0 0 42
1 0 0 42
1 0 0 32
1 0 0 32
1 0 0 32
1 0 0 32
1 0 0 36
1 0 0 38
1 0 0 38
1 0 0 42
1 0 0 42
1 0 0 42
1 0 0 40
1 0 0 40
1 0 0 14
1 0 0 14
1 0 0 14
1 0 0 14
1 0 0 42
1 0 0 42
1 0 0 42
1 0 0 42
1 0 0 42
1 0 0 40
1 0 0 40
1 0 0 30
1 0 0 30
1 0 0 30
1 0 0 30
1 0 0 30
1 0 0 30
1 0 0 30
1 0 0 30
1 0 0 39
1 0 0 37
1 0 0 39
1 0 0 39
1 0 0 39
1 0 0 39
0.1 1 2 -1
0.1 3 4 -1
0.1 5 6 -1
0.1 7 8 -1
0.1 423 424 -1
0.1 9 10 -1
0.1 425 426 -1
0.1 422 427 -1
0.1 11 12 -1
0.1 428 429 -1
0.1 13 14 -1
0.1 15 16 -1
0.1 17 18 -1
0.1 432 433 -1
0.1 19 20 -1
0.1 434 435 -1
0.1 21 22 -1
0.1 436 437 -1
0.1 431 438 -1
0.1 23 24 -1
0.1 26 27 -1
0.1 25 441 -1
0.1 28 29 -1
0.1 442 443 -1
0.1 440 444 -1
0.1 31 32 -1
0.1 30 446 -1
0.1 445 447 -1
0.1 439 448 -1
0.1 430 449 -1
0.1 33 34 -1
0.1 451 35 -1
0.1 36 37 -1
0.1 41 42 -1
0.1 454 43 -1
0.1 40 455 -1
0.1 39 456 -1
0.1 38 457 -1
0.1 45 46 -1
0.1 44 459 -1
0.1 460 47 -1
0.1 458 461 -1
0.1 51 52 -1
0.1 50 463 -1
0.1 464 53 -1
0.1 54 55 -1
0.1 56 57 -1
0.1 467 58 -1
0.1 466 468 -1
0.1 465 469 -1
0.1 49 470 -1
0.1 48 471 -1
0.1 59 60 -1
0.1 61 62 -1
0.1 63 64 -1
0.1 474 475 -1
0.1 65 66 -1
0.1 476 477 -1
0.1 473 478 -1
0.1 67 68 -1
0.1 479 480 -1
0.1 69 70 -1
0.1 481 482 -1
0.1 472 483 -1
0.1 462 484 -1
0.1 453 485 -1
0.1 452 486 -1
0.1 71 72 -1
0.1 75 76 -1
0.1 77 78 -1
0.1 489 490 -1
0.1 74 491 -1
0.1 79 80 -1
0.1 492 493 -1
0.1 73 494 -1
0.1 488 495 -1
0.1 82 83 -1
0.1 84 85 -1
0.1 497 498 -1
0.1 87 88 -1
0.1 89 90 -1
0.1 500 501 -1
0.1 86 502 -1
0.1 499 503 -1
0.1 81 504 -1
0.1 91 92 -1
0.1 505 506 -1
0.1 496 507 -1
0.1 487 508 -1
0.1 93 94 -1
0.1 510 95 -1
0.1 97 98 -1
0.1 100 101 -1
0.1 99 513 -1
0.1 512 514 -1
0.1 96 515 -1
0.1 103 104 -1
0.1 105 106 -1
0.1 517 518 -1
0.1 107 108 -1
0.1 110 111 -1
0.1 109 521 -1
0.1 522 112 -1
0.1 520 523 -1
0.1 519 524 -1
0.1 525 113 -1
0.1 102 526 -1
0.1 516 527 -1
0.1 114 115 -1
0.1 528 529 -1
0.1 511 530 -1
0.1 509 531 -1
0.1 450 532 -1
0.1 421 533 -1
0.1 116 117 -1
0.1 119 120 -1
0.1 536 121 -1
0.1 537 122 -1
0.1 118 538 -1
0.1 123 124 -1
0.1 540 125 -1
0.1 539 541 -1
0.1 535 542 -1
0.1 127 128 -1
0.1 126 544 -1
0.1 543 545 -1
0.1 132 133 -1
0.1 134 135 -1
0.1 547 548 -1
0.1 549 136 -1
0.1 137 138 -1
0.1 550 551 -1
0.1 131 552 -1
0.1 130 553 -1
0.1 129 554 -1
0.1 141 142 -1
0.1 140 556 -1
0.1 139 557 -1
0.1 555 558 -1
0.1 144 145 -1
0.1 143 560 -1
0.1 147 148 -1
0.1 146 562 -1
0.1 561 563 -1
0.1 559 564 -1
0.1 149 150 -1
0.1 153 154 -1
0.1 152 567 -1
0.1 568 155 -1
0.1 151 569 -1
0.1 566 570 -1
0.1 156 157 -1
0.1 572 158 -1
0.1 571 573 -1
0.1 565 574 -1
0.1 546 575 -1
0.1 162 163 -1
0.1 161 577 -1
0.1 578 164 -1
0.1 165 166 -1
0.1 168 169 -1
0.1 167 581 -1
0.1 582 170 -1
0.1 580 583 -1
0.1 579 584 -1
0.1 160 585 -1
0.1 173 174 -1
0.1 172 587 -1
0.1 171 588 -1
0.1 175 176 -1
0.1 177 178 -1
0.1 179 180 -1
0.1 591 592 -1
0.1 590 593 -1
0.1 589 594 -1
0.1 182 183 -1
0.1 184 185 -1
0.1 596 597 -1
0.1 186 187 -1
0.1 598 599 -1
0.1 181 600 -1
0.1 188 189 -1
0.1 602 190 -1
0.1 192 193 -1
0.1 191 604 -1
0.1 605 194 -1
0.1 603 606 -1
0.1 196 197 -1
0.1 195 608 -1
0.1 607 609 -1
0.1 199 200 -1
0.1 198 611 -1
0.1 610 612 -1
0.1 601 613 -1
0.1 202 203 -1
0.1 615 204 -1
0.1 205 206 -1
0.1 208 209 -1
0.1 207 618 -1
0.1 617 619 -1
0.1 616 620 -1
0.1 201 621 -1
0.1 622 210 -1
0.1 614 623 -1
0.1 595 624 -1
0.1 212 213 -1
0.1 211 626 -1
0.1 214 215 -1
0.1 628 216 -1
0.1 629 217 -1
0.1 219 220 -1
0.1 218 631 -1
0.1 630 632 -1
0.1 627 633 -1
0.1 222 223 -1
0.1 221 635 -1
0.1 224 225 -1
0.1 226 227 -1
0.1 637 638 -1
0.1 229 230 -1
0.1 228 640 -1
0.1 639 641 -1
0.1 636 642 -1
0.1 634 643 -1
0.1 231 232 -1
0.1 234 235 -1
0.1 236 237 -1
0.1 646 647 -1
0.1 648 238 -1
0.1 233 649 -1
0.1 650 239 -1
0.1 651 240 -1
0.1 645 652 -1
0.1 644 653 -1
0.1 625 654 -1
0.1 241 242 -1
0.1 655 656 -1
0.1 586 657 -1
0.1 246 247 -1
0.1 659 248 -1
0.1 245 660 -1
0.1 244 661 -1
0.1 243 662 -1
0.1 658 663 -1
0.1 159 664 -1
0.1 249 250 -1
0.1 251 252 -1
0.1 253 254 -1
0.1 256 257 -1
0.1 255 669 -1
0.1 668 670 -1
0.1 671 258 -1
0.1 259 260 -1
0.1 672 673 -1
0.1 667 674 -1
0.1 666 675 -1
0.1 261 262 -1
0.1 676 677 -1
0.1 665 678 -1
0.1 576 679 -1
0.1 534 680 -1
0.1 264 265 -1
0.1 263 682 -1
0.1 266 267 -1
0.1 268 269 -1
0.1 685 270 -1
0.1 684 686 -1
0.1 271 272 -1
0.1 273 274 -1
0.1 688 689 -1
0.1 687 690 -1
0.1 275 276 -1
0.1 277 278 -1
0.1 693 279 -1
0.1 692 694 -1
0.1 280 281 -1
0.1 284 285 -1
0.1 283 697 -1
0.1 282 698 -1
0.1 287 288 -1
0.1 286 700 -1
0.1 699 701 -1
0.1 702 289 -1
0.1 696 703 -1
0.1 292 293 -1
0.1 291 705 -1
0.1 290 706 -1
0.1 295 296 -1
0.1 298 299 -1
0.1 297 709 -1
0.1 708 710 -1
0.1 294 711 -1
0.1 707 712 -1
0.1 303 304 -1
0.1 302 714 -1
0.1 301 715 -1
0.1 305 306 -1
0.1 716 717 -1
0.1 300 718 -1
0.1 719 307 -1
0.1 308 309 -1
0.1 720 721 -1
0.1 713 722 -1
0.1 704 723 -1
0.1 695 724 -1
0.1 691 725 -1
0.1 683 726 -1
0.1 311 312 -1
0.1 310 728 -1
0.1 729 313 -1
0.1 314 315 -1
0.1 731 316 -1
0.1 730 732 -1
0.1 727 733 -1
0.1 319 320 -1
0.1 318 735 -1
0.1 321 322 -1
0.1 325 326 -1
0.1 324 738 -1
0.1 739 327 -1
0.1 323 740 -1
0.1 737 741 -1
0.1 329 330 -1
0.1 331 332 -1
0.1 333 334 -1
0.1 744 745 -1
0.1 743 746 -1
0.1 335 336 -1
0.1 747 748 -1
0.1 328 749 -1
0.1 742 750 -1
0.1 736 751 -1
0.1 317 752 -1
0.1 338 339 -1
0.1 337 754 -1
0.1 343 344 -1
0.1 756 345 -1
0.1 346 347 -1
0.1 757 758 -1
0.1 342 759 -1
0.1 341 760 -1
0.1 340 761 -1
0.1 348 349 -1
0.1 762 763 -1
0.1 755 764 -1
0.1 350 351 -1
0.1 354 355 -1
0.1 353 767 -1
0.1 352 768 -1
0.1 766 769 -1
0.1 356 357 -1
0.1 770 771 -1
0.1 358 359 -1
0.1 360 361 -1
0.1 773 774 -1
0.1 362 363 -1
0.1 364 365 -1
0.1 366 367 -1
0.1 777 778 -1
0.1 776 779 -1
0.1 775 780 -1
0.1 781 368 -1
0.1 782 369 -1
0.1 370 371 -1
0.1 784 372 -1
0.1 785 373 -1
0.1 783 786 -1
0.1 772 787 -1
0.1 374 375 -1
0.1 376 377 -1
0.1 789 790 -1
0.1 380 381 -1
0.1 379 792 -1
0.1 382 383 -1
0.1 386 387 -1
0.1 385 795 -1
0.1 384 796 -1
0.1 794 797 -1
0.1 793 798 -1
0.1 378 799 -1
0.1 791 800 -1
0.1 389 390 -1
0.1 392 393 -1
0.1 391 803 -1
0.1 802 804 -1
0.1 388 805 -1
0.1 801 806 -1
0.1 394 395 -1
0.1 807 808 -1
0.1 788 809 -1
0.1 765 810 -1
0.1 397 398 -1
0.1 812 399 -1
0.1 396 813 -1
0.1 400 401 -1
0.1 403 404 -1
0.1 402 816 -1
0.1 815 817 -1
0.1 814 818 -1
0.1 405 406 -1
0.1 819 820 -1
0.1 408 409 -1
0.1 407 822 -1
0.1 410 411 -1
0.1 412 413 -1
0.1 825 414 -1
0.1 824 826 -1
0.1 823 827 -1
0.1 821 828 -1
0.1 811 829 -1
0.1 415 416 -1
0.1 417 418 -1
0.1 419 420 -1
0.1 832 833 -1
0.1 831 834 -1
0.1 830 835 -1
0.1 753 836 -1
0.1 734 837 -1
0.1 681 838 -1
