1 0 0 1
1 0 0 1
1 0 0 2
1 0 0 2
1 0 0 2
1 0 0 2
1 0 0 2
1 0 0 2
1 0 0 2
1 0 0 2
1 0 0 3
1 0 0 3
1 0 0 3
1 0 0 1
1 0 0 1
1 0 0 1
1 0 0 1
1 0 0 1
1 0 0 1
1 0 0 4
1 0 0 4
1 0 0 4
1 0 0 4
1 0 0 4
1 0 0 4
1 0 0 5
1 0 0 5
1 0 0 5
1 0 0 5
1 0 0 6
1 0 0 6
1 0 0 6
1 0 0 7
1 0 0 7
1 0 0 7
1 0 0 5
1 0 0 5
1 0 0 5
1 0 0 5
1 0 0 5
1 0 0 5
1 0 0 4
1 0 0 4
1 0 0 8
1 0 0 8
1 0 0 8
1 0 0 8
1 0 0 8
1 0 0 9
1 0 0 9
1 0 0 9
1 0 0 9
1 0 0 9
1 0 0 2
1 0 0 9
1 0 0 7
1 0 0 7
1 0 0 3
1 0 0 3
1 0 0 3
1 0 0 3
1 0 0 10
1 0 0 10
1 0 0 10
1 0 0 10
1 0 0 10
1 0 0 11
1 0 0 11
1 0 0 11
1 0 0 11
1 0 0 11
1 0 0 11
1 0 0 11
1 0 0 11
1 0 0 11
1 0 0 11
1 0 0 12
1 0 0 12
1 0 0 13
1 0 0 13
1 0 0 13
1 0 0 13
1 0 0 13
1 0 0 13
1 0 0 13
1 0 0 13
1 0 0 13
1 0 0 13
1 0 0 3
1 0 0 3
1 0 0 3
1 0 0 14
1 0 0 14
1 0 0 14
1 0 0 14
1 0 0 14
1 0 0 14
1 0 0 14
1 0 0 14
1 0 0 14
1 0 0 14
1 0 0 15
1 0 0 15
1 0 0 15
1 0 0 15
1 0 0 15
1 0 0 15
1 0 0 15
1 0 0 15
1 0 0 15
1 0 0 15
1 0 0 16
1 0 0 16
1 0 0 16
1 0 0 16
1 0 0 16
1 0 0 16
1 0 0 16
1 0 0 16
1 0 0 16
1 0 0 16
1 0 0 17
1 0 0 2
1 0 0 7
1 0 0 7
1 0 0 7
1 0 0 7
1 0 0 17
1 0 0 18
1 0 0 18
1 0 0 18
1 0 0 18
1 0 0 18
1 0 0 18
1 0 0 18
1 0 0 18
1 0 0 19
1 0 0 19
1 0 0 19
1 0 0 19
1 0 0 19
1 0 0 19
1 0 0 19
1 0 0 19
1 0 0 19
1 0 0 19
1 0 0 9
1 0 0 9
1 0 0 9
1 0 0 9
1 0 0 18
1 0 0 17
1 0 0 17
1 0 0 17
1 0 0 17
1 0 0 17
1 0 0 17
1 0 0 17
1 0 0 20
1 0 0 20
1 0 0 20
1 0 0 20
1 0 0 20
1 0 0 20
1 0 0 20
1 0 0 20
1 0 0 21
1 0 0 21
1 0 0 21
1 0 0 21
1 0 0 21
1 0 0 21
1 0 0 21
1 0 0 21
1 0 0 21
1 0 0 21
1 0 0 20
1 0 0 20
1 0 0 8
1 0 0 8
1 0 0 8
1 0 0 8
1 0 0 8
1 0 0 22
1 0 0 17
1 0 0 23
1 0 0 23
1 0 0 23
1 0 0 23
1 0 0 23
1 0 0 23
1 0 0 23
1 0 0 23
1 0 0 23
1 0 0 23
1 0 0 6
1 0 0 6
1 0 0 6
1 0 0 12
1 0 0 24
1 0 0 24
1 0 0 24
1 0 0 24
1 0 0 24
1 0 0 24
1 0 0 24
1 0 0 24
1 0 0 24
1 0 0 24
1 0 0 25
1 0 0 25
1 0 0 25
1 0 0 25
1 0 0 25
1 0 0 25
1 0 0 25
1 0 0 25
1 0 0 25
1 0 0 25
1 0 0 26
1 0 0 26
1 0 0 26
1 0 0 26
1 0 0 26
1 0 0 26
1 0 0 26
1 0 0 26
1 0 0 26
1 0 0 26
1 0 0 27
1 0 0 27
1 0 0 27
1 0 0 27
1 0 0 27
1 0 0 27
1 0 0 27
1 0 0 27
1 0 0 27
1 0 0 27
1 0 0 28
1 0 0 28
1 0 0 28
1 0 0 28
1 0 0 28
1 0 0 28
1 0 0 28
1 0 0 28
1 0 0 28
1 0 0 28
1 0 0 29
1 0 0 29
1 0 0 29
1 0 0 30
1 0 0 30
1 0 0 30
1 0 0 30
1 0 0 30
1 0 0 30
1 0 0 30
1 0 0 30
1 0 0 30
1 0 0 30
1 0 0 31
1 0 0 31
1 0 0 31
1 0 0 31
1 0 0 31
1 0 0 31
1 0 0 31
1 0 0 31
1 0 0 31
1 0 0 31
1 0 0 32
1 0 0 32
1 0 0 32
1 0 0 32
1 0 0 32
1 0 0 32
1 0 0 32
1 0 0 32
1 0 0 32
1 0 0 32
1 0 0 29
1 0 0 29
1 0 0 29
1 0 0 29
1 0 0 33
1 0 0 33
1 0 0 33
1 0 0 33
1 0 0 33
1 0 0 33
1 0 0 33
1 0 0 33
1 0 0 33
1 0 0 33
1 0 0 34
1 0 0 34
1 0 0 34
1 0 0 34
1 0 0 34
1 0 0 34
1 0 0 34
1 0 0 34
1 0 0 34
1 0 0 34
1 0 0 29
1 0 0 29
1 0 0 29
1 0 0 12
1 0 0 12
1 0 0 12
1 0 0 12
1 0 0 1
1 0 0 1
1 0 0 4
1 0 0 4
1 0 0 12
1 0 0 35
1 0 0 35
1 0 0 35
1 0 0 35
1 0 0 35
1 0 0 35
1 0 0 35
1 0 0 35
1 0 0 35
1 0 0 35
1 0 0 12
1 0 0 12
1 0 0 36
1 0 0 36
1 0 0 36
1 0 0 36
1 0 0 36
1 0 0 36
1 0 0 36
1 0 0 36
1 0 0 36
1 0 0 36
1 0 0 37
1 0 0 37
1 0 0 37
1 0 0 37
1 0 0 37
1 0 0 37
1 0 0 37
1 0 0 37
1 0 0 37
1 0 0 37
1 0 0 38
1 0 0 38
1 0 0 38
1 0 0 38
1 0 0 38
1 0 0 38
1 0 0 38
1 0 0 38
1 0 0 38
1 0 0 38
1 0 0 39
1 0 0 39
1 0 0 39
1 0 0 39
1 0 0 39
1 0 0 39
1 0 0 39
1 0 0 39
1 0 0 39
1 0 0 39
1 0 0 40
1 0 0 40
1 0 0 40
1 0 0 40
1 0 0 40
1 0 0 40
1 0 0 40
1 0 0 40
1 0 0 40
1 0 0 40
1 0 0 41
1 0 0 41
1 0 0 41
1 0 0 41
1 0 0 41
1 0 0 41
1 0 0 41
1 0 0 41
1 0 0 41
1 0 0 41
1 0 0 42
1 0 0 42
1 0 0 42
1 0 0 42
1 0 0 42
1 0 0 42
1 0 0 42
1 0 0 42
1 0 0 42
1 0 0 42
1 0 0 7
1 0 0 10
1 0 0 10
1 0 0 10
1 0 0 10
1 0 0 10
1 0 0 18
1 0 0 6
1 0 0 6
1 0 0 6
1 0 0 6
1 0 0 22
1 0 0 22
1 0 0 22
1 0 0 22
1 0 0 22
1 0 0 22
1 0 0 22
1 0 0 22
1 0 0 22
0.1 1 2 -1
0.1 3 4 -1
0.1 5 6 -1
0.1 9 10 -1
0.1 8 424 -1
0.1 7 425 -1
0.1 423 426 -1
0.1 422 427 -1
0.1 12 13 -1
0.1 11 429 -1
0.1 430 14 -1
0.1 431 15 -1
0.1 16 17 -1
0.1 432 433 -1
0.1 428 434 -1
0.1 18 19 -1
0.1 435 436 -1
0.1 421 437 -1
0.1 20 21 -1
0.1 22 23 -1
0.1 439 440 -1
0.1 24 25 -1
0.1 441 442 -1
0.1 26 27 -1
0.1 28 29 -1
0.1 444 445 -1
0.1 443 446 -1
0.1 31 32 -1
0.1 30 448 -1
0.1 34 35 -1
0.1 33 450 -1
0.1 449 451 -1
0.1 447 452 -1
0.1 37 38 -1
0.1 454 39 -1
0.1 36 455 -1
0.1 456 40 -1
0.1 457 41 -1
0.1 42 43 -1
0.1 45 46 -1
0.1 460 47 -1
0.1 461 48 -1
0.1 44 462 -1
0.1 459 463 -1
0.1 458 464 -1
0.1 49 50 -1
0.1 466 51 -1
0.1 52 53 -1
0.1 467 468 -1
0.1 465 469 -1
0.1 470 54 -1
0.1 56 57 -1
0.1 55 472 -1
0.1 58 59 -1
0.1 60 61 -1
0.1 474 475 -1
0.1 62 63 -1
0.1 476 477 -1
0.1 65 66 -1
0.1 64 479 -1
0.1 67 68 -1
0.1 69 70 -1
0.1 71 72 -1
0.1 482 483 -1
0.1 73 74 -1
0.1 484 485 -1
0.1 481 486 -1
0.1 75 76 -1
0.1 487 488 -1
0.1 480 489 -1
0.1 478 490 -1
0.1 77 78 -1
0.1 79 80 -1
0.1 82 83 -1
0.1 494 84 -1
0.1 85 86 -1
0.1 495 496 -1
0.1 81 497 -1
0.1 87 88 -1
0.1 498 499 -1
0.1 493 500 -1
0.1 492 501 -1
0.1 89 90 -1
0.1 503 91 -1
0.1 92 93 -1
0.1 94 95 -1
0.1 96 97 -1
0.1 506 507 -1
0.1 100 101 -1
0.1 99 509 -1
0.1 98 510 -1
0.1 508 511 -1
0.1 505 512 -1
0.1 104 105 -1
0.1 103 514 -1
0.1 102 515 -1
0.1 106 107 -1
0.1 517 108 -1
0.1 516 518 -1
0.1 519 109 -1
0.1 110 111 -1
0.1 113 114 -1
0.1 112 522 -1
0.1 523 115 -1
0.1 116 117 -1
0.1 119 120 -1
0.1 118 526 -1
0.1 525 527 -1
0.1 528 121 -1
0.1 524 529 -1
0.1 521 530 -1
0.1 520 531 -1
0.1 513 532 -1
0.1 504 533 -1
0.1 502 534 -1
0.1 491 535 -1
0.1 122 123 -1
0.1 536 537 -1
0.1 473 538 -1
0.1 471 539 -1
0.1 453 540 -1
0.1 124 125 -1
0.1 126 127 -1
0.1 542 543 -1
0.1 131 132 -1
0.1 130 545 -1
0.1 133 134 -1
0.1 546 547 -1
0.1 129 548 -1
0.1 549 135 -1
0.1 550 136 -1
0.1 128 551 -1
0.1 544 552 -1
0.1 541 553 -1
0.1 438 554 -1
0.1 138 139 -1
0.1 141 142 -1
0.1 140 557 -1
0.1 558 143 -1
0.1 559 144 -1
0.1 145 146 -1
0.1 560 561 -1
0.1 556 562 -1
0.1 137 563 -1
0.1 148 149 -1
0.1 565 150 -1
0.1 147 566 -1
0.1 154 155 -1
0.1 153 568 -1
0.1 152 569 -1
0.1 156 157 -1
0.1 571 158 -1
0.1 570 572 -1
0.1 151 573 -1
0.1 567 574 -1
0.1 160 161 -1
0.1 576 162 -1
0.1 165 166 -1
0.1 164 578 -1
0.1 163 579 -1
0.1 577 580 -1
0.1 168 169 -1
0.1 170 171 -1
0.1 582 583 -1
0.1 167 584 -1
0.1 172 173 -1
0.1 585 586 -1
0.1 174 175 -1
0.1 588 176 -1
0.1 587 589 -1
0.1 581 590 -1
0.1 591 177 -1
0.1 592 178 -1
0.1 159 593 -1
0.1 179 180 -1
0.1 182 183 -1
0.1 181 596 -1
0.1 595 597 -1
0.1 594 598 -1
0.1 575 599 -1
0.1 564 600 -1
0.1 186 187 -1
0.1 192 193 -1
0.1 603 194 -1
0.1 191 604 -1
0.1 190 605 -1
0.1 189 606 -1
0.1 188 607 -1
0.1 608 195 -1
0.1 602 609 -1
0.1 185 610 -1
0.1 196 197 -1
0.1 612 198 -1
0.1 611 613 -1
0.1 184 614 -1
0.1 201 202 -1
0.1 204 205 -1
0.1 203 617 -1
0.1 616 618 -1
0.1 200 619 -1
0.1 206 207 -1
0.1 208 209 -1
0.1 621 622 -1
0.1 620 623 -1
0.1 624 210 -1
0.1 214 215 -1
0.1 213 626 -1
0.1 216 217 -1
0.1 627 628 -1
0.1 212 629 -1
0.1 218 219 -1
0.1 630 631 -1
0.1 211 632 -1
0.1 625 633 -1
0.1 220 221 -1
0.1 222 223 -1
0.1 224 225 -1
0.1 226 227 -1
0.1 228 229 -1
0.1 638 639 -1
0.1 637 640 -1
0.1 636 641 -1
0.1 635 642 -1
0.1 233 234 -1
0.1 232 644 -1
0.1 231 645 -1
0.1 230 646 -1
0.1 235 236 -1
0.1 647 648 -1
0.1 238 239 -1
0.1 237 650 -1
0.1 649 651 -1
0.1 643 652 -1
0.1 241 242 -1
0.1 243 244 -1
0.1 245 246 -1
0.1 655 656 -1
0.1 657 247 -1
0.1 658 248 -1
0.1 654 659 -1
0.1 660 249 -1
0.1 240 661 -1
0.1 653 662 -1
0.1 250 251 -1
0.1 253 254 -1
0.1 255 256 -1
0.1 666 257 -1
0.1 665 667 -1
0.1 260 261 -1
0.1 259 669 -1
0.1 670 262 -1
0.1 258 671 -1
0.1 668 672 -1
0.1 252 673 -1
0.1 664 674 -1
0.1 266 267 -1
0.1 676 268 -1
0.1 265 677 -1
0.1 678 269 -1
0.1 264 679 -1
0.1 263 680 -1
0.1 271 272 -1
0.1 270 682 -1
0.1 681 683 -1
0.1 273 274 -1
0.1 275 276 -1
0.1 277 278 -1
0.1 279 280 -1
0.1 687 688 -1
0.1 686 689 -1
0.1 685 690 -1
0.1 281 282 -1
0.1 691 692 -1
0.1 283 284 -1
0.1 693 694 -1
0.1 684 695 -1
0.1 675 696 -1
0.1 285 286 -1
0.1 287 288 -1
0.1 291 292 -1
0.1 293 294 -1
0.1 700 701 -1
0.1 290 702 -1
0.1 289 703 -1
0.1 295 296 -1
0.1 704 705 -1
0.1 699 706 -1
0.1 698 707 -1
0.1 297 298 -1
0.1 299 300 -1
0.1 302 303 -1
0.1 304 305 -1
0.1 711 712 -1
0.1 301 713 -1
0.1 710 714 -1
0.1 715 306 -1
0.1 709 716 -1
0.1 708 717 -1
0.1 697 718 -1
0.1 308 309 -1
0.1 307 720 -1
0.1 719 721 -1
0.1 663 722 -1
0.1 634 723 -1
0.1 310 311 -1
0.1 724 725 -1
0.1 199 726 -1
0.1 312 313 -1
0.1 727 728 -1
0.1 615 729 -1
0.1 601 730 -1
0.1 314 315 -1
0.1 731 732 -1
0.1 316 317 -1
0.1 319 320 -1
0.1 323 324 -1
0.1 322 736 -1
0.1 321 737 -1
0.1 735 738 -1
0.1 326 327 -1
0.1 325 740 -1
0.1 741 328 -1
0.1 739 742 -1
0.1 318 743 -1
0.1 329 330 -1
0.1 332 333 -1
0.1 331 746 -1
0.1 334 335 -1
0.1 747 748 -1
0.1 336 337 -1
0.1 338 339 -1
0.1 750 751 -1
0.1 752 340 -1
0.1 749 753 -1
0.1 341 342 -1
0.1 344 345 -1
0.1 343 756 -1
0.1 346 347 -1
0.1 349 350 -1
0.1 348 759 -1
0.1 758 760 -1
0.1 757 761 -1
0.1 755 762 -1
0.1 754 763 -1
0.1 351 352 -1
0.1 765 353 -1
0.1 355 356 -1
0.1 354 767 -1
0.1 359 360 -1
0.1 358 769 -1
0.1 357 770 -1
0.1 768 771 -1
0.1 766 772 -1
0.1 361 362 -1
0.1 363 364 -1
0.1 775 365 -1
0.1 366 367 -1
0.1 776 777 -1
0.1 774 778 -1
0.1 369 370 -1
0.1 368 780 -1
0.1 779 781 -1
0.1 773 782 -1
0.1 764 783 -1
0.1 372 373 -1
0.1 374 375 -1
0.1 785 786 -1
0.1 376 377 -1
0.1 788 378 -1
0.1 787 789 -1
0.1 379 380 -1
0.1 790 791 -1
0.1 371 792 -1
0.1 382 383 -1
0.1 381 794 -1
0.1 385 386 -1
0.1 796 387 -1
0.1 384 797 -1
0.1 389 390 -1
0.1 388 799 -1
0.1 798 800 -1
0.1 795 801 -1
0.1 793 802 -1
0.1 393 394 -1
0.1 396 397 -1
0.1 395 805 -1
0.1 398 399 -1
0.1 807 400 -1
0.1 806 808 -1
0.1 804 809 -1
0.1 392 810 -1
0.1 391 811 -1
0.1 803 812 -1
0.1 784 813 -1
0.1 745 814 -1
0.1 744 815 -1
0.1 734 816 -1
0.1 817 401 -1
0.1 402 403 -1
0.1 819 404 -1
0.1 405 406 -1
0.1 820 821 -1
0.1 409 410 -1
0.1 823 411 -1
0.1 408 824 -1
0.1 407 825 -1
0.1 822 826 -1
0.1 818 827 -1
0.1 733 828 -1
0.1 413 414 -1
0.1 830 415 -1
0.1 416 417 -1
0.1 831 832 -1
0.1 419 420 -1
0.1 418 834 -1
0.1 833 835 -1
0.1 412 836 -1
0.1 829 837 -1
0.1 555 838 -1
