1 0 0 1
1 0 0 1
1 0 0 1
1 0 0 1
1 0 0 1
1 0 0 2
1 0 0 2
1 0 0 3
1 0 0 3
1 0 0 3
1 0 0 3
1 0 0 3
1 0 0 3
1 0 0 3
1 0 0 3
1 0 0 3
1 0 0 3
1 0 0 2
1 0 0 2
1 0 0 2
1 0 0 2
1 0 0 2
1 0 0 2
1 0 0 2
1 0 0 2
1 0 0 4
1 0 0 4
1 0 0 4
1 0 0 4
1 0 0 4
1 0 0 4
1 0 0 4
1 0 0 4
1 0 0 4
1 0 0 4
1 0 0 5
1 0 0 5
1 0 0 5
1 0 0 5
1 0 0 5
1 0 0 5
1 0 0 5
1 0 0 5
1 0 0 5
1 0 0 5
1 0 0 6
1 0 0 6
1 0 0 6
1 0 0 6
1 0 0 6
1 0 0 6
1 0 0 6
1 0 0 6
1 0 0 6
1 0 0 6
1 0 0 7
1 0 0 8
1 0 0 8
1 0 0 8
1 0 0 8
1 0 0 8
1 0 0 8
1 0 0 8
1 0 0 8
1 0 0 8
1 0 0 8
1 0 0 7
1 0 0 7
1 0 0 7
1 0 0 7
1 0 0 7
1 0 0 9
1 0 0 9
1 0 0 9
1 0 0 9
1 0 0 9
1 0 0 9
1 0 0 9
1 0 0 9
1 0 0 9
1 0 0 9
1 0 0 10
1 0 0 10
1 0 0 10
1 0 0 10
1 0 0 10
1 0 0 10
1 0 0 10
1 0 0 10
1 0 0 10
1 0 0 10
1 0 0 11
1 0 0 11
1 0 0 11
1 0 0 11
1 0 0 11
1 0 0 11
1 0 0 11
1 0 0 11
1 0 0 11
1 0 0 11
1 0 0 7
1 0 0 7
1 0 0 12
1 0 0 12
1 0 0 12
1 0 0 12
1 0 0 12
1 0 0 12
1 0 0 12
1 0 0 12
1 0 0 12
1 0 0 12
1 0 0 7
1 0 0 7
1 0 0 13
1 0 0 13
1 0 0 13
1 0 0 13
1 0 0 14
1 0 0 1
1 0 0 1
1 0 0 15
1 0 0 15
1 0 0 15
1 0 0 15
1 0 0 15
1 0 0 15
1 0 0 15
1 0 0 15
1 0 0 15
1 0 0 15
1 0 0 16
1 0 0 16
1 0 0 16
1 0 0 16
1 0 0 16
1 0 0 16
1 0 0 16
1 0 0 16
1 0 0 16
1 0 0 16
1 0 0 17
1 0 0 17
1 0 0 17
1 0 0 17
1 0 0 17
1 0 0 17
1 0 0 17
1 0 0 17
1 0 0 17
1 0 0 17
1 0 0 18
1 0 0 18
1 0 0 18
1 0 0 18
1 0 0 18
1 0 0 18
1 0 0 18
1 0 0 18
1 0 0 18
1 0 0 18
1 0 0 19
1 0 0 19
1 0 0 19
1 0 0 19
1 0 0 19
1 0 0 19
1 0 0 19
1 0 0 19
1 0 0 19
1 0 0 19
1 0 0 20
1 0 0 20
1 0 0 20
1 0 0 20
1 0 0 20
1 0 0 20
1 0 0 20
1 0 0 20
1 0 0 20
1 0 0 20
1 0 0 21
1 0 0 21
1 0 0 21
1 0 0 21
1 0 0 21
1 0 0 21
1 0 0 21
1 0 0 21
1 0 0 21
1 0 0 21
1 0 0 1
1 0 0 22
1 0 0 22
1 0 0 22
1 0 0 22
1 0 0 22
1 0 0 22
1 0 0 22
1 0 0 22
1 0 0 22
1 0 0 22
1 0 0 23
1 0 0 23
1 0 0 23
1 0 0 23
1 0 0 23
1 0 0 24
1 0 0 24
1 0 0 24
1 0 0 25
1 0 0 25
1 0 0 25
1 0 0 25
1 0 0 13
1 0 0 13
1 0 0 13
1 0 0 13
1 0 0 13
1 0 0 13
1 0 0 26
1 0 0 26
1 0 0 26
1 0 0 26
1 0 0 26
1 0 0 25
1 0 0 25
1 0 0 25
1 0 0 25
1 0 0 25
1 0 0 27
1 0 0 27
1 0 0 27
1 0 0 27
1 0 0 27
1 0 0 27
1 0 0 27
1 0 0 27
1 0 0 27
1 0 0 27
1 0 0 28
1 0 0 29
1 0 0 29
1 0 0 23
1 0 0 23
1 0 0 23
1 0 0 30
1 0 0 30
1 0 0 23
1 0 0 23
1 0 0 1
1 0 0 1
1 0 0 31
1 0 0 31
1 0 0 31
1 0 0 31
1 0 0 31
1 0 0 31
1 0 0 31
1 0 0 31
1 0 0 31
1 0 0 31
1 0 0 32
1 0 0 32
1 0 0 29
1 0 0 29
1 0 0 25
1 0 0 33
1 0 0 34
1 0 0 34
1 0 0 34
1 0 0 34
1 0 0 34
1 0 0 34
1 0 0 34
1 0 0 34
1 0 0 34
1 0 0 34
1 0 0 32
1 0 0 32
1 0 0 32
1 0 0 32
1 0 0 32
1 0 0 32
1 0 0 32
1 0 0 32
1 0 0 33
1 0 0 29
1 0 0 35
1 0 0 35
1 0 0 35
1 0 0 35
1 0 0 35
1 0 0 35
1 0 0 35
1 0 0 35
1 0 0 35
1 0 0 35
1 0 0 36
1 0 0 36
1 0 0 36
1 0 0 36
1 0 0 36
1 0 0 36
1 0 0 36
1 0 0 36
1 0 0 36
1 0 0 36
1 0 0 37
1 0 0 37
1 0 0 37
1 0 0 37
1 0 0 37
1 0 0 37
1 0 0 37
1 0 0 37
1 0 0 37
1 0 0 37
1 0 0 38
1 0 0 24
1 0 0 24
1 0 0 24
1 0 0 26
1 0 0 26
1 0 0 26
1 0 0 26
1 0 0 26
1 0 0 30
1 0 0 30
1 0 0 30
1 0 0 30
1 0 0 38
1 0 0 38
1 0 0 38
1 0 0 38
1 0 0 38
1 0 0 38
1 0 0 38
1 0 0 38
1 0 0 38
1 0 0 14
1 0 0 14
1 0 0 14
1 0 0 14
1 0 0 14
1 0 0 14
1 0 0 14
1 0 0 14
1 0 0 28
1 0 0 28
1 0 0 28
1 0 0 28
1 0 0 28
1 0 0 28
1 0 0 28
1 0 0 30
1 0 0 24
1 0 0 24
1 0 0 24
1 0 0 24
1 0 0 39
1 0 0 39
1 0 0 39
1 0 0 39
1 0 0 39
1 0 0 39
1 0 0 39
1 0 0 39
1 0 0 39
1 0 0 39
1 0 0 40
1 0 0 40
1 0 0 14
1 0 0 29
1 0 0 29
1 0 0 28
1 0 0 40
1 0 0 28
1 0 0 40
1 0 0 40
1 0 0 40
1 0 0 40
1 0 0 40
1 0 0 40
1 0 0 40
1 0 0 41
1 0 0 41
1 0 0 41
1 0 0 41
1 0 0 41
1 0 0 41
1 0 0 41
1 0 0 41
1 0 0 41
1 0 0 41
1 0 0 42
1 0 0 42
1 0 0 42
1 0 0 42
1 0 0 42
1 0 0 42
1 0 0 42
1 0 0 42
1 0 0 42
1 0 0 42
1 0 0 30
1 0 0 30
1 0 0 30
1 0 0 33
1 0 0 33
1 0 0 33
1 0 0 33
1 0 0 33
1 0 0 33
1 0 0 33
1 0 0 33
1 0 0 29
1 0 0 29
1 0 0 29
0.1 1 2 -1
0.1 4 5 -1
0.1 8 9 -1
0.1 10 11 -1
0.1 423 424 -1
0.1 12 13 -1
0.1 15 16 -1
0.1 14 427 -1
0.1 428 17 -1
0.1 426 429 -1
0.1 425 430 -1
0.1 18 19 -1
0.1 431 432 -1
0.1 21 22 -1
0.1 23 24 -1
0.1 435 25 -1
0.1 434 436 -1
0.1 20 437 -1
0.1 433 438 -1
0.1 7 439 -1
0.1 6 440 -1
0.1 27 28 -1
0.1 26 442 -1
0.1 29 30 -1
0.1 31 32 -1
0.1 444 445 -1
0.1 446 33 -1
0.1 443 447 -1
0.1 34 35 -1
0.1 448 449 -1
0.1 37 38 -1
0.1 36 451 -1
0.1 40 41 -1
0.1 39 453 -1
0.1 42 43 -1
0.1 454 455 -1
0.1 44 45 -1
0.1 456 457 -1
0.1 47 48 -1
0.1 50 51 -1
0.1 49 460 -1
0.1 52 53 -1
0.1 461 462 -1
0.1 459 463 -1
0.1 46 464 -1
0.1 54 55 -1
0.1 465 466 -1
0.1 458 467 -1
0.1 452 468 -1
0.1 450 469 -1
0.1 58 59 -1
0.1 57 471 -1
0.1 60 61 -1
0.1 472 473 -1
0.1 64 65 -1
0.1 63 475 -1
0.1 62 476 -1
0.1 477 66 -1
0.1 474 478 -1
0.1 56 479 -1
0.1 67 68 -1
0.1 69 70 -1
0.1 482 71 -1
0.1 481 483 -1
0.1 72 73 -1
0.1 75 76 -1
0.1 77 78 -1
0.1 486 487 -1
0.1 74 488 -1
0.1 80 81 -1
0.1 79 490 -1
0.1 489 491 -1
0.1 485 492 -1
0.1 484 493 -1
0.1 86 87 -1
0.1 85 495 -1
0.1 84 496 -1
0.1 83 497 -1
0.1 82 498 -1
0.1 89 90 -1
0.1 88 500 -1
0.1 501 91 -1
0.1 499 502 -1
0.1 92 93 -1
0.1 94 95 -1
0.1 98 99 -1
0.1 97 506 -1
0.1 96 507 -1
0.1 505 508 -1
0.1 100 101 -1
0.1 509 510 -1
0.1 504 511 -1
0.1 503 512 -1
0.1 494 513 -1
0.1 102 103 -1
0.1 105 106 -1
0.1 107 108 -1
0.1 516 517 -1
0.1 112 113 -1
0.1 111 519 -1
0.1 110 520 -1
0.1 109 521 -1
0.1 518 522 -1
0.1 104 523 -1
0.1 515 524 -1
0.1 114 115 -1
0.1 525 526 -1
0.1 514 527 -1
0.1 480 528 -1
0.1 470 529 -1
0.1 441 530 -1
0.1 422 531 -1
0.1 3 532 -1
0.1 421 533 -1
0.1 116 117 -1
0.1 118 119 -1
0.1 535 536 -1
0.1 537 120 -1
0.1 125 126 -1
0.1 128 129 -1
0.1 127 540 -1
0.1 539 541 -1
0.1 124 542 -1
0.1 543 130 -1
0.1 123 544 -1
0.1 131 132 -1
0.1 545 546 -1
0.1 134 135 -1
0.1 138 139 -1
0.1 137 549 -1
0.1 136 550 -1
0.1 140 141 -1
0.1 552 142 -1
0.1 551 553 -1
0.1 548 554 -1
0.1 133 555 -1
0.1 145 146 -1
0.1 144 557 -1
0.1 148 149 -1
0.1 147 559 -1
0.1 558 560 -1
0.1 143 561 -1
0.1 151 152 -1
0.1 150 563 -1
0.1 562 564 -1
0.1 556 565 -1
0.1 156 157 -1
0.1 155 567 -1
0.1 158 159 -1
0.1 569 160 -1
0.1 161 162 -1
0.1 570 571 -1
0.1 568 572 -1
0.1 154 573 -1
0.1 153 574 -1
0.1 164 165 -1
0.1 576 166 -1
0.1 163 577 -1
0.1 168 169 -1
0.1 167 579 -1
0.1 170 171 -1
0.1 580 581 -1
0.1 582 172 -1
0.1 578 583 -1
0.1 575 584 -1
0.1 174 175 -1
0.1 173 586 -1
0.1 177 178 -1
0.1 179 180 -1
0.1 181 182 -1
0.1 589 590 -1
0.1 588 591 -1
0.1 176 592 -1
0.1 587 593 -1
0.1 183 184 -1
0.1 595 185 -1
0.1 187 188 -1
0.1 186 597 -1
0.1 191 192 -1
0.1 190 599 -1
0.1 189 600 -1
0.1 598 601 -1
0.1 596 602 -1
0.1 594 603 -1
0.1 585 604 -1
0.1 566 605 -1
0.1 547 606 -1
0.1 122 607 -1
0.1 121 608 -1
0.1 195 196 -1
0.1 610 197 -1
0.1 194 611 -1
0.1 198 199 -1
0.1 201 202 -1
0.1 200 614 -1
0.1 615 203 -1
0.1 613 616 -1
0.1 612 617 -1
0.1 193 618 -1
0.1 609 619 -1
0.1 204 205 -1
0.1 206 207 -1
0.1 622 208 -1
0.1 621 623 -1
0.1 620 624 -1
0.1 538 625 -1
0.1 210 211 -1
0.1 209 627 -1
0.1 212 213 -1
0.1 214 215 -1
0.1 629 630 -1
0.1 628 631 -1
0.1 218 219 -1
0.1 633 220 -1
0.1 634 221 -1
0.1 217 635 -1
0.1 216 636 -1
0.1 222 223 -1
0.1 638 224 -1
0.1 225 226 -1
0.1 639 640 -1
0.1 637 641 -1
0.1 227 228 -1
0.1 230 231 -1
0.1 229 644 -1
0.1 643 645 -1
0.1 232 233 -1
0.1 234 235 -1
0.1 236 237 -1
0.1 238 239 -1
0.1 240 241 -1
0.1 650 651 -1
0.1 649 652 -1
0.1 648 653 -1
0.1 647 654 -1
0.1 646 655 -1
0.1 642 656 -1
0.1 632 657 -1
0.1 626 658 -1
0.1 534 659 -1
0.1 243 244 -1
0.1 242 661 -1
0.1 245 246 -1
0.1 663 247 -1
0.1 662 664 -1
0.1 660 665 -1
0.1 248 249 -1
0.1 666 667 -1
0.1 250 251 -1
0.1 252 253 -1
0.1 255 256 -1
0.1 257 258 -1
0.1 671 672 -1
0.1 254 673 -1
0.1 674 259 -1
0.1 260 261 -1
0.1 675 676 -1
0.1 262 263 -1
0.1 677 678 -1
0.1 670 679 -1
0.1 264 265 -1
0.1 680 681 -1
0.1 669 682 -1
0.1 266 267 -1
0.1 684 268 -1
0.1 270 271 -1
0.1 274 275 -1
0.1 687 276 -1
0.1 688 277 -1
0.1 689 278 -1
0.1 273 690 -1
0.1 272 691 -1
0.1 692 279 -1
0.1 686 693 -1
0.1 269 694 -1
0.1 685 695 -1
0.1 683 696 -1
0.1 280 281 -1
0.1 282 283 -1
0.1 284 285 -1
0.1 699 700 -1
0.1 286 287 -1
0.1 701 702 -1
0.1 698 703 -1
0.1 697 704 -1
0.1 288 289 -1
0.1 291 292 -1
0.1 707 293 -1
0.1 290 708 -1
0.1 295 296 -1
0.1 294 710 -1
0.1 298 299 -1
0.1 297 712 -1
0.1 711 713 -1
0.1 709 714 -1
0.1 300 301 -1
0.1 304 305 -1
0.1 303 717 -1
0.1 718 306 -1
0.1 307 308 -1
0.1 719 720 -1
0.1 302 721 -1
0.1 722 309 -1
0.1 716 723 -1
0.1 715 724 -1
0.1 312 313 -1
0.1 311 726 -1
0.1 310 727 -1
0.1 314 315 -1
0.1 728 729 -1
0.1 317 318 -1
0.1 731 319 -1
0.1 316 732 -1
0.1 730 733 -1
0.1 725 734 -1
0.1 706 735 -1
0.1 705 736 -1
0.1 321 322 -1
0.1 738 323 -1
0.1 320 739 -1
0.1 737 740 -1
0.1 324 325 -1
0.1 327 328 -1
0.1 326 743 -1
0.1 742 744 -1
0.1 331 332 -1
0.1 330 746 -1
0.1 329 747 -1
0.1 335 336 -1
0.1 334 749 -1
0.1 339 340 -1
0.1 338 751 -1
0.1 752 341 -1
0.1 337 753 -1
0.1 750 754 -1
0.1 333 755 -1
0.1 748 756 -1
0.1 745 757 -1
0.1 342 343 -1
0.1 346 347 -1
0.1 345 760 -1
0.1 344 761 -1
0.1 348 349 -1
0.1 762 763 -1
0.1 759 764 -1
0.1 352 353 -1
0.1 351 766 -1
0.1 350 767 -1
0.1 355 356 -1
0.1 354 769 -1
0.1 768 770 -1
0.1 771 357 -1
0.1 359 360 -1
0.1 773 361 -1
0.1 358 774 -1
0.1 772 775 -1
0.1 362 363 -1
0.1 365 366 -1
0.1 364 778 -1
0.1 367 368 -1
0.1 779 780 -1
0.1 370 371 -1
0.1 369 782 -1
0.1 781 783 -1
0.1 777 784 -1
0.1 776 785 -1
0.1 765 786 -1
0.1 372 373 -1
0.1 375 376 -1
0.1 374 789 -1
0.1 377 378 -1
0.1 790 791 -1
0.1 379 380 -1
0.1 792 793 -1
0.1 381 382 -1
0.1 794 795 -1
0.1 788 796 -1
0.1 383 384 -1
0.1 797 798 -1
0.1 385 386 -1
0.1 799 800 -1
0.1 787 801 -1
0.1 758 802 -1
0.1 387 388 -1
0.1 391 392 -1
0.1 393 394 -1
0.1 805 806 -1
0.1 390 807 -1
0.1 395 396 -1
0.1 808 809 -1
0.1 389 810 -1
0.1 804 811 -1
0.1 398 399 -1
0.1 397 813 -1
0.1 401 402 -1
0.1 400 815 -1
0.1 814 816 -1
0.1 812 817 -1
0.1 405 406 -1
0.1 404 819 -1
0.1 403 820 -1
0.1 818 821 -1
0.1 407 408 -1
0.1 823 409 -1
0.1 822 824 -1
0.1 412 413 -1
0.1 826 414 -1
0.1 415 416 -1
0.1 827 828 -1
0.1 829 417 -1
0.1 411 830 -1
0.1 410 831 -1
0.1 825 832 -1
0.1 419 420 -1
0.1 418 834 -1
0.1 833 835 -1
0.1 803 836 -1
0.1 741 837 -1
0.1 668 838 -1
