1 0 0 1
1 0 0 1
1 0 0 1
1 0 0 1
1 0 0 1
1 0 0 1
1 0 0 1
1 0 0 1
1 0 0 1
1 0 0 1
1 0 0 2
1 0 0 2
1 0 0 2
1 0 0 2
1 0 0 2
1 0 0 2
1 0 0 2
1 0 0 2
1 0 0 2
1 0 0 2
1 0 0 2
1 0 0 2
1 0 0 2
1 0 0 2
1 0 0 2
1 0 0 2
1 0 0 2
1 0 0 2
1 0 0 2
1 0 0 2
1 0 0 1
1 0 0 1
1 0 0 1
1 0 0 1
1 0 0 1
1 0 0 1
1 0 0 1
1 0 0 1
1 0 0 1
1 0 0 1
1 0 0 3
1 0 0 3
1 0 0 3
1 0 0 3
1 0 0 3
1 0 0 3
1 0 0 3
1 0 0 3
1 0 0 3
1 0 0 3
1 0 0 3
1 0 0 3
1 0 0 3
1 0 0 3
1 0 0 3
1 0 0 3
1 0 0 3
1 0 0 3
1 0 0 3
1 0 0 3
1 0 0 4
1 0 0 4
1 0 0 4
1 0 0 4
1 0 0 4
1 0 0 4
1 0 0 4
1 0 0 4
1 0 0 4
1 0 0 4
1 0 0 4
1 0 0 4
1 0 0 4
1 0 0 4
1 0 0 4
1 0 0 4
1 0 0 4
1 0 0 4
1 0 0 4
1 0 0 4
1 0 0 5
1 0 0 5
1 0 0 5
1 0 0 6
1 0 0 6
1 0 0 6
1 0 0 6
1 0 0 6
1 0 0 6
1 0 0 6
1 0 0 6
1 0 0 6
1 0 0 6
1 0 0 6
1 0 0 6
1 0 0 6
1 0 0 6
1 0 0 6
1 0 0 6
1 0 0 6
1 0 0 6
1 0 0 6
1 0 0 6
1 0 0 5
1 0 0 5
1 0 0 5
1 0 0 5
1 0 0 5
1 0 0 5
1 0 0 5
1 0 0 7
1 0 0 7
1 0 0 7
1 0 0 7
1 0 0 7
1 0 0 7
1 0 0 7
1 0 0 7
1 0 0 7
1 0 0 7
1 0 0 7
1 0 0 7
1 0 0 7
1 0 0 7
1 0 0 7
1 0 0 7
1 0 0 7
1 0 0 7
1 0 0 7
1 0 0 7
1 0 0 8
1 0 0 8
1 0 0 8
1 0 0 8
1 0 0 8
1 0 0 8
1 0 0 8
1 0 0 8
1 0 0 8
1 0 0 8
1 0 0 8
1 0 0 8
1 0 0 8
1 0 0 8
1 0 0 8
1 0 0 8
1 0 0 8
1 0 0 8
1 0 0 8
1 0 0 8
1 0 0 5
1 0 0 5
1 0 0 9
1 0 0 9
1 0 0 9
1 0 0 9
1 0 0 9
1 0 0 9
1 0 0 9
1 0 0 9
1 0 0 9
1 0 0 9
1 0 0 9
1 0 0 9
1 0 0 9
1 0 0 9
1 0 0 9
1 0 0 9
1 0 0 9
1 0 0 9
1 0 0 9
1 0 0 9
1 0 0 5
1 0 0 5
1 0 0 10
1 0 0 10
1 0 0 10
1 0 0 10
1 0 0 10
1 0 0 10
1 0 0 10
1 0 0 10
1 0 0 10
1 0 0 10
1 0 0 10
1 0 0 10
1 0 0 10
1 0 0 10
1 0 0 10
1 0 0 10
1 0 0 10
1 0 0 10
1 0 0 10
1 0 0 10
1 0 0 5
1 0 0 5
1 0 0 5
1 0 0 11
1 0 0 11
1 0 0 11
1 0 0 11
1 0 0 11
1 0 0 11
1 0 0 11
1 0 0 11
1 0 0 11
1 0 0 11
1 0 0 11
1 0 0 11
1 0 0 11
1 0 0 11
1 0 0 11
1 0 0 11
1 0 0 11
1 0 0 11
1 0 0 11
1 0 0 11
1 0 0 12
1 0 0 12
1 0 0 12
1 0 0 12
1 0 0 12
1 0 0 12
1 0 0 12
1 0 0 12
1 0 0 12
1 0 0 12
1 0 0 12
1 0 0 12
1 0 0 12
1 0 0 12
1 0 0 12
1 0 0 12
1 0 0 12
1 0 0 12
1 0 0 12
1 0 0 12
1 0 0 5
1 0 0 5
1 0 0 5
1 0 0 13
1 0 0 13
1 0 0 13
1 0 0 13
1 0 0 13
1 0 0 13
1 0 0 13
1 0 0 13
1 0 0 13
1 0 0 13
1 0 0 13
1 0 0 13
1 0 0 13
1 0 0 13
1 0 0 13
1 0 0 13
1 0 0 14
1 0 0 14
1 0 0 14
1 0 0 15
1 0 0 15
1 0 0 15
1 0 0 15
1 0 0 15
1 0 0 15
1 0 0 15
1 0 0 15
1 0 0 15
1 0 0 15
1 0 0 15
1 0 0 15
1 0 0 15
1 0 0 15
1 0 0 15
1 0 0 15
1 0 0 15
1 0 0 15
1 0 0 15
1 0 0 15
1 0 0 14
1 0 0 14
1 0 0 14
1 0 0 14
1 0 0 14
1 0 0 14
1 0 0 14
1 0 0 14
1 0 0 14
1 0 0 14
1 0 0 14
1 0 0 14
1 0 0 16
1 0 0 16
1 0 0 16
1 0 0 16
1 0 0 16
1 0 0 16
1 0 0 16
1 0 0 16
1 0 0 16
1 0 0 16
1 0 0 16
1 0 0 16
1 0 0 16
1 0 0 16
1 0 0 16
1 0 0 16
1 0 0 16
1 0 0 16
1 0 0 16
1 0 0 16
1 0 0 17
1 0 0 17
1 0 0 17
1 0 0 17
1 0 0 17
1 0 0 17
1 0 0 17
1 0 0 17
1 0 0 17
1 0 0 17
1 0 0 17
1 0 0 17
1 0 0 17
1 0 0 17
1 0 0 17
1 0 0 17
1 0 0 17
1 0 0 17
1 0 0 17
1 0 0 17
1 0 0 14
1 0 0 14
1 0 0 14
1 0 0 14
1 0 0 14
1 0 0 13
1 0 0 13
1 0 0 13
1 0 0 13
1 0 0 18
1 0 0 18
1 0 0 18
1 0 0 18
1 0 0 18
1 0 0 18
1 0 0 19
1 0 0 19
1 0 0 19
1 0 0 19
1 0 0 19
1 0 0 19
1 0 0 19
1 0 0 19
1 0 0 19
1 0 0 19
1 0 0 19
1 0 0 19
1 0 0 19
1 0 0 19
1 0 0 19
1 0 0 19
1 0 0 19
1 0 0 19
1 0 0 19
1 0 0 19
1 0 0 18
1 0 0 18
1 0 0 18
1 0 0 18
1 0 0 18
1 0 0 18
1 0 0 18
1 0 0 18
1 0 0 18
1 0 0 18
1 0 0 18
1 0 0 18
1 0 0 18
1 0 0 18
1 0 0 20
1 0 0 20
1 0 0 20
1 0 0 20
1 0 0 20
1 0 0 20
1 0 0 20
1 0 0 20
1 0 0 20
1 0 0 20
1 0 0 20
1 0 0 20
1 0 0 20
1 0 0 20
1 0 0 20
1 0 0 20
1 0 0 20
1 0 0 20
1 0 0 20
1 0 0 20
1 0 0 21
1 0 0 21
1 0 0 21
1 0 0 21
1 0 0 21
1 0 0 21
1 0 0 21
1 0 0 21
1 0 0 21
1 0 0 21
1 0 0 21
1 0 0 21
1 0 0 21
1 0 0 21
1 0 0 21
1 0 0 21
1 0 0 21
1 0 0 21
1 0 0 21
1 0 0 21
1 0 0 22
1 0 0 22
1 0 0 22
1 0 0 22
1 0 0 22
1 0 0 22
1 0 0 22
1 0 0 22
1 0 0 22
1 0 0 22
1 0 0 22
1 0 0 22
1 0 0 22
1 0 0 22
1 0 0 22
1 0 0 22
1 0 0 22
1 0 0 22
1 0 0 22
1 0 0 22
1 0 0 23
1 0 0 23
1 0 0 23
1 0 0 23
1 0 0 23
1 0 0 23
1 0 0 23
1 0 0 23
1 0 0 23
1 0 0 23
1 0 0 23
1 0 0 23
1 0 0 23
1 0 0 23
1 0 0 23
1 0 0 23
1 0 0 24
1 0 0 24
1 0 0 24
1 0 0 24
1 0 0 24
1 0 0 24
1 0 0 24
1 0 0 24
1 0 0 24
1 0 0 24
1 0 0 24
1 0 0 24
1 0 0 24
1 0 0 24
1 0 0 24
1 0 0 24
1 0 0 24
1 0 0 24
1 0 0 24
1 0 0 24
1 0 0 23
1 0 0 23
1 0 0 25
1 0 0 26
1 0 0 26
1 0 0 26
1 0 0 26
1 0 0 26
1 0 0 26
1 0 0 26
1 0 0 26
1 0 0 26
1 0 0 26
1 0 0 26
1 0 0 26
1 0 0 26
1 0 0 26
1 0 0 26
1 0 0 26
1 0 0 26
1 0 0 26
1 0 0 26
1 0 0 26
1 0 0 27
1 0 0 27
1 0 0 27
1 0 0 27
1 0 0 27
1 0 0 27
1 0 0 27
1 0 0 27
1 0 0 27
1 0 0 27
1 0 0 27
1 0 0 27
1 0 0 27
1 0 0 27
1 0 0 27
1 0 0 27
1 0 0 27
1 0 0 27
1 0 0 27
1 0 0 27
1 0 0 28
1 0 0 28
1 0 0 28
1 0 0 28
1 0 0 28
1 0 0 28
1 0 0 28
1 0 0 28
1 0 0 28
1 0 0 28
1 0 0 28
1 0 0 28
1 0 0 28
1 0 0 28
1 0 0 28
1 0 0 28
1 0 0 28
1 0 0 28
1 0 0 28
1 0 0 28
1 0 0 25
1 0 0 29
1 0 0 29
1 0 0 29
1 0 0 29
1 0 0 29
1 0 0 29
1 0 0 29
1 0 0 29
1 0 0 29
1 0 0 29
1 0 0 29
1 0 0 29
1 0 0 29
1 0 0 29
1 0 0 29
1 0 0 29
1 0 0 29
1 0 0 29
1 0 0 29
1 0 0 29
1 0 0 25
1 0 0 25
1 0 0 30
1 0 0 30
1 0 0 30
1 0 0 30
1 0 0 31
1 0 0 31
1 0 0 31
1 0 0 31
1 0 0 31
1 0 0 31
1 0 0 31
1 0 0 31
1 0 0 31
1 0 0 31
1 0 0 31
1 0 0 31
1 0 0 31
1 0 0 31
1 0 0 31
1 0 0 31
1 0 0 31
1 0 0 31
1 0 0 31
1 0 0 31
1 0 0 30
1 0 0 30
1 0 0 30
1 0 0 30
1 0 0 30
1 0 0 30
1 0 0 30
1 0 0 30
1 0 0 30
1 0 0 30
1 0 0 30
1 0 0 30
1 0 0 30
1 0 0 30
1 0 0 30
1 0 0 30
1 0 0 25
1 0 0 25
1 0 0 25
1 0 0 25
1 0 0 32
1 0 0 32
1 0 0 32
1 0 0 33
1 0 0 33
1 0 0 33
1 0 0 33
1 0 0 33
1 0 0 33
1 0 0 33
1 0 0 33
1 0 0 33
1 0 0 33
1 0 0 33
1 0 0 33
1 0 0 33
1 0 0 33
1 0 0 33
1 0 0 33
1 0 0 33
1 0 0 33
1 0 0 33
1 0 0 33
1 0 0 34
1 0 0 34
1 0 0 34
1 0 0 34
1 0 0 34
1 0 0 34
1 0 0 34
1 0 0 34
1 0 0 34
1 0 0 34
1 0 0 34
1 0 0 34
1 0 0 34
1 0 0 34
1 0 0 34
1 0 0 34
1 0 0 34
1 0 0 34
1 0 0 34
1 0 0 34
1 0 0 32
1 0 0 32
1 0 0 32
1 0 0 32
1 0 0 32
1 0 0 32
1 0 0 32
1 0 0 32
1 0 0 32
1 0 0 32
1 0 0 32
1 0 0 32
1 0 0 32
1 0 0 32
1 0 0 32
1 0 0 32
1 0 0 32
1 0 0 35
1 0 0 35
1 0 0 35
1 0 0 35
1 0 0 35
1 0 0 35
1 0 0 35
1 0 0 35
1 0 0 35
1 0 0 35
1 0 0 35
1 0 0 35
1 0 0 35
1 0 0 35
1 0 0 35
1 0 0 35
1 0 0 35
1 0 0 35
1 0 0 35
1 0 0 35
1 0 0 25
1 0 0 25
1 0 0 25
1 0 0 25
1 0 0 25
1 0 0 25
1 0 0 25
1 0 0 25
1 0 0 25
1 0 0 25
1 0 0 25
1 0 0 25
1 0 0 36
1 0 0 36
1 0 0 36
1 0 0 36
1 0 0 36
1 0 0 36
1 0 0 36
1 0 0 36
1 0 0 36
1 0 0 36
1 0 0 36
1 0 0 36
1 0 0 36
1 0 0 36
1 0 0 36
1 0 0 36
1 0 0 36
1 0 0 36
1 0 0 36
1 0 0 36
1 0 0 23
1 0 0 23
1 0 0 37
1 0 0 37
1 0 0 37
1 0 0 38
1 0 0 38
1 0 0 39
1 0 0 39
1 0 0 40
1 0 0 40
1 0 0 40
1 0 0 40
1 0 0 40
1 0 0 40
1 0 0 40
1 0 0 40
1 0 0 40
1 0 0 40
1 0 0 40
1 0 0 40
1 0 0 40
1 0 0 40
1 0 0 40
1 0 0 40
1 0 0 40
1 0 0 40
1 0 0 40
1 0 0 40
1 0 0 41
1 0 0 41
1 0 0 41
1 0 0 41
1 0 0 41
1 0 0 41
1 0 0 41
1 0 0 41
1 0 0 41
1 0 0 41
1 0 0 41
1 0 0 41
1 0 0 41
1 0 0 41
1 0 0 41
1 0 0 41
1 0 0 41
1 0 0 41
1 0 0 41
1 0 0 41
1 0 0 39
1 0 0 39
1 0 0 38
1 0 0 38
1 0 0 38
1 0 0 38
1 0 0 38
1 0 0 38
1 0 0 38
1 0 0 38
1 0 0 38
1 0 0 39
1 0 0 39
1 0 0 39
1 0 0 39
1 0 0 39
1 0 0 39
1 0 0 42
1 0 0 42
1 0 0 42
1 0 0 42
1 0 0 42
1 0 0 42
1 0 0 42
1 0 0 42
1 0 0 42
1 0 0 42
1 0 0 42
1 0 0 42
1 0 0 42
1 0 0 43
1 0 0 43
1 0 0 43
1 0 0 43
1 0 0 43
1 0 0 43
1 0 0 43
1 0 0 43
1 0 0 43
1 0 0 43
1 0 0 43
1 0 0 43
1 0 0 43
1 0 0 43
1 0 0 43
1 0 0 43
1 0 0 43
1 0 0 43
1 0 0 43
1 0 0 43
1 0 0 42
1 0 0 42
1 0 0 42
1 0 0 42
1 0 0 42
1 0 0 42
1 0 0 42
1 0 0 39
1 0 0 39
1 0 0 39
1 0 0 39
1 0 0 39
1 0 0 39
1 0 0 39
1 0 0 39
1 0 0 39
1 0 0 39
1 0 0 38
1 0 0 38
1 0 0 38
1 0 0 38
1 0 0 38
1 0 0 38
1 0 0 38
1 0 0 38
1 0 0 38
1 0 0 37
1 0 0 37
1 0 0 37
1 0 0 37
1 0 0 37
1 0 0 37
1 0 0 37
1 0 0 37
1 0 0 37
1 0 0 37
1 0 0 44
1 0 0 44
1 0 0 44
1 0 0 44
1 0 0 44
1 0 0 44
1 0 0 44
1 0 0 44
1 0 0 44
1 0 0 44
1 0 0 44
1 0 0 44
1 0 0 44
1 0 0 44
1 0 0 44
1 0 0 44
1 0 0 44
1 0 0 44
1 0 0 44
1 0 0 44
1 0 0 37
1 0 0 37
1 0 0 37
1 0 0 37
1 0 0 37
1 0 0 37
1 0 0 37
1 0 0 45
1 0 0 46
1 0 0 46
1 0 0 46
1 0 0 46
1 0 0 46
1 0 0 46
1 0 0 46
1 0 0 46
1 0 0 46
1 0 0 46
1 0 0 46
1 0 0 46
1 0 0 46
1 0 0 46
1 0 0 46
1 0 0 46
1 0 0 46
1 0 0 47
1 0 0 47
1 0 0 47
1 0 0 47
1 0 0 47
1 0 0 47
1 0 0 47
1 0 0 47
1 0 0 47
1 0 0 47
1 0 0 47
1 0 0 47
1 0 0 47
1 0 0 47
1 0 0 47
1 0 0 47
1 0 0 47
1 0 0 47
1 0 0 47
1 0 0 47
1 0 0 46
1 0 0 46
1 0 0 46
1 0 0 45
1 0 0 45
1 0 0 45
1 0 0 45
1 0 0 45
1 0 0 45
1 0 0 45
1 0 0 45
1 0 0 45
1 0 0 45
1 0 0 45
1 0 0 48
1 0 0 48
1 0 0 48
1 0 0 48
1 0 0 48
1 0 0 48
1 0 0 48
1 0 0 48
1 0 0 48
1 0 0 48
1 0 0 48
1 0 0 48
1 0 0 48
1 0 0 48
1 0 0 48
1 0 0 48
1 0 0 48
1 0 0 48
1 0 0 48
1 0 0 48
1 0 0 45
1 0 0 45
1 0 0 45
1 0 0 45
1 0 0 45
1 0 0 45
1 0 0 45
1 0 0 45
1 0 0 49
1 0 0 49
1 0 0 49
1 0 0 49
1 0 0 49
1 0 0 49
1 0 0 49
1 0 0 49
1 0 0 49
1 0 0 49
1 0 0 49
1 0 0 49
1 0 0 49
1 0 0 49
1 0 0 49
1 0 0 49
1 0 0 49
1 0 0 49
1 0 0 49
1 0 0 49
0.1 1 2 -1
0.1 4 5 -1
0.1 3 982 -1
0.1 6 7 -1
0.1 983 984 -1
0.1 981 985 -1
0.1 9 10 -1
0.1 987 11 -1
0.1 988 12 -1
0.1 13 14 -1
0.1 19 20 -1
0.1 18 991 -1
0.1 17 992 -1
0.1 993 21 -1
0.1 16 994 -1
0.1 22 23 -1
0.1 996 24 -1
0.1 25 26 -1
0.1 997 998 -1
0.1 995 999 -1
0.1 27 28 -1
0.1 29 30 -1
0.1 1001 1002 -1
0.1 1000 1003 -1
0.1 15 1004 -1
0.1 990 1005 -1
0.1 989 1006 -1
0.1 8 1007 -1
0.1 31 32 -1
0.1 35 36 -1
0.1 34 1010 -1
0.1 33 1011 -1
0.1 38 39 -1
0.1 37 1013 -1
0.1 1012 1014 -1
0.1 1009 1015 -1
0.1 1016 40 -1
0.1 1008 1017 -1
0.1 986 1018 -1
0.1 43 44 -1
0.1 42 1020 -1
0.1 1021 45 -1
0.1 41 1022 -1
0.1 48 49 -1
0.1 50 51 -1
0.1 1025 52 -1
0.1 1026 53 -1
0.1 1024 1027 -1
0.1 1028 54 -1
0.1 47 1029 -1
0.1 46 1030 -1
0.1 55 56 -1
0.1 57 58 -1
0.1 1032 1033 -1
0.1 1031 1034 -1
0.1 59 60 -1
0.1 1035 1036 -1
0.1 1023 1037 -1
0.1 65 66 -1
0.1 64 1039 -1
0.1 1040 67 -1
0.1 1041 68 -1
0.1 63 1042 -1
0.1 62 1043 -1
0.1 69 70 -1
0.1 1044 1045 -1
0.1 71 72 -1
0.1 1047 73 -1
0.1 1046 1048 -1
0.1 61 1049 -1
0.1 75 76 -1
0.1 74 1051 -1
0.1 1050 1052 -1
0.1 77 78 -1
0.1 79 80 -1
0.1 1054 1055 -1
0.1 1053 1056 -1
0.1 1038 1057 -1
0.1 81 82 -1
0.1 1059 83 -1
0.1 85 86 -1
0.1 88 89 -1
0.1 87 1062 -1
0.1 1063 90 -1
0.1 1061 1064 -1
0.1 84 1065 -1
0.1 91 92 -1
0.1 1067 93 -1
0.1 95 96 -1
0.1 94 1069 -1
0.1 97 98 -1
0.1 99 100 -1
0.1 1071 1072 -1
0.1 101 102 -1
0.1 1074 103 -1
0.1 1073 1075 -1
0.1 1070 1076 -1
0.1 1068 1077 -1
0.1 1066 1078 -1
0.1 105 106 -1
0.1 104 1080 -1
0.1 1079 1081 -1
0.1 1060 1082 -1
0.1 1083 107 -1
0.1 108 109 -1
0.1 111 112 -1
0.1 113 114 -1
0.1 1087 115 -1
0.1 1086 1088 -1
0.1 117 118 -1
0.1 119 120 -1
0.1 1090 1091 -1
0.1 116 1092 -1
0.1 122 123 -1
0.1 124 125 -1
0.1 128 129 -1
0.1 127 1096 -1
0.1 126 1097 -1
0.1 1095 1098 -1
0.1 1094 1099 -1
0.1 121 1100 -1
0.1 1101 130 -1
0.1 1093 1102 -1
0.1 1089 1103 -1
0.1 110 1104 -1
0.1 1085 1105 -1
0.1 1084 1106 -1
0.1 1058 1107 -1
0.1 132 133 -1
0.1 131 1109 -1
0.1 134 135 -1
0.1 1111 136 -1
0.1 1110 1112 -1
0.1 138 139 -1
0.1 1114 140 -1
0.1 137 1115 -1
0.1 1113 1116 -1
0.1 143 144 -1
0.1 142 1118 -1
0.1 141 1119 -1
0.1 145 146 -1
0.1 1120 1121 -1
0.1 148 149 -1
0.1 147 1123 -1
0.1 1124 150 -1
0.1 1122 1125 -1
0.1 1117 1126 -1
0.1 1108 1127 -1
0.1 1019 1128 -1
0.1 156 157 -1
0.1 158 159 -1
0.1 1130 1131 -1
0.1 155 1132 -1
0.1 154 1133 -1
0.1 1134 160 -1
0.1 162 163 -1
0.1 1136 164 -1
0.1 161 1137 -1
0.1 165 166 -1
0.1 1139 167 -1
0.1 1140 168 -1
0.1 1138 1141 -1
0.1 1135 1142 -1
0.1 153 1143 -1
0.1 170 171 -1
0.1 1145 172 -1
0.1 169 1146 -1
0.1 1144 1147 -1
0.1 152 1148 -1
0.1 151 1149 -1
0.1 173 174 -1
0.1 176 177 -1
0.1 179 180 -1
0.1 178 1153 -1
0.1 183 184 -1
0.1 182 1155 -1
0.1 181 1156 -1
0.1 186 187 -1
0.1 1158 188 -1
0.1 185 1159 -1
0.1 189 190 -1
0.1 1160 1161 -1
0.1 1157 1162 -1
0.1 1163 191 -1
0.1 1154 1164 -1
0.1 1152 1165 -1
0.1 193 194 -1
0.1 192 1167 -1
0.1 1166 1168 -1
0.1 175 1169 -1
0.1 199 200 -1
0.1 198 1171 -1
0.1 204 205 -1
0.1 203 1173 -1
0.1 202 1174 -1
0.1 201 1175 -1
0.1 207 208 -1
0.1 210 211 -1
0.1 209 1178 -1
0.1 1177 1179 -1
0.1 206 1180 -1
0.1 1181 212 -1
0.1 1176 1182 -1
0.1 213 214 -1
0.1 1183 1184 -1
0.1 215 216 -1
0.1 1186 217 -1
0.1 1185 1187 -1
0.1 1172 1188 -1
0.1 197 1189 -1
0.1 196 1190 -1
0.1 195 1191 -1
0.1 1170 1192 -1
0.1 1151 1193 -1
0.1 218 219 -1
0.1 220 221 -1
0.1 222 223 -1
0.1 1196 1197 -1
0.1 1195 1198 -1
0.1 224 225 -1
0.1 226 227 -1
0.1 228 229 -1
0.1 1201 1202 -1
0.1 232 233 -1
0.1 1204 234 -1
0.1 231 1205 -1
0.1 1206 235 -1
0.1 230 1207 -1
0.1 1203 1208 -1
0.1 1200 1209 -1
0.1 1199 1210 -1
0.1 236 237 -1
0.1 1211 1212 -1
0.1 239 240 -1
0.1 238 1214 -1
0.1 1213 1215 -1
0.1 1194 1216 -1
0.1 1150 1217 -1
0.1 1129 1218 -1
0.1 241 242 -1
0.1 244 245 -1
0.1 243 1221 -1
0.1 247 248 -1
0.1 249 250 -1
0.1 1223 1224 -1
0.1 246 1225 -1
0.1 1222 1226 -1
0.1 1220 1227 -1
0.1 251 252 -1
0.1 1229 253 -1
0.1 255 256 -1
0.1 254 1231 -1
0.1 1230 1232 -1
0.1 257 258 -1
0.1 262 263 -1
0.1 266 267 -1
0.1 265 1236 -1
0.1 264 1237 -1
0.1 1235 1238 -1
0.1 261 1239 -1
0.1 270 271 -1
0.1 269 1241 -1
0.1 1242 272 -1
0.1 268 1243 -1
0.1 274 275 -1
0.1 273 1245 -1
0.1 276 277 -1
0.1 278 279 -1
0.1 1247 1248 -1
0.1 1246 1249 -1
0.1 1244 1250 -1
0.1 1240 1251 -1
0.1 260 1252 -1
0.1 259 1253 -1
0.1 280 281 -1
0.1 1255 282 -1
0.1 284 285 -1
0.1 1257 286 -1
0.1 283 1258 -1
0.1 1256 1259 -1
0.1 288 289 -1
0.1 290 291 -1
0.1 294 295 -1
0.1 293 1263 -1
0.1 296 297 -1
0.1 299 300 -1
0.1 298 1266 -1
0.1 301 302 -1
0.1 1268 303 -1
0.1 304 305 -1
0.1 1269 1270 -1
0.1 1267 1271 -1
0.1 309 310 -1
0.1 308 1273 -1
0.1 1274 311 -1
0.1 307 1275 -1
0.1 306 1276 -1
0.1 1272 1277 -1
0.1 1265 1278 -1
0.1 1264 1279 -1
0.1 292 1280 -1
0.1 1262 1281 -1
0.1 313 314 -1
0.1 315 316 -1
0.1 1284 317 -1
0.1 318 319 -1
0.1 1285 1286 -1
0.1 320 321 -1
0.1 322 323 -1
0.1 1288 1289 -1
0.1 326 327 -1
0.1 325 1291 -1
0.1 324 1292 -1
0.1 328 329 -1
0.1 330 331 -1
0.1 1294 1295 -1
0.1 1293 1296 -1
0.1 1290 1297 -1
0.1 1287 1298 -1
0.1 1283 1299 -1
0.1 312 1300 -1
0.1 1282 1301 -1
0.1 333 334 -1
0.1 332 1303 -1
0.1 335 336 -1
0.1 1304 1305 -1
0.1 1302 1306 -1
0.1 1261 1307 -1
0.1 287 1308 -1
0.1 1260 1309 -1
0.1 1254 1310 -1
0.1 1234 1311 -1
0.1 1233 1312 -1
0.1 338 339 -1
0.1 337 1314 -1
0.1 1315 340 -1
0.1 1313 1316 -1
0.1 1228 1317 -1
0.1 1219 1318 -1
0.1 341 342 -1
0.1 344 345 -1
0.1 343 1321 -1
0.1 348 349 -1
0.1 1323 350 -1
0.1 352 353 -1
0.1 351 1325 -1
0.1 1324 1326 -1
0.1 347 1327 -1
0.1 354 355 -1
0.1 358 359 -1
0.1 357 1330 -1
0.1 356 1331 -1
0.1 1329 1332 -1
0.1 1328 1333 -1
0.1 362 363 -1
0.1 361 1335 -1
0.1 360 1336 -1
0.1 364 365 -1
0.1 1338 366 -1
0.1 1337 1339 -1
0.1 1334 1340 -1
0.1 346 1341 -1
0.1 1322 1342 -1
0.1 1320 1343 -1
0.1 367 368 -1
0.1 369 370 -1
0.1 371 372 -1
0.1 1346 1347 -1
0.1 373 374 -1
0.1 1348 1349 -1
0.1 375 376 -1
0.1 1350 1351 -1
0.1 377 378 -1
0.1 1352 1353 -1
0.1 1345 1354 -1
0.1 379 380 -1
0.1 1355 1356 -1
0.1 1344 1357 -1
0.1 382 383 -1
0.1 381 1359 -1
0.1 384 385 -1
0.1 386 387 -1
0.1 388 389 -1
0.1 390 391 -1
0.1 1363 1364 -1
0.1 1362 1365 -1
0.1 1361 1366 -1
0.1 1360 1367 -1
0.1 392 393 -1
0.1 1369 394 -1
0.1 1370 395 -1
0.1 1371 396 -1
0.1 399 400 -1
0.1 398 1373 -1
0.1 397 1374 -1
0.1 1372 1375 -1
0.1 1368 1376 -1
0.1 403 404 -1
0.1 402 1378 -1
0.1 405 406 -1
0.1 1379 1380 -1
0.1 401 1381 -1
0.1 408 409 -1
0.1 411 412 -1
0.1 410 1384 -1
0.1 1383 1385 -1
0.1 415 416 -1
0.1 414 1387 -1
0.1 1388 417 -1
0.1 1389 418 -1
0.1 413 1390 -1
0.1 1386 1391 -1
0.1 407 1392 -1
0.1 419 420 -1
0.1 1393 1394 -1
0.1 1382 1395 -1
0.1 1377 1396 -1
0.1 1358 1397 -1
0.1 1319 1398 -1
0.1 422 423 -1
0.1 421 1400 -1
0.1 424 425 -1
0.1 426 427 -1
0.1 429 430 -1
0.1 428 1404 -1
0.1 434 435 -1
0.1 433 1406 -1
0.1 432 1407 -1
0.1 431 1408 -1
0.1 1405 1409 -1
0.1 436 437 -1
0.1 439 440 -1
0.1 438 1412 -1
0.1 1411 1413 -1
0.1 1410 1414 -1
0.1 1403 1415 -1
0.1 1402 1416 -1
0.1 1401 1417 -1
0.1 442 443 -1
0.1 441 1419 -1
0.1 444 445 -1
0.1 1420 1421 -1
0.1 448 449 -1
0.1 447 1423 -1
0.1 446 1424 -1
0.1 1422 1425 -1
0.1 451 452 -1
0.1 1427 453 -1
0.1 450 1428 -1
0.1 454 455 -1
0.1 1430 456 -1
0.1 1429 1431 -1
0.1 457 458 -1
0.1 459 460 -1
0.1 1433 1434 -1
0.1 462 463 -1
0.1 1436 464 -1
0.1 461 1437 -1
0.1 1435 1438 -1
0.1 465 466 -1
0.1 467 468 -1
0.1 469 470 -1
0.1 1441 1442 -1
0.1 1443 471 -1
0.1 1440 1444 -1
0.1 1439 1445 -1
0.1 472 473 -1
0.1 1446 1447 -1
0.1 475 476 -1
0.1 474 1449 -1
0.1 1448 1450 -1
0.1 481 482 -1
0.1 480 1452 -1
0.1 483 484 -1
0.1 1453 1454 -1
0.1 1455 485 -1
0.1 486 487 -1
0.1 490 491 -1
0.1 489 1458 -1
0.1 1459 492 -1
0.1 488 1460 -1
0.1 1457 1461 -1
0.1 494 495 -1
0.1 1463 496 -1
0.1 1464 497 -1
0.1 493 1465 -1
0.1 1462 1466 -1
0.1 498 499 -1
0.1 1467 1468 -1
0.1 1456 1469 -1
0.1 501 502 -1
0.1 500 1471 -1
0.1 503 504 -1
0.1 508 509 -1
0.1 507 1474 -1
0.1 511 512 -1
0.1 1476 513 -1
0.1 510 1477 -1
0.1 1475 1478 -1
0.1 506 1479 -1
0.1 505 1480 -1
0.1 1473 1481 -1
0.1 1472 1482 -1
0.1 515 516 -1
0.1 514 1484 -1
0.1 517 518 -1
0.1 1486 519 -1
0.1 1485 1487 -1
0.1 1483 1488 -1
0.1 522 523 -1
0.1 521 1490 -1
0.1 520 1491 -1
0.1 525 526 -1
0.1 1493 527 -1
0.1 1494 528 -1
0.1 524 1495 -1
0.1 530 531 -1
0.1 529 1497 -1
0.1 534 535 -1
0.1 533 1499 -1
0.1 532 1500 -1
0.1 1498 1501 -1
0.1 1496 1502 -1
0.1 1492 1503 -1
0.1 536 537 -1
0.1 538 539 -1
0.1 1505 1506 -1
0.1 1504 1507 -1
0.1 1489 1508 -1
0.1 1470 1509 -1
0.1 479 1510 -1
0.1 544 545 -1
0.1 543 1512 -1
0.1 542 1513 -1
0.1 546 547 -1
0.1 549 550 -1
0.1 548 1516 -1
0.1 1517 551 -1
0.1 1515 1518 -1
0.1 1514 1519 -1
0.1 541 1520 -1
0.1 552 553 -1
0.1 1521 1522 -1
0.1 556 557 -1
0.1 555 1524 -1
0.1 1525 558 -1
0.1 554 1526 -1
0.1 1527 559 -1
0.1 1528 560 -1
0.1 1523 1529 -1
0.1 540 1530 -1
0.1 1511 1531 -1
0.1 561 562 -1
0.1 564 565 -1
0.1 1534 566 -1
0.1 563 1535 -1
0.1 568 569 -1
0.1 567 1537 -1
0.1 573 574 -1
0.1 1539 575 -1
0.1 572 1540 -1
0.1 1541 576 -1
0.1 571 1542 -1
0.1 579 580 -1
0.1 578 1544 -1
0.1 1545 581 -1
0.1 577 1546 -1
0.1 1543 1547 -1
0.1 583 584 -1
0.1 582 1549 -1
0.1 585 586 -1
0.1 1550 1551 -1
0.1 1548 1552 -1
0.1 570 1553 -1
0.1 1538 1554 -1
0.1 587 588 -1
0.1 589 590 -1
0.1 1556 1557 -1
0.1 1558 591 -1
0.1 593 594 -1
0.1 1560 595 -1
0.1 592 1561 -1
0.1 596 597 -1
0.1 1563 598 -1
0.1 1562 1564 -1
0.1 1559 1565 -1
0.1 1555 1566 -1
0.1 599 600 -1
0.1 601 602 -1
0.1 1568 1569 -1
0.1 1567 1570 -1
0.1 1536 1571 -1
0.1 603 604 -1
0.1 1572 1573 -1
0.1 1533 1574 -1
0.1 605 606 -1
0.1 611 612 -1
0.1 610 1577 -1
0.1 616 617 -1
0.1 615 1579 -1
0.1 618 619 -1
0.1 1580 1581 -1
0.1 614 1582 -1
0.1 620 621 -1
0.1 623 624 -1
0.1 622 1585 -1
0.1 1584 1586 -1
0.1 1583 1587 -1
0.1 613 1588 -1
0.1 625 626 -1
0.1 1590 627 -1
0.1 628 629 -1
0.1 1591 1592 -1
0.1 1589 1593 -1
0.1 1578 1594 -1
0.1 631 632 -1
0.1 633 634 -1
0.1 1596 1597 -1
0.1 635 636 -1
0.1 1598 1599 -1
0.1 630 1600 -1
0.1 1595 1601 -1
0.1 637 638 -1
0.1 641 642 -1
0.1 643 644 -1
0.1 1604 1605 -1
0.1 640 1606 -1
0.1 639 1607 -1
0.1 647 648 -1
0.1 646 1609 -1
0.1 1610 649 -1
0.1 645 1611 -1
0.1 1608 1612 -1
0.1 1603 1613 -1
0.1 1602 1614 -1
0.1 609 1615 -1
0.1 608 1616 -1
0.1 650 651 -1
0.1 1617 1618 -1
0.1 607 1619 -1
0.1 654 655 -1
0.1 656 657 -1
0.1 1621 1622 -1
0.1 653 1623 -1
0.1 658 659 -1
0.1 660 661 -1
0.1 1626 662 -1
0.1 1625 1627 -1
0.1 665 666 -1
0.1 667 668 -1
0.1 1630 669 -1
0.1 670 671 -1
0.1 673 674 -1
0.1 672 1633 -1
0.1 1632 1634 -1
0.1 1631 1635 -1
0.1 676 677 -1
0.1 679 680 -1
0.1 678 1638 -1
0.1 681 682 -1
0.1 1639 1640 -1
0.1 1641 683 -1
0.1 1637 1642 -1
0.1 684 685 -1
0.1 1644 686 -1
0.1 1643 1645 -1
0.1 675 1646 -1
0.1 1636 1647 -1
0.1 1629 1648 -1
0.1 664 1649 -1
0.1 663 1650 -1
0.1 1628 1651 -1
0.1 1624 1652 -1
0.1 652 1653 -1
0.1 1620 1654 -1
0.1 1655 687 -1
0.1 688 689 -1
0.1 1656 1657 -1
0.1 1576 1658 -1
0.1 691 692 -1
0.1 694 695 -1
0.1 1661 696 -1
0.1 693 1662 -1
0.1 1660 1663 -1
0.1 690 1664 -1
0.1 1659 1665 -1
0.1 1575 1666 -1
0.1 697 698 -1
0.1 1667 1668 -1
0.1 699 700 -1
0.1 702 703 -1
0.1 701 1671 -1
0.1 707 708 -1
0.1 706 1673 -1
0.1 705 1674 -1
0.1 704 1675 -1
0.1 1672 1676 -1
0.1 1670 1677 -1
0.1 709 710 -1
0.1 711 712 -1
0.1 1679 1680 -1
0.1 713 714 -1
0.1 1682 715 -1
0.1 1681 1683 -1
0.1 1678 1684 -1
0.1 717 718 -1
0.1 716 1686 -1
0.1 1685 1687 -1
0.1 1669 1688 -1
0.1 1532 1689 -1
0.1 1690 719 -1
0.1 478 1691 -1
0.1 477 1692 -1
0.1 1693 720 -1
0.1 1451 1694 -1
0.1 1432 1695 -1
0.1 1426 1696 -1
0.1 721 722 -1
0.1 1698 723 -1
0.1 1697 1699 -1
0.1 724 725 -1
0.1 726 727 -1
0.1 730 731 -1
0.1 1703 732 -1
0.1 729 1704 -1
0.1 733 734 -1
0.1 736 737 -1
0.1 735 1707 -1
0.1 1706 1708 -1
0.1 740 741 -1
0.1 739 1710 -1
0.1 738 1711 -1
0.1 1709 1712 -1
0.1 1705 1713 -1
0.1 742 743 -1
0.1 746 747 -1
0.1 745 1716 -1
0.1 744 1717 -1
0.1 748 749 -1
0.1 750 751 -1
0.1 1720 752 -1
0.1 753 754 -1
0.1 1722 755 -1
0.1 756 757 -1
0.1 1723 1724 -1
0.1 758 759 -1
0.1 760 761 -1
0.1 1726 1727 -1
0.1 1725 1728 -1
0.1 1721 1729 -1
0.1 1719 1730 -1
0.1 1731 762 -1
0.1 766 767 -1
0.1 765 1733 -1
0.1 764 1734 -1
0.1 763 1735 -1
0.1 1732 1736 -1
0.1 1718 1737 -1
0.1 1715 1738 -1
0.1 1714 1739 -1
0.1 728 1740 -1
0.1 768 769 -1
0.1 1741 1742 -1
0.1 1702 1743 -1
0.1 770 771 -1
0.1 774 775 -1
0.1 773 1746 -1
0.1 776 777 -1
0.1 1747 1748 -1
0.1 772 1749 -1
0.1 1750 778 -1
0.1 1745 1751 -1
0.1 1744 1752 -1
0.1 781 782 -1
0.1 780 1754 -1
0.1 783 784 -1
0.1 1755 1756 -1
0.1 779 1757 -1
0.1 785 786 -1
0.1 787 788 -1
0.1 789 790 -1
0.1 1760 1761 -1
0.1 791 792 -1
0.1 1763 793 -1
0.1 1764 794 -1
0.1 1762 1765 -1
0.1 1759 1766 -1
0.1 795 796 -1
0.1 799 800 -1
0.1 802 803 -1
0.1 1770 804 -1
0.1 1771 805 -1
0.1 801 1772 -1
0.1 1769 1773 -1
0.1 798 1774 -1
0.1 807 808 -1
0.1 810 811 -1
0.1 809 1777 -1
0.1 812 813 -1
0.1 1779 814 -1
0.1 1778 1780 -1
0.1 1776 1781 -1
0.1 806 1782 -1
0.1 815 816 -1
0.1 1783 1784 -1
0.1 1785 817 -1
0.1 1775 1786 -1
0.1 797 1787 -1
0.1 1788 818 -1
0.1 819 820 -1
0.1 1789 1790 -1
0.1 1791 821 -1
0.1 1768 1792 -1
0.1 823 824 -1
0.1 822 1794 -1
0.1 1793 1795 -1
0.1 1767 1796 -1
0.1 826 827 -1
0.1 1798 828 -1
0.1 825 1799 -1
0.1 829 830 -1
0.1 1801 831 -1
0.1 1800 1802 -1
0.1 1797 1803 -1
0.1 1758 1804 -1
0.1 833 834 -1
0.1 832 1806 -1
0.1 1805 1807 -1
0.1 1753 1808 -1
0.1 835 836 -1
0.1 1810 837 -1
0.1 1809 1811 -1
0.1 838 839 -1
0.1 1812 1813 -1
0.1 840 841 -1
0.1 1814 1815 -1
0.1 842 843 -1
0.1 1816 1817 -1
0.1 1701 1818 -1
0.1 1700 1819 -1
0.1 1418 1820 -1
0.1 845 846 -1
0.1 844 1822 -1
0.1 847 848 -1
0.1 1824 849 -1
0.1 850 851 -1
0.1 852 853 -1
0.1 855 856 -1
0.1 857 858 -1
0.1 859 860 -1
0.1 1829 1830 -1
0.1 1828 1831 -1
0.1 861 862 -1
0.1 863 864 -1
0.1 1833 1834 -1
0.1 1832 1835 -1
0.1 867 868 -1
0.1 866 1837 -1
0.1 1838 869 -1
0.1 865 1839 -1
0.1 1840 870 -1
0.1 1836 1841 -1
0.1 854 1842 -1
0.1 872 873 -1
0.1 871 1844 -1
0.1 1843 1845 -1
0.1 1827 1846 -1
0.1 1826 1847 -1
0.1 1825 1848 -1
0.1 874 875 -1
0.1 1850 876 -1
0.1 877 878 -1
0.1 1852 879 -1
0.1 1853 880 -1
0.1 1851 1854 -1
0.1 1849 1855 -1
0.1 1823 1856 -1
0.1 882 883 -1
0.1 885 886 -1
0.1 887 888 -1
0.1 1859 1860 -1
0.1 891 892 -1
0.1 890 1862 -1
0.1 893 894 -1
0.1 1864 895 -1
0.1 1863 1865 -1
0.1 889 1866 -1
0.1 1861 1867 -1
0.1 884 1868 -1
0.1 896 897 -1
0.1 1870 898 -1
0.1 1869 1871 -1
0.1 1858 1872 -1
0.1 900 901 -1
0.1 1874 902 -1
0.1 903 904 -1
0.1 906 907 -1
0.1 905 1877 -1
0.1 908 909 -1
0.1 1878 1879 -1
0.1 1876 1880 -1
0.1 1875 1881 -1
0.1 911 912 -1
0.1 913 914 -1
0.1 916 917 -1
0.1 915 1885 -1
0.1 1886 918 -1
0.1 1884 1887 -1
0.1 1883 1888 -1
0.1 910 1889 -1
0.1 1882 1890 -1
0.1 899 1891 -1
0.1 919 920 -1
0.1 1893 921 -1
0.1 1892 1894 -1
0.1 1873 1895 -1
0.1 881 1896 -1
0.1 922 923 -1
0.1 926 927 -1
0.1 1899 928 -1
0.1 925 1900 -1
0.1 924 1901 -1
0.1 1898 1902 -1
0.1 930 931 -1
0.1 929 1904 -1
0.1 934 935 -1
0.1 1906 936 -1
0.1 933 1907 -1
0.1 1908 937 -1
0.1 942 943 -1
0.1 941 1910 -1
0.1 940 1911 -1
0.1 939 1912 -1
0.1 944 945 -1
0.1 1914 946 -1
0.1 1913 1915 -1
0.1 938 1916 -1
0.1 947 948 -1
0.1 949 950 -1
0.1 951 952 -1
0.1 1919 1920 -1
0.1 1918 1921 -1
0.1 1917 1922 -1
0.1 1909 1923 -1
0.1 1924 953 -1
0.1 932 1925 -1
0.1 1905 1926 -1
0.1 954 955 -1
0.1 1928 956 -1
0.1 958 959 -1
0.1 957 1930 -1
0.1 1931 960 -1
0.1 1929 1932 -1
0.1 961 962 -1
0.1 963 964 -1
0.1 971 972 -1
0.1 970 1936 -1
0.1 969 1937 -1
0.1 968 1938 -1
0.1 967 1939 -1
0.1 974 975 -1
0.1 1941 976 -1
0.1 973 1942 -1
0.1 1940 1943 -1
0.1 966 1944 -1
0.1 965 1945 -1
0.1 1935 1946 -1
0.1 978 979 -1
0.1 977 1948 -1
0.1 1947 1949 -1
0.1 1950 980 -1
0.1 1934 1951 -1
0.1 1933 1952 -1
0.1 1927 1953 -1
0.1 1903 1954 -1
0.1 1897 1955 -1
0.1 1857 1956 -1
0.1 1821 1957 -1
0.1 1399 1958 -1
