1 0 0 1
1 0 0 1
1 0 0 1
1 0 0 1
1 0 0 2
1 0 0 2
1 0 0 2
1 0 0 2
1 0 0 2
1 0 0 2
1 0 0 2
1 0 0 2
1 0 0 2
1 0 0 2
1 0 0 1
1 0 0 1
1 0 0 1
1 0 0 1
1 0 0 3
1 0 0 4
1 0 0 4
1 0 0 4
1 0 0 4
1 0 0 4
1 0 0 4
1 0 0 4
1 0 0 4
1 0 0 4
1 0 0 4
1 0 0 5
1 0 0 5
1 0 0 5
1 0 0 5
1 0 0 5
1 0 0 5
1 0 0 5
1 0 0 5
1 0 0 5
1 0 0 5
1 0 0 6
1 0 0 6
1 0 0 6
1 0 0 6
1 0 0 6
1 0 0 6
1 0 0 6
1 0 0 6
1 0 0 6
1 0 0 6
1 0 0 7
1 0 0 7
1 0 0 7
1 0 0 7
1 0 0 7
1 0 0 7
1 0 0 7
1 0 0 7
1 0 0 7
1 0 0 7
1 0 0 3
1 0 0 8
1 0 0 8
1 0 0 8
1 0 0 8
1 0 0 8
1 0 0 8
1 0 0 8
1 0 0 8
1 0 0 8
1 0 0 8
1 0 0 9
1 0 0 9
1 0 0 9
1 0 0 9
1 0 0 9
1 0 0 9
1 0 0 9
1 0 0 9
1 0 0 9
1 0 0 9
1 0 0 1
1 0 0 1
1 0 0 10
1 0 0 10
1 0 0 10
1 0 0 10
1 0 0 10
1 0 0 10
1 0 0 10
1 0 0 10
1 0 0 10
1 0 0 10
1 0 0 11
1 0 0 11
1 0 0 11
1 0 0 11
1 0 0 11
1 0 0 12
1 0 0 12
1 0 0 12
1 0 0 12
1 0 0 12
1 0 0 12
1 0 0 12
1 0 0 12
1 0 0 12
1 0 0 12
1 0 0 11
1 0 0 11
1 0 0 11
1 0 0 11
1 0 0 11
1 0 0 13
1 0 0 13
1 0 0 13
1 0 0 13
1 0 0 3
1 0 0 3
1 0 0 3
1 0 0 3
1 0 0 3
1 0 0 3
1 0 0 3
1 0 0 3
1 0 0 13
1 0 0 13
1 0 0 13
1 0 0 13
1 0 0 13
1 0 0 13
1 0 0 14
1 0 0 14
1 0 0 14
1 0 0 14
1 0 0 14
1 0 0 14
1 0 0 14
1 0 0 14
1 0 0 14
1 0 0 14
0.1 2 3 -1
0.1 1 141 -1
0.1 142 4 -1
0.1 8 9 -1
0.1 7 144 -1
0.1 6 145 -1
0.1 10 11 -1
0.1 147 12 -1
0.1 146 148 -1
0.1 149 13 -1
0.1 150 14 -1
0.1 5 151 -1
0.1 143 152 -1
0.1 16 17 -1
0.1 15 154 -1
0.1 155 18 -1
0.1 153 156 -1
0.1 21 22 -1
0.1 23 24 -1
0.1 158 159 -1
0.1 20 160 -1
0.1 25 26 -1
0.1 28 29 -1
0.1 27 163 -1
0.1 162 164 -1
0.1 161 165 -1
0.1 30 31 -1
0.1 166 167 -1
0.1 33 34 -1
0.1 36 37 -1
0.1 35 170 -1
0.1 169 171 -1
0.1 32 172 -1
0.1 168 173 -1
0.1 174 38 -1
0.1 175 39 -1
0.1 41 42 -1
0.1 40 177 -1
0.1 44 45 -1
0.1 179 46 -1
0.1 43 180 -1
0.1 48 49 -1
0.1 47 182 -1
0.1 181 183 -1
0.1 178 184 -1
0.1 176 185 -1
0.1 19 186 -1
0.1 51 52 -1
0.1 50 188 -1
0.1 53 54 -1
0.1 56 57 -1
0.1 58 59 -1
0.1 191 192 -1
0.1 55 193 -1
0.1 190 194 -1
0.1 189 195 -1
0.1 196 60 -1
0.1 64 65 -1
0.1 198 66 -1
0.1 63 199 -1
0.1 62 200 -1
0.1 201 67 -1
0.1 61 202 -1
0.1 203 68 -1
0.1 69 70 -1
0.1 204 205 -1
0.1 73 74 -1
0.1 72 207 -1
0.1 76 77 -1
0.1 75 209 -1
0.1 78 79 -1
0.1 210 211 -1
0.1 212 80 -1
0.1 208 213 -1
0.1 71 214 -1
0.1 206 215 -1
0.1 197 216 -1
0.1 187 217 -1
0.1 157 218 -1
0.1 81 82 -1
0.1 219 220 -1
0.1 84 85 -1
0.1 87 88 -1
0.1 86 223 -1
0.1 89 90 -1
0.1 225 91 -1
0.1 226 92 -1
0.1 224 227 -1
0.1 222 228 -1
0.1 83 229 -1
0.1 98 99 -1
0.1 231 100 -1
0.1 102 103 -1
0.1 101 233 -1
0.1 105 106 -1
0.1 104 235 -1
0.1 236 107 -1
0.1 234 237 -1
0.1 232 238 -1
0.1 109 110 -1
0.1 108 240 -1
0.1 239 241 -1
0.1 97 242 -1
0.1 96 243 -1
0.1 95 244 -1
0.1 94 245 -1
0.1 111 112 -1
0.1 246 247 -1
0.1 93 248 -1
0.1 115 116 -1
0.1 114 250 -1
0.1 113 251 -1
0.1 118 119 -1
0.1 117 253 -1
0.1 120 121 -1
0.1 255 122 -1
0.1 256 123 -1
0.1 254 257 -1
0.1 258 124 -1
0.1 252 259 -1
0.1 249 260 -1
0.1 126 127 -1
0.1 125 262 -1
0.1 261 263 -1
0.1 129 130 -1
0.1 128 265 -1
0.1 264 266 -1
0.1 132 133 -1
0.1 134 135 -1
0.1 268 269 -1
0.1 270 136 -1
0.1 131 271 -1
0.1 267 272 -1
0.1 139 140 -1
0.1 138 274 -1
0.1 137 275 -1
0.1 273 276 -1
0.1 230 277 -1
0.1 221 278 -1
