1 0 0 1
1 0 0 1
1 0 0 1
1 0 0 1
1 0 0 1
1 0 0 2
1 0 0 3
1 0 0 3
1 0 0 3
1 0 0 4
1 0 0 4
1 0 0 4
1 0 0 4
1 0 0 5
1 0 0 5
1 0 0 5
1 0 0 5
1 0 0 5
1 0 0 4
1 0 0 3
1 0 0 3
1 0 0 6
1 0 0 6
1 0 0 6
1 0 0 6
1 0 0 7
1 0 0 7
1 0 0 7
1 0 0 7
1 0 0 7
1 0 0 8
1 0 0 8
1 0 0 8
1 0 0 8
1 0 0 8
1 0 0 6
1 0 0 9
1 0 0 9
1 0 0 9
1 0 0 9
1 0 0 9
1 0 0 10
1 0 0 10
1 0 0 10
1 0 0 10
1 0 0 11
1 0 0 10
1 0 0 12
1 0 0 11
1 0 0 2
1 0 0 11
1 0 0 11
1 0 0 11
1 0 0 13
1 0 0 13
1 0 0 14
1 0 0 15
1 0 0 15
1 0 0 15
1 0 0 15
1 0 0 15
1 0 0 16
1 0 0 16
1 0 0 16
1 0 0 16
1 0 0 16
1 0 0 14
1 0 0 14
1 0 0 14
1 0 0 14
1 0 0 13
1 0 0 2
1 0 0 2
1 0 0 13
1 0 0 12
1 0 0 12
1 0 0 12
1 0 0 12
1 0 0 2
1 0 0 13
1 0 0 17
1 0 0 17
1 0 0 17
1 0 0 17
1 0 0 17
1 0 0 18
1 0 0 18
1 0 0 18
1 0 0 18
1 0 0 18
1 0 0 19
1 0 0 19
1 0 0 19
1 0 0 20
1 0 0 20
1 0 0 20
1 0 0 20
1 0 0 19
1 0 0 21
1 0 0 21
1 0 0 20
1 0 0 21
1 0 0 21
1 0 0 21
1 0 0 22
1 0 0 22
1 0 0 22
1 0 0 22
1 0 0 22
1 0 0 23
1 0 0 23
1 0 0 23
1 0 0 23
1 0 0 23
1 0 0 24
1 0 0 24
1 0 0 24
1 0 0 24
1 0 0 24
1 0 0 25
1 0 0 25
1 0 0 25
1 0 0 26
1 0 0 26
1 0 0 26
1 0 0 26
1 0 0 26
1 0 0 27
1 0 0 27
1 0 0 27
1 0 0 27
1 0 0 27
1 0 0 25
1 0 0 25
1 0 0 28
1 0 0 28
1 0 0 28
1 0 0 28
1 0 0 28
1 0 0 29
1 0 0 30
1 0 0 31
1 0 0 31
1 0 0 19
1 0 0 32
1 0 0 32
1 0 0 32
1 0 0 32
1 0 0 32
1 0 0 33
1 0 0 33
1 0 0 33
1 0 0 33
1 0 0 33
1 0 0 34
1 0 0 34
1 0 0 29
1 0 0 29
1 0 0 29
1 0 0 29
1 0 0 34
1 0 0 34
1 0 0 34
1 0 0 35
1 0 0 35
1 0 0 35
1 0 0 35
1 0 0 35
1 0 0 36
1 0 0 36
1 0 0 36
1 0 0 36
1 0 0 37
1 0 0 37
1 0 0 37
1 0 0 37
1 0 0 37
1 0 0 36
1 0 0 30
1 0 0 38
1 0 0 38
1 0 0 38
1 0 0 38
1 0 0 38
1 0 0 39
1 0 0 39
1 0 0 39
1 0 0 40
1 0 0 41
1 0 0 41
1 0 0 41
1 0 0 41
1 0 0 41
1 0 0 39
1 0 0 39
1 0 0 40
1 0 0 40
1 0 0 31
1 0 0 31
1 0 0 31
1 0 0 40
1 0 0 40
1 0 0 30
1 0 0 30
1 0 0 30
0.1 2 3 -1
0.1 1 206 -1
0.1 207 4 -1
0.1 208 5 -1
0.1 7 8 -1
0.1 11 12 -1
0.1 15 16 -1
0.1 14 212 -1
0.1 213 17 -1
0.1 214 18 -1
0.1 13 215 -1
0.1 216 19 -1
0.1 211 217 -1
0.1 10 218 -1
0.1 9 219 -1
0.1 210 220 -1
0.1 20 21 -1
0.1 221 222 -1
0.1 22 23 -1
0.1 29 30 -1
0.1 28 225 -1
0.1 27 226 -1
0.1 26 227 -1
0.1 25 228 -1
0.1 24 229 -1
0.1 224 230 -1
0.1 31 32 -1
0.1 34 35 -1
0.1 33 233 -1
0.1 232 234 -1
0.1 37 38 -1
0.1 39 40 -1
0.1 236 237 -1
0.1 238 41 -1
0.1 36 239 -1
0.1 235 240 -1
0.1 231 241 -1
0.1 43 44 -1
0.1 243 45 -1
0.1 42 244 -1
0.1 46 47 -1
0.1 245 246 -1
0.1 242 247 -1
0.1 223 248 -1
0.1 50 51 -1
0.1 49 250 -1
0.1 48 251 -1
0.1 52 53 -1
0.1 252 253 -1
0.1 54 55 -1
0.1 58 59 -1
0.1 256 60 -1
0.1 57 257 -1
0.1 258 61 -1
0.1 62 63 -1
0.1 260 64 -1
0.1 65 66 -1
0.1 261 262 -1
0.1 259 263 -1
0.1 264 67 -1
0.1 56 265 -1
0.1 266 68 -1
0.1 69 70 -1
0.1 267 268 -1
0.1 255 269 -1
0.1 254 270 -1
0.1 249 271 -1
0.1 6 272 -1
0.1 72 73 -1
0.1 71 274 -1
0.1 275 74 -1
0.1 76 77 -1
0.1 75 277 -1
0.1 278 78 -1
0.1 276 279 -1
0.1 280 79 -1
0.1 273 281 -1
0.1 282 80 -1
0.1 209 283 -1
0.1 82 83 -1
0.1 81 285 -1
0.1 84 85 -1
0.1 286 287 -1
0.1 87 88 -1
0.1 289 89 -1
0.1 290 90 -1
0.1 86 291 -1
0.1 292 91 -1
0.1 288 293 -1
0.1 284 294 -1
0.1 92 93 -1
0.1 95 96 -1
0.1 297 97 -1
0.1 94 298 -1
0.1 98 99 -1
0.1 103 104 -1
0.1 102 301 -1
0.1 101 302 -1
0.1 100 303 -1
0.1 300 304 -1
0.1 299 305 -1
0.1 105 106 -1
0.1 108 109 -1
0.1 107 308 -1
0.1 307 309 -1
0.1 111 112 -1
0.1 311 113 -1
0.1 110 312 -1
0.1 313 114 -1
0.1 116 117 -1
0.1 315 118 -1
0.1 115 316 -1
0.1 317 119 -1
0.1 120 121 -1
0.1 123 124 -1
0.1 320 125 -1
0.1 321 126 -1
0.1 322 127 -1
0.1 122 323 -1
0.1 319 324 -1
0.1 130 131 -1
0.1 129 326 -1
0.1 128 327 -1
0.1 328 132 -1
0.1 329 133 -1
0.1 135 136 -1
0.1 138 139 -1
0.1 137 332 -1
0.1 331 333 -1
0.1 134 334 -1
0.1 330 335 -1
0.1 325 336 -1
0.1 318 337 -1
0.1 314 338 -1
0.1 310 339 -1
0.1 306 340 -1
0.1 296 341 -1
0.1 142 143 -1
0.1 141 343 -1
0.1 140 344 -1
0.1 146 147 -1
0.1 145 346 -1
0.1 148 149 -1
0.1 347 348 -1
0.1 144 349 -1
0.1 345 350 -1
0.1 153 154 -1
0.1 152 352 -1
0.1 151 353 -1
0.1 150 354 -1
0.1 155 156 -1
0.1 157 158 -1
0.1 159 160 -1
0.1 357 358 -1
0.1 161 162 -1
0.1 360 163 -1
0.1 359 361 -1
0.1 356 362 -1
0.1 164 165 -1
0.1 167 168 -1
0.1 166 365 -1
0.1 171 172 -1
0.1 170 367 -1
0.1 169 368 -1
0.1 173 174 -1
0.1 370 175 -1
0.1 369 371 -1
0.1 176 177 -1
0.1 373 178 -1
0.1 372 374 -1
0.1 366 375 -1
0.1 364 376 -1
0.1 363 377 -1
0.1 355 378 -1
0.1 351 379 -1
0.1 180 181 -1
0.1 381 182 -1
0.1 382 183 -1
0.1 179 383 -1
0.1 184 185 -1
0.1 385 186 -1
0.1 386 187 -1
0.1 190 191 -1
0.1 192 193 -1
0.1 388 389 -1
0.1 189 390 -1
0.1 188 391 -1
0.1 392 194 -1
0.1 393 195 -1
0.1 387 394 -1
0.1 196 197 -1
0.1 199 200 -1
0.1 198 397 -1
0.1 201 202 -1
0.1 204 205 -1
0.1 203 400 -1
0.1 399 401 -1
0.1 398 402 -1
0.1 396 403 -1
0.1 395 404 -1
0.1 384 405 -1
0.1 380 406 -1
0.1 342 407 -1
0.1 295 408 -1
