1 0 0 1
1 0 0 1
1 0 0 1
1 0 0 1
1 0 0 1
1 0 0 2
1 0 0 2
1 0 0 2
1 0 0 2
1 0 0 2
1 0 0 3
1 0 0 3
1 0 0 3
1 0 0 3
1 0 0 3
1 0 0 4
1 0 0 4
1 0 0 4
1 0 0 4
1 0 0 4
1 0 0 5
1 0 0 5
1 0 0 5
1 0 0 6
1 0 0 6
1 0 0 6
1 0 0 6
1 0 0 6
1 0 0 7
1 0 0 7
1 0 0 7
1 0 0 7
1 0 0 7
1 0 0 8
1 0 0 8
1 0 0 8
1 0 0 8
1 0 0 8
1 0 0 9
1 0 0 9
1 0 0 10
1 0 0 10
1 0 0 10
1 0 0 10
1 0 0 10
1 0 0 11
1 0 0 11
1 0 0 11
1 0 0 11
1 0 0 11
1 0 0 9
1 0 0 9
1 0 0 12
1 0 0 12
1 0 0 12
1 0 0 12
1 0 0 12
1 0 0 13
1 0 0 13
1 0 0 13
1 0 0 13
1 0 0 13
1 0 0 9
1 0 0 14
1 0 0 14
1 0 0 14
1 0 0 14
1 0 0 15
1 0 0 15
1 0 0 15
1 0 0 15
1 0 0 15
1 0 0 14
1 0 0 16
1 0 0 16
1 0 0 16
1 0 0 16
1 0 0 16
1 0 0 17
1 0 0 17
1 0 0 17
1 0 0 17
1 0 0 17
1 0 0 5
1 0 0 5
1 0 0 18
1 0 0 18
1 0 0 18
1 0 0 18
1 0 0 19
1 0 0 19
1 0 0 19
1 0 0 19
1 0 0 20
1 0 0 20
1 0 0 20
1 0 0 20
1 0 0 20
1 0 0 21
1 0 0 21
1 0 0 21
1 0 0 21
1 0 0 21
1 0 0 19
1 0 0 22
1 0 0 22
1 0 0 22
1 0 0 22
1 0 0 23
1 0 0 23
1 0 0 23
1 0 0 23
1 0 0 23
1 0 0 22
1 0 0 18
1 0 0 24
1 0 0 24
1 0 0 24
1 0 0 24
1 0 0 24
0.1 3 4 -1
0.1 2 121 -1
0.1 122 5 -1
0.1 1 123 -1
0.1 6 7 -1
0.1 124 125 -1
0.1 9 10 -1
0.1 8 127 -1
0.1 12 13 -1
0.1 14 15 -1
0.1 129 130 -1
0.1 11 131 -1
0.1 128 132 -1
0.1 126 133 -1
0.1 18 19 -1
0.1 17 135 -1
0.1 136 20 -1
0.1 16 137 -1
0.1 24 25 -1
0.1 26 27 -1
0.1 139 140 -1
0.1 141 28 -1
0.1 23 142 -1
0.1 22 143 -1
0.1 21 144 -1
0.1 32 33 -1
0.1 31 146 -1
0.1 30 147 -1
0.1 29 148 -1
0.1 145 149 -1
0.1 138 150 -1
0.1 34 35 -1
0.1 152 36 -1
0.1 37 38 -1
0.1 153 154 -1
0.1 42 43 -1
0.1 41 156 -1
0.1 44 45 -1
0.1 157 158 -1
0.1 46 47 -1
0.1 49 50 -1
0.1 48 161 -1
0.1 160 162 -1
0.1 159 163 -1
0.1 40 164 -1
0.1 53 54 -1
0.1 56 57 -1
0.1 55 167 -1
0.1 166 168 -1
0.1 52 169 -1
0.1 51 170 -1
0.1 165 171 -1
0.1 39 172 -1
0.1 59 60 -1
0.1 58 174 -1
0.1 61 62 -1
0.1 175 176 -1
0.1 177 63 -1
0.1 173 178 -1
0.1 65 66 -1
0.1 70 71 -1
0.1 69 181 -1
0.1 182 72 -1
0.1 68 183 -1
0.1 184 73 -1
0.1 67 185 -1
0.1 180 186 -1
0.1 64 187 -1
0.1 77 78 -1
0.1 76 189 -1
0.1 75 190 -1
0.1 79 80 -1
0.1 192 81 -1
0.1 82 83 -1
0.1 193 194 -1
0.1 191 195 -1
0.1 74 196 -1
0.1 188 197 -1
0.1 179 198 -1
0.1 155 199 -1
0.1 151 200 -1
0.1 84 85 -1
0.1 201 202 -1
0.1 134 203 -1
0.1 86 87 -1
0.1 88 89 -1
0.1 205 206 -1
0.1 92 93 -1
0.1 91 208 -1
0.1 90 209 -1
0.1 94 95 -1
0.1 97 98 -1
0.1 96 212 -1
0.1 100 101 -1
0.1 214 102 -1
0.1 99 215 -1
0.1 216 103 -1
0.1 213 217 -1
0.1 218 104 -1
0.1 211 219 -1
0.1 210 220 -1
0.1 221 105 -1
0.1 106 107 -1
0.1 111 112 -1
0.1 110 224 -1
0.1 225 113 -1
0.1 109 226 -1
0.1 108 227 -1
0.1 223 228 -1
0.1 222 229 -1
0.1 230 114 -1
0.1 231 115 -1
0.1 207 232 -1
0.1 116 117 -1
0.1 119 120 -1
0.1 118 235 -1
0.1 234 236 -1
0.1 233 237 -1
0.1 204 238 -1
