1 0 0 1
1 0 0 2
1 0 0 2
1 0 0 2
1 0 0 2
1 0 0 2
1 0 0 2
1 0 0 1
1 0 0 3
1 0 0 3
1 0 0 3
1 0 0 3
1 0 0 3
1 0 0 3
1 0 0 3
1 0 0 3
1 0 0 4
1 0 0 4
1 0 0 5
1 0 0 5
1 0 0 5
1 0 0 5
1 0 0 5
1 0 0 5
1 0 0 5
1 0 0 5
1 0 0 5
1 0 0 5
1 0 0 6
1 0 0 7
1 0 0 7
1 0 0 7
1 0 0 7
1 0 0 7
1 0 0 7
1 0 0 7
1 0 0 7
1 0 0 7
1 0 0 7
1 0 0 6
1 0 0 8
1 0 0 8
1 0 0 8
1 0 0 8
1 0 0 8
1 0 0 8
1 0 0 8
1 0 0 8
1 0 0 8
1 0 0 1
1 0 0 9
1 0 0 9
1 0 0 9
1 0 0 9
1 0 0 9
1 0 0 9
1 0 0 9
1 0 0 9
1 0 0 9
1 0 0 9
1 0 0 10
1 0 0 10
1 0 0 10
1 0 0 10
1 0 0 10
1 0 0 10
1 0 0 10
1 0 0 10
1 0 0 10
1 0 0 10
1 0 0 11
1 0 0 11
1 0 0 11
1 0 0 11
1 0 0 11
1 0 0 11
1 0 0 12
1 0 0 12
1 0 0 12
1 0 0 12
1 0 0 12
1 0 0 12
1 0 0 12
1 0 0 12
1 0 0 12
1 0 0 12
1 0 0 13
1 0 0 13
1 0 0 13
1 0 0 13
1 0 0 13
1 0 0 13
1 0 0 13
1 0 0 13
1 0 0 13
1 0 0 13
1 0 0 11
1 0 0 11
1 0 0 11
1 0 0 14
1 0 0 14
1 0 0 14
1 0 0 14
1 0 0 14
1 0 0 14
1 0 0 14
1 0 0 14
1 0 0 14
1 0 0 14
1 0 0 11
1 0 0 6
1 0 0 6
1 0 0 6
1 0 0 6
1 0 0 6
1 0 0 6
1 0 0 6
1 0 0 15
1 0 0 15
1 0 0 15
1 0 0 15
1 0 0 15
1 0 0 15
1 0 0 15
1 0 0 15
1 0 0 15
1 0 0 15
1 0 0 16
1 0 0 16
1 0 0 16
1 0 0 16
1 0 0 16
1 0 0 16
1 0 0 16
1 0 0 16
1 0 0 16
1 0 0 16
1 0 0 17
1 0 0 17
1 0 0 17
1 0 0 17
1 0 0 17
1 0 0 17
1 0 0 17
1 0 0 17
1 0 0 17
1 0 0 17
1 0 0 18
1 0 0 18
1 0 0 18
1 0 0 18
1 0 0 18
1 0 0 18
1 0 0 18
1 0 0 18
1 0 0 18
1 0 0 18
1 0 0 19
1 0 0 19
1 0 0 19
1 0 0 19
1 0 0 19
1 0 0 19
1 0 0 19
1 0 0 19
1 0 0 19
1 0 0 19
1 0 0 20
1 0 0 20
1 0 0 20
1 0 0 20
1 0 0 20
1 0 0 21
1 0 0 21
1 0 0 21
1 0 0 21
1 0 0 21
1 0 0 21
1 0 0 21
1 0 0 21
1 0 0 21
1 0 0 21
1 0 0 20
1 0 0 20
1 0 0 20
1 0 0 20
1 0 0 20
1 0 0 22
1 0 0 22
1 0 0 22
1 0 0 22
1 0 0 22
1 0 0 22
1 0 0 22
1 0 0 22
1 0 0 22
1 0 0 22
1 0 0 2
1 0 0 2
1 0 0 2
1 0 0 2
1 0 0 4
1 0 0 1
1 0 0 1
1 0 0 1
1 0 0 1
1 0 0 1
1 0 0 1
1 0 0 1
1 0 0 23
1 0 0 23
1 0 0 23
1 0 0 23
1 0 0 23
1 0 0 23
1 0 0 23
1 0 0 23
1 0 0 23
1 0 0 23
1 0 0 24
1 0 0 24
1 0 0 24
1 0 0 24
1 0 0 24
1 0 0 24
1 0 0 24
1 0 0 24
1 0 0 24
1 0 0 24
1 0 0 25
1 0 0 25
1 0 0 25
1 0 0 25
1 0 0 25
1 0 0 25
1 0 0 25
1 0 0 25
1 0 0 25
1 0 0 25
1 0 0 26
1 0 0 26
1 0 0 26
1 0 0 26
1 0 0 26
1 0 0 26
1 0 0 27
1 0 0 27
1 0 0 27
1 0 0 27
1 0 0 27
1 0 0 27
1 0 0 27
1 0 0 27
1 0 0 27
1 0 0 27
1 0 0 28
1 0 0 28
1 0 0 28
1 0 0 28
1 0 0 28
1 0 0 28
1 0 0 28
1 0 0 28
1 0 0 28
1 0 0 28
1 0 0 6
1 0 0 29
1 0 0 29
1 0 0 30
1 0 0 30
1 0 0 30
1 0 0 30
1 0 0 31
1 0 0 32
1 0 0 32
1 0 0 32
1 0 0 32
1 0 0 32
1 0 0 32
1 0 0 32
1 0 0 32
1 0 0 32
1 0 0 32
1 0 0 31
1 0 0 31
1 0 0 31
1 0 0 31
1 0 0 31
1 0 0 30
1 0 0 30
1 0 0 31
1 0 0 31
1 0 0 31
1 0 0 31
1 0 0 33
1 0 0 33
1 0 0 33
1 0 0 33
1 0 0 33
1 0 0 33
1 0 0 33
1 0 0 33
1 0 0 33
1 0 0 33
1 0 0 30
1 0 0 29
1 0 0 29
1 0 0 29
1 0 0 29
1 0 0 29
1 0 0 29
1 0 0 29
1 0 0 29
1 0 0 30
1 0 0 30
1 0 0 30
1 0 0 4
1 0 0 4
1 0 0 4
1 0 0 4
1 0 0 34
1 0 0 34
1 0 0 34
1 0 0 34
1 0 0 34
1 0 0 26
1 0 0 35
1 0 0 36
1 0 0 36
1 0 0 36
1 0 0 36
1 0 0 36
1 0 0 36
1 0 0 36
1 0 0 36
1 0 0 36
1 0 0 36
1 0 0 37
1 0 0 37
1 0 0 37
1 0 0 37
1 0 0 37
1 0 0 37
1 0 0 37
1 0 0 37
1 0 0 37
1 0 0 37
1 0 0 38
1 0 0 38
1 0 0 38
1 0 0 38
1 0 0 38
1 0 0 38
1 0 0 39
1 0 0 39
1 0 0 39
1 0 0 39
1 0 0 39
1 0 0 39
1 0 0 39
1 0 0 39
1 0 0 39
1 0 0 40
1 0 0 40
1 0 0 40
1 0 0 39
1 0 0 41
1 0 0 41
1 0 0 41
1 0 0 41
1 0 0 41
1 0 0 41
1 0 0 41
1 0 0 41
1 0 0 41
1 0 0 42
1 0 0 41
1 0 0 40
1 0 0 42
1 0 0 42
1 0 0 42
1 0 0 42
1 0 0 42
1 0 0 40
1 0 0 40
1 0 0 42
1 0 0 42
1 0 0 42
1 0 0 42
1 0 0 40
1 0 0 43
1 0 0 43
1 0 0 43
1 0 0 43
1 0 0 43
1 0 0 43
1 0 0 43
1 0 0 43
1 0 0 43
1 0 0 43
1 0 0 40
1 0 0 40
1 0 0 40
1 0 0 44
1 0 0 44
1 0 0 44
1 0 0 44
1 0 0 44
1 0 0 44
1 0 0 44
1 0 0 44
1 0 0 44
1 0 0 44
1 0 0 45
1 0 0 45
1 0 0 45
1 0 0 45
1 0 0 45
1 0 0 45
1 0 0 45
1 0 0 45
1 0 0 45
1 0 0 45
1 0 0 46
1 0 0 46
1 0 0 46
1 0 0 46
1 0 0 46
1 0 0 46
1 0 0 46
1 0 0 46
1 0 0 46
1 0 0 46
1 0 0 38
1 0 0 38
1 0 0 38
1 0 0 38
1 0 0 47
1 0 0 47
1 0 0 47
1 0 0 47
1 0 0 47
1 0 0 47
1 0 0 47
1 0 0 47
1 0 0 47
1 0 0 47
1 0 0 48
1 0 0 48
1 0 0 48
1 0 0 48
1 0 0 48
1 0 0 48
1 0 0 48
1 0 0 48
1 0 0 48
1 0 0 48
1 0 0 8
1 0 0 35
1 0 0 49
1 0 0 49
1 0 0 49
1 0 0 49
1 0 0 49
1 0 0 49
1 0 0 49
1 0 0 49
1 0 0 49
1 0 0 49
1 0 0 35
1 0 0 3
1 0 0 3
1 0 0 35
1 0 0 35
1 0 0 35
1 0 0 35
1 0 0 35
1 0 0 50
1 0 0 50
1 0 0 50
1 0 0 50
1 0 0 50
1 0 0 50
1 0 0 50
1 0 0 50
1 0 0 50
1 0 0 50
1 0 0 51
1 0 0 51
1 0 0 51
1 0 0 51
1 0 0 52
1 0 0 53
1 0 0 53
1 0 0 53
1 0 0 53
1 0 0 53
1 0 0 53
1 0 0 53
1 0 0 53
1 0 0 53
1 0 0 53
1 0 0 52
1 0 0 52
1 0 0 54
1 0 0 52
1 0 0 54
1 0 0 54
1 0 0 54
1 0 0 54
1 0 0 54
1 0 0 54
1 0 0 54
1 0 0 54
1 0 0 54
1 0 0 52
1 0 0 52
1 0 0 52
1 0 0 55
1 0 0 55
1 0 0 55
1 0 0 55
1 0 0 55
1 0 0 55
1 0 0 55
1 0 0 55
1 0 0 55
1 0 0 56
1 0 0 56
1 0 0 56
1 0 0 56
1 0 0 56
1 0 0 56
1 0 0 56
1 0 0 56
1 0 0 56
1 0 0 56
1 0 0 57
1 0 0 57
1 0 0 57
1 0 0 57
1 0 0 57
1 0 0 58
1 0 0 58
1 0 0 58
1 0 0 58
1 0 0 58
1 0 0 58
1 0 0 58
1 0 0 58
1 0 0 58
1 0 0 58
1 0 0 59
1 0 0 59
1 0 0 59
1 0 0 59
1 0 0 59
1 0 0 59
1 0 0 59
1 0 0 59
1 0 0 59
1 0 0 59
1 0 0 57
1 0 0 60
1 0 0 60
1 0 0 60
1 0 0 60
1 0 0 60
1 0 0 60
1 0 0 60
1 0 0 60
1 0 0 60
1 0 0 60
1 0 0 57
1 0 0 57
1 0 0 61
1 0 0 61
1 0 0 61
1 0 0 61
1 0 0 61
1 0 0 61
1 0 0 61
1 0 0 61
1 0 0 61
1 0 0 61
1 0 0 62
1 0 0 62
1 0 0 62
1 0 0 62
1 0 0 62
1 0 0 57
1 0 0 62
1 0 0 62
1 0 0 62
1 0 0 62
1 0 0 62
1 0 0 57
1 0 0 55
1 0 0 63
1 0 0 63
1 0 0 63
1 0 0 63
1 0 0 63
1 0 0 63
1 0 0 63
1 0 0 63
1 0 0 63
1 0 0 63
1 0 0 52
1 0 0 52
1 0 0 52
1 0 0 51
1 0 0 51
1 0 0 51
1 0 0 51
1 0 0 51
1 0 0 51
1 0 0 35
1 0 0 35
1 0 0 26
1 0 0 34
1 0 0 34
1 0 0 34
1 0 0 34
1 0 0 34
1 0 0 26
1 0 0 26
1 0 0 4
1 0 0 4
1 0 0 4
0.1 3 4 -1
0.1 2 631 -1
0.1 1 632 -1
0.1 6 7 -1
0.1 5 634 -1
0.1 633 635 -1
0.1 9 10 -1
0.1 11 12 -1
0.1 14 15 -1
0.1 13 639 -1
0.1 640 16 -1
0.1 638 641 -1
0.1 637 642 -1
0.1 8 643 -1
0.1 636 644 -1
0.1 17 18 -1
0.1 645 646 -1
0.1 21 22 -1
0.1 20 648 -1
0.1 19 649 -1
0.1 25 26 -1
0.1 24 651 -1
0.1 23 652 -1
0.1 650 653 -1
0.1 27 28 -1
0.1 30 31 -1
0.1 32 33 -1
0.1 656 657 -1
0.1 35 36 -1
0.1 659 37 -1
0.1 34 660 -1
0.1 38 39 -1
0.1 661 662 -1
0.1 658 663 -1
0.1 29 664 -1
0.1 655 665 -1
0.1 654 666 -1
0.1 667 40 -1
0.1 41 42 -1
0.1 44 45 -1
0.1 46 47 -1
0.1 48 49 -1
0.1 671 672 -1
0.1 670 673 -1
0.1 43 674 -1
0.1 669 675 -1
0.1 676 50 -1
0.1 668 677 -1
0.1 51 52 -1
0.1 679 53 -1
0.1 55 56 -1
0.1 54 681 -1
0.1 680 682 -1
0.1 683 57 -1
0.1 58 59 -1
0.1 685 60 -1
0.1 684 686 -1
0.1 62 63 -1
0.1 61 688 -1
0.1 64 65 -1
0.1 690 66 -1
0.1 691 67 -1
0.1 69 70 -1
0.1 68 693 -1
0.1 692 694 -1
0.1 689 695 -1
0.1 73 74 -1
0.1 75 76 -1
0.1 697 698 -1
0.1 72 699 -1
0.1 71 700 -1
0.1 78 79 -1
0.1 77 702 -1
0.1 81 82 -1
0.1 83 84 -1
0.1 704 705 -1
0.1 706 85 -1
0.1 80 707 -1
0.1 708 86 -1
0.1 703 709 -1
0.1 88 89 -1
0.1 87 711 -1
0.1 712 90 -1
0.1 92 93 -1
0.1 91 714 -1
0.1 94 95 -1
0.1 716 96 -1
0.1 715 717 -1
0.1 713 718 -1
0.1 710 719 -1
0.1 701 720 -1
0.1 97 98 -1
0.1 102 103 -1
0.1 101 723 -1
0.1 104 105 -1
0.1 107 108 -1
0.1 106 726 -1
0.1 727 109 -1
0.1 725 728 -1
0.1 724 729 -1
0.1 100 730 -1
0.1 99 731 -1
0.1 722 732 -1
0.1 733 110 -1
0.1 721 734 -1
0.1 696 735 -1
0.1 687 736 -1
0.1 737 111 -1
0.1 114 115 -1
0.1 113 739 -1
0.1 112 740 -1
0.1 116 117 -1
0.1 741 742 -1
0.1 738 743 -1
0.1 121 122 -1
0.1 124 125 -1
0.1 123 746 -1
0.1 745 747 -1
0.1 748 126 -1
0.1 749 127 -1
0.1 120 750 -1
0.1 119 751 -1
0.1 118 752 -1
0.1 744 753 -1
0.1 130 131 -1
0.1 132 133 -1
0.1 134 135 -1
0.1 756 757 -1
0.1 755 758 -1
0.1 129 759 -1
0.1 128 760 -1
0.1 761 136 -1
0.1 139 140 -1
0.1 138 763 -1
0.1 764 141 -1
0.1 137 765 -1
0.1 762 766 -1
0.1 143 144 -1
0.1 142 768 -1
0.1 767 769 -1
0.1 146 147 -1
0.1 145 771 -1
0.1 770 772 -1
0.1 150 151 -1
0.1 154 155 -1
0.1 153 775 -1
0.1 156 157 -1
0.1 776 777 -1
0.1 152 778 -1
0.1 774 779 -1
0.1 149 780 -1
0.1 148 781 -1
0.1 773 782 -1
0.1 159 160 -1
0.1 158 784 -1
0.1 161 162 -1
0.1 164 165 -1
0.1 166 167 -1
0.1 787 788 -1
0.1 163 789 -1
0.1 786 790 -1
0.1 785 791 -1
0.1 168 169 -1
0.1 171 172 -1
0.1 174 175 -1
0.1 795 176 -1
0.1 173 796 -1
0.1 797 177 -1
0.1 178 179 -1
0.1 181 182 -1
0.1 180 800 -1
0.1 799 801 -1
0.1 798 802 -1
0.1 794 803 -1
0.1 804 183 -1
0.1 170 805 -1
0.1 793 806 -1
0.1 186 187 -1
0.1 185 808 -1
0.1 184 809 -1
0.1 807 810 -1
0.1 792 811 -1
0.1 783 812 -1
0.1 754 813 -1
0.1 678 814 -1
0.1 190 191 -1
0.1 189 816 -1
0.1 194 195 -1
0.1 193 818 -1
0.1 819 196 -1
0.1 192 820 -1
0.1 817 821 -1
0.1 188 822 -1
0.1 823 197 -1
0.1 815 824 -1
0.1 200 201 -1
0.1 199 826 -1
0.1 198 827 -1
0.1 825 828 -1
0.1 203 204 -1
0.1 208 209 -1
0.1 207 831 -1
0.1 206 832 -1
0.1 205 833 -1
0.1 830 834 -1
0.1 210 211 -1
0.1 212 213 -1
0.1 214 215 -1
0.1 216 217 -1
0.1 218 219 -1
0.1 839 840 -1
0.1 838 841 -1
0.1 837 842 -1
0.1 836 843 -1
0.1 220 221 -1
0.1 222 223 -1
0.1 845 846 -1
0.1 225 226 -1
0.1 224 848 -1
0.1 847 849 -1
0.1 228 229 -1
0.1 227 851 -1
0.1 850 852 -1
0.1 844 853 -1
0.1 230 231 -1
0.1 234 235 -1
0.1 233 856 -1
0.1 232 857 -1
0.1 236 237 -1
0.1 238 239 -1
0.1 859 860 -1
0.1 858 861 -1
0.1 855 862 -1
0.1 241 242 -1
0.1 864 243 -1
0.1 244 245 -1
0.1 865 866 -1
0.1 240 867 -1
0.1 247 248 -1
0.1 246 869 -1
0.1 251 252 -1
0.1 250 871 -1
0.1 872 253 -1
0.1 249 873 -1
0.1 870 874 -1
0.1 254 255 -1
0.1 875 876 -1
0.1 257 258 -1
0.1 878 259 -1
0.1 261 262 -1
0.1 260 880 -1
0.1 879 881 -1
0.1 882 263 -1
0.1 256 883 -1
0.1 877 884 -1
0.1 264 265 -1
0.1 885 886 -1
0.1 868 887 -1
0.1 863 888 -1
0.1 889 266 -1
0.1 854 890 -1
0.1 835 891 -1
0.1 202 892 -1
0.1 267 268 -1
0.1 893 894 -1
0.1 829 895 -1
0.1 647 896 -1
0.1 269 270 -1
0.1 271 272 -1
0.1 275 276 -1
0.1 274 900 -1
0.1 278 279 -1
0.1 277 902 -1
0.1 280 281 -1
0.1 904 282 -1
0.1 903 905 -1
0.1 906 283 -1
0.1 901 907 -1
0.1 908 284 -1
0.1 909 285 -1
0.1 273 910 -1
0.1 286 287 -1
0.1 912 288 -1
0.1 911 913 -1
0.1 291 292 -1
0.1 915 293 -1
0.1 295 296 -1
0.1 299 300 -1
0.1 298 918 -1
0.1 297 919 -1
0.1 301 302 -1
0.1 920 921 -1
0.1 917 922 -1
0.1 303 304 -1
0.1 923 924 -1
0.1 294 925 -1
0.1 916 926 -1
0.1 290 927 -1
0.1 289 928 -1
0.1 914 929 -1
0.1 899 930 -1
0.1 898 931 -1
0.1 306 307 -1
0.1 933 308 -1
0.1 310 311 -1
0.1 309 935 -1
0.1 312 313 -1
0.1 936 937 -1
0.1 934 938 -1
0.1 315 316 -1
0.1 314 940 -1
0.1 939 941 -1
0.1 305 942 -1
0.1 932 943 -1
0.1 317 318 -1
0.1 944 945 -1
0.1 946 319 -1
0.1 321 322 -1
0.1 948 323 -1
0.1 324 325 -1
0.1 949 950 -1
0.1 329 330 -1
0.1 328 952 -1
0.1 331 332 -1
0.1 334 335 -1
0.1 333 955 -1
0.1 336 337 -1
0.1 956 957 -1
0.1 954 958 -1
0.1 953 959 -1
0.1 338 339 -1
0.1 342 343 -1
0.1 341 962 -1
0.1 340 963 -1
0.1 345 346 -1
0.1 344 965 -1
0.1 964 966 -1
0.1 967 347 -1
0.1 961 968 -1
0.1 960 969 -1
0.1 350 351 -1
0.1 349 971 -1
0.1 348 972 -1
0.1 352 353 -1
0.1 355 356 -1
0.1 354 975 -1
0.1 357 358 -1
0.1 976 977 -1
0.1 359 360 -1
0.1 361 362 -1
0.1 979 980 -1
0.1 978 981 -1
0.1 364 365 -1
0.1 363 983 -1
0.1 984 366 -1
0.1 982 985 -1
0.1 369 370 -1
0.1 368 987 -1
0.1 367 988 -1
0.1 989 371 -1
0.1 372 373 -1
0.1 990 991 -1
0.1 992 374 -1
0.1 993 375 -1
0.1 376 377 -1
0.1 382 383 -1
0.1 381 996 -1
0.1 380 997 -1
0.1 379 998 -1
0.1 378 999 -1
0.1 1000 384 -1
0.1 995 1001 -1
0.1 388 389 -1
0.1 387 1003 -1
0.1 386 1004 -1
0.1 392 393 -1
0.1 391 1006 -1
0.1 394 395 -1
0.1 396 397 -1
0.1 1008 1009 -1
0.1 1010 398 -1
0.1 1011 399 -1
0.1 1007 1012 -1
0.1 1013 400 -1
0.1 390 1014 -1
0.1 1015 401 -1
0.1 1005 1016 -1
0.1 385 1017 -1
0.1 1002 1018 -1
0.1 994 1019 -1
0.1 986 1020 -1
0.1 1021 402 -1
0.1 405 406 -1
0.1 404 1023 -1
0.1 407 408 -1
0.1 1025 409 -1
0.1 1024 1026 -1
0.1 410 411 -1
0.1 412 413 -1
0.1 1028 1029 -1
0.1 1027 1030 -1
0.1 403 1031 -1
0.1 1022 1032 -1
0.1 417 418 -1
0.1 1034 419 -1
0.1 416 1035 -1
0.1 420 421 -1
0.1 1036 1037 -1
0.1 415 1038 -1
0.1 414 1039 -1
0.1 422 423 -1
0.1 1040 1041 -1
0.1 1033 1042 -1
0.1 974 1043 -1
0.1 973 1044 -1
0.1 425 426 -1
0.1 424 1046 -1
0.1 428 429 -1
0.1 427 1048 -1
0.1 1047 1049 -1
0.1 431 432 -1
0.1 430 1051 -1
0.1 1052 433 -1
0.1 1050 1053 -1
0.1 1054 434 -1
0.1 435 436 -1
0.1 1055 1056 -1
0.1 1045 1057 -1
0.1 970 1058 -1
0.1 1059 437 -1
0.1 327 1060 -1
0.1 326 1061 -1
0.1 439 440 -1
0.1 438 1063 -1
0.1 441 442 -1
0.1 1064 1065 -1
0.1 444 445 -1
0.1 443 1067 -1
0.1 446 447 -1
0.1 1068 1069 -1
0.1 1066 1070 -1
0.1 450 451 -1
0.1 1072 452 -1
0.1 449 1073 -1
0.1 448 1074 -1
0.1 1075 453 -1
0.1 456 457 -1
0.1 455 1077 -1
0.1 454 1078 -1
0.1 1076 1079 -1
0.1 1071 1080 -1
0.1 1062 1081 -1
0.1 1082 458 -1
0.1 464 465 -1
0.1 1084 466 -1
0.1 463 1085 -1
0.1 462 1086 -1
0.1 461 1087 -1
0.1 460 1088 -1
0.1 468 469 -1
0.1 467 1090 -1
0.1 1089 1091 -1
0.1 1092 470 -1
0.1 459 1093 -1
0.1 1083 1094 -1
0.1 1095 471 -1
0.1 473 474 -1
0.1 1097 475 -1
0.1 476 477 -1
0.1 479 480 -1
0.1 478 1100 -1
0.1 1101 481 -1
0.1 482 483 -1
0.1 484 485 -1
0.1 1104 486 -1
0.1 1103 1105 -1
0.1 1106 487 -1
0.1 1102 1107 -1
0.1 490 491 -1
0.1 489 1109 -1
0.1 493 494 -1
0.1 495 496 -1
0.1 497 498 -1
0.1 1112 1113 -1
0.1 1111 1114 -1
0.1 499 500 -1
0.1 1116 501 -1
0.1 1117 502 -1
0.1 1115 1118 -1
0.1 503 504 -1
0.1 1119 1120 -1
0.1 492 1121 -1
0.1 507 508 -1
0.1 509 510 -1
0.1 1123 1124 -1
0.1 512 513 -1
0.1 511 1126 -1
0.1 1125 1127 -1
0.1 1128 514 -1
0.1 506 1129 -1
0.1 1130 515 -1
0.1 505 1131 -1
0.1 1132 516 -1
0.1 1133 517 -1
0.1 1122 1134 -1
0.1 519 520 -1
0.1 521 522 -1
0.1 524 525 -1
0.1 523 1138 -1
0.1 1137 1139 -1
0.1 1136 1140 -1
0.1 526 527 -1
0.1 1141 1142 -1
0.1 529 530 -1
0.1 528 1144 -1
0.1 532 533 -1
0.1 531 1146 -1
0.1 1147 534 -1
0.1 1148 535 -1
0.1 1149 536 -1
0.1 1150 537 -1
0.1 1145 1151 -1
0.1 538 539 -1
0.1 540 541 -1
0.1 1153 1154 -1
0.1 545 546 -1
0.1 544 1156 -1
0.1 543 1157 -1
0.1 550 551 -1
0.1 549 1159 -1
0.1 548 1160 -1
0.1 547 1161 -1
0.1 1158 1162 -1
0.1 1163 552 -1
0.1 542 1164 -1
0.1 553 554 -1
0.1 1165 1166 -1
0.1 556 557 -1
0.1 555 1168 -1
0.1 1167 1169 -1
0.1 558 559 -1
0.1 560 561 -1
0.1 1171 1172 -1
0.1 1173 562 -1
0.1 1170 1174 -1
0.1 1155 1175 -1
0.1 564 565 -1
0.1 571 572 -1
0.1 570 1178 -1
0.1 569 1179 -1
0.1 1180 573 -1
0.1 568 1181 -1
0.1 567 1182 -1
0.1 566 1183 -1
0.1 1177 1184 -1
0.1 563 1185 -1
0.1 574 575 -1
0.1 1186 1187 -1
0.1 576 577 -1
0.1 1189 578 -1
0.1 580 581 -1
0.1 1191 582 -1
0.1 579 1192 -1
0.1 1193 583 -1
0.1 584 585 -1
0.1 1194 1195 -1
0.1 1190 1196 -1
0.1 586 587 -1
0.1 1198 588 -1
0.1 1199 589 -1
0.1 1200 590 -1
0.1 593 594 -1
0.1 595 596 -1
0.1 1202 1203 -1
0.1 592 1204 -1
0.1 591 1205 -1
0.1 1201 1206 -1
0.1 1197 1207 -1
0.1 1208 597 -1
0.1 1188 1209 -1
0.1 1176 1210 -1
0.1 1152 1211 -1
0.1 1143 1212 -1
0.1 1213 598 -1
0.1 518 1214 -1
0.1 599 600 -1
0.1 601 602 -1
0.1 604 605 -1
0.1 603 1218 -1
0.1 606 607 -1
0.1 1219 1220 -1
0.1 1217 1221 -1
0.1 1222 608 -1
0.1 1216 1223 -1
0.1 609 610 -1
0.1 1224 1225 -1
0.1 1215 1226 -1
0.1 1227 611 -1
0.1 1135 1228 -1
0.1 1229 612 -1
0.1 613 614 -1
0.1 1230 1231 -1
0.1 1110 1232 -1
0.1 488 1233 -1
0.1 616 617 -1
0.1 615 1235 -1
0.1 1234 1236 -1
0.1 1108 1237 -1
0.1 1238 618 -1
0.1 1099 1239 -1
0.1 1098 1240 -1
0.1 1241 619 -1
0.1 472 1242 -1
0.1 1096 1243 -1
0.1 621 622 -1
0.1 1245 623 -1
0.1 624 625 -1
0.1 1246 1247 -1
0.1 620 1248 -1
0.1 626 627 -1
0.1 1249 1250 -1
0.1 1244 1251 -1
0.1 951 1252 -1
0.1 1253 628 -1
0.1 320 1254 -1
0.1 629 630 -1
0.1 1255 1256 -1
0.1 947 1257 -1
0.1 897 1258 -1
