1 0 0 1
1 0 0 1
1 0 0 1
1 0 0 1
1 0 0 1
1 0 0 2
1 0 0 2
1 0 0 2
1 0 0 2
1 0 0 2
1 0 0 3
1 0 0 3
1 0 0 3
1 0 0 3
1 0 0 3
1 0 0 4
1 0 0 4
1 0 0 4
1 0 0 4
1 0 0 4
1 0 0 5
1 0 0 6
1 0 0 6
1 0 0 6
1 0 0 6
1 0 0 6
1 0 0 5
1 0 0 7
1 0 0 7
1 0 0 7
1 0 0 7
1 0 0 7
1 0 0 8
1 0 0 8
1 0 0 8
1 0 0 8
1 0 0 8
1 0 0 9
1 0 0 9
1 0 0 9
1 0 0 9
1 0 0 9
1 0 0 10
1 0 0 10
1 0 0 10
1 0 0 10
1 0 0 10
1 0 0 11
1 0 0 12
1 0 0 12
1 0 0 12
1 0 0 12
1 0 0 12
1 0 0 13
1 0 0 13
1 0 0 13
1 0 0 13
1 0 0 13
1 0 0 5
1 0 0 5
1 0 0 5
1 0 0 14
1 0 0 14
1 0 0 14
1 0 0 14
1 0 0 14
1 0 0 15
1 0 0 15
1 0 0 16
1 0 0 16
1 0 0 16
1 0 0 16
1 0 0 16
1 0 0 17
1 0 0 17
1 0 0 17
1 0 0 17
1 0 0 17
1 0 0 15
1 0 0 15
1 0 0 15
1 0 0 18
1 0 0 18
1 0 0 18
1 0 0 18
1 0 0 18
1 0 0 19
1 0 0 19
1 0 0 20
1 0 0 20
1 0 0 20
1 0 0 21
1 0 0 21
1 0 0 20
1 0 0 11
1 0 0 11
1 0 0 21
1 0 0 21
1 0 0 21
1 0 0 22
1 0 0 22
1 0 0 22
1 0 0 22
1 0 0 22
1 0 0 20
1 0 0 19
1 0 0 19
1 0 0 19
1 0 0 11
1 0 0 11
0.1 3 4 -1
0.1 2 111 -1
0.1 112 5 -1
0.1 1 113 -1
0.1 7 8 -1
0.1 9 10 -1
0.1 115 116 -1
0.1 6 117 -1
0.1 114 118 -1
0.1 12 13 -1
0.1 14 15 -1
0.1 120 121 -1
0.1 11 122 -1
0.1 19 20 -1
0.1 18 124 -1
0.1 17 125 -1
0.1 16 126 -1
0.1 123 127 -1
0.1 119 128 -1
0.1 22 23 -1
0.1 24 25 -1
0.1 130 131 -1
0.1 132 26 -1
0.1 21 133 -1
0.1 134 27 -1
0.1 28 29 -1
0.1 30 31 -1
0.1 136 137 -1
0.1 138 32 -1
0.1 34 35 -1
0.1 140 36 -1
0.1 33 141 -1
0.1 142 37 -1
0.1 139 143 -1
0.1 38 39 -1
0.1 40 41 -1
0.1 146 42 -1
0.1 145 147 -1
0.1 43 44 -1
0.1 149 45 -1
0.1 46 47 -1
0.1 150 151 -1
0.1 148 152 -1
0.1 144 153 -1
0.1 135 154 -1
0.1 129 155 -1
0.1 156 48 -1
0.1 51 52 -1
0.1 50 158 -1
0.1 159 53 -1
0.1 49 160 -1
0.1 54 55 -1
0.1 56 57 -1
0.1 163 58 -1
0.1 162 164 -1
0.1 161 165 -1
0.1 60 61 -1
0.1 59 167 -1
0.1 63 64 -1
0.1 62 169 -1
0.1 170 65 -1
0.1 171 66 -1
0.1 67 68 -1
0.1 72 73 -1
0.1 71 174 -1
0.1 70 175 -1
0.1 69 176 -1
0.1 74 75 -1
0.1 76 77 -1
0.1 179 78 -1
0.1 178 180 -1
0.1 177 181 -1
0.1 80 81 -1
0.1 79 183 -1
0.1 182 184 -1
0.1 173 185 -1
0.1 172 186 -1
0.1 168 187 -1
0.1 166 188 -1
0.1 82 83 -1
0.1 84 85 -1
0.1 190 191 -1
0.1 86 87 -1
0.1 193 88 -1
0.1 89 90 -1
0.1 195 91 -1
0.1 92 93 -1
0.1 95 96 -1
0.1 97 98 -1
0.1 199 99 -1
0.1 198 200 -1
0.1 100 101 -1
0.1 102 103 -1
0.1 202 203 -1
0.1 204 104 -1
0.1 201 205 -1
0.1 206 105 -1
0.1 94 207 -1
0.1 197 208 -1
0.1 196 209 -1
0.1 210 106 -1
0.1 194 211 -1
0.1 212 107 -1
0.1 213 108 -1
0.1 192 214 -1
0.1 109 110 -1
0.1 215 216 -1
0.1 189 217 -1
0.1 157 218 -1
