1 0 0 1
1 0 0 1
1 0 0 1
1 0 0 1
1 0 0 2
1 0 0 2
1 0 0 2
1 0 0 2
1 0 0 2
1 0 0 3
1 0 0 3
1 0 0 3
1 0 0 3
1 0 0 3
1 0 0 4
1 0 0 4
1 0 0 4
1 0 0 4
1 0 0 4
1 0 0 5
1 0 0 5
1 0 0 5
1 0 0 5
1 0 0 5
1 0 0 6
1 0 0 7
1 0 0 7
1 0 0 7
1 0 0 7
1 0 0 7
1 0 0 8
1 0 0 8
1 0 0 8
1 0 0 8
1 0 0 8
1 0 0 9
1 0 0 9
1 0 0 9
1 0 0 9
1 0 0 9
1 0 0 10
1 0 0 10
1 0 0 10
1 0 0 10
1 0 0 10
1 0 0 11
1 0 0 11
1 0 0 11
1 0 0 11
1 0 0 11
1 0 0 6
1 0 0 12
1 0 0 13
1 0 0 13
1 0 0 1
1 0 0 12
1 0 0 12
1 0 0 14
1 0 0 14
1 0 0 14
1 0 0 14
1 0 0 14
1 0 0 15
1 0 0 15
1 0 0 15
1 0 0 15
1 0 0 15
1 0 0 16
1 0 0 16
1 0 0 16
1 0 0 16
1 0 0 16
1 0 0 12
1 0 0 13
1 0 0 13
1 0 0 13
1 0 0 12
1 0 0 6
1 0 0 6
1 0 0 6
1 0 0 17
1 0 0 17
1 0 0 17
1 0 0 17
1 0 0 17
1 0 0 18
1 0 0 18
1 0 0 19
1 0 0 19
1 0 0 19
1 0 0 19
1 0 0 19
1 0 0 20
1 0 0 20
1 0 0 20
1 0 0 20
1 0 0 20
1 0 0 18
1 0 0 18
1 0 0 18
1 0 0 21
1 0 0 22
1 0 0 22
1 0 0 22
1 0 0 22
1 0 0 22
1 0 0 21
1 0 0 21
1 0 0 21
1 0 0 21
0.1 1 2 -1
0.1 3 4 -1
0.1 111 112 -1
0.1 7 8 -1
0.1 6 114 -1
0.1 115 9 -1
0.1 5 116 -1
0.1 10 11 -1
0.1 13 14 -1
0.1 12 119 -1
0.1 118 120 -1
0.1 117 121 -1
0.1 15 16 -1
0.1 17 18 -1
0.1 124 19 -1
0.1 20 21 -1
0.1 22 23 -1
0.1 127 24 -1
0.1 126 128 -1
0.1 125 129 -1
0.1 123 130 -1
0.1 122 131 -1
0.1 26 27 -1
0.1 29 30 -1
0.1 28 134 -1
0.1 133 135 -1
0.1 31 32 -1
0.1 137 33 -1
0.1 34 35 -1
0.1 138 139 -1
0.1 136 140 -1
0.1 39 40 -1
0.1 38 142 -1
0.1 37 143 -1
0.1 36 144 -1
0.1 41 42 -1
0.1 43 44 -1
0.1 146 147 -1
0.1 148 45 -1
0.1 145 149 -1
0.1 141 150 -1
0.1 25 151 -1
0.1 47 48 -1
0.1 49 50 -1
0.1 153 154 -1
0.1 46 155 -1
0.1 156 51 -1
0.1 152 157 -1
0.1 132 158 -1
0.1 113 159 -1
0.1 53 54 -1
0.1 52 161 -1
0.1 55 56 -1
0.1 59 60 -1
0.1 58 164 -1
0.1 61 62 -1
0.1 165 166 -1
0.1 63 64 -1
0.1 65 66 -1
0.1 169 67 -1
0.1 168 170 -1
0.1 167 171 -1
0.1 68 69 -1
0.1 71 72 -1
0.1 70 174 -1
0.1 173 175 -1
0.1 172 176 -1
0.1 57 177 -1
0.1 74 75 -1
0.1 179 76 -1
0.1 180 77 -1
0.1 73 181 -1
0.1 178 182 -1
0.1 163 183 -1
0.1 162 184 -1
0.1 79 80 -1
0.1 78 186 -1
0.1 81 82 -1
0.1 84 85 -1
0.1 83 189 -1
0.1 188 190 -1
0.1 86 87 -1
0.1 90 91 -1
0.1 193 92 -1
0.1 89 194 -1
0.1 88 195 -1
0.1 94 95 -1
0.1 93 197 -1
0.1 96 97 -1
0.1 198 199 -1
0.1 196 200 -1
0.1 99 100 -1
0.1 98 202 -1
0.1 201 203 -1
0.1 192 204 -1
0.1 191 205 -1
0.1 105 106 -1
0.1 104 207 -1
0.1 103 208 -1
0.1 102 209 -1
0.1 108 109 -1
0.1 107 211 -1
0.1 210 212 -1
0.1 213 110 -1
0.1 101 214 -1
0.1 206 215 -1
0.1 187 216 -1
0.1 185 217 -1
0.1 160 218 -1
