1 0 0 1
1 0 0 2
1 0 0 2
1 0 0 3
1 0 0 3
1 0 0 3
1 0 0 4
1 0 0 4
1 0 0 4
1 0 0 4
1 0 0 4
1 0 0 5
1 0 0 5
1 0 0 5
1 0 0 5
1 0 0 5
1 0 0 1
1 0 0 3
1 0 0 3
1 0 0 1
1 0 0 2
1 0 0 2
1 0 0 2
1 0 0 1
1 0 0 6
1 0 0 7
1 0 0 7
1 0 0 7
1 0 0 8
1 0 0 8
1 0 0 8
1 0 0 8
1 0 0 8
1 0 0 9
1 0 0 9
1 0 0 10
1 0 0 10
1 0 0 10
1 0 0 10
1 0 0 10
1 0 0 11
1 0 0 11
1 0 0 11
1 0 0 11
1 0 0 11
1 0 0 9
1 0 0 9
1 0 0 9
1 0 0 12
1 0 0 12
1 0 0 12
1 0 0 12
1 0 0 12
1 0 0 13
1 0 0 13
1 0 0 13
1 0 0 13
1 0 0 13
1 0 0 6
1 0 0 6
1 0 0 6
1 0 0 6
1 0 0 14
1 0 0 14
1 0 0 14
1 0 0 14
1 0 0 14
1 0 0 15
1 0 0 15
1 0 0 15
1 0 0 15
1 0 0 15
1 0 0 16
1 0 0 16
1 0 0 16
1 0 0 16
1 0 0 16
1 0 0 17
1 0 0 17
1 0 0 17
1 0 0 17
1 0 0 17
1 0 0 7
1 0 0 7
1 0 0 18
1 0 0 18
1 0 0 18
1 0 0 18
1 0 0 18
1 0 0 19
1 0 0 19
1 0 0 19
1 0 0 19
1 0 0 19
1 0 0 20
1 0 0 20
1 0 0 20
1 0 0 20
1 0 0 20
1 0 0 21
1 0 0 21
1 0 0 21
1 0 0 21
1 0 0 21
1 0 0 22
1 0 0 22
1 0 0 22
1 0 0 22
1 0 0 22
1 0 0 1
0.1 2 3 -1
0.1 5 6 -1
0.1 4 112 -1
0.1 8 9 -1
0.1 7 114 -1
0.1 113 115 -1
0.1 111 116 -1
0.1 10 11 -1
0.1 12 13 -1
0.1 14 15 -1
0.1 120 16 -1
0.1 119 121 -1
0.1 118 122 -1
0.1 117 123 -1
0.1 1 124 -1
0.1 18 19 -1
0.1 126 20 -1
0.1 17 127 -1
0.1 21 22 -1
0.1 129 23 -1
0.1 128 130 -1
0.1 125 131 -1
0.1 132 24 -1
0.1 27 28 -1
0.1 26 134 -1
0.1 30 31 -1
0.1 32 33 -1
0.1 136 137 -1
0.1 29 138 -1
0.1 34 35 -1
0.1 38 39 -1
0.1 141 40 -1
0.1 37 142 -1
0.1 36 143 -1
0.1 42 43 -1
0.1 41 145 -1
0.1 44 45 -1
0.1 146 147 -1
0.1 144 148 -1
0.1 47 48 -1
0.1 46 150 -1
0.1 149 151 -1
0.1 140 152 -1
0.1 139 153 -1
0.1 52 53 -1
0.1 51 155 -1
0.1 50 156 -1
0.1 49 157 -1
0.1 55 56 -1
0.1 54 159 -1
0.1 57 58 -1
0.1 160 161 -1
0.1 158 162 -1
0.1 154 163 -1
0.1 135 164 -1
0.1 25 165 -1
0.1 133 166 -1
0.1 61 62 -1
0.1 60 168 -1
0.1 59 169 -1
0.1 65 66 -1
0.1 64 171 -1
0.1 172 67 -1
0.1 63 173 -1
0.1 69 70 -1
0.1 68 175 -1
0.1 71 72 -1
0.1 176 177 -1
0.1 174 178 -1
0.1 73 74 -1
0.1 75 76 -1
0.1 181 77 -1
0.1 78 79 -1
0.1 80 81 -1
0.1 184 82 -1
0.1 183 185 -1
0.1 182 186 -1
0.1 180 187 -1
0.1 179 188 -1
0.1 88 89 -1
0.1 87 190 -1
0.1 86 191 -1
0.1 85 192 -1
0.1 90 91 -1
0.1 93 94 -1
0.1 92 195 -1
0.1 194 196 -1
0.1 193 197 -1
0.1 95 96 -1
0.1 98 99 -1
0.1 97 200 -1
0.1 199 201 -1
0.1 100 101 -1
0.1 203 102 -1
0.1 103 104 -1
0.1 204 205 -1
0.1 202 206 -1
0.1 198 207 -1
0.1 84 208 -1
0.1 106 107 -1
0.1 108 109 -1
0.1 210 211 -1
0.1 105 212 -1
0.1 209 213 -1
0.1 83 214 -1
0.1 189 215 -1
0.1 170 216 -1
0.1 217 110 -1
0.1 167 218 -1
