1 0 0 1
1 0 0 2
1 0 0 3
1 0 0 3
1 0 0 4
1 0 0 4
1 0 0 4
1 0 0 4
1 0 0 4
1 0 0 4
1 0 0 4
1 0 0 4
1 0 0 4
1 0 0 4
1 0 0 5
1 0 0 3
1 0 0 5
1 0 0 5
1 0 0 5
1 0 0 5
1 0 0 5
1 0 0 5
1 0 0 5
1 0 0 5
1 0 0 5
1 0 0 6
1 0 0 6
1 0 0 6
1 0 0 6
1 0 0 6
1 0 0 6
1 0 0 6
1 0 0 6
1 0 0 6
1 0 0 6
1 0 0 7
1 0 0 7
1 0 0 7
1 0 0 7
1 0 0 7
1 0 0 7
1 0 0 7
1 0 0 7
1 0 0 7
1 0 0 7
1 0 0 8
1 0 0 8
1 0 0 8
1 0 0 8
1 0 0 8
1 0 0 8
1 0 0 3
1 0 0 3
1 0 0 8
1 0 0 3
1 0 0 8
1 0 0 8
1 0 0 8
1 0 0 9
1 0 0 9
1 0 0 3
1 0 0 9
1 0 0 9
1 0 0 9
1 0 0 9
1 0 0 9
1 0 0 9
1 0 0 9
1 0 0 9
1 0 0 10
1 0 0 10
1 0 0 10
1 0 0 10
1 0 0 11
1 0 0 11
1 0 0 11
1 0 0 11
1 0 0 11
1 0 0 11
1 0 0 11
1 0 0 11
1 0 0 11
1 0 0 11
1 0 0 10
1 0 0 10
1 0 0 12
1 0 0 12
1 0 0 12
1 0 0 12
1 0 0 12
1 0 0 12
1 0 0 12
1 0 0 12
1 0 0 12
1 0 0 12
1 0 0 13
1 0 0 13
1 0 0 13
1 0 0 14
1 0 0 14
1 0 0 14
1 0 0 14
1 0 0 14
1 0 0 14
1 0 0 14
1 0 0 14
1 0 0 14
1 0 0 14
1 0 0 13
1 0 0 13
1 0 0 13
1 0 0 13
1 0 0 13
1 0 0 15
1 0 0 15
1 0 0 15
1 0 0 15
1 0 0 15
1 0 0 15
1 0 0 15
1 0 0 15
1 0 0 15
1 0 0 15
1 0 0 16
1 0 0 16
1 0 0 16
1 0 0 16
1 0 0 16
1 0 0 16
1 0 0 16
1 0 0 16
1 0 0 16
1 0 0 16
1 0 0 13
1 0 0 13
1 0 0 17
1 0 0 17
1 0 0 17
1 0 0 17
1 0 0 17
1 0 0 17
1 0 0 17
1 0 0 17
1 0 0 17
1 0 0 17
1 0 0 18
1 0 0 18
1 0 0 18
1 0 0 18
1 0 0 18
1 0 0 18
1 0 0 18
1 0 0 18
1 0 0 18
1 0 0 18
1 0 0 19
1 0 0 19
1 0 0 19
1 0 0 19
1 0 0 19
1 0 0 19
1 0 0 19
1 0 0 19
1 0 0 19
1 0 0 19
1 0 0 20
1 0 0 20
1 0 0 20
1 0 0 20
1 0 0 20
1 0 0 20
1 0 0 20
1 0 0 20
1 0 0 20
1 0 0 20
1 0 0 10
1 0 0 10
1 0 0 10
1 0 0 10
1 0 0 21
1 0 0 21
1 0 0 21
1 0 0 21
1 0 0 21
1 0 0 21
1 0 0 21
1 0 0 21
1 0 0 21
1 0 0 21
1 0 0 3
1 0 0 3
1 0 0 22
1 0 0 22
1 0 0 22
1 0 0 22
1 0 0 22
1 0 0 22
1 0 0 22
1 0 0 22
1 0 0 22
1 0 0 23
1 0 0 23
1 0 0 23
1 0 0 23
1 0 0 23
1 0 0 23
1 0 0 23
1 0 0 23
1 0 0 23
1 0 0 23
1 0 0 3
1 0 0 24
1 0 0 24
1 0 0 24
1 0 0 24
1 0 0 24
1 0 0 24
1 0 0 24
1 0 0 24
1 0 0 24
1 0 0 24
1 0 0 22
1 0 0 25
1 0 0 25
1 0 0 25
1 0 0 25
1 0 0 25
1 0 0 25
1 0 0 25
1 0 0 25
1 0 0 25
1 0 0 25
1 0 0 26
1 0 0 26
1 0 0 26
1 0 0 26
1 0 0 26
1 0 0 26
1 0 0 26
1 0 0 26
1 0 0 26
1 0 0 26
1 0 0 27
1 0 0 27
1 0 0 27
1 0 0 27
1 0 0 27
1 0 0 27
1 0 0 27
1 0 0 27
1 0 0 27
1 0 0 27
1 0 0 28
1 0 0 29
1 0 0 29
1 0 0 29
1 0 0 29
1 0 0 29
1 0 0 29
1 0 0 29
1 0 0 29
1 0 0 30
1 0 0 30
1 0 0 30
1 0 0 29
1 0 0 29
1 0 0 28
1 0 0 28
1 0 0 28
1 0 0 28
1 0 0 28
1 0 0 28
1 0 0 28
1 0 0 31
1 0 0 31
1 0 0 31
1 0 0 31
1 0 0 31
1 0 0 31
1 0 0 31
1 0 0 31
1 0 0 31
1 0 0 31
1 0 0 32
1 0 0 32
1 0 0 32
1 0 0 32
1 0 0 32
1 0 0 32
1 0 0 32
1 0 0 32
1 0 0 32
1 0 0 32
1 0 0 28
1 0 0 28
1 0 0 2
1 0 0 33
1 0 0 33
1 0 0 33
1 0 0 34
1 0 0 35
1 0 0 35
1 0 0 35
1 0 0 35
1 0 0 35
1 0 0 35
1 0 0 34
1 0 0 34
1 0 0 34
1 0 0 34
1 0 0 34
1 0 0 34
1 0 0 34
1 0 0 34
1 0 0 34
1 0 0 35
1 0 0 36
1 0 0 36
1 0 0 36
1 0 0 36
1 0 0 36
1 0 0 35
1 0 0 35
1 0 0 35
1 0 0 36
1 0 0 36
1 0 0 36
1 0 0 36
1 0 0 36
1 0 0 37
1 0 0 37
1 0 0 37
1 0 0 2
1 0 0 1
1 0 0 1
1 0 0 1
1 0 0 1
1 0 0 1
1 0 0 1
1 0 0 1
1 0 0 37
1 0 0 38
1 0 0 38
1 0 0 38
1 0 0 38
1 0 0 38
1 0 0 38
1 0 0 38
1 0 0 38
1 0 0 38
1 0 0 38
1 0 0 37
1 0 0 39
1 0 0 39
1 0 0 39
1 0 0 39
1 0 0 39
1 0 0 39
1 0 0 39
1 0 0 39
1 0 0 39
1 0 0 39
1 0 0 40
1 0 0 40
1 0 0 40
1 0 0 40
1 0 0 40
1 0 0 40
1 0 0 40
1 0 0 40
1 0 0 40
1 0 0 40
1 0 0 37
1 0 0 37
1 0 0 37
1 0 0 37
1 0 0 37
1 0 0 41
1 0 0 41
1 0 0 41
1 0 0 41
1 0 0 42
1 0 0 42
1 0 0 43
1 0 0 43
1 0 0 43
1 0 0 43
1 0 0 43
1 0 0 43
1 0 0 43
1 0 0 44
1 0 0 44
1 0 0 44
1 0 0 44
1 0 0 44
1 0 0 44
1 0 0 2
1 0 0 44
1 0 0 44
1 0 0 44
1 0 0 44
1 0 0 41
1 0 0 41
1 0 0 41
1 0 0 41
1 0 0 42
1 0 0 42
1 0 0 42
1 0 0 42
1 0 0 42
1 0 0 42
1 0 0 42
1 0 0 42
1 0 0 45
1 0 0 46
1 0 0 46
1 0 0 46
1 0 0 45
1 0 0 45
1 0 0 45
1 0 0 45
1 0 0 2
1 0 0 2
1 0 0 1
1 0 0 1
1 0 0 45
1 0 0 45
1 0 0 45
1 0 0 45
1 0 0 33
1 0 0 33
1 0 0 33
1 0 0 33
1 0 0 33
1 0 0 33
1 0 0 33
1 0 0 45
1 0 0 41
1 0 0 41
1 0 0 2
1 0 0 47
1 0 0 48
1 0 0 48
1 0 0 48
1 0 0 48
1 0 0 48
1 0 0 48
1 0 0 48
1 0 0 48
1 0 0 48
1 0 0 48
1 0 0 47
1 0 0 47
1 0 0 47
1 0 0 49
1 0 0 49
1 0 0 49
1 0 0 49
1 0 0 49
1 0 0 49
1 0 0 49
1 0 0 49
1 0 0 49
1 0 0 49
1 0 0 50
1 0 0 50
1 0 0 50
1 0 0 50
1 0 0 50
1 0 0 50
1 0 0 50
1 0 0 50
1 0 0 50
1 0 0 50
1 0 0 47
1 0 0 47
1 0 0 51
1 0 0 51
1 0 0 51
1 0 0 51
1 0 0 51
1 0 0 51
1 0 0 51
1 0 0 51
1 0 0 51
1 0 0 51
1 0 0 47
1 0 0 52
1 0 0 52
1 0 0 52
1 0 0 52
1 0 0 52
1 0 0 52
1 0 0 52
1 0 0 52
1 0 0 52
1 0 0 52
1 0 0 47
1 0 0 47
1 0 0 53
1 0 0 53
1 0 0 53
1 0 0 53
1 0 0 53
1 0 0 53
1 0 0 53
1 0 0 53
1 0 0 53
1 0 0 53
1 0 0 47
1 0 0 54
1 0 0 54
1 0 0 54
1 0 0 54
1 0 0 54
1 0 0 54
1 0 0 54
1 0 0 54
1 0 0 54
1 0 0 54
1 0 0 55
1 0 0 55
1 0 0 55
1 0 0 55
1 0 0 55
1 0 0 55
1 0 0 55
1 0 0 55
1 0 0 55
1 0 0 55
1 0 0 2
1 0 0 2
1 0 0 46
1 0 0 46
1 0 0 46
1 0 0 46
1 0 0 46
1 0 0 46
1 0 0 46
1 0 0 30
1 0 0 30
1 0 0 43
1 0 0 43
1 0 0 43
1 0 0 56
1 0 0 56
1 0 0 56
1 0 0 56
1 0 0 56
1 0 0 56
1 0 0 56
1 0 0 56
1 0 0 56
1 0 0 56
1 0 0 30
1 0 0 30
1 0 0 30
1 0 0 30
1 0 0 30
1 0 0 2
1 0 0 57
1 0 0 57
1 0 0 57
1 0 0 57
1 0 0 57
1 0 0 57
1 0 0 57
1 0 0 57
1 0 0 57
1 0 0 57
0.1 3 4 -1
0.1 5 6 -1
0.1 7 8 -1
0.1 572 573 -1
0.1 9 10 -1
0.1 574 575 -1
0.1 13 14 -1
0.1 12 577 -1
0.1 11 578 -1
0.1 576 579 -1
0.1 18 19 -1
0.1 17 581 -1
0.1 16 582 -1
0.1 21 22 -1
0.1 20 584 -1
0.1 24 25 -1
0.1 23 586 -1
0.1 585 587 -1
0.1 583 588 -1
0.1 15 589 -1
0.1 580 590 -1
0.1 26 27 -1
0.1 592 28 -1
0.1 30 31 -1
0.1 29 594 -1
0.1 593 595 -1
0.1 32 33 -1
0.1 597 34 -1
0.1 598 35 -1
0.1 596 599 -1
0.1 36 37 -1
0.1 38 39 -1
0.1 601 602 -1
0.1 603 40 -1
0.1 41 42 -1
0.1 43 44 -1
0.1 605 606 -1
0.1 604 607 -1
0.1 608 45 -1
0.1 46 47 -1
0.1 610 48 -1
0.1 49 50 -1
0.1 612 51 -1
0.1 611 613 -1
0.1 52 53 -1
0.1 614 615 -1
0.1 55 56 -1
0.1 54 617 -1
0.1 57 58 -1
0.1 618 619 -1
0.1 616 620 -1
0.1 609 621 -1
0.1 600 622 -1
0.1 59 60 -1
0.1 64 65 -1
0.1 63 625 -1
0.1 67 68 -1
0.1 66 627 -1
0.1 628 69 -1
0.1 626 629 -1
0.1 62 630 -1
0.1 61 631 -1
0.1 624 632 -1
0.1 623 633 -1
0.1 72 73 -1
0.1 71 635 -1
0.1 70 636 -1
0.1 74 75 -1
0.1 76 77 -1
0.1 78 79 -1
0.1 639 640 -1
0.1 638 641 -1
0.1 81 82 -1
0.1 80 643 -1
0.1 642 644 -1
0.1 645 83 -1
0.1 84 85 -1
0.1 88 89 -1
0.1 87 648 -1
0.1 90 91 -1
0.1 92 93 -1
0.1 651 94 -1
0.1 650 652 -1
0.1 653 95 -1
0.1 649 654 -1
0.1 86 655 -1
0.1 96 97 -1
0.1 100 101 -1
0.1 99 658 -1
0.1 104 105 -1
0.1 103 660 -1
0.1 102 661 -1
0.1 662 106 -1
0.1 659 663 -1
0.1 107 108 -1
0.1 664 665 -1
0.1 98 666 -1
0.1 657 667 -1
0.1 656 668 -1
0.1 110 111 -1
0.1 112 113 -1
0.1 670 671 -1
0.1 116 117 -1
0.1 115 673 -1
0.1 674 118 -1
0.1 114 675 -1
0.1 121 122 -1
0.1 120 677 -1
0.1 678 123 -1
0.1 119 679 -1
0.1 676 680 -1
0.1 672 681 -1
0.1 124 125 -1
0.1 683 126 -1
0.1 127 128 -1
0.1 684 685 -1
0.1 130 131 -1
0.1 129 687 -1
0.1 132 133 -1
0.1 688 689 -1
0.1 686 690 -1
0.1 134 135 -1
0.1 691 692 -1
0.1 137 138 -1
0.1 142 143 -1
0.1 141 695 -1
0.1 140 696 -1
0.1 139 697 -1
0.1 694 698 -1
0.1 144 145 -1
0.1 699 700 -1
0.1 136 701 -1
0.1 693 702 -1
0.1 682 703 -1
0.1 146 147 -1
0.1 149 150 -1
0.1 148 706 -1
0.1 151 152 -1
0.1 707 708 -1
0.1 154 155 -1
0.1 153 710 -1
0.1 709 711 -1
0.1 705 712 -1
0.1 704 713 -1
0.1 156 157 -1
0.1 159 160 -1
0.1 158 716 -1
0.1 715 717 -1
0.1 718 161 -1
0.1 163 164 -1
0.1 162 720 -1
0.1 721 165 -1
0.1 719 722 -1
0.1 168 169 -1
0.1 167 724 -1
0.1 166 725 -1
0.1 172 173 -1
0.1 171 727 -1
0.1 728 174 -1
0.1 729 175 -1
0.1 170 730 -1
0.1 726 731 -1
0.1 723 732 -1
0.1 714 733 -1
0.1 109 734 -1
0.1 669 735 -1
0.1 736 176 -1
0.1 647 737 -1
0.1 646 738 -1
0.1 637 739 -1
0.1 740 177 -1
0.1 178 179 -1
0.1 741 742 -1
0.1 634 743 -1
0.1 591 744 -1
0.1 180 181 -1
0.1 746 182 -1
0.1 184 185 -1
0.1 183 748 -1
0.1 747 749 -1
0.1 187 188 -1
0.1 751 189 -1
0.1 186 752 -1
0.1 750 753 -1
0.1 190 191 -1
0.1 192 193 -1
0.1 194 195 -1
0.1 756 757 -1
0.1 196 197 -1
0.1 758 759 -1
0.1 199 200 -1
0.1 198 761 -1
0.1 760 762 -1
0.1 202 203 -1
0.1 201 764 -1
0.1 204 205 -1
0.1 766 206 -1
0.1 209 210 -1
0.1 208 768 -1
0.1 207 769 -1
0.1 767 770 -1
0.1 765 771 -1
0.1 772 211 -1
0.1 213 214 -1
0.1 212 774 -1
0.1 216 217 -1
0.1 219 220 -1
0.1 218 777 -1
0.1 776 778 -1
0.1 215 779 -1
0.1 775 780 -1
0.1 781 221 -1
0.1 773 782 -1
0.1 763 783 -1
0.1 755 784 -1
0.1 785 222 -1
0.1 754 786 -1
0.1 225 226 -1
0.1 228 229 -1
0.1 227 789 -1
0.1 788 790 -1
0.1 224 791 -1
0.1 223 792 -1
0.1 231 232 -1
0.1 230 794 -1
0.1 793 795 -1
0.1 233 234 -1
0.1 237 238 -1
0.1 236 798 -1
0.1 235 799 -1
0.1 241 242 -1
0.1 240 801 -1
0.1 239 802 -1
0.1 800 803 -1
0.1 797 804 -1
0.1 796 805 -1
0.1 787 806 -1
0.1 745 807 -1
0.1 571 808 -1
0.1 2 809 -1
0.1 1 810 -1
0.1 244 245 -1
0.1 243 812 -1
0.1 246 247 -1
0.1 814 248 -1
0.1 250 251 -1
0.1 816 252 -1
0.1 249 817 -1
0.1 815 818 -1
0.1 813 819 -1
0.1 820 253 -1
0.1 256 257 -1
0.1 255 822 -1
0.1 823 258 -1
0.1 260 261 -1
0.1 259 825 -1
0.1 824 826 -1
0.1 263 264 -1
0.1 262 828 -1
0.1 265 266 -1
0.1 829 830 -1
0.1 827 831 -1
0.1 254 832 -1
0.1 833 267 -1
0.1 268 269 -1
0.1 270 271 -1
0.1 835 836 -1
0.1 274 275 -1
0.1 838 276 -1
0.1 839 277 -1
0.1 279 280 -1
0.1 841 281 -1
0.1 842 282 -1
0.1 278 843 -1
0.1 844 283 -1
0.1 840 845 -1
0.1 273 846 -1
0.1 272 847 -1
0.1 286 287 -1
0.1 285 849 -1
0.1 284 850 -1
0.1 289 290 -1
0.1 288 852 -1
0.1 292 293 -1
0.1 291 854 -1
0.1 853 855 -1
0.1 851 856 -1
0.1 857 294 -1
0.1 848 858 -1
0.1 859 295 -1
0.1 837 860 -1
0.1 834 861 -1
0.1 821 862 -1
0.1 811 863 -1
0.1 297 298 -1
0.1 296 865 -1
0.1 301 302 -1
0.1 300 867 -1
0.1 303 304 -1
0.1 869 305 -1
0.1 307 308 -1
0.1 306 871 -1
0.1 310 311 -1
0.1 309 873 -1
0.1 312 313 -1
0.1 314 315 -1
0.1 875 876 -1
0.1 874 877 -1
0.1 872 878 -1
0.1 879 316 -1
0.1 317 318 -1
0.1 881 319 -1
0.1 882 320 -1
0.1 321 322 -1
0.1 323 324 -1
0.1 884 885 -1
0.1 883 886 -1
0.1 325 326 -1
0.1 328 329 -1
0.1 327 889 -1
0.1 888 890 -1
0.1 887 891 -1
0.1 880 892 -1
0.1 870 893 -1
0.1 868 894 -1
0.1 299 895 -1
0.1 331 332 -1
0.1 330 897 -1
0.1 896 898 -1
0.1 866 899 -1
0.1 334 335 -1
0.1 337 338 -1
0.1 339 340 -1
0.1 902 903 -1
0.1 336 904 -1
0.1 901 905 -1
0.1 343 344 -1
0.1 342 907 -1
0.1 345 346 -1
0.1 347 348 -1
0.1 910 349 -1
0.1 909 911 -1
0.1 908 912 -1
0.1 350 351 -1
0.1 913 914 -1
0.1 341 915 -1
0.1 354 355 -1
0.1 917 356 -1
0.1 353 918 -1
0.1 357 358 -1
0.1 359 360 -1
0.1 920 921 -1
0.1 361 362 -1
0.1 922 923 -1
0.1 919 924 -1
0.1 365 366 -1
0.1 364 926 -1
0.1 368 369 -1
0.1 367 928 -1
0.1 371 372 -1
0.1 370 930 -1
0.1 929 931 -1
0.1 927 932 -1
0.1 363 933 -1
0.1 925 934 -1
0.1 374 375 -1
0.1 373 936 -1
0.1 935 937 -1
0.1 376 377 -1
0.1 938 939 -1
0.1 352 940 -1
0.1 916 941 -1
0.1 906 942 -1
0.1 333 943 -1
0.1 379 380 -1
0.1 382 383 -1
0.1 385 386 -1
0.1 384 947 -1
0.1 389 390 -1
0.1 388 949 -1
0.1 387 950 -1
0.1 948 951 -1
0.1 392 393 -1
0.1 953 394 -1
0.1 391 954 -1
0.1 395 396 -1
0.1 956 397 -1
0.1 399 400 -1
0.1 398 958 -1
0.1 959 401 -1
0.1 957 960 -1
0.1 955 961 -1
0.1 952 962 -1
0.1 946 963 -1
0.1 964 402 -1
0.1 965 403 -1
0.1 381 966 -1
0.1 945 967 -1
0.1 404 405 -1
0.1 407 408 -1
0.1 410 411 -1
0.1 971 412 -1
0.1 409 972 -1
0.1 973 413 -1
0.1 970 974 -1
0.1 406 975 -1
0.1 415 416 -1
0.1 977 417 -1
0.1 418 419 -1
0.1 978 979 -1
0.1 414 980 -1
0.1 420 421 -1
0.1 981 982 -1
0.1 422 423 -1
0.1 424 425 -1
0.1 985 426 -1
0.1 984 986 -1
0.1 987 427 -1
0.1 428 429 -1
0.1 433 434 -1
0.1 432 990 -1
0.1 431 991 -1
0.1 430 992 -1
0.1 435 436 -1
0.1 993 994 -1
0.1 995 437 -1
0.1 989 996 -1
0.1 988 997 -1
0.1 983 998 -1
0.1 976 999 -1
0.1 438 439 -1
0.1 1000 1001 -1
0.1 969 1002 -1
0.1 445 446 -1
0.1 444 1004 -1
0.1 448 449 -1
0.1 447 1006 -1
0.1 1007 450 -1
0.1 1005 1008 -1
0.1 1009 451 -1
0.1 443 1010 -1
0.1 442 1011 -1
0.1 452 453 -1
0.1 1012 1013 -1
0.1 457 458 -1
0.1 1015 459 -1
0.1 456 1016 -1
0.1 462 463 -1
0.1 461 1018 -1
0.1 1019 464 -1
0.1 460 1020 -1
0.1 1017 1021 -1
0.1 455 1022 -1
0.1 454 1023 -1
0.1 1014 1024 -1
0.1 465 466 -1
0.1 467 468 -1
0.1 470 471 -1
0.1 469 1028 -1
0.1 1027 1029 -1
0.1 473 474 -1
0.1 472 1031 -1
0.1 1030 1032 -1
0.1 1026 1033 -1
0.1 1034 475 -1
0.1 1025 1035 -1
0.1 441 1036 -1
0.1 477 478 -1
0.1 479 480 -1
0.1 481 482 -1
0.1 1039 1040 -1
0.1 484 485 -1
0.1 483 1042 -1
0.1 1043 486 -1
0.1 1041 1044 -1
0.1 1038 1045 -1
0.1 1046 487 -1
0.1 488 489 -1
0.1 1048 490 -1
0.1 492 493 -1
0.1 491 1050 -1
0.1 495 496 -1
0.1 494 1052 -1
0.1 1051 1053 -1
0.1 1054 497 -1
0.1 1049 1055 -1
0.1 1047 1056 -1
0.1 476 1057 -1
0.1 500 501 -1
0.1 504 505 -1
0.1 503 1060 -1
0.1 502 1061 -1
0.1 508 509 -1
0.1 507 1063 -1
0.1 506 1064 -1
0.1 1062 1065 -1
0.1 1059 1066 -1
0.1 1067 510 -1
0.1 499 1068 -1
0.1 498 1069 -1
0.1 1058 1070 -1
0.1 1037 1071 -1
0.1 440 1072 -1
0.1 511 512 -1
0.1 513 514 -1
0.1 1075 515 -1
0.1 517 518 -1
0.1 516 1077 -1
0.1 1076 1078 -1
0.1 1079 519 -1
0.1 1080 520 -1
0.1 1074 1081 -1
0.1 1073 1082 -1
0.1 522 523 -1
0.1 521 1084 -1
0.1 525 526 -1
0.1 524 1086 -1
0.1 1085 1087 -1
0.1 527 528 -1
0.1 1088 1089 -1
0.1 529 530 -1
0.1 1090 1091 -1
0.1 531 532 -1
0.1 1092 1093 -1
0.1 1083 1094 -1
0.1 1003 1095 -1
0.1 968 1096 -1
0.1 533 534 -1
0.1 535 536 -1
0.1 1099 537 -1
0.1 1100 538 -1
0.1 1098 1101 -1
0.1 1102 539 -1
0.1 1097 1103 -1
0.1 378 1104 -1
0.1 944 1105 -1
0.1 900 1106 -1
0.1 540 541 -1
0.1 542 543 -1
0.1 1109 544 -1
0.1 1108 1110 -1
0.1 545 546 -1
0.1 547 548 -1
0.1 1113 549 -1
0.1 1112 1114 -1
0.1 550 551 -1
0.1 1116 552 -1
0.1 553 554 -1
0.1 1117 1118 -1
0.1 1115 1119 -1
0.1 1111 1120 -1
0.1 557 558 -1
0.1 1122 559 -1
0.1 556 1123 -1
0.1 555 1124 -1
0.1 1125 560 -1
0.1 562 563 -1
0.1 561 1127 -1
0.1 564 565 -1
0.1 1128 1129 -1
0.1 566 567 -1
0.1 1130 1131 -1
0.1 569 570 -1
0.1 568 1133 -1
0.1 1132 1134 -1
0.1 1126 1135 -1
0.1 1121 1136 -1
0.1 1107 1137 -1
0.1 864 1138 -1
