1 0 0 1
1 0 0 1
1 0 0 1
1 0 0 1
1 0 0 1
1 0 0 2
1 0 0 2
1 0 0 3
1 0 0 3
1 0 0 3
1 0 0 3
1 0 0 3
1 0 0 2
1 0 0 2
1 0 0 4
1 0 0 4
1 0 0 4
1 0 0 4
1 0 0 4
1 0 0 5
1 0 0 5
1 0 0 5
1 0 0 5
1 0 0 5
1 0 0 2
1 0 0 6
1 0 0 7
1 0 0 6
1 0 0 6
1 0 0 6
1 0 0 6
1 0 0 8
1 0 0 9
1 0 0 9
1 0 0 9
1 0 0 9
1 0 0 9
1 0 0 10
1 0 0 10
1 0 0 10
1 0 0 10
1 0 0 10
1 0 0 11
1 0 0 11
1 0 0 12
1 0 0 12
1 0 0 12
1 0 0 12
1 0 0 12
1 0 0 13
1 0 0 13
1 0 0 13
1 0 0 13
1 0 0 13
1 0 0 14
1 0 0 14
1 0 0 15
1 0 0 15
1 0 0 15
1 0 0 15
1 0 0 15
1 0 0 14
1 0 0 14
1 0 0 14
1 0 0 16
1 0 0 16
1 0 0 16
1 0 0 16
1 0 0 16
1 0 0 11
1 0 0 11
1 0 0 11
1 0 0 8
1 0 0 8
1 0 0 8
1 0 0 8
1 0 0 17
1 0 0 17
1 0 0 17
1 0 0 17
1 0 0 17
1 0 0 7
1 0 0 7
1 0 0 18
1 0 0 18
1 0 0 18
1 0 0 18
1 0 0 18
1 0 0 19
1 0 0 19
1 0 0 19
1 0 0 19
1 0 0 19
1 0 0 7
1 0 0 20
1 0 0 20
1 0 0 21
1 0 0 21
1 0 0 21
1 0 0 21
1 0 0 21
1 0 0 22
1 0 0 22
1 0 0 22
1 0 0 22
1 0 0 22
1 0 0 23
1 0 0 23
1 0 0 23
1 0 0 23
1 0 0 23
1 0 0 24
1 0 0 24
1 0 0 24
1 0 0 24
1 0 0 24
1 0 0 25
1 0 0 25
1 0 0 25
1 0 0 25
1 0 0 25
1 0 0 26
1 0 0 26
1 0 0 26
1 0 0 26
1 0 0 26
1 0 0 20
1 0 0 20
1 0 0 20
1 0 0 7
0.1 4 5 -1
0.1 3 131 -1
0.1 2 132 -1
0.1 1 133 -1
0.1 8 9 -1
0.1 10 11 -1
0.1 135 136 -1
0.1 137 12 -1
0.1 7 138 -1
0.1 15 16 -1
0.1 18 19 -1
0.1 17 141 -1
0.1 140 142 -1
0.1 14 143 -1
0.1 13 144 -1
0.1 139 145 -1
0.1 6 146 -1
0.1 21 22 -1
0.1 23 24 -1
0.1 148 149 -1
0.1 20 150 -1
0.1 151 25 -1
0.1 147 152 -1
0.1 134 153 -1
0.1 28 29 -1
0.1 155 30 -1
0.1 156 31 -1
0.1 27 157 -1
0.1 26 158 -1
0.1 33 34 -1
0.1 36 37 -1
0.1 38 39 -1
0.1 40 41 -1
0.1 163 42 -1
0.1 162 164 -1
0.1 161 165 -1
0.1 35 166 -1
0.1 160 167 -1
0.1 43 44 -1
0.1 168 169 -1
0.1 47 48 -1
0.1 46 171 -1
0.1 172 49 -1
0.1 45 173 -1
0.1 51 52 -1
0.1 50 175 -1
0.1 176 53 -1
0.1 177 54 -1
0.1 174 178 -1
0.1 55 56 -1
0.1 58 59 -1
0.1 57 181 -1
0.1 60 61 -1
0.1 182 183 -1
0.1 63 64 -1
0.1 62 185 -1
0.1 184 186 -1
0.1 180 187 -1
0.1 67 68 -1
0.1 189 69 -1
0.1 66 190 -1
0.1 65 191 -1
0.1 188 192 -1
0.1 71 72 -1
0.1 70 194 -1
0.1 193 195 -1
0.1 179 196 -1
0.1 170 197 -1
0.1 75 76 -1
0.1 74 199 -1
0.1 73 200 -1
0.1 198 201 -1
0.1 32 202 -1
0.1 77 78 -1
0.1 80 81 -1
0.1 79 205 -1
0.1 204 206 -1
0.1 203 207 -1
0.1 159 208 -1
0.1 154 209 -1
0.1 85 86 -1
0.1 84 211 -1
0.1 87 88 -1
0.1 212 213 -1
0.1 83 214 -1
0.1 82 215 -1
0.1 90 91 -1
0.1 92 93 -1
0.1 217 218 -1
0.1 89 219 -1
0.1 95 96 -1
0.1 98 99 -1
0.1 97 222 -1
0.1 100 101 -1
0.1 103 104 -1
0.1 102 225 -1
0.1 105 106 -1
0.1 226 227 -1
0.1 107 108 -1
0.1 110 111 -1
0.1 109 230 -1
0.1 229 231 -1
0.1 228 232 -1
0.1 115 116 -1
0.1 114 234 -1
0.1 113 235 -1
0.1 112 236 -1
0.1 118 119 -1
0.1 117 238 -1
0.1 122 123 -1
0.1 240 124 -1
0.1 125 126 -1
0.1 241 242 -1
0.1 121 243 -1
0.1 120 244 -1
0.1 239 245 -1
0.1 237 246 -1
0.1 233 247 -1
0.1 224 248 -1
0.1 223 249 -1
0.1 128 129 -1
0.1 127 251 -1
0.1 250 252 -1
0.1 221 253 -1
0.1 94 254 -1
0.1 220 255 -1
0.1 216 256 -1
0.1 257 130 -1
0.1 210 258 -1
