1 0 0 1
1 0 0 1
1 0 0 1
1 0 0 1
1 0 0 1
1 0 0 2
1 0 0 2
1 0 0 2
1 0 0 2
1 0 0 2
1 0 0 3
1 0 0 3
1 0 0 4
1 0 0 5
1 0 0 5
1 0 0 5
1 0 0 4
1 0 0 4
1 0 0 4
1 0 0 4
1 0 0 5
1 0 0 5
1 0 0 3
1 0 0 6
1 0 0 6
1 0 0 6
1 0 0 7
1 0 0 7
1 0 0 7
1 0 0 7
1 0 0 7
1 0 0 6
1 0 0 6
1 0 0 8
1 0 0 8
1 0 0 8
1 0 0 8
1 0 0 8
1 0 0 3
1 0 0 3
1 0 0 9
1 0 0 9
1 0 0 9
1 0 0 9
1 0 0 10
1 0 0 10
1 0 0 10
1 0 0 10
1 0 0 10
1 0 0 9
1 0 0 11
1 0 0 11
1 0 0 11
1 0 0 11
1 0 0 11
1 0 0 12
1 0 0 12
1 0 0 12
1 0 0 12
1 0 0 13
1 0 0 13
1 0 0 13
1 0 0 13
1 0 0 13
1 0 0 12
1 0 0 14
1 0 0 14
1 0 0 15
1 0 0 15
1 0 0 15
1 0 0 15
1 0 0 14
1 0 0 14
1 0 0 14
1 0 0 16
1 0 0 16
1 0 0 15
1 0 0 17
1 0 0 17
1 0 0 17
1 0 0 17
1 0 0 17
1 0 0 16
1 0 0 16
1 0 0 18
1 0 0 18
1 0 0 18
1 0 0 18
1 0 0 18
1 0 0 19
1 0 0 19
1 0 0 19
1 0 0 19
1 0 0 19
1 0 0 16
0.1 1 2 -1
0.1 96 3 -1
0.1 4 5 -1
0.1 97 98 -1
0.1 7 8 -1
0.1 100 9 -1
0.1 101 10 -1
0.1 6 102 -1
0.1 13 14 -1
0.1 104 15 -1
0.1 17 18 -1
0.1 106 19 -1
0.1 107 20 -1
0.1 108 21 -1
0.1 16 109 -1
0.1 105 110 -1
0.1 111 22 -1
0.1 12 112 -1
0.1 11 113 -1
0.1 103 114 -1
0.1 99 115 -1
0.1 24 25 -1
0.1 28 29 -1
0.1 30 31 -1
0.1 118 119 -1
0.1 27 120 -1
0.1 26 121 -1
0.1 32 33 -1
0.1 122 123 -1
0.1 117 124 -1
0.1 35 36 -1
0.1 37 38 -1
0.1 126 127 -1
0.1 34 128 -1
0.1 125 129 -1
0.1 23 130 -1
0.1 131 39 -1
0.1 116 132 -1
0.1 133 40 -1
0.1 41 42 -1
0.1 45 46 -1
0.1 48 49 -1
0.1 47 137 -1
0.1 136 138 -1
0.1 139 50 -1
0.1 44 140 -1
0.1 43 141 -1
0.1 135 142 -1
0.1 134 143 -1
0.1 51 52 -1
0.1 54 55 -1
0.1 53 146 -1
0.1 145 147 -1
0.1 57 58 -1
0.1 149 59 -1
0.1 56 150 -1
0.1 62 63 -1
0.1 61 152 -1
0.1 60 153 -1
0.1 154 64 -1
0.1 66 67 -1
0.1 68 69 -1
0.1 70 71 -1
0.1 157 158 -1
0.1 159 72 -1
0.1 160 73 -1
0.1 161 74 -1
0.1 156 162 -1
0.1 65 163 -1
0.1 155 164 -1
0.1 151 165 -1
0.1 75 76 -1
0.1 78 79 -1
0.1 80 81 -1
0.1 169 82 -1
0.1 168 170 -1
0.1 77 171 -1
0.1 172 83 -1
0.1 167 173 -1
0.1 174 84 -1
0.1 166 175 -1
0.1 148 176 -1
0.1 87 88 -1
0.1 86 178 -1
0.1 85 179 -1
0.1 90 91 -1
0.1 181 92 -1
0.1 182 93 -1
0.1 183 94 -1
0.1 89 184 -1
0.1 180 185 -1
0.1 186 95 -1
0.1 177 187 -1
0.1 144 188 -1
