1 0 0 1
1 0 0 1
1 0 0 1
1 0 0 2
1 0 0 2
1 0 0 2
1 0 0 2
1 0 0 2
1 0 0 2
1 0 0 2
1 0 0 2
1 0 0 2
1 0 0 2
1 0 0 1
1 0 0 1
1 0 0 1
1 0 0 1
1 0 0 1
1 0 0 1
1 0 0 1
1 0 0 3
1 0 0 3
1 0 0 3
1 0 0 3
1 0 0 3
1 0 0 3
1 0 0 3
1 0 0 3
1 0 0 3
1 0 0 3
1 0 0 4
1 0 0 5
1 0 0 5
1 0 0 5
1 0 0 5
1 0 0 5
1 0 0 5
1 0 0 5
1 0 0 5
1 0 0 5
1 0 0 5
1 0 0 6
1 0 0 6
1 0 0 6
1 0 0 7
1 0 0 7
1 0 0 7
1 0 0 7
1 0 0 7
1 0 0 7
1 0 0 7
1 0 0 7
1 0 0 7
1 0 0 7
1 0 0 8
1 0 0 8
1 0 0 8
1 0 0 8
1 0 0 8
1 0 0 8
1 0 0 8
1 0 0 8
1 0 0 8
1 0 0 9
1 0 0 9
1 0 0 9
1 0 0 9
1 0 0 9
1 0 0 9
1 0 0 9
1 0 0 9
1 0 0 9
1 0 0 9
1 0 0 10
1 0 0 11
1 0 0 11
1 0 0 11
1 0 0 11
1 0 0 11
1 0 0 11
1 0 0 11
1 0 0 11
1 0 0 11
1 0 0 11
1 0 0 10
1 0 0 10
1 0 0 12
1 0 0 12
1 0 0 12
1 0 0 12
1 0 0 12
1 0 0 12
1 0 0 12
1 0 0 12
1 0 0 12
1 0 0 12
1 0 0 13
1 0 0 13
1 0 0 13
1 0 0 13
1 0 0 13
1 0 0 13
1 0 0 13
1 0 0 13
1 0 0 13
1 0 0 13
1 0 0 10
1 0 0 14
1 0 0 14
1 0 0 14
1 0 0 14
1 0 0 14
1 0 0 14
1 0 0 14
1 0 0 14
1 0 0 14
1 0 0 14
1 0 0 15
1 0 0 15
1 0 0 15
1 0 0 15
1 0 0 15
1 0 0 15
1 0 0 15
1 0 0 15
1 0 0 15
1 0 0 15
1 0 0 10
1 0 0 10
1 0 0 10
1 0 0 10
1 0 0 10
1 0 0 10
1 0 0 8
1 0 0 16
1 0 0 16
1 0 0 16
1 0 0 16
1 0 0 17
1 0 0 17
1 0 0 17
1 0 0 17
1 0 0 17
1 0 0 17
1 0 0 17
1 0 0 17
1 0 0 17
1 0 0 17
1 0 0 16
1 0 0 16
1 0 0 18
1 0 0 18
1 0 0 18
1 0 0 18
1 0 0 18
1 0 0 18
1 0 0 18
1 0 0 18
1 0 0 18
1 0 0 18
1 0 0 16
1 0 0 19
1 0 0 19
1 0 0 19
1 0 0 19
1 0 0 19
1 0 0 19
1 0 0 19
1 0 0 19
1 0 0 19
1 0 0 19
1 0 0 16
1 0 0 16
1 0 0 16
1 0 0 6
1 0 0 6
1 0 0 6
1 0 0 6
1 0 0 6
1 0 0 6
1 0 0 20
1 0 0 20
1 0 0 20
1 0 0 20
1 0 0 20
1 0 0 20
1 0 0 20
1 0 0 20
1 0 0 20
1 0 0 20
1 0 0 21
1 0 0 21
1 0 0 21
1 0 0 21
1 0 0 21
1 0 0 21
1 0 0 21
1 0 0 21
1 0 0 21
1 0 0 21
1 0 0 22
1 0 0 22
1 0 0 22
1 0 0 22
1 0 0 22
1 0 0 22
1 0 0 22
1 0 0 22
1 0 0 22
1 0 0 22
1 0 0 23
1 0 0 23
1 0 0 23
1 0 0 23
1 0 0 23
1 0 0 23
1 0 0 23
1 0 0 23
1 0 0 23
1 0 0 23
1 0 0 24
1 0 0 24
1 0 0 24
1 0 0 24
1 0 0 24
1 0 0 24
1 0 0 24
1 0 0 24
1 0 0 24
1 0 0 24
1 0 0 25
1 0 0 25
1 0 0 25
1 0 0 25
1 0 0 25
1 0 0 25
1 0 0 25
1 0 0 25
1 0 0 25
1 0 0 25
1 0 0 6
1 0 0 26
1 0 0 26
1 0 0 26
1 0 0 26
1 0 0 26
1 0 0 26
1 0 0 26
1 0 0 26
1 0 0 26
1 0 0 26
1 0 0 27
1 0 0 27
1 0 0 27
1 0 0 27
1 0 0 27
1 0 0 27
1 0 0 27
1 0 0 27
1 0 0 27
1 0 0 27
1 0 0 4
1 0 0 4
1 0 0 4
1 0 0 4
1 0 0 4
1 0 0 4
1 0 0 28
1 0 0 28
1 0 0 28
1 0 0 28
1 0 0 28
1 0 0 28
1 0 0 29
1 0 0 29
1 0 0 29
1 0 0 29
1 0 0 29
1 0 0 29
1 0 0 29
1 0 0 29
1 0 0 30
1 0 0 30
1 0 0 30
1 0 0 30
1 0 0 30
1 0 0 30
1 0 0 30
1 0 0 30
1 0 0 30
1 0 0 31
1 0 0 31
1 0 0 31
1 0 0 31
1 0 0 31
1 0 0 31
1 0 0 31
1 0 0 31
1 0 0 31
1 0 0 31
1 0 0 32
1 0 0 32
1 0 0 32
1 0 0 32
1 0 0 32
1 0 0 32
1 0 0 32
1 0 0 32
1 0 0 32
1 0 0 32
1 0 0 33
1 0 0 33
1 0 0 33
1 0 0 33
1 0 0 33
1 0 0 33
1 0 0 33
1 0 0 33
1 0 0 33
1 0 0 33
1 0 0 34
1 0 0 34
1 0 0 34
1 0 0 34
1 0 0 34
1 0 0 34
1 0 0 34
1 0 0 34
1 0 0 34
1 0 0 34
1 0 0 30
1 0 0 29
1 0 0 29
1 0 0 28
1 0 0 28
1 0 0 35
1 0 0 36
1 0 0 36
1 0 0 36
1 0 0 36
1 0 0 36
1 0 0 36
1 0 0 36
1 0 0 36
1 0 0 36
1 0 0 36
1 0 0 35
1 0 0 35
1 0 0 35
1 0 0 35
1 0 0 35
1 0 0 35
1 0 0 35
1 0 0 35
1 0 0 35
1 0 0 28
1 0 0 28
1 0 0 37
1 0 0 37
1 0 0 37
1 0 0 37
1 0 0 37
1 0 0 37
1 0 0 37
1 0 0 37
1 0 0 37
1 0 0 37
1 0 0 4
1 0 0 38
1 0 0 39
1 0 0 39
1 0 0 39
1 0 0 39
1 0 0 39
1 0 0 39
1 0 0 39
1 0 0 39
1 0 0 39
1 0 0 39
1 0 0 38
1 0 0 38
1 0 0 38
1 0 0 38
1 0 0 38
1 0 0 38
1 0 0 38
1 0 0 38
1 0 0 38
1 0 0 40
1 0 0 40
1 0 0 40
1 0 0 40
1 0 0 40
1 0 0 40
1 0 0 41
1 0 0 41
1 0 0 41
1 0 0 41
1 0 0 41
1 0 0 41
1 0 0 41
1 0 0 41
1 0 0 41
1 0 0 41
1 0 0 40
1 0 0 40
1 0 0 40
1 0 0 40
1 0 0 4
1 0 0 42
1 0 0 42
1 0 0 42
1 0 0 42
1 0 0 42
1 0 0 42
1 0 0 43
1 0 0 43
1 0 0 44
1 0 0 44
1 0 0 44
1 0 0 44
1 0 0 44
1 0 0 44
1 0 0 44
1 0 0 44
1 0 0 44
1 0 0 44
1 0 0 43
1 0 0 43
1 0 0 45
1 0 0 45
1 0 0 45
1 0 0 45
1 0 0 45
1 0 0 45
1 0 0 45
1 0 0 45
1 0 0 45
1 0 0 45
1 0 0 43
1 0 0 43
1 0 0 43
1 0 0 43
1 0 0 43
1 0 0 43
1 0 0 42
1 0 0 42
1 0 0 42
1 0 0 42
1 0 0 46
1 0 0 46
1 0 0 46
1 0 0 46
1 0 0 46
1 0 0 46
1 0 0 46
1 0 0 46
1 0 0 4
1 0 0 46
1 0 0 46
0.1 1 2 -1
0.1 461 3 -1
0.1 5 6 -1
0.1 463 7 -1
0.1 8 9 -1
0.1 464 465 -1
0.1 4 466 -1
0.1 10 11 -1
0.1 12 13 -1
0.1 468 469 -1
0.1 467 470 -1
0.1 471 14 -1
0.1 15 16 -1
0.1 472 473 -1
0.1 462 474 -1
0.1 19 20 -1
0.1 18 476 -1
0.1 17 477 -1
0.1 475 478 -1
0.1 21 22 -1
0.1 24 25 -1
0.1 23 481 -1
0.1 27 28 -1
0.1 26 483 -1
0.1 482 484 -1
0.1 29 30 -1
0.1 485 486 -1
0.1 480 487 -1
0.1 479 488 -1
0.1 33 34 -1
0.1 35 36 -1
0.1 490 491 -1
0.1 32 492 -1
0.1 38 39 -1
0.1 494 40 -1
0.1 495 41 -1
0.1 37 496 -1
0.1 493 497 -1
0.1 42 43 -1
0.1 45 46 -1
0.1 47 48 -1
0.1 501 49 -1
0.1 50 51 -1
0.1 503 52 -1
0.1 53 54 -1
0.1 504 505 -1
0.1 502 506 -1
0.1 500 507 -1
0.1 55 56 -1
0.1 508 509 -1
0.1 57 58 -1
0.1 511 59 -1
0.1 510 512 -1
0.1 60 61 -1
0.1 62 63 -1
0.1 514 515 -1
0.1 513 516 -1
0.1 65 66 -1
0.1 67 68 -1
0.1 518 519 -1
0.1 69 70 -1
0.1 72 73 -1
0.1 71 522 -1
0.1 521 523 -1
0.1 520 524 -1
0.1 64 525 -1
0.1 75 76 -1
0.1 527 77 -1
0.1 78 79 -1
0.1 80 81 -1
0.1 83 84 -1
0.1 82 531 -1
0.1 530 532 -1
0.1 529 533 -1
0.1 528 534 -1
0.1 85 86 -1
0.1 87 88 -1
0.1 91 92 -1
0.1 90 538 -1
0.1 539 93 -1
0.1 89 540 -1
0.1 94 95 -1
0.1 542 96 -1
0.1 541 543 -1
0.1 537 544 -1
0.1 536 545 -1
0.1 535 546 -1
0.1 98 99 -1
0.1 97 548 -1
0.1 101 102 -1
0.1 100 550 -1
0.1 551 103 -1
0.1 104 105 -1
0.1 552 553 -1
0.1 554 106 -1
0.1 549 555 -1
0.1 109 110 -1
0.1 111 112 -1
0.1 557 558 -1
0.1 113 114 -1
0.1 115 116 -1
0.1 560 561 -1
0.1 559 562 -1
0.1 108 563 -1
0.1 564 117 -1
0.1 107 565 -1
0.1 556 566 -1
0.1 118 119 -1
0.1 120 121 -1
0.1 569 122 -1
0.1 124 125 -1
0.1 126 127 -1
0.1 571 572 -1
0.1 123 573 -1
0.1 570 574 -1
0.1 568 575 -1
0.1 567 576 -1
0.1 128 129 -1
0.1 577 578 -1
0.1 547 579 -1
0.1 74 580 -1
0.1 132 133 -1
0.1 131 582 -1
0.1 130 583 -1
0.1 581 584 -1
0.1 585 134 -1
0.1 526 586 -1
0.1 517 587 -1
0.1 44 588 -1
0.1 499 589 -1
0.1 498 590 -1
0.1 136 137 -1
0.1 135 592 -1
0.1 141 142 -1
0.1 143 144 -1
0.1 594 595 -1
0.1 140 596 -1
0.1 145 146 -1
0.1 147 148 -1
0.1 598 599 -1
0.1 597 600 -1
0.1 139 601 -1
0.1 138 602 -1
0.1 151 152 -1
0.1 154 155 -1
0.1 153 605 -1
0.1 156 157 -1
0.1 158 159 -1
0.1 608 160 -1
0.1 607 609 -1
0.1 606 610 -1
0.1 604 611 -1
0.1 150 612 -1
0.1 149 613 -1
0.1 603 614 -1
0.1 615 161 -1
0.1 593 616 -1
0.1 164 165 -1
0.1 618 166 -1
0.1 163 619 -1
0.1 168 169 -1
0.1 170 171 -1
0.1 621 622 -1
0.1 167 623 -1
0.1 620 624 -1
0.1 162 625 -1
0.1 626 172 -1
0.1 173 174 -1
0.1 627 628 -1
0.1 617 629 -1
0.1 175 176 -1
0.1 630 631 -1
0.1 178 179 -1
0.1 177 633 -1
0.1 634 180 -1
0.1 632 635 -1
0.1 182 183 -1
0.1 637 184 -1
0.1 181 638 -1
0.1 639 185 -1
0.1 186 187 -1
0.1 640 641 -1
0.1 189 190 -1
0.1 188 643 -1
0.1 642 644 -1
0.1 191 192 -1
0.1 646 193 -1
0.1 647 194 -1
0.1 195 196 -1
0.1 649 197 -1
0.1 650 198 -1
0.1 199 200 -1
0.1 651 652 -1
0.1 648 653 -1
0.1 645 654 -1
0.1 201 202 -1
0.1 205 206 -1
0.1 204 657 -1
0.1 207 208 -1
0.1 659 209 -1
0.1 658 660 -1
0.1 661 210 -1
0.1 203 662 -1
0.1 656 663 -1
0.1 213 214 -1
0.1 212 665 -1
0.1 211 666 -1
0.1 667 215 -1
0.1 668 216 -1
0.1 217 218 -1
0.1 219 220 -1
0.1 670 671 -1
0.1 669 672 -1
0.1 664 673 -1
0.1 655 674 -1
0.1 221 222 -1
0.1 224 225 -1
0.1 223 677 -1
0.1 678 226 -1
0.1 229 230 -1
0.1 228 680 -1
0.1 227 681 -1
0.1 679 682 -1
0.1 676 683 -1
0.1 232 233 -1
0.1 231 685 -1
0.1 234 235 -1
0.1 686 687 -1
0.1 238 239 -1
0.1 689 240 -1
0.1 237 690 -1
0.1 236 691 -1
0.1 688 692 -1
0.1 684 693 -1
0.1 694 241 -1
0.1 675 695 -1
0.1 636 696 -1
0.1 591 697 -1
0.1 243 244 -1
0.1 242 699 -1
0.1 248 249 -1
0.1 247 701 -1
0.1 246 702 -1
0.1 245 703 -1
0.1 250 251 -1
0.1 704 705 -1
0.1 700 706 -1
0.1 698 707 -1
0.1 31 708 -1
0.1 489 709 -1
0.1 253 254 -1
0.1 711 255 -1
0.1 712 256 -1
0.1 252 713 -1
0.1 259 260 -1
0.1 715 261 -1
0.1 258 716 -1
0.1 257 717 -1
0.1 714 718 -1
0.1 719 262 -1
0.1 720 263 -1
0.1 264 265 -1
0.1 721 722 -1
0.1 266 267 -1
0.1 269 270 -1
0.1 725 271 -1
0.1 268 726 -1
0.1 727 272 -1
0.1 274 275 -1
0.1 277 278 -1
0.1 276 730 -1
0.1 280 281 -1
0.1 279 732 -1
0.1 731 733 -1
0.1 283 284 -1
0.1 285 286 -1
0.1 287 288 -1
0.1 737 289 -1
0.1 736 738 -1
0.1 735 739 -1
0.1 740 290 -1
0.1 292 293 -1
0.1 291 742 -1
0.1 295 296 -1
0.1 297 298 -1
0.1 744 745 -1
0.1 294 746 -1
0.1 743 747 -1
0.1 299 300 -1
0.1 748 749 -1
0.1 301 302 -1
0.1 303 304 -1
0.1 751 752 -1
0.1 305 306 -1
0.1 754 307 -1
0.1 755 308 -1
0.1 309 310 -1
0.1 756 757 -1
0.1 753 758 -1
0.1 750 759 -1
0.1 311 312 -1
0.1 314 315 -1
0.1 316 317 -1
0.1 319 320 -1
0.1 318 764 -1
0.1 763 765 -1
0.1 762 766 -1
0.1 313 767 -1
0.1 761 768 -1
0.1 760 769 -1
0.1 323 324 -1
0.1 326 327 -1
0.1 772 328 -1
0.1 325 773 -1
0.1 771 774 -1
0.1 322 775 -1
0.1 321 776 -1
0.1 777 329 -1
0.1 778 330 -1
0.1 770 779 -1
0.1 741 780 -1
0.1 781 331 -1
0.1 282 782 -1
0.1 783 332 -1
0.1 784 333 -1
0.1 734 785 -1
0.1 729 786 -1
0.1 334 335 -1
0.1 787 788 -1
0.1 273 789 -1
0.1 340 341 -1
0.1 342 343 -1
0.1 791 792 -1
0.1 339 793 -1
0.1 338 794 -1
0.1 344 345 -1
0.1 795 796 -1
0.1 797 346 -1
0.1 337 798 -1
0.1 349 350 -1
0.1 348 800 -1
0.1 347 801 -1
0.1 799 802 -1
0.1 351 352 -1
0.1 803 804 -1
0.1 336 805 -1
0.1 806 353 -1
0.1 354 355 -1
0.1 807 808 -1
0.1 790 809 -1
0.1 356 357 -1
0.1 810 811 -1
0.1 728 812 -1
0.1 360 361 -1
0.1 359 814 -1
0.1 358 815 -1
0.1 362 363 -1
0.1 816 817 -1
0.1 365 366 -1
0.1 819 367 -1
0.1 364 820 -1
0.1 818 821 -1
0.1 813 822 -1
0.1 371 372 -1
0.1 373 374 -1
0.1 375 376 -1
0.1 825 826 -1
0.1 378 379 -1
0.1 377 828 -1
0.1 827 829 -1
0.1 824 830 -1
0.1 370 831 -1
0.1 380 381 -1
0.1 833 382 -1
0.1 383 384 -1
0.1 834 835 -1
0.1 386 387 -1
0.1 385 837 -1
0.1 836 838 -1
0.1 839 388 -1
0.1 832 840 -1
0.1 390 391 -1
0.1 389 842 -1
0.1 392 393 -1
0.1 397 398 -1
0.1 396 845 -1
0.1 399 400 -1
0.1 402 403 -1
0.1 401 848 -1
0.1 847 849 -1
0.1 846 850 -1
0.1 851 404 -1
0.1 395 852 -1
0.1 394 853 -1
0.1 844 854 -1
0.1 406 407 -1
0.1 856 408 -1
0.1 405 857 -1
0.1 855 858 -1
0.1 843 859 -1
0.1 841 860 -1
0.1 369 861 -1
0.1 862 409 -1
0.1 368 863 -1
0.1 823 864 -1
0.1 724 865 -1
0.1 410 411 -1
0.1 413 414 -1
0.1 412 868 -1
0.1 867 869 -1
0.1 416 417 -1
0.1 418 419 -1
0.1 872 420 -1
0.1 421 422 -1
0.1 873 874 -1
0.1 423 424 -1
0.1 875 876 -1
0.1 426 427 -1
0.1 425 878 -1
0.1 877 879 -1
0.1 880 428 -1
0.1 871 881 -1
0.1 432 433 -1
0.1 883 434 -1
0.1 431 884 -1
0.1 430 885 -1
0.1 436 437 -1
0.1 435 887 -1
0.1 438 439 -1
0.1 888 889 -1
0.1 886 890 -1
0.1 429 891 -1
0.1 882 892 -1
0.1 893 440 -1
0.1 441 442 -1
0.1 443 444 -1
0.1 895 896 -1
0.1 897 445 -1
0.1 894 898 -1
0.1 415 899 -1
0.1 900 446 -1
0.1 448 449 -1
0.1 447 902 -1
0.1 901 903 -1
0.1 870 904 -1
0.1 451 452 -1
0.1 450 906 -1
0.1 453 454 -1
0.1 456 457 -1
0.1 455 909 -1
0.1 908 910 -1
0.1 907 911 -1
0.1 912 458 -1
0.1 905 913 -1
0.1 459 460 -1
0.1 914 915 -1
0.1 866 916 -1
0.1 723 917 -1
0.1 710 918 -1
