1 0 0 1
1 0 0 1
1 0 0 1
1 0 0 1
1 0 0 1
1 0 0 1
1 0 0 1
1 0 0 1
1 0 0 1
1 0 0 1
1 0 0 2
1 0 0 2
1 0 0 2
1 0 0 2
1 0 0 2
1 0 0 2
1 0 0 3
1 0 0 3
1 0 0 3
1 0 0 4
1 0 0 4
1 0 0 4
1 0 0 4
1 0 0 4
1 0 0 4
1 0 0 4
1 0 0 4
1 0 0 4
1 0 0 4
1 0 0 3
1 0 0 3
1 0 0 3
1 0 0 3
1 0 0 5
1 0 0 5
1 0 0 5
1 0 0 5
1 0 0 5
1 0 0 5
1 0 0 5
1 0 0 5
1 0 0 5
1 0 0 5
1 0 0 3
1 0 0 6
1 0 0 6
1 0 0 6
1 0 0 6
1 0 0 6
1 0 0 6
1 0 0 6
1 0 0 6
1 0 0 6
1 0 0 6
1 0 0 3
1 0 0 3
1 0 0 2
1 0 0 7
1 0 0 7
1 0 0 7
1 0 0 7
1 0 0 7
1 0 0 7
1 0 0 7
1 0 0 7
1 0 0 7
1 0 0 7
1 0 0 8
1 0 0 8
1 0 0 8
1 0 0 8
1 0 0 8
1 0 0 8
1 0 0 8
1 0 0 8
1 0 0 8
1 0 0 8
1 0 0 9
1 0 0 9
1 0 0 9
1 0 0 9
1 0 0 9
1 0 0 9
1 0 0 9
1 0 0 9
1 0 0 9
1 0 0 9
1 0 0 10
1 0 0 10
1 0 0 10
1 0 0 10
1 0 0 10
1 0 0 10
1 0 0 10
1 0 0 10
1 0 0 10
1 0 0 10
1 0 0 11
1 0 0 11
1 0 0 11
1 0 0 11
1 0 0 11
1 0 0 11
1 0 0 11
1 0 0 11
1 0 0 11
1 0 0 11
1 0 0 12
1 0 0 12
1 0 0 12
1 0 0 12
1 0 0 12
1 0 0 12
1 0 0 12
1 0 0 12
1 0 0 12
1 0 0 12
1 0 0 2
1 0 0 2
1 0 0 13
1 0 0 13
1 0 0 13
1 0 0 13
1 0 0 13
1 0 0 13
1 0 0 13
1 0 0 13
1 0 0 13
1 0 0 13
1 0 0 2
1 0 0 14
1 0 0 14
1 0 0 14
1 0 0 14
1 0 0 14
1 0 0 14
1 0 0 14
1 0 0 14
1 0 0 14
1 0 0 14
1 0 0 15
1 0 0 16
1 0 0 16
1 0 0 16
1 0 0 16
1 0 0 16
1 0 0 16
1 0 0 16
1 0 0 16
1 0 0 16
1 0 0 16
1 0 0 17
1 0 0 17
1 0 0 17
1 0 0 17
1 0 0 17
1 0 0 17
1 0 0 17
1 0 0 17
1 0 0 17
1 0 0 17
1 0 0 18
1 0 0 18
1 0 0 18
1 0 0 18
1 0 0 19
1 0 0 19
1 0 0 19
1 0 0 19
1 0 0 19
1 0 0 19
1 0 0 19
1 0 0 19
1 0 0 19
1 0 0 19
1 0 0 18
1 0 0 20
1 0 0 20
1 0 0 20
1 0 0 20
1 0 0 20
1 0 0 20
1 0 0 20
1 0 0 20
1 0 0 20
1 0 0 20
1 0 0 21
1 0 0 21
1 0 0 21
1 0 0 21
1 0 0 21
1 0 0 21
1 0 0 21
1 0 0 21
1 0 0 21
1 0 0 21
1 0 0 18
1 0 0 18
1 0 0 18
1 0 0 18
1 0 0 18
1 0 0 15
1 0 0 15
1 0 0 15
1 0 0 22
1 0 0 22
1 0 0 22
1 0 0 22
1 0 0 22
1 0 0 22
1 0 0 22
1 0 0 22
1 0 0 22
1 0 0 22
1 0 0 15
1 0 0 15
1 0 0 15
1 0 0 15
1 0 0 15
1 0 0 15
1 0 0 23
1 0 0 23
1 0 0 23
1 0 0 23
1 0 0 23
1 0 0 24
1 0 0 24
1 0 0 24
1 0 0 24
1 0 0 24
1 0 0 24
1 0 0 24
1 0 0 24
1 0 0 24
1 0 0 24
1 0 0 25
1 0 0 25
1 0 0 25
1 0 0 25
1 0 0 25
1 0 0 25
1 0 0 25
1 0 0 25
1 0 0 25
1 0 0 26
1 0 0 26
1 0 0 26
1 0 0 26
1 0 0 26
1 0 0 26
1 0 0 26
1 0 0 26
1 0 0 26
1 0 0 26
1 0 0 25
1 0 0 27
1 0 0 27
1 0 0 27
1 0 0 27
1 0 0 27
1 0 0 27
1 0 0 27
1 0 0 27
1 0 0 27
1 0 0 27
1 0 0 28
1 0 0 28
1 0 0 28
1 0 0 28
1 0 0 29
1 0 0 29
1 0 0 29
1 0 0 29
1 0 0 29
1 0 0 29
1 0 0 29
1 0 0 29
1 0 0 29
1 0 0 30
1 0 0 30
1 0 0 30
1 0 0 30
1 0 0 30
1 0 0 31
1 0 0 31
1 0 0 31
1 0 0 31
1 0 0 31
1 0 0 31
1 0 0 31
1 0 0 31
1 0 0 31
1 0 0 31
1 0 0 32
1 0 0 32
1 0 0 32
1 0 0 32
1 0 0 32
1 0 0 32
1 0 0 32
1 0 0 32
1 0 0 32
1 0 0 32
1 0 0 30
1 0 0 30
1 0 0 33
1 0 0 33
1 0 0 33
1 0 0 33
1 0 0 33
1 0 0 33
1 0 0 33
1 0 0 33
1 0 0 33
1 0 0 33
1 0 0 34
1 0 0 34
1 0 0 34
1 0 0 34
1 0 0 34
1 0 0 34
1 0 0 34
1 0 0 34
1 0 0 34
1 0 0 34
1 0 0 30
1 0 0 30
1 0 0 30
1 0 0 29
1 0 0 35
1 0 0 35
1 0 0 36
1 0 0 36
1 0 0 36
1 0 0 36
1 0 0 36
1 0 0 36
1 0 0 36
1 0 0 36
1 0 0 36
1 0 0 36
1 0 0 35
1 0 0 35
1 0 0 35
1 0 0 35
1 0 0 35
1 0 0 35
1 0 0 35
1 0 0 35
1 0 0 28
1 0 0 28
1 0 0 28
1 0 0 28
1 0 0 28
1 0 0 28
1 0 0 37
1 0 0 37
1 0 0 37
1 0 0 37
1 0 0 37
1 0 0 37
1 0 0 37
1 0 0 37
1 0 0 37
1 0 0 37
1 0 0 38
1 0 0 38
1 0 0 39
1 0 0 39
1 0 0 39
1 0 0 39
1 0 0 39
1 0 0 39
1 0 0 39
1 0 0 39
1 0 0 39
1 0 0 39
1 0 0 40
1 0 0 40
1 0 0 40
1 0 0 40
1 0 0 40
1 0 0 40
1 0 0 40
1 0 0 40
1 0 0 40
1 0 0 40
1 0 0 38
1 0 0 38
1 0 0 38
1 0 0 38
1 0 0 38
1 0 0 38
1 0 0 38
1 0 0 38
1 0 0 41
1 0 0 41
1 0 0 41
1 0 0 41
1 0 0 41
1 0 0 41
1 0 0 41
1 0 0 41
1 0 0 41
1 0 0 41
1 0 0 23
1 0 0 42
1 0 0 42
1 0 0 42
1 0 0 42
1 0 0 42
1 0 0 42
1 0 0 42
1 0 0 42
1 0 0 42
1 0 0 42
1 0 0 43
1 0 0 43
1 0 0 43
1 0 0 44
1 0 0 44
1 0 0 44
1 0 0 44
1 0 0 44
1 0 0 44
1 0 0 44
1 0 0 44
1 0 0 44
1 0 0 44
1 0 0 45
1 0 0 45
1 0 0 43
1 0 0 43
1 0 0 43
1 0 0 43
1 0 0 43
1 0 0 43
1 0 0 43
1 0 0 45
1 0 0 45
1 0 0 45
1 0 0 45
1 0 0 45
1 0 0 45
1 0 0 45
1 0 0 45
1 0 0 46
1 0 0 46
1 0 0 46
1 0 0 46
1 0 0 46
1 0 0 46
1 0 0 46
1 0 0 46
1 0 0 46
1 0 0 46
1 0 0 23
1 0 0 23
1 0 0 23
1 0 0 23
0.1 1 2 -1
0.1 4 5 -1
0.1 6 7 -1
0.1 462 463 -1
0.1 3 464 -1
0.1 461 465 -1
0.1 9 10 -1
0.1 8 467 -1
0.1 466 468 -1
0.1 12 13 -1
0.1 470 14 -1
0.1 11 471 -1
0.1 15 16 -1
0.1 17 18 -1
0.1 22 23 -1
0.1 21 475 -1
0.1 476 24 -1
0.1 25 26 -1
0.1 27 28 -1
0.1 478 479 -1
0.1 480 29 -1
0.1 477 481 -1
0.1 20 482 -1
0.1 19 483 -1
0.1 474 484 -1
0.1 30 31 -1
0.1 486 32 -1
0.1 35 36 -1
0.1 37 38 -1
0.1 488 489 -1
0.1 40 41 -1
0.1 42 43 -1
0.1 491 492 -1
0.1 39 493 -1
0.1 490 494 -1
0.1 34 495 -1
0.1 33 496 -1
0.1 46 47 -1
0.1 45 498 -1
0.1 48 49 -1
0.1 51 52 -1
0.1 50 501 -1
0.1 500 502 -1
0.1 499 503 -1
0.1 53 54 -1
0.1 504 505 -1
0.1 44 506 -1
0.1 497 507 -1
0.1 55 56 -1
0.1 508 509 -1
0.1 487 510 -1
0.1 485 511 -1
0.1 473 512 -1
0.1 472 513 -1
0.1 58 59 -1
0.1 61 62 -1
0.1 60 516 -1
0.1 65 66 -1
0.1 518 67 -1
0.1 64 519 -1
0.1 63 520 -1
0.1 517 521 -1
0.1 515 522 -1
0.1 68 69 -1
0.1 524 70 -1
0.1 74 75 -1
0.1 73 526 -1
0.1 72 527 -1
0.1 71 528 -1
0.1 525 529 -1
0.1 76 77 -1
0.1 530 531 -1
0.1 523 532 -1
0.1 57 533 -1
0.1 80 81 -1
0.1 79 535 -1
0.1 78 536 -1
0.1 82 83 -1
0.1 538 84 -1
0.1 539 85 -1
0.1 86 87 -1
0.1 540 541 -1
0.1 88 89 -1
0.1 91 92 -1
0.1 90 544 -1
0.1 545 93 -1
0.1 546 94 -1
0.1 543 547 -1
0.1 95 96 -1
0.1 549 97 -1
0.1 548 550 -1
0.1 542 551 -1
0.1 537 552 -1
0.1 98 99 -1
0.1 100 101 -1
0.1 554 555 -1
0.1 104 105 -1
0.1 103 557 -1
0.1 558 106 -1
0.1 559 107 -1
0.1 102 560 -1
0.1 556 561 -1
0.1 108 109 -1
0.1 111 112 -1
0.1 110 564 -1
0.1 113 114 -1
0.1 566 115 -1
0.1 565 567 -1
0.1 568 116 -1
0.1 563 569 -1
0.1 570 117 -1
0.1 562 571 -1
0.1 553 572 -1
0.1 534 573 -1
0.1 514 574 -1
0.1 118 119 -1
0.1 120 121 -1
0.1 122 123 -1
0.1 577 578 -1
0.1 126 127 -1
0.1 125 580 -1
0.1 581 128 -1
0.1 124 582 -1
0.1 579 583 -1
0.1 584 129 -1
0.1 585 130 -1
0.1 132 133 -1
0.1 131 587 -1
0.1 134 135 -1
0.1 588 589 -1
0.1 136 137 -1
0.1 138 139 -1
0.1 591 592 -1
0.1 593 140 -1
0.1 590 594 -1
0.1 142 143 -1
0.1 596 144 -1
0.1 145 146 -1
0.1 147 148 -1
0.1 599 149 -1
0.1 598 600 -1
0.1 150 151 -1
0.1 601 602 -1
0.1 597 603 -1
0.1 155 156 -1
0.1 154 605 -1
0.1 153 606 -1
0.1 152 607 -1
0.1 158 159 -1
0.1 157 609 -1
0.1 608 610 -1
0.1 160 161 -1
0.1 611 612 -1
0.1 604 613 -1
0.1 162 163 -1
0.1 614 615 -1
0.1 164 165 -1
0.1 166 167 -1
0.1 169 170 -1
0.1 171 172 -1
0.1 619 620 -1
0.1 168 621 -1
0.1 174 175 -1
0.1 173 623 -1
0.1 622 624 -1
0.1 618 625 -1
0.1 179 180 -1
0.1 181 182 -1
0.1 627 628 -1
0.1 178 629 -1
0.1 183 184 -1
0.1 185 186 -1
0.1 631 632 -1
0.1 630 633 -1
0.1 177 634 -1
0.1 188 189 -1
0.1 187 636 -1
0.1 190 191 -1
0.1 193 194 -1
0.1 192 639 -1
0.1 640 195 -1
0.1 638 641 -1
0.1 642 196 -1
0.1 637 643 -1
0.1 635 644 -1
0.1 176 645 -1
0.1 626 646 -1
0.1 617 647 -1
0.1 648 197 -1
0.1 616 649 -1
0.1 200 201 -1
0.1 199 651 -1
0.1 198 652 -1
0.1 650 653 -1
0.1 141 654 -1
0.1 595 655 -1
0.1 202 203 -1
0.1 657 204 -1
0.1 205 206 -1
0.1 208 209 -1
0.1 207 660 -1
0.1 210 211 -1
0.1 662 212 -1
0.1 663 213 -1
0.1 664 214 -1
0.1 661 665 -1
0.1 659 666 -1
0.1 215 216 -1
0.1 667 668 -1
0.1 658 669 -1
0.1 217 218 -1
0.1 219 220 -1
0.1 671 672 -1
0.1 670 673 -1
0.1 656 674 -1
0.1 586 675 -1
0.1 576 676 -1
0.1 575 677 -1
0.1 469 678 -1
0.1 679 221 -1
0.1 222 223 -1
0.1 227 228 -1
0.1 226 682 -1
0.1 683 229 -1
0.1 231 232 -1
0.1 230 685 -1
0.1 686 233 -1
0.1 684 687 -1
0.1 234 235 -1
0.1 688 689 -1
0.1 225 690 -1
0.1 224 691 -1
0.1 681 692 -1
0.1 236 237 -1
0.1 238 239 -1
0.1 694 695 -1
0.1 240 241 -1
0.1 697 242 -1
0.1 243 244 -1
0.1 246 247 -1
0.1 700 248 -1
0.1 249 250 -1
0.1 701 702 -1
0.1 245 703 -1
0.1 251 252 -1
0.1 253 254 -1
0.1 705 706 -1
0.1 704 707 -1
0.1 708 255 -1
0.1 699 709 -1
0.1 698 710 -1
0.1 696 711 -1
0.1 693 712 -1
0.1 257 258 -1
0.1 256 714 -1
0.1 260 261 -1
0.1 259 716 -1
0.1 715 717 -1
0.1 262 263 -1
0.1 718 719 -1
0.1 264 265 -1
0.1 720 721 -1
0.1 713 722 -1
0.1 268 269 -1
0.1 270 271 -1
0.1 273 274 -1
0.1 272 726 -1
0.1 725 727 -1
0.1 728 275 -1
0.1 276 277 -1
0.1 280 281 -1
0.1 282 283 -1
0.1 731 732 -1
0.1 284 285 -1
0.1 286 287 -1
0.1 290 291 -1
0.1 289 736 -1
0.1 288 737 -1
0.1 292 293 -1
0.1 738 739 -1
0.1 735 740 -1
0.1 734 741 -1
0.1 296 297 -1
0.1 295 743 -1
0.1 744 298 -1
0.1 299 300 -1
0.1 745 746 -1
0.1 301 302 -1
0.1 747 748 -1
0.1 294 749 -1
0.1 750 303 -1
0.1 742 751 -1
0.1 304 305 -1
0.1 752 753 -1
0.1 306 307 -1
0.1 308 309 -1
0.1 755 756 -1
0.1 310 311 -1
0.1 314 315 -1
0.1 313 759 -1
0.1 312 760 -1
0.1 758 761 -1
0.1 757 762 -1
0.1 317 318 -1
0.1 316 764 -1
0.1 319 320 -1
0.1 321 322 -1
0.1 766 767 -1
0.1 765 768 -1
0.1 769 323 -1
0.1 324 325 -1
0.1 770 771 -1
0.1 763 772 -1
0.1 754 773 -1
0.1 327 328 -1
0.1 326 775 -1
0.1 774 776 -1
0.1 733 777 -1
0.1 279 778 -1
0.1 779 329 -1
0.1 278 780 -1
0.1 730 781 -1
0.1 729 782 -1
0.1 724 783 -1
0.1 267 784 -1
0.1 330 331 -1
0.1 332 333 -1
0.1 335 336 -1
0.1 788 337 -1
0.1 338 339 -1
0.1 789 790 -1
0.1 334 791 -1
0.1 787 792 -1
0.1 793 340 -1
0.1 794 341 -1
0.1 343 344 -1
0.1 342 796 -1
0.1 797 345 -1
0.1 795 798 -1
0.1 786 799 -1
0.1 800 346 -1
0.1 801 347 -1
0.1 348 349 -1
0.1 802 803 -1
0.1 350 351 -1
0.1 804 805 -1
0.1 785 806 -1
0.1 353 354 -1
0.1 352 808 -1
0.1 809 355 -1
0.1 807 810 -1
0.1 266 811 -1
0.1 356 357 -1
0.1 813 358 -1
0.1 359 360 -1
0.1 814 815 -1
0.1 362 363 -1
0.1 361 817 -1
0.1 369 370 -1
0.1 819 371 -1
0.1 820 372 -1
0.1 368 821 -1
0.1 375 376 -1
0.1 823 377 -1
0.1 374 824 -1
0.1 373 825 -1
0.1 822 826 -1
0.1 367 827 -1
0.1 379 380 -1
0.1 378 829 -1
0.1 381 382 -1
0.1 384 385 -1
0.1 386 387 -1
0.1 832 833 -1
0.1 383 834 -1
0.1 831 835 -1
0.1 830 836 -1
0.1 837 388 -1
0.1 389 390 -1
0.1 838 839 -1
0.1 828 840 -1
0.1 391 392 -1
0.1 393 394 -1
0.1 842 843 -1
0.1 844 395 -1
0.1 841 845 -1
0.1 366 846 -1
0.1 365 847 -1
0.1 364 848 -1
0.1 818 849 -1
0.1 816 850 -1
0.1 396 397 -1
0.1 852 398 -1
0.1 399 400 -1
0.1 403 404 -1
0.1 402 855 -1
0.1 856 405 -1
0.1 401 857 -1
0.1 854 858 -1
0.1 853 859 -1
0.1 851 860 -1
0.1 861 406 -1
0.1 409 410 -1
0.1 408 863 -1
0.1 411 412 -1
0.1 415 416 -1
0.1 414 866 -1
0.1 413 867 -1
0.1 865 868 -1
0.1 864 869 -1
0.1 407 870 -1
0.1 417 418 -1
0.1 421 422 -1
0.1 420 873 -1
0.1 423 424 -1
0.1 425 426 -1
0.1 876 427 -1
0.1 428 429 -1
0.1 877 878 -1
0.1 875 879 -1
0.1 874 880 -1
0.1 419 881 -1
0.1 872 882 -1
0.1 432 433 -1
0.1 884 434 -1
0.1 435 436 -1
0.1 886 437 -1
0.1 887 438 -1
0.1 885 888 -1
0.1 889 439 -1
0.1 431 890 -1
0.1 440 441 -1
0.1 892 442 -1
0.1 891 893 -1
0.1 443 444 -1
0.1 895 445 -1
0.1 894 896 -1
0.1 897 446 -1
0.1 430 898 -1
0.1 449 450 -1
0.1 448 900 -1
0.1 451 452 -1
0.1 453 454 -1
0.1 902 903 -1
0.1 455 456 -1
0.1 904 905 -1
0.1 901 906 -1
0.1 447 907 -1
0.1 899 908 -1
0.1 883 909 -1
0.1 457 458 -1
0.1 910 911 -1
0.1 459 460 -1
0.1 912 913 -1
0.1 871 914 -1
0.1 862 915 -1
0.1 812 916 -1
0.1 723 917 -1
0.1 680 918 -1
