1 0 0 1
1 0 0 1
1 0 0 1
1 0 0 1
1 0 0 1
1 0 0 1
1 0 0 1
1 0 0 1
1 0 0 1
1 0 0 1
1 0 0 1
1 0 0 1
1 0 0 1
1 0 0 1
1 0 0 1
1 0 0 1
1 0 0 1
1 0 0 1
1 0 0 1
1 0 0 1
1 0 0 1
1 0 0 1
1 0 0 1
1 0 0 1
1 0 0 1
1 0 0 1
1 0 0 1
1 0 0 1
1 0 0 1
1 0 0 1
1 0 0 1
1 0 0 1
1 0 0 1
1 0 0 1
1 0 0 1
1 0 0 1
1 0 0 1
1 0 0 1
1 0 0 1
1 0 0 1
1 0 0 1
1 0 0 1
1 0 0 1
1 0 0 1
1 0 0 1
1 0 0 1
1 0 0 1
1 0 0 1
1 0 0 1
1 0 0 1
1 0 0 1
1 0 0 1
1 0 0 2
1 0 0 2
1 0 0 2
1 0 0 2
1 0 0 2
1 0 0 2
1 0 0 2
1 0 0 2
1 0 0 2
1 0 0 2
1 0 0 2
1 0 0 2
1 0 0 2
1 0 0 2
1 0 0 2
1 0 0 2
1 0 0 2
1 0 0 1
1 0 0 1
1 0 0 1
1 0 0 1
1 0 0 1
0.1 6 7 -1
0.1 8 9 -1
0.1 11 12 -1
0.1 77 13 -1
0.1 78 14 -1
0.1 79 15 -1
0.1 80 16 -1
0.1 81 17 -1
0.1 10 82 -1
0.1 76 83 -1
0.1 75 84 -1
0.1 22 23 -1
0.1 24 25 -1
0.1 86 87 -1
0.1 88 26 -1
0.1 89 27 -1
0.1 21 90 -1
0.1 28 29 -1
0.1 92 30 -1
0.1 91 93 -1
0.1 20 94 -1
0.1 19 95 -1
0.1 18 96 -1
0.1 97 31 -1
0.1 85 98 -1
0.1 5 99 -1
0.1 4 100 -1
0.1 3 101 -1
0.1 2 102 -1
0.1 32 33 -1
0.1 103 104 -1
0.1 105 34 -1
0.1 1 106 -1
0.1 37 38 -1
0.1 36 108 -1
0.1 109 39 -1
0.1 35 110 -1
0.1 111 40 -1
0.1 42 43 -1
0.1 41 113 -1
0.1 46 47 -1
0.1 48 49 -1
0.1 115 116 -1
0.1 51 52 -1
0.1 50 118 -1
0.1 117 119 -1
0.1 45 120 -1
0.1 54 55 -1
0.1 56 57 -1
0.1 59 60 -1
0.1 58 124 -1
0.1 61 62 -1
0.1 125 126 -1
0.1 123 127 -1
0.1 122 128 -1
0.1 129 63 -1
0.1 64 65 -1
0.1 131 66 -1
0.1 67 68 -1
0.1 132 133 -1
0.1 130 134 -1
0.1 53 135 -1
0.1 136 69 -1
0.1 137 70 -1
0.1 71 72 -1
0.1 138 139 -1
0.1 121 140 -1
0.1 73 74 -1
0.1 141 142 -1
0.1 44 143 -1
0.1 114 144 -1
0.1 112 145 -1
0.1 107 146 -1
