1 0 0 1
1 0 0 2
1 0 0 2
1 0 0 3
1 0 0 3
1 0 0 3
1 0 0 3
1 0 0 3
1 0 0 3
1 0 0 3
1 0 0 3
1 0 0 3
1 0 0 3
1 0 0 2
1 0 0 2
1 0 0 2
1 0 0 2
1 0 0 2
1 0 0 2
1 0 0 2
1 0 0 2
1 0 0 1
1 0 0 1
1 0 0 1
1 0 0 1
1 0 0 1
1 0 0 1
1 0 0 1
1 0 0 1
1 0 0 1
1 0 0 4
1 0 0 4
1 0 0 4
1 0 0 5
1 0 0 5
1 0 0 5
1 0 0 5
1 0 0 5
1 0 0 5
1 0 0 5
1 0 0 5
1 0 0 5
1 0 0 5
1 0 0 6
1 0 0 6
1 0 0 6
1 0 0 6
1 0 0 6
1 0 0 6
1 0 0 6
1 0 0 6
1 0 0 6
1 0 0 6
1 0 0 7
1 0 0 7
1 0 0 7
1 0 0 7
1 0 0 7
1 0 0 7
1 0 0 7
1 0 0 7
1 0 0 7
1 0 0 7
1 0 0 4
1 0 0 4
1 0 0 8
1 0 0 8
1 0 0 8
1 0 0 8
1 0 0 9
1 0 0 9
1 0 0 9
1 0 0 9
1 0 0 9
1 0 0 9
1 0 0 9
1 0 0 9
1 0 0 9
1 0 0 9
1 0 0 8
1 0 0 8
1 0 0 8
1 0 0 8
1 0 0 10
1 0 0 10
1 0 0 10
1 0 0 8
1 0 0 8
1 0 0 10
1 0 0 10
1 0 0 10
1 0 0 10
1 0 0 10
1 0 0 10
1 0 0 10
1 0 0 4
1 0 0 4
1 0 0 4
1 0 0 11
1 0 0 11
1 0 0 11
1 0 0 11
1 0 0 11
1 0 0 11
1 0 0 11
1 0 0 11
1 0 0 11
1 0 0 11
1 0 0 12
1 0 0 4
1 0 0 12
1 0 0 12
1 0 0 12
1 0 0 12
1 0 0 12
1 0 0 12
1 0 0 12
1 0 0 12
1 0 0 12
1 0 0 13
1 0 0 13
1 0 0 13
1 0 0 13
1 0 0 13
1 0 0 13
1 0 0 13
1 0 0 13
1 0 0 13
1 0 0 13
1 0 0 14
1 0 0 14
1 0 0 15
1 0 0 15
1 0 0 15
1 0 0 15
1 0 0 15
1 0 0 15
1 0 0 15
1 0 0 15
1 0 0 15
1 0 0 15
1 0 0 16
1 0 0 16
1 0 0 16
1 0 0 16
1 0 0 16
1 0 0 16
1 0 0 16
1 0 0 16
1 0 0 16
1 0 0 16
1 0 0 14
1 0 0 14
1 0 0 17
1 0 0 17
1 0 0 17
1 0 0 17
1 0 0 17
1 0 0 17
1 0 0 17
1 0 0 17
1 0 0 17
1 0 0 17
1 0 0 14
1 0 0 14
1 0 0 14
1 0 0 18
1 0 0 18
1 0 0 18
1 0 0 18
1 0 0 18
1 0 0 18
1 0 0 18
1 0 0 18
1 0 0 18
1 0 0 18
1 0 0 14
1 0 0 14
1 0 0 14
1 0 0 4
1 0 0 19
1 0 0 20
1 0 0 20
1 0 0 20
1 0 0 20
1 0 0 20
1 0 0 20
1 0 0 20
1 0 0 20
1 0 0 20
1 0 0 20
1 0 0 19
1 0 0 19
1 0 0 19
1 0 0 21
1 0 0 21
1 0 0 21
1 0 0 21
1 0 0 21
1 0 0 21
1 0 0 21
1 0 0 22
1 0 0 21
1 0 0 22
1 0 0 22
1 0 0 22
1 0 0 22
1 0 0 22
1 0 0 22
1 0 0 22
1 0 0 22
1 0 0 22
1 0 0 23
1 0 0 23
1 0 0 24
1 0 0 24
1 0 0 24
1 0 0 24
1 0 0 24
1 0 0 24
1 0 0 24
1 0 0 24
1 0 0 24
1 0 0 24
1 0 0 25
1 0 0 25
1 0 0 25
1 0 0 25
1 0 0 25
1 0 0 25
1 0 0 25
1 0 0 25
1 0 0 25
1 0 0 25
1 0 0 26
1 0 0 26
1 0 0 26
1 0 0 26
1 0 0 26
1 0 0 26
1 0 0 26
1 0 0 26
1 0 0 26
1 0 0 26
1 0 0 27
1 0 0 27
1 0 0 27
1 0 0 27
1 0 0 27
1 0 0 27
1 0 0 27
1 0 0 27
1 0 0 27
1 0 0 27
1 0 0 28
1 0 0 28
1 0 0 28
1 0 0 28
1 0 0 28
1 0 0 28
1 0 0 28
1 0 0 28
1 0 0 23
1 0 0 23
1 0 0 29
1 0 0 29
1 0 0 29
1 0 0 29
1 0 0 29
1 0 0 29
1 0 0 29
1 0 0 29
1 0 0 29
1 0 0 29
1 0 0 28
1 0 0 28
1 0 0 30
1 0 0 30
1 0 0 30
1 0 0 30
1 0 0 30
1 0 0 30
1 0 0 30
1 0 0 30
1 0 0 30
1 0 0 30
1 0 0 31
1 0 0 31
1 0 0 31
1 0 0 31
1 0 0 31
1 0 0 31
1 0 0 31
1 0 0 31
1 0 0 31
1 0 0 31
1 0 0 32
1 0 0 32
1 0 0 33
1 0 0 33
1 0 0 33
1 0 0 33
1 0 0 33
1 0 0 33
1 0 0 32
1 0 0 32
1 0 0 32
1 0 0 32
1 0 0 32
1 0 0 32
1 0 0 32
1 0 0 32
1 0 0 23
1 0 0 23
1 0 0 23
1 0 0 34
1 0 0 34
1 0 0 34
1 0 0 34
1 0 0 34
1 0 0 34
1 0 0 34
1 0 0 34
1 0 0 34
1 0 0 34
1 0 0 23
1 0 0 23
1 0 0 23
1 0 0 35
1 0 0 35
1 0 0 35
1 0 0 35
1 0 0 35
1 0 0 35
1 0 0 35
1 0 0 35
1 0 0 35
1 0 0 35
1 0 0 33
1 0 0 33
1 0 0 33
1 0 0 33
1 0 0 36
1 0 0 36
1 0 0 36
1 0 0 36
1 0 0 36
1 0 0 36
1 0 0 36
1 0 0 36
1 0 0 36
1 0 0 36
1 0 0 21
1 0 0 21
1 0 0 19
1 0 0 19
1 0 0 37
1 0 0 19
1 0 0 37
1 0 0 37
1 0 0 37
1 0 0 37
1 0 0 37
1 0 0 19
1 0 0 37
1 0 0 37
1 0 0 37
1 0 0 37
1 0 0 38
1 0 0 38
1 0 0 38
1 0 0 38
1 0 0 38
1 0 0 38
1 0 0 38
1 0 0 38
1 0 0 38
1 0 0 38
1 0 0 19
1 0 0 19
1 0 0 39
1 0 0 39
1 0 0 39
1 0 0 39
1 0 0 39
1 0 0 39
1 0 0 39
1 0 0 40
1 0 0 41
1 0 0 41
1 0 0 41
1 0 0 42
1 0 0 42
1 0 0 42
1 0 0 42
1 0 0 42
1 0 0 39
1 0 0 41
1 0 0 40
1 0 0 40
1 0 0 40
1 0 0 40
1 0 0 40
1 0 0 40
1 0 0 40
1 0 0 40
1 0 0 40
1 0 0 43
1 0 0 43
1 0 0 43
1 0 0 43
1 0 0 43
1 0 0 43
1 0 0 43
1 0 0 41
1 0 0 41
1 0 0 43
1 0 0 43
1 0 0 43
1 0 0 42
1 0 0 42
1 0 0 42
1 0 0 42
1 0 0 42
1 0 0 44
1 0 0 44
1 0 0 44
1 0 0 44
1 0 0 44
1 0 0 44
1 0 0 44
1 0 0 44
1 0 0 44
1 0 0 44
1 0 0 41
1 0 0 41
1 0 0 39
1 0 0 39
1 0 0 45
1 0 0 45
1 0 0 45
1 0 0 45
1 0 0 45
1 0 0 45
1 0 0 45
1 0 0 45
1 0 0 45
1 0 0 45
1 0 0 46
1 0 0 46
1 0 0 46
1 0 0 46
1 0 0 46
1 0 0 46
1 0 0 46
1 0 0 46
1 0 0 46
1 0 0 46
1 0 0 47
1 0 0 47
1 0 0 47
1 0 0 47
1 0 0 47
1 0 0 47
1 0 0 47
1 0 0 47
1 0 0 47
1 0 0 47
1 0 0 48
1 0 0 48
1 0 0 48
1 0 0 48
1 0 0 48
1 0 0 48
1 0 0 48
1 0 0 48
1 0 0 48
1 0 0 48
1 0 0 49
1 0 0 49
1 0 0 49
1 0 0 49
1 0 0 49
1 0 0 49
1 0 0 49
1 0 0 49
1 0 0 49
1 0 0 49
1 0 0 41
1 0 0 41
1 0 0 50
1 0 0 51
1 0 0 51
1 0 0 51
1 0 0 51
1 0 0 51
1 0 0 51
1 0 0 51
1 0 0 51
1 0 0 51
1 0 0 51
1 0 0 52
1 0 0 52
1 0 0 52
1 0 0 52
1 0 0 52
1 0 0 52
1 0 0 52
1 0 0 52
1 0 0 52
1 0 0 52
1 0 0 50
1 0 0 53
1 0 0 53
1 0 0 53
1 0 0 54
1 0 0 54
1 0 0 54
1 0 0 54
1 0 0 54
1 0 0 54
1 0 0 54
1 0 0 54
1 0 0 54
1 0 0 54
1 0 0 53
1 0 0 53
1 0 0 53
1 0 0 53
1 0 0 53
1 0 0 53
1 0 0 53
1 0 0 55
1 0 0 55
1 0 0 55
1 0 0 55
1 0 0 55
1 0 0 55
1 0 0 55
1 0 0 56
1 0 0 56
1 0 0 56
1 0 0 57
1 0 0 56
1 0 0 56
1 0 0 56
1 0 0 56
1 0 0 56
1 0 0 56
1 0 0 57
1 0 0 57
1 0 0 57
1 0 0 57
1 0 0 57
1 0 0 57
1 0 0 57
1 0 0 57
1 0 0 57
1 0 0 58
1 0 0 58
1 0 0 58
1 0 0 58
1 0 0 58
1 0 0 58
1 0 0 58
1 0 0 58
1 0 0 58
1 0 0 58
1 0 0 56
1 0 0 55
1 0 0 55
1 0 0 55
1 0 0 50
1 0 0 59
1 0 0 59
1 0 0 59
1 0 0 59
1 0 0 59
1 0 0 59
1 0 0 59
1 0 0 59
1 0 0 59
1 0 0 59
1 0 0 50
1 0 0 50
1 0 0 50
1 0 0 60
1 0 0 60
1 0 0 60
1 0 0 60
1 0 0 60
1 0 0 60
1 0 0 60
1 0 0 60
1 0 0 60
1 0 0 60
1 0 0 61
1 0 0 61
1 0 0 61
1 0 0 61
1 0 0 61
1 0 0 61
1 0 0 61
1 0 0 61
1 0 0 61
1 0 0 61
1 0 0 62
1 0 0 62
1 0 0 62
1 0 0 62
1 0 0 62
1 0 0 62
1 0 0 62
1 0 0 62
1 0 0 62
1 0 0 62
1 0 0 50
1 0 0 50
1 0 0 50
1 0 0 63
1 0 0 63
1 0 0 63
1 0 0 63
1 0 0 63
1 0 0 63
1 0 0 63
1 0 0 63
1 0 0 63
1 0 0 63
1 0 0 64
1 0 0 64
1 0 0 64
1 0 0 64
1 0 0 64
1 0 0 64
1 0 0 64
1 0 0 64
1 0 0 64
1 0 0 64
1 0 0 65
1 0 0 65
1 0 0 65
1 0 0 65
1 0 0 65
1 0 0 65
1 0 0 65
1 0 0 65
1 0 0 65
1 0 0 65
1 0 0 50
0.1 2 3 -1
0.1 5 6 -1
0.1 7 8 -1
0.1 653 9 -1
0.1 654 10 -1
0.1 652 655 -1
0.1 4 656 -1
0.1 11 12 -1
0.1 658 13 -1
0.1 657 659 -1
0.1 14 15 -1
0.1 660 661 -1
0.1 17 18 -1
0.1 16 663 -1
0.1 662 664 -1
0.1 20 21 -1
0.1 19 666 -1
0.1 665 667 -1
0.1 651 668 -1
0.1 22 23 -1
0.1 670 24 -1
0.1 671 25 -1
0.1 669 672 -1
0.1 26 27 -1
0.1 29 30 -1
0.1 28 675 -1
0.1 674 676 -1
0.1 673 677 -1
0.1 1 678 -1
0.1 31 32 -1
0.1 35 36 -1
0.1 37 38 -1
0.1 682 39 -1
0.1 40 41 -1
0.1 684 42 -1
0.1 683 685 -1
0.1 681 686 -1
0.1 687 43 -1
0.1 34 688 -1
0.1 33 689 -1
0.1 680 690 -1
0.1 44 45 -1
0.1 49 50 -1
0.1 48 693 -1
0.1 52 53 -1
0.1 51 695 -1
0.1 694 696 -1
0.1 47 697 -1
0.1 46 698 -1
0.1 692 699 -1
0.1 54 55 -1
0.1 700 701 -1
0.1 56 57 -1
0.1 58 59 -1
0.1 704 60 -1
0.1 703 705 -1
0.1 702 706 -1
0.1 61 62 -1
0.1 708 63 -1
0.1 707 709 -1
0.1 67 68 -1
0.1 66 711 -1
0.1 70 71 -1
0.1 73 74 -1
0.1 72 714 -1
0.1 713 715 -1
0.1 69 716 -1
0.1 75 76 -1
0.1 718 77 -1
0.1 78 79 -1
0.1 719 720 -1
0.1 717 721 -1
0.1 712 722 -1
0.1 81 82 -1
0.1 80 724 -1
0.1 723 725 -1
0.1 85 86 -1
0.1 84 727 -1
0.1 87 88 -1
0.1 728 729 -1
0.1 90 91 -1
0.1 89 731 -1
0.1 732 92 -1
0.1 93 94 -1
0.1 733 734 -1
0.1 735 95 -1
0.1 730 736 -1
0.1 83 737 -1
0.1 726 738 -1
0.1 96 97 -1
0.1 739 740 -1
0.1 102 103 -1
0.1 105 106 -1
0.1 104 743 -1
0.1 742 744 -1
0.1 101 745 -1
0.1 100 746 -1
0.1 99 747 -1
0.1 107 108 -1
0.1 748 749 -1
0.1 109 110 -1
0.1 750 751 -1
0.1 112 113 -1
0.1 753 114 -1
0.1 111 754 -1
0.1 116 117 -1
0.1 115 756 -1
0.1 755 757 -1
0.1 758 118 -1
0.1 759 119 -1
0.1 120 121 -1
0.1 124 125 -1
0.1 123 762 -1
0.1 122 763 -1
0.1 761 764 -1
0.1 127 128 -1
0.1 126 766 -1
0.1 767 129 -1
0.1 765 768 -1
0.1 130 131 -1
0.1 769 770 -1
0.1 133 134 -1
0.1 135 136 -1
0.1 138 139 -1
0.1 137 774 -1
0.1 140 141 -1
0.1 775 776 -1
0.1 773 777 -1
0.1 772 778 -1
0.1 132 779 -1
0.1 142 143 -1
0.1 146 147 -1
0.1 145 782 -1
0.1 144 783 -1
0.1 781 784 -1
0.1 150 151 -1
0.1 149 786 -1
0.1 148 787 -1
0.1 785 788 -1
0.1 780 789 -1
0.1 159 160 -1
0.1 158 791 -1
0.1 162 163 -1
0.1 161 793 -1
0.1 792 794 -1
0.1 157 795 -1
0.1 156 796 -1
0.1 155 797 -1
0.1 154 798 -1
0.1 153 799 -1
0.1 152 800 -1
0.1 790 801 -1
0.1 771 802 -1
0.1 172 173 -1
0.1 171 804 -1
0.1 170 805 -1
0.1 806 174 -1
0.1 807 175 -1
0.1 169 808 -1
0.1 809 176 -1
0.1 168 810 -1
0.1 167 811 -1
0.1 166 812 -1
0.1 165 813 -1
0.1 164 814 -1
0.1 177 178 -1
0.1 815 816 -1
0.1 817 179 -1
0.1 803 818 -1
0.1 760 819 -1
0.1 820 180 -1
0.1 752 821 -1
0.1 98 822 -1
0.1 741 823 -1
0.1 182 183 -1
0.1 825 184 -1
0.1 185 186 -1
0.1 187 188 -1
0.1 827 828 -1
0.1 829 189 -1
0.1 826 830 -1
0.1 831 190 -1
0.1 832 191 -1
0.1 193 194 -1
0.1 192 834 -1
0.1 833 835 -1
0.1 195 196 -1
0.1 197 198 -1
0.1 200 201 -1
0.1 199 839 -1
0.1 838 840 -1
0.1 837 841 -1
0.1 204 205 -1
0.1 843 206 -1
0.1 208 209 -1
0.1 207 845 -1
0.1 844 846 -1
0.1 210 211 -1
0.1 848 212 -1
0.1 847 849 -1
0.1 203 850 -1
0.1 202 851 -1
0.1 213 214 -1
0.1 216 217 -1
0.1 854 218 -1
0.1 221 222 -1
0.1 856 223 -1
0.1 857 224 -1
0.1 220 858 -1
0.1 219 859 -1
0.1 855 860 -1
0.1 215 861 -1
0.1 853 862 -1
0.1 225 226 -1
0.1 228 229 -1
0.1 865 230 -1
0.1 866 231 -1
0.1 867 232 -1
0.1 868 233 -1
0.1 227 869 -1
0.1 870 234 -1
0.1 864 871 -1
0.1 863 872 -1
0.1 236 237 -1
0.1 874 238 -1
0.1 235 875 -1
0.1 239 240 -1
0.1 241 242 -1
0.1 243 244 -1
0.1 878 879 -1
0.1 877 880 -1
0.1 876 881 -1
0.1 245 246 -1
0.1 247 248 -1
0.1 250 251 -1
0.1 249 885 -1
0.1 884 886 -1
0.1 253 254 -1
0.1 252 888 -1
0.1 255 256 -1
0.1 257 258 -1
0.1 259 260 -1
0.1 261 262 -1
0.1 892 893 -1
0.1 891 894 -1
0.1 890 895 -1
0.1 889 896 -1
0.1 887 897 -1
0.1 883 898 -1
0.1 263 264 -1
0.1 267 268 -1
0.1 266 901 -1
0.1 269 270 -1
0.1 903 271 -1
0.1 902 904 -1
0.1 265 905 -1
0.1 273 274 -1
0.1 272 907 -1
0.1 906 908 -1
0.1 900 909 -1
0.1 275 276 -1
0.1 278 279 -1
0.1 277 912 -1
0.1 280 281 -1
0.1 914 282 -1
0.1 285 286 -1
0.1 284 916 -1
0.1 283 917 -1
0.1 915 918 -1
0.1 913 919 -1
0.1 911 920 -1
0.1 910 921 -1
0.1 899 922 -1
0.1 882 923 -1
0.1 873 924 -1
0.1 290 291 -1
0.1 294 295 -1
0.1 293 927 -1
0.1 928 296 -1
0.1 292 929 -1
0.1 926 930 -1
0.1 289 931 -1
0.1 288 932 -1
0.1 287 933 -1
0.1 925 934 -1
0.1 852 935 -1
0.1 297 298 -1
0.1 299 300 -1
0.1 938 301 -1
0.1 302 303 -1
0.1 940 304 -1
0.1 939 941 -1
0.1 937 942 -1
0.1 305 306 -1
0.1 944 307 -1
0.1 308 309 -1
0.1 310 311 -1
0.1 947 312 -1
0.1 946 948 -1
0.1 945 949 -1
0.1 313 314 -1
0.1 951 315 -1
0.1 317 318 -1
0.1 953 319 -1
0.1 321 322 -1
0.1 955 323 -1
0.1 320 956 -1
0.1 957 324 -1
0.1 958 325 -1
0.1 954 959 -1
0.1 316 960 -1
0.1 952 961 -1
0.1 326 327 -1
0.1 333 334 -1
0.1 332 964 -1
0.1 331 965 -1
0.1 330 966 -1
0.1 337 338 -1
0.1 336 968 -1
0.1 335 969 -1
0.1 967 970 -1
0.1 329 971 -1
0.1 328 972 -1
0.1 963 973 -1
0.1 339 340 -1
0.1 341 342 -1
0.1 975 976 -1
0.1 974 977 -1
0.1 962 978 -1
0.1 950 979 -1
0.1 943 980 -1
0.1 344 345 -1
0.1 346 347 -1
0.1 983 348 -1
0.1 984 349 -1
0.1 982 985 -1
0.1 351 352 -1
0.1 350 987 -1
0.1 986 988 -1
0.1 343 989 -1
0.1 981 990 -1
0.1 936 991 -1
0.1 992 353 -1
0.1 993 354 -1
0.1 842 994 -1
0.1 995 355 -1
0.1 836 996 -1
0.1 181 997 -1
0.1 359 360 -1
0.1 361 362 -1
0.1 1000 363 -1
0.1 999 1001 -1
0.1 358 1002 -1
0.1 367 368 -1
0.1 366 1004 -1
0.1 365 1005 -1
0.1 364 1006 -1
0.1 1003 1007 -1
0.1 357 1008 -1
0.1 373 374 -1
0.1 375 376 -1
0.1 1011 377 -1
0.1 1010 1012 -1
0.1 372 1013 -1
0.1 371 1014 -1
0.1 1015 378 -1
0.1 370 1016 -1
0.1 369 1017 -1
0.1 379 380 -1
0.1 1018 1019 -1
0.1 1009 1020 -1
0.1 356 1021 -1
0.1 998 1022 -1
0.1 824 1023 -1
0.1 65 1024 -1
0.1 64 1025 -1
0.1 710 1026 -1
0.1 691 1027 -1
0.1 679 1028 -1
0.1 381 382 -1
0.1 384 385 -1
0.1 1031 386 -1
0.1 383 1032 -1
0.1 1033 387 -1
0.1 1030 1034 -1
0.1 1035 388 -1
0.1 1036 389 -1
0.1 390 391 -1
0.1 392 393 -1
0.1 394 395 -1
0.1 1039 1040 -1
0.1 396 397 -1
0.1 1041 1042 -1
0.1 398 399 -1
0.1 1043 1044 -1
0.1 1038 1045 -1
0.1 1037 1046 -1
0.1 400 401 -1
0.1 402 403 -1
0.1 1049 404 -1
0.1 405 406 -1
0.1 1050 1051 -1
0.1 1052 407 -1
0.1 1048 1053 -1
0.1 408 409 -1
0.1 410 411 -1
0.1 412 413 -1
0.1 1057 414 -1
0.1 1056 1058 -1
0.1 1055 1059 -1
0.1 1060 415 -1
0.1 418 419 -1
0.1 417 1062 -1
0.1 421 422 -1
0.1 420 1064 -1
0.1 423 424 -1
0.1 1065 1066 -1
0.1 1063 1067 -1
0.1 426 427 -1
0.1 425 1069 -1
0.1 428 429 -1
0.1 431 432 -1
0.1 1072 433 -1
0.1 430 1073 -1
0.1 1074 434 -1
0.1 1071 1075 -1
0.1 1070 1076 -1
0.1 1077 435 -1
0.1 1068 1078 -1
0.1 1079 436 -1
0.1 416 1080 -1
0.1 1061 1081 -1
0.1 1054 1082 -1
0.1 1047 1083 -1
0.1 437 438 -1
0.1 440 441 -1
0.1 439 1086 -1
0.1 444 445 -1
0.1 446 447 -1
0.1 1089 448 -1
0.1 1088 1090 -1
0.1 443 1091 -1
0.1 442 1092 -1
0.1 1087 1093 -1
0.1 1085 1094 -1
0.1 449 450 -1
0.1 451 452 -1
0.1 1096 1097 -1
0.1 1098 453 -1
0.1 454 455 -1
0.1 457 458 -1
0.1 456 1101 -1
0.1 1100 1102 -1
0.1 1099 1103 -1
0.1 459 460 -1
0.1 461 462 -1
0.1 463 464 -1
0.1 1106 1107 -1
0.1 465 466 -1
0.1 1108 1109 -1
0.1 1105 1110 -1
0.1 1111 467 -1
0.1 1104 1112 -1
0.1 471 472 -1
0.1 470 1114 -1
0.1 1115 473 -1
0.1 469 1116 -1
0.1 474 475 -1
0.1 1117 1118 -1
0.1 468 1119 -1
0.1 481 482 -1
0.1 480 1121 -1
0.1 479 1122 -1
0.1 485 486 -1
0.1 484 1124 -1
0.1 487 488 -1
0.1 1125 1126 -1
0.1 483 1127 -1
0.1 1123 1128 -1
0.1 478 1129 -1
0.1 477 1130 -1
0.1 476 1131 -1
0.1 1120 1132 -1
0.1 1113 1133 -1
0.1 1134 489 -1
0.1 1135 490 -1
0.1 1095 1136 -1
0.1 1084 1137 -1
0.1 492 493 -1
0.1 496 497 -1
0.1 495 1140 -1
0.1 494 1141 -1
0.1 499 500 -1
0.1 498 1143 -1
0.1 1142 1144 -1
0.1 1145 501 -1
0.1 1139 1146 -1
0.1 491 1147 -1
0.1 503 504 -1
0.1 502 1149 -1
0.1 505 506 -1
0.1 1150 1151 -1
0.1 509 510 -1
0.1 508 1153 -1
0.1 507 1154 -1
0.1 1152 1155 -1
0.1 1156 511 -1
0.1 1157 512 -1
0.1 1148 1158 -1
0.1 513 514 -1
0.1 1160 515 -1
0.1 518 519 -1
0.1 1162 520 -1
0.1 524 525 -1
0.1 523 1164 -1
0.1 522 1165 -1
0.1 521 1166 -1
0.1 1163 1167 -1
0.1 517 1168 -1
0.1 516 1169 -1
0.1 1170 526 -1
0.1 1161 1171 -1
0.1 527 528 -1
0.1 1173 529 -1
0.1 1174 530 -1
0.1 531 532 -1
0.1 1175 1176 -1
0.1 1172 1177 -1
0.1 533 534 -1
0.1 1179 535 -1
0.1 1180 536 -1
0.1 538 539 -1
0.1 537 1182 -1
0.1 1181 1183 -1
0.1 541 542 -1
0.1 540 1185 -1
0.1 1186 543 -1
0.1 1187 544 -1
0.1 545 546 -1
0.1 548 549 -1
0.1 547 1190 -1
0.1 1189 1191 -1
0.1 551 552 -1
0.1 550 1193 -1
0.1 1194 553 -1
0.1 1195 554 -1
0.1 555 556 -1
0.1 1196 1197 -1
0.1 557 558 -1
0.1 1198 1199 -1
0.1 1192 1200 -1
0.1 559 560 -1
0.1 1202 561 -1
0.1 1203 562 -1
0.1 1204 563 -1
0.1 565 566 -1
0.1 1206 567 -1
0.1 564 1207 -1
0.1 1205 1208 -1
0.1 568 569 -1
0.1 1209 1210 -1
0.1 1201 1211 -1
0.1 1188 1212 -1
0.1 1184 1213 -1
0.1 570 571 -1
0.1 1215 572 -1
0.1 1214 1216 -1
0.1 1178 1217 -1
0.1 1218 573 -1
0.1 575 576 -1
0.1 574 1220 -1
0.1 577 578 -1
0.1 579 580 -1
0.1 1223 581 -1
0.1 1222 1224 -1
0.1 1221 1225 -1
0.1 582 583 -1
0.1 1226 1227 -1
0.1 1228 584 -1
0.1 1219 1229 -1
0.1 1159 1230 -1
0.1 588 589 -1
0.1 1232 590 -1
0.1 587 1233 -1
0.1 592 593 -1
0.1 1235 594 -1
0.1 591 1236 -1
0.1 1234 1237 -1
0.1 595 596 -1
0.1 1238 1239 -1
0.1 597 598 -1
0.1 1241 599 -1
0.1 601 602 -1
0.1 600 1243 -1
0.1 1244 603 -1
0.1 604 605 -1
0.1 1246 606 -1
0.1 1245 1247 -1
0.1 1242 1248 -1
0.1 607 608 -1
0.1 610 611 -1
0.1 609 1251 -1
0.1 612 613 -1
0.1 1252 1253 -1
0.1 614 615 -1
0.1 1254 1255 -1
0.1 1256 616 -1
0.1 1250 1257 -1
0.1 1249 1258 -1
0.1 1240 1259 -1
0.1 1260 617 -1
0.1 1261 618 -1
0.1 586 1262 -1
0.1 585 1263 -1
0.1 620 621 -1
0.1 622 623 -1
0.1 624 625 -1
0.1 1266 1267 -1
0.1 1265 1268 -1
0.1 626 627 -1
0.1 1270 628 -1
0.1 1269 1271 -1
0.1 1272 629 -1
0.1 631 632 -1
0.1 630 1274 -1
0.1 633 634 -1
0.1 1275 1276 -1
0.1 636 637 -1
0.1 638 639 -1
0.1 1278 1279 -1
0.1 635 1280 -1
0.1 1277 1281 -1
0.1 1273 1282 -1
0.1 619 1283 -1
0.1 1264 1284 -1
0.1 1231 1285 -1
0.1 640 641 -1
0.1 642 643 -1
0.1 1288 644 -1
0.1 1289 645 -1
0.1 646 647 -1
0.1 1290 1291 -1
0.1 1292 648 -1
0.1 1287 1293 -1
0.1 1294 649 -1
0.1 1295 650 -1
0.1 1286 1296 -1
0.1 1138 1297 -1
0.1 1029 1298 -1
