1 0 0 1
1 0 0 2
1 0 0 2
1 0 0 2
1 0 0 2
1 0 0 2
1 0 0 3
1 0 0 3
1 0 0 3
1 0 0 3
1 0 0 4
1 0 0 4
1 0 0 4
1 0 0 4
1 0 0 5
1 0 0 6
1 0 0 6
1 0 0 6
1 0 0 6
1 0 0 6
1 0 0 7
1 0 0 7
1 0 0 7
1 0 0 7
1 0 0 7
1 0 0 5
1 0 0 5
1 0 0 5
1 0 0 5
1 0 0 8
1 0 0 8
1 0 0 8
1 0 0 8
1 0 0 8
1 0 0 9
1 0 0 9
1 0 0 9
1 0 0 9
1 0 0 9
1 0 0 4
1 0 0 10
1 0 0 10
1 0 0 11
1 0 0 11
1 0 0 11
1 0 0 11
1 0 0 11
1 0 0 10
1 0 0 10
1 0 0 10
1 0 0 3
1 0 0 12
1 0 0 13
1 0 0 13
1 0 0 13
1 0 0 13
1 0 0 13
1 0 0 12
1 0 0 12
1 0 0 14
1 0 0 14
1 0 0 14
1 0 0 14
1 0 0 14
1 0 0 12
1 0 0 12
1 0 0 15
1 0 0 1
1 0 0 16
1 0 0 16
1 0 0 16
1 0 0 16
1 0 0 16
1 0 0 17
1 0 0 17
1 0 0 15
1 0 0 15
1 0 0 15
1 0 0 15
1 0 0 17
1 0 0 1
1 0 0 1
1 0 0 1
1 0 0 18
1 0 0 18
1 0 0 19
1 0 0 19
1 0 0 19
1 0 0 19
1 0 0 19
1 0 0 20
1 0 0 18
1 0 0 20
1 0 0 20
1 0 0 20
1 0 0 20
1 0 0 18
1 0 0 21
1 0 0 21
1 0 0 21
1 0 0 21
1 0 0 21
1 0 0 18
1 0 0 17
1 0 0 17
0.1 4 5 -1
0.1 106 6 -1
0.1 3 107 -1
0.1 2 108 -1
0.1 7 8 -1
0.1 109 110 -1
0.1 111 9 -1
0.1 12 13 -1
0.1 11 113 -1
0.1 16 17 -1
0.1 19 20 -1
0.1 18 116 -1
0.1 115 117 -1
0.1 15 118 -1
0.1 21 22 -1
0.1 24 25 -1
0.1 23 121 -1
0.1 120 122 -1
0.1 123 26 -1
0.1 28 29 -1
0.1 27 125 -1
0.1 31 32 -1
0.1 33 34 -1
0.1 127 128 -1
0.1 30 129 -1
0.1 36 37 -1
0.1 35 131 -1
0.1 130 132 -1
0.1 38 39 -1
0.1 133 134 -1
0.1 126 135 -1
0.1 124 136 -1
0.1 119 137 -1
0.1 14 138 -1
0.1 139 40 -1
0.1 114 140 -1
0.1 41 42 -1
0.1 44 45 -1
0.1 143 46 -1
0.1 144 47 -1
0.1 145 48 -1
0.1 49 50 -1
0.1 146 147 -1
0.1 43 148 -1
0.1 142 149 -1
0.1 141 150 -1
0.1 10 151 -1
0.1 112 152 -1
0.1 53 54 -1
0.1 56 57 -1
0.1 55 155 -1
0.1 154 156 -1
0.1 52 157 -1
0.1 61 62 -1
0.1 63 64 -1
0.1 159 160 -1
0.1 60 161 -1
0.1 59 162 -1
0.1 58 163 -1
0.1 65 66 -1
0.1 164 165 -1
0.1 158 166 -1
0.1 51 167 -1
0.1 153 168 -1
0.1 1 169 -1
0.1 67 68 -1
0.1 72 73 -1
0.1 71 172 -1
0.1 70 173 -1
0.1 77 78 -1
0.1 175 79 -1
0.1 76 176 -1
0.1 177 80 -1
0.1 75 178 -1
0.1 74 179 -1
0.1 82 83 -1
0.1 81 181 -1
0.1 84 85 -1
0.1 86 87 -1
0.1 89 90 -1
0.1 88 185 -1
0.1 184 186 -1
0.1 183 187 -1
0.1 91 92 -1
0.1 188 189 -1
0.1 95 96 -1
0.1 94 191 -1
0.1 93 192 -1
0.1 190 193 -1
0.1 101 102 -1
0.1 100 195 -1
0.1 99 196 -1
0.1 98 197 -1
0.1 198 103 -1
0.1 97 199 -1
0.1 194 200 -1
0.1 182 201 -1
0.1 180 202 -1
0.1 203 104 -1
0.1 204 105 -1
0.1 174 205 -1
0.1 69 206 -1
0.1 171 207 -1
0.1 170 208 -1
