1 0 0 1
1 0 0 1
1 0 0 1
1 0 0 1
1 0 0 1
1 0 0 1
1 0 0 1
1 0 0 1
1 0 0 1
1 0 0 1
1 0 0 2
1 0 0 2
1 0 0 2
1 0 0 2
1 0 0 2
1 0 0 2
1 0 0 2
1 0 0 2
1 0 0 2
1 0 0 2
1 0 0 3
1 0 0 3
1 0 0 4
1 0 0 4
1 0 0 4
1 0 0 4
1 0 0 4
1 0 0 4
1 0 0 4
1 0 0 4
1 0 0 4
1 0 0 4
1 0 0 5
1 0 0 5
1 0 0 5
1 0 0 5
1 0 0 5
1 0 0 5
1 0 0 5
1 0 0 5
1 0 0 5
1 0 0 5
1 0 0 6
1 0 0 6
1 0 0 6
1 0 0 6
1 0 0 6
1 0 0 6
1 0 0 6
1 0 0 6
1 0 0 6
1 0 0 6
1 0 0 7
1 0 0 7
1 0 0 7
1 0 0 7
1 0 0 7
1 0 0 7
1 0 0 7
1 0 0 8
1 0 0 8
1 0 0 8
1 0 0 8
1 0 0 9
1 0 0 9
1 0 0 9
1 0 0 9
1 0 0 9
1 0 0 9
1 0 0 9
1 0 0 9
1 0 0 9
1 0 0 9
1 0 0 8
1 0 0 8
1 0 0 8
1 0 0 8
1 0 0 8
1 0 0 8
1 0 0 10
1 0 0 10
1 0 0 10
1 0 0 10
1 0 0 11
1 0 0 11
1 0 0 11
1 0 0 11
1 0 0 11
1 0 0 11
1 0 0 11
1 0 0 11
1 0 0 11
1 0 0 11
1 0 0 10
1 0 0 10
1 0 0 10
1 0 0 10
1 0 0 10
1 0 0 10
1 0 0 7
1 0 0 7
1 0 0 7
1 0 0 12
1 0 0 12
1 0 0 12
1 0 0 13
1 0 0 13
1 0 0 13
1 0 0 13
1 0 0 13
1 0 0 13
1 0 0 13
1 0 0 13
1 0 0 13
1 0 0 13
1 0 0 14
1 0 0 14
1 0 0 14
1 0 0 14
1 0 0 15
1 0 0 15
1 0 0 15
1 0 0 15
1 0 0 15
1 0 0 15
1 0 0 15
1 0 0 15
1 0 0 15
1 0 0 15
1 0 0 14
1 0 0 14
1 0 0 14
1 0 0 14
1 0 0 14
1 0 0 14
1 0 0 12
1 0 0 12
1 0 0 12
1 0 0 12
1 0 0 12
1 0 0 12
1 0 0 12
1 0 0 16
1 0 0 17
1 0 0 17
1 0 0 17
1 0 0 17
1 0 0 17
1 0 0 17
1 0 0 17
1 0 0 17
1 0 0 17
1 0 0 17
1 0 0 3
1 0 0 3
1 0 0 3
1 0 0 3
1 0 0 3
1 0 0 3
1 0 0 3
1 0 0 3
1 0 0 18
1 0 0 18
1 0 0 18
1 0 0 18
1 0 0 18
1 0 0 18
1 0 0 18
1 0 0 19
1 0 0 19
1 0 0 19
1 0 0 19
1 0 0 19
1 0 0 19
1 0 0 19
1 0 0 19
1 0 0 19
1 0 0 19
1 0 0 18
1 0 0 18
1 0 0 18
1 0 0 20
1 0 0 20
1 0 0 20
1 0 0 20
1 0 0 20
1 0 0 20
1 0 0 20
1 0 0 20
1 0 0 20
1 0 0 20
1 0 0 21
1 0 0 22
1 0 0 22
1 0 0 22
1 0 0 22
1 0 0 22
1 0 0 22
1 0 0 22
1 0 0 22
1 0 0 22
1 0 0 22
1 0 0 21
1 0 0 21
1 0 0 21
1 0 0 21
1 0 0 21
1 0 0 21
1 0 0 21
1 0 0 21
1 0 0 21
1 0 0 16
1 0 0 16
1 0 0 16
1 0 0 16
1 0 0 16
1 0 0 16
1 0 0 16
1 0 0 16
1 0 0 16
1 0 0 23
1 0 0 24
1 0 0 24
1 0 0 24
1 0 0 24
1 0 0 24
1 0 0 24
1 0 0 24
1 0 0 24
1 0 0 24
1 0 0 24
1 0 0 23
1 0 0 23
1 0 0 23
1 0 0 23
1 0 0 23
1 0 0 23
1 0 0 23
1 0 0 23
1 0 0 25
1 0 0 25
1 0 0 25
1 0 0 25
1 0 0 25
1 0 0 25
1 0 0 25
1 0 0 25
1 0 0 25
1 0 0 25
1 0 0 26
1 0 0 26
1 0 0 26
1 0 0 27
1 0 0 27
1 0 0 27
1 0 0 27
1 0 0 27
1 0 0 27
1 0 0 27
1 0 0 27
1 0 0 27
1 0 0 27
1 0 0 26
1 0 0 26
1 0 0 26
1 0 0 26
1 0 0 26
1 0 0 26
1 0 0 26
1 0 0 28
1 0 0 28
1 0 0 28
1 0 0 28
1 0 0 28
1 0 0 28
1 0 0 28
1 0 0 28
1 0 0 28
1 0 0 28
1 0 0 29
1 0 0 29
1 0 0 29
1 0 0 29
1 0 0 29
1 0 0 29
1 0 0 29
1 0 0 29
1 0 0 29
1 0 0 29
1 0 0 30
1 0 0 30
1 0 0 30
1 0 0 30
1 0 0 30
1 0 0 30
1 0 0 30
1 0 0 31
1 0 0 31
1 0 0 31
1 0 0 31
1 0 0 31
1 0 0 32
1 0 0 32
1 0 0 32
1 0 0 32
1 0 0 32
1 0 0 32
1 0 0 32
1 0 0 32
1 0 0 32
1 0 0 32
1 0 0 33
1 0 0 33
1 0 0 33
1 0 0 33
1 0 0 33
1 0 0 33
1 0 0 33
1 0 0 33
1 0 0 33
1 0 0 33
1 0 0 34
1 0 0 34
1 0 0 34
1 0 0 34
1 0 0 34
1 0 0 34
1 0 0 34
1 0 0 34
1 0 0 34
1 0 0 34
1 0 0 35
1 0 0 35
1 0 0 35
1 0 0 35
1 0 0 35
1 0 0 35
1 0 0 35
1 0 0 35
1 0 0 35
1 0 0 35
1 0 0 31
1 0 0 31
1 0 0 31
1 0 0 31
1 0 0 31
1 0 0 30
1 0 0 30
1 0 0 36
1 0 0 36
1 0 0 36
1 0 0 36
1 0 0 36
1 0 0 36
1 0 0 36
1 0 0 36
1 0 0 36
1 0 0 36
1 0 0 30
1 0 0 23
0.1 2 3 -1
0.1 4 5 -1
0.1 361 362 -1
0.1 1 363 -1
0.1 8 9 -1
0.1 365 10 -1
0.1 7 366 -1
0.1 6 367 -1
0.1 364 368 -1
0.1 14 15 -1
0.1 16 17 -1
0.1 19 20 -1
0.1 18 372 -1
0.1 371 373 -1
0.1 370 374 -1
0.1 13 375 -1
0.1 12 376 -1
0.1 11 377 -1
0.1 369 378 -1
0.1 21 22 -1
0.1 379 380 -1
0.1 23 24 -1
0.1 382 25 -1
0.1 383 26 -1
0.1 28 29 -1
0.1 27 385 -1
0.1 30 31 -1
0.1 386 387 -1
0.1 388 32 -1
0.1 384 389 -1
0.1 381 390 -1
0.1 33 34 -1
0.1 392 35 -1
0.1 37 38 -1
0.1 36 394 -1
0.1 41 42 -1
0.1 40 396 -1
0.1 39 397 -1
0.1 395 398 -1
0.1 393 399 -1
0.1 45 46 -1
0.1 44 401 -1
0.1 47 48 -1
0.1 402 403 -1
0.1 404 49 -1
0.1 51 52 -1
0.1 50 406 -1
0.1 405 407 -1
0.1 43 408 -1
0.1 400 409 -1
0.1 391 410 -1
0.1 54 55 -1
0.1 53 412 -1
0.1 56 57 -1
0.1 58 59 -1
0.1 414 415 -1
0.1 413 416 -1
0.1 61 62 -1
0.1 60 418 -1
0.1 64 65 -1
0.1 66 67 -1
0.1 68 69 -1
0.1 421 422 -1
0.1 71 72 -1
0.1 424 73 -1
0.1 70 425 -1
0.1 423 426 -1
0.1 420 427 -1
0.1 74 75 -1
0.1 429 76 -1
0.1 77 78 -1
0.1 431 79 -1
0.1 430 432 -1
0.1 428 433 -1
0.1 63 434 -1
0.1 419 435 -1
0.1 82 83 -1
0.1 81 437 -1
0.1 80 438 -1
0.1 84 85 -1
0.1 86 87 -1
0.1 440 441 -1
0.1 88 89 -1
0.1 92 93 -1
0.1 91 444 -1
0.1 90 445 -1
0.1 443 446 -1
0.1 442 447 -1
0.1 94 95 -1
0.1 97 98 -1
0.1 450 99 -1
0.1 96 451 -1
0.1 449 452 -1
0.1 448 453 -1
0.1 439 454 -1
0.1 436 455 -1
0.1 100 101 -1
0.1 457 102 -1
0.1 456 458 -1
0.1 417 459 -1
0.1 104 105 -1
0.1 103 461 -1
0.1 107 108 -1
0.1 109 110 -1
0.1 112 113 -1
0.1 465 114 -1
0.1 111 466 -1
0.1 467 115 -1
0.1 464 468 -1
0.1 463 469 -1
0.1 106 470 -1
0.1 118 119 -1
0.1 117 472 -1
0.1 116 473 -1
0.1 121 122 -1
0.1 120 475 -1
0.1 124 125 -1
0.1 123 477 -1
0.1 128 129 -1
0.1 127 479 -1
0.1 126 480 -1
0.1 478 481 -1
0.1 476 482 -1
0.1 474 483 -1
0.1 131 132 -1
0.1 485 133 -1
0.1 130 486 -1
0.1 134 135 -1
0.1 487 488 -1
0.1 484 489 -1
0.1 471 490 -1
0.1 462 491 -1
0.1 136 137 -1
0.1 138 139 -1
0.1 493 494 -1
0.1 141 142 -1
0.1 140 496 -1
0.1 495 497 -1
0.1 492 498 -1
0.1 460 499 -1
0.1 411 500 -1
0.1 145 146 -1
0.1 147 148 -1
0.1 150 151 -1
0.1 149 504 -1
0.1 152 153 -1
0.1 505 506 -1
0.1 503 507 -1
0.1 502 508 -1
0.1 144 509 -1
0.1 155 156 -1
0.1 154 511 -1
0.1 157 158 -1
0.1 159 160 -1
0.1 513 514 -1
0.1 512 515 -1
0.1 516 161 -1
0.1 510 517 -1
0.1 143 518 -1
0.1 501 519 -1
0.1 162 163 -1
0.1 167 168 -1
0.1 166 522 -1
0.1 165 523 -1
0.1 164 524 -1
0.1 521 525 -1
0.1 171 172 -1
0.1 173 174 -1
0.1 527 528 -1
0.1 175 176 -1
0.1 529 530 -1
0.1 170 531 -1
0.1 169 532 -1
0.1 177 178 -1
0.1 533 534 -1
0.1 526 535 -1
0.1 520 536 -1
0.1 180 181 -1
0.1 179 538 -1
0.1 183 184 -1
0.1 182 540 -1
0.1 186 187 -1
0.1 542 188 -1
0.1 185 543 -1
0.1 541 544 -1
0.1 190 191 -1
0.1 189 546 -1
0.1 196 197 -1
0.1 548 198 -1
0.1 199 200 -1
0.1 201 202 -1
0.1 550 551 -1
0.1 549 552 -1
0.1 195 553 -1
0.1 194 554 -1
0.1 193 555 -1
0.1 192 556 -1
0.1 204 205 -1
0.1 208 209 -1
0.1 210 211 -1
0.1 559 560 -1
0.1 207 561 -1
0.1 206 562 -1
0.1 558 563 -1
0.1 203 564 -1
0.1 557 565 -1
0.1 547 566 -1
0.1 545 567 -1
0.1 539 568 -1
0.1 537 569 -1
0.1 213 214 -1
0.1 212 571 -1
0.1 216 217 -1
0.1 215 573 -1
0.1 572 574 -1
0.1 219 220 -1
0.1 218 576 -1
0.1 575 577 -1
0.1 570 578 -1
0.1 223 224 -1
0.1 225 226 -1
0.1 581 227 -1
0.1 228 229 -1
0.1 582 583 -1
0.1 580 584 -1
0.1 230 231 -1
0.1 585 586 -1
0.1 222 587 -1
0.1 588 232 -1
0.1 233 234 -1
0.1 235 236 -1
0.1 237 238 -1
0.1 591 592 -1
0.1 593 239 -1
0.1 590 594 -1
0.1 589 595 -1
0.1 240 241 -1
0.1 243 244 -1
0.1 598 245 -1
0.1 242 599 -1
0.1 246 247 -1
0.1 248 249 -1
0.1 601 602 -1
0.1 600 603 -1
0.1 597 604 -1
0.1 250 251 -1
0.1 253 254 -1
0.1 607 255 -1
0.1 256 257 -1
0.1 608 609 -1
0.1 259 260 -1
0.1 258 611 -1
0.1 261 262 -1
0.1 612 613 -1
0.1 610 614 -1
0.1 252 615 -1
0.1 616 263 -1
0.1 606 617 -1
0.1 605 618 -1
0.1 265 266 -1
0.1 268 269 -1
0.1 272 273 -1
0.1 271 622 -1
0.1 270 623 -1
0.1 274 275 -1
0.1 276 277 -1
0.1 625 626 -1
0.1 624 627 -1
0.1 278 279 -1
0.1 628 629 -1
0.1 282 283 -1
0.1 285 286 -1
0.1 284 632 -1
0.1 631 633 -1
0.1 287 288 -1
0.1 635 289 -1
0.1 634 636 -1
0.1 281 637 -1
0.1 280 638 -1
0.1 630 639 -1
0.1 621 640 -1
0.1 267 641 -1
0.1 620 642 -1
0.1 264 643 -1
0.1 619 644 -1
0.1 292 293 -1
0.1 291 646 -1
0.1 295 296 -1
0.1 297 298 -1
0.1 649 299 -1
0.1 650 300 -1
0.1 651 301 -1
0.1 302 303 -1
0.1 304 305 -1
0.1 653 654 -1
0.1 309 310 -1
0.1 308 656 -1
0.1 307 657 -1
0.1 306 658 -1
0.1 655 659 -1
0.1 314 315 -1
0.1 317 318 -1
0.1 316 662 -1
0.1 319 320 -1
0.1 664 321 -1
0.1 663 665 -1
0.1 661 666 -1
0.1 313 667 -1
0.1 312 668 -1
0.1 322 323 -1
0.1 669 670 -1
0.1 324 325 -1
0.1 327 328 -1
0.1 326 673 -1
0.1 672 674 -1
0.1 671 675 -1
0.1 330 331 -1
0.1 329 677 -1
0.1 676 678 -1
0.1 311 679 -1
0.1 336 337 -1
0.1 335 681 -1
0.1 334 682 -1
0.1 338 339 -1
0.1 340 341 -1
0.1 684 685 -1
0.1 683 686 -1
0.1 333 687 -1
0.1 332 688 -1
0.1 680 689 -1
0.1 660 690 -1
0.1 343 344 -1
0.1 342 692 -1
0.1 693 345 -1
0.1 691 694 -1
0.1 695 346 -1
0.1 652 696 -1
0.1 347 348 -1
0.1 697 698 -1
0.1 648 699 -1
0.1 294 700 -1
0.1 349 350 -1
0.1 353 354 -1
0.1 352 703 -1
0.1 704 355 -1
0.1 351 705 -1
0.1 706 356 -1
0.1 707 357 -1
0.1 708 358 -1
0.1 702 709 -1
0.1 701 710 -1
0.1 647 711 -1
0.1 290 712 -1
0.1 713 359 -1
0.1 714 360 -1
0.1 645 715 -1
0.1 596 716 -1
0.1 221 717 -1
0.1 579 718 -1
