1 0 0 1
1 0 0 2
1 0 0 2
1 0 0 2
1 0 0 2
1 0 0 2
1 0 0 2
1 0 0 2
1 0 0 3
1 0 0 3
1 0 0 3
1 0 0 3
1 0 0 3
1 0 0 3
1 0 0 3
1 0 0 3
1 0 0 3
1 0 0 3
1 0 0 4
1 0 0 4
1 0 0 4
1 0 0 4
1 0 0 4
1 0 0 4
1 0 0 4
1 0 0 5
1 0 0 6
1 0 0 6
1 0 0 6
1 0 0 6
1 0 0 6
1 0 0 6
1 0 0 6
1 0 0 6
1 0 0 6
1 0 0 6
1 0 0 5
1 0 0 5
1 0 0 5
1 0 0 5
1 0 0 5
1 0 0 5
1 0 0 5
1 0 0 5
1 0 0 5
1 0 0 7
1 0 0 7
1 0 0 7
1 0 0 7
1 0 0 7
1 0 0 7
1 0 0 8
1 0 0 8
1 0 0 8
1 0 0 8
1 0 0 8
1 0 0 8
1 0 0 8
1 0 0 8
1 0 0 8
1 0 0 8
1 0 0 7
1 0 0 7
1 0 0 7
1 0 0 7
1 0 0 4
1 0 0 4
1 0 0 4
1 0 0 9
1 0 0 9
1 0 0 9
1 0 0 10
1 0 0 10
1 0 0 10
1 0 0 10
1 0 0 10
1 0 0 10
1 0 0 11
1 0 0 11
1 0 0 11
1 0 0 11
1 0 0 11
1 0 0 11
1 0 0 11
1 0 0 11
1 0 0 11
1 0 0 11
1 0 0 10
1 0 0 10
1 0 0 10
1 0 0 10
1 0 0 12
1 0 0 12
1 0 0 12
1 0 0 12
1 0 0 12
1 0 0 12
1 0 0 12
1 0 0 12
1 0 0 12
1 0 0 12
1 0 0 9
1 0 0 9
1 0 0 9
1 0 0 9
1 0 0 9
1 0 0 9
1 0 0 9
1 0 0 13
1 0 0 13
1 0 0 13
1 0 0 13
1 0 0 13
1 0 0 13
1 0 0 13
1 0 0 13
1 0 0 13
1 0 0 13
1 0 0 14
1 0 0 14
1 0 0 14
1 0 0 14
1 0 0 14
1 0 0 14
1 0 0 14
1 0 0 14
1 0 0 15
1 0 0 15
1 0 0 15
1 0 0 15
1 0 0 15
1 0 0 15
1 0 0 15
1 0 0 15
1 0 0 15
1 0 0 15
1 0 0 16
1 0 0 16
1 0 0 16
1 0 0 16
1 0 0 16
1 0 0 16
1 0 0 16
1 0 0 16
1 0 0 16
1 0 0 16
1 0 0 17
1 0 0 17
1 0 0 17
1 0 0 17
1 0 0 17
1 0 0 17
1 0 0 17
1 0 0 17
1 0 0 17
1 0 0 17
1 0 0 14
1 0 0 14
1 0 0 18
1 0 0 18
1 0 0 18
1 0 0 18
1 0 0 18
1 0 0 18
1 0 0 18
1 0 0 18
1 0 0 18
1 0 0 18
1 0 0 19
1 0 0 19
1 0 0 19
1 0 0 19
1 0 0 19
1 0 0 19
1 0 0 19
1 0 0 19
1 0 0 19
1 0 0 19
1 0 0 20
1 0 0 20
1 0 0 20
1 0 0 20
1 0 0 20
1 0 0 20
1 0 0 20
1 0 0 20
1 0 0 20
1 0 0 20
1 0 0 21
1 0 0 21
1 0 0 21
1 0 0 21
1 0 0 21
1 0 0 21
1 0 0 21
1 0 0 21
1 0 0 22
1 0 0 22
1 0 0 22
1 0 0 22
1 0 0 22
1 0 0 22
1 0 0 22
1 0 0 22
1 0 0 22
1 0 0 22
1 0 0 23
1 0 0 23
1 0 0 23
1 0 0 23
1 0 0 23
1 0 0 23
1 0 0 23
1 0 0 23
1 0 0 23
1 0 0 23
1 0 0 21
1 0 0 21
1 0 0 24
1 0 0 25
1 0 0 25
1 0 0 25
1 0 0 25
1 0 0 25
1 0 0 25
1 0 0 25
1 0 0 25
1 0 0 25
1 0 0 25
1 0 0 24
1 0 0 24
1 0 0 24
1 0 0 26
1 0 0 26
1 0 0 26
1 0 0 26
1 0 0 27
1 0 0 27
1 0 0 27
1 0 0 27
1 0 0 27
1 0 0 27
1 0 0 27
1 0 0 27
1 0 0 27
1 0 0 27
1 0 0 28
1 0 0 28
1 0 0 28
1 0 0 28
1 0 0 28
1 0 0 28
1 0 0 28
1 0 0 28
1 0 0 28
1 0 0 28
1 0 0 26
1 0 0 29
1 0 0 29
1 0 0 29
1 0 0 29
1 0 0 29
1 0 0 30
1 0 0 30
1 0 0 30
1 0 0 30
1 0 0 30
1 0 0 30
1 0 0 30
1 0 0 30
1 0 0 30
1 0 0 30
1 0 0 29
1 0 0 29
1 0 0 29
1 0 0 29
1 0 0 29
1 0 0 26
1 0 0 26
1 0 0 26
1 0 0 26
1 0 0 26
1 0 0 24
1 0 0 24
1 0 0 24
1 0 0 24
1 0 0 24
1 0 0 24
1 0 0 1
1 0 0 31
1 0 0 31
1 0 0 31
1 0 0 31
1 0 0 31
1 0 0 31
1 0 0 32
1 0 0 32
1 0 0 32
1 0 0 32
1 0 0 32
1 0 0 32
1 0 0 32
1 0 0 32
1 0 0 32
1 0 0 32
1 0 0 33
1 0 0 33
1 0 0 33
1 0 0 33
1 0 0 33
1 0 0 33
1 0 0 33
1 0 0 33
1 0 0 33
1 0 0 33
1 0 0 34
1 0 0 34
1 0 0 34
1 0 0 34
1 0 0 34
1 0 0 34
1 0 0 34
1 0 0 34
1 0 0 34
1 0 0 34
1 0 0 31
1 0 0 31
1 0 0 35
1 0 0 35
1 0 0 35
1 0 0 35
1 0 0 35
1 0 0 35
1 0 0 35
1 0 0 35
1 0 0 35
1 0 0 35
1 0 0 31
1 0 0 31
1 0 0 1
1 0 0 36
1 0 0 36
1 0 0 36
1 0 0 36
1 0 0 36
1 0 0 36
1 0 0 36
1 0 0 36
1 0 0 36
1 0 0 36
1 0 0 1
1 0 0 1
1 0 0 1
1 0 0 1
1 0 0 1
1 0 0 1
1 0 0 1
1 0 0 2
1 0 0 2
1 0 0 2
0.1 2 3 -1
0.1 7 8 -1
0.1 6 362 -1
0.1 5 363 -1
0.1 4 364 -1
0.1 361 365 -1
0.1 11 12 -1
0.1 13 14 -1
0.1 367 368 -1
0.1 15 16 -1
0.1 369 370 -1
0.1 10 371 -1
0.1 9 372 -1
0.1 17 18 -1
0.1 373 374 -1
0.1 366 375 -1
0.1 1 376 -1
0.1 19 20 -1
0.1 378 21 -1
0.1 22 23 -1
0.1 24 25 -1
0.1 380 381 -1
0.1 379 382 -1
0.1 27 28 -1
0.1 30 31 -1
0.1 29 385 -1
0.1 386 32 -1
0.1 33 34 -1
0.1 35 36 -1
0.1 388 389 -1
0.1 387 390 -1
0.1 384 391 -1
0.1 37 38 -1
0.1 393 39 -1
0.1 41 42 -1
0.1 40 395 -1
0.1 394 396 -1
0.1 392 397 -1
0.1 26 398 -1
0.1 43 44 -1
0.1 400 45 -1
0.1 399 401 -1
0.1 47 48 -1
0.1 403 49 -1
0.1 46 404 -1
0.1 50 51 -1
0.1 405 406 -1
0.1 52 53 -1
0.1 54 55 -1
0.1 408 409 -1
0.1 58 59 -1
0.1 57 411 -1
0.1 56 412 -1
0.1 60 61 -1
0.1 413 414 -1
0.1 410 415 -1
0.1 63 64 -1
0.1 417 65 -1
0.1 62 418 -1
0.1 416 419 -1
0.1 407 420 -1
0.1 402 421 -1
0.1 66 67 -1
0.1 423 68 -1
0.1 422 424 -1
0.1 383 425 -1
0.1 70 71 -1
0.1 69 427 -1
0.1 73 74 -1
0.1 429 75 -1
0.1 72 430 -1
0.1 76 77 -1
0.1 431 432 -1
0.1 79 80 -1
0.1 78 434 -1
0.1 82 83 -1
0.1 81 436 -1
0.1 437 84 -1
0.1 86 87 -1
0.1 85 439 -1
0.1 438 440 -1
0.1 435 441 -1
0.1 89 90 -1
0.1 88 443 -1
0.1 444 91 -1
0.1 442 445 -1
0.1 433 446 -1
0.1 93 94 -1
0.1 95 96 -1
0.1 449 97 -1
0.1 450 98 -1
0.1 451 99 -1
0.1 100 101 -1
0.1 452 453 -1
0.1 448 454 -1
0.1 92 455 -1
0.1 447 456 -1
0.1 103 104 -1
0.1 102 458 -1
0.1 105 106 -1
0.1 107 108 -1
0.1 460 461 -1
0.1 459 462 -1
0.1 457 463 -1
0.1 428 464 -1
0.1 426 465 -1
0.1 110 111 -1
0.1 113 114 -1
0.1 112 468 -1
0.1 115 116 -1
0.1 469 470 -1
0.1 467 471 -1
0.1 117 118 -1
0.1 472 473 -1
0.1 109 474 -1
0.1 120 121 -1
0.1 123 124 -1
0.1 122 477 -1
0.1 125 126 -1
0.1 478 479 -1
0.1 476 480 -1
0.1 119 481 -1
0.1 475 482 -1
0.1 127 128 -1
0.1 484 129 -1
0.1 131 132 -1
0.1 130 486 -1
0.1 485 487 -1
0.1 488 133 -1
0.1 134 135 -1
0.1 489 490 -1
0.1 491 136 -1
0.1 138 139 -1
0.1 137 493 -1
0.1 141 142 -1
0.1 495 143 -1
0.1 144 145 -1
0.1 496 497 -1
0.1 140 498 -1
0.1 494 499 -1
0.1 147 148 -1
0.1 501 149 -1
0.1 151 152 -1
0.1 150 503 -1
0.1 154 155 -1
0.1 153 505 -1
0.1 506 156 -1
0.1 504 507 -1
0.1 502 508 -1
0.1 146 509 -1
0.1 500 510 -1
0.1 157 158 -1
0.1 161 162 -1
0.1 513 163 -1
0.1 160 514 -1
0.1 159 515 -1
0.1 165 166 -1
0.1 167 168 -1
0.1 517 518 -1
0.1 164 519 -1
0.1 516 520 -1
0.1 172 173 -1
0.1 175 176 -1
0.1 174 523 -1
0.1 522 524 -1
0.1 171 525 -1
0.1 177 178 -1
0.1 526 527 -1
0.1 170 528 -1
0.1 169 529 -1
0.1 521 530 -1
0.1 512 531 -1
0.1 181 182 -1
0.1 180 533 -1
0.1 179 534 -1
0.1 532 535 -1
0.1 183 184 -1
0.1 537 185 -1
0.1 187 188 -1
0.1 186 539 -1
0.1 538 540 -1
0.1 536 541 -1
0.1 511 542 -1
0.1 492 543 -1
0.1 483 544 -1
0.1 466 545 -1
0.1 189 190 -1
0.1 547 191 -1
0.1 192 193 -1
0.1 548 549 -1
0.1 194 195 -1
0.1 550 551 -1
0.1 197 198 -1
0.1 199 200 -1
0.1 201 202 -1
0.1 554 555 -1
0.1 556 203 -1
0.1 557 204 -1
0.1 553 558 -1
0.1 559 205 -1
0.1 208 209 -1
0.1 561 210 -1
0.1 211 212 -1
0.1 563 213 -1
0.1 562 564 -1
0.1 565 214 -1
0.1 207 566 -1
0.1 567 215 -1
0.1 568 216 -1
0.1 206 569 -1
0.1 560 570 -1
0.1 217 218 -1
0.1 571 572 -1
0.1 196 573 -1
0.1 552 574 -1
0.1 546 575 -1
0.1 377 576 -1
0.1 221 222 -1
0.1 226 227 -1
0.1 225 579 -1
0.1 580 228 -1
0.1 224 581 -1
0.1 223 582 -1
0.1 583 229 -1
0.1 578 584 -1
0.1 220 585 -1
0.1 231 232 -1
0.1 233 234 -1
0.1 235 236 -1
0.1 588 589 -1
0.1 238 239 -1
0.1 591 240 -1
0.1 237 592 -1
0.1 244 245 -1
0.1 243 594 -1
0.1 595 246 -1
0.1 242 596 -1
0.1 241 597 -1
0.1 593 598 -1
0.1 249 250 -1
0.1 248 600 -1
0.1 247 601 -1
0.1 252 253 -1
0.1 254 255 -1
0.1 603 604 -1
0.1 251 605 -1
0.1 602 606 -1
0.1 607 256 -1
0.1 259 260 -1
0.1 258 609 -1
0.1 261 262 -1
0.1 265 266 -1
0.1 268 269 -1
0.1 267 613 -1
0.1 270 271 -1
0.1 614 615 -1
0.1 612 616 -1
0.1 617 272 -1
0.1 264 618 -1
0.1 263 619 -1
0.1 611 620 -1
0.1 273 274 -1
0.1 275 276 -1
0.1 623 277 -1
0.1 622 624 -1
0.1 621 625 -1
0.1 610 626 -1
0.1 257 627 -1
0.1 608 628 -1
0.1 599 629 -1
0.1 279 280 -1
0.1 281 282 -1
0.1 631 632 -1
0.1 278 633 -1
0.1 630 634 -1
0.1 590 635 -1
0.1 283 284 -1
0.1 636 637 -1
0.1 587 638 -1
0.1 230 639 -1
0.1 586 640 -1
0.1 219 641 -1
0.1 286 287 -1
0.1 285 643 -1
0.1 644 288 -1
0.1 642 645 -1
0.1 646 289 -1
0.1 291 292 -1
0.1 294 295 -1
0.1 299 300 -1
0.1 298 650 -1
0.1 301 302 -1
0.1 651 652 -1
0.1 303 304 -1
0.1 654 305 -1
0.1 653 655 -1
0.1 297 656 -1
0.1 296 657 -1
0.1 306 307 -1
0.1 308 309 -1
0.1 310 311 -1
0.1 660 661 -1
0.1 314 315 -1
0.1 313 663 -1
0.1 312 664 -1
0.1 662 665 -1
0.1 659 666 -1
0.1 658 667 -1
0.1 649 668 -1
0.1 293 669 -1
0.1 648 670 -1
0.1 290 671 -1
0.1 316 317 -1
0.1 318 319 -1
0.1 673 674 -1
0.1 320 321 -1
0.1 323 324 -1
0.1 677 325 -1
0.1 322 678 -1
0.1 676 679 -1
0.1 675 680 -1
0.1 328 329 -1
0.1 330 331 -1
0.1 683 332 -1
0.1 682 684 -1
0.1 334 335 -1
0.1 333 686 -1
0.1 336 337 -1
0.1 687 688 -1
0.1 685 689 -1
0.1 327 690 -1
0.1 338 339 -1
0.1 691 692 -1
0.1 326 693 -1
0.1 681 694 -1
0.1 672 695 -1
0.1 647 696 -1
0.1 342 343 -1
0.1 344 345 -1
0.1 346 347 -1
0.1 700 348 -1
0.1 699 701 -1
0.1 349 350 -1
0.1 702 703 -1
0.1 698 704 -1
0.1 341 705 -1
0.1 340 706 -1
0.1 351 352 -1
0.1 354 355 -1
0.1 356 357 -1
0.1 709 710 -1
0.1 353 711 -1
0.1 708 712 -1
0.1 707 713 -1
0.1 697 714 -1
0.1 359 360 -1
0.1 358 716 -1
0.1 715 717 -1
0.1 577 718 -1
