1 0 0 1
1 0 0 1
1 0 0 1
1 0 0 1
1 0 0 1
1 0 0 1
1 0 0 1
1 0 0 1
1 0 0 1
1 0 0 1
1 0 0 2
1 0 0 2
1 0 0 2
1 0 0 3
1 0 0 2
1 0 0 4
1 0 0 4
1 0 0 5
1 0 0 5
1 0 0 5
1 0 0 5
1 0 0 6
1 0 0 5
1 0 0 5
1 0 0 5
1 0 0 5
1 0 0 6
1 0 0 6
1 0 0 6
1 0 0 6
1 0 0 6
1 0 0 6
1 0 0 6
1 0 0 5
1 0 0 6
1 0 0 6
1 0 0 5
1 0 0 4
1 0 0 4
1 0 0 4
1 0 0 7
1 0 0 7
1 0 0 7
1 0 0 7
1 0 0 7
1 0 0 7
1 0 0 7
1 0 0 7
1 0 0 7
1 0 0 7
1 0 0 4
1 0 0 4
1 0 0 4
1 0 0 4
1 0 0 4
1 0 0 8
1 0 0 8
1 0 0 8
1 0 0 8
1 0 0 8
1 0 0 8
1 0 0 8
1 0 0 8
1 0 0 8
1 0 0 8
1 0 0 9
1 0 0 9
1 0 0 9
1 0 0 9
1 0 0 9
1 0 0 9
1 0 0 9
1 0 0 9
1 0 0 2
1 0 0 9
1 0 0 9
1 0 0 2
1 0 0 2
1 0 0 2
1 0 0 2
1 0 0 2
1 0 0 10
1 0 0 10
1 0 0 10
1 0 0 10
1 0 0 3
1 0 0 3
1 0 0 3
1 0 0 3
1 0 0 10
1 0 0 10
1 0 0 10
1 0 0 10
1 0 0 10
1 0 0 10
1 0 0 11
1 0 0 3
1 0 0 11
1 0 0 11
1 0 0 11
1 0 0 11
1 0 0 11
1 0 0 12
1 0 0 12
1 0 0 12
1 0 0 12
1 0 0 12
1 0 0 12
1 0 0 12
1 0 0 12
1 0 0 12
1 0 0 12
1 0 0 11
1 0 0 11
1 0 0 11
1 0 0 11
1 0 0 13
1 0 0 14
1 0 0 14
1 0 0 14
1 0 0 14
1 0 0 14
1 0 0 14
1 0 0 14
1 0 0 14
1 0 0 14
1 0 0 14
1 0 0 3
1 0 0 3
1 0 0 13
1 0 0 13
1 0 0 13
1 0 0 13
1 0 0 13
1 0 0 3
1 0 0 3
1 0 0 13
1 0 0 15
1 0 0 15
1 0 0 15
1 0 0 15
1 0 0 15
1 0 0 15
1 0 0 15
1 0 0 15
1 0 0 15
1 0 0 15
1 0 0 13
1 0 0 13
1 0 0 13
0.1 1 2 -1
0.1 151 3 -1
0.1 152 4 -1
0.1 5 6 -1
0.1 7 8 -1
0.1 9 10 -1
0.1 155 156 -1
0.1 154 157 -1
0.1 153 158 -1
0.1 11 12 -1
0.1 160 13 -1
0.1 159 161 -1
0.1 20 21 -1
0.1 19 163 -1
0.1 18 164 -1
0.1 23 24 -1
0.1 25 26 -1
0.1 166 167 -1
0.1 28 29 -1
0.1 27 169 -1
0.1 168 170 -1
0.1 171 30 -1
0.1 32 33 -1
0.1 34 35 -1
0.1 173 174 -1
0.1 31 175 -1
0.1 172 176 -1
0.1 22 177 -1
0.1 178 36 -1
0.1 179 37 -1
0.1 165 180 -1
0.1 38 39 -1
0.1 181 182 -1
0.1 17 183 -1
0.1 42 43 -1
0.1 41 185 -1
0.1 45 46 -1
0.1 44 187 -1
0.1 186 188 -1
0.1 48 49 -1
0.1 190 50 -1
0.1 47 191 -1
0.1 189 192 -1
0.1 193 51 -1
0.1 53 54 -1
0.1 52 195 -1
0.1 194 196 -1
0.1 56 57 -1
0.1 58 59 -1
0.1 198 199 -1
0.1 60 61 -1
0.1 63 64 -1
0.1 62 202 -1
0.1 201 203 -1
0.1 200 204 -1
0.1 205 65 -1
0.1 55 206 -1
0.1 197 207 -1
0.1 40 208 -1
0.1 184 209 -1
0.1 16 210 -1
0.1 15 211 -1
0.1 14 212 -1
0.1 162 213 -1
0.1 66 67 -1
0.1 69 70 -1
0.1 68 216 -1
0.1 215 217 -1
0.1 218 71 -1
0.1 219 72 -1
0.1 220 73 -1
0.1 74 75 -1
0.1 221 222 -1
0.1 78 79 -1
0.1 80 81 -1
0.1 224 225 -1
0.1 77 226 -1
0.1 76 227 -1
0.1 223 228 -1
0.1 83 84 -1
0.1 87 88 -1
0.1 86 231 -1
0.1 232 89 -1
0.1 90 91 -1
0.1 234 92 -1
0.1 233 235 -1
0.1 236 93 -1
0.1 237 94 -1
0.1 85 238 -1
0.1 230 239 -1
0.1 82 240 -1
0.1 241 95 -1
0.1 229 242 -1
0.1 97 98 -1
0.1 96 244 -1
0.1 100 101 -1
0.1 246 102 -1
0.1 103 104 -1
0.1 248 105 -1
0.1 247 249 -1
0.1 109 110 -1
0.1 108 251 -1
0.1 107 252 -1
0.1 111 112 -1
0.1 253 254 -1
0.1 106 255 -1
0.1 250 256 -1
0.1 99 257 -1
0.1 113 114 -1
0.1 258 259 -1
0.1 115 116 -1
0.1 119 120 -1
0.1 118 262 -1
0.1 263 121 -1
0.1 122 123 -1
0.1 265 124 -1
0.1 266 125 -1
0.1 267 126 -1
0.1 268 127 -1
0.1 264 269 -1
0.1 128 129 -1
0.1 270 271 -1
0.1 117 272 -1
0.1 261 273 -1
0.1 260 274 -1
0.1 245 275 -1
0.1 131 132 -1
0.1 133 134 -1
0.1 277 278 -1
0.1 130 279 -1
0.1 135 136 -1
0.1 138 139 -1
0.1 282 140 -1
0.1 142 143 -1
0.1 141 284 -1
0.1 283 285 -1
0.1 286 144 -1
0.1 146 147 -1
0.1 145 288 -1
0.1 287 289 -1
0.1 137 290 -1
0.1 149 150 -1
0.1 148 292 -1
0.1 291 293 -1
0.1 281 294 -1
0.1 280 295 -1
0.1 276 296 -1
0.1 243 297 -1
0.1 214 298 -1
