1 0 0 1
1 0 0 2
1 0 0 2
1 0 0 3
1 0 0 3
1 0 0 2
1 0 0 2
1 0 0 3
1 0 0 3
1 0 0 4
1 0 0 4
1 0 0 4
1 0 0 4
1 0 0 4
1 0 0 4
1 0 0 4
1 0 0 4
1 0 0 4
1 0 0 4
1 0 0 3
1 0 0 3
1 0 0 3
1 0 0 3
1 0 0 5
1 0 0 3
1 0 0 3
1 0 0 6
1 0 0 6
1 0 0 6
1 0 0 6
1 0 0 6
1 0 0 6
1 0 0 6
1 0 0 6
1 0 0 6
1 0 0 6
1 0 0 2
1 0 0 2
1 0 0 5
1 0 0 5
1 0 0 5
1 0 0 5
1 0 0 5
1 0 0 5
1 0 0 5
1 0 0 5
1 0 0 5
1 0 0 1
1 0 0 1
1 0 0 1
1 0 0 1
1 0 0 1
1 0 0 1
1 0 0 1
1 0 0 1
1 0 0 1
1 0 0 7
1 0 0 7
1 0 0 2
1 0 0 2
1 0 0 2
1 0 0 2
1 0 0 7
1 0 0 7
1 0 0 7
1 0 0 7
1 0 0 7
1 0 0 7
1 0 0 7
1 0 0 7
1 0 0 8
1 0 0 9
1 0 0 10
1 0 0 10
1 0 0 10
1 0 0 10
1 0 0 10
1 0 0 10
1 0 0 10
1 0 0 10
1 0 0 10
1 0 0 9
1 0 0 11
1 0 0 11
1 0 0 11
1 0 0 11
1 0 0 11
1 0 0 11
1 0 0 11
1 0 0 11
1 0 0 12
1 0 0 12
1 0 0 12
1 0 0 12
1 0 0 12
1 0 0 12
1 0 0 12
1 0 0 12
1 0 0 12
1 0 0 12
1 0 0 11
1 0 0 10
1 0 0 11
1 0 0 9
1 0 0 13
1 0 0 13
1 0 0 13
1 0 0 13
1 0 0 13
1 0 0 13
1 0 0 13
1 0 0 13
1 0 0 13
1 0 0 13
1 0 0 9
1 0 0 9
1 0 0 9
1 0 0 9
1 0 0 9
1 0 0 9
1 0 0 9
1 0 0 8
1 0 0 14
1 0 0 14
1 0 0 14
1 0 0 14
1 0 0 14
1 0 0 14
1 0 0 8
1 0 0 8
1 0 0 8
1 0 0 15
1 0 0 15
1 0 0 15
1 0 0 15
1 0 0 15
1 0 0 15
1 0 0 15
1 0 0 15
1 0 0 15
1 0 0 8
1 0 0 8
1 0 0 14
1 0 0 14
1 0 0 14
1 0 0 14
1 0 0 8
1 0 0 8
1 0 0 8
1 0 0 15
0.1 2 3 -1
0.1 1 151 -1
0.1 4 5 -1
0.1 152 153 -1
0.1 6 7 -1
0.1 10 11 -1
0.1 12 13 -1
0.1 14 15 -1
0.1 17 18 -1
0.1 159 19 -1
0.1 16 160 -1
0.1 158 161 -1
0.1 157 162 -1
0.1 156 163 -1
0.1 164 20 -1
0.1 9 165 -1
0.1 8 166 -1
0.1 155 167 -1
0.1 22 23 -1
0.1 21 169 -1
0.1 168 170 -1
0.1 24 25 -1
0.1 28 29 -1
0.1 27 173 -1
0.1 30 31 -1
0.1 32 33 -1
0.1 176 34 -1
0.1 175 177 -1
0.1 35 36 -1
0.1 178 179 -1
0.1 174 180 -1
0.1 37 38 -1
0.1 181 182 -1
0.1 39 40 -1
0.1 184 41 -1
0.1 42 43 -1
0.1 44 45 -1
0.1 186 187 -1
0.1 188 46 -1
0.1 185 189 -1
0.1 50 51 -1
0.1 49 191 -1
0.1 48 192 -1
0.1 52 53 -1
0.1 193 194 -1
0.1 195 54 -1
0.1 55 56 -1
0.1 196 197 -1
0.1 47 198 -1
0.1 190 199 -1
0.1 183 200 -1
0.1 61 62 -1
0.1 60 202 -1
0.1 59 203 -1
0.1 64 65 -1
0.1 66 67 -1
0.1 205 206 -1
0.1 68 69 -1
0.1 207 208 -1
0.1 63 209 -1
0.1 204 210 -1
0.1 211 70 -1
0.1 58 212 -1
0.1 57 213 -1
0.1 201 214 -1
0.1 26 215 -1
0.1 172 216 -1
0.1 171 217 -1
0.1 154 218 -1
0.1 73 74 -1
0.1 75 76 -1
0.1 220 221 -1
0.1 78 79 -1
0.1 77 223 -1
0.1 222 224 -1
0.1 80 81 -1
0.1 225 226 -1
0.1 72 227 -1
0.1 85 86 -1
0.1 84 229 -1
0.1 83 230 -1
0.1 93 94 -1
0.1 232 95 -1
0.1 96 97 -1
0.1 233 234 -1
0.1 235 98 -1
0.1 92 236 -1
0.1 99 100 -1
0.1 237 238 -1
0.1 91 239 -1
0.1 90 240 -1
0.1 89 241 -1
0.1 88 242 -1
0.1 87 243 -1
0.1 231 244 -1
0.1 245 101 -1
0.1 102 103 -1
0.1 246 247 -1
0.1 82 248 -1
0.1 228 249 -1
0.1 105 106 -1
0.1 107 108 -1
0.1 251 252 -1
0.1 109 110 -1
0.1 253 254 -1
0.1 255 111 -1
0.1 113 114 -1
0.1 112 257 -1
0.1 256 258 -1
0.1 104 259 -1
0.1 115 116 -1
0.1 260 261 -1
0.1 118 119 -1
0.1 117 263 -1
0.1 262 264 -1
0.1 265 120 -1
0.1 266 121 -1
0.1 250 267 -1
0.1 71 268 -1
0.1 123 124 -1
0.1 270 125 -1
0.1 271 126 -1
0.1 127 128 -1
0.1 272 273 -1
0.1 122 274 -1
0.1 129 130 -1
0.1 275 276 -1
0.1 133 134 -1
0.1 278 135 -1
0.1 136 137 -1
0.1 279 280 -1
0.1 132 281 -1
0.1 138 139 -1
0.1 282 283 -1
0.1 131 284 -1
0.1 285 140 -1
0.1 141 142 -1
0.1 144 145 -1
0.1 288 146 -1
0.1 143 289 -1
0.1 290 147 -1
0.1 291 148 -1
0.1 287 292 -1
0.1 293 149 -1
0.1 286 294 -1
0.1 295 150 -1
0.1 277 296 -1
0.1 269 297 -1
0.1 219 298 -1
