1 0 0 1
1 0 0 1
1 0 0 2
1 0 0 2
1 0 0 2
1 0 0 2
1 0 0 2
1 0 0 2
1 0 0 2
1 0 0 2
1 0 0 2
1 0 0 2
1 0 0 2
1 0 0 2
1 0 0 2
1 0 0 2
1 0 0 2
1 0 0 2
1 0 0 2
1 0 0 2
1 0 0 3
1 0 0 3
1 0 0 3
1 0 0 3
1 0 0 3
1 0 0 3
1 0 0 3
1 0 0 3
1 0 0 3
1 0 0 3
1 0 0 3
1 0 0 3
1 0 0 3
1 0 0 3
1 0 0 3
1 0 0 3
1 0 0 3
1 0 0 3
1 0 0 3
1 0 0 3
1 0 0 4
1 0 0 4
1 0 0 4
1 0 0 4
1 0 0 4
1 0 0 4
1 0 0 4
1 0 0 4
1 0 0 4
1 0 0 4
1 0 0 4
1 0 0 4
1 0 0 4
1 0 0 4
1 0 0 4
1 0 0 4
1 0 0 4
1 0 0 4
1 0 0 4
1 0 0 4
1 0 0 5
1 0 0 5
1 0 0 5
1 0 0 5
1 0 0 5
1 0 0 5
1 0 0 5
1 0 0 5
1 0 0 5
1 0 0 5
1 0 0 5
1 0 0 5
1 0 0 5
1 0 0 5
1 0 0 5
1 0 0 5
1 0 0 5
1 0 0 5
1 0 0 5
1 0 0 5
1 0 0 2
1 0 0 2
1 0 0 1
1 0 0 1
1 0 0 1
1 0 0 1
1 0 0 1
1 0 0 1
1 0 0 1
1 0 0 1
1 0 0 1
1 0 0 1
1 0 0 1
1 0 0 1
1 0 0 1
1 0 0 1
1 0 0 1
1 0 0 1
1 0 0 1
1 0 0 1
1 0 0 6
1 0 0 6
1 0 0 6
1 0 0 6
1 0 0 7
1 0 0 6
1 0 0 8
1 0 0 8
1 0 0 8
1 0 0 8
1 0 0 8
1 0 0 8
1 0 0 8
1 0 0 8
1 0 0 8
1 0 0 8
1 0 0 8
1 0 0 8
1 0 0 8
1 0 0 8
1 0 0 8
1 0 0 8
1 0 0 8
1 0 0 8
1 0 0 8
1 0 0 8
1 0 0 6
1 0 0 6
1 0 0 6
1 0 0 6
1 0 0 6
1 0 0 6
1 0 0 6
1 0 0 6
1 0 0 6
1 0 0 6
1 0 0 6
1 0 0 6
1 0 0 6
1 0 0 6
1 0 0 6
1 0 0 9
1 0 0 9
1 0 0 9
1 0 0 9
1 0 0 9
1 0 0 9
1 0 0 9
1 0 0 9
1 0 0 9
1 0 0 9
1 0 0 9
1 0 0 9
1 0 0 9
1 0 0 9
1 0 0 9
1 0 0 9
1 0 0 9
1 0 0 9
1 0 0 9
1 0 0 9
1 0 0 7
1 0 0 7
1 0 0 7
1 0 0 7
1 0 0 7
1 0 0 7
1 0 0 10
1 0 0 10
1 0 0 10
1 0 0 10
1 0 0 10
1 0 0 10
1 0 0 10
1 0 0 10
1 0 0 10
1 0 0 10
1 0 0 10
1 0 0 10
1 0 0 10
1 0 0 10
1 0 0 10
1 0 0 10
1 0 0 10
1 0 0 10
1 0 0 10
1 0 0 10
1 0 0 7
1 0 0 7
1 0 0 7
1 0 0 7
1 0 0 7
1 0 0 7
1 0 0 7
1 0 0 7
1 0 0 7
1 0 0 7
1 0 0 7
1 0 0 7
1 0 0 11
1 0 0 11
1 0 0 11
1 0 0 11
1 0 0 11
1 0 0 11
1 0 0 11
1 0 0 11
1 0 0 11
1 0 0 11
1 0 0 11
1 0 0 11
1 0 0 11
1 0 0 11
1 0 0 11
1 0 0 11
1 0 0 11
1 0 0 11
1 0 0 11
1 0 0 11
1 0 0 12
1 0 0 12
1 0 0 12
1 0 0 12
1 0 0 12
1 0 0 12
1 0 0 12
1 0 0 12
1 0 0 12
1 0 0 12
1 0 0 12
1 0 0 12
1 0 0 12
1 0 0 12
1 0 0 12
1 0 0 12
1 0 0 12
1 0 0 12
1 0 0 12
1 0 0 12
1 0 0 13
1 0 0 13
1 0 0 13
1 0 0 13
1 0 0 13
1 0 0 13
1 0 0 13
1 0 0 13
1 0 0 13
1 0 0 13
1 0 0 13
1 0 0 13
1 0 0 13
1 0 0 13
1 0 0 14
1 0 0 14
1 0 0 14
1 0 0 14
1 0 0 14
1 0 0 14
1 0 0 14
1 0 0 14
1 0 0 14
1 0 0 14
1 0 0 14
1 0 0 14
1 0 0 14
1 0 0 14
1 0 0 14
1 0 0 14
1 0 0 14
1 0 0 14
1 0 0 14
1 0 0 14
1 0 0 13
1 0 0 13
1 0 0 13
1 0 0 13
1 0 0 13
1 0 0 13
1 0 0 15
1 0 0 15
1 0 0 15
1 0 0 15
1 0 0 15
1 0 0 15
1 0 0 15
1 0 0 15
1 0 0 15
1 0 0 15
1 0 0 15
1 0 0 15
1 0 0 15
1 0 0 15
1 0 0 15
1 0 0 15
1 0 0 15
1 0 0 15
1 0 0 15
1 0 0 15
1 0 0 16
1 0 0 16
1 0 0 16
1 0 0 16
1 0 0 16
1 0 0 16
1 0 0 16
1 0 0 17
1 0 0 17
1 0 0 17
1 0 0 17
1 0 0 17
1 0 0 17
1 0 0 17
1 0 0 17
1 0 0 17
1 0 0 17
1 0 0 17
1 0 0 17
1 0 0 17
1 0 0 17
1 0 0 17
1 0 0 17
1 0 0 17
1 0 0 17
1 0 0 17
1 0 0 17
1 0 0 16
1 0 0 16
1 0 0 16
1 0 0 16
1 0 0 16
1 0 0 16
1 0 0 16
1 0 0 16
1 0 0 16
1 0 0 16
1 0 0 16
1 0 0 16
1 0 0 16
1 0 0 7
1 0 0 18
1 0 0 18
1 0 0 18
1 0 0 18
1 0 0 18
1 0 0 18
1 0 0 18
1 0 0 18
1 0 0 18
1 0 0 18
1 0 0 18
1 0 0 18
1 0 0 19
1 0 0 19
1 0 0 19
1 0 0 19
1 0 0 19
1 0 0 19
1 0 0 19
1 0 0 19
1 0 0 19
1 0 0 19
1 0 0 19
1 0 0 19
1 0 0 19
1 0 0 19
1 0 0 19
1 0 0 19
1 0 0 19
1 0 0 19
1 0 0 19
1 0 0 19
1 0 0 18
1 0 0 18
1 0 0 18
1 0 0 18
1 0 0 18
1 0 0 18
1 0 0 18
1 0 0 18
1 0 0 20
1 0 0 20
1 0 0 20
1 0 0 20
1 0 0 20
1 0 0 20
1 0 0 20
1 0 0 21
1 0 0 21
1 0 0 21
1 0 0 21
1 0 0 21
1 0 0 21
1 0 0 21
1 0 0 21
1 0 0 21
1 0 0 21
1 0 0 21
1 0 0 21
1 0 0 21
1 0 0 21
1 0 0 21
1 0 0 21
1 0 0 22
1 0 0 22
1 0 0 22
1 0 0 22
1 0 0 22
1 0 0 22
1 0 0 22
1 0 0 22
1 0 0 22
1 0 0 22
1 0 0 22
1 0 0 22
1 0 0 22
1 0 0 22
1 0 0 22
1 0 0 22
1 0 0 22
1 0 0 22
1 0 0 22
1 0 0 22
1 0 0 21
1 0 0 21
1 0 0 21
1 0 0 21
1 0 0 20
1 0 0 20
1 0 0 23
1 0 0 23
1 0 0 23
1 0 0 23
1 0 0 23
1 0 0 23
1 0 0 23
1 0 0 23
1 0 0 23
1 0 0 23
1 0 0 23
1 0 0 23
1 0 0 23
1 0 0 23
1 0 0 23
1 0 0 23
1 0 0 23
1 0 0 23
1 0 0 23
1 0 0 23
1 0 0 24
1 0 0 24
1 0 0 24
1 0 0 24
1 0 0 24
1 0 0 24
1 0 0 24
1 0 0 24
1 0 0 24
1 0 0 24
1 0 0 24
1 0 0 24
1 0 0 24
1 0 0 24
1 0 0 24
1 0 0 24
1 0 0 24
1 0 0 24
1 0 0 24
1 0 0 24
1 0 0 25
1 0 0 25
1 0 0 25
1 0 0 25
1 0 0 25
1 0 0 25
1 0 0 25
1 0 0 25
1 0 0 25
1 0 0 25
1 0 0 25
1 0 0 25
1 0 0 25
1 0 0 25
1 0 0 25
1 0 0 25
1 0 0 25
1 0 0 25
1 0 0 25
1 0 0 25
1 0 0 26
1 0 0 26
1 0 0 26
1 0 0 26
1 0 0 26
1 0 0 26
1 0 0 26
1 0 0 26
1 0 0 26
1 0 0 26
1 0 0 26
1 0 0 26
1 0 0 26
1 0 0 26
1 0 0 26
1 0 0 26
1 0 0 26
1 0 0 26
1 0 0 26
1 0 0 26
1 0 0 20
1 0 0 20
1 0 0 20
1 0 0 20
1 0 0 20
1 0 0 20
1 0 0 20
1 0 0 27
1 0 0 27
1 0 0 27
1 0 0 27
1 0 0 27
1 0 0 27
1 0 0 27
1 0 0 27
1 0 0 27
1 0 0 27
1 0 0 27
1 0 0 27
1 0 0 27
1 0 0 27
1 0 0 27
1 0 0 27
1 0 0 27
1 0 0 27
1 0 0 27
1 0 0 27
1 0 0 28
1 0 0 28
1 0 0 28
1 0 0 28
1 0 0 28
1 0 0 28
1 0 0 28
1 0 0 28
1 0 0 29
1 0 0 29
1 0 0 29
1 0 0 29
1 0 0 29
1 0 0 29
1 0 0 29
1 0 0 29
1 0 0 29
1 0 0 29
1 0 0 29
1 0 0 29
1 0 0 29
1 0 0 29
1 0 0 29
1 0 0 29
1 0 0 29
1 0 0 29
1 0 0 29
1 0 0 29
1 0 0 28
1 0 0 28
1 0 0 28
1 0 0 28
1 0 0 28
1 0 0 28
1 0 0 28
1 0 0 28
1 0 0 28
1 0 0 28
1 0 0 28
1 0 0 28
1 0 0 20
1 0 0 20
1 0 0 20
1 0 0 20
1 0 0 30
1 0 0 30
1 0 0 30
1 0 0 30
1 0 0 30
1 0 0 30
1 0 0 30
1 0 0 30
1 0 0 30
1 0 0 30
1 0 0 30
1 0 0 30
1 0 0 30
1 0 0 30
1 0 0 30
1 0 0 30
1 0 0 30
1 0 0 30
1 0 0 30
1 0 0 30
1 0 0 31
1 0 0 31
1 0 0 31
1 0 0 31
1 0 0 31
1 0 0 31
1 0 0 31
1 0 0 31
1 0 0 31
1 0 0 31
1 0 0 32
1 0 0 32
1 0 0 32
1 0 0 32
1 0 0 32
1 0 0 32
1 0 0 32
1 0 0 32
1 0 0 32
1 0 0 32
1 0 0 32
1 0 0 32
1 0 0 33
1 0 0 33
1 0 0 33
1 0 0 33
1 0 0 33
1 0 0 33
1 0 0 33
1 0 0 33
1 0 0 33
1 0 0 33
1 0 0 33
1 0 0 33
1 0 0 33
1 0 0 33
1 0 0 33
1 0 0 33
1 0 0 33
1 0 0 33
1 0 0 33
1 0 0 33
1 0 0 34
1 0 0 34
1 0 0 34
1 0 0 34
1 0 0 34
1 0 0 34
1 0 0 34
1 0 0 34
1 0 0 34
1 0 0 34
1 0 0 34
1 0 0 34
1 0 0 34
1 0 0 34
1 0 0 34
1 0 0 34
1 0 0 34
1 0 0 34
1 0 0 34
1 0 0 34
1 0 0 35
1 0 0 35
1 0 0 35
1 0 0 35
1 0 0 35
1 0 0 35
1 0 0 35
1 0 0 35
1 0 0 35
1 0 0 35
1 0 0 35
1 0 0 35
1 0 0 35
1 0 0 35
1 0 0 35
1 0 0 35
1 0 0 35
1 0 0 35
1 0 0 35
1 0 0 35
1 0 0 36
1 0 0 36
1 0 0 36
1 0 0 36
1 0 0 36
1 0 0 36
1 0 0 36
1 0 0 36
1 0 0 36
1 0 0 36
1 0 0 36
1 0 0 36
1 0 0 36
1 0 0 36
1 0 0 36
1 0 0 36
1 0 0 36
1 0 0 36
1 0 0 36
1 0 0 36
1 0 0 37
1 0 0 37
1 0 0 37
1 0 0 37
1 0 0 37
1 0 0 37
1 0 0 37
1 0 0 37
1 0 0 37
1 0 0 37
1 0 0 37
1 0 0 37
1 0 0 37
1 0 0 37
1 0 0 37
1 0 0 37
1 0 0 37
1 0 0 37
1 0 0 37
1 0 0 37
1 0 0 32
1 0 0 32
1 0 0 32
1 0 0 32
1 0 0 32
1 0 0 32
1 0 0 32
1 0 0 32
1 0 0 31
1 0 0 31
1 0 0 31
1 0 0 31
1 0 0 31
1 0 0 31
1 0 0 31
1 0 0 31
1 0 0 31
1 0 0 31
1 0 0 38
1 0 0 38
1 0 0 38
1 0 0 38
1 0 0 38
1 0 0 38
1 0 0 38
1 0 0 38
1 0 0 38
1 0 0 38
1 0 0 38
1 0 0 38
1 0 0 38
1 0 0 38
1 0 0 38
1 0 0 38
1 0 0 38
1 0 0 38
1 0 0 38
1 0 0 38
1 0 0 39
1 0 0 39
1 0 0 39
1 0 0 39
1 0 0 39
1 0 0 39
1 0 0 39
1 0 0 39
1 0 0 39
1 0 0 39
1 0 0 39
1 0 0 39
1 0 0 39
1 0 0 39
1 0 0 39
1 0 0 39
1 0 0 39
1 0 0 39
1 0 0 39
1 0 0 39
0.1 1 2 -1
0.1 3 4 -1
0.1 782 5 -1
0.1 6 7 -1
0.1 784 8 -1
0.1 10 11 -1
0.1 9 786 -1
0.1 12 13 -1
0.1 18 19 -1
0.1 17 789 -1
0.1 16 790 -1
0.1 15 791 -1
0.1 14 792 -1
0.1 788 793 -1
0.1 787 794 -1
0.1 785 795 -1
0.1 783 796 -1
0.1 22 23 -1
0.1 21 798 -1
0.1 25 26 -1
0.1 800 27 -1
0.1 24 801 -1
0.1 799 802 -1
0.1 28 29 -1
0.1 31 32 -1
0.1 30 805 -1
0.1 804 806 -1
0.1 33 34 -1
0.1 808 35 -1
0.1 37 38 -1
0.1 36 810 -1
0.1 809 811 -1
0.1 39 40 -1
0.1 812 813 -1
0.1 807 814 -1
0.1 803 815 -1
0.1 41 42 -1
0.1 43 44 -1
0.1 45 46 -1
0.1 818 819 -1
0.1 47 48 -1
0.1 820 821 -1
0.1 817 822 -1
0.1 50 51 -1
0.1 49 824 -1
0.1 52 53 -1
0.1 826 54 -1
0.1 57 58 -1
0.1 56 828 -1
0.1 55 829 -1
0.1 59 60 -1
0.1 830 831 -1
0.1 827 832 -1
0.1 825 833 -1
0.1 823 834 -1
0.1 62 63 -1
0.1 61 836 -1
0.1 835 837 -1
0.1 64 65 -1
0.1 66 67 -1
0.1 840 68 -1
0.1 839 841 -1
0.1 838 842 -1
0.1 71 72 -1
0.1 70 844 -1
0.1 73 74 -1
0.1 845 846 -1
0.1 69 847 -1
0.1 76 77 -1
0.1 75 849 -1
0.1 850 78 -1
0.1 851 79 -1
0.1 852 80 -1
0.1 848 853 -1
0.1 843 854 -1
0.1 816 855 -1
0.1 81 82 -1
0.1 856 857 -1
0.1 20 858 -1
0.1 797 859 -1
0.1 860 83 -1
0.1 861 84 -1
0.1 88 89 -1
0.1 87 863 -1
0.1 86 864 -1
0.1 85 865 -1
0.1 90 91 -1
0.1 866 867 -1
0.1 93 94 -1
0.1 92 869 -1
0.1 868 870 -1
0.1 96 97 -1
0.1 95 872 -1
0.1 99 100 -1
0.1 98 874 -1
0.1 873 875 -1
0.1 871 876 -1
0.1 862 877 -1
0.1 781 878 -1
0.1 101 102 -1
0.1 103 104 -1
0.1 880 881 -1
0.1 107 108 -1
0.1 883 109 -1
0.1 111 112 -1
0.1 110 885 -1
0.1 886 113 -1
0.1 117 118 -1
0.1 116 888 -1
0.1 115 889 -1
0.1 114 890 -1
0.1 887 891 -1
0.1 119 120 -1
0.1 893 121 -1
0.1 122 123 -1
0.1 124 125 -1
0.1 895 896 -1
0.1 894 897 -1
0.1 898 126 -1
0.1 892 899 -1
0.1 884 900 -1
0.1 130 131 -1
0.1 902 132 -1
0.1 129 903 -1
0.1 128 904 -1
0.1 127 905 -1
0.1 901 906 -1
0.1 134 135 -1
0.1 908 136 -1
0.1 909 137 -1
0.1 138 139 -1
0.1 140 141 -1
0.1 911 912 -1
0.1 910 913 -1
0.1 133 914 -1
0.1 907 915 -1
0.1 106 916 -1
0.1 105 917 -1
0.1 882 918 -1
0.1 145 146 -1
0.1 144 920 -1
0.1 143 921 -1
0.1 142 922 -1
0.1 149 150 -1
0.1 924 151 -1
0.1 153 154 -1
0.1 152 926 -1
0.1 925 927 -1
0.1 155 156 -1
0.1 929 157 -1
0.1 930 158 -1
0.1 928 931 -1
0.1 932 159 -1
0.1 148 933 -1
0.1 160 161 -1
0.1 934 935 -1
0.1 147 936 -1
0.1 923 937 -1
0.1 162 163 -1
0.1 939 164 -1
0.1 938 940 -1
0.1 919 941 -1
0.1 165 166 -1
0.1 170 171 -1
0.1 173 174 -1
0.1 172 945 -1
0.1 944 946 -1
0.1 169 947 -1
0.1 177 178 -1
0.1 176 949 -1
0.1 179 180 -1
0.1 950 951 -1
0.1 952 181 -1
0.1 175 953 -1
0.1 182 183 -1
0.1 955 184 -1
0.1 954 956 -1
0.1 948 957 -1
0.1 168 958 -1
0.1 185 186 -1
0.1 960 187 -1
0.1 959 961 -1
0.1 167 962 -1
0.1 943 963 -1
0.1 188 189 -1
0.1 964 965 -1
0.1 942 966 -1
0.1 879 967 -1
0.1 190 191 -1
0.1 192 193 -1
0.1 969 970 -1
0.1 195 196 -1
0.1 197 198 -1
0.1 202 203 -1
0.1 205 206 -1
0.1 209 210 -1
0.1 208 976 -1
0.1 211 212 -1
0.1 977 978 -1
0.1 207 979 -1
0.1 975 980 -1
0.1 204 981 -1
0.1 213 214 -1
0.1 215 216 -1
0.1 983 984 -1
0.1 217 218 -1
0.1 985 986 -1
0.1 982 987 -1
0.1 988 219 -1
0.1 974 989 -1
0.1 201 990 -1
0.1 200 991 -1
0.1 199 992 -1
0.1 973 993 -1
0.1 972 994 -1
0.1 194 995 -1
0.1 221 222 -1
0.1 220 997 -1
0.1 224 225 -1
0.1 999 226 -1
0.1 223 1000 -1
0.1 1001 227 -1
0.1 998 1002 -1
0.1 1003 228 -1
0.1 231 232 -1
0.1 230 1005 -1
0.1 229 1006 -1
0.1 234 235 -1
0.1 233 1008 -1
0.1 236 237 -1
0.1 238 239 -1
0.1 1010 1011 -1
0.1 1009 1012 -1
0.1 1007 1013 -1
0.1 243 244 -1
0.1 242 1015 -1
0.1 241 1016 -1
0.1 248 249 -1
0.1 247 1018 -1
0.1 246 1019 -1
0.1 245 1020 -1
0.1 251 252 -1
0.1 250 1022 -1
0.1 1023 253 -1
0.1 1021 1024 -1
0.1 254 255 -1
0.1 256 257 -1
0.1 1026 1027 -1
0.1 258 259 -1
0.1 1029 260 -1
0.1 261 262 -1
0.1 263 264 -1
0.1 266 267 -1
0.1 265 1033 -1
0.1 1032 1034 -1
0.1 1031 1035 -1
0.1 1030 1036 -1
0.1 1028 1037 -1
0.1 269 270 -1
0.1 268 1039 -1
0.1 271 272 -1
0.1 1040 1041 -1
0.1 1042 273 -1
0.1 1038 1043 -1
0.1 1025 1044 -1
0.1 276 277 -1
0.1 275 1046 -1
0.1 278 279 -1
0.1 1047 1048 -1
0.1 274 1049 -1
0.1 1045 1050 -1
0.1 1017 1051 -1
0.1 240 1052 -1
0.1 282 283 -1
0.1 284 285 -1
0.1 1055 286 -1
0.1 288 289 -1
0.1 287 1057 -1
0.1 291 292 -1
0.1 290 1059 -1
0.1 294 295 -1
0.1 293 1061 -1
0.1 1062 296 -1
0.1 1060 1063 -1
0.1 1058 1064 -1
0.1 1056 1065 -1
0.1 1066 297 -1
0.1 1054 1067 -1
0.1 298 299 -1
0.1 1068 1069 -1
0.1 281 1070 -1
0.1 280 1071 -1
0.1 1053 1072 -1
0.1 303 304 -1
0.1 1074 305 -1
0.1 302 1075 -1
0.1 1076 306 -1
0.1 301 1077 -1
0.1 300 1078 -1
0.1 1073 1079 -1
0.1 308 309 -1
0.1 307 1081 -1
0.1 311 312 -1
0.1 310 1083 -1
0.1 313 314 -1
0.1 316 317 -1
0.1 315 1086 -1
0.1 318 319 -1
0.1 1087 1088 -1
0.1 1085 1089 -1
0.1 1084 1090 -1
0.1 322 323 -1
0.1 321 1092 -1
0.1 320 1093 -1
0.1 1094 324 -1
0.1 325 326 -1
0.1 1095 1096 -1
0.1 1091 1097 -1
0.1 1082 1098 -1
0.1 327 328 -1
0.1 1100 329 -1
0.1 334 335 -1
0.1 333 1102 -1
0.1 336 337 -1
0.1 1103 1104 -1
0.1 332 1105 -1
0.1 338 339 -1
0.1 1106 1107 -1
0.1 331 1108 -1
0.1 330 1109 -1
0.1 1101 1110 -1
0.1 1099 1111 -1
0.1 1080 1112 -1
0.1 1014 1113 -1
0.1 1004 1114 -1
0.1 1115 340 -1
0.1 341 342 -1
0.1 344 345 -1
0.1 343 1118 -1
0.1 1119 346 -1
0.1 1117 1120 -1
0.1 347 348 -1
0.1 1121 1122 -1
0.1 350 351 -1
0.1 1124 352 -1
0.1 356 357 -1
0.1 355 1126 -1
0.1 354 1127 -1
0.1 353 1128 -1
0.1 360 361 -1
0.1 363 364 -1
0.1 362 1131 -1
0.1 368 369 -1
0.1 370 371 -1
0.1 1133 1134 -1
0.1 367 1135 -1
0.1 366 1136 -1
0.1 365 1137 -1
0.1 1132 1138 -1
0.1 1130 1139 -1
0.1 359 1140 -1
0.1 358 1141 -1
0.1 1142 372 -1
0.1 1129 1143 -1
0.1 373 374 -1
0.1 1145 375 -1
0.1 1146 376 -1
0.1 378 379 -1
0.1 377 1148 -1
0.1 1147 1149 -1
0.1 1150 380 -1
0.1 1144 1151 -1
0.1 1125 1152 -1
0.1 349 1153 -1
0.1 1123 1154 -1
0.1 1116 1155 -1
0.1 996 1156 -1
0.1 971 1157 -1
0.1 968 1158 -1
0.1 381 382 -1
0.1 1160 383 -1
0.1 1161 384 -1
0.1 385 386 -1
0.1 1163 387 -1
0.1 389 390 -1
0.1 391 392 -1
0.1 1165 1166 -1
0.1 388 1167 -1
0.1 1168 393 -1
0.1 394 395 -1
0.1 1170 396 -1
0.1 1171 397 -1
0.1 1169 1172 -1
0.1 398 399 -1
0.1 400 401 -1
0.1 402 403 -1
0.1 1175 1176 -1
0.1 1174 1177 -1
0.1 406 407 -1
0.1 405 1179 -1
0.1 404 1180 -1
0.1 410 411 -1
0.1 409 1182 -1
0.1 408 1183 -1
0.1 412 413 -1
0.1 414 415 -1
0.1 1185 1186 -1
0.1 1187 416 -1
0.1 417 418 -1
0.1 420 421 -1
0.1 419 1190 -1
0.1 1189 1191 -1
0.1 1188 1192 -1
0.1 1184 1193 -1
0.1 422 423 -1
0.1 1194 1195 -1
0.1 1181 1196 -1
0.1 425 426 -1
0.1 1198 427 -1
0.1 424 1199 -1
0.1 1197 1200 -1
0.1 1178 1201 -1
0.1 1173 1202 -1
0.1 430 431 -1
0.1 432 433 -1
0.1 1205 434 -1
0.1 1204 1206 -1
0.1 436 437 -1
0.1 435 1208 -1
0.1 439 440 -1
0.1 441 442 -1
0.1 1211 443 -1
0.1 1210 1212 -1
0.1 438 1213 -1
0.1 1209 1214 -1
0.1 1207 1215 -1
0.1 445 446 -1
0.1 1217 447 -1
0.1 448 449 -1
0.1 1218 1219 -1
0.1 444 1220 -1
0.1 1216 1221 -1
0.1 450 451 -1
0.1 453 454 -1
0.1 452 1224 -1
0.1 1225 455 -1
0.1 456 457 -1
0.1 1226 1227 -1
0.1 1223 1228 -1
0.1 459 460 -1
0.1 458 1230 -1
0.1 461 462 -1
0.1 465 466 -1
0.1 464 1233 -1
0.1 463 1234 -1
0.1 1232 1235 -1
0.1 1231 1236 -1
0.1 468 469 -1
0.1 467 1238 -1
0.1 1237 1239 -1
0.1 1229 1240 -1
0.1 470 471 -1
0.1 1242 472 -1
0.1 476 477 -1
0.1 475 1244 -1
0.1 1245 478 -1
0.1 479 480 -1
0.1 1246 1247 -1
0.1 474 1248 -1
0.1 482 483 -1
0.1 481 1250 -1
0.1 1249 1251 -1
0.1 473 1252 -1
0.1 1243 1253 -1
0.1 484 485 -1
0.1 486 487 -1
0.1 1256 488 -1
0.1 1257 489 -1
0.1 1255 1258 -1
0.1 1254 1259 -1
0.1 1260 490 -1
0.1 1241 1261 -1
0.1 492 493 -1
0.1 491 1263 -1
0.1 1264 494 -1
0.1 495 496 -1
0.1 497 498 -1
0.1 1266 1267 -1
0.1 500 501 -1
0.1 499 1269 -1
0.1 502 503 -1
0.1 1270 1271 -1
0.1 505 506 -1
0.1 504 1273 -1
0.1 507 508 -1
0.1 1275 509 -1
0.1 1274 1276 -1
0.1 1272 1277 -1
0.1 1268 1278 -1
0.1 1265 1279 -1
0.1 1262 1280 -1
0.1 1222 1281 -1
0.1 429 1282 -1
0.1 428 1283 -1
0.1 1203 1284 -1
0.1 1164 1285 -1
0.1 1286 510 -1
0.1 1287 511 -1
0.1 513 514 -1
0.1 515 516 -1
0.1 1289 1290 -1
0.1 519 520 -1
0.1 518 1292 -1
0.1 517 1293 -1
0.1 521 522 -1
0.1 1295 523 -1
0.1 526 527 -1
0.1 529 530 -1
0.1 528 1298 -1
0.1 1297 1299 -1
0.1 531 532 -1
0.1 1300 1301 -1
0.1 525 1302 -1
0.1 1303 533 -1
0.1 524 1304 -1
0.1 534 535 -1
0.1 1305 1306 -1
0.1 1296 1307 -1
0.1 1308 536 -1
0.1 1294 1309 -1
0.1 538 539 -1
0.1 540 541 -1
0.1 1311 1312 -1
0.1 543 544 -1
0.1 542 1314 -1
0.1 1313 1315 -1
0.1 537 1316 -1
0.1 546 547 -1
0.1 545 1318 -1
0.1 1319 548 -1
0.1 549 550 -1
0.1 1321 551 -1
0.1 1320 1322 -1
0.1 553 554 -1
0.1 555 556 -1
0.1 1324 1325 -1
0.1 558 559 -1
0.1 557 1327 -1
0.1 1326 1328 -1
0.1 561 562 -1
0.1 563 564 -1
0.1 1330 1331 -1
0.1 560 1332 -1
0.1 1329 1333 -1
0.1 552 1334 -1
0.1 1323 1335 -1
0.1 567 568 -1
0.1 566 1337 -1
0.1 1338 569 -1
0.1 565 1339 -1
0.1 1340 570 -1
0.1 1336 1341 -1
0.1 571 572 -1
0.1 1343 573 -1
0.1 1344 574 -1
0.1 575 576 -1
0.1 1345 1346 -1
0.1 1342 1347 -1
0.1 1317 1348 -1
0.1 1310 1349 -1
0.1 1291 1350 -1
0.1 512 1351 -1
0.1 578 579 -1
0.1 1353 580 -1
0.1 577 1354 -1
0.1 1352 1355 -1
0.1 1288 1356 -1
0.1 1162 1357 -1
0.1 581 582 -1
0.1 583 584 -1
0.1 1359 1360 -1
0.1 585 586 -1
0.1 1361 1362 -1
0.1 589 590 -1
0.1 591 592 -1
0.1 1364 1365 -1
0.1 1366 593 -1
0.1 588 1367 -1
0.1 594 595 -1
0.1 596 597 -1
0.1 599 600 -1
0.1 598 1371 -1
0.1 1370 1372 -1
0.1 1369 1373 -1
0.1 1368 1374 -1
0.1 587 1375 -1
0.1 1363 1376 -1
0.1 1358 1377 -1
0.1 601 602 -1
0.1 604 605 -1
0.1 603 1380 -1
0.1 1381 606 -1
0.1 1379 1382 -1
0.1 609 610 -1
0.1 608 1384 -1
0.1 607 1385 -1
0.1 1383 1386 -1
0.1 612 613 -1
0.1 611 1388 -1
0.1 614 615 -1
0.1 1389 1390 -1
0.1 617 618 -1
0.1 616 1392 -1
0.1 619 620 -1
0.1 1393 1394 -1
0.1 621 622 -1
0.1 624 625 -1
0.1 623 1397 -1
0.1 628 629 -1
0.1 627 1399 -1
0.1 626 1400 -1
0.1 630 631 -1
0.1 1402 632 -1
0.1 1401 1403 -1
0.1 1404 633 -1
0.1 636 637 -1
0.1 635 1406 -1
0.1 639 640 -1
0.1 638 1408 -1
0.1 1407 1409 -1
0.1 634 1410 -1
0.1 641 642 -1
0.1 1411 1412 -1
0.1 1405 1413 -1
0.1 645 646 -1
0.1 644 1415 -1
0.1 643 1416 -1
0.1 647 648 -1
0.1 1417 1418 -1
0.1 649 650 -1
0.1 652 653 -1
0.1 1421 654 -1
0.1 651 1422 -1
0.1 655 656 -1
0.1 1423 1424 -1
0.1 1420 1425 -1
0.1 1419 1426 -1
0.1 658 659 -1
0.1 661 662 -1
0.1 660 1429 -1
0.1 1428 1430 -1
0.1 657 1431 -1
0.1 665 666 -1
0.1 664 1433 -1
0.1 1434 667 -1
0.1 668 669 -1
0.1 670 671 -1
0.1 1436 1437 -1
0.1 1435 1438 -1
0.1 663 1439 -1
0.1 675 676 -1
0.1 674 1441 -1
0.1 677 678 -1
0.1 1442 1443 -1
0.1 673 1444 -1
0.1 672 1445 -1
0.1 681 682 -1
0.1 680 1447 -1
0.1 679 1448 -1
0.1 1446 1449 -1
0.1 1440 1450 -1
0.1 1432 1451 -1
0.1 1427 1452 -1
0.1 1414 1453 -1
0.1 1398 1454 -1
0.1 684 685 -1
0.1 687 688 -1
0.1 686 1457 -1
0.1 1456 1458 -1
0.1 683 1459 -1
0.1 689 690 -1
0.1 691 692 -1
0.1 1461 1462 -1
0.1 693 694 -1
0.1 695 696 -1
0.1 1464 1465 -1
0.1 1466 697 -1
0.1 1467 698 -1
0.1 700 701 -1
0.1 699 1469 -1
0.1 1470 702 -1
0.1 1468 1471 -1
0.1 1463 1472 -1
0.1 1460 1473 -1
0.1 704 705 -1
0.1 703 1475 -1
0.1 706 707 -1
0.1 1477 708 -1
0.1 1476 1478 -1
0.1 709 710 -1
0.1 713 714 -1
0.1 712 1481 -1
0.1 711 1482 -1
0.1 715 716 -1
0.1 1483 1484 -1
0.1 1480 1485 -1
0.1 1479 1486 -1
0.1 1474 1487 -1
0.1 718 719 -1
0.1 720 721 -1
0.1 1489 1490 -1
0.1 717 1491 -1
0.1 1492 722 -1
0.1 1488 1493 -1
0.1 1455 1494 -1
0.1 1495 723 -1
0.1 1396 1496 -1
0.1 727 728 -1
0.1 726 1498 -1
0.1 725 1499 -1
0.1 724 1500 -1
0.1 1497 1501 -1
0.1 1395 1502 -1
0.1 1391 1503 -1
0.1 729 730 -1
0.1 1504 1505 -1
0.1 732 733 -1
0.1 731 1507 -1
0.1 734 735 -1
0.1 737 738 -1
0.1 736 1510 -1
0.1 739 740 -1
0.1 741 742 -1
0.1 744 745 -1
0.1 1514 746 -1
0.1 1515 747 -1
0.1 1516 748 -1
0.1 1517 749 -1
0.1 1518 750 -1
0.1 1519 751 -1
0.1 753 754 -1
0.1 752 1521 -1
0.1 1520 1522 -1
0.1 1523 755 -1
0.1 743 1524 -1
0.1 756 757 -1
0.1 1525 1526 -1
0.1 1527 758 -1
0.1 759 760 -1
0.1 1528 1529 -1
0.1 1513 1530 -1
0.1 1512 1531 -1
0.1 1511 1532 -1
0.1 1509 1533 -1
0.1 1508 1534 -1
0.1 1506 1535 -1
0.1 1387 1536 -1
0.1 761 762 -1
0.1 763 764 -1
0.1 765 766 -1
0.1 769 770 -1
0.1 768 1541 -1
0.1 771 772 -1
0.1 1543 773 -1
0.1 1542 1544 -1
0.1 1545 774 -1
0.1 1546 775 -1
0.1 767 1547 -1
0.1 776 777 -1
0.1 1549 778 -1
0.1 1550 779 -1
0.1 1551 780 -1
0.1 1548 1552 -1
0.1 1540 1553 -1
0.1 1539 1554 -1
0.1 1538 1555 -1
0.1 1537 1556 -1
0.1 1378 1557 -1
0.1 1159 1558 -1
