1 0 0 1
1 0 0 2
1 0 0 1
1 0 0 1
1 0 0 3
1 0 0 3
1 0 0 4
1 0 0 4
1 0 0 4
1 0 0 5
1 0 0 5
1 0 0 5
1 0 0 5
1 0 0 5
1 0 0 6
1 0 0 6
1 0 0 6
1 0 0 3
1 0 0 5
1 0 0 5
1 0 0 5
1 0 0 5
1 0 0 6
1 0 0 6
1 0 0 6
1 0 0 6
1 0 0 1
1 0 0 1
1 0 0 2
1 0 0 2
1 0 0 2
1 0 0 2
1 0 0 2
1 0 0 2
1 0 0 2
1 0 0 1
1 0 0 1
1 0 0 7
1 0 0 3
1 0 0 3
1 0 0 7
1 0 0 7
1 0 0 7
1 0 0 7
1 0 0 7
1 0 0 7
1 0 0 8
1 0 0 8
1 0 0 8
1 0 0 6
1 0 0 6
1 0 0 8
1 0 0 8
1 0 0 2
1 0 0 9
1 0 0 8
1 0 0 9
1 0 0 3
1 0 0 3
1 0 0 7
1 0 0 7
1 0 0 8
1 0 0 8
1 0 0 7
1 0 0 3
1 0 0 1
1 0 0 1
1 0 0 1
1 0 0 9
1 0 0 9
1 0 0 9
1 0 0 9
1 0 0 9
1 0 0 9
1 0 0 9
1 0 0 6
1 0 0 2
1 0 0 4
1 0 0 4
1 0 0 4
1 0 0 4
1 0 0 4
1 0 0 4
1 0 0 9
1 0 0 5
1 0 0 4
1 0 0 8
1 0 0 8
1 0 0 10
1 0 0 10
1 0 0 10
1 0 0 10
1 0 0 10
1 0 0 10
1 0 0 10
1 0 0 10
1 0 0 10
1 0 0 10
1 0 0 3
1 0 0 3
1 0 0 11
1 0 0 11
1 0 0 11
1 0 0 11
1 0 0 11
1 0 0 11
1 0 0 11
1 0 0 11
1 0 0 12
1 0 0 11
1 0 0 11
1 0 0 13
1 0 0 14
1 0 0 14
1 0 0 14
1 0 0 14
1 0 0 14
1 0 0 14
1 0 0 14
1 0 0 12
1 0 0 14
1 0 0 14
1 0 0 14
1 0 0 15
1 0 0 15
1 0 0 15
1 0 0 15
1 0 0 15
1 0 0 16
1 0 0 16
1 0 0 16
1 0 0 16
1 0 0 16
1 0 0 16
1 0 0 16
1 0 0 16
1 0 0 16
1 0 0 16
1 0 0 15
1 0 0 12
1 0 0 12
1 0 0 12
1 0 0 12
1 0 0 12
1 0 0 12
1 0 0 12
1 0 0 15
1 0 0 17
1 0 0 17
1 0 0 17
1 0 0 17
1 0 0 17
1 0 0 17
1 0 0 17
1 0 0 17
1 0 0 17
1 0 0 17
1 0 0 12
1 0 0 18
1 0 0 18
1 0 0 18
1 0 0 18
1 0 0 18
1 0 0 18
1 0 0 18
1 0 0 18
1 0 0 18
1 0 0 18
1 0 0 15
1 0 0 15
1 0 0 13
1 0 0 13
1 0 0 13
1 0 0 13
1 0 0 13
1 0 0 13
1 0 0 13
1 0 0 13
1 0 0 13
1 0 0 15
0.1 2 3 -1
0.1 181 4 -1
0.1 1 182 -1
0.1 5 6 -1
0.1 184 7 -1
0.1 185 8 -1
0.1 12 13 -1
0.1 187 14 -1
0.1 11 188 -1
0.1 10 189 -1
0.1 9 190 -1
0.1 186 191 -1
0.1 183 192 -1
0.1 16 17 -1
0.1 15 194 -1
0.1 195 18 -1
0.1 19 20 -1
0.1 21 22 -1
0.1 197 198 -1
0.1 23 24 -1
0.1 199 200 -1
0.1 196 201 -1
0.1 25 26 -1
0.1 202 203 -1
0.1 193 204 -1
0.1 27 28 -1
0.1 29 30 -1
0.1 33 34 -1
0.1 32 208 -1
0.1 209 35 -1
0.1 31 210 -1
0.1 207 211 -1
0.1 212 36 -1
0.1 206 213 -1
0.1 39 40 -1
0.1 215 41 -1
0.1 43 44 -1
0.1 217 45 -1
0.1 42 218 -1
0.1 216 219 -1
0.1 38 220 -1
0.1 48 49 -1
0.1 50 51 -1
0.1 223 52 -1
0.1 222 224 -1
0.1 47 225 -1
0.1 54 55 -1
0.1 53 227 -1
0.1 58 59 -1
0.1 57 229 -1
0.1 56 230 -1
0.1 228 231 -1
0.1 226 232 -1
0.1 60 61 -1
0.1 233 234 -1
0.1 46 235 -1
0.1 62 63 -1
0.1 237 64 -1
0.1 236 238 -1
0.1 221 239 -1
0.1 37 240 -1
0.1 214 241 -1
0.1 65 66 -1
0.1 67 68 -1
0.1 243 244 -1
0.1 72 73 -1
0.1 71 246 -1
0.1 70 247 -1
0.1 69 248 -1
0.1 74 75 -1
0.1 249 250 -1
0.1 76 77 -1
0.1 251 252 -1
0.1 80 81 -1
0.1 79 254 -1
0.1 78 255 -1
0.1 256 82 -1
0.1 257 83 -1
0.1 258 84 -1
0.1 85 86 -1
0.1 259 260 -1
0.1 253 261 -1
0.1 87 88 -1
0.1 262 263 -1
0.1 245 264 -1
0.1 242 265 -1
0.1 205 266 -1
0.1 93 94 -1
0.1 92 268 -1
0.1 91 269 -1
0.1 96 97 -1
0.1 95 271 -1
0.1 270 272 -1
0.1 273 98 -1
0.1 90 274 -1
0.1 89 275 -1
0.1 99 100 -1
0.1 276 277 -1
0.1 101 102 -1
0.1 279 103 -1
0.1 280 104 -1
0.1 107 108 -1
0.1 106 282 -1
0.1 105 283 -1
0.1 109 110 -1
0.1 284 285 -1
0.1 281 286 -1
0.1 287 111 -1
0.1 114 115 -1
0.1 116 117 -1
0.1 289 290 -1
0.1 118 119 -1
0.1 291 292 -1
0.1 113 293 -1
0.1 122 123 -1
0.1 121 295 -1
0.1 120 296 -1
0.1 294 297 -1
0.1 112 298 -1
0.1 299 124 -1
0.1 288 300 -1
0.1 126 127 -1
0.1 125 302 -1
0.1 129 130 -1
0.1 304 131 -1
0.1 132 133 -1
0.1 306 134 -1
0.1 137 138 -1
0.1 136 308 -1
0.1 135 309 -1
0.1 307 310 -1
0.1 305 311 -1
0.1 128 312 -1
0.1 303 313 -1
0.1 301 314 -1
0.1 140 141 -1
0.1 316 142 -1
0.1 145 146 -1
0.1 144 318 -1
0.1 143 319 -1
0.1 317 320 -1
0.1 150 151 -1
0.1 152 153 -1
0.1 322 323 -1
0.1 149 324 -1
0.1 155 156 -1
0.1 154 326 -1
0.1 325 327 -1
0.1 328 157 -1
0.1 159 160 -1
0.1 158 330 -1
0.1 162 163 -1
0.1 332 164 -1
0.1 333 165 -1
0.1 161 334 -1
0.1 335 166 -1
0.1 167 168 -1
0.1 336 337 -1
0.1 331 338 -1
0.1 329 339 -1
0.1 148 340 -1
0.1 341 169 -1
0.1 147 342 -1
0.1 171 172 -1
0.1 173 174 -1
0.1 345 175 -1
0.1 176 177 -1
0.1 178 179 -1
0.1 347 348 -1
0.1 346 349 -1
0.1 344 350 -1
0.1 351 180 -1
0.1 170 352 -1
0.1 343 353 -1
0.1 321 354 -1
0.1 139 355 -1
0.1 315 356 -1
0.1 278 357 -1
0.1 267 358 -1
