1 0 0 1
1 0 0 2
1 0 0 3
1 0 0 4
1 0 0 4
1 0 0 4
1 0 0 4
1 0 0 4
1 0 0 1
1 0 0 1
1 0 0 1
1 0 0 1
1 0 0 1
1 0 0 1
1 0 0 1
1 0 0 1
1 0 0 1
1 0 0 5
1 0 0 5
1 0 0 5
1 0 0 5
1 0 0 5
1 0 0 5
1 0 0 5
1 0 0 5
1 0 0 5
1 0 0 5
1 0 0 6
1 0 0 6
1 0 0 6
1 0 0 6
1 0 0 6
1 0 0 6
1 0 0 6
1 0 0 6
1 0 0 6
1 0 0 7
1 0 0 7
1 0 0 7
1 0 0 3
1 0 0 3
1 0 0 8
1 0 0 8
1 0 0 8
1 0 0 3
1 0 0 3
1 0 0 3
1 0 0 3
1 0 0 3
1 0 0 6
1 0 0 2
1 0 0 4
1 0 0 4
1 0 0 4
1 0 0 4
1 0 0 2
1 0 0 3
1 0 0 7
1 0 0 7
1 0 0 7
1 0 0 7
1 0 0 7
1 0 0 7
1 0 0 7
1 0 0 2
1 0 0 2
1 0 0 9
1 0 0 9
1 0 0 9
1 0 0 9
1 0 0 9
1 0 0 9
1 0 0 9
1 0 0 9
1 0 0 2
1 0 0 2
1 0 0 3
1 0 0 2
1 0 0 2
1 0 0 10
1 0 0 10
1 0 0 10
1 0 0 10
1 0 0 10
1 0 0 9
1 0 0 9
1 0 0 10
1 0 0 10
1 0 0 10
1 0 0 10
1 0 0 10
1 0 0 4
1 0 0 2
1 0 0 11
1 0 0 11
1 0 0 11
1 0 0 11
1 0 0 11
1 0 0 11
1 0 0 11
1 0 0 11
1 0 0 11
1 0 0 12
1 0 0 13
1 0 0 13
1 0 0 13
1 0 0 13
1 0 0 13
1 0 0 13
1 0 0 13
1 0 0 13
1 0 0 13
1 0 0 13
1 0 0 14
1 0 0 15
1 0 0 15
1 0 0 15
1 0 0 15
1 0 0 15
1 0 0 15
1 0 0 15
1 0 0 15
1 0 0 15
1 0 0 15
1 0 0 12
1 0 0 12
1 0 0 12
1 0 0 12
1 0 0 12
1 0 0 11
1 0 0 12
1 0 0 12
1 0 0 12
1 0 0 12
1 0 0 14
1 0 0 14
1 0 0 8
1 0 0 8
1 0 0 8
1 0 0 8
1 0 0 8
1 0 0 8
1 0 0 8
1 0 0 16
1 0 0 16
1 0 0 16
1 0 0 16
1 0 0 16
1 0 0 16
1 0 0 16
1 0 0 16
1 0 0 16
1 0 0 17
1 0 0 17
1 0 0 17
1 0 0 16
1 0 0 14
1 0 0 14
1 0 0 14
1 0 0 14
1 0 0 14
1 0 0 14
1 0 0 17
1 0 0 17
1 0 0 17
1 0 0 17
1 0 0 17
1 0 0 17
1 0 0 17
1 0 0 18
1 0 0 18
1 0 0 18
1 0 0 18
1 0 0 18
1 0 0 18
1 0 0 18
1 0 0 18
1 0 0 18
1 0 0 18
1 0 0 14
0.1 1 2 -1
0.1 4 5 -1
0.1 7 8 -1
0.1 6 183 -1
0.1 182 184 -1
0.1 185 9 -1
0.1 10 11 -1
0.1 12 13 -1
0.1 14 15 -1
0.1 188 189 -1
0.1 187 190 -1
0.1 186 191 -1
0.1 16 17 -1
0.1 192 193 -1
0.1 18 19 -1
0.1 195 20 -1
0.1 23 24 -1
0.1 197 25 -1
0.1 26 27 -1
0.1 198 199 -1
0.1 22 200 -1
0.1 21 201 -1
0.1 196 202 -1
0.1 28 29 -1
0.1 203 204 -1
0.1 194 205 -1
0.1 30 31 -1
0.1 206 207 -1
0.1 33 34 -1
0.1 209 35 -1
0.1 32 210 -1
0.1 37 38 -1
0.1 212 39 -1
0.1 40 41 -1
0.1 42 43 -1
0.1 215 44 -1
0.1 46 47 -1
0.1 217 48 -1
0.1 45 218 -1
0.1 219 49 -1
0.1 216 220 -1
0.1 214 221 -1
0.1 213 222 -1
0.1 223 50 -1
0.1 36 224 -1
0.1 211 225 -1
0.1 208 226 -1
0.1 227 51 -1
0.1 52 53 -1
0.1 54 55 -1
0.1 229 230 -1
0.1 231 56 -1
0.1 58 59 -1
0.1 60 61 -1
0.1 233 234 -1
0.1 235 62 -1
0.1 57 236 -1
0.1 63 64 -1
0.1 237 238 -1
0.1 65 66 -1
0.1 239 240 -1
0.1 232 241 -1
0.1 228 242 -1
0.1 68 69 -1
0.1 70 71 -1
0.1 244 245 -1
0.1 67 246 -1
0.1 247 72 -1
0.1 73 74 -1
0.1 248 249 -1
0.1 250 75 -1
0.1 251 76 -1
0.1 243 252 -1
0.1 3 253 -1
0.1 181 254 -1
0.1 77 78 -1
0.1 256 79 -1
0.1 82 83 -1
0.1 81 258 -1
0.1 259 84 -1
0.1 80 260 -1
0.1 85 86 -1
0.1 87 88 -1
0.1 263 89 -1
0.1 264 90 -1
0.1 265 91 -1
0.1 262 266 -1
0.1 267 92 -1
0.1 261 268 -1
0.1 269 93 -1
0.1 257 270 -1
0.1 255 271 -1
0.1 94 95 -1
0.1 273 96 -1
0.1 98 99 -1
0.1 275 100 -1
0.1 276 101 -1
0.1 97 277 -1
0.1 274 278 -1
0.1 106 107 -1
0.1 105 280 -1
0.1 104 281 -1
0.1 109 110 -1
0.1 108 283 -1
0.1 282 284 -1
0.1 112 113 -1
0.1 111 286 -1
0.1 285 287 -1
0.1 103 288 -1
0.1 102 289 -1
0.1 279 290 -1
0.1 291 114 -1
0.1 115 116 -1
0.1 119 120 -1
0.1 294 121 -1
0.1 295 122 -1
0.1 118 296 -1
0.1 117 297 -1
0.1 293 298 -1
0.1 299 123 -1
0.1 300 124 -1
0.1 128 129 -1
0.1 127 302 -1
0.1 126 303 -1
0.1 132 133 -1
0.1 131 305 -1
0.1 306 134 -1
0.1 130 307 -1
0.1 304 308 -1
0.1 309 135 -1
0.1 125 310 -1
0.1 301 311 -1
0.1 139 140 -1
0.1 138 313 -1
0.1 141 142 -1
0.1 315 143 -1
0.1 314 316 -1
0.1 137 317 -1
0.1 136 318 -1
0.1 312 319 -1
0.1 292 320 -1
0.1 146 147 -1
0.1 145 322 -1
0.1 144 323 -1
0.1 148 149 -1
0.1 150 151 -1
0.1 325 326 -1
0.1 154 155 -1
0.1 153 328 -1
0.1 329 156 -1
0.1 152 330 -1
0.1 327 331 -1
0.1 324 332 -1
0.1 157 158 -1
0.1 333 334 -1
0.1 335 159 -1
0.1 321 336 -1
0.1 163 164 -1
0.1 166 167 -1
0.1 165 339 -1
0.1 338 340 -1
0.1 168 169 -1
0.1 341 342 -1
0.1 162 343 -1
0.1 170 171 -1
0.1 174 175 -1
0.1 346 176 -1
0.1 173 347 -1
0.1 172 348 -1
0.1 177 178 -1
0.1 349 350 -1
0.1 345 351 -1
0.1 352 179 -1
0.1 344 353 -1
0.1 161 354 -1
0.1 160 355 -1
0.1 337 356 -1
0.1 357 180 -1
0.1 272 358 -1
