1 0 0 1
1 0 0 2
1 0 0 2
1 0 0 3
1 0 0 3
1 0 0 3
1 0 0 4
1 0 0 5
1 0 0 5
1 0 0 5
1 0 0 5
1 0 0 5
1 0 0 5
1 0 0 5
1 0 0 5
1 0 0 5
1 0 0 5
1 0 0 4
1 0 0 4
1 0 0 4
1 0 0 4
1 0 0 4
1 0 0 4
1 0 0 4
1 0 0 4
1 0 0 4
1 0 0 6
1 0 0 6
1 0 0 6
1 0 0 6
1 0 0 6
1 0 0 6
1 0 0 6
1 0 0 6
1 0 0 6
1 0 0 2
1 0 0 7
1 0 0 7
1 0 0 7
1 0 0 7
1 0 0 7
1 0 0 7
1 0 0 8
1 0 0 7
1 0 0 7
1 0 0 7
1 0 0 9
1 0 0 9
1 0 0 10
1 0 0 10
1 0 0 10
1 0 0 10
1 0 0 10
1 0 0 10
1 0 0 10
1 0 0 10
1 0 0 10
1 0 0 10
1 0 0 7
1 0 0 11
1 0 0 11
1 0 0 11
1 0 0 11
1 0 0 11
1 0 0 11
1 0 0 11
1 0 0 11
1 0 0 11
1 0 0 11
1 0 0 8
1 0 0 8
1 0 0 8
1 0 0 8
1 0 0 8
1 0 0 8
1 0 0 8
1 0 0 8
1 0 0 8
1 0 0 9
1 0 0 9
1 0 0 9
1 0 0 9
1 0 0 9
1 0 0 9
1 0 0 9
1 0 0 12
1 0 0 12
1 0 0 12
1 0 0 12
1 0 0 12
1 0 0 12
1 0 0 12
1 0 0 12
1 0 0 13
1 0 0 13
1 0 0 13
1 0 0 13
1 0 0 13
1 0 0 13
1 0 0 13
1 0 0 13
1 0 0 13
1 0 0 13
1 0 0 14
1 0 0 14
1 0 0 14
1 0 0 14
1 0 0 15
1 0 0 15
1 0 0 15
1 0 0 15
1 0 0 15
1 0 0 15
1 0 0 15
1 0 0 15
1 0 0 15
1 0 0 15
1 0 0 14
1 0 0 14
1 0 0 14
1 0 0 14
1 0 0 14
1 0 0 14
1 0 0 12
1 0 0 12
1 0 0 9
1 0 0 16
1 0 0 16
1 0 0 16
1 0 0 16
1 0 0 16
1 0 0 1
1 0 0 1
1 0 0 17
1 0 0 17
1 0 0 17
1 0 0 17
1 0 0 17
1 0 0 17
1 0 0 17
1 0 0 17
1 0 0 17
1 0 0 17
1 0 0 2
1 0 0 2
1 0 0 2
1 0 0 18
1 0 0 18
1 0 0 18
1 0 0 18
1 0 0 18
1 0 0 18
1 0 0 18
1 0 0 18
1 0 0 18
1 0 0 18
1 0 0 6
1 0 0 2
1 0 0 2
1 0 0 2
1 0 0 2
1 0 0 1
1 0 0 1
1 0 0 1
1 0 0 19
1 0 0 20
1 0 0 21
1 0 0 21
1 0 0 21
1 0 0 21
1 0 0 21
1 0 0 21
1 0 0 21
1 0 0 21
1 0 0 21
1 0 0 22
1 0 0 19
1 0 0 19
1 0 0 19
1 0 0 19
1 0 0 19
1 0 0 16
1 0 0 16
1 0 0 16
1 0 0 20
1 0 0 20
1 0 0 21
1 0 0 20
1 0 0 19
1 0 0 20
1 0 0 20
1 0 0 23
1 0 0 23
1 0 0 23
1 0 0 23
1 0 0 23
1 0 0 22
1 0 0 22
1 0 0 20
1 0 0 24
1 0 0 24
1 0 0 24
1 0 0 22
1 0 0 22
1 0 0 22
1 0 0 22
1 0 0 24
1 0 0 24
1 0 0 24
1 0 0 24
1 0 0 24
1 0 0 24
1 0 0 24
1 0 0 22
1 0 0 22
1 0 0 22
1 0 0 23
1 0 0 23
1 0 0 23
1 0 0 23
1 0 0 23
1 0 0 19
1 0 0 3
1 0 0 3
1 0 0 3
1 0 0 3
1 0 0 3
1 0 0 3
1 0 0 3
1 0 0 19
1 0 0 19
1 0 0 20
1 0 0 20
1 0 0 1
1 0 0 1
1 0 0 25
1 0 0 20
1 0 0 16
1 0 0 16
1 0 0 25
1 0 0 25
1 0 0 25
1 0 0 25
1 0 0 25
1 0 0 25
1 0 0 25
1 0 0 25
1 0 0 25
1 0 0 26
1 0 0 26
1 0 0 26
1 0 0 26
1 0 0 26
1 0 0 26
1 0 0 26
1 0 0 26
1 0 0 26
1 0 0 26
1 0 0 1
1 0 0 1
0.1 4 5 -1
0.1 261 6 -1
0.1 8 9 -1
0.1 263 10 -1
0.1 264 11 -1
0.1 12 13 -1
0.1 265 266 -1
0.1 16 17 -1
0.1 15 268 -1
0.1 14 269 -1
0.1 267 270 -1
0.1 7 271 -1
0.1 272 18 -1
0.1 262 273 -1
0.1 20 21 -1
0.1 275 22 -1
0.1 19 276 -1
0.1 25 26 -1
0.1 24 278 -1
0.1 23 279 -1
0.1 277 280 -1
0.1 274 281 -1
0.1 3 282 -1
0.1 2 283 -1
0.1 28 29 -1
0.1 27 285 -1
0.1 286 30 -1
0.1 287 31 -1
0.1 32 33 -1
0.1 288 289 -1
0.1 34 35 -1
0.1 291 36 -1
0.1 290 292 -1
0.1 284 293 -1
0.1 38 39 -1
0.1 37 295 -1
0.1 41 42 -1
0.1 43 44 -1
0.1 297 298 -1
0.1 45 46 -1
0.1 299 300 -1
0.1 49 50 -1
0.1 52 53 -1
0.1 51 303 -1
0.1 304 54 -1
0.1 302 305 -1
0.1 55 56 -1
0.1 306 307 -1
0.1 57 58 -1
0.1 308 309 -1
0.1 48 310 -1
0.1 47 311 -1
0.1 301 312 -1
0.1 62 63 -1
0.1 65 66 -1
0.1 64 315 -1
0.1 314 316 -1
0.1 61 317 -1
0.1 60 318 -1
0.1 67 68 -1
0.1 319 320 -1
0.1 321 69 -1
0.1 73 74 -1
0.1 72 323 -1
0.1 71 324 -1
0.1 70 325 -1
0.1 322 326 -1
0.1 75 76 -1
0.1 327 328 -1
0.1 77 78 -1
0.1 329 330 -1
0.1 59 331 -1
0.1 313 332 -1
0.1 40 333 -1
0.1 296 334 -1
0.1 81 82 -1
0.1 80 336 -1
0.1 79 337 -1
0.1 86 87 -1
0.1 89 90 -1
0.1 91 92 -1
0.1 340 341 -1
0.1 342 93 -1
0.1 88 343 -1
0.1 94 95 -1
0.1 96 97 -1
0.1 345 346 -1
0.1 347 98 -1
0.1 99 100 -1
0.1 348 349 -1
0.1 101 102 -1
0.1 350 351 -1
0.1 352 103 -1
0.1 104 105 -1
0.1 109 110 -1
0.1 112 113 -1
0.1 111 356 -1
0.1 357 114 -1
0.1 115 116 -1
0.1 358 359 -1
0.1 355 360 -1
0.1 108 361 -1
0.1 362 117 -1
0.1 363 118 -1
0.1 364 119 -1
0.1 107 365 -1
0.1 121 122 -1
0.1 120 367 -1
0.1 366 368 -1
0.1 106 369 -1
0.1 370 123 -1
0.1 354 371 -1
0.1 353 372 -1
0.1 124 125 -1
0.1 373 374 -1
0.1 344 375 -1
0.1 339 376 -1
0.1 85 377 -1
0.1 84 378 -1
0.1 379 126 -1
0.1 83 380 -1
0.1 338 381 -1
0.1 335 382 -1
0.1 294 383 -1
0.1 128 129 -1
0.1 127 385 -1
0.1 130 131 -1
0.1 386 387 -1
0.1 384 388 -1
0.1 389 132 -1
0.1 1 390 -1
0.1 134 135 -1
0.1 136 137 -1
0.1 138 139 -1
0.1 140 141 -1
0.1 395 142 -1
0.1 394 396 -1
0.1 397 143 -1
0.1 393 398 -1
0.1 392 399 -1
0.1 145 146 -1
0.1 144 401 -1
0.1 400 402 -1
0.1 148 149 -1
0.1 151 152 -1
0.1 150 405 -1
0.1 406 153 -1
0.1 407 154 -1
0.1 408 155 -1
0.1 404 409 -1
0.1 147 410 -1
0.1 411 156 -1
0.1 412 157 -1
0.1 413 158 -1
0.1 160 161 -1
0.1 159 415 -1
0.1 414 416 -1
0.1 403 417 -1
0.1 418 162 -1
0.1 133 419 -1
0.1 391 420 -1
0.1 167 168 -1
0.1 169 170 -1
0.1 422 423 -1
0.1 171 172 -1
0.1 173 174 -1
0.1 425 426 -1
0.1 427 175 -1
0.1 424 428 -1
0.1 166 429 -1
0.1 430 176 -1
0.1 178 179 -1
0.1 177 432 -1
0.1 180 181 -1
0.1 433 434 -1
0.1 183 184 -1
0.1 182 436 -1
0.1 185 186 -1
0.1 438 187 -1
0.1 437 439 -1
0.1 435 440 -1
0.1 188 189 -1
0.1 441 442 -1
0.1 431 443 -1
0.1 165 444 -1
0.1 190 191 -1
0.1 192 193 -1
0.1 446 447 -1
0.1 194 195 -1
0.1 448 449 -1
0.1 450 196 -1
0.1 201 202 -1
0.1 200 452 -1
0.1 199 453 -1
0.1 204 205 -1
0.1 203 455 -1
0.1 207 208 -1
0.1 211 212 -1
0.1 210 458 -1
0.1 459 213 -1
0.1 209 460 -1
0.1 457 461 -1
0.1 206 462 -1
0.1 463 214 -1
0.1 456 464 -1
0.1 465 215 -1
0.1 466 216 -1
0.1 454 467 -1
0.1 198 468 -1
0.1 197 469 -1
0.1 218 219 -1
0.1 217 471 -1
0.1 472 220 -1
0.1 473 221 -1
0.1 470 474 -1
0.1 451 475 -1
0.1 445 476 -1
0.1 228 229 -1
0.1 227 478 -1
0.1 226 479 -1
0.1 225 480 -1
0.1 224 481 -1
0.1 223 482 -1
0.1 222 483 -1
0.1 230 231 -1
0.1 484 485 -1
0.1 477 486 -1
0.1 232 233 -1
0.1 487 488 -1
0.1 164 489 -1
0.1 234 235 -1
0.1 490 491 -1
0.1 238 239 -1
0.1 237 493 -1
0.1 240 241 -1
0.1 242 243 -1
0.1 496 244 -1
0.1 245 246 -1
0.1 247 248 -1
0.1 498 499 -1
0.1 497 500 -1
0.1 495 501 -1
0.1 494 502 -1
0.1 236 503 -1
0.1 492 504 -1
0.1 249 250 -1
0.1 251 252 -1
0.1 507 253 -1
0.1 506 508 -1
0.1 509 254 -1
0.1 255 256 -1
0.1 510 511 -1
0.1 257 258 -1
0.1 512 513 -1
0.1 505 514 -1
0.1 515 259 -1
0.1 516 260 -1
0.1 163 517 -1
0.1 421 518 -1
