1 0 0 1
1 0 0 1
1 0 0 1
1 0 0 1
1 0 0 1
1 0 0 1
1 0 0 1
1 0 0 1
1 0 0 1
1 0 0 1
1 0 0 2
1 0 0 2
1 0 0 2
1 0 0 2
1 0 0 2
1 0 0 2
1 0 0 2
1 0 0 2
1 0 0 2
1 0 0 2
1 0 0 3
1 0 0 3
1 0 0 4
1 0 0 4
1 0 0 4
1 0 0 4
1 0 0 4
1 0 0 4
1 0 0 4
1 0 0 4
1 0 0 4
1 0 0 4
1 0 0 3
1 0 0 3
1 0 0 3
1 0 0 3
1 0 0 3
1 0 0 5
1 0 0 5
1 0 0 5
1 0 0 5
1 0 0 5
1 0 0 5
1 0 0 5
1 0 0 5
1 0 0 5
1 0 0 5
1 0 0 6
1 0 0 6
1 0 0 6
1 0 0 6
1 0 0 6
1 0 0 6
1 0 0 6
1 0 0 6
1 0 0 6
1 0 0 6
1 0 0 7
1 0 0 7
1 0 0 7
1 0 0 8
1 0 0 8
1 0 0 8
1 0 0 8
1 0 0 8
1 0 0 8
1 0 0 8
1 0 0 8
1 0 0 8
1 0 0 8
1 0 0 9
1 0 0 9
1 0 0 9
1 0 0 9
1 0 0 9
1 0 0 9
1 0 0 9
1 0 0 9
1 0 0 9
1 0 0 9
1 0 0 10
1 0 0 10
1 0 0 10
1 0 0 10
1 0 0 10
1 0 0 11
1 0 0 11
1 0 0 11
1 0 0 11
1 0 0 11
1 0 0 11
1 0 0 11
1 0 0 11
1 0 0 11
1 0 0 11
1 0 0 10
1 0 0 10
1 0 0 10
1 0 0 7
1 0 0 7
1 0 0 7
1 0 0 7
1 0 0 7
1 0 0 10
1 0 0 10
1 0 0 7
1 0 0 7
1 0 0 3
1 0 0 12
1 0 0 12
1 0 0 13
1 0 0 13
1 0 0 13
1 0 0 13
1 0 0 13
1 0 0 13
1 0 0 13
1 0 0 13
1 0 0 13
1 0 0 14
1 0 0 14
1 0 0 14
1 0 0 14
1 0 0 14
1 0 0 14
1 0 0 14
1 0 0 14
1 0 0 14
1 0 0 14
1 0 0 15
1 0 0 15
1 0 0 15
1 0 0 15
1 0 0 15
1 0 0 15
1 0 0 15
1 0 0 15
1 0 0 15
1 0 0 15
1 0 0 13
1 0 0 16
1 0 0 16
1 0 0 16
1 0 0 16
1 0 0 16
1 0 0 16
1 0 0 16
1 0 0 16
1 0 0 16
1 0 0 16
1 0 0 17
1 0 0 17
1 0 0 17
1 0 0 17
1 0 0 17
1 0 0 17
1 0 0 17
1 0 0 17
1 0 0 17
1 0 0 17
1 0 0 18
1 0 0 18
1 0 0 18
1 0 0 18
1 0 0 18
1 0 0 18
1 0 0 18
1 0 0 18
1 0 0 18
1 0 0 18
1 0 0 19
1 0 0 19
1 0 0 19
1 0 0 20
1 0 0 20
1 0 0 20
1 0 0 20
1 0 0 20
1 0 0 20
1 0 0 20
1 0 0 20
1 0 0 20
1 0 0 20
1 0 0 21
1 0 0 21
1 0 0 21
1 0 0 21
1 0 0 21
1 0 0 21
1 0 0 21
1 0 0 21
1 0 0 21
1 0 0 21
1 0 0 19
1 0 0 19
1 0 0 19
1 0 0 22
1 0 0 22
1 0 0 22
1 0 0 22
1 0 0 22
1 0 0 22
1 0 0 22
1 0 0 22
1 0 0 22
1 0 0 22
1 0 0 19
1 0 0 19
1 0 0 23
1 0 0 23
1 0 0 23
1 0 0 23
1 0 0 23
1 0 0 23
1 0 0 23
1 0 0 23
1 0 0 23
1 0 0 23
1 0 0 19
1 0 0 24
1 0 0 24
1 0 0 24
1 0 0 24
1 0 0 24
1 0 0 24
1 0 0 24
1 0 0 24
1 0 0 24
1 0 0 24
1 0 0 19
1 0 0 25
1 0 0 25
1 0 0 25
1 0 0 25
1 0 0 25
1 0 0 25
1 0 0 25
1 0 0 25
1 0 0 25
1 0 0 25
1 0 0 26
1 0 0 26
1 0 0 26
1 0 0 26
1 0 0 26
1 0 0 26
1 0 0 26
1 0 0 26
1 0 0 26
1 0 0 26
1 0 0 27
1 0 0 27
1 0 0 27
1 0 0 27
1 0 0 27
1 0 0 27
1 0 0 27
1 0 0 27
1 0 0 27
1 0 0 27
1 0 0 12
1 0 0 28
1 0 0 28
1 0 0 28
1 0 0 28
1 0 0 28
1 0 0 28
1 0 0 28
1 0 0 28
1 0 0 28
1 0 0 28
1 0 0 12
1 0 0 12
1 0 0 12
1 0 0 12
1 0 0 12
1 0 0 12
1 0 0 12
1 0 0 29
1 0 0 29
1 0 0 29
1 0 0 29
1 0 0 29
1 0 0 29
1 0 0 29
1 0 0 29
1 0 0 29
1 0 0 29
1 0 0 30
1 0 0 30
1 0 0 30
1 0 0 30
1 0 0 30
1 0 0 30
1 0 0 30
1 0 0 30
1 0 0 30
1 0 0 30
1 0 0 31
1 0 0 31
1 0 0 31
1 0 0 31
1 0 0 32
1 0 0 32
1 0 0 32
1 0 0 32
1 0 0 32
1 0 0 32
1 0 0 32
1 0 0 32
1 0 0 32
1 0 0 32
1 0 0 31
1 0 0 31
1 0 0 31
1 0 0 31
1 0 0 31
1 0 0 31
1 0 0 33
1 0 0 33
1 0 0 33
1 0 0 33
1 0 0 33
1 0 0 33
1 0 0 33
1 0 0 33
1 0 0 33
1 0 0 33
1 0 0 34
1 0 0 34
1 0 0 35
1 0 0 35
1 0 0 35
1 0 0 35
1 0 0 35
1 0 0 35
1 0 0 35
1 0 0 35
1 0 0 36
1 0 0 36
1 0 0 36
1 0 0 36
1 0 0 36
1 0 0 36
1 0 0 36
1 0 0 36
1 0 0 36
1 0 0 36
1 0 0 37
1 0 0 35
1 0 0 35
1 0 0 38
1 0 0 38
1 0 0 38
1 0 0 38
1 0 0 38
1 0 0 38
1 0 0 37
1 0 0 38
1 0 0 38
1 0 0 38
1 0 0 38
1 0 0 37
1 0 0 37
1 0 0 37
1 0 0 37
1 0 0 37
1 0 0 37
1 0 0 37
1 0 0 37
1 0 0 39
1 0 0 39
1 0 0 39
1 0 0 39
1 0 0 40
1 0 0 40
1 0 0 40
1 0 0 40
1 0 0 40
1 0 0 40
1 0 0 40
1 0 0 40
1 0 0 40
1 0 0 40
1 0 0 39
1 0 0 39
1 0 0 41
1 0 0 41
1 0 0 41
1 0 0 41
1 0 0 41
1 0 0 41
1 0 0 42
1 0 0 42
1 0 0 42
1 0 0 42
1 0 0 42
1 0 0 42
1 0 0 42
1 0 0 42
1 0 0 42
1 0 0 42
1 0 0 41
1 0 0 41
1 0 0 41
1 0 0 41
1 0 0 43
1 0 0 43
1 0 0 43
1 0 0 43
1 0 0 43
1 0 0 43
1 0 0 43
1 0 0 43
1 0 0 43
1 0 0 43
1 0 0 44
1 0 0 44
1 0 0 44
1 0 0 44
1 0 0 44
1 0 0 44
1 0 0 44
1 0 0 44
1 0 0 44
1 0 0 44
1 0 0 39
1 0 0 39
1 0 0 39
1 0 0 39
1 0 0 45
1 0 0 46
1 0 0 46
1 0 0 46
1 0 0 46
1 0 0 46
1 0 0 46
1 0 0 46
1 0 0 46
1 0 0 46
1 0 0 46
1 0 0 45
1 0 0 45
1 0 0 45
1 0 0 45
1 0 0 45
1 0 0 45
1 0 0 45
1 0 0 45
1 0 0 45
1 0 0 47
1 0 0 47
1 0 0 47
1 0 0 47
1 0 0 47
1 0 0 47
1 0 0 47
1 0 0 47
1 0 0 47
1 0 0 47
1 0 0 34
1 0 0 34
1 0 0 34
1 0 0 34
1 0 0 48
1 0 0 48
1 0 0 48
1 0 0 48
1 0 0 49
1 0 0 49
1 0 0 49
1 0 0 49
1 0 0 49
1 0 0 49
1 0 0 49
1 0 0 49
1 0 0 49
1 0 0 49
1 0 0 48
1 0 0 48
1 0 0 48
1 0 0 48
1 0 0 48
1 0 0 48
1 0 0 50
1 0 0 50
1 0 0 50
1 0 0 50
1 0 0 50
1 0 0 51
1 0 0 51
1 0 0 51
1 0 0 51
1 0 0 51
1 0 0 51
1 0 0 51
1 0 0 51
1 0 0 51
1 0 0 51
1 0 0 50
1 0 0 52
1 0 0 52
1 0 0 52
1 0 0 52
1 0 0 52
1 0 0 53
1 0 0 53
1 0 0 53
1 0 0 53
1 0 0 53
1 0 0 53
1 0 0 53
1 0 0 53
1 0 0 53
1 0 0 53
1 0 0 52
1 0 0 52
1 0 0 52
1 0 0 52
1 0 0 54
1 0 0 54
1 0 0 54
1 0 0 54
1 0 0 54
1 0 0 54
1 0 0 54
1 0 0 54
1 0 0 54
1 0 0 54
1 0 0 55
1 0 0 55
1 0 0 55
1 0 0 55
1 0 0 55
1 0 0 55
1 0 0 55
1 0 0 55
1 0 0 55
1 0 0 55
1 0 0 52
1 0 0 56
1 0 0 56
1 0 0 56
1 0 0 56
1 0 0 56
1 0 0 56
1 0 0 56
1 0 0 56
1 0 0 56
1 0 0 56
1 0 0 57
1 0 0 57
1 0 0 57
1 0 0 58
1 0 0 58
1 0 0 58
1 0 0 58
1 0 0 58
1 0 0 58
1 0 0 58
1 0 0 58
1 0 0 58
1 0 0 58
1 0 0 57
1 0 0 57
1 0 0 57
1 0 0 57
1 0 0 57
1 0 0 57
1 0 0 57
1 0 0 59
1 0 0 60
1 0 0 60
1 0 0 60
1 0 0 60
1 0 0 60
1 0 0 60
1 0 0 60
1 0 0 60
1 0 0 60
1 0 0 60
1 0 0 61
1 0 0 61
1 0 0 61
1 0 0 61
1 0 0 62
1 0 0 62
1 0 0 62
1 0 0 62
1 0 0 62
1 0 0 62
1 0 0 62
1 0 0 62
1 0 0 62
1 0 0 62
1 0 0 63
1 0 0 63
1 0 0 63
1 0 0 63
1 0 0 63
1 0 0 63
1 0 0 63
1 0 0 63
1 0 0 63
1 0 0 63
1 0 0 61
1 0 0 61
1 0 0 61
1 0 0 61
1 0 0 61
1 0 0 61
1 0 0 59
1 0 0 64
1 0 0 64
1 0 0 64
1 0 0 64
1 0 0 64
1 0 0 64
1 0 0 64
1 0 0 64
1 0 0 64
1 0 0 64
1 0 0 59
1 0 0 65
1 0 0 65
1 0 0 65
1 0 0 65
1 0 0 65
1 0 0 65
1 0 0 65
1 0 0 65
1 0 0 65
1 0 0 65
1 0 0 66
1 0 0 66
1 0 0 66
1 0 0 66
1 0 0 66
1 0 0 66
1 0 0 66
1 0 0 66
1 0 0 66
1 0 0 66
1 0 0 59
1 0 0 59
1 0 0 59
1 0 0 67
1 0 0 67
1 0 0 67
1 0 0 67
1 0 0 67
1 0 0 67
1 0 0 67
1 0 0 67
1 0 0 67
1 0 0 67
1 0 0 68
1 0 0 68
1 0 0 68
1 0 0 68
1 0 0 68
1 0 0 68
1 0 0 68
1 0 0 68
1 0 0 68
1 0 0 68
1 0 0 59
1 0 0 59
1 0 0 69
1 0 0 69
1 0 0 69
1 0 0 69
1 0 0 69
1 0 0 69
1 0 0 69
1 0 0 69
1 0 0 69
1 0 0 69
1 0 0 59
1 0 0 59
1 0 0 50
1 0 0 50
1 0 0 50
1 0 0 50
1 0 0 3
1 0 0 3
1 0 0 34
1 0 0 34
1 0 0 34
1 0 0 70
1 0 0 70
1 0 0 70
1 0 0 70
1 0 0 70
1 0 0 70
1 0 0 70
1 0 0 70
1 0 0 70
1 0 0 70
1 0 0 34
0.1 2 3 -1
0.1 5 6 -1
0.1 702 7 -1
0.1 9 10 -1
0.1 8 704 -1
0.1 703 705 -1
0.1 4 706 -1
0.1 701 707 -1
0.1 1 708 -1
0.1 14 15 -1
0.1 13 710 -1
0.1 17 18 -1
0.1 19 20 -1
0.1 712 713 -1
0.1 16 714 -1
0.1 711 715 -1
0.1 12 716 -1
0.1 11 717 -1
0.1 21 22 -1
0.1 27 28 -1
0.1 26 720 -1
0.1 721 29 -1
0.1 31 32 -1
0.1 30 723 -1
0.1 722 724 -1
0.1 25 725 -1
0.1 24 726 -1
0.1 23 727 -1
0.1 36 37 -1
0.1 35 729 -1
0.1 34 730 -1
0.1 33 731 -1
0.1 728 732 -1
0.1 719 733 -1
0.1 38 39 -1
0.1 41 42 -1
0.1 40 736 -1
0.1 43 44 -1
0.1 737 738 -1
0.1 739 45 -1
0.1 740 46 -1
0.1 741 47 -1
0.1 735 742 -1
0.1 49 50 -1
0.1 48 744 -1
0.1 51 52 -1
0.1 746 53 -1
0.1 54 55 -1
0.1 56 57 -1
0.1 748 749 -1
0.1 747 750 -1
0.1 745 751 -1
0.1 59 60 -1
0.1 58 753 -1
0.1 62 63 -1
0.1 61 755 -1
0.1 65 66 -1
0.1 67 68 -1
0.1 757 758 -1
0.1 64 759 -1
0.1 756 760 -1
0.1 69 70 -1
0.1 761 762 -1
0.1 71 72 -1
0.1 73 74 -1
0.1 75 76 -1
0.1 765 766 -1
0.1 77 78 -1
0.1 79 80 -1
0.1 768 769 -1
0.1 767 770 -1
0.1 764 771 -1
0.1 763 772 -1
0.1 754 773 -1
0.1 752 774 -1
0.1 82 83 -1
0.1 81 776 -1
0.1 87 88 -1
0.1 89 90 -1
0.1 91 92 -1
0.1 93 94 -1
0.1 780 781 -1
0.1 779 782 -1
0.1 778 783 -1
0.1 784 95 -1
0.1 86 785 -1
0.1 85 786 -1
0.1 84 787 -1
0.1 777 788 -1
0.1 96 97 -1
0.1 790 98 -1
0.1 789 791 -1
0.1 99 100 -1
0.1 102 103 -1
0.1 101 794 -1
0.1 793 795 -1
0.1 104 105 -1
0.1 106 107 -1
0.1 797 798 -1
0.1 796 799 -1
0.1 792 800 -1
0.1 775 801 -1
0.1 802 108 -1
0.1 743 803 -1
0.1 734 804 -1
0.1 112 113 -1
0.1 111 806 -1
0.1 115 116 -1
0.1 114 808 -1
0.1 120 121 -1
0.1 810 122 -1
0.1 127 128 -1
0.1 126 812 -1
0.1 125 813 -1
0.1 814 129 -1
0.1 124 815 -1
0.1 123 816 -1
0.1 811 817 -1
0.1 130 131 -1
0.1 819 132 -1
0.1 133 134 -1
0.1 135 136 -1
0.1 138 139 -1
0.1 137 823 -1
0.1 822 824 -1
0.1 821 825 -1
0.1 820 826 -1
0.1 818 827 -1
0.1 119 828 -1
0.1 829 140 -1
0.1 118 830 -1
0.1 117 831 -1
0.1 809 832 -1
0.1 807 833 -1
0.1 142 143 -1
0.1 141 835 -1
0.1 144 145 -1
0.1 836 837 -1
0.1 146 147 -1
0.1 838 839 -1
0.1 149 150 -1
0.1 148 841 -1
0.1 840 842 -1
0.1 151 152 -1
0.1 153 154 -1
0.1 155 156 -1
0.1 157 158 -1
0.1 159 160 -1
0.1 847 848 -1
0.1 846 849 -1
0.1 845 850 -1
0.1 844 851 -1
0.1 843 852 -1
0.1 162 163 -1
0.1 161 854 -1
0.1 164 165 -1
0.1 167 168 -1
0.1 169 170 -1
0.1 857 858 -1
0.1 166 859 -1
0.1 856 860 -1
0.1 855 861 -1
0.1 172 173 -1
0.1 171 863 -1
0.1 174 175 -1
0.1 177 178 -1
0.1 176 866 -1
0.1 181 182 -1
0.1 180 868 -1
0.1 179 869 -1
0.1 185 186 -1
0.1 184 871 -1
0.1 187 188 -1
0.1 189 190 -1
0.1 873 874 -1
0.1 872 875 -1
0.1 191 192 -1
0.1 876 877 -1
0.1 878 193 -1
0.1 183 879 -1
0.1 870 880 -1
0.1 867 881 -1
0.1 865 882 -1
0.1 195 196 -1
0.1 194 884 -1
0.1 197 198 -1
0.1 199 200 -1
0.1 887 201 -1
0.1 888 202 -1
0.1 205 206 -1
0.1 204 890 -1
0.1 203 891 -1
0.1 889 892 -1
0.1 886 893 -1
0.1 885 894 -1
0.1 212 213 -1
0.1 211 896 -1
0.1 210 897 -1
0.1 209 898 -1
0.1 215 216 -1
0.1 217 218 -1
0.1 900 901 -1
0.1 214 902 -1
0.1 899 903 -1
0.1 208 904 -1
0.1 207 905 -1
0.1 220 221 -1
0.1 223 224 -1
0.1 222 908 -1
0.1 909 225 -1
0.1 227 228 -1
0.1 226 911 -1
0.1 912 229 -1
0.1 910 913 -1
0.1 907 914 -1
0.1 219 915 -1
0.1 906 916 -1
0.1 895 917 -1
0.1 883 918 -1
0.1 864 919 -1
0.1 920 230 -1
0.1 862 921 -1
0.1 853 922 -1
0.1 834 923 -1
0.1 231 232 -1
0.1 236 237 -1
0.1 235 926 -1
0.1 234 927 -1
0.1 233 928 -1
0.1 925 929 -1
0.1 238 239 -1
0.1 931 240 -1
0.1 930 932 -1
0.1 924 933 -1
0.1 110 934 -1
0.1 242 243 -1
0.1 936 244 -1
0.1 241 937 -1
0.1 246 247 -1
0.1 249 250 -1
0.1 248 940 -1
0.1 939 941 -1
0.1 245 942 -1
0.1 938 943 -1
0.1 251 252 -1
0.1 944 945 -1
0.1 256 257 -1
0.1 255 947 -1
0.1 254 948 -1
0.1 259 260 -1
0.1 258 950 -1
0.1 949 951 -1
0.1 253 952 -1
0.1 946 953 -1
0.1 935 954 -1
0.1 109 955 -1
0.1 262 263 -1
0.1 264 265 -1
0.1 958 266 -1
0.1 957 959 -1
0.1 267 268 -1
0.1 270 271 -1
0.1 269 962 -1
0.1 961 963 -1
0.1 960 964 -1
0.1 261 965 -1
0.1 272 273 -1
0.1 274 275 -1
0.1 967 968 -1
0.1 966 969 -1
0.1 276 277 -1
0.1 970 971 -1
0.1 972 278 -1
0.1 956 973 -1
0.1 805 974 -1
0.1 718 975 -1
0.1 709 976 -1
0.1 280 281 -1
0.1 282 283 -1
0.1 978 979 -1
0.1 279 980 -1
0.1 286 287 -1
0.1 982 288 -1
0.1 285 983 -1
0.1 284 984 -1
0.1 981 985 -1
0.1 977 986 -1
0.1 290 291 -1
0.1 293 294 -1
0.1 989 295 -1
0.1 292 990 -1
0.1 297 298 -1
0.1 296 992 -1
0.1 991 993 -1
0.1 988 994 -1
0.1 289 995 -1
0.1 299 300 -1
0.1 997 301 -1
0.1 304 305 -1
0.1 306 307 -1
0.1 309 310 -1
0.1 308 1001 -1
0.1 1002 311 -1
0.1 1003 312 -1
0.1 1000 1004 -1
0.1 999 1005 -1
0.1 303 1006 -1
0.1 302 1007 -1
0.1 313 314 -1
0.1 1009 315 -1
0.1 316 317 -1
0.1 1010 1011 -1
0.1 1012 318 -1
0.1 1008 1013 -1
0.1 998 1014 -1
0.1 321 322 -1
0.1 323 324 -1
0.1 326 327 -1
0.1 325 1018 -1
0.1 1019 328 -1
0.1 1017 1020 -1
0.1 1016 1021 -1
0.1 320 1022 -1
0.1 319 1023 -1
0.1 1015 1024 -1
0.1 329 330 -1
0.1 332 333 -1
0.1 331 1027 -1
0.1 1028 334 -1
0.1 335 336 -1
0.1 337 338 -1
0.1 1030 1031 -1
0.1 340 341 -1
0.1 343 344 -1
0.1 342 1034 -1
0.1 345 346 -1
0.1 1036 347 -1
0.1 1035 1037 -1
0.1 1038 348 -1
0.1 1033 1039 -1
0.1 339 1040 -1
0.1 1032 1041 -1
0.1 1029 1042 -1
0.1 1043 349 -1
0.1 350 351 -1
0.1 353 354 -1
0.1 355 356 -1
0.1 1046 1047 -1
0.1 352 1048 -1
0.1 1049 357 -1
0.1 360 361 -1
0.1 1051 362 -1
0.1 359 1052 -1
0.1 358 1053 -1
0.1 1050 1054 -1
0.1 364 365 -1
0.1 363 1056 -1
0.1 1055 1057 -1
0.1 366 367 -1
0.1 369 370 -1
0.1 368 1060 -1
0.1 1059 1061 -1
0.1 1058 1062 -1
0.1 1045 1063 -1
0.1 1044 1064 -1
0.1 372 373 -1
0.1 1066 374 -1
0.1 371 1067 -1
0.1 377 378 -1
0.1 376 1069 -1
0.1 375 1070 -1
0.1 380 381 -1
0.1 383 384 -1
0.1 382 1073 -1
0.1 1072 1074 -1
0.1 379 1075 -1
0.1 1071 1076 -1
0.1 1068 1077 -1
0.1 385 386 -1
0.1 1078 1079 -1
0.1 387 388 -1
0.1 1081 389 -1
0.1 390 391 -1
0.1 1083 392 -1
0.1 1082 1084 -1
0.1 393 394 -1
0.1 397 398 -1
0.1 396 1087 -1
0.1 395 1088 -1
0.1 1086 1089 -1
0.1 401 402 -1
0.1 400 1091 -1
0.1 399 1092 -1
0.1 1090 1093 -1
0.1 1094 403 -1
0.1 1085 1095 -1
0.1 1096 404 -1
0.1 405 406 -1
0.1 1097 1098 -1
0.1 408 409 -1
0.1 407 1100 -1
0.1 411 412 -1
0.1 410 1102 -1
0.1 1101 1103 -1
0.1 1104 413 -1
0.1 414 415 -1
0.1 1106 416 -1
0.1 417 418 -1
0.1 1108 419 -1
0.1 423 424 -1
0.1 422 1110 -1
0.1 421 1111 -1
0.1 420 1112 -1
0.1 425 426 -1
0.1 1113 1114 -1
0.1 1109 1115 -1
0.1 1107 1116 -1
0.1 1105 1117 -1
0.1 427 428 -1
0.1 429 430 -1
0.1 435 436 -1
0.1 434 1121 -1
0.1 437 438 -1
0.1 1123 439 -1
0.1 1122 1124 -1
0.1 433 1125 -1
0.1 440 441 -1
0.1 1126 1127 -1
0.1 432 1128 -1
0.1 431 1129 -1
0.1 443 444 -1
0.1 1131 445 -1
0.1 442 1132 -1
0.1 447 448 -1
0.1 1134 449 -1
0.1 1135 450 -1
0.1 446 1136 -1
0.1 1133 1137 -1
0.1 1130 1138 -1
0.1 1120 1139 -1
0.1 1119 1140 -1
0.1 1118 1141 -1
0.1 452 453 -1
0.1 1143 454 -1
0.1 457 458 -1
0.1 1145 459 -1
0.1 456 1146 -1
0.1 455 1147 -1
0.1 1144 1148 -1
0.1 451 1149 -1
0.1 1150 460 -1
0.1 1142 1151 -1
0.1 1099 1152 -1
0.1 1080 1153 -1
0.1 1065 1154 -1
0.1 1026 1155 -1
0.1 1025 1156 -1
0.1 996 1157 -1
0.1 1158 461 -1
0.1 987 1159 -1
0.1 462 463 -1
0.1 1161 464 -1
0.1 467 468 -1
0.1 466 1163 -1
0.1 465 1164 -1
0.1 469 470 -1
0.1 1166 471 -1
0.1 472 473 -1
0.1 1168 474 -1
0.1 1167 1169 -1
0.1 475 476 -1
0.1 477 478 -1
0.1 1171 1172 -1
0.1 1170 1173 -1
0.1 479 480 -1
0.1 481 482 -1
0.1 1175 1176 -1
0.1 1174 1177 -1
0.1 1165 1178 -1
0.1 483 484 -1
0.1 1179 1180 -1
0.1 485 486 -1
0.1 487 488 -1
0.1 1183 489 -1
0.1 1182 1184 -1
0.1 1181 1185 -1
0.1 490 491 -1
0.1 492 493 -1
0.1 1187 1188 -1
0.1 496 497 -1
0.1 495 1190 -1
0.1 498 499 -1
0.1 1191 1192 -1
0.1 494 1193 -1
0.1 1189 1194 -1
0.1 502 503 -1
0.1 501 1196 -1
0.1 1197 504 -1
0.1 509 510 -1
0.1 508 1199 -1
0.1 507 1200 -1
0.1 506 1201 -1
0.1 511 512 -1
0.1 514 515 -1
0.1 513 1204 -1
0.1 1203 1205 -1
0.1 1202 1206 -1
0.1 1207 516 -1
0.1 505 1208 -1
0.1 518 519 -1
0.1 517 1210 -1
0.1 1209 1211 -1
0.1 520 521 -1
0.1 1213 522 -1
0.1 1214 523 -1
0.1 525 526 -1
0.1 524 1216 -1
0.1 527 528 -1
0.1 1218 529 -1
0.1 1217 1219 -1
0.1 1215 1220 -1
0.1 1212 1221 -1
0.1 1198 1222 -1
0.1 530 531 -1
0.1 532 533 -1
0.1 1224 1225 -1
0.1 534 535 -1
0.1 1226 1227 -1
0.1 536 537 -1
0.1 538 539 -1
0.1 1229 1230 -1
0.1 1228 1231 -1
0.1 542 543 -1
0.1 544 545 -1
0.1 1234 546 -1
0.1 1233 1235 -1
0.1 541 1236 -1
0.1 548 549 -1
0.1 1238 550 -1
0.1 547 1239 -1
0.1 1237 1240 -1
0.1 540 1241 -1
0.1 1232 1242 -1
0.1 1223 1243 -1
0.1 551 552 -1
0.1 554 555 -1
0.1 1246 556 -1
0.1 557 558 -1
0.1 559 560 -1
0.1 1248 1249 -1
0.1 1247 1250 -1
0.1 562 563 -1
0.1 561 1252 -1
0.1 1251 1253 -1
0.1 553 1254 -1
0.1 1245 1255 -1
0.1 566 567 -1
0.1 565 1257 -1
0.1 569 570 -1
0.1 568 1259 -1
0.1 1258 1260 -1
0.1 564 1261 -1
0.1 1256 1262 -1
0.1 572 573 -1
0.1 576 577 -1
0.1 1265 578 -1
0.1 575 1266 -1
0.1 579 580 -1
0.1 1267 1268 -1
0.1 574 1269 -1
0.1 1270 581 -1
0.1 1264 1271 -1
0.1 571 1272 -1
0.1 1273 582 -1
0.1 584 585 -1
0.1 583 1275 -1
0.1 587 588 -1
0.1 586 1277 -1
0.1 589 590 -1
0.1 591 592 -1
0.1 1279 1280 -1
0.1 1278 1281 -1
0.1 594 595 -1
0.1 593 1283 -1
0.1 1282 1284 -1
0.1 598 599 -1
0.1 600 601 -1
0.1 1287 602 -1
0.1 1288 603 -1
0.1 1286 1289 -1
0.1 597 1290 -1
0.1 604 605 -1
0.1 1291 1292 -1
0.1 596 1293 -1
0.1 1285 1294 -1
0.1 606 607 -1
0.1 1296 608 -1
0.1 609 610 -1
0.1 1298 611 -1
0.1 1297 1299 -1
0.1 1295 1300 -1
0.1 1276 1301 -1
0.1 1274 1302 -1
0.1 613 614 -1
0.1 616 617 -1
0.1 615 1305 -1
0.1 1304 1306 -1
0.1 619 620 -1
0.1 621 622 -1
0.1 1308 1309 -1
0.1 618 1310 -1
0.1 1307 1311 -1
0.1 612 1312 -1
0.1 624 625 -1
0.1 626 627 -1
0.1 1314 1315 -1
0.1 628 629 -1
0.1 630 631 -1
0.1 632 633 -1
0.1 1318 1319 -1
0.1 1317 1320 -1
0.1 1316 1321 -1
0.1 623 1322 -1
0.1 634 635 -1
0.1 636 637 -1
0.1 1325 638 -1
0.1 640 641 -1
0.1 639 1327 -1
0.1 1326 1328 -1
0.1 642 643 -1
0.1 1329 1330 -1
0.1 1324 1331 -1
0.1 645 646 -1
0.1 648 649 -1
0.1 650 651 -1
0.1 1335 652 -1
0.1 1334 1336 -1
0.1 655 656 -1
0.1 654 1338 -1
0.1 653 1339 -1
0.1 1337 1340 -1
0.1 661 662 -1
0.1 660 1342 -1
0.1 659 1343 -1
0.1 658 1344 -1
0.1 657 1345 -1
0.1 663 664 -1
0.1 665 666 -1
0.1 1347 1348 -1
0.1 1346 1349 -1
0.1 1341 1350 -1
0.1 647 1351 -1
0.1 1333 1352 -1
0.1 644 1353 -1
0.1 1332 1354 -1
0.1 1323 1355 -1
0.1 667 668 -1
0.1 670 671 -1
0.1 669 1358 -1
0.1 674 675 -1
0.1 673 1360 -1
0.1 677 678 -1
0.1 676 1362 -1
0.1 1361 1363 -1
0.1 672 1364 -1
0.1 1359 1365 -1
0.1 1357 1366 -1
0.1 1367 679 -1
0.1 1356 1368 -1
0.1 1369 680 -1
0.1 1313 1370 -1
0.1 1303 1371 -1
0.1 1263 1372 -1
0.1 1244 1373 -1
0.1 682 683 -1
0.1 1375 684 -1
0.1 681 1376 -1
0.1 1374 1377 -1
0.1 500 1378 -1
0.1 1195 1379 -1
0.1 1186 1380 -1
0.1 685 686 -1
0.1 688 689 -1
0.1 691 692 -1
0.1 698 699 -1
0.1 697 1385 -1
0.1 696 1386 -1
0.1 695 1387 -1
0.1 694 1388 -1
0.1 693 1389 -1
0.1 1384 1390 -1
0.1 690 1391 -1
0.1 1383 1392 -1
0.1 1393 700 -1
0.1 687 1394 -1
0.1 1382 1395 -1
0.1 1381 1396 -1
0.1 1162 1397 -1
0.1 1160 1398 -1
