1 0 0 1
1 0 0 1
1 0 0 2
1 0 0 2
1 0 0 2
1 0 0 2
1 0 0 2
1 0 0 2
1 0 0 2
1 0 0 2
1 0 0 2
1 0 0 3
1 0 0 3
1 0 0 3
1 0 0 3
1 0 0 3
1 0 0 3
1 0 0 3
1 0 0 3
1 0 0 3
1 0 0 3
1 0 0 2
1 0 0 1
1 0 0 1
1 0 0 1
1 0 0 4
1 0 0 4
1 0 0 4
1 0 0 4
1 0 0 4
1 0 0 4
1 0 0 4
1 0 0 4
1 0 0 4
1 0 0 4
1 0 0 1
1 0 0 1
1 0 0 5
1 0 0 5
1 0 0 5
1 0 0 6
1 0 0 6
1 0 0 6
1 0 0 6
1 0 0 6
1 0 0 6
1 0 0 6
1 0 0 6
1 0 0 6
1 0 0 6
1 0 0 5
1 0 0 5
1 0 0 5
1 0 0 5
1 0 0 5
1 0 0 5
1 0 0 5
1 0 0 7
1 0 0 7
1 0 0 7
1 0 0 7
1 0 0 7
1 0 0 7
1 0 0 7
1 0 0 7
1 0 0 7
1 0 0 7
1 0 0 1
1 0 0 1
1 0 0 8
1 0 0 8
1 0 0 8
1 0 0 8
1 0 0 8
1 0 0 8
1 0 0 8
1 0 0 8
1 0 0 8
1 0 0 8
1 0 0 1
1 0 0 9
1 0 0 9
1 0 0 9
1 0 0 9
1 0 0 9
1 0 0 9
1 0 0 9
1 0 0 9
1 0 0 9
1 0 0 9
0.1 1 2 -1
0.1 3 4 -1
0.1 5 6 -1
0.1 92 93 -1
0.1 9 10 -1
0.1 8 95 -1
0.1 7 96 -1
0.1 12 13 -1
0.1 14 15 -1
0.1 98 99 -1
0.1 19 20 -1
0.1 101 21 -1
0.1 18 102 -1
0.1 17 103 -1
0.1 16 104 -1
0.1 100 105 -1
0.1 106 22 -1
0.1 11 107 -1
0.1 97 108 -1
0.1 94 109 -1
0.1 23 24 -1
0.1 110 111 -1
0.1 91 112 -1
0.1 27 28 -1
0.1 30 31 -1
0.1 29 115 -1
0.1 114 116 -1
0.1 26 117 -1
0.1 34 35 -1
0.1 33 119 -1
0.1 32 120 -1
0.1 118 121 -1
0.1 25 122 -1
0.1 36 37 -1
0.1 123 124 -1
0.1 39 40 -1
0.1 38 126 -1
0.1 41 42 -1
0.1 43 44 -1
0.1 46 47 -1
0.1 45 130 -1
0.1 129 131 -1
0.1 128 132 -1
0.1 48 49 -1
0.1 134 50 -1
0.1 133 135 -1
0.1 136 51 -1
0.1 52 53 -1
0.1 137 138 -1
0.1 127 139 -1
0.1 55 56 -1
0.1 54 141 -1
0.1 142 57 -1
0.1 140 143 -1
0.1 125 144 -1
0.1 60 61 -1
0.1 59 146 -1
0.1 62 63 -1
0.1 147 148 -1
0.1 58 149 -1
0.1 64 65 -1
0.1 151 66 -1
0.1 152 67 -1
0.1 150 153 -1
0.1 68 69 -1
0.1 154 155 -1
0.1 71 72 -1
0.1 73 74 -1
0.1 76 77 -1
0.1 75 159 -1
0.1 78 79 -1
0.1 160 161 -1
0.1 158 162 -1
0.1 157 163 -1
0.1 70 164 -1
0.1 81 82 -1
0.1 85 86 -1
0.1 84 167 -1
0.1 83 168 -1
0.1 169 87 -1
0.1 166 170 -1
0.1 171 88 -1
0.1 89 90 -1
0.1 172 173 -1
0.1 80 174 -1
0.1 165 175 -1
0.1 156 176 -1
0.1 145 177 -1
0.1 113 178 -1
