1 0 0 1
1 0 0 1
1 0 0 1
1 0 0 1
1 0 0 1
1 0 0 1
1 0 0 1
1 0 0 1
1 0 0 1
1 0 0 1
1 0 0 2
1 0 0 2
1 0 0 2
1 0 0 2
1 0 0 3
1 0 0 3
1 0 0 3
1 0 0 3
1 0 0 3
1 0 0 3
1 0 0 3
1 0 0 3
1 0 0 3
1 0 0 4
1 0 0 4
1 0 0 4
1 0 0 4
1 0 0 3
1 0 0 4
1 0 0 4
1 0 0 4
1 0 0 4
1 0 0 4
1 0 0 4
1 0 0 5
1 0 0 5
1 0 0 5
1 0 0 5
1 0 0 6
1 0 0 6
1 0 0 6
1 0 0 6
1 0 0 6
1 0 0 6
1 0 0 6
1 0 0 6
1 0 0 6
1 0 0 6
1 0 0 7
1 0 0 7
1 0 0 7
1 0 0 7
1 0 0 7
1 0 0 7
1 0 0 7
1 0 0 7
1 0 0 7
1 0 0 7
1 0 0 2
1 0 0 8
1 0 0 8
1 0 0 8
1 0 0 8
1 0 0 8
1 0 0 8
1 0 0 8
1 0 0 8
1 0 0 8
1 0 0 8
1 0 0 9
1 0 0 9
1 0 0 9
1 0 0 9
1 0 0 9
1 0 0 9
1 0 0 9
1 0 0 9
1 0 0 9
1 0 0 9
1 0 0 10
1 0 0 10
1 0 0 10
1 0 0 10
1 0 0 10
1 0 0 10
1 0 0 10
1 0 0 10
1 0 0 10
1 0 0 10
1 0 0 2
1 0 0 2
1 0 0 11
1 0 0 11
1 0 0 11
1 0 0 11
1 0 0 11
1 0 0 11
1 0 0 11
1 0 0 11
1 0 0 11
1 0 0 11
1 0 0 5
1 0 0 5
1 0 0 5
1 0 0 5
1 0 0 5
1 0 0 5
1 0 0 12
1 0 0 12
1 0 0 12
1 0 0 12
1 0 0 12
1 0 0 12
1 0 0 12
1 0 0 12
1 0 0 12
1 0 0 12
1 0 0 13
1 0 0 13
1 0 0 13
1 0 0 13
1 0 0 13
1 0 0 13
1 0 0 13
1 0 0 13
1 0 0 13
1 0 0 13
1 0 0 14
1 0 0 14
1 0 0 14
1 0 0 14
1 0 0 14
1 0 0 14
1 0 0 14
1 0 0 14
1 0 0 14
1 0 0 14
1 0 0 2
1 0 0 2
1 0 0 15
1 0 0 15
1 0 0 15
1 0 0 15
1 0 0 15
1 0 0 15
1 0 0 15
1 0 0 15
1 0 0 15
1 0 0 15
1 0 0 16
1 0 0 16
1 0 0 17
1 0 0 17
1 0 0 17
1 0 0 17
1 0 0 17
1 0 0 17
1 0 0 17
1 0 0 17
1 0 0 17
1 0 0 17
1 0 0 16
1 0 0 16
1 0 0 16
1 0 0 16
1 0 0 16
1 0 0 16
1 0 0 16
1 0 0 16
1 0 0 2
1 0 0 18
1 0 0 18
1 0 0 18
1 0 0 18
1 0 0 18
1 0 0 18
1 0 0 18
1 0 0 18
1 0 0 18
1 0 0 18
1 0 0 19
1 0 0 19
1 0 0 19
1 0 0 19
1 0 0 19
1 0 0 19
1 0 0 19
1 0 0 19
1 0 0 19
1 0 0 19
1 0 0 20
1 0 0 20
1 0 0 20
1 0 0 20
1 0 0 20
1 0 0 20
1 0 0 20
1 0 0 20
1 0 0 20
1 0 0 20
1 0 0 21
1 0 0 21
1 0 0 21
1 0 0 21
1 0 0 21
1 0 0 21
1 0 0 21
1 0 0 21
1 0 0 21
1 0 0 21
1 0 0 22
1 0 0 22
1 0 0 22
1 0 0 22
1 0 0 22
1 0 0 22
1 0 0 22
1 0 0 22
1 0 0 22
1 0 0 22
0.1 3 4 -1
0.1 2 221 -1
0.1 5 6 -1
0.1 222 223 -1
0.1 1 224 -1
0.1 7 8 -1
0.1 9 10 -1
0.1 226 227 -1
0.1 225 228 -1
0.1 11 12 -1
0.1 13 14 -1
0.1 230 231 -1
0.1 17 18 -1
0.1 16 233 -1
0.1 15 234 -1
0.1 19 20 -1
0.1 21 22 -1
0.1 236 237 -1
0.1 238 23 -1
0.1 235 239 -1
0.1 26 27 -1
0.1 25 241 -1
0.1 28 29 -1
0.1 242 243 -1
0.1 24 244 -1
0.1 31 32 -1
0.1 33 34 -1
0.1 246 247 -1
0.1 30 248 -1
0.1 245 249 -1
0.1 240 250 -1
0.1 35 36 -1
0.1 252 37 -1
0.1 253 38 -1
0.1 41 42 -1
0.1 255 43 -1
0.1 40 256 -1
0.1 39 257 -1
0.1 44 45 -1
0.1 46 47 -1
0.1 260 48 -1
0.1 259 261 -1
0.1 258 262 -1
0.1 254 263 -1
0.1 51 52 -1
0.1 55 56 -1
0.1 54 266 -1
0.1 57 58 -1
0.1 267 268 -1
0.1 53 269 -1
0.1 265 270 -1
0.1 50 271 -1
0.1 49 272 -1
0.1 264 273 -1
0.1 251 274 -1
0.1 61 62 -1
0.1 66 67 -1
0.1 68 69 -1
0.1 277 278 -1
0.1 65 279 -1
0.1 64 280 -1
0.1 63 281 -1
0.1 276 282 -1
0.1 60 283 -1
0.1 70 71 -1
0.1 74 75 -1
0.1 73 286 -1
0.1 72 287 -1
0.1 285 288 -1
0.1 77 78 -1
0.1 76 290 -1
0.1 80 81 -1
0.1 82 83 -1
0.1 85 86 -1
0.1 84 294 -1
0.1 88 89 -1
0.1 87 296 -1
0.1 295 297 -1
0.1 293 298 -1
0.1 292 299 -1
0.1 79 300 -1
0.1 291 301 -1
0.1 289 302 -1
0.1 284 303 -1
0.1 304 90 -1
0.1 59 305 -1
0.1 93 94 -1
0.1 92 307 -1
0.1 95 96 -1
0.1 309 97 -1
0.1 310 98 -1
0.1 99 100 -1
0.1 311 312 -1
0.1 308 313 -1
0.1 314 101 -1
0.1 91 315 -1
0.1 306 316 -1
0.1 275 317 -1
0.1 102 103 -1
0.1 104 105 -1
0.1 320 106 -1
0.1 321 107 -1
0.1 319 322 -1
0.1 318 323 -1
0.1 232 324 -1
0.1 229 325 -1
0.1 110 111 -1
0.1 109 327 -1
0.1 328 112 -1
0.1 108 329 -1
0.1 113 114 -1
0.1 331 115 -1
0.1 332 116 -1
0.1 333 117 -1
0.1 330 334 -1
0.1 119 120 -1
0.1 118 336 -1
0.1 122 123 -1
0.1 121 338 -1
0.1 337 339 -1
0.1 126 127 -1
0.1 125 341 -1
0.1 124 342 -1
0.1 340 343 -1
0.1 335 344 -1
0.1 129 130 -1
0.1 346 131 -1
0.1 128 347 -1
0.1 132 133 -1
0.1 134 135 -1
0.1 349 350 -1
0.1 348 351 -1
0.1 136 137 -1
0.1 352 353 -1
0.1 142 143 -1
0.1 144 145 -1
0.1 146 147 -1
0.1 356 357 -1
0.1 355 358 -1
0.1 148 149 -1
0.1 359 360 -1
0.1 141 361 -1
0.1 150 151 -1
0.1 152 153 -1
0.1 154 155 -1
0.1 364 365 -1
0.1 156 157 -1
0.1 158 159 -1
0.1 160 161 -1
0.1 368 369 -1
0.1 367 370 -1
0.1 366 371 -1
0.1 363 372 -1
0.1 162 163 -1
0.1 166 167 -1
0.1 165 375 -1
0.1 164 376 -1
0.1 168 169 -1
0.1 377 378 -1
0.1 374 379 -1
0.1 373 380 -1
0.1 362 381 -1
0.1 140 382 -1
0.1 139 383 -1
0.1 138 384 -1
0.1 172 173 -1
0.1 175 176 -1
0.1 174 387 -1
0.1 386 388 -1
0.1 177 178 -1
0.1 389 390 -1
0.1 171 391 -1
0.1 179 180 -1
0.1 392 393 -1
0.1 170 394 -1
0.1 181 182 -1
0.1 396 183 -1
0.1 187 188 -1
0.1 186 398 -1
0.1 185 399 -1
0.1 184 400 -1
0.1 401 189 -1
0.1 402 190 -1
0.1 397 403 -1
0.1 395 404 -1
0.1 385 405 -1
0.1 354 406 -1
0.1 193 194 -1
0.1 192 408 -1
0.1 195 196 -1
0.1 409 410 -1
0.1 191 411 -1
0.1 199 200 -1
0.1 198 413 -1
0.1 197 414 -1
0.1 412 415 -1
0.1 407 416 -1
0.1 201 202 -1
0.1 203 204 -1
0.1 205 206 -1
0.1 419 420 -1
0.1 418 421 -1
0.1 207 208 -1
0.1 209 210 -1
0.1 423 424 -1
0.1 422 425 -1
0.1 426 211 -1
0.1 213 214 -1
0.1 212 428 -1
0.1 429 215 -1
0.1 430 216 -1
0.1 431 217 -1
0.1 219 220 -1
0.1 218 433 -1
0.1 432 434 -1
0.1 427 435 -1
0.1 417 436 -1
0.1 345 437 -1
0.1 326 438 -1
