1 0 0 1
1 0 0 1
1 0 0 1
1 0 0 1
1 0 0 1
1 0 0 1
1 0 0 1
1 0 0 1
1 0 0 1
1 0 0 1
1 0 0 2
1 0 0 2
1 0 0 2
1 0 0 2
1 0 0 2
1 0 0 2
1 0 0 2
1 0 0 2
1 0 0 2
1 0 0 2
1 0 0 3
1 0 0 3
1 0 0 3
1 0 0 4
1 0 0 4
1 0 0 3
1 0 0 4
1 0 0 4
1 0 0 4
1 0 0 4
1 0 0 4
1 0 0 4
1 0 0 4
1 0 0 4
1 0 0 3
1 0 0 3
1 0 0 5
1 0 0 5
1 0 0 5
1 0 0 5
1 0 0 5
1 0 0 5
1 0 0 5
1 0 0 5
1 0 0 5
1 0 0 5
1 0 0 6
1 0 0 6
1 0 0 6
1 0 0 6
1 0 0 6
1 0 0 6
1 0 0 6
1 0 0 6
1 0 0 6
1 0 0 6
1 0 0 7
1 0 0 8
1 0 0 8
1 0 0 8
1 0 0 8
1 0 0 8
1 0 0 8
1 0 0 8
1 0 0 8
1 0 0 8
1 0 0 8
1 0 0 7
1 0 0 7
1 0 0 7
1 0 0 9
1 0 0 9
1 0 0 9
1 0 0 9
1 0 0 9
1 0 0 9
1 0 0 9
1 0 0 9
1 0 0 9
1 0 0 9
1 0 0 7
1 0 0 7
1 0 0 7
1 0 0 10
1 0 0 10
1 0 0 10
1 0 0 10
1 0 0 10
1 0 0 10
1 0 0 10
1 0 0 10
1 0 0 10
1 0 0 10
1 0 0 7
1 0 0 3
1 0 0 11
1 0 0 11
1 0 0 11
1 0 0 11
1 0 0 11
1 0 0 11
1 0 0 11
1 0 0 11
1 0 0 11
1 0 0 11
1 0 0 7
1 0 0 7
1 0 0 12
1 0 0 12
1 0 0 13
1 0 0 3
1 0 0 13
1 0 0 13
1 0 0 13
1 0 0 13
1 0 0 13
1 0 0 13
1 0 0 13
1 0 0 13
1 0 0 13
1 0 0 12
1 0 0 12
1 0 0 12
1 0 0 12
1 0 0 3
1 0 0 14
1 0 0 14
1 0 0 14
1 0 0 14
1 0 0 14
1 0 0 14
1 0 0 14
1 0 0 14
1 0 0 14
1 0 0 14
1 0 0 12
1 0 0 15
1 0 0 15
1 0 0 15
1 0 0 15
1 0 0 15
1 0 0 15
1 0 0 15
1 0 0 15
1 0 0 15
1 0 0 15
1 0 0 12
1 0 0 12
1 0 0 12
1 0 0 16
1 0 0 17
1 0 0 16
1 0 0 16
1 0 0 16
1 0 0 17
1 0 0 17
1 0 0 18
1 0 0 18
1 0 0 18
1 0 0 18
1 0 0 18
1 0 0 18
1 0 0 18
1 0 0 18
1 0 0 18
1 0 0 17
1 0 0 17
1 0 0 17
1 0 0 17
1 0 0 17
1 0 0 17
1 0 0 18
1 0 0 16
1 0 0 16
1 0 0 16
1 0 0 16
1 0 0 19
1 0 0 19
1 0 0 19
1 0 0 19
1 0 0 19
1 0 0 19
1 0 0 19
1 0 0 19
1 0 0 19
1 0 0 19
1 0 0 16
1 0 0 20
1 0 0 20
1 0 0 20
1 0 0 20
1 0 0 20
1 0 0 21
1 0 0 21
1 0 0 22
1 0 0 22
1 0 0 22
1 0 0 22
1 0 0 22
1 0 0 22
1 0 0 22
1 0 0 22
1 0 0 22
1 0 0 22
1 0 0 23
1 0 0 23
1 0 0 23
1 0 0 23
1 0 0 23
1 0 0 23
1 0 0 23
1 0 0 23
1 0 0 23
1 0 0 21
1 0 0 21
1 0 0 21
1 0 0 21
1 0 0 21
1 0 0 21
1 0 0 20
1 0 0 21
1 0 0 21
1 0 0 24
1 0 0 24
1 0 0 24
1 0 0 24
1 0 0 24
1 0 0 24
1 0 0 24
1 0 0 24
1 0 0 24
1 0 0 24
1 0 0 23
1 0 0 20
1 0 0 20
1 0 0 20
1 0 0 20
1 0 0 16
1 0 0 17
1 0 0 3
0.1 1 2 -1
0.1 241 3 -1
0.1 5 6 -1
0.1 4 243 -1
0.1 242 244 -1
0.1 8 9 -1
0.1 7 246 -1
0.1 247 10 -1
0.1 245 248 -1
0.1 13 14 -1
0.1 12 250 -1
0.1 11 251 -1
0.1 15 16 -1
0.1 19 20 -1
0.1 18 254 -1
0.1 17 255 -1
0.1 253 256 -1
0.1 252 257 -1
0.1 249 258 -1
0.1 21 22 -1
0.1 24 25 -1
0.1 28 29 -1
0.1 27 262 -1
0.1 26 263 -1
0.1 31 32 -1
0.1 30 265 -1
0.1 266 33 -1
0.1 264 267 -1
0.1 268 34 -1
0.1 261 269 -1
0.1 23 270 -1
0.1 271 35 -1
0.1 260 272 -1
0.1 259 273 -1
0.1 37 38 -1
0.1 39 40 -1
0.1 41 42 -1
0.1 43 44 -1
0.1 277 278 -1
0.1 276 279 -1
0.1 280 45 -1
0.1 281 46 -1
0.1 275 282 -1
0.1 36 283 -1
0.1 48 49 -1
0.1 47 285 -1
0.1 50 51 -1
0.1 287 52 -1
0.1 288 53 -1
0.1 286 289 -1
0.1 290 54 -1
0.1 291 55 -1
0.1 292 56 -1
0.1 284 293 -1
0.1 58 59 -1
0.1 63 64 -1
0.1 62 296 -1
0.1 61 297 -1
0.1 298 65 -1
0.1 60 299 -1
0.1 295 300 -1
0.1 66 67 -1
0.1 301 302 -1
0.1 68 69 -1
0.1 303 304 -1
0.1 305 70 -1
0.1 57 306 -1
0.1 74 75 -1
0.1 73 308 -1
0.1 72 309 -1
0.1 71 310 -1
0.1 311 76 -1
0.1 77 78 -1
0.1 79 80 -1
0.1 313 314 -1
0.1 312 315 -1
0.1 81 82 -1
0.1 86 87 -1
0.1 318 88 -1
0.1 90 91 -1
0.1 89 320 -1
0.1 92 93 -1
0.1 321 322 -1
0.1 319 323 -1
0.1 85 324 -1
0.1 84 325 -1
0.1 83 326 -1
0.1 317 327 -1
0.1 316 328 -1
0.1 329 94 -1
0.1 96 97 -1
0.1 98 99 -1
0.1 332 100 -1
0.1 331 333 -1
0.1 101 102 -1
0.1 104 105 -1
0.1 103 336 -1
0.1 335 337 -1
0.1 334 338 -1
0.1 95 339 -1
0.1 340 106 -1
0.1 341 107 -1
0.1 330 342 -1
0.1 307 343 -1
0.1 294 344 -1
0.1 108 109 -1
0.1 111 112 -1
0.1 113 114 -1
0.1 347 348 -1
0.1 110 349 -1
0.1 115 116 -1
0.1 117 118 -1
0.1 351 352 -1
0.1 119 120 -1
0.1 353 354 -1
0.1 350 355 -1
0.1 121 122 -1
0.1 123 124 -1
0.1 357 358 -1
0.1 356 359 -1
0.1 346 360 -1
0.1 361 125 -1
0.1 126 127 -1
0.1 130 131 -1
0.1 364 132 -1
0.1 129 365 -1
0.1 133 134 -1
0.1 367 135 -1
0.1 366 368 -1
0.1 128 369 -1
0.1 363 370 -1
0.1 137 138 -1
0.1 141 142 -1
0.1 140 373 -1
0.1 143 144 -1
0.1 374 375 -1
0.1 376 145 -1
0.1 377 146 -1
0.1 139 378 -1
0.1 372 379 -1
0.1 136 380 -1
0.1 381 147 -1
0.1 148 149 -1
0.1 382 383 -1
0.1 371 384 -1
0.1 362 385 -1
0.1 345 386 -1
0.1 274 387 -1
0.1 150 151 -1
0.1 389 152 -1
0.1 390 153 -1
0.1 155 156 -1
0.1 154 392 -1
0.1 391 393 -1
0.1 158 159 -1
0.1 157 395 -1
0.1 161 162 -1
0.1 160 397 -1
0.1 398 163 -1
0.1 399 164 -1
0.1 396 400 -1
0.1 167 168 -1
0.1 169 170 -1
0.1 402 403 -1
0.1 166 404 -1
0.1 405 171 -1
0.1 406 172 -1
0.1 165 407 -1
0.1 401 408 -1
0.1 173 174 -1
0.1 175 176 -1
0.1 180 181 -1
0.1 412 182 -1
0.1 179 413 -1
0.1 178 414 -1
0.1 184 185 -1
0.1 183 416 -1
0.1 417 186 -1
0.1 415 418 -1
0.1 177 419 -1
0.1 420 187 -1
0.1 411 421 -1
0.1 410 422 -1
0.1 188 189 -1
0.1 190 191 -1
0.1 425 192 -1
0.1 424 426 -1
0.1 193 194 -1
0.1 196 197 -1
0.1 200 201 -1
0.1 199 430 -1
0.1 198 431 -1
0.1 429 432 -1
0.1 202 203 -1
0.1 434 204 -1
0.1 206 207 -1
0.1 436 208 -1
0.1 209 210 -1
0.1 211 212 -1
0.1 438 439 -1
0.1 440 213 -1
0.1 437 441 -1
0.1 205 442 -1
0.1 435 443 -1
0.1 433 444 -1
0.1 214 215 -1
0.1 216 217 -1
0.1 447 218 -1
0.1 448 219 -1
0.1 446 449 -1
0.1 221 222 -1
0.1 220 451 -1
0.1 450 452 -1
0.1 445 453 -1
0.1 195 454 -1
0.1 428 455 -1
0.1 223 224 -1
0.1 225 226 -1
0.1 458 227 -1
0.1 228 229 -1
0.1 459 460 -1
0.1 457 461 -1
0.1 230 231 -1
0.1 462 463 -1
0.1 464 232 -1
0.1 465 233 -1
0.1 456 466 -1
0.1 234 235 -1
0.1 467 468 -1
0.1 427 469 -1
0.1 236 237 -1
0.1 470 471 -1
0.1 472 238 -1
0.1 423 473 -1
0.1 409 474 -1
0.1 394 475 -1
0.1 239 240 -1
0.1 476 477 -1
0.1 388 478 -1
