1 0 0 1
1 0 0 1
1 0 0 1
1 0 0 2
1 0 0 2
1 0 0 2
1 0 0 2
1 0 0 2
1 0 0 2
1 0 0 2
1 0 0 2
1 0 0 2
1 0 0 2
1 0 0 1
1 0 0 1
1 0 0 3
1 0 0 3
1 0 0 3
1 0 0 3
1 0 0 3
1 0 0 3
1 0 0 3
1 0 0 3
1 0 0 3
1 0 0 3
1 0 0 4
1 0 0 4
1 0 0 4
1 0 0 4
1 0 0 4
1 0 0 4
1 0 0 4
1 0 0 4
1 0 0 4
1 0 0 4
1 0 0 5
1 0 0 5
1 0 0 5
1 0 0 6
1 0 0 6
1 0 0 6
1 0 0 5
1 0 0 5
1 0 0 6
1 0 0 6
1 0 0 6
1 0 0 6
1 0 0 6
1 0 0 6
1 0 0 6
1 0 0 1
1 0 0 7
1 0 0 7
1 0 0 7
1 0 0 7
1 0 0 7
1 0 0 7
1 0 0 7
1 0 0 7
1 0 0 7
1 0 0 7
1 0 0 1
1 0 0 1
1 0 0 1
1 0 0 8
1 0 0 8
1 0 0 8
1 0 0 8
1 0 0 8
1 0 0 8
1 0 0 8
1 0 0 8
1 0 0 8
1 0 0 8
1 0 0 1
1 0 0 5
1 0 0 9
1 0 0 9
1 0 0 9
1 0 0 9
1 0 0 9
1 0 0 9
1 0 0 9
1 0 0 9
1 0 0 9
1 0 0 9
1 0 0 5
1 0 0 5
1 0 0 10
1 0 0 10
1 0 0 11
1 0 0 11
1 0 0 11
1 0 0 11
1 0 0 11
1 0 0 11
1 0 0 11
1 0 0 11
1 0 0 11
1 0 0 11
1 0 0 10
1 0 0 10
1 0 0 10
1 0 0 10
1 0 0 12
1 0 0 12
1 0 0 12
1 0 0 12
1 0 0 12
1 0 0 12
1 0 0 12
1 0 0 12
1 0 0 12
1 0 0 12
1 0 0 13
1 0 0 13
1 0 0 13
1 0 0 13
1 0 0 13
1 0 0 13
1 0 0 13
1 0 0 13
1 0 0 13
1 0 0 13
1 0 0 10
1 0 0 10
1 0 0 10
1 0 0 14
1 0 0 14
1 0 0 14
1 0 0 14
1 0 0 14
1 0 0 14
1 0 0 14
1 0 0 14
1 0 0 5
1 0 0 14
1 0 0 14
1 0 0 10
1 0 0 5
1 0 0 15
1 0 0 15
1 0 0 15
1 0 0 16
1 0 0 16
1 0 0 17
1 0 0 17
1 0 0 17
1 0 0 17
1 0 0 17
1 0 0 17
1 0 0 17
1 0 0 17
1 0 0 17
1 0 0 17
1 0 0 15
1 0 0 18
1 0 0 18
1 0 0 18
1 0 0 18
1 0 0 18
1 0 0 18
1 0 0 18
1 0 0 18
1 0 0 18
1 0 0 18
1 0 0 15
1 0 0 15
1 0 0 15
1 0 0 15
1 0 0 15
1 0 0 15
1 0 0 19
1 0 0 19
1 0 0 19
1 0 0 19
1 0 0 19
1 0 0 19
1 0 0 19
1 0 0 19
1 0 0 20
1 0 0 20
1 0 0 20
1 0 0 20
1 0 0 20
1 0 0 20
1 0 0 20
1 0 0 20
1 0 0 20
1 0 0 20
1 0 0 21
1 0 0 21
1 0 0 21
1 0 0 21
1 0 0 21
1 0 0 21
1 0 0 21
1 0 0 21
1 0 0 21
1 0 0 21
1 0 0 22
1 0 0 23
1 0 0 23
1 0 0 23
1 0 0 23
1 0 0 23
1 0 0 23
1 0 0 23
1 0 0 23
1 0 0 23
1 0 0 23
1 0 0 22
1 0 0 22
1 0 0 22
1 0 0 22
1 0 0 22
1 0 0 22
1 0 0 22
1 0 0 22
1 0 0 22
1 0 0 19
1 0 0 19
1 0 0 16
1 0 0 16
1 0 0 16
1 0 0 24
1 0 0 24
1 0 0 24
1 0 0 24
1 0 0 24
1 0 0 24
1 0 0 24
1 0 0 24
1 0 0 24
1 0 0 24
1 0 0 16
1 0 0 16
1 0 0 16
1 0 0 16
1 0 0 16
0.1 1 2 -1
0.1 5 6 -1
0.1 8 9 -1
0.1 7 243 -1
0.1 11 12 -1
0.1 10 245 -1
0.1 244 246 -1
0.1 247 13 -1
0.1 242 248 -1
0.1 4 249 -1
0.1 3 250 -1
0.1 251 14 -1
0.1 252 15 -1
0.1 16 17 -1
0.1 18 19 -1
0.1 254 255 -1
0.1 23 24 -1
0.1 22 257 -1
0.1 258 25 -1
0.1 21 259 -1
0.1 20 260 -1
0.1 27 28 -1
0.1 262 29 -1
0.1 263 30 -1
0.1 26 264 -1
0.1 31 32 -1
0.1 34 35 -1
0.1 33 267 -1
0.1 266 268 -1
0.1 265 269 -1
0.1 36 37 -1
0.1 39 40 -1
0.1 272 41 -1
0.1 42 43 -1
0.1 273 274 -1
0.1 45 46 -1
0.1 44 276 -1
0.1 49 50 -1
0.1 48 278 -1
0.1 47 279 -1
0.1 277 280 -1
0.1 275 281 -1
0.1 38 282 -1
0.1 271 283 -1
0.1 270 284 -1
0.1 261 285 -1
0.1 256 286 -1
0.1 253 287 -1
0.1 241 288 -1
0.1 289 51 -1
0.1 56 57 -1
0.1 291 58 -1
0.1 55 292 -1
0.1 54 293 -1
0.1 60 61 -1
0.1 59 295 -1
0.1 294 296 -1
0.1 53 297 -1
0.1 52 298 -1
0.1 290 299 -1
0.1 63 64 -1
0.1 70 71 -1
0.1 69 302 -1
0.1 68 303 -1
0.1 304 72 -1
0.1 67 305 -1
0.1 66 306 -1
0.1 65 307 -1
0.1 308 73 -1
0.1 309 74 -1
0.1 301 310 -1
0.1 311 75 -1
0.1 62 312 -1
0.1 300 313 -1
0.1 77 78 -1
0.1 81 82 -1
0.1 316 83 -1
0.1 80 317 -1
0.1 79 318 -1
0.1 319 84 -1
0.1 85 86 -1
0.1 320 321 -1
0.1 315 322 -1
0.1 76 323 -1
0.1 87 88 -1
0.1 89 90 -1
0.1 93 94 -1
0.1 92 327 -1
0.1 91 328 -1
0.1 95 96 -1
0.1 329 330 -1
0.1 98 99 -1
0.1 97 332 -1
0.1 331 333 -1
0.1 334 100 -1
0.1 102 103 -1
0.1 336 104 -1
0.1 101 337 -1
0.1 335 338 -1
0.1 326 339 -1
0.1 325 340 -1
0.1 324 341 -1
0.1 105 106 -1
0.1 343 107 -1
0.1 110 111 -1
0.1 345 112 -1
0.1 346 113 -1
0.1 347 114 -1
0.1 109 348 -1
0.1 108 349 -1
0.1 344 350 -1
0.1 342 351 -1
0.1 116 117 -1
0.1 353 118 -1
0.1 120 121 -1
0.1 122 123 -1
0.1 355 356 -1
0.1 119 357 -1
0.1 354 358 -1
0.1 115 359 -1
0.1 360 124 -1
0.1 361 125 -1
0.1 362 126 -1
0.1 129 130 -1
0.1 128 364 -1
0.1 365 131 -1
0.1 132 133 -1
0.1 134 135 -1
0.1 367 368 -1
0.1 366 369 -1
0.1 137 138 -1
0.1 136 371 -1
0.1 370 372 -1
0.1 127 373 -1
0.1 363 374 -1
0.1 375 139 -1
0.1 352 376 -1
0.1 377 140 -1
0.1 314 378 -1
0.1 141 142 -1
0.1 380 143 -1
0.1 144 145 -1
0.1 146 147 -1
0.1 150 151 -1
0.1 153 154 -1
0.1 385 155 -1
0.1 152 386 -1
0.1 384 387 -1
0.1 149 388 -1
0.1 148 389 -1
0.1 383 390 -1
0.1 382 391 -1
0.1 392 156 -1
0.1 381 393 -1
0.1 158 159 -1
0.1 160 161 -1
0.1 395 396 -1
0.1 162 163 -1
0.1 397 398 -1
0.1 399 164 -1
0.1 157 400 -1
0.1 165 166 -1
0.1 401 402 -1
0.1 168 169 -1
0.1 171 172 -1
0.1 170 405 -1
0.1 404 406 -1
0.1 167 407 -1
0.1 403 408 -1
0.1 176 177 -1
0.1 175 410 -1
0.1 174 411 -1
0.1 178 179 -1
0.1 412 413 -1
0.1 414 180 -1
0.1 181 182 -1
0.1 183 184 -1
0.1 186 187 -1
0.1 188 189 -1
0.1 419 190 -1
0.1 418 420 -1
0.1 185 421 -1
0.1 417 422 -1
0.1 416 423 -1
0.1 415 424 -1
0.1 192 193 -1
0.1 191 426 -1
0.1 427 194 -1
0.1 197 198 -1
0.1 196 429 -1
0.1 195 430 -1
0.1 428 431 -1
0.1 199 200 -1
0.1 432 433 -1
0.1 202 203 -1
0.1 205 206 -1
0.1 204 436 -1
0.1 437 207 -1
0.1 210 211 -1
0.1 209 439 -1
0.1 208 440 -1
0.1 438 441 -1
0.1 435 442 -1
0.1 201 443 -1
0.1 434 444 -1
0.1 214 215 -1
0.1 213 446 -1
0.1 212 447 -1
0.1 217 218 -1
0.1 219 220 -1
0.1 449 450 -1
0.1 216 451 -1
0.1 448 452 -1
0.1 445 453 -1
0.1 425 454 -1
0.1 455 221 -1
0.1 173 456 -1
0.1 457 222 -1
0.1 223 224 -1
0.1 227 228 -1
0.1 230 231 -1
0.1 229 461 -1
0.1 462 232 -1
0.1 460 463 -1
0.1 464 233 -1
0.1 226 465 -1
0.1 234 235 -1
0.1 466 467 -1
0.1 225 468 -1
0.1 459 469 -1
0.1 236 237 -1
0.1 239 240 -1
0.1 238 472 -1
0.1 471 473 -1
0.1 470 474 -1
0.1 458 475 -1
0.1 409 476 -1
0.1 394 477 -1
0.1 379 478 -1
