1 0 0 1
1 0 0 2
1 0 0 1
1 0 0 1
1 0 0 1
1 0 0 1
1 0 0 1
1 0 0 1
1 0 0 1
1 0 0 3
1 0 0 4
1 0 0 4
1 0 0 4
1 0 0 4
1 0 0 4
1 0 0 4
1 0 0 4
1 0 0 4
1 0 0 1
1 0 0 5
1 0 0 5
1 0 0 5
1 0 0 5
1 0 0 5
1 0 0 5
1 0 0 5
1 0 0 5
1 0 0 5
1 0 0 5
1 0 0 5
1 0 0 5
1 0 0 5
1 0 0 5
1 0 0 5
1 0 0 5
1 0 0 5
1 0 0 5
1 0 0 5
1 0 0 5
1 0 0 1
1 0 0 6
1 0 0 6
1 0 0 6
1 0 0 6
1 0 0 6
1 0 0 6
1 0 0 6
1 0 0 6
1 0 0 6
1 0 0 6
1 0 0 6
1 0 0 6
1 0 0 6
1 0 0 6
1 0 0 6
1 0 0 6
1 0 0 6
1 0 0 6
1 0 0 6
1 0 0 6
1 0 0 7
1 0 0 7
1 0 0 7
1 0 0 7
1 0 0 7
1 0 0 7
1 0 0 7
1 0 0 7
1 0 0 7
1 0 0 7
1 0 0 7
1 0 0 7
1 0 0 7
1 0 0 3
1 0 0 1
1 0 0 8
1 0 0 8
1 0 0 8
1 0 0 8
1 0 0 8
1 0 0 8
1 0 0 8
1 0 0 8
1 0 0 8
1 0 0 8
1 0 0 8
1 0 0 8
1 0 0 4
1 0 0 4
1 0 0 4
1 0 0 4
1 0 0 4
1 0 0 4
1 0 0 4
1 0 0 8
1 0 0 8
1 0 0 8
1 0 0 8
1 0 0 8
1 0 0 8
1 0 0 8
1 0 0 9
1 0 0 9
1 0 0 9
1 0 0 9
1 0 0 9
1 0 0 9
1 0 0 9
1 0 0 9
1 0 0 9
1 0 0 9
1 0 0 9
1 0 0 4
1 0 0 9
1 0 0 9
1 0 0 9
1 0 0 9
1 0 0 9
1 0 0 9
1 0 0 9
1 0 0 9
1 0 0 9
1 0 0 10
1 0 0 10
1 0 0 10
1 0 0 10
1 0 0 10
1 0 0 11
1 0 0 11
1 0 0 11
1 0 0 12
1 0 0 12
1 0 0 12
1 0 0 12
1 0 0 12
1 0 0 12
1 0 0 12
1 0 0 12
1 0 0 11
1 0 0 11
1 0 0 11
1 0 0 11
1 0 0 11
1 0 0 11
1 0 0 11
1 0 0 11
1 0 0 11
1 0 0 11
1 0 0 12
1 0 0 12
1 0 0 12
1 0 0 12
1 0 0 12
1 0 0 12
1 0 0 12
1 0 0 12
1 0 0 12
1 0 0 12
1 0 0 12
1 0 0 12
1 0 0 11
1 0 0 11
1 0 0 11
1 0 0 11
1 0 0 11
1 0 0 11
1 0 0 11
1 0 0 13
1 0 0 13
1 0 0 13
1 0 0 13
1 0 0 13
1 0 0 13
1 0 0 13
1 0 0 13
1 0 0 13
1 0 0 13
1 0 0 13
1 0 0 13
1 0 0 13
1 0 0 13
1 0 0 13
1 0 0 13
1 0 0 13
1 0 0 13
1 0 0 13
1 0 0 13
1 0 0 10
1 0 0 10
1 0 0 8
1 0 0 10
1 0 0 10
1 0 0 10
1 0 0 10
1 0 0 10
1 0 0 10
1 0 0 10
1 0 0 10
1 0 0 10
1 0 0 10
1 0 0 10
1 0 0 10
1 0 0 10
1 0 0 14
1 0 0 14
1 0 0 4
1 0 0 4
1 0 0 4
1 0 0 4
1 0 0 1
1 0 0 1
1 0 0 1
1 0 0 15
1 0 0 15
1 0 0 15
1 0 0 15
1 0 0 1
1 0 0 16
1 0 0 16
1 0 0 16
1 0 0 16
1 0 0 17
1 0 0 17
1 0 0 17
1 0 0 17
1 0 0 17
1 0 0 17
1 0 0 17
1 0 0 17
1 0 0 17
1 0 0 17
1 0 0 18
1 0 0 18
1 0 0 18
1 0 0 18
1 0 0 18
1 0 0 18
1 0 0 18
1 0 0 18
1 0 0 18
1 0 0 18
1 0 0 18
1 0 0 18
1 0 0 18
1 0 0 18
1 0 0 18
1 0 0 18
1 0 0 18
1 0 0 18
1 0 0 18
1 0 0 19
1 0 0 19
1 0 0 19
1 0 0 19
1 0 0 19
1 0 0 19
1 0 0 19
1 0 0 19
1 0 0 19
1 0 0 19
1 0 0 19
1 0 0 19
1 0 0 19
1 0 0 19
1 0 0 19
1 0 0 19
1 0 0 19
1 0 0 19
1 0 0 19
1 0 0 1
1 0 0 1
1 0 0 20
1 0 0 20
1 0 0 20
1 0 0 20
1 0 0 20
1 0 0 20
1 0 0 20
1 0 0 20
1 0 0 20
1 0 0 20
1 0 0 20
1 0 0 20
1 0 0 20
1 0 0 20
1 0 0 20
1 0 0 20
1 0 0 20
1 0 0 20
1 0 0 20
1 0 0 20
1 0 0 1
1 0 0 1
1 0 0 21
1 0 0 21
1 0 0 22
1 0 0 22
1 0 0 22
1 0 0 23
1 0 0 23
1 0 0 23
1 0 0 23
1 0 0 23
1 0 0 16
1 0 0 16
1 0 0 16
1 0 0 16
1 0 0 16
1 0 0 16
1 0 0 16
1 0 0 16
1 0 0 16
1 0 0 16
1 0 0 16
1 0 0 16
1 0 0 24
1 0 0 24
1 0 0 24
1 0 0 24
1 0 0 18
1 0 0 17
1 0 0 17
1 0 0 17
1 0 0 17
1 0 0 17
1 0 0 19
1 0 0 25
1 0 0 25
1 0 0 25
1 0 0 25
1 0 0 25
1 0 0 25
1 0 0 25
1 0 0 25
1 0 0 25
1 0 0 25
1 0 0 25
1 0 0 2
1 0 0 2
1 0 0 2
1 0 0 24
1 0 0 24
1 0 0 24
1 0 0 24
1 0 0 24
1 0 0 24
1 0 0 24
1 0 0 24
1 0 0 24
1 0 0 24
1 0 0 24
1 0 0 24
1 0 0 24
1 0 0 24
1 0 0 24
1 0 0 24
1 0 0 2
1 0 0 2
1 0 0 2
1 0 0 22
1 0 0 22
1 0 0 22
1 0 0 22
1 0 0 22
1 0 0 22
1 0 0 22
1 0 0 22
1 0 0 22
1 0 0 22
1 0 0 22
1 0 0 23
1 0 0 23
1 0 0 23
1 0 0 23
1 0 0 23
1 0 0 23
1 0 0 23
1 0 0 23
1 0 0 23
1 0 0 3
1 0 0 3
1 0 0 3
1 0 0 3
1 0 0 3
1 0 0 3
1 0 0 22
1 0 0 22
1 0 0 22
1 0 0 2
1 0 0 2
1 0 0 2
1 0 0 2
1 0 0 2
1 0 0 17
1 0 0 17
1 0 0 17
1 0 0 17
1 0 0 7
1 0 0 7
1 0 0 7
1 0 0 7
1 0 0 7
1 0 0 7
1 0 0 7
1 0 0 22
1 0 0 22
1 0 0 22
1 0 0 16
1 0 0 16
1 0 0 16
1 0 0 16
1 0 0 17
1 0 0 2
1 0 0 2
1 0 0 2
1 0 0 2
1 0 0 2
1 0 0 2
1 0 0 2
1 0 0 2
1 0 0 14
1 0 0 14
1 0 0 14
1 0 0 14
1 0 0 14
1 0 0 14
1 0 0 14
1 0 0 14
1 0 0 14
1 0 0 14
1 0 0 14
1 0 0 14
1 0 0 14
1 0 0 14
1 0 0 14
1 0 0 14
1 0 0 14
1 0 0 14
1 0 0 21
1 0 0 21
1 0 0 21
1 0 0 21
1 0 0 21
1 0 0 21
1 0 0 21
1 0 0 21
1 0 0 23
1 0 0 23
1 0 0 23
1 0 0 23
1 0 0 23
1 0 0 23
1 0 0 3
1 0 0 3
1 0 0 3
1 0 0 3
1 0 0 3
1 0 0 3
1 0 0 3
1 0 0 3
1 0 0 3
1 0 0 3
1 0 0 3
1 0 0 3
1 0 0 25
1 0 0 25
1 0 0 25
1 0 0 25
1 0 0 25
1 0 0 25
1 0 0 25
1 0 0 25
1 0 0 25
1 0 0 21
1 0 0 21
1 0 0 15
1 0 0 15
1 0 0 15
1 0 0 15
1 0 0 15
1 0 0 21
1 0 0 21
1 0 0 21
1 0 0 21
1 0 0 15
1 0 0 15
1 0 0 15
1 0 0 15
1 0 0 15
1 0 0 15
1 0 0 15
1 0 0 15
1 0 0 15
1 0 0 15
1 0 0 15
1 0 0 21
1 0 0 21
1 0 0 21
1 0 0 21
1 0 0 1
0.1 2 3 -1
0.1 1 501 -1
0.1 502 4 -1
0.1 503 5 -1
0.1 8 9 -1
0.1 7 505 -1
0.1 6 506 -1
0.1 13 14 -1
0.1 12 508 -1
0.1 11 509 -1
0.1 16 17 -1
0.1 15 511 -1
0.1 512 18 -1
0.1 510 513 -1
0.1 10 514 -1
0.1 515 19 -1
0.1 20 21 -1
0.1 517 22 -1
0.1 23 24 -1
0.1 27 28 -1
0.1 26 520 -1
0.1 25 521 -1
0.1 522 29 -1
0.1 519 523 -1
0.1 30 31 -1
0.1 524 525 -1
0.1 35 36 -1
0.1 34 527 -1
0.1 33 528 -1
0.1 32 529 -1
0.1 38 39 -1
0.1 37 531 -1
0.1 530 532 -1
0.1 526 533 -1
0.1 518 534 -1
0.1 535 40 -1
0.1 516 536 -1
0.1 507 537 -1
0.1 504 538 -1
0.1 41 42 -1
0.1 43 44 -1
0.1 45 46 -1
0.1 541 542 -1
0.1 47 48 -1
0.1 50 51 -1
0.1 49 545 -1
0.1 544 546 -1
0.1 543 547 -1
0.1 54 55 -1
0.1 53 549 -1
0.1 52 550 -1
0.1 58 59 -1
0.1 57 552 -1
0.1 56 553 -1
0.1 554 60 -1
0.1 551 555 -1
0.1 548 556 -1
0.1 540 557 -1
0.1 62 63 -1
0.1 61 559 -1
0.1 64 65 -1
0.1 560 561 -1
0.1 69 70 -1
0.1 71 72 -1
0.1 563 564 -1
0.1 565 73 -1
0.1 68 566 -1
0.1 67 567 -1
0.1 66 568 -1
0.1 562 569 -1
0.1 558 570 -1
0.1 78 79 -1
0.1 81 82 -1
0.1 80 573 -1
0.1 572 574 -1
0.1 77 575 -1
0.1 85 86 -1
0.1 84 577 -1
0.1 578 87 -1
0.1 83 579 -1
0.1 576 580 -1
0.1 88 89 -1
0.1 582 90 -1
0.1 92 93 -1
0.1 584 94 -1
0.1 91 585 -1
0.1 583 586 -1
0.1 587 95 -1
0.1 581 588 -1
0.1 96 97 -1
0.1 589 590 -1
0.1 99 100 -1
0.1 98 592 -1
0.1 591 593 -1
0.1 594 101 -1
0.1 105 106 -1
0.1 104 596 -1
0.1 103 597 -1
0.1 102 598 -1
0.1 108 109 -1
0.1 107 600 -1
0.1 601 110 -1
0.1 111 112 -1
0.1 602 603 -1
0.1 599 604 -1
0.1 114 115 -1
0.1 113 606 -1
0.1 117 118 -1
0.1 608 119 -1
0.1 121 122 -1
0.1 120 610 -1
0.1 609 611 -1
0.1 116 612 -1
0.1 607 613 -1
0.1 605 614 -1
0.1 124 125 -1
0.1 123 616 -1
0.1 129 130 -1
0.1 132 133 -1
0.1 131 619 -1
0.1 134 135 -1
0.1 620 621 -1
0.1 137 138 -1
0.1 136 623 -1
0.1 622 624 -1
0.1 625 139 -1
0.1 626 140 -1
0.1 142 143 -1
0.1 141 628 -1
0.1 627 629 -1
0.1 618 630 -1
0.1 144 145 -1
0.1 146 147 -1
0.1 633 148 -1
0.1 150 151 -1
0.1 153 154 -1
0.1 152 636 -1
0.1 635 637 -1
0.1 149 638 -1
0.1 156 157 -1
0.1 158 159 -1
0.1 640 641 -1
0.1 155 642 -1
0.1 639 643 -1
0.1 644 160 -1
0.1 645 161 -1
0.1 634 646 -1
0.1 632 647 -1
0.1 631 648 -1
0.1 164 165 -1
0.1 163 650 -1
0.1 166 167 -1
0.1 651 652 -1
0.1 162 653 -1
0.1 649 654 -1
0.1 128 655 -1
0.1 127 656 -1
0.1 168 169 -1
0.1 658 170 -1
0.1 172 173 -1
0.1 171 660 -1
0.1 174 175 -1
0.1 662 176 -1
0.1 661 663 -1
0.1 179 180 -1
0.1 178 665 -1
0.1 177 666 -1
0.1 181 182 -1
0.1 667 668 -1
0.1 664 669 -1
0.1 659 670 -1
0.1 183 184 -1
0.1 186 187 -1
0.1 185 673 -1
0.1 672 674 -1
0.1 671 675 -1
0.1 657 676 -1
0.1 188 189 -1
0.1 677 678 -1
0.1 126 679 -1
0.1 617 680 -1
0.1 615 681 -1
0.1 682 190 -1
0.1 595 683 -1
0.1 76 684 -1
0.1 191 192 -1
0.1 194 195 -1
0.1 193 687 -1
0.1 686 688 -1
0.1 196 197 -1
0.1 198 199 -1
0.1 690 691 -1
0.1 200 201 -1
0.1 202 203 -1
0.1 693 694 -1
0.1 692 695 -1
0.1 689 696 -1
0.1 204 205 -1
0.1 208 209 -1
0.1 207 699 -1
0.1 206 700 -1
0.1 698 701 -1
0.1 697 702 -1
0.1 685 703 -1
0.1 210 211 -1
0.1 704 705 -1
0.1 75 706 -1
0.1 707 212 -1
0.1 74 708 -1
0.1 571 709 -1
0.1 214 215 -1
0.1 213 711 -1
0.1 712 216 -1
0.1 710 713 -1
0.1 714 217 -1
0.1 539 715 -1
0.1 220 221 -1
0.1 219 717 -1
0.1 218 718 -1
0.1 224 225 -1
0.1 720 226 -1
0.1 223 721 -1
0.1 228 229 -1
0.1 230 231 -1
0.1 723 724 -1
0.1 227 725 -1
0.1 722 726 -1
0.1 222 727 -1
0.1 719 728 -1
0.1 233 234 -1
0.1 236 237 -1
0.1 235 731 -1
0.1 730 732 -1
0.1 238 239 -1
0.1 241 242 -1
0.1 240 735 -1
0.1 734 736 -1
0.1 733 737 -1
0.1 232 738 -1
0.1 245 246 -1
0.1 740 247 -1
0.1 244 741 -1
0.1 243 742 -1
0.1 248 249 -1
0.1 744 250 -1
0.1 743 745 -1
0.1 739 746 -1
0.1 253 254 -1
0.1 748 255 -1
0.1 252 749 -1
0.1 257 258 -1
0.1 256 751 -1
0.1 750 752 -1
0.1 251 753 -1
0.1 259 260 -1
0.1 263 264 -1
0.1 756 265 -1
0.1 262 757 -1
0.1 261 758 -1
0.1 755 759 -1
0.1 268 269 -1
0.1 267 761 -1
0.1 266 762 -1
0.1 760 763 -1
0.1 754 764 -1
0.1 765 270 -1
0.1 766 271 -1
0.1 273 274 -1
0.1 272 768 -1
0.1 276 277 -1
0.1 275 770 -1
0.1 769 771 -1
0.1 278 279 -1
0.1 773 280 -1
0.1 281 282 -1
0.1 775 283 -1
0.1 286 287 -1
0.1 285 777 -1
0.1 284 778 -1
0.1 289 290 -1
0.1 288 780 -1
0.1 781 291 -1
0.1 779 782 -1
0.1 776 783 -1
0.1 774 784 -1
0.1 772 785 -1
0.1 786 292 -1
0.1 787 293 -1
0.1 767 788 -1
0.1 747 789 -1
0.1 729 790 -1
0.1 716 791 -1
0.1 297 298 -1
0.1 296 793 -1
0.1 299 300 -1
0.1 302 303 -1
0.1 301 796 -1
0.1 795 797 -1
0.1 306 307 -1
0.1 308 309 -1
0.1 800 310 -1
0.1 799 801 -1
0.1 305 802 -1
0.1 304 803 -1
0.1 311 312 -1
0.1 314 315 -1
0.1 313 806 -1
0.1 805 807 -1
0.1 804 808 -1
0.1 316 317 -1
0.1 810 318 -1
0.1 811 319 -1
0.1 812 320 -1
0.1 809 813 -1
0.1 322 323 -1
0.1 321 815 -1
0.1 324 325 -1
0.1 816 817 -1
0.1 814 818 -1
0.1 328 329 -1
0.1 330 331 -1
0.1 820 821 -1
0.1 335 336 -1
0.1 334 823 -1
0.1 824 337 -1
0.1 333 825 -1
0.1 332 826 -1
0.1 822 827 -1
0.1 327 828 -1
0.1 326 829 -1
0.1 338 339 -1
0.1 831 340 -1
0.1 830 832 -1
0.1 819 833 -1
0.1 798 834 -1
0.1 342 343 -1
0.1 341 836 -1
0.1 347 348 -1
0.1 346 838 -1
0.1 345 839 -1
0.1 344 840 -1
0.1 837 841 -1
0.1 350 351 -1
0.1 843 352 -1
0.1 353 354 -1
0.1 355 356 -1
0.1 845 846 -1
0.1 844 847 -1
0.1 349 848 -1
0.1 842 849 -1
0.1 835 850 -1
0.1 794 851 -1
0.1 357 358 -1
0.1 853 359 -1
0.1 360 361 -1
0.1 362 363 -1
0.1 856 364 -1
0.1 367 368 -1
0.1 369 370 -1
0.1 858 859 -1
0.1 366 860 -1
0.1 365 861 -1
0.1 857 862 -1
0.1 855 863 -1
0.1 372 373 -1
0.1 371 865 -1
0.1 375 376 -1
0.1 374 867 -1
0.1 868 377 -1
0.1 378 379 -1
0.1 869 870 -1
0.1 866 871 -1
0.1 380 381 -1
0.1 382 383 -1
0.1 874 384 -1
0.1 875 385 -1
0.1 873 876 -1
0.1 386 387 -1
0.1 878 388 -1
0.1 877 879 -1
0.1 872 880 -1
0.1 864 881 -1
0.1 854 882 -1
0.1 852 883 -1
0.1 391 392 -1
0.1 885 393 -1
0.1 390 886 -1
0.1 389 887 -1
0.1 394 395 -1
0.1 889 396 -1
0.1 890 397 -1
0.1 398 399 -1
0.1 403 404 -1
0.1 402 893 -1
0.1 401 894 -1
0.1 400 895 -1
0.1 892 896 -1
0.1 891 897 -1
0.1 406 407 -1
0.1 405 899 -1
0.1 408 409 -1
0.1 410 411 -1
0.1 901 902 -1
0.1 900 903 -1
0.1 904 412 -1
0.1 898 905 -1
0.1 413 414 -1
0.1 415 416 -1
0.1 908 417 -1
0.1 907 909 -1
0.1 418 419 -1
0.1 911 420 -1
0.1 910 912 -1
0.1 906 913 -1
0.1 888 914 -1
0.1 422 423 -1
0.1 916 424 -1
0.1 421 917 -1
0.1 428 429 -1
0.1 427 919 -1
0.1 426 920 -1
0.1 431 432 -1
0.1 430 922 -1
0.1 921 923 -1
0.1 425 924 -1
0.1 918 925 -1
0.1 433 434 -1
0.1 437 438 -1
0.1 436 928 -1
0.1 435 929 -1
0.1 927 930 -1
0.1 926 931 -1
0.1 915 932 -1
0.1 884 933 -1
0.1 934 439 -1
0.1 440 441 -1
0.1 935 936 -1
0.1 295 937 -1
0.1 445 446 -1
0.1 444 939 -1
0.1 447 448 -1
0.1 450 451 -1
0.1 449 942 -1
0.1 943 452 -1
0.1 941 944 -1
0.1 453 454 -1
0.1 946 455 -1
0.1 457 458 -1
0.1 456 948 -1
0.1 949 459 -1
0.1 461 462 -1
0.1 463 464 -1
0.1 951 952 -1
0.1 460 953 -1
0.1 950 954 -1
0.1 947 955 -1
0.1 945 956 -1
0.1 466 467 -1
0.1 465 958 -1
0.1 468 469 -1
0.1 472 473 -1
0.1 471 961 -1
0.1 470 962 -1
0.1 960 963 -1
0.1 959 964 -1
0.1 965 474 -1
0.1 966 475 -1
0.1 957 967 -1
0.1 940 968 -1
0.1 443 969 -1
0.1 442 970 -1
0.1 938 971 -1
0.1 477 478 -1
0.1 973 479 -1
0.1 476 974 -1
0.1 975 480 -1
0.1 976 481 -1
0.1 977 482 -1
0.1 972 978 -1
0.1 483 484 -1
0.1 486 487 -1
0.1 488 489 -1
0.1 981 982 -1
0.1 490 491 -1
0.1 492 493 -1
0.1 494 495 -1
0.1 985 986 -1
0.1 984 987 -1
0.1 983 988 -1
0.1 485 989 -1
0.1 990 496 -1
0.1 980 991 -1
0.1 979 992 -1
0.1 993 497 -1
0.1 498 499 -1
0.1 994 995 -1
0.1 294 996 -1
0.1 997 500 -1
0.1 792 998 -1
