1 0 0 1
1 0 0 1
1 0 0 1
1 0 0 1
1 0 0 1
1 0 0 2
1 0 0 1
1 0 0 1
1 0 0 1
1 0 0 1
1 0 0 1
1 0 0 3
1 0 0 3
1 0 0 3
1 0 0 3
1 0 0 3
1 0 0 4
1 0 0 4
1 0 0 4
1 0 0 4
1 0 0 4
1 0 0 4
1 0 0 4
1 0 0 4
1 0 0 4
1 0 0 4
1 0 0 3
1 0 0 3
1 0 0 3
1 0 0 3
1 0 0 2
1 0 0 2
1 0 0 2
1 0 0 2
1 0 0 5
1 0 0 5
1 0 0 5
1 0 0 5
1 0 0 5
1 0 0 5
1 0 0 5
1 0 0 5
1 0 0 5
1 0 0 5
1 0 0 6
1 0 0 6
1 0 0 6
1 0 0 6
1 0 0 6
1 0 0 6
1 0 0 6
1 0 0 6
1 0 0 6
1 0 0 6
1 0 0 3
1 0 0 7
1 0 0 7
1 0 0 7
1 0 0 7
1 0 0 7
1 0 0 7
1 0 0 7
1 0 0 7
1 0 0 7
1 0 0 7
1 0 0 8
1 0 0 8
1 0 0 8
1 0 0 8
1 0 0 8
1 0 0 8
1 0 0 8
1 0 0 8
1 0 0 8
1 0 0 8
1 0 0 9
1 0 0 9
1 0 0 9
1 0 0 2
1 0 0 2
1 0 0 2
1 0 0 2
1 0 0 2
1 0 0 9
1 0 0 9
1 0 0 9
1 0 0 9
1 0 0 9
1 0 0 9
1 0 0 9
0.1 1 2 -1
0.1 4 5 -1
0.1 3 92 -1
0.1 91 93 -1
0.1 6 7 -1
0.1 8 9 -1
0.1 10 11 -1
0.1 96 97 -1
0.1 95 98 -1
0.1 94 99 -1
0.1 12 13 -1
0.1 101 14 -1
0.1 19 20 -1
0.1 22 23 -1
0.1 21 104 -1
0.1 103 105 -1
0.1 18 106 -1
0.1 25 26 -1
0.1 24 108 -1
0.1 107 109 -1
0.1 17 110 -1
0.1 16 111 -1
0.1 112 27 -1
0.1 15 113 -1
0.1 29 30 -1
0.1 28 115 -1
0.1 114 116 -1
0.1 102 117 -1
0.1 33 34 -1
0.1 32 119 -1
0.1 31 120 -1
0.1 118 121 -1
0.1 100 122 -1
0.1 35 36 -1
0.1 37 38 -1
0.1 125 39 -1
0.1 126 40 -1
0.1 43 44 -1
0.1 42 128 -1
0.1 41 129 -1
0.1 127 130 -1
0.1 124 131 -1
0.1 47 48 -1
0.1 51 52 -1
0.1 50 134 -1
0.1 53 54 -1
0.1 135 136 -1
0.1 49 137 -1
0.1 133 138 -1
0.1 46 139 -1
0.1 45 140 -1
0.1 57 58 -1
0.1 56 142 -1
0.1 59 60 -1
0.1 143 144 -1
0.1 61 62 -1
0.1 63 64 -1
0.1 146 147 -1
0.1 148 65 -1
0.1 145 149 -1
0.1 55 150 -1
0.1 141 151 -1
0.1 66 67 -1
0.1 152 153 -1
0.1 132 154 -1
0.1 70 71 -1
0.1 69 156 -1
0.1 73 74 -1
0.1 72 158 -1
0.1 159 75 -1
0.1 157 160 -1
0.1 68 161 -1
0.1 155 162 -1
0.1 77 78 -1
0.1 79 80 -1
0.1 81 82 -1
0.1 166 83 -1
0.1 165 167 -1
0.1 168 84 -1
0.1 164 169 -1
0.1 76 170 -1
0.1 85 86 -1
0.1 171 172 -1
0.1 87 88 -1
0.1 89 90 -1
0.1 174 175 -1
0.1 173 176 -1
0.1 163 177 -1
0.1 123 178 -1
