1 0 0 1
1 0 0 1
1 0 0 2
1 0 0 3
1 0 0 3
1 0 0 3
1 0 0 3
1 0 0 3
1 0 0 3
1 0 0 4
1 0 0 4
1 0 0 4
1 0 0 4
1 0 0 4
1 0 0 4
1 0 0 4
1 0 0 4
1 0 0 4
1 0 0 4
1 0 0 3
1 0 0 3
1 0 0 3
1 0 0 3
1 0 0 5
1 0 0 5
1 0 0 5
1 0 0 5
1 0 0 5
1 0 0 5
1 0 0 5
1 0 0 5
1 0 0 5
1 0 0 5
1 0 0 6
1 0 0 6
1 0 0 6
1 0 0 6
1 0 0 6
1 0 0 6
1 0 0 6
1 0 0 6
1 0 0 6
1 0 0 6
1 0 0 7
1 0 0 7
1 0 0 7
1 0 0 7
1 0 0 7
1 0 0 7
1 0 0 7
1 0 0 7
1 0 0 7
1 0 0 7
1 0 0 8
1 0 0 8
1 0 0 9
1 0 0 9
1 0 0 9
1 0 0 9
1 0 0 9
1 0 0 9
1 0 0 9
1 0 0 9
1 0 0 9
1 0 0 8
1 0 0 8
1 0 0 8
1 0 0 8
1 0 0 1
1 0 0 1
1 0 0 1
1 0 0 1
1 0 0 1
1 0 0 1
1 0 0 1
1 0 0 1
1 0 0 2
1 0 0 2
1 0 0 8
1 0 0 8
1 0 0 8
1 0 0 8
1 0 0 9
1 0 0 2
1 0 0 2
1 0 0 2
1 0 0 2
1 0 0 2
1 0 0 2
1 0 0 2
0.1 1 2 -1
0.1 91 3 -1
0.1 5 6 -1
0.1 4 93 -1
0.1 12 13 -1
0.1 11 95 -1
0.1 14 15 -1
0.1 96 97 -1
0.1 10 98 -1
0.1 17 18 -1
0.1 16 100 -1
0.1 101 19 -1
0.1 99 102 -1
0.1 9 103 -1
0.1 8 104 -1
0.1 7 105 -1
0.1 94 106 -1
0.1 20 21 -1
0.1 108 22 -1
0.1 26 27 -1
0.1 29 30 -1
0.1 31 32 -1
0.1 112 33 -1
0.1 111 113 -1
0.1 28 114 -1
0.1 110 115 -1
0.1 25 116 -1
0.1 24 117 -1
0.1 23 118 -1
0.1 36 37 -1
0.1 38 39 -1
0.1 40 41 -1
0.1 122 42 -1
0.1 121 123 -1
0.1 120 124 -1
0.1 35 125 -1
0.1 126 43 -1
0.1 34 127 -1
0.1 119 128 -1
0.1 109 129 -1
0.1 107 130 -1
0.1 92 131 -1
0.1 44 45 -1
0.1 46 47 -1
0.1 49 50 -1
0.1 135 51 -1
0.1 136 52 -1
0.1 48 137 -1
0.1 134 138 -1
0.1 139 53 -1
0.1 133 140 -1
0.1 132 141 -1
0.1 57 58 -1
0.1 56 143 -1
0.1 59 60 -1
0.1 61 62 -1
0.1 146 63 -1
0.1 147 64 -1
0.1 145 148 -1
0.1 144 149 -1
0.1 150 65 -1
0.1 151 66 -1
0.1 55 152 -1
0.1 67 68 -1
0.1 72 73 -1
0.1 155 74 -1
0.1 71 156 -1
0.1 70 157 -1
0.1 75 76 -1
0.1 158 159 -1
0.1 69 160 -1
0.1 154 161 -1
0.1 77 78 -1
0.1 162 163 -1
0.1 79 80 -1
0.1 81 82 -1
0.1 165 166 -1
0.1 164 167 -1
0.1 153 168 -1
0.1 54 169 -1
0.1 85 86 -1
0.1 84 171 -1
0.1 83 172 -1
0.1 87 88 -1
0.1 89 90 -1
0.1 174 175 -1
0.1 173 176 -1
0.1 170 177 -1
0.1 142 178 -1
