1 0 0 1
1 0 0 1
1 0 0 1
1 0 0 1
1 0 0 2
1 0 0 2
1 0 0 2
1 0 0 3
1 0 0 4
1 0 0 4
1 0 0 4
1 0 0 4
1 0 0 5
1 0 0 5
1 0 0 5
1 0 0 5
1 0 0 5
1 0 0 4
1 0 0 6
1 0 0 6
1 0 0 6
1 0 0 6
1 0 0 6
1 0 0 7
1 0 0 7
1 0 0 7
1 0 0 7
1 0 0 7
1 0 0 8
1 0 0 8
1 0 0 8
1 0 0 8
1 0 0 8
1 0 0 9
1 0 0 9
1 0 0 9
1 0 0 9
1 0 0 9
1 0 0 10
1 0 0 10
1 0 0 10
1 0 0 10
1 0 0 10
1 0 0 11
1 0 0 11
1 0 0 11
1 0 0 11
1 0 0 11
1 0 0 12
1 0 0 12
1 0 0 12
1 0 0 12
1 0 0 12
1 0 0 13
1 0 0 13
1 0 0 13
1 0 0 13
1 0 0 13
1 0 0 14
1 0 0 14
1 0 0 14
1 0 0 14
1 0 0 14
1 0 0 15
1 0 0 15
1 0 0 15
1 0 0 15
1 0 0 15
1 0 0 16
1 0 0 16
1 0 0 16
1 0 0 16
1 0 0 16
1 0 0 17
1 0 0 18
1 0 0 18
1 0 0 18
1 0 0 18
1 0 0 18
1 0 0 17
1 0 0 19
1 0 0 19
1 0 0 19
1 0 0 19
1 0 0 19
1 0 0 17
1 0 0 20
1 0 0 20
1 0 0 20
1 0 0 20
1 0 0 20
1 0 0 21
1 0 0 21
1 0 0 21
1 0 0 21
1 0 0 21
1 0 0 17
1 0 0 22
1 0 0 22
1 0 0 22
1 0 0 22
1 0 0 22
1 0 0 17
1 0 0 23
1 0 0 23
1 0 0 23
1 0 0 23
1 0 0 23
1 0 0 24
1 0 0 24
1 0 0 24
1 0 0 24
1 0 0 24
1 0 0 25
1 0 0 25
1 0 0 25
1 0 0 25
1 0 0 26
1 0 0 26
1 0 0 26
1 0 0 26
1 0 0 26
1 0 0 27
1 0 0 27
1 0 0 27
1 0 0 27
1 0 0 27
1 0 0 28
1 0 0 28
1 0 0 28
1 0 0 29
1 0 0 28
1 0 0 28
1 0 0 29
1 0 0 29
1 0 0 30
1 0 0 30
1 0 0 30
1 0 0 30
1 0 0 30
1 0 0 29
1 0 0 29
1 0 0 31
1 0 0 31
1 0 0 31
1 0 0 31
1 0 0 31
1 0 0 32
1 0 0 32
1 0 0 32
1 0 0 32
1 0 0 32
1 0 0 25
1 0 0 33
1 0 0 33
1 0 0 33
1 0 0 33
1 0 0 33
1 0 0 34
1 0 0 34
1 0 0 35
1 0 0 36
1 0 0 36
1 0 0 36
1 0 0 36
1 0 0 36
1 0 0 35
1 0 0 35
1 0 0 35
1 0 0 35
1 0 0 37
1 0 0 37
1 0 0 37
1 0 0 37
1 0 0 37
1 0 0 34
1 0 0 34
1 0 0 34
1 0 0 38
1 0 0 38
1 0 0 38
1 0 0 38
1 0 0 38
1 0 0 39
1 0 0 39
1 0 0 39
1 0 0 39
1 0 0 39
1 0 0 3
1 0 0 3
1 0 0 2
1 0 0 2
1 0 0 40
1 0 0 40
1 0 0 40
1 0 0 40
1 0 0 40
1 0 0 41
1 0 0 41
1 0 0 41
1 0 0 41
1 0 0 41
1 0 0 42
1 0 0 42
1 0 0 42
1 0 0 43
1 0 0 43
1 0 0 43
1 0 0 43
1 0 0 43
1 0 0 42
1 0 0 42
1 0 0 44
1 0 0 44
1 0 0 44
1 0 0 44
1 0 0 44
1 0 0 45
1 0 0 45
1 0 0 46
1 0 0 46
1 0 0 46
1 0 0 47
1 0 0 47
1 0 0 47
1 0 0 47
1 0 0 47
1 0 0 48
1 0 0 48
1 0 0 48
1 0 0 48
1 0 0 49
1 0 0 49
1 0 0 49
1 0 0 49
1 0 0 49
1 0 0 48
1 0 0 50
1 0 0 50
1 0 0 50
1 0 0 50
1 0 0 50
1 0 0 46
1 0 0 51
1 0 0 51
1 0 0 51
1 0 0 51
1 0 0 51
1 0 0 46
1 0 0 45
1 0 0 45
1 0 0 45
1 0 0 52
1 0 0 52
1 0 0 52
1 0 0 3
1 0 0 1
1 0 0 3
1 0 0 52
1 0 0 52
0.1 2 3 -1
0.1 1 261 -1
0.1 262 4 -1
0.1 6 7 -1
0.1 5 264 -1
0.1 10 11 -1
0.1 9 266 -1
0.1 267 12 -1
0.1 14 15 -1
0.1 13 269 -1
0.1 16 17 -1
0.1 270 271 -1
0.1 272 18 -1
0.1 268 273 -1
0.1 20 21 -1
0.1 22 23 -1
0.1 275 276 -1
0.1 19 277 -1
0.1 274 278 -1
0.1 24 25 -1
0.1 27 28 -1
0.1 26 281 -1
0.1 280 282 -1
0.1 29 30 -1
0.1 31 32 -1
0.1 285 33 -1
0.1 284 286 -1
0.1 283 287 -1
0.1 36 37 -1
0.1 35 289 -1
0.1 290 38 -1
0.1 34 291 -1
0.1 39 40 -1
0.1 42 43 -1
0.1 41 294 -1
0.1 293 295 -1
0.1 292 296 -1
0.1 288 297 -1
0.1 44 45 -1
0.1 46 47 -1
0.1 299 300 -1
0.1 301 48 -1
0.1 298 302 -1
0.1 51 52 -1
0.1 304 53 -1
0.1 50 305 -1
0.1 49 306 -1
0.1 303 307 -1
0.1 279 308 -1
0.1 54 55 -1
0.1 56 57 -1
0.1 311 58 -1
0.1 310 312 -1
0.1 59 60 -1
0.1 62 63 -1
0.1 61 315 -1
0.1 314 316 -1
0.1 65 66 -1
0.1 67 68 -1
0.1 318 319 -1
0.1 64 320 -1
0.1 317 321 -1
0.1 313 322 -1
0.1 70 71 -1
0.1 69 324 -1
0.1 72 73 -1
0.1 325 326 -1
0.1 323 327 -1
0.1 76 77 -1
0.1 78 79 -1
0.1 329 330 -1
0.1 75 331 -1
0.1 81 82 -1
0.1 84 85 -1
0.1 83 334 -1
0.1 333 335 -1
0.1 80 336 -1
0.1 332 337 -1
0.1 87 88 -1
0.1 90 91 -1
0.1 89 340 -1
0.1 339 341 -1
0.1 92 93 -1
0.1 95 96 -1
0.1 94 344 -1
0.1 343 345 -1
0.1 346 97 -1
0.1 342 347 -1
0.1 86 348 -1
0.1 338 349 -1
0.1 99 100 -1
0.1 351 101 -1
0.1 98 352 -1
0.1 353 102 -1
0.1 350 354 -1
0.1 74 355 -1
0.1 328 356 -1
0.1 104 105 -1
0.1 106 107 -1
0.1 358 359 -1
0.1 360 108 -1
0.1 103 361 -1
0.1 109 110 -1
0.1 111 112 -1
0.1 364 113 -1
0.1 363 365 -1
0.1 362 366 -1
0.1 357 367 -1
0.1 309 368 -1
0.1 116 117 -1
0.1 115 370 -1
0.1 114 371 -1
0.1 119 120 -1
0.1 118 373 -1
0.1 374 121 -1
0.1 375 122 -1
0.1 126 127 -1
0.1 125 377 -1
0.1 124 378 -1
0.1 123 379 -1
0.1 129 130 -1
0.1 128 381 -1
0.1 382 131 -1
0.1 132 133 -1
0.1 134 135 -1
0.1 137 138 -1
0.1 136 386 -1
0.1 387 139 -1
0.1 388 140 -1
0.1 141 142 -1
0.1 143 144 -1
0.1 145 146 -1
0.1 391 392 -1
0.1 150 151 -1
0.1 149 394 -1
0.1 148 395 -1
0.1 396 152 -1
0.1 147 397 -1
0.1 393 398 -1
0.1 390 399 -1
0.1 389 400 -1
0.1 385 401 -1
0.1 384 402 -1
0.1 383 403 -1
0.1 380 404 -1
0.1 405 153 -1
0.1 376 406 -1
0.1 372 407 -1
0.1 156 157 -1
0.1 155 409 -1
0.1 154 410 -1
0.1 411 158 -1
0.1 162 163 -1
0.1 165 166 -1
0.1 164 414 -1
0.1 413 415 -1
0.1 161 416 -1
0.1 173 174 -1
0.1 418 175 -1
0.1 172 419 -1
0.1 171 420 -1
0.1 170 421 -1
0.1 169 422 -1
0.1 168 423 -1
0.1 167 424 -1
0.1 417 425 -1
0.1 160 426 -1
0.1 159 427 -1
0.1 182 183 -1
0.1 181 429 -1
0.1 180 430 -1
0.1 179 431 -1
0.1 185 186 -1
0.1 187 188 -1
0.1 433 434 -1
0.1 184 435 -1
0.1 432 436 -1
0.1 178 437 -1
0.1 177 438 -1
0.1 176 439 -1
0.1 428 440 -1
0.1 412 441 -1
0.1 408 442 -1
0.1 189 190 -1
0.1 443 444 -1
0.1 369 445 -1
0.1 8 446 -1
0.1 265 447 -1
0.1 263 448 -1
0.1 193 194 -1
0.1 195 196 -1
0.1 451 197 -1
0.1 450 452 -1
0.1 198 199 -1
0.1 200 201 -1
0.1 455 202 -1
0.1 454 456 -1
0.1 453 457 -1
0.1 206 207 -1
0.1 208 209 -1
0.1 460 210 -1
0.1 459 461 -1
0.1 205 462 -1
0.1 204 463 -1
0.1 211 212 -1
0.1 215 216 -1
0.1 466 217 -1
0.1 214 467 -1
0.1 213 468 -1
0.1 465 469 -1
0.1 464 470 -1
0.1 203 471 -1
0.1 458 472 -1
0.1 218 219 -1
0.1 473 474 -1
0.1 225 226 -1
0.1 224 476 -1
0.1 223 477 -1
0.1 478 227 -1
0.1 479 228 -1
0.1 229 230 -1
0.1 481 231 -1
0.1 233 234 -1
0.1 232 483 -1
0.1 235 236 -1
0.1 484 485 -1
0.1 486 237 -1
0.1 482 487 -1
0.1 480 488 -1
0.1 238 239 -1
0.1 240 241 -1
0.1 491 242 -1
0.1 490 492 -1
0.1 489 493 -1
0.1 222 494 -1
0.1 221 495 -1
0.1 244 245 -1
0.1 246 247 -1
0.1 497 498 -1
0.1 499 248 -1
0.1 500 249 -1
0.1 243 501 -1
0.1 496 502 -1
0.1 220 503 -1
0.1 475 504 -1
0.1 251 252 -1
0.1 250 506 -1
0.1 505 507 -1
0.1 192 508 -1
0.1 191 509 -1
0.1 510 253 -1
0.1 254 255 -1
0.1 257 258 -1
0.1 256 513 -1
0.1 259 260 -1
0.1 514 515 -1
0.1 512 516 -1
0.1 511 517 -1
0.1 449 518 -1
