1 0 0 1
1 0 0 2
1 0 0 2
1 0 0 3
1 0 0 1
1 0 0 4
1 0 0 4
1 0 0 4
1 0 0 4
1 0 0 4
1 0 0 4
1 0 0 5
1 0 0 6
1 0 0 6
1 0 0 6
1 0 0 6
1 0 0 6
1 0 0 6
1 0 0 6
1 0 0 6
1 0 0 6
1 0 0 6
1 0 0 7
1 0 0 7
1 0 0 7
1 0 0 7
1 0 0 7
1 0 0 7
1 0 0 7
1 0 0 7
1 0 0 7
1 0 0 7
1 0 0 5
1 0 0 5
1 0 0 8
1 0 0 8
1 0 0 8
1 0 0 8
1 0 0 8
1 0 0 8
1 0 0 8
1 0 0 8
1 0 0 8
1 0 0 8
1 0 0 9
1 0 0 9
1 0 0 9
1 0 0 9
1 0 0 9
1 0 0 9
1 0 0 9
1 0 0 9
1 0 0 9
1 0 0 9
1 0 0 1
1 0 0 10
1 0 0 10
1 0 0 10
1 0 0 10
1 0 0 10
1 0 0 10
1 0 0 10
1 0 0 10
1 0 0 10
1 0 0 10
1 0 0 5
1 0 0 5
1 0 0 11
1 0 0 11
1 0 0 11
1 0 0 11
1 0 0 11
1 0 0 11
1 0 0 11
1 0 0 11
1 0 0 11
1 0 0 11
1 0 0 12
1 0 0 12
1 0 0 12
1 0 0 12
1 0 0 12
1 0 0 12
1 0 0 12
1 0 0 12
1 0 0 12
1 0 0 12
1 0 0 13
1 0 0 13
1 0 0 13
1 0 0 13
1 0 0 13
1 0 0 13
1 0 0 13
1 0 0 13
1 0 0 13
1 0 0 13
1 0 0 14
1 0 0 14
1 0 0 14
1 0 0 14
1 0 0 14
1 0 0 14
1 0 0 14
1 0 0 14
1 0 0 14
1 0 0 14
1 0 0 15
1 0 0 15
1 0 0 15
1 0 0 15
1 0 0 15
1 0 0 15
1 0 0 15
1 0 0 15
1 0 0 15
1 0 0 15
1 0 0 16
1 0 0 16
1 0 0 16
1 0 0 16
1 0 0 16
1 0 0 16
1 0 0 16
1 0 0 16
1 0 0 16
1 0 0 16
1 0 0 5
1 0 0 17
1 0 0 17
1 0 0 17
1 0 0 17
1 0 0 17
1 0 0 17
1 0 0 17
1 0 0 17
1 0 0 17
1 0 0 17
1 0 0 18
1 0 0 18
1 0 0 18
1 0 0 18
1 0 0 18
1 0 0 18
1 0 0 18
1 0 0 18
1 0 0 18
1 0 0 18
1 0 0 19
1 0 0 19
1 0 0 19
1 0 0 19
1 0 0 19
1 0 0 19
1 0 0 19
1 0 0 19
1 0 0 19
1 0 0 19
1 0 0 20
1 0 0 20
1 0 0 20
1 0 0 20
1 0 0 20
1 0 0 20
1 0 0 20
1 0 0 20
1 0 0 20
1 0 0 20
1 0 0 21
1 0 0 21
1 0 0 21
1 0 0 21
1 0 0 21
1 0 0 21
1 0 0 21
1 0 0 21
1 0 0 21
1 0 0 21
1 0 0 22
1 0 0 22
1 0 0 22
1 0 0 22
1 0 0 22
1 0 0 22
1 0 0 22
1 0 0 22
1 0 0 22
1 0 0 22
1 0 0 23
1 0 0 23
1 0 0 23
1 0 0 23
1 0 0 23
1 0 0 23
1 0 0 23
1 0 0 23
1 0 0 23
1 0 0 23
1 0 0 24
1 0 0 24
1 0 0 24
1 0 0 24
1 0 0 24
1 0 0 24
1 0 0 24
1 0 0 24
1 0 0 24
1 0 0 24
1 0 0 25
1 0 0 25
1 0 0 25
1 0 0 25
1 0 0 25
1 0 0 25
1 0 0 25
1 0 0 25
1 0 0 25
1 0 0 25
1 0 0 26
1 0 0 26
1 0 0 26
1 0 0 26
1 0 0 26
1 0 0 26
1 0 0 26
1 0 0 26
1 0 0 26
1 0 0 26
1 0 0 5
1 0 0 5
1 0 0 27
1 0 0 27
1 0 0 27
1 0 0 27
1 0 0 27
1 0 0 27
1 0 0 27
1 0 0 27
1 0 0 27
1 0 0 27
1 0 0 28
1 0 0 28
1 0 0 28
1 0 0 28
1 0 0 28
1 0 0 28
1 0 0 28
1 0 0 28
1 0 0 28
1 0 0 28
1 0 0 29
1 0 0 29
1 0 0 29
1 0 0 29
1 0 0 29
1 0 0 29
1 0 0 29
1 0 0 29
1 0 0 29
1 0 0 29
1 0 0 3
1 0 0 3
1 0 0 3
1 0 0 3
1 0 0 3
1 0 0 3
1 0 0 3
1 0 0 30
1 0 0 30
1 0 0 30
1 0 0 30
1 0 0 30
1 0 0 30
1 0 0 30
1 0 0 30
1 0 0 5
1 0 0 31
1 0 0 31
1 0 0 31
1 0 0 31
1 0 0 31
1 0 0 31
1 0 0 31
1 0 0 31
1 0 0 31
1 0 0 31
1 0 0 5
1 0 0 30
1 0 0 30
1 0 0 2
1 0 0 2
1 0 0 2
1 0 0 2
1 0 0 2
1 0 0 2
1 0 0 2
1 0 0 2
1 0 0 1
1 0 0 1
1 0 0 1
1 0 0 1
1 0 0 32
1 0 0 32
1 0 0 32
1 0 0 32
1 0 0 32
1 0 0 32
1 0 0 32
1 0 0 33
1 0 0 33
1 0 0 33
1 0 0 33
1 0 0 33
1 0 0 33
1 0 0 33
1 0 0 33
1 0 0 33
1 0 0 33
1 0 0 32
1 0 0 32
1 0 0 34
1 0 0 34
1 0 0 34
1 0 0 34
1 0 0 34
1 0 0 34
1 0 0 34
1 0 0 34
1 0 0 34
1 0 0 34
1 0 0 35
1 0 0 35
1 0 0 35
1 0 0 35
1 0 0 35
1 0 0 35
1 0 0 35
1 0 0 35
1 0 0 35
1 0 0 35
1 0 0 36
1 0 0 36
1 0 0 36
1 0 0 36
1 0 0 36
1 0 0 36
1 0 0 36
1 0 0 36
1 0 0 36
1 0 0 36
1 0 0 32
1 0 0 1
1 0 0 1
1 0 0 1
1 0 0 37
1 0 0 37
1 0 0 37
1 0 0 38
1 0 0 4
1 0 0 4
1 0 0 4
1 0 0 4
1 0 0 3
1 0 0 3
1 0 0 38
1 0 0 38
1 0 0 38
1 0 0 39
1 0 0 39
1 0 0 39
1 0 0 39
1 0 0 39
1 0 0 39
1 0 0 39
1 0 0 39
1 0 0 39
1 0 0 39
1 0 0 38
1 0 0 40
1 0 0 40
1 0 0 40
1 0 0 40
1 0 0 40
1 0 0 40
1 0 0 40
1 0 0 40
1 0 0 40
1 0 0 40
1 0 0 41
1 0 0 41
1 0 0 41
1 0 0 41
1 0 0 41
1 0 0 41
1 0 0 41
1 0 0 41
1 0 0 41
1 0 0 41
1 0 0 42
1 0 0 42
1 0 0 42
1 0 0 42
1 0 0 42
1 0 0 42
1 0 0 42
1 0 0 42
1 0 0 42
1 0 0 42
1 0 0 43
1 0 0 43
1 0 0 43
1 0 0 44
1 0 0 44
1 0 0 44
1 0 0 44
1 0 0 44
1 0 0 44
1 0 0 44
1 0 0 44
1 0 0 44
1 0 0 44
1 0 0 43
1 0 0 43
1 0 0 45
1 0 0 45
1 0 0 45
1 0 0 45
1 0 0 45
1 0 0 45
1 0 0 45
1 0 0 45
1 0 0 45
1 0 0 45
1 0 0 43
1 0 0 43
1 0 0 43
1 0 0 43
1 0 0 46
1 0 0 46
1 0 0 46
1 0 0 46
1 0 0 46
1 0 0 46
1 0 0 46
1 0 0 46
1 0 0 46
1 0 0 46
1 0 0 43
1 0 0 38
1 0 0 38
1 0 0 38
1 0 0 38
1 0 0 38
1 0 0 47
1 0 0 47
1 0 0 47
1 0 0 47
1 0 0 47
1 0 0 47
1 0 0 47
1 0 0 47
1 0 0 47
1 0 0 47
1 0 0 37
1 0 0 37
1 0 0 37
1 0 0 37
1 0 0 37
1 0 0 37
1 0 0 37
0.1 2 3 -1
0.1 471 4 -1
0.1 8 9 -1
0.1 7 473 -1
0.1 6 474 -1
0.1 10 11 -1
0.1 475 476 -1
0.1 5 477 -1
0.1 16 17 -1
0.1 15 479 -1
0.1 14 480 -1
0.1 18 19 -1
0.1 20 21 -1
0.1 483 22 -1
0.1 482 484 -1
0.1 481 485 -1
0.1 13 486 -1
0.1 24 25 -1
0.1 26 27 -1
0.1 29 30 -1
0.1 28 490 -1
0.1 489 491 -1
0.1 31 32 -1
0.1 492 493 -1
0.1 488 494 -1
0.1 23 495 -1
0.1 487 496 -1
0.1 12 497 -1
0.1 36 37 -1
0.1 38 39 -1
0.1 40 41 -1
0.1 500 501 -1
0.1 42 43 -1
0.1 503 44 -1
0.1 502 504 -1
0.1 499 505 -1
0.1 35 506 -1
0.1 45 46 -1
0.1 47 48 -1
0.1 50 51 -1
0.1 49 510 -1
0.1 52 53 -1
0.1 511 512 -1
0.1 509 513 -1
0.1 514 54 -1
0.1 508 515 -1
0.1 507 516 -1
0.1 34 517 -1
0.1 33 518 -1
0.1 498 519 -1
0.1 520 55 -1
0.1 478 521 -1
0.1 472 522 -1
0.1 1 523 -1
0.1 56 57 -1
0.1 60 61 -1
0.1 59 526 -1
0.1 58 527 -1
0.1 525 528 -1
0.1 62 63 -1
0.1 64 65 -1
0.1 530 531 -1
0.1 529 532 -1
0.1 66 67 -1
0.1 69 70 -1
0.1 535 71 -1
0.1 73 74 -1
0.1 72 537 -1
0.1 536 538 -1
0.1 76 77 -1
0.1 75 540 -1
0.1 539 541 -1
0.1 68 542 -1
0.1 78 79 -1
0.1 544 80 -1
0.1 81 82 -1
0.1 83 84 -1
0.1 546 547 -1
0.1 86 87 -1
0.1 85 549 -1
0.1 548 550 -1
0.1 545 551 -1
0.1 88 89 -1
0.1 91 92 -1
0.1 93 94 -1
0.1 554 555 -1
0.1 90 556 -1
0.1 553 557 -1
0.1 96 97 -1
0.1 95 559 -1
0.1 558 560 -1
0.1 552 561 -1
0.1 543 562 -1
0.1 98 99 -1
0.1 564 100 -1
0.1 101 102 -1
0.1 566 103 -1
0.1 104 105 -1
0.1 106 107 -1
0.1 568 569 -1
0.1 567 570 -1
0.1 565 571 -1
0.1 112 113 -1
0.1 111 573 -1
0.1 110 574 -1
0.1 109 575 -1
0.1 114 115 -1
0.1 116 117 -1
0.1 577 578 -1
0.1 576 579 -1
0.1 108 580 -1
0.1 118 119 -1
0.1 582 120 -1
0.1 583 121 -1
0.1 123 124 -1
0.1 122 585 -1
0.1 125 126 -1
0.1 586 587 -1
0.1 584 588 -1
0.1 589 127 -1
0.1 581 590 -1
0.1 572 591 -1
0.1 592 128 -1
0.1 563 593 -1
0.1 130 131 -1
0.1 595 132 -1
0.1 596 133 -1
0.1 129 597 -1
0.1 135 136 -1
0.1 134 599 -1
0.1 137 138 -1
0.1 600 601 -1
0.1 598 602 -1
0.1 139 140 -1
0.1 604 141 -1
0.1 142 143 -1
0.1 605 606 -1
0.1 607 144 -1
0.1 145 146 -1
0.1 609 147 -1
0.1 608 610 -1
0.1 611 148 -1
0.1 149 150 -1
0.1 152 153 -1
0.1 151 614 -1
0.1 613 615 -1
0.1 155 156 -1
0.1 154 617 -1
0.1 618 157 -1
0.1 616 619 -1
0.1 620 158 -1
0.1 612 621 -1
0.1 603 622 -1
0.1 159 160 -1
0.1 161 162 -1
0.1 163 164 -1
0.1 625 626 -1
0.1 624 627 -1
0.1 165 166 -1
0.1 628 629 -1
0.1 167 168 -1
0.1 630 631 -1
0.1 174 175 -1
0.1 176 177 -1
0.1 633 634 -1
0.1 173 635 -1
0.1 172 636 -1
0.1 171 637 -1
0.1 170 638 -1
0.1 169 639 -1
0.1 640 178 -1
0.1 180 181 -1
0.1 642 182 -1
0.1 179 643 -1
0.1 184 185 -1
0.1 183 645 -1
0.1 644 646 -1
0.1 647 186 -1
0.1 187 188 -1
0.1 648 649 -1
0.1 641 650 -1
0.1 632 651 -1
0.1 623 652 -1
0.1 190 191 -1
0.1 193 194 -1
0.1 192 655 -1
0.1 656 195 -1
0.1 654 657 -1
0.1 196 197 -1
0.1 659 198 -1
0.1 658 660 -1
0.1 189 661 -1
0.1 200 201 -1
0.1 202 203 -1
0.1 663 664 -1
0.1 665 204 -1
0.1 207 208 -1
0.1 206 667 -1
0.1 205 668 -1
0.1 666 669 -1
0.1 199 670 -1
0.1 209 210 -1
0.1 211 212 -1
0.1 673 213 -1
0.1 674 214 -1
0.1 675 215 -1
0.1 672 676 -1
0.1 217 218 -1
0.1 216 678 -1
0.1 677 679 -1
0.1 671 680 -1
0.1 221 222 -1
0.1 220 682 -1
0.1 219 683 -1
0.1 223 224 -1
0.1 225 226 -1
0.1 685 686 -1
0.1 227 228 -1
0.1 687 688 -1
0.1 684 689 -1
0.1 681 690 -1
0.1 662 691 -1
0.1 653 692 -1
0.1 594 693 -1
0.1 534 694 -1
0.1 229 230 -1
0.1 231 232 -1
0.1 235 236 -1
0.1 698 237 -1
0.1 234 699 -1
0.1 233 700 -1
0.1 239 240 -1
0.1 238 702 -1
0.1 701 703 -1
0.1 697 704 -1
0.1 241 242 -1
0.1 244 245 -1
0.1 707 246 -1
0.1 243 708 -1
0.1 709 247 -1
0.1 706 710 -1
0.1 249 250 -1
0.1 248 712 -1
0.1 711 713 -1
0.1 705 714 -1
0.1 696 715 -1
0.1 695 716 -1
0.1 252 253 -1
0.1 251 718 -1
0.1 719 254 -1
0.1 720 255 -1
0.1 257 258 -1
0.1 256 722 -1
0.1 259 260 -1
0.1 723 724 -1
0.1 721 725 -1
0.1 717 726 -1
0.1 533 727 -1
0.1 261 262 -1
0.1 729 263 -1
0.1 264 265 -1
0.1 730 731 -1
0.1 732 266 -1
0.1 733 267 -1
0.1 728 734 -1
0.1 524 735 -1
0.1 271 272 -1
0.1 274 275 -1
0.1 273 738 -1
0.1 737 739 -1
0.1 270 740 -1
0.1 269 741 -1
0.1 277 278 -1
0.1 743 279 -1
0.1 280 281 -1
0.1 744 745 -1
0.1 283 284 -1
0.1 282 747 -1
0.1 748 285 -1
0.1 749 286 -1
0.1 746 750 -1
0.1 751 287 -1
0.1 276 752 -1
0.1 288 289 -1
0.1 753 754 -1
0.1 290 291 -1
0.1 294 295 -1
0.1 293 757 -1
0.1 296 297 -1
0.1 758 759 -1
0.1 292 760 -1
0.1 756 761 -1
0.1 298 299 -1
0.1 303 304 -1
0.1 302 764 -1
0.1 765 305 -1
0.1 310 311 -1
0.1 309 767 -1
0.1 312 313 -1
0.1 314 315 -1
0.1 316 317 -1
0.1 771 318 -1
0.1 770 772 -1
0.1 769 773 -1
0.1 768 774 -1
0.1 308 775 -1
0.1 307 776 -1
0.1 306 777 -1
0.1 321 322 -1
0.1 779 323 -1
0.1 780 324 -1
0.1 326 327 -1
0.1 329 330 -1
0.1 328 783 -1
0.1 782 784 -1
0.1 325 785 -1
0.1 781 786 -1
0.1 320 787 -1
0.1 319 788 -1
0.1 331 332 -1
0.1 333 334 -1
0.1 790 791 -1
0.1 336 337 -1
0.1 335 793 -1
0.1 338 339 -1
0.1 795 340 -1
0.1 794 796 -1
0.1 792 797 -1
0.1 342 343 -1
0.1 341 799 -1
0.1 345 346 -1
0.1 344 801 -1
0.1 347 348 -1
0.1 803 349 -1
0.1 804 350 -1
0.1 802 805 -1
0.1 800 806 -1
0.1 807 351 -1
0.1 798 808 -1
0.1 789 809 -1
0.1 778 810 -1
0.1 766 811 -1
0.1 812 352 -1
0.1 301 813 -1
0.1 300 814 -1
0.1 353 354 -1
0.1 815 816 -1
0.1 763 817 -1
0.1 762 818 -1
0.1 356 357 -1
0.1 361 362 -1
0.1 360 821 -1
0.1 359 822 -1
0.1 358 823 -1
0.1 363 364 -1
0.1 365 366 -1
0.1 369 370 -1
0.1 368 827 -1
0.1 371 372 -1
0.1 373 374 -1
0.1 829 830 -1
0.1 828 831 -1
0.1 376 377 -1
0.1 375 833 -1
0.1 832 834 -1
0.1 367 835 -1
0.1 826 836 -1
0.1 379 380 -1
0.1 382 383 -1
0.1 381 839 -1
0.1 838 840 -1
0.1 841 384 -1
0.1 385 386 -1
0.1 387 388 -1
0.1 843 844 -1
0.1 842 845 -1
0.1 378 846 -1
0.1 390 391 -1
0.1 389 848 -1
0.1 392 393 -1
0.1 849 850 -1
0.1 395 396 -1
0.1 394 852 -1
0.1 853 397 -1
0.1 851 854 -1
0.1 855 398 -1
0.1 847 856 -1
0.1 399 400 -1
0.1 401 402 -1
0.1 858 859 -1
0.1 404 405 -1
0.1 861 406 -1
0.1 862 407 -1
0.1 403 863 -1
0.1 864 408 -1
0.1 860 865 -1
0.1 857 866 -1
0.1 409 410 -1
0.1 413 414 -1
0.1 416 417 -1
0.1 415 870 -1
0.1 869 871 -1
0.1 412 872 -1
0.1 873 418 -1
0.1 419 420 -1
0.1 874 875 -1
0.1 876 421 -1
0.1 411 877 -1
0.1 868 878 -1
0.1 426 427 -1
0.1 425 880 -1
0.1 424 881 -1
0.1 430 431 -1
0.1 429 883 -1
0.1 428 884 -1
0.1 432 433 -1
0.1 885 886 -1
0.1 882 887 -1
0.1 423 888 -1
0.1 422 889 -1
0.1 435 436 -1
0.1 434 891 -1
0.1 438 439 -1
0.1 893 440 -1
0.1 894 441 -1
0.1 443 444 -1
0.1 442 896 -1
0.1 895 897 -1
0.1 445 446 -1
0.1 899 447 -1
0.1 898 900 -1
0.1 901 448 -1
0.1 437 902 -1
0.1 892 903 -1
0.1 890 904 -1
0.1 879 905 -1
0.1 906 449 -1
0.1 867 907 -1
0.1 837 908 -1
0.1 450 451 -1
0.1 909 910 -1
0.1 825 911 -1
0.1 824 912 -1
0.1 452 453 -1
0.1 454 455 -1
0.1 456 457 -1
0.1 458 459 -1
0.1 917 460 -1
0.1 916 918 -1
0.1 461 462 -1
0.1 919 920 -1
0.1 921 463 -1
0.1 915 922 -1
0.1 914 923 -1
0.1 913 924 -1
0.1 925 464 -1
0.1 466 467 -1
0.1 465 927 -1
0.1 926 928 -1
0.1 820 929 -1
0.1 355 930 -1
0.1 469 470 -1
0.1 468 932 -1
0.1 931 933 -1
0.1 819 934 -1
0.1 755 935 -1
0.1 742 936 -1
0.1 268 937 -1
0.1 736 938 -1
