1 0 0 1
1 0 0 1
1 0 0 1
1 0 0 1
1 0 0 1
1 0 0 1
1 0 0 1
1 0 0 2
1 0 0 3
1 0 0 3
1 0 0 3
1 0 0 3
1 0 0 3
1 0 0 3
1 0 0 3
1 0 0 3
1 0 0 3
1 0 0 3
1 0 0 2
1 0 0 2
1 0 0 2
1 0 0 2
1 0 0 2
1 0 0 2
1 0 0 2
1 0 0 2
1 0 0 4
1 0 0 4
1 0 0 4
1 0 0 4
1 0 0 5
1 0 0 4
1 0 0 4
1 0 0 4
1 0 0 4
1 0 0 4
1 0 0 4
1 0 0 5
1 0 0 5
1 0 0 6
1 0 0 6
1 0 0 6
1 0 0 6
1 0 0 6
1 0 0 6
1 0 0 6
1 0 0 6
1 0 0 6
1 0 0 6
1 0 0 2
1 0 0 1
1 0 0 1
1 0 0 1
1 0 0 7
1 0 0 7
1 0 0 7
1 0 0 5
1 0 0 7
1 0 0 7
1 0 0 7
1 0 0 7
1 0 0 7
1 0 0 7
1 0 0 7
1 0 0 5
1 0 0 8
1 0 0 8
1 0 0 8
1 0 0 8
1 0 0 8
1 0 0 8
1 0 0 8
1 0 0 9
1 0 0 9
1 0 0 9
1 0 0 9
1 0 0 9
1 0 0 9
1 0 0 9
1 0 0 9
1 0 0 9
1 0 0 9
1 0 0 10
1 0 0 10
1 0 0 10
1 0 0 10
1 0 0 10
1 0 0 10
1 0 0 10
1 0 0 10
1 0 0 10
1 0 0 10
1 0 0 11
1 0 0 11
1 0 0 11
1 0 0 11
1 0 0 11
1 0 0 11
1 0 0 11
1 0 0 11
1 0 0 11
1 0 0 11
1 0 0 8
1 0 0 8
1 0 0 8
1 0 0 5
1 0 0 12
1 0 0 12
1 0 0 12
1 0 0 12
1 0 0 12
1 0 0 12
1 0 0 12
1 0 0 12
1 0 0 12
1 0 0 12
1 0 0 13
1 0 0 13
1 0 0 13
1 0 0 13
1 0 0 13
1 0 0 13
1 0 0 13
1 0 0 13
1 0 0 13
1 0 0 13
1 0 0 5
1 0 0 5
1 0 0 14
1 0 0 14
1 0 0 14
1 0 0 14
1 0 0 14
1 0 0 14
1 0 0 14
1 0 0 14
1 0 0 14
1 0 0 14
1 0 0 15
1 0 0 15
1 0 0 16
1 0 0 16
1 0 0 16
1 0 0 16
1 0 0 16
1 0 0 16
1 0 0 16
1 0 0 16
1 0 0 16
1 0 0 16
1 0 0 15
1 0 0 15
1 0 0 15
1 0 0 15
1 0 0 15
1 0 0 15
1 0 0 15
1 0 0 15
1 0 0 5
1 0 0 17
1 0 0 17
1 0 0 17
1 0 0 17
1 0 0 17
1 0 0 17
1 0 0 17
1 0 0 17
1 0 0 17
1 0 0 17
1 0 0 5
0.1 1 2 -1
0.1 6 7 -1
0.1 9 10 -1
0.1 13 14 -1
0.1 12 174 -1
0.1 175 15 -1
0.1 11 176 -1
0.1 177 16 -1
0.1 17 18 -1
0.1 178 179 -1
0.1 173 180 -1
0.1 8 181 -1
0.1 21 22 -1
0.1 20 183 -1
0.1 19 184 -1
0.1 23 24 -1
0.1 185 186 -1
0.1 187 25 -1
0.1 188 26 -1
0.1 28 29 -1
0.1 190 30 -1
0.1 33 34 -1
0.1 32 192 -1
0.1 31 193 -1
0.1 194 35 -1
0.1 37 38 -1
0.1 36 196 -1
0.1 195 197 -1
0.1 191 198 -1
0.1 27 199 -1
0.1 41 42 -1
0.1 201 43 -1
0.1 46 47 -1
0.1 45 203 -1
0.1 44 204 -1
0.1 202 205 -1
0.1 48 49 -1
0.1 206 207 -1
0.1 40 208 -1
0.1 39 209 -1
0.1 200 210 -1
0.1 189 211 -1
0.1 182 212 -1
0.1 213 50 -1
0.1 172 214 -1
0.1 5 215 -1
0.1 4 216 -1
0.1 51 52 -1
0.1 217 218 -1
0.1 219 53 -1
0.1 3 220 -1
0.1 171 221 -1
0.1 57 58 -1
0.1 56 223 -1
0.1 59 60 -1
0.1 224 225 -1
0.1 62 63 -1
0.1 227 64 -1
0.1 61 228 -1
0.1 226 229 -1
0.1 55 230 -1
0.1 54 231 -1
0.1 232 65 -1
0.1 68 69 -1
0.1 71 72 -1
0.1 70 235 -1
0.1 234 236 -1
0.1 67 237 -1
0.1 73 74 -1
0.1 76 77 -1
0.1 240 78 -1
0.1 79 80 -1
0.1 242 81 -1
0.1 241 243 -1
0.1 75 244 -1
0.1 245 82 -1
0.1 239 246 -1
0.1 83 84 -1
0.1 248 85 -1
0.1 249 86 -1
0.1 88 89 -1
0.1 87 251 -1
0.1 91 92 -1
0.1 90 253 -1
0.1 252 254 -1
0.1 250 255 -1
0.1 247 256 -1
0.1 93 94 -1
0.1 96 97 -1
0.1 95 259 -1
0.1 258 260 -1
0.1 98 99 -1
0.1 262 100 -1
0.1 101 102 -1
0.1 263 264 -1
0.1 261 265 -1
0.1 257 266 -1
0.1 238 267 -1
0.1 103 104 -1
0.1 268 269 -1
0.1 270 105 -1
0.1 66 271 -1
0.1 233 272 -1
0.1 273 106 -1
0.1 107 108 -1
0.1 109 110 -1
0.1 111 112 -1
0.1 276 277 -1
0.1 278 113 -1
0.1 279 114 -1
0.1 275 280 -1
0.1 115 116 -1
0.1 281 282 -1
0.1 274 283 -1
0.1 222 284 -1
0.1 117 118 -1
0.1 286 119 -1
0.1 120 121 -1
0.1 288 122 -1
0.1 123 124 -1
0.1 289 290 -1
0.1 287 291 -1
0.1 292 125 -1
0.1 293 126 -1
0.1 132 133 -1
0.1 134 135 -1
0.1 296 136 -1
0.1 297 137 -1
0.1 295 298 -1
0.1 299 138 -1
0.1 131 300 -1
0.1 130 301 -1
0.1 129 302 -1
0.1 128 303 -1
0.1 142 143 -1
0.1 141 305 -1
0.1 144 145 -1
0.1 147 148 -1
0.1 308 149 -1
0.1 146 309 -1
0.1 310 150 -1
0.1 307 311 -1
0.1 306 312 -1
0.1 313 151 -1
0.1 152 153 -1
0.1 315 154 -1
0.1 314 316 -1
0.1 140 317 -1
0.1 155 156 -1
0.1 319 157 -1
0.1 318 320 -1
0.1 321 158 -1
0.1 139 322 -1
0.1 162 163 -1
0.1 165 166 -1
0.1 167 168 -1
0.1 325 326 -1
0.1 164 327 -1
0.1 324 328 -1
0.1 161 329 -1
0.1 160 330 -1
0.1 331 169 -1
0.1 159 332 -1
0.1 323 333 -1
0.1 334 170 -1
0.1 304 335 -1
0.1 127 336 -1
0.1 294 337 -1
0.1 285 338 -1
