1 0 0 1
1 0 0 1
1 0 0 1
1 0 0 1
1 0 0 1
1 0 0 1
1 0 0 1
1 0 0 1
1 0 0 1
1 0 0 1
1 0 0 2
1 0 0 2
1 0 0 3
1 0 0 3
1 0 0 3
1 0 0 3
1 0 0 3
1 0 0 3
1 0 0 3
1 0 0 3
1 0 0 3
1 0 0 3
1 0 0 4
1 0 0 4
1 0 0 4
1 0 0 4
1 0 0 4
1 0 0 4
1 0 0 4
1 0 0 4
1 0 0 4
1 0 0 4
1 0 0 5
1 0 0 5
1 0 0 5
1 0 0 5
1 0 0 5
1 0 0 5
1 0 0 5
1 0 0 5
1 0 0 5
1 0 0 6
1 0 0 6
1 0 0 6
1 0 0 6
1 0 0 6
1 0 0 6
1 0 0 6
1 0 0 6
1 0 0 6
1 0 0 6
1 0 0 2
1 0 0 2
1 0 0 5
1 0 0 7
1 0 0 7
1 0 0 7
1 0 0 7
1 0 0 7
1 0 0 7
1 0 0 7
1 0 0 7
1 0 0 7
1 0 0 7
1 0 0 2
1 0 0 8
1 0 0 8
1 0 0 8
1 0 0 8
1 0 0 8
1 0 0 8
1 0 0 9
1 0 0 9
1 0 0 9
1 0 0 9
1 0 0 9
1 0 0 9
1 0 0 9
1 0 0 10
1 0 0 10
1 0 0 10
1 0 0 10
1 0 0 10
1 0 0 10
1 0 0 10
1 0 0 10
1 0 0 10
1 0 0 11
1 0 0 11
1 0 0 11
1 0 0 11
1 0 0 11
1 0 0 11
1 0 0 11
1 0 0 11
1 0 0 11
1 0 0 11
1 0 0 10
1 0 0 9
1 0 0 9
1 0 0 9
1 0 0 8
1 0 0 8
1 0 0 8
1 0 0 8
1 0 0 2
1 0 0 12
1 0 0 12
1 0 0 12
1 0 0 12
1 0 0 12
1 0 0 12
1 0 0 12
1 0 0 12
1 0 0 12
1 0 0 12
1 0 0 13
1 0 0 13
1 0 0 13
1 0 0 13
1 0 0 13
1 0 0 13
1 0 0 13
1 0 0 13
1 0 0 13
1 0 0 13
1 0 0 2
1 0 0 14
1 0 0 14
1 0 0 14
1 0 0 14
1 0 0 14
1 0 0 14
1 0 0 14
1 0 0 14
1 0 0 14
1 0 0 14
1 0 0 15
1 0 0 15
1 0 0 15
1 0 0 15
1 0 0 15
1 0 0 15
1 0 0 15
1 0 0 15
1 0 0 15
1 0 0 15
1 0 0 2
1 0 0 16
1 0 0 2
1 0 0 16
1 0 0 16
1 0 0 16
1 0 0 16
1 0 0 16
1 0 0 16
1 0 0 16
1 0 0 16
1 0 0 16
1 0 0 17
1 0 0 17
1 0 0 17
1 0 0 17
1 0 0 17
1 0 0 17
1 0 0 17
1 0 0 17
1 0 0 17
1 0 0 17
1 0 0 2
0.1 4 5 -1
0.1 7 8 -1
0.1 6 172 -1
0.1 9 10 -1
0.1 173 174 -1
0.1 171 175 -1
0.1 3 176 -1
0.1 2 177 -1
0.1 1 178 -1
0.1 14 15 -1
0.1 13 180 -1
0.1 181 16 -1
0.1 182 17 -1
0.1 18 19 -1
0.1 20 21 -1
0.1 185 22 -1
0.1 184 186 -1
0.1 183 187 -1
0.1 12 188 -1
0.1 24 25 -1
0.1 26 27 -1
0.1 190 191 -1
0.1 23 192 -1
0.1 30 31 -1
0.1 29 194 -1
0.1 28 195 -1
0.1 193 196 -1
0.1 197 32 -1
0.1 189 198 -1
0.1 34 35 -1
0.1 33 200 -1
0.1 37 38 -1
0.1 36 202 -1
0.1 201 203 -1
0.1 40 41 -1
0.1 39 205 -1
0.1 43 44 -1
0.1 46 47 -1
0.1 45 208 -1
0.1 50 51 -1
0.1 49 210 -1
0.1 48 211 -1
0.1 209 212 -1
0.1 207 213 -1
0.1 42 214 -1
0.1 52 53 -1
0.1 215 216 -1
0.1 206 217 -1
0.1 218 54 -1
0.1 204 219 -1
0.1 199 220 -1
0.1 57 58 -1
0.1 59 60 -1
0.1 222 223 -1
0.1 61 62 -1
0.1 224 225 -1
0.1 63 64 -1
0.1 226 227 -1
0.1 56 228 -1
0.1 55 229 -1
0.1 230 65 -1
0.1 67 68 -1
0.1 69 70 -1
0.1 233 71 -1
0.1 232 234 -1
0.1 66 235 -1
0.1 72 73 -1
0.1 74 75 -1
0.1 76 77 -1
0.1 239 78 -1
0.1 238 240 -1
0.1 237 241 -1
0.1 80 81 -1
0.1 82 83 -1
0.1 85 86 -1
0.1 245 87 -1
0.1 84 246 -1
0.1 244 247 -1
0.1 89 90 -1
0.1 88 249 -1
0.1 250 91 -1
0.1 93 94 -1
0.1 92 252 -1
0.1 95 96 -1
0.1 254 97 -1
0.1 253 255 -1
0.1 251 256 -1
0.1 257 98 -1
0.1 248 258 -1
0.1 243 259 -1
0.1 79 260 -1
0.1 261 99 -1
0.1 100 101 -1
0.1 262 263 -1
0.1 242 264 -1
0.1 236 265 -1
0.1 266 102 -1
0.1 104 105 -1
0.1 103 268 -1
0.1 267 269 -1
0.1 231 270 -1
0.1 271 106 -1
0.1 221 272 -1
0.1 110 111 -1
0.1 112 113 -1
0.1 275 114 -1
0.1 274 276 -1
0.1 277 115 -1
0.1 278 116 -1
0.1 109 279 -1
0.1 108 280 -1
0.1 107 281 -1
0.1 273 282 -1
0.1 11 283 -1
0.1 179 284 -1
0.1 120 121 -1
0.1 122 123 -1
0.1 286 287 -1
0.1 119 288 -1
0.1 124 125 -1
0.1 289 290 -1
0.1 291 126 -1
0.1 118 292 -1
0.1 117 293 -1
0.1 130 131 -1
0.1 132 133 -1
0.1 295 296 -1
0.1 129 297 -1
0.1 128 298 -1
0.1 135 136 -1
0.1 134 300 -1
0.1 299 301 -1
0.1 302 137 -1
0.1 139 140 -1
0.1 138 304 -1
0.1 141 142 -1
0.1 306 143 -1
0.1 144 145 -1
0.1 308 146 -1
0.1 307 309 -1
0.1 310 147 -1
0.1 305 311 -1
0.1 303 312 -1
0.1 127 313 -1
0.1 294 314 -1
0.1 315 148 -1
0.1 153 154 -1
0.1 152 317 -1
0.1 151 318 -1
0.1 319 155 -1
0.1 156 157 -1
0.1 321 158 -1
0.1 320 322 -1
0.1 323 159 -1
0.1 150 324 -1
0.1 149 325 -1
0.1 316 326 -1
0.1 160 161 -1
0.1 164 165 -1
0.1 166 167 -1
0.1 329 330 -1
0.1 163 331 -1
0.1 168 169 -1
0.1 332 333 -1
0.1 162 334 -1
0.1 328 335 -1
0.1 327 336 -1
0.1 337 170 -1
0.1 285 338 -1
