1 0 0 1
1 0 0 1
1 0 0 1
1 0 0 1
1 0 0 1
1 0 0 1
1 0 0 1
1 0 0 1
1 0 0 1
1 0 0 1
1 0 0 2
1 0 0 2
1 0 0 2
1 0 0 2
1 0 0 2
1 0 0 2
1 0 0 2
1 0 0 2
1 0 0 2
1 0 0 2
1 0 0 3
1 0 0 3
1 0 0 3
1 0 0 3
1 0 0 3
1 0 0 3
1 0 0 3
1 0 0 3
1 0 0 3
1 0 0 3
1 0 0 4
1 0 0 4
1 0 0 4
1 0 0 4
1 0 0 4
1 0 0 5
1 0 0 5
1 0 0 5
1 0 0 5
1 0 0 5
1 0 0 5
1 0 0 5
1 0 0 5
1 0 0 5
1 0 0 5
1 0 0 4
1 0 0 4
1 0 0 4
1 0 0 4
1 0 0 4
1 0 0 6
1 0 0 6
1 0 0 6
1 0 0 6
1 0 0 6
1 0 0 6
1 0 0 6
1 0 0 6
1 0 0 6
1 0 0 7
1 0 0 7
1 0 0 8
1 0 0 8
1 0 0 8
1 0 0 8
1 0 0 8
1 0 0 8
1 0 0 8
1 0 0 8
1 0 0 8
1 0 0 8
1 0 0 9
1 0 0 9
1 0 0 9
1 0 0 10
1 0 0 10
1 0 0 10
1 0 0 10
1 0 0 10
1 0 0 10
1 0 0 10
1 0 0 10
1 0 0 10
1 0 0 10
1 0 0 9
1 0 0 9
1 0 0 9
1 0 0 9
1 0 0 9
1 0 0 9
1 0 0 9
1 0 0 11
1 0 0 11
1 0 0 11
1 0 0 11
1 0 0 11
1 0 0 11
1 0 0 12
1 0 0 12
1 0 0 12
1 0 0 12
1 0 0 12
1 0 0 13
1 0 0 13
1 0 0 13
1 0 0 13
1 0 0 13
1 0 0 13
1 0 0 13
1 0 0 13
1 0 0 13
1 0 0 13
1 0 0 12
1 0 0 12
1 0 0 12
1 0 0 12
1 0 0 12
1 0 0 11
1 0 0 11
1 0 0 11
1 0 0 11
1 0 0 14
1 0 0 14
1 0 0 14
1 0 0 14
1 0 0 15
1 0 0 15
1 0 0 15
1 0 0 15
1 0 0 15
1 0 0 15
1 0 0 15
1 0 0 15
1 0 0 15
1 0 0 15
1 0 0 14
1 0 0 14
1 0 0 14
1 0 0 14
1 0 0 14
1 0 0 14
1 0 0 16
1 0 0 16
1 0 0 16
1 0 0 16
1 0 0 16
1 0 0 16
1 0 0 16
1 0 0 16
1 0 0 16
1 0 0 16
1 0 0 17
1 0 0 17
1 0 0 17
1 0 0 17
1 0 0 17
1 0 0 17
1 0 0 17
1 0 0 17
1 0 0 17
1 0 0 18
1 0 0 18
1 0 0 18
1 0 0 18
1 0 0 18
1 0 0 18
1 0 0 18
1 0 0 18
1 0 0 18
1 0 0 18
1 0 0 17
1 0 0 6
1 0 0 19
1 0 0 19
1 0 0 19
1 0 0 19
1 0 0 19
1 0 0 19
1 0 0 19
1 0 0 19
1 0 0 19
1 0 0 19
1 0 0 20
1 0 0 20
1 0 0 21
1 0 0 21
1 0 0 21
1 0 0 21
1 0 0 21
1 0 0 21
1 0 0 21
1 0 0 21
1 0 0 21
1 0 0 21
1 0 0 22
1 0 0 22
1 0 0 22
1 0 0 22
1 0 0 22
1 0 0 22
1 0 0 22
1 0 0 22
1 0 0 22
1 0 0 22
1 0 0 20
1 0 0 20
1 0 0 20
1 0 0 20
1 0 0 23
1 0 0 23
1 0 0 23
1 0 0 23
1 0 0 23
1 0 0 23
1 0 0 23
1 0 0 23
1 0 0 23
1 0 0 23
1 0 0 20
1 0 0 20
1 0 0 20
1 0 0 20
1 0 0 7
1 0 0 7
1 0 0 7
1 0 0 7
1 0 0 24
1 0 0 24
1 0 0 24
1 0 0 24
1 0 0 24
1 0 0 24
1 0 0 24
1 0 0 24
1 0 0 24
1 0 0 24
1 0 0 7
1 0 0 7
1 0 0 7
1 0 0 7
1 0 0 25
1 0 0 25
1 0 0 25
1 0 0 25
1 0 0 25
1 0 0 25
1 0 0 25
1 0 0 25
1 0 0 25
1 0 0 25
0.1 2 3 -1
0.1 1 251 -1
0.1 252 4 -1
0.1 253 5 -1
0.1 7 8 -1
0.1 6 255 -1
0.1 12 13 -1
0.1 14 15 -1
0.1 257 258 -1
0.1 11 259 -1
0.1 19 20 -1
0.1 18 261 -1
0.1 17 262 -1
0.1 16 263 -1
0.1 22 23 -1
0.1 21 265 -1
0.1 24 25 -1
0.1 267 26 -1
0.1 27 28 -1
0.1 29 30 -1
0.1 269 270 -1
0.1 268 271 -1
0.1 266 272 -1
0.1 264 273 -1
0.1 260 274 -1
0.1 32 33 -1
0.1 34 35 -1
0.1 276 277 -1
0.1 31 278 -1
0.1 37 38 -1
0.1 39 40 -1
0.1 281 41 -1
0.1 280 282 -1
0.1 44 45 -1
0.1 43 284 -1
0.1 42 285 -1
0.1 283 286 -1
0.1 36 287 -1
0.1 46 47 -1
0.1 289 48 -1
0.1 49 50 -1
0.1 290 291 -1
0.1 288 292 -1
0.1 279 293 -1
0.1 275 294 -1
0.1 10 295 -1
0.1 9 296 -1
0.1 256 297 -1
0.1 254 298 -1
0.1 51 52 -1
0.1 54 55 -1
0.1 53 301 -1
0.1 56 57 -1
0.1 58 59 -1
0.1 303 304 -1
0.1 302 305 -1
0.1 300 306 -1
0.1 60 61 -1
0.1 62 63 -1
0.1 64 65 -1
0.1 67 68 -1
0.1 311 69 -1
0.1 66 312 -1
0.1 310 313 -1
0.1 309 314 -1
0.1 70 71 -1
0.1 315 316 -1
0.1 75 76 -1
0.1 77 78 -1
0.1 318 319 -1
0.1 80 81 -1
0.1 83 84 -1
0.1 82 322 -1
0.1 321 323 -1
0.1 79 324 -1
0.1 320 325 -1
0.1 74 326 -1
0.1 73 327 -1
0.1 72 328 -1
0.1 86 87 -1
0.1 330 88 -1
0.1 85 331 -1
0.1 90 91 -1
0.1 89 333 -1
0.1 332 334 -1
0.1 329 335 -1
0.1 92 93 -1
0.1 94 95 -1
0.1 96 97 -1
0.1 338 339 -1
0.1 337 340 -1
0.1 98 99 -1
0.1 101 102 -1
0.1 100 343 -1
0.1 342 344 -1
0.1 103 104 -1
0.1 105 106 -1
0.1 346 347 -1
0.1 107 108 -1
0.1 109 110 -1
0.1 111 112 -1
0.1 350 351 -1
0.1 349 352 -1
0.1 348 353 -1
0.1 114 115 -1
0.1 113 355 -1
0.1 356 116 -1
0.1 357 117 -1
0.1 354 358 -1
0.1 118 119 -1
0.1 120 121 -1
0.1 360 361 -1
0.1 359 362 -1
0.1 345 363 -1
0.1 341 364 -1
0.1 123 124 -1
0.1 122 366 -1
0.1 127 128 -1
0.1 368 129 -1
0.1 130 131 -1
0.1 370 132 -1
0.1 369 371 -1
0.1 126 372 -1
0.1 134 135 -1
0.1 133 374 -1
0.1 373 375 -1
0.1 125 376 -1
0.1 136 137 -1
0.1 377 378 -1
0.1 379 138 -1
0.1 140 141 -1
0.1 139 381 -1
0.1 380 382 -1
0.1 367 383 -1
0.1 365 384 -1
0.1 336 385 -1
0.1 317 386 -1
0.1 308 387 -1
0.1 144 145 -1
0.1 389 146 -1
0.1 143 390 -1
0.1 142 391 -1
0.1 150 151 -1
0.1 149 393 -1
0.1 148 394 -1
0.1 147 395 -1
0.1 392 396 -1
0.1 153 154 -1
0.1 152 398 -1
0.1 155 156 -1
0.1 159 160 -1
0.1 158 401 -1
0.1 157 402 -1
0.1 162 163 -1
0.1 161 404 -1
0.1 164 165 -1
0.1 167 168 -1
0.1 166 407 -1
0.1 169 170 -1
0.1 408 409 -1
0.1 406 410 -1
0.1 405 411 -1
0.1 412 171 -1
0.1 403 413 -1
0.1 400 414 -1
0.1 399 415 -1
0.1 397 416 -1
0.1 388 417 -1
0.1 307 418 -1
0.1 419 172 -1
0.1 299 420 -1
0.1 173 174 -1
0.1 175 176 -1
0.1 422 423 -1
0.1 178 179 -1
0.1 177 425 -1
0.1 181 182 -1
0.1 180 427 -1
0.1 426 428 -1
0.1 424 429 -1
0.1 183 184 -1
0.1 188 189 -1
0.1 187 432 -1
0.1 186 433 -1
0.1 185 434 -1
0.1 190 191 -1
0.1 193 194 -1
0.1 192 437 -1
0.1 436 438 -1
0.1 435 439 -1
0.1 431 440 -1
0.1 195 196 -1
0.1 198 199 -1
0.1 443 200 -1
0.1 201 202 -1
0.1 445 203 -1
0.1 444 446 -1
0.1 447 204 -1
0.1 197 448 -1
0.1 442 449 -1
0.1 206 207 -1
0.1 212 213 -1
0.1 211 452 -1
0.1 210 453 -1
0.1 454 214 -1
0.1 209 455 -1
0.1 215 216 -1
0.1 456 457 -1
0.1 217 218 -1
0.1 458 459 -1
0.1 208 460 -1
0.1 451 461 -1
0.1 205 462 -1
0.1 450 463 -1
0.1 441 464 -1
0.1 219 220 -1
0.1 221 222 -1
0.1 466 467 -1
0.1 465 468 -1
0.1 430 469 -1
0.1 224 225 -1
0.1 223 471 -1
0.1 228 229 -1
0.1 227 473 -1
0.1 230 231 -1
0.1 475 232 -1
0.1 234 235 -1
0.1 233 477 -1
0.1 476 478 -1
0.1 479 236 -1
0.1 474 480 -1
0.1 481 237 -1
0.1 239 240 -1
0.1 238 483 -1
0.1 482 484 -1
0.1 226 485 -1
0.1 472 486 -1
0.1 245 246 -1
0.1 244 488 -1
0.1 243 489 -1
0.1 490 247 -1
0.1 242 491 -1
0.1 241 492 -1
0.1 249 250 -1
0.1 248 494 -1
0.1 493 495 -1
0.1 487 496 -1
0.1 470 497 -1
0.1 421 498 -1
