1 0 0 1
1 0 0 1
1 0 0 1
1 0 0 1
1 0 0 1
1 0 0 1
1 0 0 2
1 0 0 2
1 0 0 2
1 0 0 2
1 0 0 2
1 0 0 2
1 0 0 2
1 0 0 2
1 0 0 2
1 0 0 2
1 0 0 3
1 0 0 3
1 0 0 3
1 0 0 3
1 0 0 3
1 0 0 3
1 0 0 3
1 0 0 3
1 0 0 3
1 0 0 3
1 0 0 4
1 0 0 4
1 0 0 4
1 0 0 4
1 0 0 4
1 0 0 5
1 0 0 5
1 0 0 5
1 0 0 5
1 0 0 5
1 0 0 5
1 0 0 5
1 0 0 5
1 0 0 5
1 0 0 5
1 0 0 4
1 0 0 4
1 0 0 4
1 0 0 4
1 0 0 4
1 0 0 1
1 0 0 1
1 0 0 1
1 0 0 1
1 0 0 6
1 0 0 6
1 0 0 6
1 0 0 6
1 0 0 6
1 0 0 7
1 0 0 7
1 0 0 7
1 0 0 7
1 0 0 7
1 0 0 8
1 0 0 8
1 0 0 8
1 0 0 8
1 0 0 8
1 0 0 8
1 0 0 8
1 0 0 8
1 0 0 8
1 0 0 8
1 0 0 7
1 0 0 7
1 0 0 7
1 0 0 7
1 0 0 7
1 0 0 6
1 0 0 6
1 0 0 6
1 0 0 6
1 0 0 6
1 0 0 9
1 0 0 10
1 0 0 10
1 0 0 10
1 0 0 11
1 0 0 11
1 0 0 11
1 0 0 11
1 0 0 11
1 0 0 11
1 0 0 12
1 0 0 12
1 0 0 12
1 0 0 12
1 0 0 12
1 0 0 11
1 0 0 11
1 0 0 11
1 0 0 11
1 0 0 12
1 0 0 12
1 0 0 12
1 0 0 12
1 0 0 12
1 0 0 13
1 0 0 13
1 0 0 13
1 0 0 13
1 0 0 13
1 0 0 13
1 0 0 13
1 0 0 13
1 0 0 13
1 0 0 13
1 0 0 10
1 0 0 10
1 0 0 10
1 0 0 10
1 0 0 10
1 0 0 10
1 0 0 10
1 0 0 14
1 0 0 14
1 0 0 14
1 0 0 14
1 0 0 14
1 0 0 14
1 0 0 14
1 0 0 14
1 0 0 14
1 0 0 14
1 0 0 15
1 0 0 15
1 0 0 15
1 0 0 16
1 0 0 16
1 0 0 16
1 0 0 16
1 0 0 16
1 0 0 16
1 0 0 16
1 0 0 16
1 0 0 16
1 0 0 16
1 0 0 15
1 0 0 15
1 0 0 15
1 0 0 15
1 0 0 15
1 0 0 15
1 0 0 15
1 0 0 17
1 0 0 17
1 0 0 17
1 0 0 17
1 0 0 17
1 0 0 17
1 0 0 17
1 0 0 17
1 0 0 17
1 0 0 17
1 0 0 9
1 0 0 18
1 0 0 18
1 0 0 18
1 0 0 18
1 0 0 18
1 0 0 18
1 0 0 18
1 0 0 18
1 0 0 18
1 0 0 18
1 0 0 9
1 0 0 9
1 0 0 9
1 0 0 9
1 0 0 9
1 0 0 9
1 0 0 9
1 0 0 9
1 0 0 19
1 0 0 19
1 0 0 19
1 0 0 19
1 0 0 19
1 0 0 19
1 0 0 19
1 0 0 19
1 0 0 19
1 0 0 19
1 0 0 20
1 0 0 20
1 0 0 20
1 0 0 20
1 0 0 20
1 0 0 20
1 0 0 20
1 0 0 20
1 0 0 20
1 0 0 20
1 0 0 21
1 0 0 21
1 0 0 21
1 0 0 21
1 0 0 21
1 0 0 21
1 0 0 21
1 0 0 21
1 0 0 21
1 0 0 21
1 0 0 22
1 0 0 22
1 0 0 22
1 0 0 22
1 0 0 23
1 0 0 23
1 0 0 23
1 0 0 23
1 0 0 23
1 0 0 23
1 0 0 23
1 0 0 23
1 0 0 23
1 0 0 23
1 0 0 22
1 0 0 22
1 0 0 24
1 0 0 24
1 0 0 24
1 0 0 24
1 0 0 24
1 0 0 24
1 0 0 24
1 0 0 24
1 0 0 24
1 0 0 24
1 0 0 22
1 0 0 22
1 0 0 22
1 0 0 22
1 0 0 25
1 0 0 25
1 0 0 25
1 0 0 25
1 0 0 25
1 0 0 25
1 0 0 25
1 0 0 25
1 0 0 25
1 0 0 25
0.1 2 3 -1
0.1 1 251 -1
0.1 252 4 -1
0.1 8 9 -1
0.1 10 11 -1
0.1 254 255 -1
0.1 7 256 -1
0.1 15 16 -1
0.1 14 258 -1
0.1 13 259 -1
0.1 12 260 -1
0.1 18 19 -1
0.1 17 262 -1
0.1 20 21 -1
0.1 22 23 -1
0.1 264 265 -1
0.1 263 266 -1
0.1 24 25 -1
0.1 268 26 -1
0.1 267 269 -1
0.1 261 270 -1
0.1 257 271 -1
0.1 28 29 -1
0.1 27 273 -1
0.1 30 31 -1
0.1 32 33 -1
0.1 35 36 -1
0.1 34 277 -1
0.1 39 40 -1
0.1 38 279 -1
0.1 37 280 -1
0.1 278 281 -1
0.1 276 282 -1
0.1 283 41 -1
0.1 275 284 -1
0.1 274 285 -1
0.1 43 44 -1
0.1 45 46 -1
0.1 287 288 -1
0.1 42 289 -1
0.1 286 290 -1
0.1 272 291 -1
0.1 6 292 -1
0.1 5 293 -1
0.1 47 48 -1
0.1 295 49 -1
0.1 294 296 -1
0.1 297 50 -1
0.1 253 298 -1
0.1 53 54 -1
0.1 52 300 -1
0.1 301 55 -1
0.1 51 302 -1
0.1 57 58 -1
0.1 56 304 -1
0.1 59 60 -1
0.1 61 62 -1
0.1 64 65 -1
0.1 63 308 -1
0.1 66 67 -1
0.1 309 310 -1
0.1 307 311 -1
0.1 69 70 -1
0.1 68 313 -1
0.1 312 314 -1
0.1 73 74 -1
0.1 72 316 -1
0.1 71 317 -1
0.1 318 75 -1
0.1 315 319 -1
0.1 306 320 -1
0.1 305 321 -1
0.1 77 78 -1
0.1 323 79 -1
0.1 76 324 -1
0.1 325 80 -1
0.1 322 326 -1
0.1 303 327 -1
0.1 83 84 -1
0.1 82 329 -1
0.1 85 86 -1
0.1 87 88 -1
0.1 89 90 -1
0.1 332 333 -1
0.1 331 334 -1
0.1 91 92 -1
0.1 94 95 -1
0.1 93 337 -1
0.1 336 338 -1
0.1 96 97 -1
0.1 98 99 -1
0.1 340 341 -1
0.1 339 342 -1
0.1 101 102 -1
0.1 344 103 -1
0.1 345 104 -1
0.1 100 346 -1
0.1 343 347 -1
0.1 105 106 -1
0.1 107 108 -1
0.1 109 110 -1
0.1 350 351 -1
0.1 349 352 -1
0.1 111 112 -1
0.1 113 114 -1
0.1 354 355 -1
0.1 353 356 -1
0.1 348 357 -1
0.1 335 358 -1
0.1 115 116 -1
0.1 360 117 -1
0.1 119 120 -1
0.1 124 125 -1
0.1 123 363 -1
0.1 126 127 -1
0.1 365 128 -1
0.1 364 366 -1
0.1 122 367 -1
0.1 130 131 -1
0.1 129 369 -1
0.1 368 370 -1
0.1 121 371 -1
0.1 362 372 -1
0.1 118 373 -1
0.1 361 374 -1
0.1 359 375 -1
0.1 330 376 -1
0.1 135 136 -1
0.1 137 138 -1
0.1 378 379 -1
0.1 140 141 -1
0.1 142 143 -1
0.1 382 144 -1
0.1 381 383 -1
0.1 139 384 -1
0.1 380 385 -1
0.1 134 386 -1
0.1 133 387 -1
0.1 147 148 -1
0.1 146 389 -1
0.1 145 390 -1
0.1 150 151 -1
0.1 149 392 -1
0.1 391 393 -1
0.1 388 394 -1
0.1 132 395 -1
0.1 153 154 -1
0.1 152 397 -1
0.1 156 157 -1
0.1 155 399 -1
0.1 398 400 -1
0.1 158 159 -1
0.1 401 402 -1
0.1 160 161 -1
0.1 403 404 -1
0.1 396 405 -1
0.1 377 406 -1
0.1 407 162 -1
0.1 81 408 -1
0.1 328 409 -1
0.1 163 164 -1
0.1 166 167 -1
0.1 165 412 -1
0.1 169 170 -1
0.1 414 171 -1
0.1 168 415 -1
0.1 413 416 -1
0.1 411 417 -1
0.1 418 172 -1
0.1 410 419 -1
0.1 299 420 -1
0.1 173 174 -1
0.1 178 179 -1
0.1 177 423 -1
0.1 183 184 -1
0.1 182 425 -1
0.1 188 189 -1
0.1 187 427 -1
0.1 186 428 -1
0.1 185 429 -1
0.1 430 190 -1
0.1 426 431 -1
0.1 181 432 -1
0.1 180 433 -1
0.1 424 434 -1
0.1 176 435 -1
0.1 175 436 -1
0.1 422 437 -1
0.1 194 195 -1
0.1 439 196 -1
0.1 193 440 -1
0.1 192 441 -1
0.1 191 442 -1
0.1 197 198 -1
0.1 444 199 -1
0.1 443 445 -1
0.1 446 200 -1
0.1 438 447 -1
0.1 202 203 -1
0.1 201 449 -1
0.1 205 206 -1
0.1 204 451 -1
0.1 450 452 -1
0.1 207 208 -1
0.1 209 210 -1
0.1 454 455 -1
0.1 453 456 -1
0.1 211 212 -1
0.1 213 214 -1
0.1 458 459 -1
0.1 218 219 -1
0.1 217 461 -1
0.1 216 462 -1
0.1 215 463 -1
0.1 220 221 -1
0.1 464 465 -1
0.1 222 223 -1
0.1 467 224 -1
0.1 466 468 -1
0.1 225 226 -1
0.1 230 231 -1
0.1 229 471 -1
0.1 228 472 -1
0.1 227 473 -1
0.1 232 233 -1
0.1 235 236 -1
0.1 234 476 -1
0.1 475 477 -1
0.1 474 478 -1
0.1 470 479 -1
0.1 238 239 -1
0.1 243 244 -1
0.1 242 482 -1
0.1 246 247 -1
0.1 248 249 -1
0.1 484 485 -1
0.1 486 250 -1
0.1 245 487 -1
0.1 483 488 -1
0.1 241 489 -1
0.1 240 490 -1
0.1 481 491 -1
0.1 237 492 -1
0.1 480 493 -1
0.1 469 494 -1
0.1 460 495 -1
0.1 457 496 -1
0.1 448 497 -1
0.1 421 498 -1
