1 0 0 1
1 0 0 1
1 0 0 1
1 0 0 1
1 0 0 1
1 0 0 1
1 0 0 1
1 0 0 1
1 0 0 1
1 0 0 1
1 0 0 2
1 0 0 2
1 0 0 2
1 0 0 3
1 0 0 3
1 0 0 3
1 0 0 3
1 0 0 3
1 0 0 3
1 0 0 3
1 0 0 3
1 0 0 3
1 0 0 3
1 0 0 2
1 0 0 2
1 0 0 2
1 0 0 2
1 0 0 2
1 0 0 2
1 0 0 4
1 0 0 5
1 0 0 5
1 0 0 5
1 0 0 5
1 0 0 5
1 0 0 5
1 0 0 5
1 0 0 5
1 0 0 5
1 0 0 5
1 0 0 2
1 0 0 6
1 0 0 6
1 0 0 6
1 0 0 7
1 0 0 7
1 0 0 7
1 0 0 7
1 0 0 7
1 0 0 7
1 0 0 7
1 0 0 7
1 0 0 7
1 0 0 7
1 0 0 6
1 0 0 6
1 0 0 6
1 0 0 6
1 0 0 6
1 0 0 6
1 0 0 6
1 0 0 8
1 0 0 8
1 0 0 8
1 0 0 8
1 0 0 8
1 0 0 8
1 0 0 8
1 0 0 8
1 0 0 8
1 0 0 8
1 0 0 9
1 0 0 9
1 0 0 9
1 0 0 9
1 0 0 9
1 0 0 9
1 0 0 9
1 0 0 9
1 0 0 9
1 0 0 9
1 0 0 10
1 0 0 4
1 0 0 10
1 0 0 10
1 0 0 10
1 0 0 10
1 0 0 10
1 0 0 10
1 0 0 10
1 0 0 11
1 0 0 11
1 0 0 11
1 0 0 11
1 0 0 11
1 0 0 11
1 0 0 11
1 0 0 11
1 0 0 11
1 0 0 11
1 0 0 4
1 0 0 12
1 0 0 12
1 0 0 12
1 0 0 12
1 0 0 12
1 0 0 12
1 0 0 12
1 0 0 12
1 0 0 12
1 0 0 12
1 0 0 4
1 0 0 4
1 0 0 13
1 0 0 13
1 0 0 13
1 0 0 13
1 0 0 13
1 0 0 13
1 0 0 13
1 0 0 13
1 0 0 13
1 0 0 13
1 0 0 4
1 0 0 4
1 0 0 4
1 0 0 4
1 0 0 4
1 0 0 14
1 0 0 14
1 0 0 14
1 0 0 14
1 0 0 15
1 0 0 15
1 0 0 15
1 0 0 15
1 0 0 15
1 0 0 15
1 0 0 15
1 0 0 15
1 0 0 15
1 0 0 15
1 0 0 14
1 0 0 14
1 0 0 14
1 0 0 14
1 0 0 14
1 0 0 14
1 0 0 16
1 0 0 17
1 0 0 17
1 0 0 17
1 0 0 17
1 0 0 17
1 0 0 17
1 0 0 17
1 0 0 17
1 0 0 17
1 0 0 17
1 0 0 16
1 0 0 16
1 0 0 16
1 0 0 16
1 0 0 16
1 0 0 16
1 0 0 16
1 0 0 18
1 0 0 18
1 0 0 18
1 0 0 18
1 0 0 18
1 0 0 18
1 0 0 18
1 0 0 18
1 0 0 18
1 0 0 18
1 0 0 16
1 0 0 19
1 0 0 19
1 0 0 19
1 0 0 19
1 0 0 16
1 0 0 19
1 0 0 19
1 0 0 19
1 0 0 19
1 0 0 19
1 0 0 19
1 0 0 20
1 0 0 20
1 0 0 20
1 0 0 10
1 0 0 10
1 0 0 20
1 0 0 20
1 0 0 20
1 0 0 20
1 0 0 20
1 0 0 20
1 0 0 20
0.1 3 4 -1
0.1 2 201 -1
0.1 7 8 -1
0.1 6 203 -1
0.1 5 204 -1
0.1 202 205 -1
0.1 1 206 -1
0.1 9 10 -1
0.1 207 208 -1
0.1 12 13 -1
0.1 11 210 -1
0.1 16 17 -1
0.1 18 19 -1
0.1 213 20 -1
0.1 212 214 -1
0.1 215 21 -1
0.1 15 216 -1
0.1 14 217 -1
0.1 22 23 -1
0.1 218 219 -1
0.1 211 220 -1
0.1 25 26 -1
0.1 222 27 -1
0.1 24 223 -1
0.1 221 224 -1
0.1 28 29 -1
0.1 31 32 -1
0.1 34 35 -1
0.1 33 228 -1
0.1 227 229 -1
0.1 36 37 -1
0.1 38 39 -1
0.1 231 232 -1
0.1 233 40 -1
0.1 230 234 -1
0.1 30 235 -1
0.1 46 47 -1
0.1 45 237 -1
0.1 49 50 -1
0.1 51 52 -1
0.1 53 54 -1
0.1 240 241 -1
0.1 239 242 -1
0.1 48 243 -1
0.1 238 244 -1
0.1 44 245 -1
0.1 55 56 -1
0.1 58 59 -1
0.1 57 248 -1
0.1 249 60 -1
0.1 247 250 -1
0.1 246 251 -1
0.1 252 61 -1
0.1 43 253 -1
0.1 42 254 -1
0.1 64 65 -1
0.1 63 256 -1
0.1 62 257 -1
0.1 66 67 -1
0.1 258 259 -1
0.1 68 69 -1
0.1 261 70 -1
0.1 262 71 -1
0.1 260 263 -1
0.1 75 76 -1
0.1 78 79 -1
0.1 77 266 -1
0.1 265 267 -1
0.1 74 268 -1
0.1 73 269 -1
0.1 72 270 -1
0.1 80 81 -1
0.1 271 272 -1
0.1 264 273 -1
0.1 255 274 -1
0.1 41 275 -1
0.1 236 276 -1
0.1 226 277 -1
0.1 225 278 -1
0.1 209 279 -1
0.1 82 83 -1
0.1 87 88 -1
0.1 86 282 -1
0.1 85 283 -1
0.1 89 90 -1
0.1 284 285 -1
0.1 84 286 -1
0.1 281 287 -1
0.1 94 95 -1
0.1 93 289 -1
0.1 92 290 -1
0.1 97 98 -1
0.1 99 100 -1
0.1 292 293 -1
0.1 96 294 -1
0.1 291 295 -1
0.1 91 296 -1
0.1 102 103 -1
0.1 298 104 -1
0.1 105 106 -1
0.1 110 111 -1
0.1 109 301 -1
0.1 108 302 -1
0.1 107 303 -1
0.1 300 304 -1
0.1 299 305 -1
0.1 306 112 -1
0.1 101 307 -1
0.1 115 116 -1
0.1 114 309 -1
0.1 118 119 -1
0.1 117 311 -1
0.1 310 312 -1
0.1 313 120 -1
0.1 122 123 -1
0.1 121 315 -1
0.1 314 316 -1
0.1 317 124 -1
0.1 113 318 -1
0.1 308 319 -1
0.1 297 320 -1
0.1 288 321 -1
0.1 127 128 -1
0.1 129 130 -1
0.1 131 132 -1
0.1 324 325 -1
0.1 133 134 -1
0.1 135 136 -1
0.1 137 138 -1
0.1 328 329 -1
0.1 327 330 -1
0.1 331 139 -1
0.1 141 142 -1
0.1 140 333 -1
0.1 332 334 -1
0.1 144 145 -1
0.1 336 146 -1
0.1 147 148 -1
0.1 337 338 -1
0.1 143 339 -1
0.1 335 340 -1
0.1 326 341 -1
0.1 151 152 -1
0.1 154 155 -1
0.1 153 344 -1
0.1 343 345 -1
0.1 346 156 -1
0.1 158 159 -1
0.1 157 348 -1
0.1 347 349 -1
0.1 150 350 -1
0.1 160 161 -1
0.1 352 162 -1
0.1 351 353 -1
0.1 149 354 -1
0.1 164 165 -1
0.1 163 356 -1
0.1 168 169 -1
0.1 167 358 -1
0.1 171 172 -1
0.1 173 174 -1
0.1 360 361 -1
0.1 170 362 -1
0.1 175 176 -1
0.1 363 364 -1
0.1 359 365 -1
0.1 166 366 -1
0.1 178 179 -1
0.1 180 181 -1
0.1 369 182 -1
0.1 183 184 -1
0.1 370 371 -1
0.1 185 186 -1
0.1 372 373 -1
0.1 374 187 -1
0.1 375 188 -1
0.1 368 376 -1
0.1 177 377 -1
0.1 367 378 -1
0.1 357 379 -1
0.1 355 380 -1
0.1 342 381 -1
0.1 323 382 -1
0.1 126 383 -1
0.1 125 384 -1
0.1 192 193 -1
0.1 386 194 -1
0.1 387 195 -1
0.1 191 388 -1
0.1 190 389 -1
0.1 189 390 -1
0.1 196 197 -1
0.1 392 198 -1
0.1 391 393 -1
0.1 394 199 -1
0.1 395 200 -1
0.1 385 396 -1
0.1 322 397 -1
0.1 280 398 -1
