1 0 0 1
1 0 0 2
1 0 0 2
1 0 0 2
1 0 0 2
1 0 0 2
1 0 0 2
1 0 0 2
1 0 0 2
1 0 0 2
1 0 0 2
1 0 0 1
1 0 0 1
1 0 0 1
1 0 0 1
1 0 0 3
1 0 0 3
1 0 0 3
1 0 0 3
1 0 0 3
1 0 0 3
1 0 0 3
1 0 0 3
1 0 0 3
1 0 0 3
1 0 0 4
1 0 0 4
1 0 0 4
1 0 0 4
1 0 0 5
1 0 0 5
1 0 0 5
1 0 0 5
1 0 0 5
1 0 0 5
1 0 0 5
1 0 0 5
1 0 0 5
1 0 0 5
1 0 0 6
1 0 0 6
1 0 0 6
1 0 0 6
1 0 0 6
1 0 0 6
1 0 0 6
1 0 0 6
1 0 0 6
1 0 0 6
1 0 0 7
1 0 0 7
1 0 0 7
1 0 0 7
1 0 0 7
1 0 0 7
1 0 0 7
1 0 0 7
1 0 0 7
1 0 0 7
1 0 0 8
1 0 0 8
1 0 0 8
1 0 0 8
1 0 0 8
1 0 0 8
1 0 0 8
1 0 0 8
1 0 0 8
1 0 0 8
1 0 0 4
1 0 0 4
1 0 0 4
1 0 0 4
1 0 0 9
1 0 0 9
1 0 0 9
1 0 0 9
1 0 0 9
1 0 0 9
1 0 0 9
1 0 0 9
1 0 0 9
1 0 0 9
1 0 0 4
1 0 0 10
1 0 0 10
1 0 0 10
1 0 0 10
1 0 0 10
1 0 0 10
1 0 0 10
1 0 0 10
1 0 0 10
1 0 0 10
1 0 0 11
1 0 0 11
1 0 0 11
1 0 0 11
1 0 0 11
1 0 0 11
1 0 0 11
1 0 0 11
1 0 0 11
1 0 0 11
1 0 0 4
1 0 0 1
1 0 0 1
1 0 0 1
1 0 0 12
1 0 0 12
1 0 0 12
1 0 0 12
1 0 0 12
1 0 0 12
1 0 0 12
1 0 0 13
1 0 0 13
1 0 0 13
1 0 0 13
1 0 0 13
1 0 0 13
1 0 0 14
1 0 0 15
1 0 0 15
1 0 0 15
1 0 0 15
1 0 0 15
1 0 0 15
1 0 0 15
1 0 0 15
1 0 0 16
1 0 0 16
1 0 0 16
1 0 0 16
1 0 0 16
1 0 0 16
1 0 0 16
1 0 0 16
1 0 0 16
1 0 0 16
1 0 0 15
1 0 0 15
1 0 0 13
1 0 0 12
1 0 0 12
1 0 0 17
1 0 0 17
1 0 0 17
1 0 0 17
1 0 0 13
1 0 0 17
1 0 0 13
1 0 0 13
1 0 0 14
1 0 0 18
1 0 0 18
1 0 0 18
1 0 0 18
1 0 0 18
1 0 0 18
1 0 0 18
1 0 0 18
1 0 0 18
1 0 0 18
1 0 0 14
1 0 0 14
1 0 0 14
1 0 0 14
1 0 0 14
1 0 0 14
1 0 0 14
1 0 0 14
1 0 0 19
1 0 0 19
1 0 0 19
1 0 0 19
1 0 0 19
1 0 0 19
1 0 0 19
1 0 0 19
1 0 0 19
1 0 0 19
1 0 0 17
1 0 0 17
1 0 0 17
1 0 0 17
1 0 0 17
1 0 0 1
1 0 0 1
1 0 0 12
0.1 2 3 -1
0.1 9 10 -1
0.1 192 11 -1
0.1 8 193 -1
0.1 7 194 -1
0.1 6 195 -1
0.1 5 196 -1
0.1 4 197 -1
0.1 191 198 -1
0.1 1 199 -1
0.1 13 14 -1
0.1 17 18 -1
0.1 19 20 -1
0.1 202 203 -1
0.1 21 22 -1
0.1 204 205 -1
0.1 23 24 -1
0.1 207 25 -1
0.1 206 208 -1
0.1 16 209 -1
0.1 28 29 -1
0.1 27 211 -1
0.1 26 212 -1
0.1 30 31 -1
0.1 32 33 -1
0.1 215 34 -1
0.1 216 35 -1
0.1 37 38 -1
0.1 36 218 -1
0.1 217 219 -1
0.1 214 220 -1
0.1 221 39 -1
0.1 40 41 -1
0.1 223 42 -1
0.1 43 44 -1
0.1 224 225 -1
0.1 45 46 -1
0.1 48 49 -1
0.1 47 228 -1
0.1 227 229 -1
0.1 226 230 -1
0.1 50 51 -1
0.1 52 53 -1
0.1 56 57 -1
0.1 58 59 -1
0.1 234 235 -1
0.1 55 236 -1
0.1 54 237 -1
0.1 233 238 -1
0.1 232 239 -1
0.1 231 240 -1
0.1 222 241 -1
0.1 63 64 -1
0.1 62 243 -1
0.1 61 244 -1
0.1 66 67 -1
0.1 68 69 -1
0.1 246 247 -1
0.1 65 248 -1
0.1 245 249 -1
0.1 60 250 -1
0.1 70 71 -1
0.1 251 252 -1
0.1 76 77 -1
0.1 75 254 -1
0.1 255 78 -1
0.1 256 79 -1
0.1 74 257 -1
0.1 80 81 -1
0.1 259 82 -1
0.1 258 260 -1
0.1 261 83 -1
0.1 73 262 -1
0.1 72 263 -1
0.1 253 264 -1
0.1 265 84 -1
0.1 242 266 -1
0.1 87 88 -1
0.1 86 268 -1
0.1 90 91 -1
0.1 89 270 -1
0.1 92 93 -1
0.1 271 272 -1
0.1 273 94 -1
0.1 269 274 -1
0.1 85 275 -1
0.1 96 97 -1
0.1 95 277 -1
0.1 98 99 -1
0.1 100 101 -1
0.1 103 104 -1
0.1 102 281 -1
0.1 280 282 -1
0.1 279 283 -1
0.1 278 284 -1
0.1 276 285 -1
0.1 267 286 -1
0.1 213 287 -1
0.1 210 288 -1
0.1 289 105 -1
0.1 15 290 -1
0.1 201 291 -1
0.1 12 292 -1
0.1 106 107 -1
0.1 294 108 -1
0.1 293 295 -1
0.1 200 296 -1
0.1 110 111 -1
0.1 113 114 -1
0.1 112 299 -1
0.1 298 300 -1
0.1 109 301 -1
0.1 116 117 -1
0.1 120 121 -1
0.1 119 304 -1
0.1 118 305 -1
0.1 303 306 -1
0.1 126 127 -1
0.1 128 129 -1
0.1 308 309 -1
0.1 310 130 -1
0.1 125 311 -1
0.1 124 312 -1
0.1 131 132 -1
0.1 137 138 -1
0.1 136 315 -1
0.1 135 316 -1
0.1 317 139 -1
0.1 134 318 -1
0.1 133 319 -1
0.1 320 140 -1
0.1 314 321 -1
0.1 322 141 -1
0.1 323 142 -1
0.1 313 324 -1
0.1 123 325 -1
0.1 122 326 -1
0.1 327 143 -1
0.1 307 328 -1
0.1 329 144 -1
0.1 115 330 -1
0.1 331 145 -1
0.1 147 148 -1
0.1 333 149 -1
0.1 146 334 -1
0.1 150 151 -1
0.1 335 336 -1
0.1 152 153 -1
0.1 157 158 -1
0.1 159 160 -1
0.1 162 163 -1
0.1 161 341 -1
0.1 340 342 -1
0.1 339 343 -1
0.1 156 344 -1
0.1 345 164 -1
0.1 155 346 -1
0.1 154 347 -1
0.1 165 166 -1
0.1 167 168 -1
0.1 349 350 -1
0.1 348 351 -1
0.1 170 171 -1
0.1 169 353 -1
0.1 173 174 -1
0.1 177 178 -1
0.1 176 356 -1
0.1 179 180 -1
0.1 181 182 -1
0.1 358 359 -1
0.1 357 360 -1
0.1 175 361 -1
0.1 355 362 -1
0.1 172 363 -1
0.1 354 364 -1
0.1 352 365 -1
0.1 185 186 -1
0.1 184 367 -1
0.1 368 187 -1
0.1 183 369 -1
0.1 366 370 -1
0.1 188 189 -1
0.1 371 372 -1
0.1 338 373 -1
0.1 337 374 -1
0.1 332 375 -1
0.1 302 376 -1
0.1 377 190 -1
0.1 297 378 -1
