1 0 0 1
1 0 0 1
1 0 0 1
1 0 0 1
1 0 0 1
1 0 0 1
1 0 0 1
1 0 0 1
1 0 0 1
1 0 0 1
1 0 0 2
1 0 0 2
1 0 0 2
1 0 0 2
1 0 0 3
1 0 0 3
1 0 0 3
1 0 0 3
1 0 0 3
1 0 0 3
1 0 0 3
1 0 0 3
1 0 0 3
1 0 0 3
1 0 0 4
1 0 0 4
1 0 0 4
1 0 0 4
1 0 0 4
1 0 0 4
1 0 0 4
1 0 0 4
1 0 0 4
1 0 0 4
1 0 0 5
1 0 0 5
1 0 0 5
1 0 0 5
1 0 0 5
1 0 0 5
1 0 0 5
1 0 0 5
1 0 0 5
1 0 0 5
1 0 0 2
1 0 0 6
1 0 0 6
1 0 0 6
1 0 0 6
1 0 0 6
1 0 0 6
1 0 0 6
1 0 0 6
1 0 0 6
1 0 0 6
1 0 0 2
1 0 0 2
1 0 0 7
1 0 0 7
1 0 0 7
1 0 0 7
1 0 0 7
1 0 0 7
1 0 0 7
1 0 0 7
1 0 0 7
1 0 0 7
1 0 0 2
1 0 0 2
1 0 0 8
1 0 0 8
1 0 0 8
1 0 0 8
1 0 0 8
1 0 0 8
1 0 0 8
1 0 0 8
1 0 0 8
1 0 0 8
1 0 0 9
1 0 0 9
1 0 0 9
1 0 0 9
1 0 0 9
1 0 0 9
1 0 0 9
1 0 0 9
1 0 0 9
1 0 0 9
1 0 0 2
1 0 0 10
1 0 0 10
1 0 0 10
1 0 0 10
1 0 0 10
1 0 0 10
1 0 0 10
1 0 0 10
1 0 0 11
1 0 0 11
1 0 0 11
1 0 0 11
1 0 0 11
1 0 0 11
1 0 0 11
1 0 0 11
1 0 0 11
1 0 0 11
1 0 0 10
1 0 0 10
1 0 0 12
1 0 0 13
1 0 0 13
1 0 0 12
1 0 0 12
1 0 0 12
1 0 0 12
1 0 0 12
1 0 0 12
1 0 0 12
1 0 0 12
1 0 0 13
1 0 0 13
1 0 0 13
1 0 0 13
1 0 0 13
1 0 0 13
1 0 0 13
1 0 0 14
1 0 0 15
1 0 0 15
1 0 0 15
1 0 0 15
1 0 0 15
1 0 0 16
1 0 0 16
1 0 0 16
1 0 0 16
1 0 0 16
1 0 0 16
1 0 0 16
1 0 0 16
1 0 0 16
1 0 0 16
1 0 0 15
1 0 0 15
1 0 0 15
1 0 0 15
1 0 0 15
1 0 0 17
1 0 0 17
1 0 0 17
1 0 0 17
1 0 0 17
1 0 0 17
1 0 0 17
1 0 0 17
1 0 0 17
1 0 0 14
1 0 0 18
1 0 0 18
1 0 0 18
1 0 0 18
1 0 0 18
1 0 0 18
1 0 0 18
1 0 0 18
1 0 0 18
1 0 0 18
1 0 0 14
1 0 0 14
1 0 0 14
1 0 0 14
1 0 0 14
1 0 0 14
1 0 0 14
1 0 0 14
1 0 0 19
1 0 0 19
1 0 0 19
1 0 0 19
1 0 0 19
1 0 0 19
1 0 0 19
1 0 0 19
1 0 0 19
1 0 0 19
1 0 0 17
1 0 0 13
1 0 0 12
0.1 1 2 -1
0.1 3 4 -1
0.1 5 6 -1
0.1 193 7 -1
0.1 9 10 -1
0.1 8 195 -1
0.1 194 196 -1
0.1 192 197 -1
0.1 191 198 -1
0.1 13 14 -1
0.1 12 200 -1
0.1 11 201 -1
0.1 17 18 -1
0.1 16 203 -1
0.1 19 20 -1
0.1 204 205 -1
0.1 22 23 -1
0.1 207 24 -1
0.1 21 208 -1
0.1 206 209 -1
0.1 15 210 -1
0.1 25 26 -1
0.1 27 28 -1
0.1 213 29 -1
0.1 212 214 -1
0.1 30 31 -1
0.1 33 34 -1
0.1 32 217 -1
0.1 216 218 -1
0.1 215 219 -1
0.1 37 38 -1
0.1 36 221 -1
0.1 35 222 -1
0.1 39 40 -1
0.1 41 42 -1
0.1 43 44 -1
0.1 225 226 -1
0.1 224 227 -1
0.1 223 228 -1
0.1 220 229 -1
0.1 211 230 -1
0.1 49 50 -1
0.1 48 232 -1
0.1 47 233 -1
0.1 53 54 -1
0.1 52 235 -1
0.1 51 236 -1
0.1 234 237 -1
0.1 238 55 -1
0.1 46 239 -1
0.1 45 240 -1
0.1 231 241 -1
0.1 58 59 -1
0.1 62 63 -1
0.1 61 244 -1
0.1 60 245 -1
0.1 243 246 -1
0.1 64 65 -1
0.1 247 248 -1
0.1 249 66 -1
0.1 250 67 -1
0.1 57 251 -1
0.1 56 252 -1
0.1 242 253 -1
0.1 68 69 -1
0.1 254 255 -1
0.1 71 72 -1
0.1 74 75 -1
0.1 73 258 -1
0.1 257 259 -1
0.1 76 77 -1
0.1 78 79 -1
0.1 261 262 -1
0.1 260 263 -1
0.1 70 264 -1
0.1 80 81 -1
0.1 82 83 -1
0.1 267 84 -1
0.1 85 86 -1
0.1 268 269 -1
0.1 266 270 -1
0.1 87 88 -1
0.1 271 272 -1
0.1 273 89 -1
0.1 265 274 -1
0.1 256 275 -1
0.1 202 276 -1
0.1 277 90 -1
0.1 199 278 -1
0.1 91 92 -1
0.1 280 93 -1
0.1 94 95 -1
0.1 281 282 -1
0.1 279 283 -1
0.1 96 97 -1
0.1 284 285 -1
0.1 99 100 -1
0.1 103 104 -1
0.1 105 106 -1
0.1 288 289 -1
0.1 102 290 -1
0.1 101 291 -1
0.1 292 107 -1
0.1 293 108 -1
0.1 287 294 -1
0.1 98 295 -1
0.1 109 110 -1
0.1 112 113 -1
0.1 298 114 -1
0.1 115 116 -1
0.1 299 300 -1
0.1 117 118 -1
0.1 301 302 -1
0.1 111 303 -1
0.1 119 120 -1
0.1 305 121 -1
0.1 123 124 -1
0.1 126 127 -1
0.1 308 128 -1
0.1 125 309 -1
0.1 307 310 -1
0.1 122 311 -1
0.1 131 132 -1
0.1 135 136 -1
0.1 138 139 -1
0.1 315 140 -1
0.1 316 141 -1
0.1 317 142 -1
0.1 143 144 -1
0.1 318 319 -1
0.1 137 320 -1
0.1 314 321 -1
0.1 134 322 -1
0.1 323 145 -1
0.1 133 324 -1
0.1 146 147 -1
0.1 148 149 -1
0.1 326 327 -1
0.1 325 328 -1
0.1 313 329 -1
0.1 130 330 -1
0.1 129 331 -1
0.1 151 152 -1
0.1 333 153 -1
0.1 150 334 -1
0.1 332 335 -1
0.1 157 158 -1
0.1 156 337 -1
0.1 155 338 -1
0.1 154 339 -1
0.1 163 164 -1
0.1 162 341 -1
0.1 165 166 -1
0.1 342 343 -1
0.1 344 167 -1
0.1 161 345 -1
0.1 168 169 -1
0.1 346 347 -1
0.1 160 348 -1
0.1 159 349 -1
0.1 170 171 -1
0.1 172 173 -1
0.1 351 352 -1
0.1 350 353 -1
0.1 175 176 -1
0.1 174 355 -1
0.1 178 179 -1
0.1 180 181 -1
0.1 183 184 -1
0.1 182 359 -1
0.1 358 360 -1
0.1 357 361 -1
0.1 362 185 -1
0.1 186 187 -1
0.1 363 364 -1
0.1 177 365 -1
0.1 356 366 -1
0.1 354 367 -1
0.1 340 368 -1
0.1 336 369 -1
0.1 312 370 -1
0.1 188 189 -1
0.1 371 372 -1
0.1 306 373 -1
0.1 304 374 -1
0.1 297 375 -1
0.1 376 190 -1
0.1 296 377 -1
0.1 286 378 -1
