1 0 0 1
1 0 0 1
1 0 0 1
1 0 0 1
1 0 0 1
1 0 0 1
1 0 0 1
1 0 0 1
1 0 0 1
1 0 0 1
1 0 0 2
1 0 0 2
1 0 0 2
1 0 0 2
1 0 0 2
1 0 0 2
1 0 0 2
1 0 0 2
1 0 0 2
1 0 0 2
1 0 0 3
1 0 0 3
1 0 0 3
1 0 0 3
1 0 0 3
1 0 0 3
1 0 0 3
1 0 0 3
1 0 0 3
1 0 0 3
1 0 0 4
1 0 0 4
1 0 0 4
1 0 0 4
1 0 0 4
1 0 0 4
1 0 0 4
1 0 0 4
1 0 0 4
1 0 0 4
1 0 0 5
1 0 0 5
1 0 0 5
1 0 0 5
1 0 0 5
1 0 0 5
1 0 0 5
1 0 0 5
1 0 0 5
1 0 0 5
1 0 0 6
1 0 0 6
1 0 0 6
1 0 0 6
1 0 0 6
1 0 0 7
1 0 0 7
1 0 0 7
1 0 0 7
1 0 0 7
1 0 0 7
1 0 0 7
1 0 0 7
1 0 0 7
1 0 0 7
1 0 0 6
1 0 0 8
1 0 0 8
1 0 0 8
1 0 0 8
1 0 0 8
1 0 0 8
1 0 0 8
1 0 0 8
1 0 0 8
1 0 0 8
1 0 0 6
1 0 0 6
1 0 0 6
1 0 0 6
1 0 0 9
1 0 0 9
1 0 0 9
1 0 0 9
1 0 0 9
1 0 0 9
1 0 0 9
1 0 0 9
1 0 0 9
1 0 0 9
0.1 3 4 -1
0.1 6 7 -1
0.1 5 92 -1
0.1 91 93 -1
0.1 2 94 -1
0.1 9 10 -1
0.1 8 96 -1
0.1 95 97 -1
0.1 1 98 -1
0.1 11 12 -1
0.1 100 13 -1
0.1 15 16 -1
0.1 14 102 -1
0.1 17 18 -1
0.1 19 20 -1
0.1 104 105 -1
0.1 103 106 -1
0.1 101 107 -1
0.1 21 22 -1
0.1 108 109 -1
0.1 23 24 -1
0.1 110 111 -1
0.1 27 28 -1
0.1 26 113 -1
0.1 25 114 -1
0.1 115 29 -1
0.1 112 116 -1
0.1 117 30 -1
0.1 99 118 -1
0.1 35 36 -1
0.1 34 120 -1
0.1 33 121 -1
0.1 32 122 -1
0.1 31 123 -1
0.1 37 38 -1
0.1 39 40 -1
0.1 125 126 -1
0.1 124 127 -1
0.1 41 42 -1
0.1 45 46 -1
0.1 44 130 -1
0.1 131 47 -1
0.1 43 132 -1
0.1 49 50 -1
0.1 48 134 -1
0.1 133 135 -1
0.1 129 136 -1
0.1 128 137 -1
0.1 52 53 -1
0.1 139 54 -1
0.1 140 55 -1
0.1 51 141 -1
0.1 57 58 -1
0.1 56 143 -1
0.1 59 60 -1
0.1 63 64 -1
0.1 146 65 -1
0.1 62 147 -1
0.1 61 148 -1
0.1 145 149 -1
0.1 144 150 -1
0.1 142 151 -1
0.1 67 68 -1
0.1 69 70 -1
0.1 71 72 -1
0.1 154 155 -1
0.1 153 156 -1
0.1 73 74 -1
0.1 158 75 -1
0.1 157 159 -1
0.1 160 76 -1
0.1 66 161 -1
0.1 78 79 -1
0.1 163 80 -1
0.1 77 164 -1
0.1 162 165 -1
0.1 152 166 -1
0.1 81 82 -1
0.1 167 168 -1
0.1 84 85 -1
0.1 83 170 -1
0.1 171 86 -1
0.1 169 172 -1
0.1 88 89 -1
0.1 174 90 -1
0.1 87 175 -1
0.1 173 176 -1
0.1 138 177 -1
0.1 119 178 -1
