1 0 0 1
1 0 0 1
1 0 0 2
1 0 0 3
1 0 0 2
1 0 0 4
1 0 0 5
1 0 0 5
1 0 0 5
1 0 0 5
1 0 0 5
1 0 0 5
1 0 0 5
1 0 0 5
1 0 0 5
1 0 0 5
1 0 0 3
1 0 0 3
1 0 0 3
1 0 0 3
1 0 0 3
1 0 0 3
1 0 0 6
1 0 0 6
1 0 0 6
1 0 0 6
1 0 0 6
1 0 0 6
1 0 0 6
1 0 0 3
1 0 0 3
1 0 0 3
1 0 0 6
1 0 0 6
1 0 0 6
1 0 0 7
1 0 0 7
1 0 0 7
1 0 0 7
1 0 0 7
1 0 0 7
1 0 0 7
1 0 0 7
1 0 0 7
1 0 0 7
1 0 0 8
1 0 0 8
1 0 0 8
1 0 0 8
1 0 0 8
1 0 0 8
1 0 0 8
1 0 0 8
1 0 0 8
1 0 0 8
1 0 0 4
1 0 0 4
1 0 0 4
1 0 0 4
1 0 0 4
1 0 0 4
1 0 0 4
1 0 0 4
1 0 0 4
1 0 0 1
1 0 0 1
1 0 0 1
1 0 0 1
1 0 0 1
1 0 0 2
1 0 0 2
1 0 0 9
1 0 0 9
1 0 0 9
1 0 0 9
1 0 0 9
1 0 0 9
1 0 0 9
1 0 0 9
1 0 0 9
1 0 0 9
1 0 0 10
1 0 0 10
1 0 0 10
1 0 0 10
1 0 0 2
1 0 0 2
1 0 0 2
1 0 0 2
1 0 0 2
1 0 0 10
1 0 0 10
1 0 0 10
1 0 0 10
1 0 0 10
1 0 0 10
1 0 0 11
1 0 0 11
1 0 0 11
1 0 0 12
1 0 0 12
1 0 0 12
1 0 0 11
1 0 0 11
1 0 0 11
1 0 0 11
1 0 0 11
1 0 0 12
1 0 0 12
1 0 0 12
1 0 0 12
1 0 0 12
1 0 0 12
1 0 0 12
1 0 0 11
1 0 0 11
1 0 0 1
1 0 0 2
1 0 0 1
1 0 0 1
0.1 2 3 -1
0.1 5 6 -1
0.1 7 8 -1
0.1 123 9 -1
0.1 10 11 -1
0.1 13 14 -1
0.1 12 126 -1
0.1 127 15 -1
0.1 125 128 -1
0.1 129 16 -1
0.1 124 130 -1
0.1 122 131 -1
0.1 20 21 -1
0.1 19 133 -1
0.1 18 134 -1
0.1 17 135 -1
0.1 24 25 -1
0.1 137 26 -1
0.1 23 138 -1
0.1 28 29 -1
0.1 31 32 -1
0.1 30 141 -1
0.1 142 33 -1
0.1 34 35 -1
0.1 143 144 -1
0.1 140 145 -1
0.1 27 146 -1
0.1 139 147 -1
0.1 22 148 -1
0.1 136 149 -1
0.1 132 150 -1
0.1 37 38 -1
0.1 36 152 -1
0.1 39 40 -1
0.1 154 41 -1
0.1 153 155 -1
0.1 42 43 -1
0.1 156 157 -1
0.1 44 45 -1
0.1 158 159 -1
0.1 48 49 -1
0.1 161 50 -1
0.1 47 162 -1
0.1 46 163 -1
0.1 164 51 -1
0.1 52 53 -1
0.1 54 55 -1
0.1 166 167 -1
0.1 165 168 -1
0.1 58 59 -1
0.1 57 170 -1
0.1 171 60 -1
0.1 61 62 -1
0.1 172 173 -1
0.1 56 174 -1
0.1 63 64 -1
0.1 175 176 -1
0.1 169 177 -1
0.1 160 178 -1
0.1 151 179 -1
0.1 4 180 -1
0.1 121 181 -1
0.1 1 182 -1
0.1 66 67 -1
0.1 65 184 -1
0.1 68 69 -1
0.1 70 71 -1
0.1 75 76 -1
0.1 74 188 -1
0.1 189 77 -1
0.1 73 190 -1
0.1 79 80 -1
0.1 78 192 -1
0.1 191 193 -1
0.1 194 81 -1
0.1 72 195 -1
0.1 187 196 -1
0.1 186 197 -1
0.1 185 198 -1
0.1 183 199 -1
0.1 84 85 -1
0.1 83 201 -1
0.1 82 202 -1
0.1 89 90 -1
0.1 88 204 -1
0.1 87 205 -1
0.1 86 206 -1
0.1 95 96 -1
0.1 94 208 -1
0.1 98 99 -1
0.1 97 210 -1
0.1 101 102 -1
0.1 100 212 -1
0.1 105 106 -1
0.1 104 214 -1
0.1 215 107 -1
0.1 103 216 -1
0.1 213 217 -1
0.1 108 109 -1
0.1 111 112 -1
0.1 110 220 -1
0.1 219 221 -1
0.1 222 113 -1
0.1 223 114 -1
0.1 218 224 -1
0.1 115 116 -1
0.1 225 226 -1
0.1 211 227 -1
0.1 209 228 -1
0.1 93 229 -1
0.1 92 230 -1
0.1 91 231 -1
0.1 207 232 -1
0.1 203 233 -1
0.1 118 119 -1
0.1 235 120 -1
0.1 117 236 -1
0.1 234 237 -1
0.1 200 238 -1
