1 0 0 1
1 0 0 1
1 0 0 1
1 0 0 1
1 0 0 1
1 0 0 1
1 0 0 1
1 0 0 1
1 0 0 1
1 0 0 1
1 0 0 2
1 0 0 3
1 0 0 3
1 0 0 3
1 0 0 3
1 0 0 3
1 0 0 3
1 0 0 3
1 0 0 3
1 0 0 4
1 0 0 2
1 0 0 3
1 0 0 3
1 0 0 2
1 0 0 5
1 0 0 5
1 0 0 5
1 0 0 5
1 0 0 5
1 0 0 5
1 0 0 5
1 0 0 5
1 0 0 5
1 0 0 5
1 0 0 6
1 0 0 6
1 0 0 6
1 0 0 6
1 0 0 6
1 0 0 6
1 0 0 6
1 0 0 6
1 0 0 6
1 0 0 6
1 0 0 7
1 0 0 4
1 0 0 7
1 0 0 7
1 0 0 7
1 0 0 7
1 0 0 7
1 0 0 7
1 0 0 7
1 0 0 7
1 0 0 7
1 0 0 2
1 0 0 2
1 0 0 2
1 0 0 2
1 0 0 2
1 0 0 2
1 0 0 2
1 0 0 8
1 0 0 8
1 0 0 8
1 0 0 8
1 0 0 8
1 0 0 8
1 0 0 8
1 0 0 8
1 0 0 8
1 0 0 8
1 0 0 9
1 0 0 9
1 0 0 9
1 0 0 9
1 0 0 9
1 0 0 9
1 0 0 9
1 0 0 9
1 0 0 9
1 0 0 9
1 0 0 10
1 0 0 4
1 0 0 4
1 0 0 4
1 0 0 11
1 0 0 11
1 0 0 4
1 0 0 4
1 0 0 12
1 0 0 12
1 0 0 12
1 0 0 11
1 0 0 11
1 0 0 11
1 0 0 12
1 0 0 12
1 0 0 12
1 0 0 12
1 0 0 12
1 0 0 12
1 0 0 12
1 0 0 11
1 0 0 11
1 0 0 11
1 0 0 11
1 0 0 11
1 0 0 10
1 0 0 10
1 0 0 10
1 0 0 10
1 0 0 10
1 0 0 10
1 0 0 10
1 0 0 10
1 0 0 10
1 0 0 4
1 0 0 4
1 0 0 4
0.1 2 3 -1
0.1 4 5 -1
0.1 121 122 -1
0.1 1 123 -1
0.1 124 6 -1
0.1 7 8 -1
0.1 9 10 -1
0.1 126 127 -1
0.1 125 128 -1
0.1 129 11 -1
0.1 13 14 -1
0.1 15 16 -1
0.1 132 17 -1
0.1 131 133 -1
0.1 18 19 -1
0.1 20 21 -1
0.1 136 22 -1
0.1 137 23 -1
0.1 135 138 -1
0.1 134 139 -1
0.1 12 140 -1
0.1 26 27 -1
0.1 142 28 -1
0.1 143 29 -1
0.1 31 32 -1
0.1 30 145 -1
0.1 33 34 -1
0.1 146 147 -1
0.1 144 148 -1
0.1 25 149 -1
0.1 24 150 -1
0.1 39 40 -1
0.1 38 152 -1
0.1 37 153 -1
0.1 41 42 -1
0.1 155 43 -1
0.1 154 156 -1
0.1 36 157 -1
0.1 158 44 -1
0.1 35 159 -1
0.1 151 160 -1
0.1 46 47 -1
0.1 162 48 -1
0.1 163 49 -1
0.1 51 52 -1
0.1 50 165 -1
0.1 164 166 -1
0.1 45 167 -1
0.1 53 54 -1
0.1 169 55 -1
0.1 168 170 -1
0.1 161 171 -1
0.1 141 172 -1
0.1 56 57 -1
0.1 59 60 -1
0.1 58 175 -1
0.1 61 62 -1
0.1 176 177 -1
0.1 174 178 -1
0.1 173 179 -1
0.1 130 180 -1
0.1 63 64 -1
0.1 66 67 -1
0.1 68 69 -1
0.1 183 184 -1
0.1 185 70 -1
0.1 65 186 -1
0.1 182 187 -1
0.1 181 188 -1
0.1 71 72 -1
0.1 189 190 -1
0.1 191 73 -1
0.1 74 75 -1
0.1 77 78 -1
0.1 76 194 -1
0.1 195 79 -1
0.1 193 196 -1
0.1 80 81 -1
0.1 198 82 -1
0.1 84 85 -1
0.1 200 86 -1
0.1 87 88 -1
0.1 89 90 -1
0.1 91 92 -1
0.1 203 204 -1
0.1 205 93 -1
0.1 202 206 -1
0.1 95 96 -1
0.1 94 208 -1
0.1 97 98 -1
0.1 100 101 -1
0.1 99 211 -1
0.1 210 212 -1
0.1 213 102 -1
0.1 214 103 -1
0.1 209 215 -1
0.1 207 216 -1
0.1 107 108 -1
0.1 106 218 -1
0.1 105 219 -1
0.1 104 220 -1
0.1 217 221 -1
0.1 109 110 -1
0.1 111 112 -1
0.1 224 113 -1
0.1 223 225 -1
0.1 222 226 -1
0.1 201 227 -1
0.1 114 115 -1
0.1 116 117 -1
0.1 229 230 -1
0.1 228 231 -1
0.1 83 232 -1
0.1 118 119 -1
0.1 234 120 -1
0.1 233 235 -1
0.1 199 236 -1
0.1 197 237 -1
0.1 192 238 -1
