1 0 0 1
1 0 0 1
1 0 0 1
1 0 0 1
1 0 0 1
1 0 0 1
1 0 0 1
1 0 0 1
1 0 0 1
1 0 0 1
1 0 0 2
1 0 0 3
1 0 0 3
1 0 0 3
1 0 0 3
1 0 0 3
1 0 0 3
1 0 0 3
1 0 0 3
1 0 0 3
1 0 0 3
1 0 0 2
1 0 0 2
1 0 0 2
1 0 0 2
1 0 0 2
1 0 0 2
1 0 0 2
1 0 0 4
1 0 0 4
1 0 0 5
1 0 0 5
1 0 0 5
1 0 0 5
1 0 0 5
1 0 0 5
1 0 0 5
1 0 0 5
1 0 0 5
1 0 0 5
1 0 0 2
1 0 0 6
1 0 0 6
1 0 0 6
1 0 0 6
1 0 0 6
1 0 0 6
1 0 0 6
1 0 0 6
1 0 0 6
1 0 0 6
1 0 0 4
1 0 0 4
1 0 0 4
1 0 0 4
1 0 0 4
1 0 0 4
1 0 0 4
1 0 0 4
1 0 0 2
1 0 0 7
1 0 0 7
1 0 0 7
1 0 0 7
1 0 0 8
1 0 0 8
1 0 0 8
1 0 0 8
1 0 0 8
1 0 0 8
1 0 0 8
1 0 0 8
1 0 0 8
1 0 0 8
1 0 0 9
1 0 0 9
1 0 0 10
1 0 0 10
1 0 0 10
1 0 0 10
1 0 0 10
1 0 0 10
1 0 0 10
1 0 0 10
1 0 0 10
1 0 0 10
1 0 0 7
1 0 0 7
1 0 0 7
1 0 0 7
1 0 0 7
1 0 0 11
1 0 0 11
1 0 0 11
1 0 0 11
1 0 0 11
1 0 0 11
1 0 0 11
1 0 0 11
1 0 0 11
1 0 0 11
1 0 0 7
1 0 0 12
1 0 0 12
1 0 0 12
1 0 0 12
1 0 0 12
1 0 0 12
1 0 0 12
1 0 0 12
1 0 0 12
1 0 0 12
1 0 0 9
1 0 0 9
1 0 0 9
1 0 0 9
1 0 0 9
1 0 0 9
1 0 0 9
1 0 0 9
1 0 0 13
1 0 0 13
1 0 0 13
1 0 0 13
1 0 0 13
1 0 0 13
1 0 0 13
1 0 0 13
1 0 0 13
1 0 0 13
1 0 0 14
1 0 0 14
1 0 0 14
1 0 0 14
1 0 0 14
1 0 0 14
1 0 0 14
1 0 0 14
1 0 0 14
1 0 0 14
1 0 0 15
1 0 0 15
1 0 0 15
1 0 0 15
1 0 0 16
1 0 0 16
1 0 0 16
1 0 0 16
1 0 0 16
1 0 0 16
1 0 0 16
1 0 0 16
1 0 0 16
1 0 0 16
1 0 0 17
1 0 0 17
1 0 0 18
1 0 0 18
1 0 0 18
1 0 0 18
1 0 0 18
1 0 0 18
1 0 0 18
1 0 0 18
1 0 0 18
1 0 0 18
1 0 0 17
1 0 0 17
1 0 0 17
1 0 0 17
1 0 0 17
1 0 0 17
1 0 0 17
1 0 0 17
1 0 0 19
1 0 0 19
1 0 0 19
1 0 0 19
1 0 0 19
1 0 0 19
1 0 0 19
1 0 0 19
1 0 0 19
1 0 0 19
1 0 0 20
1 0 0 20
1 0 0 20
1 0 0 20
1 0 0 20
1 0 0 20
1 0 0 20
1 0 0 20
1 0 0 20
1 0 0 20
1 0 0 21
1 0 0 21
1 0 0 21
1 0 0 21
1 0 0 21
1 0 0 21
1 0 0 21
1 0 0 21
1 0 0 21
1 0 0 22
1 0 0 22
1 0 0 22
1 0 0 22
1 0 0 22
1 0 0 22
1 0 0 22
1 0 0 22
1 0 0 22
1 0 0 22
1 0 0 21
1 0 0 15
1 0 0 15
1 0 0 23
1 0 0 23
1 0 0 23
1 0 0 23
1 0 0 23
1 0 0 24
1 0 0 24
1 0 0 24
1 0 0 24
1 0 0 24
1 0 0 24
1 0 0 24
1 0 0 24
1 0 0 24
1 0 0 24
1 0 0 23
1 0 0 23
1 0 0 23
1 0 0 23
1 0 0 25
1 0 0 25
1 0 0 25
1 0 0 25
1 0 0 25
1 0 0 25
1 0 0 25
1 0 0 25
1 0 0 25
1 0 0 26
1 0 0 26
1 0 0 26
1 0 0 26
1 0 0 26
1 0 0 26
1 0 0 26
1 0 0 26
1 0 0 26
1 0 0 26
1 0 0 27
1 0 0 27
1 0 0 27
1 0 0 27
1 0 0 27
1 0 0 27
1 0 0 27
1 0 0 27
1 0 0 27
1 0 0 27
1 0 0 28
1 0 0 29
1 0 0 29
1 0 0 29
1 0 0 29
1 0 0 29
1 0 0 29
1 0 0 29
1 0 0 29
1 0 0 29
1 0 0 29
1 0 0 28
1 0 0 28
1 0 0 28
1 0 0 30
1 0 0 30
1 0 0 30
1 0 0 30
1 0 0 30
1 0 0 30
1 0 0 30
1 0 0 30
1 0 0 30
1 0 0 30
1 0 0 31
1 0 0 31
1 0 0 31
1 0 0 31
1 0 0 31
1 0 0 31
1 0 0 31
1 0 0 31
1 0 0 31
1 0 0 31
1 0 0 28
1 0 0 28
1 0 0 28
1 0 0 28
1 0 0 28
1 0 0 28
1 0 0 32
1 0 0 32
1 0 0 32
1 0 0 32
1 0 0 32
1 0 0 32
1 0 0 32
1 0 0 32
1 0 0 32
1 0 0 32
1 0 0 25
1 0 0 33
1 0 0 33
1 0 0 33
1 0 0 33
1 0 0 33
1 0 0 33
1 0 0 33
1 0 0 33
1 0 0 33
1 0 0 33
1 0 0 23
1 0 0 15
1 0 0 15
1 0 0 15
1 0 0 34
1 0 0 34
1 0 0 34
1 0 0 34
1 0 0 34
1 0 0 34
1 0 0 34
1 0 0 34
1 0 0 34
1 0 0 34
1 0 0 15
0.1 3 4 -1
0.1 2 341 -1
0.1 1 342 -1
0.1 5 6 -1
0.1 344 7 -1
0.1 8 9 -1
0.1 345 346 -1
0.1 347 10 -1
0.1 343 348 -1
0.1 17 18 -1
0.1 16 350 -1
0.1 15 351 -1
0.1 20 21 -1
0.1 19 353 -1
0.1 352 354 -1
0.1 14 355 -1
0.1 13 356 -1
0.1 12 357 -1
0.1 22 23 -1
0.1 358 359 -1
0.1 24 25 -1
0.1 361 26 -1
0.1 360 362 -1
0.1 363 27 -1
0.1 11 364 -1
0.1 29 30 -1
0.1 33 34 -1
0.1 32 367 -1
0.1 35 36 -1
0.1 369 37 -1
0.1 39 40 -1
0.1 38 371 -1
0.1 370 372 -1
0.1 368 373 -1
0.1 44 45 -1
0.1 43 375 -1
0.1 47 48 -1
0.1 377 49 -1
0.1 46 378 -1
0.1 379 50 -1
0.1 380 51 -1
0.1 376 381 -1
0.1 42 382 -1
0.1 41 383 -1
0.1 374 384 -1
0.1 31 385 -1
0.1 52 53 -1
0.1 387 54 -1
0.1 55 56 -1
0.1 388 389 -1
0.1 386 390 -1
0.1 58 59 -1
0.1 57 392 -1
0.1 391 393 -1
0.1 366 394 -1
0.1 28 395 -1
0.1 365 396 -1
0.1 397 60 -1
0.1 63 64 -1
0.1 62 399 -1
0.1 67 68 -1
0.1 70 71 -1
0.1 69 402 -1
0.1 401 403 -1
0.1 66 404 -1
0.1 65 405 -1
0.1 73 74 -1
0.1 72 407 -1
0.1 406 408 -1
0.1 75 76 -1
0.1 409 410 -1
0.1 79 80 -1
0.1 78 412 -1
0.1 84 85 -1
0.1 414 86 -1
0.1 83 415 -1
0.1 82 416 -1
0.1 81 417 -1
0.1 413 418 -1
0.1 77 419 -1
0.1 88 89 -1
0.1 90 91 -1
0.1 421 422 -1
0.1 92 93 -1
0.1 95 96 -1
0.1 425 97 -1
0.1 100 101 -1
0.1 99 427 -1
0.1 98 428 -1
0.1 426 429 -1
0.1 94 430 -1
0.1 424 431 -1
0.1 432 102 -1
0.1 423 433 -1
0.1 87 434 -1
0.1 103 104 -1
0.1 106 107 -1
0.1 108 109 -1
0.1 437 438 -1
0.1 105 439 -1
0.1 110 111 -1
0.1 441 112 -1
0.1 440 442 -1
0.1 436 443 -1
0.1 435 444 -1
0.1 420 445 -1
0.1 114 115 -1
0.1 113 447 -1
0.1 448 116 -1
0.1 118 119 -1
0.1 117 450 -1
0.1 451 120 -1
0.1 449 452 -1
0.1 446 453 -1
0.1 411 454 -1
0.1 400 455 -1
0.1 61 456 -1
0.1 121 122 -1
0.1 124 125 -1
0.1 123 459 -1
0.1 460 126 -1
0.1 461 127 -1
0.1 458 462 -1
0.1 129 130 -1
0.1 128 464 -1
0.1 463 465 -1
0.1 457 466 -1
0.1 398 467 -1
0.1 132 133 -1
0.1 131 469 -1
0.1 134 135 -1
0.1 136 137 -1
0.1 138 139 -1
0.1 472 473 -1
0.1 471 474 -1
0.1 470 475 -1
0.1 476 140 -1
0.1 141 142 -1
0.1 477 478 -1
0.1 143 144 -1
0.1 479 480 -1
0.1 145 146 -1
0.1 149 150 -1
0.1 148 483 -1
0.1 152 153 -1
0.1 151 485 -1
0.1 486 154 -1
0.1 484 487 -1
0.1 147 488 -1
0.1 482 489 -1
0.1 158 159 -1
0.1 160 161 -1
0.1 492 162 -1
0.1 491 493 -1
0.1 163 164 -1
0.1 165 166 -1
0.1 495 496 -1
0.1 494 497 -1
0.1 157 498 -1
0.1 156 499 -1
0.1 168 169 -1
0.1 167 501 -1
0.1 502 170 -1
0.1 172 173 -1
0.1 504 174 -1
0.1 171 505 -1
0.1 503 506 -1
0.1 500 507 -1
0.1 155 508 -1
0.1 490 509 -1
0.1 481 510 -1
0.1 468 511 -1
0.1 349 512 -1
0.1 178 179 -1
0.1 514 180 -1
0.1 177 515 -1
0.1 176 516 -1
0.1 175 517 -1
0.1 182 183 -1
0.1 181 519 -1
0.1 187 188 -1
0.1 190 191 -1
0.1 522 192 -1
0.1 189 523 -1
0.1 193 194 -1
0.1 524 525 -1
0.1 521 526 -1
0.1 186 527 -1
0.1 185 528 -1
0.1 184 529 -1
0.1 520 530 -1
0.1 518 531 -1
0.1 195 196 -1
0.1 198 199 -1
0.1 201 202 -1
0.1 200 535 -1
0.1 534 536 -1
0.1 537 203 -1
0.1 205 206 -1
0.1 207 208 -1
0.1 539 540 -1
0.1 204 541 -1
0.1 211 212 -1
0.1 210 543 -1
0.1 209 544 -1
0.1 545 213 -1
0.1 542 546 -1
0.1 547 214 -1
0.1 538 548 -1
0.1 197 549 -1
0.1 533 550 -1
0.1 532 551 -1
0.1 215 216 -1
0.1 217 218 -1
0.1 554 219 -1
0.1 555 220 -1
0.1 222 223 -1
0.1 557 224 -1
0.1 225 226 -1
0.1 227 228 -1
0.1 559 560 -1
0.1 230 231 -1
0.1 229 562 -1
0.1 561 563 -1
0.1 558 564 -1
0.1 221 565 -1
0.1 556 566 -1
0.1 233 234 -1
0.1 568 235 -1
0.1 232 569 -1
0.1 236 237 -1
0.1 571 238 -1
0.1 240 241 -1
0.1 239 573 -1
0.1 572 574 -1
0.1 242 243 -1
0.1 246 247 -1
0.1 245 577 -1
0.1 250 251 -1
0.1 249 579 -1
0.1 252 253 -1
0.1 581 254 -1
0.1 580 582 -1
0.1 248 583 -1
0.1 578 584 -1
0.1 255 256 -1
0.1 586 257 -1
0.1 258 259 -1
0.1 260 261 -1
0.1 588 589 -1
0.1 263 264 -1
0.1 262 591 -1
0.1 590 592 -1
0.1 587 593 -1
0.1 585 594 -1
0.1 267 268 -1
0.1 266 596 -1
0.1 269 270 -1
0.1 597 598 -1
0.1 271 272 -1
0.1 274 275 -1
0.1 273 601 -1
0.1 600 602 -1
0.1 599 603 -1
0.1 604 276 -1
0.1 605 277 -1
0.1 265 606 -1
0.1 280 281 -1
0.1 282 283 -1
0.1 285 286 -1
0.1 287 288 -1
0.1 610 611 -1
0.1 284 612 -1
0.1 609 613 -1
0.1 608 614 -1
0.1 279 615 -1
0.1 290 291 -1
0.1 294 295 -1
0.1 618 296 -1
0.1 293 619 -1
0.1 292 620 -1
0.1 617 621 -1
0.1 289 622 -1
0.1 297 298 -1
0.1 623 624 -1
0.1 616 625 -1
0.1 278 626 -1
0.1 299 300 -1
0.1 628 301 -1
0.1 302 303 -1
0.1 630 304 -1
0.1 629 631 -1
0.1 627 632 -1
0.1 607 633 -1
0.1 595 634 -1
0.1 244 635 -1
0.1 307 308 -1
0.1 306 637 -1
0.1 638 309 -1
0.1 305 639 -1
0.1 311 312 -1
0.1 313 314 -1
0.1 641 642 -1
0.1 310 643 -1
0.1 640 644 -1
0.1 645 315 -1
0.1 317 318 -1
0.1 647 319 -1
0.1 316 648 -1
0.1 321 322 -1
0.1 324 325 -1
0.1 323 651 -1
0.1 650 652 -1
0.1 320 653 -1
0.1 649 654 -1
0.1 646 655 -1
0.1 636 656 -1
0.1 576 657 -1
0.1 575 658 -1
0.1 570 659 -1
0.1 567 660 -1
0.1 661 326 -1
0.1 327 328 -1
0.1 663 329 -1
0.1 662 664 -1
0.1 553 665 -1
0.1 330 331 -1
0.1 332 333 -1
0.1 667 668 -1
0.1 335 336 -1
0.1 337 338 -1
0.1 670 671 -1
0.1 334 672 -1
0.1 673 339 -1
0.1 669 674 -1
0.1 675 340 -1
0.1 666 676 -1
0.1 552 677 -1
0.1 513 678 -1
