1 0 0 1
1 0 0 1
1 0 0 1
1 0 0 1
1 0 0 1
1 0 0 1
1 0 0 1
1 0 0 1
1 0 0 1
1 0 0 1
1 0 0 2
1 0 0 2
1 0 0 2
1 0 0 2
1 0 0 2
1 0 0 2
1 0 0 2
1 0 0 2
1 0 0 2
1 0 0 2
1 0 0 3
1 0 0 4
1 0 0 4
1 0 0 4
1 0 0 4
1 0 0 4
1 0 0 4
1 0 0 4
1 0 0 4
1 0 0 4
1 0 0 4
1 0 0 5
1 0 0 5
1 0 0 5
1 0 0 5
1 0 0 5
1 0 0 5
1 0 0 5
1 0 0 5
1 0 0 5
1 0 0 5
1 0 0 3
1 0 0 3
1 0 0 3
1 0 0 3
1 0 0 3
1 0 0 3
1 0 0 3
1 0 0 6
1 0 0 6
1 0 0 6
1 0 0 6
1 0 0 6
1 0 0 6
1 0 0 6
1 0 0 6
1 0 0 6
1 0 0 6
1 0 0 3
1 0 0 3
1 0 0 7
1 0 0 7
1 0 0 7
1 0 0 7
1 0 0 7
1 0 0 7
1 0 0 7
1 0 0 7
1 0 0 7
1 0 0 7
1 0 0 8
1 0 0 8
1 0 0 8
1 0 0 8
1 0 0 9
1 0 0 9
1 0 0 9
1 0 0 9
1 0 0 9
1 0 0 9
1 0 0 9
1 0 0 9
1 0 0 9
1 0 0 9
1 0 0 10
1 0 0 10
1 0 0 10
1 0 0 10
1 0 0 10
1 0 0 10
1 0 0 10
1 0 0 10
1 0 0 10
1 0 0 10
1 0 0 8
1 0 0 8
1 0 0 8
1 0 0 8
1 0 0 8
1 0 0 8
1 0 0 11
1 0 0 11
1 0 0 11
1 0 0 11
1 0 0 11
1 0 0 11
1 0 0 11
1 0 0 11
1 0 0 11
1 0 0 11
1 0 0 12
1 0 0 12
1 0 0 12
1 0 0 12
1 0 0 12
1 0 0 12
1 0 0 12
1 0 0 12
1 0 0 12
1 0 0 12
1 0 0 13
1 0 0 13
1 0 0 13
1 0 0 13
1 0 0 13
1 0 0 13
1 0 0 13
1 0 0 13
1 0 0 13
1 0 0 13
1 0 0 14
1 0 0 14
1 0 0 14
1 0 0 14
1 0 0 14
1 0 0 14
1 0 0 14
1 0 0 14
1 0 0 14
1 0 0 14
1 0 0 15
1 0 0 15
1 0 0 15
1 0 0 15
1 0 0 16
1 0 0 16
1 0 0 16
1 0 0 16
1 0 0 16
1 0 0 16
1 0 0 16
1 0 0 16
1 0 0 16
1 0 0 16
1 0 0 17
1 0 0 17
1 0 0 17
1 0 0 17
1 0 0 17
1 0 0 17
1 0 0 17
1 0 0 17
1 0 0 17
1 0 0 17
1 0 0 18
1 0 0 18
1 0 0 18
1 0 0 18
1 0 0 18
1 0 0 18
1 0 0 18
1 0 0 18
1 0 0 18
1 0 0 18
1 0 0 15
1 0 0 19
1 0 0 19
1 0 0 19
1 0 0 19
1 0 0 19
1 0 0 19
1 0 0 19
1 0 0 19
1 0 0 19
1 0 0 19
1 0 0 15
1 0 0 15
1 0 0 15
1 0 0 15
1 0 0 15
1 0 0 20
1 0 0 20
1 0 0 20
1 0 0 20
1 0 0 21
1 0 0 21
1 0 0 21
1 0 0 21
1 0 0 21
1 0 0 21
1 0 0 21
1 0 0 21
1 0 0 21
1 0 0 21
1 0 0 20
1 0 0 20
1 0 0 20
1 0 0 20
1 0 0 20
1 0 0 22
1 0 0 22
1 0 0 22
1 0 0 22
1 0 0 22
1 0 0 22
1 0 0 22
1 0 0 22
1 0 0 22
1 0 0 22
1 0 0 23
1 0 0 23
1 0 0 23
1 0 0 23
1 0 0 23
1 0 0 23
1 0 0 23
1 0 0 23
1 0 0 23
1 0 0 23
1 0 0 24
1 0 0 24
1 0 0 25
1 0 0 25
1 0 0 25
1 0 0 26
1 0 0 26
1 0 0 26
1 0 0 26
1 0 0 26
1 0 0 26
1 0 0 26
1 0 0 26
1 0 0 26
1 0 0 26
1 0 0 25
1 0 0 25
1 0 0 25
1 0 0 25
1 0 0 25
1 0 0 25
1 0 0 25
1 0 0 27
1 0 0 27
1 0 0 27
1 0 0 27
1 0 0 27
1 0 0 27
1 0 0 27
1 0 0 27
1 0 0 27
1 0 0 27
1 0 0 28
1 0 0 28
1 0 0 28
1 0 0 28
1 0 0 28
1 0 0 28
1 0 0 28
1 0 0 28
1 0 0 28
1 0 0 28
1 0 0 29
1 0 0 29
1 0 0 29
1 0 0 29
1 0 0 29
1 0 0 29
1 0 0 29
1 0 0 29
1 0 0 29
1 0 0 29
1 0 0 30
1 0 0 30
1 0 0 30
1 0 0 30
1 0 0 30
1 0 0 30
1 0 0 30
1 0 0 30
1 0 0 30
1 0 0 30
1 0 0 24
1 0 0 24
1 0 0 24
1 0 0 24
1 0 0 24
1 0 0 24
1 0 0 24
1 0 0 24
1 0 0 20
1 0 0 31
1 0 0 31
1 0 0 31
1 0 0 31
1 0 0 31
1 0 0 31
1 0 0 32
1 0 0 32
1 0 0 32
1 0 0 32
1 0 0 31
1 0 0 32
1 0 0 32
1 0 0 32
1 0 0 32
1 0 0 32
1 0 0 32
1 0 0 31
1 0 0 31
1 0 0 31
1 0 0 33
1 0 0 33
1 0 0 33
1 0 0 33
1 0 0 34
1 0 0 34
1 0 0 34
1 0 0 34
1 0 0 34
1 0 0 34
1 0 0 34
1 0 0 34
1 0 0 34
1 0 0 34
1 0 0 33
1 0 0 33
1 0 0 33
1 0 0 33
1 0 0 33
1 0 0 33
0.1 3 4 -1
0.1 2 341 -1
0.1 5 6 -1
0.1 7 8 -1
0.1 9 10 -1
0.1 344 345 -1
0.1 343 346 -1
0.1 342 347 -1
0.1 1 348 -1
0.1 12 13 -1
0.1 11 350 -1
0.1 14 15 -1
0.1 352 16 -1
0.1 18 19 -1
0.1 17 354 -1
0.1 353 355 -1
0.1 351 356 -1
0.1 357 20 -1
0.1 24 25 -1
0.1 23 359 -1
0.1 30 31 -1
0.1 29 361 -1
0.1 28 362 -1
0.1 27 363 -1
0.1 26 364 -1
0.1 360 365 -1
0.1 22 366 -1
0.1 21 367 -1
0.1 358 368 -1
0.1 32 33 -1
0.1 370 34 -1
0.1 35 36 -1
0.1 371 372 -1
0.1 38 39 -1
0.1 37 374 -1
0.1 40 41 -1
0.1 375 376 -1
0.1 373 377 -1
0.1 369 378 -1
0.1 379 42 -1
0.1 44 45 -1
0.1 381 46 -1
0.1 47 48 -1
0.1 51 52 -1
0.1 50 384 -1
0.1 54 55 -1
0.1 53 386 -1
0.1 387 56 -1
0.1 388 57 -1
0.1 385 389 -1
0.1 49 390 -1
0.1 391 58 -1
0.1 383 392 -1
0.1 382 393 -1
0.1 43 394 -1
0.1 395 59 -1
0.1 380 396 -1
0.1 397 60 -1
0.1 62 63 -1
0.1 61 399 -1
0.1 64 65 -1
0.1 400 401 -1
0.1 67 68 -1
0.1 403 69 -1
0.1 66 404 -1
0.1 405 70 -1
0.1 402 406 -1
0.1 398 407 -1
0.1 73 74 -1
0.1 72 409 -1
0.1 76 77 -1
0.1 78 79 -1
0.1 411 412 -1
0.1 75 413 -1
0.1 80 81 -1
0.1 415 82 -1
0.1 83 84 -1
0.1 416 417 -1
0.1 414 418 -1
0.1 86 87 -1
0.1 420 88 -1
0.1 85 421 -1
0.1 90 91 -1
0.1 89 423 -1
0.1 422 424 -1
0.1 425 92 -1
0.1 93 94 -1
0.1 426 427 -1
0.1 428 95 -1
0.1 97 98 -1
0.1 99 100 -1
0.1 430 431 -1
0.1 96 432 -1
0.1 429 433 -1
0.1 419 434 -1
0.1 101 102 -1
0.1 436 103 -1
0.1 105 106 -1
0.1 104 438 -1
0.1 107 108 -1
0.1 439 440 -1
0.1 441 109 -1
0.1 442 110 -1
0.1 437 443 -1
0.1 435 444 -1
0.1 116 117 -1
0.1 115 446 -1
0.1 114 447 -1
0.1 113 448 -1
0.1 112 449 -1
0.1 119 120 -1
0.1 118 451 -1
0.1 450 452 -1
0.1 111 453 -1
0.1 121 122 -1
0.1 125 126 -1
0.1 124 456 -1
0.1 123 457 -1
0.1 129 130 -1
0.1 128 459 -1
0.1 127 460 -1
0.1 458 461 -1
0.1 455 462 -1
0.1 454 463 -1
0.1 445 464 -1
0.1 410 465 -1
0.1 71 466 -1
0.1 408 467 -1
0.1 131 132 -1
0.1 135 136 -1
0.1 134 470 -1
0.1 138 139 -1
0.1 472 140 -1
0.1 137 473 -1
0.1 471 474 -1
0.1 133 475 -1
0.1 469 476 -1
0.1 141 142 -1
0.1 143 144 -1
0.1 478 479 -1
0.1 477 480 -1
0.1 147 148 -1
0.1 146 482 -1
0.1 145 483 -1
0.1 151 152 -1
0.1 150 485 -1
0.1 149 486 -1
0.1 484 487 -1
0.1 488 153 -1
0.1 155 156 -1
0.1 157 158 -1
0.1 160 161 -1
0.1 159 492 -1
0.1 162 163 -1
0.1 493 494 -1
0.1 491 495 -1
0.1 490 496 -1
0.1 497 164 -1
0.1 154 498 -1
0.1 489 499 -1
0.1 166 167 -1
0.1 169 170 -1
0.1 168 502 -1
0.1 501 503 -1
0.1 165 504 -1
0.1 173 174 -1
0.1 172 506 -1
0.1 171 507 -1
0.1 505 508 -1
0.1 500 509 -1
0.1 481 510 -1
0.1 468 511 -1
0.1 349 512 -1
0.1 176 177 -1
0.1 178 179 -1
0.1 514 515 -1
0.1 181 182 -1
0.1 183 184 -1
0.1 517 518 -1
0.1 180 519 -1
0.1 520 185 -1
0.1 516 521 -1
0.1 175 522 -1
0.1 186 187 -1
0.1 524 188 -1
0.1 189 190 -1
0.1 525 526 -1
0.1 191 192 -1
0.1 528 193 -1
0.1 529 194 -1
0.1 195 196 -1
0.1 531 197 -1
0.1 198 199 -1
0.1 533 200 -1
0.1 201 202 -1
0.1 203 204 -1
0.1 535 536 -1
0.1 534 537 -1
0.1 532 538 -1
0.1 539 205 -1
0.1 530 540 -1
0.1 208 209 -1
0.1 207 542 -1
0.1 206 543 -1
0.1 212 213 -1
0.1 211 545 -1
0.1 210 546 -1
0.1 215 216 -1
0.1 217 218 -1
0.1 549 219 -1
0.1 548 550 -1
0.1 214 551 -1
0.1 547 552 -1
0.1 220 221 -1
0.1 222 223 -1
0.1 555 224 -1
0.1 554 556 -1
0.1 227 228 -1
0.1 558 229 -1
0.1 226 559 -1
0.1 225 560 -1
0.1 557 561 -1
0.1 562 230 -1
0.1 553 563 -1
0.1 236 237 -1
0.1 235 565 -1
0.1 238 239 -1
0.1 566 567 -1
0.1 240 241 -1
0.1 242 243 -1
0.1 569 570 -1
0.1 568 571 -1
0.1 572 244 -1
0.1 234 573 -1
0.1 233 574 -1
0.1 232 575 -1
0.1 247 248 -1
0.1 246 577 -1
0.1 245 578 -1
0.1 249 250 -1
0.1 579 580 -1
0.1 252 253 -1
0.1 255 256 -1
0.1 254 583 -1
0.1 582 584 -1
0.1 258 259 -1
0.1 257 586 -1
0.1 585 587 -1
0.1 260 261 -1
0.1 588 589 -1
0.1 263 264 -1
0.1 265 266 -1
0.1 268 269 -1
0.1 270 271 -1
0.1 593 594 -1
0.1 267 595 -1
0.1 592 596 -1
0.1 591 597 -1
0.1 262 598 -1
0.1 590 599 -1
0.1 251 600 -1
0.1 581 601 -1
0.1 576 602 -1
0.1 274 275 -1
0.1 604 276 -1
0.1 273 605 -1
0.1 277 278 -1
0.1 606 607 -1
0.1 272 608 -1
0.1 609 279 -1
0.1 280 281 -1
0.1 610 611 -1
0.1 282 283 -1
0.1 285 286 -1
0.1 284 614 -1
0.1 287 288 -1
0.1 615 616 -1
0.1 613 617 -1
0.1 290 291 -1
0.1 289 619 -1
0.1 618 620 -1
0.1 612 621 -1
0.1 603 622 -1
0.1 231 623 -1
0.1 292 293 -1
0.1 624 625 -1
0.1 564 626 -1
0.1 294 295 -1
0.1 298 299 -1
0.1 297 629 -1
0.1 296 630 -1
0.1 628 631 -1
0.1 627 632 -1
0.1 544 633 -1
0.1 541 634 -1
0.1 635 300 -1
0.1 527 636 -1
0.1 523 637 -1
0.1 301 302 -1
0.1 303 304 -1
0.1 640 305 -1
0.1 639 641 -1
0.1 642 306 -1
0.1 307 308 -1
0.1 644 309 -1
0.1 645 310 -1
0.1 311 312 -1
0.1 646 647 -1
0.1 314 315 -1
0.1 316 317 -1
0.1 649 650 -1
0.1 313 651 -1
0.1 648 652 -1
0.1 643 653 -1
0.1 654 318 -1
0.1 319 320 -1
0.1 655 656 -1
0.1 322 323 -1
0.1 321 658 -1
0.1 326 327 -1
0.1 328 329 -1
0.1 660 661 -1
0.1 325 662 -1
0.1 663 330 -1
0.1 333 334 -1
0.1 332 665 -1
0.1 331 666 -1
0.1 664 667 -1
0.1 324 668 -1
0.1 659 669 -1
0.1 338 339 -1
0.1 337 671 -1
0.1 672 340 -1
0.1 336 673 -1
0.1 335 674 -1
0.1 670 675 -1
0.1 657 676 -1
0.1 638 677 -1
0.1 513 678 -1
