1 0 0 1
1 0 0 1
1 0 0 2
1 0 0 2
1 0 0 2
1 0 0 2
1 0 0 2
1 0 0 3
1 0 0 3
1 0 0 4
1 0 0 4
1 0 0 4
1 0 0 4
1 0 0 4
1 0 0 3
1 0 0 3
1 0 0 3
1 0 0 5
1 0 0 6
1 0 0 6
1 0 0 6
1 0 0 6
1 0 0 6
1 0 0 5
1 0 0 5
1 0 0 5
1 0 0 5
1 0 0 1
1 0 0 1
1 0 0 1
1 0 0 7
1 0 0 8
1 0 0 8
1 0 0 8
1 0 0 8
1 0 0 9
1 0 0 9
1 0 0 9
1 0 0 9
1 0 0 9
1 0 0 8
1 0 0 10
1 0 0 10
1 0 0 10
1 0 0 10
1 0 0 10
1 0 0 11
1 0 0 11
1 0 0 11
1 0 0 11
1 0 0 11
1 0 0 12
1 0 0 12
1 0 0 12
1 0 0 12
1 0 0 12
1 0 0 13
1 0 0 13
1 0 0 13
1 0 0 14
1 0 0 14
1 0 0 14
1 0 0 14
1 0 0 14
1 0 0 13
1 0 0 15
1 0 0 15
1 0 0 15
1 0 0 15
1 0 0 15
1 0 0 16
1 0 0 16
1 0 0 16
1 0 0 16
1 0 0 16
1 0 0 17
1 0 0 17
1 0 0 17
1 0 0 17
1 0 0 17
1 0 0 18
1 0 0 18
1 0 0 18
1 0 0 18
1 0 0 19
1 0 0 19
1 0 0 19
1 0 0 19
1 0 0 19
1 0 0 20
1 0 0 20
1 0 0 20
1 0 0 20
1 0 0 20
1 0 0 18
1 0 0 21
1 0 0 21
1 0 0 21
1 0 0 21
1 0 0 21
1 0 0 22
1 0 0 22
1 0 0 22
1 0 0 22
1 0 0 22
1 0 0 23
1 0 0 23
1 0 0 23
1 0 0 23
1 0 0 23
1 0 0 24
1 0 0 24
1 0 0 24
1 0 0 24
1 0 0 24
1 0 0 25
1 0 0 25
1 0 0 25
1 0 0 25
1 0 0 25
1 0 0 13
1 0 0 7
1 0 0 7
1 0 0 7
1 0 0 7
1 0 0 26
1 0 0 26
1 0 0 27
1 0 0 27
1 0 0 27
1 0 0 27
1 0 0 27
1 0 0 26
1 0 0 26
1 0 0 28
1 0 0 28
1 0 0 28
1 0 0 29
1 0 0 29
1 0 0 29
1 0 0 29
1 0 0 29
1 0 0 30
1 0 0 30
1 0 0 30
1 0 0 30
1 0 0 30
1 0 0 31
1 0 0 31
1 0 0 31
1 0 0 31
1 0 0 31
1 0 0 32
1 0 0 32
1 0 0 32
1 0 0 32
1 0 0 32
1 0 0 33
1 0 0 34
1 0 0 34
1 0 0 34
1 0 0 34
1 0 0 34
1 0 0 35
1 0 0 36
1 0 0 36
1 0 0 36
1 0 0 37
1 0 0 37
1 0 0 37
1 0 0 37
1 0 0 37
1 0 0 38
1 0 0 38
1 0 0 38
1 0 0 38
1 0 0 38
1 0 0 36
1 0 0 36
1 0 0 39
1 0 0 39
1 0 0 39
1 0 0 39
1 0 0 39
1 0 0 35
1 0 0 40
1 0 0 40
1 0 0 40
1 0 0 40
1 0 0 40
1 0 0 35
1 0 0 41
1 0 0 41
1 0 0 41
1 0 0 41
1 0 0 41
1 0 0 35
1 0 0 42
1 0 0 42
1 0 0 42
1 0 0 42
1 0 0 42
1 0 0 35
1 0 0 28
1 0 0 33
1 0 0 33
1 0 0 33
1 0 0 28
1 0 0 43
1 0 0 43
1 0 0 43
1 0 0 43
1 0 0 43
1 0 0 44
1 0 0 44
1 0 0 44
1 0 0 44
1 0 0 44
1 0 0 33
1 0 0 45
1 0 0 45
1 0 0 45
1 0 0 45
1 0 0 45
1 0 0 46
1 0 0 46
1 0 0 46
1 0 0 46
1 0 0 46
1 0 0 26
0.1 4 5 -1
0.1 6 7 -1
0.1 231 232 -1
0.1 3 233 -1
0.1 2 234 -1
0.1 1 235 -1
0.1 8 9 -1
0.1 11 12 -1
0.1 10 238 -1
0.1 13 14 -1
0.1 239 240 -1
0.1 241 15 -1
0.1 16 17 -1
0.1 242 243 -1
0.1 237 244 -1
0.1 19 20 -1
0.1 21 22 -1
0.1 247 23 -1
0.1 246 248 -1
0.1 18 249 -1
0.1 24 25 -1
0.1 250 251 -1
0.1 245 252 -1
0.1 26 27 -1
0.1 253 254 -1
0.1 236 255 -1
0.1 29 30 -1
0.1 28 257 -1
0.1 36 37 -1
0.1 39 40 -1
0.1 38 260 -1
0.1 259 261 -1
0.1 35 262 -1
0.1 34 263 -1
0.1 33 264 -1
0.1 43 44 -1
0.1 266 45 -1
0.1 42 267 -1
0.1 48 49 -1
0.1 50 51 -1
0.1 269 270 -1
0.1 47 271 -1
0.1 46 272 -1
0.1 54 55 -1
0.1 53 274 -1
0.1 275 56 -1
0.1 52 276 -1
0.1 273 277 -1
0.1 268 278 -1
0.1 41 279 -1
0.1 265 280 -1
0.1 32 281 -1
0.1 60 61 -1
0.1 63 64 -1
0.1 62 284 -1
0.1 283 285 -1
0.1 59 286 -1
0.1 58 287 -1
0.1 57 288 -1
0.1 67 68 -1
0.1 66 290 -1
0.1 69 70 -1
0.1 291 292 -1
0.1 65 293 -1
0.1 289 294 -1
0.1 282 295 -1
0.1 71 72 -1
0.1 73 74 -1
0.1 298 75 -1
0.1 297 299 -1
0.1 77 78 -1
0.1 76 301 -1
0.1 302 79 -1
0.1 303 80 -1
0.1 83 84 -1
0.1 82 305 -1
0.1 85 86 -1
0.1 307 87 -1
0.1 88 89 -1
0.1 308 309 -1
0.1 91 92 -1
0.1 90 311 -1
0.1 93 94 -1
0.1 312 313 -1
0.1 310 314 -1
0.1 306 315 -1
0.1 81 316 -1
0.1 96 97 -1
0.1 318 98 -1
0.1 99 100 -1
0.1 319 320 -1
0.1 95 321 -1
0.1 317 322 -1
0.1 304 323 -1
0.1 300 324 -1
0.1 103 104 -1
0.1 326 105 -1
0.1 102 327 -1
0.1 101 328 -1
0.1 107 108 -1
0.1 109 110 -1
0.1 330 331 -1
0.1 106 332 -1
0.1 329 333 -1
0.1 114 115 -1
0.1 113 335 -1
0.1 112 336 -1
0.1 111 337 -1
0.1 118 119 -1
0.1 339 120 -1
0.1 117 340 -1
0.1 116 341 -1
0.1 338 342 -1
0.1 343 121 -1
0.1 334 344 -1
0.1 325 345 -1
0.1 296 346 -1
0.1 31 347 -1
0.1 124 125 -1
0.1 123 349 -1
0.1 122 350 -1
0.1 348 351 -1
0.1 258 352 -1
0.1 131 132 -1
0.1 130 354 -1
0.1 129 355 -1
0.1 128 356 -1
0.1 127 357 -1
0.1 126 358 -1
0.1 133 134 -1
0.1 359 360 -1
0.1 353 361 -1
0.1 256 362 -1
0.1 136 137 -1
0.1 135 364 -1
0.1 139 140 -1
0.1 138 366 -1
0.1 141 142 -1
0.1 144 145 -1
0.1 369 146 -1
0.1 143 370 -1
0.1 368 371 -1
0.1 367 372 -1
0.1 373 147 -1
0.1 365 374 -1
0.1 148 149 -1
0.1 151 152 -1
0.1 150 377 -1
0.1 376 378 -1
0.1 153 154 -1
0.1 155 156 -1
0.1 380 381 -1
0.1 382 157 -1
0.1 379 383 -1
0.1 159 160 -1
0.1 385 161 -1
0.1 162 163 -1
0.1 386 387 -1
0.1 166 167 -1
0.1 165 389 -1
0.1 169 170 -1
0.1 171 172 -1
0.1 391 392 -1
0.1 168 393 -1
0.1 175 176 -1
0.1 174 395 -1
0.1 396 177 -1
0.1 173 397 -1
0.1 394 398 -1
0.1 178 179 -1
0.1 399 400 -1
0.1 390 401 -1
0.1 181 182 -1
0.1 403 183 -1
0.1 404 184 -1
0.1 180 405 -1
0.1 402 406 -1
0.1 164 407 -1
0.1 188 189 -1
0.1 409 190 -1
0.1 187 410 -1
0.1 186 411 -1
0.1 185 412 -1
0.1 408 413 -1
0.1 388 414 -1
0.1 415 191 -1
0.1 193 194 -1
0.1 195 196 -1
0.1 417 418 -1
0.1 192 419 -1
0.1 200 201 -1
0.1 421 202 -1
0.1 199 422 -1
0.1 198 423 -1
0.1 424 203 -1
0.1 197 425 -1
0.1 420 426 -1
0.1 416 427 -1
0.1 158 428 -1
0.1 384 429 -1
0.1 205 206 -1
0.1 204 431 -1
0.1 432 207 -1
0.1 430 433 -1
0.1 209 210 -1
0.1 212 213 -1
0.1 211 436 -1
0.1 435 437 -1
0.1 215 216 -1
0.1 214 439 -1
0.1 217 218 -1
0.1 440 441 -1
0.1 438 442 -1
0.1 208 443 -1
0.1 434 444 -1
0.1 220 221 -1
0.1 223 224 -1
0.1 222 447 -1
0.1 228 229 -1
0.1 227 449 -1
0.1 226 450 -1
0.1 225 451 -1
0.1 448 452 -1
0.1 446 453 -1
0.1 219 454 -1
0.1 445 455 -1
0.1 375 456 -1
0.1 457 230 -1
0.1 363 458 -1
