1 0 0 1
1 0 0 1
1 0 0 1
1 0 0 1
1 0 0 1
1 0 0 1
1 0 0 1
1 0 0 1
1 0 0 1
1 0 0 1
1 0 0 2
1 0 0 3
1 0 0 3
1 0 0 3
1 0 0 3
1 0 0 3
1 0 0 4
1 0 0 4
1 0 0 4
1 0 0 4
1 0 0 4
1 0 0 4
1 0 0 4
1 0 0 4
1 0 0 4
1 0 0 4
1 0 0 3
1 0 0 5
1 0 0 5
1 0 0 5
1 0 0 5
1 0 0 5
1 0 0 5
1 0 0 5
1 0 0 5
1 0 0 5
1 0 0 5
1 0 0 3
1 0 0 3
1 0 0 3
1 0 0 3
1 0 0 2
1 0 0 2
1 0 0 6
1 0 0 6
1 0 0 6
1 0 0 6
1 0 0 6
1 0 0 6
1 0 0 6
1 0 0 6
1 0 0 6
1 0 0 6
1 0 0 7
1 0 0 7
1 0 0 7
1 0 0 7
1 0 0 7
1 0 0 7
1 0 0 7
1 0 0 7
1 0 0 7
1 0 0 7
1 0 0 2
1 0 0 8
1 0 0 9
1 0 0 10
1 0 0 10
1 0 0 10
1 0 0 10
1 0 0 10
1 0 0 10
1 0 0 10
1 0 0 10
1 0 0 10
1 0 0 10
1 0 0 9
1 0 0 9
1 0 0 9
1 0 0 9
1 0 0 9
1 0 0 9
1 0 0 9
1 0 0 9
1 0 0 9
1 0 0 11
1 0 0 11
1 0 0 11
1 0 0 11
1 0 0 11
1 0 0 11
1 0 0 11
1 0 0 11
1 0 0 11
1 0 0 11
1 0 0 8
1 0 0 8
1 0 0 8
1 0 0 12
1 0 0 12
1 0 0 12
1 0 0 12
1 0 0 12
1 0 0 12
1 0 0 12
1 0 0 12
1 0 0 12
1 0 0 12
1 0 0 8
1 0 0 8
1 0 0 8
1 0 0 13
1 0 0 13
1 0 0 13
1 0 0 13
1 0 0 13
1 0 0 13
1 0 0 13
1 0 0 13
1 0 0 13
1 0 0 13
1 0 0 14
1 0 0 14
1 0 0 14
1 0 0 14
1 0 0 14
1 0 0 14
1 0 0 14
1 0 0 14
1 0 0 14
1 0 0 14
1 0 0 8
1 0 0 8
1 0 0 8
1 0 0 15
1 0 0 15
1 0 0 15
1 0 0 15
1 0 0 15
1 0 0 15
1 0 0 15
1 0 0 15
1 0 0 15
1 0 0 15
1 0 0 2
1 0 0 16
1 0 0 2
1 0 0 17
1 0 0 17
1 0 0 17
1 0 0 17
1 0 0 17
1 0 0 17
1 0 0 17
1 0 0 17
1 0 0 17
1 0 0 17
1 0 0 18
1 0 0 18
1 0 0 18
1 0 0 18
1 0 0 18
1 0 0 18
1 0 0 18
1 0 0 19
1 0 0 19
1 0 0 19
1 0 0 19
1 0 0 19
1 0 0 19
1 0 0 19
1 0 0 19
1 0 0 19
1 0 0 19
1 0 0 18
1 0 0 20
1 0 0 20
1 0 0 20
1 0 0 20
1 0 0 20
1 0 0 20
1 0 0 20
1 0 0 20
1 0 0 20
1 0 0 20
1 0 0 18
1 0 0 18
1 0 0 16
1 0 0 16
1 0 0 16
1 0 0 16
1 0 0 16
1 0 0 16
1 0 0 16
1 0 0 16
1 0 0 16
1 0 0 21
1 0 0 21
1 0 0 22
1 0 0 22
1 0 0 22
1 0 0 22
1 0 0 22
1 0 0 22
1 0 0 22
1 0 0 22
1 0 0 22
1 0 0 22
1 0 0 21
1 0 0 21
1 0 0 21
1 0 0 21
1 0 0 21
1 0 0 21
1 0 0 21
1 0 0 21
1 0 0 23
1 0 0 23
1 0 0 23
1 0 0 23
1 0 0 23
1 0 0 23
1 0 0 23
1 0 0 23
1 0 0 23
1 0 0 23
1 0 0 2
1 0 0 2
1 0 0 2
1 0 0 24
1 0 0 24
1 0 0 24
1 0 0 24
1 0 0 24
1 0 0 24
1 0 0 24
1 0 0 24
1 0 0 24
1 0 0 24
1 0 0 25
1 0 0 25
1 0 0 25
1 0 0 25
1 0 0 25
1 0 0 25
1 0 0 25
1 0 0 25
1 0 0 25
1 0 0 25
1 0 0 26
1 0 0 26
1 0 0 26
1 0 0 26
1 0 0 26
1 0 0 26
1 0 0 26
1 0 0 26
1 0 0 26
1 0 0 26
1 0 0 2
1 0 0 27
1 0 0 27
1 0 0 27
1 0 0 27
1 0 0 27
1 0 0 27
1 0 0 27
1 0 0 27
1 0 0 27
1 0 0 27
1 0 0 28
1 0 0 28
1 0 0 28
1 0 0 28
1 0 0 28
1 0 0 28
1 0 0 28
1 0 0 28
1 0 0 28
1 0 0 28
1 0 0 29
1 0 0 29
1 0 0 29
1 0 0 30
1 0 0 30
1 0 0 30
1 0 0 30
1 0 0 30
1 0 0 30
1 0 0 31
1 0 0 31
1 0 0 32
1 0 0 32
1 0 0 32
1 0 0 32
1 0 0 32
1 0 0 32
1 0 0 32
1 0 0 29
1 0 0 29
1 0 0 29
1 0 0 29
1 0 0 29
1 0 0 33
1 0 0 33
1 0 0 33
1 0 0 33
1 0 0 33
1 0 0 33
1 0 0 33
1 0 0 33
1 0 0 33
1 0 0 33
1 0 0 34
1 0 0 29
1 0 0 29
1 0 0 35
1 0 0 35
1 0 0 35
1 0 0 35
1 0 0 35
1 0 0 35
1 0 0 35
1 0 0 35
1 0 0 35
1 0 0 35
1 0 0 36
1 0 0 37
1 0 0 38
1 0 0 38
1 0 0 38
1 0 0 39
1 0 0 39
1 0 0 39
1 0 0 39
1 0 0 39
1 0 0 39
1 0 0 39
1 0 0 39
1 0 0 39
1 0 0 39
1 0 0 38
1 0 0 38
1 0 0 38
1 0 0 38
1 0 0 38
1 0 0 38
1 0 0 38
1 0 0 37
1 0 0 40
1 0 0 40
1 0 0 40
1 0 0 40
1 0 0 40
1 0 0 40
1 0 0 40
1 0 0 40
1 0 0 40
1 0 0 40
1 0 0 41
1 0 0 41
1 0 0 41
1 0 0 41
1 0 0 41
1 0 0 41
1 0 0 41
1 0 0 41
1 0 0 41
1 0 0 41
1 0 0 37
1 0 0 42
1 0 0 42
1 0 0 42
1 0 0 42
1 0 0 42
1 0 0 42
1 0 0 42
1 0 0 42
1 0 0 42
1 0 0 42
1 0 0 43
1 0 0 43
1 0 0 43
1 0 0 44
1 0 0 44
1 0 0 44
1 0 0 44
1 0 0 44
1 0 0 44
1 0 0 44
1 0 0 44
1 0 0 45
1 0 0 43
1 0 0 43
1 0 0 43
1 0 0 43
1 0 0 43
1 0 0 44
1 0 0 45
1 0 0 43
1 0 0 45
1 0 0 45
1 0 0 43
1 0 0 45
1 0 0 45
1 0 0 45
1 0 0 45
1 0 0 45
1 0 0 45
1 0 0 44
1 0 0 30
1 0 0 37
1 0 0 37
1 0 0 37
1 0 0 46
1 0 0 46
1 0 0 46
1 0 0 46
1 0 0 46
1 0 0 46
1 0 0 46
1 0 0 46
1 0 0 46
1 0 0 46
1 0 0 37
1 0 0 37
1 0 0 37
1 0 0 47
1 0 0 47
1 0 0 47
1 0 0 47
1 0 0 47
1 0 0 47
1 0 0 48
1 0 0 48
1 0 0 48
1 0 0 48
1 0 0 48
1 0 0 48
1 0 0 48
1 0 0 48
1 0 0 48
1 0 0 48
1 0 0 37
1 0 0 49
1 0 0 49
1 0 0 49
1 0 0 30
1 0 0 30
1 0 0 30
1 0 0 50
1 0 0 50
1 0 0 50
1 0 0 50
1 0 0 50
1 0 0 50
1 0 0 50
1 0 0 50
1 0 0 50
1 0 0 50
1 0 0 34
1 0 0 34
1 0 0 51
1 0 0 51
1 0 0 52
1 0 0 52
1 0 0 52
1 0 0 52
1 0 0 52
1 0 0 52
1 0 0 52
1 0 0 52
1 0 0 52
1 0 0 52
1 0 0 53
1 0 0 53
1 0 0 53
1 0 0 53
1 0 0 53
1 0 0 53
1 0 0 53
1 0 0 53
1 0 0 53
1 0 0 53
1 0 0 51
1 0 0 51
1 0 0 51
1 0 0 51
1 0 0 51
1 0 0 51
1 0 0 51
1 0 0 34
1 0 0 34
1 0 0 34
1 0 0 49
1 0 0 49
1 0 0 34
1 0 0 34
1 0 0 34
1 0 0 34
1 0 0 36
1 0 0 36
1 0 0 36
1 0 0 36
1 0 0 49
1 0 0 49
1 0 0 49
1 0 0 49
1 0 0 49
1 0 0 36
1 0 0 36
1 0 0 36
1 0 0 36
1 0 0 36
1 0 0 31
1 0 0 31
1 0 0 32
1 0 0 32
1 0 0 32
1 0 0 47
1 0 0 47
1 0 0 47
1 0 0 47
1 0 0 51
1 0 0 54
1 0 0 54
1 0 0 54
1 0 0 54
1 0 0 54
1 0 0 54
1 0 0 54
1 0 0 54
1 0 0 54
1 0 0 54
1 0 0 55
1 0 0 55
1 0 0 55
1 0 0 55
1 0 0 55
1 0 0 55
1 0 0 55
1 0 0 55
1 0 0 55
1 0 0 55
1 0 0 56
1 0 0 56
1 0 0 56
1 0 0 56
1 0 0 56
1 0 0 56
1 0 0 56
1 0 0 56
1 0 0 56
1 0 0 56
1 0 0 57
1 0 0 57
1 0 0 31
1 0 0 31
1 0 0 31
1 0 0 31
1 0 0 31
1 0 0 31
1 0 0 57
1 0 0 57
1 0 0 58
1 0 0 58
1 0 0 58
1 0 0 58
1 0 0 58
1 0 0 59
1 0 0 59
1 0 0 59
1 0 0 59
1 0 0 59
1 0 0 59
1 0 0 59
1 0 0 59
1 0 0 59
1 0 0 59
1 0 0 60
1 0 0 60
1 0 0 60
1 0 0 60
1 0 0 60
1 0 0 60
1 0 0 60
1 0 0 60
1 0 0 60
1 0 0 60
1 0 0 61
1 0 0 61
1 0 0 61
1 0 0 61
1 0 0 61
1 0 0 61
1 0 0 61
1 0 0 61
1 0 0 61
1 0 0 61
1 0 0 58
1 0 0 58
1 0 0 62
1 0 0 62
1 0 0 63
1 0 0 63
1 0 0 63
1 0 0 63
1 0 0 63
1 0 0 63
1 0 0 63
1 0 0 63
1 0 0 63
1 0 0 63
1 0 0 62
1 0 0 62
1 0 0 64
1 0 0 64
1 0 0 64
1 0 0 64
1 0 0 64
1 0 0 64
1 0 0 64
1 0 0 64
1 0 0 64
1 0 0 64
1 0 0 65
1 0 0 65
1 0 0 65
1 0 0 65
1 0 0 65
1 0 0 65
1 0 0 65
1 0 0 65
1 0 0 65
1 0 0 65
1 0 0 62
1 0 0 62
1 0 0 66
1 0 0 66
1 0 0 66
1 0 0 66
1 0 0 66
1 0 0 66
1 0 0 66
1 0 0 66
1 0 0 66
1 0 0 66
1 0 0 67
1 0 0 67
1 0 0 67
1 0 0 67
1 0 0 67
1 0 0 67
1 0 0 67
1 0 0 67
1 0 0 67
1 0 0 67
1 0 0 62
1 0 0 62
1 0 0 62
1 0 0 62
1 0 0 68
1 0 0 68
1 0 0 68
1 0 0 68
1 0 0 68
1 0 0 68
1 0 0 68
1 0 0 68
1 0 0 68
1 0 0 68
1 0 0 58
1 0 0 58
1 0 0 69
1 0 0 69
1 0 0 69
1 0 0 69
1 0 0 69
1 0 0 69
1 0 0 69
1 0 0 69
1 0 0 69
1 0 0 69
1 0 0 58
1 0 0 57
1 0 0 57
1 0 0 57
1 0 0 57
1 0 0 57
1 0 0 57
0.1 1 2 -1
0.1 3 4 -1
0.1 691 692 -1
0.1 693 5 -1
0.1 7 8 -1
0.1 695 9 -1
0.1 696 10 -1
0.1 6 697 -1
0.1 694 698 -1
0.1 12 13 -1
0.1 700 14 -1
0.1 15 16 -1
0.1 19 20 -1
0.1 703 21 -1
0.1 704 22 -1
0.1 18 705 -1
0.1 23 24 -1
0.1 707 25 -1
0.1 708 26 -1
0.1 706 709 -1
0.1 17 710 -1
0.1 29 30 -1
0.1 712 31 -1
0.1 32 33 -1
0.1 713 714 -1
0.1 28 715 -1
0.1 36 37 -1
0.1 35 717 -1
0.1 34 718 -1
0.1 716 719 -1
0.1 27 720 -1
0.1 711 721 -1
0.1 40 41 -1
0.1 39 723 -1
0.1 38 724 -1
0.1 722 725 -1
0.1 702 726 -1
0.1 701 727 -1
0.1 11 728 -1
0.1 42 43 -1
0.1 729 730 -1
0.1 699 731 -1
0.1 45 46 -1
0.1 44 733 -1
0.1 49 50 -1
0.1 48 735 -1
0.1 52 53 -1
0.1 51 737 -1
0.1 736 738 -1
0.1 47 739 -1
0.1 734 740 -1
0.1 54 55 -1
0.1 742 56 -1
0.1 743 57 -1
0.1 744 58 -1
0.1 60 61 -1
0.1 746 62 -1
0.1 59 747 -1
0.1 745 748 -1
0.1 749 63 -1
0.1 750 64 -1
0.1 741 751 -1
0.1 68 69 -1
0.1 67 753 -1
0.1 71 72 -1
0.1 70 755 -1
0.1 754 756 -1
0.1 73 74 -1
0.1 757 758 -1
0.1 75 76 -1
0.1 759 760 -1
0.1 66 761 -1
0.1 80 81 -1
0.1 79 763 -1
0.1 78 764 -1
0.1 77 765 -1
0.1 762 766 -1
0.1 82 83 -1
0.1 84 85 -1
0.1 768 769 -1
0.1 767 770 -1
0.1 87 88 -1
0.1 86 772 -1
0.1 773 89 -1
0.1 774 90 -1
0.1 775 91 -1
0.1 93 94 -1
0.1 92 777 -1
0.1 778 95 -1
0.1 776 779 -1
0.1 96 97 -1
0.1 780 781 -1
0.1 782 98 -1
0.1 771 783 -1
0.1 101 102 -1
0.1 100 785 -1
0.1 99 786 -1
0.1 103 104 -1
0.1 788 105 -1
0.1 106 107 -1
0.1 789 790 -1
0.1 787 791 -1
0.1 792 108 -1
0.1 109 110 -1
0.1 793 794 -1
0.1 112 113 -1
0.1 796 114 -1
0.1 797 115 -1
0.1 117 118 -1
0.1 116 799 -1
0.1 119 120 -1
0.1 800 801 -1
0.1 802 121 -1
0.1 798 803 -1
0.1 123 124 -1
0.1 805 125 -1
0.1 126 127 -1
0.1 130 131 -1
0.1 129 808 -1
0.1 128 809 -1
0.1 807 810 -1
0.1 806 811 -1
0.1 122 812 -1
0.1 804 813 -1
0.1 111 814 -1
0.1 133 134 -1
0.1 132 816 -1
0.1 815 817 -1
0.1 795 818 -1
0.1 784 819 -1
0.1 65 820 -1
0.1 135 136 -1
0.1 137 138 -1
0.1 822 823 -1
0.1 824 139 -1
0.1 140 141 -1
0.1 142 143 -1
0.1 826 827 -1
0.1 828 144 -1
0.1 825 829 -1
0.1 821 830 -1
0.1 752 831 -1
0.1 732 832 -1
0.1 146 147 -1
0.1 148 149 -1
0.1 152 153 -1
0.1 151 836 -1
0.1 837 154 -1
0.1 150 838 -1
0.1 835 839 -1
0.1 155 156 -1
0.1 841 157 -1
0.1 840 842 -1
0.1 158 159 -1
0.1 844 160 -1
0.1 843 845 -1
0.1 161 162 -1
0.1 846 847 -1
0.1 165 166 -1
0.1 168 169 -1
0.1 167 850 -1
0.1 851 170 -1
0.1 849 852 -1
0.1 853 171 -1
0.1 173 174 -1
0.1 172 855 -1
0.1 854 856 -1
0.1 178 179 -1
0.1 177 858 -1
0.1 859 180 -1
0.1 181 182 -1
0.1 184 185 -1
0.1 183 862 -1
0.1 861 863 -1
0.1 860 864 -1
0.1 176 865 -1
0.1 186 187 -1
0.1 866 867 -1
0.1 175 868 -1
0.1 857 869 -1
0.1 164 870 -1
0.1 163 871 -1
0.1 848 872 -1
0.1 834 873 -1
0.1 192 193 -1
0.1 191 875 -1
0.1 190 876 -1
0.1 189 877 -1
0.1 195 196 -1
0.1 194 879 -1
0.1 878 880 -1
0.1 188 881 -1
0.1 874 882 -1
0.1 145 883 -1
0.1 199 200 -1
0.1 201 202 -1
0.1 203 204 -1
0.1 205 206 -1
0.1 888 207 -1
0.1 887 889 -1
0.1 886 890 -1
0.1 885 891 -1
0.1 892 208 -1
0.1 198 893 -1
0.1 209 210 -1
0.1 894 895 -1
0.1 211 212 -1
0.1 896 897 -1
0.1 197 898 -1
0.1 213 214 -1
0.1 215 216 -1
0.1 900 901 -1
0.1 899 902 -1
0.1 884 903 -1
0.1 217 218 -1
0.1 905 219 -1
0.1 906 220 -1
0.1 907 221 -1
0.1 222 223 -1
0.1 225 226 -1
0.1 224 910 -1
0.1 909 911 -1
0.1 908 912 -1
0.1 913 227 -1
0.1 914 228 -1
0.1 915 229 -1
0.1 904 916 -1
0.1 833 917 -1
0.1 231 232 -1
0.1 230 919 -1
0.1 235 236 -1
0.1 234 921 -1
0.1 238 239 -1
0.1 237 923 -1
0.1 922 924 -1
0.1 233 925 -1
0.1 241 242 -1
0.1 243 244 -1
0.1 245 246 -1
0.1 928 929 -1
0.1 927 930 -1
0.1 247 248 -1
0.1 931 932 -1
0.1 933 249 -1
0.1 240 934 -1
0.1 250 251 -1
0.1 936 252 -1
0.1 937 253 -1
0.1 254 255 -1
0.1 938 939 -1
0.1 940 256 -1
0.1 257 258 -1
0.1 942 259 -1
0.1 941 943 -1
0.1 935 944 -1
0.1 926 945 -1
0.1 920 946 -1
0.1 261 262 -1
0.1 948 263 -1
0.1 265 266 -1
0.1 264 950 -1
0.1 949 951 -1
0.1 952 267 -1
0.1 269 270 -1
0.1 268 954 -1
0.1 953 955 -1
0.1 260 956 -1
0.1 272 273 -1
0.1 274 275 -1
0.1 958 959 -1
0.1 271 960 -1
0.1 276 277 -1
0.1 278 279 -1
0.1 962 963 -1
0.1 964 280 -1
0.1 961 965 -1
0.1 957 966 -1
0.1 947 967 -1
0.1 918 968 -1
0.1 281 282 -1
0.1 970 283 -1
0.1 284 285 -1
0.1 286 287 -1
0.1 972 973 -1
0.1 288 289 -1
0.1 974 975 -1
0.1 971 976 -1
0.1 290 291 -1
0.1 977 978 -1
0.1 969 979 -1
0.1 294 295 -1
0.1 293 981 -1
0.1 292 982 -1
0.1 296 297 -1
0.1 984 298 -1
0.1 983 985 -1
0.1 299 300 -1
0.1 302 303 -1
0.1 301 988 -1
0.1 987 989 -1
0.1 304 305 -1
0.1 306 307 -1
0.1 991 992 -1
0.1 993 308 -1
0.1 310 311 -1
0.1 309 995 -1
0.1 994 996 -1
0.1 312 313 -1
0.1 997 998 -1
0.1 999 314 -1
0.1 990 1000 -1
0.1 315 316 -1
0.1 319 320 -1
0.1 318 1003 -1
0.1 317 1004 -1
0.1 321 322 -1
0.1 1005 1006 -1
0.1 1007 323 -1
0.1 324 325 -1
0.1 1009 326 -1
0.1 1008 1010 -1
0.1 1002 1011 -1
0.1 332 333 -1
0.1 334 335 -1
0.1 1013 1014 -1
0.1 1015 336 -1
0.1 339 340 -1
0.1 338 1017 -1
0.1 337 1018 -1
0.1 1019 341 -1
0.1 1016 1020 -1
0.1 331 1021 -1
0.1 330 1022 -1
0.1 342 343 -1
0.1 344 345 -1
0.1 1024 1025 -1
0.1 1023 1026 -1
0.1 347 348 -1
0.1 346 1028 -1
0.1 1027 1029 -1
0.1 329 1030 -1
0.1 328 1031 -1
0.1 353 354 -1
0.1 357 358 -1
0.1 356 1034 -1
0.1 355 1035 -1
0.1 1033 1036 -1
0.1 352 1037 -1
0.1 351 1038 -1
0.1 1039 359 -1
0.1 350 1040 -1
0.1 360 361 -1
0.1 362 363 -1
0.1 364 365 -1
0.1 366 367 -1
0.1 368 369 -1
0.1 1045 1046 -1
0.1 1044 1047 -1
0.1 1043 1048 -1
0.1 1042 1049 -1
0.1 1041 1050 -1
0.1 349 1051 -1
0.1 1032 1052 -1
0.1 327 1053 -1
0.1 371 372 -1
0.1 374 375 -1
0.1 373 1056 -1
0.1 1055 1057 -1
0.1 378 379 -1
0.1 377 1059 -1
0.1 1060 380 -1
0.1 376 1061 -1
0.1 1058 1062 -1
0.1 382 383 -1
0.1 381 1064 -1
0.1 385 386 -1
0.1 389 390 -1
0.1 1067 391 -1
0.1 388 1068 -1
0.1 387 1069 -1
0.1 1066 1070 -1
0.1 384 1071 -1
0.1 1065 1072 -1
0.1 393 394 -1
0.1 396 397 -1
0.1 395 1075 -1
0.1 1074 1076 -1
0.1 392 1077 -1
0.1 398 399 -1
0.1 401 402 -1
0.1 400 1080 -1
0.1 1079 1081 -1
0.1 1082 403 -1
0.1 405 406 -1
0.1 404 1084 -1
0.1 407 408 -1
0.1 1086 409 -1
0.1 1085 1087 -1
0.1 1083 1088 -1
0.1 1078 1089 -1
0.1 1073 1090 -1
0.1 1063 1091 -1
0.1 370 1092 -1
0.1 1093 410 -1
0.1 417 418 -1
0.1 419 420 -1
0.1 1095 1096 -1
0.1 416 1097 -1
0.1 415 1098 -1
0.1 423 424 -1
0.1 422 1100 -1
0.1 421 1101 -1
0.1 1099 1102 -1
0.1 414 1103 -1
0.1 413 1104 -1
0.1 412 1105 -1
0.1 426 427 -1
0.1 425 1107 -1
0.1 1106 1108 -1
0.1 411 1109 -1
0.1 428 429 -1
0.1 432 433 -1
0.1 431 1112 -1
0.1 430 1113 -1
0.1 1111 1114 -1
0.1 1110 1115 -1
0.1 1094 1116 -1
0.1 1054 1117 -1
0.1 1012 1118 -1
0.1 1001 1119 -1
0.1 986 1120 -1
0.1 436 437 -1
0.1 438 439 -1
0.1 1122 1123 -1
0.1 435 1124 -1
0.1 440 441 -1
0.1 1126 442 -1
0.1 1127 443 -1
0.1 1125 1128 -1
0.1 434 1129 -1
0.1 1130 444 -1
0.1 445 446 -1
0.1 1132 447 -1
0.1 1131 1133 -1
0.1 449 450 -1
0.1 448 1135 -1
0.1 453 454 -1
0.1 452 1137 -1
0.1 456 457 -1
0.1 1139 458 -1
0.1 455 1140 -1
0.1 459 460 -1
0.1 1141 1142 -1
0.1 1138 1143 -1
0.1 451 1144 -1
0.1 1136 1145 -1
0.1 1134 1146 -1
0.1 1121 1147 -1
0.1 461 462 -1
0.1 466 467 -1
0.1 465 1150 -1
0.1 469 470 -1
0.1 471 472 -1
0.1 1152 1153 -1
0.1 1154 473 -1
0.1 468 1155 -1
0.1 1151 1156 -1
0.1 1157 474 -1
0.1 476 477 -1
0.1 475 1159 -1
0.1 478 479 -1
0.1 1160 1161 -1
0.1 483 484 -1
0.1 482 1163 -1
0.1 481 1164 -1
0.1 480 1165 -1
0.1 1162 1166 -1
0.1 1158 1167 -1
0.1 464 1168 -1
0.1 463 1169 -1
0.1 485 486 -1
0.1 1170 1171 -1
0.1 487 488 -1
0.1 489 490 -1
0.1 1174 491 -1
0.1 1173 1175 -1
0.1 1172 1176 -1
0.1 493 494 -1
0.1 492 1178 -1
0.1 495 496 -1
0.1 499 500 -1
0.1 498 1181 -1
0.1 497 1182 -1
0.1 1180 1183 -1
0.1 501 502 -1
0.1 1185 503 -1
0.1 1186 504 -1
0.1 1184 1187 -1
0.1 1179 1188 -1
0.1 505 506 -1
0.1 507 508 -1
0.1 1191 509 -1
0.1 1190 1192 -1
0.1 511 512 -1
0.1 510 1194 -1
0.1 513 514 -1
0.1 1195 1196 -1
0.1 515 516 -1
0.1 518 519 -1
0.1 517 1199 -1
0.1 521 522 -1
0.1 520 1201 -1
0.1 1200 1202 -1
0.1 1198 1203 -1
0.1 1197 1204 -1
0.1 525 526 -1
0.1 528 529 -1
0.1 1207 530 -1
0.1 527 1208 -1
0.1 531 532 -1
0.1 533 534 -1
0.1 1210 1211 -1
0.1 1209 1212 -1
0.1 1206 1213 -1
0.1 524 1214 -1
0.1 537 538 -1
0.1 1216 539 -1
0.1 536 1217 -1
0.1 541 542 -1
0.1 1219 543 -1
0.1 540 1220 -1
0.1 1218 1221 -1
0.1 535 1222 -1
0.1 1223 544 -1
0.1 545 546 -1
0.1 547 548 -1
0.1 549 550 -1
0.1 551 552 -1
0.1 1227 1228 -1
0.1 1226 1229 -1
0.1 1225 1230 -1
0.1 553 554 -1
0.1 1231 1232 -1
0.1 1224 1233 -1
0.1 1215 1234 -1
0.1 523 1235 -1
0.1 1205 1236 -1
0.1 1193 1237 -1
0.1 1189 1238 -1
0.1 1177 1239 -1
0.1 557 558 -1
0.1 559 560 -1
0.1 1241 1242 -1
0.1 561 562 -1
0.1 1243 1244 -1
0.1 1245 563 -1
0.1 565 566 -1
0.1 568 569 -1
0.1 567 1248 -1
0.1 570 571 -1
0.1 572 573 -1
0.1 1250 1251 -1
0.1 574 575 -1
0.1 1253 576 -1
0.1 1254 577 -1
0.1 1252 1255 -1
0.1 1256 578 -1
0.1 1257 579 -1
0.1 581 582 -1
0.1 1259 583 -1
0.1 580 1260 -1
0.1 584 585 -1
0.1 1262 586 -1
0.1 588 589 -1
0.1 587 1264 -1
0.1 1263 1265 -1
0.1 1261 1266 -1
0.1 592 593 -1
0.1 591 1268 -1
0.1 590 1269 -1
0.1 595 596 -1
0.1 1271 597 -1
0.1 594 1272 -1
0.1 598 599 -1
0.1 1273 1274 -1
0.1 1270 1275 -1
0.1 1267 1276 -1
0.1 1258 1277 -1
0.1 602 603 -1
0.1 604 605 -1
0.1 606 607 -1
0.1 1281 608 -1
0.1 609 610 -1
0.1 1282 1283 -1
0.1 1284 611 -1
0.1 612 613 -1
0.1 1285 1286 -1
0.1 1280 1287 -1
0.1 614 615 -1
0.1 1288 1289 -1
0.1 618 619 -1
0.1 620 621 -1
0.1 1291 1292 -1
0.1 617 1293 -1
0.1 622 623 -1
0.1 1295 624 -1
0.1 1296 625 -1
0.1 1294 1297 -1
0.1 616 1298 -1
0.1 626 627 -1
0.1 629 630 -1
0.1 628 1301 -1
0.1 632 633 -1
0.1 634 635 -1
0.1 1303 1304 -1
0.1 631 1305 -1
0.1 1302 1306 -1
0.1 1300 1307 -1
0.1 1308 636 -1
0.1 1309 637 -1
0.1 1299 1310 -1
0.1 638 639 -1
0.1 1312 640 -1
0.1 642 643 -1
0.1 641 1314 -1
0.1 645 646 -1
0.1 644 1316 -1
0.1 1317 647 -1
0.1 1315 1318 -1
0.1 1313 1319 -1
0.1 1311 1320 -1
0.1 1290 1321 -1
0.1 651 652 -1
0.1 650 1323 -1
0.1 649 1324 -1
0.1 653 654 -1
0.1 1325 1326 -1
0.1 656 657 -1
0.1 655 1328 -1
0.1 1327 1329 -1
0.1 648 1330 -1
0.1 660 661 -1
0.1 659 1332 -1
0.1 658 1333 -1
0.1 662 663 -1
0.1 665 666 -1
0.1 667 668 -1
0.1 1336 1337 -1
0.1 1338 669 -1
0.1 664 1339 -1
0.1 670 671 -1
0.1 1340 1341 -1
0.1 1335 1342 -1
0.1 1334 1343 -1
0.1 1331 1344 -1
0.1 1322 1345 -1
0.1 1279 1346 -1
0.1 601 1347 -1
0.1 600 1348 -1
0.1 1278 1349 -1
0.1 672 673 -1
0.1 676 677 -1
0.1 1352 678 -1
0.1 679 680 -1
0.1 681 682 -1
0.1 1355 683 -1
0.1 1354 1356 -1
0.1 1353 1357 -1
0.1 675 1358 -1
0.1 674 1359 -1
0.1 1360 684 -1
0.1 1351 1361 -1
0.1 1350 1362 -1
0.1 1249 1363 -1
0.1 1247 1364 -1
0.1 1365 685 -1
0.1 564 1366 -1
0.1 686 687 -1
0.1 1368 688 -1
0.1 1367 1369 -1
0.1 1246 1370 -1
0.1 689 690 -1
0.1 1371 1372 -1
0.1 556 1373 -1
0.1 555 1374 -1
0.1 1240 1375 -1
0.1 1149 1376 -1
0.1 1148 1377 -1
0.1 980 1378 -1
