1 0 0 1
1 0 0 2
1 0 0 2
1 0 0 2
1 0 0 2
1 0 0 2
1 0 0 2
1 0 0 2
1 0 0 2
1 0 0 2
1 0 0 2
1 0 0 3
1 0 0 3
1 0 0 3
1 0 0 3
1 0 0 3
1 0 0 3
1 0 0 3
1 0 0 3
1 0 0 3
1 0 0 3
1 0 0 4
1 0 0 4
1 0 0 4
1 0 0 4
1 0 0 4
1 0 0 4
1 0 0 4
1 0 0 4
1 0 0 4
1 0 0 4
1 0 0 1
1 0 0 5
1 0 0 5
1 0 0 5
1 0 0 5
1 0 0 5
1 0 0 5
1 0 0 5
1 0 0 5
1 0 0 5
1 0 0 5
1 0 0 1
1 0 0 1
1 0 0 1
1 0 0 1
1 0 0 6
1 0 0 6
1 0 0 6
1 0 0 6
1 0 0 6
1 0 0 6
1 0 0 6
1 0 0 6
1 0 0 6
1 0 0 6
1 0 0 1
1 0 0 1
1 0 0 1
1 0 0 1
1 0 0 7
1 0 0 7
1 0 0 7
1 0 0 7
1 0 0 7
1 0 0 7
1 0 0 7
1 0 0 7
1 0 0 7
1 0 0 7
1 0 0 8
1 0 0 9
1 0 0 9
1 0 0 9
1 0 0 9
1 0 0 9
1 0 0 9
1 0 0 9
1 0 0 9
1 0 0 9
1 0 0 9
1 0 0 10
1 0 0 10
1 0 0 10
1 0 0 10
1 0 0 10
1 0 0 10
1 0 0 10
1 0 0 10
1 0 0 10
1 0 0 10
1 0 0 11
1 0 0 11
1 0 0 11
1 0 0 11
1 0 0 11
1 0 0 11
1 0 0 11
1 0 0 11
1 0 0 11
1 0 0 11
1 0 0 8
1 0 0 8
1 0 0 12
1 0 0 12
1 0 0 12
1 0 0 12
1 0 0 12
1 0 0 12
1 0 0 12
1 0 0 12
1 0 0 12
1 0 0 12
1 0 0 8
1 0 0 8
1 0 0 8
1 0 0 8
1 0 0 13
1 0 0 13
1 0 0 13
1 0 0 14
1 0 0 14
1 0 0 14
1 0 0 14
1 0 0 14
1 0 0 14
1 0 0 14
1 0 0 14
1 0 0 14
1 0 0 14
1 0 0 15
1 0 0 16
1 0 0 16
1 0 0 16
1 0 0 16
1 0 0 16
1 0 0 16
1 0 0 16
1 0 0 16
1 0 0 16
1 0 0 16
1 0 0 17
1 0 0 17
1 0 0 17
1 0 0 17
1 0 0 17
1 0 0 17
1 0 0 17
1 0 0 17
1 0 0 17
1 0 0 17
1 0 0 15
1 0 0 18
1 0 0 18
1 0 0 18
1 0 0 18
1 0 0 18
1 0 0 18
1 0 0 18
1 0 0 18
1 0 0 18
1 0 0 18
1 0 0 15
1 0 0 15
1 0 0 15
1 0 0 15
1 0 0 15
1 0 0 19
1 0 0 19
1 0 0 19
1 0 0 19
1 0 0 19
1 0 0 19
1 0 0 19
1 0 0 19
1 0 0 19
1 0 0 19
1 0 0 20
1 0 0 20
1 0 0 20
1 0 0 20
1 0 0 20
1 0 0 20
1 0 0 20
1 0 0 20
1 0 0 20
1 0 0 20
1 0 0 15
1 0 0 21
1 0 0 21
1 0 0 21
1 0 0 21
1 0 0 21
1 0 0 21
1 0 0 21
1 0 0 21
1 0 0 21
1 0 0 21
1 0 0 15
1 0 0 15
1 0 0 22
1 0 0 22
1 0 0 22
1 0 0 22
1 0 0 22
1 0 0 22
1 0 0 22
1 0 0 22
1 0 0 22
1 0 0 22
1 0 0 23
1 0 0 23
1 0 0 23
1 0 0 23
1 0 0 23
1 0 0 23
1 0 0 23
1 0 0 23
1 0 0 23
1 0 0 23
1 0 0 24
1 0 0 25
1 0 0 25
1 0 0 25
1 0 0 25
1 0 0 25
1 0 0 25
1 0 0 25
1 0 0 25
1 0 0 25
1 0 0 25
1 0 0 24
1 0 0 24
1 0 0 24
1 0 0 26
1 0 0 26
1 0 0 26
1 0 0 26
1 0 0 26
1 0 0 26
1 0 0 26
1 0 0 26
1 0 0 26
1 0 0 26
1 0 0 27
1 0 0 27
1 0 0 27
1 0 0 27
1 0 0 27
1 0 0 27
1 0 0 27
1 0 0 27
1 0 0 27
1 0 0 27
1 0 0 28
1 0 0 28
1 0 0 28
1 0 0 28
1 0 0 28
1 0 0 28
1 0 0 28
1 0 0 28
1 0 0 28
1 0 0 28
1 0 0 24
1 0 0 29
1 0 0 29
1 0 0 29
1 0 0 29
1 0 0 29
1 0 0 29
1 0 0 29
1 0 0 29
1 0 0 29
1 0 0 29
1 0 0 24
1 0 0 24
1 0 0 30
1 0 0 30
1 0 0 30
1 0 0 30
1 0 0 30
1 0 0 30
1 0 0 30
1 0 0 30
1 0 0 30
1 0 0 30
1 0 0 31
1 0 0 31
1 0 0 31
1 0 0 31
1 0 0 31
1 0 0 31
1 0 0 31
1 0 0 31
1 0 0 31
1 0 0 31
1 0 0 24
1 0 0 32
1 0 0 32
1 0 0 32
1 0 0 32
1 0 0 32
1 0 0 32
1 0 0 32
1 0 0 32
1 0 0 32
1 0 0 32
1 0 0 33
1 0 0 33
1 0 0 33
1 0 0 33
1 0 0 33
1 0 0 33
1 0 0 33
1 0 0 33
1 0 0 33
1 0 0 33
1 0 0 34
1 0 0 34
1 0 0 34
1 0 0 34
1 0 0 34
1 0 0 34
1 0 0 34
1 0 0 34
1 0 0 34
1 0 0 34
1 0 0 35
1 0 0 36
1 0 0 36
1 0 0 36
1 0 0 36
1 0 0 36
1 0 0 36
1 0 0 37
1 0 0 37
1 0 0 37
1 0 0 37
1 0 0 37
1 0 0 37
1 0 0 37
1 0 0 37
1 0 0 37
1 0 0 37
1 0 0 36
1 0 0 36
1 0 0 36
1 0 0 36
1 0 0 24
1 0 0 38
1 0 0 38
1 0 0 38
1 0 0 38
1 0 0 38
1 0 0 38
1 0 0 38
1 0 0 38
1 0 0 38
1 0 0 38
1 0 0 39
1 0 0 39
1 0 0 40
1 0 0 40
1 0 0 40
1 0 0 40
1 0 0 40
1 0 0 40
1 0 0 40
1 0 0 40
1 0 0 40
1 0 0 40
1 0 0 41
1 0 0 41
1 0 0 41
1 0 0 41
1 0 0 41
1 0 0 41
1 0 0 41
1 0 0 41
1 0 0 41
1 0 0 41
1 0 0 39
1 0 0 39
1 0 0 39
1 0 0 39
1 0 0 39
1 0 0 42
1 0 0 42
1 0 0 42
1 0 0 42
1 0 0 42
1 0 0 42
1 0 0 42
1 0 0 42
1 0 0 42
1 0 0 42
1 0 0 39
1 0 0 39
1 0 0 39
1 0 0 24
1 0 0 43
1 0 0 43
1 0 0 35
1 0 0 35
1 0 0 35
1 0 0 35
1 0 0 35
1 0 0 35
1 0 0 44
1 0 0 44
1 0 0 44
1 0 0 44
1 0 0 45
1 0 0 45
1 0 0 45
1 0 0 13
1 0 0 13
1 0 0 8
1 0 0 8
1 0 0 8
1 0 0 43
1 0 0 43
1 0 0 46
1 0 0 46
1 0 0 46
1 0 0 46
1 0 0 46
1 0 0 44
1 0 0 44
1 0 0 44
1 0 0 44
1 0 0 44
1 0 0 43
1 0 0 43
1 0 0 47
1 0 0 47
1 0 0 47
1 0 0 47
1 0 0 47
1 0 0 47
1 0 0 48
1 0 0 48
1 0 0 48
1 0 0 48
1 0 0 48
1 0 0 48
1 0 0 48
1 0 0 48
1 0 0 48
1 0 0 48
1 0 0 49
1 0 0 49
1 0 0 50
1 0 0 50
1 0 0 50
1 0 0 50
1 0 0 50
1 0 0 50
1 0 0 50
1 0 0 50
1 0 0 50
1 0 0 50
1 0 0 45
1 0 0 51
1 0 0 51
1 0 0 51
1 0 0 51
1 0 0 51
1 0 0 51
1 0 0 51
1 0 0 51
1 0 0 51
1 0 0 51
1 0 0 52
1 0 0 13
1 0 0 13
1 0 0 13
1 0 0 13
1 0 0 13
1 0 0 49
1 0 0 49
1 0 0 49
1 0 0 49
1 0 0 49
1 0 0 53
1 0 0 53
1 0 0 53
1 0 0 53
1 0 0 53
1 0 0 53
1 0 0 53
1 0 0 53
1 0 0 53
1 0 0 53
1 0 0 54
1 0 0 54
1 0 0 54
1 0 0 54
1 0 0 54
1 0 0 54
1 0 0 54
1 0 0 54
1 0 0 54
1 0 0 54
1 0 0 46
1 0 0 55
1 0 0 55
1 0 0 55
1 0 0 55
1 0 0 55
1 0 0 55
1 0 0 55
1 0 0 55
1 0 0 55
1 0 0 55
1 0 0 46
1 0 0 46
1 0 0 56
1 0 0 56
1 0 0 56
1 0 0 56
1 0 0 56
1 0 0 56
1 0 0 56
1 0 0 56
1 0 0 56
1 0 0 56
1 0 0 57
1 0 0 57
1 0 0 57
1 0 0 57
1 0 0 57
1 0 0 57
1 0 0 57
1 0 0 57
1 0 0 57
1 0 0 57
1 0 0 46
1 0 0 46
1 0 0 52
1 0 0 52
1 0 0 52
1 0 0 58
1 0 0 58
1 0 0 58
1 0 0 58
1 0 0 58
1 0 0 58
1 0 0 58
1 0 0 58
1 0 0 59
1 0 0 59
1 0 0 59
1 0 0 59
1 0 0 59
1 0 0 59
1 0 0 59
1 0 0 59
1 0 0 59
1 0 0 59
1 0 0 35
1 0 0 35
1 0 0 35
1 0 0 49
1 0 0 49
1 0 0 49
1 0 0 58
1 0 0 58
1 0 0 60
1 0 0 60
1 0 0 52
1 0 0 52
1 0 0 52
1 0 0 52
1 0 0 52
1 0 0 52
1 0 0 47
1 0 0 47
1 0 0 47
1 0 0 47
1 0 0 61
1 0 0 61
1 0 0 61
1 0 0 61
1 0 0 61
1 0 0 61
1 0 0 61
1 0 0 61
1 0 0 61
1 0 0 61
1 0 0 62
1 0 0 62
1 0 0 62
1 0 0 62
1 0 0 62
1 0 0 62
1 0 0 62
1 0 0 62
1 0 0 62
1 0 0 62
1 0 0 45
1 0 0 63
1 0 0 63
1 0 0 63
1 0 0 63
1 0 0 63
1 0 0 63
1 0 0 63
1 0 0 63
1 0 0 64
1 0 0 64
1 0 0 64
1 0 0 64
1 0 0 64
1 0 0 64
1 0 0 64
1 0 0 64
1 0 0 64
1 0 0 64
1 0 0 63
1 0 0 63
1 0 0 45
1 0 0 45
1 0 0 45
1 0 0 65
1 0 0 65
1 0 0 65
1 0 0 65
1 0 0 65
1 0 0 65
1 0 0 65
1 0 0 65
1 0 0 65
1 0 0 65
1 0 0 45
1 0 0 44
1 0 0 45
1 0 0 66
1 0 0 66
1 0 0 66
1 0 0 66
1 0 0 66
1 0 0 66
1 0 0 66
1 0 0 66
1 0 0 66
1 0 0 66
1 0 0 67
1 0 0 67
1 0 0 67
1 0 0 67
1 0 0 67
1 0 0 67
1 0 0 67
1 0 0 67
1 0 0 67
1 0 0 67
1 0 0 68
1 0 0 68
1 0 0 68
1 0 0 68
1 0 0 68
1 0 0 68
1 0 0 68
1 0 0 68
1 0 0 68
1 0 0 68
1 0 0 69
1 0 0 69
1 0 0 69
1 0 0 69
1 0 0 69
1 0 0 69
1 0 0 69
1 0 0 69
1 0 0 69
1 0 0 69
1 0 0 60
1 0 0 60
1 0 0 60
1 0 0 60
1 0 0 60
1 0 0 60
1 0 0 60
1 0 0 60
1 0 0 43
1 0 0 43
1 0 0 43
1 0 0 43
0.1 3 4 -1
0.1 5 6 -1
0.1 691 692 -1
0.1 2 693 -1
0.1 9 10 -1
0.1 8 695 -1
0.1 7 696 -1
0.1 694 697 -1
0.1 698 11 -1
0.1 1 699 -1
0.1 12 13 -1
0.1 701 14 -1
0.1 17 18 -1
0.1 16 703 -1
0.1 15 704 -1
0.1 20 21 -1
0.1 19 706 -1
0.1 705 707 -1
0.1 702 708 -1
0.1 22 23 -1
0.1 25 26 -1
0.1 24 711 -1
0.1 27 28 -1
0.1 29 30 -1
0.1 713 714 -1
0.1 715 31 -1
0.1 712 716 -1
0.1 710 717 -1
0.1 709 718 -1
0.1 719 32 -1
0.1 700 720 -1
0.1 37 38 -1
0.1 36 722 -1
0.1 35 723 -1
0.1 724 39 -1
0.1 34 725 -1
0.1 41 42 -1
0.1 40 727 -1
0.1 726 728 -1
0.1 33 729 -1
0.1 44 45 -1
0.1 43 731 -1
0.1 730 732 -1
0.1 47 48 -1
0.1 51 52 -1
0.1 53 54 -1
0.1 735 736 -1
0.1 50 737 -1
0.1 738 55 -1
0.1 49 739 -1
0.1 740 56 -1
0.1 734 741 -1
0.1 46 742 -1
0.1 733 743 -1
0.1 57 58 -1
0.1 744 745 -1
0.1 59 60 -1
0.1 61 62 -1
0.1 63 64 -1
0.1 65 66 -1
0.1 749 750 -1
0.1 69 70 -1
0.1 68 752 -1
0.1 67 753 -1
0.1 751 754 -1
0.1 748 755 -1
0.1 747 756 -1
0.1 746 757 -1
0.1 721 758 -1
0.1 759 71 -1
0.1 72 73 -1
0.1 75 76 -1
0.1 74 762 -1
0.1 79 80 -1
0.1 78 764 -1
0.1 77 765 -1
0.1 763 766 -1
0.1 761 767 -1
0.1 768 81 -1
0.1 83 84 -1
0.1 770 85 -1
0.1 82 771 -1
0.1 87 88 -1
0.1 89 90 -1
0.1 773 774 -1
0.1 775 91 -1
0.1 86 776 -1
0.1 772 777 -1
0.1 93 94 -1
0.1 92 779 -1
0.1 780 95 -1
0.1 96 97 -1
0.1 781 782 -1
0.1 98 99 -1
0.1 784 100 -1
0.1 785 101 -1
0.1 783 786 -1
0.1 778 787 -1
0.1 769 788 -1
0.1 789 102 -1
0.1 760 790 -1
0.1 105 106 -1
0.1 108 109 -1
0.1 107 793 -1
0.1 792 794 -1
0.1 111 112 -1
0.1 110 796 -1
0.1 795 797 -1
0.1 798 113 -1
0.1 104 799 -1
0.1 103 800 -1
0.1 114 115 -1
0.1 801 802 -1
0.1 791 803 -1
0.1 116 117 -1
0.1 804 805 -1
0.1 119 120 -1
0.1 118 807 -1
0.1 122 123 -1
0.1 809 124 -1
0.1 121 810 -1
0.1 126 127 -1
0.1 128 129 -1
0.1 812 813 -1
0.1 125 814 -1
0.1 811 815 -1
0.1 816 130 -1
0.1 808 817 -1
0.1 132 133 -1
0.1 135 136 -1
0.1 134 820 -1
0.1 138 139 -1
0.1 137 822 -1
0.1 821 823 -1
0.1 819 824 -1
0.1 825 140 -1
0.1 826 141 -1
0.1 827 142 -1
0.1 145 146 -1
0.1 144 829 -1
0.1 143 830 -1
0.1 831 147 -1
0.1 828 832 -1
0.1 148 149 -1
0.1 833 834 -1
0.1 150 151 -1
0.1 835 836 -1
0.1 154 155 -1
0.1 838 156 -1
0.1 153 839 -1
0.1 160 161 -1
0.1 159 841 -1
0.1 158 842 -1
0.1 157 843 -1
0.1 844 162 -1
0.1 840 845 -1
0.1 163 164 -1
0.1 846 847 -1
0.1 152 848 -1
0.1 837 849 -1
0.1 165 166 -1
0.1 851 167 -1
0.1 170 171 -1
0.1 169 853 -1
0.1 168 854 -1
0.1 855 172 -1
0.1 856 173 -1
0.1 176 177 -1
0.1 175 858 -1
0.1 174 859 -1
0.1 857 860 -1
0.1 179 180 -1
0.1 178 862 -1
0.1 863 181 -1
0.1 182 183 -1
0.1 186 187 -1
0.1 185 866 -1
0.1 184 867 -1
0.1 865 868 -1
0.1 864 869 -1
0.1 861 870 -1
0.1 871 188 -1
0.1 852 872 -1
0.1 190 191 -1
0.1 874 192 -1
0.1 189 875 -1
0.1 194 195 -1
0.1 193 877 -1
0.1 197 198 -1
0.1 196 879 -1
0.1 878 880 -1
0.1 876 881 -1
0.1 199 200 -1
0.1 882 883 -1
0.1 873 884 -1
0.1 850 885 -1
0.1 131 886 -1
0.1 201 202 -1
0.1 203 204 -1
0.1 888 889 -1
0.1 205 206 -1
0.1 207 208 -1
0.1 892 209 -1
0.1 891 893 -1
0.1 894 210 -1
0.1 890 895 -1
0.1 887 896 -1
0.1 213 214 -1
0.1 212 898 -1
0.1 215 216 -1
0.1 899 900 -1
0.1 219 220 -1
0.1 218 902 -1
0.1 217 903 -1
0.1 901 904 -1
0.1 211 905 -1
0.1 906 221 -1
0.1 223 224 -1
0.1 225 226 -1
0.1 909 227 -1
0.1 908 910 -1
0.1 222 911 -1
0.1 912 228 -1
0.1 229 230 -1
0.1 914 231 -1
0.1 913 915 -1
0.1 907 916 -1
0.1 897 917 -1
0.1 232 233 -1
0.1 236 237 -1
0.1 235 920 -1
0.1 238 239 -1
0.1 921 922 -1
0.1 240 241 -1
0.1 243 244 -1
0.1 242 925 -1
0.1 924 926 -1
0.1 923 927 -1
0.1 245 246 -1
0.1 248 249 -1
0.1 247 930 -1
0.1 251 252 -1
0.1 932 253 -1
0.1 933 254 -1
0.1 250 934 -1
0.1 931 935 -1
0.1 929 936 -1
0.1 256 257 -1
0.1 259 260 -1
0.1 258 939 -1
0.1 938 940 -1
0.1 255 941 -1
0.1 263 264 -1
0.1 262 943 -1
0.1 261 944 -1
0.1 942 945 -1
0.1 937 946 -1
0.1 928 947 -1
0.1 234 948 -1
0.1 919 949 -1
0.1 918 950 -1
0.1 818 951 -1
0.1 266 267 -1
0.1 268 269 -1
0.1 954 270 -1
0.1 953 955 -1
0.1 274 275 -1
0.1 273 957 -1
0.1 272 958 -1
0.1 271 959 -1
0.1 956 960 -1
0.1 265 961 -1
0.1 276 277 -1
0.1 962 963 -1
0.1 278 279 -1
0.1 280 281 -1
0.1 965 966 -1
0.1 967 282 -1
0.1 284 285 -1
0.1 283 969 -1
0.1 286 287 -1
0.1 970 971 -1
0.1 968 972 -1
0.1 289 290 -1
0.1 288 974 -1
0.1 292 293 -1
0.1 291 976 -1
0.1 975 977 -1
0.1 978 294 -1
0.1 295 296 -1
0.1 979 980 -1
0.1 981 297 -1
0.1 982 298 -1
0.1 973 983 -1
0.1 299 300 -1
0.1 301 302 -1
0.1 986 303 -1
0.1 307 308 -1
0.1 306 988 -1
0.1 305 989 -1
0.1 304 990 -1
0.1 987 991 -1
0.1 311 312 -1
0.1 313 314 -1
0.1 993 994 -1
0.1 315 316 -1
0.1 995 996 -1
0.1 317 318 -1
0.1 997 998 -1
0.1 310 999 -1
0.1 309 1000 -1
0.1 320 321 -1
0.1 323 324 -1
0.1 1003 325 -1
0.1 322 1004 -1
0.1 1002 1005 -1
0.1 319 1006 -1
0.1 327 328 -1
0.1 326 1008 -1
0.1 1007 1009 -1
0.1 1001 1010 -1
0.1 992 1011 -1
0.1 985 1012 -1
0.1 984 1013 -1
0.1 330 331 -1
0.1 332 333 -1
0.1 1015 1016 -1
0.1 337 338 -1
0.1 339 340 -1
0.1 342 343 -1
0.1 341 1020 -1
0.1 1019 1021 -1
0.1 344 345 -1
0.1 1022 1023 -1
0.1 1018 1024 -1
0.1 336 1025 -1
0.1 335 1026 -1
0.1 1027 346 -1
0.1 334 1028 -1
0.1 347 348 -1
0.1 1029 1030 -1
0.1 1031 349 -1
0.1 1017 1032 -1
0.1 354 355 -1
0.1 1034 356 -1
0.1 353 1035 -1
0.1 352 1036 -1
0.1 358 359 -1
0.1 357 1038 -1
0.1 1037 1039 -1
0.1 1040 360 -1
0.1 351 1041 -1
0.1 364 365 -1
0.1 1043 366 -1
0.1 363 1044 -1
0.1 367 368 -1
0.1 370 371 -1
0.1 369 1047 -1
0.1 1048 372 -1
0.1 1046 1049 -1
0.1 1045 1050 -1
0.1 374 375 -1
0.1 376 377 -1
0.1 1052 1053 -1
0.1 373 1054 -1
0.1 1055 378 -1
0.1 381 382 -1
0.1 380 1057 -1
0.1 379 1058 -1
0.1 1056 1059 -1
0.1 383 384 -1
0.1 1061 385 -1
0.1 1060 1062 -1
0.1 1051 1063 -1
0.1 362 1064 -1
0.1 361 1065 -1
0.1 386 387 -1
0.1 389 390 -1
0.1 388 1068 -1
0.1 391 392 -1
0.1 1070 393 -1
0.1 1071 394 -1
0.1 1069 1072 -1
0.1 395 396 -1
0.1 1074 397 -1
0.1 1073 1075 -1
0.1 399 400 -1
0.1 398 1077 -1
0.1 1076 1078 -1
0.1 1067 1079 -1
0.1 1066 1080 -1
0.1 1081 401 -1
0.1 1042 1082 -1
0.1 350 1083 -1
0.1 1033 1084 -1
0.1 329 1085 -1
0.1 1014 1086 -1
0.1 964 1087 -1
0.1 952 1088 -1
0.1 806 1089 -1
0.1 402 403 -1
0.1 404 405 -1
0.1 406 407 -1
0.1 408 409 -1
0.1 1093 1094 -1
0.1 1092 1095 -1
0.1 411 412 -1
0.1 410 1097 -1
0.1 1098 413 -1
0.1 415 416 -1
0.1 414 1100 -1
0.1 1099 1101 -1
0.1 419 420 -1
0.1 1103 421 -1
0.1 418 1104 -1
0.1 417 1105 -1
0.1 1102 1106 -1
0.1 1096 1107 -1
0.1 1108 422 -1
0.1 1109 423 -1
0.1 424 425 -1
0.1 427 428 -1
0.1 426 1112 -1
0.1 1111 1113 -1
0.1 429 430 -1
0.1 431 432 -1
0.1 1116 433 -1
0.1 1115 1117 -1
0.1 1114 1118 -1
0.1 1119 434 -1
0.1 438 439 -1
0.1 437 1121 -1
0.1 436 1122 -1
0.1 440 441 -1
0.1 1123 1124 -1
0.1 443 444 -1
0.1 442 1126 -1
0.1 445 446 -1
0.1 448 449 -1
0.1 450 451 -1
0.1 1129 1130 -1
0.1 447 1131 -1
0.1 1128 1132 -1
0.1 1127 1133 -1
0.1 452 453 -1
0.1 1134 1135 -1
0.1 454 455 -1
0.1 1137 456 -1
0.1 458 459 -1
0.1 457 1139 -1
0.1 461 462 -1
0.1 460 1141 -1
0.1 1142 463 -1
0.1 1140 1143 -1
0.1 1138 1144 -1
0.1 465 466 -1
0.1 467 468 -1
0.1 1147 469 -1
0.1 1146 1148 -1
0.1 471 472 -1
0.1 1150 473 -1
0.1 470 1151 -1
0.1 1149 1152 -1
0.1 1153 474 -1
0.1 464 1154 -1
0.1 476 477 -1
0.1 479 480 -1
0.1 478 1157 -1
0.1 1156 1158 -1
0.1 481 482 -1
0.1 484 485 -1
0.1 483 1161 -1
0.1 1160 1162 -1
0.1 486 487 -1
0.1 1164 488 -1
0.1 489 490 -1
0.1 1165 1166 -1
0.1 1167 491 -1
0.1 492 493 -1
0.1 1168 1169 -1
0.1 494 495 -1
0.1 1170 1171 -1
0.1 499 500 -1
0.1 498 1173 -1
0.1 497 1174 -1
0.1 503 504 -1
0.1 502 1176 -1
0.1 501 1177 -1
0.1 1178 505 -1
0.1 1175 1179 -1
0.1 496 1180 -1
0.1 1172 1181 -1
0.1 507 508 -1
0.1 509 510 -1
0.1 1183 1184 -1
0.1 1185 511 -1
0.1 514 515 -1
0.1 513 1187 -1
0.1 512 1188 -1
0.1 1186 1189 -1
0.1 1190 516 -1
0.1 506 1191 -1
0.1 1182 1192 -1
0.1 520 521 -1
0.1 519 1194 -1
0.1 1195 522 -1
0.1 1196 523 -1
0.1 524 525 -1
0.1 527 528 -1
0.1 526 1199 -1
0.1 1198 1200 -1
0.1 1197 1201 -1
0.1 530 531 -1
0.1 1203 532 -1
0.1 533 534 -1
0.1 535 536 -1
0.1 1205 1206 -1
0.1 1207 537 -1
0.1 1208 538 -1
0.1 1204 1209 -1
0.1 529 1210 -1
0.1 1202 1211 -1
0.1 518 1212 -1
0.1 517 1213 -1
0.1 539 540 -1
0.1 1214 1215 -1
0.1 1193 1216 -1
0.1 1163 1217 -1
0.1 1159 1218 -1
0.1 475 1219 -1
0.1 542 543 -1
0.1 541 1221 -1
0.1 1220 1222 -1
0.1 1155 1223 -1
0.1 1145 1224 -1
0.1 1136 1225 -1
0.1 544 545 -1
0.1 1227 546 -1
0.1 548 549 -1
0.1 547 1229 -1
0.1 1230 550 -1
0.1 1228 1231 -1
0.1 1232 551 -1
0.1 554 555 -1
0.1 1234 556 -1
0.1 553 1235 -1
0.1 557 558 -1
0.1 1236 1237 -1
0.1 559 560 -1
0.1 1238 1239 -1
0.1 1240 561 -1
0.1 552 1241 -1
0.1 563 564 -1
0.1 562 1243 -1
0.1 1242 1244 -1
0.1 566 567 -1
0.1 565 1246 -1
0.1 568 569 -1
0.1 1247 1248 -1
0.1 1245 1249 -1
0.1 1233 1250 -1
0.1 1226 1251 -1
0.1 570 571 -1
0.1 572 573 -1
0.1 576 577 -1
0.1 575 1255 -1
0.1 574 1256 -1
0.1 1254 1257 -1
0.1 1253 1258 -1
0.1 580 581 -1
0.1 579 1260 -1
0.1 578 1261 -1
0.1 1259 1262 -1
0.1 582 583 -1
0.1 584 585 -1
0.1 586 587 -1
0.1 1265 1266 -1
0.1 588 589 -1
0.1 1267 1268 -1
0.1 1264 1269 -1
0.1 590 591 -1
0.1 1270 1271 -1
0.1 592 593 -1
0.1 594 595 -1
0.1 596 597 -1
0.1 1275 598 -1
0.1 1276 599 -1
0.1 1274 1277 -1
0.1 1273 1278 -1
0.1 1279 600 -1
0.1 1280 601 -1
0.1 1272 1281 -1
0.1 1282 602 -1
0.1 604 605 -1
0.1 1284 606 -1
0.1 607 608 -1
0.1 609 610 -1
0.1 1286 1287 -1
0.1 1285 1288 -1
0.1 614 615 -1
0.1 613 1290 -1
0.1 612 1291 -1
0.1 611 1292 -1
0.1 616 617 -1
0.1 618 619 -1
0.1 1294 1295 -1
0.1 1293 1296 -1
0.1 1297 620 -1
0.1 621 622 -1
0.1 1298 1299 -1
0.1 1289 1300 -1
0.1 603 1301 -1
0.1 1302 623 -1
0.1 1283 1303 -1
0.1 627 628 -1
0.1 629 630 -1
0.1 1305 1306 -1
0.1 1307 631 -1
0.1 626 1308 -1
0.1 632 633 -1
0.1 1310 634 -1
0.1 1311 635 -1
0.1 1309 1312 -1
0.1 625 1313 -1
0.1 1314 636 -1
0.1 624 1315 -1
0.1 1304 1316 -1
0.1 1263 1317 -1
0.1 639 640 -1
0.1 1319 641 -1
0.1 644 645 -1
0.1 643 1321 -1
0.1 647 648 -1
0.1 646 1323 -1
0.1 1322 1324 -1
0.1 642 1325 -1
0.1 1320 1326 -1
0.1 650 651 -1
0.1 1328 652 -1
0.1 649 1329 -1
0.1 654 655 -1
0.1 657 658 -1
0.1 656 1332 -1
0.1 1331 1333 -1
0.1 653 1334 -1
0.1 1330 1335 -1
0.1 1327 1336 -1
0.1 662 663 -1
0.1 1338 664 -1
0.1 661 1339 -1
0.1 665 666 -1
0.1 1340 1341 -1
0.1 660 1342 -1
0.1 667 668 -1
0.1 1343 1344 -1
0.1 659 1345 -1
0.1 669 670 -1
0.1 1347 671 -1
0.1 1348 672 -1
0.1 1349 673 -1
0.1 674 675 -1
0.1 1351 676 -1
0.1 1352 677 -1
0.1 1353 678 -1
0.1 1350 1354 -1
0.1 1346 1355 -1
0.1 1337 1356 -1
0.1 638 1357 -1
0.1 637 1358 -1
0.1 1318 1359 -1
0.1 1252 1360 -1
0.1 1125 1361 -1
0.1 435 1362 -1
0.1 1120 1363 -1
0.1 1110 1364 -1
0.1 679 680 -1
0.1 681 682 -1
0.1 1366 1367 -1
0.1 683 684 -1
0.1 1368 1369 -1
0.1 685 686 -1
0.1 1370 1371 -1
0.1 1372 687 -1
0.1 1365 1373 -1
0.1 1091 1374 -1
0.1 1375 688 -1
0.1 689 690 -1
0.1 1376 1377 -1
0.1 1090 1378 -1
