1 0 0 1
1 0 0 1
1 0 0 2
1 0 0 2
1 0 0 2
1 0 0 3
1 0 0 3
1 0 0 3
1 0 0 3
1 0 0 3
1 0 0 3
1 0 0 3
1 0 0 3
1 0 0 3
1 0 0 3
1 0 0 4
1 0 0 4
1 0 0 4
1 0 0 5
1 0 0 5
1 0 0 5
1 0 0 5
1 0 0 5
1 0 0 2
1 0 0 2
1 0 0 2
1 0 0 2
1 0 0 2
1 0 0 2
1 0 0 6
1 0 0 7
1 0 0 7
1 0 0 7
1 0 0 8
1 0 0 8
1 0 0 8
1 0 0 8
1 0 0 8
1 0 0 8
1 0 0 8
1 0 0 8
1 0 0 8
1 0 0 8
1 0 0 9
1 0 0 9
1 0 0 9
1 0 0 9
1 0 0 9
1 0 0 9
1 0 0 9
1 0 0 9
1 0 0 9
1 0 0 9
1 0 0 7
1 0 0 10
1 0 0 10
1 0 0 10
1 0 0 10
1 0 0 10
1 0 0 10
1 0 0 10
1 0 0 10
1 0 0 10
1 0 0 10
1 0 0 11
1 0 0 11
1 0 0 11
1 0 0 11
1 0 0 11
1 0 0 11
1 0 0 11
1 0 0 11
1 0 0 11
1 0 0 11
1 0 0 7
1 0 0 12
1 0 0 12
1 0 0 12
1 0 0 12
1 0 0 12
1 0 0 12
1 0 0 12
1 0 0 12
1 0 0 12
1 0 0 12
1 0 0 5
1 0 0 13
1 0 0 13
1 0 0 13
1 0 0 13
1 0 0 13
1 0 0 13
1 0 0 13
1 0 0 13
1 0 0 13
1 0 0 13
1 0 0 14
1 0 0 14
1 0 0 15
1 0 0 15
1 0 0 16
1 0 0 16
1 0 0 16
1 0 0 16
1 0 0 16
1 0 0 16
1 0 0 16
1 0 0 16
1 0 0 16
1 0 0 16
1 0 0 15
1 0 0 17
1 0 0 17
1 0 0 18
1 0 0 18
1 0 0 18
1 0 0 18
1 0 0 18
1 0 0 18
1 0 0 18
1 0 0 18
1 0 0 18
1 0 0 18
1 0 0 19
1 0 0 19
1 0 0 19
1 0 0 19
1 0 0 19
1 0 0 19
1 0 0 19
1 0 0 19
1 0 0 19
1 0 0 19
1 0 0 15
1 0 0 20
1 0 0 20
1 0 0 20
1 0 0 20
1 0 0 20
1 0 0 20
1 0 0 20
1 0 0 20
1 0 0 20
1 0 0 21
1 0 0 21
1 0 0 21
1 0 0 21
1 0 0 21
1 0 0 21
1 0 0 21
1 0 0 21
1 0 0 21
1 0 0 21
1 0 0 20
1 0 0 15
1 0 0 2
1 0 0 22
1 0 0 22
1 0 0 22
1 0 0 22
1 0 0 22
1 0 0 22
1 0 0 22
1 0 0 22
1 0 0 22
1 0 0 22
1 0 0 15
1 0 0 23
1 0 0 23
1 0 0 23
1 0 0 23
1 0 0 24
1 0 0 23
1 0 0 23
1 0 0 23
1 0 0 23
1 0 0 23
1 0 0 23
1 0 0 24
1 0 0 24
1 0 0 24
1 0 0 24
1 0 0 24
1 0 0 24
1 0 0 25
1 0 0 24
1 0 0 24
1 0 0 24
1 0 0 25
1 0 0 25
1 0 0 25
1 0 0 25
1 0 0 25
1 0 0 25
1 0 0 25
1 0 0 25
1 0 0 25
1 0 0 26
1 0 0 26
1 0 0 26
1 0 0 26
1 0 0 26
1 0 0 26
1 0 0 26
1 0 0 26
1 0 0 26
1 0 0 26
1 0 0 15
1 0 0 27
1 0 0 27
1 0 0 27
1 0 0 27
1 0 0 27
1 0 0 27
1 0 0 27
1 0 0 27
1 0 0 27
1 0 0 27
1 0 0 28
1 0 0 28
1 0 0 28
1 0 0 28
1 0 0 28
1 0 0 28
1 0 0 28
1 0 0 28
1 0 0 28
1 0 0 28
1 0 0 14
1 0 0 14
1 0 0 14
1 0 0 14
1 0 0 4
1 0 0 4
1 0 0 15
1 0 0 15
1 0 0 15
1 0 0 1
1 0 0 14
1 0 0 14
1 0 0 14
1 0 0 14
1 0 0 1
1 0 0 6
1 0 0 6
1 0 0 6
1 0 0 6
1 0 0 6
1 0 0 1
1 0 0 29
1 0 0 17
1 0 0 17
1 0 0 17
1 0 0 17
1 0 0 17
1 0 0 17
1 0 0 29
1 0 0 29
1 0 0 29
1 0 0 29
1 0 0 29
1 0 0 29
1 0 0 29
1 0 0 29
1 0 0 29
1 0 0 17
1 0 0 17
1 0 0 1
1 0 0 1
1 0 0 6
1 0 0 4
1 0 0 4
1 0 0 4
1 0 0 4
1 0 0 4
1 0 0 7
1 0 0 7
1 0 0 7
1 0 0 7
1 0 0 7
1 0 0 30
1 0 0 30
1 0 0 30
1 0 0 1
1 0 0 30
1 0 0 30
1 0 0 1
1 0 0 31
1 0 0 32
1 0 0 32
1 0 0 32
1 0 0 32
1 0 0 32
1 0 0 32
1 0 0 32
1 0 0 32
1 0 0 32
1 0 0 32
1 0 0 31
1 0 0 31
1 0 0 31
1 0 0 31
1 0 0 31
1 0 0 33
1 0 0 33
1 0 0 33
1 0 0 33
1 0 0 33
1 0 0 33
1 0 0 33
1 0 0 33
1 0 0 33
1 0 0 33
1 0 0 34
1 0 0 34
1 0 0 34
1 0 0 34
1 0 0 34
1 0 0 34
1 0 0 34
1 0 0 34
1 0 0 34
1 0 0 34
1 0 0 31
1 0 0 35
1 0 0 35
1 0 0 35
1 0 0 35
1 0 0 36
1 0 0 36
1 0 0 36
1 0 0 36
1 0 0 36
1 0 0 36
1 0 0 36
1 0 0 36
1 0 0 36
1 0 0 36
1 0 0 35
1 0 0 35
1 0 0 35
1 0 0 35
1 0 0 35
1 0 0 35
1 0 0 31
1 0 0 31
1 0 0 31
1 0 0 37
1 0 0 37
1 0 0 37
1 0 0 37
1 0 0 37
1 0 0 37
1 0 0 37
1 0 0 37
1 0 0 37
1 0 0 37
1 0 0 38
1 0 0 38
1 0 0 38
1 0 0 38
1 0 0 38
1 0 0 38
1 0 0 38
1 0 0 38
1 0 0 38
1 0 0 38
1 0 0 39
1 0 0 39
1 0 0 39
1 0 0 39
1 0 0 39
1 0 0 39
1 0 0 39
1 0 0 39
1 0 0 39
1 0 0 39
1 0 0 40
1 0 0 41
1 0 0 41
1 0 0 41
1 0 0 41
1 0 0 41
1 0 0 41
1 0 0 41
1 0 0 41
1 0 0 41
1 0 0 41
1 0 0 42
1 0 0 42
1 0 0 42
1 0 0 42
1 0 0 42
1 0 0 42
1 0 0 42
1 0 0 42
1 0 0 42
1 0 0 42
1 0 0 40
1 0 0 40
1 0 0 40
1 0 0 43
1 0 0 43
1 0 0 43
1 0 0 43
1 0 0 43
1 0 0 43
1 0 0 43
1 0 0 43
1 0 0 43
1 0 0 43
1 0 0 44
1 0 0 44
1 0 0 44
1 0 0 44
1 0 0 44
1 0 0 44
1 0 0 44
1 0 0 44
1 0 0 44
1 0 0 44
1 0 0 45
1 0 0 45
1 0 0 45
1 0 0 45
1 0 0 45
1 0 0 45
1 0 0 45
1 0 0 45
1 0 0 45
1 0 0 45
1 0 0 46
1 0 0 46
1 0 0 46
1 0 0 46
1 0 0 46
1 0 0 46
1 0 0 47
1 0 0 47
1 0 0 47
1 0 0 47
1 0 0 47
1 0 0 47
1 0 0 47
1 0 0 47
1 0 0 47
1 0 0 47
1 0 0 46
1 0 0 46
1 0 0 46
1 0 0 46
1 0 0 48
1 0 0 48
1 0 0 49
1 0 0 49
1 0 0 49
1 0 0 49
1 0 0 49
1 0 0 49
1 0 0 49
1 0 0 49
1 0 0 49
1 0 0 49
1 0 0 48
1 0 0 48
1 0 0 48
1 0 0 50
1 0 0 50
1 0 0 50
1 0 0 50
1 0 0 50
1 0 0 50
1 0 0 50
1 0 0 50
1 0 0 50
1 0 0 50
1 0 0 48
1 0 0 48
1 0 0 51
1 0 0 51
1 0 0 51
1 0 0 51
1 0 0 51
1 0 0 51
1 0 0 51
1 0 0 51
1 0 0 51
1 0 0 51
1 0 0 48
1 0 0 48
1 0 0 48
1 0 0 52
1 0 0 40
1 0 0 40
1 0 0 52
1 0 0 52
1 0 0 52
1 0 0 52
1 0 0 52
1 0 0 52
1 0 0 52
1 0 0 52
1 0 0 52
1 0 0 40
1 0 0 53
1 0 0 53
1 0 0 53
1 0 0 53
1 0 0 53
1 0 0 53
1 0 0 53
1 0 0 53
1 0 0 53
1 0 0 53
1 0 0 40
1 0 0 40
1 0 0 54
1 0 0 54
1 0 0 54
1 0 0 54
1 0 0 54
1 0 0 54
1 0 0 54
1 0 0 54
1 0 0 54
1 0 0 54
1 0 0 55
1 0 0 55
1 0 0 55
1 0 0 55
1 0 0 55
1 0 0 55
1 0 0 55
1 0 0 55
1 0 0 55
1 0 0 55
1 0 0 40
1 0 0 56
1 0 0 56
1 0 0 56
1 0 0 56
1 0 0 56
1 0 0 56
1 0 0 56
1 0 0 56
1 0 0 56
1 0 0 56
1 0 0 57
1 0 0 57
1 0 0 57
1 0 0 57
1 0 0 57
1 0 0 57
1 0 0 57
1 0 0 57
1 0 0 57
1 0 0 57
1 0 0 58
1 0 0 58
1 0 0 58
1 0 0 58
1 0 0 58
1 0 0 58
1 0 0 58
1 0 0 58
1 0 0 58
1 0 0 58
1 0 0 1
1 0 0 6
1 0 0 6
1 0 0 6
1 0 0 59
1 0 0 59
1 0 0 59
1 0 0 59
1 0 0 59
1 0 0 59
1 0 0 59
1 0 0 59
1 0 0 59
1 0 0 59
1 0 0 60
1 0 0 60
1 0 0 60
1 0 0 60
1 0 0 60
1 0 0 60
1 0 0 60
1 0 0 60
1 0 0 60
1 0 0 60
1 0 0 61
1 0 0 61
1 0 0 61
1 0 0 61
1 0 0 61
1 0 0 61
1 0 0 61
1 0 0 61
1 0 0 61
1 0 0 61
1 0 0 30
1 0 0 62
1 0 0 62
1 0 0 62
1 0 0 62
1 0 0 63
1 0 0 63
1 0 0 63
1 0 0 63
1 0 0 63
1 0 0 63
1 0 0 63
1 0 0 63
1 0 0 63
1 0 0 63
1 0 0 62
1 0 0 62
1 0 0 64
1 0 0 64
1 0 0 64
1 0 0 64
1 0 0 64
1 0 0 64
1 0 0 64
1 0 0 64
1 0 0 64
1 0 0 64
1 0 0 62
1 0 0 62
1 0 0 65
1 0 0 65
1 0 0 65
1 0 0 65
1 0 0 65
1 0 0 65
1 0 0 65
1 0 0 65
1 0 0 65
1 0 0 65
1 0 0 66
1 0 0 66
1 0 0 66
1 0 0 66
1 0 0 66
1 0 0 66
1 0 0 66
1 0 0 66
1 0 0 66
1 0 0 66
1 0 0 67
1 0 0 67
1 0 0 67
1 0 0 67
1 0 0 67
1 0 0 67
1 0 0 67
1 0 0 67
1 0 0 67
1 0 0 67
1 0 0 62
1 0 0 62
1 0 0 68
1 0 0 68
1 0 0 68
1 0 0 68
1 0 0 68
1 0 0 68
1 0 0 68
1 0 0 68
1 0 0 68
1 0 0 68
1 0 0 30
1 0 0 30
1 0 0 69
1 0 0 69
1 0 0 69
1 0 0 69
1 0 0 69
1 0 0 69
1 0 0 69
1 0 0 69
1 0 0 69
1 0 0 69
1 0 0 30
1 0 0 30
1 0 0 5
1 0 0 5
1 0 0 5
1 0 0 5
0.1 1 2 -1
0.1 4 5 -1
0.1 3 692 -1
0.1 6 7 -1
0.1 694 8 -1
0.1 10 11 -1
0.1 9 696 -1
0.1 697 12 -1
0.1 695 698 -1
0.1 14 15 -1
0.1 13 700 -1
0.1 699 701 -1
0.1 693 702 -1
0.1 17 18 -1
0.1 16 704 -1
0.1 703 705 -1
0.1 19 20 -1
0.1 21 22 -1
0.1 708 23 -1
0.1 707 709 -1
0.1 24 25 -1
0.1 26 27 -1
0.1 28 29 -1
0.1 712 713 -1
0.1 711 714 -1
0.1 715 30 -1
0.1 35 36 -1
0.1 37 38 -1
0.1 717 718 -1
0.1 34 719 -1
0.1 39 40 -1
0.1 42 43 -1
0.1 41 722 -1
0.1 721 723 -1
0.1 720 724 -1
0.1 44 45 -1
0.1 46 47 -1
0.1 48 49 -1
0.1 727 728 -1
0.1 51 52 -1
0.1 730 53 -1
0.1 50 731 -1
0.1 729 732 -1
0.1 726 733 -1
0.1 725 734 -1
0.1 33 735 -1
0.1 32 736 -1
0.1 737 54 -1
0.1 31 738 -1
0.1 55 56 -1
0.1 740 57 -1
0.1 58 59 -1
0.1 741 742 -1
0.1 743 60 -1
0.1 61 62 -1
0.1 744 745 -1
0.1 63 64 -1
0.1 746 747 -1
0.1 68 69 -1
0.1 67 749 -1
0.1 66 750 -1
0.1 72 73 -1
0.1 71 752 -1
0.1 70 753 -1
0.1 754 74 -1
0.1 751 755 -1
0.1 65 756 -1
0.1 748 757 -1
0.1 77 78 -1
0.1 79 80 -1
0.1 82 83 -1
0.1 761 84 -1
0.1 762 85 -1
0.1 81 763 -1
0.1 760 764 -1
0.1 759 765 -1
0.1 76 766 -1
0.1 75 767 -1
0.1 758 768 -1
0.1 739 769 -1
0.1 88 89 -1
0.1 87 771 -1
0.1 86 772 -1
0.1 90 91 -1
0.1 93 94 -1
0.1 95 96 -1
0.1 775 776 -1
0.1 92 777 -1
0.1 774 778 -1
0.1 773 779 -1
0.1 97 98 -1
0.1 102 103 -1
0.1 104 105 -1
0.1 782 783 -1
0.1 784 106 -1
0.1 107 108 -1
0.1 786 109 -1
0.1 787 110 -1
0.1 785 788 -1
0.1 101 789 -1
0.1 100 790 -1
0.1 791 111 -1
0.1 99 792 -1
0.1 781 793 -1
0.1 112 113 -1
0.1 114 115 -1
0.1 116 117 -1
0.1 118 119 -1
0.1 120 121 -1
0.1 122 123 -1
0.1 799 800 -1
0.1 798 801 -1
0.1 797 802 -1
0.1 796 803 -1
0.1 124 125 -1
0.1 126 127 -1
0.1 806 128 -1
0.1 807 129 -1
0.1 805 808 -1
0.1 130 131 -1
0.1 809 810 -1
0.1 811 132 -1
0.1 812 133 -1
0.1 804 813 -1
0.1 814 134 -1
0.1 795 815 -1
0.1 136 137 -1
0.1 817 138 -1
0.1 139 140 -1
0.1 141 142 -1
0.1 819 820 -1
0.1 147 148 -1
0.1 146 822 -1
0.1 145 823 -1
0.1 144 824 -1
0.1 149 150 -1
0.1 151 152 -1
0.1 826 827 -1
0.1 825 828 -1
0.1 829 153 -1
0.1 830 154 -1
0.1 143 831 -1
0.1 821 832 -1
0.1 818 833 -1
0.1 135 834 -1
0.1 835 155 -1
0.1 816 836 -1
0.1 794 837 -1
0.1 159 160 -1
0.1 839 161 -1
0.1 158 840 -1
0.1 162 163 -1
0.1 841 842 -1
0.1 164 165 -1
0.1 844 166 -1
0.1 843 845 -1
0.1 157 846 -1
0.1 156 847 -1
0.1 168 169 -1
0.1 170 171 -1
0.1 849 850 -1
0.1 174 175 -1
0.1 173 852 -1
0.1 177 178 -1
0.1 176 854 -1
0.1 853 855 -1
0.1 180 181 -1
0.1 183 184 -1
0.1 182 858 -1
0.1 857 859 -1
0.1 179 860 -1
0.1 856 861 -1
0.1 172 862 -1
0.1 851 863 -1
0.1 186 187 -1
0.1 865 188 -1
0.1 191 192 -1
0.1 867 193 -1
0.1 190 868 -1
0.1 194 195 -1
0.1 869 870 -1
0.1 189 871 -1
0.1 196 197 -1
0.1 872 873 -1
0.1 866 874 -1
0.1 185 875 -1
0.1 198 199 -1
0.1 877 200 -1
0.1 878 201 -1
0.1 879 202 -1
0.1 205 206 -1
0.1 204 881 -1
0.1 882 207 -1
0.1 203 883 -1
0.1 880 884 -1
0.1 876 885 -1
0.1 864 886 -1
0.1 167 887 -1
0.1 848 888 -1
0.1 838 889 -1
0.1 780 890 -1
0.1 770 891 -1
0.1 209 210 -1
0.1 211 212 -1
0.1 894 213 -1
0.1 893 895 -1
0.1 215 216 -1
0.1 897 217 -1
0.1 214 898 -1
0.1 896 899 -1
0.1 900 218 -1
0.1 208 901 -1
0.1 219 220 -1
0.1 903 221 -1
0.1 223 224 -1
0.1 222 905 -1
0.1 226 227 -1
0.1 225 907 -1
0.1 908 228 -1
0.1 906 909 -1
0.1 904 910 -1
0.1 230 231 -1
0.1 229 912 -1
0.1 913 232 -1
0.1 233 234 -1
0.1 236 237 -1
0.1 235 916 -1
0.1 915 917 -1
0.1 914 918 -1
0.1 911 919 -1
0.1 902 920 -1
0.1 892 921 -1
0.1 716 922 -1
0.1 923 238 -1
0.1 710 924 -1
0.1 241 242 -1
0.1 240 926 -1
0.1 239 927 -1
0.1 928 243 -1
0.1 925 929 -1
0.1 706 930 -1
0.1 691 931 -1
0.1 244 245 -1
0.1 247 248 -1
0.1 246 934 -1
0.1 933 935 -1
0.1 936 249 -1
0.1 251 252 -1
0.1 253 254 -1
0.1 938 939 -1
0.1 255 256 -1
0.1 940 941 -1
0.1 257 258 -1
0.1 943 259 -1
0.1 260 261 -1
0.1 264 265 -1
0.1 263 946 -1
0.1 262 947 -1
0.1 945 948 -1
0.1 266 267 -1
0.1 949 950 -1
0.1 944 951 -1
0.1 942 952 -1
0.1 250 953 -1
0.1 937 954 -1
0.1 932 955 -1
0.1 268 269 -1
0.1 956 957 -1
0.1 271 272 -1
0.1 274 275 -1
0.1 273 960 -1
0.1 959 961 -1
0.1 270 962 -1
0.1 276 277 -1
0.1 279 280 -1
0.1 278 965 -1
0.1 964 966 -1
0.1 281 282 -1
0.1 968 283 -1
0.1 967 969 -1
0.1 963 970 -1
0.1 971 284 -1
0.1 285 286 -1
0.1 972 973 -1
0.1 289 290 -1
0.1 291 292 -1
0.1 975 976 -1
0.1 294 295 -1
0.1 293 978 -1
0.1 296 297 -1
0.1 979 980 -1
0.1 977 981 -1
0.1 982 298 -1
0.1 299 300 -1
0.1 983 984 -1
0.1 301 302 -1
0.1 304 305 -1
0.1 307 308 -1
0.1 306 988 -1
0.1 987 989 -1
0.1 990 309 -1
0.1 312 313 -1
0.1 311 992 -1
0.1 310 993 -1
0.1 991 994 -1
0.1 314 315 -1
0.1 316 317 -1
0.1 319 320 -1
0.1 318 998 -1
0.1 997 999 -1
0.1 996 1000 -1
0.1 322 323 -1
0.1 321 1002 -1
0.1 1001 1003 -1
0.1 995 1004 -1
0.1 1005 324 -1
0.1 303 1006 -1
0.1 986 1007 -1
0.1 985 1008 -1
0.1 327 328 -1
0.1 329 330 -1
0.1 332 333 -1
0.1 331 1012 -1
0.1 335 336 -1
0.1 334 1014 -1
0.1 1013 1015 -1
0.1 1011 1016 -1
0.1 1017 337 -1
0.1 1018 338 -1
0.1 1019 339 -1
0.1 342 343 -1
0.1 341 1021 -1
0.1 340 1022 -1
0.1 1023 344 -1
0.1 1020 1024 -1
0.1 1010 1025 -1
0.1 326 1026 -1
0.1 325 1027 -1
0.1 349 350 -1
0.1 1029 351 -1
0.1 348 1030 -1
0.1 352 353 -1
0.1 356 357 -1
0.1 355 1033 -1
0.1 354 1034 -1
0.1 1032 1035 -1
0.1 1031 1036 -1
0.1 347 1037 -1
0.1 346 1038 -1
0.1 345 1039 -1
0.1 1028 1040 -1
0.1 1009 1041 -1
0.1 288 1042 -1
0.1 358 359 -1
0.1 360 361 -1
0.1 1044 1045 -1
0.1 362 363 -1
0.1 364 365 -1
0.1 1048 366 -1
0.1 1047 1049 -1
0.1 1050 367 -1
0.1 1046 1051 -1
0.1 1043 1052 -1
0.1 370 371 -1
0.1 369 1054 -1
0.1 373 374 -1
0.1 372 1056 -1
0.1 1055 1057 -1
0.1 376 377 -1
0.1 375 1059 -1
0.1 1058 1060 -1
0.1 368 1061 -1
0.1 1062 378 -1
0.1 380 381 -1
0.1 1064 382 -1
0.1 384 385 -1
0.1 386 387 -1
0.1 1067 388 -1
0.1 1066 1068 -1
0.1 383 1069 -1
0.1 1065 1070 -1
0.1 379 1071 -1
0.1 1063 1072 -1
0.1 1053 1073 -1
0.1 391 392 -1
0.1 1075 393 -1
0.1 390 1076 -1
0.1 389 1077 -1
0.1 395 396 -1
0.1 397 398 -1
0.1 1079 1080 -1
0.1 394 1081 -1
0.1 1078 1082 -1
0.1 399 400 -1
0.1 402 403 -1
0.1 406 407 -1
0.1 405 1086 -1
0.1 404 1087 -1
0.1 1085 1088 -1
0.1 410 411 -1
0.1 409 1090 -1
0.1 408 1091 -1
0.1 1089 1092 -1
0.1 414 415 -1
0.1 413 1094 -1
0.1 418 419 -1
0.1 1096 420 -1
0.1 1097 421 -1
0.1 417 1098 -1
0.1 416 1099 -1
0.1 1095 1100 -1
0.1 412 1101 -1
0.1 425 426 -1
0.1 424 1103 -1
0.1 423 1104 -1
0.1 422 1105 -1
0.1 428 429 -1
0.1 430 431 -1
0.1 1107 1108 -1
0.1 427 1109 -1
0.1 1106 1110 -1
0.1 1102 1111 -1
0.1 1093 1112 -1
0.1 401 1113 -1
0.1 1084 1114 -1
0.1 1083 1115 -1
0.1 1074 1116 -1
0.1 432 433 -1
0.1 434 435 -1
0.1 1118 1119 -1
0.1 439 440 -1
0.1 441 442 -1
0.1 445 446 -1
0.1 444 1123 -1
0.1 443 1124 -1
0.1 1122 1125 -1
0.1 1126 447 -1
0.1 1121 1127 -1
0.1 438 1128 -1
0.1 437 1129 -1
0.1 1130 448 -1
0.1 436 1131 -1
0.1 449 450 -1
0.1 1132 1133 -1
0.1 1134 451 -1
0.1 1120 1135 -1
0.1 455 456 -1
0.1 1137 457 -1
0.1 454 1138 -1
0.1 458 459 -1
0.1 461 462 -1
0.1 460 1141 -1
0.1 1142 463 -1
0.1 1140 1143 -1
0.1 1139 1144 -1
0.1 464 465 -1
0.1 467 468 -1
0.1 470 471 -1
0.1 469 1148 -1
0.1 1147 1149 -1
0.1 472 473 -1
0.1 475 476 -1
0.1 474 1152 -1
0.1 1151 1153 -1
0.1 1150 1154 -1
0.1 466 1155 -1
0.1 1146 1156 -1
0.1 1145 1157 -1
0.1 453 1158 -1
0.1 452 1159 -1
0.1 477 478 -1
0.1 479 480 -1
0.1 481 482 -1
0.1 483 484 -1
0.1 485 486 -1
0.1 1165 487 -1
0.1 1166 488 -1
0.1 1164 1167 -1
0.1 1163 1168 -1
0.1 1162 1169 -1
0.1 490 491 -1
0.1 489 1171 -1
0.1 1170 1172 -1
0.1 1161 1173 -1
0.1 1160 1174 -1
0.1 492 493 -1
0.1 498 499 -1
0.1 1177 500 -1
0.1 497 1178 -1
0.1 496 1179 -1
0.1 502 503 -1
0.1 501 1181 -1
0.1 1180 1182 -1
0.1 495 1183 -1
0.1 494 1184 -1
0.1 1176 1185 -1
0.1 1175 1186 -1
0.1 1136 1187 -1
0.1 505 506 -1
0.1 507 508 -1
0.1 1190 509 -1
0.1 1189 1191 -1
0.1 513 514 -1
0.1 512 1193 -1
0.1 511 1194 -1
0.1 510 1195 -1
0.1 1192 1196 -1
0.1 504 1197 -1
0.1 515 516 -1
0.1 1198 1199 -1
0.1 518 519 -1
0.1 520 521 -1
0.1 1201 1202 -1
0.1 522 523 -1
0.1 524 525 -1
0.1 1204 1205 -1
0.1 1206 526 -1
0.1 1203 1207 -1
0.1 517 1208 -1
0.1 529 530 -1
0.1 528 1210 -1
0.1 532 533 -1
0.1 531 1212 -1
0.1 1211 1213 -1
0.1 527 1214 -1
0.1 1215 534 -1
0.1 535 536 -1
0.1 1216 1217 -1
0.1 1218 537 -1
0.1 1209 1219 -1
0.1 539 540 -1
0.1 542 543 -1
0.1 1222 544 -1
0.1 541 1223 -1
0.1 1221 1224 -1
0.1 538 1225 -1
0.1 546 547 -1
0.1 545 1227 -1
0.1 1226 1228 -1
0.1 549 550 -1
0.1 551 552 -1
0.1 1230 1231 -1
0.1 553 554 -1
0.1 1232 1233 -1
0.1 555 556 -1
0.1 1234 1235 -1
0.1 548 1236 -1
0.1 1237 557 -1
0.1 1229 1238 -1
0.1 558 559 -1
0.1 1240 560 -1
0.1 562 563 -1
0.1 1242 564 -1
0.1 561 1243 -1
0.1 566 567 -1
0.1 565 1245 -1
0.1 1244 1246 -1
0.1 1241 1247 -1
0.1 1239 1248 -1
0.1 1220 1249 -1
0.1 1200 1250 -1
0.1 1188 1251 -1
0.1 1117 1252 -1
0.1 1253 568 -1
0.1 287 1254 -1
0.1 974 1255 -1
0.1 570 571 -1
0.1 569 1257 -1
0.1 574 575 -1
0.1 573 1259 -1
0.1 572 1260 -1
0.1 576 577 -1
0.1 579 580 -1
0.1 578 1263 -1
0.1 1264 581 -1
0.1 1262 1265 -1
0.1 1261 1266 -1
0.1 583 584 -1
0.1 1268 585 -1
0.1 582 1269 -1
0.1 586 587 -1
0.1 1270 1271 -1
0.1 588 589 -1
0.1 1273 590 -1
0.1 1274 591 -1
0.1 1272 1275 -1
0.1 1267 1276 -1
0.1 592 593 -1
0.1 594 595 -1
0.1 598 599 -1
0.1 597 1280 -1
0.1 596 1281 -1
0.1 1279 1282 -1
0.1 1278 1283 -1
0.1 600 601 -1
0.1 1284 1285 -1
0.1 1277 1286 -1
0.1 605 606 -1
0.1 604 1288 -1
0.1 603 1289 -1
0.1 607 608 -1
0.1 609 610 -1
0.1 612 613 -1
0.1 614 615 -1
0.1 1293 1294 -1
0.1 611 1295 -1
0.1 1296 616 -1
0.1 1292 1297 -1
0.1 1291 1298 -1
0.1 1290 1299 -1
0.1 617 618 -1
0.1 619 620 -1
0.1 622 623 -1
0.1 621 1303 -1
0.1 625 626 -1
0.1 624 1305 -1
0.1 1304 1306 -1
0.1 627 628 -1
0.1 1307 1308 -1
0.1 1302 1309 -1
0.1 1301 1310 -1
0.1 629 630 -1
0.1 1311 1312 -1
0.1 631 632 -1
0.1 636 637 -1
0.1 635 1315 -1
0.1 634 1316 -1
0.1 1317 638 -1
0.1 633 1318 -1
0.1 1319 639 -1
0.1 1320 640 -1
0.1 1314 1321 -1
0.1 1313 1322 -1
0.1 642 643 -1
0.1 641 1324 -1
0.1 644 645 -1
0.1 1326 646 -1
0.1 649 650 -1
0.1 648 1328 -1
0.1 647 1329 -1
0.1 1327 1330 -1
0.1 1325 1331 -1
0.1 651 652 -1
0.1 653 654 -1
0.1 655 656 -1
0.1 1334 1335 -1
0.1 1336 657 -1
0.1 1333 1337 -1
0.1 659 660 -1
0.1 658 1339 -1
0.1 1338 1340 -1
0.1 1332 1341 -1
0.1 661 662 -1
0.1 664 665 -1
0.1 666 667 -1
0.1 1344 1345 -1
0.1 663 1346 -1
0.1 670 671 -1
0.1 669 1348 -1
0.1 668 1349 -1
0.1 1347 1350 -1
0.1 1351 672 -1
0.1 1343 1352 -1
0.1 1342 1353 -1
0.1 1323 1354 -1
0.1 1300 1355 -1
0.1 1356 673 -1
0.1 602 1357 -1
0.1 1287 1358 -1
0.1 1258 1359 -1
0.1 676 677 -1
0.1 679 680 -1
0.1 678 1362 -1
0.1 1361 1363 -1
0.1 682 683 -1
0.1 681 1365 -1
0.1 1364 1366 -1
0.1 1367 684 -1
0.1 675 1368 -1
0.1 674 1369 -1
0.1 685 686 -1
0.1 1370 1371 -1
0.1 1360 1372 -1
0.1 688 689 -1
0.1 687 1374 -1
0.1 1375 690 -1
0.1 1373 1376 -1
0.1 1256 1377 -1
0.1 958 1378 -1
