1 0 0 1
1 0 0 1
1 0 0 1
1 0 0 2
1 0 0 2
1 0 0 2
1 0 0 2
1 0 0 2
1 0 0 3
1 0 0 3
1 0 0 3
1 0 0 3
1 0 0 4
1 0 0 4
1 0 0 4
1 0 0 4
1 0 0 4
1 0 0 5
1 0 0 5
1 0 0 5
1 0 0 5
1 0 0 5
1 0 0 6
1 0 0 7
1 0 0 7
1 0 0 7
1 0 0 7
1 0 0 7
1 0 0 8
1 0 0 8
1 0 0 8
1 0 0 8
1 0 0 8
1 0 0 6
1 0 0 6
1 0 0 6
1 0 0 6
1 0 0 3
1 0 0 1
1 0 0 9
1 0 0 9
1 0 0 9
1 0 0 9
1 0 0 9
1 0 0 1
1 0 0 10
1 0 0 11
1 0 0 11
1 0 0 11
1 0 0 11
1 0 0 11
1 0 0 10
1 0 0 10
1 0 0 10
1 0 0 10
1 0 0 12
1 0 0 12
1 0 0 12
1 0 0 12
1 0 0 12
1 0 0 13
1 0 0 13
1 0 0 13
1 0 0 13
1 0 0 14
1 0 0 14
1 0 0 14
1 0 0 14
1 0 0 14
1 0 0 13
1 0 0 15
1 0 0 16
1 0 0 15
1 0 0 15
1 0 0 15
1 0 0 15
1 0 0 17
1 0 0 17
1 0 0 17
1 0 0 17
1 0 0 17
1 0 0 18
1 0 0 18
1 0 0 18
1 0 0 18
1 0 0 18
1 0 0 19
1 0 0 19
1 0 0 19
1 0 0 19
1 0 0 19
1 0 0 16
1 0 0 16
1 0 0 16
1 0 0 16
1 0 0 20
1 0 0 20
1 0 0 20
1 0 0 20
1 0 0 21
1 0 0 21
1 0 0 21
1 0 0 21
1 0 0 21
1 0 0 22
1 0 0 22
1 0 0 22
1 0 0 22
1 0 0 22
1 0 0 23
1 0 0 23
1 0 0 23
1 0 0 23
1 0 0 23
1 0 0 24
1 0 0 24
1 0 0 24
1 0 0 24
1 0 0 24
1 0 0 25
1 0 0 25
1 0 0 25
1 0 0 25
1 0 0 25
1 0 0 26
1 0 0 26
1 0 0 26
1 0 0 26
1 0 0 27
1 0 0 27
1 0 0 27
1 0 0 27
1 0 0 27
1 0 0 28
1 0 0 28
1 0 0 28
1 0 0 28
1 0 0 28
1 0 0 26
1 0 0 20
1 0 0 29
1 0 0 29
1 0 0 29
1 0 0 29
1 0 0 29
0.1 2 3 -1
0.1 1 146 -1
0.1 4 5 -1
0.1 6 7 -1
0.1 149 8 -1
0.1 148 150 -1
0.1 147 151 -1
0.1 10 11 -1
0.1 153 12 -1
0.1 9 154 -1
0.1 13 14 -1
0.1 156 15 -1
0.1 16 17 -1
0.1 157 158 -1
0.1 21 22 -1
0.1 20 160 -1
0.1 19 161 -1
0.1 18 162 -1
0.1 159 163 -1
0.1 25 26 -1
0.1 27 28 -1
0.1 165 166 -1
0.1 24 167 -1
0.1 29 30 -1
0.1 168 169 -1
0.1 23 170 -1
0.1 32 33 -1
0.1 31 172 -1
0.1 171 173 -1
0.1 36 37 -1
0.1 35 175 -1
0.1 34 176 -1
0.1 174 177 -1
0.1 164 178 -1
0.1 179 38 -1
0.1 155 180 -1
0.1 43 44 -1
0.1 42 182 -1
0.1 41 183 -1
0.1 40 184 -1
0.1 39 185 -1
0.1 186 45 -1
0.1 48 49 -1
0.1 47 188 -1
0.1 50 51 -1
0.1 189 190 -1
0.1 46 191 -1
0.1 54 55 -1
0.1 193 56 -1
0.1 59 60 -1
0.1 58 195 -1
0.1 57 196 -1
0.1 194 197 -1
0.1 53 198 -1
0.1 52 199 -1
0.1 61 62 -1
0.1 63 64 -1
0.1 67 68 -1
0.1 203 69 -1
0.1 66 204 -1
0.1 65 205 -1
0.1 202 206 -1
0.1 201 207 -1
0.1 208 70 -1
0.1 200 209 -1
0.1 192 210 -1
0.1 187 211 -1
0.1 181 212 -1
0.1 152 213 -1
0.1 72 73 -1
0.1 71 215 -1
0.1 75 76 -1
0.1 74 217 -1
0.1 216 218 -1
0.1 214 219 -1
0.1 78 79 -1
0.1 221 80 -1
0.1 77 222 -1
0.1 223 81 -1
0.1 83 84 -1
0.1 82 225 -1
0.1 85 86 -1
0.1 226 227 -1
0.1 87 88 -1
0.1 228 229 -1
0.1 90 91 -1
0.1 89 231 -1
0.1 230 232 -1
0.1 224 233 -1
0.1 94 95 -1
0.1 93 235 -1
0.1 92 236 -1
0.1 234 237 -1
0.1 96 97 -1
0.1 98 99 -1
0.1 239 240 -1
0.1 100 101 -1
0.1 242 102 -1
0.1 243 103 -1
0.1 244 104 -1
0.1 106 107 -1
0.1 105 246 -1
0.1 108 109 -1
0.1 110 111 -1
0.1 112 113 -1
0.1 249 250 -1
0.1 251 114 -1
0.1 248 252 -1
0.1 115 116 -1
0.1 117 118 -1
0.1 255 119 -1
0.1 254 256 -1
0.1 120 121 -1
0.1 122 123 -1
0.1 259 124 -1
0.1 258 260 -1
0.1 257 261 -1
0.1 253 262 -1
0.1 247 263 -1
0.1 245 264 -1
0.1 125 126 -1
0.1 127 128 -1
0.1 266 267 -1
0.1 129 130 -1
0.1 131 132 -1
0.1 269 270 -1
0.1 271 133 -1
0.1 137 138 -1
0.1 136 273 -1
0.1 135 274 -1
0.1 134 275 -1
0.1 272 276 -1
0.1 268 277 -1
0.1 278 139 -1
0.1 265 279 -1
0.1 142 143 -1
0.1 141 281 -1
0.1 144 145 -1
0.1 282 283 -1
0.1 140 284 -1
0.1 280 285 -1
0.1 241 286 -1
0.1 238 287 -1
0.1 220 288 -1
