1 0 0 1
1 0 0 2
1 0 0 2
1 0 0 2
1 0 0 2
1 0 0 2
1 0 0 1
1 0 0 1
1 0 0 3
1 0 0 3
1 0 0 3
1 0 0 3
1 0 0 3
1 0 0 4
1 0 0 5
1 0 0 5
1 0 0 5
1 0 0 5
1 0 0 5
1 0 0 6
1 0 0 6
1 0 0 6
1 0 0 6
1 0 0 4
1 0 0 4
1 0 0 7
1 0 0 7
1 0 0 7
1 0 0 7
1 0 0 7
1 0 0 6
1 0 0 8
1 0 0 8
1 0 0 8
1 0 0 8
1 0 0 8
1 0 0 9
1 0 0 9
1 0 0 9
1 0 0 9
1 0 0 9
1 0 0 4
1 0 0 10
1 0 0 4
1 0 0 10
1 0 0 10
1 0 0 10
1 0 0 10
1 0 0 11
1 0 0 11
1 0 0 12
1 0 0 12
1 0 0 12
1 0 0 12
1 0 0 12
1 0 0 11
1 0 0 11
1 0 0 11
1 0 0 1
1 0 0 13
1 0 0 14
1 0 0 14
1 0 0 14
1 0 0 15
1 0 0 13
1 0 0 13
1 0 0 13
1 0 0 13
1 0 0 16
1 0 0 16
1 0 0 16
1 0 0 16
1 0 0 16
1 0 0 14
1 0 0 15
1 0 0 15
1 0 0 15
1 0 0 15
1 0 0 14
1 0 0 1
0.1 2 3 -1
0.1 4 5 -1
0.1 82 6 -1
0.1 81 83 -1
0.1 1 84 -1
0.1 85 7 -1
0.1 10 11 -1
0.1 87 12 -1
0.1 9 88 -1
0.1 8 89 -1
0.1 90 13 -1
0.1 86 91 -1
0.1 15 16 -1
0.1 17 18 -1
0.1 93 94 -1
0.1 95 19 -1
0.1 21 22 -1
0.1 97 23 -1
0.1 20 98 -1
0.1 24 25 -1
0.1 26 27 -1
0.1 29 30 -1
0.1 28 102 -1
0.1 101 103 -1
0.1 100 104 -1
0.1 105 31 -1
0.1 99 106 -1
0.1 96 107 -1
0.1 14 108 -1
0.1 32 33 -1
0.1 34 35 -1
0.1 110 111 -1
0.1 112 36 -1
0.1 40 41 -1
0.1 39 114 -1
0.1 38 115 -1
0.1 37 116 -1
0.1 113 117 -1
0.1 109 118 -1
0.1 43 44 -1
0.1 45 46 -1
0.1 120 121 -1
0.1 47 48 -1
0.1 122 123 -1
0.1 42 124 -1
0.1 119 125 -1
0.1 92 126 -1
0.1 49 50 -1
0.1 53 54 -1
0.1 52 129 -1
0.1 130 55 -1
0.1 51 131 -1
0.1 128 132 -1
0.1 56 57 -1
0.1 134 58 -1
0.1 133 135 -1
0.1 61 62 -1
0.1 137 63 -1
0.1 138 64 -1
0.1 65 66 -1
0.1 139 140 -1
0.1 60 141 -1
0.1 67 68 -1
0.1 142 143 -1
0.1 69 70 -1
0.1 72 73 -1
0.1 71 146 -1
0.1 145 147 -1
0.1 144 148 -1
0.1 77 78 -1
0.1 76 150 -1
0.1 151 79 -1
0.1 75 152 -1
0.1 74 153 -1
0.1 149 154 -1
0.1 155 80 -1
0.1 59 156 -1
0.1 136 157 -1
0.1 127 158 -1
