1 0 0 1
1 0 0 2
1 0 0 2
1 0 0 2
1 0 0 2
1 0 0 2
1 0 0 3
1 0 0 3
1 0 0 1
1 0 0 1
1 0 0 1
1 0 0 1
1 0 0 4
1 0 0 4
1 0 0 4
1 0 0 4
1 0 0 4
1 0 0 5
1 0 0 6
1 0 0 6
1 0 0 6
1 0 0 6
1 0 0 6
1 0 0 7
1 0 0 7
1 0 0 7
1 0 0 7
1 0 0 7
1 0 0 3
1 0 0 8
1 0 0 8
1 0 0 8
1 0 0 8
1 0 0 8
1 0 0 3
1 0 0 3
1 0 0 9
1 0 0 10
1 0 0 10
1 0 0 10
1 0 0 9
1 0 0 10
1 0 0 10
1 0 0 9
1 0 0 11
1 0 0 11
1 0 0 11
1 0 0 11
1 0 0 11
1 0 0 5
1 0 0 12
1 0 0 12
1 0 0 12
1 0 0 13
1 0 0 13
1 0 0 13
1 0 0 13
1 0 0 13
1 0 0 12
1 0 0 12
1 0 0 9
1 0 0 14
1 0 0 14
1 0 0 14
1 0 0 14
1 0 0 14
1 0 0 15
1 0 0 15
1 0 0 15
1 0 0 15
1 0 0 15
1 0 0 16
1 0 0 16
1 0 0 16
1 0 0 16
1 0 0 16
1 0 0 5
1 0 0 5
1 0 0 5
1 0 0 9
0.1 3 4 -1
0.1 2 81 -1
0.1 5 6 -1
0.1 82 83 -1
0.1 1 84 -1
0.1 7 8 -1
0.1 85 86 -1
0.1 10 11 -1
0.1 9 88 -1
0.1 89 12 -1
0.1 87 90 -1
0.1 15 16 -1
0.1 92 17 -1
0.1 14 93 -1
0.1 13 94 -1
0.1 91 95 -1
0.1 20 21 -1
0.1 97 22 -1
0.1 98 23 -1
0.1 19 99 -1
0.1 18 100 -1
0.1 25 26 -1
0.1 27 28 -1
0.1 102 103 -1
0.1 24 104 -1
0.1 101 105 -1
0.1 32 33 -1
0.1 31 107 -1
0.1 30 108 -1
0.1 29 109 -1
0.1 110 34 -1
0.1 106 111 -1
0.1 96 112 -1
0.1 35 36 -1
0.1 113 114 -1
0.1 39 40 -1
0.1 38 116 -1
0.1 42 43 -1
0.1 41 118 -1
0.1 117 119 -1
0.1 37 120 -1
0.1 46 47 -1
0.1 45 122 -1
0.1 48 49 -1
0.1 123 124 -1
0.1 44 125 -1
0.1 121 126 -1
0.1 115 127 -1
0.1 50 51 -1
0.1 52 53 -1
0.1 55 56 -1
0.1 57 58 -1
0.1 131 132 -1
0.1 54 133 -1
0.1 59 60 -1
0.1 134 135 -1
0.1 130 136 -1
0.1 129 137 -1
0.1 138 61 -1
0.1 64 65 -1
0.1 140 66 -1
0.1 63 141 -1
0.1 62 142 -1
0.1 67 68 -1
0.1 144 69 -1
0.1 70 71 -1
0.1 145 146 -1
0.1 72 73 -1
0.1 75 76 -1
0.1 74 149 -1
0.1 148 150 -1
0.1 147 151 -1
0.1 143 152 -1
0.1 78 79 -1
0.1 77 154 -1
0.1 155 80 -1
0.1 153 156 -1
0.1 139 157 -1
0.1 128 158 -1
