1 0 0 1
1 0 0 1
1 0 0 1
1 0 0 1
1 0 0 1
1 0 0 1
1 0 0 1
1 0 0 1
1 0 0 1
1 0 0 1
1 0 0 1
1 0 0 1
1 0 0 1
1 0 0 1
1 0 0 1
1 0 0 1
1 0 0 1
1 0 0 1
1 0 0 1
1 0 0 1
1 0 0 2
1 0 0 2
1 0 0 2
1 0 0 2
1 0 0 2
1 0 0 2
1 0 0 2
1 0 0 2
1 0 0 2
1 0 0 2
1 0 0 2
1 0 0 2
1 0 0 2
1 0 0 2
1 0 0 2
1 0 0 2
1 0 0 2
1 0 0 2
1 0 0 2
1 0 0 2
1 0 0 3
1 0 0 3
1 0 0 3
1 0 0 3
1 0 0 3
1 0 0 3
1 0 0 3
1 0 0 3
1 0 0 3
1 0 0 3
1 0 0 3
1 0 0 3
1 0 0 3
1 0 0 3
1 0 0 3
1 0 0 3
1 0 0 3
1 0 0 3
1 0 0 3
1 0 0 3
1 0 0 4
1 0 0 4
1 0 0 5
1 0 0 5
1 0 0 5
1 0 0 5
1 0 0 5
1 0 0 5
1 0 0 5
1 0 0 5
1 0 0 5
1 0 0 5
1 0 0 5
1 0 0 5
1 0 0 5
1 0 0 5
1 0 0 5
1 0 0 5
1 0 0 5
1 0 0 5
1 0 0 5
1 0 0 5
1 0 0 4
1 0 0 4
1 0 0 4
1 0 0 4
1 0 0 4
1 0 0 4
1 0 0 4
1 0 0 4
1 0 0 4
1 0 0 4
1 0 0 4
1 0 0 4
1 0 0 4
1 0 0 4
1 0 0 4
1 0 0 4
1 0 0 4
1 0 0 4
1 0 0 6
1 0 0 6
1 0 0 6
1 0 0 6
1 0 0 6
1 0 0 6
1 0 0 6
1 0 0 6
1 0 0 6
1 0 0 6
1 0 0 6
1 0 0 6
1 0 0 6
1 0 0 6
1 0 0 6
1 0 0 6
1 0 0 6
1 0 0 6
1 0 0 6
1 0 0 6
1 0 0 7
1 0 0 7
1 0 0 7
1 0 0 7
1 0 0 7
1 0 0 7
1 0 0 7
1 0 0 7
1 0 0 7
1 0 0 7
1 0 0 7
1 0 0 7
1 0 0 7
1 0 0 7
1 0 0 7
1 0 0 7
1 0 0 7
1 0 0 7
1 0 0 7
1 0 0 7
1 0 0 8
1 0 0 8
1 0 0 8
1 0 0 8
1 0 0 8
1 0 0 8
1 0 0 8
1 0 0 8
1 0 0 8
1 0 0 8
1 0 0 8
1 0 0 8
1 0 0 8
1 0 0 8
1 0 0 8
1 0 0 8
1 0 0 8
1 0 0 8
1 0 0 8
1 0 0 8
1 0 0 9
1 0 0 9
1 0 0 9
1 0 0 9
1 0 0 9
1 0 0 9
1 0 0 9
1 0 0 9
1 0 0 9
1 0 0 9
1 0 0 9
1 0 0 9
1 0 0 9
1 0 0 9
1 0 0 9
1 0 0 9
1 0 0 9
1 0 0 9
1 0 0 9
1 0 0 9
1 0 0 10
1 0 0 10
1 0 0 10
1 0 0 11
1 0 0 11
1 0 0 11
1 0 0 11
1 0 0 11
1 0 0 11
1 0 0 11
1 0 0 12
1 0 0 12
1 0 0 12
1 0 0 13
1 0 0 13
1 0 0 13
1 0 0 13
1 0 0 13
1 0 0 13
1 0 0 13
1 0 0 13
1 0 0 13
1 0 0 12
1 0 0 12
1 0 0 12
1 0 0 12
1 0 0 12
1 0 0 12
1 0 0 12
1 0 0 12
1 0 0 12
1 0 0 12
1 0 0 12
1 0 0 13
1 0 0 13
1 0 0 13
1 0 0 13
1 0 0 13
1 0 0 13
1 0 0 13
1 0 0 13
1 0 0 13
1 0 0 13
1 0 0 13
1 0 0 12
1 0 0 12
1 0 0 12
1 0 0 12
1 0 0 12
1 0 0 12
1 0 0 11
1 0 0 11
1 0 0 11
1 0 0 11
1 0 0 11
1 0 0 11
1 0 0 11
1 0 0 11
1 0 0 11
1 0 0 11
1 0 0 11
1 0 0 11
1 0 0 11
1 0 0 14
1 0 0 14
1 0 0 14
1 0 0 14
1 0 0 14
1 0 0 14
1 0 0 14
1 0 0 14
1 0 0 14
1 0 0 14
1 0 0 14
1 0 0 14
1 0 0 14
1 0 0 14
1 0 0 14
1 0 0 14
1 0 0 14
1 0 0 14
1 0 0 14
1 0 0 14
1 0 0 15
1 0 0 15
1 0 0 15
1 0 0 15
1 0 0 15
1 0 0 15
1 0 0 15
1 0 0 15
1 0 0 15
1 0 0 15
1 0 0 15
1 0 0 15
1 0 0 15
1 0 0 15
1 0 0 15
1 0 0 15
1 0 0 15
1 0 0 15
1 0 0 15
1 0 0 15
1 0 0 10
1 0 0 10
1 0 0 10
1 0 0 10
1 0 0 10
1 0 0 10
1 0 0 10
1 0 0 10
1 0 0 10
1 0 0 10
1 0 0 10
1 0 0 10
1 0 0 10
1 0 0 10
1 0 0 10
1 0 0 10
1 0 0 10
0.1 1 2 -1
0.1 4 5 -1
0.1 3 302 -1
0.1 303 6 -1
0.1 304 7 -1
0.1 301 305 -1
0.1 11 12 -1
0.1 10 307 -1
0.1 9 308 -1
0.1 15 16 -1
0.1 14 310 -1
0.1 13 311 -1
0.1 309 312 -1
0.1 8 313 -1
0.1 306 314 -1
0.1 17 18 -1
0.1 19 20 -1
0.1 316 317 -1
0.1 315 318 -1
0.1 21 22 -1
0.1 23 24 -1
0.1 26 27 -1
0.1 25 322 -1
0.1 321 323 -1
0.1 28 29 -1
0.1 324 325 -1
0.1 30 31 -1
0.1 33 34 -1
0.1 35 36 -1
0.1 329 37 -1
0.1 328 330 -1
0.1 38 39 -1
0.1 331 332 -1
0.1 32 333 -1
0.1 334 40 -1
0.1 327 335 -1
0.1 326 336 -1
0.1 320 337 -1
0.1 43 44 -1
0.1 42 339 -1
0.1 41 340 -1
0.1 46 47 -1
0.1 48 49 -1
0.1 342 343 -1
0.1 344 50 -1
0.1 51 52 -1
0.1 345 346 -1
0.1 54 55 -1
0.1 53 348 -1
0.1 347 349 -1
0.1 45 350 -1
0.1 59 60 -1
0.1 58 352 -1
0.1 57 353 -1
0.1 56 354 -1
0.1 351 355 -1
0.1 341 356 -1
0.1 357 61 -1
0.1 65 66 -1
0.1 64 359 -1
0.1 63 360 -1
0.1 68 69 -1
0.1 362 70 -1
0.1 363 71 -1
0.1 67 364 -1
0.1 361 365 -1
0.1 74 75 -1
0.1 73 367 -1
0.1 76 77 -1
0.1 369 78 -1
0.1 80 81 -1
0.1 371 82 -1
0.1 79 372 -1
0.1 370 373 -1
0.1 368 374 -1
0.1 72 375 -1
0.1 366 376 -1
0.1 62 377 -1
0.1 83 84 -1
0.1 378 379 -1
0.1 86 87 -1
0.1 85 381 -1
0.1 382 88 -1
0.1 89 90 -1
0.1 91 92 -1
0.1 384 385 -1
0.1 386 93 -1
0.1 383 387 -1
0.1 94 95 -1
0.1 96 97 -1
0.1 389 390 -1
0.1 388 391 -1
0.1 99 100 -1
0.1 98 393 -1
0.1 392 394 -1
0.1 380 395 -1
0.1 358 396 -1
0.1 101 102 -1
0.1 105 106 -1
0.1 104 399 -1
0.1 400 107 -1
0.1 401 108 -1
0.1 103 402 -1
0.1 398 403 -1
0.1 404 109 -1
0.1 111 112 -1
0.1 110 406 -1
0.1 113 114 -1
0.1 115 116 -1
0.1 408 409 -1
0.1 407 410 -1
0.1 118 119 -1
0.1 412 120 -1
0.1 117 413 -1
0.1 411 414 -1
0.1 405 415 -1
0.1 123 124 -1
0.1 126 127 -1
0.1 125 418 -1
0.1 417 419 -1
0.1 122 420 -1
0.1 121 421 -1
0.1 131 132 -1
0.1 130 423 -1
0.1 129 424 -1
0.1 128 425 -1
0.1 133 134 -1
0.1 427 135 -1
0.1 426 428 -1
0.1 422 429 -1
0.1 138 139 -1
0.1 137 431 -1
0.1 136 432 -1
0.1 433 140 -1
0.1 430 434 -1
0.1 416 435 -1
0.1 397 436 -1
0.1 338 437 -1
0.1 141 142 -1
0.1 144 145 -1
0.1 143 440 -1
0.1 439 441 -1
0.1 147 148 -1
0.1 149 150 -1
0.1 444 151 -1
0.1 443 445 -1
0.1 153 154 -1
0.1 447 155 -1
0.1 156 157 -1
0.1 449 158 -1
0.1 448 450 -1
0.1 159 160 -1
0.1 451 452 -1
0.1 152 453 -1
0.1 446 454 -1
0.1 146 455 -1
0.1 442 456 -1
0.1 162 163 -1
0.1 458 164 -1
0.1 161 459 -1
0.1 165 166 -1
0.1 167 168 -1
0.1 461 462 -1
0.1 463 169 -1
0.1 460 464 -1
0.1 170 171 -1
0.1 172 173 -1
0.1 176 177 -1
0.1 175 468 -1
0.1 174 469 -1
0.1 179 180 -1
0.1 178 471 -1
0.1 470 472 -1
0.1 467 473 -1
0.1 466 474 -1
0.1 465 475 -1
0.1 457 476 -1
0.1 477 181 -1
0.1 182 183 -1
0.1 478 479 -1
0.1 438 480 -1
0.1 319 481 -1
0.1 186 187 -1
0.1 185 483 -1
0.1 184 484 -1
0.1 188 189 -1
0.1 486 190 -1
0.1 194 195 -1
0.1 200 201 -1
0.1 199 489 -1
0.1 490 202 -1
0.1 198 491 -1
0.1 197 492 -1
0.1 196 493 -1
0.1 488 494 -1
0.1 495 203 -1
0.1 193 496 -1
0.1 205 206 -1
0.1 204 498 -1
0.1 208 209 -1
0.1 207 500 -1
0.1 211 212 -1
0.1 210 502 -1
0.1 503 213 -1
0.1 501 504 -1
0.1 499 505 -1
0.1 215 216 -1
0.1 218 219 -1
0.1 217 508 -1
0.1 507 509 -1
0.1 220 221 -1
0.1 223 224 -1
0.1 222 512 -1
0.1 511 513 -1
0.1 510 514 -1
0.1 214 515 -1
0.1 225 226 -1
0.1 516 517 -1
0.1 227 228 -1
0.1 518 519 -1
0.1 229 230 -1
0.1 520 521 -1
0.1 506 522 -1
0.1 497 523 -1
0.1 192 524 -1
0.1 191 525 -1
0.1 487 526 -1
0.1 231 232 -1
0.1 528 233 -1
0.1 235 236 -1
0.1 234 530 -1
0.1 529 531 -1
0.1 239 240 -1
0.1 238 533 -1
0.1 241 242 -1
0.1 534 535 -1
0.1 237 536 -1
0.1 532 537 -1
0.1 538 243 -1
0.1 250 251 -1
0.1 249 540 -1
0.1 248 541 -1
0.1 247 542 -1
0.1 543 252 -1
0.1 246 544 -1
0.1 245 545 -1
0.1 253 254 -1
0.1 257 258 -1
0.1 259 260 -1
0.1 548 549 -1
0.1 256 550 -1
0.1 255 551 -1
0.1 547 552 -1
0.1 262 263 -1
0.1 261 554 -1
0.1 553 555 -1
0.1 546 556 -1
0.1 244 557 -1
0.1 539 558 -1
0.1 264 265 -1
0.1 266 267 -1
0.1 561 268 -1
0.1 269 270 -1
0.1 562 563 -1
0.1 560 564 -1
0.1 271 272 -1
0.1 274 275 -1
0.1 277 278 -1
0.1 276 568 -1
0.1 567 569 -1
0.1 273 570 -1
0.1 566 571 -1
0.1 280 281 -1
0.1 279 573 -1
0.1 282 283 -1
0.1 574 575 -1
0.1 572 576 -1
0.1 565 577 -1
0.1 559 578 -1
0.1 527 579 -1
0.1 485 580 -1
0.1 286 287 -1
0.1 285 582 -1
0.1 284 583 -1
0.1 290 291 -1
0.1 292 293 -1
0.1 585 586 -1
0.1 289 587 -1
0.1 288 588 -1
0.1 584 589 -1
0.1 295 296 -1
0.1 294 591 -1
0.1 592 297 -1
0.1 298 299 -1
0.1 594 300 -1
0.1 593 595 -1
0.1 590 596 -1
0.1 581 597 -1
0.1 482 598 -1
