1 0 0 1
1 0 0 1
1 0 0 1
1 0 0 1
1 0 0 1
1 0 0 1
1 0 0 1
1 0 0 1
1 0 0 1
1 0 0 1
1 0 0 1
1 0 0 1
1 0 0 1
1 0 0 2
1 0 0 2
1 0 0 2
1 0 0 2
1 0 0 2
1 0 0 2
1 0 0 2
1 0 0 3
1 0 0 3
1 0 0 3
1 0 0 3
1 0 0 3
1 0 0 3
1 0 0 3
1 0 0 3
1 0 0 3
1 0 0 3
1 0 0 3
1 0 0 3
1 0 0 3
1 0 0 3
1 0 0 3
1 0 0 3
1 0 0 3
1 0 0 3
1 0 0 3
1 0 0 3
1 0 0 4
1 0 0 4
1 0 0 4
1 0 0 4
1 0 0 4
1 0 0 4
1 0 0 4
1 0 0 4
1 0 0 4
1 0 0 4
1 0 0 4
1 0 0 4
1 0 0 4
1 0 0 4
1 0 0 4
1 0 0 4
1 0 0 4
1 0 0 4
1 0 0 4
1 0 0 4
1 0 0 5
1 0 0 5
1 0 0 5
1 0 0 5
1 0 0 5
1 0 0 5
1 0 0 5
1 0 0 5
1 0 0 5
1 0 0 5
1 0 0 5
1 0 0 5
1 0 0 5
1 0 0 5
1 0 0 5
1 0 0 5
1 0 0 5
1 0 0 5
1 0 0 5
1 0 0 5
1 0 0 6
1 0 0 6
1 0 0 6
1 0 0 6
1 0 0 6
1 0 0 6
1 0 0 6
1 0 0 6
1 0 0 6
1 0 0 6
1 0 0 6
1 0 0 6
1 0 0 6
1 0 0 6
1 0 0 6
1 0 0 6
1 0 0 6
1 0 0 6
1 0 0 6
1 0 0 6
1 0 0 7
1 0 0 7
1 0 0 7
1 0 0 7
1 0 0 7
1 0 0 7
1 0 0 7
1 0 0 7
1 0 0 7
1 0 0 7
1 0 0 7
1 0 0 7
1 0 0 7
1 0 0 7
1 0 0 7
1 0 0 7
1 0 0 7
1 0 0 7
1 0 0 7
1 0 0 7
1 0 0 8
1 0 0 8
1 0 0 8
1 0 0 8
1 0 0 8
1 0 0 8
1 0 0 8
1 0 0 8
1 0 0 8
1 0 0 8
1 0 0 8
1 0 0 8
1 0 0 8
1 0 0 8
1 0 0 8
1 0 0 9
1 0 0 9
1 0 0 9
1 0 0 9
1 0 0 9
1 0 0 9
1 0 0 9
1 0 0 9
1 0 0 9
1 0 0 9
1 0 0 9
1 0 0 9
1 0 0 9
1 0 0 9
1 0 0 9
1 0 0 9
1 0 0 9
1 0 0 9
1 0 0 9
1 0 0 9
1 0 0 8
1 0 0 8
1 0 0 8
1 0 0 8
1 0 0 10
1 0 0 10
1 0 0 10
1 0 0 10
1 0 0 10
1 0 0 10
1 0 0 10
1 0 0 10
1 0 0 10
1 0 0 10
1 0 0 10
1 0 0 10
1 0 0 10
1 0 0 10
1 0 0 10
1 0 0 10
1 0 0 10
1 0 0 10
1 0 0 10
1 0 0 10
1 0 0 11
1 0 0 11
1 0 0 11
1 0 0 11
1 0 0 11
1 0 0 11
1 0 0 11
1 0 0 11
1 0 0 11
1 0 0 11
1 0 0 11
1 0 0 11
1 0 0 11
1 0 0 11
1 0 0 11
1 0 0 11
1 0 0 11
1 0 0 11
1 0 0 11
1 0 0 11
1 0 0 12
1 0 0 12
1 0 0 12
1 0 0 12
1 0 0 12
1 0 0 13
1 0 0 13
1 0 0 13
1 0 0 13
1 0 0 13
1 0 0 13
1 0 0 13
1 0 0 13
1 0 0 13
1 0 0 13
1 0 0 13
1 0 0 13
1 0 0 14
1 0 0 14
1 0 0 14
1 0 0 14
1 0 0 14
1 0 0 14
1 0 0 14
1 0 0 14
1 0 0 14
1 0 0 14
1 0 0 14
1 0 0 14
1 0 0 14
1 0 0 14
1 0 0 14
1 0 0 14
1 0 0 14
1 0 0 14
1 0 0 14
1 0 0 14
1 0 0 13
1 0 0 13
1 0 0 13
1 0 0 13
1 0 0 13
1 0 0 13
1 0 0 13
1 0 0 13
1 0 0 12
1 0 0 15
1 0 0 15
1 0 0 15
1 0 0 15
1 0 0 15
1 0 0 15
1 0 0 15
1 0 0 15
1 0 0 15
1 0 0 15
1 0 0 15
1 0 0 15
1 0 0 15
1 0 0 15
1 0 0 15
1 0 0 15
1 0 0 15
1 0 0 15
1 0 0 15
1 0 0 15
1 0 0 16
1 0 0 16
1 0 0 16
1 0 0 16
1 0 0 16
1 0 0 16
1 0 0 16
1 0 0 16
1 0 0 16
1 0 0 16
1 0 0 16
1 0 0 16
1 0 0 16
1 0 0 16
1 0 0 16
1 0 0 16
1 0 0 16
1 0 0 16
1 0 0 16
1 0 0 16
1 0 0 17
1 0 0 17
1 0 0 17
1 0 0 17
1 0 0 17
1 0 0 17
1 0 0 17
1 0 0 17
1 0 0 17
1 0 0 17
1 0 0 17
1 0 0 17
1 0 0 17
1 0 0 17
1 0 0 17
1 0 0 17
1 0 0 17
1 0 0 17
1 0 0 17
1 0 0 17
1 0 0 18
1 0 0 18
1 0 0 18
1 0 0 18
1 0 0 18
1 0 0 18
1 0 0 18
1 0 0 18
1 0 0 18
1 0 0 18
1 0 0 18
1 0 0 18
1 0 0 18
1 0 0 18
1 0 0 18
1 0 0 18
1 0 0 18
1 0 0 18
1 0 0 18
1 0 0 18
1 0 0 12
1 0 0 12
1 0 0 12
1 0 0 12
1 0 0 12
1 0 0 12
1 0 0 12
1 0 0 12
1 0 0 12
1 0 0 12
1 0 0 12
1 0 0 12
1 0 0 12
1 0 0 12
1 0 0 19
1 0 0 19
1 0 0 19
1 0 0 19
1 0 0 19
1 0 0 19
1 0 0 19
1 0 0 19
1 0 0 19
1 0 0 19
1 0 0 19
1 0 0 19
1 0 0 19
1 0 0 19
1 0 0 19
1 0 0 19
1 0 0 19
1 0 0 19
1 0 0 19
1 0 0 19
1 0 0 20
1 0 0 20
1 0 0 20
1 0 0 20
1 0 0 20
1 0 0 20
1 0 0 20
1 0 0 20
1 0 0 20
1 0 0 20
1 0 0 20
1 0 0 20
1 0 0 20
1 0 0 20
1 0 0 20
1 0 0 20
1 0 0 20
1 0 0 20
1 0 0 21
1 0 0 21
1 0 0 21
1 0 0 21
1 0 0 21
1 0 0 21
1 0 0 21
1 0 0 21
1 0 0 21
1 0 0 21
1 0 0 21
1 0 0 21
1 0 0 21
1 0 0 21
1 0 0 21
1 0 0 21
1 0 0 21
1 0 0 21
1 0 0 21
1 0 0 21
1 0 0 20
1 0 0 20
1 0 0 22
1 0 0 22
1 0 0 22
1 0 0 23
1 0 0 23
1 0 0 23
1 0 0 23
1 0 0 23
1 0 0 23
1 0 0 23
1 0 0 23
1 0 0 23
1 0 0 23
1 0 0 23
1 0 0 23
1 0 0 23
1 0 0 23
1 0 0 23
1 0 0 23
1 0 0 23
1 0 0 23
1 0 0 23
1 0 0 23
1 0 0 22
1 0 0 22
1 0 0 22
1 0 0 22
1 0 0 24
1 0 0 24
1 0 0 24
1 0 0 24
1 0 0 24
1 0 0 24
1 0 0 24
1 0 0 24
1 0 0 24
1 0 0 24
1 0 0 24
1 0 0 22
1 0 0 22
1 0 0 22
1 0 0 22
1 0 0 22
1 0 0 22
1 0 0 22
1 0 0 22
1 0 0 22
1 0 0 22
1 0 0 22
1 0 0 22
1 0 0 22
1 0 0 24
1 0 0 24
1 0 0 24
1 0 0 24
1 0 0 24
1 0 0 24
1 0 0 24
1 0 0 24
1 0 0 24
1 0 0 8
1 0 0 2
1 0 0 25
1 0 0 25
1 0 0 25
1 0 0 26
1 0 0 26
1 0 0 26
1 0 0 26
1 0 0 26
1 0 0 26
1 0 0 26
1 0 0 26
1 0 0 26
1 0 0 26
1 0 0 26
1 0 0 26
1 0 0 26
1 0 0 26
1 0 0 26
1 0 0 26
1 0 0 26
1 0 0 26
1 0 0 26
1 0 0 26
1 0 0 25
1 0 0 25
1 0 0 25
1 0 0 25
1 0 0 25
1 0 0 25
1 0 0 25
1 0 0 25
1 0 0 25
1 0 0 25
1 0 0 25
1 0 0 25
1 0 0 25
1 0 0 25
1 0 0 25
1 0 0 25
1 0 0 25
1 0 0 27
1 0 0 27
1 0 0 27
1 0 0 27
1 0 0 27
1 0 0 27
1 0 0 27
1 0 0 27
1 0 0 27
1 0 0 27
1 0 0 27
1 0 0 27
1 0 0 27
1 0 0 27
1 0 0 27
1 0 0 27
1 0 0 27
1 0 0 27
1 0 0 27
1 0 0 27
1 0 0 2
1 0 0 2
1 0 0 2
1 0 0 2
1 0 0 2
1 0 0 2
1 0 0 2
1 0 0 2
1 0 0 2
1 0 0 2
1 0 0 2
1 0 0 2
1 0 0 28
1 0 0 28
1 0 0 28
1 0 0 28
1 0 0 28
1 0 0 28
1 0 0 28
1 0 0 28
1 0 0 28
1 0 0 28
1 0 0 28
1 0 0 28
1 0 0 28
1 0 0 28
1 0 0 28
1 0 0 28
1 0 0 28
1 0 0 28
1 0 0 28
1 0 0 28
1 0 0 29
1 0 0 29
1 0 0 29
1 0 0 29
1 0 0 29
1 0 0 29
1 0 0 29
1 0 0 29
1 0 0 29
1 0 0 29
1 0 0 29
1 0 0 29
1 0 0 29
1 0 0 29
1 0 0 29
1 0 0 29
1 0 0 30
1 0 0 30
1 0 0 30
1 0 0 30
1 0 0 30
1 0 0 30
1 0 0 31
1 0 0 31
1 0 0 31
1 0 0 31
1 0 0 31
1 0 0 31
1 0 0 31
1 0 0 31
1 0 0 31
1 0 0 31
1 0 0 31
1 0 0 31
1 0 0 31
1 0 0 31
1 0 0 31
1 0 0 31
1 0 0 31
1 0 0 31
1 0 0 31
1 0 0 31
1 0 0 29
1 0 0 29
1 0 0 29
1 0 0 29
1 0 0 30
1 0 0 30
1 0 0 30
1 0 0 32
1 0 0 32
1 0 0 32
1 0 0 32
1 0 0 32
1 0 0 32
1 0 0 32
1 0 0 32
1 0 0 32
1 0 0 32
1 0 0 32
1 0 0 32
1 0 0 32
1 0 0 32
1 0 0 33
1 0 0 33
1 0 0 33
1 0 0 33
1 0 0 33
1 0 0 33
1 0 0 33
1 0 0 33
1 0 0 33
1 0 0 33
1 0 0 33
1 0 0 33
1 0 0 33
1 0 0 33
1 0 0 33
1 0 0 33
1 0 0 33
1 0 0 33
1 0 0 33
1 0 0 33
1 0 0 32
1 0 0 32
1 0 0 32
1 0 0 32
1 0 0 32
1 0 0 34
1 0 0 34
1 0 0 34
1 0 0 34
1 0 0 34
1 0 0 34
1 0 0 34
1 0 0 34
1 0 0 34
1 0 0 34
1 0 0 34
1 0 0 34
1 0 0 34
1 0 0 34
1 0 0 34
1 0 0 34
1 0 0 34
1 0 0 34
1 0 0 34
1 0 0 34
1 0 0 32
1 0 0 35
1 0 0 35
1 0 0 35
1 0 0 35
1 0 0 35
1 0 0 35
1 0 0 35
1 0 0 35
1 0 0 35
1 0 0 35
1 0 0 35
1 0 0 35
1 0 0 35
1 0 0 35
1 0 0 35
1 0 0 35
1 0 0 35
1 0 0 35
1 0 0 35
1 0 0 35
1 0 0 30
1 0 0 30
1 0 0 30
1 0 0 30
1 0 0 30
1 0 0 36
1 0 0 36
1 0 0 36
1 0 0 36
1 0 0 36
1 0 0 36
1 0 0 36
1 0 0 36
1 0 0 36
1 0 0 36
1 0 0 36
1 0 0 36
1 0 0 36
1 0 0 36
1 0 0 36
1 0 0 36
1 0 0 36
1 0 0 36
1 0 0 36
1 0 0 36
1 0 0 37
1 0 0 37
1 0 0 37
1 0 0 37
1 0 0 37
1 0 0 37
1 0 0 37
1 0 0 37
1 0 0 37
1 0 0 37
1 0 0 37
1 0 0 37
1 0 0 37
1 0 0 37
1 0 0 37
1 0 0 37
1 0 0 37
1 0 0 37
1 0 0 37
1 0 0 37
1 0 0 30
1 0 0 38
1 0 0 38
1 0 0 38
1 0 0 38
1 0 0 38
1 0 0 38
1 0 0 38
1 0 0 38
1 0 0 38
1 0 0 38
1 0 0 38
1 0 0 38
1 0 0 38
1 0 0 38
1 0 0 38
1 0 0 38
1 0 0 38
1 0 0 38
1 0 0 38
1 0 0 38
1 0 0 39
1 0 0 39
1 0 0 39
1 0 0 39
1 0 0 39
1 0 0 39
1 0 0 39
1 0 0 39
1 0 0 39
1 0 0 39
1 0 0 39
1 0 0 39
1 0 0 39
1 0 0 39
1 0 0 39
1 0 0 39
1 0 0 39
1 0 0 39
1 0 0 39
1 0 0 39
1 0 0 40
1 0 0 40
1 0 0 40
1 0 0 40
1 0 0 40
1 0 0 40
1 0 0 40
1 0 0 40
1 0 0 40
1 0 0 40
1 0 0 40
1 0 0 40
1 0 0 40
1 0 0 40
1 0 0 40
1 0 0 40
1 0 0 40
1 0 0 40
1 0 0 40
1 0 0 41
1 0 0 41
1 0 0 41
1 0 0 41
1 0 0 41
1 0 0 41
1 0 0 41
1 0 0 41
1 0 0 41
1 0 0 41
1 0 0 41
1 0 0 41
1 0 0 41
1 0 0 41
1 0 0 41
1 0 0 41
1 0 0 41
1 0 0 41
1 0 0 41
1 0 0 41
1 0 0 40
1 0 0 30
1 0 0 42
1 0 0 42
1 0 0 42
1 0 0 42
1 0 0 43
1 0 0 43
1 0 0 43
1 0 0 43
1 0 0 43
1 0 0 43
1 0 0 43
1 0 0 43
1 0 0 44
1 0 0 44
1 0 0 44
1 0 0 44
1 0 0 44
1 0 0 44
1 0 0 44
1 0 0 44
1 0 0 44
1 0 0 44
1 0 0 44
1 0 0 44
1 0 0 44
1 0 0 44
1 0 0 44
1 0 0 44
1 0 0 44
1 0 0 44
1 0 0 44
1 0 0 44
1 0 0 43
1 0 0 43
1 0 0 43
1 0 0 43
1 0 0 43
1 0 0 43
1 0 0 43
1 0 0 43
1 0 0 43
1 0 0 43
1 0 0 43
1 0 0 43
1 0 0 42
1 0 0 42
1 0 0 42
1 0 0 42
1 0 0 42
1 0 0 42
1 0 0 42
1 0 0 42
1 0 0 42
1 0 0 45
1 0 0 45
1 0 0 45
1 0 0 45
1 0 0 45
1 0 0 45
1 0 0 45
1 0 0 45
1 0 0 45
1 0 0 45
1 0 0 45
1 0 0 45
1 0 0 45
1 0 0 45
1 0 0 45
1 0 0 45
1 0 0 45
1 0 0 45
1 0 0 45
1 0 0 45
1 0 0 42
1 0 0 42
1 0 0 42
1 0 0 42
1 0 0 42
1 0 0 42
1 0 0 42
1 0 0 30
1 0 0 30
1 0 0 46
1 0 0 46
1 0 0 46
1 0 0 46
1 0 0 46
1 0 0 46
1 0 0 46
1 0 0 46
1 0 0 46
1 0 0 46
1 0 0 46
1 0 0 46
1 0 0 46
1 0 0 46
1 0 0 46
1 0 0 46
1 0 0 46
1 0 0 46
1 0 0 46
1 0 0 46
1 0 0 30
1 0 0 30
1 0 0 1
1 0 0 1
1 0 0 1
1 0 0 1
1 0 0 1
1 0 0 1
1 0 0 1
1 0 0 47
1 0 0 47
1 0 0 47
1 0 0 47
1 0 0 47
1 0 0 47
1 0 0 47
1 0 0 47
1 0 0 47
1 0 0 47
1 0 0 47
1 0 0 47
1 0 0 47
1 0 0 47
1 0 0 47
1 0 0 47
1 0 0 47
1 0 0 47
1 0 0 47
1 0 0 47
1 0 0 48
1 0 0 48
1 0 0 48
1 0 0 48
1 0 0 48
1 0 0 48
1 0 0 48
1 0 0 48
1 0 0 48
1 0 0 48
1 0 0 48
1 0 0 48
1 0 0 48
1 0 0 48
1 0 0 48
1 0 0 48
1 0 0 48
1 0 0 48
1 0 0 48
1 0 0 48
1 0 0 49
1 0 0 49
1 0 0 49
1 0 0 49
1 0 0 49
1 0 0 49
1 0 0 49
1 0 0 49
1 0 0 49
1 0 0 49
1 0 0 49
1 0 0 49
1 0 0 49
1 0 0 49
1 0 0 49
1 0 0 49
1 0 0 49
1 0 0 49
1 0 0 49
1 0 0 49
1 0 0 50
1 0 0 50
1 0 0 50
1 0 0 50
1 0 0 50
1 0 0 50
1 0 0 50
1 0 0 50
1 0 0 50
1 0 0 50
1 0 0 50
1 0 0 50
1 0 0 50
1 0 0 50
1 0 0 50
1 0 0 50
1 0 0 50
1 0 0 50
1 0 0 50
1 0 0 50
1 0 0 51
1 0 0 51
1 0 0 51
1 0 0 51
1 0 0 51
1 0 0 51
1 0 0 51
1 0 0 51
1 0 0 51
1 0 0 51
1 0 0 51
1 0 0 51
1 0 0 51
1 0 0 51
1 0 0 51
1 0 0 51
1 0 0 51
1 0 0 51
1 0 0 51
1 0 0 51
1 0 0 52
1 0 0 52
1 0 0 52
1 0 0 52
1 0 0 52
1 0 0 52
1 0 0 52
1 0 0 52
1 0 0 52
1 0 0 52
1 0 0 52
1 0 0 52
1 0 0 52
1 0 0 52
1 0 0 52
1 0 0 52
1 0 0 52
1 0 0 52
1 0 0 52
1 0 0 52
1 0 0 53
1 0 0 53
1 0 0 53
1 0 0 53
1 0 0 53
1 0 0 53
1 0 0 53
1 0 0 53
1 0 0 53
1 0 0 53
1 0 0 53
1 0 0 53
1 0 0 54
1 0 0 54
1 0 0 54
1 0 0 54
1 0 0 54
1 0 0 54
1 0 0 54
1 0 0 54
1 0 0 54
1 0 0 54
1 0 0 54
1 0 0 54
1 0 0 54
1 0 0 54
1 0 0 54
1 0 0 54
1 0 0 54
1 0 0 54
1 0 0 54
1 0 0 54
1 0 0 55
1 0 0 55
1 0 0 55
1 0 0 55
1 0 0 55
1 0 0 55
1 0 0 55
1 0 0 55
1 0 0 55
1 0 0 55
1 0 0 55
1 0 0 55
1 0 0 55
1 0 0 55
1 0 0 55
1 0 0 55
1 0 0 55
1 0 0 55
1 0 0 55
1 0 0 55
1 0 0 53
1 0 0 53
1 0 0 53
1 0 0 53
1 0 0 53
1 0 0 53
1 0 0 53
1 0 0 53
0.1 3 4 -1
0.1 2 1101 -1
0.1 1 1102 -1
0.1 6 7 -1
0.1 8 9 -1
0.1 1104 1105 -1
0.1 11 12 -1
0.1 10 1107 -1
0.1 1106 1108 -1
0.1 1109 13 -1
0.1 5 1110 -1
0.1 1103 1111 -1
0.1 14 15 -1
0.1 16 17 -1
0.1 18 19 -1
0.1 1114 1115 -1
0.1 1116 20 -1
0.1 1113 1117 -1
0.1 22 23 -1
0.1 21 1119 -1
0.1 25 26 -1
0.1 24 1121 -1
0.1 1122 27 -1
0.1 30 31 -1
0.1 1124 32 -1
0.1 1125 33 -1
0.1 29 1126 -1
0.1 1127 34 -1
0.1 28 1128 -1
0.1 37 38 -1
0.1 1130 39 -1
0.1 36 1131 -1
0.1 35 1132 -1
0.1 1129 1133 -1
0.1 1134 40 -1
0.1 41 42 -1
0.1 43 44 -1
0.1 1137 45 -1
0.1 1136 1138 -1
0.1 48 49 -1
0.1 47 1140 -1
0.1 46 1141 -1
0.1 1139 1142 -1
0.1 52 53 -1
0.1 51 1144 -1
0.1 1145 54 -1
0.1 1146 55 -1
0.1 50 1147 -1
0.1 1143 1148 -1
0.1 57 58 -1
0.1 56 1150 -1
0.1 59 60 -1
0.1 1151 1152 -1
0.1 1149 1153 -1
0.1 62 63 -1
0.1 61 1155 -1
0.1 64 65 -1
0.1 1157 66 -1
0.1 1158 67 -1
0.1 68 69 -1
0.1 70 71 -1
0.1 1161 72 -1
0.1 73 74 -1
0.1 75 76 -1
0.1 1163 1164 -1
0.1 77 78 -1
0.1 1165 1166 -1
0.1 79 80 -1
0.1 1167 1168 -1
0.1 1162 1169 -1
0.1 1160 1170 -1
0.1 1159 1171 -1
0.1 1156 1172 -1
0.1 1154 1173 -1
0.1 1135 1174 -1
0.1 1123 1175 -1
0.1 1120 1176 -1
0.1 83 84 -1
0.1 82 1178 -1
0.1 1179 85 -1
0.1 88 89 -1
0.1 87 1181 -1
0.1 90 91 -1
0.1 1182 1183 -1
0.1 92 93 -1
0.1 1185 94 -1
0.1 1184 1186 -1
0.1 86 1187 -1
0.1 1188 95 -1
0.1 98 99 -1
0.1 97 1190 -1
0.1 1191 100 -1
0.1 96 1192 -1
0.1 1189 1193 -1
0.1 1180 1194 -1
0.1 81 1195 -1
0.1 101 102 -1
0.1 104 105 -1
0.1 103 1198 -1
0.1 106 107 -1
0.1 1200 108 -1
0.1 1199 1201 -1
0.1 1202 109 -1
0.1 1197 1203 -1
0.1 111 112 -1
0.1 110 1205 -1
0.1 115 116 -1
0.1 1207 117 -1
0.1 114 1208 -1
0.1 113 1209 -1
0.1 118 119 -1
0.1 1211 120 -1
0.1 1210 1212 -1
0.1 1206 1213 -1
0.1 1204 1214 -1
0.1 1196 1215 -1
0.1 1177 1216 -1
0.1 1118 1217 -1
0.1 122 123 -1
0.1 1219 124 -1
0.1 121 1220 -1
0.1 125 126 -1
0.1 128 129 -1
0.1 130 131 -1
0.1 1223 1224 -1
0.1 127 1225 -1
0.1 134 135 -1
0.1 133 1227 -1
0.1 132 1228 -1
0.1 1226 1229 -1
0.1 136 137 -1
0.1 140 141 -1
0.1 139 1232 -1
0.1 138 1233 -1
0.1 1231 1234 -1
0.1 142 143 -1
0.1 144 145 -1
0.1 1236 1237 -1
0.1 1235 1238 -1
0.1 149 150 -1
0.1 148 1240 -1
0.1 147 1241 -1
0.1 151 152 -1
0.1 153 154 -1
0.1 1244 155 -1
0.1 1243 1245 -1
0.1 1242 1246 -1
0.1 146 1247 -1
0.1 1239 1248 -1
0.1 1230 1249 -1
0.1 156 157 -1
0.1 1251 158 -1
0.1 1250 1252 -1
0.1 1222 1253 -1
0.1 1254 159 -1
0.1 1221 1255 -1
0.1 161 162 -1
0.1 160 1257 -1
0.1 163 164 -1
0.1 1259 165 -1
0.1 1258 1260 -1
0.1 1261 166 -1
0.1 167 168 -1
0.1 1262 1263 -1
0.1 1264 169 -1
0.1 170 171 -1
0.1 1266 172 -1
0.1 173 174 -1
0.1 1267 1268 -1
0.1 1265 1269 -1
0.1 176 177 -1
0.1 175 1271 -1
0.1 178 179 -1
0.1 1272 1273 -1
0.1 1270 1274 -1
0.1 182 183 -1
0.1 181 1276 -1
0.1 184 185 -1
0.1 1277 1278 -1
0.1 186 187 -1
0.1 188 189 -1
0.1 1281 190 -1
0.1 191 192 -1
0.1 1283 193 -1
0.1 194 195 -1
0.1 1284 1285 -1
0.1 1282 1286 -1
0.1 1280 1287 -1
0.1 1279 1288 -1
0.1 180 1289 -1
0.1 198 199 -1
0.1 197 1291 -1
0.1 196 1292 -1
0.1 1290 1293 -1
0.1 1275 1294 -1
0.1 201 202 -1
0.1 203 204 -1
0.1 1296 1297 -1
0.1 200 1298 -1
0.1 205 206 -1
0.1 212 213 -1
0.1 211 1301 -1
0.1 215 216 -1
0.1 214 1303 -1
0.1 1302 1304 -1
0.1 210 1305 -1
0.1 209 1306 -1
0.1 208 1307 -1
0.1 207 1308 -1
0.1 1300 1309 -1
0.1 218 219 -1
0.1 220 221 -1
0.1 223 224 -1
0.1 222 1313 -1
0.1 225 226 -1
0.1 227 228 -1
0.1 1315 1316 -1
0.1 229 230 -1
0.1 1317 1318 -1
0.1 1314 1319 -1
0.1 231 232 -1
0.1 1320 1321 -1
0.1 1312 1322 -1
0.1 235 236 -1
0.1 234 1324 -1
0.1 233 1325 -1
0.1 1323 1326 -1
0.1 1311 1327 -1
0.1 217 1328 -1
0.1 1310 1329 -1
0.1 238 239 -1
0.1 241 242 -1
0.1 243 244 -1
0.1 1332 1333 -1
0.1 240 1334 -1
0.1 1331 1335 -1
0.1 237 1336 -1
0.1 1330 1337 -1
0.1 1338 245 -1
0.1 1299 1339 -1
0.1 246 247 -1
0.1 1341 248 -1
0.1 249 250 -1
0.1 1342 1343 -1
0.1 252 253 -1
0.1 254 255 -1
0.1 1345 1346 -1
0.1 1347 256 -1
0.1 259 260 -1
0.1 258 1349 -1
0.1 1350 261 -1
0.1 257 1351 -1
0.1 1348 1352 -1
0.1 1353 262 -1
0.1 264 265 -1
0.1 263 1355 -1
0.1 1354 1356 -1
0.1 251 1357 -1
0.1 1344 1358 -1
0.1 266 267 -1
0.1 268 269 -1
0.1 1360 1361 -1
0.1 270 271 -1
0.1 273 274 -1
0.1 272 1364 -1
0.1 276 277 -1
0.1 275 1366 -1
0.1 1365 1367 -1
0.1 1363 1368 -1
0.1 278 279 -1
0.1 281 282 -1
0.1 1371 283 -1
0.1 280 1372 -1
0.1 284 285 -1
0.1 1373 1374 -1
0.1 286 287 -1
0.1 1376 288 -1
0.1 290 291 -1
0.1 295 296 -1
0.1 1379 297 -1
0.1 1380 298 -1
0.1 1381 299 -1
0.1 294 1382 -1
0.1 293 1383 -1
0.1 301 302 -1
0.1 303 304 -1
0.1 1385 1386 -1
0.1 1387 305 -1
0.1 300 1388 -1
0.1 1384 1389 -1
0.1 292 1390 -1
0.1 1378 1391 -1
0.1 289 1392 -1
0.1 1377 1393 -1
0.1 1375 1394 -1
0.1 1370 1395 -1
0.1 1369 1396 -1
0.1 1362 1397 -1
0.1 306 307 -1
0.1 308 309 -1
0.1 1400 310 -1
0.1 1399 1401 -1
0.1 313 314 -1
0.1 312 1403 -1
0.1 311 1404 -1
0.1 1402 1405 -1
0.1 315 316 -1
0.1 317 318 -1
0.1 1407 1408 -1
0.1 1406 1409 -1
0.1 319 320 -1
0.1 1410 1411 -1
0.1 321 322 -1
0.1 1412 1413 -1
0.1 1398 1414 -1
0.1 1359 1415 -1
0.1 324 325 -1
0.1 323 1417 -1
0.1 1416 1418 -1
0.1 326 327 -1
0.1 1420 328 -1
0.1 329 330 -1
0.1 1422 331 -1
0.1 332 333 -1
0.1 1424 334 -1
0.1 1423 1425 -1
0.1 1421 1426 -1
0.1 335 336 -1
0.1 338 339 -1
0.1 337 1429 -1
0.1 1428 1430 -1
0.1 1427 1431 -1
0.1 1419 1432 -1
0.1 1340 1433 -1
0.1 1295 1434 -1
0.1 1256 1435 -1
0.1 340 341 -1
0.1 343 344 -1
0.1 342 1438 -1
0.1 345 346 -1
0.1 1439 1440 -1
0.1 349 350 -1
0.1 351 352 -1
0.1 1442 1443 -1
0.1 354 355 -1
0.1 353 1445 -1
0.1 1444 1446 -1
0.1 348 1447 -1
0.1 1448 356 -1
0.1 347 1449 -1
0.1 1450 357 -1
0.1 358 359 -1
0.1 1451 1452 -1
0.1 1441 1453 -1
0.1 1437 1454 -1
0.1 362 363 -1
0.1 361 1456 -1
0.1 364 365 -1
0.1 1457 1458 -1
0.1 360 1459 -1
0.1 1455 1460 -1
0.1 369 370 -1
0.1 368 1462 -1
0.1 1463 371 -1
0.1 367 1464 -1
0.1 373 374 -1
0.1 1466 375 -1
0.1 372 1467 -1
0.1 1468 376 -1
0.1 1465 1469 -1
0.1 366 1470 -1
0.1 378 379 -1
0.1 1472 380 -1
0.1 1473 381 -1
0.1 382 383 -1
0.1 384 385 -1
0.1 387 388 -1
0.1 1477 389 -1
0.1 386 1478 -1
0.1 1476 1479 -1
0.1 1475 1480 -1
0.1 1474 1481 -1
0.1 392 393 -1
0.1 391 1483 -1
0.1 1484 394 -1
0.1 390 1485 -1
0.1 395 396 -1
0.1 1486 1487 -1
0.1 1488 397 -1
0.1 1482 1489 -1
0.1 398 399 -1
0.1 1490 1491 -1
0.1 377 1492 -1
0.1 1471 1493 -1
0.1 1461 1494 -1
0.1 403 404 -1
0.1 405 406 -1
0.1 1496 1497 -1
0.1 407 408 -1
0.1 409 410 -1
0.1 413 414 -1
0.1 412 1501 -1
0.1 1502 415 -1
0.1 411 1503 -1
0.1 1504 416 -1
0.1 1505 417 -1
0.1 1500 1506 -1
0.1 1507 418 -1
0.1 1499 1508 -1
0.1 1498 1509 -1
0.1 419 420 -1
0.1 421 422 -1
0.1 1511 1512 -1
0.1 1510 1513 -1
0.1 402 1514 -1
0.1 423 424 -1
0.1 1516 425 -1
0.1 1515 1517 -1
0.1 401 1518 -1
0.1 1519 426 -1
0.1 400 1520 -1
0.1 428 429 -1
0.1 427 1522 -1
0.1 431 432 -1
0.1 434 435 -1
0.1 1525 436 -1
0.1 1526 437 -1
0.1 433 1527 -1
0.1 1524 1528 -1
0.1 430 1529 -1
0.1 1523 1530 -1
0.1 1521 1531 -1
0.1 439 440 -1
0.1 438 1533 -1
0.1 442 443 -1
0.1 441 1535 -1
0.1 1534 1536 -1
0.1 445 446 -1
0.1 447 448 -1
0.1 1539 449 -1
0.1 1540 450 -1
0.1 1538 1541 -1
0.1 444 1542 -1
0.1 1537 1543 -1
0.1 1532 1544 -1
0.1 1495 1545 -1
0.1 455 456 -1
0.1 454 1547 -1
0.1 453 1548 -1
0.1 1549 457 -1
0.1 452 1550 -1
0.1 458 459 -1
0.1 1551 1552 -1
0.1 451 1553 -1
0.1 1546 1554 -1
0.1 1555 460 -1
0.1 1436 1556 -1
0.1 1218 1557 -1
0.1 462 463 -1
0.1 466 467 -1
0.1 1560 468 -1
0.1 472 473 -1
0.1 471 1562 -1
0.1 470 1563 -1
0.1 469 1564 -1
0.1 1561 1565 -1
0.1 465 1566 -1
0.1 474 475 -1
0.1 476 477 -1
0.1 1568 1569 -1
0.1 478 479 -1
0.1 1571 480 -1
0.1 481 482 -1
0.1 483 484 -1
0.1 1573 1574 -1
0.1 1572 1575 -1
0.1 1570 1576 -1
0.1 1567 1577 -1
0.1 464 1578 -1
0.1 485 486 -1
0.1 487 488 -1
0.1 489 490 -1
0.1 1582 491 -1
0.1 1581 1583 -1
0.1 1580 1584 -1
0.1 1579 1585 -1
0.1 495 496 -1
0.1 494 1587 -1
0.1 493 1588 -1
0.1 492 1589 -1
0.1 498 499 -1
0.1 497 1591 -1
0.1 503 504 -1
0.1 502 1593 -1
0.1 505 506 -1
0.1 508 509 -1
0.1 1596 510 -1
0.1 507 1597 -1
0.1 1595 1598 -1
0.1 512 513 -1
0.1 1600 514 -1
0.1 511 1601 -1
0.1 516 517 -1
0.1 515 1603 -1
0.1 518 519 -1
0.1 1604 1605 -1
0.1 520 521 -1
0.1 1606 1607 -1
0.1 1602 1608 -1
0.1 1599 1609 -1
0.1 1594 1610 -1
0.1 501 1611 -1
0.1 500 1612 -1
0.1 1592 1613 -1
0.1 1590 1614 -1
0.1 1586 1615 -1
0.1 1559 1616 -1
0.1 523 524 -1
0.1 522 1618 -1
0.1 1617 1619 -1
0.1 461 1620 -1
0.1 525 526 -1
0.1 528 529 -1
0.1 527 1623 -1
0.1 1624 530 -1
0.1 531 532 -1
0.1 1626 533 -1
0.1 1625 1627 -1
0.1 1622 1628 -1
0.1 1621 1629 -1
0.1 1558 1630 -1
0.1 534 535 -1
0.1 537 538 -1
0.1 1633 539 -1
0.1 536 1634 -1
0.1 1632 1635 -1
0.1 542 543 -1
0.1 544 545 -1
0.1 1637 1638 -1
0.1 541 1639 -1
0.1 540 1640 -1
0.1 546 547 -1
0.1 1641 1642 -1
0.1 1636 1643 -1
0.1 549 550 -1
0.1 548 1645 -1
0.1 551 552 -1
0.1 1647 553 -1
0.1 1646 1648 -1
0.1 1644 1649 -1
0.1 1631 1650 -1
0.1 1112 1651 -1
0.1 558 559 -1
0.1 557 1653 -1
0.1 556 1654 -1
0.1 555 1655 -1
0.1 554 1656 -1
0.1 1657 560 -1
0.1 561 562 -1
0.1 1659 563 -1
0.1 1660 564 -1
0.1 567 568 -1
0.1 1662 569 -1
0.1 566 1663 -1
0.1 565 1664 -1
0.1 1661 1665 -1
0.1 1658 1666 -1
0.1 572 573 -1
0.1 571 1668 -1
0.1 576 577 -1
0.1 579 580 -1
0.1 578 1671 -1
0.1 1672 581 -1
0.1 1673 582 -1
0.1 584 585 -1
0.1 583 1675 -1
0.1 587 588 -1
0.1 586 1677 -1
0.1 1678 589 -1
0.1 1676 1679 -1
0.1 591 592 -1
0.1 590 1681 -1
0.1 593 594 -1
0.1 1682 1683 -1
0.1 1680 1684 -1
0.1 1674 1685 -1
0.1 1686 595 -1
0.1 1670 1687 -1
0.1 575 1688 -1
0.1 574 1689 -1
0.1 1669 1690 -1
0.1 570 1691 -1
0.1 1667 1692 -1
0.1 597 598 -1
0.1 1694 599 -1
0.1 596 1695 -1
0.1 1693 1696 -1
0.1 601 602 -1
0.1 600 1698 -1
0.1 603 604 -1
0.1 607 608 -1
0.1 1701 609 -1
0.1 1702 610 -1
0.1 606 1703 -1
0.1 612 613 -1
0.1 1705 614 -1
0.1 1706 615 -1
0.1 1707 616 -1
0.1 617 618 -1
0.1 620 621 -1
0.1 622 623 -1
0.1 1711 624 -1
0.1 1712 625 -1
0.1 627 628 -1
0.1 626 1714 -1
0.1 1715 629 -1
0.1 1713 1716 -1
0.1 1710 1717 -1
0.1 619 1718 -1
0.1 630 631 -1
0.1 1720 632 -1
0.1 1719 1721 -1
0.1 633 634 -1
0.1 635 636 -1
0.1 1723 1724 -1
0.1 1722 1725 -1
0.1 1709 1726 -1
0.1 1708 1727 -1
0.1 611 1728 -1
0.1 1704 1729 -1
0.1 605 1730 -1
0.1 637 638 -1
0.1 1732 639 -1
0.1 640 641 -1
0.1 643 644 -1
0.1 642 1735 -1
0.1 646 647 -1
0.1 645 1737 -1
0.1 648 649 -1
0.1 650 651 -1
0.1 1739 1740 -1
0.1 653 654 -1
0.1 652 1742 -1
0.1 655 656 -1
0.1 1743 1744 -1
0.1 657 658 -1
0.1 1746 659 -1
0.1 660 661 -1
0.1 1747 1748 -1
0.1 1745 1749 -1
0.1 1741 1750 -1
0.1 1738 1751 -1
0.1 1736 1752 -1
0.1 1734 1753 -1
0.1 1733 1754 -1
0.1 1755 662 -1
0.1 663 664 -1
0.1 665 666 -1
0.1 1757 1758 -1
0.1 667 668 -1
0.1 1759 1760 -1
0.1 669 670 -1
0.1 672 673 -1
0.1 671 1763 -1
0.1 676 677 -1
0.1 675 1765 -1
0.1 678 679 -1
0.1 680 681 -1
0.1 1767 1768 -1
0.1 1766 1769 -1
0.1 674 1770 -1
0.1 1764 1771 -1
0.1 1772 682 -1
0.1 1762 1773 -1
0.1 1761 1774 -1
0.1 1756 1775 -1
0.1 1731 1776 -1
0.1 1700 1777 -1
0.1 684 685 -1
0.1 683 1779 -1
0.1 689 690 -1
0.1 691 692 -1
0.1 1781 1782 -1
0.1 693 694 -1
0.1 695 696 -1
0.1 698 699 -1
0.1 697 1786 -1
0.1 1785 1787 -1
0.1 1784 1788 -1
0.1 702 703 -1
0.1 701 1790 -1
0.1 700 1791 -1
0.1 1789 1792 -1
0.1 704 705 -1
0.1 706 707 -1
0.1 1794 1795 -1
0.1 1793 1796 -1
0.1 1783 1797 -1
0.1 688 1798 -1
0.1 708 709 -1
0.1 712 713 -1
0.1 711 1801 -1
0.1 710 1802 -1
0.1 1800 1803 -1
0.1 715 716 -1
0.1 718 719 -1
0.1 720 721 -1
0.1 1807 722 -1
0.1 1806 1808 -1
0.1 717 1809 -1
0.1 723 724 -1
0.1 725 726 -1
0.1 1811 1812 -1
0.1 1813 727 -1
0.1 1810 1814 -1
0.1 1805 1815 -1
0.1 714 1816 -1
0.1 1804 1817 -1
0.1 1818 728 -1
0.1 1799 1819 -1
0.1 687 1820 -1
0.1 686 1821 -1
0.1 1780 1822 -1
0.1 729 730 -1
0.1 733 734 -1
0.1 732 1825 -1
0.1 731 1826 -1
0.1 735 736 -1
0.1 1827 1828 -1
0.1 737 738 -1
0.1 1830 739 -1
0.1 741 742 -1
0.1 740 1832 -1
0.1 1831 1833 -1
0.1 745 746 -1
0.1 744 1835 -1
0.1 750 751 -1
0.1 749 1837 -1
0.1 752 753 -1
0.1 1838 1839 -1
0.1 756 757 -1
0.1 755 1841 -1
0.1 754 1842 -1
0.1 1840 1843 -1
0.1 759 760 -1
0.1 758 1845 -1
0.1 1844 1846 -1
0.1 762 763 -1
0.1 764 765 -1
0.1 767 768 -1
0.1 766 1850 -1
0.1 1849 1851 -1
0.1 1848 1852 -1
0.1 761 1853 -1
0.1 1847 1854 -1
0.1 748 1855 -1
0.1 747 1856 -1
0.1 1836 1857 -1
0.1 743 1858 -1
0.1 1834 1859 -1
0.1 1829 1860 -1
0.1 1824 1861 -1
0.1 769 770 -1
0.1 772 773 -1
0.1 1864 774 -1
0.1 771 1865 -1
0.1 776 777 -1
0.1 779 780 -1
0.1 778 1868 -1
0.1 1867 1869 -1
0.1 775 1870 -1
0.1 1866 1871 -1
0.1 1863 1872 -1
0.1 781 782 -1
0.1 783 784 -1
0.1 786 787 -1
0.1 789 790 -1
0.1 788 1877 -1
0.1 794 795 -1
0.1 793 1879 -1
0.1 797 798 -1
0.1 796 1881 -1
0.1 1880 1882 -1
0.1 792 1883 -1
0.1 799 800 -1
0.1 1884 1885 -1
0.1 802 803 -1
0.1 806 807 -1
0.1 805 1888 -1
0.1 804 1889 -1
0.1 1887 1890 -1
0.1 801 1891 -1
0.1 1886 1892 -1
0.1 791 1893 -1
0.1 1878 1894 -1
0.1 1876 1895 -1
0.1 1896 808 -1
0.1 785 1897 -1
0.1 1875 1898 -1
0.1 1874 1899 -1
0.1 1873 1900 -1
0.1 1862 1901 -1
0.1 1823 1902 -1
0.1 1903 809 -1
0.1 1778 1904 -1
0.1 810 811 -1
0.1 812 813 -1
0.1 814 815 -1
0.1 1908 816 -1
0.1 817 818 -1
0.1 1910 819 -1
0.1 820 821 -1
0.1 1911 1912 -1
0.1 824 825 -1
0.1 823 1914 -1
0.1 822 1915 -1
0.1 827 828 -1
0.1 829 830 -1
0.1 1917 1918 -1
0.1 826 1919 -1
0.1 1916 1920 -1
0.1 1921 831 -1
0.1 832 833 -1
0.1 1923 834 -1
0.1 1924 835 -1
0.1 837 838 -1
0.1 836 1926 -1
0.1 1927 839 -1
0.1 1925 1928 -1
0.1 840 841 -1
0.1 1929 1930 -1
0.1 1922 1931 -1
0.1 1913 1932 -1
0.1 1909 1933 -1
0.1 842 843 -1
0.1 1935 844 -1
0.1 845 846 -1
0.1 1937 847 -1
0.1 1936 1938 -1
0.1 850 851 -1
0.1 849 1940 -1
0.1 848 1941 -1
0.1 852 853 -1
0.1 1942 1943 -1
0.1 1939 1944 -1
0.1 1934 1945 -1
0.1 1907 1946 -1
0.1 1947 854 -1
0.1 856 857 -1
0.1 855 1949 -1
0.1 1948 1950 -1
0.1 1906 1951 -1
0.1 859 860 -1
0.1 861 862 -1
0.1 1953 1954 -1
0.1 858 1955 -1
0.1 864 865 -1
0.1 863 1957 -1
0.1 867 868 -1
0.1 866 1959 -1
0.1 1958 1960 -1
0.1 869 870 -1
0.1 873 874 -1
0.1 872 1963 -1
0.1 871 1964 -1
0.1 1962 1965 -1
0.1 1961 1966 -1
0.1 877 878 -1
0.1 876 1968 -1
0.1 1969 879 -1
0.1 880 881 -1
0.1 1970 1971 -1
0.1 875 1972 -1
0.1 1973 882 -1
0.1 1967 1974 -1
0.1 1956 1975 -1
0.1 885 886 -1
0.1 884 1977 -1
0.1 883 1978 -1
0.1 887 888 -1
0.1 1979 1980 -1
0.1 1981 889 -1
0.1 1976 1982 -1
0.1 1952 1983 -1
0.1 1905 1984 -1
0.1 890 891 -1
0.1 895 896 -1
0.1 894 1987 -1
0.1 893 1988 -1
0.1 898 899 -1
0.1 897 1990 -1
0.1 1989 1991 -1
0.1 901 902 -1
0.1 900 1993 -1
0.1 903 904 -1
0.1 905 906 -1
0.1 1995 1996 -1
0.1 1994 1997 -1
0.1 1998 907 -1
0.1 908 909 -1
0.1 2000 910 -1
0.1 1999 2001 -1
0.1 1992 2002 -1
0.1 2003 911 -1
0.1 892 2004 -1
0.1 912 913 -1
0.1 2005 2006 -1
0.1 1986 2007 -1
0.1 1985 2008 -1
0.1 1699 2009 -1
0.1 1697 2010 -1
0.1 914 915 -1
0.1 916 917 -1
0.1 2013 918 -1
0.1 2012 2014 -1
0.1 919 920 -1
0.1 921 922 -1
0.1 2017 923 -1
0.1 924 925 -1
0.1 926 927 -1
0.1 928 929 -1
0.1 2020 2021 -1
0.1 2019 2022 -1
0.1 2018 2023 -1
0.1 930 931 -1
0.1 932 933 -1
0.1 937 938 -1
0.1 936 2027 -1
0.1 935 2028 -1
0.1 934 2029 -1
0.1 2026 2030 -1
0.1 2025 2031 -1
0.1 939 940 -1
0.1 2032 2033 -1
0.1 2024 2034 -1
0.1 942 943 -1
0.1 941 2036 -1
0.1 945 946 -1
0.1 944 2038 -1
0.1 2037 2039 -1
0.1 947 948 -1
0.1 2040 2041 -1
0.1 950 951 -1
0.1 952 953 -1
0.1 2043 2044 -1
0.1 949 2045 -1
0.1 954 955 -1
0.1 956 957 -1
0.1 2048 958 -1
0.1 2047 2049 -1
0.1 2046 2050 -1
0.1 2042 2051 -1
0.1 959 960 -1
0.1 2052 2053 -1
0.1 2035 2054 -1
0.1 962 963 -1
0.1 964 965 -1
0.1 2057 966 -1
0.1 968 969 -1
0.1 967 2059 -1
0.1 2058 2060 -1
0.1 970 971 -1
0.1 973 974 -1
0.1 972 2063 -1
0.1 2062 2064 -1
0.1 2061 2065 -1
0.1 2056 2066 -1
0.1 2067 975 -1
0.1 961 2068 -1
0.1 977 978 -1
0.1 976 2070 -1
0.1 979 980 -1
0.1 2071 2072 -1
0.1 2069 2073 -1
0.1 981 982 -1
0.1 983 984 -1
0.1 985 986 -1
0.1 2077 987 -1
0.1 988 989 -1
0.1 991 992 -1
0.1 990 2080 -1
0.1 2079 2081 -1
0.1 2078 2082 -1
0.1 993 994 -1
0.1 2084 995 -1
0.1 996 997 -1
0.1 999 1000 -1
0.1 998 2087 -1
0.1 2086 2088 -1
0.1 2085 2089 -1
0.1 2083 2090 -1
0.1 2076 2091 -1
0.1 2075 2092 -1
0.1 1001 1002 -1
0.1 1005 1006 -1
0.1 1004 2095 -1
0.1 1008 1009 -1
0.1 1007 2097 -1
0.1 2098 1010 -1
0.1 2096 2099 -1
0.1 1003 2100 -1
0.1 2094 2101 -1
0.1 1011 1012 -1
0.1 1013 1014 -1
0.1 2104 1015 -1
0.1 1016 1017 -1
0.1 2105 2106 -1
0.1 2103 2107 -1
0.1 1019 1020 -1
0.1 1018 2109 -1
0.1 2108 2110 -1
0.1 2102 2111 -1
0.1 2093 2112 -1
0.1 1022 1023 -1
0.1 1021 2114 -1
0.1 1025 1026 -1
0.1 2116 1027 -1
0.1 1024 2117 -1
0.1 1029 1030 -1
0.1 1033 1034 -1
0.1 1032 2120 -1
0.1 1031 2121 -1
0.1 1035 1036 -1
0.1 1037 1038 -1
0.1 2123 2124 -1
0.1 2122 2125 -1
0.1 2119 2126 -1
0.1 1028 2127 -1
0.1 1039 1040 -1
0.1 2128 2129 -1
0.1 2118 2130 -1
0.1 2115 2131 -1
0.1 2113 2132 -1
0.1 2074 2133 -1
0.1 2055 2134 -1
0.1 1041 1042 -1
0.1 1044 1045 -1
0.1 1043 2137 -1
0.1 1046 1047 -1
0.1 2139 1048 -1
0.1 2138 2140 -1
0.1 2141 1049 -1
0.1 2136 2142 -1
0.1 1050 1051 -1
0.1 2144 1052 -1
0.1 2143 2145 -1
0.1 1053 1054 -1
0.1 1056 1057 -1
0.1 1055 2148 -1
0.1 1059 1060 -1
0.1 1058 2150 -1
0.1 1062 1063 -1
0.1 2152 1064 -1
0.1 1061 2153 -1
0.1 1067 1068 -1
0.1 2155 1069 -1
0.1 2156 1070 -1
0.1 1066 2157 -1
0.1 1065 2158 -1
0.1 2154 2159 -1
0.1 2151 2160 -1
0.1 2149 2161 -1
0.1 1071 1072 -1
0.1 2162 2163 -1
0.1 2147 2164 -1
0.1 1073 1074 -1
0.1 1075 1076 -1
0.1 2166 2167 -1
0.1 1078 1079 -1
0.1 1077 2169 -1
0.1 1081 1082 -1
0.1 1080 2171 -1
0.1 2170 2172 -1
0.1 2173 1083 -1
0.1 2168 2174 -1
0.1 1085 1086 -1
0.1 1088 1089 -1
0.1 1087 2177 -1
0.1 2176 2178 -1
0.1 1084 2179 -1
0.1 2175 2180 -1
0.1 1091 1092 -1
0.1 1090 2182 -1
0.1 2181 2183 -1
0.1 1096 1097 -1
0.1 1095 2185 -1
0.1 1098 1099 -1
0.1 2186 2187 -1
0.1 1094 2188 -1
0.1 1093 2189 -1
0.1 2184 2190 -1
0.1 2165 2191 -1
0.1 2146 2192 -1
0.1 2193 1100 -1
0.1 2135 2194 -1
0.1 2016 2195 -1
0.1 2015 2196 -1
0.1 2011 2197 -1
0.1 1652 2198 -1
