1 0 0 1
1 0 0 2
1 0 0 2
1 0 0 2
1 0 0 2
1 0 0 3
1 0 0 3
1 0 0 3
1 0 0 3
1 0 0 3
1 0 0 2
1 0 0 1
1 0 0 1
1 0 0 1
1 0 0 1
1 0 0 4
1 0 0 5
1 0 0 5
1 0 0 5
1 0 0 5
1 0 0 6
1 0 0 6
1 0 0 7
1 0 0 8
1 0 0 8
1 0 0 8
1 0 0 8
1 0 0 8
1 0 0 7
1 0 0 7
1 0 0 7
1 0 0 7
1 0 0 9
1 0 0 9
1 0 0 9
1 0 0 9
1 0 0 9
1 0 0 10
1 0 0 10
1 0 0 10
1 0 0 10
1 0 0 10
1 0 0 11
1 0 0 11
1 0 0 11
1 0 0 11
1 0 0 11
1 0 0 6
1 0 0 6
1 0 0 6
1 0 0 5
1 0 0 4
1 0 0 4
1 0 0 4
1 0 0 12
1 0 0 12
1 0 0 12
1 0 0 12
1 0 0 12
1 0 0 13
1 0 0 13
1 0 0 14
1 0 0 14
1 0 0 14
1 0 0 14
1 0 0 14
1 0 0 15
1 0 0 15
1 0 0 15
1 0 0 15
1 0 0 15
1 0 0 13
1 0 0 13
1 0 0 13
1 0 0 4
1 0 0 16
1 0 0 16
1 0 0 16
1 0 0 16
1 0 0 16
1 0 0 17
1 0 0 17
1 0 0 17
1 0 0 17
1 0 0 17
1 0 0 18
1 0 0 18
1 0 0 18
1 0 0 18
1 0 0 18
1 0 0 19
1 0 0 19
1 0 0 19
1 0 0 19
1 0 0 19
1 0 0 20
1 0 0 20
1 0 0 20
1 0 0 21
1 0 0 21
1 0 0 21
1 0 0 21
1 0 0 21
1 0 0 22
1 0 0 22
1 0 0 23
1 0 0 23
1 0 0 23
1 0 0 23
1 0 0 23
1 0 0 24
1 0 0 24
1 0 0 24
1 0 0 24
1 0 0 25
1 0 0 25
1 0 0 25
1 0 0 25
1 0 0 25
1 0 0 26
1 0 0 26
1 0 0 26
1 0 0 27
1 0 0 27
1 0 0 28
1 0 0 28
1 0 0 29
1 0 0 29
1 0 0 29
1 0 0 29
1 0 0 29
1 0 0 30
1 0 0 30
1 0 0 30
1 0 0 30
1 0 0 30
1 0 0 28
1 0 0 28
1 0 0 28
1 0 0 31
1 0 0 31
1 0 0 31
1 0 0 31
1 0 0 31
1 0 0 27
1 0 0 32
1 0 0 32
1 0 0 32
1 0 0 32
1 0 0 32
1 0 0 27
1 0 0 27
1 0 0 33
1 0 0 33
1 0 0 33
1 0 0 34
1 0 0 34
1 0 0 34
1 0 0 34
1 0 0 34
1 0 0 26
1 0 0 33
1 0 0 33
1 0 0 26
1 0 0 35
1 0 0 36
1 0 0 36
1 0 0 36
1 0 0 37
1 0 0 37
1 0 0 37
1 0 0 37
1 0 0 37
1 0 0 36
1 0 0 36
1 0 0 35
1 0 0 35
1 0 0 35
1 0 0 35
1 0 0 38
1 0 0 38
1 0 0 38
1 0 0 38
1 0 0 38
1 0 0 24
1 0 0 22
1 0 0 22
1 0 0 22
1 0 0 39
1 0 0 39
1 0 0 39
1 0 0 39
1 0 0 39
1 0 0 40
1 0 0 40
1 0 0 40
1 0 0 40
1 0 0 40
1 0 0 41
1 0 0 41
1 0 0 41
1 0 0 42
1 0 0 42
1 0 0 42
1 0 0 42
1 0 0 42
1 0 0 20
1 0 0 41
1 0 0 41
1 0 0 20
0.1 2 3 -1
0.1 8 9 -1
0.1 7 212 -1
0.1 6 213 -1
0.1 214 10 -1
0.1 5 215 -1
0.1 4 216 -1
0.1 217 11 -1
0.1 211 218 -1
0.1 219 12 -1
0.1 13 14 -1
0.1 221 15 -1
0.1 220 222 -1
0.1 1 223 -1
0.1 24 25 -1
0.1 26 27 -1
0.1 226 28 -1
0.1 225 227 -1
0.1 23 228 -1
0.1 30 31 -1
0.1 29 230 -1
0.1 33 34 -1
0.1 36 37 -1
0.1 35 233 -1
0.1 232 234 -1
0.1 41 42 -1
0.1 40 236 -1
0.1 39 237 -1
0.1 38 238 -1
0.1 235 239 -1
0.1 43 44 -1
0.1 46 47 -1
0.1 45 242 -1
0.1 241 243 -1
0.1 240 244 -1
0.1 32 245 -1
0.1 231 246 -1
0.1 229 247 -1
0.1 22 248 -1
0.1 48 49 -1
0.1 249 250 -1
0.1 251 50 -1
0.1 21 252 -1
0.1 253 51 -1
0.1 20 254 -1
0.1 19 255 -1
0.1 18 256 -1
0.1 17 257 -1
0.1 16 258 -1
0.1 52 53 -1
0.1 260 54 -1
0.1 57 58 -1
0.1 56 262 -1
0.1 55 263 -1
0.1 264 59 -1
0.1 62 63 -1
0.1 64 65 -1
0.1 266 267 -1
0.1 268 66 -1
0.1 68 69 -1
0.1 70 71 -1
0.1 270 271 -1
0.1 67 272 -1
0.1 269 273 -1
0.1 61 274 -1
0.1 60 275 -1
0.1 72 73 -1
0.1 276 277 -1
0.1 265 278 -1
0.1 279 74 -1
0.1 280 75 -1
0.1 261 281 -1
0.1 259 282 -1
0.1 224 283 -1
0.1 76 77 -1
0.1 78 79 -1
0.1 285 286 -1
0.1 287 80 -1
0.1 284 288 -1
0.1 83 84 -1
0.1 82 290 -1
0.1 291 85 -1
0.1 81 292 -1
0.1 89 90 -1
0.1 88 294 -1
0.1 87 295 -1
0.1 86 296 -1
0.1 293 297 -1
0.1 289 298 -1
0.1 299 91 -1
0.1 92 93 -1
0.1 94 95 -1
0.1 301 302 -1
0.1 97 98 -1
0.1 96 304 -1
0.1 101 102 -1
0.1 100 306 -1
0.1 307 103 -1
0.1 99 308 -1
0.1 106 107 -1
0.1 108 109 -1
0.1 310 311 -1
0.1 111 112 -1
0.1 116 117 -1
0.1 115 314 -1
0.1 130 131 -1
0.1 129 316 -1
0.1 128 317 -1
0.1 127 318 -1
0.1 126 319 -1
0.1 132 133 -1
0.1 134 135 -1
0.1 321 322 -1
0.1 323 136 -1
0.1 324 137 -1
0.1 325 138 -1
0.1 140 141 -1
0.1 142 143 -1
0.1 328 144 -1
0.1 327 329 -1
0.1 139 330 -1
0.1 326 331 -1
0.1 320 332 -1
0.1 125 333 -1
0.1 124 334 -1
0.1 123 335 -1
0.1 147 148 -1
0.1 149 150 -1
0.1 337 338 -1
0.1 146 339 -1
0.1 145 340 -1
0.1 151 152 -1
0.1 341 342 -1
0.1 336 343 -1
0.1 122 344 -1
0.1 121 345 -1
0.1 120 346 -1
0.1 153 154 -1
0.1 156 157 -1
0.1 159 160 -1
0.1 158 350 -1
0.1 349 351 -1
0.1 155 352 -1
0.1 348 353 -1
0.1 354 161 -1
0.1 347 355 -1
0.1 162 163 -1
0.1 357 164 -1
0.1 356 358 -1
0.1 167 168 -1
0.1 170 171 -1
0.1 172 173 -1
0.1 361 362 -1
0.1 169 363 -1
0.1 364 174 -1
0.1 360 365 -1
0.1 166 366 -1
0.1 367 175 -1
0.1 165 368 -1
0.1 176 177 -1
0.1 369 370 -1
0.1 178 179 -1
0.1 371 372 -1
0.1 359 373 -1
0.1 119 374 -1
0.1 118 375 -1
0.1 315 376 -1
0.1 114 377 -1
0.1 180 181 -1
0.1 182 183 -1
0.1 380 184 -1
0.1 379 381 -1
0.1 382 185 -1
0.1 378 383 -1
0.1 113 384 -1
0.1 313 385 -1
0.1 110 386 -1
0.1 312 387 -1
0.1 388 186 -1
0.1 105 389 -1
0.1 104 390 -1
0.1 187 188 -1
0.1 191 192 -1
0.1 393 193 -1
0.1 190 394 -1
0.1 189 395 -1
0.1 194 195 -1
0.1 396 397 -1
0.1 197 198 -1
0.1 196 399 -1
0.1 398 400 -1
0.1 392 401 -1
0.1 391 402 -1
0.1 200 201 -1
0.1 199 404 -1
0.1 403 405 -1
0.1 309 406 -1
0.1 202 203 -1
0.1 205 206 -1
0.1 204 409 -1
0.1 408 410 -1
0.1 407 411 -1
0.1 305 412 -1
0.1 413 207 -1
0.1 208 209 -1
0.1 415 210 -1
0.1 414 416 -1
0.1 303 417 -1
0.1 300 418 -1
