1 0 0 1
1 0 0 1
1 0 0 1
1 0 0 1
1 0 0 2
1 0 0 2
1 0 0 2
1 0 0 3
1 0 0 3
1 0 0 3
1 0 0 3
1 0 0 3
1 0 0 3
1 0 0 3
1 0 0 3
1 0 0 3
1 0 0 2
1 0 0 2
1 0 0 2
1 0 0 2
1 0 0 3
1 0 0 2
1 0 0 2
1 0 0 2
1 0 0 4
1 0 0 4
1 0 0 4
1 0 0 4
1 0 0 4
1 0 0 4
1 0 0 4
1 0 0 4
1 0 0 4
1 0 0 4
1 0 0 1
1 0 0 1
1 0 0 1
1 0 0 1
1 0 0 1
1 0 0 1
1 0 0 5
1 0 0 5
1 0 0 5
1 0 0 5
1 0 0 5
1 0 0 6
1 0 0 6
1 0 0 6
1 0 0 6
1 0 0 7
1 0 0 7
1 0 0 7
1 0 0 7
1 0 0 7
1 0 0 7
1 0 0 7
1 0 0 7
1 0 0 7
1 0 0 7
1 0 0 6
1 0 0 6
1 0 0 6
1 0 0 6
1 0 0 6
1 0 0 6
1 0 0 8
1 0 0 5
1 0 0 5
1 0 0 8
1 0 0 8
1 0 0 8
1 0 0 8
1 0 0 8
1 0 0 9
1 0 0 9
1 0 0 9
1 0 0 9
1 0 0 9
1 0 0 9
1 0 0 9
1 0 0 9
1 0 0 9
1 0 0 8
1 0 0 9
1 0 0 8
1 0 0 8
1 0 0 8
1 0 0 5
1 0 0 5
1 0 0 5
0.1 3 4 -1
0.1 2 91 -1
0.1 1 92 -1
0.1 5 6 -1
0.1 9 10 -1
0.1 95 11 -1
0.1 96 12 -1
0.1 8 97 -1
0.1 13 14 -1
0.1 98 99 -1
0.1 15 16 -1
0.1 100 101 -1
0.1 7 102 -1
0.1 18 19 -1
0.1 17 104 -1
0.1 103 105 -1
0.1 106 20 -1
0.1 94 107 -1
0.1 108 21 -1
0.1 22 23 -1
0.1 109 110 -1
0.1 93 111 -1
0.1 25 26 -1
0.1 28 29 -1
0.1 27 114 -1
0.1 113 115 -1
0.1 31 32 -1
0.1 117 33 -1
0.1 30 118 -1
0.1 116 119 -1
0.1 120 34 -1
0.1 36 37 -1
0.1 38 39 -1
0.1 122 123 -1
0.1 124 40 -1
0.1 35 125 -1
0.1 121 126 -1
0.1 24 127 -1
0.1 112 128 -1
0.1 42 43 -1
0.1 48 49 -1
0.1 51 52 -1
0.1 50 132 -1
0.1 54 55 -1
0.1 134 56 -1
0.1 53 135 -1
0.1 57 58 -1
0.1 137 59 -1
0.1 136 138 -1
0.1 139 60 -1
0.1 133 140 -1
0.1 141 61 -1
0.1 142 62 -1
0.1 64 65 -1
0.1 63 144 -1
0.1 143 145 -1
0.1 131 146 -1
0.1 47 147 -1
0.1 46 148 -1
0.1 45 149 -1
0.1 44 150 -1
0.1 67 68 -1
0.1 66 152 -1
0.1 70 71 -1
0.1 69 154 -1
0.1 72 73 -1
0.1 75 76 -1
0.1 74 157 -1
0.1 78 79 -1
0.1 77 159 -1
0.1 80 81 -1
0.1 160 161 -1
0.1 162 82 -1
0.1 158 163 -1
0.1 164 83 -1
0.1 84 85 -1
0.1 165 166 -1
0.1 156 167 -1
0.1 86 87 -1
0.1 168 169 -1
0.1 155 170 -1
0.1 153 171 -1
0.1 151 172 -1
0.1 130 173 -1
0.1 174 88 -1
0.1 89 90 -1
0.1 175 176 -1
0.1 41 177 -1
0.1 129 178 -1
