1 0 0 1
1 0 0 1
1 0 0 1
1 0 0 1
1 0 0 1
1 0 0 1
1 0 0 1
1 0 0 1
1 0 0 1
1 0 0 1
1 0 0 2
1 0 0 2
1 0 0 2
1 0 0 2
1 0 0 2
1 0 0 3
1 0 0 3
1 0 0 3
1 0 0 3
1 0 0 3
1 0 0 3
1 0 0 4
1 0 0 4
1 0 0 4
1 0 0 4
1 0 0 4
1 0 0 4
1 0 0 4
1 0 0 4
1 0 0 4
1 0 0 4
1 0 0 3
1 0 0 3
1 0 0 3
1 0 0 5
1 0 0 2
1 0 0 2
1 0 0 2
1 0 0 2
1 0 0 2
1 0 0 3
1 0 0 5
1 0 0 5
1 0 0 5
1 0 0 6
1 0 0 5
1 0 0 7
1 0 0 8
1 0 0 8
1 0 0 8
1 0 0 8
1 0 0 8
1 0 0 8
1 0 0 8
1 0 0 8
1 0 0 8
1 0 0 8
1 0 0 7
1 0 0 7
1 0 0 7
1 0 0 7
1 0 0 7
1 0 0 7
1 0 0 7
1 0 0 7
1 0 0 7
1 0 0 5
1 0 0 6
1 0 0 6
1 0 0 9
1 0 0 6
1 0 0 6
1 0 0 6
1 0 0 6
1 0 0 6
1 0 0 6
1 0 0 6
1 0 0 9
1 0 0 9
1 0 0 9
1 0 0 9
1 0 0 9
1 0 0 9
1 0 0 9
1 0 0 9
1 0 0 9
1 0 0 5
1 0 0 5
1 0 0 5
1 0 0 5
0.1 1 2 -1
0.1 5 6 -1
0.1 4 92 -1
0.1 3 93 -1
0.1 94 7 -1
0.1 91 95 -1
0.1 8 9 -1
0.1 96 97 -1
0.1 98 10 -1
0.1 99 11 -1
0.1 14 15 -1
0.1 13 101 -1
0.1 12 102 -1
0.1 16 17 -1
0.1 19 20 -1
0.1 18 105 -1
0.1 104 106 -1
0.1 107 21 -1
0.1 22 23 -1
0.1 24 25 -1
0.1 109 110 -1
0.1 27 28 -1
0.1 26 112 -1
0.1 29 30 -1
0.1 113 114 -1
0.1 115 31 -1
0.1 111 116 -1
0.1 108 117 -1
0.1 118 32 -1
0.1 33 34 -1
0.1 119 120 -1
0.1 103 121 -1
0.1 122 35 -1
0.1 100 123 -1
0.1 37 38 -1
0.1 36 125 -1
0.1 39 40 -1
0.1 126 127 -1
0.1 124 128 -1
0.1 41 42 -1
0.1 50 51 -1
0.1 49 131 -1
0.1 52 53 -1
0.1 133 54 -1
0.1 132 134 -1
0.1 56 57 -1
0.1 55 136 -1
0.1 135 137 -1
0.1 48 138 -1
0.1 139 58 -1
0.1 140 59 -1
0.1 47 141 -1
0.1 142 60 -1
0.1 61 62 -1
0.1 64 65 -1
0.1 63 145 -1
0.1 144 146 -1
0.1 143 147 -1
0.1 148 66 -1
0.1 46 149 -1
0.1 150 67 -1
0.1 68 69 -1
0.1 70 71 -1
0.1 153 72 -1
0.1 152 154 -1
0.1 73 74 -1
0.1 155 156 -1
0.1 157 75 -1
0.1 151 158 -1
0.1 159 76 -1
0.1 160 77 -1
0.1 45 161 -1
0.1 80 81 -1
0.1 163 82 -1
0.1 79 164 -1
0.1 78 165 -1
0.1 83 84 -1
0.1 85 86 -1
0.1 167 168 -1
0.1 166 169 -1
0.1 162 170 -1
0.1 89 90 -1
0.1 88 172 -1
0.1 87 173 -1
0.1 171 174 -1
0.1 44 175 -1
0.1 43 176 -1
0.1 130 177 -1
0.1 129 178 -1
