1 0 0 1
1 0 0 2
1 0 0 2
1 0 0 2
1 0 0 2
1 0 0 3
1 0 0 3
1 0 0 3
1 0 0 3
1 0 0 4
1 0 0 3
1 0 0 3
1 0 0 3
1 0 0 3
1 0 0 3
1 0 0 3
1 0 0 2
1 0 0 2
1 0 0 2
1 0 0 4
1 0 0 4
1 0 0 4
1 0 0 4
1 0 0 4
1 0 0 4
1 0 0 4
1 0 0 4
1 0 0 4
1 0 0 2
1 0 0 2
1 0 0 5
1 0 0 5
1 0 0 5
1 0 0 5
1 0 0 5
1 0 0 5
1 0 0 2
1 0 0 5
1 0 0 5
1 0 0 5
1 0 0 5
1 0 0 6
1 0 0 7
1 0 0 7
1 0 0 7
1 0 0 8
1 0 0 8
1 0 0 8
1 0 0 8
1 0 0 8
1 0 0 8
1 0 0 8
1 0 0 8
1 0 0 8
1 0 0 8
1 0 0 1
1 0 0 1
1 0 0 9
1 0 0 10
1 0 0 10
1 0 0 10
1 0 0 10
1 0 0 10
1 0 0 9
1 0 0 9
1 0 0 9
1 0 0 9
1 0 0 11
1 0 0 11
1 0 0 11
1 0 0 11
1 0 0 11
1 0 0 11
1 0 0 11
1 0 0 11
1 0 0 11
1 0 0 11
1 0 0 10
1 0 0 10
1 0 0 10
1 0 0 10
1 0 0 10
1 0 0 9
1 0 0 9
1 0 0 9
1 0 0 9
1 0 0 6
1 0 0 6
1 0 0 6
1 0 0 6
1 0 0 6
1 0 0 6
1 0 0 6
1 0 0 6
1 0 0 6
1 0 0 7
1 0 0 7
1 0 0 7
1 0 0 7
1 0 0 7
1 0 0 7
1 0 0 7
1 0 0 1
1 0 0 1
1 0 0 1
1 0 0 1
1 0 0 1
1 0 0 1
1 0 0 1
1 0 0 9
0.1 3 4 -1
0.1 111 5 -1
0.1 7 8 -1
0.1 10 11 -1
0.1 13 14 -1
0.1 12 115 -1
0.1 114 116 -1
0.1 117 15 -1
0.1 9 118 -1
0.1 119 16 -1
0.1 113 120 -1
0.1 6 121 -1
0.1 122 17 -1
0.1 123 18 -1
0.1 21 22 -1
0.1 23 24 -1
0.1 125 126 -1
0.1 20 127 -1
0.1 128 25 -1
0.1 27 28 -1
0.1 26 130 -1
0.1 129 131 -1
0.1 132 29 -1
0.1 133 30 -1
0.1 31 32 -1
0.1 135 33 -1
0.1 34 35 -1
0.1 136 137 -1
0.1 138 36 -1
0.1 38 39 -1
0.1 40 41 -1
0.1 140 141 -1
0.1 37 142 -1
0.1 139 143 -1
0.1 134 144 -1
0.1 19 145 -1
0.1 124 146 -1
0.1 112 147 -1
0.1 2 148 -1
0.1 1 149 -1
0.1 44 45 -1
0.1 43 151 -1
0.1 42 152 -1
0.1 47 48 -1
0.1 46 154 -1
0.1 51 52 -1
0.1 53 54 -1
0.1 156 157 -1
0.1 50 158 -1
0.1 159 55 -1
0.1 49 160 -1
0.1 155 161 -1
0.1 153 162 -1
0.1 56 57 -1
0.1 59 60 -1
0.1 61 62 -1
0.1 165 166 -1
0.1 167 63 -1
0.1 65 66 -1
0.1 64 169 -1
0.1 168 170 -1
0.1 69 70 -1
0.1 68 172 -1
0.1 73 74 -1
0.1 75 76 -1
0.1 175 77 -1
0.1 174 176 -1
0.1 72 177 -1
0.1 71 178 -1
0.1 173 179 -1
0.1 67 180 -1
0.1 80 81 -1
0.1 182 82 -1
0.1 79 183 -1
0.1 78 184 -1
0.1 185 83 -1
0.1 186 84 -1
0.1 181 187 -1
0.1 171 188 -1
0.1 58 189 -1
0.1 85 86 -1
0.1 190 191 -1
0.1 89 90 -1
0.1 193 91 -1
0.1 92 93 -1
0.1 194 195 -1
0.1 88 196 -1
0.1 94 95 -1
0.1 197 198 -1
0.1 87 199 -1
0.1 97 98 -1
0.1 99 100 -1
0.1 201 202 -1
0.1 96 203 -1
0.1 101 102 -1
0.1 204 205 -1
0.1 200 206 -1
0.1 192 207 -1
0.1 103 104 -1
0.1 208 209 -1
0.1 164 210 -1
0.1 163 211 -1
0.1 105 106 -1
0.1 212 213 -1
0.1 108 109 -1
0.1 215 110 -1
0.1 107 216 -1
0.1 214 217 -1
0.1 150 218 -1
