1 0 0 1
1 0 0 1
1 0 0 1
1 0 0 1
1 0 0 1
1 0 0 2
1 0 0 2
1 0 0 2
1 0 0 2
1 0 0 3
1 0 0 3
1 0 0 3
1 0 0 4
1 0 0 4
1 0 0 4
1 0 0 4
1 0 0 4
1 0 0 4
1 0 0 4
1 0 0 4
1 0 0 4
1 0 0 4
1 0 0 2
1 0 0 3
1 0 0 3
1 0 0 3
1 0 0 3
1 0 0 3
1 0 0 3
1 0 0 5
1 0 0 3
1 0 0 5
1 0 0 5
1 0 0 5
1 0 0 5
1 0 0 5
1 0 0 5
1 0 0 5
1 0 0 5
1 0 0 5
1 0 0 2
1 0 0 2
1 0 0 2
1 0 0 2
1 0 0 2
1 0 0 6
1 0 0 7
1 0 0 7
1 0 0 7
1 0 0 7
1 0 0 7
1 0 0 7
1 0 0 7
1 0 0 7
1 0 0 7
1 0 0 7
1 0 0 8
1 0 0 8
1 0 0 8
1 0 0 9
1 0 0 9
1 0 0 9
1 0 0 9
1 0 0 9
1 0 0 10
1 0 0 9
1 0 0 10
1 0 0 10
1 0 0 10
1 0 0 10
1 0 0 10
1 0 0 10
1 0 0 10
1 0 0 10
1 0 0 10
1 0 0 9
1 0 0 11
1 0 0 11
1 0 0 11
1 0 0 11
1 0 0 11
1 0 0 11
1 0 0 11
1 0 0 11
1 0 0 11
1 0 0 11
1 0 0 9
1 0 0 9
1 0 0 9
1 0 0 8
1 0 0 8
1 0 0 8
1 0 0 8
1 0 0 8
1 0 0 8
1 0 0 8
1 0 0 6
1 0 0 6
1 0 0 6
1 0 0 6
1 0 0 6
1 0 0 6
1 0 0 6
1 0 0 6
1 0 0 6
1 0 0 1
1 0 0 1
1 0 0 1
1 0 0 1
1 0 0 1
0.1 1 2 -1
0.1 3 4 -1
0.1 111 112 -1
0.1 7 8 -1
0.1 114 9 -1
0.1 6 115 -1
0.1 11 12 -1
0.1 10 117 -1
0.1 14 15 -1
0.1 17 18 -1
0.1 16 120 -1
0.1 119 121 -1
0.1 13 122 -1
0.1 19 20 -1
0.1 21 22 -1
0.1 124 125 -1
0.1 123 126 -1
0.1 127 23 -1
0.1 25 26 -1
0.1 27 28 -1
0.1 129 130 -1
0.1 24 131 -1
0.1 132 29 -1
0.1 128 133 -1
0.1 118 134 -1
0.1 31 32 -1
0.1 34 35 -1
0.1 137 36 -1
0.1 33 138 -1
0.1 38 39 -1
0.1 140 40 -1
0.1 37 141 -1
0.1 139 142 -1
0.1 136 143 -1
0.1 30 144 -1
0.1 41 42 -1
0.1 145 146 -1
0.1 135 147 -1
0.1 116 148 -1
0.1 149 43 -1
0.1 150 44 -1
0.1 151 45 -1
0.1 5 152 -1
0.1 113 153 -1
0.1 48 49 -1
0.1 47 155 -1
0.1 51 52 -1
0.1 53 54 -1
0.1 158 55 -1
0.1 157 159 -1
0.1 160 56 -1
0.1 50 161 -1
0.1 156 162 -1
0.1 58 59 -1
0.1 57 164 -1
0.1 60 61 -1
0.1 65 66 -1
0.1 64 167 -1
0.1 67 68 -1
0.1 69 70 -1
0.1 169 170 -1
0.1 72 73 -1
0.1 74 75 -1
0.1 172 173 -1
0.1 71 174 -1
0.1 171 175 -1
0.1 78 79 -1
0.1 177 80 -1
0.1 81 82 -1
0.1 179 83 -1
0.1 178 180 -1
0.1 181 84 -1
0.1 85 86 -1
0.1 182 183 -1
0.1 77 184 -1
0.1 76 185 -1
0.1 176 186 -1
0.1 168 187 -1
0.1 88 89 -1
0.1 87 189 -1
0.1 188 190 -1
0.1 63 191 -1
0.1 62 192 -1
0.1 166 193 -1
0.1 90 91 -1
0.1 93 94 -1
0.1 92 196 -1
0.1 95 96 -1
0.1 197 198 -1
0.1 195 199 -1
0.1 98 99 -1
0.1 100 101 -1
0.1 201 202 -1
0.1 102 103 -1
0.1 203 204 -1
0.1 205 104 -1
0.1 206 105 -1
0.1 97 207 -1
0.1 200 208 -1
0.1 194 209 -1
0.1 165 210 -1
0.1 163 211 -1
0.1 46 212 -1
0.1 106 107 -1
0.1 108 109 -1
0.1 215 110 -1
0.1 214 216 -1
0.1 213 217 -1
0.1 154 218 -1
