1 0 0 1
1 0 0 1
1 0 0 2
1 0 0 2
1 0 0 3
1 0 0 3
1 0 0 3
1 0 0 3
1 0 0 3
1 0 0 3
1 0 0 3
1 0 0 3
1 0 0 3
1 0 0 3
1 0 0 2
1 0 0 2
1 0 0 4
1 0 0 4
1 0 0 4
1 0 0 4
1 0 0 4
1 0 0 4
1 0 0 4
1 0 0 4
1 0 0 4
1 0 0 4
1 0 0 5
1 0 0 5
1 0 0 5
1 0 0 6
1 0 0 6
1 0 0 6
1 0 0 6
1 0 0 6
1 0 0 6
1 0 0 6
1 0 0 6
1 0 0 6
1 0 0 6
1 0 0 7
1 0 0 7
1 0 0 7
1 0 0 7
1 0 0 7
1 0 0 7
1 0 0 7
1 0 0 7
1 0 0 7
1 0 0 7
1 0 0 5
1 0 0 5
1 0 0 8
1 0 0 8
1 0 0 8
1 0 0 8
1 0 0 8
1 0 0 8
1 0 0 8
1 0 0 8
1 0 0 8
1 0 0 9
1 0 0 9
1 0 0 9
1 0 0 9
1 0 0 9
1 0 0 9
1 0 0 9
1 0 0 9
1 0 0 9
1 0 0 9
1 0 0 8
1 0 0 10
1 0 0 10
1 0 0 10
1 0 0 10
1 0 0 10
1 0 0 10
1 0 0 10
1 0 0 10
1 0 0 10
1 0 0 11
1 0 0 11
1 0 0 11
1 0 0 11
1 0 0 11
1 0 0 11
1 0 0 11
1 0 0 11
1 0 0 11
1 0 0 11
1 0 0 10
1 0 0 12
1 0 0 12
1 0 0 12
1 0 0 12
1 0 0 12
1 0 0 12
1 0 0 12
1 0 0 12
1 0 0 12
1 0 0 12
1 0 0 5
1 0 0 13
1 0 0 13
1 0 0 13
1 0 0 13
1 0 0 13
1 0 0 13
1 0 0 13
1 0 0 13
1 0 0 13
1 0 0 13
1 0 0 14
1 0 0 14
1 0 0 14
1 0 0 14
1 0 0 14
1 0 0 14
1 0 0 14
1 0 0 14
1 0 0 14
1 0 0 14
1 0 0 5
1 0 0 15
1 0 0 15
1 0 0 15
1 0 0 15
1 0 0 15
1 0 0 15
1 0 0 15
1 0 0 15
1 0 0 15
1 0 0 15
1 0 0 16
1 0 0 16
1 0 0 16
1 0 0 16
1 0 0 16
1 0 0 17
1 0 0 17
1 0 0 17
1 0 0 17
1 0 0 17
1 0 0 17
1 0 0 17
1 0 0 17
1 0 0 17
1 0 0 17
1 0 0 16
1 0 0 16
1 0 0 16
1 0 0 16
1 0 0 16
1 0 0 5
1 0 0 18
1 0 0 18
1 0 0 18
1 0 0 18
1 0 0 18
1 0 0 18
1 0 0 18
1 0 0 18
1 0 0 18
1 0 0 18
1 0 0 19
1 0 0 19
1 0 0 19
1 0 0 19
1 0 0 19
1 0 0 19
1 0 0 19
1 0 0 19
1 0 0 19
1 0 0 19
1 0 0 20
1 0 0 20
1 0 0 20
1 0 0 20
1 0 0 20
1 0 0 20
1 0 0 20
1 0 0 20
1 0 0 20
1 0 0 20
1 0 0 21
1 0 0 21
1 0 0 21
1 0 0 21
1 0 0 21
1 0 0 21
1 0 0 21
1 0 0 21
1 0 0 21
1 0 0 21
1 0 0 22
1 0 0 22
1 0 0 22
1 0 0 22
1 0 0 22
1 0 0 22
1 0 0 22
1 0 0 22
1 0 0 22
1 0 0 22
1 0 0 5
1 0 0 5
1 0 0 23
1 0 0 23
1 0 0 23
1 0 0 23
1 0 0 23
1 0 0 23
1 0 0 23
1 0 0 23
1 0 0 23
1 0 0 23
1 0 0 2
1 0 0 2
1 0 0 2
1 0 0 2
1 0 0 2
1 0 0 2
1 0 0 1
1 0 0 1
1 0 0 1
1 0 0 1
1 0 0 1
1 0 0 1
1 0 0 1
1 0 0 1
1 0 0 24
1 0 0 24
1 0 0 24
1 0 0 24
1 0 0 24
1 0 0 24
1 0 0 24
1 0 0 24
1 0 0 24
1 0 0 25
1 0 0 25
1 0 0 25
1 0 0 25
1 0 0 26
1 0 0 26
1 0 0 26
1 0 0 26
1 0 0 26
1 0 0 26
1 0 0 26
1 0 0 26
1 0 0 26
1 0 0 26
1 0 0 25
1 0 0 25
1 0 0 27
1 0 0 27
1 0 0 27
1 0 0 27
1 0 0 27
1 0 0 27
1 0 0 27
1 0 0 27
1 0 0 27
1 0 0 27
1 0 0 25
1 0 0 25
1 0 0 25
1 0 0 25
1 0 0 28
1 0 0 28
1 0 0 28
1 0 0 28
1 0 0 28
1 0 0 28
1 0 0 28
1 0 0 28
1 0 0 28
1 0 0 28
1 0 0 29
1 0 0 29
1 0 0 29
1 0 0 29
1 0 0 30
1 0 0 30
1 0 0 31
1 0 0 31
1 0 0 31
1 0 0 32
1 0 0 32
1 0 0 32
1 0 0 32
1 0 0 32
1 0 0 32
1 0 0 32
1 0 0 32
1 0 0 32
1 0 0 32
1 0 0 31
1 0 0 31
1 0 0 31
1 0 0 31
1 0 0 31
1 0 0 31
1 0 0 31
1 0 0 33
1 0 0 33
1 0 0 33
1 0 0 33
1 0 0 33
1 0 0 33
1 0 0 33
1 0 0 33
1 0 0 33
1 0 0 33
1 0 0 30
1 0 0 30
1 0 0 30
1 0 0 30
1 0 0 30
1 0 0 30
1 0 0 30
1 0 0 30
1 0 0 29
1 0 0 29
1 0 0 29
1 0 0 29
1 0 0 29
1 0 0 29
1 0 0 24
1 0 0 34
1 0 0 34
1 0 0 34
1 0 0 34
1 0 0 34
1 0 0 35
1 0 0 35
1 0 0 34
1 0 0 35
1 0 0 35
1 0 0 36
1 0 0 36
1 0 0 36
1 0 0 36
1 0 0 36
1 0 0 36
1 0 0 36
1 0 0 36
1 0 0 36
1 0 0 36
1 0 0 35
1 0 0 35
1 0 0 35
1 0 0 35
1 0 0 35
1 0 0 35
1 0 0 34
1 0 0 34
1 0 0 34
1 0 0 34
1 0 0 37
1 0 0 37
1 0 0 37
1 0 0 37
1 0 0 37
1 0 0 37
1 0 0 37
1 0 0 37
1 0 0 37
1 0 0 38
1 0 0 38
1 0 0 38
1 0 0 38
1 0 0 38
1 0 0 38
1 0 0 38
1 0 0 38
1 0 0 38
1 0 0 38
1 0 0 37
1 0 0 39
1 0 0 39
1 0 0 39
1 0 0 39
1 0 0 40
1 0 0 40
1 0 0 40
1 0 0 40
1 0 0 41
1 0 0 41
1 0 0 41
1 0 0 41
1 0 0 41
1 0 0 41
1 0 0 41
1 0 0 41
1 0 0 41
1 0 0 41
1 0 0 42
1 0 0 42
1 0 0 42
1 0 0 42
1 0 0 43
1 0 0 43
1 0 0 43
1 0 0 43
1 0 0 43
1 0 0 43
1 0 0 43
1 0 0 43
1 0 0 43
1 0 0 44
1 0 0 44
1 0 0 44
1 0 0 44
1 0 0 44
1 0 0 44
1 0 0 44
1 0 0 44
1 0 0 44
1 0 0 44
1 0 0 43
1 0 0 42
1 0 0 42
1 0 0 45
1 0 0 45
1 0 0 45
1 0 0 45
1 0 0 45
1 0 0 45
1 0 0 45
1 0 0 45
1 0 0 45
1 0 0 45
1 0 0 42
1 0 0 42
1 0 0 42
1 0 0 42
1 0 0 46
1 0 0 46
1 0 0 46
1 0 0 46
1 0 0 46
1 0 0 46
1 0 0 46
1 0 0 46
1 0 0 46
1 0 0 46
1 0 0 40
1 0 0 40
1 0 0 40
1 0 0 40
1 0 0 40
1 0 0 40
1 0 0 39
1 0 0 39
1 0 0 39
1 0 0 39
1 0 0 39
1 0 0 39
1 0 0 47
1 0 0 47
1 0 0 47
1 0 0 47
1 0 0 47
1 0 0 47
1 0 0 47
1 0 0 47
1 0 0 47
1 0 0 47
1 0 0 48
1 0 0 48
1 0 0 48
1 0 0 48
1 0 0 48
1 0 0 48
1 0 0 48
1 0 0 48
1 0 0 48
1 0 0 48
1 0 0 49
1 0 0 49
1 0 0 49
1 0 0 49
1 0 0 49
1 0 0 49
1 0 0 49
1 0 0 49
1 0 0 49
1 0 0 49
1 0 0 50
1 0 0 50
1 0 0 51
1 0 0 51
1 0 0 51
1 0 0 51
1 0 0 51
1 0 0 51
1 0 0 51
1 0 0 51
1 0 0 51
1 0 0 51
1 0 0 50
1 0 0 50
1 0 0 50
1 0 0 50
1 0 0 50
1 0 0 50
1 0 0 50
1 0 0 50
0.1 1 2 -1
0.1 3 4 -1
0.1 6 7 -1
0.1 5 513 -1
0.1 8 9 -1
0.1 10 11 -1
0.1 12 13 -1
0.1 517 14 -1
0.1 516 518 -1
0.1 515 519 -1
0.1 514 520 -1
0.1 512 521 -1
0.1 15 16 -1
0.1 18 19 -1
0.1 17 524 -1
0.1 21 22 -1
0.1 23 24 -1
0.1 526 527 -1
0.1 528 25 -1
0.1 529 26 -1
0.1 20 530 -1
0.1 525 531 -1
0.1 523 532 -1
0.1 522 533 -1
0.1 27 28 -1
0.1 33 34 -1
0.1 32 536 -1
0.1 31 537 -1
0.1 35 36 -1
0.1 538 539 -1
0.1 30 540 -1
0.1 38 39 -1
0.1 37 542 -1
0.1 541 543 -1
0.1 29 544 -1
0.1 42 43 -1
0.1 546 44 -1
0.1 41 547 -1
0.1 40 548 -1
0.1 46 47 -1
0.1 45 550 -1
0.1 48 49 -1
0.1 551 552 -1
0.1 549 553 -1
0.1 50 51 -1
0.1 554 555 -1
0.1 545 556 -1
0.1 535 557 -1
0.1 52 53 -1
0.1 55 56 -1
0.1 54 560 -1
0.1 58 59 -1
0.1 62 63 -1
0.1 64 65 -1
0.1 563 564 -1
0.1 61 565 -1
0.1 66 67 -1
0.1 566 567 -1
0.1 69 70 -1
0.1 68 569 -1
0.1 568 570 -1
0.1 60 571 -1
0.1 562 572 -1
0.1 57 573 -1
0.1 561 574 -1
0.1 575 71 -1
0.1 559 576 -1
0.1 72 73 -1
0.1 74 75 -1
0.1 76 77 -1
0.1 580 78 -1
0.1 79 80 -1
0.1 81 82 -1
0.1 84 85 -1
0.1 83 584 -1
0.1 583 585 -1
0.1 88 89 -1
0.1 87 587 -1
0.1 588 90 -1
0.1 86 589 -1
0.1 586 590 -1
0.1 591 91 -1
0.1 582 592 -1
0.1 581 593 -1
0.1 579 594 -1
0.1 578 595 -1
0.1 577 596 -1
0.1 92 93 -1
0.1 598 94 -1
0.1 95 96 -1
0.1 599 600 -1
0.1 98 99 -1
0.1 97 602 -1
0.1 100 101 -1
0.1 603 604 -1
0.1 601 605 -1
0.1 597 606 -1
0.1 558 607 -1
0.1 103 104 -1
0.1 105 106 -1
0.1 609 610 -1
0.1 611 107 -1
0.1 109 110 -1
0.1 108 613 -1
0.1 111 112 -1
0.1 115 116 -1
0.1 114 616 -1
0.1 113 617 -1
0.1 117 118 -1
0.1 119 120 -1
0.1 619 620 -1
0.1 121 122 -1
0.1 621 622 -1
0.1 618 623 -1
0.1 615 624 -1
0.1 614 625 -1
0.1 612 626 -1
0.1 627 123 -1
0.1 102 628 -1
0.1 608 629 -1
0.1 125 126 -1
0.1 124 631 -1
0.1 129 130 -1
0.1 128 633 -1
0.1 634 131 -1
0.1 635 132 -1
0.1 127 636 -1
0.1 637 133 -1
0.1 632 638 -1
0.1 630 639 -1
0.1 534 640 -1
0.1 136 137 -1
0.1 135 642 -1
0.1 134 643 -1
0.1 139 140 -1
0.1 141 142 -1
0.1 143 144 -1
0.1 647 145 -1
0.1 646 648 -1
0.1 146 147 -1
0.1 650 148 -1
0.1 649 651 -1
0.1 645 652 -1
0.1 138 653 -1
0.1 149 150 -1
0.1 654 655 -1
0.1 644 656 -1
0.1 151 152 -1
0.1 658 153 -1
0.1 657 659 -1
0.1 158 159 -1
0.1 161 162 -1
0.1 160 662 -1
0.1 661 663 -1
0.1 163 164 -1
0.1 664 665 -1
0.1 157 666 -1
0.1 156 667 -1
0.1 155 668 -1
0.1 168 169 -1
0.1 670 170 -1
0.1 167 671 -1
0.1 166 672 -1
0.1 165 673 -1
0.1 171 172 -1
0.1 173 174 -1
0.1 675 676 -1
0.1 674 677 -1
0.1 669 678 -1
0.1 154 679 -1
0.1 176 177 -1
0.1 179 180 -1
0.1 178 682 -1
0.1 181 182 -1
0.1 683 684 -1
0.1 681 685 -1
0.1 175 686 -1
0.1 183 184 -1
0.1 187 188 -1
0.1 186 689 -1
0.1 190 191 -1
0.1 189 691 -1
0.1 192 193 -1
0.1 693 194 -1
0.1 692 694 -1
0.1 690 695 -1
0.1 185 696 -1
0.1 688 697 -1
0.1 687 698 -1
0.1 195 196 -1
0.1 700 197 -1
0.1 198 199 -1
0.1 701 702 -1
0.1 202 203 -1
0.1 201 704 -1
0.1 705 204 -1
0.1 200 706 -1
0.1 703 707 -1
0.1 205 206 -1
0.1 708 709 -1
0.1 699 710 -1
0.1 680 711 -1
0.1 660 712 -1
0.1 208 209 -1
0.1 210 211 -1
0.1 714 715 -1
0.1 213 214 -1
0.1 717 215 -1
0.1 212 718 -1
0.1 719 216 -1
0.1 716 720 -1
0.1 207 721 -1
0.1 217 218 -1
0.1 723 219 -1
0.1 220 221 -1
0.1 725 222 -1
0.1 724 726 -1
0.1 722 727 -1
0.1 713 728 -1
0.1 641 729 -1
0.1 224 225 -1
0.1 226 227 -1
0.1 731 732 -1
0.1 228 229 -1
0.1 733 734 -1
0.1 223 735 -1
0.1 736 230 -1
0.1 730 737 -1
0.1 511 738 -1
0.1 233 234 -1
0.1 236 237 -1
0.1 235 741 -1
0.1 740 742 -1
0.1 238 239 -1
0.1 743 744 -1
0.1 232 745 -1
0.1 231 746 -1
0.1 241 242 -1
0.1 240 748 -1
0.1 245 246 -1
0.1 249 250 -1
0.1 248 751 -1
0.1 252 253 -1
0.1 251 753 -1
0.1 752 754 -1
0.1 247 755 -1
0.1 750 756 -1
0.1 244 757 -1
0.1 254 255 -1
0.1 758 759 -1
0.1 256 257 -1
0.1 259 260 -1
0.1 258 762 -1
0.1 761 763 -1
0.1 261 262 -1
0.1 764 765 -1
0.1 264 265 -1
0.1 263 767 -1
0.1 766 768 -1
0.1 760 769 -1
0.1 243 770 -1
0.1 749 771 -1
0.1 267 268 -1
0.1 266 773 -1
0.1 270 271 -1
0.1 273 274 -1
0.1 272 776 -1
0.1 275 276 -1
0.1 777 778 -1
0.1 278 279 -1
0.1 277 780 -1
0.1 779 781 -1
0.1 775 782 -1
0.1 269 783 -1
0.1 774 784 -1
0.1 772 785 -1
0.1 747 786 -1
0.1 282 283 -1
0.1 281 788 -1
0.1 280 789 -1
0.1 286 287 -1
0.1 289 290 -1
0.1 291 292 -1
0.1 295 296 -1
0.1 294 794 -1
0.1 293 795 -1
0.1 297 298 -1
0.1 796 797 -1
0.1 793 798 -1
0.1 792 799 -1
0.1 288 800 -1
0.1 299 300 -1
0.1 303 304 -1
0.1 302 803 -1
0.1 301 804 -1
0.1 802 805 -1
0.1 801 806 -1
0.1 807 305 -1
0.1 791 808 -1
0.1 306 307 -1
0.1 308 309 -1
0.1 811 310 -1
0.1 312 313 -1
0.1 311 813 -1
0.1 812 814 -1
0.1 314 315 -1
0.1 815 816 -1
0.1 810 817 -1
0.1 809 818 -1
0.1 819 316 -1
0.1 285 820 -1
0.1 284 821 -1
0.1 317 318 -1
0.1 319 320 -1
0.1 823 824 -1
0.1 322 323 -1
0.1 321 826 -1
0.1 825 827 -1
0.1 822 828 -1
0.1 324 325 -1
0.1 830 326 -1
0.1 831 327 -1
0.1 832 328 -1
0.1 833 329 -1
0.1 829 834 -1
0.1 790 835 -1
0.1 836 330 -1
0.1 787 837 -1
0.1 739 838 -1
0.1 332 333 -1
0.1 840 334 -1
0.1 331 841 -1
0.1 336 337 -1
0.1 342 343 -1
0.1 844 344 -1
0.1 345 346 -1
0.1 845 846 -1
0.1 847 347 -1
0.1 349 350 -1
0.1 348 849 -1
0.1 848 850 -1
0.1 341 851 -1
0.1 852 351 -1
0.1 340 853 -1
0.1 339 854 -1
0.1 338 855 -1
0.1 353 354 -1
0.1 352 857 -1
0.1 355 356 -1
0.1 858 859 -1
0.1 856 860 -1
0.1 843 861 -1
0.1 335 862 -1
0.1 842 863 -1
0.1 358 359 -1
0.1 865 360 -1
0.1 357 866 -1
0.1 361 362 -1
0.1 366 367 -1
0.1 365 869 -1
0.1 364 870 -1
0.1 363 871 -1
0.1 368 369 -1
0.1 372 373 -1
0.1 375 376 -1
0.1 374 875 -1
0.1 874 876 -1
0.1 371 877 -1
0.1 378 379 -1
0.1 377 879 -1
0.1 878 880 -1
0.1 370 881 -1
0.1 882 380 -1
0.1 873 883 -1
0.1 872 884 -1
0.1 868 885 -1
0.1 381 382 -1
0.1 887 383 -1
0.1 888 384 -1
0.1 387 388 -1
0.1 386 890 -1
0.1 385 891 -1
0.1 889 892 -1
0.1 389 390 -1
0.1 894 391 -1
0.1 393 394 -1
0.1 392 896 -1
0.1 395 396 -1
0.1 397 398 -1
0.1 898 899 -1
0.1 897 900 -1
0.1 895 901 -1
0.1 401 402 -1
0.1 400 903 -1
0.1 399 904 -1
0.1 403 404 -1
0.1 405 406 -1
0.1 407 408 -1
0.1 908 409 -1
0.1 907 909 -1
0.1 906 910 -1
0.1 911 410 -1
0.1 413 414 -1
0.1 415 416 -1
0.1 913 914 -1
0.1 412 915 -1
0.1 417 418 -1
0.1 419 420 -1
0.1 918 421 -1
0.1 917 919 -1
0.1 916 920 -1
0.1 411 921 -1
0.1 922 422 -1
0.1 912 923 -1
0.1 905 924 -1
0.1 925 423 -1
0.1 926 424 -1
0.1 428 429 -1
0.1 427 928 -1
0.1 929 430 -1
0.1 426 930 -1
0.1 431 432 -1
0.1 433 434 -1
0.1 932 933 -1
0.1 931 934 -1
0.1 425 935 -1
0.1 936 435 -1
0.1 436 437 -1
0.1 937 938 -1
0.1 927 939 -1
0.1 940 438 -1
0.1 902 941 -1
0.1 893 942 -1
0.1 440 441 -1
0.1 944 442 -1
0.1 945 443 -1
0.1 445 446 -1
0.1 447 448 -1
0.1 947 948 -1
0.1 444 949 -1
0.1 946 950 -1
0.1 439 951 -1
0.1 943 952 -1
0.1 450 451 -1
0.1 449 954 -1
0.1 453 454 -1
0.1 452 956 -1
0.1 955 957 -1
0.1 953 958 -1
0.1 457 458 -1
0.1 456 960 -1
0.1 459 460 -1
0.1 961 962 -1
0.1 455 963 -1
0.1 959 964 -1
0.1 886 965 -1
0.1 463 464 -1
0.1 467 468 -1
0.1 466 968 -1
0.1 969 469 -1
0.1 465 970 -1
0.1 967 971 -1
0.1 462 972 -1
0.1 973 470 -1
0.1 461 974 -1
0.1 472 473 -1
0.1 475 476 -1
0.1 474 977 -1
0.1 976 978 -1
0.1 471 979 -1
0.1 478 479 -1
0.1 981 480 -1
0.1 477 982 -1
0.1 483 484 -1
0.1 984 485 -1
0.1 487 488 -1
0.1 486 986 -1
0.1 985 987 -1
0.1 489 490 -1
0.1 988 989 -1
0.1 482 990 -1
0.1 481 991 -1
0.1 983 992 -1
0.1 980 993 -1
0.1 975 994 -1
0.1 966 995 -1
0.1 867 996 -1
0.1 864 997 -1
0.1 494 495 -1
0.1 496 497 -1
0.1 498 499 -1
0.1 1001 500 -1
0.1 1000 1002 -1
0.1 501 502 -1
0.1 1003 1004 -1
0.1 999 1005 -1
0.1 493 1006 -1
0.1 492 1007 -1
0.1 491 1008 -1
0.1 503 504 -1
0.1 1009 1010 -1
0.1 505 506 -1
0.1 507 508 -1
0.1 1013 509 -1
0.1 1014 510 -1
0.1 1012 1015 -1
0.1 1011 1016 -1
0.1 998 1017 -1
0.1 839 1018 -1
