1 0 0 1
1 0 0 1
1 0 0 1
1 0 0 1
1 0 0 2
1 0 0 2
1 0 0 2
1 0 0 2
1 0 0 2
1 0 0 1
1 0 0 3
1 0 0 3
1 0 0 3
1 0 0 3
1 0 0 3
1 0 0 4
1 0 0 4
1 0 0 4
1 0 0 5
1 0 0 5
1 0 0 5
1 0 0 5
1 0 0 5
1 0 0 4
1 0 0 6
1 0 0 6
1 0 0 6
1 0 0 6
1 0 0 6
1 0 0 4
1 0 0 7
1 0 0 7
1 0 0 7
1 0 0 7
1 0 0 8
1 0 0 8
1 0 0 8
1 0 0 8
1 0 0 9
1 0 0 9
1 0 0 9
1 0 0 9
1 0 0 9
1 0 0 10
1 0 0 10
1 0 0 10
1 0 0 10
1 0 0 10
1 0 0 8
1 0 0 11
1 0 0 11
1 0 0 11
1 0 0 11
1 0 0 11
1 0 0 12
1 0 0 12
1 0 0 12
1 0 0 12
1 0 0 12
1 0 0 13
1 0 0 13
1 0 0 13
1 0 0 13
1 0 0 14
1 0 0 15
1 0 0 15
1 0 0 15
1 0 0 15
1 0 0 15
1 0 0 14
1 0 0 14
1 0 0 14
1 0 0 14
1 0 0 16
1 0 0 16
1 0 0 16
1 0 0 16
1 0 0 16
1 0 0 13
1 0 0 17
1 0 0 18
1 0 0 18
1 0 0 18
1 0 0 18
1 0 0 18
1 0 0 19
1 0 0 19
1 0 0 19
1 0 0 19
1 0 0 20
1 0 0 20
1 0 0 19
1 0 0 20
1 0 0 21
1 0 0 21
1 0 0 21
1 0 0 21
1 0 0 21
1 0 0 20
1 0 0 20
1 0 0 17
1 0 0 17
1 0 0 17
1 0 0 17
1 0 0 7
1 0 0 22
1 0 0 22
1 0 0 22
1 0 0 22
1 0 0 23
1 0 0 23
1 0 0 23
1 0 0 23
1 0 0 23
1 0 0 22
1 0 0 24
1 0 0 24
1 0 0 24
1 0 0 24
1 0 0 24
1 0 0 25
1 0 0 25
1 0 0 25
1 0 0 26
1 0 0 25
1 0 0 27
1 0 0 27
1 0 0 27
1 0 0 27
1 0 0 27
1 0 0 25
1 0 0 28
1 0 0 28
1 0 0 28
1 0 0 28
1 0 0 28
1 0 0 29
1 0 0 30
1 0 0 30
1 0 0 30
1 0 0 30
1 0 0 30
1 0 0 31
1 0 0 31
1 0 0 31
1 0 0 31
1 0 0 31
1 0 0 32
1 0 0 32
1 0 0 32
1 0 0 32
1 0 0 32
1 0 0 33
1 0 0 33
1 0 0 33
1 0 0 33
1 0 0 33
1 0 0 34
1 0 0 34
1 0 0 34
1 0 0 34
1 0 0 34
1 0 0 35
1 0 0 35
1 0 0 35
1 0 0 35
1 0 0 35
1 0 0 36
1 0 0 36
1 0 0 36
1 0 0 36
1 0 0 36
1 0 0 29
1 0 0 29
1 0 0 29
1 0 0 29
1 0 0 37
1 0 0 37
1 0 0 37
1 0 0 37
1 0 0 37
1 0 0 38
1 0 0 39
1 0 0 39
1 0 0 39
1 0 0 39
1 0 0 39
1 0 0 40
1 0 0 40
1 0 0 40
1 0 0 40
1 0 0 40
1 0 0 41
1 0 0 41
1 0 0 41
1 0 0 41
1 0 0 41
1 0 0 38
1 0 0 38
1 0 0 38
1 0 0 38
1 0 0 42
1 0 0 42
1 0 0 42
1 0 0 42
1 0 0 42
1 0 0 43
1 0 0 43
1 0 0 43
1 0 0 43
1 0 0 43
1 0 0 44
1 0 0 44
1 0 0 44
1 0 0 44
1 0 0 44
1 0 0 45
1 0 0 45
1 0 0 45
1 0 0 45
1 0 0 45
1 0 0 46
1 0 0 46
1 0 0 46
1 0 0 46
1 0 0 46
1 0 0 47
1 0 0 47
1 0 0 47
1 0 0 47
1 0 0 47
1 0 0 26
1 0 0 48
1 0 0 48
1 0 0 48
1 0 0 48
1 0 0 48
1 0 0 26
1 0 0 26
1 0 0 26
1 0 0 49
1 0 0 50
1 0 0 50
1 0 0 50
1 0 0 50
1 0 0 50
1 0 0 49
1 0 0 49
1 0 0 49
1 0 0 51
1 0 0 51
1 0 0 51
1 0 0 51
1 0 0 51
1 0 0 52
1 0 0 52
1 0 0 52
1 0 0 52
1 0 0 52
1 0 0 49
1 0 0 53
1 0 0 53
1 0 0 53
1 0 0 53
1 0 0 53
1 0 0 54
1 0 0 54
1 0 0 54
1 0 0 54
1 0 0 54
1 0 0 55
1 0 0 55
1 0 0 55
1 0 0 55
1 0 0 55
1 0 0 56
1 0 0 57
1 0 0 57
1 0 0 57
1 0 0 57
1 0 0 57
1 0 0 58
1 0 0 58
1 0 0 58
1 0 0 58
1 0 0 58
1 0 0 59
1 0 0 59
1 0 0 59
1 0 0 59
1 0 0 59
1 0 0 56
1 0 0 56
1 0 0 60
1 0 0 60
1 0 0 60
1 0 0 60
1 0 0 60
1 0 0 61
1 0 0 61
1 0 0 61
1 0 0 61
1 0 0 61
1 0 0 62
1 0 0 62
1 0 0 62
1 0 0 62
1 0 0 62
1 0 0 56
1 0 0 56
1 0 0 63
1 0 0 63
1 0 0 63
1 0 0 63
1 0 0 63
0.1 2 3 -1
0.1 316 4 -1
0.1 1 317 -1
0.1 5 6 -1
0.1 8 9 -1
0.1 7 320 -1
0.1 319 321 -1
0.1 322 10 -1
0.1 318 323 -1
0.1 13 14 -1
0.1 325 15 -1
0.1 12 326 -1
0.1 11 327 -1
0.1 324 328 -1
0.1 17 18 -1
0.1 16 330 -1
0.1 19 20 -1
0.1 21 22 -1
0.1 333 23 -1
0.1 332 334 -1
0.1 27 28 -1
0.1 336 29 -1
0.1 26 337 -1
0.1 25 338 -1
0.1 24 339 -1
0.1 340 30 -1
0.1 335 341 -1
0.1 32 33 -1
0.1 343 34 -1
0.1 35 36 -1
0.1 37 38 -1
0.1 345 346 -1
0.1 39 40 -1
0.1 41 42 -1
0.1 349 43 -1
0.1 348 350 -1
0.1 44 45 -1
0.1 46 47 -1
0.1 353 48 -1
0.1 352 354 -1
0.1 351 355 -1
0.1 52 53 -1
0.1 357 54 -1
0.1 51 358 -1
0.1 50 359 -1
0.1 49 360 -1
0.1 356 361 -1
0.1 347 362 -1
0.1 56 57 -1
0.1 55 364 -1
0.1 58 59 -1
0.1 365 366 -1
0.1 60 61 -1
0.1 368 62 -1
0.1 369 63 -1
0.1 66 67 -1
0.1 65 371 -1
0.1 68 69 -1
0.1 372 373 -1
0.1 64 374 -1
0.1 72 73 -1
0.1 71 376 -1
0.1 70 377 -1
0.1 76 77 -1
0.1 379 78 -1
0.1 75 380 -1
0.1 74 381 -1
0.1 378 382 -1
0.1 375 383 -1
0.1 370 384 -1
0.1 367 385 -1
0.1 82 83 -1
0.1 81 387 -1
0.1 84 85 -1
0.1 388 389 -1
0.1 80 390 -1
0.1 87 88 -1
0.1 86 392 -1
0.1 393 89 -1
0.1 90 91 -1
0.1 395 92 -1
0.1 94 95 -1
0.1 97 98 -1
0.1 96 398 -1
0.1 397 399 -1
0.1 93 400 -1
0.1 99 100 -1
0.1 401 402 -1
0.1 396 403 -1
0.1 394 404 -1
0.1 391 405 -1
0.1 103 104 -1
0.1 102 407 -1
0.1 101 408 -1
0.1 406 409 -1
0.1 79 410 -1
0.1 386 411 -1
0.1 363 412 -1
0.1 344 413 -1
0.1 414 105 -1
0.1 31 415 -1
0.1 342 416 -1
0.1 331 417 -1
0.1 329 418 -1
0.1 107 108 -1
0.1 420 109 -1
0.1 106 421 -1
0.1 112 113 -1
0.1 111 423 -1
0.1 424 114 -1
0.1 110 425 -1
0.1 426 115 -1
0.1 422 427 -1
0.1 116 117 -1
0.1 119 120 -1
0.1 118 430 -1
0.1 429 431 -1
0.1 121 122 -1
0.1 432 433 -1
0.1 428 434 -1
0.1 435 123 -1
0.1 124 125 -1
0.1 127 128 -1
0.1 126 438 -1
0.1 129 130 -1
0.1 439 440 -1
0.1 437 441 -1
0.1 436 442 -1
0.1 419 443 -1
0.1 133 134 -1
0.1 445 135 -1
0.1 132 446 -1
0.1 447 136 -1
0.1 139 140 -1
0.1 138 449 -1
0.1 141 142 -1
0.1 450 451 -1
0.1 137 452 -1
0.1 144 145 -1
0.1 454 146 -1
0.1 143 455 -1
0.1 148 149 -1
0.1 150 151 -1
0.1 457 458 -1
0.1 156 157 -1
0.1 155 460 -1
0.1 154 461 -1
0.1 153 462 -1
0.1 152 463 -1
0.1 459 464 -1
0.1 147 465 -1
0.1 456 466 -1
0.1 158 159 -1
0.1 161 162 -1
0.1 160 469 -1
0.1 468 470 -1
0.1 163 164 -1
0.1 165 166 -1
0.1 473 167 -1
0.1 472 474 -1
0.1 471 475 -1
0.1 467 476 -1
0.1 169 170 -1
0.1 171 172 -1
0.1 478 479 -1
0.1 168 480 -1
0.1 174 175 -1
0.1 482 176 -1
0.1 173 483 -1
0.1 481 484 -1
0.1 177 178 -1
0.1 179 180 -1
0.1 486 487 -1
0.1 488 181 -1
0.1 485 489 -1
0.1 477 490 -1
0.1 453 491 -1
0.1 184 185 -1
0.1 493 186 -1
0.1 188 189 -1
0.1 495 190 -1
0.1 191 192 -1
0.1 194 195 -1
0.1 193 498 -1
0.1 196 197 -1
0.1 499 500 -1
0.1 497 501 -1
0.1 496 502 -1
0.1 187 503 -1
0.1 494 504 -1
0.1 183 505 -1
0.1 198 199 -1
0.1 200 201 -1
0.1 507 508 -1
0.1 506 509 -1
0.1 182 510 -1
0.1 205 206 -1
0.1 204 512 -1
0.1 203 513 -1
0.1 202 514 -1
0.1 207 208 -1
0.1 209 210 -1
0.1 212 213 -1
0.1 215 216 -1
0.1 214 519 -1
0.1 518 520 -1
0.1 211 521 -1
0.1 517 522 -1
0.1 516 523 -1
0.1 217 218 -1
0.1 525 219 -1
0.1 526 220 -1
0.1 524 527 -1
0.1 223 224 -1
0.1 222 529 -1
0.1 225 226 -1
0.1 530 531 -1
0.1 221 532 -1
0.1 528 533 -1
0.1 515 534 -1
0.1 511 535 -1
0.1 492 536 -1
0.1 448 537 -1
0.1 131 538 -1
0.1 227 228 -1
0.1 540 229 -1
0.1 230 231 -1
0.1 541 542 -1
0.1 539 543 -1
0.1 235 236 -1
0.1 234 545 -1
0.1 546 237 -1
0.1 233 547 -1
0.1 232 548 -1
0.1 238 239 -1
0.1 243 244 -1
0.1 245 246 -1
0.1 551 552 -1
0.1 242 553 -1
0.1 241 554 -1
0.1 247 248 -1
0.1 555 556 -1
0.1 250 251 -1
0.1 258 259 -1
0.1 257 559 -1
0.1 256 560 -1
0.1 255 561 -1
0.1 254 562 -1
0.1 253 563 -1
0.1 252 564 -1
0.1 558 565 -1
0.1 566 260 -1
0.1 249 567 -1
0.1 557 568 -1
0.1 240 569 -1
0.1 262 263 -1
0.1 264 265 -1
0.1 571 572 -1
0.1 261 573 -1
0.1 267 268 -1
0.1 575 269 -1
0.1 266 576 -1
0.1 577 270 -1
0.1 272 273 -1
0.1 271 579 -1
0.1 274 275 -1
0.1 580 581 -1
0.1 578 582 -1
0.1 277 278 -1
0.1 280 281 -1
0.1 279 585 -1
0.1 584 586 -1
0.1 283 284 -1
0.1 588 285 -1
0.1 589 286 -1
0.1 282 590 -1
0.1 587 591 -1
0.1 592 287 -1
0.1 289 290 -1
0.1 288 594 -1
0.1 593 595 -1
0.1 596 291 -1
0.1 276 597 -1
0.1 292 293 -1
0.1 598 599 -1
0.1 294 295 -1
0.1 297 298 -1
0.1 296 602 -1
0.1 299 300 -1
0.1 301 302 -1
0.1 604 605 -1
0.1 606 303 -1
0.1 603 607 -1
0.1 601 608 -1
0.1 600 609 -1
0.1 583 610 -1
0.1 574 611 -1
0.1 304 305 -1
0.1 307 308 -1
0.1 306 614 -1
0.1 613 615 -1
0.1 309 310 -1
0.1 616 617 -1
0.1 612 618 -1
0.1 570 619 -1
0.1 550 620 -1
0.1 549 621 -1
0.1 544 622 -1
0.1 313 314 -1
0.1 624 315 -1
0.1 312 625 -1
0.1 311 626 -1
0.1 623 627 -1
0.1 444 628 -1
