1 0 0 1
1 0 0 2
1 0 0 2
1 0 0 2
1 0 0 2
1 0 0 2
1 0 0 2
1 0 0 2
1 0 0 2
1 0 0 2
1 0 0 2
1 0 0 1
1 0 0 1
1 0 0 1
1 0 0 1
1 0 0 1
1 0 0 1
1 0 0 1
1 0 0 1
1 0 0 1
1 0 0 3
1 0 0 3
1 0 0 3
1 0 0 3
1 0 0 3
1 0 0 3
1 0 0 3
1 0 0 3
1 0 0 3
1 0 0 3
1 0 0 4
1 0 0 4
1 0 0 4
1 0 0 4
1 0 0 5
1 0 0 5
1 0 0 5
1 0 0 5
1 0 0 5
1 0 0 5
1 0 0 5
1 0 0 5
1 0 0 5
1 0 0 5
1 0 0 4
1 0 0 4
1 0 0 6
1 0 0 6
1 0 0 6
1 0 0 6
1 0 0 6
1 0 0 6
1 0 0 6
1 0 0 6
1 0 0 6
1 0 0 6
1 0 0 4
1 0 0 4
1 0 0 4
1 0 0 4
1 0 0 7
1 0 0 7
1 0 0 7
1 0 0 7
1 0 0 8
1 0 0 8
1 0 0 8
1 0 0 8
1 0 0 8
1 0 0 8
1 0 0 8
1 0 0 8
1 0 0 8
1 0 0 8
1 0 0 7
1 0 0 7
1 0 0 7
1 0 0 7
1 0 0 7
1 0 0 7
0.1 2 3 -1
0.1 4 5 -1
0.1 6 7 -1
0.1 8 9 -1
0.1 84 10 -1
0.1 83 85 -1
0.1 82 86 -1
0.1 81 87 -1
0.1 88 11 -1
0.1 1 89 -1
0.1 12 13 -1
0.1 91 14 -1
0.1 15 16 -1
0.1 18 19 -1
0.1 17 94 -1
0.1 95 20 -1
0.1 93 96 -1
0.1 92 97 -1
0.1 90 98 -1
0.1 22 23 -1
0.1 21 100 -1
0.1 25 26 -1
0.1 27 28 -1
0.1 102 103 -1
0.1 24 104 -1
0.1 29 30 -1
0.1 105 106 -1
0.1 101 107 -1
0.1 99 108 -1
0.1 31 32 -1
0.1 33 34 -1
0.1 36 37 -1
0.1 112 38 -1
0.1 113 39 -1
0.1 35 114 -1
0.1 40 41 -1
0.1 42 43 -1
0.1 116 117 -1
0.1 118 44 -1
0.1 115 119 -1
0.1 45 46 -1
0.1 120 121 -1
0.1 47 48 -1
0.1 51 52 -1
0.1 55 56 -1
0.1 54 125 -1
0.1 53 126 -1
0.1 124 127 -1
0.1 50 128 -1
0.1 49 129 -1
0.1 123 130 -1
0.1 131 57 -1
0.1 132 58 -1
0.1 122 133 -1
0.1 111 134 -1
0.1 59 60 -1
0.1 135 136 -1
0.1 110 137 -1
0.1 61 62 -1
0.1 66 67 -1
0.1 69 70 -1
0.1 71 72 -1
0.1 141 142 -1
0.1 68 143 -1
0.1 73 74 -1
0.1 144 145 -1
0.1 140 146 -1
0.1 65 147 -1
0.1 64 148 -1
0.1 63 149 -1
0.1 139 150 -1
0.1 75 76 -1
0.1 151 152 -1
0.1 79 80 -1
0.1 78 154 -1
0.1 77 155 -1
0.1 153 156 -1
0.1 138 157 -1
0.1 109 158 -1
