1 0 0 1
1 0 0 1
1 0 0 1
1 0 0 2
1 0 0 1
1 0 0 3
1 0 0 3
1 0 0 3
1 0 0 3
1 0 0 3
1 0 0 3
1 0 0 3
1 0 0 3
1 0 0 3
1 0 0 3
1 0 0 4
1 0 0 4
1 0 0 4
1 0 0 4
1 0 0 5
1 0 0 5
1 0 0 5
1 0 0 5
1 0 0 5
1 0 0 6
1 0 0 6
1 0 0 6
1 0 0 6
1 0 0 6
1 0 0 6
1 0 0 6
1 0 0 7
1 0 0 7
1 0 0 7
1 0 0 7
1 0 0 7
1 0 0 7
1 0 0 7
1 0 0 7
1 0 0 7
1 0 0 7
1 0 0 6
1 0 0 6
1 0 0 6
1 0 0 8
1 0 0 8
1 0 0 8
1 0 0 8
1 0 0 8
1 0 0 8
1 0 0 8
1 0 0 8
1 0 0 8
1 0 0 8
1 0 0 5
1 0 0 5
1 0 0 5
1 0 0 5
1 0 0 5
1 0 0 4
1 0 0 4
1 0 0 4
1 0 0 4
1 0 0 4
1 0 0 4
1 0 0 9
1 0 0 9
1 0 0 9
1 0 0 9
1 0 0 9
1 0 0 9
1 0 0 9
1 0 0 9
1 0 0 9
1 0 0 9
1 0 0 1
1 0 0 1
1 0 0 1
1 0 0 1
1 0 0 1
1 0 0 1
1 0 0 2
1 0 0 2
1 0 0 2
1 0 0 10
1 0 0 10
1 0 0 10
1 0 0 10
1 0 0 10
1 0 0 10
1 0 0 11
1 0 0 11
1 0 0 11
1 0 0 11
1 0 0 11
1 0 0 11
1 0 0 11
1 0 0 11
1 0 0 11
1 0 0 11
1 0 0 12
1 0 0 12
1 0 0 12
1 0 0 12
1 0 0 12
1 0 0 12
1 0 0 12
1 0 0 12
1 0 0 12
1 0 0 12
1 0 0 13
1 0 0 13
1 0 0 13
1 0 0 13
1 0 0 13
1 0 0 13
1 0 0 13
1 0 0 13
1 0 0 13
1 0 0 13
1 0 0 14
1 0 0 14
1 0 0 14
1 0 0 14
1 0 0 14
1 0 0 14
1 0 0 14
1 0 0 14
1 0 0 14
1 0 0 14
1 0 0 15
1 0 0 15
1 0 0 15
1 0 0 15
1 0 0 15
1 0 0 15
1 0 0 15
1 0 0 15
1 0 0 15
1 0 0 15
1 0 0 16
1 0 0 16
1 0 0 16
1 0 0 16
1 0 0 16
1 0 0 16
1 0 0 16
1 0 0 16
1 0 0 16
1 0 0 16
1 0 0 17
1 0 0 17
1 0 0 17
1 0 0 17
1 0 0 17
1 0 0 17
1 0 0 17
1 0 0 17
1 0 0 17
1 0 0 17
1 0 0 10
1 0 0 10
1 0 0 10
1 0 0 10
1 0 0 18
1 0 0 18
1 0 0 18
1 0 0 18
1 0 0 18
1 0 0 18
1 0 0 18
1 0 0 18
1 0 0 18
1 0 0 18
1 0 0 2
1 0 0 19
1 0 0 19
1 0 0 19
1 0 0 19
1 0 0 19
1 0 0 19
1 0 0 19
1 0 0 19
1 0 0 19
1 0 0 19
1 0 0 2
1 0 0 2
1 0 0 2
1 0 0 20
1 0 0 20
1 0 0 21
1 0 0 21
1 0 0 21
1 0 0 21
1 0 0 21
1 0 0 21
1 0 0 21
1 0 0 21
1 0 0 21
1 0 0 21
1 0 0 20
1 0 0 20
1 0 0 20
1 0 0 20
1 0 0 20
1 0 0 20
1 0 0 20
1 0 0 20
1 0 0 2
1 0 0 22
1 0 0 22
1 0 0 22
1 0 0 23
1 0 0 23
1 0 0 23
1 0 0 23
1 0 0 23
1 0 0 23
1 0 0 23
1 0 0 23
1 0 0 23
1 0 0 23
1 0 0 24
1 0 0 24
1 0 0 24
1 0 0 24
1 0 0 24
1 0 0 24
1 0 0 24
1 0 0 24
1 0 0 24
1 0 0 24
1 0 0 22
1 0 0 22
1 0 0 22
1 0 0 25
1 0 0 25
1 0 0 25
1 0 0 25
1 0 0 22
1 0 0 25
1 0 0 25
1 0 0 25
1 0 0 25
1 0 0 25
1 0 0 25
1 0 0 22
1 0 0 22
1 0 0 22
1 0 0 2
1 0 0 26
1 0 0 26
1 0 0 26
1 0 0 26
1 0 0 26
1 0 0 26
1 0 0 26
1 0 0 26
1 0 0 26
1 0 0 26
0.1 1 2 -1
0.1 6 7 -1
0.1 262 8 -1
0.1 11 12 -1
0.1 10 264 -1
0.1 9 265 -1
0.1 13 14 -1
0.1 266 267 -1
0.1 16 17 -1
0.1 18 19 -1
0.1 269 270 -1
0.1 20 21 -1
0.1 22 23 -1
0.1 273 24 -1
0.1 272 274 -1
0.1 26 27 -1
0.1 29 30 -1
0.1 28 277 -1
0.1 276 278 -1
0.1 25 279 -1
0.1 33 34 -1
0.1 32 281 -1
0.1 282 35 -1
0.1 38 39 -1
0.1 37 284 -1
0.1 36 285 -1
0.1 283 286 -1
0.1 40 41 -1
0.1 287 288 -1
0.1 31 289 -1
0.1 42 43 -1
0.1 290 291 -1
0.1 292 44 -1
0.1 280 293 -1
0.1 46 47 -1
0.1 45 295 -1
0.1 49 50 -1
0.1 48 297 -1
0.1 296 298 -1
0.1 53 54 -1
0.1 52 300 -1
0.1 51 301 -1
0.1 299 302 -1
0.1 294 303 -1
0.1 55 56 -1
0.1 57 58 -1
0.1 305 306 -1
0.1 304 307 -1
0.1 275 308 -1
0.1 309 59 -1
0.1 60 61 -1
0.1 62 63 -1
0.1 312 64 -1
0.1 313 65 -1
0.1 311 314 -1
0.1 66 67 -1
0.1 69 70 -1
0.1 71 72 -1
0.1 318 73 -1
0.1 74 75 -1
0.1 319 320 -1
0.1 317 321 -1
0.1 68 322 -1
0.1 316 323 -1
0.1 315 324 -1
0.1 310 325 -1
0.1 271 326 -1
0.1 15 327 -1
0.1 268 328 -1
0.1 263 329 -1
0.1 5 330 -1
0.1 331 76 -1
0.1 79 80 -1
0.1 333 81 -1
0.1 78 334 -1
0.1 77 335 -1
0.1 332 336 -1
0.1 4 337 -1
0.1 3 338 -1
0.1 261 339 -1
0.1 82 83 -1
0.1 341 84 -1
0.1 86 87 -1
0.1 85 343 -1
0.1 89 90 -1
0.1 88 345 -1
0.1 344 346 -1
0.1 99 100 -1
0.1 98 348 -1
0.1 97 349 -1
0.1 96 350 -1
0.1 95 351 -1
0.1 94 352 -1
0.1 93 353 -1
0.1 92 354 -1
0.1 91 355 -1
0.1 347 356 -1
0.1 104 105 -1
0.1 358 106 -1
0.1 103 359 -1
0.1 102 360 -1
0.1 101 361 -1
0.1 109 110 -1
0.1 108 363 -1
0.1 107 364 -1
0.1 362 365 -1
0.1 112 113 -1
0.1 114 115 -1
0.1 368 116 -1
0.1 369 117 -1
0.1 119 120 -1
0.1 118 371 -1
0.1 370 372 -1
0.1 367 373 -1
0.1 111 374 -1
0.1 366 375 -1
0.1 357 376 -1
0.1 121 122 -1
0.1 123 124 -1
0.1 378 379 -1
0.1 125 126 -1
0.1 128 129 -1
0.1 127 382 -1
0.1 381 383 -1
0.1 380 384 -1
0.1 133 134 -1
0.1 132 386 -1
0.1 135 136 -1
0.1 388 137 -1
0.1 387 389 -1
0.1 139 140 -1
0.1 138 391 -1
0.1 390 392 -1
0.1 131 393 -1
0.1 141 142 -1
0.1 144 145 -1
0.1 143 396 -1
0.1 395 397 -1
0.1 147 148 -1
0.1 146 399 -1
0.1 149 150 -1
0.1 400 401 -1
0.1 398 402 -1
0.1 394 403 -1
0.1 130 404 -1
0.1 385 405 -1
0.1 152 153 -1
0.1 407 154 -1
0.1 151 408 -1
0.1 157 158 -1
0.1 410 159 -1
0.1 156 411 -1
0.1 412 160 -1
0.1 155 413 -1
0.1 409 414 -1
0.1 406 415 -1
0.1 163 164 -1
0.1 162 417 -1
0.1 161 418 -1
0.1 165 166 -1
0.1 169 170 -1
0.1 168 421 -1
0.1 167 422 -1
0.1 171 172 -1
0.1 173 174 -1
0.1 424 425 -1
0.1 423 426 -1
0.1 420 427 -1
0.1 419 428 -1
0.1 416 429 -1
0.1 377 430 -1
0.1 342 431 -1
0.1 179 180 -1
0.1 178 433 -1
0.1 177 434 -1
0.1 176 435 -1
0.1 181 182 -1
0.1 184 185 -1
0.1 183 438 -1
0.1 437 439 -1
0.1 436 440 -1
0.1 175 441 -1
0.1 432 442 -1
0.1 186 187 -1
0.1 443 444 -1
0.1 189 190 -1
0.1 192 193 -1
0.1 195 196 -1
0.1 448 197 -1
0.1 194 449 -1
0.1 199 200 -1
0.1 198 451 -1
0.1 450 452 -1
0.1 447 453 -1
0.1 191 454 -1
0.1 203 204 -1
0.1 456 205 -1
0.1 207 208 -1
0.1 206 458 -1
0.1 457 459 -1
0.1 202 460 -1
0.1 201 461 -1
0.1 455 462 -1
0.1 446 463 -1
0.1 188 464 -1
0.1 210 211 -1
0.1 466 212 -1
0.1 214 215 -1
0.1 216 217 -1
0.1 468 469 -1
0.1 218 219 -1
0.1 470 471 -1
0.1 213 472 -1
0.1 220 221 -1
0.1 473 474 -1
0.1 475 222 -1
0.1 224 225 -1
0.1 226 227 -1
0.1 229 230 -1
0.1 228 479 -1
0.1 231 232 -1
0.1 480 481 -1
0.1 478 482 -1
0.1 477 483 -1
0.1 223 484 -1
0.1 233 234 -1
0.1 486 235 -1
0.1 236 237 -1
0.1 238 239 -1
0.1 488 489 -1
0.1 243 244 -1
0.1 242 491 -1
0.1 241 492 -1
0.1 245 246 -1
0.1 493 494 -1
0.1 240 495 -1
0.1 490 496 -1
0.1 247 248 -1
0.1 498 249 -1
0.1 497 499 -1
0.1 487 500 -1
0.1 485 501 -1
0.1 476 502 -1
0.1 467 503 -1
0.1 209 504 -1
0.1 505 250 -1
0.1 465 506 -1
0.1 252 253 -1
0.1 254 255 -1
0.1 509 256 -1
0.1 508 510 -1
0.1 251 511 -1
0.1 512 257 -1
0.1 259 260 -1
0.1 258 514 -1
0.1 513 515 -1
0.1 507 516 -1
0.1 445 517 -1
0.1 340 518 -1
