1 0 0 1
1 0 0 2
1 0 0 2
1 0 0 2
1 0 0 2
1 0 0 2
1 0 0 2
1 0 0 2
1 0 0 2
1 0 0 2
1 0 0 2
1 0 0 3
1 0 0 3
1 0 0 3
1 0 0 3
1 0 0 3
1 0 0 3
1 0 0 3
1 0 0 3
1 0 0 3
1 0 0 3
1 0 0 1
1 0 0 4
1 0 0 4
1 0 0 4
1 0 0 4
1 0 0 4
1 0 0 4
1 0 0 4
1 0 0 4
1 0 0 4
1 0 0 4
1 0 0 1
1 0 0 1
1 0 0 1
1 0 0 1
1 0 0 1
1 0 0 1
1 0 0 1
1 0 0 1
1 0 0 5
1 0 0 5
1 0 0 5
1 0 0 5
1 0 0 5
1 0 0 5
1 0 0 5
1 0 0 5
1 0 0 5
1 0 0 5
1 0 0 6
1 0 0 6
1 0 0 6
1 0 0 6
1 0 0 6
1 0 0 6
1 0 0 6
1 0 0 7
1 0 0 7
1 0 0 7
1 0 0 7
1 0 0 7
1 0 0 7
1 0 0 7
1 0 0 7
1 0 0 7
1 0 0 7
1 0 0 8
1 0 0 8
1 0 0 8
1 0 0 8
1 0 0 8
1 0 0 8
1 0 0 8
1 0 0 8
1 0 0 8
1 0 0 8
1 0 0 6
1 0 0 6
1 0 0 6
0.1 2 3 -1
0.1 4 5 -1
0.1 6 7 -1
0.1 8 9 -1
0.1 83 84 -1
0.1 10 11 -1
0.1 85 86 -1
0.1 82 87 -1
0.1 81 88 -1
0.1 12 13 -1
0.1 90 14 -1
0.1 15 16 -1
0.1 92 17 -1
0.1 91 93 -1
0.1 18 19 -1
0.1 20 21 -1
0.1 95 96 -1
0.1 94 97 -1
0.1 89 98 -1
0.1 1 99 -1
0.1 25 26 -1
0.1 101 27 -1
0.1 102 28 -1
0.1 103 29 -1
0.1 24 104 -1
0.1 23 105 -1
0.1 31 32 -1
0.1 30 107 -1
0.1 106 108 -1
0.1 22 109 -1
0.1 33 34 -1
0.1 111 35 -1
0.1 110 112 -1
0.1 36 37 -1
0.1 114 38 -1
0.1 43 44 -1
0.1 46 47 -1
0.1 45 117 -1
0.1 118 48 -1
0.1 116 119 -1
0.1 42 120 -1
0.1 121 49 -1
0.1 41 122 -1
0.1 123 50 -1
0.1 40 124 -1
0.1 52 53 -1
0.1 51 126 -1
0.1 55 56 -1
0.1 128 57 -1
0.1 54 129 -1
0.1 127 130 -1
0.1 60 61 -1
0.1 59 132 -1
0.1 65 66 -1
0.1 64 134 -1
0.1 63 135 -1
0.1 62 136 -1
0.1 137 67 -1
0.1 133 138 -1
0.1 58 139 -1
0.1 70 71 -1
0.1 141 72 -1
0.1 69 142 -1
0.1 73 74 -1
0.1 144 75 -1
0.1 143 145 -1
0.1 76 77 -1
0.1 146 147 -1
0.1 68 148 -1
0.1 140 149 -1
0.1 131 150 -1
0.1 78 79 -1
0.1 151 152 -1
0.1 153 80 -1
0.1 125 154 -1
0.1 39 155 -1
0.1 115 156 -1
0.1 113 157 -1
0.1 100 158 -1
