1 0 0 1
1 0 0 1
1 0 0 1
1 0 0 1
1 0 0 1
1 0 0 1
1 0 0 1
1 0 0 1
1 0 0 1
1 0 0 1
1 0 0 2
1 0 0 2
1 0 0 2
1 0 0 2
1 0 0 2
1 0 0 2
1 0 0 2
1 0 0 2
1 0 0 2
1 0 0 2
1 0 0 3
1 0 0 3
1 0 0 3
1 0 0 3
1 0 0 3
1 0 0 4
1 0 0 4
1 0 0 4
1 0 0 4
1 0 0 4
1 0 0 4
1 0 0 4
1 0 0 4
1 0 0 4
1 0 0 4
1 0 0 3
1 0 0 5
1 0 0 5
1 0 0 3
1 0 0 3
1 0 0 3
1 0 0 5
1 0 0 5
1 0 0 5
1 0 0 5
1 0 0 5
1 0 0 5
1 0 0 5
1 0 0 5
1 0 0 6
1 0 0 6
1 0 0 6
1 0 0 6
1 0 0 6
1 0 0 6
1 0 0 6
1 0 0 6
1 0 0 6
1 0 0 6
1 0 0 7
1 0 0 7
1 0 0 7
1 0 0 7
1 0 0 7
1 0 0 7
1 0 0 7
1 0 0 7
1 0 0 7
1 0 0 7
1 0 0 3
1 0 0 8
1 0 0 8
1 0 0 8
1 0 0 8
1 0 0 8
1 0 0 8
1 0 0 8
1 0 0 8
1 0 0 8
1 0 0 8
0.1 1 2 -1
0.1 3 4 -1
0.1 81 82 -1
0.1 5 6 -1
0.1 83 84 -1
0.1 9 10 -1
0.1 8 86 -1
0.1 7 87 -1
0.1 85 88 -1
0.1 12 13 -1
0.1 11 90 -1
0.1 15 16 -1
0.1 14 92 -1
0.1 91 93 -1
0.1 17 18 -1
0.1 19 20 -1
0.1 95 96 -1
0.1 94 97 -1
0.1 89 98 -1
0.1 99 21 -1
0.1 23 24 -1
0.1 22 101 -1
0.1 27 28 -1
0.1 29 30 -1
0.1 103 104 -1
0.1 34 35 -1
0.1 33 106 -1
0.1 32 107 -1
0.1 31 108 -1
0.1 105 109 -1
0.1 26 110 -1
0.1 25 111 -1
0.1 102 112 -1
0.1 39 40 -1
0.1 114 41 -1
0.1 115 42 -1
0.1 38 116 -1
0.1 43 44 -1
0.1 118 45 -1
0.1 48 49 -1
0.1 47 120 -1
0.1 46 121 -1
0.1 119 122 -1
0.1 52 53 -1
0.1 51 124 -1
0.1 54 55 -1
0.1 126 56 -1
0.1 127 57 -1
0.1 125 128 -1
0.1 58 59 -1
0.1 129 130 -1
0.1 50 131 -1
0.1 60 61 -1
0.1 133 62 -1
0.1 63 64 -1
0.1 134 135 -1
0.1 136 65 -1
0.1 66 67 -1
0.1 138 68 -1
0.1 139 69 -1
0.1 137 140 -1
0.1 132 141 -1
0.1 75 76 -1
0.1 79 80 -1
0.1 78 144 -1
0.1 77 145 -1
0.1 143 146 -1
0.1 74 147 -1
0.1 73 148 -1
0.1 72 149 -1
0.1 71 150 -1
0.1 70 151 -1
0.1 142 152 -1
0.1 123 153 -1
0.1 117 154 -1
0.1 37 155 -1
0.1 36 156 -1
0.1 113 157 -1
0.1 100 158 -1
