1 0 0 1
1 0 0 2
1 0 0 2
1 0 0 2
1 0 0 2
1 0 0 2
1 0 0 2
1 0 0 2
1 0 0 2
1 0 0 2
1 0 0 2
1 0 0 3
1 0 0 3
1 0 0 3
1 0 0 3
1 0 0 4
1 0 0 4
1 0 0 4
1 0 0 4
1 0 0 4
1 0 0 4
1 0 0 3
1 0 0 5
1 0 0 5
1 0 0 5
1 0 0 5
1 0 0 5
1 0 0 5
1 0 0 5
1 0 0 5
1 0 0 5
1 0 0 5
1 0 0 6
1 0 0 4
1 0 0 4
1 0 0 4
1 0 0 4
1 0 0 1
1 0 0 1
1 0 0 3
1 0 0 3
1 0 0 3
1 0 0 3
1 0 0 3
1 0 0 1
1 0 0 7
1 0 0 7
1 0 0 7
1 0 0 7
1 0 0 7
1 0 0 7
1 0 0 7
1 0 0 7
1 0 0 7
1 0 0 7
1 0 0 8
1 0 0 8
1 0 0 8
1 0 0 8
1 0 0 8
1 0 0 8
1 0 0 9
1 0 0 9
1 0 0 9
1 0 0 9
1 0 0 8
1 0 0 8
1 0 0 10
1 0 0 10
1 0 0 10
1 0 0 10
1 0 0 10
1 0 0 10
1 0 0 10
1 0 0 10
1 0 0 10
1 0 0 10
1 0 0 6
1 0 0 6
1 0 0 6
1 0 0 6
1 0 0 6
1 0 0 6
1 0 0 6
1 0 0 6
1 0 0 9
1 0 0 9
1 0 0 6
1 0 0 8
1 0 0 11
1 0 0 11
1 0 0 11
1 0 0 11
1 0 0 11
1 0 0 11
1 0 0 8
1 0 0 1
1 0 0 1
1 0 0 1
1 0 0 1
1 0 0 9
1 0 0 9
1 0 0 9
1 0 0 9
1 0 0 1
1 0 0 12
1 0 0 12
1 0 0 12
1 0 0 12
1 0 0 12
1 0 0 12
1 0 0 12
1 0 0 12
1 0 0 12
1 0 0 12
1 0 0 11
1 0 0 11
1 0 0 11
1 0 0 11
1 0 0 1
0.1 2 3 -1
0.1 4 5 -1
0.1 7 8 -1
0.1 6 123 -1
0.1 124 9 -1
0.1 122 125 -1
0.1 121 126 -1
0.1 10 11 -1
0.1 127 128 -1
0.1 129 12 -1
0.1 13 14 -1
0.1 131 15 -1
0.1 130 132 -1
0.1 17 18 -1
0.1 16 134 -1
0.1 20 21 -1
0.1 19 136 -1
0.1 135 137 -1
0.1 22 23 -1
0.1 24 25 -1
0.1 139 140 -1
0.1 30 31 -1
0.1 29 142 -1
0.1 28 143 -1
0.1 144 32 -1
0.1 27 145 -1
0.1 26 146 -1
0.1 141 147 -1
0.1 138 148 -1
0.1 133 149 -1
0.1 1 150 -1
0.1 35 36 -1
0.1 34 152 -1
0.1 153 37 -1
0.1 33 154 -1
0.1 151 155 -1
0.1 41 42 -1
0.1 157 43 -1
0.1 158 44 -1
0.1 40 159 -1
0.1 46 47 -1
0.1 49 50 -1
0.1 48 162 -1
0.1 52 53 -1
0.1 51 164 -1
0.1 163 165 -1
0.1 166 54 -1
0.1 161 167 -1
0.1 168 55 -1
0.1 45 169 -1
0.1 160 170 -1
0.1 39 171 -1
0.1 38 172 -1
0.1 156 173 -1
0.1 56 57 -1
0.1 58 59 -1
0.1 175 176 -1
0.1 60 61 -1
0.1 63 64 -1
0.1 62 179 -1
0.1 180 65 -1
0.1 66 67 -1
0.1 70 71 -1
0.1 69 183 -1
0.1 73 74 -1
0.1 72 185 -1
0.1 76 77 -1
0.1 75 187 -1
0.1 186 188 -1
0.1 184 189 -1
0.1 68 190 -1
0.1 182 191 -1
0.1 181 192 -1
0.1 178 193 -1
0.1 177 194 -1
0.1 79 80 -1
0.1 78 196 -1
0.1 81 82 -1
0.1 84 85 -1
0.1 83 199 -1
0.1 86 87 -1
0.1 201 88 -1
0.1 200 202 -1
0.1 198 203 -1
0.1 197 204 -1
0.1 205 89 -1
0.1 195 206 -1
0.1 91 92 -1
0.1 93 94 -1
0.1 208 209 -1
0.1 210 95 -1
0.1 98 99 -1
0.1 212 100 -1
0.1 97 213 -1
0.1 101 102 -1
0.1 103 104 -1
0.1 215 216 -1
0.1 106 107 -1
0.1 108 109 -1
0.1 218 219 -1
0.1 113 114 -1
0.1 112 221 -1
0.1 111 222 -1
0.1 223 115 -1
0.1 110 224 -1
0.1 220 225 -1
0.1 105 226 -1
0.1 217 227 -1
0.1 214 228 -1
0.1 229 116 -1
0.1 96 230 -1
0.1 211 231 -1
0.1 118 119 -1
0.1 117 233 -1
0.1 232 234 -1
0.1 90 235 -1
0.1 207 236 -1
0.1 237 120 -1
0.1 174 238 -1
