1 0 0 1
1 0 0 2
1 0 0 2
1 0 0 2
1 0 0 2
1 0 0 2
1 0 0 2
1 0 0 2
1 0 0 2
1 0 0 2
1 0 0 2
1 0 0 1
1 0 0 3
1 0 0 3
1 0 0 3
1 0 0 3
1 0 0 3
1 0 0 3
1 0 0 3
1 0 0 3
1 0 0 3
1 0 0 3
1 0 0 4
1 0 0 4
1 0 0 4
1 0 0 4
1 0 0 4
1 0 0 4
1 0 0 4
1 0 0 4
1 0 0 4
1 0 0 4
1 0 0 5
1 0 0 5
1 0 0 5
1 0 0 5
1 0 0 5
1 0 0 5
1 0 0 5
1 0 0 5
1 0 0 5
1 0 0 5
1 0 0 6
1 0 0 6
1 0 0 6
1 0 0 6
1 0 0 6
1 0 0 6
1 0 0 6
1 0 0 6
1 0 0 6
1 0 0 7
1 0 0 7
1 0 0 7
1 0 0 7
1 0 0 7
1 0 0 7
1 0 0 7
1 0 0 6
1 0 0 1
1 0 0 8
1 0 0 8
1 0 0 8
1 0 0 8
1 0 0 8
1 0 0 8
1 0 0 8
1 0 0 8
1 0 0 8
1 0 0 8
1 0 0 1
1 0 0 9
1 0 0 9
1 0 0 9
1 0 0 9
1 0 0 9
1 0 0 9
1 0 0 9
1 0 0 9
1 0 0 9
1 0 0 9
1 0 0 10
1 0 0 10
1 0 0 10
1 0 0 10
1 0 0 10
1 0 0 10
1 0 0 10
1 0 0 10
1 0 0 10
1 0 0 10
1 0 0 11
1 0 0 11
1 0 0 11
1 0 0 11
1 0 0 11
1 0 0 11
1 0 0 11
1 0 0 11
1 0 0 11
1 0 0 11
1 0 0 1
1 0 0 1
1 0 0 7
1 0 0 7
1 0 0 7
1 0 0 1
1 0 0 12
1 0 0 12
1 0 0 12
1 0 0 12
1 0 0 12
1 0 0 12
1 0 0 12
1 0 0 13
1 0 0 13
1 0 0 13
1 0 0 13
1 0 0 13
1 0 0 13
1 0 0 13
1 0 0 13
1 0 0 13
1 0 0 13
1 0 0 14
1 0 0 14
1 0 0 14
1 0 0 15
1 0 0 15
1 0 0 16
1 0 0 16
1 0 0 16
1 0 0 17
1 0 0 17
1 0 0 17
1 0 0 17
1 0 0 17
1 0 0 17
1 0 0 17
1 0 0 17
1 0 0 17
1 0 0 17
1 0 0 12
1 0 0 12
1 0 0 18
1 0 0 18
1 0 0 18
1 0 0 14
1 0 0 14
1 0 0 14
1 0 0 14
1 0 0 14
1 0 0 14
1 0 0 14
1 0 0 19
1 0 0 18
1 0 0 18
1 0 0 15
1 0 0 15
1 0 0 15
1 0 0 15
1 0 0 15
1 0 0 15
1 0 0 15
1 0 0 15
1 0 0 19
1 0 0 18
1 0 0 18
1 0 0 16
1 0 0 16
1 0 0 16
1 0 0 16
1 0 0 16
1 0 0 16
1 0 0 16
1 0 0 19
1 0 0 19
1 0 0 19
1 0 0 19
1 0 0 18
1 0 0 18
1 0 0 18
1 0 0 19
1 0 0 19
1 0 0 19
1 0 0 19
1 0 0 12
1 0 0 1
1 0 0 20
1 0 0 20
1 0 0 20
1 0 0 21
1 0 0 21
1 0 0 21
1 0 0 21
1 0 0 21
1 0 0 21
1 0 0 21
1 0 0 21
1 0 0 21
1 0 0 21
1 0 0 22
1 0 0 22
1 0 0 23
1 0 0 24
1 0 0 24
1 0 0 24
1 0 0 24
1 0 0 24
1 0 0 24
1 0 0 24
1 0 0 24
1 0 0 24
1 0 0 24
1 0 0 25
1 0 0 25
1 0 0 25
1 0 0 25
1 0 0 25
1 0 0 25
1 0 0 25
1 0 0 25
1 0 0 25
1 0 0 25
1 0 0 23
1 0 0 23
1 0 0 26
1 0 0 26
1 0 0 26
1 0 0 26
1 0 0 26
1 0 0 26
1 0 0 26
1 0 0 26
1 0 0 26
1 0 0 26
1 0 0 23
1 0 0 23
1 0 0 27
1 0 0 27
1 0 0 27
1 0 0 27
1 0 0 27
1 0 0 27
1 0 0 27
1 0 0 27
1 0 0 27
1 0 0 27
1 0 0 28
1 0 0 28
1 0 0 28
1 0 0 29
1 0 0 29
1 0 0 29
1 0 0 29
1 0 0 29
1 0 0 29
1 0 0 29
1 0 0 29
1 0 0 29
1 0 0 29
1 0 0 30
1 0 0 30
1 0 0 30
1 0 0 30
1 0 0 30
1 0 0 30
1 0 0 30
1 0 0 30
1 0 0 30
1 0 0 30
1 0 0 28
1 0 0 28
1 0 0 28
1 0 0 28
1 0 0 28
1 0 0 28
1 0 0 28
1 0 0 31
1 0 0 31
1 0 0 31
1 0 0 31
1 0 0 31
1 0 0 31
1 0 0 31
1 0 0 31
1 0 0 31
1 0 0 31
1 0 0 32
1 0 0 32
1 0 0 32
1 0 0 33
1 0 0 33
1 0 0 33
1 0 0 33
1 0 0 33
1 0 0 33
1 0 0 33
1 0 0 33
1 0 0 33
1 0 0 33
1 0 0 32
1 0 0 32
1 0 0 32
1 0 0 32
1 0 0 32
1 0 0 32
1 0 0 32
1 0 0 23
1 0 0 23
1 0 0 34
1 0 0 34
1 0 0 34
1 0 0 34
1 0 0 34
1 0 0 34
1 0 0 34
1 0 0 34
1 0 0 34
1 0 0 34
1 0 0 35
1 0 0 35
1 0 0 35
1 0 0 35
1 0 0 35
1 0 0 35
1 0 0 35
1 0 0 35
1 0 0 35
1 0 0 35
1 0 0 23
1 0 0 36
1 0 0 36
1 0 0 36
1 0 0 36
1 0 0 36
1 0 0 36
1 0 0 36
1 0 0 36
1 0 0 36
1 0 0 36
1 0 0 23
1 0 0 37
1 0 0 37
1 0 0 37
1 0 0 37
1 0 0 37
1 0 0 37
1 0 0 37
1 0 0 37
1 0 0 37
1 0 0 37
1 0 0 22
1 0 0 22
1 0 0 22
1 0 0 22
1 0 0 22
1 0 0 22
1 0 0 22
1 0 0 22
1 0 0 38
1 0 0 38
1 0 0 38
1 0 0 38
1 0 0 38
1 0 0 38
1 0 0 38
1 0 0 38
1 0 0 38
1 0 0 38
1 0 0 39
1 0 0 39
1 0 0 39
1 0 0 39
1 0 0 39
1 0 0 39
1 0 0 39
1 0 0 39
1 0 0 39
1 0 0 39
1 0 0 23
1 0 0 40
1 0 0 40
1 0 0 40
1 0 0 40
1 0 0 40
1 0 0 40
1 0 0 40
1 0 0 40
1 0 0 40
1 0 0 40
1 0 0 41
1 0 0 41
1 0 0 41
1 0 0 41
1 0 0 41
1 0 0 41
1 0 0 41
1 0 0 41
1 0 0 41
1 0 0 41
1 0 0 42
1 0 0 42
1 0 0 42
1 0 0 42
1 0 0 42
1 0 0 42
1 0 0 42
1 0 0 42
1 0 0 42
1 0 0 42
1 0 0 20
1 0 0 20
1 0 0 20
1 0 0 43
1 0 0 43
1 0 0 43
1 0 0 43
1 0 0 43
1 0 0 43
1 0 0 43
1 0 0 43
1 0 0 43
1 0 0 43
1 0 0 20
1 0 0 20
1 0 0 44
1 0 0 44
1 0 0 44
1 0 0 44
1 0 0 44
1 0 0 44
1 0 0 44
1 0 0 44
1 0 0 44
1 0 0 44
1 0 0 20
1 0 0 20
1 0 0 1
1 0 0 45
1 0 0 45
1 0 0 45
1 0 0 45
1 0 0 45
1 0 0 45
1 0 0 45
1 0 0 45
1 0 0 45
1 0 0 45
1 0 0 1
0.1 2 3 -1
0.1 6 7 -1
0.1 5 452 -1
0.1 4 453 -1
0.1 451 454 -1
0.1 10 11 -1
0.1 9 456 -1
0.1 8 457 -1
0.1 455 458 -1
0.1 13 14 -1
0.1 460 15 -1
0.1 18 19 -1
0.1 462 20 -1
0.1 17 463 -1
0.1 21 22 -1
0.1 464 465 -1
0.1 16 466 -1
0.1 461 467 -1
0.1 24 25 -1
0.1 26 27 -1
0.1 470 28 -1
0.1 30 31 -1
0.1 29 472 -1
0.1 473 32 -1
0.1 471 474 -1
0.1 469 475 -1
0.1 23 476 -1
0.1 36 37 -1
0.1 478 38 -1
0.1 35 479 -1
0.1 34 480 -1
0.1 40 41 -1
0.1 39 482 -1
0.1 481 483 -1
0.1 33 484 -1
0.1 485 42 -1
0.1 477 486 -1
0.1 468 487 -1
0.1 43 44 -1
0.1 47 48 -1
0.1 490 49 -1
0.1 46 491 -1
0.1 492 50 -1
0.1 45 493 -1
0.1 489 494 -1
0.1 495 51 -1
0.1 52 53 -1
0.1 56 57 -1
0.1 55 498 -1
0.1 54 499 -1
0.1 497 500 -1
0.1 496 501 -1
0.1 58 59 -1
0.1 502 503 -1
0.1 504 60 -1
0.1 488 505 -1
0.1 12 506 -1
0.1 459 507 -1
0.1 1 508 -1
0.1 63 64 -1
0.1 65 66 -1
0.1 510 511 -1
0.1 62 512 -1
0.1 61 513 -1
0.1 67 68 -1
0.1 515 69 -1
0.1 516 70 -1
0.1 514 517 -1
0.1 72 73 -1
0.1 74 75 -1
0.1 520 76 -1
0.1 519 521 -1
0.1 78 79 -1
0.1 523 80 -1
0.1 524 81 -1
0.1 77 525 -1
0.1 522 526 -1
0.1 84 85 -1
0.1 83 528 -1
0.1 529 86 -1
0.1 530 87 -1
0.1 531 88 -1
0.1 82 532 -1
0.1 89 90 -1
0.1 534 91 -1
0.1 533 535 -1
0.1 527 536 -1
0.1 71 537 -1
0.1 518 538 -1
0.1 93 94 -1
0.1 92 540 -1
0.1 541 95 -1
0.1 96 97 -1
0.1 100 101 -1
0.1 99 544 -1
0.1 98 545 -1
0.1 543 546 -1
0.1 542 547 -1
0.1 539 548 -1
0.1 102 103 -1
0.1 105 106 -1
0.1 104 551 -1
0.1 552 107 -1
0.1 550 553 -1
0.1 549 554 -1
0.1 509 555 -1
0.1 108 109 -1
0.1 557 110 -1
0.1 112 113 -1
0.1 117 118 -1
0.1 116 560 -1
0.1 119 120 -1
0.1 122 123 -1
0.1 563 124 -1
0.1 121 564 -1
0.1 562 565 -1
0.1 561 566 -1
0.1 115 567 -1
0.1 125 126 -1
0.1 569 127 -1
0.1 128 129 -1
0.1 131 132 -1
0.1 130 572 -1
0.1 571 573 -1
0.1 570 574 -1
0.1 568 575 -1
0.1 133 134 -1
0.1 135 136 -1
0.1 578 137 -1
0.1 577 579 -1
0.1 580 138 -1
0.1 139 140 -1
0.1 141 142 -1
0.1 582 583 -1
0.1 581 584 -1
0.1 576 585 -1
0.1 143 144 -1
0.1 586 587 -1
0.1 114 588 -1
0.1 559 589 -1
0.1 146 147 -1
0.1 145 591 -1
0.1 149 150 -1
0.1 148 593 -1
0.1 152 153 -1
0.1 151 595 -1
0.1 594 596 -1
0.1 592 597 -1
0.1 154 155 -1
0.1 156 157 -1
0.1 159 160 -1
0.1 161 162 -1
0.1 601 602 -1
0.1 158 603 -1
0.1 600 604 -1
0.1 163 164 -1
0.1 606 165 -1
0.1 605 607 -1
0.1 608 166 -1
0.1 599 609 -1
0.1 167 168 -1
0.1 170 171 -1
0.1 174 175 -1
0.1 173 613 -1
0.1 172 614 -1
0.1 612 615 -1
0.1 169 616 -1
0.1 617 176 -1
0.1 611 618 -1
0.1 619 177 -1
0.1 620 178 -1
0.1 181 182 -1
0.1 180 622 -1
0.1 623 183 -1
0.1 179 624 -1
0.1 621 625 -1
0.1 610 626 -1
0.1 627 184 -1
0.1 598 628 -1
0.1 185 186 -1
0.1 629 630 -1
0.1 590 631 -1
0.1 111 632 -1
0.1 558 633 -1
0.1 634 187 -1
0.1 190 191 -1
0.1 193 194 -1
0.1 192 637 -1
0.1 195 196 -1
0.1 197 198 -1
0.1 199 200 -1
0.1 640 641 -1
0.1 642 201 -1
0.1 639 643 -1
0.1 638 644 -1
0.1 202 203 -1
0.1 206 207 -1
0.1 209 210 -1
0.1 648 211 -1
0.1 208 649 -1
0.1 647 650 -1
0.1 212 213 -1
0.1 652 214 -1
0.1 651 653 -1
0.1 205 654 -1
0.1 216 217 -1
0.1 656 218 -1
0.1 219 220 -1
0.1 658 221 -1
0.1 659 222 -1
0.1 660 223 -1
0.1 661 224 -1
0.1 657 662 -1
0.1 215 663 -1
0.1 655 664 -1
0.1 204 665 -1
0.1 666 225 -1
0.1 667 226 -1
0.1 229 230 -1
0.1 228 669 -1
0.1 231 232 -1
0.1 234 235 -1
0.1 233 672 -1
0.1 671 673 -1
0.1 674 236 -1
0.1 670 675 -1
0.1 227 676 -1
0.1 237 238 -1
0.1 241 242 -1
0.1 679 243 -1
0.1 244 245 -1
0.1 246 247 -1
0.1 682 248 -1
0.1 681 683 -1
0.1 680 684 -1
0.1 240 685 -1
0.1 239 686 -1
0.1 678 687 -1
0.1 677 688 -1
0.1 249 250 -1
0.1 254 255 -1
0.1 253 691 -1
0.1 252 692 -1
0.1 256 257 -1
0.1 694 258 -1
0.1 695 259 -1
0.1 260 261 -1
0.1 696 697 -1
0.1 693 698 -1
0.1 262 263 -1
0.1 266 267 -1
0.1 265 701 -1
0.1 264 702 -1
0.1 700 703 -1
0.1 270 271 -1
0.1 269 705 -1
0.1 268 706 -1
0.1 704 707 -1
0.1 699 708 -1
0.1 709 272 -1
0.1 710 273 -1
0.1 274 275 -1
0.1 277 278 -1
0.1 276 713 -1
0.1 712 714 -1
0.1 711 715 -1
0.1 251 716 -1
0.1 690 717 -1
0.1 283 284 -1
0.1 282 719 -1
0.1 281 720 -1
0.1 280 721 -1
0.1 279 722 -1
0.1 286 287 -1
0.1 285 724 -1
0.1 725 288 -1
0.1 723 726 -1
0.1 290 291 -1
0.1 289 728 -1
0.1 292 293 -1
0.1 730 294 -1
0.1 296 297 -1
0.1 295 732 -1
0.1 731 733 -1
0.1 298 299 -1
0.1 300 301 -1
0.1 735 736 -1
0.1 734 737 -1
0.1 738 302 -1
0.1 729 739 -1
0.1 303 304 -1
0.1 306 307 -1
0.1 742 308 -1
0.1 305 743 -1
0.1 741 744 -1
0.1 740 745 -1
0.1 727 746 -1
0.1 718 747 -1
0.1 689 748 -1
0.1 309 310 -1
0.1 314 315 -1
0.1 313 751 -1
0.1 312 752 -1
0.1 311 753 -1
0.1 319 320 -1
0.1 318 755 -1
0.1 317 756 -1
0.1 316 757 -1
0.1 754 758 -1
0.1 750 759 -1
0.1 321 322 -1
0.1 324 325 -1
0.1 323 762 -1
0.1 763 326 -1
0.1 764 327 -1
0.1 765 328 -1
0.1 761 766 -1
0.1 760 767 -1
0.1 329 330 -1
0.1 768 769 -1
0.1 749 770 -1
0.1 332 333 -1
0.1 772 334 -1
0.1 337 338 -1
0.1 774 339 -1
0.1 336 775 -1
0.1 340 341 -1
0.1 776 777 -1
0.1 335 778 -1
0.1 773 779 -1
0.1 331 780 -1
0.1 771 781 -1
0.1 668 782 -1
0.1 343 344 -1
0.1 350 351 -1
0.1 349 785 -1
0.1 348 786 -1
0.1 347 787 -1
0.1 346 788 -1
0.1 345 789 -1
0.1 784 790 -1
0.1 791 352 -1
0.1 342 792 -1
0.1 783 793 -1
0.1 353 354 -1
0.1 355 356 -1
0.1 795 796 -1
0.1 358 359 -1
0.1 357 798 -1
0.1 799 360 -1
0.1 797 800 -1
0.1 363 364 -1
0.1 362 802 -1
0.1 361 803 -1
0.1 365 366 -1
0.1 368 369 -1
0.1 806 370 -1
0.1 367 807 -1
0.1 805 808 -1
0.1 804 809 -1
0.1 373 374 -1
0.1 372 811 -1
0.1 375 376 -1
0.1 813 377 -1
0.1 378 379 -1
0.1 815 380 -1
0.1 814 816 -1
0.1 812 817 -1
0.1 371 818 -1
0.1 383 384 -1
0.1 382 820 -1
0.1 385 386 -1
0.1 388 389 -1
0.1 387 823 -1
0.1 390 391 -1
0.1 824 825 -1
0.1 822 826 -1
0.1 821 827 -1
0.1 397 398 -1
0.1 396 829 -1
0.1 399 400 -1
0.1 830 831 -1
0.1 395 832 -1
0.1 394 833 -1
0.1 834 401 -1
0.1 393 835 -1
0.1 392 836 -1
0.1 828 837 -1
0.1 381 838 -1
0.1 402 403 -1
0.1 404 405 -1
0.1 841 406 -1
0.1 840 842 -1
0.1 843 407 -1
0.1 409 410 -1
0.1 408 845 -1
0.1 846 411 -1
0.1 844 847 -1
0.1 839 848 -1
0.1 819 849 -1
0.1 810 850 -1
0.1 801 851 -1
0.1 794 852 -1
0.1 646 853 -1
0.1 645 854 -1
0.1 636 855 -1
0.1 412 413 -1
0.1 415 416 -1
0.1 858 417 -1
0.1 419 420 -1
0.1 422 423 -1
0.1 861 424 -1
0.1 421 862 -1
0.1 860 863 -1
0.1 418 864 -1
0.1 859 865 -1
0.1 414 866 -1
0.1 427 428 -1
0.1 429 430 -1
0.1 869 431 -1
0.1 870 432 -1
0.1 871 433 -1
0.1 868 872 -1
0.1 435 436 -1
0.1 434 874 -1
0.1 873 875 -1
0.1 426 876 -1
0.1 425 877 -1
0.1 867 878 -1
0.1 857 879 -1
0.1 437 438 -1
0.1 880 881 -1
0.1 856 882 -1
0.1 189 883 -1
0.1 440 441 -1
0.1 885 442 -1
0.1 445 446 -1
0.1 444 887 -1
0.1 443 888 -1
0.1 447 448 -1
0.1 889 890 -1
0.1 886 891 -1
0.1 892 449 -1
0.1 893 450 -1
0.1 439 894 -1
0.1 884 895 -1
0.1 188 896 -1
0.1 635 897 -1
0.1 556 898 -1
