1 0 0 1
1 0 0 1
1 0 0 1
1 0 0 1
1 0 0 1
1 0 0 2
1 0 0 2
1 0 0 2
1 0 0 2
1 0 0 2
1 0 0 2
1 0 0 2
1 0 0 2
1 0 0 2
1 0 0 2
1 0 0 2
1 0 0 2
1 0 0 2
1 0 0 2
1 0 0 2
1 0 0 2
1 0 0 2
1 0 0 2
1 0 0 2
1 0 0 2
1 0 0 3
1 0 0 3
1 0 0 3
1 0 0 3
1 0 0 4
1 0 0 4
1 0 0 4
1 0 0 4
1 0 0 4
1 0 0 4
1 0 0 4
1 0 0 4
1 0 0 4
1 0 0 4
1 0 0 4
1 0 0 4
1 0 0 4
1 0 0 4
1 0 0 4
1 0 0 4
1 0 0 4
1 0 0 4
1 0 0 4
1 0 0 4
1 0 0 3
1 0 0 3
1 0 0 3
1 0 0 3
1 0 0 3
1 0 0 3
1 0 0 3
1 0 0 3
1 0 0 3
1 0 0 3
1 0 0 3
1 0 0 3
1 0 0 3
1 0 0 3
1 0 0 3
1 0 0 3
1 0 0 5
1 0 0 5
1 0 0 5
1 0 0 5
1 0 0 5
1 0 0 5
1 0 0 5
1 0 0 5
1 0 0 5
1 0 0 5
1 0 0 5
1 0 0 5
1 0 0 6
1 0 0 6
1 0 0 6
1 0 0 6
1 0 0 6
1 0 0 6
1 0 0 6
1 0 0 6
1 0 0 6
1 0 0 6
1 0 0 6
1 0 0 6
1 0 0 6
1 0 0 7
1 0 0 7
1 0 0 7
1 0 0 7
1 0 0 7
1 0 0 7
1 0 0 7
1 0 0 7
1 0 0 7
1 0 0 7
1 0 0 7
1 0 0 7
1 0 0 7
1 0 0 7
1 0 0 7
1 0 0 7
1 0 0 7
1 0 0 7
1 0 0 7
1 0 0 7
1 0 0 6
1 0 0 8
1 0 0 8
1 0 0 8
1 0 0 8
1 0 0 8
1 0 0 8
1 0 0 8
1 0 0 8
1 0 0 8
1 0 0 8
1 0 0 8
1 0 0 8
1 0 0 8
1 0 0 8
1 0 0 8
1 0 0 8
1 0 0 8
1 0 0 8
1 0 0 8
1 0 0 8
1 0 0 6
1 0 0 6
1 0 0 6
1 0 0 6
1 0 0 6
1 0 0 6
1 0 0 9
1 0 0 9
1 0 0 9
1 0 0 9
1 0 0 9
1 0 0 10
1 0 0 10
1 0 0 10
1 0 0 10
1 0 0 10
1 0 0 10
1 0 0 10
1 0 0 10
1 0 0 10
1 0 0 10
1 0 0 10
1 0 0 10
1 0 0 10
1 0 0 10
1 0 0 10
1 0 0 10
1 0 0 10
1 0 0 10
1 0 0 10
1 0 0 10
1 0 0 9
1 0 0 9
1 0 0 9
1 0 0 9
1 0 0 9
1 0 0 9
1 0 0 9
1 0 0 9
1 0 0 9
1 0 0 9
1 0 0 9
1 0 0 9
1 0 0 9
1 0 0 9
1 0 0 9
1 0 0 11
1 0 0 11
1 0 0 11
1 0 0 11
1 0 0 11
1 0 0 11
1 0 0 12
1 0 0 12
1 0 0 12
1 0 0 12
1 0 0 12
1 0 0 12
1 0 0 12
1 0 0 12
1 0 0 12
1 0 0 12
1 0 0 12
1 0 0 12
1 0 0 12
1 0 0 12
1 0 0 12
1 0 0 12
1 0 0 12
1 0 0 12
1 0 0 12
1 0 0 12
1 0 0 11
1 0 0 11
1 0 0 11
1 0 0 11
1 0 0 11
1 0 0 11
1 0 0 11
1 0 0 11
1 0 0 11
1 0 0 11
1 0 0 11
1 0 0 11
1 0 0 11
1 0 0 11
1 0 0 5
1 0 0 5
1 0 0 5
1 0 0 5
1 0 0 5
1 0 0 5
1 0 0 5
1 0 0 5
1 0 0 1
1 0 0 1
1 0 0 1
1 0 0 1
1 0 0 1
1 0 0 1
1 0 0 1
1 0 0 1
1 0 0 1
1 0 0 1
1 0 0 1
1 0 0 1
1 0 0 1
1 0 0 1
1 0 0 1
1 0 0 13
1 0 0 13
1 0 0 13
1 0 0 13
1 0 0 13
1 0 0 13
1 0 0 13
1 0 0 13
1 0 0 13
1 0 0 13
1 0 0 13
1 0 0 14
1 0 0 14
1 0 0 14
1 0 0 14
1 0 0 14
1 0 0 14
1 0 0 14
1 0 0 14
1 0 0 14
1 0 0 14
1 0 0 14
1 0 0 14
1 0 0 14
1 0 0 14
1 0 0 14
1 0 0 14
1 0 0 14
1 0 0 14
1 0 0 14
1 0 0 14
1 0 0 13
1 0 0 13
1 0 0 15
1 0 0 15
1 0 0 15
1 0 0 15
1 0 0 15
1 0 0 15
1 0 0 15
1 0 0 15
1 0 0 15
1 0 0 15
1 0 0 15
1 0 0 15
1 0 0 15
1 0 0 15
1 0 0 15
1 0 0 15
1 0 0 15
1 0 0 15
1 0 0 15
1 0 0 15
1 0 0 16
1 0 0 16
1 0 0 16
1 0 0 16
1 0 0 16
1 0 0 16
1 0 0 16
1 0 0 16
1 0 0 16
1 0 0 16
1 0 0 16
1 0 0 16
1 0 0 16
1 0 0 16
1 0 0 16
1 0 0 16
1 0 0 16
1 0 0 16
1 0 0 16
1 0 0 16
1 0 0 13
1 0 0 13
1 0 0 13
1 0 0 13
1 0 0 13
1 0 0 17
1 0 0 17
1 0 0 17
1 0 0 17
1 0 0 17
1 0 0 17
1 0 0 17
1 0 0 17
1 0 0 17
1 0 0 17
1 0 0 17
1 0 0 17
1 0 0 17
1 0 0 17
1 0 0 17
1 0 0 17
1 0 0 17
1 0 0 17
1 0 0 17
1 0 0 17
1 0 0 13
1 0 0 13
1 0 0 18
1 0 0 18
1 0 0 18
1 0 0 18
1 0 0 18
1 0 0 18
1 0 0 18
1 0 0 18
1 0 0 18
1 0 0 18
1 0 0 18
1 0 0 18
1 0 0 18
1 0 0 18
1 0 0 18
1 0 0 18
1 0 0 18
1 0 0 18
1 0 0 18
1 0 0 18
1 0 0 19
1 0 0 19
1 0 0 19
1 0 0 19
1 0 0 19
1 0 0 20
1 0 0 20
1 0 0 20
1 0 0 20
1 0 0 20
1 0 0 20
1 0 0 20
1 0 0 20
1 0 0 20
1 0 0 20
1 0 0 20
1 0 0 20
1 0 0 20
1 0 0 20
1 0 0 20
1 0 0 20
1 0 0 20
1 0 0 20
1 0 0 20
1 0 0 20
1 0 0 19
1 0 0 19
1 0 0 19
1 0 0 19
1 0 0 19
1 0 0 19
1 0 0 19
1 0 0 19
1 0 0 19
1 0 0 19
1 0 0 19
1 0 0 19
1 0 0 19
1 0 0 19
1 0 0 19
1 0 0 21
1 0 0 21
1 0 0 21
1 0 0 21
1 0 0 21
1 0 0 21
1 0 0 21
1 0 0 21
1 0 0 21
1 0 0 21
1 0 0 21
1 0 0 21
1 0 0 21
1 0 0 22
1 0 0 22
1 0 0 22
1 0 0 22
1 0 0 22
1 0 0 22
1 0 0 22
1 0 0 22
1 0 0 22
1 0 0 22
1 0 0 22
1 0 0 23
1 0 0 23
1 0 0 23
1 0 0 23
1 0 0 23
1 0 0 23
1 0 0 23
1 0 0 23
1 0 0 23
1 0 0 23
1 0 0 23
1 0 0 23
1 0 0 23
1 0 0 23
1 0 0 23
1 0 0 23
1 0 0 23
1 0 0 23
1 0 0 23
1 0 0 23
1 0 0 22
1 0 0 24
1 0 0 24
1 0 0 24
1 0 0 24
1 0 0 24
1 0 0 24
1 0 0 24
1 0 0 24
1 0 0 24
1 0 0 24
1 0 0 25
1 0 0 25
1 0 0 25
1 0 0 25
1 0 0 25
1 0 0 25
1 0 0 25
1 0 0 25
1 0 0 25
1 0 0 25
1 0 0 25
1 0 0 25
1 0 0 25
1 0 0 25
1 0 0 25
1 0 0 25
1 0 0 25
1 0 0 25
1 0 0 25
1 0 0 25
1 0 0 24
1 0 0 24
1 0 0 24
1 0 0 24
1 0 0 24
1 0 0 24
1 0 0 24
1 0 0 26
1 0 0 26
1 0 0 26
1 0 0 26
1 0 0 26
1 0 0 26
1 0 0 26
1 0 0 26
1 0 0 26
1 0 0 26
1 0 0 26
1 0 0 26
1 0 0 26
1 0 0 26
1 0 0 26
1 0 0 26
1 0 0 26
1 0 0 26
1 0 0 26
1 0 0 26
1 0 0 24
1 0 0 24
1 0 0 24
1 0 0 22
1 0 0 22
1 0 0 22
1 0 0 22
1 0 0 22
1 0 0 22
1 0 0 22
1 0 0 22
1 0 0 27
1 0 0 27
1 0 0 27
1 0 0 27
1 0 0 27
1 0 0 27
1 0 0 27
1 0 0 27
1 0 0 27
1 0 0 27
1 0 0 27
1 0 0 27
1 0 0 27
1 0 0 27
1 0 0 27
1 0 0 27
1 0 0 27
1 0 0 27
1 0 0 27
1 0 0 27
1 0 0 21
1 0 0 21
1 0 0 28
1 0 0 28
1 0 0 28
1 0 0 28
1 0 0 28
1 0 0 28
1 0 0 28
1 0 0 28
1 0 0 28
1 0 0 28
1 0 0 28
1 0 0 29
1 0 0 29
1 0 0 29
1 0 0 30
1 0 0 30
1 0 0 30
1 0 0 30
1 0 0 30
1 0 0 30
1 0 0 30
1 0 0 30
1 0 0 30
1 0 0 30
1 0 0 30
1 0 0 30
1 0 0 30
1 0 0 30
1 0 0 30
1 0 0 30
1 0 0 30
1 0 0 30
1 0 0 30
1 0 0 30
1 0 0 29
1 0 0 29
1 0 0 29
1 0 0 29
1 0 0 29
1 0 0 29
1 0 0 29
1 0 0 29
1 0 0 29
1 0 0 29
1 0 0 29
1 0 0 29
1 0 0 29
1 0 0 29
1 0 0 29
1 0 0 29
1 0 0 29
1 0 0 28
1 0 0 28
1 0 0 28
1 0 0 28
1 0 0 28
1 0 0 28
1 0 0 28
1 0 0 28
1 0 0 28
1 0 0 31
1 0 0 31
1 0 0 31
1 0 0 31
1 0 0 31
1 0 0 31
1 0 0 31
1 0 0 31
1 0 0 31
1 0 0 31
1 0 0 31
1 0 0 31
1 0 0 31
1 0 0 31
1 0 0 31
1 0 0 31
1 0 0 31
1 0 0 31
1 0 0 31
1 0 0 31
1 0 0 32
1 0 0 32
1 0 0 32
1 0 0 32
1 0 0 33
1 0 0 33
1 0 0 33
1 0 0 33
1 0 0 33
1 0 0 33
1 0 0 33
1 0 0 33
1 0 0 33
1 0 0 33
1 0 0 33
1 0 0 33
1 0 0 33
1 0 0 33
1 0 0 33
1 0 0 33
1 0 0 33
1 0 0 33
1 0 0 33
1 0 0 33
1 0 0 34
1 0 0 34
1 0 0 34
1 0 0 34
1 0 0 34
1 0 0 34
1 0 0 34
1 0 0 34
1 0 0 34
1 0 0 34
1 0 0 34
1 0 0 34
1 0 0 34
1 0 0 34
1 0 0 34
1 0 0 34
1 0 0 34
1 0 0 34
1 0 0 34
1 0 0 34
1 0 0 32
1 0 0 32
1 0 0 32
1 0 0 32
1 0 0 35
1 0 0 35
1 0 0 35
1 0 0 35
1 0 0 35
1 0 0 35
1 0 0 35
1 0 0 35
1 0 0 35
1 0 0 35
1 0 0 35
1 0 0 35
1 0 0 35
1 0 0 35
1 0 0 35
1 0 0 35
1 0 0 35
1 0 0 35
1 0 0 35
1 0 0 35
1 0 0 36
1 0 0 36
1 0 0 37
1 0 0 37
1 0 0 37
1 0 0 37
1 0 0 37
1 0 0 37
1 0 0 37
1 0 0 37
1 0 0 37
1 0 0 37
1 0 0 37
1 0 0 37
1 0 0 37
1 0 0 37
1 0 0 37
1 0 0 37
1 0 0 37
1 0 0 37
1 0 0 37
1 0 0 37
1 0 0 36
1 0 0 36
1 0 0 36
1 0 0 36
1 0 0 36
1 0 0 36
1 0 0 36
1 0 0 36
1 0 0 38
1 0 0 38
1 0 0 38
1 0 0 38
1 0 0 38
1 0 0 38
1 0 0 39
1 0 0 39
1 0 0 39
1 0 0 39
1 0 0 39
1 0 0 39
1 0 0 39
1 0 0 39
1 0 0 39
1 0 0 39
1 0 0 39
1 0 0 39
1 0 0 39
1 0 0 39
1 0 0 39
1 0 0 39
1 0 0 39
1 0 0 39
1 0 0 39
1 0 0 39
1 0 0 38
1 0 0 38
1 0 0 38
1 0 0 38
1 0 0 38
1 0 0 38
1 0 0 38
1 0 0 38
1 0 0 38
1 0 0 38
1 0 0 38
1 0 0 38
1 0 0 38
1 0 0 38
1 0 0 36
1 0 0 40
1 0 0 41
1 0 0 41
1 0 0 41
1 0 0 41
1 0 0 41
1 0 0 41
1 0 0 41
1 0 0 41
1 0 0 41
1 0 0 41
1 0 0 41
1 0 0 41
1 0 0 41
1 0 0 41
1 0 0 41
1 0 0 41
1 0 0 41
1 0 0 41
1 0 0 41
1 0 0 41
1 0 0 40
1 0 0 40
1 0 0 40
1 0 0 40
1 0 0 40
1 0 0 40
1 0 0 40
1 0 0 40
1 0 0 40
1 0 0 40
1 0 0 40
1 0 0 40
1 0 0 40
1 0 0 40
1 0 0 40
1 0 0 40
1 0 0 40
1 0 0 40
1 0 0 40
1 0 0 36
1 0 0 42
1 0 0 42
1 0 0 42
1 0 0 42
1 0 0 42
1 0 0 42
1 0 0 42
1 0 0 42
1 0 0 42
1 0 0 42
1 0 0 42
1 0 0 42
1 0 0 42
1 0 0 42
1 0 0 42
1 0 0 42
1 0 0 42
1 0 0 42
1 0 0 42
1 0 0 42
1 0 0 36
1 0 0 36
1 0 0 36
1 0 0 36
1 0 0 36
1 0 0 36
1 0 0 36
1 0 0 36
1 0 0 32
1 0 0 32
1 0 0 32
1 0 0 32
1 0 0 32
1 0 0 32
1 0 0 32
1 0 0 32
1 0 0 32
1 0 0 32
1 0 0 32
1 0 0 32
1 0 0 21
1 0 0 21
1 0 0 21
1 0 0 21
1 0 0 21
1 0 0 43
1 0 0 43
1 0 0 43
1 0 0 43
1 0 0 43
1 0 0 43
1 0 0 43
1 0 0 43
1 0 0 43
1 0 0 43
1 0 0 43
1 0 0 43
1 0 0 43
1 0 0 43
1 0 0 43
1 0 0 43
1 0 0 43
1 0 0 43
1 0 0 43
1 0 0 44
1 0 0 44
1 0 0 44
1 0 0 44
1 0 0 44
1 0 0 44
1 0 0 44
1 0 0 44
1 0 0 44
1 0 0 44
1 0 0 44
1 0 0 44
1 0 0 44
1 0 0 44
1 0 0 44
1 0 0 44
1 0 0 44
1 0 0 44
1 0 0 44
1 0 0 44
1 0 0 43
0.1 4 5 -1
0.1 3 881 -1
0.1 2 882 -1
0.1 1 883 -1
0.1 8 9 -1
0.1 7 885 -1
0.1 6 886 -1
0.1 10 11 -1
0.1 888 12 -1
0.1 13 14 -1
0.1 890 15 -1
0.1 16 17 -1
0.1 892 18 -1
0.1 891 893 -1
0.1 894 19 -1
0.1 889 895 -1
0.1 20 21 -1
0.1 897 22 -1
0.1 24 25 -1
0.1 23 899 -1
0.1 898 900 -1
0.1 896 901 -1
0.1 887 902 -1
0.1 27 28 -1
0.1 26 904 -1
0.1 32 33 -1
0.1 34 35 -1
0.1 906 907 -1
0.1 37 38 -1
0.1 36 909 -1
0.1 39 40 -1
0.1 41 42 -1
0.1 912 43 -1
0.1 911 913 -1
0.1 910 914 -1
0.1 908 915 -1
0.1 916 44 -1
0.1 46 47 -1
0.1 918 48 -1
0.1 45 919 -1
0.1 917 920 -1
0.1 31 921 -1
0.1 922 49 -1
0.1 30 923 -1
0.1 29 924 -1
0.1 925 50 -1
0.1 905 926 -1
0.1 53 54 -1
0.1 52 928 -1
0.1 51 929 -1
0.1 56 57 -1
0.1 55 931 -1
0.1 58 59 -1
0.1 61 62 -1
0.1 60 934 -1
0.1 935 63 -1
0.1 64 65 -1
0.1 936 937 -1
0.1 933 938 -1
0.1 932 939 -1
0.1 930 940 -1
0.1 927 941 -1
0.1 903 942 -1
0.1 67 68 -1
0.1 66 944 -1
0.1 72 73 -1
0.1 71 946 -1
0.1 74 75 -1
0.1 947 948 -1
0.1 70 949 -1
0.1 69 950 -1
0.1 76 77 -1
0.1 951 952 -1
0.1 78 79 -1
0.1 80 81 -1
0.1 82 83 -1
0.1 955 956 -1
0.1 84 85 -1
0.1 958 86 -1
0.1 957 959 -1
0.1 88 89 -1
0.1 87 961 -1
0.1 960 962 -1
0.1 954 963 -1
0.1 92 93 -1
0.1 91 965 -1
0.1 95 96 -1
0.1 94 967 -1
0.1 97 98 -1
0.1 100 101 -1
0.1 99 970 -1
0.1 103 104 -1
0.1 972 105 -1
0.1 102 973 -1
0.1 106 107 -1
0.1 974 975 -1
0.1 971 976 -1
0.1 969 977 -1
0.1 109 110 -1
0.1 108 979 -1
0.1 978 980 -1
0.1 968 981 -1
0.1 966 982 -1
0.1 90 983 -1
0.1 113 114 -1
0.1 112 985 -1
0.1 115 116 -1
0.1 117 118 -1
0.1 987 988 -1
0.1 119 120 -1
0.1 122 123 -1
0.1 121 991 -1
0.1 124 125 -1
0.1 127 128 -1
0.1 126 994 -1
0.1 993 995 -1
0.1 992 996 -1
0.1 990 997 -1
0.1 989 998 -1
0.1 986 999 -1
0.1 1000 129 -1
0.1 130 131 -1
0.1 1001 1002 -1
0.1 111 1003 -1
0.1 134 135 -1
0.1 136 137 -1
0.1 1005 1006 -1
0.1 133 1007 -1
0.1 132 1008 -1
0.1 1004 1009 -1
0.1 984 1010 -1
0.1 964 1011 -1
0.1 138 139 -1
0.1 140 141 -1
0.1 144 145 -1
0.1 146 147 -1
0.1 1015 1016 -1
0.1 1017 148 -1
0.1 143 1018 -1
0.1 1019 149 -1
0.1 150 151 -1
0.1 153 154 -1
0.1 152 1022 -1
0.1 156 157 -1
0.1 155 1024 -1
0.1 1023 1025 -1
0.1 159 160 -1
0.1 1027 161 -1
0.1 1028 162 -1
0.1 158 1029 -1
0.1 1026 1030 -1
0.1 1021 1031 -1
0.1 1020 1032 -1
0.1 142 1033 -1
0.1 1014 1034 -1
0.1 1013 1035 -1
0.1 164 165 -1
0.1 163 1037 -1
0.1 1036 1038 -1
0.1 166 167 -1
0.1 168 169 -1
0.1 1041 170 -1
0.1 172 173 -1
0.1 171 1043 -1
0.1 1042 1044 -1
0.1 1040 1045 -1
0.1 174 175 -1
0.1 1047 176 -1
0.1 1048 177 -1
0.1 1046 1049 -1
0.1 1039 1050 -1
0.1 1012 1051 -1
0.1 178 179 -1
0.1 182 183 -1
0.1 181 1054 -1
0.1 180 1055 -1
0.1 184 185 -1
0.1 1057 186 -1
0.1 187 188 -1
0.1 191 192 -1
0.1 190 1060 -1
0.1 189 1061 -1
0.1 193 194 -1
0.1 195 196 -1
0.1 198 199 -1
0.1 197 1065 -1
0.1 1066 200 -1
0.1 201 202 -1
0.1 1067 1068 -1
0.1 1064 1069 -1
0.1 1070 203 -1
0.1 1063 1071 -1
0.1 1062 1072 -1
0.1 1059 1073 -1
0.1 1058 1074 -1
0.1 1056 1075 -1
0.1 1053 1076 -1
0.1 204 205 -1
0.1 206 207 -1
0.1 1078 1079 -1
0.1 208 209 -1
0.1 211 212 -1
0.1 213 214 -1
0.1 1082 1083 -1
0.1 215 216 -1
0.1 1084 1085 -1
0.1 210 1086 -1
0.1 1081 1087 -1
0.1 1088 217 -1
0.1 1080 1089 -1
0.1 1077 1090 -1
0.1 1052 1091 -1
0.1 1092 218 -1
0.1 953 1093 -1
0.1 221 222 -1
0.1 220 1095 -1
0.1 223 224 -1
0.1 1096 1097 -1
0.1 1098 225 -1
0.1 219 1099 -1
0.1 1094 1100 -1
0.1 945 1101 -1
0.1 943 1102 -1
0.1 884 1103 -1
0.1 228 229 -1
0.1 1105 230 -1
0.1 227 1106 -1
0.1 226 1107 -1
0.1 232 233 -1
0.1 1109 234 -1
0.1 231 1110 -1
0.1 235 236 -1
0.1 237 238 -1
0.1 1112 1113 -1
0.1 1111 1114 -1
0.1 1108 1115 -1
0.1 1116 239 -1
0.1 1117 240 -1
0.1 244 245 -1
0.1 243 1119 -1
0.1 242 1120 -1
0.1 241 1121 -1
0.1 1122 246 -1
0.1 247 248 -1
0.1 249 250 -1
0.1 1124 1125 -1
0.1 253 254 -1
0.1 252 1127 -1
0.1 256 257 -1
0.1 255 1129 -1
0.1 258 259 -1
0.1 1130 1131 -1
0.1 1128 1132 -1
0.1 261 262 -1
0.1 260 1134 -1
0.1 1133 1135 -1
0.1 263 264 -1
0.1 269 270 -1
0.1 268 1138 -1
0.1 1139 271 -1
0.1 267 1140 -1
0.1 266 1141 -1
0.1 265 1142 -1
0.1 1137 1143 -1
0.1 1136 1144 -1
0.1 251 1145 -1
0.1 275 276 -1
0.1 274 1147 -1
0.1 277 278 -1
0.1 1148 1149 -1
0.1 279 280 -1
0.1 1151 281 -1
0.1 1150 1152 -1
0.1 285 286 -1
0.1 284 1154 -1
0.1 283 1155 -1
0.1 1156 287 -1
0.1 1157 288 -1
0.1 282 1158 -1
0.1 1153 1159 -1
0.1 289 290 -1
0.1 1161 291 -1
0.1 292 293 -1
0.1 1162 1163 -1
0.1 1160 1164 -1
0.1 295 296 -1
0.1 294 1166 -1
0.1 298 299 -1
0.1 297 1168 -1
0.1 300 301 -1
0.1 1169 1170 -1
0.1 1167 1171 -1
0.1 302 303 -1
0.1 1173 304 -1
0.1 305 306 -1
0.1 1175 307 -1
0.1 1174 1176 -1
0.1 1172 1177 -1
0.1 308 309 -1
0.1 311 312 -1
0.1 1180 313 -1
0.1 310 1181 -1
0.1 1179 1182 -1
0.1 1178 1183 -1
0.1 1165 1184 -1
0.1 273 1185 -1
0.1 272 1186 -1
0.1 1146 1187 -1
0.1 1126 1188 -1
0.1 314 315 -1
0.1 1189 1190 -1
0.1 1123 1191 -1
0.1 316 317 -1
0.1 319 320 -1
0.1 1194 321 -1
0.1 322 323 -1
0.1 324 325 -1
0.1 1197 326 -1
0.1 1196 1198 -1
0.1 1195 1199 -1
0.1 328 329 -1
0.1 327 1201 -1
0.1 1200 1202 -1
0.1 333 334 -1
0.1 335 336 -1
0.1 1205 337 -1
0.1 1204 1206 -1
0.1 332 1207 -1
0.1 331 1208 -1
0.1 1209 338 -1
0.1 330 1210 -1
0.1 1203 1211 -1
0.1 1212 339 -1
0.1 318 1213 -1
0.1 1193 1214 -1
0.1 342 343 -1
0.1 1216 344 -1
0.1 346 347 -1
0.1 345 1218 -1
0.1 349 350 -1
0.1 348 1220 -1
0.1 1219 1221 -1
0.1 352 353 -1
0.1 351 1223 -1
0.1 1222 1224 -1
0.1 354 355 -1
0.1 1225 1226 -1
0.1 1217 1227 -1
0.1 341 1228 -1
0.1 357 358 -1
0.1 356 1230 -1
0.1 359 360 -1
0.1 1231 1232 -1
0.1 1229 1233 -1
0.1 340 1234 -1
0.1 1215 1235 -1
0.1 1192 1236 -1
0.1 1118 1237 -1
0.1 1104 1238 -1
0.1 362 363 -1
0.1 361 1240 -1
0.1 364 365 -1
0.1 367 368 -1
0.1 1243 369 -1
0.1 1244 370 -1
0.1 366 1245 -1
0.1 372 373 -1
0.1 371 1247 -1
0.1 375 376 -1
0.1 374 1249 -1
0.1 377 378 -1
0.1 1251 379 -1
0.1 1252 380 -1
0.1 382 383 -1
0.1 381 1254 -1
0.1 1253 1255 -1
0.1 384 385 -1
0.1 1256 1257 -1
0.1 1250 1258 -1
0.1 1248 1259 -1
0.1 1246 1260 -1
0.1 386 387 -1
0.1 389 390 -1
0.1 388 1263 -1
0.1 1262 1264 -1
0.1 1261 1265 -1
0.1 1242 1266 -1
0.1 392 393 -1
0.1 391 1268 -1
0.1 1269 394 -1
0.1 1267 1270 -1
0.1 1241 1271 -1
0.1 396 397 -1
0.1 395 1273 -1
0.1 1274 398 -1
0.1 1272 1275 -1
0.1 399 400 -1
0.1 1276 1277 -1
0.1 402 403 -1
0.1 401 1279 -1
0.1 404 405 -1
0.1 1280 1281 -1
0.1 407 408 -1
0.1 410 411 -1
0.1 412 413 -1
0.1 1284 1285 -1
0.1 409 1286 -1
0.1 1283 1287 -1
0.1 406 1288 -1
0.1 415 416 -1
0.1 418 419 -1
0.1 417 1291 -1
0.1 1292 420 -1
0.1 1293 421 -1
0.1 1290 1294 -1
0.1 414 1295 -1
0.1 425 426 -1
0.1 427 428 -1
0.1 429 430 -1
0.1 1298 1299 -1
0.1 1300 431 -1
0.1 1301 432 -1
0.1 1297 1302 -1
0.1 433 434 -1
0.1 435 436 -1
0.1 437 438 -1
0.1 1305 1306 -1
0.1 439 440 -1
0.1 1307 1308 -1
0.1 443 444 -1
0.1 442 1310 -1
0.1 441 1311 -1
0.1 1309 1312 -1
0.1 1304 1313 -1
0.1 1303 1314 -1
0.1 424 1315 -1
0.1 423 1316 -1
0.1 422 1317 -1
0.1 446 447 -1
0.1 449 450 -1
0.1 448 1320 -1
0.1 451 452 -1
0.1 454 455 -1
0.1 453 1323 -1
0.1 456 457 -1
0.1 458 459 -1
0.1 461 462 -1
0.1 463 464 -1
0.1 1327 1328 -1
0.1 460 1329 -1
0.1 465 466 -1
0.1 1330 1331 -1
0.1 1326 1332 -1
0.1 467 468 -1
0.1 471 472 -1
0.1 470 1335 -1
0.1 473 474 -1
0.1 1337 475 -1
0.1 1336 1338 -1
0.1 469 1339 -1
0.1 1334 1340 -1
0.1 1333 1341 -1
0.1 1325 1342 -1
0.1 476 477 -1
0.1 1343 1344 -1
0.1 1324 1345 -1
0.1 1322 1346 -1
0.1 478 479 -1
0.1 1347 1348 -1
0.1 1321 1349 -1
0.1 1319 1350 -1
0.1 483 484 -1
0.1 486 487 -1
0.1 485 1353 -1
0.1 490 491 -1
0.1 1355 492 -1
0.1 489 1356 -1
0.1 488 1357 -1
0.1 1354 1358 -1
0.1 1352 1359 -1
0.1 495 496 -1
0.1 494 1361 -1
0.1 493 1362 -1
0.1 498 499 -1
0.1 497 1364 -1
0.1 501 502 -1
0.1 500 1366 -1
0.1 1365 1367 -1
0.1 1363 1368 -1
0.1 1360 1369 -1
0.1 482 1370 -1
0.1 481 1371 -1
0.1 480 1372 -1
0.1 1373 503 -1
0.1 504 505 -1
0.1 1374 1375 -1
0.1 1351 1376 -1
0.1 445 1377 -1
0.1 1378 506 -1
0.1 509 510 -1
0.1 508 1380 -1
0.1 507 1381 -1
0.1 512 513 -1
0.1 511 1383 -1
0.1 1382 1384 -1
0.1 1379 1385 -1
0.1 1318 1386 -1
0.1 1296 1387 -1
0.1 1289 1388 -1
0.1 1282 1389 -1
0.1 1278 1390 -1
0.1 514 515 -1
0.1 516 517 -1
0.1 520 521 -1
0.1 519 1394 -1
0.1 518 1395 -1
0.1 1393 1396 -1
0.1 523 524 -1
0.1 522 1398 -1
0.1 1399 525 -1
0.1 1397 1400 -1
0.1 1392 1401 -1
0.1 526 527 -1
0.1 1403 528 -1
0.1 529 530 -1
0.1 531 532 -1
0.1 1406 533 -1
0.1 1405 1407 -1
0.1 1404 1408 -1
0.1 1402 1409 -1
0.1 1391 1410 -1
0.1 534 535 -1
0.1 537 538 -1
0.1 536 1413 -1
0.1 540 541 -1
0.1 539 1415 -1
0.1 543 544 -1
0.1 542 1417 -1
0.1 1416 1418 -1
0.1 1414 1419 -1
0.1 548 549 -1
0.1 547 1421 -1
0.1 550 551 -1
0.1 553 554 -1
0.1 552 1424 -1
0.1 1423 1425 -1
0.1 556 557 -1
0.1 555 1427 -1
0.1 558 559 -1
0.1 560 561 -1
0.1 562 563 -1
0.1 1430 1431 -1
0.1 564 565 -1
0.1 1432 1433 -1
0.1 1429 1434 -1
0.1 1428 1435 -1
0.1 1426 1436 -1
0.1 568 569 -1
0.1 567 1438 -1
0.1 566 1439 -1
0.1 1437 1440 -1
0.1 572 573 -1
0.1 571 1442 -1
0.1 570 1443 -1
0.1 1444 574 -1
0.1 577 578 -1
0.1 576 1446 -1
0.1 1447 579 -1
0.1 575 1448 -1
0.1 1445 1449 -1
0.1 582 583 -1
0.1 1451 584 -1
0.1 1452 585 -1
0.1 581 1453 -1
0.1 580 1454 -1
0.1 1450 1455 -1
0.1 1441 1456 -1
0.1 1422 1457 -1
0.1 1458 586 -1
0.1 546 1459 -1
0.1 545 1460 -1
0.1 587 588 -1
0.1 1462 589 -1
0.1 590 591 -1
0.1 592 593 -1
0.1 1464 1465 -1
0.1 594 595 -1
0.1 1466 1467 -1
0.1 1463 1468 -1
0.1 1461 1469 -1
0.1 1420 1470 -1
0.1 598 599 -1
0.1 601 602 -1
0.1 600 1473 -1
0.1 1474 603 -1
0.1 1472 1475 -1
0.1 597 1476 -1
0.1 605 606 -1
0.1 604 1478 -1
0.1 607 608 -1
0.1 1480 609 -1
0.1 1481 610 -1
0.1 613 614 -1
0.1 612 1483 -1
0.1 611 1484 -1
0.1 1482 1485 -1
0.1 1486 615 -1
0.1 1479 1487 -1
0.1 1477 1488 -1
0.1 596 1489 -1
0.1 618 619 -1
0.1 621 622 -1
0.1 620 1492 -1
0.1 626 627 -1
0.1 625 1494 -1
0.1 624 1495 -1
0.1 623 1496 -1
0.1 630 631 -1
0.1 629 1498 -1
0.1 628 1499 -1
0.1 633 634 -1
0.1 632 1501 -1
0.1 1500 1502 -1
0.1 1497 1503 -1
0.1 1493 1504 -1
0.1 637 638 -1
0.1 636 1506 -1
0.1 635 1507 -1
0.1 1508 639 -1
0.1 641 642 -1
0.1 640 1510 -1
0.1 643 644 -1
0.1 645 646 -1
0.1 1512 1513 -1
0.1 647 648 -1
0.1 650 651 -1
0.1 649 1516 -1
0.1 652 653 -1
0.1 1518 654 -1
0.1 1517 1519 -1
0.1 1515 1520 -1
0.1 1514 1521 -1
0.1 656 657 -1
0.1 658 659 -1
0.1 1523 1524 -1
0.1 655 1525 -1
0.1 1522 1526 -1
0.1 1511 1527 -1
0.1 1509 1528 -1
0.1 1505 1529 -1
0.1 1491 1530 -1
0.1 617 1531 -1
0.1 616 1532 -1
0.1 661 662 -1
0.1 660 1534 -1
0.1 1535 663 -1
0.1 664 665 -1
0.1 666 667 -1
0.1 668 669 -1
0.1 1538 1539 -1
0.1 1537 1540 -1
0.1 670 671 -1
0.1 1542 672 -1
0.1 1543 673 -1
0.1 677 678 -1
0.1 679 680 -1
0.1 1545 1546 -1
0.1 676 1547 -1
0.1 675 1548 -1
0.1 674 1549 -1
0.1 1544 1550 -1
0.1 682 683 -1
0.1 681 1552 -1
0.1 1551 1553 -1
0.1 1541 1554 -1
0.1 1536 1555 -1
0.1 1533 1556 -1
0.1 684 685 -1
0.1 686 687 -1
0.1 688 689 -1
0.1 1560 690 -1
0.1 691 692 -1
0.1 1561 1562 -1
0.1 1559 1563 -1
0.1 695 696 -1
0.1 694 1565 -1
0.1 693 1566 -1
0.1 699 700 -1
0.1 698 1568 -1
0.1 697 1569 -1
0.1 702 703 -1
0.1 701 1571 -1
0.1 704 705 -1
0.1 1572 1573 -1
0.1 1570 1574 -1
0.1 1567 1575 -1
0.1 1564 1576 -1
0.1 1558 1577 -1
0.1 706 707 -1
0.1 1579 708 -1
0.1 709 710 -1
0.1 712 713 -1
0.1 711 1582 -1
0.1 1581 1583 -1
0.1 1580 1584 -1
0.1 714 715 -1
0.1 1586 716 -1
0.1 718 719 -1
0.1 717 1588 -1
0.1 1587 1589 -1
0.1 720 721 -1
0.1 722 723 -1
0.1 1591 1592 -1
0.1 728 729 -1
0.1 727 1594 -1
0.1 731 732 -1
0.1 730 1596 -1
0.1 1597 733 -1
0.1 1595 1598 -1
0.1 735 736 -1
0.1 1600 737 -1
0.1 734 1601 -1
0.1 1599 1602 -1
0.1 726 1603 -1
0.1 1604 738 -1
0.1 725 1605 -1
0.1 1606 739 -1
0.1 724 1607 -1
0.1 1593 1608 -1
0.1 1590 1609 -1
0.1 740 741 -1
0.1 744 745 -1
0.1 1612 746 -1
0.1 743 1613 -1
0.1 742 1614 -1
0.1 747 748 -1
0.1 749 750 -1
0.1 751 752 -1
0.1 1618 753 -1
0.1 1617 1619 -1
0.1 1616 1620 -1
0.1 1615 1621 -1
0.1 1611 1622 -1
0.1 1610 1623 -1
0.1 1585 1624 -1
0.1 1578 1625 -1
0.1 756 757 -1
0.1 1627 758 -1
0.1 761 762 -1
0.1 760 1629 -1
0.1 759 1630 -1
0.1 1628 1631 -1
0.1 765 766 -1
0.1 764 1633 -1
0.1 763 1634 -1
0.1 1635 767 -1
0.1 769 770 -1
0.1 768 1637 -1
0.1 771 772 -1
0.1 773 774 -1
0.1 1640 775 -1
0.1 1639 1641 -1
0.1 1638 1642 -1
0.1 1636 1643 -1
0.1 1632 1644 -1
0.1 776 777 -1
0.1 1646 778 -1
0.1 779 780 -1
0.1 782 783 -1
0.1 781 1649 -1
0.1 784 785 -1
0.1 1650 1651 -1
0.1 1648 1652 -1
0.1 1647 1653 -1
0.1 786 787 -1
0.1 789 790 -1
0.1 1656 791 -1
0.1 788 1657 -1
0.1 793 794 -1
0.1 792 1659 -1
0.1 1658 1660 -1
0.1 1655 1661 -1
0.1 1654 1662 -1
0.1 1645 1663 -1
0.1 755 1664 -1
0.1 754 1665 -1
0.1 796 797 -1
0.1 1667 798 -1
0.1 800 801 -1
0.1 802 803 -1
0.1 1669 1670 -1
0.1 1671 804 -1
0.1 799 1672 -1
0.1 806 807 -1
0.1 805 1674 -1
0.1 811 812 -1
0.1 810 1676 -1
0.1 814 815 -1
0.1 813 1678 -1
0.1 1677 1679 -1
0.1 809 1680 -1
0.1 808 1681 -1
0.1 1675 1682 -1
0.1 1673 1683 -1
0.1 1668 1684 -1
0.1 795 1685 -1
0.1 816 817 -1
0.1 818 819 -1
0.1 1687 1688 -1
0.1 822 823 -1
0.1 821 1690 -1
0.1 820 1691 -1
0.1 1689 1692 -1
0.1 1686 1693 -1
0.1 1666 1694 -1
0.1 1626 1695 -1
0.1 824 825 -1
0.1 827 828 -1
0.1 1698 829 -1
0.1 826 1699 -1
0.1 1697 1700 -1
0.1 830 831 -1
0.1 1702 832 -1
0.1 1701 1703 -1
0.1 834 835 -1
0.1 833 1705 -1
0.1 1704 1706 -1
0.1 1696 1707 -1
0.1 1557 1708 -1
0.1 1490 1709 -1
0.1 1471 1710 -1
0.1 1412 1711 -1
0.1 836 837 -1
0.1 839 840 -1
0.1 838 1714 -1
0.1 1713 1715 -1
0.1 1712 1716 -1
0.1 845 846 -1
0.1 844 1718 -1
0.1 843 1719 -1
0.1 842 1720 -1
0.1 847 848 -1
0.1 850 851 -1
0.1 849 1723 -1
0.1 1722 1724 -1
0.1 1721 1725 -1
0.1 841 1726 -1
0.1 853 854 -1
0.1 852 1728 -1
0.1 858 859 -1
0.1 857 1730 -1
0.1 856 1731 -1
0.1 855 1732 -1
0.1 1729 1733 -1
0.1 1727 1734 -1
0.1 861 862 -1
0.1 860 1736 -1
0.1 863 864 -1
0.1 1738 865 -1
0.1 1737 1739 -1
0.1 1740 866 -1
0.1 869 870 -1
0.1 1742 871 -1
0.1 868 1743 -1
0.1 1744 872 -1
0.1 867 1745 -1
0.1 1741 1746 -1
0.1 873 874 -1
0.1 875 876 -1
0.1 1748 1749 -1
0.1 878 879 -1
0.1 877 1751 -1
0.1 1750 1752 -1
0.1 1753 880 -1
0.1 1747 1754 -1
0.1 1735 1755 -1
0.1 1717 1756 -1
0.1 1411 1757 -1
0.1 1239 1758 -1
