1 0 0 1
1 0 0 1
1 0 0 1
1 0 0 1
1 0 0 1
1 0 0 2
1 0 0 2
1 0 0 2
1 0 0 2
1 0 0 2
1 0 0 2
1 0 0 2
1 0 0 2
1 0 0 2
1 0 0 2
1 0 0 2
1 0 0 2
1 0 0 2
1 0 0 2
1 0 0 2
1 0 0 2
1 0 0 2
1 0 0 2
1 0 0 2
1 0 0 2
1 0 0 1
1 0 0 1
1 0 0 3
1 0 0 3
1 0 0 3
1 0 0 3
1 0 0 3
1 0 0 3
1 0 0 3
1 0 0 3
1 0 0 3
1 0 0 3
1 0 0 3
1 0 0 3
1 0 0 3
1 0 0 3
1 0 0 3
1 0 0 3
1 0 0 3
1 0 0 3
1 0 0 3
1 0 0 3
1 0 0 4
1 0 0 4
1 0 0 4
1 0 0 4
1 0 0 4
1 0 0 4
1 0 0 4
1 0 0 4
1 0 0 4
1 0 0 4
1 0 0 4
1 0 0 4
1 0 0 4
1 0 0 4
1 0 0 4
1 0 0 4
1 0 0 4
1 0 0 4
1 0 0 4
1 0 0 4
1 0 0 1
1 0 0 1
1 0 0 1
1 0 0 1
1 0 0 1
1 0 0 1
1 0 0 1
1 0 0 1
1 0 0 1
1 0 0 5
1 0 0 5
1 0 0 5
1 0 0 5
1 0 0 5
1 0 0 5
1 0 0 5
1 0 0 5
1 0 0 5
1 0 0 5
1 0 0 5
1 0 0 5
1 0 0 5
1 0 0 5
1 0 0 5
1 0 0 5
1 0 0 5
1 0 0 5
1 0 0 5
1 0 0 5
1 0 0 1
1 0 0 1
1 0 0 1
1 0 0 1
1 0 0 6
1 0 0 6
1 0 0 6
1 0 0 6
1 0 0 6
1 0 0 6
1 0 0 6
1 0 0 6
1 0 0 6
1 0 0 6
1 0 0 6
1 0 0 6
1 0 0 6
1 0 0 6
1 0 0 6
1 0 0 6
1 0 0 6
1 0 0 6
1 0 0 6
1 0 0 6
1 0 0 7
1 0 0 7
1 0 0 7
1 0 0 7
1 0 0 7
1 0 0 7
1 0 0 7
1 0 0 7
1 0 0 7
1 0 0 7
1 0 0 7
1 0 0 7
1 0 0 7
1 0 0 7
1 0 0 7
1 0 0 7
1 0 0 7
1 0 0 7
1 0 0 7
1 0 0 7
1 0 0 8
1 0 0 9
1 0 0 9
1 0 0 9
1 0 0 9
1 0 0 9
1 0 0 9
1 0 0 9
1 0 0 9
1 0 0 9
1 0 0 9
1 0 0 9
1 0 0 9
1 0 0 9
1 0 0 9
1 0 0 9
1 0 0 9
1 0 0 9
1 0 0 9
1 0 0 9
1 0 0 9
1 0 0 8
1 0 0 8
1 0 0 8
1 0 0 8
1 0 0 8
1 0 0 8
1 0 0 8
1 0 0 8
1 0 0 8
1 0 0 8
1 0 0 8
1 0 0 8
1 0 0 8
1 0 0 8
1 0 0 8
1 0 0 8
1 0 0 8
1 0 0 8
1 0 0 8
1 0 0 10
1 0 0 10
1 0 0 10
1 0 0 10
1 0 0 10
1 0 0 10
1 0 0 10
1 0 0 10
1 0 0 10
1 0 0 10
1 0 0 10
1 0 0 10
1 0 0 10
1 0 0 10
1 0 0 10
1 0 0 10
1 0 0 10
1 0 0 10
1 0 0 10
1 0 0 10
1 0 0 11
1 0 0 11
1 0 0 11
1 0 0 11
1 0 0 11
1 0 0 11
1 0 0 11
1 0 0 11
1 0 0 11
1 0 0 11
1 0 0 11
1 0 0 11
1 0 0 11
1 0 0 11
1 0 0 11
1 0 0 11
1 0 0 11
1 0 0 11
1 0 0 11
1 0 0 11
1 0 0 12
1 0 0 12
1 0 0 12
1 0 0 12
1 0 0 12
1 0 0 12
1 0 0 12
1 0 0 12
1 0 0 12
1 0 0 12
1 0 0 12
1 0 0 12
1 0 0 12
1 0 0 12
1 0 0 12
1 0 0 12
1 0 0 12
1 0 0 12
1 0 0 12
1 0 0 12
1 0 0 13
1 0 0 13
1 0 0 13
1 0 0 14
1 0 0 15
1 0 0 15
1 0 0 15
1 0 0 15
1 0 0 15
1 0 0 15
1 0 0 15
1 0 0 15
1 0 0 15
1 0 0 15
1 0 0 15
1 0 0 15
1 0 0 15
1 0 0 15
1 0 0 15
1 0 0 15
1 0 0 15
1 0 0 15
1 0 0 15
1 0 0 15
1 0 0 14
1 0 0 14
1 0 0 14
1 0 0 14
1 0 0 14
1 0 0 14
1 0 0 14
1 0 0 16
1 0 0 16
1 0 0 16
1 0 0 16
1 0 0 16
1 0 0 16
1 0 0 16
1 0 0 16
1 0 0 16
1 0 0 16
1 0 0 16
1 0 0 16
1 0 0 16
1 0 0 16
1 0 0 16
1 0 0 16
1 0 0 16
1 0 0 16
1 0 0 16
1 0 0 16
1 0 0 14
1 0 0 14
1 0 0 14
1 0 0 14
1 0 0 14
1 0 0 14
1 0 0 14
1 0 0 14
1 0 0 14
1 0 0 14
1 0 0 14
1 0 0 14
1 0 0 17
1 0 0 17
1 0 0 17
1 0 0 17
1 0 0 17
1 0 0 17
1 0 0 17
1 0 0 17
1 0 0 17
1 0 0 17
1 0 0 17
1 0 0 17
1 0 0 17
1 0 0 17
1 0 0 17
1 0 0 17
1 0 0 17
1 0 0 17
1 0 0 17
1 0 0 17
1 0 0 18
1 0 0 18
1 0 0 18
1 0 0 18
1 0 0 18
1 0 0 18
1 0 0 18
1 0 0 18
1 0 0 18
1 0 0 18
1 0 0 18
1 0 0 18
1 0 0 18
1 0 0 18
1 0 0 18
1 0 0 18
1 0 0 18
1 0 0 18
1 0 0 18
1 0 0 18
1 0 0 19
1 0 0 19
1 0 0 19
1 0 0 19
1 0 0 19
1 0 0 19
1 0 0 19
1 0 0 19
1 0 0 19
1 0 0 19
1 0 0 19
1 0 0 19
1 0 0 19
1 0 0 19
1 0 0 19
1 0 0 19
1 0 0 19
1 0 0 19
1 0 0 19
1 0 0 19
1 0 0 20
1 0 0 20
1 0 0 20
1 0 0 20
1 0 0 20
1 0 0 20
1 0 0 20
1 0 0 20
1 0 0 20
1 0 0 20
1 0 0 20
1 0 0 20
1 0 0 20
1 0 0 20
1 0 0 20
1 0 0 20
1 0 0 20
1 0 0 20
1 0 0 20
1 0 0 20
1 0 0 13
1 0 0 13
1 0 0 13
1 0 0 13
1 0 0 13
1 0 0 13
1 0 0 13
1 0 0 13
1 0 0 13
1 0 0 13
1 0 0 13
1 0 0 13
1 0 0 13
1 0 0 13
1 0 0 13
1 0 0 13
1 0 0 13
1 0 0 21
1 0 0 21
1 0 0 21
1 0 0 21
1 0 0 21
1 0 0 21
1 0 0 21
1 0 0 21
1 0 0 21
1 0 0 21
1 0 0 21
1 0 0 21
1 0 0 21
1 0 0 21
1 0 0 22
1 0 0 22
1 0 0 22
1 0 0 22
1 0 0 22
1 0 0 22
1 0 0 22
1 0 0 22
1 0 0 22
1 0 0 22
1 0 0 22
1 0 0 22
1 0 0 22
1 0 0 22
1 0 0 22
1 0 0 22
1 0 0 22
1 0 0 22
1 0 0 22
1 0 0 22
1 0 0 21
1 0 0 21
1 0 0 21
1 0 0 21
1 0 0 21
1 0 0 21
1 0 0 23
1 0 0 23
1 0 0 23
1 0 0 23
1 0 0 23
1 0 0 23
1 0 0 23
1 0 0 23
1 0 0 23
1 0 0 23
1 0 0 23
1 0 0 23
1 0 0 23
1 0 0 24
1 0 0 24
1 0 0 24
1 0 0 24
1 0 0 24
1 0 0 24
1 0 0 24
1 0 0 24
1 0 0 24
1 0 0 24
1 0 0 24
1 0 0 25
1 0 0 25
1 0 0 25
1 0 0 25
1 0 0 25
1 0 0 25
1 0 0 25
1 0 0 25
1 0 0 25
1 0 0 25
1 0 0 25
1 0 0 25
1 0 0 25
1 0 0 25
1 0 0 25
1 0 0 25
1 0 0 25
1 0 0 25
1 0 0 25
1 0 0 25
1 0 0 24
1 0 0 24
1 0 0 24
1 0 0 24
1 0 0 26
1 0 0 26
1 0 0 26
1 0 0 26
1 0 0 26
1 0 0 27
1 0 0 27
1 0 0 27
1 0 0 27
1 0 0 27
1 0 0 27
1 0 0 27
1 0 0 27
1 0 0 27
1 0 0 27
1 0 0 27
1 0 0 27
1 0 0 27
1 0 0 27
1 0 0 27
1 0 0 27
1 0 0 27
1 0 0 27
1 0 0 27
1 0 0 27
1 0 0 26
1 0 0 26
1 0 0 26
1 0 0 26
1 0 0 28
1 0 0 28
1 0 0 28
1 0 0 28
1 0 0 28
1 0 0 28
1 0 0 28
1 0 0 28
1 0 0 28
1 0 0 28
1 0 0 28
1 0 0 28
1 0 0 28
1 0 0 28
1 0 0 28
1 0 0 28
1 0 0 28
1 0 0 28
1 0 0 28
1 0 0 28
1 0 0 26
1 0 0 26
1 0 0 26
1 0 0 26
1 0 0 26
1 0 0 26
1 0 0 26
1 0 0 26
1 0 0 26
1 0 0 26
1 0 0 26
1 0 0 24
1 0 0 24
1 0 0 24
1 0 0 24
1 0 0 24
1 0 0 29
1 0 0 29
1 0 0 29
1 0 0 29
1 0 0 29
1 0 0 29
1 0 0 29
1 0 0 29
1 0 0 29
1 0 0 29
1 0 0 29
1 0 0 29
1 0 0 29
1 0 0 29
1 0 0 29
1 0 0 29
1 0 0 29
1 0 0 29
1 0 0 29
1 0 0 29
1 0 0 23
1 0 0 23
1 0 0 23
1 0 0 23
1 0 0 23
1 0 0 23
1 0 0 23
1 0 0 30
1 0 0 30
1 0 0 30
1 0 0 30
1 0 0 30
1 0 0 30
1 0 0 30
1 0 0 30
1 0 0 30
1 0 0 30
1 0 0 30
1 0 0 31
1 0 0 32
1 0 0 32
1 0 0 32
1 0 0 32
1 0 0 32
1 0 0 32
1 0 0 32
1 0 0 32
1 0 0 32
1 0 0 32
1 0 0 32
1 0 0 32
1 0 0 32
1 0 0 32
1 0 0 32
1 0 0 32
1 0 0 32
1 0 0 32
1 0 0 32
1 0 0 32
1 0 0 31
1 0 0 31
1 0 0 31
1 0 0 31
1 0 0 31
1 0 0 31
1 0 0 31
1 0 0 31
1 0 0 31
1 0 0 31
1 0 0 31
1 0 0 31
1 0 0 31
1 0 0 31
1 0 0 31
1 0 0 31
1 0 0 31
1 0 0 31
1 0 0 31
1 0 0 30
1 0 0 30
1 0 0 30
1 0 0 30
1 0 0 30
1 0 0 30
1 0 0 30
1 0 0 30
1 0 0 30
1 0 0 33
1 0 0 33
1 0 0 33
1 0 0 33
1 0 0 33
1 0 0 33
1 0 0 33
1 0 0 33
1 0 0 33
1 0 0 33
1 0 0 33
1 0 0 33
1 0 0 33
1 0 0 33
1 0 0 33
1 0 0 33
1 0 0 33
1 0 0 33
1 0 0 33
1 0 0 33
1 0 0 34
1 0 0 34
1 0 0 34
1 0 0 34
1 0 0 35
1 0 0 35
1 0 0 35
1 0 0 35
1 0 0 35
1 0 0 35
1 0 0 35
1 0 0 35
1 0 0 35
1 0 0 35
1 0 0 35
1 0 0 35
1 0 0 35
1 0 0 35
1 0 0 35
1 0 0 35
1 0 0 35
1 0 0 35
1 0 0 35
1 0 0 35
1 0 0 36
1 0 0 36
1 0 0 36
1 0 0 36
1 0 0 36
1 0 0 36
1 0 0 36
1 0 0 36
1 0 0 36
1 0 0 36
1 0 0 36
1 0 0 36
1 0 0 36
1 0 0 36
1 0 0 37
1 0 0 37
1 0 0 37
1 0 0 37
1 0 0 37
1 0 0 37
1 0 0 37
1 0 0 37
1 0 0 37
1 0 0 37
1 0 0 37
1 0 0 37
1 0 0 37
1 0 0 37
1 0 0 37
1 0 0 37
1 0 0 37
1 0 0 37
1 0 0 37
1 0 0 37
1 0 0 36
1 0 0 36
1 0 0 36
1 0 0 36
1 0 0 36
1 0 0 36
1 0 0 38
1 0 0 38
1 0 0 38
1 0 0 38
1 0 0 38
1 0 0 38
1 0 0 38
1 0 0 38
1 0 0 39
1 0 0 39
1 0 0 39
1 0 0 39
1 0 0 39
1 0 0 39
1 0 0 39
1 0 0 39
1 0 0 39
1 0 0 39
1 0 0 39
1 0 0 39
1 0 0 39
1 0 0 39
1 0 0 39
1 0 0 39
1 0 0 39
1 0 0 39
1 0 0 39
1 0 0 39
1 0 0 38
1 0 0 38
1 0 0 38
1 0 0 40
1 0 0 41
1 0 0 41
1 0 0 41
1 0 0 41
1 0 0 41
1 0 0 41
1 0 0 41
1 0 0 41
1 0 0 41
1 0 0 41
1 0 0 41
1 0 0 41
1 0 0 41
1 0 0 41
1 0 0 41
1 0 0 41
1 0 0 41
1 0 0 41
1 0 0 41
1 0 0 41
1 0 0 40
1 0 0 40
1 0 0 40
1 0 0 40
1 0 0 40
1 0 0 40
1 0 0 40
1 0 0 40
1 0 0 40
1 0 0 40
1 0 0 40
1 0 0 40
1 0 0 40
1 0 0 40
1 0 0 40
1 0 0 40
1 0 0 40
1 0 0 40
1 0 0 40
1 0 0 38
1 0 0 38
1 0 0 38
1 0 0 38
1 0 0 38
1 0 0 38
1 0 0 38
1 0 0 38
1 0 0 38
1 0 0 42
1 0 0 42
1 0 0 42
1 0 0 42
1 0 0 42
1 0 0 42
1 0 0 42
1 0 0 42
1 0 0 42
1 0 0 42
1 0 0 42
1 0 0 42
1 0 0 42
1 0 0 42
1 0 0 42
1 0 0 42
1 0 0 42
1 0 0 42
1 0 0 42
1 0 0 42
1 0 0 34
1 0 0 34
1 0 0 34
1 0 0 34
1 0 0 34
1 0 0 34
1 0 0 34
1 0 0 34
1 0 0 34
1 0 0 34
1 0 0 34
1 0 0 34
1 0 0 34
1 0 0 34
1 0 0 34
1 0 0 34
1 0 0 43
1 0 0 43
1 0 0 43
1 0 0 43
1 0 0 43
1 0 0 43
1 0 0 43
1 0 0 43
1 0 0 43
1 0 0 43
1 0 0 43
1 0 0 43
1 0 0 43
1 0 0 43
1 0 0 43
1 0 0 44
1 0 0 44
1 0 0 44
1 0 0 44
1 0 0 44
1 0 0 44
1 0 0 44
1 0 0 44
1 0 0 44
1 0 0 44
1 0 0 44
1 0 0 44
1 0 0 44
1 0 0 44
1 0 0 44
1 0 0 44
1 0 0 44
1 0 0 44
1 0 0 44
1 0 0 44
1 0 0 43
1 0 0 43
1 0 0 43
1 0 0 43
1 0 0 43
0.1 1 2 -1
0.1 3 4 -1
0.1 881 882 -1
0.1 6 7 -1
0.1 10 11 -1
0.1 9 885 -1
0.1 12 13 -1
0.1 886 887 -1
0.1 888 14 -1
0.1 8 889 -1
0.1 884 890 -1
0.1 16 17 -1
0.1 15 892 -1
0.1 19 20 -1
0.1 18 894 -1
0.1 21 22 -1
0.1 896 23 -1
0.1 897 24 -1
0.1 898 25 -1
0.1 895 899 -1
0.1 893 900 -1
0.1 891 901 -1
0.1 5 902 -1
0.1 29 30 -1
0.1 904 31 -1
0.1 28 905 -1
0.1 32 33 -1
0.1 906 907 -1
0.1 34 35 -1
0.1 909 36 -1
0.1 37 38 -1
0.1 911 39 -1
0.1 910 912 -1
0.1 40 41 -1
0.1 914 42 -1
0.1 46 47 -1
0.1 45 916 -1
0.1 44 917 -1
0.1 43 918 -1
0.1 915 919 -1
0.1 913 920 -1
0.1 908 921 -1
0.1 48 49 -1
0.1 50 51 -1
0.1 924 52 -1
0.1 923 925 -1
0.1 53 54 -1
0.1 55 56 -1
0.1 57 58 -1
0.1 929 59 -1
0.1 928 930 -1
0.1 931 60 -1
0.1 927 932 -1
0.1 63 64 -1
0.1 62 934 -1
0.1 935 65 -1
0.1 61 936 -1
0.1 66 67 -1
0.1 937 938 -1
0.1 933 939 -1
0.1 926 940 -1
0.1 922 941 -1
0.1 27 942 -1
0.1 26 943 -1
0.1 903 944 -1
0.1 883 945 -1
0.1 68 69 -1
0.1 946 947 -1
0.1 73 74 -1
0.1 72 949 -1
0.1 950 75 -1
0.1 71 951 -1
0.1 70 952 -1
0.1 948 953 -1
0.1 78 79 -1
0.1 77 955 -1
0.1 956 80 -1
0.1 84 85 -1
0.1 83 958 -1
0.1 82 959 -1
0.1 81 960 -1
0.1 957 961 -1
0.1 86 87 -1
0.1 962 963 -1
0.1 89 90 -1
0.1 88 965 -1
0.1 964 966 -1
0.1 92 93 -1
0.1 91 968 -1
0.1 95 96 -1
0.1 94 970 -1
0.1 969 971 -1
0.1 967 972 -1
0.1 76 973 -1
0.1 102 103 -1
0.1 101 975 -1
0.1 104 105 -1
0.1 107 108 -1
0.1 106 978 -1
0.1 977 979 -1
0.1 976 980 -1
0.1 110 111 -1
0.1 109 982 -1
0.1 981 983 -1
0.1 114 115 -1
0.1 118 119 -1
0.1 117 986 -1
0.1 116 987 -1
0.1 985 988 -1
0.1 113 989 -1
0.1 990 120 -1
0.1 112 991 -1
0.1 984 992 -1
0.1 100 993 -1
0.1 99 994 -1
0.1 98 995 -1
0.1 97 996 -1
0.1 974 997 -1
0.1 124 125 -1
0.1 123 999 -1
0.1 122 1000 -1
0.1 121 1001 -1
0.1 128 129 -1
0.1 127 1003 -1
0.1 126 1004 -1
0.1 1005 130 -1
0.1 1006 131 -1
0.1 132 133 -1
0.1 1007 1008 -1
0.1 1002 1009 -1
0.1 1010 134 -1
0.1 1011 135 -1
0.1 998 1012 -1
0.1 138 139 -1
0.1 1014 140 -1
0.1 137 1015 -1
0.1 136 1016 -1
0.1 1013 1017 -1
0.1 954 1018 -1
0.1 143 144 -1
0.1 145 146 -1
0.1 1020 1021 -1
0.1 1022 147 -1
0.1 1023 148 -1
0.1 142 1024 -1
0.1 149 150 -1
0.1 1026 151 -1
0.1 154 155 -1
0.1 153 1028 -1
0.1 152 1029 -1
0.1 1027 1030 -1
0.1 159 160 -1
0.1 1032 161 -1
0.1 158 1033 -1
0.1 157 1034 -1
0.1 156 1035 -1
0.1 1031 1036 -1
0.1 1025 1037 -1
0.1 162 163 -1
0.1 1039 164 -1
0.1 167 168 -1
0.1 166 1041 -1
0.1 1042 169 -1
0.1 165 1043 -1
0.1 171 172 -1
0.1 170 1045 -1
0.1 173 174 -1
0.1 1046 1047 -1
0.1 1044 1048 -1
0.1 1049 175 -1
0.1 179 180 -1
0.1 178 1051 -1
0.1 177 1052 -1
0.1 176 1053 -1
0.1 1050 1054 -1
0.1 1040 1055 -1
0.1 1038 1056 -1
0.1 141 1057 -1
0.1 1019 1058 -1
0.1 181 182 -1
0.1 1060 183 -1
0.1 185 186 -1
0.1 184 1062 -1
0.1 1061 1063 -1
0.1 188 189 -1
0.1 187 1065 -1
0.1 1064 1066 -1
0.1 191 192 -1
0.1 190 1068 -1
0.1 193 194 -1
0.1 195 196 -1
0.1 198 199 -1
0.1 197 1072 -1
0.1 1071 1073 -1
0.1 1070 1074 -1
0.1 1069 1075 -1
0.1 1067 1076 -1
0.1 1077 200 -1
0.1 201 202 -1
0.1 204 205 -1
0.1 1080 206 -1
0.1 203 1081 -1
0.1 207 208 -1
0.1 1082 1083 -1
0.1 1079 1084 -1
0.1 210 211 -1
0.1 209 1086 -1
0.1 1085 1087 -1
0.1 213 214 -1
0.1 212 1089 -1
0.1 1090 215 -1
0.1 1088 1091 -1
0.1 217 218 -1
0.1 216 1093 -1
0.1 224 225 -1
0.1 223 1095 -1
0.1 222 1096 -1
0.1 228 229 -1
0.1 230 231 -1
0.1 1098 1099 -1
0.1 233 234 -1
0.1 232 1101 -1
0.1 235 236 -1
0.1 1102 1103 -1
0.1 1100 1104 -1
0.1 238 239 -1
0.1 237 1106 -1
0.1 1105 1107 -1
0.1 227 1108 -1
0.1 226 1109 -1
0.1 1097 1110 -1
0.1 221 1111 -1
0.1 1112 240 -1
0.1 220 1113 -1
0.1 219 1114 -1
0.1 1094 1115 -1
0.1 1092 1116 -1
0.1 1078 1117 -1
0.1 242 243 -1
0.1 241 1119 -1
0.1 245 246 -1
0.1 248 249 -1
0.1 247 1122 -1
0.1 251 252 -1
0.1 253 254 -1
0.1 1124 1125 -1
0.1 255 256 -1
0.1 258 259 -1
0.1 257 1128 -1
0.1 1127 1129 -1
0.1 260 261 -1
0.1 1131 262 -1
0.1 263 264 -1
0.1 1132 1133 -1
0.1 1130 1134 -1
0.1 1126 1135 -1
0.1 250 1136 -1
0.1 1123 1137 -1
0.1 1121 1138 -1
0.1 244 1139 -1
0.1 265 266 -1
0.1 267 268 -1
0.1 1141 1142 -1
0.1 1143 269 -1
0.1 1144 270 -1
0.1 273 274 -1
0.1 272 1146 -1
0.1 276 277 -1
0.1 275 1148 -1
0.1 278 279 -1
0.1 280 281 -1
0.1 1151 282 -1
0.1 1152 283 -1
0.1 1150 1153 -1
0.1 1149 1154 -1
0.1 284 285 -1
0.1 1156 286 -1
0.1 287 288 -1
0.1 1157 1158 -1
0.1 1155 1159 -1
0.1 290 291 -1
0.1 289 1161 -1
0.1 1160 1162 -1
0.1 1147 1163 -1
0.1 271 1164 -1
0.1 292 293 -1
0.1 295 296 -1
0.1 294 1167 -1
0.1 297 298 -1
0.1 299 300 -1
0.1 1169 1170 -1
0.1 302 303 -1
0.1 301 1172 -1
0.1 1171 1173 -1
0.1 1168 1174 -1
0.1 1166 1175 -1
0.1 1165 1176 -1
0.1 1145 1177 -1
0.1 1140 1178 -1
0.1 305 306 -1
0.1 1180 307 -1
0.1 304 1181 -1
0.1 308 309 -1
0.1 311 312 -1
0.1 310 1184 -1
0.1 1183 1185 -1
0.1 314 315 -1
0.1 313 1187 -1
0.1 1186 1188 -1
0.1 317 318 -1
0.1 316 1190 -1
0.1 319 320 -1
0.1 321 322 -1
0.1 324 325 -1
0.1 326 327 -1
0.1 1195 328 -1
0.1 1194 1196 -1
0.1 329 330 -1
0.1 1197 1198 -1
0.1 331 332 -1
0.1 334 335 -1
0.1 338 339 -1
0.1 337 1202 -1
0.1 1203 340 -1
0.1 1204 341 -1
0.1 336 1205 -1
0.1 1201 1206 -1
0.1 1207 342 -1
0.1 333 1208 -1
0.1 1209 343 -1
0.1 1200 1210 -1
0.1 1199 1211 -1
0.1 323 1212 -1
0.1 1193 1213 -1
0.1 1192 1214 -1
0.1 1191 1215 -1
0.1 1189 1216 -1
0.1 1182 1217 -1
0.1 1179 1218 -1
0.1 344 345 -1
0.1 346 347 -1
0.1 1220 1221 -1
0.1 349 350 -1
0.1 352 353 -1
0.1 354 355 -1
0.1 356 357 -1
0.1 1225 1226 -1
0.1 1224 1227 -1
0.1 351 1228 -1
0.1 1223 1229 -1
0.1 348 1230 -1
0.1 1222 1231 -1
0.1 358 359 -1
0.1 362 363 -1
0.1 361 1234 -1
0.1 360 1235 -1
0.1 365 366 -1
0.1 364 1237 -1
0.1 368 369 -1
0.1 367 1239 -1
0.1 370 371 -1
0.1 1241 372 -1
0.1 1242 373 -1
0.1 1240 1243 -1
0.1 1244 374 -1
0.1 375 376 -1
0.1 1246 377 -1
0.1 1245 1247 -1
0.1 378 379 -1
0.1 1249 380 -1
0.1 381 382 -1
0.1 1250 1251 -1
0.1 1248 1252 -1
0.1 1253 383 -1
0.1 1238 1254 -1
0.1 1236 1255 -1
0.1 1233 1256 -1
0.1 1232 1257 -1
0.1 1219 1258 -1
0.1 1259 384 -1
0.1 385 386 -1
0.1 387 388 -1
0.1 1262 389 -1
0.1 391 392 -1
0.1 390 1264 -1
0.1 1263 1265 -1
0.1 1266 393 -1
0.1 1261 1267 -1
0.1 1260 1268 -1
0.1 395 396 -1
0.1 397 398 -1
0.1 1271 399 -1
0.1 1270 1272 -1
0.1 394 1273 -1
0.1 1274 400 -1
0.1 1269 1275 -1
0.1 1120 1276 -1
0.1 1118 1277 -1
0.1 1059 1278 -1
0.1 402 403 -1
0.1 401 1280 -1
0.1 1281 404 -1
0.1 405 406 -1
0.1 1283 407 -1
0.1 408 409 -1
0.1 410 411 -1
0.1 412 413 -1
0.1 1287 414 -1
0.1 1286 1288 -1
0.1 1285 1289 -1
0.1 415 416 -1
0.1 1291 417 -1
0.1 1292 418 -1
0.1 421 422 -1
0.1 426 427 -1
0.1 425 1295 -1
0.1 424 1296 -1
0.1 423 1297 -1
0.1 1294 1298 -1
0.1 420 1299 -1
0.1 429 430 -1
0.1 428 1301 -1
0.1 1300 1302 -1
0.1 1303 431 -1
0.1 433 434 -1
0.1 432 1305 -1
0.1 1304 1306 -1
0.1 419 1307 -1
0.1 1293 1308 -1
0.1 1290 1309 -1
0.1 437 438 -1
0.1 436 1311 -1
0.1 435 1312 -1
0.1 1310 1313 -1
0.1 1284 1314 -1
0.1 1282 1315 -1
0.1 439 440 -1
0.1 1316 1317 -1
0.1 442 443 -1
0.1 445 446 -1
0.1 447 448 -1
0.1 1320 1321 -1
0.1 444 1322 -1
0.1 1319 1323 -1
0.1 441 1324 -1
0.1 450 451 -1
0.1 1326 452 -1
0.1 1327 453 -1
0.1 449 1328 -1
0.1 457 458 -1
0.1 456 1330 -1
0.1 455 1331 -1
0.1 460 461 -1
0.1 459 1333 -1
0.1 1332 1334 -1
0.1 454 1335 -1
0.1 465 466 -1
0.1 468 469 -1
0.1 467 1338 -1
0.1 1339 470 -1
0.1 471 472 -1
0.1 473 474 -1
0.1 475 476 -1
0.1 1342 1343 -1
0.1 1341 1344 -1
0.1 1340 1345 -1
0.1 1337 1346 -1
0.1 477 478 -1
0.1 479 480 -1
0.1 1348 1349 -1
0.1 481 482 -1
0.1 483 484 -1
0.1 1351 1352 -1
0.1 1350 1353 -1
0.1 1347 1354 -1
0.1 464 1355 -1
0.1 463 1356 -1
0.1 462 1357 -1
0.1 487 488 -1
0.1 486 1359 -1
0.1 485 1360 -1
0.1 489 490 -1
0.1 496 497 -1
0.1 495 1363 -1
0.1 494 1364 -1
0.1 499 500 -1
0.1 498 1366 -1
0.1 501 502 -1
0.1 1368 503 -1
0.1 1367 1369 -1
0.1 1365 1370 -1
0.1 504 505 -1
0.1 508 509 -1
0.1 1373 510 -1
0.1 507 1374 -1
0.1 506 1375 -1
0.1 511 512 -1
0.1 1377 513 -1
0.1 1376 1378 -1
0.1 1372 1379 -1
0.1 1371 1380 -1
0.1 493 1381 -1
0.1 1382 514 -1
0.1 492 1383 -1
0.1 491 1384 -1
0.1 1362 1385 -1
0.1 515 516 -1
0.1 518 519 -1
0.1 520 521 -1
0.1 522 523 -1
0.1 524 525 -1
0.1 526 527 -1
0.1 1391 1392 -1
0.1 1393 528 -1
0.1 1390 1394 -1
0.1 1389 1395 -1
0.1 529 530 -1
0.1 533 534 -1
0.1 532 1398 -1
0.1 1399 535 -1
0.1 536 537 -1
0.1 1400 1401 -1
0.1 531 1402 -1
0.1 1397 1403 -1
0.1 1396 1404 -1
0.1 1388 1405 -1
0.1 539 540 -1
0.1 538 1407 -1
0.1 1406 1408 -1
0.1 1409 541 -1
0.1 517 1410 -1
0.1 542 543 -1
0.1 544 545 -1
0.1 1413 546 -1
0.1 1412 1414 -1
0.1 1411 1415 -1
0.1 547 548 -1
0.1 1416 1417 -1
0.1 1387 1418 -1
0.1 1386 1419 -1
0.1 1361 1420 -1
0.1 549 550 -1
0.1 1421 1422 -1
0.1 552 553 -1
0.1 551 1424 -1
0.1 1423 1425 -1
0.1 1358 1426 -1
0.1 1336 1427 -1
0.1 1329 1428 -1
0.1 1325 1429 -1
0.1 1318 1430 -1
0.1 554 555 -1
0.1 1432 556 -1
0.1 557 558 -1
0.1 1433 1434 -1
0.1 560 561 -1
0.1 559 1436 -1
0.1 1435 1437 -1
0.1 562 563 -1
0.1 565 566 -1
0.1 1440 567 -1
0.1 564 1441 -1
0.1 1439 1442 -1
0.1 568 569 -1
0.1 570 571 -1
0.1 572 573 -1
0.1 1445 1446 -1
0.1 1444 1447 -1
0.1 1443 1448 -1
0.1 1438 1449 -1
0.1 1431 1450 -1
0.1 574 575 -1
0.1 576 577 -1
0.1 1453 578 -1
0.1 1452 1454 -1
0.1 579 580 -1
0.1 581 582 -1
0.1 583 584 -1
0.1 1457 1458 -1
0.1 585 586 -1
0.1 1459 1460 -1
0.1 588 589 -1
0.1 587 1462 -1
0.1 1461 1463 -1
0.1 593 594 -1
0.1 596 597 -1
0.1 595 1466 -1
0.1 1465 1467 -1
0.1 598 599 -1
0.1 1469 600 -1
0.1 601 602 -1
0.1 603 604 -1
0.1 605 606 -1
0.1 1472 1473 -1
0.1 607 608 -1
0.1 1474 1475 -1
0.1 1471 1476 -1
0.1 1470 1477 -1
0.1 1468 1478 -1
0.1 609 610 -1
0.1 611 612 -1
0.1 1480 1481 -1
0.1 1479 1482 -1
0.1 614 615 -1
0.1 613 1484 -1
0.1 617 618 -1
0.1 616 1486 -1
0.1 1485 1487 -1
0.1 621 622 -1
0.1 620 1489 -1
0.1 1490 623 -1
0.1 619 1491 -1
0.1 626 627 -1
0.1 625 1493 -1
0.1 1494 628 -1
0.1 624 1495 -1
0.1 1492 1496 -1
0.1 1488 1497 -1
0.1 1483 1498 -1
0.1 629 630 -1
0.1 1500 631 -1
0.1 1499 1501 -1
0.1 592 1502 -1
0.1 591 1503 -1
0.1 590 1504 -1
0.1 1464 1505 -1
0.1 632 633 -1
0.1 1507 634 -1
0.1 636 637 -1
0.1 635 1509 -1
0.1 639 640 -1
0.1 638 1511 -1
0.1 1510 1512 -1
0.1 1508 1513 -1
0.1 1506 1514 -1
0.1 643 644 -1
0.1 642 1516 -1
0.1 1517 645 -1
0.1 648 649 -1
0.1 647 1519 -1
0.1 646 1520 -1
0.1 650 651 -1
0.1 1521 1522 -1
0.1 652 653 -1
0.1 1523 1524 -1
0.1 655 656 -1
0.1 658 659 -1
0.1 1527 660 -1
0.1 657 1528 -1
0.1 1526 1529 -1
0.1 654 1530 -1
0.1 1525 1531 -1
0.1 1518 1532 -1
0.1 641 1533 -1
0.1 663 664 -1
0.1 662 1535 -1
0.1 661 1536 -1
0.1 665 666 -1
0.1 1538 667 -1
0.1 668 669 -1
0.1 670 671 -1
0.1 672 673 -1
0.1 1541 1542 -1
0.1 1540 1543 -1
0.1 676 677 -1
0.1 675 1545 -1
0.1 674 1546 -1
0.1 680 681 -1
0.1 682 683 -1
0.1 1548 1549 -1
0.1 679 1550 -1
0.1 1551 684 -1
0.1 678 1552 -1
0.1 1547 1553 -1
0.1 1544 1554 -1
0.1 1539 1555 -1
0.1 1537 1556 -1
0.1 685 686 -1
0.1 689 690 -1
0.1 1559 691 -1
0.1 688 1560 -1
0.1 687 1561 -1
0.1 692 693 -1
0.1 1563 694 -1
0.1 695 696 -1
0.1 1564 1565 -1
0.1 697 698 -1
0.1 1566 1567 -1
0.1 1562 1568 -1
0.1 1558 1569 -1
0.1 699 700 -1
0.1 701 702 -1
0.1 1571 1572 -1
0.1 706 707 -1
0.1 705 1574 -1
0.1 710 711 -1
0.1 709 1576 -1
0.1 708 1577 -1
0.1 1575 1578 -1
0.1 712 713 -1
0.1 715 716 -1
0.1 714 1581 -1
0.1 1580 1582 -1
0.1 1579 1583 -1
0.1 704 1584 -1
0.1 1585 717 -1
0.1 1586 718 -1
0.1 703 1587 -1
0.1 1573 1588 -1
0.1 719 720 -1
0.1 1590 721 -1
0.1 723 724 -1
0.1 722 1592 -1
0.1 1591 1593 -1
0.1 1589 1594 -1
0.1 1570 1595 -1
0.1 726 727 -1
0.1 725 1597 -1
0.1 729 730 -1
0.1 728 1599 -1
0.1 731 732 -1
0.1 1600 1601 -1
0.1 1598 1602 -1
0.1 1596 1603 -1
0.1 733 734 -1
0.1 1605 735 -1
0.1 736 737 -1
0.1 1606 1607 -1
0.1 738 739 -1
0.1 1608 1609 -1
0.1 742 743 -1
0.1 741 1611 -1
0.1 740 1612 -1
0.1 745 746 -1
0.1 744 1614 -1
0.1 747 748 -1
0.1 1615 1616 -1
0.1 750 751 -1
0.1 1618 752 -1
0.1 749 1619 -1
0.1 1617 1620 -1
0.1 1613 1621 -1
0.1 1610 1622 -1
0.1 753 754 -1
0.1 1623 1624 -1
0.1 1604 1625 -1
0.1 758 759 -1
0.1 757 1627 -1
0.1 1628 760 -1
0.1 762 763 -1
0.1 761 1630 -1
0.1 1629 1631 -1
0.1 766 767 -1
0.1 765 1633 -1
0.1 1634 768 -1
0.1 764 1635 -1
0.1 770 771 -1
0.1 769 1637 -1
0.1 772 773 -1
0.1 1639 774 -1
0.1 775 776 -1
0.1 1640 1641 -1
0.1 1638 1642 -1
0.1 1636 1643 -1
0.1 1632 1644 -1
0.1 778 779 -1
0.1 777 1646 -1
0.1 780 781 -1
0.1 782 783 -1
0.1 1649 784 -1
0.1 785 786 -1
0.1 1650 1651 -1
0.1 1648 1652 -1
0.1 1647 1653 -1
0.1 787 788 -1
0.1 789 790 -1
0.1 1656 791 -1
0.1 793 794 -1
0.1 1658 795 -1
0.1 792 1659 -1
0.1 1657 1660 -1
0.1 1655 1661 -1
0.1 1654 1662 -1
0.1 1645 1663 -1
0.1 756 1664 -1
0.1 755 1665 -1
0.1 797 798 -1
0.1 1667 799 -1
0.1 796 1668 -1
0.1 800 801 -1
0.1 802 803 -1
0.1 1670 1671 -1
0.1 806 807 -1
0.1 805 1673 -1
0.1 1674 808 -1
0.1 810 811 -1
0.1 812 813 -1
0.1 1676 1677 -1
0.1 1678 814 -1
0.1 809 1679 -1
0.1 816 817 -1
0.1 1681 818 -1
0.1 815 1682 -1
0.1 819 820 -1
0.1 1684 821 -1
0.1 1683 1685 -1
0.1 1680 1686 -1
0.1 1675 1687 -1
0.1 822 823 -1
0.1 1689 824 -1
0.1 1688 1690 -1
0.1 804 1691 -1
0.1 1672 1692 -1
0.1 1669 1693 -1
0.1 1666 1694 -1
0.1 1626 1695 -1
0.1 826 827 -1
0.1 825 1697 -1
0.1 829 830 -1
0.1 828 1699 -1
0.1 833 834 -1
0.1 832 1701 -1
0.1 831 1702 -1
0.1 1700 1703 -1
0.1 835 836 -1
0.1 1704 1705 -1
0.1 1698 1706 -1
0.1 1696 1707 -1
0.1 1557 1708 -1
0.1 839 840 -1
0.1 844 845 -1
0.1 843 1711 -1
0.1 842 1712 -1
0.1 846 847 -1
0.1 1713 1714 -1
0.1 841 1715 -1
0.1 849 850 -1
0.1 848 1717 -1
0.1 853 854 -1
0.1 1719 855 -1
0.1 852 1720 -1
0.1 851 1721 -1
0.1 1718 1722 -1
0.1 1716 1723 -1
0.1 857 858 -1
0.1 856 1725 -1
0.1 860 861 -1
0.1 862 863 -1
0.1 1727 1728 -1
0.1 859 1729 -1
0.1 866 867 -1
0.1 865 1731 -1
0.1 864 1732 -1
0.1 868 869 -1
0.1 871 872 -1
0.1 870 1735 -1
0.1 874 875 -1
0.1 873 1737 -1
0.1 1736 1738 -1
0.1 1734 1739 -1
0.1 1733 1740 -1
0.1 1730 1741 -1
0.1 1726 1742 -1
0.1 878 879 -1
0.1 877 1744 -1
0.1 1745 880 -1
0.1 876 1746 -1
0.1 1743 1747 -1
0.1 1724 1748 -1
0.1 1710 1749 -1
0.1 838 1750 -1
0.1 837 1751 -1
0.1 1709 1752 -1
0.1 1534 1753 -1
0.1 1515 1754 -1
0.1 1456 1755 -1
0.1 1455 1756 -1
0.1 1451 1757 -1
0.1 1279 1758 -1
