1 0 0 1
1 0 0 1
1 0 0 1
1 0 0 1
1 0 0 1
1 0 0 2
1 0 0 2
1 0 0 2
1 0 0 2
1 0 0 2
1 0 0 2
1 0 0 2
1 0 0 2
1 0 0 2
1 0 0 2
1 0 0 2
1 0 0 2
1 0 0 2
1 0 0 2
1 0 0 2
1 0 0 2
1 0 0 2
1 0 0 2
1 0 0 2
1 0 0 2
1 0 0 1
1 0 0 1
1 0 0 1
1 0 0 1
1 0 0 1
1 0 0 1
1 0 0 1
1 0 0 1
1 0 0 1
1 0 0 1
1 0 0 1
1 0 0 1
1 0 0 1
1 0 0 1
1 0 0 1
1 0 0 3
1 0 0 3
1 0 0 3
1 0 0 3
1 0 0 3
1 0 0 3
1 0 0 3
1 0 0 3
1 0 0 3
1 0 0 3
1 0 0 3
1 0 0 3
1 0 0 3
1 0 0 3
1 0 0 3
1 0 0 3
1 0 0 3
1 0 0 3
1 0 0 3
1 0 0 3
1 0 0 4
1 0 0 4
1 0 0 4
1 0 0 4
1 0 0 4
1 0 0 4
1 0 0 4
1 0 0 4
1 0 0 4
1 0 0 4
1 0 0 4
1 0 0 4
1 0 0 4
1 0 0 4
1 0 0 4
1 0 0 4
1 0 0 4
1 0 0 4
1 0 0 4
1 0 0 4
1 0 0 5
1 0 0 5
1 0 0 5
1 0 0 5
1 0 0 5
1 0 0 5
1 0 0 5
1 0 0 5
1 0 0 5
1 0 0 6
1 0 0 6
1 0 0 6
1 0 0 6
1 0 0 6
1 0 0 6
1 0 0 6
1 0 0 6
1 0 0 6
1 0 0 6
1 0 0 6
1 0 0 6
1 0 0 6
1 0 0 6
1 0 0 6
1 0 0 6
1 0 0 6
1 0 0 6
1 0 0 6
1 0 0 6
1 0 0 7
1 0 0 7
1 0 0 7
1 0 0 7
1 0 0 7
1 0 0 7
1 0 0 7
1 0 0 7
1 0 0 7
1 0 0 7
1 0 0 7
1 0 0 7
1 0 0 7
1 0 0 7
1 0 0 7
1 0 0 7
1 0 0 7
1 0 0 7
1 0 0 7
1 0 0 7
1 0 0 5
1 0 0 8
1 0 0 8
1 0 0 8
1 0 0 8
1 0 0 8
1 0 0 8
1 0 0 8
1 0 0 8
1 0 0 8
1 0 0 8
1 0 0 8
1 0 0 8
1 0 0 8
1 0 0 8
1 0 0 8
1 0 0 8
1 0 0 8
1 0 0 8
1 0 0 8
1 0 0 8
1 0 0 5
1 0 0 5
1 0 0 5
1 0 0 5
1 0 0 5
1 0 0 5
1 0 0 5
1 0 0 5
1 0 0 9
1 0 0 9
1 0 0 9
1 0 0 9
1 0 0 9
1 0 0 9
1 0 0 9
1 0 0 9
1 0 0 9
1 0 0 9
1 0 0 9
1 0 0 9
1 0 0 9
1 0 0 9
1 0 0 9
1 0 0 9
1 0 0 9
1 0 0 9
1 0 0 9
1 0 0 9
1 0 0 5
1 0 0 5
1 0 0 10
1 0 0 10
1 0 0 10
1 0 0 10
1 0 0 10
1 0 0 10
1 0 0 10
1 0 0 10
1 0 0 10
1 0 0 10
1 0 0 10
1 0 0 10
1 0 0 10
1 0 0 10
1 0 0 10
1 0 0 10
1 0 0 10
1 0 0 10
1 0 0 10
1 0 0 10
1 0 0 11
1 0 0 11
1 0 0 11
1 0 0 11
1 0 0 11
1 0 0 11
1 0 0 11
1 0 0 11
1 0 0 11
1 0 0 11
1 0 0 11
1 0 0 11
1 0 0 11
1 0 0 11
1 0 0 11
1 0 0 11
1 0 0 11
1 0 0 11
1 0 0 11
1 0 0 11
1 0 0 12
1 0 0 12
1 0 0 13
1 0 0 13
1 0 0 13
1 0 0 13
1 0 0 13
1 0 0 13
1 0 0 13
1 0 0 13
1 0 0 13
1 0 0 13
1 0 0 13
1 0 0 13
1 0 0 13
1 0 0 13
1 0 0 13
1 0 0 13
1 0 0 13
1 0 0 13
1 0 0 13
1 0 0 13
1 0 0 12
1 0 0 12
1 0 0 12
1 0 0 12
1 0 0 14
1 0 0 15
1 0 0 15
1 0 0 15
1 0 0 15
1 0 0 15
1 0 0 15
1 0 0 15
1 0 0 15
1 0 0 15
1 0 0 15
1 0 0 15
1 0 0 15
1 0 0 15
1 0 0 15
1 0 0 15
1 0 0 15
1 0 0 15
1 0 0 15
1 0 0 15
1 0 0 15
1 0 0 14
1 0 0 16
1 0 0 16
1 0 0 16
1 0 0 16
1 0 0 16
1 0 0 16
1 0 0 16
1 0 0 16
1 0 0 16
1 0 0 16
1 0 0 16
1 0 0 16
1 0 0 16
1 0 0 16
1 0 0 16
1 0 0 16
1 0 0 16
1 0 0 16
1 0 0 16
1 0 0 16
1 0 0 14
1 0 0 14
1 0 0 14
1 0 0 14
1 0 0 14
1 0 0 14
1 0 0 14
1 0 0 14
1 0 0 14
1 0 0 14
1 0 0 14
1 0 0 14
1 0 0 14
1 0 0 14
1 0 0 14
1 0 0 14
1 0 0 14
1 0 0 14
1 0 0 17
1 0 0 17
1 0 0 17
1 0 0 17
1 0 0 17
1 0 0 17
1 0 0 17
1 0 0 17
1 0 0 17
1 0 0 17
1 0 0 17
1 0 0 17
1 0 0 17
1 0 0 18
1 0 0 18
1 0 0 18
1 0 0 18
1 0 0 18
1 0 0 18
1 0 0 18
1 0 0 18
1 0 0 18
1 0 0 18
1 0 0 18
1 0 0 18
1 0 0 18
1 0 0 18
1 0 0 18
1 0 0 18
1 0 0 18
1 0 0 18
1 0 0 18
1 0 0 18
1 0 0 17
1 0 0 17
1 0 0 17
1 0 0 17
1 0 0 17
1 0 0 17
1 0 0 17
1 0 0 12
1 0 0 12
1 0 0 12
1 0 0 12
1 0 0 12
1 0 0 12
1 0 0 12
1 0 0 12
1 0 0 12
1 0 0 12
1 0 0 12
1 0 0 12
1 0 0 12
1 0 0 12
1 0 0 19
1 0 0 19
1 0 0 19
1 0 0 19
1 0 0 19
1 0 0 19
1 0 0 19
1 0 0 19
1 0 0 19
1 0 0 19
1 0 0 19
1 0 0 19
1 0 0 19
1 0 0 19
1 0 0 19
1 0 0 19
1 0 0 19
1 0 0 19
1 0 0 19
1 0 0 20
1 0 0 20
1 0 0 20
1 0 0 20
1 0 0 20
1 0 0 20
1 0 0 20
1 0 0 19
1 0 0 20
1 0 0 20
1 0 0 20
1 0 0 20
1 0 0 20
1 0 0 20
1 0 0 20
1 0 0 20
1 0 0 20
1 0 0 20
1 0 0 20
1 0 0 20
1 0 0 20
1 0 0 21
1 0 0 21
1 0 0 21
1 0 0 21
1 0 0 21
1 0 0 21
1 0 0 21
1 0 0 22
1 0 0 22
1 0 0 22
1 0 0 22
1 0 0 22
1 0 0 22
1 0 0 22
1 0 0 22
1 0 0 22
1 0 0 22
1 0 0 22
1 0 0 22
1 0 0 22
1 0 0 22
1 0 0 22
1 0 0 22
1 0 0 22
1 0 0 22
1 0 0 22
1 0 0 22
1 0 0 21
1 0 0 21
1 0 0 21
1 0 0 21
1 0 0 21
1 0 0 21
1 0 0 21
1 0 0 21
1 0 0 21
1 0 0 21
1 0 0 21
1 0 0 21
1 0 0 21
1 0 0 23
1 0 0 23
1 0 0 23
1 0 0 23
1 0 0 23
1 0 0 23
1 0 0 23
1 0 0 23
1 0 0 23
1 0 0 23
1 0 0 23
1 0 0 23
1 0 0 23
1 0 0 24
1 0 0 24
1 0 0 24
1 0 0 25
1 0 0 25
1 0 0 25
1 0 0 25
1 0 0 25
1 0 0 25
1 0 0 25
1 0 0 25
1 0 0 25
1 0 0 25
1 0 0 25
1 0 0 25
1 0 0 25
1 0 0 25
1 0 0 25
1 0 0 25
1 0 0 25
1 0 0 25
1 0 0 25
1 0 0 25
1 0 0 24
1 0 0 24
1 0 0 24
1 0 0 24
1 0 0 24
1 0 0 24
1 0 0 24
1 0 0 24
1 0 0 24
1 0 0 24
1 0 0 24
1 0 0 24
1 0 0 24
1 0 0 24
1 0 0 24
1 0 0 24
1 0 0 24
1 0 0 26
1 0 0 26
1 0 0 26
1 0 0 26
1 0 0 26
1 0 0 26
1 0 0 26
1 0 0 26
1 0 0 26
1 0 0 27
1 0 0 27
1 0 0 27
1 0 0 27
1 0 0 27
1 0 0 27
1 0 0 27
1 0 0 27
1 0 0 27
1 0 0 27
1 0 0 27
1 0 0 27
1 0 0 27
1 0 0 27
1 0 0 27
1 0 0 27
1 0 0 27
1 0 0 27
1 0 0 27
1 0 0 27
1 0 0 26
1 0 0 26
1 0 0 26
1 0 0 26
1 0 0 26
1 0 0 26
1 0 0 26
1 0 0 26
1 0 0 26
1 0 0 26
1 0 0 26
1 0 0 28
1 0 0 28
1 0 0 28
1 0 0 28
1 0 0 28
1 0 0 28
1 0 0 28
1 0 0 28
1 0 0 28
1 0 0 28
1 0 0 28
1 0 0 28
1 0 0 28
1 0 0 28
1 0 0 28
1 0 0 28
1 0 0 28
1 0 0 28
1 0 0 28
1 0 0 28
1 0 0 29
1 0 0 29
1 0 0 29
1 0 0 29
1 0 0 29
1 0 0 29
1 0 0 29
1 0 0 29
1 0 0 29
1 0 0 29
1 0 0 29
1 0 0 29
1 0 0 29
1 0 0 29
1 0 0 29
1 0 0 29
1 0 0 29
1 0 0 29
1 0 0 29
1 0 0 29
1 0 0 30
1 0 0 30
1 0 0 31
1 0 0 31
1 0 0 31
1 0 0 31
1 0 0 31
1 0 0 31
1 0 0 31
1 0 0 31
1 0 0 31
1 0 0 31
1 0 0 31
1 0 0 31
1 0 0 31
1 0 0 31
1 0 0 31
1 0 0 31
1 0 0 31
1 0 0 31
1 0 0 31
1 0 0 31
1 0 0 32
1 0 0 32
1 0 0 32
1 0 0 32
1 0 0 32
1 0 0 32
1 0 0 32
1 0 0 32
1 0 0 32
1 0 0 32
1 0 0 32
1 0 0 32
1 0 0 32
1 0 0 32
1 0 0 32
1 0 0 32
1 0 0 32
1 0 0 32
1 0 0 32
1 0 0 32
1 0 0 33
1 0 0 33
1 0 0 33
1 0 0 33
1 0 0 33
1 0 0 33
1 0 0 33
1 0 0 33
1 0 0 33
1 0 0 33
1 0 0 33
1 0 0 33
1 0 0 33
1 0 0 33
1 0 0 33
1 0 0 33
1 0 0 33
1 0 0 33
1 0 0 33
1 0 0 33
1 0 0 30
1 0 0 30
1 0 0 30
1 0 0 30
1 0 0 30
1 0 0 30
1 0 0 30
1 0 0 30
1 0 0 30
1 0 0 34
1 0 0 35
1 0 0 35
1 0 0 35
1 0 0 35
1 0 0 35
1 0 0 35
1 0 0 35
1 0 0 35
1 0 0 35
1 0 0 35
1 0 0 35
1 0 0 35
1 0 0 35
1 0 0 35
1 0 0 35
1 0 0 35
1 0 0 35
1 0 0 35
1 0 0 35
1 0 0 35
1 0 0 34
1 0 0 34
1 0 0 34
1 0 0 34
1 0 0 34
1 0 0 34
1 0 0 34
1 0 0 34
1 0 0 34
1 0 0 34
1 0 0 34
1 0 0 34
1 0 0 34
1 0 0 34
1 0 0 34
1 0 0 34
1 0 0 34
1 0 0 34
1 0 0 34
1 0 0 30
1 0 0 30
1 0 0 30
1 0 0 30
1 0 0 30
1 0 0 36
1 0 0 36
1 0 0 36
1 0 0 36
1 0 0 36
1 0 0 36
1 0 0 36
1 0 0 36
1 0 0 36
1 0 0 36
1 0 0 36
1 0 0 36
1 0 0 36
1 0 0 36
1 0 0 36
1 0 0 36
1 0 0 36
1 0 0 36
1 0 0 36
1 0 0 36
1 0 0 30
1 0 0 30
1 0 0 30
1 0 0 30
1 0 0 37
1 0 0 37
1 0 0 37
1 0 0 37
1 0 0 37
1 0 0 37
1 0 0 37
1 0 0 37
1 0 0 37
1 0 0 37
1 0 0 37
1 0 0 37
1 0 0 37
1 0 0 37
1 0 0 37
1 0 0 37
1 0 0 38
1 0 0 38
1 0 0 38
1 0 0 38
1 0 0 38
1 0 0 38
1 0 0 38
1 0 0 38
1 0 0 38
1 0 0 38
1 0 0 38
1 0 0 38
1 0 0 38
1 0 0 38
1 0 0 38
1 0 0 38
1 0 0 38
1 0 0 38
1 0 0 38
1 0 0 38
1 0 0 37
1 0 0 37
1 0 0 39
1 0 0 39
1 0 0 39
1 0 0 39
1 0 0 39
1 0 0 39
1 0 0 39
1 0 0 39
1 0 0 39
1 0 0 39
1 0 0 39
1 0 0 39
1 0 0 39
1 0 0 39
1 0 0 39
1 0 0 39
1 0 0 39
1 0 0 39
1 0 0 39
1 0 0 39
1 0 0 40
1 0 0 40
1 0 0 40
1 0 0 40
1 0 0 40
1 0 0 40
1 0 0 40
1 0 0 40
1 0 0 40
1 0 0 40
1 0 0 40
1 0 0 40
1 0 0 40
1 0 0 40
1 0 0 40
1 0 0 40
1 0 0 40
1 0 0 40
1 0 0 40
1 0 0 40
1 0 0 37
1 0 0 37
1 0 0 41
1 0 0 41
1 0 0 41
1 0 0 41
1 0 0 41
1 0 0 41
1 0 0 41
1 0 0 41
1 0 0 41
1 0 0 41
1 0 0 41
1 0 0 41
1 0 0 41
1 0 0 41
1 0 0 41
1 0 0 41
1 0 0 41
1 0 0 41
1 0 0 41
1 0 0 41
1 0 0 42
1 0 0 42
1 0 0 42
1 0 0 42
1 0 0 42
1 0 0 42
1 0 0 42
1 0 0 42
1 0 0 42
1 0 0 42
1 0 0 42
1 0 0 42
1 0 0 42
1 0 0 42
1 0 0 42
1 0 0 42
1 0 0 42
1 0 0 42
1 0 0 42
1 0 0 42
1 0 0 43
1 0 0 43
1 0 0 43
1 0 0 43
1 0 0 44
1 0 0 44
1 0 0 44
1 0 0 44
1 0 0 44
1 0 0 44
1 0 0 44
1 0 0 44
1 0 0 44
1 0 0 44
1 0 0 44
1 0 0 44
1 0 0 44
1 0 0 44
1 0 0 44
1 0 0 44
1 0 0 44
1 0 0 44
1 0 0 44
1 0 0 44
1 0 0 43
1 0 0 43
1 0 0 43
1 0 0 43
1 0 0 43
1 0 0 43
1 0 0 43
1 0 0 43
1 0 0 43
1 0 0 43
1 0 0 43
1 0 0 43
1 0 0 43
1 0 0 43
1 0 0 43
1 0 0 43
1 0 0 23
1 0 0 23
1 0 0 23
1 0 0 23
1 0 0 23
1 0 0 23
1 0 0 23
0.1 1 2 -1
0.1 881 3 -1
0.1 7 8 -1
0.1 12 13 -1
0.1 14 15 -1
0.1 884 885 -1
0.1 17 18 -1
0.1 19 20 -1
0.1 22 23 -1
0.1 21 889 -1
0.1 888 890 -1
0.1 887 891 -1
0.1 16 892 -1
0.1 886 893 -1
0.1 11 894 -1
0.1 10 895 -1
0.1 9 896 -1
0.1 897 24 -1
0.1 898 25 -1
0.1 883 899 -1
0.1 6 900 -1
0.1 5 901 -1
0.1 4 902 -1
0.1 882 903 -1
0.1 27 28 -1
0.1 905 29 -1
0.1 26 906 -1
0.1 31 32 -1
0.1 30 908 -1
0.1 33 34 -1
0.1 37 38 -1
0.1 36 911 -1
0.1 35 912 -1
0.1 39 40 -1
0.1 913 914 -1
0.1 910 915 -1
0.1 909 916 -1
0.1 907 917 -1
0.1 904 918 -1
0.1 43 44 -1
0.1 42 920 -1
0.1 41 921 -1
0.1 46 47 -1
0.1 45 923 -1
0.1 49 50 -1
0.1 48 925 -1
0.1 924 926 -1
0.1 922 927 -1
0.1 52 53 -1
0.1 51 929 -1
0.1 55 56 -1
0.1 54 931 -1
0.1 57 58 -1
0.1 932 933 -1
0.1 59 60 -1
0.1 934 935 -1
0.1 930 936 -1
0.1 928 937 -1
0.1 919 938 -1
0.1 63 64 -1
0.1 62 940 -1
0.1 61 941 -1
0.1 942 65 -1
0.1 67 68 -1
0.1 66 944 -1
0.1 71 72 -1
0.1 70 946 -1
0.1 947 73 -1
0.1 69 948 -1
0.1 945 949 -1
0.1 74 75 -1
0.1 950 951 -1
0.1 77 78 -1
0.1 953 79 -1
0.1 76 954 -1
0.1 952 955 -1
0.1 956 80 -1
0.1 85 86 -1
0.1 84 958 -1
0.1 83 959 -1
0.1 82 960 -1
0.1 81 961 -1
0.1 87 88 -1
0.1 91 92 -1
0.1 90 964 -1
0.1 93 94 -1
0.1 965 966 -1
0.1 95 96 -1
0.1 98 99 -1
0.1 97 969 -1
0.1 968 970 -1
0.1 101 102 -1
0.1 100 972 -1
0.1 971 973 -1
0.1 106 107 -1
0.1 105 975 -1
0.1 104 976 -1
0.1 103 977 -1
0.1 108 109 -1
0.1 978 979 -1
0.1 974 980 -1
0.1 967 981 -1
0.1 110 111 -1
0.1 112 113 -1
0.1 984 114 -1
0.1 985 115 -1
0.1 983 986 -1
0.1 117 118 -1
0.1 116 988 -1
0.1 121 122 -1
0.1 120 990 -1
0.1 991 123 -1
0.1 119 992 -1
0.1 989 993 -1
0.1 125 126 -1
0.1 124 995 -1
0.1 127 128 -1
0.1 997 129 -1
0.1 996 998 -1
0.1 994 999 -1
0.1 987 1000 -1
0.1 982 1001 -1
0.1 1002 130 -1
0.1 89 1003 -1
0.1 131 132 -1
0.1 136 137 -1
0.1 135 1006 -1
0.1 138 139 -1
0.1 1007 1008 -1
0.1 134 1009 -1
0.1 133 1010 -1
0.1 1005 1011 -1
0.1 141 142 -1
0.1 140 1013 -1
0.1 145 146 -1
0.1 1015 147 -1
0.1 144 1016 -1
0.1 143 1017 -1
0.1 1014 1018 -1
0.1 148 149 -1
0.1 1020 150 -1
0.1 1019 1021 -1
0.1 1012 1022 -1
0.1 1004 1023 -1
0.1 151 152 -1
0.1 153 154 -1
0.1 1025 1026 -1
0.1 1027 155 -1
0.1 1024 1028 -1
0.1 963 1029 -1
0.1 962 1030 -1
0.1 160 161 -1
0.1 159 1032 -1
0.1 162 163 -1
0.1 164 165 -1
0.1 1035 166 -1
0.1 1034 1036 -1
0.1 1033 1037 -1
0.1 167 168 -1
0.1 1039 169 -1
0.1 1038 1040 -1
0.1 173 174 -1
0.1 172 1042 -1
0.1 1043 175 -1
0.1 176 177 -1
0.1 1044 1045 -1
0.1 171 1046 -1
0.1 170 1047 -1
0.1 1048 178 -1
0.1 1041 1049 -1
0.1 158 1050 -1
0.1 157 1051 -1
0.1 156 1052 -1
0.1 1053 179 -1
0.1 181 182 -1
0.1 184 185 -1
0.1 183 1056 -1
0.1 187 188 -1
0.1 186 1058 -1
0.1 1057 1059 -1
0.1 189 190 -1
0.1 1060 1061 -1
0.1 1062 191 -1
0.1 1055 1063 -1
0.1 194 195 -1
0.1 193 1065 -1
0.1 1066 196 -1
0.1 192 1067 -1
0.1 198 199 -1
0.1 197 1069 -1
0.1 1068 1070 -1
0.1 1064 1071 -1
0.1 1072 200 -1
0.1 180 1073 -1
0.1 1054 1074 -1
0.1 1031 1075 -1
0.1 957 1076 -1
0.1 943 1077 -1
0.1 201 202 -1
0.1 1079 203 -1
0.1 204 205 -1
0.1 207 208 -1
0.1 1082 209 -1
0.1 210 211 -1
0.1 1084 212 -1
0.1 1083 1085 -1
0.1 206 1086 -1
0.1 1081 1087 -1
0.1 216 217 -1
0.1 215 1089 -1
0.1 218 219 -1
0.1 1090 1091 -1
0.1 214 1092 -1
0.1 213 1093 -1
0.1 221 222 -1
0.1 224 225 -1
0.1 223 1096 -1
0.1 227 228 -1
0.1 229 230 -1
0.1 233 234 -1
0.1 232 1100 -1
0.1 1101 235 -1
0.1 1102 236 -1
0.1 231 1103 -1
0.1 1099 1104 -1
0.1 237 238 -1
0.1 1106 239 -1
0.1 1105 1107 -1
0.1 1098 1108 -1
0.1 241 242 -1
0.1 240 1110 -1
0.1 1109 1111 -1
0.1 226 1112 -1
0.1 1097 1113 -1
0.1 244 245 -1
0.1 1115 246 -1
0.1 243 1116 -1
0.1 1114 1117 -1
0.1 1095 1118 -1
0.1 248 249 -1
0.1 250 251 -1
0.1 1121 252 -1
0.1 255 256 -1
0.1 254 1123 -1
0.1 257 258 -1
0.1 1124 1125 -1
0.1 260 261 -1
0.1 259 1127 -1
0.1 1126 1128 -1
0.1 262 263 -1
0.1 1129 1130 -1
0.1 264 265 -1
0.1 266 267 -1
0.1 1132 1133 -1
0.1 1131 1134 -1
0.1 253 1135 -1
0.1 1122 1136 -1
0.1 1120 1137 -1
0.1 247 1138 -1
0.1 270 271 -1
0.1 269 1140 -1
0.1 272 273 -1
0.1 275 276 -1
0.1 274 1143 -1
0.1 277 278 -1
0.1 281 282 -1
0.1 280 1146 -1
0.1 279 1147 -1
0.1 1145 1148 -1
0.1 1144 1149 -1
0.1 284 285 -1
0.1 283 1151 -1
0.1 1150 1152 -1
0.1 1142 1153 -1
0.1 1141 1154 -1
0.1 286 287 -1
0.1 1156 288 -1
0.1 1155 1157 -1
0.1 268 1158 -1
0.1 290 291 -1
0.1 292 293 -1
0.1 1160 1161 -1
0.1 289 1162 -1
0.1 1163 294 -1
0.1 295 296 -1
0.1 298 299 -1
0.1 297 1166 -1
0.1 300 301 -1
0.1 303 304 -1
0.1 305 306 -1
0.1 1169 1170 -1
0.1 302 1171 -1
0.1 1168 1172 -1
0.1 1167 1173 -1
0.1 1165 1174 -1
0.1 1164 1175 -1
0.1 1159 1176 -1
0.1 1139 1177 -1
0.1 307 308 -1
0.1 310 311 -1
0.1 309 1180 -1
0.1 1179 1181 -1
0.1 313 314 -1
0.1 312 1183 -1
0.1 1182 1184 -1
0.1 317 318 -1
0.1 316 1186 -1
0.1 315 1187 -1
0.1 1185 1188 -1
0.1 327 328 -1
0.1 1190 329 -1
0.1 326 1191 -1
0.1 325 1192 -1
0.1 331 332 -1
0.1 330 1194 -1
0.1 334 335 -1
0.1 333 1196 -1
0.1 1195 1197 -1
0.1 336 337 -1
0.1 1198 1199 -1
0.1 1193 1200 -1
0.1 324 1201 -1
0.1 323 1202 -1
0.1 322 1203 -1
0.1 338 339 -1
0.1 1204 1205 -1
0.1 321 1206 -1
0.1 320 1207 -1
0.1 319 1208 -1
0.1 340 341 -1
0.1 1209 1210 -1
0.1 342 343 -1
0.1 1211 1212 -1
0.1 345 346 -1
0.1 344 1214 -1
0.1 1213 1215 -1
0.1 1189 1216 -1
0.1 1178 1217 -1
0.1 348 349 -1
0.1 351 352 -1
0.1 353 354 -1
0.1 1220 1221 -1
0.1 355 356 -1
0.1 1222 1223 -1
0.1 350 1224 -1
0.1 1219 1225 -1
0.1 347 1226 -1
0.1 357 358 -1
0.1 359 360 -1
0.1 1228 1229 -1
0.1 1227 1230 -1
0.1 1218 1231 -1
0.1 1119 1232 -1
0.1 220 1233 -1
0.1 1094 1234 -1
0.1 1088 1235 -1
0.1 1080 1236 -1
0.1 1078 1237 -1
0.1 939 1238 -1
0.1 361 362 -1
0.1 1240 363 -1
0.1 367 368 -1
0.1 1242 369 -1
0.1 366 1243 -1
0.1 365 1244 -1
0.1 370 371 -1
0.1 373 374 -1
0.1 372 1247 -1
0.1 1246 1248 -1
0.1 1245 1249 -1
0.1 364 1250 -1
0.1 378 379 -1
0.1 377 1252 -1
0.1 376 1253 -1
0.1 375 1254 -1
0.1 1251 1255 -1
0.1 1241 1256 -1
0.1 381 382 -1
0.1 383 384 -1
0.1 1258 1259 -1
0.1 385 386 -1
0.1 1260 1261 -1
0.1 380 1262 -1
0.1 388 389 -1
0.1 1264 390 -1
0.1 391 392 -1
0.1 1266 393 -1
0.1 1265 1267 -1
0.1 1268 394 -1
0.1 396 397 -1
0.1 395 1270 -1
0.1 1271 398 -1
0.1 1272 399 -1
0.1 1273 400 -1
0.1 1269 1274 -1
0.1 387 1275 -1
0.1 1263 1276 -1
0.1 1257 1277 -1
0.1 1239 1278 -1
0.1 402 403 -1
0.1 1280 404 -1
0.1 401 1281 -1
0.1 406 407 -1
0.1 405 1283 -1
0.1 409 410 -1
0.1 411 412 -1
0.1 1285 1286 -1
0.1 414 415 -1
0.1 413 1288 -1
0.1 417 418 -1
0.1 416 1290 -1
0.1 419 420 -1
0.1 424 425 -1
0.1 423 1293 -1
0.1 422 1294 -1
0.1 421 1295 -1
0.1 1292 1296 -1
0.1 426 427 -1
0.1 1297 1298 -1
0.1 1291 1299 -1
0.1 1289 1300 -1
0.1 1287 1301 -1
0.1 408 1302 -1
0.1 428 429 -1
0.1 431 432 -1
0.1 430 1305 -1
0.1 1304 1306 -1
0.1 433 434 -1
0.1 1307 1308 -1
0.1 1303 1309 -1
0.1 436 437 -1
0.1 435 1311 -1
0.1 1312 438 -1
0.1 1310 1313 -1
0.1 1284 1314 -1
0.1 1282 1315 -1
0.1 439 440 -1
0.1 1316 1317 -1
0.1 441 442 -1
0.1 1319 443 -1
0.1 444 445 -1
0.1 1320 1321 -1
0.1 446 447 -1
0.1 451 452 -1
0.1 450 1324 -1
0.1 449 1325 -1
0.1 448 1326 -1
0.1 1323 1327 -1
0.1 1328 453 -1
0.1 457 458 -1
0.1 459 460 -1
0.1 461 462 -1
0.1 463 464 -1
0.1 1332 1333 -1
0.1 1331 1334 -1
0.1 467 468 -1
0.1 466 1336 -1
0.1 465 1337 -1
0.1 1335 1338 -1
0.1 1330 1339 -1
0.1 469 470 -1
0.1 471 472 -1
0.1 1341 1342 -1
0.1 473 474 -1
0.1 1343 1344 -1
0.1 475 476 -1
0.1 1345 1346 -1
0.1 1340 1347 -1
0.1 456 1348 -1
0.1 455 1349 -1
0.1 454 1350 -1
0.1 477 478 -1
0.1 479 480 -1
0.1 1352 1353 -1
0.1 481 482 -1
0.1 1355 483 -1
0.1 1356 484 -1
0.1 1354 1357 -1
0.1 486 487 -1
0.1 485 1359 -1
0.1 489 490 -1
0.1 488 1361 -1
0.1 1362 491 -1
0.1 492 493 -1
0.1 494 495 -1
0.1 496 497 -1
0.1 499 500 -1
0.1 498 1367 -1
0.1 1366 1368 -1
0.1 501 502 -1
0.1 503 504 -1
0.1 506 507 -1
0.1 505 1372 -1
0.1 509 510 -1
0.1 1374 511 -1
0.1 508 1375 -1
0.1 1373 1376 -1
0.1 512 513 -1
0.1 1377 1378 -1
0.1 514 515 -1
0.1 516 517 -1
0.1 519 520 -1
0.1 1382 521 -1
0.1 1383 522 -1
0.1 518 1384 -1
0.1 1381 1385 -1
0.1 1380 1386 -1
0.1 1379 1387 -1
0.1 1371 1388 -1
0.1 1370 1389 -1
0.1 524 525 -1
0.1 523 1391 -1
0.1 1390 1392 -1
0.1 526 527 -1
0.1 1393 1394 -1
0.1 1369 1395 -1
0.1 1365 1396 -1
0.1 528 529 -1
0.1 534 535 -1
0.1 1399 536 -1
0.1 1400 537 -1
0.1 539 540 -1
0.1 538 1402 -1
0.1 541 542 -1
0.1 1404 543 -1
0.1 1403 1405 -1
0.1 1401 1406 -1
0.1 544 545 -1
0.1 547 548 -1
0.1 546 1409 -1
0.1 551 552 -1
0.1 550 1411 -1
0.1 1412 553 -1
0.1 549 1413 -1
0.1 1410 1414 -1
0.1 1408 1415 -1
0.1 1407 1416 -1
0.1 533 1417 -1
0.1 532 1418 -1
0.1 531 1419 -1
0.1 530 1420 -1
0.1 1398 1421 -1
0.1 1397 1422 -1
0.1 1364 1423 -1
0.1 1363 1424 -1
0.1 1360 1425 -1
0.1 1358 1426 -1
0.1 1351 1427 -1
0.1 1329 1428 -1
0.1 1322 1429 -1
0.1 1318 1430 -1
0.1 555 556 -1
0.1 554 1432 -1
0.1 557 558 -1
0.1 559 560 -1
0.1 1435 561 -1
0.1 1434 1436 -1
0.1 1433 1437 -1
0.1 563 564 -1
0.1 1439 565 -1
0.1 562 1440 -1
0.1 566 567 -1
0.1 1441 1442 -1
0.1 568 569 -1
0.1 572 573 -1
0.1 571 1445 -1
0.1 570 1446 -1
0.1 1444 1447 -1
0.1 1443 1448 -1
0.1 1438 1449 -1
0.1 1431 1450 -1
0.1 574 575 -1
0.1 578 579 -1
0.1 577 1453 -1
0.1 576 1454 -1
0.1 580 581 -1
0.1 583 584 -1
0.1 582 1457 -1
0.1 1456 1458 -1
0.1 587 588 -1
0.1 586 1460 -1
0.1 585 1461 -1
0.1 1459 1462 -1
0.1 1455 1463 -1
0.1 590 591 -1
0.1 589 1465 -1
0.1 592 593 -1
0.1 594 595 -1
0.1 1467 1468 -1
0.1 1466 1469 -1
0.1 1464 1470 -1
0.1 1452 1471 -1
0.1 596 597 -1
0.1 599 600 -1
0.1 601 602 -1
0.1 1474 1475 -1
0.1 598 1476 -1
0.1 603 604 -1
0.1 606 607 -1
0.1 605 1479 -1
0.1 1478 1480 -1
0.1 608 609 -1
0.1 1481 1482 -1
0.1 1477 1483 -1
0.1 1473 1484 -1
0.1 611 612 -1
0.1 610 1486 -1
0.1 614 615 -1
0.1 613 1488 -1
0.1 1487 1489 -1
0.1 616 617 -1
0.1 618 619 -1
0.1 1491 1492 -1
0.1 625 626 -1
0.1 624 1494 -1
0.1 623 1495 -1
0.1 628 629 -1
0.1 627 1497 -1
0.1 1496 1498 -1
0.1 630 631 -1
0.1 634 635 -1
0.1 633 1501 -1
0.1 632 1502 -1
0.1 1500 1503 -1
0.1 1499 1504 -1
0.1 622 1505 -1
0.1 621 1506 -1
0.1 620 1507 -1
0.1 1493 1508 -1
0.1 1490 1509 -1
0.1 1485 1510 -1
0.1 636 637 -1
0.1 639 640 -1
0.1 638 1513 -1
0.1 1512 1514 -1
0.1 642 643 -1
0.1 641 1516 -1
0.1 1515 1517 -1
0.1 1511 1518 -1
0.1 1472 1519 -1
0.1 649 650 -1
0.1 648 1521 -1
0.1 647 1522 -1
0.1 1523 651 -1
0.1 1524 652 -1
0.1 646 1525 -1
0.1 655 656 -1
0.1 1527 657 -1
0.1 654 1528 -1
0.1 653 1529 -1
0.1 659 660 -1
0.1 658 1531 -1
0.1 661 662 -1
0.1 1532 1533 -1
0.1 664 665 -1
0.1 663 1535 -1
0.1 1534 1536 -1
0.1 1530 1537 -1
0.1 1526 1538 -1
0.1 666 667 -1
0.1 668 669 -1
0.1 671 672 -1
0.1 670 1542 -1
0.1 1541 1543 -1
0.1 1540 1544 -1
0.1 673 674 -1
0.1 1546 675 -1
0.1 1545 1547 -1
0.1 677 678 -1
0.1 676 1549 -1
0.1 681 682 -1
0.1 680 1551 -1
0.1 679 1552 -1
0.1 1550 1553 -1
0.1 683 684 -1
0.1 1554 1555 -1
0.1 1548 1556 -1
0.1 1539 1557 -1
0.1 645 1558 -1
0.1 644 1559 -1
0.1 686 687 -1
0.1 685 1561 -1
0.1 1562 688 -1
0.1 692 693 -1
0.1 691 1564 -1
0.1 694 695 -1
0.1 1566 696 -1
0.1 1565 1567 -1
0.1 1568 697 -1
0.1 690 1569 -1
0.1 699 700 -1
0.1 698 1571 -1
0.1 1570 1572 -1
0.1 703 704 -1
0.1 705 706 -1
0.1 1574 1575 -1
0.1 702 1576 -1
0.1 701 1577 -1
0.1 1573 1578 -1
0.1 708 709 -1
0.1 707 1580 -1
0.1 1579 1581 -1
0.1 689 1582 -1
0.1 710 711 -1
0.1 712 713 -1
0.1 1584 1585 -1
0.1 1583 1586 -1
0.1 1563 1587 -1
0.1 1560 1588 -1
0.1 1520 1589 -1
0.1 714 715 -1
0.1 1591 716 -1
0.1 718 719 -1
0.1 717 1593 -1
0.1 1592 1594 -1
0.1 720 721 -1
0.1 1595 1596 -1
0.1 722 723 -1
0.1 724 725 -1
0.1 1598 1599 -1
0.1 1597 1600 -1
0.1 1590 1601 -1
0.1 728 729 -1
0.1 727 1603 -1
0.1 726 1604 -1
0.1 730 731 -1
0.1 732 733 -1
0.1 734 735 -1
0.1 1607 1608 -1
0.1 1606 1609 -1
0.1 736 737 -1
0.1 1611 738 -1
0.1 741 742 -1
0.1 740 1613 -1
0.1 739 1614 -1
0.1 743 744 -1
0.1 745 746 -1
0.1 1616 1617 -1
0.1 1618 747 -1
0.1 748 749 -1
0.1 1619 1620 -1
0.1 1615 1621 -1
0.1 1612 1622 -1
0.1 1610 1623 -1
0.1 1605 1624 -1
0.1 1602 1625 -1
0.1 753 754 -1
0.1 752 1627 -1
0.1 758 759 -1
0.1 757 1629 -1
0.1 756 1630 -1
0.1 755 1631 -1
0.1 1632 760 -1
0.1 761 762 -1
0.1 1633 1634 -1
0.1 765 766 -1
0.1 764 1636 -1
0.1 763 1637 -1
0.1 1635 1638 -1
0.1 1628 1639 -1
0.1 770 771 -1
0.1 769 1641 -1
0.1 768 1642 -1
0.1 767 1643 -1
0.1 773 774 -1
0.1 772 1645 -1
0.1 775 776 -1
0.1 777 778 -1
0.1 1647 1648 -1
0.1 1649 779 -1
0.1 780 781 -1
0.1 782 783 -1
0.1 1651 1652 -1
0.1 784 785 -1
0.1 787 788 -1
0.1 786 1655 -1
0.1 789 790 -1
0.1 1657 791 -1
0.1 1656 1658 -1
0.1 1654 1659 -1
0.1 1653 1660 -1
0.1 1650 1661 -1
0.1 1646 1662 -1
0.1 1644 1663 -1
0.1 792 793 -1
0.1 1664 1665 -1
0.1 1640 1666 -1
0.1 751 1667 -1
0.1 750 1668 -1
0.1 1626 1669 -1
0.1 795 796 -1
0.1 799 800 -1
0.1 798 1672 -1
0.1 797 1673 -1
0.1 1671 1674 -1
0.1 801 802 -1
0.1 1675 1676 -1
0.1 805 806 -1
0.1 804 1678 -1
0.1 803 1679 -1
0.1 1677 1680 -1
0.1 808 809 -1
0.1 811 812 -1
0.1 1683 813 -1
0.1 810 1684 -1
0.1 1682 1685 -1
0.1 807 1686 -1
0.1 1681 1687 -1
0.1 794 1688 -1
0.1 815 816 -1
0.1 814 1690 -1
0.1 818 819 -1
0.1 817 1692 -1
0.1 821 822 -1
0.1 820 1694 -1
0.1 1693 1695 -1
0.1 1691 1696 -1
0.1 823 824 -1
0.1 1698 825 -1
0.1 826 827 -1
0.1 828 829 -1
0.1 830 831 -1
0.1 1701 1702 -1
0.1 1700 1703 -1
0.1 1699 1704 -1
0.1 835 836 -1
0.1 1706 837 -1
0.1 834 1707 -1
0.1 838 839 -1
0.1 840 841 -1
0.1 1709 1710 -1
0.1 843 844 -1
0.1 842 1712 -1
0.1 845 846 -1
0.1 847 848 -1
0.1 849 850 -1
0.1 851 852 -1
0.1 1716 1717 -1
0.1 1715 1718 -1
0.1 1714 1719 -1
0.1 1713 1720 -1
0.1 853 854 -1
0.1 855 856 -1
0.1 1723 857 -1
0.1 1722 1724 -1
0.1 1721 1725 -1
0.1 1711 1726 -1
0.1 1708 1727 -1
0.1 858 859 -1
0.1 1729 860 -1
0.1 862 863 -1
0.1 861 1731 -1
0.1 1730 1732 -1
0.1 866 867 -1
0.1 865 1734 -1
0.1 1735 868 -1
0.1 864 1736 -1
0.1 872 873 -1
0.1 871 1738 -1
0.1 870 1739 -1
0.1 869 1740 -1
0.1 1737 1741 -1
0.1 1733 1742 -1
0.1 1728 1743 -1
0.1 833 1744 -1
0.1 832 1745 -1
0.1 1705 1746 -1
0.1 1697 1747 -1
0.1 1689 1748 -1
0.1 1670 1749 -1
0.1 874 875 -1
0.1 1750 1751 -1
0.1 876 877 -1
0.1 879 880 -1
0.1 878 1754 -1
0.1 1753 1755 -1
0.1 1752 1756 -1
0.1 1451 1757 -1
0.1 1279 1758 -1
