1 0 0 1
1 0 0 1
1 0 0 2
1 0 0 2
1 0 0 2
1 0 0 2
1 0 0 2
1 0 0 2
1 0 0 2
1 0 0 2
1 0 0 2
1 0 0 2
1 0 0 1
1 0 0 3
1 0 0 3
1 0 0 3
1 0 0 3
1 0 0 3
1 0 0 3
1 0 0 3
1 0 0 3
1 0 0 3
1 0 0 3
1 0 0 4
1 0 0 4
1 0 0 4
1 0 0 4
1 0 0 4
1 0 0 4
1 0 0 4
1 0 0 4
1 0 0 4
1 0 0 4
1 0 0 5
1 0 0 5
1 0 0 6
1 0 0 6
1 0 0 6
1 0 0 6
1 0 0 6
1 0 0 6
1 0 0 6
1 0 0 6
1 0 0 6
1 0 0 6
1 0 0 5
1 0 0 5
1 0 0 5
1 0 0 5
1 0 0 5
1 0 0 5
1 0 0 5
1 0 0 5
1 0 0 1
1 0 0 1
1 0 0 1
1 0 0 1
1 0 0 1
1 0 0 7
1 0 0 7
1 0 0 7
1 0 0 7
1 0 0 7
1 0 0 7
1 0 0 7
1 0 0 7
1 0 0 7
1 0 0 7
1 0 0 8
1 0 0 8
1 0 0 8
1 0 0 8
1 0 0 8
1 0 0 8
1 0 0 8
1 0 0 8
1 0 0 9
1 0 0 9
1 0 0 9
1 0 0 9
1 0 0 9
1 0 0 9
1 0 0 9
1 0 0 9
1 0 0 9
1 0 0 9
1 0 0 8
1 0 0 8
1 0 0 10
1 0 0 10
1 0 0 10
1 0 0 10
1 0 0 10
1 0 0 10
1 0 0 10
1 0 0 10
1 0 0 10
1 0 0 10
1 0 0 11
1 0 0 11
1 0 0 11
1 0 0 11
1 0 0 11
1 0 0 11
1 0 0 11
1 0 0 11
1 0 0 11
1 0 0 11
1 0 0 1
1 0 0 1
0.1 4 5 -1
0.1 7 8 -1
0.1 6 112 -1
0.1 111 113 -1
0.1 3 114 -1
0.1 10 11 -1
0.1 9 116 -1
0.1 117 12 -1
0.1 115 118 -1
0.1 2 119 -1
0.1 1 120 -1
0.1 121 13 -1
0.1 14 15 -1
0.1 123 16 -1
0.1 17 18 -1
0.1 19 20 -1
0.1 22 23 -1
0.1 21 127 -1
0.1 126 128 -1
0.1 125 129 -1
0.1 124 130 -1
0.1 122 131 -1
0.1 24 25 -1
0.1 27 28 -1
0.1 26 134 -1
0.1 133 135 -1
0.1 29 30 -1
0.1 32 33 -1
0.1 31 138 -1
0.1 137 139 -1
0.1 136 140 -1
0.1 38 39 -1
0.1 37 142 -1
0.1 36 143 -1
0.1 41 42 -1
0.1 40 145 -1
0.1 43 44 -1
0.1 147 45 -1
0.1 146 148 -1
0.1 144 149 -1
0.1 35 150 -1
0.1 47 48 -1
0.1 50 51 -1
0.1 52 53 -1
0.1 153 154 -1
0.1 49 155 -1
0.1 152 156 -1
0.1 46 157 -1
0.1 151 158 -1
0.1 34 159 -1
0.1 141 160 -1
0.1 132 161 -1
0.1 57 58 -1
0.1 56 163 -1
0.1 59 60 -1
0.1 61 62 -1
0.1 64 65 -1
0.1 63 167 -1
0.1 66 67 -1
0.1 168 169 -1
0.1 170 68 -1
0.1 166 171 -1
0.1 165 172 -1
0.1 164 173 -1
0.1 55 174 -1
0.1 54 175 -1
0.1 71 72 -1
0.1 177 73 -1
0.1 70 178 -1
0.1 69 179 -1
0.1 74 75 -1
0.1 181 76 -1
0.1 180 182 -1
0.1 78 79 -1
0.1 77 184 -1
0.1 81 82 -1
0.1 80 186 -1
0.1 84 85 -1
0.1 83 188 -1
0.1 189 86 -1
0.1 187 190 -1
0.1 185 191 -1
0.1 192 87 -1
0.1 183 193 -1
0.1 91 92 -1
0.1 90 195 -1
0.1 89 196 -1
0.1 93 94 -1
0.1 97 98 -1
0.1 96 199 -1
0.1 100 101 -1
0.1 102 103 -1
0.1 106 107 -1
0.1 203 108 -1
0.1 105 204 -1
0.1 104 205 -1
0.1 202 206 -1
0.1 201 207 -1
0.1 99 208 -1
0.1 200 209 -1
0.1 95 210 -1
0.1 198 211 -1
0.1 197 212 -1
0.1 88 213 -1
0.1 194 214 -1
0.1 109 110 -1
0.1 215 216 -1
0.1 176 217 -1
0.1 162 218 -1
