1 0 0 1
1 0 0 1
1 0 0 2
1 0 0 2
1 0 0 2
1 0 0 2
1 0 0 2
1 0 0 2
1 0 0 2
1 0 0 2
1 0 0 2
1 0 0 2
1 0 0 1
1 0 0 1
1 0 0 1
1 0 0 1
1 0 0 1
1 0 0 1
1 0 0 1
1 0 0 1
1 0 0 3
1 0 0 3
1 0 0 3
1 0 0 3
1 0 0 3
1 0 0 3
1 0 0 3
1 0 0 3
1 0 0 3
1 0 0 3
1 0 0 4
1 0 0 4
1 0 0 5
1 0 0 5
1 0 0 5
1 0 0 5
1 0 0 5
1 0 0 5
1 0 0 5
1 0 0 5
1 0 0 5
1 0 0 5
1 0 0 4
1 0 0 4
1 0 0 4
1 0 0 4
1 0 0 4
1 0 0 4
1 0 0 4
1 0 0 4
1 0 0 6
1 0 0 6
1 0 0 6
1 0 0 6
1 0 0 6
1 0 0 6
1 0 0 6
1 0 0 6
1 0 0 6
1 0 0 6
1 0 0 7
1 0 0 7
1 0 0 7
1 0 0 7
1 0 0 7
1 0 0 7
1 0 0 7
1 0 0 7
1 0 0 7
1 0 0 8
1 0 0 8
1 0 0 8
1 0 0 8
1 0 0 8
1 0 0 8
1 0 0 8
1 0 0 8
1 0 0 8
1 0 0 8
1 0 0 7
1 0 0 9
1 0 0 9
1 0 0 9
1 0 0 9
1 0 0 9
1 0 0 9
1 0 0 10
1 0 0 10
1 0 0 10
1 0 0 10
1 0 0 10
1 0 0 10
1 0 0 10
1 0 0 10
1 0 0 10
1 0 0 10
1 0 0 9
1 0 0 9
1 0 0 9
1 0 0 9
1 0 0 11
1 0 0 11
1 0 0 11
1 0 0 11
1 0 0 11
1 0 0 11
1 0 0 11
1 0 0 11
1 0 0 11
1 0 0 11
0.1 3 4 -1
0.1 5 6 -1
0.1 112 7 -1
0.1 113 8 -1
0.1 114 9 -1
0.1 10 11 -1
0.1 115 116 -1
0.1 117 12 -1
0.1 111 118 -1
0.1 2 119 -1
0.1 1 120 -1
0.1 13 14 -1
0.1 19 20 -1
0.1 18 123 -1
0.1 21 22 -1
0.1 23 24 -1
0.1 27 28 -1
0.1 26 127 -1
0.1 25 128 -1
0.1 129 29 -1
0.1 130 30 -1
0.1 126 131 -1
0.1 125 132 -1
0.1 124 133 -1
0.1 17 134 -1
0.1 16 135 -1
0.1 15 136 -1
0.1 122 137 -1
0.1 34 35 -1
0.1 33 139 -1
0.1 36 37 -1
0.1 141 38 -1
0.1 41 42 -1
0.1 40 143 -1
0.1 39 144 -1
0.1 142 145 -1
0.1 140 146 -1
0.1 32 147 -1
0.1 44 45 -1
0.1 47 48 -1
0.1 46 150 -1
0.1 49 50 -1
0.1 151 152 -1
0.1 149 153 -1
0.1 43 154 -1
0.1 148 155 -1
0.1 31 156 -1
0.1 138 157 -1
0.1 51 52 -1
0.1 159 53 -1
0.1 54 55 -1
0.1 56 57 -1
0.1 59 60 -1
0.1 58 163 -1
0.1 162 164 -1
0.1 161 165 -1
0.1 160 166 -1
0.1 158 167 -1
0.1 121 168 -1
0.1 63 64 -1
0.1 170 65 -1
0.1 62 171 -1
0.1 61 172 -1
0.1 173 66 -1
0.1 67 68 -1
0.1 175 69 -1
0.1 174 176 -1
0.1 71 72 -1
0.1 70 178 -1
0.1 74 75 -1
0.1 73 180 -1
0.1 77 78 -1
0.1 76 182 -1
0.1 183 79 -1
0.1 181 184 -1
0.1 179 185 -1
0.1 177 186 -1
0.1 82 83 -1
0.1 85 86 -1
0.1 84 189 -1
0.1 88 89 -1
0.1 87 191 -1
0.1 192 90 -1
0.1 91 92 -1
0.1 193 194 -1
0.1 93 94 -1
0.1 196 95 -1
0.1 195 197 -1
0.1 198 96 -1
0.1 190 199 -1
0.1 188 200 -1
0.1 81 201 -1
0.1 80 202 -1
0.1 99 100 -1
0.1 98 204 -1
0.1 97 205 -1
0.1 203 206 -1
0.1 187 207 -1
0.1 101 102 -1
0.1 104 105 -1
0.1 103 210 -1
0.1 209 211 -1
0.1 106 107 -1
0.1 109 110 -1
0.1 108 214 -1
0.1 213 215 -1
0.1 212 216 -1
0.1 208 217 -1
0.1 169 218 -1
