1 0 0 1
1 0 0 1
1 0 0 2
1 0 0 2
1 0 0 2
1 0 0 2
1 0 0 2
1 0 0 2
1 0 0 2
1 0 0 2
1 0 0 3
1 0 0 3
1 0 0 3
1 0 0 3
1 0 0 3
1 0 0 4
1 0 0 5
1 0 0 5
1 0 0 5
1 0 0 5
1 0 0 5
1 0 0 5
1 0 0 5
1 0 0 5
1 0 0 5
1 0 0 5
1 0 0 2
1 0 0 2
1 0 0 6
1 0 0 6
1 0 0 6
1 0 0 6
1 0 0 6
1 0 0 6
1 0 0 6
1 0 0 6
1 0 0 6
1 0 0 6
1 0 0 7
1 0 0 7
1 0 0 7
1 0 0 7
1 0 0 7
1 0 0 7
1 0 0 7
1 0 0 7
1 0 0 7
1 0 0 7
1 0 0 1
1 0 0 8
1 0 0 9
1 0 0 9
1 0 0 9
1 0 0 9
1 0 0 9
1 0 0 9
1 0 0 9
1 0 0 9
1 0 0 9
1 0 0 9
1 0 0 10
1 0 0 10
1 0 0 10
1 0 0 10
1 0 0 10
1 0 0 10
1 0 0 10
1 0 0 10
1 0 0 10
1 0 0 10
1 0 0 8
1 0 0 11
1 0 0 12
1 0 0 12
1 0 0 12
1 0 0 12
1 0 0 12
1 0 0 11
1 0 0 11
1 0 0 11
1 0 0 11
1 0 0 11
1 0 0 11
1 0 0 11
1 0 0 11
1 0 0 11
1 0 0 12
1 0 0 12
1 0 0 12
1 0 0 12
1 0 0 8
1 0 0 8
1 0 0 8
1 0 0 8
1 0 0 8
1 0 0 8
1 0 0 13
1 0 0 13
1 0 0 13
1 0 0 13
1 0 0 13
1 0 0 13
1 0 0 13
1 0 0 13
1 0 0 13
1 0 0 13
1 0 0 8
1 0 0 8
1 0 0 1
1 0 0 12
1 0 0 1
1 0 0 1
1 0 0 14
1 0 0 14
1 0 0 14
1 0 0 14
1 0 0 14
1 0 0 14
1 0 0 14
1 0 0 14
1 0 0 14
1 0 0 14
1 0 0 15
1 0 0 15
1 0 0 15
1 0 0 15
1 0 0 15
1 0 0 15
1 0 0 15
1 0 0 15
1 0 0 15
1 0 0 15
1 0 0 1
1 0 0 16
1 0 0 16
1 0 0 16
1 0 0 16
1 0 0 16
1 0 0 16
1 0 0 17
1 0 0 17
1 0 0 17
1 0 0 17
1 0 0 17
1 0 0 17
1 0 0 17
1 0 0 17
1 0 0 17
1 0 0 17
1 0 0 16
1 0 0 16
1 0 0 16
1 0 0 16
1 0 0 4
1 0 0 4
1 0 0 4
1 0 0 4
1 0 0 4
1 0 0 1
1 0 0 18
1 0 0 1
1 0 0 18
1 0 0 4
1 0 0 4
1 0 0 4
1 0 0 19
1 0 0 19
1 0 0 19
1 0 0 19
1 0 0 19
1 0 0 19
1 0 0 19
1 0 0 19
1 0 0 19
1 0 0 19
1 0 0 4
1 0 0 18
1 0 0 18
1 0 0 18
1 0 0 18
1 0 0 18
1 0 0 1
1 0 0 20
1 0 0 20
1 0 0 20
1 0 0 20
1 0 0 20
1 0 0 20
1 0 0 20
1 0 0 20
1 0 0 20
1 0 0 20
1 0 0 21
1 0 0 21
1 0 0 22
1 0 0 22
1 0 0 22
1 0 0 22
1 0 0 22
1 0 0 22
1 0 0 22
1 0 0 22
1 0 0 22
1 0 0 22
1 0 0 23
1 0 0 23
1 0 0 23
1 0 0 23
1 0 0 23
1 0 0 23
1 0 0 23
1 0 0 23
1 0 0 23
1 0 0 23
1 0 0 24
1 0 0 24
1 0 0 24
1 0 0 24
1 0 0 24
1 0 0 24
1 0 0 24
1 0 0 24
1 0 0 24
1 0 0 24
1 0 0 21
1 0 0 21
1 0 0 21
1 0 0 21
1 0 0 21
1 0 0 21
1 0 0 25
1 0 0 25
1 0 0 25
1 0 0 25
1 0 0 25
1 0 0 25
1 0 0 25
1 0 0 25
1 0 0 25
1 0 0 25
1 0 0 21
1 0 0 26
1 0 0 26
1 0 0 26
1 0 0 26
1 0 0 26
1 0 0 26
1 0 0 26
1 0 0 26
1 0 0 26
1 0 0 26
1 0 0 27
1 0 0 27
1 0 0 27
1 0 0 27
1 0 0 27
1 0 0 27
1 0 0 27
1 0 0 27
1 0 0 27
1 0 0 27
1 0 0 28
1 0 0 28
1 0 0 29
1 0 0 29
1 0 0 29
1 0 0 29
1 0 0 29
1 0 0 29
1 0 0 29
1 0 0 29
1 0 0 29
1 0 0 29
1 0 0 30
1 0 0 30
1 0 0 30
1 0 0 30
1 0 0 30
1 0 0 30
1 0 0 30
1 0 0 30
1 0 0 30
1 0 0 30
1 0 0 28
1 0 0 28
1 0 0 28
1 0 0 28
1 0 0 28
1 0 0 28
1 0 0 28
1 0 0 31
1 0 0 31
1 0 0 31
1 0 0 31
1 0 0 31
1 0 0 31
1 0 0 31
1 0 0 31
1 0 0 31
1 0 0 31
1 0 0 28
1 0 0 32
1 0 0 32
1 0 0 32
1 0 0 32
1 0 0 32
1 0 0 32
1 0 0 32
1 0 0 32
1 0 0 32
1 0 0 32
1 0 0 21
1 0 0 33
1 0 0 33
1 0 0 33
1 0 0 33
1 0 0 18
1 0 0 18
1 0 0 18
1 0 0 34
1 0 0 35
1 0 0 35
1 0 0 34
1 0 0 34
1 0 0 34
1 0 0 34
1 0 0 34
1 0 0 34
1 0 0 3
1 0 0 3
1 0 0 3
1 0 0 36
1 0 0 36
1 0 0 36
1 0 0 36
1 0 0 36
1 0 0 35
1 0 0 35
1 0 0 35
1 0 0 35
1 0 0 37
1 0 0 37
1 0 0 37
1 0 0 37
1 0 0 37
1 0 0 37
1 0 0 37
1 0 0 37
1 0 0 37
1 0 0 37
1 0 0 35
1 0 0 35
1 0 0 35
1 0 0 35
1 0 0 38
1 0 0 38
1 0 0 38
1 0 0 38
1 0 0 38
1 0 0 38
1 0 0 38
1 0 0 38
1 0 0 38
1 0 0 38
1 0 0 39
1 0 0 39
1 0 0 39
1 0 0 39
1 0 0 39
1 0 0 39
1 0 0 39
1 0 0 40
1 0 0 40
1 0 0 40
1 0 0 40
1 0 0 40
1 0 0 40
1 0 0 40
1 0 0 40
1 0 0 40
1 0 0 40
1 0 0 39
1 0 0 39
1 0 0 39
1 0 0 36
1 0 0 36
1 0 0 3
1 0 0 36
1 0 0 36
1 0 0 3
1 0 0 33
1 0 0 33
1 0 0 33
1 0 0 33
1 0 0 33
1 0 0 36
1 0 0 33
1 0 0 34
1 0 0 34
1 0 0 34
1 0 0 41
1 0 0 41
1 0 0 41
1 0 0 41
1 0 0 42
1 0 0 42
1 0 0 42
1 0 0 42
1 0 0 42
1 0 0 42
1 0 0 42
1 0 0 42
1 0 0 42
1 0 0 42
1 0 0 41
1 0 0 41
1 0 0 41
1 0 0 41
1 0 0 41
1 0 0 41
0.1 1 2 -1
0.1 3 4 -1
0.1 7 8 -1
0.1 6 423 -1
0.1 5 424 -1
0.1 9 10 -1
0.1 425 426 -1
0.1 422 427 -1
0.1 13 14 -1
0.1 12 429 -1
0.1 430 15 -1
0.1 11 431 -1
0.1 428 432 -1
0.1 19 20 -1
0.1 18 434 -1
0.1 23 24 -1
0.1 22 436 -1
0.1 21 437 -1
0.1 438 25 -1
0.1 439 26 -1
0.1 435 440 -1
0.1 17 441 -1
0.1 16 442 -1
0.1 433 443 -1
0.1 27 28 -1
0.1 32 33 -1
0.1 35 36 -1
0.1 34 447 -1
0.1 37 38 -1
0.1 448 449 -1
0.1 446 450 -1
0.1 31 451 -1
0.1 30 452 -1
0.1 29 453 -1
0.1 40 41 -1
0.1 455 42 -1
0.1 39 456 -1
0.1 44 45 -1
0.1 43 458 -1
0.1 457 459 -1
0.1 46 47 -1
0.1 461 48 -1
0.1 460 462 -1
0.1 454 463 -1
0.1 445 464 -1
0.1 444 465 -1
0.1 53 54 -1
0.1 52 467 -1
0.1 55 56 -1
0.1 468 469 -1
0.1 57 58 -1
0.1 59 60 -1
0.1 471 472 -1
0.1 470 473 -1
0.1 51 474 -1
0.1 61 62 -1
0.1 65 66 -1
0.1 64 477 -1
0.1 68 69 -1
0.1 67 479 -1
0.1 478 480 -1
0.1 63 481 -1
0.1 482 70 -1
0.1 476 483 -1
0.1 475 484 -1
0.1 50 485 -1
0.1 486 71 -1
0.1 73 74 -1
0.1 75 76 -1
0.1 488 489 -1
0.1 490 77 -1
0.1 79 80 -1
0.1 492 81 -1
0.1 82 83 -1
0.1 494 84 -1
0.1 493 495 -1
0.1 78 496 -1
0.1 85 86 -1
0.1 497 498 -1
0.1 491 499 -1
0.1 72 500 -1
0.1 487 501 -1
0.1 87 88 -1
0.1 89 90 -1
0.1 503 504 -1
0.1 505 91 -1
0.1 92 93 -1
0.1 507 94 -1
0.1 508 95 -1
0.1 99 100 -1
0.1 98 510 -1
0.1 97 511 -1
0.1 101 102 -1
0.1 513 103 -1
0.1 512 514 -1
0.1 104 105 -1
0.1 516 106 -1
0.1 515 517 -1
0.1 96 518 -1
0.1 509 519 -1
0.1 506 520 -1
0.1 107 108 -1
0.1 521 522 -1
0.1 502 523 -1
0.1 524 109 -1
0.1 525 110 -1
0.1 49 526 -1
0.1 111 112 -1
0.1 114 115 -1
0.1 117 118 -1
0.1 116 530 -1
0.1 529 531 -1
0.1 119 120 -1
0.1 121 122 -1
0.1 533 534 -1
0.1 532 535 -1
0.1 113 536 -1
0.1 528 537 -1
0.1 527 538 -1
0.1 124 125 -1
0.1 129 130 -1
0.1 128 541 -1
0.1 131 132 -1
0.1 542 543 -1
0.1 127 544 -1
0.1 126 545 -1
0.1 540 546 -1
0.1 123 547 -1
0.1 539 548 -1
0.1 549 133 -1
0.1 466 550 -1
0.1 421 551 -1
0.1 134 135 -1
0.1 136 137 -1
0.1 553 554 -1
0.1 138 139 -1
0.1 140 141 -1
0.1 142 143 -1
0.1 558 144 -1
0.1 557 559 -1
0.1 145 146 -1
0.1 147 148 -1
0.1 562 149 -1
0.1 561 563 -1
0.1 560 564 -1
0.1 556 565 -1
0.1 555 566 -1
0.1 150 151 -1
0.1 152 153 -1
0.1 568 569 -1
0.1 567 570 -1
0.1 154 155 -1
0.1 157 158 -1
0.1 156 573 -1
0.1 572 574 -1
0.1 575 159 -1
0.1 571 576 -1
0.1 552 577 -1
0.1 578 160 -1
0.1 161 162 -1
0.1 164 165 -1
0.1 167 168 -1
0.1 169 170 -1
0.1 174 175 -1
0.1 173 584 -1
0.1 172 585 -1
0.1 171 586 -1
0.1 583 587 -1
0.1 582 588 -1
0.1 166 589 -1
0.1 590 176 -1
0.1 581 591 -1
0.1 163 592 -1
0.1 593 177 -1
0.1 580 594 -1
0.1 178 179 -1
0.1 180 181 -1
0.1 596 597 -1
0.1 183 184 -1
0.1 185 186 -1
0.1 187 188 -1
0.1 601 189 -1
0.1 602 190 -1
0.1 191 192 -1
0.1 603 604 -1
0.1 600 605 -1
0.1 599 606 -1
0.1 182 607 -1
0.1 196 197 -1
0.1 609 198 -1
0.1 610 199 -1
0.1 611 200 -1
0.1 612 201 -1
0.1 203 204 -1
0.1 202 614 -1
0.1 613 615 -1
0.1 195 616 -1
0.1 194 617 -1
0.1 206 207 -1
0.1 205 619 -1
0.1 209 210 -1
0.1 208 621 -1
0.1 622 211 -1
0.1 213 214 -1
0.1 212 624 -1
0.1 623 625 -1
0.1 620 626 -1
0.1 215 216 -1
0.1 218 219 -1
0.1 217 629 -1
0.1 220 221 -1
0.1 631 222 -1
0.1 632 223 -1
0.1 630 633 -1
0.1 634 224 -1
0.1 628 635 -1
0.1 627 636 -1
0.1 225 226 -1
0.1 637 638 -1
0.1 227 228 -1
0.1 639 640 -1
0.1 618 641 -1
0.1 193 642 -1
0.1 231 232 -1
0.1 644 233 -1
0.1 235 236 -1
0.1 237 238 -1
0.1 239 240 -1
0.1 647 648 -1
0.1 646 649 -1
0.1 234 650 -1
0.1 645 651 -1
0.1 243 244 -1
0.1 246 247 -1
0.1 249 250 -1
0.1 655 251 -1
0.1 248 656 -1
0.1 654 657 -1
0.1 245 658 -1
0.1 653 659 -1
0.1 242 660 -1
0.1 252 253 -1
0.1 257 258 -1
0.1 256 663 -1
0.1 255 664 -1
0.1 254 665 -1
0.1 662 666 -1
0.1 260 261 -1
0.1 259 668 -1
0.1 667 669 -1
0.1 661 670 -1
0.1 267 268 -1
0.1 266 672 -1
0.1 265 673 -1
0.1 270 271 -1
0.1 272 273 -1
0.1 675 676 -1
0.1 269 677 -1
0.1 674 678 -1
0.1 264 679 -1
0.1 263 680 -1
0.1 262 681 -1
0.1 276 277 -1
0.1 275 683 -1
0.1 279 280 -1
0.1 278 685 -1
0.1 684 686 -1
0.1 282 283 -1
0.1 281 688 -1
0.1 687 689 -1
0.1 274 690 -1
0.1 691 284 -1
0.1 682 692 -1
0.1 285 286 -1
0.1 289 290 -1
0.1 288 695 -1
0.1 287 696 -1
0.1 694 697 -1
0.1 693 698 -1
0.1 291 292 -1
0.1 293 294 -1
0.1 295 296 -1
0.1 701 702 -1
0.1 297 298 -1
0.1 703 704 -1
0.1 299 300 -1
0.1 705 706 -1
0.1 700 707 -1
0.1 699 708 -1
0.1 709 301 -1
0.1 302 303 -1
0.1 306 307 -1
0.1 712 308 -1
0.1 305 713 -1
0.1 309 310 -1
0.1 714 715 -1
0.1 304 716 -1
0.1 717 311 -1
0.1 711 718 -1
0.1 710 719 -1
0.1 671 720 -1
0.1 241 721 -1
0.1 722 312 -1
0.1 652 723 -1
0.1 230 724 -1
0.1 315 316 -1
0.1 314 726 -1
0.1 313 727 -1
0.1 725 728 -1
0.1 229 729 -1
0.1 643 730 -1
0.1 608 731 -1
0.1 317 318 -1
0.1 733 319 -1
0.1 732 734 -1
0.1 598 735 -1
0.1 595 736 -1
0.1 321 322 -1
0.1 323 324 -1
0.1 325 326 -1
0.1 327 328 -1
0.1 740 741 -1
0.1 739 742 -1
0.1 330 331 -1
0.1 329 744 -1
0.1 743 745 -1
0.1 738 746 -1
0.1 334 335 -1
0.1 333 748 -1
0.1 332 749 -1
0.1 338 339 -1
0.1 337 751 -1
0.1 752 340 -1
0.1 341 342 -1
0.1 753 754 -1
0.1 345 346 -1
0.1 344 756 -1
0.1 757 347 -1
0.1 349 350 -1
0.1 348 759 -1
0.1 758 760 -1
0.1 343 761 -1
0.1 755 762 -1
0.1 353 354 -1
0.1 352 764 -1
0.1 351 765 -1
0.1 763 766 -1
0.1 355 356 -1
0.1 767 768 -1
0.1 357 358 -1
0.1 770 359 -1
0.1 769 771 -1
0.1 363 364 -1
0.1 362 773 -1
0.1 361 774 -1
0.1 360 775 -1
0.1 772 776 -1
0.1 368 369 -1
0.1 367 778 -1
0.1 366 779 -1
0.1 365 780 -1
0.1 370 371 -1
0.1 781 782 -1
0.1 374 375 -1
0.1 784 376 -1
0.1 378 379 -1
0.1 786 380 -1
0.1 377 787 -1
0.1 788 381 -1
0.1 785 789 -1
0.1 373 790 -1
0.1 372 791 -1
0.1 783 792 -1
0.1 382 383 -1
0.1 794 384 -1
0.1 795 385 -1
0.1 796 386 -1
0.1 793 797 -1
0.1 777 798 -1
0.1 336 799 -1
0.1 800 387 -1
0.1 391 392 -1
0.1 390 802 -1
0.1 393 394 -1
0.1 804 395 -1
0.1 803 805 -1
0.1 806 396 -1
0.1 389 807 -1
0.1 388 808 -1
0.1 801 809 -1
0.1 750 810 -1
0.1 811 397 -1
0.1 747 812 -1
0.1 320 813 -1
0.1 399 400 -1
0.1 398 815 -1
0.1 401 402 -1
0.1 403 404 -1
0.1 406 407 -1
0.1 405 819 -1
0.1 820 408 -1
0.1 410 411 -1
0.1 409 822 -1
0.1 412 413 -1
0.1 824 414 -1
0.1 823 825 -1
0.1 821 826 -1
0.1 818 827 -1
0.1 416 417 -1
0.1 418 419 -1
0.1 829 830 -1
0.1 415 831 -1
0.1 832 420 -1
0.1 828 833 -1
0.1 817 834 -1
0.1 816 835 -1
0.1 814 836 -1
0.1 737 837 -1
0.1 579 838 -1
