1 0 0 1
1 0 0 1
1 0 0 1
1 0 0 2
1 0 0 3
1 0 0 4
1 0 0 4
1 0 0 4
1 0 0 4
1 0 0 4
1 0 0 4
1 0 0 4
1 0 0 4
1 0 0 4
1 0 0 4
1 0 0 5
1 0 0 3
1 0 0 3
1 0 0 1
1 0 0 1
1 0 0 1
1 0 0 1
1 0 0 1
1 0 0 1
1 0 0 1
1 0 0 6
1 0 0 6
1 0 0 6
1 0 0 7
1 0 0 7
1 0 0 7
1 0 0 7
1 0 0 8
1 0 0 8
1 0 0 8
1 0 0 8
1 0 0 8
1 0 0 8
1 0 0 8
1 0 0 8
1 0 0 9
1 0 0 9
1 0 0 9
1 0 0 9
1 0 0 9
1 0 0 9
1 0 0 9
1 0 0 9
1 0 0 9
1 0 0 9
1 0 0 10
1 0 0 10
1 0 0 10
1 0 0 10
1 0 0 10
1 0 0 10
1 0 0 10
1 0 0 10
1 0 0 10
1 0 0 10
1 0 0 6
1 0 0 6
1 0 0 7
1 0 0 7
1 0 0 6
1 0 0 11
1 0 0 11
1 0 0 11
1 0 0 11
1 0 0 11
1 0 0 11
1 0 0 6
1 0 0 12
1 0 0 12
1 0 0 12
1 0 0 12
1 0 0 12
1 0 0 12
1 0 0 12
1 0 0 12
1 0 0 12
1 0 0 12
1 0 0 6
1 0 0 6
1 0 0 6
1 0 0 13
1 0 0 13
1 0 0 13
1 0 0 13
1 0 0 13
1 0 0 13
1 0 0 13
1 0 0 13
1 0 0 13
1 0 0 13
1 0 0 2
1 0 0 2
1 0 0 14
1 0 0 15
1 0 0 15
1 0 0 16
1 0 0 16
1 0 0 16
1 0 0 16
1 0 0 16
1 0 0 16
1 0 0 16
1 0 0 16
1 0 0 16
1 0 0 16
1 0 0 17
1 0 0 17
1 0 0 17
1 0 0 17
1 0 0 17
1 0 0 17
1 0 0 17
1 0 0 17
1 0 0 17
1 0 0 17
1 0 0 14
1 0 0 14
1 0 0 14
1 0 0 14
1 0 0 14
1 0 0 14
1 0 0 14
1 0 0 14
1 0 0 14
1 0 0 15
1 0 0 15
1 0 0 15
1 0 0 15
1 0 0 15
1 0 0 15
1 0 0 15
1 0 0 15
1 0 0 18
1 0 0 18
1 0 0 18
1 0 0 18
1 0 0 18
1 0 0 18
1 0 0 18
1 0 0 18
1 0 0 18
1 0 0 18
1 0 0 19
1 0 0 19
1 0 0 19
1 0 0 19
1 0 0 19
1 0 0 19
1 0 0 19
1 0 0 19
1 0 0 19
1 0 0 19
1 0 0 20
1 0 0 20
1 0 0 20
1 0 0 20
1 0 0 20
1 0 0 20
1 0 0 20
1 0 0 20
1 0 0 20
1 0 0 20
1 0 0 2
1 0 0 2
1 0 0 3
1 0 0 3
1 0 0 3
1 0 0 5
1 0 0 5
1 0 0 5
1 0 0 5
1 0 0 5
1 0 0 5
1 0 0 2
1 0 0 3
1 0 0 3
1 0 0 3
1 0 0 21
1 0 0 21
1 0 0 3
1 0 0 2
1 0 0 22
1 0 0 22
1 0 0 22
1 0 0 22
1 0 0 22
1 0 0 22
1 0 0 22
1 0 0 22
1 0 0 22
1 0 0 22
1 0 0 23
1 0 0 23
1 0 0 23
1 0 0 23
1 0 0 23
1 0 0 23
1 0 0 23
1 0 0 23
1 0 0 23
1 0 0 23
1 0 0 2
1 0 0 24
1 0 0 24
1 0 0 24
1 0 0 24
1 0 0 24
1 0 0 24
1 0 0 24
1 0 0 24
1 0 0 24
1 0 0 24
1 0 0 7
1 0 0 7
1 0 0 7
1 0 0 7
1 0 0 25
1 0 0 25
1 0 0 25
1 0 0 25
1 0 0 25
1 0 0 25
1 0 0 25
1 0 0 25
1 0 0 25
1 0 0 25
1 0 0 26
1 0 0 26
1 0 0 26
1 0 0 26
1 0 0 26
1 0 0 26
1 0 0 26
1 0 0 26
1 0 0 26
1 0 0 26
1 0 0 2
1 0 0 27
1 0 0 2
1 0 0 28
1 0 0 28
1 0 0 28
1 0 0 28
1 0 0 28
1 0 0 28
1 0 0 28
1 0 0 28
1 0 0 28
1 0 0 28
1 0 0 29
1 0 0 29
1 0 0 29
1 0 0 29
1 0 0 29
1 0 0 29
1 0 0 29
1 0 0 29
1 0 0 29
1 0 0 29
1 0 0 5
1 0 0 5
1 0 0 5
1 0 0 21
1 0 0 21
1 0 0 21
1 0 0 27
1 0 0 11
1 0 0 11
1 0 0 11
1 0 0 11
1 0 0 30
1 0 0 30
1 0 0 30
1 0 0 30
1 0 0 30
1 0 0 30
1 0 0 30
1 0 0 30
1 0 0 21
1 0 0 21
1 0 0 21
1 0 0 21
1 0 0 21
1 0 0 27
1 0 0 30
1 0 0 30
1 0 0 27
1 0 0 27
1 0 0 27
1 0 0 27
1 0 0 8
1 0 0 8
1 0 0 31
1 0 0 32
1 0 0 32
1 0 0 32
1 0 0 32
1 0 0 32
1 0 0 32
1 0 0 32
1 0 0 32
1 0 0 32
1 0 0 32
1 0 0 31
1 0 0 33
1 0 0 33
1 0 0 33
1 0 0 33
1 0 0 33
1 0 0 33
1 0 0 33
1 0 0 33
1 0 0 33
1 0 0 33
1 0 0 34
1 0 0 34
1 0 0 34
1 0 0 34
1 0 0 34
1 0 0 34
1 0 0 34
1 0 0 34
1 0 0 34
1 0 0 34
1 0 0 31
1 0 0 31
1 0 0 31
1 0 0 31
1 0 0 31
1 0 0 31
1 0 0 35
1 0 0 35
1 0 0 35
1 0 0 35
1 0 0 35
1 0 0 35
1 0 0 35
1 0 0 35
1 0 0 35
1 0 0 35
1 0 0 36
1 0 0 36
1 0 0 36
1 0 0 36
1 0 0 36
1 0 0 36
1 0 0 36
1 0 0 37
1 0 0 37
1 0 0 37
1 0 0 37
1 0 0 37
1 0 0 36
1 0 0 37
1 0 0 37
1 0 0 37
1 0 0 37
1 0 0 37
1 0 0 36
1 0 0 38
1 0 0 38
1 0 0 38
1 0 0 38
1 0 0 38
1 0 0 38
1 0 0 38
1 0 0 38
1 0 0 38
1 0 0 38
1 0 0 39
1 0 0 39
1 0 0 39
1 0 0 39
1 0 0 39
1 0 0 39
1 0 0 39
1 0 0 39
1 0 0 39
1 0 0 39
1 0 0 36
1 0 0 40
1 0 0 40
1 0 0 40
1 0 0 40
1 0 0 40
1 0 0 40
1 0 0 40
1 0 0 40
1 0 0 41
1 0 0 41
1 0 0 41
1 0 0 41
1 0 0 41
1 0 0 41
1 0 0 41
1 0 0 41
1 0 0 41
1 0 0 41
1 0 0 40
1 0 0 40
1 0 0 31
1 0 0 42
1 0 0 42
1 0 0 42
1 0 0 42
1 0 0 42
1 0 0 42
1 0 0 42
1 0 0 42
1 0 0 42
1 0 0 42
1 0 0 31
1 0 0 27
1 0 0 27
1 0 0 27
0.1 2 3 -1
0.1 1 421 -1
0.1 422 4 -1
0.1 6 7 -1
0.1 9 10 -1
0.1 8 425 -1
0.1 426 11 -1
0.1 12 13 -1
0.1 427 428 -1
0.1 429 14 -1
0.1 424 430 -1
0.1 431 15 -1
0.1 432 16 -1
0.1 433 17 -1
0.1 434 18 -1
0.1 5 435 -1
0.1 19 20 -1
0.1 24 25 -1
0.1 23 438 -1
0.1 22 439 -1
0.1 21 440 -1
0.1 437 441 -1
0.1 442 26 -1
0.1 27 28 -1
0.1 443 444 -1
0.1 31 32 -1
0.1 30 446 -1
0.1 29 447 -1
0.1 35 36 -1
0.1 34 449 -1
0.1 450 37 -1
0.1 33 451 -1
0.1 39 40 -1
0.1 38 453 -1
0.1 452 454 -1
0.1 41 42 -1
0.1 43 44 -1
0.1 47 48 -1
0.1 46 458 -1
0.1 459 49 -1
0.1 460 50 -1
0.1 45 461 -1
0.1 457 462 -1
0.1 456 463 -1
0.1 455 464 -1
0.1 448 465 -1
0.1 52 53 -1
0.1 51 467 -1
0.1 56 57 -1
0.1 55 469 -1
0.1 54 470 -1
0.1 468 471 -1
0.1 472 58 -1
0.1 59 60 -1
0.1 473 474 -1
0.1 61 62 -1
0.1 475 476 -1
0.1 63 64 -1
0.1 67 68 -1
0.1 70 71 -1
0.1 69 480 -1
0.1 479 481 -1
0.1 66 482 -1
0.1 65 483 -1
0.1 478 484 -1
0.1 477 485 -1
0.1 466 486 -1
0.1 445 487 -1
0.1 73 74 -1
0.1 75 76 -1
0.1 490 77 -1
0.1 78 79 -1
0.1 491 492 -1
0.1 489 493 -1
0.1 81 82 -1
0.1 80 495 -1
0.1 494 496 -1
0.1 497 83 -1
0.1 498 84 -1
0.1 499 85 -1
0.1 72 500 -1
0.1 488 501 -1
0.1 89 90 -1
0.1 88 503 -1
0.1 91 92 -1
0.1 504 505 -1
0.1 87 506 -1
0.1 507 93 -1
0.1 86 508 -1
0.1 94 95 -1
0.1 509 510 -1
0.1 101 102 -1
0.1 104 105 -1
0.1 103 513 -1
0.1 512 514 -1
0.1 106 107 -1
0.1 515 516 -1
0.1 108 109 -1
0.1 517 518 -1
0.1 519 110 -1
0.1 111 112 -1
0.1 114 115 -1
0.1 113 522 -1
0.1 118 119 -1
0.1 117 524 -1
0.1 525 120 -1
0.1 116 526 -1
0.1 523 527 -1
0.1 521 528 -1
0.1 520 529 -1
0.1 100 530 -1
0.1 99 531 -1
0.1 98 532 -1
0.1 122 123 -1
0.1 125 126 -1
0.1 535 127 -1
0.1 128 129 -1
0.1 536 537 -1
0.1 124 538 -1
0.1 534 539 -1
0.1 121 540 -1
0.1 533 541 -1
0.1 133 134 -1
0.1 132 543 -1
0.1 131 544 -1
0.1 135 136 -1
0.1 545 546 -1
0.1 139 140 -1
0.1 138 548 -1
0.1 549 141 -1
0.1 143 144 -1
0.1 142 551 -1
0.1 550 552 -1
0.1 146 147 -1
0.1 145 554 -1
0.1 553 555 -1
0.1 137 556 -1
0.1 547 557 -1
0.1 130 558 -1
0.1 542 559 -1
0.1 148 149 -1
0.1 150 151 -1
0.1 561 562 -1
0.1 152 153 -1
0.1 154 155 -1
0.1 565 156 -1
0.1 564 566 -1
0.1 563 567 -1
0.1 568 157 -1
0.1 560 569 -1
0.1 97 570 -1
0.1 96 571 -1
0.1 158 159 -1
0.1 573 160 -1
0.1 161 162 -1
0.1 163 164 -1
0.1 575 576 -1
0.1 166 167 -1
0.1 165 578 -1
0.1 577 579 -1
0.1 574 580 -1
0.1 581 168 -1
0.1 582 169 -1
0.1 572 583 -1
0.1 511 584 -1
0.1 170 171 -1
0.1 585 586 -1
0.1 175 176 -1
0.1 174 588 -1
0.1 177 178 -1
0.1 589 590 -1
0.1 591 179 -1
0.1 173 592 -1
0.1 172 593 -1
0.1 180 181 -1
0.1 595 182 -1
0.1 594 596 -1
0.1 183 184 -1
0.1 598 185 -1
0.1 597 599 -1
0.1 587 600 -1
0.1 502 601 -1
0.1 436 602 -1
0.1 423 603 -1
0.1 187 188 -1
0.1 605 189 -1
0.1 190 191 -1
0.1 193 194 -1
0.1 195 196 -1
0.1 608 609 -1
0.1 192 610 -1
0.1 607 611 -1
0.1 606 612 -1
0.1 197 198 -1
0.1 200 201 -1
0.1 199 615 -1
0.1 614 616 -1
0.1 202 203 -1
0.1 205 206 -1
0.1 204 619 -1
0.1 618 620 -1
0.1 617 621 -1
0.1 613 622 -1
0.1 623 207 -1
0.1 186 624 -1
0.1 208 209 -1
0.1 211 212 -1
0.1 210 627 -1
0.1 626 628 -1
0.1 213 214 -1
0.1 630 215 -1
0.1 629 631 -1
0.1 632 216 -1
0.1 633 217 -1
0.1 218 219 -1
0.1 220 221 -1
0.1 635 636 -1
0.1 223 224 -1
0.1 222 638 -1
0.1 225 226 -1
0.1 639 640 -1
0.1 641 227 -1
0.1 228 229 -1
0.1 230 231 -1
0.1 232 233 -1
0.1 645 234 -1
0.1 646 235 -1
0.1 238 239 -1
0.1 237 648 -1
0.1 240 241 -1
0.1 649 650 -1
0.1 236 651 -1
0.1 647 652 -1
0.1 644 653 -1
0.1 643 654 -1
0.1 642 655 -1
0.1 637 656 -1
0.1 657 242 -1
0.1 634 658 -1
0.1 625 659 -1
0.1 245 246 -1
0.1 247 248 -1
0.1 250 251 -1
0.1 249 663 -1
0.1 664 252 -1
0.1 253 254 -1
0.1 665 666 -1
0.1 662 667 -1
0.1 661 668 -1
0.1 244 669 -1
0.1 243 670 -1
0.1 660 671 -1
0.1 256 257 -1
0.1 258 259 -1
0.1 673 674 -1
0.1 262 263 -1
0.1 261 676 -1
0.1 260 677 -1
0.1 678 264 -1
0.1 675 679 -1
0.1 255 680 -1
0.1 266 267 -1
0.1 265 682 -1
0.1 681 683 -1
0.1 269 270 -1
0.1 268 685 -1
0.1 684 686 -1
0.1 274 275 -1
0.1 273 688 -1
0.1 272 689 -1
0.1 277 278 -1
0.1 279 280 -1
0.1 691 692 -1
0.1 693 281 -1
0.1 276 694 -1
0.1 282 283 -1
0.1 695 696 -1
0.1 286 287 -1
0.1 285 698 -1
0.1 699 288 -1
0.1 284 700 -1
0.1 697 701 -1
0.1 690 702 -1
0.1 703 289 -1
0.1 271 704 -1
0.1 290 291 -1
0.1 706 292 -1
0.1 707 293 -1
0.1 705 708 -1
0.1 294 295 -1
0.1 296 297 -1
0.1 299 300 -1
0.1 712 301 -1
0.1 305 306 -1
0.1 304 714 -1
0.1 715 307 -1
0.1 303 716 -1
0.1 302 717 -1
0.1 713 718 -1
0.1 719 308 -1
0.1 720 309 -1
0.1 311 312 -1
0.1 313 314 -1
0.1 315 316 -1
0.1 723 724 -1
0.1 318 319 -1
0.1 317 726 -1
0.1 725 727 -1
0.1 722 728 -1
0.1 310 729 -1
0.1 320 321 -1
0.1 322 323 -1
0.1 324 325 -1
0.1 732 733 -1
0.1 731 734 -1
0.1 327 328 -1
0.1 326 736 -1
0.1 735 737 -1
0.1 738 329 -1
0.1 730 739 -1
0.1 330 331 -1
0.1 740 741 -1
0.1 332 333 -1
0.1 742 743 -1
0.1 721 744 -1
0.1 298 745 -1
0.1 711 746 -1
0.1 337 338 -1
0.1 339 340 -1
0.1 343 344 -1
0.1 342 750 -1
0.1 341 751 -1
0.1 749 752 -1
0.1 753 345 -1
0.1 748 754 -1
0.1 336 755 -1
0.1 348 349 -1
0.1 347 757 -1
0.1 350 351 -1
0.1 758 759 -1
0.1 346 760 -1
0.1 355 356 -1
0.1 354 762 -1
0.1 763 357 -1
0.1 358 359 -1
0.1 764 765 -1
0.1 360 361 -1
0.1 362 363 -1
0.1 767 768 -1
0.1 766 769 -1
0.1 353 770 -1
0.1 352 771 -1
0.1 364 365 -1
0.1 367 368 -1
0.1 366 774 -1
0.1 370 371 -1
0.1 369 776 -1
0.1 372 373 -1
0.1 778 374 -1
0.1 777 779 -1
0.1 775 780 -1
0.1 773 781 -1
0.1 375 376 -1
0.1 377 378 -1
0.1 379 380 -1
0.1 784 785 -1
0.1 381 382 -1
0.1 787 383 -1
0.1 788 384 -1
0.1 786 789 -1
0.1 783 790 -1
0.1 791 385 -1
0.1 782 792 -1
0.1 772 793 -1
0.1 761 794 -1
0.1 756 795 -1
0.1 388 389 -1
0.1 387 797 -1
0.1 798 390 -1
0.1 391 392 -1
0.1 799 800 -1
0.1 386 801 -1
0.1 802 393 -1
0.1 395 396 -1
0.1 804 397 -1
0.1 394 805 -1
0.1 400 401 -1
0.1 399 807 -1
0.1 398 808 -1
0.1 402 403 -1
0.1 809 810 -1
0.1 806 811 -1
0.1 803 812 -1
0.1 796 813 -1
0.1 404 405 -1
0.1 814 815 -1
0.1 335 816 -1
0.1 817 406 -1
0.1 408 409 -1
0.1 407 819 -1
0.1 411 412 -1
0.1 414 415 -1
0.1 413 822 -1
0.1 823 416 -1
0.1 821 824 -1
0.1 410 825 -1
0.1 820 826 -1
0.1 818 827 -1
0.1 334 828 -1
0.1 747 829 -1
0.1 830 417 -1
0.1 831 418 -1
0.1 710 832 -1
0.1 709 833 -1
0.1 687 834 -1
0.1 419 420 -1
0.1 835 836 -1
0.1 672 837 -1
0.1 604 838 -1
