1 0 0 1
1 0 0 2
1 0 0 2
1 0 0 1
1 0 0 1
1 0 0 3
1 0 0 3
1 0 0 3
1 0 0 3
1 0 0 3
1 0 0 3
1 0 0 3
1 0 0 3
1 0 0 3
1 0 0 3
1 0 0 2
1 0 0 2
1 0 0 2
1 0 0 4
1 0 0 4
1 0 0 4
1 0 0 4
1 0 0 4
1 0 0 4
1 0 0 4
1 0 0 4
1 0 0 4
1 0 0 4
1 0 0 5
1 0 0 5
1 0 0 5
1 0 0 5
1 0 0 5
1 0 0 5
1 0 0 5
1 0 0 5
1 0 0 5
1 0 0 5
1 0 0 1
1 0 0 1
1 0 0 1
1 0 0 1
1 0 0 2
1 0 0 2
1 0 0 2
1 0 0 2
1 0 0 1
1 0 0 1
1 0 0 1
1 0 0 2
1 0 0 6
1 0 0 6
1 0 0 6
1 0 0 6
1 0 0 6
1 0 0 6
1 0 0 6
1 0 0 6
1 0 0 6
1 0 0 6
1 0 0 7
1 0 0 7
1 0 0 7
1 0 0 7
1 0 0 7
1 0 0 8
1 0 0 8
1 0 0 8
1 0 0 8
1 0 0 8
1 0 0 8
1 0 0 8
1 0 0 8
1 0 0 8
1 0 0 8
1 0 0 9
1 0 0 9
1 0 0 9
1 0 0 9
1 0 0 9
1 0 0 9
1 0 0 9
1 0 0 9
1 0 0 10
1 0 0 10
1 0 0 10
1 0 0 10
1 0 0 10
1 0 0 10
1 0 0 10
1 0 0 10
1 0 0 10
1 0 0 10
1 0 0 9
1 0 0 9
1 0 0 7
1 0 0 11
1 0 0 11
1 0 0 11
1 0 0 11
1 0 0 11
1 0 0 11
1 0 0 11
1 0 0 11
1 0 0 11
1 0 0 11
1 0 0 7
1 0 0 7
1 0 0 7
1 0 0 7
1 0 0 12
1 0 0 12
1 0 0 12
1 0 0 12
1 0 0 12
1 0 0 12
1 0 0 12
1 0 0 12
1 0 0 12
1 0 0 13
1 0 0 13
1 0 0 13
1 0 0 13
1 0 0 13
1 0 0 13
1 0 0 13
1 0 0 13
1 0 0 13
1 0 0 13
1 0 0 12
0.1 2 3 -1
0.1 1 131 -1
0.1 4 5 -1
0.1 6 7 -1
0.1 9 10 -1
0.1 13 14 -1
0.1 12 136 -1
0.1 11 137 -1
0.1 135 138 -1
0.1 8 139 -1
0.1 140 15 -1
0.1 134 141 -1
0.1 133 142 -1
0.1 17 18 -1
0.1 16 144 -1
0.1 22 23 -1
0.1 21 146 -1
0.1 147 24 -1
0.1 20 148 -1
0.1 19 149 -1
0.1 25 26 -1
0.1 150 151 -1
0.1 27 28 -1
0.1 152 153 -1
0.1 29 30 -1
0.1 32 33 -1
0.1 31 156 -1
0.1 155 157 -1
0.1 35 36 -1
0.1 159 37 -1
0.1 160 38 -1
0.1 34 161 -1
0.1 158 162 -1
0.1 154 163 -1
0.1 41 42 -1
0.1 40 165 -1
0.1 39 166 -1
0.1 164 167 -1
0.1 44 45 -1
0.1 43 169 -1
0.1 168 170 -1
0.1 145 171 -1
0.1 143 172 -1
0.1 173 46 -1
0.1 132 174 -1
0.1 47 48 -1
0.1 176 49 -1
0.1 177 50 -1
0.1 52 53 -1
0.1 179 54 -1
0.1 56 57 -1
0.1 181 58 -1
0.1 55 182 -1
0.1 59 60 -1
0.1 183 184 -1
0.1 180 185 -1
0.1 51 186 -1
0.1 62 63 -1
0.1 64 65 -1
0.1 188 189 -1
0.1 61 190 -1
0.1 66 67 -1
0.1 69 70 -1
0.1 72 73 -1
0.1 71 194 -1
0.1 74 75 -1
0.1 195 196 -1
0.1 193 197 -1
0.1 68 198 -1
0.1 192 199 -1
0.1 77 78 -1
0.1 81 82 -1
0.1 80 202 -1
0.1 79 203 -1
0.1 86 87 -1
0.1 88 89 -1
0.1 205 206 -1
0.1 85 207 -1
0.1 208 90 -1
0.1 92 93 -1
0.1 91 210 -1
0.1 209 211 -1
0.1 84 212 -1
0.1 83 213 -1
0.1 204 214 -1
0.1 201 215 -1
0.1 76 216 -1
0.1 94 95 -1
0.1 217 218 -1
0.1 219 96 -1
0.1 200 220 -1
0.1 97 98 -1
0.1 100 101 -1
0.1 223 102 -1
0.1 99 224 -1
0.1 105 106 -1
0.1 104 226 -1
0.1 103 227 -1
0.1 225 228 -1
0.1 222 229 -1
0.1 230 107 -1
0.1 109 110 -1
0.1 108 232 -1
0.1 231 233 -1
0.1 221 234 -1
0.1 191 235 -1
0.1 187 236 -1
0.1 178 237 -1
0.1 111 112 -1
0.1 113 114 -1
0.1 239 240 -1
0.1 241 115 -1
0.1 116 117 -1
0.1 242 243 -1
0.1 121 122 -1
0.1 245 123 -1
0.1 124 125 -1
0.1 246 247 -1
0.1 126 127 -1
0.1 249 128 -1
0.1 248 250 -1
0.1 120 251 -1
0.1 252 129 -1
0.1 253 130 -1
0.1 119 254 -1
0.1 118 255 -1
0.1 244 256 -1
0.1 238 257 -1
0.1 175 258 -1
