1 0 0 1
1 0 0 1
1 0 0 1
1 0 0 1
1 0 0 1
1 0 0 1
1 0 0 1
1 0 0 1
1 0 0 1
1 0 0 1
1 0 0 2
1 0 0 2
1 0 0 3
1 0 0 3
1 0 0 3
1 0 0 3
1 0 0 3
1 0 0 3
1 0 0 3
1 0 0 3
1 0 0 3
1 0 0 3
1 0 0 4
1 0 0 5
1 0 0 5
1 0 0 5
1 0 0 5
1 0 0 5
1 0 0 5
1 0 0 5
1 0 0 5
1 0 0 5
1 0 0 5
1 0 0 4
1 0 0 4
1 0 0 4
1 0 0 4
1 0 0 6
1 0 0 6
1 0 0 6
1 0 0 6
1 0 0 6
1 0 0 6
1 0 0 6
1 0 0 6
1 0 0 6
1 0 0 6
1 0 0 7
1 0 0 7
1 0 0 8
1 0 0 8
1 0 0 8
1 0 0 8
1 0 0 8
1 0 0 8
1 0 0 8
1 0 0 8
1 0 0 8
1 0 0 8
1 0 0 7
1 0 0 7
1 0 0 7
1 0 0 7
1 0 0 7
1 0 0 7
1 0 0 7
1 0 0 7
1 0 0 4
1 0 0 4
1 0 0 4
1 0 0 4
1 0 0 4
1 0 0 9
1 0 0 9
1 0 0 9
1 0 0 9
1 0 0 9
1 0 0 9
1 0 0 9
1 0 0 9
1 0 0 9
1 0 0 10
1 0 0 10
1 0 0 10
1 0 0 10
1 0 0 10
1 0 0 10
1 0 0 10
1 0 0 10
1 0 0 10
1 0 0 10
1 0 0 9
1 0 0 2
1 0 0 2
1 0 0 2
1 0 0 2
1 0 0 2
1 0 0 11
1 0 0 11
1 0 0 11
1 0 0 11
1 0 0 11
1 0 0 11
1 0 0 11
1 0 0 11
1 0 0 11
1 0 0 11
1 0 0 12
1 0 0 12
1 0 0 12
1 0 0 12
1 0 0 12
1 0 0 12
1 0 0 12
1 0 0 12
1 0 0 12
1 0 0 12
1 0 0 13
1 0 0 13
1 0 0 13
1 0 0 13
1 0 0 13
1 0 0 13
1 0 0 13
1 0 0 13
1 0 0 13
1 0 0 13
1 0 0 2
1 0 0 2
1 0 0 2
0.1 1 2 -1
0.1 5 6 -1
0.1 132 7 -1
0.1 133 8 -1
0.1 9 10 -1
0.1 134 135 -1
0.1 4 136 -1
0.1 3 137 -1
0.1 131 138 -1
0.1 15 16 -1
0.1 14 140 -1
0.1 18 19 -1
0.1 142 20 -1
0.1 17 143 -1
0.1 21 22 -1
0.1 144 145 -1
0.1 141 146 -1
0.1 13 147 -1
0.1 26 27 -1
0.1 25 149 -1
0.1 24 150 -1
0.1 28 29 -1
0.1 152 30 -1
0.1 151 153 -1
0.1 154 31 -1
0.1 32 33 -1
0.1 155 156 -1
0.1 35 36 -1
0.1 34 158 -1
0.1 157 159 -1
0.1 23 160 -1
0.1 39 40 -1
0.1 38 162 -1
0.1 41 42 -1
0.1 43 44 -1
0.1 164 165 -1
0.1 46 47 -1
0.1 45 167 -1
0.1 166 168 -1
0.1 163 169 -1
0.1 51 52 -1
0.1 53 54 -1
0.1 171 172 -1
0.1 173 55 -1
0.1 58 59 -1
0.1 57 175 -1
0.1 56 176 -1
0.1 174 177 -1
0.1 50 178 -1
0.1 49 179 -1
0.1 60 61 -1
0.1 63 64 -1
0.1 62 182 -1
0.1 181 183 -1
0.1 180 184 -1
0.1 185 65 -1
0.1 48 186 -1
0.1 66 67 -1
0.1 187 188 -1
0.1 170 189 -1
0.1 37 190 -1
0.1 68 69 -1
0.1 70 71 -1
0.1 192 193 -1
0.1 191 194 -1
0.1 195 72 -1
0.1 161 196 -1
0.1 148 197 -1
0.1 12 198 -1
0.1 73 74 -1
0.1 75 76 -1
0.1 200 201 -1
0.1 202 77 -1
0.1 78 79 -1
0.1 203 204 -1
0.1 84 85 -1
0.1 83 206 -1
0.1 87 88 -1
0.1 86 208 -1
0.1 89 90 -1
0.1 209 210 -1
0.1 207 211 -1
0.1 82 212 -1
0.1 213 91 -1
0.1 81 214 -1
0.1 215 92 -1
0.1 80 216 -1
0.1 205 217 -1
0.1 94 95 -1
0.1 93 219 -1
0.1 218 220 -1
0.1 199 221 -1
0.1 11 222 -1
0.1 96 97 -1
0.1 223 224 -1
0.1 139 225 -1
0.1 99 100 -1
0.1 98 227 -1
0.1 102 103 -1
0.1 101 229 -1
0.1 228 230 -1
0.1 105 106 -1
0.1 232 107 -1
0.1 104 233 -1
0.1 110 111 -1
0.1 109 235 -1
0.1 113 114 -1
0.1 237 115 -1
0.1 116 117 -1
0.1 238 239 -1
0.1 112 240 -1
0.1 236 241 -1
0.1 108 242 -1
0.1 120 121 -1
0.1 244 122 -1
0.1 123 124 -1
0.1 246 125 -1
0.1 245 247 -1
0.1 126 127 -1
0.1 248 249 -1
0.1 119 250 -1
0.1 118 251 -1
0.1 243 252 -1
0.1 234 253 -1
0.1 231 254 -1
0.1 128 129 -1
0.1 256 130 -1
0.1 255 257 -1
0.1 226 258 -1
