1 0 0 1
1 0 0 2
1 0 0 2
1 0 0 2
1 0 0 3
1 0 0 3
1 0 0 3
1 0 0 3
1 0 0 3
1 0 0 3
1 0 0 3
1 0 0 3
1 0 0 3
1 0 0 3
1 0 0 2
1 0 0 2
1 0 0 2
1 0 0 2
1 0 0 4
1 0 0 4
1 0 0 4
1 0 0 4
1 0 0 4
1 0 0 4
1 0 0 4
1 0 0 4
1 0 0 4
1 0 0 4
1 0 0 5
1 0 0 5
1 0 0 5
1 0 0 5
1 0 0 5
1 0 0 5
1 0 0 5
1 0 0 5
1 0 0 6
1 0 0 6
1 0 0 6
1 0 0 6
1 0 0 6
1 0 0 6
1 0 0 6
1 0 0 6
1 0 0 6
1 0 0 6
1 0 0 5
1 0 0 5
1 0 0 7
1 0 0 7
1 0 0 7
1 0 0 7
1 0 0 7
1 0 0 7
1 0 0 7
1 0 0 7
1 0 0 7
1 0 0 7
1 0 0 2
1 0 0 2
1 0 0 2
1 0 0 8
1 0 0 8
1 0 0 8
1 0 0 8
1 0 0 8
1 0 0 8
1 0 0 8
1 0 0 8
1 0 0 8
1 0 0 9
1 0 0 9
1 0 0 9
1 0 0 9
1 0 0 9
1 0 0 9
1 0 0 9
1 0 0 9
1 0 0 9
1 0 0 9
1 0 0 8
1 0 0 1
1 0 0 1
1 0 0 1
1 0 0 10
1 0 0 10
1 0 0 10
1 0 0 11
1 0 0 11
1 0 0 11
1 0 0 11
1 0 0 11
1 0 0 11
1 0 0 11
1 0 0 11
1 0 0 11
1 0 0 11
1 0 0 12
1 0 0 12
1 0 0 12
1 0 0 12
1 0 0 12
1 0 0 12
1 0 0 12
1 0 0 12
1 0 0 12
1 0 0 12
1 0 0 10
1 0 0 10
1 0 0 10
1 0 0 10
1 0 0 10
1 0 0 1
1 0 0 1
1 0 0 1
1 0 0 1
1 0 0 1
1 0 0 1
1 0 0 13
1 0 0 10
1 0 0 10
1 0 0 13
1 0 0 13
1 0 0 13
1 0 0 13
1 0 0 13
1 0 0 13
1 0 0 13
1 0 0 13
1 0 0 13
0.1 2 3 -1
0.1 8 9 -1
0.1 7 132 -1
0.1 6 133 -1
0.1 5 134 -1
0.1 10 11 -1
0.1 136 12 -1
0.1 135 137 -1
0.1 13 14 -1
0.1 138 139 -1
0.1 16 17 -1
0.1 15 141 -1
0.1 140 142 -1
0.1 4 143 -1
0.1 20 21 -1
0.1 19 145 -1
0.1 23 24 -1
0.1 22 147 -1
0.1 25 26 -1
0.1 148 149 -1
0.1 27 28 -1
0.1 150 151 -1
0.1 146 152 -1
0.1 30 31 -1
0.1 32 33 -1
0.1 34 35 -1
0.1 40 41 -1
0.1 39 157 -1
0.1 158 42 -1
0.1 43 44 -1
0.1 45 46 -1
0.1 160 161 -1
0.1 159 162 -1
0.1 38 163 -1
0.1 37 164 -1
0.1 36 165 -1
0.1 156 166 -1
0.1 155 167 -1
0.1 154 168 -1
0.1 29 169 -1
0.1 47 48 -1
0.1 170 171 -1
0.1 153 172 -1
0.1 18 173 -1
0.1 144 174 -1
0.1 51 52 -1
0.1 50 176 -1
0.1 53 54 -1
0.1 56 57 -1
0.1 179 58 -1
0.1 55 180 -1
0.1 178 181 -1
0.1 177 182 -1
0.1 49 183 -1
0.1 175 184 -1
0.1 59 60 -1
0.1 185 186 -1
0.1 131 187 -1
0.1 188 61 -1
0.1 1 189 -1
0.1 64 65 -1
0.1 66 67 -1
0.1 191 192 -1
0.1 193 68 -1
0.1 63 194 -1
0.1 62 195 -1
0.1 73 74 -1
0.1 72 197 -1
0.1 76 77 -1
0.1 75 199 -1
0.1 78 79 -1
0.1 200 201 -1
0.1 198 202 -1
0.1 71 203 -1
0.1 204 80 -1
0.1 70 205 -1
0.1 206 81 -1
0.1 69 207 -1
0.1 196 208 -1
0.1 83 84 -1
0.1 82 210 -1
0.1 209 211 -1
0.1 190 212 -1
0.1 85 86 -1
0.1 214 87 -1
0.1 89 90 -1
0.1 91 92 -1
0.1 93 94 -1
0.1 218 95 -1
0.1 96 97 -1
0.1 219 220 -1
0.1 217 221 -1
0.1 216 222 -1
0.1 88 223 -1
0.1 98 99 -1
0.1 100 101 -1
0.1 102 103 -1
0.1 227 104 -1
0.1 105 106 -1
0.1 229 107 -1
0.1 228 230 -1
0.1 226 231 -1
0.1 225 232 -1
0.1 224 233 -1
0.1 215 234 -1
0.1 108 109 -1
0.1 111 112 -1
0.1 110 237 -1
0.1 236 238 -1
0.1 235 239 -1
0.1 113 114 -1
0.1 241 115 -1
0.1 116 117 -1
0.1 242 243 -1
0.1 244 118 -1
0.1 240 245 -1
0.1 120 121 -1
0.1 247 122 -1
0.1 119 248 -1
0.1 125 126 -1
0.1 250 127 -1
0.1 251 128 -1
0.1 129 130 -1
0.1 252 253 -1
0.1 124 254 -1
0.1 123 255 -1
0.1 249 256 -1
0.1 246 257 -1
0.1 213 258 -1
