1 0 0 1
1 0 0 1
1 0 0 1
1 0 0 1
1 0 0 1
1 0 0 1
1 0 0 1
1 0 0 1
1 0 0 1
1 0 0 1
1 0 0 2
1 0 0 3
1 0 0 4
1 0 0 4
1 0 0 4
1 0 0 4
1 0 0 4
1 0 0 4
1 0 0 4
1 0 0 4
1 0 0 4
1 0 0 4
1 0 0 5
1 0 0 6
1 0 0 6
1 0 0 6
1 0 0 6
1 0 0 6
1 0 0 6
1 0 0 6
1 0 0 6
1 0 0 6
1 0 0 6
1 0 0 7
1 0 0 7
1 0 0 7
1 0 0 7
1 0 0 7
1 0 0 7
1 0 0 7
1 0 0 7
1 0 0 7
1 0 0 7
1 0 0 5
1 0 0 8
1 0 0 9
1 0 0 9
1 0 0 9
1 0 0 9
1 0 0 9
1 0 0 9
1 0 0 10
1 0 0 10
1 0 0 3
1 0 0 3
1 0 0 3
1 0 0 3
1 0 0 11
1 0 0 11
1 0 0 11
1 0 0 11
1 0 0 9
1 0 0 9
1 0 0 11
1 0 0 11
1 0 0 12
1 0 0 13
1 0 0 13
1 0 0 13
1 0 0 13
1 0 0 13
1 0 0 13
1 0 0 13
1 0 0 13
1 0 0 13
1 0 0 13
1 0 0 5
1 0 0 14
1 0 0 14
1 0 0 15
1 0 0 15
1 0 0 15
1 0 0 15
1 0 0 15
1 0 0 15
1 0 0 15
1 0 0 15
1 0 0 15
1 0 0 15
1 0 0 14
1 0 0 14
1 0 0 14
1 0 0 14
1 0 0 14
1 0 0 14
1 0 0 14
1 0 0 14
1 0 0 12
1 0 0 12
1 0 0 12
1 0 0 12
1 0 0 12
1 0 0 12
1 0 0 12
1 0 0 12
1 0 0 12
1 0 0 9
1 0 0 9
1 0 0 11
1 0 0 11
1 0 0 11
1 0 0 11
1 0 0 16
1 0 0 16
1 0 0 16
1 0 0 16
1 0 0 16
1 0 0 16
1 0 0 16
1 0 0 16
1 0 0 16
1 0 0 16
1 0 0 3
1 0 0 3
1 0 0 3
1 0 0 3
1 0 0 3
1 0 0 10
1 0 0 10
1 0 0 17
1 0 0 17
1 0 0 17
1 0 0 17
1 0 0 17
1 0 0 17
1 0 0 17
1 0 0 17
1 0 0 17
1 0 0 17
1 0 0 18
1 0 0 18
1 0 0 18
1 0 0 18
1 0 0 18
1 0 0 18
1 0 0 18
1 0 0 18
1 0 0 18
1 0 0 18
1 0 0 19
1 0 0 19
1 0 0 19
1 0 0 19
1 0 0 19
1 0 0 19
1 0 0 19
1 0 0 19
1 0 0 19
1 0 0 19
1 0 0 20
1 0 0 20
1 0 0 20
1 0 0 20
1 0 0 20
1 0 0 20
1 0 0 20
1 0 0 20
1 0 0 20
1 0 0 20
1 0 0 21
1 0 0 22
1 0 0 22
1 0 0 22
1 0 0 22
1 0 0 23
1 0 0 23
1 0 0 23
1 0 0 23
1 0 0 23
1 0 0 23
1 0 0 23
1 0 0 23
1 0 0 23
1 0 0 23
1 0 0 24
1 0 0 24
1 0 0 24
1 0 0 24
1 0 0 24
1 0 0 24
1 0 0 24
1 0 0 24
1 0 0 24
1 0 0 24
1 0 0 21
1 0 0 21
1 0 0 21
1 0 0 21
1 0 0 21
1 0 0 21
1 0 0 8
1 0 0 8
1 0 0 8
1 0 0 8
1 0 0 8
1 0 0 8
1 0 0 8
1 0 0 8
1 0 0 8
1 0 0 22
1 0 0 5
1 0 0 5
1 0 0 5
1 0 0 5
1 0 0 5
1 0 0 5
1 0 0 5
1 0 0 22
1 0 0 22
1 0 0 22
1 0 0 22
1 0 0 22
1 0 0 21
1 0 0 21
1 0 0 21
1 0 0 25
1 0 0 26
1 0 0 26
1 0 0 26
1 0 0 26
1 0 0 26
1 0 0 26
1 0 0 26
1 0 0 26
1 0 0 26
1 0 0 26
1 0 0 25
1 0 0 25
1 0 0 10
1 0 0 10
1 0 0 27
1 0 0 27
1 0 0 27
1 0 0 27
1 0 0 27
1 0 0 27
1 0 0 27
1 0 0 27
1 0 0 27
1 0 0 27
1 0 0 28
1 0 0 28
1 0 0 28
1 0 0 28
1 0 0 28
1 0 0 28
1 0 0 28
1 0 0 28
1 0 0 28
1 0 0 28
1 0 0 10
1 0 0 10
1 0 0 10
1 0 0 10
1 0 0 25
1 0 0 25
1 0 0 25
1 0 0 25
1 0 0 25
1 0 0 29
1 0 0 29
1 0 0 29
1 0 0 29
1 0 0 29
1 0 0 29
1 0 0 29
1 0 0 29
1 0 0 29
1 0 0 29
1 0 0 30
1 0 0 30
1 0 0 30
1 0 0 30
1 0 0 30
1 0 0 30
1 0 0 30
1 0 0 30
1 0 0 30
1 0 0 30
1 0 0 31
1 0 0 31
1 0 0 31
1 0 0 31
1 0 0 31
1 0 0 31
1 0 0 31
1 0 0 31
1 0 0 31
1 0 0 32
1 0 0 32
1 0 0 32
1 0 0 32
1 0 0 32
1 0 0 32
1 0 0 32
1 0 0 32
1 0 0 32
1 0 0 32
1 0 0 31
1 0 0 33
1 0 0 33
1 0 0 33
1 0 0 33
1 0 0 33
1 0 0 33
1 0 0 33
1 0 0 33
1 0 0 33
1 0 0 33
1 0 0 34
1 0 0 34
1 0 0 34
1 0 0 34
1 0 0 34
1 0 0 34
1 0 0 34
1 0 0 34
1 0 0 34
1 0 0 34
1 0 0 25
1 0 0 25
1 0 0 35
1 0 0 35
1 0 0 35
1 0 0 36
1 0 0 36
1 0 0 36
1 0 0 36
1 0 0 36
1 0 0 36
1 0 0 36
1 0 0 36
1 0 0 36
1 0 0 36
1 0 0 37
1 0 0 37
1 0 0 37
1 0 0 37
1 0 0 37
1 0 0 37
1 0 0 37
1 0 0 37
1 0 0 35
1 0 0 37
1 0 0 37
1 0 0 35
1 0 0 35
1 0 0 35
1 0 0 38
1 0 0 38
1 0 0 38
1 0 0 38
1 0 0 38
1 0 0 38
1 0 0 38
1 0 0 38
1 0 0 38
1 0 0 38
1 0 0 35
1 0 0 35
1 0 0 35
1 0 0 2
1 0 0 2
1 0 0 2
1 0 0 2
1 0 0 2
1 0 0 2
1 0 0 2
1 0 0 2
1 0 0 2
0.1 3 4 -1
0.1 5 6 -1
0.1 8 9 -1
0.1 7 383 -1
0.1 382 384 -1
0.1 381 385 -1
0.1 2 386 -1
0.1 387 10 -1
0.1 1 388 -1
0.1 11 12 -1
0.1 13 14 -1
0.1 16 17 -1
0.1 392 18 -1
0.1 15 393 -1
0.1 19 20 -1
0.1 394 395 -1
0.1 396 21 -1
0.1 391 397 -1
0.1 398 22 -1
0.1 399 23 -1
0.1 25 26 -1
0.1 27 28 -1
0.1 401 402 -1
0.1 29 30 -1
0.1 404 31 -1
0.1 403 405 -1
0.1 406 32 -1
0.1 407 33 -1
0.1 24 408 -1
0.1 37 38 -1
0.1 36 410 -1
0.1 411 39 -1
0.1 40 41 -1
0.1 412 413 -1
0.1 414 42 -1
0.1 415 43 -1
0.1 35 416 -1
0.1 34 417 -1
0.1 409 418 -1
0.1 400 419 -1
0.1 420 44 -1
0.1 390 421 -1
0.1 422 45 -1
0.1 47 48 -1
0.1 46 424 -1
0.1 50 51 -1
0.1 49 426 -1
0.1 425 427 -1
0.1 52 53 -1
0.1 55 56 -1
0.1 430 57 -1
0.1 54 431 -1
0.1 429 432 -1
0.1 59 60 -1
0.1 58 434 -1
0.1 62 63 -1
0.1 64 65 -1
0.1 68 69 -1
0.1 67 438 -1
0.1 70 71 -1
0.1 439 440 -1
0.1 72 73 -1
0.1 74 75 -1
0.1 443 76 -1
0.1 442 444 -1
0.1 441 445 -1
0.1 78 79 -1
0.1 81 82 -1
0.1 80 448 -1
0.1 83 84 -1
0.1 85 86 -1
0.1 88 89 -1
0.1 87 452 -1
0.1 451 453 -1
0.1 450 454 -1
0.1 449 455 -1
0.1 90 91 -1
0.1 457 92 -1
0.1 458 93 -1
0.1 459 94 -1
0.1 460 95 -1
0.1 461 96 -1
0.1 462 97 -1
0.1 456 463 -1
0.1 447 464 -1
0.1 77 465 -1
0.1 446 466 -1
0.1 99 100 -1
0.1 98 468 -1
0.1 467 469 -1
0.1 101 102 -1
0.1 470 471 -1
0.1 472 103 -1
0.1 105 106 -1
0.1 104 474 -1
0.1 473 475 -1
0.1 66 476 -1
0.1 437 477 -1
0.1 107 108 -1
0.1 478 479 -1
0.1 436 480 -1
0.1 481 109 -1
0.1 482 110 -1
0.1 61 483 -1
0.1 435 484 -1
0.1 485 111 -1
0.1 486 112 -1
0.1 433 487 -1
0.1 428 488 -1
0.1 423 489 -1
0.1 114 115 -1
0.1 491 116 -1
0.1 118 119 -1
0.1 117 493 -1
0.1 492 494 -1
0.1 113 495 -1
0.1 496 120 -1
0.1 121 122 -1
0.1 497 498 -1
0.1 123 124 -1
0.1 125 126 -1
0.1 500 501 -1
0.1 502 127 -1
0.1 499 503 -1
0.1 131 132 -1
0.1 133 134 -1
0.1 505 506 -1
0.1 137 138 -1
0.1 508 139 -1
0.1 136 509 -1
0.1 135 510 -1
0.1 507 511 -1
0.1 130 512 -1
0.1 129 513 -1
0.1 128 514 -1
0.1 141 142 -1
0.1 140 516 -1
0.1 143 144 -1
0.1 145 146 -1
0.1 519 147 -1
0.1 518 520 -1
0.1 517 521 -1
0.1 148 149 -1
0.1 522 523 -1
0.1 150 151 -1
0.1 152 153 -1
0.1 155 156 -1
0.1 527 157 -1
0.1 154 528 -1
0.1 529 158 -1
0.1 526 530 -1
0.1 525 531 -1
0.1 532 159 -1
0.1 162 163 -1
0.1 534 164 -1
0.1 161 535 -1
0.1 160 536 -1
0.1 165 166 -1
0.1 167 168 -1
0.1 538 539 -1
0.1 537 540 -1
0.1 541 169 -1
0.1 533 542 -1
0.1 524 543 -1
0.1 515 544 -1
0.1 504 545 -1
0.1 490 546 -1
0.1 389 547 -1
0.1 171 172 -1
0.1 173 174 -1
0.1 549 550 -1
0.1 177 178 -1
0.1 176 552 -1
0.1 180 181 -1
0.1 179 554 -1
0.1 553 555 -1
0.1 175 556 -1
0.1 182 183 -1
0.1 558 184 -1
0.1 557 559 -1
0.1 188 189 -1
0.1 187 561 -1
0.1 190 191 -1
0.1 562 563 -1
0.1 186 564 -1
0.1 185 565 -1
0.1 192 193 -1
0.1 566 567 -1
0.1 568 194 -1
0.1 560 569 -1
0.1 551 570 -1
0.1 571 195 -1
0.1 197 198 -1
0.1 196 573 -1
0.1 572 574 -1
0.1 199 200 -1
0.1 201 202 -1
0.1 203 204 -1
0.1 577 578 -1
0.1 206 207 -1
0.1 208 209 -1
0.1 580 581 -1
0.1 205 582 -1
0.1 579 583 -1
0.1 211 212 -1
0.1 216 217 -1
0.1 215 586 -1
0.1 214 587 -1
0.1 213 588 -1
0.1 585 589 -1
0.1 210 590 -1
0.1 584 591 -1
0.1 219 220 -1
0.1 593 221 -1
0.1 218 594 -1
0.1 595 222 -1
0.1 592 596 -1
0.1 576 597 -1
0.1 575 598 -1
0.1 599 223 -1
0.1 600 224 -1
0.1 228 229 -1
0.1 232 233 -1
0.1 231 603 -1
0.1 230 604 -1
0.1 602 605 -1
0.1 227 606 -1
0.1 234 235 -1
0.1 608 236 -1
0.1 607 609 -1
0.1 237 238 -1
0.1 610 611 -1
0.1 242 243 -1
0.1 241 613 -1
0.1 245 246 -1
0.1 244 615 -1
0.1 614 616 -1
0.1 247 248 -1
0.1 249 250 -1
0.1 618 619 -1
0.1 617 620 -1
0.1 251 252 -1
0.1 622 253 -1
0.1 255 256 -1
0.1 254 624 -1
0.1 623 625 -1
0.1 257 258 -1
0.1 627 259 -1
0.1 628 260 -1
0.1 626 629 -1
0.1 630 261 -1
0.1 621 631 -1
0.1 632 262 -1
0.1 240 633 -1
0.1 239 634 -1
0.1 263 264 -1
0.1 635 636 -1
0.1 265 266 -1
0.1 267 268 -1
0.1 638 639 -1
0.1 637 640 -1
0.1 271 272 -1
0.1 270 642 -1
0.1 273 274 -1
0.1 644 275 -1
0.1 277 278 -1
0.1 276 646 -1
0.1 647 279 -1
0.1 645 648 -1
0.1 643 649 -1
0.1 269 650 -1
0.1 282 283 -1
0.1 281 652 -1
0.1 284 285 -1
0.1 653 654 -1
0.1 286 287 -1
0.1 656 288 -1
0.1 655 657 -1
0.1 658 289 -1
0.1 280 659 -1
0.1 290 291 -1
0.1 661 292 -1
0.1 294 295 -1
0.1 293 663 -1
0.1 662 664 -1
0.1 297 298 -1
0.1 301 302 -1
0.1 667 303 -1
0.1 304 305 -1
0.1 668 669 -1
0.1 307 308 -1
0.1 306 671 -1
0.1 670 672 -1
0.1 300 673 -1
0.1 299 674 -1
0.1 675 309 -1
0.1 666 676 -1
0.1 296 677 -1
0.1 665 678 -1
0.1 660 679 -1
0.1 312 313 -1
0.1 311 681 -1
0.1 682 314 -1
0.1 315 316 -1
0.1 683 684 -1
0.1 317 318 -1
0.1 685 686 -1
0.1 687 319 -1
0.1 310 688 -1
0.1 680 689 -1
0.1 322 323 -1
0.1 321 691 -1
0.1 325 326 -1
0.1 324 693 -1
0.1 694 327 -1
0.1 692 695 -1
0.1 328 329 -1
0.1 696 697 -1
0.1 320 698 -1
0.1 690 699 -1
0.1 651 700 -1
0.1 641 701 -1
0.1 612 702 -1
0.1 703 330 -1
0.1 704 331 -1
0.1 226 705 -1
0.1 225 706 -1
0.1 333 334 -1
0.1 332 708 -1
0.1 337 338 -1
0.1 336 710 -1
0.1 335 711 -1
0.1 339 340 -1
0.1 712 713 -1
0.1 341 342 -1
0.1 715 343 -1
0.1 714 716 -1
0.1 717 344 -1
0.1 345 346 -1
0.1 718 719 -1
0.1 347 348 -1
0.1 349 350 -1
0.1 721 722 -1
0.1 723 351 -1
0.1 724 352 -1
0.1 354 355 -1
0.1 726 356 -1
0.1 353 727 -1
0.1 728 357 -1
0.1 725 729 -1
0.1 720 730 -1
0.1 359 360 -1
0.1 361 362 -1
0.1 733 363 -1
0.1 732 734 -1
0.1 364 365 -1
0.1 735 736 -1
0.1 367 368 -1
0.1 366 738 -1
0.1 737 739 -1
0.1 369 370 -1
0.1 740 741 -1
0.1 358 742 -1
0.1 731 743 -1
0.1 372 373 -1
0.1 745 374 -1
0.1 375 376 -1
0.1 377 378 -1
0.1 379 380 -1
0.1 748 749 -1
0.1 747 750 -1
0.1 746 751 -1
0.1 371 752 -1
0.1 744 753 -1
0.1 709 754 -1
0.1 707 755 -1
0.1 601 756 -1
0.1 170 757 -1
0.1 548 758 -1
