1 0 0 1
1 0 0 1
1 0 0 2
1 0 0 2
1 0 0 3
1 0 0 3
1 0 0 3
1 0 0 3
1 0 0 3
1 0 0 3
1 0 0 3
1 0 0 3
1 0 0 3
1 0 0 3
1 0 0 2
1 0 0 2
1 0 0 2
1 0 0 2
1 0 0 2
1 0 0 2
1 0 0 2
1 0 0 4
1 0 0 4
1 0 0 4
1 0 0 4
1 0 0 4
1 0 0 4
1 0 0 4
1 0 0 4
1 0 0 4
1 0 0 4
1 0 0 2
1 0 0 1
1 0 0 1
1 0 0 5
1 0 0 5
1 0 0 5
1 0 0 5
1 0 0 5
1 0 0 5
1 0 0 5
1 0 0 5
1 0 0 5
1 0 0 5
1 0 0 6
1 0 0 6
1 0 0 6
1 0 0 6
1 0 0 6
1 0 0 6
1 0 0 6
1 0 0 6
1 0 0 6
1 0 0 6
1 0 0 7
1 0 0 7
1 0 0 7
1 0 0 7
1 0 0 7
1 0 0 7
1 0 0 7
1 0 0 7
1 0 0 7
1 0 0 7
1 0 0 1
1 0 0 1
1 0 0 1
1 0 0 1
1 0 0 1
1 0 0 1
1 0 0 8
1 0 0 8
1 0 0 8
1 0 0 9
1 0 0 9
1 0 0 9
1 0 0 9
1 0 0 10
1 0 0 10
1 0 0 10
1 0 0 10
1 0 0 10
1 0 0 10
1 0 0 10
1 0 0 10
1 0 0 10
1 0 0 10
1 0 0 9
1 0 0 9
1 0 0 9
1 0 0 9
1 0 0 9
1 0 0 9
1 0 0 8
1 0 0 8
1 0 0 8
1 0 0 8
1 0 0 8
1 0 0 8
1 0 0 8
1 0 0 11
1 0 0 11
1 0 0 11
1 0 0 12
1 0 0 12
1 0 0 12
1 0 0 12
1 0 0 12
1 0 0 12
1 0 0 12
1 0 0 12
1 0 0 12
1 0 0 12
1 0 0 11
1 0 0 11
1 0 0 11
1 0 0 11
1 0 0 11
1 0 0 11
1 0 0 11
1 0 0 13
1 0 0 13
1 0 0 13
1 0 0 13
1 0 0 13
1 0 0 14
1 0 0 14
1 0 0 14
1 0 0 14
1 0 0 14
1 0 0 14
1 0 0 14
1 0 0 14
1 0 0 14
1 0 0 14
1 0 0 13
1 0 0 13
1 0 0 13
1 0 0 13
1 0 0 13
1 0 0 15
1 0 0 15
1 0 0 15
1 0 0 15
1 0 0 15
1 0 0 15
1 0 0 15
1 0 0 15
1 0 0 15
1 0 0 15
1 0 0 16
1 0 0 16
1 0 0 16
1 0 0 16
1 0 0 16
1 0 0 16
1 0 0 16
1 0 0 16
1 0 0 16
1 0 0 16
1 0 0 17
1 0 0 17
1 0 0 18
1 0 0 18
1 0 0 18
1 0 0 18
1 0 0 18
1 0 0 18
1 0 0 19
1 0 0 19
1 0 0 19
1 0 0 19
1 0 0 19
1 0 0 19
1 0 0 19
1 0 0 19
1 0 0 19
1 0 0 19
1 0 0 18
1 0 0 18
1 0 0 18
1 0 0 18
1 0 0 20
1 0 0 20
1 0 0 20
1 0 0 20
1 0 0 21
1 0 0 21
1 0 0 21
1 0 0 21
1 0 0 21
1 0 0 21
1 0 0 21
1 0 0 21
1 0 0 21
1 0 0 21
1 0 0 22
1 0 0 23
1 0 0 23
1 0 0 23
1 0 0 23
1 0 0 23
1 0 0 23
1 0 0 23
1 0 0 23
1 0 0 23
1 0 0 23
1 0 0 22
1 0 0 22
1 0 0 24
1 0 0 24
1 0 0 24
1 0 0 24
1 0 0 24
1 0 0 24
1 0 0 24
1 0 0 24
1 0 0 24
1 0 0 24
1 0 0 22
1 0 0 22
1 0 0 22
1 0 0 22
1 0 0 22
1 0 0 22
1 0 0 22
1 0 0 20
1 0 0 20
1 0 0 20
1 0 0 20
1 0 0 20
1 0 0 20
1 0 0 25
1 0 0 25
1 0 0 25
1 0 0 25
1 0 0 25
1 0 0 25
1 0 0 25
1 0 0 25
1 0 0 25
1 0 0 25
1 0 0 26
1 0 0 26
1 0 0 26
1 0 0 27
1 0 0 27
1 0 0 27
1 0 0 27
1 0 0 27
1 0 0 27
1 0 0 27
1 0 0 28
1 0 0 28
1 0 0 28
1 0 0 28
1 0 0 28
1 0 0 28
1 0 0 28
1 0 0 28
1 0 0 29
1 0 0 29
1 0 0 29
1 0 0 30
1 0 0 30
1 0 0 30
1 0 0 30
1 0 0 30
1 0 0 30
1 0 0 30
1 0 0 30
1 0 0 30
1 0 0 30
1 0 0 29
1 0 0 29
1 0 0 29
1 0 0 29
1 0 0 29
1 0 0 29
1 0 0 29
1 0 0 28
1 0 0 28
1 0 0 27
1 0 0 27
1 0 0 27
1 0 0 26
1 0 0 17
1 0 0 17
1 0 0 31
1 0 0 31
1 0 0 31
1 0 0 31
1 0 0 31
1 0 0 31
1 0 0 31
1 0 0 31
1 0 0 31
1 0 0 31
1 0 0 17
1 0 0 17
1 0 0 17
1 0 0 17
1 0 0 17
1 0 0 17
1 0 0 32
1 0 0 32
1 0 0 33
1 0 0 33
1 0 0 33
1 0 0 33
1 0 0 33
1 0 0 33
1 0 0 33
1 0 0 33
1 0 0 33
1 0 0 33
1 0 0 34
1 0 0 34
1 0 0 34
1 0 0 26
1 0 0 35
1 0 0 35
1 0 0 35
1 0 0 35
1 0 0 35
1 0 0 35
1 0 0 35
1 0 0 35
1 0 0 35
1 0 0 35
1 0 0 34
1 0 0 34
1 0 0 34
1 0 0 34
1 0 0 34
1 0 0 34
1 0 0 34
1 0 0 26
1 0 0 26
1 0 0 26
1 0 0 26
1 0 0 26
1 0 0 32
1 0 0 32
1 0 0 32
1 0 0 32
1 0 0 32
1 0 0 32
1 0 0 32
1 0 0 32
1 0 0 36
1 0 0 36
1 0 0 36
1 0 0 37
1 0 0 37
1 0 0 37
1 0 0 37
1 0 0 37
1 0 0 37
1 0 0 37
1 0 0 37
1 0 0 37
1 0 0 37
1 0 0 36
1 0 0 36
1 0 0 36
1 0 0 36
1 0 0 38
1 0 0 38
1 0 0 39
1 0 0 39
1 0 0 39
1 0 0 39
1 0 0 39
1 0 0 39
1 0 0 39
1 0 0 39
1 0 0 39
1 0 0 39
1 0 0 38
1 0 0 38
1 0 0 38
1 0 0 38
1 0 0 38
1 0 0 38
1 0 0 38
1 0 0 38
1 0 0 36
1 0 0 36
1 0 0 36
1 0 0 40
1 0 0 40
1 0 0 40
1 0 0 40
1 0 0 40
1 0 0 40
1 0 0 40
1 0 0 40
1 0 0 40
1 0 0 40
1 0 0 41
1 0 0 41
1 0 0 41
1 0 0 41
1 0 0 41
1 0 0 41
1 0 0 41
1 0 0 41
1 0 0 41
1 0 0 41
1 0 0 42
1 0 0 42
1 0 0 43
1 0 0 43
1 0 0 43
1 0 0 43
1 0 0 43
1 0 0 43
1 0 0 43
1 0 0 43
1 0 0 43
1 0 0 43
1 0 0 42
1 0 0 42
1 0 0 42
1 0 0 42
1 0 0 42
1 0 0 42
1 0 0 44
1 0 0 44
1 0 0 44
1 0 0 44
1 0 0 45
1 0 0 45
1 0 0 46
1 0 0 46
1 0 0 46
1 0 0 46
1 0 0 46
1 0 0 46
1 0 0 46
1 0 0 46
1 0 0 46
1 0 0 46
1 0 0 45
1 0 0 47
1 0 0 47
1 0 0 47
1 0 0 47
1 0 0 47
1 0 0 47
1 0 0 47
1 0 0 47
1 0 0 47
1 0 0 47
1 0 0 48
1 0 0 48
1 0 0 48
1 0 0 48
1 0 0 48
1 0 0 48
1 0 0 48
1 0 0 48
1 0 0 48
1 0 0 48
1 0 0 45
1 0 0 49
1 0 0 49
1 0 0 49
1 0 0 49
1 0 0 49
1 0 0 49
1 0 0 49
1 0 0 49
1 0 0 49
1 0 0 49
1 0 0 50
1 0 0 50
1 0 0 50
1 0 0 50
1 0 0 50
1 0 0 50
1 0 0 50
1 0 0 50
1 0 0 50
1 0 0 50
1 0 0 51
1 0 0 51
1 0 0 51
1 0 0 51
1 0 0 51
1 0 0 51
1 0 0 51
1 0 0 51
1 0 0 51
1 0 0 51
1 0 0 42
1 0 0 42
1 0 0 52
1 0 0 52
1 0 0 52
1 0 0 52
1 0 0 52
1 0 0 52
1 0 0 52
1 0 0 52
1 0 0 52
1 0 0 52
1 0 0 44
1 0 0 44
1 0 0 44
1 0 0 44
1 0 0 44
1 0 0 44
1 0 0 53
1 0 0 53
1 0 0 53
1 0 0 53
1 0 0 53
1 0 0 53
1 0 0 53
1 0 0 53
1 0 0 53
1 0 0 53
1 0 0 45
1 0 0 45
1 0 0 45
1 0 0 45
1 0 0 45
1 0 0 45
1 0 0 54
1 0 0 54
1 0 0 54
1 0 0 54
1 0 0 54
1 0 0 54
1 0 0 54
1 0 0 54
1 0 0 54
1 0 0 54
1 0 0 55
1 0 0 55
1 0 0 55
1 0 0 55
1 0 0 56
1 0 0 56
1 0 0 56
1 0 0 56
1 0 0 56
1 0 0 57
1 0 0 57
1 0 0 57
1 0 0 57
1 0 0 57
1 0 0 57
1 0 0 57
1 0 0 57
1 0 0 57
1 0 0 57
1 0 0 56
1 0 0 55
1 0 0 55
1 0 0 55
1 0 0 55
1 0 0 55
1 0 0 58
1 0 0 58
1 0 0 58
1 0 0 58
1 0 0 58
1 0 0 58
1 0 0 58
1 0 0 58
1 0 0 58
1 0 0 58
1 0 0 55
1 0 0 59
1 0 0 59
1 0 0 59
1 0 0 59
1 0 0 60
1 0 0 60
1 0 0 60
1 0 0 60
1 0 0 60
1 0 0 60
1 0 0 60
1 0 0 60
1 0 0 60
1 0 0 60
1 0 0 59
1 0 0 59
1 0 0 59
1 0 0 59
1 0 0 59
1 0 0 59
1 0 0 56
1 0 0 56
1 0 0 61
1 0 0 61
1 0 0 61
1 0 0 61
1 0 0 61
1 0 0 61
1 0 0 61
1 0 0 61
1 0 0 61
1 0 0 61
1 0 0 56
1 0 0 56
0.1 1 2 -1
0.1 3 4 -1
0.1 7 8 -1
0.1 6 613 -1
0.1 614 9 -1
0.1 5 615 -1
0.1 11 12 -1
0.1 10 617 -1
0.1 13 14 -1
0.1 618 619 -1
0.1 616 620 -1
0.1 612 621 -1
0.1 15 16 -1
0.1 623 17 -1
0.1 19 20 -1
0.1 18 625 -1
0.1 626 21 -1
0.1 624 627 -1
0.1 622 628 -1
0.1 22 23 -1
0.1 25 26 -1
0.1 24 631 -1
0.1 28 29 -1
0.1 30 31 -1
0.1 633 634 -1
0.1 27 635 -1
0.1 632 636 -1
0.1 630 637 -1
0.1 638 32 -1
0.1 629 639 -1
0.1 640 33 -1
0.1 611 641 -1
0.1 35 36 -1
0.1 38 39 -1
0.1 644 40 -1
0.1 37 645 -1
0.1 643 646 -1
0.1 41 42 -1
0.1 43 44 -1
0.1 46 47 -1
0.1 49 50 -1
0.1 48 651 -1
0.1 650 652 -1
0.1 45 653 -1
0.1 52 53 -1
0.1 51 655 -1
0.1 654 656 -1
0.1 657 54 -1
0.1 649 658 -1
0.1 648 659 -1
0.1 647 660 -1
0.1 56 57 -1
0.1 55 662 -1
0.1 58 59 -1
0.1 663 664 -1
0.1 60 61 -1
0.1 63 64 -1
0.1 62 667 -1
0.1 666 668 -1
0.1 665 669 -1
0.1 661 670 -1
0.1 34 671 -1
0.1 65 66 -1
0.1 67 68 -1
0.1 69 70 -1
0.1 674 675 -1
0.1 673 676 -1
0.1 672 677 -1
0.1 642 678 -1
0.1 72 73 -1
0.1 71 680 -1
0.1 74 75 -1
0.1 76 77 -1
0.1 682 683 -1
0.1 78 79 -1
0.1 80 81 -1
0.1 83 84 -1
0.1 86 87 -1
0.1 85 688 -1
0.1 687 689 -1
0.1 82 690 -1
0.1 686 691 -1
0.1 685 692 -1
0.1 693 88 -1
0.1 90 91 -1
0.1 695 92 -1
0.1 89 696 -1
0.1 694 697 -1
0.1 698 93 -1
0.1 684 699 -1
0.1 681 700 -1
0.1 95 96 -1
0.1 94 702 -1
0.1 97 98 -1
0.1 99 100 -1
0.1 704 705 -1
0.1 703 706 -1
0.1 701 707 -1
0.1 101 102 -1
0.1 709 103 -1
0.1 104 105 -1
0.1 108 109 -1
0.1 107 712 -1
0.1 713 110 -1
0.1 714 111 -1
0.1 112 113 -1
0.1 715 716 -1
0.1 106 717 -1
0.1 711 718 -1
0.1 719 114 -1
0.1 710 720 -1
0.1 116 117 -1
0.1 115 722 -1
0.1 119 120 -1
0.1 118 724 -1
0.1 723 725 -1
0.1 121 122 -1
0.1 124 125 -1
0.1 123 728 -1
0.1 727 729 -1
0.1 129 130 -1
0.1 128 731 -1
0.1 127 732 -1
0.1 132 133 -1
0.1 131 734 -1
0.1 733 735 -1
0.1 126 736 -1
0.1 134 135 -1
0.1 737 738 -1
0.1 137 138 -1
0.1 740 139 -1
0.1 136 741 -1
0.1 742 140 -1
0.1 739 743 -1
0.1 730 744 -1
0.1 141 142 -1
0.1 143 144 -1
0.1 746 747 -1
0.1 748 145 -1
0.1 149 150 -1
0.1 148 750 -1
0.1 147 751 -1
0.1 146 752 -1
0.1 749 753 -1
0.1 745 754 -1
0.1 151 152 -1
0.1 756 153 -1
0.1 154 155 -1
0.1 157 158 -1
0.1 156 759 -1
0.1 159 160 -1
0.1 760 761 -1
0.1 758 762 -1
0.1 757 763 -1
0.1 755 764 -1
0.1 726 765 -1
0.1 721 766 -1
0.1 708 767 -1
0.1 679 768 -1
0.1 161 162 -1
0.1 166 167 -1
0.1 165 771 -1
0.1 169 170 -1
0.1 773 171 -1
0.1 172 173 -1
0.1 174 175 -1
0.1 775 776 -1
0.1 777 176 -1
0.1 774 778 -1
0.1 177 178 -1
0.1 779 780 -1
0.1 168 781 -1
0.1 772 782 -1
0.1 179 180 -1
0.1 181 182 -1
0.1 784 785 -1
0.1 783 786 -1
0.1 164 787 -1
0.1 163 788 -1
0.1 183 184 -1
0.1 185 186 -1
0.1 790 791 -1
0.1 188 189 -1
0.1 191 192 -1
0.1 794 193 -1
0.1 795 194 -1
0.1 190 796 -1
0.1 195 196 -1
0.1 797 798 -1
0.1 793 799 -1
0.1 187 800 -1
0.1 198 199 -1
0.1 202 203 -1
0.1 201 803 -1
0.1 205 206 -1
0.1 204 805 -1
0.1 806 207 -1
0.1 804 807 -1
0.1 200 808 -1
0.1 802 809 -1
0.1 208 209 -1
0.1 211 212 -1
0.1 215 216 -1
0.1 214 813 -1
0.1 213 814 -1
0.1 812 815 -1
0.1 217 218 -1
0.1 817 219 -1
0.1 816 818 -1
0.1 210 819 -1
0.1 811 820 -1
0.1 821 220 -1
0.1 810 822 -1
0.1 221 222 -1
0.1 823 824 -1
0.1 197 825 -1
0.1 224 225 -1
0.1 223 827 -1
0.1 828 226 -1
0.1 826 829 -1
0.1 801 830 -1
0.1 230 231 -1
0.1 229 832 -1
0.1 228 833 -1
0.1 834 232 -1
0.1 227 835 -1
0.1 831 836 -1
0.1 792 837 -1
0.1 233 234 -1
0.1 839 235 -1
0.1 238 239 -1
0.1 237 841 -1
0.1 842 240 -1
0.1 236 843 -1
0.1 241 242 -1
0.1 844 845 -1
0.1 840 846 -1
0.1 243 244 -1
0.1 246 247 -1
0.1 849 248 -1
0.1 250 251 -1
0.1 249 851 -1
0.1 254 255 -1
0.1 853 256 -1
0.1 257 258 -1
0.1 854 855 -1
0.1 253 856 -1
0.1 259 260 -1
0.1 857 858 -1
0.1 262 263 -1
0.1 261 860 -1
0.1 266 267 -1
0.1 269 270 -1
0.1 268 863 -1
0.1 862 864 -1
0.1 265 865 -1
0.1 866 271 -1
0.1 867 272 -1
0.1 264 868 -1
0.1 869 273 -1
0.1 870 274 -1
0.1 861 871 -1
0.1 872 275 -1
0.1 279 280 -1
0.1 278 874 -1
0.1 277 875 -1
0.1 276 876 -1
0.1 873 877 -1
0.1 281 282 -1
0.1 878 879 -1
0.1 859 880 -1
0.1 881 283 -1
0.1 252 882 -1
0.1 852 883 -1
0.1 884 284 -1
0.1 885 285 -1
0.1 850 886 -1
0.1 245 887 -1
0.1 848 888 -1
0.1 847 889 -1
0.1 890 286 -1
0.1 838 891 -1
0.1 789 892 -1
0.1 287 288 -1
0.1 893 894 -1
0.1 770 895 -1
0.1 292 293 -1
0.1 291 897 -1
0.1 294 295 -1
0.1 898 899 -1
0.1 290 900 -1
0.1 901 296 -1
0.1 902 297 -1
0.1 289 903 -1
0.1 904 298 -1
0.1 301 302 -1
0.1 300 906 -1
0.1 299 907 -1
0.1 303 304 -1
0.1 908 909 -1
0.1 905 910 -1
0.1 896 911 -1
0.1 305 306 -1
0.1 308 309 -1
0.1 914 310 -1
0.1 307 915 -1
0.1 311 312 -1
0.1 314 315 -1
0.1 918 316 -1
0.1 313 919 -1
0.1 917 920 -1
0.1 916 921 -1
0.1 318 319 -1
0.1 317 923 -1
0.1 320 321 -1
0.1 323 324 -1
0.1 322 926 -1
0.1 925 927 -1
0.1 327 328 -1
0.1 326 929 -1
0.1 325 930 -1
0.1 931 329 -1
0.1 932 330 -1
0.1 928 933 -1
0.1 934 331 -1
0.1 333 334 -1
0.1 332 936 -1
0.1 336 337 -1
0.1 335 938 -1
0.1 937 939 -1
0.1 935 940 -1
0.1 924 941 -1
0.1 338 339 -1
0.1 341 342 -1
0.1 340 944 -1
0.1 943 945 -1
0.1 942 946 -1
0.1 922 947 -1
0.1 913 948 -1
0.1 912 949 -1
0.1 343 344 -1
0.1 346 347 -1
0.1 348 349 -1
0.1 952 953 -1
0.1 345 954 -1
0.1 951 955 -1
0.1 351 352 -1
0.1 355 356 -1
0.1 354 958 -1
0.1 357 358 -1
0.1 361 362 -1
0.1 360 961 -1
0.1 359 962 -1
0.1 960 963 -1
0.1 964 363 -1
0.1 959 965 -1
0.1 364 365 -1
0.1 967 366 -1
0.1 966 968 -1
0.1 353 969 -1
0.1 957 970 -1
0.1 371 372 -1
0.1 972 373 -1
0.1 973 374 -1
0.1 370 974 -1
0.1 375 376 -1
0.1 975 976 -1
0.1 377 378 -1
0.1 978 379 -1
0.1 977 979 -1
0.1 382 383 -1
0.1 981 384 -1
0.1 982 385 -1
0.1 381 983 -1
0.1 984 386 -1
0.1 380 985 -1
0.1 980 986 -1
0.1 369 987 -1
0.1 368 988 -1
0.1 989 387 -1
0.1 367 990 -1
0.1 388 389 -1
0.1 991 992 -1
0.1 993 390 -1
0.1 971 994 -1
0.1 350 995 -1
0.1 956 996 -1
0.1 950 997 -1
0.1 769 998 -1
0.1 392 393 -1
0.1 391 1000 -1
0.1 394 395 -1
0.1 397 398 -1
0.1 396 1003 -1
0.1 399 400 -1
0.1 1004 1005 -1
0.1 1002 1006 -1
0.1 1001 1007 -1
0.1 401 402 -1
0.1 1009 403 -1
0.1 406 407 -1
0.1 405 1011 -1
0.1 404 1012 -1
0.1 1010 1013 -1
0.1 409 410 -1
0.1 408 1015 -1
0.1 1014 1016 -1
0.1 411 412 -1
0.1 1017 1018 -1
0.1 413 414 -1
0.1 416 417 -1
0.1 415 1021 -1
0.1 1020 1022 -1
0.1 419 420 -1
0.1 421 422 -1
0.1 1024 1025 -1
0.1 418 1026 -1
0.1 1023 1027 -1
0.1 1028 423 -1
0.1 424 425 -1
0.1 1029 1030 -1
0.1 427 428 -1
0.1 426 1032 -1
0.1 1031 1033 -1
0.1 1019 1034 -1
0.1 430 431 -1
0.1 1036 432 -1
0.1 429 1037 -1
0.1 433 434 -1
0.1 436 437 -1
0.1 1040 438 -1
0.1 435 1041 -1
0.1 439 440 -1
0.1 442 443 -1
0.1 441 1044 -1
0.1 1045 444 -1
0.1 1043 1046 -1
0.1 1042 1047 -1
0.1 447 448 -1
0.1 446 1049 -1
0.1 451 452 -1
0.1 450 1051 -1
0.1 1052 453 -1
0.1 454 455 -1
0.1 1053 1054 -1
0.1 449 1055 -1
0.1 1050 1056 -1
0.1 445 1057 -1
0.1 457 458 -1
0.1 461 462 -1
0.1 460 1060 -1
0.1 463 464 -1
0.1 1061 1062 -1
0.1 459 1063 -1
0.1 1059 1064 -1
0.1 456 1065 -1
0.1 1066 465 -1
0.1 1058 1067 -1
0.1 1068 466 -1
0.1 1048 1069 -1
0.1 1039 1070 -1
0.1 470 471 -1
0.1 469 1072 -1
0.1 468 1073 -1
0.1 467 1074 -1
0.1 1075 472 -1
0.1 473 474 -1
0.1 475 476 -1
0.1 1077 1078 -1
0.1 478 479 -1
0.1 477 1080 -1
0.1 480 481 -1
0.1 482 483 -1
0.1 1082 1083 -1
0.1 485 486 -1
0.1 484 1085 -1
0.1 1084 1086 -1
0.1 1081 1087 -1
0.1 490 491 -1
0.1 489 1089 -1
0.1 488 1090 -1
0.1 1091 492 -1
0.1 495 496 -1
0.1 494 1093 -1
0.1 493 1094 -1
0.1 1092 1095 -1
0.1 487 1096 -1
0.1 1088 1097 -1
0.1 1079 1098 -1
0.1 1076 1099 -1
0.1 1071 1100 -1
0.1 497 498 -1
0.1 499 500 -1
0.1 502 503 -1
0.1 504 505 -1
0.1 506 507 -1
0.1 1105 1106 -1
0.1 1107 508 -1
0.1 1104 1108 -1
0.1 501 1109 -1
0.1 1103 1110 -1
0.1 1111 509 -1
0.1 510 511 -1
0.1 513 514 -1
0.1 512 1114 -1
0.1 1113 1115 -1
0.1 1112 1116 -1
0.1 1102 1117 -1
0.1 1101 1118 -1
0.1 515 516 -1
0.1 517 518 -1
0.1 519 520 -1
0.1 522 523 -1
0.1 521 1123 -1
0.1 1122 1124 -1
0.1 1121 1125 -1
0.1 1120 1126 -1
0.1 1127 524 -1
0.1 1128 525 -1
0.1 528 529 -1
0.1 527 1130 -1
0.1 526 1131 -1
0.1 1132 530 -1
0.1 1129 1133 -1
0.1 531 532 -1
0.1 534 535 -1
0.1 533 1136 -1
0.1 1135 1137 -1
0.1 537 538 -1
0.1 536 1139 -1
0.1 539 540 -1
0.1 1140 1141 -1
0.1 1138 1142 -1
0.1 1134 1143 -1
0.1 1119 1144 -1
0.1 1038 1145 -1
0.1 546 547 -1
0.1 545 1147 -1
0.1 550 551 -1
0.1 552 553 -1
0.1 555 556 -1
0.1 554 1151 -1
0.1 1150 1152 -1
0.1 1153 557 -1
0.1 1154 558 -1
0.1 1155 559 -1
0.1 1149 1156 -1
0.1 549 1157 -1
0.1 1158 560 -1
0.1 548 1159 -1
0.1 1148 1160 -1
0.1 1161 561 -1
0.1 1162 562 -1
0.1 544 1163 -1
0.1 543 1164 -1
0.1 564 565 -1
0.1 563 1166 -1
0.1 1165 1167 -1
0.1 542 1168 -1
0.1 567 568 -1
0.1 566 1170 -1
0.1 569 570 -1
0.1 1172 571 -1
0.1 572 573 -1
0.1 574 575 -1
0.1 1174 1175 -1
0.1 1173 1176 -1
0.1 1171 1177 -1
0.1 1178 576 -1
0.1 1169 1179 -1
0.1 541 1180 -1
0.1 578 579 -1
0.1 1182 580 -1
0.1 577 1183 -1
0.1 583 584 -1
0.1 582 1185 -1
0.1 581 1186 -1
0.1 585 586 -1
0.1 1187 1188 -1
0.1 589 590 -1
0.1 588 1190 -1
0.1 587 1191 -1
0.1 1189 1192 -1
0.1 1184 1193 -1
0.1 592 593 -1
0.1 1195 594 -1
0.1 595 596 -1
0.1 1196 1197 -1
0.1 591 1198 -1
0.1 1194 1199 -1
0.1 601 602 -1
0.1 600 1201 -1
0.1 603 604 -1
0.1 606 607 -1
0.1 605 1204 -1
0.1 1205 608 -1
0.1 1203 1206 -1
0.1 1202 1207 -1
0.1 599 1208 -1
0.1 598 1209 -1
0.1 1210 609 -1
0.1 1211 610 -1
0.1 597 1212 -1
0.1 1200 1213 -1
0.1 1181 1214 -1
0.1 1146 1215 -1
0.1 1035 1216 -1
0.1 1008 1217 -1
0.1 999 1218 -1
