1 0 0 1
1 0 0 1
1 0 0 1
1 0 0 1
1 0 0 1
1 0 0 1
1 0 0 1
1 0 0 1
1 0 0 1
1 0 0 1
1 0 0 2
1 0 0 2
1 0 0 2
1 0 0 2
1 0 0 2
1 0 0 2
1 0 0 2
1 0 0 2
1 0 0 2
1 0 0 2
1 0 0 3
1 0 0 3
1 0 0 3
1 0 0 3
1 0 0 3
1 0 0 3
1 0 0 3
1 0 0 3
1 0 0 3
1 0 0 3
1 0 0 4
1 0 0 4
1 0 0 4
1 0 0 4
1 0 0 4
1 0 0 4
1 0 0 4
1 0 0 4
1 0 0 4
1 0 0 4
1 0 0 5
1 0 0 5
1 0 0 5
1 0 0 5
1 0 0 5
1 0 0 5
1 0 0 5
1 0 0 5
1 0 0 5
1 0 0 5
1 0 0 6
1 0 0 6
1 0 0 7
1 0 0 7
1 0 0 7
1 0 0 7
1 0 0 7
1 0 0 7
1 0 0 7
1 0 0 7
1 0 0 7
1 0 0 7
1 0 0 6
1 0 0 6
1 0 0 6
1 0 0 6
1 0 0 6
1 0 0 6
1 0 0 6
1 0 0 6
1 0 0 8
1 0 0 8
1 0 0 8
1 0 0 8
1 0 0 8
1 0 0 8
1 0 0 8
1 0 0 8
1 0 0 8
1 0 0 8
1 0 0 9
1 0 0 9
1 0 0 9
1 0 0 9
1 0 0 9
1 0 0 9
1 0 0 9
1 0 0 9
1 0 0 9
1 0 0 9
1 0 0 10
1 0 0 10
1 0 0 10
1 0 0 10
1 0 0 10
1 0 0 10
1 0 0 10
1 0 0 10
1 0 0 10
1 0 0 10
1 0 0 11
1 0 0 11
1 0 0 11
1 0 0 11
1 0 0 11
1 0 0 11
1 0 0 11
1 0 0 12
1 0 0 12
1 0 0 12
1 0 0 12
1 0 0 12
1 0 0 12
1 0 0 12
1 0 0 12
1 0 0 12
1 0 0 12
1 0 0 11
1 0 0 11
1 0 0 11
0.1 3 4 -1
0.1 2 121 -1
0.1 1 122 -1
0.1 5 6 -1
0.1 8 9 -1
0.1 7 125 -1
0.1 124 126 -1
0.1 127 10 -1
0.1 123 128 -1
0.1 11 12 -1
0.1 14 15 -1
0.1 13 131 -1
0.1 16 17 -1
0.1 19 20 -1
0.1 18 134 -1
0.1 133 135 -1
0.1 132 136 -1
0.1 130 137 -1
0.1 129 138 -1
0.1 22 23 -1
0.1 21 140 -1
0.1 24 25 -1
0.1 26 27 -1
0.1 143 28 -1
0.1 29 30 -1
0.1 144 145 -1
0.1 142 146 -1
0.1 141 147 -1
0.1 32 33 -1
0.1 31 149 -1
0.1 35 36 -1
0.1 34 151 -1
0.1 37 38 -1
0.1 152 153 -1
0.1 150 154 -1
0.1 39 40 -1
0.1 41 42 -1
0.1 44 45 -1
0.1 43 158 -1
0.1 48 49 -1
0.1 160 50 -1
0.1 47 161 -1
0.1 46 162 -1
0.1 159 163 -1
0.1 157 164 -1
0.1 156 165 -1
0.1 155 166 -1
0.1 148 167 -1
0.1 139 168 -1
0.1 169 51 -1
0.1 53 54 -1
0.1 56 57 -1
0.1 55 172 -1
0.1 58 59 -1
0.1 173 174 -1
0.1 60 61 -1
0.1 175 176 -1
0.1 171 177 -1
0.1 178 62 -1
0.1 179 63 -1
0.1 52 180 -1
0.1 170 181 -1
0.1 64 65 -1
0.1 67 68 -1
0.1 66 184 -1
0.1 183 185 -1
0.1 182 186 -1
0.1 69 70 -1
0.1 187 188 -1
0.1 71 72 -1
0.1 190 73 -1
0.1 191 74 -1
0.1 192 75 -1
0.1 76 77 -1
0.1 194 78 -1
0.1 193 195 -1
0.1 196 79 -1
0.1 197 80 -1
0.1 189 198 -1
0.1 82 83 -1
0.1 81 200 -1
0.1 84 85 -1
0.1 86 87 -1
0.1 202 203 -1
0.1 204 88 -1
0.1 201 205 -1
0.1 89 90 -1
0.1 206 207 -1
0.1 91 92 -1
0.1 93 94 -1
0.1 209 210 -1
0.1 95 96 -1
0.1 212 97 -1
0.1 211 213 -1
0.1 98 99 -1
0.1 215 100 -1
0.1 214 216 -1
0.1 208 217 -1
0.1 101 102 -1
0.1 104 105 -1
0.1 103 220 -1
0.1 221 106 -1
0.1 219 222 -1
0.1 111 112 -1
0.1 110 224 -1
0.1 109 225 -1
0.1 226 113 -1
0.1 115 116 -1
0.1 228 117 -1
0.1 114 229 -1
0.1 227 230 -1
0.1 108 231 -1
0.1 107 232 -1
0.1 118 119 -1
0.1 233 234 -1
0.1 235 120 -1
0.1 223 236 -1
0.1 218 237 -1
0.1 199 238 -1
