1 0 0 1
1 0 0 1
1 0 0 2
1 0 0 2
1 0 0 2
1 0 0 2
1 0 0 2
1 0 0 2
1 0 0 2
1 0 0 2
1 0 0 2
1 0 0 2
1 0 0 3
1 0 0 3
1 0 0 3
1 0 0 4
1 0 0 4
1 0 0 4
1 0 0 4
1 0 0 4
1 0 0 4
1 0 0 4
1 0 0 5
1 0 0 5
1 0 0 5
1 0 0 5
1 0 0 5
1 0 0 5
1 0 0 5
1 0 0 5
1 0 0 6
1 0 0 6
1 0 0 6
1 0 0 6
1 0 0 6
1 0 0 6
1 0 0 6
1 0 0 6
1 0 0 6
1 0 0 6
1 0 0 4
1 0 0 4
1 0 0 4
1 0 0 7
1 0 0 7
1 0 0 7
1 0 0 7
1 0 0 7
1 0 0 7
1 0 0 7
1 0 0 7
1 0 0 7
1 0 0 7
1 0 0 5
1 0 0 5
1 0 0 3
1 0 0 3
1 0 0 3
1 0 0 3
1 0 0 3
1 0 0 3
1 0 0 3
1 0 0 8
1 0 0 8
1 0 0 8
1 0 0 8
1 0 0 9
1 0 0 9
1 0 0 9
1 0 0 9
1 0 0 9
1 0 0 9
1 0 0 9
1 0 0 9
1 0 0 9
1 0 0 9
1 0 0 8
1 0 0 8
1 0 0 8
1 0 0 8
1 0 0 8
1 0 0 8
1 0 0 10
1 0 0 10
1 0 0 10
1 0 0 10
1 0 0 10
1 0 0 10
1 0 0 10
1 0 0 10
1 0 0 10
1 0 0 10
1 0 0 1
1 0 0 11
1 0 0 11
1 0 0 11
1 0 0 11
1 0 0 12
1 0 0 12
1 0 0 12
1 0 0 12
1 0 0 12
1 0 0 12
1 0 0 12
1 0 0 12
1 0 0 12
1 0 0 12
1 0 0 11
1 0 0 11
1 0 0 11
1 0 0 11
1 0 0 13
1 0 0 13
1 0 0 13
1 0 0 13
1 0 0 11
1 0 0 11
1 0 0 13
1 0 0 13
1 0 0 13
1 0 0 13
1 0 0 13
1 0 0 13
1 0 0 14
1 0 0 14
1 0 0 15
1 0 0 15
1 0 0 15
1 0 0 15
1 0 0 15
1 0 0 15
1 0 0 15
1 0 0 15
1 0 0 15
1 0 0 15
1 0 0 14
1 0 0 14
1 0 0 14
1 0 0 14
1 0 0 14
1 0 0 14
1 0 0 14
1 0 0 14
1 0 0 1
1 0 0 1
1 0 0 16
1 0 0 16
1 0 0 16
1 0 0 16
1 0 0 16
1 0 0 16
1 0 0 16
1 0 0 16
1 0 0 16
1 0 0 16
1 0 0 1
1 0 0 1
1 0 0 1
1 0 0 1
1 0 0 1
0.1 3 4 -1
0.1 6 7 -1
0.1 9 10 -1
0.1 163 11 -1
0.1 8 164 -1
0.1 162 165 -1
0.1 166 12 -1
0.1 5 167 -1
0.1 161 168 -1
0.1 13 14 -1
0.1 170 15 -1
0.1 17 18 -1
0.1 20 21 -1
0.1 19 173 -1
0.1 174 22 -1
0.1 172 175 -1
0.1 16 176 -1
0.1 23 24 -1
0.1 27 28 -1
0.1 26 179 -1
0.1 25 180 -1
0.1 178 181 -1
0.1 29 30 -1
0.1 32 33 -1
0.1 31 184 -1
0.1 35 36 -1
0.1 34 186 -1
0.1 187 37 -1
0.1 185 188 -1
0.1 38 39 -1
0.1 189 190 -1
0.1 191 40 -1
0.1 183 192 -1
0.1 182 193 -1
0.1 177 194 -1
0.1 42 43 -1
0.1 41 196 -1
0.1 44 45 -1
0.1 198 46 -1
0.1 199 47 -1
0.1 50 51 -1
0.1 49 201 -1
0.1 48 202 -1
0.1 52 53 -1
0.1 203 204 -1
0.1 200 205 -1
0.1 54 55 -1
0.1 206 207 -1
0.1 197 208 -1
0.1 195 209 -1
0.1 171 210 -1
0.1 56 57 -1
0.1 211 212 -1
0.1 58 59 -1
0.1 61 62 -1
0.1 60 215 -1
0.1 64 65 -1
0.1 217 66 -1
0.1 63 218 -1
0.1 68 69 -1
0.1 220 70 -1
0.1 67 221 -1
0.1 74 75 -1
0.1 73 223 -1
0.1 72 224 -1
0.1 225 76 -1
0.1 71 226 -1
0.1 222 227 -1
0.1 78 79 -1
0.1 77 229 -1
0.1 230 80 -1
0.1 228 231 -1
0.1 219 232 -1
0.1 81 82 -1
0.1 233 234 -1
0.1 216 235 -1
0.1 214 236 -1
0.1 213 237 -1
0.1 83 84 -1
0.1 86 87 -1
0.1 240 88 -1
0.1 85 241 -1
0.1 91 92 -1
0.1 90 243 -1
0.1 89 244 -1
0.1 242 245 -1
0.1 239 246 -1
0.1 238 247 -1
0.1 169 248 -1
0.1 249 93 -1
0.1 2 250 -1
0.1 1 251 -1
0.1 94 95 -1
0.1 253 96 -1
0.1 254 97 -1
0.1 99 100 -1
0.1 98 256 -1
0.1 257 101 -1
0.1 102 103 -1
0.1 104 105 -1
0.1 259 260 -1
0.1 106 107 -1
0.1 261 262 -1
0.1 258 263 -1
0.1 109 110 -1
0.1 108 265 -1
0.1 266 111 -1
0.1 112 113 -1
0.1 114 115 -1
0.1 268 269 -1
0.1 116 117 -1
0.1 119 120 -1
0.1 121 122 -1
0.1 272 273 -1
0.1 274 123 -1
0.1 118 275 -1
0.1 271 276 -1
0.1 270 277 -1
0.1 267 278 -1
0.1 264 279 -1
0.1 255 280 -1
0.1 128 129 -1
0.1 127 282 -1
0.1 130 131 -1
0.1 283 284 -1
0.1 126 285 -1
0.1 132 133 -1
0.1 287 134 -1
0.1 288 135 -1
0.1 286 289 -1
0.1 125 290 -1
0.1 124 291 -1
0.1 138 139 -1
0.1 137 293 -1
0.1 136 294 -1
0.1 140 141 -1
0.1 296 142 -1
0.1 297 143 -1
0.1 295 298 -1
0.1 292 299 -1
0.1 281 300 -1
0.1 147 148 -1
0.1 302 149 -1
0.1 153 154 -1
0.1 152 304 -1
0.1 305 155 -1
0.1 151 306 -1
0.1 150 307 -1
0.1 303 308 -1
0.1 146 309 -1
0.1 145 310 -1
0.1 156 157 -1
0.1 312 158 -1
0.1 311 313 -1
0.1 159 160 -1
0.1 314 315 -1
0.1 144 316 -1
0.1 301 317 -1
0.1 252 318 -1
