1 0 0 1
1 0 0 1
1 0 0 1
1 0 0 1
1 0 0 1
1 0 0 1
1 0 0 1
1 0 0 1
1 0 0 1
1 0 0 1
1 0 0 2
1 0 0 2
1 0 0 2
1 0 0 2
1 0 0 2
1 0 0 2
1 0 0 2
1 0 0 2
1 0 0 2
1 0 0 2
1 0 0 3
1 0 0 3
1 0 0 4
1 0 0 4
1 0 0 4
1 0 0 4
1 0 0 4
1 0 0 4
1 0 0 5
1 0 0 5
1 0 0 5
1 0 0 5
1 0 0 5
1 0 0 5
1 0 0 5
1 0 0 5
1 0 0 5
1 0 0 5
1 0 0 6
1 0 0 4
1 0 0 4
1 0 0 4
1 0 0 4
1 0 0 3
1 0 0 3
1 0 0 3
1 0 0 7
1 0 0 7
1 0 0 8
1 0 0 8
1 0 0 8
1 0 0 8
1 0 0 8
1 0 0 8
1 0 0 8
1 0 0 8
1 0 0 8
1 0 0 8
1 0 0 7
1 0 0 7
1 0 0 7
1 0 0 7
1 0 0 7
1 0 0 7
1 0 0 7
1 0 0 7
1 0 0 9
1 0 0 9
1 0 0 9
1 0 0 9
1 0 0 9
1 0 0 9
1 0 0 9
1 0 0 9
1 0 0 9
1 0 0 9
1 0 0 10
1 0 0 10
1 0 0 10
1 0 0 10
1 0 0 10
1 0 0 10
1 0 0 10
1 0 0 10
1 0 0 10
1 0 0 10
1 0 0 3
1 0 0 3
1 0 0 3
1 0 0 3
1 0 0 3
1 0 0 6
1 0 0 6
1 0 0 6
1 0 0 11
1 0 0 11
1 0 0 11
1 0 0 11
1 0 0 11
1 0 0 11
1 0 0 11
1 0 0 11
1 0 0 11
1 0 0 12
1 0 0 12
1 0 0 12
1 0 0 12
1 0 0 12
1 0 0 12
1 0 0 12
1 0 0 12
1 0 0 12
1 0 0 12
1 0 0 11
1 0 0 6
1 0 0 6
1 0 0 6
1 0 0 6
1 0 0 6
1 0 0 13
1 0 0 13
1 0 0 13
1 0 0 13
1 0 0 13
1 0 0 13
1 0 0 13
1 0 0 13
1 0 0 13
1 0 0 13
1 0 0 6
1 0 0 14
1 0 0 14
1 0 0 14
1 0 0 14
1 0 0 14
1 0 0 14
1 0 0 14
1 0 0 14
1 0 0 14
1 0 0 14
1 0 0 15
1 0 0 15
1 0 0 15
1 0 0 15
1 0 0 15
1 0 0 15
1 0 0 15
1 0 0 15
1 0 0 16
1 0 0 16
1 0 0 16
1 0 0 16
1 0 0 16
1 0 0 16
1 0 0 15
1 0 0 15
1 0 0 16
1 0 0 16
1 0 0 16
1 0 0 16
0.1 1 2 -1
0.1 5 6 -1
0.1 4 162 -1
0.1 7 8 -1
0.1 164 9 -1
0.1 163 165 -1
0.1 3 166 -1
0.1 167 10 -1
0.1 161 168 -1
0.1 11 12 -1
0.1 15 16 -1
0.1 14 171 -1
0.1 13 172 -1
0.1 170 173 -1
0.1 17 18 -1
0.1 175 19 -1
0.1 21 22 -1
0.1 24 25 -1
0.1 178 26 -1
0.1 23 179 -1
0.1 27 28 -1
0.1 180 181 -1
0.1 30 31 -1
0.1 32 33 -1
0.1 183 184 -1
0.1 29 185 -1
0.1 37 38 -1
0.1 36 187 -1
0.1 35 188 -1
0.1 34 189 -1
0.1 186 190 -1
0.1 39 40 -1
0.1 192 41 -1
0.1 193 42 -1
0.1 194 43 -1
0.1 191 195 -1
0.1 182 196 -1
0.1 45 46 -1
0.1 44 198 -1
0.1 197 199 -1
0.1 177 200 -1
0.1 47 48 -1
0.1 49 50 -1
0.1 203 51 -1
0.1 52 53 -1
0.1 205 54 -1
0.1 55 56 -1
0.1 57 58 -1
0.1 207 208 -1
0.1 206 209 -1
0.1 204 210 -1
0.1 202 211 -1
0.1 59 60 -1
0.1 62 63 -1
0.1 65 66 -1
0.1 64 215 -1
0.1 214 216 -1
0.1 61 217 -1
0.1 213 218 -1
0.1 67 68 -1
0.1 220 69 -1
0.1 71 72 -1
0.1 222 73 -1
0.1 70 223 -1
0.1 74 75 -1
0.1 224 225 -1
0.1 221 226 -1
0.1 227 76 -1
0.1 219 228 -1
0.1 79 80 -1
0.1 78 230 -1
0.1 77 231 -1
0.1 81 82 -1
0.1 233 83 -1
0.1 234 84 -1
0.1 235 85 -1
0.1 232 236 -1
0.1 237 86 -1
0.1 229 238 -1
0.1 212 239 -1
0.1 87 88 -1
0.1 240 241 -1
0.1 90 91 -1
0.1 89 243 -1
0.1 242 244 -1
0.1 201 245 -1
0.1 20 246 -1
0.1 176 247 -1
0.1 174 248 -1
0.1 169 249 -1
0.1 92 93 -1
0.1 99 100 -1
0.1 98 252 -1
0.1 253 101 -1
0.1 106 107 -1
0.1 105 255 -1
0.1 104 256 -1
0.1 108 109 -1
0.1 111 112 -1
0.1 259 113 -1
0.1 110 260 -1
0.1 258 261 -1
0.1 257 262 -1
0.1 103 263 -1
0.1 102 264 -1
0.1 254 265 -1
0.1 97 266 -1
0.1 96 267 -1
0.1 268 114 -1
0.1 95 269 -1
0.1 94 270 -1
0.1 251 271 -1
0.1 250 272 -1
0.1 116 117 -1
0.1 115 274 -1
0.1 118 119 -1
0.1 275 276 -1
0.1 120 121 -1
0.1 278 122 -1
0.1 125 126 -1
0.1 280 127 -1
0.1 281 128 -1
0.1 124 282 -1
0.1 123 283 -1
0.1 284 129 -1
0.1 279 285 -1
0.1 277 286 -1
0.1 287 130 -1
0.1 133 134 -1
0.1 135 136 -1
0.1 289 290 -1
0.1 132 291 -1
0.1 292 137 -1
0.1 131 293 -1
0.1 294 138 -1
0.1 139 140 -1
0.1 295 296 -1
0.1 141 142 -1
0.1 298 143 -1
0.1 299 144 -1
0.1 297 300 -1
0.1 146 147 -1
0.1 145 302 -1
0.1 149 150 -1
0.1 151 152 -1
0.1 153 154 -1
0.1 305 306 -1
0.1 304 307 -1
0.1 155 156 -1
0.1 308 309 -1
0.1 157 158 -1
0.1 159 160 -1
0.1 311 312 -1
0.1 310 313 -1
0.1 148 314 -1
0.1 303 315 -1
0.1 301 316 -1
0.1 288 317 -1
0.1 273 318 -1
