1 0 0 1
1 0 0 1
1 0 0 1
1 0 0 1
1 0 0 1
1 0 0 1
1 0 0 1
1 0 0 1
1 0 0 1
1 0 0 1
1 0 0 2
1 0 0 3
1 0 0 3
1 0 0 3
1 0 0 3
1 0 0 3
1 0 0 3
1 0 0 3
1 0 0 3
1 0 0 3
1 0 0 3
1 0 0 2
1 0 0 2
1 0 0 2
1 0 0 4
1 0 0 4
1 0 0 4
1 0 0 4
1 0 0 4
1 0 0 4
1 0 0 4
1 0 0 4
1 0 0 4
1 0 0 4
1 0 0 2
1 0 0 2
1 0 0 2
1 0 0 2
1 0 0 5
1 0 0 5
1 0 0 5
1 0 0 5
1 0 0 5
1 0 0 6
1 0 0 6
1 0 0 6
1 0 0 6
1 0 0 6
1 0 0 6
1 0 0 6
1 0 0 6
1 0 0 6
1 0 0 6
1 0 0 5
1 0 0 5
1 0 0 7
1 0 0 7
1 0 0 7
1 0 0 7
1 0 0 7
1 0 0 7
1 0 0 7
1 0 0 7
1 0 0 7
1 0 0 7
1 0 0 5
1 0 0 5
1 0 0 5
1 0 0 2
1 0 0 2
1 0 0 8
1 0 0 8
1 0 0 8
1 0 0 8
1 0 0 8
1 0 0 8
1 0 0 8
1 0 0 8
1 0 0 8
1 0 0 8
1 0 0 9
1 0 0 9
1 0 0 9
1 0 0 9
1 0 0 9
1 0 0 9
1 0 0 9
1 0 0 10
1 0 0 10
1 0 0 10
1 0 0 10
1 0 0 10
1 0 0 10
1 0 0 10
1 0 0 10
1 0 0 10
1 0 0 10
1 0 0 9
1 0 0 9
1 0 0 9
1 0 0 11
1 0 0 11
1 0 0 11
1 0 0 11
1 0 0 11
1 0 0 11
1 0 0 11
1 0 0 11
1 0 0 11
1 0 0 11
1 0 0 12
1 0 0 12
1 0 0 13
1 0 0 13
1 0 0 13
1 0 0 13
1 0 0 13
1 0 0 13
1 0 0 13
1 0 0 13
1 0 0 13
1 0 0 13
1 0 0 12
1 0 0 12
1 0 0 12
1 0 0 12
1 0 0 14
1 0 0 14
1 0 0 14
1 0 0 14
1 0 0 14
1 0 0 14
1 0 0 14
1 0 0 14
1 0 0 15
1 0 0 15
1 0 0 15
1 0 0 15
1 0 0 15
1 0 0 15
1 0 0 15
1 0 0 15
1 0 0 15
1 0 0 15
1 0 0 16
1 0 0 16
1 0 0 16
1 0 0 16
1 0 0 16
1 0 0 16
1 0 0 16
1 0 0 16
1 0 0 16
1 0 0 16
1 0 0 17
1 0 0 18
1 0 0 18
1 0 0 19
1 0 0 19
1 0 0 19
1 0 0 19
1 0 0 19
1 0 0 19
1 0 0 19
1 0 0 19
1 0 0 19
1 0 0 19
1 0 0 18
1 0 0 18
1 0 0 18
1 0 0 18
1 0 0 18
1 0 0 18
1 0 0 18
1 0 0 18
1 0 0 17
1 0 0 17
1 0 0 17
1 0 0 17
1 0 0 20
1 0 0 20
1 0 0 20
1 0 0 20
1 0 0 20
1 0 0 20
1 0 0 20
1 0 0 20
1 0 0 20
1 0 0 20
1 0 0 17
1 0 0 17
1 0 0 17
1 0 0 17
1 0 0 17
1 0 0 14
1 0 0 14
1 0 0 12
1 0 0 21
1 0 0 21
1 0 0 21
1 0 0 21
1 0 0 22
1 0 0 22
1 0 0 22
1 0 0 22
1 0 0 22
1 0 0 22
1 0 0 22
1 0 0 22
1 0 0 22
1 0 0 22
1 0 0 23
1 0 0 23
1 0 0 23
1 0 0 23
1 0 0 23
1 0 0 23
1 0 0 23
1 0 0 23
1 0 0 23
1 0 0 23
1 0 0 21
1 0 0 21
1 0 0 21
1 0 0 21
1 0 0 21
1 0 0 21
1 0 0 24
1 0 0 24
1 0 0 24
1 0 0 24
1 0 0 24
1 0 0 24
1 0 0 24
1 0 0 24
1 0 0 24
1 0 0 24
1 0 0 25
1 0 0 25
1 0 0 25
1 0 0 25
1 0 0 25
1 0 0 25
1 0 0 25
1 0 0 25
1 0 0 25
1 0 0 25
1 0 0 12
1 0 0 12
1 0 0 12
0.1 2 3 -1
0.1 1 251 -1
0.1 252 4 -1
0.1 5 6 -1
0.1 7 8 -1
0.1 255 9 -1
0.1 254 256 -1
0.1 257 10 -1
0.1 253 258 -1
0.1 259 11 -1
0.1 13 14 -1
0.1 15 16 -1
0.1 18 19 -1
0.1 17 263 -1
0.1 262 264 -1
0.1 261 265 -1
0.1 20 21 -1
0.1 266 267 -1
0.1 12 268 -1
0.1 269 22 -1
0.1 26 27 -1
0.1 25 271 -1
0.1 28 29 -1
0.1 30 31 -1
0.1 32 33 -1
0.1 274 275 -1
0.1 273 276 -1
0.1 272 277 -1
0.1 278 34 -1
0.1 24 279 -1
0.1 23 280 -1
0.1 35 36 -1
0.1 42 43 -1
0.1 44 45 -1
0.1 284 46 -1
0.1 285 47 -1
0.1 49 50 -1
0.1 52 53 -1
0.1 51 288 -1
0.1 287 289 -1
0.1 48 290 -1
0.1 286 291 -1
0.1 292 54 -1
0.1 283 293 -1
0.1 41 294 -1
0.1 57 58 -1
0.1 60 61 -1
0.1 59 297 -1
0.1 296 298 -1
0.1 56 299 -1
0.1 63 64 -1
0.1 301 65 -1
0.1 62 302 -1
0.1 300 303 -1
0.1 66 67 -1
0.1 304 305 -1
0.1 55 306 -1
0.1 295 307 -1
0.1 308 68 -1
0.1 40 309 -1
0.1 39 310 -1
0.1 38 311 -1
0.1 37 312 -1
0.1 282 313 -1
0.1 314 69 -1
0.1 315 70 -1
0.1 281 316 -1
0.1 270 317 -1
0.1 260 318 -1
0.1 71 72 -1
0.1 75 76 -1
0.1 74 321 -1
0.1 79 80 -1
0.1 78 323 -1
0.1 77 324 -1
0.1 322 325 -1
0.1 73 326 -1
0.1 320 327 -1
0.1 81 82 -1
0.1 84 85 -1
0.1 83 330 -1
0.1 329 331 -1
0.1 86 87 -1
0.1 90 91 -1
0.1 89 334 -1
0.1 88 335 -1
0.1 336 92 -1
0.1 94 95 -1
0.1 96 97 -1
0.1 338 339 -1
0.1 93 340 -1
0.1 337 341 -1
0.1 342 98 -1
0.1 333 343 -1
0.1 99 100 -1
0.1 344 345 -1
0.1 332 346 -1
0.1 328 347 -1
0.1 319 348 -1
0.1 102 103 -1
0.1 105 106 -1
0.1 104 351 -1
0.1 108 109 -1
0.1 107 353 -1
0.1 354 110 -1
0.1 352 355 -1
0.1 350 356 -1
0.1 101 357 -1
0.1 349 358 -1
0.1 113 114 -1
0.1 115 116 -1
0.1 117 118 -1
0.1 361 362 -1
0.1 119 120 -1
0.1 121 122 -1
0.1 364 365 -1
0.1 363 366 -1
0.1 360 367 -1
0.1 112 368 -1
0.1 369 123 -1
0.1 111 370 -1
0.1 371 124 -1
0.1 359 372 -1
0.1 125 126 -1
0.1 373 374 -1
0.1 128 129 -1
0.1 127 376 -1
0.1 130 131 -1
0.1 377 378 -1
0.1 133 134 -1
0.1 132 380 -1
0.1 379 381 -1
0.1 135 136 -1
0.1 139 140 -1
0.1 138 384 -1
0.1 137 385 -1
0.1 383 386 -1
0.1 141 142 -1
0.1 387 388 -1
0.1 143 144 -1
0.1 389 390 -1
0.1 145 146 -1
0.1 147 148 -1
0.1 149 150 -1
0.1 394 151 -1
0.1 153 154 -1
0.1 152 396 -1
0.1 395 397 -1
0.1 393 398 -1
0.1 392 399 -1
0.1 156 157 -1
0.1 161 162 -1
0.1 160 402 -1
0.1 159 403 -1
0.1 404 163 -1
0.1 158 405 -1
0.1 164 165 -1
0.1 166 167 -1
0.1 407 408 -1
0.1 406 409 -1
0.1 168 169 -1
0.1 410 411 -1
0.1 170 171 -1
0.1 412 413 -1
0.1 172 173 -1
0.1 414 415 -1
0.1 401 416 -1
0.1 174 175 -1
0.1 417 418 -1
0.1 419 176 -1
0.1 155 420 -1
0.1 177 178 -1
0.1 181 182 -1
0.1 184 185 -1
0.1 187 188 -1
0.1 186 425 -1
0.1 424 426 -1
0.1 183 427 -1
0.1 423 428 -1
0.1 180 429 -1
0.1 430 189 -1
0.1 179 431 -1
0.1 422 432 -1
0.1 192 193 -1
0.1 191 434 -1
0.1 190 435 -1
0.1 436 194 -1
0.1 433 437 -1
0.1 421 438 -1
0.1 400 439 -1
0.1 391 440 -1
0.1 382 441 -1
0.1 195 196 -1
0.1 442 443 -1
0.1 199 200 -1
0.1 202 203 -1
0.1 205 206 -1
0.1 204 447 -1
0.1 208 209 -1
0.1 210 211 -1
0.1 449 450 -1
0.1 207 451 -1
0.1 448 452 -1
0.1 446 453 -1
0.1 213 214 -1
0.1 212 455 -1
0.1 216 217 -1
0.1 215 457 -1
0.1 219 220 -1
0.1 218 459 -1
0.1 458 460 -1
0.1 456 461 -1
0.1 462 221 -1
0.1 454 463 -1
0.1 201 464 -1
0.1 445 465 -1
0.1 198 466 -1
0.1 222 223 -1
0.1 224 225 -1
0.1 468 469 -1
0.1 226 227 -1
0.1 470 471 -1
0.1 467 472 -1
0.1 197 473 -1
0.1 444 474 -1
0.1 229 230 -1
0.1 476 231 -1
0.1 232 233 -1
0.1 477 478 -1
0.1 234 235 -1
0.1 480 236 -1
0.1 481 237 -1
0.1 479 482 -1
0.1 228 483 -1
0.1 239 240 -1
0.1 238 485 -1
0.1 242 243 -1
0.1 241 487 -1
0.1 244 245 -1
0.1 246 247 -1
0.1 489 490 -1
0.1 488 491 -1
0.1 486 492 -1
0.1 484 493 -1
0.1 249 250 -1
0.1 248 495 -1
0.1 494 496 -1
0.1 475 497 -1
0.1 375 498 -1
