1 0 0 1
1 0 0 1
1 0 0 1
1 0 0 1
1 0 0 2
1 0 0 2
1 0 0 2
1 0 0 2
1 0 0 2
1 0 0 2
1 0 0 2
1 0 0 2
1 0 0 2
1 0 0 2
1 0 0 3
1 0 0 3
1 0 0 3
1 0 0 4
1 0 0 1
1 0 0 1
1 0 0 1
1 0 0 1
1 0 0 1
1 0 0 1
1 0 0 5
1 0 0 5
1 0 0 5
1 0 0 5
1 0 0 3
1 0 0 3
1 0 0 5
1 0 0 5
1 0 0 5
1 0 0 4
1 0 0 4
1 0 0 4
1 0 0 4
1 0 0 4
1 0 0 4
1 0 0 4
1 0 0 4
1 0 0 6
1 0 0 6
1 0 0 6
1 0 0 6
1 0 0 7
1 0 0 7
1 0 0 7
1 0 0 8
1 0 0 8
1 0 0 8
1 0 0 8
1 0 0 8
1 0 0 8
1 0 0 8
1 0 0 8
1 0 0 8
1 0 0 8
1 0 0 7
1 0 0 7
1 0 0 7
1 0 0 7
1 0 0 7
1 0 0 7
1 0 0 9
1 0 0 9
1 0 0 9
1 0 0 9
1 0 0 9
1 0 0 9
1 0 0 9
1 0 0 9
1 0 0 9
1 0 0 9
1 0 0 7
1 0 0 5
1 0 0 5
1 0 0 5
1 0 0 6
1 0 0 6
1 0 0 6
1 0 0 3
1 0 0 3
1 0 0 4
1 0 0 3
1 0 0 6
1 0 0 6
1 0 0 6
1 0 0 3
1 0 0 3
0.1 2 3 -1
0.1 91 4 -1
0.1 1 92 -1
0.1 7 8 -1
0.1 9 10 -1
0.1 94 95 -1
0.1 6 96 -1
0.1 5 97 -1
0.1 11 12 -1
0.1 13 14 -1
0.1 99 100 -1
0.1 98 101 -1
0.1 102 15 -1
0.1 93 103 -1
0.1 16 17 -1
0.1 104 105 -1
0.1 21 22 -1
0.1 20 107 -1
0.1 23 24 -1
0.1 108 109 -1
0.1 19 110 -1
0.1 27 28 -1
0.1 26 112 -1
0.1 25 113 -1
0.1 111 114 -1
0.1 29 30 -1
0.1 31 32 -1
0.1 117 33 -1
0.1 116 118 -1
0.1 38 39 -1
0.1 37 120 -1
0.1 36 121 -1
0.1 35 122 -1
0.1 34 123 -1
0.1 40 41 -1
0.1 124 125 -1
0.1 119 126 -1
0.1 115 127 -1
0.1 18 128 -1
0.1 106 129 -1
0.1 47 48 -1
0.1 50 51 -1
0.1 49 132 -1
0.1 52 53 -1
0.1 54 55 -1
0.1 134 135 -1
0.1 57 58 -1
0.1 56 137 -1
0.1 136 138 -1
0.1 133 139 -1
0.1 60 61 -1
0.1 59 141 -1
0.1 140 142 -1
0.1 143 62 -1
0.1 131 144 -1
0.1 46 145 -1
0.1 65 66 -1
0.1 67 68 -1
0.1 147 148 -1
0.1 69 70 -1
0.1 71 72 -1
0.1 150 151 -1
0.1 149 152 -1
0.1 73 74 -1
0.1 153 154 -1
0.1 64 155 -1
0.1 156 75 -1
0.1 63 157 -1
0.1 146 158 -1
0.1 76 77 -1
0.1 160 78 -1
0.1 161 79 -1
0.1 159 162 -1
0.1 45 163 -1
0.1 44 164 -1
0.1 80 81 -1
0.1 165 166 -1
0.1 83 84 -1
0.1 168 85 -1
0.1 82 169 -1
0.1 170 86 -1
0.1 167 171 -1
0.1 87 88 -1
0.1 172 173 -1
0.1 43 174 -1
0.1 42 175 -1
0.1 89 90 -1
0.1 176 177 -1
0.1 130 178 -1
