1 0 0 1
1 0 0 1
1 0 0 1
1 0 0 1
1 0 0 1
1 0 0 1
1 0 0 1
1 0 0 1
1 0 0 1
1 0 0 1
1 0 0 2
1 0 0 2
1 0 0 2
1 0 0 3
1 0 0 3
1 0 0 4
1 0 0 4
1 0 0 4
1 0 0 4
1 0 0 4
1 0 0 4
1 0 0 4
1 0 0 4
1 0 0 4
1 0 0 4
1 0 0 3
1 0 0 3
1 0 0 3
1 0 0 3
1 0 0 3
1 0 0 3
1 0 0 3
1 0 0 3
1 0 0 5
1 0 0 5
1 0 0 5
1 0 0 5
1 0 0 2
1 0 0 5
1 0 0 5
1 0 0 5
1 0 0 5
1 0 0 5
1 0 0 5
1 0 0 2
1 0 0 6
1 0 0 6
1 0 0 6
1 0 0 6
1 0 0 6
1 0 0 6
1 0 0 6
1 0 0 6
1 0 0 6
1 0 0 6
1 0 0 7
1 0 0 7
1 0 0 7
1 0 0 7
1 0 0 7
1 0 0 7
1 0 0 7
1 0 0 7
1 0 0 7
1 0 0 7
1 0 0 2
1 0 0 8
1 0 0 8
1 0 0 8
1 0 0 8
1 0 0 8
1 0 0 8
1 0 0 8
1 0 0 8
1 0 0 8
1 0 0 8
1 0 0 2
1 0 0 2
1 0 0 2
1 0 0 2
0.1 1 2 -1
0.1 3 4 -1
0.1 6 7 -1
0.1 5 83 -1
0.1 82 84 -1
0.1 9 10 -1
0.1 8 86 -1
0.1 85 87 -1
0.1 12 13 -1
0.1 11 89 -1
0.1 88 90 -1
0.1 14 15 -1
0.1 20 21 -1
0.1 19 93 -1
0.1 18 94 -1
0.1 17 95 -1
0.1 16 96 -1
0.1 22 23 -1
0.1 24 25 -1
0.1 98 99 -1
0.1 97 100 -1
0.1 26 27 -1
0.1 28 29 -1
0.1 31 32 -1
0.1 30 104 -1
0.1 103 105 -1
0.1 106 33 -1
0.1 102 107 -1
0.1 101 108 -1
0.1 92 109 -1
0.1 91 110 -1
0.1 81 111 -1
0.1 39 40 -1
0.1 38 113 -1
0.1 37 114 -1
0.1 36 115 -1
0.1 35 116 -1
0.1 41 42 -1
0.1 43 44 -1
0.1 118 119 -1
0.1 117 120 -1
0.1 34 121 -1
0.1 122 45 -1
0.1 48 49 -1
0.1 50 51 -1
0.1 124 125 -1
0.1 126 52 -1
0.1 47 127 -1
0.1 54 55 -1
0.1 53 129 -1
0.1 128 130 -1
0.1 46 131 -1
0.1 60 61 -1
0.1 59 133 -1
0.1 134 62 -1
0.1 135 63 -1
0.1 58 136 -1
0.1 64 65 -1
0.1 137 138 -1
0.1 57 139 -1
0.1 56 140 -1
0.1 132 141 -1
0.1 71 72 -1
0.1 70 143 -1
0.1 69 144 -1
0.1 68 145 -1
0.1 146 73 -1
0.1 147 74 -1
0.1 75 76 -1
0.1 148 149 -1
0.1 67 150 -1
0.1 77 78 -1
0.1 152 79 -1
0.1 151 153 -1
0.1 154 80 -1
0.1 66 155 -1
0.1 142 156 -1
0.1 123 157 -1
0.1 112 158 -1
