1 0 0 1
1 0 0 1
1 0 0 1
1 0 0 1
1 0 0 2
1 0 0 2
1 0 0 2
1 0 0 2
1 0 0 2
1 0 0 2
1 0 0 2
1 0 0 2
1 0 0 2
1 0 0 2
1 0 0 1
1 0 0 3
1 0 0 3
1 0 0 3
1 0 0 3
1 0 0 3
1 0 0 3
1 0 0 3
1 0 0 3
1 0 0 3
1 0 0 3
1 0 0 1
1 0 0 4
1 0 0 4
1 0 0 4
1 0 0 4
1 0 0 1
1 0 0 4
1 0 0 4
1 0 0 4
1 0 0 4
1 0 0 4
1 0 0 4
1 0 0 5
1 0 0 5
1 0 0 5
1 0 0 5
1 0 0 6
1 0 0 6
1 0 0 6
1 0 0 6
1 0 0 6
1 0 0 6
1 0 0 6
1 0 0 6
1 0 0 6
1 0 0 6
1 0 0 5
1 0 0 5
1 0 0 5
1 0 0 5
1 0 0 5
1 0 0 5
1 0 0 7
1 0 0 7
1 0 0 7
1 0 0 7
1 0 0 7
1 0 0 7
1 0 0 7
1 0 0 7
1 0 0 7
1 0 0 7
1 0 0 8
1 0 0 8
1 0 0 8
1 0 0 8
1 0 0 8
1 0 0 8
1 0 0 8
1 0 0 8
1 0 0 8
1 0 0 8
1 0 0 1
1 0 0 1
1 0 0 1
0.1 2 3 -1
0.1 81 4 -1
0.1 8 9 -1
0.1 7 83 -1
0.1 6 84 -1
0.1 10 11 -1
0.1 85 86 -1
0.1 87 12 -1
0.1 88 13 -1
0.1 89 14 -1
0.1 5 90 -1
0.1 82 91 -1
0.1 1 92 -1
0.1 93 15 -1
0.1 16 17 -1
0.1 18 19 -1
0.1 95 96 -1
0.1 21 22 -1
0.1 23 24 -1
0.1 98 99 -1
0.1 100 25 -1
0.1 20 101 -1
0.1 97 102 -1
0.1 94 103 -1
0.1 29 30 -1
0.1 28 105 -1
0.1 27 106 -1
0.1 32 33 -1
0.1 31 108 -1
0.1 34 35 -1
0.1 110 36 -1
0.1 109 111 -1
0.1 112 37 -1
0.1 107 113 -1
0.1 26 114 -1
0.1 104 115 -1
0.1 38 39 -1
0.1 40 41 -1
0.1 45 46 -1
0.1 119 47 -1
0.1 44 120 -1
0.1 43 121 -1
0.1 42 122 -1
0.1 48 49 -1
0.1 50 51 -1
0.1 124 125 -1
0.1 123 126 -1
0.1 127 52 -1
0.1 118 128 -1
0.1 53 54 -1
0.1 129 130 -1
0.1 55 56 -1
0.1 132 57 -1
0.1 131 133 -1
0.1 117 134 -1
0.1 60 61 -1
0.1 63 64 -1
0.1 65 66 -1
0.1 137 138 -1
0.1 62 139 -1
0.1 140 67 -1
0.1 136 141 -1
0.1 59 142 -1
0.1 58 143 -1
0.1 68 69 -1
0.1 144 145 -1
0.1 71 72 -1
0.1 70 147 -1
0.1 73 74 -1
0.1 75 76 -1
0.1 150 77 -1
0.1 149 151 -1
0.1 148 152 -1
0.1 79 80 -1
0.1 78 154 -1
0.1 153 155 -1
0.1 146 156 -1
0.1 135 157 -1
0.1 116 158 -1
