1 0 0 1
1 0 0 1
1 0 0 1
1 0 0 1
1 0 0 1
1 0 0 1
1 0 0 1
1 0 0 1
1 0 0 1
1 0 0 1
1 0 0 1
1 0 0 1
1 0 0 2
1 0 0 2
1 0 0 2
1 0 0 2
1 0 0 2
1 0 0 2
1 0 0 2
1 0 0 2
1 0 0 2
1 0 0 2
1 0 0 2
1 0 0 2
1 0 0 2
1 0 0 2
1 0 0 2
1 0 0 2
1 0 0 2
1 0 0 2
1 0 0 2
1 0 0 2
1 0 0 1
1 0 0 1
1 0 0 1
1 0 0 1
1 0 0 1
1 0 0 1
1 0 0 1
1 0 0 1
1 0 0 3
1 0 0 3
1 0 0 3
1 0 0 3
1 0 0 3
1 0 0 3
1 0 0 3
1 0 0 3
1 0 0 3
1 0 0 3
1 0 0 3
1 0 0 3
1 0 0 3
1 0 0 3
1 0 0 3
1 0 0 3
1 0 0 3
1 0 0 3
1 0 0 3
1 0 0 3
1 0 0 4
1 0 0 4
1 0 0 4
1 0 0 4
1 0 0 4
1 0 0 4
1 0 0 4
1 0 0 4
1 0 0 4
1 0 0 4
1 0 0 4
1 0 0 4
1 0 0 4
1 0 0 4
1 0 0 4
1 0 0 4
1 0 0 4
1 0 0 4
1 0 0 4
1 0 0 4
1 0 0 5
1 0 0 5
1 0 0 5
1 0 0 5
1 0 0 5
1 0 0 5
1 0 0 5
1 0 0 5
1 0 0 5
1 0 0 5
1 0 0 5
1 0 0 5
1 0 0 5
1 0 0 5
1 0 0 5
1 0 0 6
1 0 0 6
1 0 0 6
1 0 0 6
1 0 0 6
1 0 0 6
1 0 0 6
1 0 0 6
1 0 0 6
1 0 0 6
1 0 0 6
1 0 0 6
1 0 0 6
1 0 0 6
1 0 0 6
1 0 0 6
1 0 0 6
1 0 0 6
1 0 0 6
1 0 0 6
1 0 0 5
1 0 0 5
1 0 0 5
1 0 0 5
1 0 0 5
1 0 0 7
1 0 0 7
1 0 0 7
1 0 0 7
1 0 0 7
1 0 0 7
1 0 0 7
1 0 0 7
1 0 0 7
1 0 0 7
1 0 0 7
1 0 0 7
1 0 0 7
1 0 0 7
1 0 0 7
1 0 0 7
1 0 0 7
1 0 0 7
1 0 0 8
1 0 0 8
1 0 0 8
1 0 0 8
1 0 0 8
1 0 0 8
1 0 0 8
1 0 0 9
1 0 0 9
1 0 0 9
1 0 0 9
1 0 0 9
1 0 0 9
1 0 0 9
1 0 0 9
1 0 0 9
1 0 0 9
1 0 0 9
1 0 0 9
1 0 0 9
1 0 0 9
1 0 0 9
1 0 0 9
1 0 0 9
1 0 0 9
1 0 0 9
1 0 0 9
1 0 0 8
1 0 0 8
1 0 0 8
1 0 0 8
1 0 0 8
1 0 0 10
1 0 0 10
1 0 0 10
1 0 0 10
1 0 0 10
1 0 0 10
1 0 0 10
1 0 0 10
1 0 0 10
1 0 0 10
1 0 0 10
1 0 0 10
1 0 0 10
1 0 0 10
1 0 0 10
1 0 0 10
1 0 0 10
1 0 0 10
1 0 0 10
1 0 0 10
1 0 0 11
1 0 0 11
1 0 0 11
1 0 0 11
1 0 0 11
1 0 0 11
1 0 0 11
1 0 0 11
1 0 0 11
1 0 0 11
1 0 0 11
1 0 0 11
1 0 0 11
1 0 0 11
1 0 0 11
1 0 0 11
1 0 0 11
1 0 0 11
1 0 0 11
1 0 0 11
1 0 0 8
1 0 0 8
1 0 0 8
1 0 0 8
1 0 0 8
1 0 0 8
1 0 0 8
1 0 0 8
1 0 0 7
1 0 0 7
1 0 0 12
1 0 0 12
1 0 0 12
1 0 0 12
1 0 0 12
1 0 0 12
1 0 0 12
1 0 0 12
1 0 0 12
1 0 0 12
1 0 0 12
1 0 0 12
1 0 0 12
1 0 0 12
1 0 0 12
1 0 0 12
1 0 0 13
1 0 0 13
1 0 0 13
1 0 0 13
1 0 0 13
1 0 0 13
1 0 0 13
1 0 0 13
1 0 0 13
1 0 0 13
1 0 0 13
1 0 0 13
1 0 0 13
1 0 0 13
1 0 0 13
1 0 0 13
1 0 0 13
1 0 0 13
1 0 0 13
1 0 0 13
1 0 0 14
1 0 0 14
1 0 0 14
1 0 0 14
1 0 0 14
1 0 0 14
1 0 0 14
1 0 0 14
1 0 0 14
1 0 0 14
1 0 0 14
1 0 0 14
1 0 0 14
1 0 0 14
1 0 0 14
1 0 0 14
1 0 0 14
1 0 0 14
1 0 0 14
1 0 0 14
1 0 0 12
1 0 0 12
1 0 0 12
1 0 0 12
1 0 0 15
1 0 0 15
1 0 0 15
1 0 0 15
1 0 0 15
1 0 0 15
1 0 0 15
1 0 0 15
1 0 0 15
1 0 0 15
1 0 0 15
1 0 0 15
1 0 0 15
1 0 0 15
1 0 0 15
1 0 0 15
1 0 0 15
1 0 0 15
1 0 0 15
1 0 0 15
1 0 0 16
1 0 0 16
1 0 0 16
1 0 0 16
1 0 0 16
1 0 0 16
1 0 0 16
1 0 0 17
1 0 0 17
1 0 0 17
1 0 0 17
1 0 0 17
1 0 0 17
1 0 0 17
1 0 0 17
1 0 0 17
1 0 0 17
1 0 0 17
1 0 0 17
1 0 0 17
1 0 0 17
1 0 0 17
1 0 0 17
1 0 0 17
1 0 0 17
1 0 0 17
1 0 0 18
1 0 0 18
1 0 0 18
1 0 0 18
1 0 0 18
1 0 0 18
1 0 0 18
1 0 0 18
1 0 0 18
1 0 0 18
1 0 0 18
1 0 0 18
1 0 0 19
1 0 0 19
1 0 0 19
1 0 0 19
1 0 0 19
1 0 0 19
1 0 0 19
1 0 0 19
1 0 0 19
1 0 0 19
1 0 0 19
1 0 0 19
1 0 0 19
1 0 0 19
1 0 0 19
1 0 0 19
1 0 0 19
1 0 0 19
1 0 0 19
1 0 0 19
1 0 0 18
1 0 0 18
1 0 0 18
1 0 0 18
1 0 0 18
1 0 0 18
1 0 0 18
1 0 0 18
1 0 0 20
1 0 0 20
1 0 0 20
1 0 0 20
1 0 0 20
1 0 0 20
1 0 0 20
1 0 0 20
1 0 0 20
1 0 0 20
1 0 0 20
1 0 0 20
1 0 0 20
1 0 0 20
1 0 0 20
1 0 0 20
1 0 0 20
1 0 0 20
1 0 0 20
1 0 0 21
1 0 0 21
1 0 0 21
1 0 0 21
1 0 0 21
1 0 0 21
1 0 0 21
1 0 0 21
1 0 0 21
1 0 0 21
1 0 0 21
1 0 0 21
1 0 0 21
1 0 0 21
1 0 0 21
1 0 0 21
1 0 0 21
1 0 0 21
1 0 0 21
1 0 0 21
1 0 0 22
1 0 0 22
1 0 0 22
1 0 0 22
1 0 0 22
1 0 0 22
1 0 0 22
1 0 0 22
1 0 0 22
1 0 0 22
1 0 0 22
1 0 0 22
1 0 0 22
1 0 0 22
1 0 0 22
1 0 0 22
1 0 0 22
1 0 0 22
1 0 0 22
1 0 0 22
1 0 0 20
1 0 0 17
1 0 0 16
1 0 0 16
1 0 0 16
1 0 0 16
1 0 0 16
1 0 0 16
1 0 0 16
1 0 0 16
1 0 0 16
1 0 0 16
1 0 0 16
1 0 0 16
1 0 0 16
0.1 1 2 -1
0.1 4 5 -1
0.1 3 442 -1
0.1 443 6 -1
0.1 8 9 -1
0.1 7 445 -1
0.1 444 446 -1
0.1 441 447 -1
0.1 10 11 -1
0.1 449 12 -1
0.1 13 14 -1
0.1 15 16 -1
0.1 451 452 -1
0.1 17 18 -1
0.1 454 19 -1
0.1 21 22 -1
0.1 20 456 -1
0.1 24 25 -1
0.1 23 458 -1
0.1 26 27 -1
0.1 28 29 -1
0.1 460 461 -1
0.1 459 462 -1
0.1 457 463 -1
0.1 455 464 -1
0.1 30 31 -1
0.1 466 32 -1
0.1 465 467 -1
0.1 453 468 -1
0.1 450 469 -1
0.1 448 470 -1
0.1 34 35 -1
0.1 472 36 -1
0.1 33 473 -1
0.1 474 37 -1
0.1 38 39 -1
0.1 475 476 -1
0.1 41 42 -1
0.1 45 46 -1
0.1 44 479 -1
0.1 43 480 -1
0.1 47 48 -1
0.1 49 50 -1
0.1 482 483 -1
0.1 481 484 -1
0.1 52 53 -1
0.1 55 56 -1
0.1 54 487 -1
0.1 486 488 -1
0.1 51 489 -1
0.1 485 490 -1
0.1 478 491 -1
0.1 57 58 -1
0.1 492 493 -1
0.1 40 494 -1
0.1 477 495 -1
0.1 59 60 -1
0.1 62 63 -1
0.1 61 498 -1
0.1 65 66 -1
0.1 64 500 -1
0.1 68 69 -1
0.1 502 70 -1
0.1 67 503 -1
0.1 72 73 -1
0.1 71 505 -1
0.1 504 506 -1
0.1 501 507 -1
0.1 76 77 -1
0.1 75 509 -1
0.1 79 80 -1
0.1 78 511 -1
0.1 510 512 -1
0.1 74 513 -1
0.1 508 514 -1
0.1 499 515 -1
0.1 497 516 -1
0.1 81 82 -1
0.1 83 84 -1
0.1 519 85 -1
0.1 520 86 -1
0.1 87 88 -1
0.1 521 522 -1
0.1 518 523 -1
0.1 90 91 -1
0.1 89 525 -1
0.1 94 95 -1
0.1 93 527 -1
0.1 92 528 -1
0.1 526 529 -1
0.1 97 98 -1
0.1 96 531 -1
0.1 99 100 -1
0.1 101 102 -1
0.1 534 103 -1
0.1 533 535 -1
0.1 104 105 -1
0.1 108 109 -1
0.1 538 110 -1
0.1 107 539 -1
0.1 106 540 -1
0.1 537 541 -1
0.1 536 542 -1
0.1 532 543 -1
0.1 111 112 -1
0.1 545 113 -1
0.1 114 115 -1
0.1 546 547 -1
0.1 544 548 -1
0.1 549 116 -1
0.1 117 118 -1
0.1 119 120 -1
0.1 551 552 -1
0.1 550 553 -1
0.1 530 554 -1
0.1 524 555 -1
0.1 121 122 -1
0.1 124 125 -1
0.1 126 127 -1
0.1 128 129 -1
0.1 559 560 -1
0.1 558 561 -1
0.1 123 562 -1
0.1 131 132 -1
0.1 130 564 -1
0.1 133 134 -1
0.1 135 136 -1
0.1 567 137 -1
0.1 568 138 -1
0.1 566 569 -1
0.1 565 570 -1
0.1 563 571 -1
0.1 557 572 -1
0.1 556 573 -1
0.1 139 140 -1
0.1 141 142 -1
0.1 575 576 -1
0.1 149 150 -1
0.1 148 578 -1
0.1 579 151 -1
0.1 152 153 -1
0.1 580 581 -1
0.1 147 582 -1
0.1 583 154 -1
0.1 159 160 -1
0.1 158 585 -1
0.1 157 586 -1
0.1 161 162 -1
0.1 587 588 -1
0.1 156 589 -1
0.1 164 165 -1
0.1 163 591 -1
0.1 590 592 -1
0.1 155 593 -1
0.1 584 594 -1
0.1 146 595 -1
0.1 145 596 -1
0.1 144 597 -1
0.1 166 167 -1
0.1 599 168 -1
0.1 600 169 -1
0.1 598 601 -1
0.1 143 602 -1
0.1 603 170 -1
0.1 173 174 -1
0.1 175 176 -1
0.1 605 606 -1
0.1 172 607 -1
0.1 171 608 -1
0.1 179 180 -1
0.1 178 610 -1
0.1 611 181 -1
0.1 177 612 -1
0.1 185 186 -1
0.1 614 187 -1
0.1 188 189 -1
0.1 616 190 -1
0.1 615 617 -1
0.1 184 618 -1
0.1 183 619 -1
0.1 182 620 -1
0.1 613 621 -1
0.1 609 622 -1
0.1 192 193 -1
0.1 194 195 -1
0.1 624 625 -1
0.1 191 626 -1
0.1 196 197 -1
0.1 198 199 -1
0.1 628 629 -1
0.1 200 201 -1
0.1 202 203 -1
0.1 204 205 -1
0.1 632 633 -1
0.1 634 206 -1
0.1 631 635 -1
0.1 208 209 -1
0.1 207 637 -1
0.1 636 638 -1
0.1 630 639 -1
0.1 640 210 -1
0.1 627 641 -1
0.1 211 212 -1
0.1 213 214 -1
0.1 643 644 -1
0.1 215 216 -1
0.1 646 217 -1
0.1 645 647 -1
0.1 648 218 -1
0.1 642 649 -1
0.1 623 650 -1
0.1 604 651 -1
0.1 577 652 -1
0.1 574 653 -1
0.1 219 220 -1
0.1 654 655 -1
0.1 517 656 -1
0.1 496 657 -1
0.1 471 658 -1
0.1 225 226 -1
0.1 224 660 -1
0.1 227 228 -1
0.1 661 662 -1
0.1 223 663 -1
0.1 229 230 -1
0.1 231 232 -1
0.1 665 666 -1
0.1 664 667 -1
0.1 222 668 -1
0.1 234 235 -1
0.1 670 236 -1
0.1 233 671 -1
0.1 669 672 -1
0.1 221 673 -1
0.1 238 239 -1
0.1 237 675 -1
0.1 676 240 -1
0.1 241 242 -1
0.1 677 678 -1
0.1 243 244 -1
0.1 245 246 -1
0.1 680 681 -1
0.1 247 248 -1
0.1 682 683 -1
0.1 249 250 -1
0.1 684 685 -1
0.1 679 686 -1
0.1 251 252 -1
0.1 253 254 -1
0.1 688 689 -1
0.1 255 256 -1
0.1 690 691 -1
0.1 687 692 -1
0.1 674 693 -1
0.1 257 258 -1
0.1 260 261 -1
0.1 259 696 -1
0.1 695 697 -1
0.1 262 263 -1
0.1 264 265 -1
0.1 700 266 -1
0.1 699 701 -1
0.1 698 702 -1
0.1 268 269 -1
0.1 270 271 -1
0.1 704 705 -1
0.1 267 706 -1
0.1 272 273 -1
0.1 707 708 -1
0.1 275 276 -1
0.1 274 710 -1
0.1 709 711 -1
0.1 703 712 -1
0.1 278 279 -1
0.1 714 280 -1
0.1 277 715 -1
0.1 713 716 -1
0.1 282 283 -1
0.1 281 718 -1
0.1 285 286 -1
0.1 287 288 -1
0.1 720 721 -1
0.1 722 289 -1
0.1 292 293 -1
0.1 291 724 -1
0.1 294 295 -1
0.1 725 726 -1
0.1 290 727 -1
0.1 296 297 -1
0.1 728 729 -1
0.1 723 730 -1
0.1 284 731 -1
0.1 299 300 -1
0.1 298 733 -1
0.1 732 734 -1
0.1 301 302 -1
0.1 304 305 -1
0.1 303 737 -1
0.1 736 738 -1
0.1 306 307 -1
0.1 739 740 -1
0.1 309 310 -1
0.1 312 313 -1
0.1 311 743 -1
0.1 742 744 -1
0.1 308 745 -1
0.1 314 315 -1
0.1 316 317 -1
0.1 748 318 -1
0.1 747 749 -1
0.1 319 320 -1
0.1 750 751 -1
0.1 321 322 -1
0.1 753 323 -1
0.1 324 325 -1
0.1 755 326 -1
0.1 754 756 -1
0.1 752 757 -1
0.1 746 758 -1
0.1 327 328 -1
0.1 760 329 -1
0.1 330 331 -1
0.1 332 333 -1
0.1 763 334 -1
0.1 335 336 -1
0.1 764 765 -1
0.1 762 766 -1
0.1 761 767 -1
0.1 339 340 -1
0.1 341 342 -1
0.1 343 344 -1
0.1 771 345 -1
0.1 770 772 -1
0.1 346 347 -1
0.1 773 774 -1
0.1 349 350 -1
0.1 351 352 -1
0.1 776 777 -1
0.1 348 778 -1
0.1 353 354 -1
0.1 780 355 -1
0.1 779 781 -1
0.1 356 357 -1
0.1 783 358 -1
0.1 782 784 -1
0.1 775 785 -1
0.1 769 786 -1
0.1 338 787 -1
0.1 337 788 -1
0.1 360 361 -1
0.1 363 364 -1
0.1 362 791 -1
0.1 365 366 -1
0.1 792 793 -1
0.1 790 794 -1
0.1 359 795 -1
0.1 789 796 -1
0.1 370 371 -1
0.1 798 372 -1
0.1 369 799 -1
0.1 368 800 -1
0.1 374 375 -1
0.1 373 802 -1
0.1 376 377 -1
0.1 803 804 -1
0.1 380 381 -1
0.1 379 806 -1
0.1 378 807 -1
0.1 382 383 -1
0.1 808 809 -1
0.1 805 810 -1
0.1 384 385 -1
0.1 811 812 -1
0.1 801 813 -1
0.1 367 814 -1
0.1 388 389 -1
0.1 387 816 -1
0.1 386 817 -1
0.1 818 390 -1
0.1 392 393 -1
0.1 391 820 -1
0.1 396 397 -1
0.1 395 822 -1
0.1 394 823 -1
0.1 821 824 -1
0.1 819 825 -1
0.1 399 400 -1
0.1 398 827 -1
0.1 402 403 -1
0.1 401 829 -1
0.1 404 405 -1
0.1 830 831 -1
0.1 828 832 -1
0.1 826 833 -1
0.1 407 408 -1
0.1 406 835 -1
0.1 836 409 -1
0.1 837 410 -1
0.1 411 412 -1
0.1 839 413 -1
0.1 414 415 -1
0.1 840 841 -1
0.1 838 842 -1
0.1 834 843 -1
0.1 416 417 -1
0.1 844 845 -1
0.1 420 421 -1
0.1 419 847 -1
0.1 418 848 -1
0.1 424 425 -1
0.1 423 850 -1
0.1 422 851 -1
0.1 849 852 -1
0.1 846 853 -1
0.1 815 854 -1
0.1 855 426 -1
0.1 797 856 -1
0.1 768 857 -1
0.1 759 858 -1
0.1 859 427 -1
0.1 428 429 -1
0.1 861 430 -1
0.1 862 431 -1
0.1 860 863 -1
0.1 741 864 -1
0.1 432 433 -1
0.1 866 434 -1
0.1 437 438 -1
0.1 436 868 -1
0.1 435 869 -1
0.1 867 870 -1
0.1 865 871 -1
0.1 439 440 -1
0.1 872 873 -1
0.1 735 874 -1
0.1 719 875 -1
0.1 717 876 -1
0.1 694 877 -1
0.1 659 878 -1
