1 0 0 1
1 0 0 1
1 0 0 1
1 0 0 1
1 0 0 1
1 0 0 2
1 0 0 2
1 0 0 2
1 0 0 2
1 0 0 2
1 0 0 2
1 0 0 2
1 0 0 2
1 0 0 2
1 0 0 2
1 0 0 2
1 0 0 2
1 0 0 2
1 0 0 2
1 0 0 2
1 0 0 2
1 0 0 2
1 0 0 2
1 0 0 2
1 0 0 2
1 0 0 1
1 0 0 1
1 0 0 1
1 0 0 1
1 0 0 1
1 0 0 1
1 0 0 1
1 0 0 1
1 0 0 1
1 0 0 1
1 0 0 1
1 0 0 1
1 0 0 1
1 0 0 1
1 0 0 1
1 0 0 3
1 0 0 3
1 0 0 3
1 0 0 3
1 0 0 3
1 0 0 3
1 0 0 3
1 0 0 3
1 0 0 3
1 0 0 3
1 0 0 3
1 0 0 3
1 0 0 3
1 0 0 3
1 0 0 3
1 0 0 3
1 0 0 3
1 0 0 3
1 0 0 4
1 0 0 4
1 0 0 4
1 0 0 4
1 0 0 4
1 0 0 4
1 0 0 4
1 0 0 4
1 0 0 5
1 0 0 5
1 0 0 5
1 0 0 5
1 0 0 5
1 0 0 5
1 0 0 5
1 0 0 5
1 0 0 5
1 0 0 5
1 0 0 5
1 0 0 5
1 0 0 5
1 0 0 5
1 0 0 5
1 0 0 5
1 0 0 5
1 0 0 5
1 0 0 5
1 0 0 5
1 0 0 4
1 0 0 4
1 0 0 4
1 0 0 4
1 0 0 6
1 0 0 6
1 0 0 6
1 0 0 6
1 0 0 6
1 0 0 6
1 0 0 6
1 0 0 6
1 0 0 6
1 0 0 6
1 0 0 6
1 0 0 6
1 0 0 6
1 0 0 6
1 0 0 6
1 0 0 6
1 0 0 6
1 0 0 6
1 0 0 6
1 0 0 6
1 0 0 4
1 0 0 4
1 0 0 4
1 0 0 4
1 0 0 4
1 0 0 4
1 0 0 4
1 0 0 4
1 0 0 7
1 0 0 7
1 0 0 7
1 0 0 7
1 0 0 7
1 0 0 7
1 0 0 7
1 0 0 7
1 0 0 7
1 0 0 7
1 0 0 7
1 0 0 7
1 0 0 7
1 0 0 7
1 0 0 7
1 0 0 7
1 0 0 7
1 0 0 7
1 0 0 7
1 0 0 7
1 0 0 3
1 0 0 3
1 0 0 8
1 0 0 8
1 0 0 8
1 0 0 8
1 0 0 8
1 0 0 8
1 0 0 8
1 0 0 8
1 0 0 8
1 0 0 8
1 0 0 8
1 0 0 8
1 0 0 8
1 0 0 8
1 0 0 8
1 0 0 8
1 0 0 8
1 0 0 8
1 0 0 8
1 0 0 8
1 0 0 9
1 0 0 9
1 0 0 10
1 0 0 11
1 0 0 11
1 0 0 11
1 0 0 11
1 0 0 11
1 0 0 11
1 0 0 11
1 0 0 11
1 0 0 12
1 0 0 12
1 0 0 12
1 0 0 12
1 0 0 12
1 0 0 12
1 0 0 12
1 0 0 12
1 0 0 12
1 0 0 12
1 0 0 12
1 0 0 12
1 0 0 12
1 0 0 12
1 0 0 12
1 0 0 12
1 0 0 12
1 0 0 12
1 0 0 12
1 0 0 12
1 0 0 11
1 0 0 11
1 0 0 11
1 0 0 11
1 0 0 11
1 0 0 11
1 0 0 11
1 0 0 11
1 0 0 11
1 0 0 11
1 0 0 11
1 0 0 11
1 0 0 9
1 0 0 9
1 0 0 9
1 0 0 9
1 0 0 9
1 0 0 9
1 0 0 9
1 0 0 9
1 0 0 9
1 0 0 9
1 0 0 9
1 0 0 9
1 0 0 9
1 0 0 9
1 0 0 9
1 0 0 9
1 0 0 9
1 0 0 9
1 0 0 13
1 0 0 13
1 0 0 13
1 0 0 13
1 0 0 13
1 0 0 13
1 0 0 13
1 0 0 13
1 0 0 13
1 0 0 13
1 0 0 13
1 0 0 13
1 0 0 13
1 0 0 13
1 0 0 13
1 0 0 13
1 0 0 13
1 0 0 13
1 0 0 13
1 0 0 13
1 0 0 14
1 0 0 14
1 0 0 15
1 0 0 15
1 0 0 15
1 0 0 15
1 0 0 15
1 0 0 15
1 0 0 15
1 0 0 15
1 0 0 15
1 0 0 15
1 0 0 15
1 0 0 15
1 0 0 16
1 0 0 16
1 0 0 16
1 0 0 16
1 0 0 16
1 0 0 16
1 0 0 16
1 0 0 16
1 0 0 16
1 0 0 16
1 0 0 16
1 0 0 16
1 0 0 16
1 0 0 16
1 0 0 16
1 0 0 16
1 0 0 16
1 0 0 16
1 0 0 16
1 0 0 16
1 0 0 15
1 0 0 15
1 0 0 15
1 0 0 15
1 0 0 15
1 0 0 15
1 0 0 15
1 0 0 15
1 0 0 17
1 0 0 17
1 0 0 18
1 0 0 18
1 0 0 18
1 0 0 18
1 0 0 18
1 0 0 18
1 0 0 18
1 0 0 18
1 0 0 18
1 0 0 18
1 0 0 18
1 0 0 18
1 0 0 18
1 0 0 18
1 0 0 18
1 0 0 18
1 0 0 18
1 0 0 18
1 0 0 18
1 0 0 18
1 0 0 17
1 0 0 17
1 0 0 17
1 0 0 17
1 0 0 17
1 0 0 17
1 0 0 17
1 0 0 17
1 0 0 17
1 0 0 17
1 0 0 19
1 0 0 19
1 0 0 19
1 0 0 19
1 0 0 19
1 0 0 19
1 0 0 19
1 0 0 19
1 0 0 19
1 0 0 19
1 0 0 19
1 0 0 19
1 0 0 19
1 0 0 19
1 0 0 19
1 0 0 19
1 0 0 19
1 0 0 19
1 0 0 19
1 0 0 17
1 0 0 17
1 0 0 17
1 0 0 17
1 0 0 17
1 0 0 17
1 0 0 17
1 0 0 17
1 0 0 19
1 0 0 20
1 0 0 20
1 0 0 20
1 0 0 20
1 0 0 20
1 0 0 20
1 0 0 20
1 0 0 20
1 0 0 20
1 0 0 20
1 0 0 20
1 0 0 20
1 0 0 20
1 0 0 20
1 0 0 20
1 0 0 20
1 0 0 20
1 0 0 20
1 0 0 20
1 0 0 20
1 0 0 14
1 0 0 14
1 0 0 14
1 0 0 14
1 0 0 14
1 0 0 14
1 0 0 14
1 0 0 14
1 0 0 14
1 0 0 14
1 0 0 14
1 0 0 14
1 0 0 14
1 0 0 14
1 0 0 14
1 0 0 14
1 0 0 14
1 0 0 14
1 0 0 10
1 0 0 10
1 0 0 10
1 0 0 21
1 0 0 21
1 0 0 21
1 0 0 21
1 0 0 21
1 0 0 21
1 0 0 21
1 0 0 21
1 0 0 21
1 0 0 21
1 0 0 21
1 0 0 21
1 0 0 21
1 0 0 21
1 0 0 21
1 0 0 21
1 0 0 21
1 0 0 21
1 0 0 21
1 0 0 21
1 0 0 10
1 0 0 10
1 0 0 10
1 0 0 10
1 0 0 10
1 0 0 10
1 0 0 10
1 0 0 10
1 0 0 10
1 0 0 10
1 0 0 10
1 0 0 10
1 0 0 10
1 0 0 10
1 0 0 10
1 0 0 10
1 0 0 22
1 0 0 22
1 0 0 22
1 0 0 22
1 0 0 22
1 0 0 22
1 0 0 22
1 0 0 22
1 0 0 22
1 0 0 22
1 0 0 22
1 0 0 22
1 0 0 22
1 0 0 22
1 0 0 22
1 0 0 22
1 0 0 22
1 0 0 22
1 0 0 22
1 0 0 22
0.1 1 2 -1
0.1 3 4 -1
0.1 7 8 -1
0.1 6 443 -1
0.1 9 10 -1
0.1 11 12 -1
0.1 446 13 -1
0.1 445 447 -1
0.1 444 448 -1
0.1 14 15 -1
0.1 17 18 -1
0.1 19 20 -1
0.1 451 452 -1
0.1 16 453 -1
0.1 450 454 -1
0.1 449 455 -1
0.1 21 22 -1
0.1 24 25 -1
0.1 23 458 -1
0.1 457 459 -1
0.1 456 460 -1
0.1 5 461 -1
0.1 442 462 -1
0.1 441 463 -1
0.1 26 27 -1
0.1 29 30 -1
0.1 466 31 -1
0.1 28 467 -1
0.1 32 33 -1
0.1 468 469 -1
0.1 465 470 -1
0.1 34 35 -1
0.1 472 36 -1
0.1 39 40 -1
0.1 38 474 -1
0.1 37 475 -1
0.1 473 476 -1
0.1 471 477 -1
0.1 464 478 -1
0.1 41 42 -1
0.1 480 43 -1
0.1 45 46 -1
0.1 44 482 -1
0.1 481 483 -1
0.1 47 48 -1
0.1 485 49 -1
0.1 484 486 -1
0.1 51 52 -1
0.1 54 55 -1
0.1 53 489 -1
0.1 490 56 -1
0.1 488 491 -1
0.1 50 492 -1
0.1 57 58 -1
0.1 493 494 -1
0.1 487 495 -1
0.1 479 496 -1
0.1 59 60 -1
0.1 61 62 -1
0.1 498 499 -1
0.1 68 69 -1
0.1 71 72 -1
0.1 502 73 -1
0.1 70 503 -1
0.1 501 504 -1
0.1 505 74 -1
0.1 76 77 -1
0.1 507 78 -1
0.1 75 508 -1
0.1 506 509 -1
0.1 510 79 -1
0.1 67 511 -1
0.1 512 80 -1
0.1 83 84 -1
0.1 82 514 -1
0.1 81 515 -1
0.1 85 86 -1
0.1 516 517 -1
0.1 513 518 -1
0.1 66 519 -1
0.1 65 520 -1
0.1 89 90 -1
0.1 88 522 -1
0.1 87 523 -1
0.1 521 524 -1
0.1 64 525 -1
0.1 63 526 -1
0.1 93 94 -1
0.1 92 528 -1
0.1 529 95 -1
0.1 97 98 -1
0.1 96 531 -1
0.1 99 100 -1
0.1 101 102 -1
0.1 103 104 -1
0.1 534 535 -1
0.1 536 105 -1
0.1 533 537 -1
0.1 532 538 -1
0.1 530 539 -1
0.1 107 108 -1
0.1 541 109 -1
0.1 106 542 -1
0.1 543 110 -1
0.1 540 544 -1
0.1 91 545 -1
0.1 111 112 -1
0.1 113 114 -1
0.1 547 548 -1
0.1 117 118 -1
0.1 116 550 -1
0.1 115 551 -1
0.1 549 552 -1
0.1 121 122 -1
0.1 120 554 -1
0.1 555 123 -1
0.1 119 556 -1
0.1 125 126 -1
0.1 127 128 -1
0.1 558 559 -1
0.1 124 560 -1
0.1 561 129 -1
0.1 133 134 -1
0.1 132 563 -1
0.1 136 137 -1
0.1 135 565 -1
0.1 564 566 -1
0.1 131 567 -1
0.1 568 138 -1
0.1 130 569 -1
0.1 562 570 -1
0.1 557 571 -1
0.1 553 572 -1
0.1 546 573 -1
0.1 527 574 -1
0.1 500 575 -1
0.1 497 576 -1
0.1 139 140 -1
0.1 577 578 -1
0.1 142 143 -1
0.1 141 580 -1
0.1 145 146 -1
0.1 144 582 -1
0.1 148 149 -1
0.1 147 584 -1
0.1 583 585 -1
0.1 581 586 -1
0.1 587 150 -1
0.1 151 152 -1
0.1 154 155 -1
0.1 153 590 -1
0.1 591 156 -1
0.1 589 592 -1
0.1 593 157 -1
0.1 158 159 -1
0.1 595 160 -1
0.1 594 596 -1
0.1 588 597 -1
0.1 161 162 -1
0.1 598 599 -1
0.1 579 600 -1
0.1 601 163 -1
0.1 166 167 -1
0.1 165 603 -1
0.1 168 169 -1
0.1 604 605 -1
0.1 164 606 -1
0.1 607 170 -1
0.1 172 173 -1
0.1 174 175 -1
0.1 609 610 -1
0.1 177 178 -1
0.1 176 612 -1
0.1 180 181 -1
0.1 179 614 -1
0.1 183 184 -1
0.1 182 616 -1
0.1 185 186 -1
0.1 187 188 -1
0.1 618 619 -1
0.1 617 620 -1
0.1 190 191 -1
0.1 189 622 -1
0.1 621 623 -1
0.1 615 624 -1
0.1 613 625 -1
0.1 611 626 -1
0.1 171 627 -1
0.1 193 194 -1
0.1 192 629 -1
0.1 628 630 -1
0.1 196 197 -1
0.1 195 632 -1
0.1 198 199 -1
0.1 200 201 -1
0.1 202 203 -1
0.1 635 636 -1
0.1 634 637 -1
0.1 633 638 -1
0.1 631 639 -1
0.1 204 205 -1
0.1 206 207 -1
0.1 208 209 -1
0.1 643 210 -1
0.1 642 644 -1
0.1 211 212 -1
0.1 645 646 -1
0.1 213 214 -1
0.1 215 216 -1
0.1 649 217 -1
0.1 218 219 -1
0.1 650 651 -1
0.1 648 652 -1
0.1 647 653 -1
0.1 641 654 -1
0.1 220 221 -1
0.1 655 656 -1
0.1 640 657 -1
0.1 608 658 -1
0.1 602 659 -1
0.1 222 223 -1
0.1 225 226 -1
0.1 224 662 -1
0.1 227 228 -1
0.1 229 230 -1
0.1 664 665 -1
0.1 666 231 -1
0.1 232 233 -1
0.1 235 236 -1
0.1 234 669 -1
0.1 238 239 -1
0.1 237 671 -1
0.1 670 672 -1
0.1 668 673 -1
0.1 674 240 -1
0.1 667 675 -1
0.1 663 676 -1
0.1 242 243 -1
0.1 241 678 -1
0.1 245 246 -1
0.1 244 680 -1
0.1 247 248 -1
0.1 249 250 -1
0.1 251 252 -1
0.1 684 253 -1
0.1 683 685 -1
0.1 682 686 -1
0.1 681 687 -1
0.1 258 259 -1
0.1 260 261 -1
0.1 689 690 -1
0.1 257 691 -1
0.1 262 263 -1
0.1 264 265 -1
0.1 267 268 -1
0.1 695 269 -1
0.1 696 270 -1
0.1 266 697 -1
0.1 694 698 -1
0.1 693 699 -1
0.1 272 273 -1
0.1 271 701 -1
0.1 700 702 -1
0.1 692 703 -1
0.1 704 274 -1
0.1 705 275 -1
0.1 256 706 -1
0.1 255 707 -1
0.1 254 708 -1
0.1 276 277 -1
0.1 278 279 -1
0.1 711 280 -1
0.1 281 282 -1
0.1 712 713 -1
0.1 710 714 -1
0.1 715 283 -1
0.1 709 716 -1
0.1 284 285 -1
0.1 287 288 -1
0.1 286 719 -1
0.1 720 289 -1
0.1 721 290 -1
0.1 292 293 -1
0.1 291 723 -1
0.1 295 296 -1
0.1 294 725 -1
0.1 726 297 -1
0.1 724 727 -1
0.1 722 728 -1
0.1 299 300 -1
0.1 298 730 -1
0.1 301 302 -1
0.1 304 305 -1
0.1 303 733 -1
0.1 732 734 -1
0.1 731 735 -1
0.1 729 736 -1
0.1 307 308 -1
0.1 306 738 -1
0.1 309 310 -1
0.1 739 740 -1
0.1 313 314 -1
0.1 312 742 -1
0.1 743 315 -1
0.1 311 744 -1
0.1 741 745 -1
0.1 737 746 -1
0.1 718 747 -1
0.1 318 319 -1
0.1 317 749 -1
0.1 320 321 -1
0.1 750 751 -1
0.1 322 323 -1
0.1 324 325 -1
0.1 754 326 -1
0.1 327 328 -1
0.1 330 331 -1
0.1 329 757 -1
0.1 758 332 -1
0.1 333 334 -1
0.1 759 760 -1
0.1 756 761 -1
0.1 755 762 -1
0.1 753 763 -1
0.1 752 764 -1
0.1 316 765 -1
0.1 336 337 -1
0.1 767 338 -1
0.1 335 768 -1
0.1 341 342 -1
0.1 340 770 -1
0.1 339 771 -1
0.1 769 772 -1
0.1 766 773 -1
0.1 748 774 -1
0.1 775 343 -1
0.1 717 776 -1
0.1 688 777 -1
0.1 347 348 -1
0.1 346 779 -1
0.1 349 350 -1
0.1 780 781 -1
0.1 345 782 -1
0.1 351 352 -1
0.1 354 355 -1
0.1 353 785 -1
0.1 784 786 -1
0.1 356 357 -1
0.1 787 788 -1
0.1 359 360 -1
0.1 358 790 -1
0.1 361 362 -1
0.1 792 363 -1
0.1 791 793 -1
0.1 789 794 -1
0.1 783 795 -1
0.1 344 796 -1
0.1 778 797 -1
0.1 365 366 -1
0.1 368 369 -1
0.1 367 800 -1
0.1 799 801 -1
0.1 364 802 -1
0.1 371 372 -1
0.1 370 804 -1
0.1 805 373 -1
0.1 377 378 -1
0.1 376 807 -1
0.1 808 379 -1
0.1 375 809 -1
0.1 380 381 -1
0.1 810 811 -1
0.1 374 812 -1
0.1 806 813 -1
0.1 803 814 -1
0.1 798 815 -1
0.1 679 816 -1
0.1 677 817 -1
0.1 661 818 -1
0.1 382 383 -1
0.1 820 384 -1
0.1 385 386 -1
0.1 388 389 -1
0.1 387 823 -1
0.1 822 824 -1
0.1 390 391 -1
0.1 393 394 -1
0.1 392 827 -1
0.1 826 828 -1
0.1 396 397 -1
0.1 395 830 -1
0.1 398 399 -1
0.1 403 404 -1
0.1 402 833 -1
0.1 401 834 -1
0.1 400 835 -1
0.1 832 836 -1
0.1 831 837 -1
0.1 829 838 -1
0.1 825 839 -1
0.1 821 840 -1
0.1 841 405 -1
0.1 819 842 -1
0.1 408 409 -1
0.1 407 844 -1
0.1 410 411 -1
0.1 845 846 -1
0.1 413 414 -1
0.1 412 848 -1
0.1 415 416 -1
0.1 849 850 -1
0.1 847 851 -1
0.1 418 419 -1
0.1 853 420 -1
0.1 417 854 -1
0.1 852 855 -1
0.1 406 856 -1
0.1 843 857 -1
0.1 421 422 -1
0.1 423 424 -1
0.1 425 426 -1
0.1 860 861 -1
0.1 859 862 -1
0.1 427 428 -1
0.1 429 430 -1
0.1 431 432 -1
0.1 865 866 -1
0.1 864 867 -1
0.1 433 434 -1
0.1 437 438 -1
0.1 870 439 -1
0.1 436 871 -1
0.1 435 872 -1
0.1 869 873 -1
0.1 874 440 -1
0.1 868 875 -1
0.1 863 876 -1
0.1 858 877 -1
0.1 660 878 -1
