1 0 0 1
1 0 0 1
1 0 0 2
1 0 0 3
1 0 0 3
1 0 0 2
1 0 0 2
1 0 0 2
1 0 0 2
1 0 0 2
1 0 0 2
1 0 0 2
1 0 0 2
1 0 0 2
1 0 0 4
1 0 0 4
1 0 0 4
1 0 0 4
1 0 0 4
1 0 0 4
1 0 0 4
1 0 0 4
1 0 0 4
1 0 0 4
1 0 0 5
1 0 0 6
1 0 0 6
1 0 0 7
1 0 0 7
1 0 0 7
1 0 0 6
1 0 0 6
1 0 0 6
1 0 0 8
1 0 0 8
1 0 0 8
1 0 0 8
1 0 0 8
1 0 0 8
1 0 0 8
1 0 0 8
1 0 0 8
1 0 0 8
1 0 0 1
1 0 0 1
1 0 0 9
1 0 0 9
1 0 0 10
1 0 0 10
1 0 0 10
1 0 0 10
1 0 0 10
1 0 0 10
1 0 0 10
1 0 0 10
1 0 0 10
1 0 0 10
1 0 0 9
1 0 0 9
1 0 0 9
1 0 0 9
1 0 0 9
1 0 0 11
1 0 0 11
1 0 0 11
1 0 0 11
1 0 0 11
1 0 0 11
1 0 0 11
1 0 0 11
1 0 0 11
1 0 0 11
1 0 0 9
1 0 0 9
1 0 0 9
1 0 0 12
1 0 0 12
1 0 0 12
1 0 0 12
1 0 0 12
1 0 0 12
1 0 0 12
1 0 0 12
1 0 0 12
1 0 0 12
1 0 0 13
1 0 0 13
1 0 0 13
1 0 0 13
1 0 0 13
1 0 0 13
1 0 0 13
1 0 0 13
1 0 0 13
1 0 0 13
1 0 0 1
1 0 0 3
1 0 0 3
1 0 0 3
1 0 0 3
1 0 0 3
1 0 0 3
1 0 0 3
1 0 0 14
1 0 0 14
1 0 0 14
1 0 0 14
1 0 0 14
1 0 0 14
1 0 0 14
1 0 0 15
1 0 0 15
1 0 0 16
1 0 0 16
1 0 0 16
1 0 0 15
1 0 0 15
1 0 0 14
1 0 0 14
1 0 0 14
1 0 0 15
1 0 0 16
1 0 0 16
1 0 0 5
1 0 0 5
1 0 0 5
1 0 0 5
1 0 0 5
1 0 0 5
1 0 0 5
1 0 0 15
1 0 0 5
1 0 0 5
1 0 0 1
1 0 0 16
1 0 0 15
1 0 0 6
1 0 0 6
1 0 0 3
1 0 0 1
1 0 0 1
1 0 0 1
1 0 0 15
1 0 0 15
1 0 0 15
1 0 0 6
1 0 0 6
1 0 0 6
1 0 0 1
1 0 0 16
1 0 0 16
1 0 0 16
1 0 0 16
1 0 0 7
1 0 0 7
1 0 0 7
1 0 0 7
1 0 0 7
1 0 0 7
1 0 0 7
0.1 1 2 -1
0.1 4 5 -1
0.1 6 7 -1
0.1 9 10 -1
0.1 11 12 -1
0.1 164 165 -1
0.1 8 166 -1
0.1 163 167 -1
0.1 162 168 -1
0.1 169 13 -1
0.1 170 14 -1
0.1 3 171 -1
0.1 17 18 -1
0.1 16 173 -1
0.1 19 20 -1
0.1 174 175 -1
0.1 21 22 -1
0.1 177 23 -1
0.1 178 24 -1
0.1 176 179 -1
0.1 15 180 -1
0.1 172 181 -1
0.1 26 27 -1
0.1 25 183 -1
0.1 29 30 -1
0.1 28 185 -1
0.1 32 33 -1
0.1 31 187 -1
0.1 36 37 -1
0.1 35 189 -1
0.1 38 39 -1
0.1 190 191 -1
0.1 34 192 -1
0.1 40 41 -1
0.1 194 42 -1
0.1 195 43 -1
0.1 193 196 -1
0.1 44 45 -1
0.1 46 47 -1
0.1 51 52 -1
0.1 50 200 -1
0.1 201 53 -1
0.1 49 202 -1
0.1 203 54 -1
0.1 204 55 -1
0.1 205 56 -1
0.1 206 57 -1
0.1 48 207 -1
0.1 59 60 -1
0.1 61 62 -1
0.1 209 210 -1
0.1 58 211 -1
0.1 208 212 -1
0.1 199 213 -1
0.1 64 65 -1
0.1 63 215 -1
0.1 66 67 -1
0.1 216 217 -1
0.1 70 71 -1
0.1 69 219 -1
0.1 220 72 -1
0.1 68 221 -1
0.1 218 222 -1
0.1 214 223 -1
0.1 73 74 -1
0.1 224 225 -1
0.1 226 75 -1
0.1 77 78 -1
0.1 76 228 -1
0.1 229 79 -1
0.1 82 83 -1
0.1 81 231 -1
0.1 80 232 -1
0.1 230 233 -1
0.1 84 85 -1
0.1 234 235 -1
0.1 227 236 -1
0.1 87 88 -1
0.1 89 90 -1
0.1 238 239 -1
0.1 93 94 -1
0.1 92 241 -1
0.1 91 242 -1
0.1 240 243 -1
0.1 244 95 -1
0.1 86 245 -1
0.1 237 246 -1
0.1 247 96 -1
0.1 198 248 -1
0.1 197 249 -1
0.1 188 250 -1
0.1 186 251 -1
0.1 184 252 -1
0.1 99 100 -1
0.1 98 254 -1
0.1 97 255 -1
0.1 256 101 -1
0.1 253 257 -1
0.1 182 258 -1
0.1 161 259 -1
0.1 102 103 -1
0.1 105 106 -1
0.1 104 262 -1
0.1 108 109 -1
0.1 107 264 -1
0.1 263 265 -1
0.1 266 110 -1
0.1 261 267 -1
0.1 268 111 -1
0.1 113 114 -1
0.1 270 115 -1
0.1 271 116 -1
0.1 272 117 -1
0.1 118 119 -1
0.1 274 120 -1
0.1 275 121 -1
0.1 125 126 -1
0.1 277 127 -1
0.1 124 278 -1
0.1 129 130 -1
0.1 128 280 -1
0.1 279 281 -1
0.1 123 282 -1
0.1 122 283 -1
0.1 284 131 -1
0.1 132 133 -1
0.1 134 135 -1
0.1 286 287 -1
0.1 288 136 -1
0.1 285 289 -1
0.1 276 290 -1
0.1 137 138 -1
0.1 141 142 -1
0.1 140 293 -1
0.1 139 294 -1
0.1 295 143 -1
0.1 292 296 -1
0.1 144 145 -1
0.1 297 298 -1
0.1 291 299 -1
0.1 273 300 -1
0.1 112 301 -1
0.1 269 302 -1
0.1 147 148 -1
0.1 146 304 -1
0.1 155 156 -1
0.1 154 306 -1
0.1 159 160 -1
0.1 158 308 -1
0.1 157 309 -1
0.1 307 310 -1
0.1 153 311 -1
0.1 152 312 -1
0.1 151 313 -1
0.1 150 314 -1
0.1 149 315 -1
0.1 305 316 -1
0.1 303 317 -1
0.1 260 318 -1
