1 0 0 1
1 0 0 2
1 0 0 2
1 0 0 2
1 0 0 2
1 0 0 2
1 0 0 2
1 0 0 2
1 0 0 2
1 0 0 2
1 0 0 2
1 0 0 2
1 0 0 2
1 0 0 2
1 0 0 2
1 0 0 2
1 0 0 2
1 0 0 2
1 0 0 2
1 0 0 2
1 0 0 2
1 0 0 3
1 0 0 3
1 0 0 3
1 0 0 3
1 0 0 3
1 0 0 3
1 0 0 4
1 0 0 4
1 0 0 4
1 0 0 4
1 0 0 4
1 0 0 4
1 0 0 4
1 0 0 4
1 0 0 4
1 0 0 4
1 0 0 4
1 0 0 4
1 0 0 4
1 0 0 4
1 0 0 4
1 0 0 4
1 0 0 4
1 0 0 4
1 0 0 4
1 0 0 4
1 0 0 5
1 0 0 5
1 0 0 5
1 0 0 5
1 0 0 5
1 0 0 5
1 0 0 5
1 0 0 5
1 0 0 5
1 0 0 5
1 0 0 5
1 0 0 5
1 0 0 5
1 0 0 5
1 0 0 5
1 0 0 5
1 0 0 5
1 0 0 5
1 0 0 5
1 0 0 5
1 0 0 6
1 0 0 6
1 0 0 6
1 0 0 6
1 0 0 6
1 0 0 6
1 0 0 6
1 0 0 6
1 0 0 6
1 0 0 6
1 0 0 6
1 0 0 6
1 0 0 6
1 0 0 6
1 0 0 6
1 0 0 6
1 0 0 6
1 0 0 6
1 0 0 6
1 0 0 6
1 0 0 3
1 0 0 3
1 0 0 3
1 0 0 3
1 0 0 3
1 0 0 3
1 0 0 3
1 0 0 3
1 0 0 3
1 0 0 3
1 0 0 3
1 0 0 3
1 0 0 3
1 0 0 3
1 0 0 1
1 0 0 1
1 0 0 1
1 0 0 1
1 0 0 1
1 0 0 1
1 0 0 1
1 0 0 1
1 0 0 1
1 0 0 1
1 0 0 1
1 0 0 1
1 0 0 1
1 0 0 1
1 0 0 1
1 0 0 1
1 0 0 1
1 0 0 1
1 0 0 1
1 0 0 7
1 0 0 7
1 0 0 7
1 0 0 7
1 0 0 7
1 0 0 7
1 0 0 7
1 0 0 7
1 0 0 7
1 0 0 7
1 0 0 7
1 0 0 7
1 0 0 7
1 0 0 7
1 0 0 7
1 0 0 7
1 0 0 7
1 0 0 7
1 0 0 7
1 0 0 7
1 0 0 8
1 0 0 8
1 0 0 8
1 0 0 9
1 0 0 9
1 0 0 9
1 0 0 9
1 0 0 9
1 0 0 9
1 0 0 9
1 0 0 9
1 0 0 9
1 0 0 9
1 0 0 9
1 0 0 9
1 0 0 10
1 0 0 10
1 0 0 10
1 0 0 10
1 0 0 10
1 0 0 10
1 0 0 10
1 0 0 10
1 0 0 10
1 0 0 10
1 0 0 10
1 0 0 10
1 0 0 10
1 0 0 10
1 0 0 10
1 0 0 10
1 0 0 10
1 0 0 10
1 0 0 10
1 0 0 10
1 0 0 9
1 0 0 9
1 0 0 9
1 0 0 9
1 0 0 9
1 0 0 9
1 0 0 9
1 0 0 9
1 0 0 8
1 0 0 8
1 0 0 8
1 0 0 8
1 0 0 8
1 0 0 8
1 0 0 8
1 0 0 8
1 0 0 8
1 0 0 11
1 0 0 11
1 0 0 11
1 0 0 11
1 0 0 11
1 0 0 12
1 0 0 12
1 0 0 12
1 0 0 12
1 0 0 12
1 0 0 12
1 0 0 12
1 0 0 12
1 0 0 12
1 0 0 12
1 0 0 12
1 0 0 12
1 0 0 12
1 0 0 12
1 0 0 12
1 0 0 12
1 0 0 12
1 0 0 12
1 0 0 12
1 0 0 12
1 0 0 11
1 0 0 11
1 0 0 11
1 0 0 11
1 0 0 11
1 0 0 11
1 0 0 11
1 0 0 11
1 0 0 11
1 0 0 11
1 0 0 11
1 0 0 11
1 0 0 11
1 0 0 11
1 0 0 11
1 0 0 8
1 0 0 8
1 0 0 8
1 0 0 8
1 0 0 13
1 0 0 13
1 0 0 13
1 0 0 13
1 0 0 13
1 0 0 13
1 0 0 13
1 0 0 13
1 0 0 13
1 0 0 13
1 0 0 13
1 0 0 13
1 0 0 13
1 0 0 13
1 0 0 13
1 0 0 13
1 0 0 13
1 0 0 13
1 0 0 13
1 0 0 13
1 0 0 14
1 0 0 14
1 0 0 14
1 0 0 14
1 0 0 14
1 0 0 14
1 0 0 14
1 0 0 14
1 0 0 14
1 0 0 14
1 0 0 14
1 0 0 14
1 0 0 14
1 0 0 14
1 0 0 14
1 0 0 14
1 0 0 14
1 0 0 14
1 0 0 14
1 0 0 14
1 0 0 15
1 0 0 15
1 0 0 15
1 0 0 15
1 0 0 15
1 0 0 15
1 0 0 15
1 0 0 15
1 0 0 15
1 0 0 15
1 0 0 15
1 0 0 15
1 0 0 15
1 0 0 15
1 0 0 15
1 0 0 15
1 0 0 15
1 0 0 15
1 0 0 15
1 0 0 15
1 0 0 8
1 0 0 8
1 0 0 8
1 0 0 8
0.1 3 4 -1
0.1 2 301 -1
0.1 6 7 -1
0.1 8 9 -1
0.1 304 10 -1
0.1 303 305 -1
0.1 5 306 -1
0.1 13 14 -1
0.1 12 308 -1
0.1 309 15 -1
0.1 11 310 -1
0.1 307 311 -1
0.1 302 312 -1
0.1 16 17 -1
0.1 20 21 -1
0.1 19 315 -1
0.1 18 316 -1
0.1 314 317 -1
0.1 313 318 -1
0.1 1 319 -1
0.1 22 23 -1
0.1 321 24 -1
0.1 322 25 -1
0.1 29 30 -1
0.1 31 32 -1
0.1 324 325 -1
0.1 28 326 -1
0.1 33 34 -1
0.1 36 37 -1
0.1 329 38 -1
0.1 35 330 -1
0.1 328 331 -1
0.1 41 42 -1
0.1 40 333 -1
0.1 39 334 -1
0.1 335 43 -1
0.1 336 44 -1
0.1 46 47 -1
0.1 45 338 -1
0.1 337 339 -1
0.1 332 340 -1
0.1 327 341 -1
0.1 49 50 -1
0.1 48 343 -1
0.1 344 51 -1
0.1 56 57 -1
0.1 346 58 -1
0.1 55 347 -1
0.1 54 348 -1
0.1 53 349 -1
0.1 52 350 -1
0.1 345 351 -1
0.1 60 61 -1
0.1 59 353 -1
0.1 352 354 -1
0.1 63 64 -1
0.1 62 356 -1
0.1 357 65 -1
0.1 66 67 -1
0.1 358 359 -1
0.1 355 360 -1
0.1 342 361 -1
0.1 27 362 -1
0.1 26 363 -1
0.1 323 364 -1
0.1 69 70 -1
0.1 71 72 -1
0.1 367 73 -1
0.1 74 75 -1
0.1 369 76 -1
0.1 368 370 -1
0.1 366 371 -1
0.1 77 78 -1
0.1 373 79 -1
0.1 80 81 -1
0.1 375 82 -1
0.1 83 84 -1
0.1 376 377 -1
0.1 374 378 -1
0.1 85 86 -1
0.1 380 87 -1
0.1 379 381 -1
0.1 372 382 -1
0.1 68 383 -1
0.1 88 89 -1
0.1 384 385 -1
0.1 90 91 -1
0.1 92 93 -1
0.1 388 94 -1
0.1 95 96 -1
0.1 390 97 -1
0.1 98 99 -1
0.1 391 392 -1
0.1 389 393 -1
0.1 100 101 -1
0.1 394 395 -1
0.1 387 396 -1
0.1 386 397 -1
0.1 365 398 -1
0.1 103 104 -1
0.1 105 106 -1
0.1 400 401 -1
0.1 102 402 -1
0.1 108 109 -1
0.1 404 110 -1
0.1 107 405 -1
0.1 403 406 -1
0.1 111 112 -1
0.1 407 408 -1
0.1 399 409 -1
0.1 320 410 -1
0.1 114 115 -1
0.1 113 412 -1
0.1 116 117 -1
0.1 413 414 -1
0.1 118 119 -1
0.1 415 416 -1
0.1 121 122 -1
0.1 124 125 -1
0.1 123 419 -1
0.1 418 420 -1
0.1 126 127 -1
0.1 421 422 -1
0.1 128 129 -1
0.1 424 130 -1
0.1 425 131 -1
0.1 132 133 -1
0.1 426 427 -1
0.1 423 428 -1
0.1 135 136 -1
0.1 134 430 -1
0.1 137 138 -1
0.1 431 432 -1
0.1 429 433 -1
0.1 139 140 -1
0.1 434 435 -1
0.1 120 436 -1
0.1 417 437 -1
0.1 142 143 -1
0.1 144 145 -1
0.1 440 146 -1
0.1 148 149 -1
0.1 150 151 -1
0.1 443 152 -1
0.1 442 444 -1
0.1 147 445 -1
0.1 153 154 -1
0.1 447 155 -1
0.1 446 448 -1
0.1 441 449 -1
0.1 156 157 -1
0.1 159 160 -1
0.1 452 161 -1
0.1 158 453 -1
0.1 451 454 -1
0.1 163 164 -1
0.1 456 165 -1
0.1 162 457 -1
0.1 166 167 -1
0.1 168 169 -1
0.1 459 460 -1
0.1 171 172 -1
0.1 170 462 -1
0.1 174 175 -1
0.1 173 464 -1
0.1 463 465 -1
0.1 461 466 -1
0.1 458 467 -1
0.1 455 468 -1
0.1 176 177 -1
0.1 178 179 -1
0.1 470 471 -1
0.1 181 182 -1
0.1 180 473 -1
0.1 472 474 -1
0.1 475 183 -1
0.1 469 476 -1
0.1 450 477 -1
0.1 439 478 -1
0.1 141 479 -1
0.1 185 186 -1
0.1 184 481 -1
0.1 188 189 -1
0.1 187 483 -1
0.1 195 196 -1
0.1 194 485 -1
0.1 486 197 -1
0.1 193 487 -1
0.1 199 200 -1
0.1 489 201 -1
0.1 198 490 -1
0.1 202 203 -1
0.1 205 206 -1
0.1 493 207 -1
0.1 204 494 -1
0.1 492 495 -1
0.1 496 208 -1
0.1 497 209 -1
0.1 491 498 -1
0.1 211 212 -1
0.1 500 213 -1
0.1 214 215 -1
0.1 501 502 -1
0.1 216 217 -1
0.1 503 504 -1
0.1 210 505 -1
0.1 499 506 -1
0.1 488 507 -1
0.1 218 219 -1
0.1 220 221 -1
0.1 222 223 -1
0.1 510 511 -1
0.1 509 512 -1
0.1 224 225 -1
0.1 228 229 -1
0.1 227 515 -1
0.1 226 516 -1
0.1 514 517 -1
0.1 230 231 -1
0.1 519 232 -1
0.1 518 520 -1
0.1 513 521 -1
0.1 508 522 -1
0.1 523 233 -1
0.1 192 524 -1
0.1 191 525 -1
0.1 190 526 -1
0.1 237 238 -1
0.1 239 240 -1
0.1 528 529 -1
0.1 530 241 -1
0.1 243 244 -1
0.1 242 532 -1
0.1 247 248 -1
0.1 246 534 -1
0.1 245 535 -1
0.1 249 250 -1
0.1 252 253 -1
0.1 251 538 -1
0.1 537 539 -1
0.1 540 254 -1
0.1 536 541 -1
0.1 533 542 -1
0.1 255 256 -1
0.1 543 544 -1
0.1 258 259 -1
0.1 262 263 -1
0.1 261 547 -1
0.1 260 548 -1
0.1 264 265 -1
0.1 549 550 -1
0.1 546 551 -1
0.1 266 267 -1
0.1 269 270 -1
0.1 554 271 -1
0.1 555 272 -1
0.1 268 556 -1
0.1 274 275 -1
0.1 273 558 -1
0.1 557 559 -1
0.1 553 560 -1
0.1 552 561 -1
0.1 562 276 -1
0.1 257 563 -1
0.1 545 564 -1
0.1 531 565 -1
0.1 278 279 -1
0.1 281 282 -1
0.1 280 568 -1
0.1 567 569 -1
0.1 284 285 -1
0.1 283 571 -1
0.1 286 287 -1
0.1 289 290 -1
0.1 288 574 -1
0.1 573 575 -1
0.1 572 576 -1
0.1 577 291 -1
0.1 570 578 -1
0.1 277 579 -1
0.1 293 294 -1
0.1 295 296 -1
0.1 581 582 -1
0.1 292 583 -1
0.1 580 584 -1
0.1 566 585 -1
0.1 236 586 -1
0.1 235 587 -1
0.1 588 297 -1
0.1 234 589 -1
0.1 527 590 -1
0.1 484 591 -1
0.1 482 592 -1
0.1 480 593 -1
0.1 299 300 -1
0.1 298 595 -1
0.1 594 596 -1
0.1 438 597 -1
0.1 411 598 -1
