1 0 0 1
1 0 0 1
1 0 0 1
1 0 0 2
1 0 0 2
1 0 0 2
1 0 0 2
1 0 0 2
1 0 0 3
1 0 0 3
1 0 0 3
1 0 0 3
1 0 0 3
1 0 0 4
1 0 0 4
1 0 0 4
1 0 0 4
1 0 0 4
1 0 0 5
1 0 0 5
1 0 0 5
1 0 0 5
1 0 0 5
1 0 0 6
1 0 0 6
1 0 0 6
1 0 0 6
1 0 0 6
1 0 0 7
1 0 0 8
1 0 0 8
1 0 0 8
1 0 0 8
1 0 0 8
1 0 0 7
1 0 0 7
1 0 0 7
1 0 0 7
1 0 0 9
1 0 0 9
1 0 0 9
1 0 0 9
1 0 0 9
1 0 0 10
1 0 0 10
1 0 0 10
1 0 0 10
1 0 0 10
1 0 0 1
1 0 0 1
1 0 0 11
1 0 0 11
1 0 0 11
1 0 0 11
1 0 0 11
1 0 0 12
1 0 0 12
1 0 0 12
1 0 0 12
1 0 0 12
1 0 0 13
1 0 0 13
1 0 0 13
1 0 0 13
1 0 0 14
1 0 0 14
1 0 0 15
1 0 0 15
1 0 0 15
1 0 0 15
1 0 0 15
1 0 0 16
1 0 0 16
1 0 0 16
1 0 0 16
1 0 0 16
1 0 0 17
1 0 0 17
1 0 0 17
1 0 0 17
1 0 0 17
1 0 0 18
1 0 0 18
1 0 0 18
1 0 0 19
1 0 0 19
1 0 0 19
1 0 0 19
1 0 0 19
1 0 0 20
1 0 0 20
1 0 0 20
1 0 0 20
1 0 0 20
1 0 0 21
1 0 0 21
1 0 0 21
1 0 0 21
1 0 0 21
1 0 0 22
1 0 0 22
1 0 0 22
1 0 0 22
1 0 0 22
1 0 0 18
1 0 0 23
1 0 0 23
1 0 0 23
1 0 0 23
1 0 0 23
1 0 0 18
1 0 0 24
1 0 0 25
1 0 0 25
1 0 0 25
1 0 0 25
1 0 0 25
1 0 0 26
1 0 0 26
1 0 0 26
1 0 0 26
1 0 0 26
1 0 0 24
1 0 0 24
1 0 0 24
1 0 0 27
1 0 0 27
1 0 0 27
1 0 0 27
1 0 0 27
1 0 0 24
1 0 0 28
1 0 0 29
1 0 0 28
1 0 0 28
1 0 0 30
1 0 0 30
1 0 0 28
1 0 0 28
1 0 0 30
1 0 0 30
1 0 0 30
1 0 0 31
1 0 0 31
1 0 0 31
1 0 0 31
1 0 0 31
1 0 0 32
1 0 0 32
1 0 0 32
1 0 0 32
1 0 0 32
1 0 0 14
1 0 0 14
1 0 0 14
1 0 0 33
1 0 0 33
1 0 0 33
1 0 0 33
1 0 0 13
1 0 0 29
1 0 0 34
1 0 0 33
1 0 0 34
1 0 0 34
1 0 0 34
1 0 0 34
1 0 0 35
1 0 0 35
1 0 0 35
1 0 0 35
1 0 0 35
1 0 0 36
1 0 0 36
1 0 0 36
1 0 0 36
1 0 0 36
1 0 0 29
1 0 0 29
1 0 0 29
1 0 0 37
1 0 0 37
1 0 0 37
1 0 0 37
1 0 0 38
1 0 0 38
1 0 0 38
1 0 0 38
1 0 0 38
1 0 0 37
1 0 0 39
1 0 0 39
1 0 0 39
1 0 0 39
1 0 0 39
1 0 0 40
1 0 0 41
1 0 0 41
1 0 0 41
1 0 0 41
1 0 0 42
1 0 0 42
1 0 0 42
1 0 0 42
1 0 0 42
1 0 0 40
1 0 0 40
1 0 0 40
1 0 0 40
1 0 0 41
1 0 0 43
1 0 0 44
1 0 0 44
1 0 0 44
1 0 0 44
1 0 0 44
1 0 0 45
1 0 0 45
1 0 0 45
1 0 0 45
1 0 0 45
1 0 0 43
1 0 0 46
1 0 0 46
1 0 0 46
1 0 0 46
1 0 0 47
1 0 0 47
1 0 0 47
1 0 0 47
1 0 0 46
1 0 0 48
1 0 0 48
1 0 0 48
1 0 0 48
1 0 0 48
1 0 0 49
1 0 0 49
1 0 0 49
1 0 0 49
1 0 0 49
1 0 0 50
1 0 0 50
1 0 0 50
1 0 0 50
1 0 0 50
1 0 0 51
1 0 0 47
1 0 0 51
1 0 0 51
1 0 0 52
1 0 0 52
1 0 0 52
1 0 0 52
1 0 0 52
1 0 0 51
1 0 0 51
1 0 0 43
1 0 0 53
1 0 0 53
1 0 0 53
1 0 0 53
1 0 0 53
1 0 0 54
1 0 0 54
1 0 0 54
1 0 0 54
1 0 0 54
1 0 0 55
1 0 0 55
1 0 0 55
1 0 0 55
1 0 0 55
1 0 0 43
1 0 0 56
1 0 0 56
1 0 0 56
1 0 0 56
1 0 0 56
1 0 0 43
0.1 1 2 -1
0.1 4 5 -1
0.1 7 8 -1
0.1 6 283 -1
0.1 282 284 -1
0.1 10 11 -1
0.1 9 286 -1
0.1 12 13 -1
0.1 287 288 -1
0.1 14 15 -1
0.1 290 16 -1
0.1 291 17 -1
0.1 292 18 -1
0.1 289 293 -1
0.1 19 20 -1
0.1 21 22 -1
0.1 296 23 -1
0.1 295 297 -1
0.1 25 26 -1
0.1 27 28 -1
0.1 299 300 -1
0.1 24 301 -1
0.1 298 302 -1
0.1 294 303 -1
0.1 30 31 -1
0.1 32 33 -1
0.1 306 34 -1
0.1 305 307 -1
0.1 35 36 -1
0.1 37 38 -1
0.1 309 310 -1
0.1 308 311 -1
0.1 29 312 -1
0.1 304 313 -1
0.1 285 314 -1
0.1 3 315 -1
0.1 281 316 -1
0.1 39 40 -1
0.1 41 42 -1
0.1 319 43 -1
0.1 318 320 -1
0.1 45 46 -1
0.1 47 48 -1
0.1 322 323 -1
0.1 44 324 -1
0.1 49 50 -1
0.1 325 326 -1
0.1 51 52 -1
0.1 53 54 -1
0.1 329 55 -1
0.1 328 330 -1
0.1 56 57 -1
0.1 332 58 -1
0.1 59 60 -1
0.1 333 334 -1
0.1 331 335 -1
0.1 327 336 -1
0.1 321 337 -1
0.1 317 338 -1
0.1 62 63 -1
0.1 61 340 -1
0.1 341 64 -1
0.1 68 69 -1
0.1 67 343 -1
0.1 70 71 -1
0.1 344 345 -1
0.1 74 75 -1
0.1 73 347 -1
0.1 72 348 -1
0.1 349 76 -1
0.1 77 78 -1
0.1 79 80 -1
0.1 352 81 -1
0.1 351 353 -1
0.1 82 83 -1
0.1 86 87 -1
0.1 88 89 -1
0.1 356 357 -1
0.1 85 358 -1
0.1 84 359 -1
0.1 355 360 -1
0.1 354 361 -1
0.1 350 362 -1
0.1 346 363 -1
0.1 92 93 -1
0.1 91 365 -1
0.1 90 366 -1
0.1 96 97 -1
0.1 98 99 -1
0.1 368 369 -1
0.1 95 370 -1
0.1 94 371 -1
0.1 101 102 -1
0.1 100 373 -1
0.1 103 104 -1
0.1 374 375 -1
0.1 372 376 -1
0.1 106 107 -1
0.1 109 110 -1
0.1 108 379 -1
0.1 378 380 -1
0.1 105 381 -1
0.1 382 111 -1
0.1 377 383 -1
0.1 367 384 -1
0.1 364 385 -1
0.1 386 112 -1
0.1 114 115 -1
0.1 113 388 -1
0.1 116 117 -1
0.1 120 121 -1
0.1 119 391 -1
0.1 118 392 -1
0.1 393 122 -1
0.1 390 394 -1
0.1 389 395 -1
0.1 396 123 -1
0.1 397 124 -1
0.1 398 125 -1
0.1 126 127 -1
0.1 128 129 -1
0.1 401 130 -1
0.1 400 402 -1
0.1 399 403 -1
0.1 387 404 -1
0.1 405 131 -1
0.1 406 132 -1
0.1 66 407 -1
0.1 133 134 -1
0.1 409 135 -1
0.1 408 410 -1
0.1 136 137 -1
0.1 412 138 -1
0.1 411 413 -1
0.1 141 142 -1
0.1 140 415 -1
0.1 144 145 -1
0.1 143 417 -1
0.1 146 147 -1
0.1 418 419 -1
0.1 416 420 -1
0.1 148 149 -1
0.1 150 151 -1
0.1 423 152 -1
0.1 422 424 -1
0.1 421 425 -1
0.1 139 426 -1
0.1 154 155 -1
0.1 153 428 -1
0.1 156 157 -1
0.1 158 159 -1
0.1 430 431 -1
0.1 429 432 -1
0.1 427 433 -1
0.1 414 434 -1
0.1 65 435 -1
0.1 342 436 -1
0.1 437 160 -1
0.1 161 162 -1
0.1 166 167 -1
0.1 168 169 -1
0.1 171 172 -1
0.1 170 442 -1
0.1 441 443 -1
0.1 440 444 -1
0.1 175 176 -1
0.1 174 446 -1
0.1 447 177 -1
0.1 173 448 -1
0.1 445 449 -1
0.1 165 450 -1
0.1 164 451 -1
0.1 163 452 -1
0.1 439 453 -1
0.1 438 454 -1
0.1 179 180 -1
0.1 178 456 -1
0.1 455 457 -1
0.1 181 182 -1
0.1 183 184 -1
0.1 459 460 -1
0.1 458 461 -1
0.1 186 187 -1
0.1 463 188 -1
0.1 185 464 -1
0.1 465 189 -1
0.1 462 466 -1
0.1 467 190 -1
0.1 339 468 -1
0.1 194 195 -1
0.1 193 470 -1
0.1 192 471 -1
0.1 191 472 -1
0.1 197 198 -1
0.1 199 200 -1
0.1 474 475 -1
0.1 196 476 -1
0.1 201 202 -1
0.1 203 204 -1
0.1 479 205 -1
0.1 478 480 -1
0.1 207 208 -1
0.1 206 482 -1
0.1 481 483 -1
0.1 477 484 -1
0.1 485 209 -1
0.1 486 210 -1
0.1 473 487 -1
0.1 488 211 -1
0.1 215 216 -1
0.1 214 490 -1
0.1 213 491 -1
0.1 212 492 -1
0.1 217 218 -1
0.1 494 219 -1
0.1 220 221 -1
0.1 495 496 -1
0.1 497 222 -1
0.1 493 498 -1
0.1 225 226 -1
0.1 224 500 -1
0.1 223 501 -1
0.1 499 502 -1
0.1 228 229 -1
0.1 227 504 -1
0.1 505 230 -1
0.1 233 234 -1
0.1 232 507 -1
0.1 235 236 -1
0.1 508 509 -1
0.1 238 239 -1
0.1 511 240 -1
0.1 512 241 -1
0.1 237 513 -1
0.1 510 514 -1
0.1 243 244 -1
0.1 242 516 -1
0.1 245 246 -1
0.1 517 518 -1
0.1 515 519 -1
0.1 231 520 -1
0.1 506 521 -1
0.1 503 522 -1
0.1 248 249 -1
0.1 252 253 -1
0.1 254 255 -1
0.1 525 526 -1
0.1 251 527 -1
0.1 250 528 -1
0.1 529 256 -1
0.1 524 530 -1
0.1 531 257 -1
0.1 247 532 -1
0.1 523 533 -1
0.1 260 261 -1
0.1 262 263 -1
0.1 535 536 -1
0.1 264 265 -1
0.1 538 266 -1
0.1 267 268 -1
0.1 539 540 -1
0.1 537 541 -1
0.1 259 542 -1
0.1 271 272 -1
0.1 270 544 -1
0.1 545 273 -1
0.1 269 546 -1
0.1 543 547 -1
0.1 258 548 -1
0.1 549 274 -1
0.1 534 550 -1
0.1 276 277 -1
0.1 278 279 -1
0.1 552 553 -1
0.1 275 554 -1
0.1 555 280 -1
0.1 551 556 -1
0.1 489 557 -1
0.1 469 558 -1
