1 0 0 1
1 0 0 1
1 0 0 1
1 0 0 1
1 0 0 1
1 0 0 1
1 0 0 2
1 0 0 2
1 0 0 2
1 0 0 1
1 0 0 1
1 0 0 1
1 0 0 1
1 0 0 3
1 0 0 3
1 0 0 3
1 0 0 3
1 0 0 3
1 0 0 3
1 0 0 3
1 0 0 3
1 0 0 3
1 0 0 3
1 0 0 2
1 0 0 2
1 0 0 2
1 0 0 2
1 0 0 2
1 0 0 4
1 0 0 4
1 0 0 4
1 0 0 4
1 0 0 4
1 0 0 5
1 0 0 5
1 0 0 5
1 0 0 5
1 0 0 5
1 0 0 5
1 0 0 5
1 0 0 5
1 0 0 5
1 0 0 5
1 0 0 4
1 0 0 4
1 0 0 4
1 0 0 4
1 0 0 4
1 0 0 2
1 0 0 2
1 0 0 6
1 0 0 7
1 0 0 7
1 0 0 7
1 0 0 7
1 0 0 7
1 0 0 7
1 0 0 7
1 0 0 7
1 0 0 7
1 0 0 7
1 0 0 8
1 0 0 8
1 0 0 8
1 0 0 8
1 0 0 8
1 0 0 8
1 0 0 9
1 0 0 9
1 0 0 9
1 0 0 9
1 0 0 9
1 0 0 9
1 0 0 9
1 0 0 9
1 0 0 9
1 0 0 9
1 0 0 8
1 0 0 8
1 0 0 8
1 0 0 8
1 0 0 6
1 0 0 10
1 0 0 10
1 0 0 10
1 0 0 11
1 0 0 11
1 0 0 11
1 0 0 11
1 0 0 11
1 0 0 11
1 0 0 11
1 0 0 11
1 0 0 11
1 0 0 11
1 0 0 12
1 0 0 12
1 0 0 12
1 0 0 12
1 0 0 12
1 0 0 12
1 0 0 12
1 0 0 12
1 0 0 12
1 0 0 12
1 0 0 10
1 0 0 10
1 0 0 10
1 0 0 10
1 0 0 10
1 0 0 10
1 0 0 10
1 0 0 6
1 0 0 6
1 0 0 6
1 0 0 6
1 0 0 6
1 0 0 6
1 0 0 6
1 0 0 6
0.1 1 2 -1
0.1 121 3 -1
0.1 4 5 -1
0.1 123 6 -1
0.1 122 124 -1
0.1 7 8 -1
0.1 12 13 -1
0.1 11 127 -1
0.1 10 128 -1
0.1 14 15 -1
0.1 130 16 -1
0.1 20 21 -1
0.1 19 132 -1
0.1 18 133 -1
0.1 17 134 -1
0.1 131 135 -1
0.1 22 23 -1
0.1 136 137 -1
0.1 129 138 -1
0.1 139 24 -1
0.1 9 140 -1
0.1 126 141 -1
0.1 26 27 -1
0.1 25 143 -1
0.1 144 28 -1
0.1 142 145 -1
0.1 30 31 -1
0.1 29 147 -1
0.1 32 33 -1
0.1 148 149 -1
0.1 34 35 -1
0.1 151 36 -1
0.1 38 39 -1
0.1 37 153 -1
0.1 154 40 -1
0.1 42 43 -1
0.1 41 156 -1
0.1 155 157 -1
0.1 152 158 -1
0.1 45 46 -1
0.1 44 160 -1
0.1 47 48 -1
0.1 161 162 -1
0.1 159 163 -1
0.1 150 164 -1
0.1 49 50 -1
0.1 165 166 -1
0.1 146 167 -1
0.1 125 168 -1
0.1 52 53 -1
0.1 55 56 -1
0.1 57 58 -1
0.1 172 59 -1
0.1 171 173 -1
0.1 54 174 -1
0.1 170 175 -1
0.1 60 61 -1
0.1 176 177 -1
0.1 51 178 -1
0.1 63 64 -1
0.1 65 66 -1
0.1 181 67 -1
0.1 69 70 -1
0.1 68 183 -1
0.1 71 72 -1
0.1 184 185 -1
0.1 75 76 -1
0.1 187 77 -1
0.1 74 188 -1
0.1 73 189 -1
0.1 186 190 -1
0.1 78 79 -1
0.1 191 192 -1
0.1 80 81 -1
0.1 193 194 -1
0.1 182 195 -1
0.1 180 196 -1
0.1 62 197 -1
0.1 179 198 -1
0.1 83 84 -1
0.1 88 89 -1
0.1 87 201 -1
0.1 86 202 -1
0.1 90 91 -1
0.1 203 204 -1
0.1 93 94 -1
0.1 92 206 -1
0.1 207 95 -1
0.1 205 208 -1
0.1 96 97 -1
0.1 210 98 -1
0.1 99 100 -1
0.1 101 102 -1
0.1 212 213 -1
0.1 104 105 -1
0.1 103 215 -1
0.1 214 216 -1
0.1 211 217 -1
0.1 209 218 -1
0.1 85 219 -1
0.1 106 107 -1
0.1 221 108 -1
0.1 220 222 -1
0.1 200 223 -1
0.1 109 110 -1
0.1 111 112 -1
0.1 225 226 -1
0.1 224 227 -1
0.1 228 113 -1
0.1 82 229 -1
0.1 199 230 -1
0.1 114 115 -1
0.1 231 232 -1
0.1 233 116 -1
0.1 117 118 -1
0.1 234 235 -1
0.1 236 119 -1
0.1 237 120 -1
0.1 169 238 -1
