1 0 0 1
1 0 0 1
1 0 0 1
1 0 0 1
1 0 0 1
1 0 0 2
1 0 0 2
1 0 0 2
1 0 0 2
1 0 0 2
1 0 0 2
1 0 0 2
1 0 0 2
1 0 0 2
1 0 0 2
1 0 0 3
1 0 0 1
1 0 0 3
1 0 0 3
1 0 0 3
1 0 0 3
1 0 0 3
1 0 0 3
1 0 0 4
1 0 0 4
1 0 0 4
1 0 0 4
1 0 0 4
1 0 0 4
1 0 0 4
1 0 0 4
1 0 0 4
1 0 0 4
1 0 0 5
1 0 0 5
1 0 0 5
1 0 0 5
1 0 0 5
1 0 0 5
1 0 0 5
1 0 0 6
1 0 0 6
1 0 0 6
1 0 0 6
1 0 0 6
1 0 0 6
1 0 0 6
1 0 0 6
1 0 0 6
1 0 0 6
1 0 0 5
1 0 0 5
1 0 0 5
1 0 0 7
1 0 0 7
1 0 0 7
1 0 0 7
1 0 0 7
1 0 0 7
1 0 0 7
1 0 0 7
1 0 0 7
1 0 0 7
1 0 0 1
1 0 0 8
1 0 0 8
1 0 0 8
1 0 0 8
1 0 0 8
1 0 0 8
1 0 0 8
1 0 0 8
1 0 0 8
1 0 0 8
1 0 0 9
1 0 0 9
1 0 0 9
1 0 0 9
1 0 0 9
1 0 0 9
1 0 0 9
1 0 0 9
1 0 0 9
1 0 0 9
1 0 0 10
1 0 0 10
1 0 0 10
1 0 0 10
1 0 0 10
1 0 0 10
1 0 0 10
1 0 0 10
1 0 0 10
1 0 0 10
1 0 0 11
1 0 0 11
1 0 0 12
1 0 0 12
1 0 0 12
1 0 0 12
1 0 0 12
1 0 0 12
1 0 0 12
1 0 0 12
1 0 0 12
1 0 0 12
1 0 0 13
1 0 0 13
1 0 0 13
1 0 0 13
1 0 0 13
1 0 0 13
1 0 0 13
1 0 0 13
1 0 0 13
1 0 0 13
1 0 0 11
1 0 0 11
1 0 0 11
1 0 0 11
1 0 0 11
1 0 0 11
1 0 0 11
1 0 0 11
1 0 0 14
1 0 0 14
1 0 0 14
1 0 0 14
1 0 0 14
1 0 0 14
1 0 0 14
1 0 0 14
1 0 0 14
1 0 0 14
1 0 0 15
1 0 0 15
1 0 0 15
1 0 0 15
1 0 0 15
1 0 0 15
1 0 0 15
1 0 0 15
1 0 0 15
1 0 0 15
1 0 0 16
1 0 0 16
1 0 0 16
1 0 0 16
1 0 0 16
1 0 0 16
1 0 0 16
1 0 0 16
1 0 0 16
1 0 0 16
1 0 0 17
1 0 0 17
1 0 0 17
1 0 0 17
1 0 0 17
1 0 0 17
1 0 0 17
1 0 0 17
1 0 0 17
1 0 0 17
1 0 0 18
1 0 0 18
1 0 0 18
1 0 0 18
1 0 0 18
1 0 0 18
1 0 0 18
1 0 0 18
1 0 0 18
1 0 0 19
1 0 0 19
1 0 0 19
1 0 0 19
1 0 0 19
1 0 0 19
1 0 0 19
1 0 0 19
1 0 0 19
1 0 0 19
1 0 0 18
1 0 0 20
1 0 0 20
1 0 0 20
1 0 0 20
1 0 0 20
1 0 0 21
1 0 0 21
1 0 0 21
1 0 0 21
1 0 0 21
1 0 0 21
1 0 0 21
1 0 0 21
1 0 0 21
1 0 0 21
1 0 0 22
1 0 0 22
1 0 0 22
1 0 0 22
1 0 0 22
1 0 0 22
1 0 0 22
1 0 0 22
1 0 0 22
1 0 0 22
1 0 0 20
1 0 0 20
1 0 0 20
1 0 0 20
1 0 0 20
1 0 0 3
1 0 0 3
1 0 0 3
1 0 0 23
1 0 0 23
1 0 0 23
1 0 0 23
1 0 0 23
1 0 0 23
1 0 0 23
1 0 0 23
1 0 0 23
1 0 0 23
1 0 0 24
1 0 0 24
1 0 0 24
1 0 0 24
1 0 0 24
1 0 0 24
1 0 0 24
1 0 0 24
1 0 0 24
1 0 0 24
1 0 0 25
1 0 0 25
1 0 0 25
1 0 0 25
1 0 0 26
1 0 0 26
1 0 0 26
1 0 0 26
1 0 0 26
1 0 0 26
1 0 0 25
1 0 0 25
1 0 0 25
1 0 0 25
1 0 0 25
1 0 0 25
1 0 0 27
1 0 0 27
1 0 0 27
1 0 0 27
1 0 0 27
1 0 0 27
1 0 0 27
1 0 0 27
1 0 0 27
1 0 0 27
1 0 0 26
1 0 0 26
1 0 0 26
1 0 0 26
1 0 0 28
1 0 0 28
1 0 0 28
1 0 0 28
1 0 0 28
1 0 0 28
1 0 0 28
1 0 0 28
1 0 0 28
1 0 0 28
1 0 0 29
1 0 0 29
1 0 0 29
1 0 0 29
1 0 0 29
1 0 0 29
1 0 0 29
1 0 0 29
1 0 0 29
1 0 0 29
1 0 0 30
1 0 0 30
1 0 0 30
1 0 0 30
1 0 0 30
1 0 0 30
1 0 0 30
1 0 0 30
1 0 0 30
1 0 0 30
1 0 0 31
1 0 0 1
1 0 0 1
1 0 0 1
1 0 0 31
1 0 0 31
1 0 0 31
1 0 0 31
1 0 0 31
1 0 0 31
1 0 0 31
1 0 0 31
1 0 0 31
0.1 2 3 -1
0.1 1 311 -1
0.1 312 4 -1
0.1 7 8 -1
0.1 9 10 -1
0.1 314 315 -1
0.1 6 316 -1
0.1 14 15 -1
0.1 13 318 -1
0.1 12 319 -1
0.1 11 320 -1
0.1 317 321 -1
0.1 5 322 -1
0.1 17 18 -1
0.1 21 22 -1
0.1 20 325 -1
0.1 326 23 -1
0.1 19 327 -1
0.1 25 26 -1
0.1 28 29 -1
0.1 27 330 -1
0.1 31 32 -1
0.1 332 33 -1
0.1 30 333 -1
0.1 331 334 -1
0.1 329 335 -1
0.1 24 336 -1
0.1 34 35 -1
0.1 338 36 -1
0.1 38 39 -1
0.1 41 42 -1
0.1 44 45 -1
0.1 43 342 -1
0.1 341 343 -1
0.1 46 47 -1
0.1 345 48 -1
0.1 49 50 -1
0.1 346 347 -1
0.1 344 348 -1
0.1 40 349 -1
0.1 51 52 -1
0.1 350 351 -1
0.1 352 53 -1
0.1 340 353 -1
0.1 55 56 -1
0.1 57 58 -1
0.1 356 59 -1
0.1 355 357 -1
0.1 62 63 -1
0.1 61 359 -1
0.1 60 360 -1
0.1 358 361 -1
0.1 54 362 -1
0.1 354 363 -1
0.1 37 364 -1
0.1 65 66 -1
0.1 366 67 -1
0.1 68 69 -1
0.1 70 71 -1
0.1 72 73 -1
0.1 369 370 -1
0.1 368 371 -1
0.1 372 74 -1
0.1 367 373 -1
0.1 64 374 -1
0.1 365 375 -1
0.1 339 376 -1
0.1 337 377 -1
0.1 75 76 -1
0.1 77 78 -1
0.1 80 81 -1
0.1 82 83 -1
0.1 381 382 -1
0.1 79 383 -1
0.1 384 84 -1
0.1 380 385 -1
0.1 379 386 -1
0.1 88 89 -1
0.1 90 91 -1
0.1 388 389 -1
0.1 87 390 -1
0.1 92 93 -1
0.1 391 392 -1
0.1 393 94 -1
0.1 86 394 -1
0.1 95 96 -1
0.1 97 98 -1
0.1 100 101 -1
0.1 105 106 -1
0.1 104 399 -1
0.1 103 400 -1
0.1 102 401 -1
0.1 398 402 -1
0.1 99 403 -1
0.1 397 404 -1
0.1 108 109 -1
0.1 110 111 -1
0.1 112 113 -1
0.1 115 116 -1
0.1 114 409 -1
0.1 408 410 -1
0.1 407 411 -1
0.1 406 412 -1
0.1 107 413 -1
0.1 405 414 -1
0.1 118 119 -1
0.1 117 416 -1
0.1 120 121 -1
0.1 417 418 -1
0.1 415 419 -1
0.1 122 123 -1
0.1 421 124 -1
0.1 420 422 -1
0.1 396 423 -1
0.1 395 424 -1
0.1 85 425 -1
0.1 127 128 -1
0.1 129 130 -1
0.1 427 428 -1
0.1 126 429 -1
0.1 125 430 -1
0.1 133 134 -1
0.1 132 432 -1
0.1 131 433 -1
0.1 431 434 -1
0.1 137 138 -1
0.1 136 436 -1
0.1 437 139 -1
0.1 140 141 -1
0.1 438 439 -1
0.1 142 143 -1
0.1 440 441 -1
0.1 135 442 -1
0.1 443 144 -1
0.1 435 444 -1
0.1 146 147 -1
0.1 148 149 -1
0.1 446 447 -1
0.1 448 150 -1
0.1 151 152 -1
0.1 450 153 -1
0.1 451 154 -1
0.1 449 452 -1
0.1 145 453 -1
0.1 155 156 -1
0.1 455 157 -1
0.1 456 158 -1
0.1 159 160 -1
0.1 161 162 -1
0.1 459 163 -1
0.1 460 164 -1
0.1 458 461 -1
0.1 457 462 -1
0.1 454 463 -1
0.1 445 464 -1
0.1 426 465 -1
0.1 387 466 -1
0.1 378 467 -1
0.1 166 167 -1
0.1 469 168 -1
0.1 169 170 -1
0.1 471 171 -1
0.1 470 472 -1
0.1 165 473 -1
0.1 474 172 -1
0.1 176 177 -1
0.1 179 180 -1
0.1 178 477 -1
0.1 476 478 -1
0.1 175 479 -1
0.1 181 182 -1
0.1 481 183 -1
0.1 480 482 -1
0.1 174 483 -1
0.1 173 484 -1
0.1 475 485 -1
0.1 486 184 -1
0.1 185 186 -1
0.1 488 187 -1
0.1 188 189 -1
0.1 190 191 -1
0.1 193 194 -1
0.1 192 492 -1
0.1 493 195 -1
0.1 197 198 -1
0.1 495 199 -1
0.1 196 496 -1
0.1 494 497 -1
0.1 491 498 -1
0.1 499 200 -1
0.1 203 204 -1
0.1 202 501 -1
0.1 502 205 -1
0.1 201 503 -1
0.1 206 207 -1
0.1 505 208 -1
0.1 504 506 -1
0.1 507 209 -1
0.1 500 508 -1
0.1 490 509 -1
0.1 489 510 -1
0.1 487 511 -1
0.1 211 212 -1
0.1 210 513 -1
0.1 514 213 -1
0.1 515 214 -1
0.1 512 516 -1
0.1 468 517 -1
0.1 518 215 -1
0.1 328 519 -1
0.1 520 216 -1
0.1 521 217 -1
0.1 324 522 -1
0.1 16 523 -1
0.1 323 524 -1
0.1 313 525 -1
0.1 218 219 -1
0.1 222 223 -1
0.1 221 528 -1
0.1 220 529 -1
0.1 224 225 -1
0.1 531 226 -1
0.1 230 231 -1
0.1 229 533 -1
0.1 228 534 -1
0.1 535 232 -1
0.1 234 235 -1
0.1 537 236 -1
0.1 233 538 -1
0.1 539 237 -1
0.1 536 540 -1
0.1 240 241 -1
0.1 239 542 -1
0.1 242 243 -1
0.1 244 245 -1
0.1 246 247 -1
0.1 545 546 -1
0.1 544 547 -1
0.1 251 252 -1
0.1 250 549 -1
0.1 249 550 -1
0.1 248 551 -1
0.1 254 255 -1
0.1 256 257 -1
0.1 258 259 -1
0.1 555 260 -1
0.1 554 556 -1
0.1 261 262 -1
0.1 557 558 -1
0.1 553 559 -1
0.1 560 263 -1
0.1 253 561 -1
0.1 552 562 -1
0.1 266 267 -1
0.1 265 564 -1
0.1 264 565 -1
0.1 563 566 -1
0.1 548 567 -1
0.1 268 269 -1
0.1 270 271 -1
0.1 569 570 -1
0.1 272 273 -1
0.1 572 274 -1
0.1 573 275 -1
0.1 276 277 -1
0.1 574 575 -1
0.1 571 576 -1
0.1 280 281 -1
0.1 282 283 -1
0.1 578 579 -1
0.1 279 580 -1
0.1 581 284 -1
0.1 286 287 -1
0.1 285 583 -1
0.1 582 584 -1
0.1 278 585 -1
0.1 290 291 -1
0.1 289 587 -1
0.1 292 293 -1
0.1 589 294 -1
0.1 296 297 -1
0.1 295 591 -1
0.1 590 592 -1
0.1 588 593 -1
0.1 288 594 -1
0.1 586 595 -1
0.1 577 596 -1
0.1 568 597 -1
0.1 543 598 -1
0.1 238 599 -1
0.1 541 600 -1
0.1 227 601 -1
0.1 532 602 -1
0.1 530 603 -1
0.1 527 604 -1
0.1 299 300 -1
0.1 606 301 -1
0.1 298 607 -1
0.1 605 608 -1
0.1 303 304 -1
0.1 610 305 -1
0.1 306 307 -1
0.1 308 309 -1
0.1 612 613 -1
0.1 614 310 -1
0.1 611 615 -1
0.1 302 616 -1
0.1 609 617 -1
0.1 526 618 -1
