1 0 0 1
1 0 0 2
1 0 0 2
1 0 0 1
1 0 0 2
1 0 0 2
1 0 0 2
1 0 0 2
1 0 0 2
1 0 0 2
1 0 0 2
1 0 0 2
1 0 0 3
1 0 0 3
1 0 0 3
1 0 0 3
1 0 0 3
1 0 0 4
1 0 0 4
1 0 0 4
1 0 0 4
1 0 0 4
1 0 0 4
1 0 0 4
1 0 0 4
1 0 0 4
1 0 0 4
1 0 0 5
1 0 0 5
1 0 0 5
1 0 0 5
1 0 0 5
1 0 0 5
1 0 0 5
1 0 0 5
1 0 0 5
1 0 0 5
1 0 0 6
1 0 0 6
1 0 0 6
1 0 0 6
1 0 0 6
1 0 0 6
1 0 0 6
1 0 0 6
1 0 0 6
1 0 0 6
1 0 0 7
1 0 0 7
1 0 0 7
1 0 0 7
1 0 0 7
1 0 0 7
1 0 0 7
1 0 0 7
1 0 0 7
1 0 0 7
1 0 0 3
1 0 0 3
1 0 0 3
1 0 0 3
1 0 0 3
1 0 0 8
1 0 0 8
1 0 0 8
1 0 0 8
1 0 0 8
1 0 0 8
1 0 0 8
1 0 0 8
1 0 0 8
1 0 0 8
1 0 0 9
1 0 0 9
1 0 0 9
1 0 0 9
1 0 0 9
1 0 0 9
1 0 0 9
1 0 0 9
1 0 0 9
1 0 0 9
1 0 0 10
1 0 0 10
1 0 0 10
1 0 0 10
1 0 0 10
1 0 0 10
1 0 0 10
1 0 0 10
1 0 0 10
1 0 0 10
1 0 0 11
1 0 0 11
1 0 0 11
1 0 0 11
1 0 0 11
1 0 0 11
1 0 0 11
1 0 0 11
1 0 0 11
1 0 0 11
1 0 0 12
1 0 0 12
1 0 0 12
1 0 0 12
1 0 0 12
1 0 0 12
1 0 0 12
1 0 0 12
1 0 0 12
1 0 0 12
1 0 0 13
1 0 0 13
1 0 0 13
1 0 0 13
1 0 0 13
1 0 0 13
1 0 0 13
1 0 0 13
1 0 0 13
1 0 0 13
1 0 0 14
1 0 0 14
1 0 0 14
1 0 0 14
1 0 0 14
1 0 0 14
1 0 0 14
1 0 0 14
1 0 0 15
1 0 0 15
1 0 0 15
1 0 0 15
1 0 0 15
1 0 0 15
1 0 0 15
1 0 0 15
1 0 0 15
1 0 0 15
1 0 0 14
1 0 0 14
1 0 0 16
1 0 0 16
1 0 0 16
1 0 0 16
1 0 0 16
1 0 0 16
1 0 0 16
1 0 0 16
1 0 0 16
1 0 0 16
1 0 0 17
1 0 0 17
1 0 0 17
1 0 0 17
1 0 0 17
1 0 0 17
1 0 0 17
1 0 0 17
1 0 0 17
1 0 0 17
1 0 0 18
1 0 0 18
1 0 0 18
1 0 0 18
1 0 0 18
1 0 0 18
1 0 0 18
1 0 0 18
1 0 0 18
1 0 0 18
1 0 0 19
1 0 0 19
1 0 0 19
1 0 0 20
1 0 0 20
1 0 0 20
1 0 0 20
1 0 0 20
1 0 0 20
1 0 0 20
1 0 0 20
1 0 0 20
1 0 0 20
1 0 0 19
1 0 0 19
1 0 0 19
1 0 0 19
1 0 0 21
1 0 0 21
1 0 0 21
1 0 0 21
1 0 0 21
1 0 0 21
1 0 0 21
1 0 0 21
1 0 0 21
1 0 0 21
1 0 0 19
1 0 0 19
1 0 0 19
1 0 0 1
1 0 0 1
1 0 0 1
1 0 0 1
1 0 0 1
1 0 0 22
1 0 0 22
1 0 0 22
1 0 0 22
1 0 0 22
1 0 0 22
1 0 0 22
1 0 0 22
1 0 0 22
1 0 0 22
1 0 0 23
1 0 0 23
1 0 0 23
1 0 0 23
1 0 0 23
1 0 0 23
1 0 0 23
1 0 0 23
1 0 0 23
1 0 0 24
1 0 0 24
1 0 0 24
1 0 0 24
1 0 0 25
1 0 0 25
1 0 0 25
1 0 0 25
1 0 0 25
1 0 0 25
1 0 0 25
1 0 0 25
1 0 0 25
1 0 0 25
1 0 0 26
1 0 0 26
1 0 0 26
1 0 0 26
1 0 0 26
1 0 0 26
1 0 0 26
1 0 0 26
1 0 0 26
1 0 0 26
1 0 0 27
1 0 0 27
1 0 0 27
1 0 0 27
1 0 0 28
1 0 0 28
1 0 0 28
1 0 0 28
1 0 0 28
1 0 0 28
1 0 0 28
1 0 0 28
1 0 0 28
1 0 0 28
1 0 0 27
1 0 0 27
1 0 0 29
1 0 0 29
1 0 0 29
1 0 0 29
1 0 0 29
1 0 0 29
1 0 0 29
1 0 0 29
1 0 0 29
1 0 0 29
1 0 0 27
1 0 0 27
1 0 0 27
1 0 0 27
1 0 0 30
1 0 0 30
1 0 0 30
1 0 0 30
1 0 0 30
1 0 0 30
1 0 0 30
1 0 0 30
1 0 0 30
1 0 0 30
1 0 0 31
1 0 0 31
1 0 0 31
1 0 0 31
1 0 0 31
1 0 0 31
1 0 0 31
1 0 0 31
1 0 0 31
1 0 0 31
1 0 0 24
1 0 0 24
1 0 0 24
1 0 0 24
1 0 0 24
1 0 0 24
1 0 0 1
1 0 0 1
1 0 0 1
1 0 0 23
0.1 4 5 -1
0.1 3 311 -1
0.1 7 8 -1
0.1 6 313 -1
0.1 312 314 -1
0.1 9 10 -1
0.1 11 12 -1
0.1 316 317 -1
0.1 315 318 -1
0.1 2 319 -1
0.1 16 17 -1
0.1 15 321 -1
0.1 14 322 -1
0.1 13 323 -1
0.1 20 21 -1
0.1 19 325 -1
0.1 22 23 -1
0.1 326 327 -1
0.1 18 328 -1
0.1 25 26 -1
0.1 24 330 -1
0.1 329 331 -1
0.1 332 27 -1
0.1 333 28 -1
0.1 30 31 -1
0.1 29 335 -1
0.1 33 34 -1
0.1 32 337 -1
0.1 336 338 -1
0.1 339 35 -1
0.1 340 36 -1
0.1 334 341 -1
0.1 342 37 -1
0.1 39 40 -1
0.1 344 41 -1
0.1 38 345 -1
0.1 346 42 -1
0.1 44 45 -1
0.1 348 46 -1
0.1 43 349 -1
0.1 347 350 -1
0.1 49 50 -1
0.1 48 352 -1
0.1 51 52 -1
0.1 54 55 -1
0.1 53 355 -1
0.1 356 56 -1
0.1 354 357 -1
0.1 353 358 -1
0.1 359 57 -1
0.1 47 360 -1
0.1 351 361 -1
0.1 58 59 -1
0.1 362 363 -1
0.1 60 61 -1
0.1 365 62 -1
0.1 364 366 -1
0.1 343 367 -1
0.1 324 368 -1
0.1 63 64 -1
0.1 65 66 -1
0.1 68 69 -1
0.1 70 71 -1
0.1 372 373 -1
0.1 67 374 -1
0.1 375 72 -1
0.1 371 376 -1
0.1 370 377 -1
0.1 75 76 -1
0.1 74 379 -1
0.1 73 380 -1
0.1 79 80 -1
0.1 81 82 -1
0.1 382 383 -1
0.1 78 384 -1
0.1 77 385 -1
0.1 381 386 -1
0.1 86 87 -1
0.1 88 89 -1
0.1 389 90 -1
0.1 388 390 -1
0.1 85 391 -1
0.1 91 92 -1
0.1 392 393 -1
0.1 84 394 -1
0.1 83 395 -1
0.1 387 396 -1
0.1 93 94 -1
0.1 398 95 -1
0.1 99 100 -1
0.1 98 400 -1
0.1 97 401 -1
0.1 96 402 -1
0.1 101 102 -1
0.1 403 404 -1
0.1 399 405 -1
0.1 104 105 -1
0.1 407 106 -1
0.1 103 408 -1
0.1 108 109 -1
0.1 107 410 -1
0.1 111 112 -1
0.1 110 412 -1
0.1 411 413 -1
0.1 409 414 -1
0.1 406 415 -1
0.1 397 416 -1
0.1 114 115 -1
0.1 418 116 -1
0.1 117 118 -1
0.1 419 420 -1
0.1 119 120 -1
0.1 421 422 -1
0.1 121 122 -1
0.1 423 424 -1
0.1 113 425 -1
0.1 124 125 -1
0.1 123 427 -1
0.1 126 127 -1
0.1 428 429 -1
0.1 128 129 -1
0.1 431 130 -1
0.1 135 136 -1
0.1 137 138 -1
0.1 433 434 -1
0.1 134 435 -1
0.1 139 140 -1
0.1 436 437 -1
0.1 133 438 -1
0.1 132 439 -1
0.1 131 440 -1
0.1 141 142 -1
0.1 441 442 -1
0.1 432 443 -1
0.1 430 444 -1
0.1 143 144 -1
0.1 148 149 -1
0.1 147 447 -1
0.1 448 150 -1
0.1 151 152 -1
0.1 449 450 -1
0.1 146 451 -1
0.1 145 452 -1
0.1 446 453 -1
0.1 445 454 -1
0.1 426 455 -1
0.1 417 456 -1
0.1 378 457 -1
0.1 154 155 -1
0.1 158 159 -1
0.1 157 460 -1
0.1 161 162 -1
0.1 160 462 -1
0.1 461 463 -1
0.1 156 464 -1
0.1 459 465 -1
0.1 153 466 -1
0.1 163 164 -1
0.1 165 166 -1
0.1 468 469 -1
0.1 168 169 -1
0.1 167 471 -1
0.1 470 472 -1
0.1 171 172 -1
0.1 170 474 -1
0.1 473 475 -1
0.1 174 175 -1
0.1 173 477 -1
0.1 179 180 -1
0.1 178 479 -1
0.1 177 480 -1
0.1 182 183 -1
0.1 184 185 -1
0.1 482 483 -1
0.1 181 484 -1
0.1 481 485 -1
0.1 176 486 -1
0.1 186 187 -1
0.1 193 194 -1
0.1 192 489 -1
0.1 191 490 -1
0.1 190 491 -1
0.1 196 197 -1
0.1 195 493 -1
0.1 198 199 -1
0.1 494 495 -1
0.1 492 496 -1
0.1 189 497 -1
0.1 200 201 -1
0.1 498 499 -1
0.1 188 500 -1
0.1 488 501 -1
0.1 487 502 -1
0.1 503 202 -1
0.1 478 504 -1
0.1 476 505 -1
0.1 467 506 -1
0.1 458 507 -1
0.1 369 508 -1
0.1 320 509 -1
0.1 1 510 -1
0.1 204 205 -1
0.1 203 512 -1
0.1 513 206 -1
0.1 209 210 -1
0.1 211 212 -1
0.1 515 516 -1
0.1 208 517 -1
0.1 213 214 -1
0.1 215 216 -1
0.1 519 520 -1
0.1 521 217 -1
0.1 518 522 -1
0.1 207 523 -1
0.1 514 524 -1
0.1 511 525 -1
0.1 219 220 -1
0.1 221 222 -1
0.1 527 528 -1
0.1 218 529 -1
0.1 223 224 -1
0.1 531 225 -1
0.1 530 532 -1
0.1 533 226 -1
0.1 229 230 -1
0.1 228 535 -1
0.1 233 234 -1
0.1 232 537 -1
0.1 235 236 -1
0.1 539 237 -1
0.1 538 540 -1
0.1 238 239 -1
0.1 542 240 -1
0.1 541 543 -1
0.1 241 242 -1
0.1 243 244 -1
0.1 545 546 -1
0.1 246 247 -1
0.1 548 248 -1
0.1 245 549 -1
0.1 249 250 -1
0.1 550 551 -1
0.1 547 552 -1
0.1 252 253 -1
0.1 554 254 -1
0.1 251 555 -1
0.1 255 256 -1
0.1 258 259 -1
0.1 260 261 -1
0.1 559 262 -1
0.1 263 264 -1
0.1 560 561 -1
0.1 558 562 -1
0.1 257 563 -1
0.1 564 265 -1
0.1 557 565 -1
0.1 566 266 -1
0.1 556 567 -1
0.1 269 270 -1
0.1 268 569 -1
0.1 267 570 -1
0.1 272 273 -1
0.1 274 275 -1
0.1 573 276 -1
0.1 572 574 -1
0.1 271 575 -1
0.1 571 576 -1
0.1 278 279 -1
0.1 277 578 -1
0.1 579 280 -1
0.1 577 580 -1
0.1 568 581 -1
0.1 553 582 -1
0.1 282 283 -1
0.1 584 284 -1
0.1 286 287 -1
0.1 288 289 -1
0.1 586 587 -1
0.1 588 290 -1
0.1 285 589 -1
0.1 585 590 -1
0.1 281 591 -1
0.1 583 592 -1
0.1 544 593 -1
0.1 231 594 -1
0.1 293 294 -1
0.1 596 295 -1
0.1 292 597 -1
0.1 296 297 -1
0.1 298 299 -1
0.1 599 600 -1
0.1 601 300 -1
0.1 598 602 -1
0.1 291 603 -1
0.1 595 604 -1
0.1 302 303 -1
0.1 301 606 -1
0.1 607 304 -1
0.1 605 608 -1
0.1 609 305 -1
0.1 536 610 -1
0.1 227 611 -1
0.1 612 306 -1
0.1 307 308 -1
0.1 614 309 -1
0.1 615 310 -1
0.1 613 616 -1
0.1 534 617 -1
0.1 526 618 -1
