1 0 0 1
1 0 0 1
1 0 0 1
1 0 0 1
1 0 0 1
1 0 0 2
1 0 0 2
1 0 0 2
1 0 0 2
1 0 0 2
1 0 0 2
1 0 0 2
1 0 0 2
1 0 0 2
1 0 0 2
1 0 0 1
1 0 0 3
1 0 0 3
1 0 0 3
1 0 0 3
1 0 0 3
1 0 0 3
1 0 0 3
1 0 0 3
1 0 0 3
1 0 0 3
1 0 0 4
1 0 0 4
1 0 0 4
1 0 0 4
1 0 0 4
1 0 0 4
1 0 0 4
1 0 0 5
1 0 0 5
1 0 0 5
1 0 0 5
1 0 0 5
1 0 0 5
1 0 0 5
1 0 0 5
1 0 0 5
1 0 0 5
1 0 0 4
1 0 0 4
1 0 0 6
1 0 0 6
1 0 0 6
1 0 0 6
1 0 0 6
1 0 0 6
1 0 0 6
1 0 0 6
1 0 0 6
1 0 0 6
1 0 0 4
1 0 0 7
1 0 0 7
1 0 0 7
1 0 0 7
1 0 0 7
1 0 0 7
1 0 0 7
1 0 0 7
1 0 0 7
1 0 0 7
1 0 0 8
1 0 0 8
1 0 0 8
1 0 0 8
1 0 0 8
1 0 0 8
1 0 0 8
1 0 0 8
1 0 0 8
1 0 0 8
1 0 0 9
1 0 0 9
1 0 0 9
1 0 0 9
1 0 0 9
1 0 0 9
1 0 0 9
1 0 0 9
1 0 0 9
1 0 0 9
1 0 0 10
1 0 0 10
1 0 0 10
1 0 0 10
1 0 0 10
1 0 0 10
1 0 0 10
1 0 0 10
1 0 0 10
1 0 0 10
1 0 0 11
1 0 0 11
1 0 0 11
1 0 0 11
1 0 0 11
1 0 0 11
1 0 0 11
1 0 0 12
1 0 0 12
1 0 0 12
1 0 0 12
1 0 0 12
1 0 0 12
1 0 0 12
1 0 0 12
1 0 0 12
1 0 0 12
1 0 0 11
1 0 0 11
1 0 0 11
1 0 0 13
1 0 0 13
1 0 0 13
1 0 0 13
1 0 0 13
1 0 0 13
1 0 0 13
1 0 0 13
1 0 0 13
1 0 0 13
1 0 0 14
1 0 0 14
1 0 0 14
1 0 0 14
1 0 0 14
1 0 0 14
1 0 0 14
1 0 0 14
1 0 0 14
1 0 0 14
1 0 0 15
1 0 0 15
1 0 0 15
1 0 0 15
1 0 0 15
1 0 0 15
1 0 0 15
1 0 0 15
1 0 0 15
1 0 0 15
1 0 0 16
1 0 0 16
1 0 0 16
1 0 0 16
1 0 0 16
1 0 0 16
1 0 0 16
1 0 0 16
1 0 0 16
1 0 0 16
1 0 0 17
1 0 0 17
1 0 0 17
1 0 0 17
1 0 0 17
1 0 0 18
1 0 0 18
1 0 0 18
1 0 0 18
1 0 0 18
1 0 0 18
1 0 0 18
1 0 0 18
1 0 0 18
1 0 0 18
1 0 0 19
1 0 0 19
1 0 0 19
1 0 0 19
1 0 0 19
1 0 0 19
1 0 0 19
1 0 0 19
1 0 0 19
1 0 0 19
1 0 0 17
1 0 0 17
1 0 0 17
1 0 0 20
1 0 0 20
1 0 0 20
1 0 0 20
1 0 0 20
1 0 0 20
1 0 0 20
1 0 0 20
1 0 0 20
1 0 0 20
1 0 0 21
1 0 0 21
1 0 0 21
1 0 0 21
1 0 0 21
1 0 0 21
1 0 0 21
1 0 0 21
1 0 0 21
1 0 0 21
1 0 0 17
1 0 0 17
1 0 0 22
1 0 0 22
1 0 0 22
1 0 0 22
1 0 0 22
1 0 0 22
1 0 0 22
1 0 0 1
1 0 0 22
1 0 0 22
1 0 0 22
1 0 0 23
1 0 0 23
1 0 0 23
1 0 0 23
1 0 0 23
1 0 0 23
1 0 0 23
1 0 0 23
1 0 0 1
1 0 0 1
1 0 0 1
1 0 0 23
1 0 0 23
1 0 0 24
1 0 0 24
1 0 0 24
1 0 0 24
1 0 0 24
1 0 0 25
1 0 0 25
1 0 0 25
1 0 0 25
1 0 0 25
1 0 0 25
1 0 0 25
1 0 0 25
1 0 0 25
1 0 0 25
1 0 0 26
1 0 0 26
1 0 0 26
1 0 0 26
1 0 0 26
1 0 0 26
1 0 0 26
1 0 0 26
1 0 0 26
1 0 0 26
1 0 0 27
1 0 0 27
1 0 0 27
1 0 0 27
1 0 0 28
1 0 0 28
1 0 0 28
1 0 0 28
1 0 0 28
1 0 0 28
1 0 0 28
1 0 0 28
1 0 0 28
1 0 0 28
1 0 0 27
1 0 0 27
1 0 0 27
1 0 0 27
1 0 0 27
1 0 0 27
1 0 0 29
1 0 0 29
1 0 0 29
1 0 0 29
1 0 0 29
1 0 0 29
1 0 0 29
1 0 0 29
1 0 0 29
1 0 0 29
1 0 0 30
1 0 0 30
1 0 0 30
1 0 0 30
1 0 0 30
1 0 0 30
1 0 0 30
1 0 0 30
1 0 0 30
1 0 0 30
1 0 0 31
1 0 0 31
1 0 0 31
1 0 0 31
1 0 0 31
1 0 0 31
1 0 0 31
1 0 0 31
1 0 0 31
1 0 0 31
1 0 0 24
1 0 0 24
1 0 0 24
1 0 0 24
1 0 0 24
0.1 3 4 -1
0.1 2 311 -1
0.1 1 312 -1
0.1 6 7 -1
0.1 8 9 -1
0.1 314 315 -1
0.1 316 10 -1
0.1 13 14 -1
0.1 12 318 -1
0.1 319 15 -1
0.1 11 320 -1
0.1 317 321 -1
0.1 5 322 -1
0.1 18 19 -1
0.1 17 324 -1
0.1 21 22 -1
0.1 23 24 -1
0.1 327 25 -1
0.1 328 26 -1
0.1 326 329 -1
0.1 20 330 -1
0.1 325 331 -1
0.1 27 28 -1
0.1 333 29 -1
0.1 30 31 -1
0.1 32 33 -1
0.1 34 35 -1
0.1 337 36 -1
0.1 37 38 -1
0.1 338 339 -1
0.1 40 41 -1
0.1 39 341 -1
0.1 42 43 -1
0.1 342 343 -1
0.1 340 344 -1
0.1 345 44 -1
0.1 336 346 -1
0.1 347 45 -1
0.1 335 348 -1
0.1 49 50 -1
0.1 48 350 -1
0.1 47 351 -1
0.1 52 53 -1
0.1 51 353 -1
0.1 54 55 -1
0.1 354 355 -1
0.1 352 356 -1
0.1 46 357 -1
0.1 349 358 -1
0.1 359 56 -1
0.1 334 360 -1
0.1 332 361 -1
0.1 58 59 -1
0.1 60 61 -1
0.1 364 62 -1
0.1 65 66 -1
0.1 64 366 -1
0.1 63 367 -1
0.1 365 368 -1
0.1 363 369 -1
0.1 57 370 -1
0.1 362 371 -1
0.1 67 68 -1
0.1 70 71 -1
0.1 72 73 -1
0.1 374 375 -1
0.1 376 74 -1
0.1 69 377 -1
0.1 75 76 -1
0.1 378 379 -1
0.1 373 380 -1
0.1 77 78 -1
0.1 80 81 -1
0.1 84 85 -1
0.1 83 384 -1
0.1 82 385 -1
0.1 383 386 -1
0.1 79 387 -1
0.1 388 86 -1
0.1 382 389 -1
0.1 88 89 -1
0.1 90 91 -1
0.1 92 93 -1
0.1 94 95 -1
0.1 394 96 -1
0.1 393 395 -1
0.1 392 396 -1
0.1 391 397 -1
0.1 87 398 -1
0.1 390 399 -1
0.1 97 98 -1
0.1 100 101 -1
0.1 99 402 -1
0.1 401 403 -1
0.1 102 103 -1
0.1 107 108 -1
0.1 109 110 -1
0.1 406 407 -1
0.1 106 408 -1
0.1 111 112 -1
0.1 409 410 -1
0.1 411 113 -1
0.1 105 412 -1
0.1 104 413 -1
0.1 405 414 -1
0.1 114 115 -1
0.1 416 116 -1
0.1 415 417 -1
0.1 404 418 -1
0.1 400 419 -1
0.1 119 120 -1
0.1 118 421 -1
0.1 422 121 -1
0.1 125 126 -1
0.1 124 424 -1
0.1 123 425 -1
0.1 122 426 -1
0.1 423 427 -1
0.1 117 428 -1
0.1 129 130 -1
0.1 430 131 -1
0.1 128 431 -1
0.1 432 132 -1
0.1 127 433 -1
0.1 134 135 -1
0.1 435 136 -1
0.1 133 436 -1
0.1 434 437 -1
0.1 429 438 -1
0.1 138 139 -1
0.1 137 440 -1
0.1 441 140 -1
0.1 143 144 -1
0.1 145 146 -1
0.1 443 444 -1
0.1 142 445 -1
0.1 141 446 -1
0.1 442 447 -1
0.1 148 149 -1
0.1 150 151 -1
0.1 153 154 -1
0.1 451 155 -1
0.1 152 452 -1
0.1 450 453 -1
0.1 454 156 -1
0.1 449 455 -1
0.1 147 456 -1
0.1 448 457 -1
0.1 439 458 -1
0.1 420 459 -1
0.1 381 460 -1
0.1 372 461 -1
0.1 159 160 -1
0.1 158 463 -1
0.1 464 161 -1
0.1 157 465 -1
0.1 164 165 -1
0.1 163 467 -1
0.1 168 169 -1
0.1 167 469 -1
0.1 166 470 -1
0.1 468 471 -1
0.1 472 170 -1
0.1 173 174 -1
0.1 474 175 -1
0.1 177 178 -1
0.1 176 476 -1
0.1 180 181 -1
0.1 179 478 -1
0.1 477 479 -1
0.1 475 480 -1
0.1 172 481 -1
0.1 171 482 -1
0.1 473 483 -1
0.1 162 484 -1
0.1 183 184 -1
0.1 182 486 -1
0.1 186 187 -1
0.1 185 488 -1
0.1 489 188 -1
0.1 191 192 -1
0.1 190 491 -1
0.1 189 492 -1
0.1 193 194 -1
0.1 493 494 -1
0.1 490 495 -1
0.1 496 195 -1
0.1 197 198 -1
0.1 196 498 -1
0.1 200 201 -1
0.1 199 500 -1
0.1 501 202 -1
0.1 502 203 -1
0.1 499 503 -1
0.1 504 204 -1
0.1 497 505 -1
0.1 205 206 -1
0.1 506 507 -1
0.1 487 508 -1
0.1 485 509 -1
0.1 466 510 -1
0.1 462 511 -1
0.1 208 209 -1
0.1 207 513 -1
0.1 514 210 -1
0.1 214 215 -1
0.1 213 516 -1
0.1 517 216 -1
0.1 212 518 -1
0.1 519 217 -1
0.1 211 520 -1
0.1 515 521 -1
0.1 512 522 -1
0.1 16 523 -1
0.1 323 524 -1
0.1 313 525 -1
0.1 218 219 -1
0.1 527 220 -1
0.1 221 222 -1
0.1 223 224 -1
0.1 529 530 -1
0.1 531 225 -1
0.1 528 532 -1
0.1 226 227 -1
0.1 534 228 -1
0.1 535 229 -1
0.1 533 536 -1
0.1 232 233 -1
0.1 538 234 -1
0.1 236 237 -1
0.1 540 238 -1
0.1 240 241 -1
0.1 239 542 -1
0.1 541 543 -1
0.1 243 244 -1
0.1 242 545 -1
0.1 544 546 -1
0.1 248 249 -1
0.1 247 548 -1
0.1 246 549 -1
0.1 250 251 -1
0.1 550 551 -1
0.1 252 253 -1
0.1 254 255 -1
0.1 553 554 -1
0.1 552 555 -1
0.1 258 259 -1
0.1 257 557 -1
0.1 256 558 -1
0.1 262 263 -1
0.1 261 560 -1
0.1 264 265 -1
0.1 561 562 -1
0.1 260 563 -1
0.1 268 269 -1
0.1 267 565 -1
0.1 266 566 -1
0.1 564 567 -1
0.1 271 272 -1
0.1 270 569 -1
0.1 570 273 -1
0.1 277 278 -1
0.1 279 280 -1
0.1 573 281 -1
0.1 282 283 -1
0.1 574 575 -1
0.1 572 576 -1
0.1 276 577 -1
0.1 284 285 -1
0.1 578 579 -1
0.1 275 580 -1
0.1 274 581 -1
0.1 571 582 -1
0.1 568 583 -1
0.1 559 584 -1
0.1 556 585 -1
0.1 245 586 -1
0.1 547 587 -1
0.1 288 289 -1
0.1 287 589 -1
0.1 290 291 -1
0.1 292 293 -1
0.1 591 592 -1
0.1 593 294 -1
0.1 594 295 -1
0.1 590 595 -1
0.1 286 596 -1
0.1 588 597 -1
0.1 300 301 -1
0.1 299 599 -1
0.1 298 600 -1
0.1 297 601 -1
0.1 304 305 -1
0.1 303 603 -1
0.1 302 604 -1
0.1 602 605 -1
0.1 296 606 -1
0.1 598 607 -1
0.1 306 307 -1
0.1 609 308 -1
0.1 610 309 -1
0.1 608 611 -1
0.1 235 612 -1
0.1 539 613 -1
0.1 231 614 -1
0.1 615 310 -1
0.1 230 616 -1
0.1 537 617 -1
0.1 526 618 -1
