1 0 0 1
1 0 0 1
1 0 0 2
1 0 0 2
1 0 0 2
1 0 0 2
1 0 0 2
1 0 0 2
1 0 0 2
1 0 0 2
1 0 0 3
1 0 0 3
1 0 0 3
1 0 0 3
1 0 0 3
1 0 0 4
1 0 0 4
1 0 0 4
1 0 0 4
1 0 0 4
1 0 0 4
1 0 0 4
1 0 0 4
1 0 0 4
1 0 0 4
1 0 0 3
1 0 0 3
1 0 0 3
1 0 0 3
1 0 0 5
1 0 0 5
1 0 0 5
1 0 0 6
1 0 0 6
1 0 0 7
1 0 0 7
1 0 0 7
1 0 0 7
1 0 0 7
1 0 0 7
1 0 0 7
1 0 0 7
1 0 0 7
1 0 0 7
1 0 0 8
1 0 0 8
1 0 0 8
1 0 0 8
1 0 0 8
1 0 0 8
1 0 0 8
1 0 0 8
1 0 0 8
1 0 0 8
1 0 0 9
1 0 0 9
1 0 0 9
1 0 0 9
1 0 0 9
1 0 0 9
1 0 0 9
1 0 0 9
1 0 0 9
1 0 0 9
1 0 0 6
1 0 0 6
1 0 0 6
1 0 0 6
1 0 0 6
1 0 0 6
1 0 0 6
1 0 0 6
1 0 0 5
1 0 0 5
1 0 0 5
1 0 0 5
1 0 0 10
1 0 0 10
1 0 0 10
1 0 0 11
1 0 0 11
1 0 0 11
1 0 0 11
1 0 0 11
1 0 0 11
1 0 0 11
1 0 0 11
1 0 0 11
1 0 0 11
1 0 0 10
1 0 0 10
1 0 0 10
1 0 0 10
1 0 0 10
1 0 0 10
1 0 0 10
1 0 0 5
1 0 0 5
1 0 0 5
1 0 0 12
1 0 0 12
1 0 0 12
1 0 0 12
1 0 0 12
1 0 0 12
1 0 0 12
1 0 0 12
1 0 0 13
1 0 0 13
1 0 0 13
1 0 0 13
1 0 0 13
1 0 0 13
1 0 0 13
1 0 0 13
1 0 0 13
1 0 0 13
1 0 0 12
1 0 0 12
1 0 0 14
1 0 0 14
1 0 0 14
1 0 0 14
1 0 0 14
1 0 0 14
1 0 0 14
1 0 0 14
1 0 0 14
1 0 0 14
1 0 0 15
1 0 0 15
1 0 0 15
1 0 0 15
1 0 0 16
1 0 0 16
1 0 0 16
1 0 0 16
1 0 0 16
1 0 0 16
1 0 0 16
1 0 0 16
1 0 0 16
1 0 0 16
1 0 0 15
1 0 0 15
1 0 0 15
1 0 0 15
1 0 0 15
1 0 0 15
1 0 0 17
1 0 0 17
1 0 0 17
1 0 0 17
1 0 0 17
1 0 0 18
1 0 0 18
1 0 0 18
1 0 0 18
1 0 0 18
1 0 0 18
1 0 0 18
1 0 0 18
1 0 0 18
1 0 0 18
1 0 0 17
1 0 0 17
1 0 0 17
1 0 0 17
1 0 0 17
1 0 0 19
1 0 0 19
1 0 0 19
1 0 0 19
1 0 0 19
1 0 0 19
1 0 0 19
1 0 0 19
1 0 0 19
1 0 0 19
1 0 0 20
1 0 0 20
1 0 0 20
1 0 0 20
1 0 0 20
1 0 0 21
1 0 0 21
1 0 0 21
1 0 0 21
1 0 0 21
1 0 0 21
1 0 0 21
1 0 0 21
1 0 0 21
1 0 0 21
1 0 0 22
1 0 0 22
1 0 0 22
1 0 0 22
1 0 0 22
1 0 0 22
1 0 0 22
1 0 0 22
1 0 0 22
1 0 0 22
1 0 0 20
1 0 0 23
1 0 0 23
1 0 0 23
1 0 0 23
1 0 0 23
1 0 0 23
1 0 0 23
1 0 0 23
1 0 0 23
1 0 0 23
1 0 0 20
1 0 0 20
1 0 0 20
1 0 0 20
1 0 0 3
1 0 0 24
1 0 0 24
1 0 0 24
1 0 0 24
1 0 0 24
1 0 0 25
1 0 0 25
1 0 0 25
1 0 0 25
1 0 0 25
1 0 0 25
1 0 0 25
1 0 0 25
1 0 0 25
1 0 0 25
1 0 0 24
1 0 0 24
1 0 0 24
1 0 0 24
1 0 0 24
1 0 0 2
1 0 0 2
1 0 0 26
1 0 0 27
1 0 0 27
1 0 0 27
1 0 0 27
1 0 0 27
1 0 0 28
1 0 0 29
1 0 0 29
1 0 0 29
1 0 0 29
1 0 0 29
1 0 0 29
1 0 0 29
1 0 0 29
1 0 0 29
1 0 0 30
1 0 0 30
1 0 0 30
1 0 0 30
1 0 0 30
1 0 0 30
1 0 0 30
1 0 0 30
1 0 0 30
1 0 0 30
1 0 0 29
1 0 0 28
1 0 0 28
1 0 0 28
1 0 0 28
1 0 0 28
1 0 0 28
1 0 0 28
1 0 0 28
1 0 0 28
1 0 0 27
1 0 0 27
1 0 0 27
1 0 0 27
1 0 0 27
1 0 0 31
1 0 0 31
1 0 0 32
1 0 0 32
1 0 0 32
1 0 0 32
1 0 0 32
1 0 0 32
1 0 0 32
1 0 0 32
1 0 0 32
1 0 0 32
1 0 0 33
1 0 0 33
1 0 0 33
1 0 0 33
1 0 0 33
1 0 0 33
1 0 0 33
1 0 0 33
1 0 0 33
1 0 0 33
1 0 0 31
1 0 0 31
1 0 0 31
1 0 0 31
1 0 0 31
1 0 0 31
1 0 0 31
1 0 0 31
1 0 0 34
1 0 0 35
1 0 0 35
1 0 0 35
1 0 0 35
1 0 0 35
1 0 0 35
1 0 0 35
1 0 0 35
1 0 0 35
1 0 0 35
1 0 0 34
1 0 0 34
1 0 0 36
1 0 0 36
1 0 0 36
1 0 0 36
1 0 0 36
1 0 0 36
1 0 0 36
1 0 0 36
1 0 0 36
1 0 0 36
1 0 0 34
1 0 0 37
1 0 0 37
1 0 0 37
1 0 0 37
1 0 0 37
1 0 0 37
1 0 0 37
1 0 0 37
1 0 0 37
1 0 0 37
1 0 0 34
1 0 0 34
1 0 0 34
1 0 0 34
1 0 0 34
1 0 0 34
1 0 0 38
1 0 0 38
1 0 0 38
1 0 0 38
1 0 0 38
1 0 0 38
1 0 0 38
1 0 0 38
1 0 0 38
1 0 0 38
1 0 0 26
1 0 0 39
1 0 0 39
1 0 0 39
1 0 0 39
1 0 0 39
1 0 0 39
1 0 0 39
1 0 0 39
1 0 0 39
1 0 0 39
1 0 0 1
1 0 0 40
1 0 0 40
1 0 0 40
1 0 0 40
1 0 0 40
1 0 0 1
1 0 0 1
1 0 0 1
1 0 0 1
1 0 0 1
1 0 0 1
1 0 0 40
1 0 0 41
1 0 0 41
1 0 0 41
1 0 0 41
1 0 0 41
1 0 0 41
1 0 0 41
1 0 0 41
1 0 0 41
1 0 0 41
1 0 0 42
1 0 0 42
1 0 0 42
1 0 0 42
1 0 0 42
1 0 0 42
1 0 0 42
1 0 0 42
1 0 0 43
1 0 0 43
1 0 0 42
1 0 0 42
1 0 0 43
1 0 0 43
1 0 0 43
1 0 0 43
1 0 0 43
1 0 0 43
1 0 0 43
1 0 0 43
1 0 0 40
1 0 0 40
1 0 0 40
1 0 0 40
1 0 0 1
1 0 0 44
1 0 0 44
1 0 0 44
1 0 0 44
1 0 0 44
1 0 0 44
1 0 0 44
1 0 0 44
1 0 0 44
1 0 0 44
1 0 0 26
1 0 0 45
1 0 0 45
1 0 0 45
1 0 0 45
1 0 0 45
1 0 0 46
1 0 0 46
1 0 0 46
1 0 0 46
1 0 0 47
1 0 0 47
1 0 0 47
1 0 0 47
1 0 0 47
1 0 0 47
1 0 0 47
1 0 0 47
1 0 0 47
1 0 0 47
1 0 0 46
1 0 0 46
1 0 0 46
1 0 0 46
1 0 0 46
1 0 0 46
1 0 0 45
1 0 0 45
1 0 0 45
1 0 0 45
1 0 0 45
1 0 0 26
1 0 0 26
1 0 0 26
1 0 0 26
1 0 0 26
1 0 0 26
1 0 0 26
1 0 0 48
1 0 0 48
1 0 0 48
1 0 0 48
1 0 0 48
1 0 0 49
1 0 0 49
1 0 0 49
1 0 0 49
1 0 0 49
1 0 0 49
1 0 0 49
1 0 0 49
1 0 0 49
1 0 0 49
1 0 0 48
1 0 0 48
1 0 0 48
1 0 0 50
1 0 0 50
1 0 0 51
1 0 0 51
1 0 0 51
1 0 0 51
1 0 0 51
1 0 0 51
1 0 0 51
1 0 0 51
1 0 0 51
1 0 0 51
1 0 0 52
1 0 0 52
1 0 0 52
1 0 0 52
1 0 0 52
1 0 0 52
1 0 0 52
1 0 0 52
1 0 0 52
1 0 0 52
1 0 0 50
1 0 0 50
1 0 0 50
1 0 0 50
1 0 0 50
1 0 0 50
1 0 0 50
1 0 0 50
1 0 0 48
1 0 0 48
1 0 0 53
1 0 0 53
1 0 0 53
1 0 0 53
1 0 0 53
1 0 0 53
1 0 0 53
1 0 0 54
1 0 0 54
1 0 0 54
1 0 0 54
1 0 0 54
1 0 0 54
1 0 0 54
1 0 0 54
1 0 0 54
1 0 0 54
1 0 0 53
1 0 0 53
1 0 0 53
1 0 0 55
1 0 0 55
1 0 0 55
1 0 0 55
1 0 0 55
1 0 0 55
1 0 0 55
1 0 0 55
1 0 0 55
1 0 0 55
1 0 0 56
1 0 0 56
1 0 0 56
1 0 0 56
1 0 0 56
1 0 0 56
1 0 0 56
1 0 0 56
1 0 0 56
1 0 0 56
0.1 1 2 -1
0.1 7 8 -1
0.1 6 562 -1
0.1 9 10 -1
0.1 563 564 -1
0.1 5 565 -1
0.1 12 13 -1
0.1 17 18 -1
0.1 19 20 -1
0.1 568 569 -1
0.1 16 570 -1
0.1 21 22 -1
0.1 23 24 -1
0.1 572 573 -1
0.1 571 574 -1
0.1 575 25 -1
0.1 15 576 -1
0.1 14 577 -1
0.1 567 578 -1
0.1 11 579 -1
0.1 28 29 -1
0.1 27 581 -1
0.1 26 582 -1
0.1 580 583 -1
0.1 31 32 -1
0.1 30 585 -1
0.1 33 34 -1
0.1 35 36 -1
0.1 38 39 -1
0.1 37 589 -1
0.1 40 41 -1
0.1 590 591 -1
0.1 42 43 -1
0.1 592 593 -1
0.1 594 44 -1
0.1 588 595 -1
0.1 587 596 -1
0.1 46 47 -1
0.1 598 48 -1
0.1 45 599 -1
0.1 49 50 -1
0.1 52 53 -1
0.1 602 54 -1
0.1 51 603 -1
0.1 601 604 -1
0.1 600 605 -1
0.1 56 57 -1
0.1 55 607 -1
0.1 61 62 -1
0.1 60 609 -1
0.1 59 610 -1
0.1 58 611 -1
0.1 63 64 -1
0.1 612 613 -1
0.1 608 614 -1
0.1 606 615 -1
0.1 597 616 -1
0.1 65 66 -1
0.1 618 67 -1
0.1 69 70 -1
0.1 68 620 -1
0.1 619 621 -1
0.1 71 72 -1
0.1 622 623 -1
0.1 617 624 -1
0.1 74 75 -1
0.1 77 78 -1
0.1 627 79 -1
0.1 80 81 -1
0.1 83 84 -1
0.1 86 87 -1
0.1 88 89 -1
0.1 631 632 -1
0.1 85 633 -1
0.1 630 634 -1
0.1 82 635 -1
0.1 629 636 -1
0.1 628 637 -1
0.1 90 91 -1
0.1 92 93 -1
0.1 639 640 -1
0.1 94 95 -1
0.1 642 96 -1
0.1 641 643 -1
0.1 638 644 -1
0.1 645 97 -1
0.1 76 646 -1
0.1 98 99 -1
0.1 101 102 -1
0.1 100 649 -1
0.1 103 104 -1
0.1 106 107 -1
0.1 105 652 -1
0.1 651 653 -1
0.1 650 654 -1
0.1 110 111 -1
0.1 656 112 -1
0.1 114 115 -1
0.1 113 658 -1
0.1 116 117 -1
0.1 659 660 -1
0.1 657 661 -1
0.1 109 662 -1
0.1 108 663 -1
0.1 118 119 -1
0.1 664 665 -1
0.1 655 666 -1
0.1 648 667 -1
0.1 647 668 -1
0.1 626 669 -1
0.1 73 670 -1
0.1 625 671 -1
0.1 121 122 -1
0.1 123 124 -1
0.1 674 125 -1
0.1 673 675 -1
0.1 120 676 -1
0.1 128 129 -1
0.1 127 678 -1
0.1 126 679 -1
0.1 677 680 -1
0.1 672 681 -1
0.1 586 682 -1
0.1 584 683 -1
0.1 130 131 -1
0.1 132 133 -1
0.1 685 686 -1
0.1 134 135 -1
0.1 136 137 -1
0.1 689 138 -1
0.1 690 139 -1
0.1 688 691 -1
0.1 140 141 -1
0.1 142 143 -1
0.1 693 694 -1
0.1 692 695 -1
0.1 146 147 -1
0.1 145 697 -1
0.1 148 149 -1
0.1 698 699 -1
0.1 144 700 -1
0.1 696 701 -1
0.1 687 702 -1
0.1 151 152 -1
0.1 150 704 -1
0.1 155 156 -1
0.1 159 160 -1
0.1 158 707 -1
0.1 157 708 -1
0.1 163 164 -1
0.1 162 710 -1
0.1 161 711 -1
0.1 709 712 -1
0.1 706 713 -1
0.1 714 165 -1
0.1 154 715 -1
0.1 153 716 -1
0.1 705 717 -1
0.1 168 169 -1
0.1 167 719 -1
0.1 166 720 -1
0.1 718 721 -1
0.1 172 173 -1
0.1 171 723 -1
0.1 175 176 -1
0.1 174 725 -1
0.1 178 179 -1
0.1 177 727 -1
0.1 726 728 -1
0.1 724 729 -1
0.1 170 730 -1
0.1 722 731 -1
0.1 703 732 -1
0.1 181 182 -1
0.1 734 183 -1
0.1 180 735 -1
0.1 188 189 -1
0.1 187 737 -1
0.1 186 738 -1
0.1 190 191 -1
0.1 739 740 -1
0.1 193 194 -1
0.1 192 742 -1
0.1 741 743 -1
0.1 185 744 -1
0.1 184 745 -1
0.1 196 197 -1
0.1 747 198 -1
0.1 748 199 -1
0.1 195 749 -1
0.1 750 200 -1
0.1 201 202 -1
0.1 203 204 -1
0.1 752 753 -1
0.1 751 754 -1
0.1 746 755 -1
0.1 756 205 -1
0.1 206 207 -1
0.1 208 209 -1
0.1 758 759 -1
0.1 210 211 -1
0.1 213 214 -1
0.1 212 762 -1
0.1 763 215 -1
0.1 761 764 -1
0.1 760 765 -1
0.1 766 216 -1
0.1 757 767 -1
0.1 768 217 -1
0.1 769 218 -1
0.1 770 219 -1
0.1 736 771 -1
0.1 733 772 -1
0.1 222 223 -1
0.1 221 774 -1
0.1 224 225 -1
0.1 775 776 -1
0.1 228 229 -1
0.1 227 778 -1
0.1 226 779 -1
0.1 232 233 -1
0.1 231 781 -1
0.1 782 234 -1
0.1 230 783 -1
0.1 784 235 -1
0.1 780 785 -1
0.1 236 237 -1
0.1 239 240 -1
0.1 238 788 -1
0.1 787 789 -1
0.1 786 790 -1
0.1 777 791 -1
0.1 220 792 -1
0.1 773 793 -1
0.1 684 794 -1
0.1 241 242 -1
0.1 795 796 -1
0.1 566 797 -1
0.1 4 798 -1
0.1 3 799 -1
0.1 561 800 -1
0.1 244 245 -1
0.1 802 246 -1
0.1 803 247 -1
0.1 804 248 -1
0.1 251 252 -1
0.1 250 806 -1
0.1 255 256 -1
0.1 254 808 -1
0.1 253 809 -1
0.1 257 258 -1
0.1 261 262 -1
0.1 260 812 -1
0.1 259 813 -1
0.1 814 263 -1
0.1 265 266 -1
0.1 264 816 -1
0.1 267 268 -1
0.1 817 818 -1
0.1 815 819 -1
0.1 811 820 -1
0.1 821 269 -1
0.1 810 822 -1
0.1 807 823 -1
0.1 271 272 -1
0.1 825 273 -1
0.1 826 274 -1
0.1 277 278 -1
0.1 276 828 -1
0.1 275 829 -1
0.1 827 830 -1
0.1 270 831 -1
0.1 824 832 -1
0.1 249 833 -1
0.1 280 281 -1
0.1 279 835 -1
0.1 836 282 -1
0.1 834 837 -1
0.1 805 838 -1
0.1 839 283 -1
0.1 286 287 -1
0.1 290 291 -1
0.1 289 842 -1
0.1 288 843 -1
0.1 292 293 -1
0.1 294 295 -1
0.1 845 846 -1
0.1 844 847 -1
0.1 841 848 -1
0.1 297 298 -1
0.1 299 300 -1
0.1 850 851 -1
0.1 296 852 -1
0.1 304 305 -1
0.1 303 854 -1
0.1 302 855 -1
0.1 301 856 -1
0.1 853 857 -1
0.1 849 858 -1
0.1 859 306 -1
0.1 285 860 -1
0.1 284 861 -1
0.1 308 309 -1
0.1 310 311 -1
0.1 864 312 -1
0.1 863 865 -1
0.1 307 866 -1
0.1 862 867 -1
0.1 318 319 -1
0.1 869 320 -1
0.1 317 870 -1
0.1 316 871 -1
0.1 315 872 -1
0.1 322 323 -1
0.1 321 874 -1
0.1 875 324 -1
0.1 873 876 -1
0.1 314 877 -1
0.1 325 326 -1
0.1 328 329 -1
0.1 327 880 -1
0.1 331 332 -1
0.1 330 882 -1
0.1 883 333 -1
0.1 881 884 -1
0.1 334 335 -1
0.1 885 886 -1
0.1 887 336 -1
0.1 879 888 -1
0.1 338 339 -1
0.1 890 340 -1
0.1 341 342 -1
0.1 343 344 -1
0.1 892 893 -1
0.1 891 894 -1
0.1 345 346 -1
0.1 896 347 -1
0.1 895 897 -1
0.1 337 898 -1
0.1 889 899 -1
0.1 348 349 -1
0.1 351 352 -1
0.1 350 902 -1
0.1 901 903 -1
0.1 900 904 -1
0.1 354 355 -1
0.1 357 358 -1
0.1 356 907 -1
0.1 359 360 -1
0.1 908 909 -1
0.1 362 363 -1
0.1 361 911 -1
0.1 910 912 -1
0.1 906 913 -1
0.1 353 914 -1
0.1 905 915 -1
0.1 878 916 -1
0.1 313 917 -1
0.1 868 918 -1
0.1 840 919 -1
0.1 920 364 -1
0.1 243 921 -1
0.1 366 367 -1
0.1 923 368 -1
0.1 365 924 -1
0.1 925 369 -1
0.1 372 373 -1
0.1 371 927 -1
0.1 370 928 -1
0.1 929 374 -1
0.1 926 930 -1
0.1 931 375 -1
0.1 377 378 -1
0.1 376 933 -1
0.1 379 380 -1
0.1 934 935 -1
0.1 383 384 -1
0.1 382 937 -1
0.1 381 938 -1
0.1 385 386 -1
0.1 939 940 -1
0.1 936 941 -1
0.1 388 389 -1
0.1 394 395 -1
0.1 393 944 -1
0.1 392 945 -1
0.1 391 946 -1
0.1 396 397 -1
0.1 947 948 -1
0.1 390 949 -1
0.1 943 950 -1
0.1 387 951 -1
0.1 400 401 -1
0.1 399 953 -1
0.1 954 402 -1
0.1 404 405 -1
0.1 403 956 -1
0.1 955 957 -1
0.1 398 958 -1
0.1 406 407 -1
0.1 408 409 -1
0.1 411 412 -1
0.1 410 962 -1
0.1 416 417 -1
0.1 415 964 -1
0.1 414 965 -1
0.1 413 966 -1
0.1 963 967 -1
0.1 961 968 -1
0.1 960 969 -1
0.1 959 970 -1
0.1 952 971 -1
0.1 419 420 -1
0.1 418 973 -1
0.1 974 421 -1
0.1 972 975 -1
0.1 942 976 -1
0.1 932 977 -1
0.1 978 422 -1
0.1 922 979 -1
0.1 425 426 -1
0.1 981 427 -1
0.1 424 982 -1
0.1 423 983 -1
0.1 430 431 -1
0.1 429 985 -1
0.1 986 432 -1
0.1 428 987 -1
0.1 984 988 -1
0.1 435 436 -1
0.1 437 438 -1
0.1 990 991 -1
0.1 439 440 -1
0.1 444 445 -1
0.1 443 994 -1
0.1 446 447 -1
0.1 450 451 -1
0.1 449 997 -1
0.1 998 452 -1
0.1 448 999 -1
0.1 996 1000 -1
0.1 995 1001 -1
0.1 442 1002 -1
0.1 455 456 -1
0.1 454 1004 -1
0.1 457 458 -1
0.1 1005 1006 -1
0.1 453 1007 -1
0.1 1003 1008 -1
0.1 441 1009 -1
0.1 993 1010 -1
0.1 992 1011 -1
0.1 459 460 -1
0.1 1012 1013 -1
0.1 462 463 -1
0.1 461 1015 -1
0.1 1014 1016 -1
0.1 434 1017 -1
0.1 433 1018 -1
0.1 468 469 -1
0.1 467 1020 -1
0.1 466 1021 -1
0.1 465 1022 -1
0.1 473 474 -1
0.1 1024 475 -1
0.1 472 1025 -1
0.1 471 1026 -1
0.1 478 479 -1
0.1 1028 480 -1
0.1 1029 481 -1
0.1 482 483 -1
0.1 1031 484 -1
0.1 1032 485 -1
0.1 1030 1033 -1
0.1 477 1034 -1
0.1 476 1035 -1
0.1 1027 1036 -1
0.1 486 487 -1
0.1 1037 1038 -1
0.1 1039 488 -1
0.1 489 490 -1
0.1 492 493 -1
0.1 1042 494 -1
0.1 495 496 -1
0.1 1044 497 -1
0.1 1043 1045 -1
0.1 499 500 -1
0.1 498 1047 -1
0.1 1046 1048 -1
0.1 491 1049 -1
0.1 501 502 -1
0.1 505 506 -1
0.1 504 1052 -1
0.1 509 510 -1
0.1 508 1054 -1
0.1 507 1055 -1
0.1 1053 1056 -1
0.1 503 1057 -1
0.1 1051 1058 -1
0.1 1050 1059 -1
0.1 1041 1060 -1
0.1 511 512 -1
0.1 514 515 -1
0.1 513 1063 -1
0.1 516 517 -1
0.1 1065 518 -1
0.1 1064 1066 -1
0.1 1062 1067 -1
0.1 1061 1068 -1
0.1 519 520 -1
0.1 1069 1070 -1
0.1 1040 1071 -1
0.1 522 523 -1
0.1 524 525 -1
0.1 1073 1074 -1
0.1 521 1075 -1
0.1 1072 1076 -1
0.1 526 527 -1
0.1 529 530 -1
0.1 528 1079 -1
0.1 531 532 -1
0.1 1080 1081 -1
0.1 534 535 -1
0.1 1083 536 -1
0.1 533 1084 -1
0.1 1085 537 -1
0.1 1082 1086 -1
0.1 1078 1087 -1
0.1 539 540 -1
0.1 538 1089 -1
0.1 541 542 -1
0.1 546 547 -1
0.1 548 549 -1
0.1 1092 1093 -1
0.1 1094 550 -1
0.1 545 1095 -1
0.1 544 1096 -1
0.1 543 1097 -1
0.1 1091 1098 -1
0.1 1090 1099 -1
0.1 1088 1100 -1
0.1 1077 1101 -1
0.1 470 1102 -1
0.1 1023 1103 -1
0.1 464 1104 -1
0.1 551 552 -1
0.1 554 555 -1
0.1 553 1107 -1
0.1 1106 1108 -1
0.1 556 557 -1
0.1 559 560 -1
0.1 558 1111 -1
0.1 1110 1112 -1
0.1 1109 1113 -1
0.1 1105 1114 -1
0.1 1019 1115 -1
0.1 989 1116 -1
0.1 980 1117 -1
0.1 801 1118 -1
