1 0 0 1
1 0 0 1
1 0 0 1
1 0 0 1
1 0 0 1
1 0 0 1
1 0 0 1
1 0 0 1
1 0 0 2
1 0 0 3
1 0 0 3
1 0 0 3
1 0 0 3
1 0 0 3
1 0 0 3
1 0 0 3
1 0 0 3
1 0 0 3
1 0 0 3
1 0 0 4
1 0 0 4
1 0 0 4
1 0 0 4
1 0 0 4
1 0 0 4
1 0 0 4
1 0 0 4
1 0 0 4
1 0 0 4
1 0 0 5
1 0 0 5
1 0 0 6
1 0 0 7
1 0 0 7
1 0 0 7
1 0 0 7
1 0 0 7
1 0 0 7
1 0 0 7
1 0 0 7
1 0 0 7
1 0 0 7
1 0 0 6
1 0 0 5
1 0 0 8
1 0 0 8
1 0 0 8
1 0 0 8
1 0 0 8
1 0 0 8
1 0 0 8
1 0 0 8
1 0 0 2
1 0 0 2
1 0 0 9
1 0 0 9
1 0 0 9
1 0 0 9
1 0 0 9
1 0 0 9
1 0 0 9
1 0 0 9
1 0 0 9
1 0 0 9
1 0 0 8
1 0 0 8
1 0 0 5
1 0 0 5
1 0 0 5
1 0 0 5
1 0 0 5
1 0 0 5
1 0 0 5
1 0 0 6
1 0 0 6
1 0 0 10
1 0 0 10
1 0 0 10
1 0 0 10
1 0 0 10
1 0 0 10
1 0 0 10
1 0 0 10
1 0 0 10
1 0 0 10
1 0 0 6
1 0 0 11
1 0 0 11
1 0 0 11
1 0 0 11
1 0 0 11
1 0 0 11
1 0 0 11
1 0 0 11
1 0 0 11
1 0 0 11
1 0 0 6
1 0 0 6
1 0 0 6
1 0 0 6
1 0 0 6
1 0 0 12
1 0 0 12
1 0 0 12
1 0 0 12
1 0 0 12
1 0 0 12
1 0 0 12
1 0 0 12
1 0 0 12
1 0 0 12
1 0 0 2
1 0 0 2
1 0 0 2
1 0 0 2
1 0 0 13
1 0 0 13
1 0 0 14
1 0 0 14
1 0 0 14
1 0 0 14
1 0 0 14
1 0 0 14
1 0 0 14
1 0 0 14
1 0 0 14
1 0 0 14
1 0 0 13
1 0 0 13
1 0 0 13
1 0 0 13
1 0 0 13
1 0 0 13
1 0 0 13
1 0 0 13
1 0 0 2
1 0 0 2
1 0 0 15
1 0 0 15
1 0 0 15
1 0 0 15
1 0 0 16
1 0 0 16
1 0 0 16
1 0 0 17
1 0 0 17
1 0 0 17
1 0 0 17
1 0 0 17
1 0 0 17
1 0 0 17
1 0 0 17
1 0 0 17
1 0 0 17
1 0 0 16
1 0 0 16
1 0 0 16
1 0 0 16
1 0 0 16
1 0 0 16
1 0 0 16
1 0 0 15
1 0 0 15
1 0 0 15
1 0 0 15
1 0 0 15
1 0 0 15
1 0 0 18
1 0 0 18
1 0 0 18
1 0 0 18
1 0 0 18
1 0 0 18
1 0 0 18
1 0 0 19
1 0 0 19
1 0 0 19
1 0 0 19
1 0 0 19
1 0 0 19
1 0 0 19
1 0 0 19
1 0 0 19
1 0 0 19
1 0 0 18
1 0 0 18
1 0 0 18
1 0 0 20
1 0 0 20
1 0 0 20
1 0 0 20
1 0 0 20
1 0 0 20
1 0 0 20
1 0 0 21
1 0 0 21
1 0 0 22
1 0 0 22
1 0 0 22
1 0 0 22
1 0 0 22
1 0 0 22
1 0 0 22
1 0 0 22
1 0 0 22
1 0 0 22
1 0 0 21
1 0 0 21
1 0 0 21
1 0 0 21
1 0 0 21
1 0 0 21
1 0 0 21
1 0 0 21
1 0 0 20
1 0 0 20
1 0 0 20
1 0 0 2
1 0 0 23
1 0 0 23
1 0 0 23
1 0 0 23
1 0 0 23
1 0 0 23
1 0 0 23
1 0 0 23
1 0 0 23
1 0 0 23
1 0 0 24
1 0 0 24
1 0 0 24
1 0 0 24
1 0 0 24
1 0 0 24
1 0 0 24
1 0 0 24
1 0 0 24
1 0 0 24
1 0 0 1
1 0 0 1
1 0 0 25
1 0 0 25
1 0 0 26
1 0 0 26
1 0 0 26
1 0 0 26
1 0 0 26
1 0 0 26
1 0 0 26
1 0 0 26
1 0 0 26
1 0 0 26
1 0 0 27
1 0 0 27
1 0 0 27
1 0 0 27
1 0 0 27
1 0 0 27
1 0 0 27
1 0 0 27
1 0 0 27
1 0 0 27
1 0 0 25
1 0 0 25
1 0 0 28
1 0 0 28
1 0 0 28
1 0 0 28
1 0 0 28
1 0 0 28
1 0 0 28
1 0 0 29
1 0 0 29
1 0 0 29
1 0 0 29
1 0 0 29
1 0 0 29
1 0 0 29
1 0 0 29
1 0 0 29
1 0 0 29
1 0 0 30
1 0 0 30
1 0 0 30
1 0 0 30
1 0 0 30
1 0 0 30
1 0 0 30
1 0 0 30
1 0 0 30
1 0 0 30
1 0 0 28
1 0 0 28
1 0 0 28
1 0 0 25
1 0 0 25
1 0 0 25
1 0 0 25
1 0 0 25
1 0 0 25
1 0 0 31
1 0 0 32
1 0 0 33
1 0 0 33
1 0 0 33
1 0 0 33
1 0 0 33
1 0 0 33
1 0 0 33
1 0 0 33
1 0 0 33
1 0 0 33
1 0 0 34
1 0 0 34
1 0 0 34
1 0 0 35
1 0 0 35
1 0 0 35
1 0 0 35
1 0 0 35
1 0 0 35
1 0 0 35
1 0 0 35
1 0 0 34
1 0 0 34
1 0 0 34
1 0 0 34
1 0 0 34
1 0 0 34
1 0 0 34
1 0 0 35
1 0 0 35
1 0 0 36
1 0 0 36
1 0 0 36
1 0 0 36
1 0 0 36
1 0 0 36
1 0 0 36
1 0 0 36
1 0 0 36
1 0 0 36
1 0 0 37
1 0 0 37
1 0 0 37
1 0 0 37
1 0 0 37
1 0 0 37
1 0 0 37
1 0 0 37
1 0 0 37
1 0 0 37
1 0 0 38
1 0 0 38
1 0 0 38
1 0 0 38
1 0 0 38
1 0 0 38
1 0 0 38
1 0 0 38
1 0 0 38
1 0 0 38
1 0 0 39
1 0 0 39
1 0 0 39
1 0 0 39
1 0 0 39
1 0 0 39
1 0 0 39
1 0 0 39
1 0 0 39
1 0 0 39
1 0 0 32
1 0 0 32
1 0 0 40
1 0 0 40
1 0 0 40
1 0 0 40
1 0 0 40
1 0 0 40
1 0 0 40
1 0 0 40
1 0 0 40
1 0 0 40
1 0 0 32
1 0 0 41
1 0 0 41
1 0 0 41
1 0 0 41
1 0 0 41
1 0 0 41
1 0 0 41
1 0 0 41
1 0 0 41
1 0 0 41
1 0 0 32
1 0 0 32
1 0 0 32
1 0 0 32
1 0 0 32
1 0 0 32
1 0 0 42
1 0 0 42
1 0 0 42
1 0 0 42
1 0 0 42
1 0 0 42
1 0 0 42
1 0 0 42
1 0 0 42
1 0 0 42
1 0 0 43
1 0 0 44
1 0 0 44
1 0 0 44
1 0 0 44
1 0 0 44
1 0 0 44
1 0 0 44
1 0 0 44
1 0 0 44
1 0 0 44
1 0 0 43
1 0 0 43
1 0 0 43
1 0 0 43
1 0 0 43
1 0 0 43
1 0 0 43
1 0 0 43
1 0 0 45
1 0 0 45
1 0 0 45
1 0 0 45
1 0 0 45
1 0 0 45
1 0 0 45
1 0 0 45
1 0 0 46
1 0 0 46
1 0 0 46
1 0 0 46
1 0 0 46
1 0 0 46
1 0 0 46
1 0 0 46
1 0 0 46
1 0 0 46
1 0 0 45
1 0 0 45
1 0 0 47
1 0 0 47
1 0 0 47
1 0 0 48
1 0 0 48
1 0 0 48
1 0 0 48
1 0 0 48
1 0 0 48
1 0 0 48
1 0 0 48
1 0 0 48
1 0 0 48
1 0 0 47
1 0 0 47
1 0 0 47
1 0 0 47
1 0 0 47
1 0 0 47
1 0 0 47
1 0 0 49
1 0 0 49
1 0 0 49
1 0 0 49
1 0 0 49
1 0 0 49
1 0 0 49
1 0 0 49
1 0 0 49
1 0 0 49
1 0 0 43
1 0 0 31
1 0 0 31
1 0 0 31
1 0 0 31
1 0 0 31
1 0 0 31
1 0 0 31
1 0 0 31
1 0 0 31
1 0 0 50
1 0 0 50
1 0 0 50
1 0 0 50
1 0 0 50
1 0 0 50
1 0 0 50
1 0 0 50
1 0 0 50
1 0 0 50
0.1 1 2 -1
0.1 4 5 -1
0.1 3 502 -1
0.1 501 503 -1
0.1 7 8 -1
0.1 6 505 -1
0.1 504 506 -1
0.1 10 11 -1
0.1 13 14 -1
0.1 15 16 -1
0.1 510 17 -1
0.1 511 18 -1
0.1 512 19 -1
0.1 509 513 -1
0.1 12 514 -1
0.1 508 515 -1
0.1 9 516 -1
0.1 23 24 -1
0.1 22 518 -1
0.1 21 519 -1
0.1 20 520 -1
0.1 26 27 -1
0.1 28 29 -1
0.1 522 523 -1
0.1 25 524 -1
0.1 521 525 -1
0.1 517 526 -1
0.1 36 37 -1
0.1 39 40 -1
0.1 38 529 -1
0.1 41 42 -1
0.1 530 531 -1
0.1 528 532 -1
0.1 35 533 -1
0.1 34 534 -1
0.1 33 535 -1
0.1 536 43 -1
0.1 32 537 -1
0.1 538 44 -1
0.1 47 48 -1
0.1 46 540 -1
0.1 45 541 -1
0.1 49 50 -1
0.1 55 56 -1
0.1 57 58 -1
0.1 62 63 -1
0.1 546 64 -1
0.1 61 547 -1
0.1 60 548 -1
0.1 59 549 -1
0.1 545 550 -1
0.1 544 551 -1
0.1 54 552 -1
0.1 53 553 -1
0.1 52 554 -1
0.1 51 555 -1
0.1 556 65 -1
0.1 543 557 -1
0.1 542 558 -1
0.1 559 66 -1
0.1 560 67 -1
0.1 539 561 -1
0.1 68 69 -1
0.1 563 70 -1
0.1 564 71 -1
0.1 72 73 -1
0.1 565 566 -1
0.1 562 567 -1
0.1 31 568 -1
0.1 74 75 -1
0.1 77 78 -1
0.1 571 79 -1
0.1 76 572 -1
0.1 82 83 -1
0.1 81 574 -1
0.1 80 575 -1
0.1 573 576 -1
0.1 84 85 -1
0.1 577 578 -1
0.1 570 579 -1
0.1 92 93 -1
0.1 91 581 -1
0.1 582 94 -1
0.1 90 583 -1
0.1 89 584 -1
0.1 88 585 -1
0.1 87 586 -1
0.1 95 96 -1
0.1 587 588 -1
0.1 86 589 -1
0.1 97 98 -1
0.1 590 591 -1
0.1 100 101 -1
0.1 99 593 -1
0.1 592 594 -1
0.1 580 595 -1
0.1 569 596 -1
0.1 30 597 -1
0.1 103 104 -1
0.1 102 599 -1
0.1 106 107 -1
0.1 105 601 -1
0.1 108 109 -1
0.1 602 603 -1
0.1 600 604 -1
0.1 110 111 -1
0.1 605 606 -1
0.1 112 113 -1
0.1 607 608 -1
0.1 116 117 -1
0.1 119 120 -1
0.1 611 121 -1
0.1 122 123 -1
0.1 612 613 -1
0.1 118 614 -1
0.1 126 127 -1
0.1 125 616 -1
0.1 124 617 -1
0.1 615 618 -1
0.1 128 129 -1
0.1 620 130 -1
0.1 619 621 -1
0.1 131 132 -1
0.1 623 133 -1
0.1 622 624 -1
0.1 134 135 -1
0.1 625 626 -1
0.1 610 627 -1
0.1 628 136 -1
0.1 115 629 -1
0.1 114 630 -1
0.1 609 631 -1
0.1 632 137 -1
0.1 138 139 -1
0.1 140 141 -1
0.1 143 144 -1
0.1 142 636 -1
0.1 145 146 -1
0.1 638 147 -1
0.1 148 149 -1
0.1 640 150 -1
0.1 151 152 -1
0.1 641 642 -1
0.1 643 153 -1
0.1 639 644 -1
0.1 645 154 -1
0.1 637 646 -1
0.1 155 156 -1
0.1 158 159 -1
0.1 157 649 -1
0.1 648 650 -1
0.1 647 651 -1
0.1 160 161 -1
0.1 652 653 -1
0.1 162 163 -1
0.1 655 164 -1
0.1 654 656 -1
0.1 657 165 -1
0.1 166 167 -1
0.1 658 659 -1
0.1 635 660 -1
0.1 634 661 -1
0.1 168 169 -1
0.1 170 171 -1
0.1 172 173 -1
0.1 664 665 -1
0.1 663 666 -1
0.1 667 174 -1
0.1 175 176 -1
0.1 669 177 -1
0.1 179 180 -1
0.1 182 183 -1
0.1 181 672 -1
0.1 671 673 -1
0.1 674 184 -1
0.1 178 675 -1
0.1 670 676 -1
0.1 668 677 -1
0.1 186 187 -1
0.1 185 679 -1
0.1 189 190 -1
0.1 191 192 -1
0.1 681 682 -1
0.1 193 194 -1
0.1 198 199 -1
0.1 197 685 -1
0.1 202 203 -1
0.1 201 687 -1
0.1 204 205 -1
0.1 689 206 -1
0.1 688 690 -1
0.1 200 691 -1
0.1 686 692 -1
0.1 196 693 -1
0.1 694 207 -1
0.1 195 695 -1
0.1 211 212 -1
0.1 210 697 -1
0.1 213 214 -1
0.1 698 699 -1
0.1 209 700 -1
0.1 208 701 -1
0.1 696 702 -1
0.1 684 703 -1
0.1 216 217 -1
0.1 215 705 -1
0.1 704 706 -1
0.1 683 707 -1
0.1 188 708 -1
0.1 680 709 -1
0.1 678 710 -1
0.1 220 221 -1
0.1 219 712 -1
0.1 218 713 -1
0.1 222 223 -1
0.1 715 224 -1
0.1 716 225 -1
0.1 717 226 -1
0.1 718 227 -1
0.1 719 228 -1
0.1 714 720 -1
0.1 711 721 -1
0.1 662 722 -1
0.1 633 723 -1
0.1 598 724 -1
0.1 527 725 -1
0.1 230 231 -1
0.1 233 234 -1
0.1 728 235 -1
0.1 232 729 -1
0.1 237 238 -1
0.1 236 731 -1
0.1 730 732 -1
0.1 727 733 -1
0.1 229 734 -1
0.1 726 735 -1
0.1 507 736 -1
0.1 239 240 -1
0.1 243 244 -1
0.1 245 246 -1
0.1 740 247 -1
0.1 739 741 -1
0.1 249 250 -1
0.1 251 252 -1
0.1 743 744 -1
0.1 248 745 -1
0.1 742 746 -1
0.1 253 254 -1
0.1 255 256 -1
0.1 748 749 -1
0.1 258 259 -1
0.1 751 260 -1
0.1 752 261 -1
0.1 753 262 -1
0.1 257 754 -1
0.1 750 755 -1
0.1 747 756 -1
0.1 242 757 -1
0.1 241 758 -1
0.1 263 264 -1
0.1 759 760 -1
0.1 266 267 -1
0.1 265 762 -1
0.1 268 269 -1
0.1 763 764 -1
0.1 270 271 -1
0.1 272 273 -1
0.1 274 275 -1
0.1 767 768 -1
0.1 769 276 -1
0.1 277 278 -1
0.1 280 281 -1
0.1 279 772 -1
0.1 771 773 -1
0.1 770 774 -1
0.1 285 286 -1
0.1 284 776 -1
0.1 283 777 -1
0.1 287 288 -1
0.1 289 290 -1
0.1 779 780 -1
0.1 778 781 -1
0.1 782 291 -1
0.1 282 783 -1
0.1 775 784 -1
0.1 766 785 -1
0.1 765 786 -1
0.1 293 294 -1
0.1 292 788 -1
0.1 295 296 -1
0.1 297 298 -1
0.1 303 304 -1
0.1 305 306 -1
0.1 792 793 -1
0.1 302 794 -1
0.1 308 309 -1
0.1 307 796 -1
0.1 310 311 -1
0.1 798 312 -1
0.1 797 799 -1
0.1 314 315 -1
0.1 313 801 -1
0.1 800 802 -1
0.1 795 803 -1
0.1 316 317 -1
0.1 318 319 -1
0.1 320 321 -1
0.1 322 323 -1
0.1 807 808 -1
0.1 806 809 -1
0.1 805 810 -1
0.1 326 327 -1
0.1 325 812 -1
0.1 328 329 -1
0.1 814 330 -1
0.1 813 815 -1
0.1 324 816 -1
0.1 331 332 -1
0.1 817 818 -1
0.1 811 819 -1
0.1 333 334 -1
0.1 335 336 -1
0.1 822 337 -1
0.1 339 340 -1
0.1 338 824 -1
0.1 825 341 -1
0.1 826 342 -1
0.1 823 827 -1
0.1 821 828 -1
0.1 343 344 -1
0.1 830 345 -1
0.1 347 348 -1
0.1 349 350 -1
0.1 351 352 -1
0.1 833 834 -1
0.1 832 835 -1
0.1 346 836 -1
0.1 831 837 -1
0.1 354 355 -1
0.1 353 839 -1
0.1 356 357 -1
0.1 841 358 -1
0.1 842 359 -1
0.1 843 360 -1
0.1 840 844 -1
0.1 845 361 -1
0.1 846 362 -1
0.1 847 363 -1
0.1 364 365 -1
0.1 849 366 -1
0.1 367 368 -1
0.1 370 371 -1
0.1 369 852 -1
0.1 853 372 -1
0.1 851 854 -1
0.1 850 855 -1
0.1 848 856 -1
0.1 838 857 -1
0.1 858 373 -1
0.1 376 377 -1
0.1 378 379 -1
0.1 380 381 -1
0.1 862 382 -1
0.1 861 863 -1
0.1 383 384 -1
0.1 864 865 -1
0.1 860 866 -1
0.1 375 867 -1
0.1 374 868 -1
0.1 869 385 -1
0.1 387 388 -1
0.1 386 871 -1
0.1 389 390 -1
0.1 873 391 -1
0.1 392 393 -1
0.1 874 875 -1
0.1 394 395 -1
0.1 876 877 -1
0.1 872 878 -1
0.1 396 397 -1
0.1 880 398 -1
0.1 881 399 -1
0.1 879 882 -1
0.1 883 400 -1
0.1 884 401 -1
0.1 404 405 -1
0.1 403 886 -1
0.1 402 887 -1
0.1 407 408 -1
0.1 410 411 -1
0.1 409 890 -1
0.1 889 891 -1
0.1 406 892 -1
0.1 888 893 -1
0.1 885 894 -1
0.1 415 416 -1
0.1 414 896 -1
0.1 897 417 -1
0.1 418 419 -1
0.1 899 420 -1
0.1 421 422 -1
0.1 900 901 -1
0.1 898 902 -1
0.1 413 903 -1
0.1 423 424 -1
0.1 425 426 -1
0.1 906 427 -1
0.1 428 429 -1
0.1 907 908 -1
0.1 905 909 -1
0.1 910 430 -1
0.1 904 911 -1
0.1 412 912 -1
0.1 432 433 -1
0.1 431 914 -1
0.1 435 436 -1
0.1 434 916 -1
0.1 915 917 -1
0.1 918 437 -1
0.1 440 441 -1
0.1 920 442 -1
0.1 443 444 -1
0.1 922 445 -1
0.1 446 447 -1
0.1 923 924 -1
0.1 921 925 -1
0.1 926 448 -1
0.1 439 927 -1
0.1 928 449 -1
0.1 438 929 -1
0.1 930 450 -1
0.1 919 931 -1
0.1 454 455 -1
0.1 933 456 -1
0.1 459 460 -1
0.1 458 935 -1
0.1 936 461 -1
0.1 462 463 -1
0.1 937 938 -1
0.1 457 939 -1
0.1 934 940 -1
0.1 941 464 -1
0.1 453 942 -1
0.1 452 943 -1
0.1 451 944 -1
0.1 465 466 -1
0.1 467 468 -1
0.1 469 470 -1
0.1 947 948 -1
0.1 946 949 -1
0.1 471 472 -1
0.1 476 477 -1
0.1 475 952 -1
0.1 474 953 -1
0.1 473 954 -1
0.1 951 955 -1
0.1 478 479 -1
0.1 957 480 -1
0.1 956 958 -1
0.1 950 959 -1
0.1 945 960 -1
0.1 932 961 -1
0.1 913 962 -1
0.1 963 481 -1
0.1 895 964 -1
0.1 870 965 -1
0.1 859 966 -1
0.1 829 967 -1
0.1 820 968 -1
0.1 804 969 -1
0.1 482 483 -1
0.1 484 485 -1
0.1 971 972 -1
0.1 487 488 -1
0.1 486 974 -1
0.1 973 975 -1
0.1 970 976 -1
0.1 489 490 -1
0.1 977 978 -1
0.1 301 979 -1
0.1 491 492 -1
0.1 494 495 -1
0.1 493 982 -1
0.1 981 983 -1
0.1 496 497 -1
0.1 499 500 -1
0.1 498 986 -1
0.1 985 987 -1
0.1 984 988 -1
0.1 980 989 -1
0.1 300 990 -1
0.1 299 991 -1
0.1 791 992 -1
0.1 790 993 -1
0.1 789 994 -1
0.1 787 995 -1
0.1 761 996 -1
0.1 738 997 -1
0.1 737 998 -1
