1 0 0 1
1 0 0 2
1 0 0 2
1 0 0 2
1 0 0 2
1 0 0 2
1 0 0 3
1 0 0 3
1 0 0 3
1 0 0 3
1 0 0 3
1 0 0 3
1 0 0 3
1 0 0 3
1 0 0 3
1 0 0 2
1 0 0 2
1 0 0 2
1 0 0 3
1 0 0 2
1 0 0 2
1 0 0 1
1 0 0 1
1 0 0 1
1 0 0 1
1 0 0 1
1 0 0 1
1 0 0 1
1 0 0 1
1 0 0 1
1 0 0 4
1 0 0 4
1 0 0 5
1 0 0 5
1 0 0 5
1 0 0 5
1 0 0 5
1 0 0 5
1 0 0 5
1 0 0 5
1 0 0 5
1 0 0 5
1 0 0 6
1 0 0 6
1 0 0 6
1 0 0 6
1 0 0 6
1 0 0 6
1 0 0 6
1 0 0 6
1 0 0 6
1 0 0 6
1 0 0 7
1 0 0 7
1 0 0 7
1 0 0 7
1 0 0 7
1 0 0 7
1 0 0 7
1 0 0 7
1 0 0 7
1 0 0 7
1 0 0 8
1 0 0 8
1 0 0 8
1 0 0 8
1 0 0 8
1 0 0 8
1 0 0 8
1 0 0 8
1 0 0 8
1 0 0 8
1 0 0 9
1 0 0 10
1 0 0 10
1 0 0 10
1 0 0 10
1 0 0 10
1 0 0 10
1 0 0 10
1 0 0 10
1 0 0 10
1 0 0 11
1 0 0 11
1 0 0 12
1 0 0 12
1 0 0 12
1 0 0 12
1 0 0 12
1 0 0 12
1 0 0 12
1 0 0 12
1 0 0 12
1 0 0 12
1 0 0 11
1 0 0 11
1 0 0 13
1 0 0 13
1 0 0 13
1 0 0 13
1 0 0 14
1 0 0 14
1 0 0 14
1 0 0 14
1 0 0 14
1 0 0 14
1 0 0 14
1 0 0 14
1 0 0 14
1 0 0 14
1 0 0 13
1 0 0 13
1 0 0 13
1 0 0 13
1 0 0 13
1 0 0 13
1 0 0 11
1 0 0 11
1 0 0 11
1 0 0 11
1 0 0 11
1 0 0 11
1 0 0 15
1 0 0 15
1 0 0 15
1 0 0 15
1 0 0 15
1 0 0 15
1 0 0 15
1 0 0 15
1 0 0 15
1 0 0 15
1 0 0 16
1 0 0 16
1 0 0 16
1 0 0 16
1 0 0 16
1 0 0 16
1 0 0 16
1 0 0 16
1 0 0 16
1 0 0 16
1 0 0 10
1 0 0 17
1 0 0 17
1 0 0 17
1 0 0 17
1 0 0 17
1 0 0 17
1 0 0 17
1 0 0 17
1 0 0 17
1 0 0 17
1 0 0 9
1 0 0 18
1 0 0 18
1 0 0 18
1 0 0 18
1 0 0 18
1 0 0 18
1 0 0 18
1 0 0 18
1 0 0 18
1 0 0 18
1 0 0 19
1 0 0 19
1 0 0 19
1 0 0 19
1 0 0 19
1 0 0 19
1 0 0 19
1 0 0 19
1 0 0 19
1 0 0 19
1 0 0 20
1 0 0 20
1 0 0 20
1 0 0 20
1 0 0 20
1 0 0 20
1 0 0 20
1 0 0 20
1 0 0 20
1 0 0 21
1 0 0 20
1 0 0 21
1 0 0 21
1 0 0 21
1 0 0 21
1 0 0 21
1 0 0 21
1 0 0 21
1 0 0 21
1 0 0 21
1 0 0 9
1 0 0 22
1 0 0 22
1 0 0 22
1 0 0 22
1 0 0 22
1 0 0 22
1 0 0 22
1 0 0 22
1 0 0 22
1 0 0 22
1 0 0 9
1 0 0 9
1 0 0 9
1 0 0 9
1 0 0 9
1 0 0 23
1 0 0 23
1 0 0 23
1 0 0 23
1 0 0 23
1 0 0 23
1 0 0 23
1 0 0 23
1 0 0 23
1 0 0 23
1 0 0 9
1 0 0 9
1 0 0 24
1 0 0 24
1 0 0 24
1 0 0 24
1 0 0 24
1 0 0 24
1 0 0 24
1 0 0 24
1 0 0 24
1 0 0 24
1 0 0 4
1 0 0 4
1 0 0 4
1 0 0 4
1 0 0 4
1 0 0 25
1 0 0 25
1 0 0 25
1 0 0 25
1 0 0 25
1 0 0 25
1 0 0 25
1 0 0 25
1 0 0 25
1 0 0 25
1 0 0 26
1 0 0 26
1 0 0 26
1 0 0 26
1 0 0 26
1 0 0 26
1 0 0 26
1 0 0 26
1 0 0 26
1 0 0 26
1 0 0 4
1 0 0 4
1 0 0 4
1 0 0 27
1 0 0 27
1 0 0 27
1 0 0 27
1 0 0 28
1 0 0 28
1 0 0 28
1 0 0 28
1 0 0 28
1 0 0 28
1 0 0 28
1 0 0 28
1 0 0 28
1 0 0 28
1 0 0 27
1 0 0 27
1 0 0 29
1 0 0 29
1 0 0 29
1 0 0 29
1 0 0 29
1 0 0 29
1 0 0 29
1 0 0 29
1 0 0 29
1 0 0 29
1 0 0 30
1 0 0 30
1 0 0 30
1 0 0 30
1 0 0 30
1 0 0 30
1 0 0 30
1 0 0 30
1 0 0 30
1 0 0 30
1 0 0 27
1 0 0 31
1 0 0 31
1 0 0 31
1 0 0 31
1 0 0 31
1 0 0 31
1 0 0 31
1 0 0 32
1 0 0 32
1 0 0 32
1 0 0 32
1 0 0 32
1 0 0 32
1 0 0 32
1 0 0 32
1 0 0 32
1 0 0 33
1 0 0 33
1 0 0 33
1 0 0 33
1 0 0 33
1 0 0 33
1 0 0 33
1 0 0 33
1 0 0 33
1 0 0 33
1 0 0 32
1 0 0 31
1 0 0 31
1 0 0 31
1 0 0 34
1 0 0 34
1 0 0 34
1 0 0 34
1 0 0 34
1 0 0 34
1 0 0 34
1 0 0 34
1 0 0 34
1 0 0 34
1 0 0 35
1 0 0 35
1 0 0 35
1 0 0 35
1 0 0 35
1 0 0 35
1 0 0 35
1 0 0 35
1 0 0 35
1 0 0 35
1 0 0 36
1 0 0 36
1 0 0 36
1 0 0 36
1 0 0 36
1 0 0 36
1 0 0 36
1 0 0 36
1 0 0 36
1 0 0 36
1 0 0 27
1 0 0 37
1 0 0 37
1 0 0 37
1 0 0 37
1 0 0 37
1 0 0 37
1 0 0 37
1 0 0 37
1 0 0 37
1 0 0 37
1 0 0 38
1 0 0 39
1 0 0 39
1 0 0 40
1 0 0 40
1 0 0 40
1 0 0 40
1 0 0 40
1 0 0 40
1 0 0 40
1 0 0 40
1 0 0 40
1 0 0 40
1 0 0 38
1 0 0 38
1 0 0 38
1 0 0 38
1 0 0 38
1 0 0 38
1 0 0 38
1 0 0 39
1 0 0 39
1 0 0 39
1 0 0 39
1 0 0 39
1 0 0 41
1 0 0 41
1 0 0 41
1 0 0 41
1 0 0 41
1 0 0 41
1 0 0 41
1 0 0 41
1 0 0 41
1 0 0 41
1 0 0 39
1 0 0 39
1 0 0 39
1 0 0 42
1 0 0 42
1 0 0 42
1 0 0 42
1 0 0 42
1 0 0 42
1 0 0 42
1 0 0 42
1 0 0 42
1 0 0 42
1 0 0 38
1 0 0 38
1 0 0 43
1 0 0 43
1 0 0 43
1 0 0 43
1 0 0 43
1 0 0 43
1 0 0 43
1 0 0 43
1 0 0 43
1 0 0 43
1 0 0 27
1 0 0 44
1 0 0 44
1 0 0 44
1 0 0 44
1 0 0 44
1 0 0 44
1 0 0 44
1 0 0 44
1 0 0 44
1 0 0 44
1 0 0 27
1 0 0 45
1 0 0 45
1 0 0 45
1 0 0 45
1 0 0 45
1 0 0 45
1 0 0 45
1 0 0 46
1 0 0 46
1 0 0 46
1 0 0 46
1 0 0 46
1 0 0 46
1 0 0 46
1 0 0 46
1 0 0 46
1 0 0 46
1 0 0 45
1 0 0 45
1 0 0 45
1 0 0 47
1 0 0 47
1 0 0 47
1 0 0 47
1 0 0 47
1 0 0 47
1 0 0 47
1 0 0 47
1 0 0 47
1 0 0 47
1 0 0 48
1 0 0 48
1 0 0 48
1 0 0 48
1 0 0 48
1 0 0 48
1 0 0 48
1 0 0 48
1 0 0 48
1 0 0 48
1 0 0 49
1 0 0 49
1 0 0 49
1 0 0 49
1 0 0 49
1 0 0 49
1 0 0 49
1 0 0 49
1 0 0 49
1 0 0 49
1 0 0 50
1 0 0 50
1 0 0 50
1 0 0 50
1 0 0 50
1 0 0 50
1 0 0 50
1 0 0 50
1 0 0 50
1 0 0 50
0.1 2 3 -1
0.1 4 5 -1
0.1 501 502 -1
0.1 503 6 -1
0.1 7 8 -1
0.1 9 10 -1
0.1 12 13 -1
0.1 507 14 -1
0.1 11 508 -1
0.1 506 509 -1
0.1 505 510 -1
0.1 511 15 -1
0.1 16 17 -1
0.1 512 513 -1
0.1 504 514 -1
0.1 20 21 -1
0.1 19 516 -1
0.1 18 517 -1
0.1 515 518 -1
0.1 1 519 -1
0.1 520 22 -1
0.1 23 24 -1
0.1 25 26 -1
0.1 523 27 -1
0.1 522 524 -1
0.1 521 525 -1
0.1 29 30 -1
0.1 28 527 -1
0.1 526 528 -1
0.1 31 32 -1
0.1 33 34 -1
0.1 36 37 -1
0.1 35 532 -1
0.1 531 533 -1
0.1 38 39 -1
0.1 41 42 -1
0.1 40 536 -1
0.1 535 537 -1
0.1 534 538 -1
0.1 43 44 -1
0.1 540 45 -1
0.1 47 48 -1
0.1 46 542 -1
0.1 49 50 -1
0.1 51 52 -1
0.1 544 545 -1
0.1 543 546 -1
0.1 541 547 -1
0.1 54 55 -1
0.1 53 549 -1
0.1 58 59 -1
0.1 551 60 -1
0.1 61 62 -1
0.1 552 553 -1
0.1 57 554 -1
0.1 56 555 -1
0.1 550 556 -1
0.1 63 64 -1
0.1 558 65 -1
0.1 67 68 -1
0.1 560 69 -1
0.1 70 71 -1
0.1 561 562 -1
0.1 66 563 -1
0.1 564 72 -1
0.1 559 565 -1
0.1 557 566 -1
0.1 567 73 -1
0.1 75 76 -1
0.1 77 78 -1
0.1 80 81 -1
0.1 79 571 -1
0.1 570 572 -1
0.1 573 82 -1
0.1 569 574 -1
0.1 74 575 -1
0.1 87 88 -1
0.1 90 91 -1
0.1 89 578 -1
0.1 577 579 -1
0.1 86 580 -1
0.1 85 581 -1
0.1 93 94 -1
0.1 92 583 -1
0.1 582 584 -1
0.1 95 96 -1
0.1 585 586 -1
0.1 84 587 -1
0.1 83 588 -1
0.1 97 98 -1
0.1 99 100 -1
0.1 590 591 -1
0.1 103 104 -1
0.1 102 593 -1
0.1 105 106 -1
0.1 595 107 -1
0.1 108 109 -1
0.1 596 597 -1
0.1 594 598 -1
0.1 101 599 -1
0.1 600 110 -1
0.1 112 113 -1
0.1 111 602 -1
0.1 601 603 -1
0.1 592 604 -1
0.1 589 605 -1
0.1 115 116 -1
0.1 114 607 -1
0.1 606 608 -1
0.1 117 118 -1
0.1 119 120 -1
0.1 121 122 -1
0.1 611 612 -1
0.1 610 613 -1
0.1 124 125 -1
0.1 123 615 -1
0.1 126 127 -1
0.1 129 130 -1
0.1 618 131 -1
0.1 128 619 -1
0.1 620 132 -1
0.1 617 621 -1
0.1 616 622 -1
0.1 614 623 -1
0.1 609 624 -1
0.1 576 625 -1
0.1 135 136 -1
0.1 134 627 -1
0.1 628 137 -1
0.1 133 629 -1
0.1 140 141 -1
0.1 139 631 -1
0.1 138 632 -1
0.1 630 633 -1
0.1 634 142 -1
0.1 626 635 -1
0.1 636 143 -1
0.1 145 146 -1
0.1 638 147 -1
0.1 144 639 -1
0.1 149 150 -1
0.1 152 153 -1
0.1 151 642 -1
0.1 641 643 -1
0.1 148 644 -1
0.1 640 645 -1
0.1 637 646 -1
0.1 155 156 -1
0.1 157 158 -1
0.1 159 160 -1
0.1 161 162 -1
0.1 650 651 -1
0.1 649 652 -1
0.1 648 653 -1
0.1 163 164 -1
0.1 654 655 -1
0.1 154 656 -1
0.1 166 167 -1
0.1 165 658 -1
0.1 171 172 -1
0.1 660 173 -1
0.1 170 661 -1
0.1 662 174 -1
0.1 169 663 -1
0.1 168 664 -1
0.1 659 665 -1
0.1 178 179 -1
0.1 177 667 -1
0.1 176 668 -1
0.1 669 180 -1
0.1 182 183 -1
0.1 181 671 -1
0.1 670 672 -1
0.1 175 673 -1
0.1 184 185 -1
0.1 674 675 -1
0.1 188 189 -1
0.1 187 677 -1
0.1 186 678 -1
0.1 190 191 -1
0.1 679 680 -1
0.1 193 194 -1
0.1 192 682 -1
0.1 681 683 -1
0.1 676 684 -1
0.1 666 685 -1
0.1 657 686 -1
0.1 647 687 -1
0.1 196 197 -1
0.1 198 199 -1
0.1 200 201 -1
0.1 691 202 -1
0.1 690 692 -1
0.1 689 693 -1
0.1 204 205 -1
0.1 203 695 -1
0.1 694 696 -1
0.1 697 206 -1
0.1 195 698 -1
0.1 688 699 -1
0.1 208 209 -1
0.1 701 210 -1
0.1 207 702 -1
0.1 212 213 -1
0.1 211 704 -1
0.1 215 216 -1
0.1 218 219 -1
0.1 217 707 -1
0.1 706 708 -1
0.1 709 220 -1
0.1 214 710 -1
0.1 705 711 -1
0.1 703 712 -1
0.1 713 221 -1
0.1 714 222 -1
0.1 700 715 -1
0.1 568 716 -1
0.1 223 224 -1
0.1 225 226 -1
0.1 718 719 -1
0.1 228 229 -1
0.1 227 721 -1
0.1 231 232 -1
0.1 230 723 -1
0.1 722 724 -1
0.1 720 725 -1
0.1 717 726 -1
0.1 548 727 -1
0.1 539 728 -1
0.1 233 234 -1
0.1 729 730 -1
0.1 530 731 -1
0.1 235 236 -1
0.1 239 240 -1
0.1 241 242 -1
0.1 734 735 -1
0.1 736 243 -1
0.1 238 737 -1
0.1 245 246 -1
0.1 739 247 -1
0.1 244 740 -1
0.1 738 741 -1
0.1 249 250 -1
0.1 251 252 -1
0.1 743 744 -1
0.1 248 745 -1
0.1 742 746 -1
0.1 253 254 -1
0.1 255 256 -1
0.1 749 257 -1
0.1 748 750 -1
0.1 747 751 -1
0.1 752 258 -1
0.1 237 753 -1
0.1 259 260 -1
0.1 754 755 -1
0.1 733 756 -1
0.1 732 757 -1
0.1 529 758 -1
0.1 262 263 -1
0.1 760 264 -1
0.1 265 266 -1
0.1 267 268 -1
0.1 270 271 -1
0.1 269 764 -1
0.1 272 273 -1
0.1 766 274 -1
0.1 765 767 -1
0.1 763 768 -1
0.1 762 769 -1
0.1 761 770 -1
0.1 261 771 -1
0.1 277 278 -1
0.1 279 280 -1
0.1 773 774 -1
0.1 282 283 -1
0.1 281 776 -1
0.1 775 777 -1
0.1 284 285 -1
0.1 779 286 -1
0.1 778 780 -1
0.1 290 291 -1
0.1 289 782 -1
0.1 292 293 -1
0.1 783 784 -1
0.1 288 785 -1
0.1 295 296 -1
0.1 294 787 -1
0.1 786 788 -1
0.1 287 789 -1
0.1 781 790 -1
0.1 276 791 -1
0.1 275 792 -1
0.1 772 793 -1
0.1 300 301 -1
0.1 795 302 -1
0.1 299 796 -1
0.1 303 304 -1
0.1 309 310 -1
0.1 308 799 -1
0.1 307 800 -1
0.1 311 312 -1
0.1 801 802 -1
0.1 803 313 -1
0.1 306 804 -1
0.1 305 805 -1
0.1 798 806 -1
0.1 314 315 -1
0.1 808 316 -1
0.1 317 318 -1
0.1 320 321 -1
0.1 319 811 -1
0.1 810 812 -1
0.1 322 323 -1
0.1 813 814 -1
0.1 809 815 -1
0.1 816 324 -1
0.1 807 817 -1
0.1 326 327 -1
0.1 325 819 -1
0.1 818 820 -1
0.1 797 821 -1
0.1 298 822 -1
0.1 328 329 -1
0.1 332 333 -1
0.1 331 825 -1
0.1 330 826 -1
0.1 335 336 -1
0.1 334 828 -1
0.1 827 829 -1
0.1 824 830 -1
0.1 831 337 -1
0.1 339 340 -1
0.1 341 342 -1
0.1 833 834 -1
0.1 343 344 -1
0.1 835 836 -1
0.1 338 837 -1
0.1 346 347 -1
0.1 345 839 -1
0.1 838 840 -1
0.1 832 841 -1
0.1 823 842 -1
0.1 351 352 -1
0.1 350 844 -1
0.1 353 354 -1
0.1 845 846 -1
0.1 349 847 -1
0.1 348 848 -1
0.1 356 357 -1
0.1 355 850 -1
0.1 849 851 -1
0.1 852 358 -1
0.1 843 853 -1
0.1 297 854 -1
0.1 794 855 -1
0.1 360 361 -1
0.1 362 363 -1
0.1 858 364 -1
0.1 859 365 -1
0.1 857 860 -1
0.1 359 861 -1
0.1 367 368 -1
0.1 366 863 -1
0.1 862 864 -1
0.1 375 376 -1
0.1 866 377 -1
0.1 374 867 -1
0.1 373 868 -1
0.1 378 379 -1
0.1 869 870 -1
0.1 380 381 -1
0.1 871 872 -1
0.1 372 873 -1
0.1 371 874 -1
0.1 370 875 -1
0.1 876 382 -1
0.1 383 384 -1
0.1 386 387 -1
0.1 385 879 -1
0.1 880 388 -1
0.1 878 881 -1
0.1 389 390 -1
0.1 392 393 -1
0.1 391 884 -1
0.1 883 885 -1
0.1 395 396 -1
0.1 887 397 -1
0.1 394 888 -1
0.1 398 399 -1
0.1 401 402 -1
0.1 400 891 -1
0.1 892 403 -1
0.1 890 893 -1
0.1 889 894 -1
0.1 886 895 -1
0.1 405 406 -1
0.1 407 408 -1
0.1 411 412 -1
0.1 899 413 -1
0.1 900 414 -1
0.1 901 415 -1
0.1 410 902 -1
0.1 903 416 -1
0.1 409 904 -1
0.1 898 905 -1
0.1 897 906 -1
0.1 404 907 -1
0.1 896 908 -1
0.1 417 418 -1
0.1 909 910 -1
0.1 882 911 -1
0.1 877 912 -1
0.1 369 913 -1
0.1 422 423 -1
0.1 421 915 -1
0.1 420 916 -1
0.1 419 917 -1
0.1 424 425 -1
0.1 427 428 -1
0.1 426 920 -1
0.1 919 921 -1
0.1 918 922 -1
0.1 914 923 -1
0.1 430 431 -1
0.1 435 436 -1
0.1 434 926 -1
0.1 433 927 -1
0.1 432 928 -1
0.1 929 437 -1
0.1 438 439 -1
0.1 930 931 -1
0.1 925 932 -1
0.1 429 933 -1
0.1 934 440 -1
0.1 441 442 -1
0.1 443 444 -1
0.1 445 446 -1
0.1 938 447 -1
0.1 448 449 -1
0.1 451 452 -1
0.1 450 941 -1
0.1 942 453 -1
0.1 940 943 -1
0.1 944 454 -1
0.1 455 456 -1
0.1 945 946 -1
0.1 947 457 -1
0.1 939 948 -1
0.1 459 460 -1
0.1 458 950 -1
0.1 949 951 -1
0.1 937 952 -1
0.1 936 953 -1
0.1 462 463 -1
0.1 461 955 -1
0.1 465 466 -1
0.1 957 467 -1
0.1 469 470 -1
0.1 468 959 -1
0.1 958 960 -1
0.1 464 961 -1
0.1 956 962 -1
0.1 954 963 -1
0.1 935 964 -1
0.1 924 965 -1
0.1 472 473 -1
0.1 471 967 -1
0.1 474 475 -1
0.1 968 969 -1
0.1 478 479 -1
0.1 971 480 -1
0.1 477 972 -1
0.1 476 973 -1
0.1 970 974 -1
0.1 966 975 -1
0.1 481 482 -1
0.1 483 484 -1
0.1 977 978 -1
0.1 485 486 -1
0.1 488 489 -1
0.1 487 981 -1
0.1 980 982 -1
0.1 983 490 -1
0.1 979 984 -1
0.1 492 493 -1
0.1 491 986 -1
0.1 495 496 -1
0.1 988 497 -1
0.1 494 989 -1
0.1 987 990 -1
0.1 499 500 -1
0.1 498 992 -1
0.1 991 993 -1
0.1 985 994 -1
0.1 976 995 -1
0.1 865 996 -1
0.1 856 997 -1
0.1 759 998 -1
