1 0 0 1
1 0 0 1
1 0 0 1
1 0 0 1
1 0 0 1
1 0 0 1
1 0 0 1
1 0 0 1
1 0 0 1
1 0 0 1
1 0 0 2
1 0 0 2
1 0 0 3
1 0 0 3
1 0 0 3
1 0 0 3
1 0 0 3
1 0 0 3
1 0 0 3
1 0 0 3
1 0 0 3
1 0 0 3
1 0 0 3
1 0 0 3
1 0 0 3
1 0 0 3
1 0 0 3
1 0 0 3
1 0 0 3
1 0 0 3
1 0 0 3
1 0 0 3
1 0 0 2
1 0 0 2
1 0 0 2
1 0 0 2
1 0 0 4
1 0 0 4
1 0 0 4
1 0 0 4
1 0 0 4
1 0 0 4
1 0 0 4
1 0 0 4
1 0 0 4
1 0 0 4
1 0 0 4
1 0 0 4
1 0 0 4
1 0 0 5
1 0 0 5
1 0 0 5
1 0 0 5
1 0 0 5
1 0 0 5
1 0 0 5
1 0 0 5
1 0 0 5
1 0 0 5
1 0 0 5
1 0 0 5
1 0 0 5
1 0 0 5
1 0 0 5
1 0 0 5
1 0 0 5
1 0 0 5
1 0 0 5
1 0 0 5
1 0 0 4
1 0 0 4
1 0 0 4
1 0 0 4
1 0 0 4
1 0 0 4
1 0 0 4
1 0 0 2
1 0 0 2
1 0 0 2
1 0 0 6
1 0 0 6
1 0 0 7
1 0 0 7
1 0 0 7
1 0 0 7
1 0 0 7
1 0 0 7
1 0 0 7
1 0 0 7
1 0 0 7
1 0 0 7
1 0 0 7
1 0 0 7
1 0 0 7
1 0 0 7
1 0 0 7
1 0 0 7
1 0 0 7
1 0 0 7
1 0 0 7
1 0 0 7
1 0 0 6
1 0 0 8
1 0 0 8
1 0 0 8
1 0 0 8
1 0 0 8
1 0 0 8
1 0 0 8
1 0 0 8
1 0 0 8
1 0 0 8
1 0 0 8
1 0 0 8
1 0 0 8
1 0 0 8
1 0 0 8
1 0 0 8
1 0 0 8
1 0 0 8
1 0 0 8
1 0 0 8
1 0 0 6
1 0 0 6
1 0 0 6
1 0 0 6
1 0 0 6
1 0 0 6
1 0 0 6
1 0 0 6
1 0 0 6
1 0 0 6
1 0 0 6
1 0 0 6
1 0 0 6
1 0 0 6
1 0 0 6
1 0 0 6
1 0 0 6
1 0 0 2
1 0 0 9
1 0 0 9
1 0 0 9
1 0 0 9
1 0 0 9
1 0 0 9
1 0 0 9
1 0 0 9
1 0 0 9
1 0 0 9
1 0 0 9
1 0 0 9
1 0 0 9
1 0 0 9
1 0 0 9
1 0 0 9
1 0 0 9
1 0 0 9
1 0 0 9
1 0 0 9
1 0 0 2
1 0 0 10
1 0 0 10
1 0 0 10
1 0 0 10
1 0 0 10
1 0 0 10
1 0 0 10
1 0 0 10
1 0 0 10
1 0 0 10
1 0 0 10
1 0 0 10
1 0 0 10
1 0 0 10
1 0 0 10
1 0 0 10
1 0 0 10
1 0 0 10
1 0 0 10
1 0 0 10
1 0 0 2
1 0 0 2
1 0 0 2
1 0 0 2
1 0 0 2
1 0 0 2
1 0 0 2
1 0 0 2
1 0 0 2
1 0 0 1
1 0 0 1
1 0 0 1
1 0 0 1
1 0 0 1
1 0 0 1
1 0 0 1
1 0 0 1
1 0 0 1
1 0 0 1
1 0 0 11
1 0 0 11
1 0 0 11
1 0 0 11
1 0 0 11
1 0 0 11
1 0 0 11
1 0 0 11
1 0 0 11
1 0 0 12
1 0 0 12
1 0 0 12
1 0 0 12
1 0 0 12
1 0 0 12
1 0 0 12
1 0 0 12
1 0 0 12
1 0 0 12
1 0 0 12
1 0 0 12
1 0 0 12
1 0 0 12
1 0 0 12
1 0 0 12
1 0 0 12
1 0 0 12
1 0 0 12
1 0 0 13
1 0 0 13
1 0 0 13
1 0 0 13
1 0 0 13
1 0 0 13
1 0 0 13
1 0 0 13
1 0 0 13
1 0 0 13
1 0 0 13
1 0 0 13
1 0 0 13
1 0 0 13
1 0 0 13
1 0 0 13
1 0 0 13
1 0 0 13
1 0 0 13
1 0 0 13
1 0 0 14
1 0 0 14
1 0 0 14
1 0 0 14
1 0 0 14
1 0 0 14
1 0 0 14
1 0 0 14
1 0 0 14
1 0 0 14
1 0 0 14
1 0 0 14
1 0 0 14
1 0 0 14
1 0 0 14
1 0 0 14
1 0 0 14
1 0 0 14
1 0 0 14
1 0 0 14
1 0 0 12
1 0 0 11
1 0 0 15
1 0 0 16
1 0 0 16
1 0 0 16
1 0 0 16
1 0 0 16
1 0 0 16
1 0 0 16
1 0 0 16
1 0 0 16
1 0 0 16
1 0 0 16
1 0 0 16
1 0 0 16
1 0 0 16
1 0 0 16
1 0 0 15
1 0 0 15
1 0 0 15
1 0 0 15
1 0 0 15
1 0 0 15
1 0 0 15
1 0 0 15
1 0 0 15
1 0 0 15
1 0 0 15
1 0 0 15
1 0 0 15
1 0 0 15
1 0 0 15
1 0 0 15
1 0 0 15
1 0 0 15
1 0 0 15
1 0 0 16
1 0 0 16
1 0 0 16
1 0 0 16
1 0 0 16
1 0 0 11
1 0 0 17
1 0 0 17
1 0 0 17
1 0 0 17
1 0 0 17
1 0 0 17
1 0 0 17
1 0 0 17
1 0 0 17
1 0 0 17
1 0 0 17
1 0 0 17
1 0 0 17
1 0 0 17
1 0 0 17
1 0 0 17
1 0 0 17
1 0 0 17
1 0 0 17
1 0 0 17
1 0 0 18
1 0 0 18
1 0 0 18
1 0 0 18
1 0 0 18
1 0 0 18
1 0 0 18
1 0 0 18
1 0 0 18
1 0 0 18
1 0 0 18
1 0 0 18
1 0 0 18
1 0 0 18
1 0 0 18
1 0 0 18
1 0 0 18
1 0 0 18
1 0 0 18
1 0 0 18
1 0 0 11
1 0 0 11
1 0 0 11
1 0 0 11
1 0 0 11
1 0 0 11
1 0 0 11
1 0 0 19
1 0 0 19
1 0 0 19
1 0 0 19
1 0 0 19
1 0 0 19
1 0 0 19
1 0 0 19
1 0 0 19
1 0 0 19
1 0 0 19
1 0 0 19
1 0 0 19
1 0 0 19
1 0 0 19
1 0 0 19
1 0 0 19
1 0 0 19
1 0 0 19
1 0 0 19
1 0 0 20
1 0 0 20
1 0 0 20
1 0 0 20
1 0 0 20
1 0 0 21
1 0 0 21
1 0 0 21
1 0 0 21
1 0 0 21
1 0 0 21
1 0 0 21
1 0 0 21
1 0 0 21
1 0 0 21
1 0 0 21
1 0 0 21
1 0 0 21
1 0 0 21
1 0 0 21
1 0 0 21
1 0 0 21
1 0 0 21
1 0 0 21
1 0 0 21
1 0 0 22
1 0 0 22
1 0 0 22
1 0 0 22
1 0 0 22
1 0 0 22
1 0 0 22
1 0 0 22
1 0 0 22
1 0 0 22
1 0 0 22
1 0 0 22
1 0 0 22
1 0 0 22
1 0 0 22
1 0 0 22
1 0 0 22
1 0 0 22
1 0 0 22
1 0 0 22
1 0 0 20
1 0 0 20
1 0 0 20
1 0 0 20
1 0 0 20
1 0 0 20
1 0 0 20
1 0 0 20
1 0 0 20
1 0 0 20
1 0 0 20
1 0 0 20
1 0 0 20
1 0 0 20
1 0 0 20
1 0 0 11
1 0 0 11
0.1 2 3 -1
0.1 1 441 -1
0.1 4 5 -1
0.1 442 443 -1
0.1 6 7 -1
0.1 444 445 -1
0.1 9 10 -1
0.1 11 12 -1
0.1 13 14 -1
0.1 16 17 -1
0.1 450 18 -1
0.1 451 19 -1
0.1 452 20 -1
0.1 21 22 -1
0.1 24 25 -1
0.1 23 455 -1
0.1 454 456 -1
0.1 27 28 -1
0.1 26 458 -1
0.1 459 29 -1
0.1 457 460 -1
0.1 453 461 -1
0.1 30 31 -1
0.1 463 32 -1
0.1 462 464 -1
0.1 15 465 -1
0.1 449 466 -1
0.1 448 467 -1
0.1 35 36 -1
0.1 34 469 -1
0.1 33 470 -1
0.1 39 40 -1
0.1 38 472 -1
0.1 41 42 -1
0.1 473 474 -1
0.1 37 475 -1
0.1 43 44 -1
0.1 45 46 -1
0.1 478 47 -1
0.1 48 49 -1
0.1 479 480 -1
0.1 477 481 -1
0.1 50 51 -1
0.1 52 53 -1
0.1 484 54 -1
0.1 483 485 -1
0.1 56 57 -1
0.1 55 487 -1
0.1 58 59 -1
0.1 489 60 -1
0.1 488 490 -1
0.1 62 63 -1
0.1 61 492 -1
0.1 64 65 -1
0.1 493 494 -1
0.1 68 69 -1
0.1 67 496 -1
0.1 66 497 -1
0.1 495 498 -1
0.1 491 499 -1
0.1 486 500 -1
0.1 70 71 -1
0.1 72 73 -1
0.1 502 503 -1
0.1 501 504 -1
0.1 482 505 -1
0.1 476 506 -1
0.1 74 75 -1
0.1 508 76 -1
0.1 507 509 -1
0.1 471 510 -1
0.1 468 511 -1
0.1 78 79 -1
0.1 80 81 -1
0.1 82 83 -1
0.1 85 86 -1
0.1 84 516 -1
0.1 88 89 -1
0.1 518 90 -1
0.1 87 519 -1
0.1 517 520 -1
0.1 91 92 -1
0.1 93 94 -1
0.1 522 523 -1
0.1 521 524 -1
0.1 95 96 -1
0.1 97 98 -1
0.1 526 527 -1
0.1 99 100 -1
0.1 529 101 -1
0.1 528 530 -1
0.1 525 531 -1
0.1 515 532 -1
0.1 533 102 -1
0.1 106 107 -1
0.1 105 535 -1
0.1 104 536 -1
0.1 108 109 -1
0.1 537 538 -1
0.1 112 113 -1
0.1 111 540 -1
0.1 110 541 -1
0.1 542 114 -1
0.1 539 543 -1
0.1 103 544 -1
0.1 116 117 -1
0.1 546 118 -1
0.1 115 547 -1
0.1 548 119 -1
0.1 121 122 -1
0.1 120 550 -1
0.1 549 551 -1
0.1 545 552 -1
0.1 534 553 -1
0.1 123 124 -1
0.1 554 555 -1
0.1 126 127 -1
0.1 125 557 -1
0.1 556 558 -1
0.1 128 129 -1
0.1 130 131 -1
0.1 560 561 -1
0.1 559 562 -1
0.1 514 563 -1
0.1 134 135 -1
0.1 133 565 -1
0.1 566 136 -1
0.1 132 567 -1
0.1 138 139 -1
0.1 137 569 -1
0.1 568 570 -1
0.1 564 571 -1
0.1 513 572 -1
0.1 142 143 -1
0.1 145 146 -1
0.1 144 575 -1
0.1 147 148 -1
0.1 576 577 -1
0.1 574 578 -1
0.1 141 579 -1
0.1 149 150 -1
0.1 152 153 -1
0.1 156 157 -1
0.1 155 583 -1
0.1 154 584 -1
0.1 158 159 -1
0.1 586 160 -1
0.1 585 587 -1
0.1 582 588 -1
0.1 151 589 -1
0.1 581 590 -1
0.1 591 161 -1
0.1 580 592 -1
0.1 140 593 -1
0.1 162 163 -1
0.1 165 166 -1
0.1 164 596 -1
0.1 169 170 -1
0.1 168 598 -1
0.1 167 599 -1
0.1 597 600 -1
0.1 595 601 -1
0.1 172 173 -1
0.1 171 603 -1
0.1 178 179 -1
0.1 177 605 -1
0.1 176 606 -1
0.1 175 607 -1
0.1 174 608 -1
0.1 604 609 -1
0.1 180 181 -1
0.1 610 611 -1
0.1 602 612 -1
0.1 594 613 -1
0.1 614 182 -1
0.1 573 615 -1
0.1 184 185 -1
0.1 183 617 -1
0.1 618 186 -1
0.1 619 187 -1
0.1 189 190 -1
0.1 188 621 -1
0.1 620 622 -1
0.1 616 623 -1
0.1 77 624 -1
0.1 625 191 -1
0.1 512 626 -1
0.1 193 194 -1
0.1 628 195 -1
0.1 192 629 -1
0.1 196 197 -1
0.1 630 631 -1
0.1 198 199 -1
0.1 633 200 -1
0.1 632 634 -1
0.1 627 635 -1
0.1 447 636 -1
0.1 8 637 -1
0.1 446 638 -1
0.1 639 201 -1
0.1 204 205 -1
0.1 203 641 -1
0.1 210 211 -1
0.1 643 212 -1
0.1 213 214 -1
0.1 216 217 -1
0.1 215 646 -1
0.1 645 647 -1
0.1 648 218 -1
0.1 644 649 -1
0.1 221 222 -1
0.1 220 651 -1
0.1 224 225 -1
0.1 223 653 -1
0.1 652 654 -1
0.1 219 655 -1
0.1 229 230 -1
0.1 232 233 -1
0.1 231 658 -1
0.1 657 659 -1
0.1 236 237 -1
0.1 238 239 -1
0.1 661 662 -1
0.1 663 240 -1
0.1 235 664 -1
0.1 242 243 -1
0.1 241 666 -1
0.1 245 246 -1
0.1 244 668 -1
0.1 247 248 -1
0.1 669 670 -1
0.1 667 671 -1
0.1 665 672 -1
0.1 234 673 -1
0.1 660 674 -1
0.1 250 251 -1
0.1 254 255 -1
0.1 253 677 -1
0.1 252 678 -1
0.1 676 679 -1
0.1 249 680 -1
0.1 681 256 -1
0.1 260 261 -1
0.1 259 683 -1
0.1 258 684 -1
0.1 257 685 -1
0.1 682 686 -1
0.1 262 263 -1
0.1 264 265 -1
0.1 688 689 -1
0.1 687 690 -1
0.1 267 268 -1
0.1 266 692 -1
0.1 691 693 -1
0.1 675 694 -1
0.1 695 269 -1
0.1 228 696 -1
0.1 227 697 -1
0.1 226 698 -1
0.1 656 699 -1
0.1 650 700 -1
0.1 209 701 -1
0.1 208 702 -1
0.1 207 703 -1
0.1 206 704 -1
0.1 642 705 -1
0.1 202 706 -1
0.1 270 271 -1
0.1 272 273 -1
0.1 274 275 -1
0.1 709 710 -1
0.1 277 278 -1
0.1 280 281 -1
0.1 279 713 -1
0.1 712 714 -1
0.1 276 715 -1
0.1 282 283 -1
0.1 716 717 -1
0.1 711 718 -1
0.1 285 286 -1
0.1 287 288 -1
0.1 721 289 -1
0.1 292 293 -1
0.1 723 294 -1
0.1 291 724 -1
0.1 290 725 -1
0.1 295 296 -1
0.1 727 297 -1
0.1 299 300 -1
0.1 729 301 -1
0.1 298 730 -1
0.1 303 304 -1
0.1 302 732 -1
0.1 731 733 -1
0.1 734 305 -1
0.1 728 735 -1
0.1 726 736 -1
0.1 722 737 -1
0.1 738 306 -1
0.1 720 739 -1
0.1 284 740 -1
0.1 309 310 -1
0.1 308 742 -1
0.1 307 743 -1
0.1 741 744 -1
0.1 719 745 -1
0.1 708 746 -1
0.1 312 313 -1
0.1 315 316 -1
0.1 317 318 -1
0.1 749 750 -1
0.1 320 321 -1
0.1 319 752 -1
0.1 751 753 -1
0.1 314 754 -1
0.1 322 323 -1
0.1 755 756 -1
0.1 324 325 -1
0.1 327 328 -1
0.1 759 329 -1
0.1 326 760 -1
0.1 758 761 -1
0.1 757 762 -1
0.1 330 331 -1
0.1 763 764 -1
0.1 748 765 -1
0.1 311 766 -1
0.1 336 337 -1
0.1 335 768 -1
0.1 334 769 -1
0.1 333 770 -1
0.1 332 771 -1
0.1 338 339 -1
0.1 340 341 -1
0.1 773 774 -1
0.1 342 343 -1
0.1 345 346 -1
0.1 777 347 -1
0.1 344 778 -1
0.1 779 348 -1
0.1 350 351 -1
0.1 349 781 -1
0.1 780 782 -1
0.1 776 783 -1
0.1 775 784 -1
0.1 772 785 -1
0.1 786 352 -1
0.1 787 353 -1
0.1 788 354 -1
0.1 355 356 -1
0.1 789 790 -1
0.1 357 358 -1
0.1 791 792 -1
0.1 767 793 -1
0.1 747 794 -1
0.1 360 361 -1
0.1 359 796 -1
0.1 363 364 -1
0.1 362 798 -1
0.1 797 799 -1
0.1 371 372 -1
0.1 370 801 -1
0.1 369 802 -1
0.1 368 803 -1
0.1 367 804 -1
0.1 366 805 -1
0.1 365 806 -1
0.1 807 373 -1
0.1 374 375 -1
0.1 809 376 -1
0.1 377 378 -1
0.1 810 811 -1
0.1 808 812 -1
0.1 380 381 -1
0.1 379 814 -1
0.1 382 383 -1
0.1 384 385 -1
0.1 817 386 -1
0.1 387 388 -1
0.1 819 389 -1
0.1 390 391 -1
0.1 392 393 -1
0.1 821 822 -1
0.1 820 823 -1
0.1 818 824 -1
0.1 395 396 -1
0.1 394 826 -1
0.1 825 827 -1
0.1 397 398 -1
0.1 399 400 -1
0.1 830 401 -1
0.1 405 406 -1
0.1 404 832 -1
0.1 410 411 -1
0.1 409 834 -1
0.1 408 835 -1
0.1 407 836 -1
0.1 412 413 -1
0.1 415 416 -1
0.1 414 839 -1
0.1 838 840 -1
0.1 837 841 -1
0.1 417 418 -1
0.1 843 419 -1
0.1 420 421 -1
0.1 422 423 -1
0.1 845 846 -1
0.1 844 847 -1
0.1 842 848 -1
0.1 833 849 -1
0.1 403 850 -1
0.1 402 851 -1
0.1 831 852 -1
0.1 829 853 -1
0.1 828 854 -1
0.1 424 425 -1
0.1 855 856 -1
0.1 816 857 -1
0.1 815 858 -1
0.1 813 859 -1
0.1 426 427 -1
0.1 429 430 -1
0.1 428 862 -1
0.1 432 433 -1
0.1 431 864 -1
0.1 863 865 -1
0.1 861 866 -1
0.1 434 435 -1
0.1 437 438 -1
0.1 436 869 -1
0.1 868 870 -1
0.1 867 871 -1
0.1 860 872 -1
0.1 873 439 -1
0.1 800 874 -1
0.1 795 875 -1
0.1 876 440 -1
0.1 707 877 -1
0.1 640 878 -1
