1 0 0 1
1 0 0 1
1 0 0 1
1 0 0 1
1 0 0 1
1 0 0 1
1 0 0 1
1 0 0 1
1 0 0 1
1 0 0 1
1 0 0 2
1 0 0 2
1 0 0 2
1 0 0 3
1 0 0 3
1 0 0 4
1 0 0 5
1 0 0 5
1 0 0 5
1 0 0 5
1 0 0 5
1 0 0 5
1 0 0 5
1 0 0 5
1 0 0 5
1 0 0 5
1 0 0 6
1 0 0 6
1 0 0 6
1 0 0 6
1 0 0 6
1 0 0 6
1 0 0 6
1 0 0 6
1 0 0 6
1 0 0 6
1 0 0 2
1 0 0 2
1 0 0 2
1 0 0 2
1 0 0 2
1 0 0 7
1 0 0 7
1 0 0 7
1 0 0 7
1 0 0 7
1 0 0 7
1 0 0 7
1 0 0 7
1 0 0 7
1 0 0 7
1 0 0 8
1 0 0 8
1 0 0 8
1 0 0 8
1 0 0 2
1 0 0 8
1 0 0 8
1 0 0 8
1 0 0 8
1 0 0 8
1 0 0 8
1 0 0 9
1 0 0 9
1 0 0 9
1 0 0 9
1 0 0 9
1 0 0 9
1 0 0 9
1 0 0 9
1 0 0 9
1 0 0 9
1 0 0 3
1 0 0 3
1 0 0 3
1 0 0 3
1 0 0 10
1 0 0 10
1 0 0 10
1 0 0 10
1 0 0 10
1 0 0 10
1 0 0 10
1 0 0 4
1 0 0 11
1 0 0 11
1 0 0 11
1 0 0 11
1 0 0 11
1 0 0 11
1 0 0 11
1 0 0 11
1 0 0 3
1 0 0 3
1 0 0 3
1 0 0 3
1 0 0 12
1 0 0 12
1 0 0 12
1 0 0 12
1 0 0 12
1 0 0 12
1 0 0 12
1 0 0 10
1 0 0 10
1 0 0 10
1 0 0 12
1 0 0 12
1 0 0 12
1 0 0 11
1 0 0 2
1 0 0 13
1 0 0 13
1 0 0 13
1 0 0 13
1 0 0 13
1 0 0 13
1 0 0 13
1 0 0 13
1 0 0 13
1 0 0 13
1 0 0 11
1 0 0 4
1 0 0 4
1 0 0 4
1 0 0 4
1 0 0 4
1 0 0 4
1 0 0 4
1 0 0 4
0.1 1 2 -1
0.1 6 7 -1
0.1 5 132 -1
0.1 8 9 -1
0.1 133 134 -1
0.1 4 135 -1
0.1 3 136 -1
0.1 131 137 -1
0.1 12 13 -1
0.1 11 139 -1
0.1 10 140 -1
0.1 138 141 -1
0.1 18 19 -1
0.1 17 143 -1
0.1 21 22 -1
0.1 145 23 -1
0.1 20 146 -1
0.1 147 24 -1
0.1 25 26 -1
0.1 148 149 -1
0.1 144 150 -1
0.1 16 151 -1
0.1 30 31 -1
0.1 153 32 -1
0.1 29 154 -1
0.1 28 155 -1
0.1 156 33 -1
0.1 34 35 -1
0.1 158 36 -1
0.1 157 159 -1
0.1 27 160 -1
0.1 39 40 -1
0.1 38 162 -1
0.1 37 163 -1
0.1 42 43 -1
0.1 47 48 -1
0.1 46 166 -1
0.1 45 167 -1
0.1 44 168 -1
0.1 50 51 -1
0.1 49 170 -1
0.1 169 171 -1
0.1 165 172 -1
0.1 41 173 -1
0.1 164 174 -1
0.1 54 55 -1
0.1 53 176 -1
0.1 52 177 -1
0.1 57 58 -1
0.1 60 61 -1
0.1 59 180 -1
0.1 181 62 -1
0.1 179 182 -1
0.1 56 183 -1
0.1 64 65 -1
0.1 67 68 -1
0.1 66 186 -1
0.1 185 187 -1
0.1 188 69 -1
0.1 71 72 -1
0.1 70 190 -1
0.1 189 191 -1
0.1 63 192 -1
0.1 184 193 -1
0.1 178 194 -1
0.1 175 195 -1
0.1 161 196 -1
0.1 152 197 -1
0.1 15 198 -1
0.1 14 199 -1
0.1 200 73 -1
0.1 142 201 -1
0.1 75 76 -1
0.1 79 80 -1
0.1 81 82 -1
0.1 204 205 -1
0.1 78 206 -1
0.1 77 207 -1
0.1 208 83 -1
0.1 86 87 -1
0.1 85 210 -1
0.1 90 91 -1
0.1 89 212 -1
0.1 88 213 -1
0.1 214 92 -1
0.1 211 215 -1
0.1 84 216 -1
0.1 209 217 -1
0.1 203 218 -1
0.1 74 219 -1
0.1 220 93 -1
0.1 94 95 -1
0.1 222 96 -1
0.1 98 99 -1
0.1 100 101 -1
0.1 224 225 -1
0.1 226 102 -1
0.1 227 103 -1
0.1 97 228 -1
0.1 105 106 -1
0.1 104 230 -1
0.1 108 109 -1
0.1 107 232 -1
0.1 231 233 -1
0.1 229 234 -1
0.1 223 235 -1
0.1 115 116 -1
0.1 237 117 -1
0.1 114 238 -1
0.1 118 119 -1
0.1 239 240 -1
0.1 113 241 -1
0.1 120 121 -1
0.1 242 243 -1
0.1 112 244 -1
0.1 111 245 -1
0.1 122 123 -1
0.1 124 125 -1
0.1 247 248 -1
0.1 128 129 -1
0.1 250 130 -1
0.1 127 251 -1
0.1 126 252 -1
0.1 249 253 -1
0.1 246 254 -1
0.1 110 255 -1
0.1 236 256 -1
0.1 221 257 -1
0.1 202 258 -1
