1 0 0 1
1 0 0 1
1 0 0 2
1 0 0 2
1 0 0 2
1 0 0 2
1 0 0 2
1 0 0 2
1 0 0 2
1 0 0 2
1 0 0 2
1 0 0 3
1 0 0 3
1 0 0 3
1 0 0 3
1 0 0 3
1 0 0 3
1 0 0 3
1 0 0 3
1 0 0 3
1 0 0 1
1 0 0 1
1 0 0 1
1 0 0 4
1 0 0 4
1 0 0 4
1 0 0 4
1 0 0 5
1 0 0 5
1 0 0 5
1 0 0 5
1 0 0 5
1 0 0 5
1 0 0 5
1 0 0 5
1 0 0 5
1 0 0 5
1 0 0 4
1 0 0 6
1 0 0 6
1 0 0 6
1 0 0 6
1 0 0 6
1 0 0 6
1 0 0 6
1 0 0 6
1 0 0 6
1 0 0 6
1 0 0 7
1 0 0 7
1 0 0 7
1 0 0 7
1 0 0 7
1 0 0 7
1 0 0 7
1 0 0 7
1 0 0 7
1 0 0 7
1 0 0 4
1 0 0 8
1 0 0 8
1 0 0 8
1 0 0 8
1 0 0 8
1 0 0 8
1 0 0 8
1 0 0 8
1 0 0 8
1 0 0 8
1 0 0 3
1 0 0 9
1 0 0 10
1 0 0 1
1 0 0 1
1 0 0 1
1 0 0 4
1 0 0 11
1 0 0 11
1 0 0 11
1 0 0 11
1 0 0 11
1 0 0 11
1 0 0 11
1 0 0 11
1 0 0 11
1 0 0 11
1 0 0 4
1 0 0 4
1 0 0 4
1 0 0 9
1 0 0 9
1 0 0 9
1 0 0 9
1 0 0 9
1 0 0 9
1 0 0 9
1 0 0 9
1 0 0 10
1 0 0 10
1 0 0 10
1 0 0 12
1 0 0 2
1 0 0 9
1 0 0 10
1 0 0 10
1 0 0 10
1 0 0 10
1 0 0 10
1 0 0 10
1 0 0 12
1 0 0 12
1 0 0 12
1 0 0 12
1 0 0 12
1 0 0 12
1 0 0 12
1 0 0 12
1 0 0 12
1 0 0 13
1 0 0 13
1 0 0 13
1 0 0 13
1 0 0 13
1 0 0 13
1 0 0 13
1 0 0 13
1 0 0 13
1 0 0 13
1 0 0 1
1 0 0 1
0.1 1 2 -1
0.1 5 6 -1
0.1 4 132 -1
0.1 7 8 -1
0.1 133 134 -1
0.1 3 135 -1
0.1 9 10 -1
0.1 137 11 -1
0.1 136 138 -1
0.1 15 16 -1
0.1 14 140 -1
0.1 13 141 -1
0.1 142 17 -1
0.1 19 20 -1
0.1 18 144 -1
0.1 143 145 -1
0.1 12 146 -1
0.1 147 21 -1
0.1 148 22 -1
0.1 139 149 -1
0.1 131 150 -1
0.1 25 26 -1
0.1 152 27 -1
0.1 24 153 -1
0.1 29 30 -1
0.1 155 31 -1
0.1 28 156 -1
0.1 34 35 -1
0.1 158 36 -1
0.1 33 159 -1
0.1 32 160 -1
0.1 161 37 -1
0.1 157 162 -1
0.1 39 40 -1
0.1 42 43 -1
0.1 41 165 -1
0.1 44 45 -1
0.1 166 167 -1
0.1 168 46 -1
0.1 47 48 -1
0.1 169 170 -1
0.1 164 171 -1
0.1 52 53 -1
0.1 55 56 -1
0.1 54 174 -1
0.1 173 175 -1
0.1 51 176 -1
0.1 50 177 -1
0.1 49 178 -1
0.1 57 58 -1
0.1 179 180 -1
0.1 172 181 -1
0.1 38 182 -1
0.1 163 183 -1
0.1 184 59 -1
0.1 61 62 -1
0.1 63 64 -1
0.1 186 187 -1
0.1 60 188 -1
0.1 189 65 -1
0.1 66 67 -1
0.1 190 191 -1
0.1 68 69 -1
0.1 192 193 -1
0.1 185 194 -1
0.1 154 195 -1
0.1 23 196 -1
0.1 70 71 -1
0.1 198 72 -1
0.1 197 199 -1
0.1 151 200 -1
0.1 73 74 -1
0.1 78 79 -1
0.1 77 203 -1
0.1 80 81 -1
0.1 205 82 -1
0.1 206 83 -1
0.1 204 207 -1
0.1 85 86 -1
0.1 84 209 -1
0.1 208 210 -1
0.1 76 211 -1
0.1 88 89 -1
0.1 87 213 -1
0.1 212 214 -1
0.1 91 92 -1
0.1 94 95 -1
0.1 93 217 -1
0.1 216 218 -1
0.1 90 219 -1
0.1 96 97 -1
0.1 220 221 -1
0.1 215 222 -1
0.1 75 223 -1
0.1 202 224 -1
0.1 99 100 -1
0.1 98 226 -1
0.1 101 102 -1
0.1 108 109 -1
0.1 107 229 -1
0.1 106 230 -1
0.1 105 231 -1
0.1 104 232 -1
0.1 111 112 -1
0.1 234 113 -1
0.1 116 117 -1
0.1 115 236 -1
0.1 237 118 -1
0.1 114 238 -1
0.1 235 239 -1
0.1 110 240 -1
0.1 233 241 -1
0.1 103 242 -1
0.1 228 243 -1
0.1 120 121 -1
0.1 119 245 -1
0.1 123 124 -1
0.1 122 247 -1
0.1 246 248 -1
0.1 125 126 -1
0.1 127 128 -1
0.1 250 251 -1
0.1 249 252 -1
0.1 244 253 -1
0.1 227 254 -1
0.1 129 130 -1
0.1 255 256 -1
0.1 225 257 -1
0.1 201 258 -1
