1 0 0 1
1 0 0 1
1 0 0 1
1 0 0 1
1 0 0 1
1 0 0 1
1 0 0 1
1 0 0 1
1 0 0 1
1 0 0 1
1 0 0 2
1 0 0 2
1 0 0 2
1 0 0 2
1 0 0 2
1 0 0 2
1 0 0 2
1 0 0 2
1 0 0 2
1 0 0 2
1 0 0 3
1 0 0 3
1 0 0 3
1 0 0 3
1 0 0 4
1 0 0 4
1 0 0 4
1 0 0 4
1 0 0 4
1 0 0 4
1 0 0 4
1 0 0 4
1 0 0 4
1 0 0 5
1 0 0 5
1 0 0 5
1 0 0 5
1 0 0 5
1 0 0 5
1 0 0 5
1 0 0 5
1 0 0 5
1 0 0 5
1 0 0 4
1 0 0 3
1 0 0 3
1 0 0 3
1 0 0 3
1 0 0 3
1 0 0 3
1 0 0 6
1 0 0 6
1 0 0 6
1 0 0 6
1 0 0 6
1 0 0 6
1 0 0 6
1 0 0 6
1 0 0 6
1 0 0 6
1 0 0 7
1 0 0 8
1 0 0 8
1 0 0 8
1 0 0 8
1 0 0 8
1 0 0 8
1 0 0 8
1 0 0 8
1 0 0 8
1 0 0 8
1 0 0 9
1 0 0 9
1 0 0 9
1 0 0 9
1 0 0 9
1 0 0 9
1 0 0 9
1 0 0 9
1 0 0 9
1 0 0 9
1 0 0 10
1 0 0 10
1 0 0 10
1 0 0 10
1 0 0 10
1 0 0 10
1 0 0 10
1 0 0 10
1 0 0 10
1 0 0 10
1 0 0 11
1 0 0 11
1 0 0 11
1 0 0 11
1 0 0 11
1 0 0 11
1 0 0 11
1 0 0 11
1 0 0 11
1 0 0 11
1 0 0 12
1 0 0 12
1 0 0 12
1 0 0 12
1 0 0 12
1 0 0 12
1 0 0 12
1 0 0 12
1 0 0 12
1 0 0 12
1 0 0 7
1 0 0 7
1 0 0 7
1 0 0 7
1 0 0 7
1 0 0 13
1 0 0 13
1 0 0 13
1 0 0 13
1 0 0 13
1 0 0 13
1 0 0 13
1 0 0 13
1 0 0 13
1 0 0 13
1 0 0 7
1 0 0 14
1 0 0 14
1 0 0 14
1 0 0 14
1 0 0 14
1 0 0 14
1 0 0 14
1 0 0 14
1 0 0 14
1 0 0 14
1 0 0 7
1 0 0 7
1 0 0 7
1 0 0 15
1 0 0 15
1 0 0 15
1 0 0 15
1 0 0 15
1 0 0 15
1 0 0 15
1 0 0 15
1 0 0 15
1 0 0 15
1 0 0 16
1 0 0 16
1 0 0 16
1 0 0 16
1 0 0 16
1 0 0 16
1 0 0 16
1 0 0 16
1 0 0 16
1 0 0 16
1 0 0 17
1 0 0 17
1 0 0 17
1 0 0 17
1 0 0 17
1 0 0 17
1 0 0 17
1 0 0 17
1 0 0 17
1 0 0 17
1 0 0 18
1 0 0 19
1 0 0 20
1 0 0 20
1 0 0 20
1 0 0 20
1 0 0 20
1 0 0 20
1 0 0 20
1 0 0 20
1 0 0 20
1 0 0 20
1 0 0 19
1 0 0 19
1 0 0 19
1 0 0 19
1 0 0 19
1 0 0 19
1 0 0 19
1 0 0 19
1 0 0 19
1 0 0 21
1 0 0 21
1 0 0 21
1 0 0 21
1 0 0 21
1 0 0 21
1 0 0 21
1 0 0 21
1 0 0 21
1 0 0 21
1 0 0 18
1 0 0 18
1 0 0 18
1 0 0 18
1 0 0 18
1 0 0 18
1 0 0 18
1 0 0 18
1 0 0 18
0.1 1 2 -1
0.1 5 6 -1
0.1 4 212 -1
0.1 213 7 -1
0.1 3 214 -1
0.1 8 9 -1
0.1 216 10 -1
0.1 215 217 -1
0.1 211 218 -1
0.1 12 13 -1
0.1 11 220 -1
0.1 14 15 -1
0.1 221 222 -1
0.1 16 17 -1
0.1 19 20 -1
0.1 18 225 -1
0.1 224 226 -1
0.1 223 227 -1
0.1 22 23 -1
0.1 21 229 -1
0.1 25 26 -1
0.1 29 30 -1
0.1 28 232 -1
0.1 27 233 -1
0.1 32 33 -1
0.1 34 35 -1
0.1 38 39 -1
0.1 37 237 -1
0.1 42 43 -1
0.1 41 239 -1
0.1 40 240 -1
0.1 238 241 -1
0.1 36 242 -1
0.1 236 243 -1
0.1 235 244 -1
0.1 245 44 -1
0.1 31 246 -1
0.1 234 247 -1
0.1 231 248 -1
0.1 24 249 -1
0.1 250 45 -1
0.1 47 48 -1
0.1 46 252 -1
0.1 251 253 -1
0.1 230 254 -1
0.1 228 255 -1
0.1 49 50 -1
0.1 52 53 -1
0.1 55 56 -1
0.1 54 259 -1
0.1 260 57 -1
0.1 58 59 -1
0.1 262 60 -1
0.1 261 263 -1
0.1 258 264 -1
0.1 51 265 -1
0.1 257 266 -1
0.1 256 267 -1
0.1 64 65 -1
0.1 63 269 -1
0.1 62 270 -1
0.1 69 70 -1
0.1 68 272 -1
0.1 67 273 -1
0.1 66 274 -1
0.1 275 71 -1
0.1 271 276 -1
0.1 74 75 -1
0.1 73 278 -1
0.1 78 79 -1
0.1 77 280 -1
0.1 76 281 -1
0.1 279 282 -1
0.1 83 84 -1
0.1 284 85 -1
0.1 86 87 -1
0.1 285 286 -1
0.1 82 287 -1
0.1 88 89 -1
0.1 90 91 -1
0.1 289 290 -1
0.1 288 291 -1
0.1 81 292 -1
0.1 92 93 -1
0.1 95 96 -1
0.1 100 101 -1
0.1 99 296 -1
0.1 98 297 -1
0.1 97 298 -1
0.1 295 299 -1
0.1 94 300 -1
0.1 294 301 -1
0.1 293 302 -1
0.1 80 303 -1
0.1 283 304 -1
0.1 72 305 -1
0.1 277 306 -1
0.1 61 307 -1
0.1 103 104 -1
0.1 105 106 -1
0.1 310 107 -1
0.1 309 311 -1
0.1 102 312 -1
0.1 108 109 -1
0.1 110 111 -1
0.1 314 315 -1
0.1 313 316 -1
0.1 308 317 -1
0.1 112 113 -1
0.1 318 319 -1
0.1 115 116 -1
0.1 114 321 -1
0.1 320 322 -1
0.1 268 323 -1
0.1 118 119 -1
0.1 117 325 -1
0.1 120 121 -1
0.1 326 327 -1
0.1 123 124 -1
0.1 125 126 -1
0.1 329 330 -1
0.1 122 331 -1
0.1 328 332 -1
0.1 129 130 -1
0.1 131 132 -1
0.1 133 134 -1
0.1 335 336 -1
0.1 334 337 -1
0.1 135 136 -1
0.1 339 137 -1
0.1 338 340 -1
0.1 128 341 -1
0.1 139 140 -1
0.1 142 143 -1
0.1 141 344 -1
0.1 145 146 -1
0.1 144 346 -1
0.1 347 147 -1
0.1 345 348 -1
0.1 149 150 -1
0.1 148 350 -1
0.1 349 351 -1
0.1 343 352 -1
0.1 138 353 -1
0.1 342 354 -1
0.1 127 355 -1
0.1 333 356 -1
0.1 324 357 -1
0.1 219 358 -1
0.1 152 153 -1
0.1 360 154 -1
0.1 151 361 -1
0.1 156 157 -1
0.1 155 363 -1
0.1 158 159 -1
0.1 364 365 -1
0.1 366 160 -1
0.1 362 367 -1
0.1 161 162 -1
0.1 165 166 -1
0.1 164 370 -1
0.1 163 371 -1
0.1 369 372 -1
0.1 167 168 -1
0.1 373 374 -1
0.1 169 170 -1
0.1 375 376 -1
0.1 368 377 -1
0.1 174 175 -1
0.1 177 178 -1
0.1 176 380 -1
0.1 379 381 -1
0.1 179 180 -1
0.1 382 383 -1
0.1 384 181 -1
0.1 385 182 -1
0.1 173 386 -1
0.1 172 387 -1
0.1 184 185 -1
0.1 183 389 -1
0.1 390 186 -1
0.1 388 391 -1
0.1 189 190 -1
0.1 188 393 -1
0.1 394 191 -1
0.1 187 395 -1
0.1 392 396 -1
0.1 171 397 -1
0.1 194 195 -1
0.1 193 399 -1
0.1 198 199 -1
0.1 197 401 -1
0.1 196 402 -1
0.1 403 200 -1
0.1 400 404 -1
0.1 405 201 -1
0.1 192 406 -1
0.1 203 204 -1
0.1 408 205 -1
0.1 206 207 -1
0.1 410 208 -1
0.1 409 411 -1
0.1 209 210 -1
0.1 412 413 -1
0.1 202 414 -1
0.1 407 415 -1
0.1 398 416 -1
0.1 378 417 -1
0.1 359 418 -1
