1 0 0 1
1 0 0 1
1 0 0 1
1 0 0 1
1 0 0 1
1 0 0 1
1 0 0 1
1 0 0 1
1 0 0 1
1 0 0 1
1 0 0 2
1 0 0 2
1 0 0 2
1 0 0 2
1 0 0 2
1 0 0 2
1 0 0 2
1 0 0 2
1 0 0 2
1 0 0 2
1 0 0 3
1 0 0 3
1 0 0 3
1 0 0 3
1 0 0 3
1 0 0 3
1 0 0 3
1 0 0 4
1 0 0 4
1 0 0 4
1 0 0 4
1 0 0 4
1 0 0 4
1 0 0 4
1 0 0 4
1 0 0 4
1 0 0 4
1 0 0 3
1 0 0 5
1 0 0 5
1 0 0 5
1 0 0 5
1 0 0 5
1 0 0 5
1 0 0 5
1 0 0 5
1 0 0 5
1 0 0 5
1 0 0 6
1 0 0 6
1 0 0 6
1 0 0 6
1 0 0 6
1 0 0 6
1 0 0 6
1 0 0 6
1 0 0 6
1 0 0 7
1 0 0 7
1 0 0 7
1 0 0 7
1 0 0 7
1 0 0 7
1 0 0 7
1 0 0 7
1 0 0 7
1 0 0 7
1 0 0 6
1 0 0 8
1 0 0 8
1 0 0 8
1 0 0 8
1 0 0 8
1 0 0 8
1 0 0 8
1 0 0 8
1 0 0 8
1 0 0 8
1 0 0 3
1 0 0 3
1 0 0 9
1 0 0 9
1 0 0 9
1 0 0 9
1 0 0 9
1 0 0 9
1 0 0 9
1 0 0 9
1 0 0 9
1 0 0 9
1 0 0 10
1 0 0 10
1 0 0 10
1 0 0 10
1 0 0 10
1 0 0 10
1 0 0 10
1 0 0 10
1 0 0 10
1 0 0 10
1 0 0 11
1 0 0 11
1 0 0 11
1 0 0 11
1 0 0 11
1 0 0 11
1 0 0 11
1 0 0 12
1 0 0 12
1 0 0 12
1 0 0 12
1 0 0 12
1 0 0 12
1 0 0 13
1 0 0 13
1 0 0 13
1 0 0 13
1 0 0 13
1 0 0 13
1 0 0 13
1 0 0 13
1 0 0 13
1 0 0 13
1 0 0 12
1 0 0 12
1 0 0 12
1 0 0 12
1 0 0 11
1 0 0 11
1 0 0 11
1 0 0 14
1 0 0 14
1 0 0 14
1 0 0 14
1 0 0 14
1 0 0 14
1 0 0 14
1 0 0 14
1 0 0 14
1 0 0 14
1 0 0 15
1 0 0 15
1 0 0 15
1 0 0 15
1 0 0 15
1 0 0 15
1 0 0 15
1 0 0 15
1 0 0 15
1 0 0 15
1 0 0 16
1 0 0 16
1 0 0 16
1 0 0 16
1 0 0 16
1 0 0 16
1 0 0 16
1 0 0 16
1 0 0 16
1 0 0 16
1 0 0 17
1 0 0 17
1 0 0 17
1 0 0 17
1 0 0 17
1 0 0 17
1 0 0 17
1 0 0 17
1 0 0 17
1 0 0 17
1 0 0 18
1 0 0 18
1 0 0 18
1 0 0 18
1 0 0 18
1 0 0 18
1 0 0 18
1 0 0 18
1 0 0 18
1 0 0 18
1 0 0 19
1 0 0 20
1 0 0 20
1 0 0 20
1 0 0 20
1 0 0 20
1 0 0 20
1 0 0 20
1 0 0 20
1 0 0 20
1 0 0 20
1 0 0 19
1 0 0 19
1 0 0 19
1 0 0 19
1 0 0 19
1 0 0 19
1 0 0 19
1 0 0 19
1 0 0 19
1 0 0 21
1 0 0 21
1 0 0 21
1 0 0 21
1 0 0 21
1 0 0 21
1 0 0 21
1 0 0 21
1 0 0 21
1 0 0 21
0.1 1 2 -1
0.1 3 4 -1
0.1 5 6 -1
0.1 213 7 -1
0.1 9 10 -1
0.1 8 215 -1
0.1 214 216 -1
0.1 212 217 -1
0.1 211 218 -1
0.1 11 12 -1
0.1 220 13 -1
0.1 15 16 -1
0.1 14 222 -1
0.1 221 223 -1
0.1 17 18 -1
0.1 19 20 -1
0.1 225 226 -1
0.1 224 227 -1
0.1 219 228 -1
0.1 21 22 -1
0.1 24 25 -1
0.1 231 26 -1
0.1 23 232 -1
0.1 30 31 -1
0.1 34 35 -1
0.1 33 235 -1
0.1 236 36 -1
0.1 237 37 -1
0.1 32 238 -1
0.1 234 239 -1
0.1 29 240 -1
0.1 28 241 -1
0.1 41 42 -1
0.1 243 43 -1
0.1 40 244 -1
0.1 245 44 -1
0.1 39 246 -1
0.1 46 47 -1
0.1 248 48 -1
0.1 45 249 -1
0.1 247 250 -1
0.1 51 52 -1
0.1 252 53 -1
0.1 253 54 -1
0.1 56 57 -1
0.1 55 255 -1
0.1 254 256 -1
0.1 50 257 -1
0.1 58 59 -1
0.1 259 60 -1
0.1 62 63 -1
0.1 61 261 -1
0.1 64 65 -1
0.1 262 263 -1
0.1 260 264 -1
0.1 66 67 -1
0.1 265 266 -1
0.1 70 71 -1
0.1 268 72 -1
0.1 69 269 -1
0.1 74 75 -1
0.1 77 78 -1
0.1 76 272 -1
0.1 271 273 -1
0.1 73 274 -1
0.1 270 275 -1
0.1 68 276 -1
0.1 267 277 -1
0.1 258 278 -1
0.1 49 279 -1
0.1 251 280 -1
0.1 38 281 -1
0.1 242 282 -1
0.1 27 283 -1
0.1 233 284 -1
0.1 230 285 -1
0.1 286 79 -1
0.1 82 83 -1
0.1 84 85 -1
0.1 86 87 -1
0.1 289 290 -1
0.1 288 291 -1
0.1 89 90 -1
0.1 88 293 -1
0.1 292 294 -1
0.1 81 295 -1
0.1 91 92 -1
0.1 94 95 -1
0.1 93 298 -1
0.1 297 299 -1
0.1 97 98 -1
0.1 96 301 -1
0.1 99 100 -1
0.1 302 303 -1
0.1 300 304 -1
0.1 102 103 -1
0.1 101 306 -1
0.1 104 105 -1
0.1 308 106 -1
0.1 109 110 -1
0.1 310 111 -1
0.1 108 311 -1
0.1 112 113 -1
0.1 116 117 -1
0.1 115 314 -1
0.1 114 315 -1
0.1 118 119 -1
0.1 317 120 -1
0.1 316 318 -1
0.1 319 121 -1
0.1 122 123 -1
0.1 320 321 -1
0.1 124 125 -1
0.1 322 323 -1
0.1 313 324 -1
0.1 312 325 -1
0.1 126 127 -1
0.1 326 327 -1
0.1 328 128 -1
0.1 107 329 -1
0.1 309 330 -1
0.1 307 331 -1
0.1 129 130 -1
0.1 132 133 -1
0.1 134 135 -1
0.1 334 335 -1
0.1 137 138 -1
0.1 136 337 -1
0.1 139 140 -1
0.1 338 339 -1
0.1 336 340 -1
0.1 131 341 -1
0.1 333 342 -1
0.1 332 343 -1
0.1 305 344 -1
0.1 142 143 -1
0.1 141 346 -1
0.1 146 147 -1
0.1 145 348 -1
0.1 144 349 -1
0.1 148 149 -1
0.1 351 150 -1
0.1 350 352 -1
0.1 347 353 -1
0.1 151 152 -1
0.1 154 155 -1
0.1 153 356 -1
0.1 355 357 -1
0.1 157 158 -1
0.1 159 160 -1
0.1 359 360 -1
0.1 156 361 -1
0.1 358 362 -1
0.1 354 363 -1
0.1 345 364 -1
0.1 296 365 -1
0.1 80 366 -1
0.1 287 367 -1
0.1 229 368 -1
0.1 162 163 -1
0.1 161 370 -1
0.1 165 166 -1
0.1 164 372 -1
0.1 371 373 -1
0.1 169 170 -1
0.1 168 375 -1
0.1 167 376 -1
0.1 374 377 -1
0.1 171 172 -1
0.1 174 175 -1
0.1 380 176 -1
0.1 173 381 -1
0.1 178 179 -1
0.1 177 383 -1
0.1 384 180 -1
0.1 382 385 -1
0.1 379 386 -1
0.1 378 387 -1
0.1 182 183 -1
0.1 184 185 -1
0.1 187 188 -1
0.1 186 391 -1
0.1 390 392 -1
0.1 393 189 -1
0.1 389 394 -1
0.1 190 191 -1
0.1 395 396 -1
0.1 181 397 -1
0.1 193 194 -1
0.1 192 399 -1
0.1 400 195 -1
0.1 398 401 -1
0.1 388 402 -1
0.1 198 199 -1
0.1 404 200 -1
0.1 197 405 -1
0.1 196 406 -1
0.1 403 407 -1
0.1 203 204 -1
0.1 409 205 -1
0.1 202 410 -1
0.1 411 206 -1
0.1 201 412 -1
0.1 207 208 -1
0.1 413 414 -1
0.1 209 210 -1
0.1 415 416 -1
0.1 408 417 -1
0.1 369 418 -1
