1 0 0 1
1 0 0 1
1 0 0 1
1 0 0 1
1 0 0 1
1 0 0 1
1 0 0 1
1 0 0 1
1 0 0 2
1 0 0 2
1 0 0 2
1 0 0 2
1 0 0 2
1 0 0 2
1 0 0 2
1 0 0 2
1 0 0 2
1 0 0 2
1 0 0 1
1 0 0 1
1 0 0 3
1 0 0 3
1 0 0 3
1 0 0 4
1 0 0 4
1 0 0 4
1 0 0 4
1 0 0 4
1 0 0 4
1 0 0 4
1 0 0 4
1 0 0 5
1 0 0 5
1 0 0 5
1 0 0 5
1 0 0 5
1 0 0 5
1 0 0 5
1 0 0 5
1 0 0 5
1 0 0 5
1 0 0 4
1 0 0 6
1 0 0 6
1 0 0 6
1 0 0 6
1 0 0 6
1 0 0 6
1 0 0 6
1 0 0 6
1 0 0 6
1 0 0 6
1 0 0 4
1 0 0 7
1 0 0 7
1 0 0 7
1 0 0 7
1 0 0 7
1 0 0 7
1 0 0 7
1 0 0 7
1 0 0 7
1 0 0 7
1 0 0 8
1 0 0 8
1 0 0 8
1 0 0 8
1 0 0 8
1 0 0 8
1 0 0 8
1 0 0 8
1 0 0 8
1 0 0 8
1 0 0 3
1 0 0 3
1 0 0 3
1 0 0 9
1 0 0 9
1 0 0 10
1 0 0 10
1 0 0 10
1 0 0 10
1 0 0 10
1 0 0 10
1 0 0 10
1 0 0 10
1 0 0 10
1 0 0 10
1 0 0 11
1 0 0 11
1 0 0 11
1 0 0 11
1 0 0 11
1 0 0 11
1 0 0 11
1 0 0 11
1 0 0 11
1 0 0 11
1 0 0 9
1 0 0 9
1 0 0 9
1 0 0 9
1 0 0 9
1 0 0 9
1 0 0 9
1 0 0 9
1 0 0 12
1 0 0 12
1 0 0 12
1 0 0 12
1 0 0 12
1 0 0 12
1 0 0 12
1 0 0 12
1 0 0 12
1 0 0 12
1 0 0 13
1 0 0 13
1 0 0 13
1 0 0 13
1 0 0 13
1 0 0 13
1 0 0 13
1 0 0 13
1 0 0 13
1 0 0 13
1 0 0 14
1 0 0 14
1 0 0 14
1 0 0 14
1 0 0 14
1 0 0 14
1 0 0 14
1 0 0 14
1 0 0 14
1 0 0 14
1 0 0 3
1 0 0 3
1 0 0 3
1 0 0 15
1 0 0 15
1 0 0 15
1 0 0 15
1 0 0 15
1 0 0 15
1 0 0 15
1 0 0 15
1 0 0 15
1 0 0 15
1 0 0 16
1 0 0 16
1 0 0 16
1 0 0 16
1 0 0 16
1 0 0 16
1 0 0 16
1 0 0 16
1 0 0 16
1 0 0 16
1 0 0 3
1 0 0 17
1 0 0 17
1 0 0 17
1 0 0 17
1 0 0 17
1 0 0 17
1 0 0 17
1 0 0 17
1 0 0 17
1 0 0 17
1 0 0 18
1 0 0 18
1 0 0 18
1 0 0 18
1 0 0 18
1 0 0 18
1 0 0 18
1 0 0 18
1 0 0 18
1 0 0 18
1 0 0 19
1 0 0 19
1 0 0 19
1 0 0 19
1 0 0 19
1 0 0 19
1 0 0 19
1 0 0 19
1 0 0 19
1 0 0 19
1 0 0 20
1 0 0 20
1 0 0 20
1 0 0 20
1 0 0 20
1 0 0 20
1 0 0 20
1 0 0 20
1 0 0 20
1 0 0 20
1 0 0 21
1 0 0 21
1 0 0 21
1 0 0 21
1 0 0 21
1 0 0 21
1 0 0 21
1 0 0 21
1 0 0 21
1 0 0 21
0.1 1 2 -1
0.1 5 6 -1
0.1 4 212 -1
0.1 3 213 -1
0.1 7 8 -1
0.1 214 215 -1
0.1 211 216 -1
0.1 11 12 -1
0.1 10 218 -1
0.1 13 14 -1
0.1 219 220 -1
0.1 9 221 -1
0.1 17 18 -1
0.1 16 223 -1
0.1 15 224 -1
0.1 222 225 -1
0.1 217 226 -1
0.1 19 20 -1
0.1 227 228 -1
0.1 21 22 -1
0.1 26 27 -1
0.1 231 28 -1
0.1 25 232 -1
0.1 30 31 -1
0.1 29 234 -1
0.1 233 235 -1
0.1 32 33 -1
0.1 37 38 -1
0.1 238 39 -1
0.1 36 239 -1
0.1 35 240 -1
0.1 40 41 -1
0.1 241 242 -1
0.1 34 243 -1
0.1 237 244 -1
0.1 44 45 -1
0.1 246 46 -1
0.1 47 48 -1
0.1 247 248 -1
0.1 43 249 -1
0.1 51 52 -1
0.1 50 251 -1
0.1 49 252 -1
0.1 250 253 -1
0.1 254 53 -1
0.1 42 255 -1
0.1 245 256 -1
0.1 236 257 -1
0.1 24 258 -1
0.1 57 58 -1
0.1 56 260 -1
0.1 55 261 -1
0.1 262 59 -1
0.1 61 62 -1
0.1 264 63 -1
0.1 60 265 -1
0.1 263 266 -1
0.1 54 267 -1
0.1 259 268 -1
0.1 23 269 -1
0.1 64 65 -1
0.1 271 66 -1
0.1 68 69 -1
0.1 67 273 -1
0.1 272 274 -1
0.1 70 71 -1
0.1 72 73 -1
0.1 276 277 -1
0.1 275 278 -1
0.1 270 279 -1
0.1 230 280 -1
0.1 75 76 -1
0.1 74 282 -1
0.1 281 283 -1
0.1 79 80 -1
0.1 83 84 -1
0.1 82 286 -1
0.1 81 287 -1
0.1 85 86 -1
0.1 87 88 -1
0.1 90 91 -1
0.1 93 94 -1
0.1 92 292 -1
0.1 96 97 -1
0.1 95 294 -1
0.1 295 98 -1
0.1 293 296 -1
0.1 291 297 -1
0.1 89 298 -1
0.1 290 299 -1
0.1 289 300 -1
0.1 288 301 -1
0.1 285 302 -1
0.1 78 303 -1
0.1 77 304 -1
0.1 99 100 -1
0.1 306 101 -1
0.1 305 307 -1
0.1 102 103 -1
0.1 309 104 -1
0.1 308 310 -1
0.1 105 106 -1
0.1 107 108 -1
0.1 110 111 -1
0.1 109 314 -1
0.1 313 315 -1
0.1 112 113 -1
0.1 114 115 -1
0.1 318 116 -1
0.1 317 319 -1
0.1 316 320 -1
0.1 312 321 -1
0.1 311 322 -1
0.1 118 119 -1
0.1 324 120 -1
0.1 121 122 -1
0.1 325 326 -1
0.1 124 125 -1
0.1 328 126 -1
0.1 123 329 -1
0.1 327 330 -1
0.1 117 331 -1
0.1 323 332 -1
0.1 284 333 -1
0.1 128 129 -1
0.1 130 131 -1
0.1 335 336 -1
0.1 127 337 -1
0.1 132 133 -1
0.1 339 134 -1
0.1 135 136 -1
0.1 340 341 -1
0.1 338 342 -1
0.1 334 343 -1
0.1 138 139 -1
0.1 140 141 -1
0.1 346 142 -1
0.1 144 145 -1
0.1 143 348 -1
0.1 349 146 -1
0.1 347 350 -1
0.1 148 149 -1
0.1 147 352 -1
0.1 351 353 -1
0.1 345 354 -1
0.1 137 355 -1
0.1 150 151 -1
0.1 152 153 -1
0.1 357 358 -1
0.1 154 155 -1
0.1 359 360 -1
0.1 157 158 -1
0.1 156 362 -1
0.1 361 363 -1
0.1 364 159 -1
0.1 356 365 -1
0.1 366 160 -1
0.1 344 367 -1
0.1 229 368 -1
0.1 164 165 -1
0.1 163 370 -1
0.1 167 168 -1
0.1 166 372 -1
0.1 169 170 -1
0.1 373 374 -1
0.1 371 375 -1
0.1 162 376 -1
0.1 161 377 -1
0.1 171 172 -1
0.1 379 173 -1
0.1 174 175 -1
0.1 381 176 -1
0.1 380 382 -1
0.1 177 178 -1
0.1 384 179 -1
0.1 383 385 -1
0.1 386 180 -1
0.1 378 387 -1
0.1 183 184 -1
0.1 186 187 -1
0.1 185 390 -1
0.1 389 391 -1
0.1 188 189 -1
0.1 393 190 -1
0.1 392 394 -1
0.1 182 395 -1
0.1 181 396 -1
0.1 397 191 -1
0.1 193 194 -1
0.1 192 399 -1
0.1 400 195 -1
0.1 398 401 -1
0.1 198 199 -1
0.1 197 403 -1
0.1 404 200 -1
0.1 196 405 -1
0.1 402 406 -1
0.1 388 407 -1
0.1 202 203 -1
0.1 201 409 -1
0.1 204 205 -1
0.1 206 207 -1
0.1 411 412 -1
0.1 413 208 -1
0.1 410 414 -1
0.1 209 210 -1
0.1 415 416 -1
0.1 408 417 -1
0.1 369 418 -1
