1 0 0 1
1 0 0 1
1 0 0 1
1 0 0 1
1 0 0 1
1 0 0 1
1 0 0 2
1 0 0 2
1 0 0 2
1 0 0 2
1 0 0 2
1 0 0 2
1 0 0 3
1 0 0 3
1 0 0 3
1 0 0 3
1 0 0 3
1 0 0 3
1 0 0 4
1 0 0 4
1 0 0 4
1 0 0 4
1 0 0 4
1 0 0 4
1 0 0 4
1 0 0 4
1 0 0 4
1 0 0 4
1 0 0 5
1 0 0 5
1 0 0 5
1 0 0 5
1 0 0 5
1 0 0 5
1 0 0 5
1 0 0 5
1 0 0 5
1 0 0 5
1 0 0 3
1 0 0 3
1 0 0 3
1 0 0 3
1 0 0 2
1 0 0 2
1 0 0 2
1 0 0 2
1 0 0 6
1 0 0 6
1 0 0 6
1 0 0 6
1 0 0 7
1 0 0 7
1 0 0 7
1 0 0 7
1 0 0 7
1 0 0 7
1 0 0 7
1 0 0 7
1 0 0 7
1 0 0 7
1 0 0 6
1 0 0 6
1 0 0 6
1 0 0 6
1 0 0 8
1 0 0 8
1 0 0 8
1 0 0 8
1 0 0 8
1 0 0 8
1 0 0 8
1 0 0 8
1 0 0 8
1 0 0 8
1 0 0 6
1 0 0 6
1 0 0 9
1 0 0 9
1 0 0 9
1 0 0 9
1 0 0 9
1 0 0 9
1 0 0 9
1 0 0 10
1 0 0 10
1 0 0 10
1 0 0 10
1 0 0 10
1 0 0 10
1 0 0 10
1 0 0 10
1 0 0 10
1 0 0 10
1 0 0 9
1 0 0 9
1 0 0 9
1 0 0 11
1 0 0 11
1 0 0 11
1 0 0 11
1 0 0 11
1 0 0 11
1 0 0 11
1 0 0 11
1 0 0 11
1 0 0 11
1 0 0 1
1 0 0 1
1 0 0 1
1 0 0 1
0.1 3 4 -1
0.1 2 111 -1
0.1 1 112 -1
0.1 7 8 -1
0.1 10 11 -1
0.1 9 115 -1
0.1 114 116 -1
0.1 17 18 -1
0.1 21 22 -1
0.1 20 119 -1
0.1 19 120 -1
0.1 24 25 -1
0.1 23 122 -1
0.1 26 27 -1
0.1 124 28 -1
0.1 123 125 -1
0.1 121 126 -1
0.1 118 127 -1
0.1 16 128 -1
0.1 15 129 -1
0.1 14 130 -1
0.1 30 31 -1
0.1 34 35 -1
0.1 33 133 -1
0.1 32 134 -1
0.1 132 135 -1
0.1 29 136 -1
0.1 36 37 -1
0.1 138 38 -1
0.1 137 139 -1
0.1 39 40 -1
0.1 140 141 -1
0.1 131 142 -1
0.1 41 42 -1
0.1 143 144 -1
0.1 13 145 -1
0.1 146 43 -1
0.1 44 45 -1
0.1 147 148 -1
0.1 149 46 -1
0.1 12 150 -1
0.1 117 151 -1
0.1 6 152 -1
0.1 5 153 -1
0.1 113 154 -1
0.1 49 50 -1
0.1 48 156 -1
0.1 47 157 -1
0.1 51 52 -1
0.1 53 54 -1
0.1 55 56 -1
0.1 160 161 -1
0.1 162 57 -1
0.1 59 60 -1
0.1 58 164 -1
0.1 163 165 -1
0.1 159 166 -1
0.1 158 167 -1
0.1 168 61 -1
0.1 62 63 -1
0.1 169 170 -1
0.1 65 66 -1
0.1 67 68 -1
0.1 173 69 -1
0.1 172 174 -1
0.1 71 72 -1
0.1 70 176 -1
0.1 73 74 -1
0.1 177 178 -1
0.1 175 179 -1
0.1 75 76 -1
0.1 180 181 -1
0.1 64 182 -1
0.1 171 183 -1
0.1 77 78 -1
0.1 185 79 -1
0.1 82 83 -1
0.1 86 87 -1
0.1 85 188 -1
0.1 84 189 -1
0.1 89 90 -1
0.1 91 92 -1
0.1 192 93 -1
0.1 191 193 -1
0.1 88 194 -1
0.1 190 195 -1
0.1 187 196 -1
0.1 81 197 -1
0.1 80 198 -1
0.1 186 199 -1
0.1 200 94 -1
0.1 95 96 -1
0.1 201 202 -1
0.1 97 98 -1
0.1 204 99 -1
0.1 100 101 -1
0.1 205 206 -1
0.1 102 103 -1
0.1 104 105 -1
0.1 208 209 -1
0.1 210 106 -1
0.1 207 211 -1
0.1 203 212 -1
0.1 213 107 -1
0.1 108 109 -1
0.1 214 215 -1
0.1 216 110 -1
0.1 184 217 -1
0.1 155 218 -1
