1 0 0 1
1 0 0 2
1 0 0 2
1 0 0 2
1 0 0 2
1 0 0 2
1 0 0 2
1 0 0 2
1 0 0 2
1 0 0 2
1 0 0 2
1 0 0 1
1 0 0 1
1 0 0 1
1 0 0 1
1 0 0 1
1 0 0 3
1 0 0 3
1 0 0 3
1 0 0 3
1 0 0 3
1 0 0 3
1 0 0 3
1 0 0 3
1 0 0 3
1 0 0 3
1 0 0 1
1 0 0 1
1 0 0 1
1 0 0 1
1 0 0 4
1 0 0 4
1 0 0 4
1 0 0 4
1 0 0 4
1 0 0 4
1 0 0 4
1 0 0 4
1 0 0 4
1 0 0 4
1 0 0 5
1 0 0 5
1 0 0 5
1 0 0 5
1 0 0 6
1 0 0 7
1 0 0 7
1 0 0 7
1 0 0 7
1 0 0 7
1 0 0 7
1 0 0 7
1 0 0 7
1 0 0 7
1 0 0 7
1 0 0 6
1 0 0 6
1 0 0 6
1 0 0 6
1 0 0 6
1 0 0 6
1 0 0 8
1 0 0 8
1 0 0 8
1 0 0 8
1 0 0 8
1 0 0 8
1 0 0 8
1 0 0 8
1 0 0 8
1 0 0 8
1 0 0 6
1 0 0 6
1 0 0 6
1 0 0 5
1 0 0 5
1 0 0 5
1 0 0 5
1 0 0 5
1 0 0 5
1 0 0 9
1 0 0 9
1 0 0 9
1 0 0 9
1 0 0 10
1 0 0 10
1 0 0 10
1 0 0 10
1 0 0 10
1 0 0 10
1 0 0 10
1 0 0 10
1 0 0 10
1 0 0 10
1 0 0 9
1 0 0 9
1 0 0 11
1 0 0 11
1 0 0 11
1 0 0 11
1 0 0 11
1 0 0 11
1 0 0 11
1 0 0 11
1 0 0 11
1 0 0 11
1 0 0 9
1 0 0 9
1 0 0 9
1 0 0 9
0.1 4 5 -1
0.1 3 111 -1
0.1 2 112 -1
0.1 9 10 -1
0.1 8 114 -1
0.1 115 11 -1
0.1 7 116 -1
0.1 6 117 -1
0.1 113 118 -1
0.1 12 13 -1
0.1 120 14 -1
0.1 119 121 -1
0.1 15 16 -1
0.1 122 123 -1
0.1 18 19 -1
0.1 21 22 -1
0.1 20 126 -1
0.1 24 25 -1
0.1 23 128 -1
0.1 127 129 -1
0.1 130 26 -1
0.1 125 131 -1
0.1 17 132 -1
0.1 27 28 -1
0.1 133 134 -1
0.1 124 135 -1
0.1 29 30 -1
0.1 31 32 -1
0.1 138 33 -1
0.1 35 36 -1
0.1 34 140 -1
0.1 139 141 -1
0.1 38 39 -1
0.1 37 143 -1
0.1 144 40 -1
0.1 142 145 -1
0.1 137 146 -1
0.1 136 147 -1
0.1 1 148 -1
0.1 149 41 -1
0.1 49 50 -1
0.1 48 151 -1
0.1 47 152 -1
0.1 46 153 -1
0.1 52 53 -1
0.1 155 54 -1
0.1 51 156 -1
0.1 157 55 -1
0.1 154 158 -1
0.1 159 56 -1
0.1 58 59 -1
0.1 60 61 -1
0.1 63 64 -1
0.1 65 66 -1
0.1 163 164 -1
0.1 62 165 -1
0.1 67 68 -1
0.1 69 70 -1
0.1 167 168 -1
0.1 169 71 -1
0.1 166 170 -1
0.1 162 171 -1
0.1 161 172 -1
0.1 72 73 -1
0.1 173 174 -1
0.1 57 175 -1
0.1 160 176 -1
0.1 177 74 -1
0.1 45 178 -1
0.1 75 76 -1
0.1 179 180 -1
0.1 44 181 -1
0.1 43 182 -1
0.1 42 183 -1
0.1 150 184 -1
0.1 77 78 -1
0.1 79 80 -1
0.1 186 187 -1
0.1 81 82 -1
0.1 83 84 -1
0.1 85 86 -1
0.1 87 88 -1
0.1 192 89 -1
0.1 191 193 -1
0.1 90 91 -1
0.1 93 94 -1
0.1 92 196 -1
0.1 195 197 -1
0.1 194 198 -1
0.1 199 95 -1
0.1 190 200 -1
0.1 189 201 -1
0.1 97 98 -1
0.1 99 100 -1
0.1 101 102 -1
0.1 204 205 -1
0.1 206 103 -1
0.1 203 207 -1
0.1 104 105 -1
0.1 209 106 -1
0.1 208 210 -1
0.1 108 109 -1
0.1 107 212 -1
0.1 213 110 -1
0.1 211 214 -1
0.1 96 215 -1
0.1 202 216 -1
0.1 188 217 -1
0.1 185 218 -1
