1 0 0 1
1 0 0 1
1 0 0 1
1 0 0 1
1 0 0 1
1 0 0 1
1 0 0 1
1 0 0 1
1 0 0 1
1 0 0 1
1 0 0 2
1 0 0 2
1 0 0 2
1 0 0 2
1 0 0 2
1 0 0 2
1 0 0 3
1 0 0 3
1 0 0 3
1 0 0 3
1 0 0 3
1 0 0 3
1 0 0 3
1 0 0 3
1 0 0 3
1 0 0 3
1 0 0 4
1 0 0 4
1 0 0 4
1 0 0 4
1 0 0 4
1 0 0 4
1 0 0 4
1 0 0 4
1 0 0 4
1 0 0 4
1 0 0 5
1 0 0 5
1 0 0 5
1 0 0 6
1 0 0 6
1 0 0 6
1 0 0 6
1 0 0 6
1 0 0 6
1 0 0 6
1 0 0 6
1 0 0 6
1 0 0 6
1 0 0 5
1 0 0 5
1 0 0 5
1 0 0 5
1 0 0 5
1 0 0 5
1 0 0 5
1 0 0 7
1 0 0 7
1 0 0 7
1 0 0 7
1 0 0 7
1 0 0 7
1 0 0 7
1 0 0 7
1 0 0 7
1 0 0 7
1 0 0 8
1 0 0 8
1 0 0 9
1 0 0 9
1 0 0 9
1 0 0 9
1 0 0 9
1 0 0 9
1 0 0 9
1 0 0 9
1 0 0 9
1 0 0 9
1 0 0 8
1 0 0 8
1 0 0 8
1 0 0 8
1 0 0 8
1 0 0 8
1 0 0 8
1 0 0 8
1 0 0 2
1 0 0 2
1 0 0 2
1 0 0 10
1 0 0 10
1 0 0 10
1 0 0 10
1 0 0 10
1 0 0 10
1 0 0 10
1 0 0 10
1 0 0 10
1 0 0 10
1 0 0 2
1 0 0 11
1 0 0 11
1 0 0 11
1 0 0 11
1 0 0 11
1 0 0 11
1 0 0 11
1 0 0 11
1 0 0 11
1 0 0 11
1 0 0 12
1 0 0 12
1 0 0 12
1 0 0 12
1 0 0 12
1 0 0 12
1 0 0 12
1 0 0 12
1 0 0 12
1 0 0 12
0.1 2 3 -1
0.1 1 121 -1
0.1 4 5 -1
0.1 7 8 -1
0.1 9 10 -1
0.1 124 125 -1
0.1 6 126 -1
0.1 123 127 -1
0.1 122 128 -1
0.1 12 13 -1
0.1 11 130 -1
0.1 131 14 -1
0.1 15 16 -1
0.1 132 133 -1
0.1 129 134 -1
0.1 19 20 -1
0.1 18 136 -1
0.1 137 21 -1
0.1 17 138 -1
0.1 23 24 -1
0.1 22 140 -1
0.1 25 26 -1
0.1 141 142 -1
0.1 139 143 -1
0.1 135 144 -1
0.1 28 29 -1
0.1 146 30 -1
0.1 33 34 -1
0.1 148 35 -1
0.1 32 149 -1
0.1 31 150 -1
0.1 147 151 -1
0.1 27 152 -1
0.1 153 36 -1
0.1 38 39 -1
0.1 37 155 -1
0.1 42 43 -1
0.1 41 157 -1
0.1 45 46 -1
0.1 44 159 -1
0.1 158 160 -1
0.1 47 48 -1
0.1 162 49 -1
0.1 161 163 -1
0.1 40 164 -1
0.1 156 165 -1
0.1 51 52 -1
0.1 50 167 -1
0.1 168 53 -1
0.1 54 55 -1
0.1 57 58 -1
0.1 59 60 -1
0.1 171 172 -1
0.1 62 63 -1
0.1 174 64 -1
0.1 61 175 -1
0.1 65 66 -1
0.1 176 177 -1
0.1 173 178 -1
0.1 56 179 -1
0.1 170 180 -1
0.1 169 181 -1
0.1 166 182 -1
0.1 70 71 -1
0.1 72 73 -1
0.1 184 185 -1
0.1 74 75 -1
0.1 187 76 -1
0.1 186 188 -1
0.1 77 78 -1
0.1 189 190 -1
0.1 69 191 -1
0.1 79 80 -1
0.1 193 81 -1
0.1 82 83 -1
0.1 194 195 -1
0.1 84 85 -1
0.1 196 197 -1
0.1 198 86 -1
0.1 192 199 -1
0.1 68 200 -1
0.1 67 201 -1
0.1 183 202 -1
0.1 154 203 -1
0.1 145 204 -1
0.1 91 92 -1
0.1 90 206 -1
0.1 207 93 -1
0.1 96 97 -1
0.1 95 209 -1
0.1 98 99 -1
0.1 210 211 -1
0.1 94 212 -1
0.1 208 213 -1
0.1 89 214 -1
0.1 102 103 -1
0.1 101 216 -1
0.1 104 105 -1
0.1 218 106 -1
0.1 217 219 -1
0.1 107 108 -1
0.1 109 110 -1
0.1 221 222 -1
0.1 220 223 -1
0.1 100 224 -1
0.1 215 225 -1
0.1 88 226 -1
0.1 87 227 -1
0.1 112 113 -1
0.1 111 229 -1
0.1 115 116 -1
0.1 114 231 -1
0.1 230 232 -1
0.1 117 118 -1
0.1 233 234 -1
0.1 119 120 -1
0.1 235 236 -1
0.1 228 237 -1
0.1 205 238 -1
