1 0 0 1
1 0 0 2
1 0 0 2
1 0 0 2
1 0 0 2
1 0 0 2
1 0 0 2
1 0 0 2
1 0 0 2
1 0 0 2
1 0 0 2
1 0 0 1
1 0 0 1
1 0 0 1
1 0 0 1
1 0 0 1
1 0 0 1
1 0 0 3
1 0 0 3
1 0 0 3
1 0 0 3
1 0 0 3
1 0 0 3
1 0 0 3
1 0 0 3
1 0 0 3
1 0 0 3
1 0 0 4
1 0 0 4
1 0 0 4
1 0 0 4
1 0 0 4
1 0 0 4
1 0 0 4
1 0 0 4
1 0 0 4
1 0 0 4
1 0 0 5
1 0 0 5
1 0 0 5
1 0 0 6
1 0 0 6
1 0 0 6
1 0 0 6
1 0 0 6
1 0 0 6
1 0 0 6
1 0 0 6
1 0 0 6
1 0 0 6
1 0 0 5
1 0 0 5
1 0 0 5
1 0 0 7
1 0 0 7
1 0 0 7
1 0 0 7
1 0 0 7
1 0 0 7
1 0 0 7
1 0 0 7
1 0 0 7
1 0 0 7
1 0 0 5
1 0 0 5
1 0 0 5
1 0 0 5
1 0 0 8
1 0 0 9
1 0 0 9
1 0 0 9
1 0 0 9
1 0 0 9
1 0 0 9
1 0 0 9
1 0 0 9
1 0 0 9
1 0 0 9
1 0 0 8
1 0 0 8
1 0 0 8
1 0 0 8
1 0 0 8
1 0 0 8
1 0 0 8
1 0 0 8
1 0 0 8
1 0 0 1
1 0 0 1
1 0 0 10
1 0 0 10
1 0 0 10
1 0 0 10
1 0 0 1
1 0 0 11
1 0 0 11
1 0 0 11
1 0 0 11
1 0 0 11
1 0 0 11
1 0 0 11
1 0 0 11
1 0 0 11
1 0 0 11
1 0 0 10
1 0 0 10
1 0 0 10
1 0 0 10
1 0 0 10
1 0 0 10
1 0 0 12
1 0 0 12
1 0 0 12
1 0 0 12
1 0 0 12
1 0 0 12
1 0 0 12
1 0 0 12
1 0 0 12
1 0 0 12
0.1 4 5 -1
0.1 3 121 -1
0.1 122 6 -1
0.1 2 123 -1
0.1 8 9 -1
0.1 7 125 -1
0.1 10 11 -1
0.1 126 127 -1
0.1 124 128 -1
0.1 1 129 -1
0.1 13 14 -1
0.1 12 131 -1
0.1 132 15 -1
0.1 16 17 -1
0.1 133 134 -1
0.1 19 20 -1
0.1 18 136 -1
0.1 21 22 -1
0.1 24 25 -1
0.1 26 27 -1
0.1 139 140 -1
0.1 23 141 -1
0.1 138 142 -1
0.1 137 143 -1
0.1 135 144 -1
0.1 130 145 -1
0.1 29 30 -1
0.1 147 31 -1
0.1 34 35 -1
0.1 149 36 -1
0.1 33 150 -1
0.1 32 151 -1
0.1 148 152 -1
0.1 28 153 -1
0.1 154 37 -1
0.1 39 40 -1
0.1 38 156 -1
0.1 43 44 -1
0.1 42 158 -1
0.1 46 47 -1
0.1 45 160 -1
0.1 159 161 -1
0.1 41 162 -1
0.1 48 49 -1
0.1 164 50 -1
0.1 163 165 -1
0.1 157 166 -1
0.1 51 52 -1
0.1 54 55 -1
0.1 56 57 -1
0.1 169 170 -1
0.1 59 60 -1
0.1 172 61 -1
0.1 58 173 -1
0.1 62 63 -1
0.1 174 175 -1
0.1 171 176 -1
0.1 53 177 -1
0.1 168 178 -1
0.1 66 67 -1
0.1 65 180 -1
0.1 64 181 -1
0.1 179 182 -1
0.1 167 183 -1
0.1 69 70 -1
0.1 71 72 -1
0.1 185 186 -1
0.1 187 73 -1
0.1 75 76 -1
0.1 74 189 -1
0.1 77 78 -1
0.1 190 191 -1
0.1 188 192 -1
0.1 80 81 -1
0.1 82 83 -1
0.1 84 85 -1
0.1 195 196 -1
0.1 194 197 -1
0.1 198 86 -1
0.1 79 199 -1
0.1 193 200 -1
0.1 68 201 -1
0.1 202 87 -1
0.1 184 203 -1
0.1 155 204 -1
0.1 146 205 -1
0.1 90 91 -1
0.1 92 93 -1
0.1 207 208 -1
0.1 89 209 -1
0.1 96 97 -1
0.1 95 211 -1
0.1 212 98 -1
0.1 99 100 -1
0.1 103 104 -1
0.1 102 215 -1
0.1 101 216 -1
0.1 214 217 -1
0.1 213 218 -1
0.1 94 219 -1
0.1 106 107 -1
0.1 105 221 -1
0.1 108 109 -1
0.1 223 110 -1
0.1 222 224 -1
0.1 220 225 -1
0.1 210 226 -1
0.1 88 227 -1
0.1 111 112 -1
0.1 114 115 -1
0.1 113 230 -1
0.1 117 118 -1
0.1 116 232 -1
0.1 231 233 -1
0.1 229 234 -1
0.1 119 120 -1
0.1 235 236 -1
0.1 228 237 -1
0.1 206 238 -1
