1 0 0 1
1 0 0 1
1 0 0 2
1 0 0 2
1 0 0 2
1 0 0 2
1 0 0 2
1 0 0 2
1 0 0 2
1 0 0 2
1 0 0 2
1 0 0 2
1 0 0 3
1 0 0 3
1 0 0 3
1 0 0 3
1 0 0 3
1 0 0 3
1 0 0 3
1 0 0 3
1 0 0 3
1 0 0 3
1 0 0 4
1 0 0 4
1 0 0 4
1 0 0 4
1 0 0 4
1 0 0 4
1 0 0 4
1 0 0 4
1 0 0 4
1 0 0 4
1 0 0 1
1 0 0 1
1 0 0 1
1 0 0 5
1 0 0 5
1 0 0 5
1 0 0 5
1 0 0 5
1 0 0 5
1 0 0 5
1 0 0 5
1 0 0 5
1 0 0 5
1 0 0 6
1 0 0 6
1 0 0 6
1 0 0 6
1 0 0 6
1 0 0 6
1 0 0 6
1 0 0 6
1 0 0 6
1 0 0 6
1 0 0 7
1 0 0 7
1 0 0 7
1 0 0 7
1 0 0 7
1 0 0 7
1 0 0 7
1 0 0 7
1 0 0 7
1 0 0 7
1 0 0 8
1 0 0 8
1 0 0 8
1 0 0 8
1 0 0 8
1 0 0 8
1 0 0 8
1 0 0 8
1 0 0 8
1 0 0 1
1 0 0 8
1 0 0 1
1 0 0 1
1 0 0 1
1 0 0 1
1 0 0 9
1 0 0 9
1 0 0 9
1 0 0 9
1 0 0 9
1 0 0 9
1 0 0 9
1 0 0 9
1 0 0 9
1 0 0 9
1 0 0 10
1 0 0 10
1 0 0 10
1 0 0 10
1 0 0 10
1 0 0 10
1 0 0 10
1 0 0 10
1 0 0 10
1 0 0 10
0.1 1 2 -1
0.1 5 6 -1
0.1 102 7 -1
0.1 4 103 -1
0.1 3 104 -1
0.1 8 9 -1
0.1 10 11 -1
0.1 106 107 -1
0.1 108 12 -1
0.1 105 109 -1
0.1 101 110 -1
0.1 14 15 -1
0.1 13 112 -1
0.1 16 17 -1
0.1 18 19 -1
0.1 114 115 -1
0.1 116 20 -1
0.1 21 22 -1
0.1 117 118 -1
0.1 113 119 -1
0.1 111 120 -1
0.1 23 24 -1
0.1 26 27 -1
0.1 25 123 -1
0.1 122 124 -1
0.1 30 31 -1
0.1 29 126 -1
0.1 28 127 -1
0.1 128 32 -1
0.1 125 129 -1
0.1 34 35 -1
0.1 33 131 -1
0.1 130 132 -1
0.1 36 37 -1
0.1 38 39 -1
0.1 135 40 -1
0.1 43 44 -1
0.1 42 137 -1
0.1 138 45 -1
0.1 41 139 -1
0.1 136 140 -1
0.1 134 141 -1
0.1 133 142 -1
0.1 121 143 -1
0.1 46 47 -1
0.1 145 48 -1
0.1 146 49 -1
0.1 50 51 -1
0.1 147 148 -1
0.1 52 53 -1
0.1 149 150 -1
0.1 151 54 -1
0.1 152 55 -1
0.1 59 60 -1
0.1 58 154 -1
0.1 57 155 -1
0.1 56 156 -1
0.1 153 157 -1
0.1 61 62 -1
0.1 63 64 -1
0.1 160 65 -1
0.1 159 161 -1
0.1 158 162 -1
0.1 68 69 -1
0.1 67 164 -1
0.1 66 165 -1
0.1 72 73 -1
0.1 71 167 -1
0.1 70 168 -1
0.1 166 169 -1
0.1 76 77 -1
0.1 171 78 -1
0.1 75 172 -1
0.1 173 79 -1
0.1 81 82 -1
0.1 85 86 -1
0.1 176 87 -1
0.1 84 177 -1
0.1 83 178 -1
0.1 179 88 -1
0.1 180 89 -1
0.1 175 181 -1
0.1 182 90 -1
0.1 80 183 -1
0.1 92 93 -1
0.1 91 185 -1
0.1 186 94 -1
0.1 97 98 -1
0.1 96 188 -1
0.1 99 100 -1
0.1 189 190 -1
0.1 95 191 -1
0.1 187 192 -1
0.1 184 193 -1
0.1 174 194 -1
0.1 74 195 -1
0.1 170 196 -1
0.1 163 197 -1
0.1 144 198 -1
