1 0 0 1
1 0 0 1
1 0 0 1
1 0 0 1
1 0 0 1
1 0 0 1
1 0 0 1
1 0 0 1
1 0 0 1
1 0 0 1
1 0 0 2
1 0 0 2
1 0 0 2
1 0 0 3
1 0 0 3
1 0 0 3
1 0 0 3
1 0 0 3
1 0 0 3
1 0 0 3
1 0 0 3
1 0 0 3
1 0 0 3
1 0 0 4
1 0 0 4
1 0 0 4
1 0 0 4
1 0 0 4
1 0 0 4
1 0 0 4
1 0 0 4
1 0 0 4
1 0 0 4
1 0 0 2
1 0 0 2
1 0 0 5
1 0 0 5
1 0 0 5
1 0 0 5
1 0 0 5
1 0 0 5
1 0 0 5
1 0 0 5
1 0 0 5
1 0 0 5
1 0 0 6
1 0 0 7
1 0 0 7
1 0 0 7
1 0 0 7
1 0 0 7
1 0 0 6
1 0 0 6
1 0 0 6
1 0 0 6
1 0 0 8
1 0 0 2
1 0 0 2
1 0 0 2
1 0 0 2
1 0 0 9
1 0 0 9
1 0 0 9
1 0 0 9
1 0 0 9
1 0 0 9
1 0 0 9
1 0 0 9
1 0 0 9
1 0 0 9
1 0 0 10
1 0 0 10
1 0 0 10
1 0 0 10
1 0 0 10
1 0 0 10
1 0 0 10
1 0 0 10
1 0 0 10
1 0 0 10
1 0 0 2
1 0 0 8
1 0 0 8
1 0 0 8
1 0 0 8
1 0 0 8
1 0 0 8
1 0 0 8
1 0 0 8
1 0 0 8
1 0 0 7
1 0 0 7
1 0 0 7
1 0 0 7
1 0 0 7
1 0 0 6
1 0 0 6
1 0 0 6
1 0 0 6
1 0 0 6
0.1 3 4 -1
0.1 2 101 -1
0.1 102 5 -1
0.1 6 7 -1
0.1 103 104 -1
0.1 9 10 -1
0.1 8 106 -1
0.1 105 107 -1
0.1 1 108 -1
0.1 11 12 -1
0.1 110 13 -1
0.1 14 15 -1
0.1 17 18 -1
0.1 113 19 -1
0.1 16 114 -1
0.1 22 23 -1
0.1 21 116 -1
0.1 20 117 -1
0.1 115 118 -1
0.1 112 119 -1
0.1 111 120 -1
0.1 25 26 -1
0.1 27 28 -1
0.1 29 30 -1
0.1 123 124 -1
0.1 125 31 -1
0.1 32 33 -1
0.1 126 127 -1
0.1 122 128 -1
0.1 24 129 -1
0.1 34 35 -1
0.1 130 131 -1
0.1 37 38 -1
0.1 36 133 -1
0.1 40 41 -1
0.1 42 43 -1
0.1 135 136 -1
0.1 39 137 -1
0.1 44 45 -1
0.1 138 139 -1
0.1 134 140 -1
0.1 132 141 -1
0.1 121 142 -1
0.1 109 143 -1
0.1 144 46 -1
0.1 47 48 -1
0.1 146 49 -1
0.1 50 51 -1
0.1 147 148 -1
0.1 149 52 -1
0.1 54 55 -1
0.1 58 59 -1
0.1 152 60 -1
0.1 57 153 -1
0.1 62 63 -1
0.1 61 155 -1
0.1 156 64 -1
0.1 157 65 -1
0.1 67 68 -1
0.1 66 159 -1
0.1 158 160 -1
0.1 69 70 -1
0.1 161 162 -1
0.1 154 163 -1
0.1 71 72 -1
0.1 73 74 -1
0.1 77 78 -1
0.1 167 79 -1
0.1 76 168 -1
0.1 75 169 -1
0.1 166 170 -1
0.1 165 171 -1
0.1 172 80 -1
0.1 164 173 -1
0.1 56 174 -1
0.1 82 83 -1
0.1 176 84 -1
0.1 85 86 -1
0.1 177 178 -1
0.1 179 87 -1
0.1 88 89 -1
0.1 180 181 -1
0.1 182 90 -1
0.1 81 183 -1
0.1 175 184 -1
0.1 93 94 -1
0.1 92 186 -1
0.1 91 187 -1
0.1 188 95 -1
0.1 185 189 -1
0.1 151 190 -1
0.1 96 97 -1
0.1 191 192 -1
0.1 98 99 -1
0.1 193 194 -1
0.1 53 195 -1
0.1 196 100 -1
0.1 150 197 -1
0.1 145 198 -1
