1 0 0 1
1 0 0 1
1 0 0 1
1 0 0 1
1 0 0 1
1 0 0 1
1 0 0 2
1 0 0 2
1 0 0 2
1 0 0 2
1 0 0 2
1 0 0 2
1 0 0 2
1 0 0 2
1 0 0 2
1 0 0 2
1 0 0 1
1 0 0 1
1 0 0 1
1 0 0 1
1 0 0 3
1 0 0 3
1 0 0 3
1 0 0 3
1 0 0 3
1 0 0 3
1 0 0 3
1 0 0 3
1 0 0 3
1 0 0 4
1 0 0 4
1 0 0 4
1 0 0 4
1 0 0 4
1 0 0 4
1 0 0 4
1 0 0 5
1 0 0 5
1 0 0 5
1 0 0 6
1 0 0 6
1 0 0 6
1 0 0 6
1 0 0 6
1 0 0 6
1 0 0 6
1 0 0 6
1 0 0 6
1 0 0 6
1 0 0 5
1 0 0 5
1 0 0 5
1 0 0 5
1 0 0 5
1 0 0 7
1 0 0 7
1 0 0 7
1 0 0 7
1 0 0 7
1 0 0 7
1 0 0 7
1 0 0 7
1 0 0 7
1 0 0 7
1 0 0 5
1 0 0 5
1 0 0 4
1 0 0 4
1 0 0 4
1 0 0 8
1 0 0 8
1 0 0 8
1 0 0 8
1 0 0 8
1 0 0 8
1 0 0 9
1 0 0 9
1 0 0 9
1 0 0 9
1 0 0 10
1 0 0 10
1 0 0 10
1 0 0 10
1 0 0 10
1 0 0 10
1 0 0 10
1 0 0 10
1 0 0 10
1 0 0 10
1 0 0 9
1 0 0 9
1 0 0 9
1 0 0 9
1 0 0 9
1 0 0 9
1 0 0 11
1 0 0 11
1 0 0 11
1 0 0 11
1 0 0 11
1 0 0 11
1 0 0 11
1 0 0 11
1 0 0 11
1 0 0 11
1 0 0 8
1 0 0 8
1 0 0 8
1 0 0 8
1 0 0 3
0.1 2 3 -1
0.1 4 5 -1
0.1 112 6 -1
0.1 111 113 -1
0.1 1 114 -1
0.1 9 10 -1
0.1 8 116 -1
0.1 7 117 -1
0.1 13 14 -1
0.1 12 119 -1
0.1 11 120 -1
0.1 15 16 -1
0.1 121 122 -1
0.1 118 123 -1
0.1 115 124 -1
0.1 17 18 -1
0.1 126 19 -1
0.1 127 20 -1
0.1 125 128 -1
0.1 23 24 -1
0.1 22 130 -1
0.1 21 131 -1
0.1 28 29 -1
0.1 27 133 -1
0.1 26 134 -1
0.1 25 135 -1
0.1 132 136 -1
0.1 129 137 -1
0.1 31 32 -1
0.1 30 139 -1
0.1 33 34 -1
0.1 35 36 -1
0.1 141 142 -1
0.1 140 143 -1
0.1 43 44 -1
0.1 42 145 -1
0.1 146 45 -1
0.1 41 147 -1
0.1 47 48 -1
0.1 46 149 -1
0.1 148 150 -1
0.1 151 49 -1
0.1 40 152 -1
0.1 153 50 -1
0.1 39 154 -1
0.1 38 155 -1
0.1 156 51 -1
0.1 157 52 -1
0.1 56 57 -1
0.1 159 58 -1
0.1 59 60 -1
0.1 160 161 -1
0.1 55 162 -1
0.1 61 62 -1
0.1 164 63 -1
0.1 165 64 -1
0.1 163 166 -1
0.1 54 167 -1
0.1 53 168 -1
0.1 65 66 -1
0.1 169 170 -1
0.1 158 171 -1
0.1 37 172 -1
0.1 68 69 -1
0.1 67 174 -1
0.1 173 175 -1
0.1 144 176 -1
0.1 72 73 -1
0.1 71 178 -1
0.1 179 74 -1
0.1 70 180 -1
0.1 181 75 -1
0.1 76 77 -1
0.1 78 79 -1
0.1 183 184 -1
0.1 81 82 -1
0.1 83 84 -1
0.1 187 85 -1
0.1 86 87 -1
0.1 188 189 -1
0.1 88 89 -1
0.1 190 191 -1
0.1 186 192 -1
0.1 80 193 -1
0.1 185 194 -1
0.1 182 195 -1
0.1 90 91 -1
0.1 92 93 -1
0.1 94 95 -1
0.1 198 199 -1
0.1 197 200 -1
0.1 196 201 -1
0.1 97 98 -1
0.1 96 203 -1
0.1 99 100 -1
0.1 101 102 -1
0.1 205 206 -1
0.1 204 207 -1
0.1 104 105 -1
0.1 103 209 -1
0.1 208 210 -1
0.1 108 109 -1
0.1 107 212 -1
0.1 106 213 -1
0.1 211 214 -1
0.1 202 215 -1
0.1 177 216 -1
0.1 217 110 -1
0.1 138 218 -1
