1 0 0 1
1 0 0 1
1 0 0 1
1 0 0 1
1 0 0 1
1 0 0 1
1 0 0 1
1 0 0 1
1 0 0 1
1 0 0 1
1 0 0 2
1 0 0 2
1 0 0 2
1 0 0 3
1 0 0 3
1 0 0 3
1 0 0 3
1 0 0 3
1 0 0 3
1 0 0 3
1 0 0 3
1 0 0 3
1 0 0 3
1 0 0 2
1 0 0 4
1 0 0 4
1 0 0 4
1 0 0 4
1 0 0 4
1 0 0 4
1 0 0 4
1 0 0 4
1 0 0 4
1 0 0 4
1 0 0 5
1 0 0 5
1 0 0 5
1 0 0 5
1 0 0 5
1 0 0 5
1 0 0 5
1 0 0 5
1 0 0 5
1 0 0 5
1 0 0 2
1 0 0 6
1 0 0 6
1 0 0 6
1 0 0 6
1 0 0 6
1 0 0 6
1 0 0 6
1 0 0 6
1 0 0 6
1 0 0 6
1 0 0 7
1 0 0 7
1 0 0 7
1 0 0 7
1 0 0 7
1 0 0 7
1 0 0 7
1 0 0 7
1 0 0 7
1 0 0 7
1 0 0 8
1 0 0 8
1 0 0 8
1 0 0 8
1 0 0 8
1 0 0 8
1 0 0 8
1 0 0 8
1 0 0 8
1 0 0 8
1 0 0 9
1 0 0 9
1 0 0 10
1 0 0 11
1 0 0 11
1 0 0 11
1 0 0 11
1 0 0 11
1 0 0 11
1 0 0 11
1 0 0 11
1 0 0 11
1 0 0 11
1 0 0 10
1 0 0 10
1 0 0 10
1 0 0 10
1 0 0 10
1 0 0 10
1 0 0 10
1 0 0 10
1 0 0 10
1 0 0 9
1 0 0 9
1 0 0 9
1 0 0 2
1 0 0 12
1 0 0 12
1 0 0 12
1 0 0 12
1 0 0 12
1 0 0 12
1 0 0 12
1 0 0 12
1 0 0 12
1 0 0 12
1 0 0 2
1 0 0 2
1 0 0 2
1 0 0 2
1 0 0 9
1 0 0 9
1 0 0 9
1 0 0 9
1 0 0 9
0.1 4 5 -1
0.1 3 121 -1
0.1 2 122 -1
0.1 1 123 -1
0.1 6 7 -1
0.1 124 125 -1
0.1 8 9 -1
0.1 127 10 -1
0.1 126 128 -1
0.1 129 11 -1
0.1 12 13 -1
0.1 14 15 -1
0.1 16 17 -1
0.1 132 133 -1
0.1 19 20 -1
0.1 18 135 -1
0.1 134 136 -1
0.1 22 23 -1
0.1 21 138 -1
0.1 137 139 -1
0.1 131 140 -1
0.1 141 24 -1
0.1 130 142 -1
0.1 26 27 -1
0.1 144 28 -1
0.1 25 145 -1
0.1 29 30 -1
0.1 31 32 -1
0.1 147 148 -1
0.1 33 34 -1
0.1 149 150 -1
0.1 146 151 -1
0.1 143 152 -1
0.1 35 36 -1
0.1 38 39 -1
0.1 41 42 -1
0.1 40 156 -1
0.1 155 157 -1
0.1 37 158 -1
0.1 154 159 -1
0.1 43 44 -1
0.1 160 161 -1
0.1 153 162 -1
0.1 46 47 -1
0.1 164 48 -1
0.1 165 49 -1
0.1 51 52 -1
0.1 167 53 -1
0.1 54 55 -1
0.1 168 169 -1
0.1 50 170 -1
0.1 166 171 -1
0.1 56 57 -1
0.1 173 58 -1
0.1 61 62 -1
0.1 60 175 -1
0.1 176 63 -1
0.1 59 177 -1
0.1 174 178 -1
0.1 64 65 -1
0.1 67 68 -1
0.1 66 181 -1
0.1 182 69 -1
0.1 72 73 -1
0.1 71 184 -1
0.1 70 185 -1
0.1 74 75 -1
0.1 186 187 -1
0.1 183 188 -1
0.1 180 189 -1
0.1 179 190 -1
0.1 172 191 -1
0.1 45 192 -1
0.1 163 193 -1
0.1 76 77 -1
0.1 80 81 -1
0.1 79 196 -1
0.1 83 84 -1
0.1 82 198 -1
0.1 87 88 -1
0.1 86 200 -1
0.1 85 201 -1
0.1 199 202 -1
0.1 197 203 -1
0.1 204 89 -1
0.1 205 90 -1
0.1 92 93 -1
0.1 207 94 -1
0.1 95 96 -1
0.1 208 209 -1
0.1 210 97 -1
0.1 91 211 -1
0.1 206 212 -1
0.1 78 213 -1
0.1 195 214 -1
0.1 99 100 -1
0.1 98 216 -1
0.1 217 101 -1
0.1 215 218 -1
0.1 102 103 -1
0.1 220 104 -1
0.1 106 107 -1
0.1 105 222 -1
0.1 108 109 -1
0.1 224 110 -1
0.1 225 111 -1
0.1 223 226 -1
0.1 221 227 -1
0.1 112 113 -1
0.1 229 114 -1
0.1 230 115 -1
0.1 228 231 -1
0.1 119 120 -1
0.1 118 233 -1
0.1 117 234 -1
0.1 116 235 -1
0.1 232 236 -1
0.1 219 237 -1
0.1 194 238 -1
