1 0 0 1
1 0 0 1
1 0 0 1
1 0 0 1
1 0 0 1
1 0 0 1
1 0 0 1
1 0 0 1
1 0 0 1
1 0 0 1
1 0 0 2
1 0 0 2
1 0 0 2
1 0 0 2
1 0 0 2
1 0 0 2
1 0 0 2
1 0 0 2
1 0 0 2
1 0 0 3
1 0 0 3
1 0 0 3
1 0 0 3
1 0 0 3
1 0 0 3
1 0 0 3
1 0 0 3
1 0 0 4
1 0 0 4
1 0 0 4
1 0 0 4
1 0 0 4
1 0 0 4
1 0 0 4
1 0 0 4
1 0 0 4
1 0 0 4
1 0 0 5
1 0 0 5
1 0 0 5
1 0 0 5
1 0 0 5
1 0 0 5
1 0 0 5
1 0 0 5
1 0 0 5
1 0 0 5
1 0 0 3
1 0 0 3
1 0 0 2
1 0 0 6
1 0 0 6
1 0 0 6
1 0 0 6
1 0 0 6
1 0 0 6
1 0 0 6
1 0 0 6
1 0 0 6
1 0 0 6
1 0 0 7
1 0 0 7
1 0 0 7
1 0 0 7
1 0 0 7
1 0 0 8
1 0 0 8
1 0 0 8
1 0 0 8
1 0 0 8
1 0 0 8
1 0 0 8
1 0 0 8
1 0 0 8
1 0 0 8
1 0 0 7
1 0 0 7
1 0 0 7
1 0 0 7
1 0 0 7
0.1 1 2 -1
0.1 3 4 -1
0.1 81 82 -1
0.1 5 6 -1
0.1 84 7 -1
0.1 83 85 -1
0.1 9 10 -1
0.1 8 87 -1
0.1 86 88 -1
0.1 11 12 -1
0.1 89 90 -1
0.1 91 13 -1
0.1 17 18 -1
0.1 16 93 -1
0.1 94 19 -1
0.1 15 95 -1
0.1 14 96 -1
0.1 92 97 -1
0.1 21 22 -1
0.1 25 26 -1
0.1 24 100 -1
0.1 23 101 -1
0.1 102 27 -1
0.1 99 103 -1
0.1 20 104 -1
0.1 28 29 -1
0.1 31 32 -1
0.1 107 33 -1
0.1 35 36 -1
0.1 34 109 -1
0.1 110 37 -1
0.1 108 111 -1
0.1 30 112 -1
0.1 106 113 -1
0.1 40 41 -1
0.1 115 42 -1
0.1 39 116 -1
0.1 38 117 -1
0.1 45 46 -1
0.1 44 119 -1
0.1 120 47 -1
0.1 43 121 -1
0.1 118 122 -1
0.1 48 49 -1
0.1 123 124 -1
0.1 114 125 -1
0.1 105 126 -1
0.1 98 127 -1
0.1 128 50 -1
0.1 51 52 -1
0.1 53 54 -1
0.1 56 57 -1
0.1 55 132 -1
0.1 131 133 -1
0.1 130 134 -1
0.1 59 60 -1
0.1 58 136 -1
0.1 135 137 -1
0.1 62 63 -1
0.1 139 64 -1
0.1 61 140 -1
0.1 138 141 -1
0.1 66 67 -1
0.1 68 69 -1
0.1 143 144 -1
0.1 71 72 -1
0.1 146 73 -1
0.1 70 147 -1
0.1 74 75 -1
0.1 148 149 -1
0.1 145 150 -1
0.1 65 151 -1
0.1 76 77 -1
0.1 78 79 -1
0.1 153 154 -1
0.1 152 155 -1
0.1 156 80 -1
0.1 142 157 -1
0.1 129 158 -1
