1 0 0 1
1 0 0 1
1 0 0 1
1 0 0 1
1 0 0 1
1 0 0 1
1 0 0 1
1 0 0 1
1 0 0 1
1 0 0 1
1 0 0 1
1 0 0 1
1 0 0 1
1 0 0 1
1 0 0 1
1 0 0 1
1 0 0 2
1 0 0 1
1 0 0 1
1 0 0 1
1 0 0 1
1 0 0 3
1 0 0 3
1 0 0 3
1 0 0 4
1 0 0 4
1 0 0 4
1 0 0 4
1 0 0 4
1 0 0 4
1 0 0 4
1 0 0 4
1 0 0 4
1 0 0 4
1 0 0 5
1 0 0 5
1 0 0 5
1 0 0 4
1 0 0 4
1 0 0 4
1 0 0 4
1 0 0 4
1 0 0 4
1 0 0 6
1 0 0 6
1 0 0 6
1 0 0 6
1 0 0 7
1 0 0 7
1 0 0 3
1 0 0 3
1 0 0 3
1 0 0 3
1 0 0 8
1 0 0 8
1 0 0 8
1 0 0 8
1 0 0 8
1 0 0 8
1 0 0 8
1 0 0 8
1 0 0 8
1 0 0 8
1 0 0 8
1 0 0 8
1 0 0 8
1 0 0 8
1 0 0 8
1 0 0 8
1 0 0 8
1 0 0 6
1 0 0 6
1 0 0 6
1 0 0 9
1 0 0 9
1 0 0 9
1 0 0 9
1 0 0 9
1 0 0 9
1 0 0 9
1 0 0 9
1 0 0 9
1 0 0 10
1 0 0 10
1 0 0 10
1 0 0 10
1 0 0 10
1 0 0 10
1 0 0 5
1 0 0 5
1 0 0 5
1 0 0 5
1 0 0 5
1 0 0 5
1 0 0 5
1 0 0 5
1 0 0 5
1 0 0 5
1 0 0 5
1 0 0 5
1 0 0 5
1 0 0 5
1 0 0 5
1 0 0 6
1 0 0 6
1 0 0 6
1 0 0 6
1 0 0 6
1 0 0 6
1 0 0 9
1 0 0 9
1 0 0 9
1 0 0 9
1 0 0 9
1 0 0 9
1 0 0 9
1 0 0 9
1 0 0 9
1 0 0 9
1 0 0 9
1 0 0 11
1 0 0 11
1 0 0 11
1 0 0 11
1 0 0 11
1 0 0 11
1 0 0 12
1 0 0 12
1 0 0 12
1 0 0 12
1 0 0 12
1 0 0 12
1 0 0 12
1 0 0 12
1 0 0 12
1 0 0 12
1 0 0 12
1 0 0 12
1 0 0 13
1 0 0 13
1 0 0 13
1 0 0 13
1 0 0 13
1 0 0 13
1 0 0 13
1 0 0 13
1 0 0 13
1 0 0 13
1 0 0 13
1 0 0 13
1 0 0 13
1 0 0 13
1 0 0 13
1 0 0 13
1 0 0 13
1 0 0 13
1 0 0 13
1 0 0 13
1 0 0 10
1 0 0 10
1 0 0 10
1 0 0 10
1 0 0 10
1 0 0 10
1 0 0 10
1 0 0 10
1 0 0 10
1 0 0 10
1 0 0 10
1 0 0 3
1 0 0 3
1 0 0 2
1 0 0 2
1 0 0 2
1 0 0 2
1 0 0 2
1 0 0 2
1 0 0 2
1 0 0 2
1 0 0 2
1 0 0 7
1 0 0 7
1 0 0 7
1 0 0 7
1 0 0 7
1 0 0 7
1 0 0 7
1 0 0 7
1 0 0 7
1 0 0 7
1 0 0 7
1 0 0 7
1 0 0 7
1 0 0 7
1 0 0 14
1 0 0 14
1 0 0 14
1 0 0 14
1 0 0 14
1 0 0 14
1 0 0 14
1 0 0 14
1 0 0 14
1 0 0 14
1 0 0 14
1 0 0 14
1 0 0 14
1 0 0 14
1 0 0 14
1 0 0 14
1 0 0 15
1 0 0 15
1 0 0 15
1 0 0 15
1 0 0 15
1 0 0 15
1 0 0 15
1 0 0 15
1 0 0 15
1 0 0 15
1 0 0 15
1 0 0 15
1 0 0 15
1 0 0 15
1 0 0 15
1 0 0 15
1 0 0 15
1 0 0 15
1 0 0 15
1 0 0 15
1 0 0 16
1 0 0 16
1 0 0 17
1 0 0 17
1 0 0 17
1 0 0 17
1 0 0 17
1 0 0 17
1 0 0 17
1 0 0 17
1 0 0 17
1 0 0 17
1 0 0 17
1 0 0 17
1 0 0 17
1 0 0 17
1 0 0 17
1 0 0 17
1 0 0 17
1 0 0 17
1 0 0 17
1 0 0 17
1 0 0 8
1 0 0 8
1 0 0 8
1 0 0 16
1 0 0 16
1 0 0 16
1 0 0 16
1 0 0 16
1 0 0 16
1 0 0 16
1 0 0 16
1 0 0 11
1 0 0 18
1 0 0 18
1 0 0 18
1 0 0 18
1 0 0 18
1 0 0 18
1 0 0 18
1 0 0 18
1 0 0 18
1 0 0 18
1 0 0 18
1 0 0 18
1 0 0 18
1 0 0 18
1 0 0 18
1 0 0 18
1 0 0 18
1 0 0 18
1 0 0 18
1 0 0 18
1 0 0 19
1 0 0 19
1 0 0 19
1 0 0 19
1 0 0 19
1 0 0 19
1 0 0 19
1 0 0 19
1 0 0 19
1 0 0 19
1 0 0 19
1 0 0 19
1 0 0 19
1 0 0 19
1 0 0 19
1 0 0 19
1 0 0 19
1 0 0 19
1 0 0 19
1 0 0 19
1 0 0 6
1 0 0 6
1 0 0 7
1 0 0 7
1 0 0 7
1 0 0 7
1 0 0 14
1 0 0 14
1 0 0 14
1 0 0 14
1 0 0 12
1 0 0 12
1 0 0 12
1 0 0 12
1 0 0 5
1 0 0 5
1 0 0 20
1 0 0 20
1 0 0 20
1 0 0 20
1 0 0 20
1 0 0 20
1 0 0 20
1 0 0 20
1 0 0 20
1 0 0 20
1 0 0 20
1 0 0 20
1 0 0 20
1 0 0 20
1 0 0 20
1 0 0 20
1 0 0 20
1 0 0 20
1 0 0 20
1 0 0 20
1 0 0 4
1 0 0 4
1 0 0 4
1 0 0 4
1 0 0 21
1 0 0 21
1 0 0 21
1 0 0 21
1 0 0 21
1 0 0 21
1 0 0 21
1 0 0 21
1 0 0 21
1 0 0 21
1 0 0 21
1 0 0 21
1 0 0 21
1 0 0 21
1 0 0 21
1 0 0 22
1 0 0 22
1 0 0 22
1 0 0 23
1 0 0 23
1 0 0 23
1 0 0 23
1 0 0 23
1 0 0 23
1 0 0 23
1 0 0 23
1 0 0 23
1 0 0 23
1 0 0 23
1 0 0 23
1 0 0 23
1 0 0 23
1 0 0 23
1 0 0 23
1 0 0 23
1 0 0 23
1 0 0 23
1 0 0 23
1 0 0 22
1 0 0 22
1 0 0 22
1 0 0 22
1 0 0 22
1 0 0 22
1 0 0 22
1 0 0 22
1 0 0 22
1 0 0 22
1 0 0 22
1 0 0 22
1 0 0 22
1 0 0 22
1 0 0 22
1 0 0 22
1 0 0 22
1 0 0 21
1 0 0 21
1 0 0 21
1 0 0 21
1 0 0 21
1 0 0 24
1 0 0 24
1 0 0 24
1 0 0 24
1 0 0 24
1 0 0 24
1 0 0 24
1 0 0 24
1 0 0 24
1 0 0 24
1 0 0 24
1 0 0 24
1 0 0 24
1 0 0 24
1 0 0 24
1 0 0 24
1 0 0 24
1 0 0 24
1 0 0 24
1 0 0 24
1 0 0 25
1 0 0 11
1 0 0 11
1 0 0 11
1 0 0 26
1 0 0 26
1 0 0 26
1 0 0 26
1 0 0 26
1 0 0 26
1 0 0 26
1 0 0 26
1 0 0 26
1 0 0 26
1 0 0 26
1 0 0 26
1 0 0 26
1 0 0 26
1 0 0 26
1 0 0 26
1 0 0 26
1 0 0 26
1 0 0 26
1 0 0 26
1 0 0 11
1 0 0 27
1 0 0 27
1 0 0 27
1 0 0 27
1 0 0 27
1 0 0 27
1 0 0 27
1 0 0 27
1 0 0 27
1 0 0 27
1 0 0 27
1 0 0 27
1 0 0 27
1 0 0 27
1 0 0 27
1 0 0 27
1 0 0 27
1 0 0 27
1 0 0 27
1 0 0 27
1 0 0 11
1 0 0 11
1 0 0 11
1 0 0 11
1 0 0 11
1 0 0 11
1 0 0 11
1 0 0 11
1 0 0 28
1 0 0 28
1 0 0 28
1 0 0 28
1 0 0 28
1 0 0 28
1 0 0 28
1 0 0 28
1 0 0 28
1 0 0 28
1 0 0 28
1 0 0 28
1 0 0 28
1 0 0 28
1 0 0 28
1 0 0 28
1 0 0 28
1 0 0 28
1 0 0 28
1 0 0 28
1 0 0 25
1 0 0 25
1 0 0 11
1 0 0 25
1 0 0 25
1 0 0 25
1 0 0 29
1 0 0 29
1 0 0 29
1 0 0 29
1 0 0 29
1 0 0 29
1 0 0 29
1 0 0 29
1 0 0 29
1 0 0 29
1 0 0 29
1 0 0 29
1 0 0 29
1 0 0 29
1 0 0 29
1 0 0 29
1 0 0 30
1 0 0 29
1 0 0 29
1 0 0 29
1 0 0 29
1 0 0 25
1 0 0 25
1 0 0 2
1 0 0 2
1 0 0 2
1 0 0 2
1 0 0 25
1 0 0 25
1 0 0 25
1 0 0 12
1 0 0 12
1 0 0 12
1 0 0 12
1 0 0 30
1 0 0 25
1 0 0 25
1 0 0 25
1 0 0 25
1 0 0 6
1 0 0 6
1 0 0 6
1 0 0 6
1 0 0 6
1 0 0 10
1 0 0 10
1 0 0 10
1 0 0 25
1 0 0 25
1 0 0 3
1 0 0 3
1 0 0 3
1 0 0 3
1 0 0 3
1 0 0 3
1 0 0 3
1 0 0 3
1 0 0 3
1 0 0 3
1 0 0 3
1 0 0 16
1 0 0 2
1 0 0 2
1 0 0 31
1 0 0 31
1 0 0 31
1 0 0 31
1 0 0 31
1 0 0 31
1 0 0 31
1 0 0 31
1 0 0 31
1 0 0 31
1 0 0 31
1 0 0 31
1 0 0 31
1 0 0 31
1 0 0 31
1 0 0 31
1 0 0 31
1 0 0 31
1 0 0 31
1 0 0 31
1 0 0 2
1 0 0 2
1 0 0 2
1 0 0 2
1 0 0 32
1 0 0 32
1 0 0 32
1 0 0 32
1 0 0 32
1 0 0 32
1 0 0 32
1 0 0 32
1 0 0 32
1 0 0 32
1 0 0 32
1 0 0 32
1 0 0 32
1 0 0 32
1 0 0 32
1 0 0 32
1 0 0 32
1 0 0 32
1 0 0 32
1 0 0 32
1 0 0 33
1 0 0 33
1 0 0 33
1 0 0 33
1 0 0 33
1 0 0 33
1 0 0 33
1 0 0 33
1 0 0 33
1 0 0 33
1 0 0 33
1 0 0 33
1 0 0 33
1 0 0 34
1 0 0 34
1 0 0 34
1 0 0 34
1 0 0 34
1 0 0 34
1 0 0 34
1 0 0 34
1 0 0 34
1 0 0 34
1 0 0 34
1 0 0 34
1 0 0 34
1 0 0 34
1 0 0 34
1 0 0 34
1 0 0 34
1 0 0 34
1 0 0 34
1 0 0 34
1 0 0 35
1 0 0 35
1 0 0 35
1 0 0 35
1 0 0 35
1 0 0 35
1 0 0 35
1 0 0 35
1 0 0 35
1 0 0 35
1 0 0 35
1 0 0 35
1 0 0 35
1 0 0 35
1 0 0 35
1 0 0 35
1 0 0 35
1 0 0 35
1 0 0 35
1 0 0 35
1 0 0 36
1 0 0 36
1 0 0 36
1 0 0 36
1 0 0 36
1 0 0 36
1 0 0 36
1 0 0 36
1 0 0 36
1 0 0 36
1 0 0 36
1 0 0 36
1 0 0 36
1 0 0 36
1 0 0 36
1 0 0 36
1 0 0 36
1 0 0 36
1 0 0 36
1 0 0 36
1 0 0 37
1 0 0 37
1 0 0 37
1 0 0 37
1 0 0 37
1 0 0 37
1 0 0 37
1 0 0 37
1 0 0 37
1 0 0 37
1 0 0 37
1 0 0 37
1 0 0 38
1 0 0 38
1 0 0 38
1 0 0 38
1 0 0 38
1 0 0 38
1 0 0 38
1 0 0 38
1 0 0 38
1 0 0 38
1 0 0 38
1 0 0 38
1 0 0 38
1 0 0 38
1 0 0 38
1 0 0 38
1 0 0 38
1 0 0 38
1 0 0 38
1 0 0 38
1 0 0 37
1 0 0 37
1 0 0 37
1 0 0 37
1 0 0 37
1 0 0 37
1 0 0 37
1 0 0 37
1 0 0 39
1 0 0 39
1 0 0 40
1 0 0 40
1 0 0 40
1 0 0 40
1 0 0 40
1 0 0 40
1 0 0 40
1 0 0 40
1 0 0 40
1 0 0 40
1 0 0 40
1 0 0 40
1 0 0 40
1 0 0 40
1 0 0 40
1 0 0 40
1 0 0 40
1 0 0 40
1 0 0 40
1 0 0 40
1 0 0 39
1 0 0 41
1 0 0 41
1 0 0 41
1 0 0 41
1 0 0 41
1 0 0 41
1 0 0 41
1 0 0 41
1 0 0 41
1 0 0 41
1 0 0 41
1 0 0 41
1 0 0 41
1 0 0 41
1 0 0 41
1 0 0 41
1 0 0 41
1 0 0 41
1 0 0 41
1 0 0 41
1 0 0 42
1 0 0 42
1 0 0 42
1 0 0 42
1 0 0 42
1 0 0 42
1 0 0 42
1 0 0 42
1 0 0 42
1 0 0 42
1 0 0 42
1 0 0 42
1 0 0 42
1 0 0 42
1 0 0 42
1 0 0 42
1 0 0 42
1 0 0 42
1 0 0 42
1 0 0 42
1 0 0 43
1 0 0 43
1 0 0 43
1 0 0 43
1 0 0 43
1 0 0 44
1 0 0 44
1 0 0 44
1 0 0 44
1 0 0 44
1 0 0 44
1 0 0 44
1 0 0 44
1 0 0 44
1 0 0 44
1 0 0 44
1 0 0 44
1 0 0 44
1 0 0 44
1 0 0 44
1 0 0 44
1 0 0 44
1 0 0 44
1 0 0 44
1 0 0 44
1 0 0 43
1 0 0 43
1 0 0 43
1 0 0 43
1 0 0 43
1 0 0 45
1 0 0 45
1 0 0 45
1 0 0 45
1 0 0 45
1 0 0 45
1 0 0 45
1 0 0 45
1 0 0 45
1 0 0 45
1 0 0 45
1 0 0 45
1 0 0 45
1 0 0 45
1 0 0 45
1 0 0 45
1 0 0 45
1 0 0 45
1 0 0 45
1 0 0 45
1 0 0 46
1 0 0 46
1 0 0 46
1 0 0 46
1 0 0 46
1 0 0 46
1 0 0 46
1 0 0 46
1 0 0 46
1 0 0 46
1 0 0 46
1 0 0 46
1 0 0 46
1 0 0 46
1 0 0 46
1 0 0 46
1 0 0 46
1 0 0 46
1 0 0 46
1 0 0 46
1 0 0 43
1 0 0 47
1 0 0 47
1 0 0 47
1 0 0 47
1 0 0 47
1 0 0 47
1 0 0 47
1 0 0 47
1 0 0 47
1 0 0 47
1 0 0 47
1 0 0 47
1 0 0 47
1 0 0 47
1 0 0 47
1 0 0 47
1 0 0 47
1 0 0 47
1 0 0 47
1 0 0 47
1 0 0 43
1 0 0 48
1 0 0 48
1 0 0 48
1 0 0 48
1 0 0 48
1 0 0 48
1 0 0 48
1 0 0 48
1 0 0 48
1 0 0 48
1 0 0 48
1 0 0 48
1 0 0 48
1 0 0 48
1 0 0 48
1 0 0 48
1 0 0 48
1 0 0 48
1 0 0 48
1 0 0 48
1 0 0 43
1 0 0 43
1 0 0 49
1 0 0 49
1 0 0 49
1 0 0 49
1 0 0 49
1 0 0 49
1 0 0 49
1 0 0 49
1 0 0 49
1 0 0 49
1 0 0 49
1 0 0 49
1 0 0 49
1 0 0 49
1 0 0 49
1 0 0 49
1 0 0 49
1 0 0 49
1 0 0 49
1 0 0 49
1 0 0 43
1 0 0 43
1 0 0 43
1 0 0 43
1 0 0 43
1 0 0 43
1 0 0 50
1 0 0 50
1 0 0 50
1 0 0 50
1 0 0 50
1 0 0 50
1 0 0 50
1 0 0 50
1 0 0 50
1 0 0 50
1 0 0 50
1 0 0 50
1 0 0 50
1 0 0 50
1 0 0 50
1 0 0 50
1 0 0 50
1 0 0 50
1 0 0 50
1 0 0 50
1 0 0 51
1 0 0 51
1 0 0 51
1 0 0 51
1 0 0 51
1 0 0 51
1 0 0 51
1 0 0 51
1 0 0 51
1 0 0 51
1 0 0 51
1 0 0 51
1 0 0 51
1 0 0 51
1 0 0 51
1 0 0 51
1 0 0 51
1 0 0 51
1 0 0 51
1 0 0 51
1 0 0 39
1 0 0 39
1 0 0 52
1 0 0 52
1 0 0 52
1 0 0 52
1 0 0 52
1 0 0 52
1 0 0 52
1 0 0 52
1 0 0 52
1 0 0 52
1 0 0 52
1 0 0 52
1 0 0 52
1 0 0 52
1 0 0 52
1 0 0 52
1 0 0 52
1 0 0 52
1 0 0 52
1 0 0 52
1 0 0 53
1 0 0 53
1 0 0 53
1 0 0 53
1 0 0 53
1 0 0 53
1 0 0 53
1 0 0 53
1 0 0 53
1 0 0 53
1 0 0 53
1 0 0 53
1 0 0 53
1 0 0 53
1 0 0 53
1 0 0 53
1 0 0 53
1 0 0 53
1 0 0 53
1 0 0 53
1 0 0 54
1 0 0 54
1 0 0 54
1 0 0 54
1 0 0 54
1 0 0 54
1 0 0 54
1 0 0 54
1 0 0 54
1 0 0 54
1 0 0 54
1 0 0 54
1 0 0 54
1 0 0 54
1 0 0 54
1 0 0 54
1 0 0 54
1 0 0 54
1 0 0 54
1 0 0 54
1 0 0 39
1 0 0 55
1 0 0 55
1 0 0 55
1 0 0 55
1 0 0 55
1 0 0 55
1 0 0 55
1 0 0 55
1 0 0 55
1 0 0 55
1 0 0 55
1 0 0 55
1 0 0 55
1 0 0 55
1 0 0 55
1 0 0 55
1 0 0 55
1 0 0 55
1 0 0 55
1 0 0 55
1 0 0 39
1 0 0 39
1 0 0 56
1 0 0 56
1 0 0 56
1 0 0 56
1 0 0 56
1 0 0 56
1 0 0 56
1 0 0 56
1 0 0 56
1 0 0 56
1 0 0 56
1 0 0 56
1 0 0 56
1 0 0 56
1 0 0 56
1 0 0 56
1 0 0 56
1 0 0 56
1 0 0 56
1 0 0 56
1 0 0 39
1 0 0 39
1 0 0 57
1 0 0 57
1 0 0 57
1 0 0 57
1 0 0 57
1 0 0 57
1 0 0 57
1 0 0 57
1 0 0 57
1 0 0 57
1 0 0 57
1 0 0 57
1 0 0 57
1 0 0 57
1 0 0 57
1 0 0 57
1 0 0 57
1 0 0 57
1 0 0 57
1 0 0 57
1 0 0 39
1 0 0 39
1 0 0 39
1 0 0 58
1 0 0 58
1 0 0 58
1 0 0 58
1 0 0 58
1 0 0 58
1 0 0 58
1 0 0 58
1 0 0 58
1 0 0 58
1 0 0 58
1 0 0 58
1 0 0 58
1 0 0 58
1 0 0 58
1 0 0 58
1 0 0 58
1 0 0 58
1 0 0 58
1 0 0 58
1 0 0 39
1 0 0 59
1 0 0 59
1 0 0 59
1 0 0 59
1 0 0 59
1 0 0 59
1 0 0 59
1 0 0 59
1 0 0 59
1 0 0 59
1 0 0 59
1 0 0 59
1 0 0 59
1 0 0 59
1 0 0 59
1 0 0 59
1 0 0 59
1 0 0 59
1 0 0 59
1 0 0 59
1 0 0 39
1 0 0 60
1 0 0 60
1 0 0 60
1 0 0 60
1 0 0 60
1 0 0 60
1 0 0 60
1 0 0 60
1 0 0 60
1 0 0 60
1 0 0 60
1 0 0 60
1 0 0 60
1 0 0 60
1 0 0 60
1 0 0 60
1 0 0 60
1 0 0 60
1 0 0 60
1 0 0 60
1 0 0 39
1 0 0 39
1 0 0 39
1 0 0 39
1 0 0 61
1 0 0 61
1 0 0 61
1 0 0 61
1 0 0 61
1 0 0 61
1 0 0 61
1 0 0 61
1 0 0 61
1 0 0 61
1 0 0 61
1 0 0 61
1 0 0 61
1 0 0 61
1 0 0 61
1 0 0 61
1 0 0 61
1 0 0 61
1 0 0 61
1 0 0 61
1 0 0 62
1 0 0 62
1 0 0 62
1 0 0 62
1 0 0 62
1 0 0 62
1 0 0 62
1 0 0 62
1 0 0 62
1 0 0 62
1 0 0 62
1 0 0 62
1 0 0 62
1 0 0 62
1 0 0 62
1 0 0 62
1 0 0 62
1 0 0 62
1 0 0 62
1 0 0 62
1 0 0 63
1 0 0 63
1 0 0 63
1 0 0 63
1 0 0 63
1 0 0 63
1 0 0 63
1 0 0 63
1 0 0 63
1 0 0 63
1 0 0 63
1 0 0 63
1 0 0 63
1 0 0 63
1 0 0 63
1 0 0 63
1 0 0 63
1 0 0 63
1 0 0 63
1 0 0 63
1 0 0 39
1 0 0 64
1 0 0 64
1 0 0 64
1 0 0 64
1 0 0 64
1 0 0 64
1 0 0 64
1 0 0 64
1 0 0 64
1 0 0 64
1 0 0 64
1 0 0 64
1 0 0 64
1 0 0 64
1 0 0 64
1 0 0 64
1 0 0 64
1 0 0 64
1 0 0 64
1 0 0 64
1 0 0 65
1 0 0 65
1 0 0 65
1 0 0 65
1 0 0 65
1 0 0 65
1 0 0 65
1 0 0 65
1 0 0 65
1 0 0 65
1 0 0 65
1 0 0 65
1 0 0 65
1 0 0 65
1 0 0 65
1 0 0 65
1 0 0 65
1 0 0 65
1 0 0 65
1 0 0 65
1 0 0 33
1 0 0 33
1 0 0 33
1 0 0 66
1 0 0 66
1 0 0 66
1 0 0 66
1 0 0 66
1 0 0 66
1 0 0 66
1 0 0 66
1 0 0 66
1 0 0 66
1 0 0 66
1 0 0 66
1 0 0 66
1 0 0 66
1 0 0 66
1 0 0 66
1 0 0 66
1 0 0 66
1 0 0 66
1 0 0 66
1 0 0 33
1 0 0 33
1 0 0 33
1 0 0 33
1 0 0 67
1 0 0 67
1 0 0 67
1 0 0 67
1 0 0 67
1 0 0 67
1 0 0 67
1 0 0 67
1 0 0 67
1 0 0 67
1 0 0 67
1 0 0 67
1 0 0 67
1 0 0 67
1 0 0 67
1 0 0 67
1 0 0 67
1 0 0 67
1 0 0 67
1 0 0 67
1 0 0 25
1 0 0 25
1 0 0 16
1 0 0 16
1 0 0 16
1 0 0 16
1 0 0 16
1 0 0 16
1 0 0 16
1 0 0 16
1 0 0 16
1 0 0 25
1 0 0 30
1 0 0 30
1 0 0 30
1 0 0 30
1 0 0 30
1 0 0 30
1 0 0 30
1 0 0 30
1 0 0 30
1 0 0 30
1 0 0 30
1 0 0 30
1 0 0 30
1 0 0 30
1 0 0 30
1 0 0 30
1 0 0 30
1 0 0 30
0.1 1 2 -1
0.1 4 5 -1
0.1 3 1342 -1
0.1 1341 1343 -1
0.1 7 8 -1
0.1 6 1345 -1
0.1 9 10 -1
0.1 12 13 -1
0.1 11 1348 -1
0.1 1347 1349 -1
0.1 1346 1350 -1
0.1 15 16 -1
0.1 18 19 -1
0.1 17 1353 -1
0.1 1352 1354 -1
0.1 14 1355 -1
0.1 20 21 -1
0.1 1356 1357 -1
0.1 1351 1358 -1
0.1 1344 1359 -1
0.1 23 24 -1
0.1 22 1361 -1
0.1 1362 25 -1
0.1 28 29 -1
0.1 27 1364 -1
0.1 30 31 -1
0.1 1366 32 -1
0.1 1367 33 -1
0.1 1365 1368 -1
0.1 26 1369 -1
0.1 36 37 -1
0.1 35 1371 -1
0.1 1372 38 -1
0.1 34 1373 -1
0.1 1370 1374 -1
0.1 1363 1375 -1
0.1 39 40 -1
0.1 42 43 -1
0.1 46 47 -1
0.1 45 1379 -1
0.1 44 1380 -1
0.1 48 49 -1
0.1 51 52 -1
0.1 50 1383 -1
0.1 1384 53 -1
0.1 1382 1385 -1
0.1 1381 1386 -1
0.1 54 55 -1
0.1 59 60 -1
0.1 58 1389 -1
0.1 62 63 -1
0.1 1391 64 -1
0.1 61 1392 -1
0.1 1390 1393 -1
0.1 1394 65 -1
0.1 57 1395 -1
0.1 56 1396 -1
0.1 68 69 -1
0.1 1398 70 -1
0.1 67 1399 -1
0.1 66 1400 -1
0.1 1397 1401 -1
0.1 1388 1402 -1
0.1 72 73 -1
0.1 71 1404 -1
0.1 1403 1405 -1
0.1 1387 1406 -1
0.1 74 75 -1
0.1 1408 76 -1
0.1 1409 77 -1
0.1 80 81 -1
0.1 79 1411 -1
0.1 78 1412 -1
0.1 1413 82 -1
0.1 1410 1414 -1
0.1 83 84 -1
0.1 85 86 -1
0.1 1416 1417 -1
0.1 87 88 -1
0.1 1418 1419 -1
0.1 93 94 -1
0.1 1421 95 -1
0.1 92 1422 -1
0.1 91 1423 -1
0.1 90 1424 -1
0.1 89 1425 -1
0.1 1426 96 -1
0.1 1420 1427 -1
0.1 1415 1428 -1
0.1 98 99 -1
0.1 97 1430 -1
0.1 102 103 -1
0.1 101 1432 -1
0.1 100 1433 -1
0.1 1431 1434 -1
0.1 1429 1435 -1
0.1 1407 1436 -1
0.1 106 107 -1
0.1 1438 108 -1
0.1 1439 109 -1
0.1 105 1440 -1
0.1 104 1441 -1
0.1 111 112 -1
0.1 110 1443 -1
0.1 1444 113 -1
0.1 114 115 -1
0.1 116 117 -1
0.1 119 120 -1
0.1 118 1448 -1
0.1 1447 1449 -1
0.1 1446 1450 -1
0.1 1445 1451 -1
0.1 1442 1452 -1
0.1 121 122 -1
0.1 123 124 -1
0.1 125 126 -1
0.1 1455 1456 -1
0.1 1454 1457 -1
0.1 127 128 -1
0.1 1459 129 -1
0.1 130 131 -1
0.1 1460 1461 -1
0.1 132 133 -1
0.1 1462 1463 -1
0.1 137 138 -1
0.1 136 1465 -1
0.1 135 1466 -1
0.1 134 1467 -1
0.1 140 141 -1
0.1 139 1469 -1
0.1 1470 142 -1
0.1 1471 143 -1
0.1 1468 1472 -1
0.1 146 147 -1
0.1 145 1474 -1
0.1 1475 148 -1
0.1 144 1476 -1
0.1 1473 1477 -1
0.1 149 150 -1
0.1 151 152 -1
0.1 1479 1480 -1
0.1 154 155 -1
0.1 153 1482 -1
0.1 156 157 -1
0.1 1483 1484 -1
0.1 1485 158 -1
0.1 1481 1486 -1
0.1 1478 1487 -1
0.1 1464 1488 -1
0.1 1458 1489 -1
0.1 160 161 -1
0.1 159 1491 -1
0.1 162 163 -1
0.1 1492 1493 -1
0.1 1494 164 -1
0.1 165 166 -1
0.1 167 168 -1
0.1 1496 1497 -1
0.1 1498 169 -1
0.1 1495 1499 -1
0.1 170 171 -1
0.1 174 175 -1
0.1 173 1502 -1
0.1 172 1503 -1
0.1 1501 1504 -1
0.1 176 177 -1
0.1 178 179 -1
0.1 1506 1507 -1
0.1 1505 1508 -1
0.1 181 182 -1
0.1 183 184 -1
0.1 185 186 -1
0.1 187 188 -1
0.1 1512 1513 -1
0.1 1511 1514 -1
0.1 191 192 -1
0.1 190 1516 -1
0.1 189 1517 -1
0.1 1518 193 -1
0.1 1519 194 -1
0.1 1515 1520 -1
0.1 1510 1521 -1
0.1 180 1522 -1
0.1 1509 1523 -1
0.1 1500 1524 -1
0.1 195 196 -1
0.1 1525 1526 -1
0.1 198 199 -1
0.1 1528 200 -1
0.1 202 203 -1
0.1 1530 204 -1
0.1 201 1531 -1
0.1 206 207 -1
0.1 205 1533 -1
0.1 1532 1534 -1
0.1 1529 1535 -1
0.1 197 1536 -1
0.1 208 209 -1
0.1 1538 210 -1
0.1 211 212 -1
0.1 1540 213 -1
0.1 214 215 -1
0.1 1542 216 -1
0.1 1541 1543 -1
0.1 218 219 -1
0.1 1545 220 -1
0.1 222 223 -1
0.1 224 225 -1
0.1 1547 1548 -1
0.1 221 1549 -1
0.1 226 227 -1
0.1 1550 1551 -1
0.1 1546 1552 -1
0.1 229 230 -1
0.1 228 1554 -1
0.1 1553 1555 -1
0.1 217 1556 -1
0.1 1544 1557 -1
0.1 1539 1558 -1
0.1 1537 1559 -1
0.1 231 232 -1
0.1 233 234 -1
0.1 237 238 -1
0.1 236 1563 -1
0.1 235 1564 -1
0.1 1562 1565 -1
0.1 240 241 -1
0.1 1567 242 -1
0.1 239 1568 -1
0.1 1569 243 -1
0.1 245 246 -1
0.1 249 250 -1
0.1 248 1572 -1
0.1 247 1573 -1
0.1 1571 1574 -1
0.1 1575 251 -1
0.1 244 1576 -1
0.1 1577 252 -1
0.1 1570 1578 -1
0.1 1566 1579 -1
0.1 253 254 -1
0.1 1581 255 -1
0.1 1580 1582 -1
0.1 1561 1583 -1
0.1 1560 1584 -1
0.1 256 257 -1
0.1 260 261 -1
0.1 262 263 -1
0.1 1587 1588 -1
0.1 259 1589 -1
0.1 258 1590 -1
0.1 1586 1591 -1
0.1 268 269 -1
0.1 271 272 -1
0.1 270 1594 -1
0.1 1593 1595 -1
0.1 273 274 -1
0.1 275 276 -1
0.1 1597 1598 -1
0.1 1596 1599 -1
0.1 277 278 -1
0.1 1601 279 -1
0.1 1600 1602 -1
0.1 267 1603 -1
0.1 266 1604 -1
0.1 280 281 -1
0.1 282 283 -1
0.1 1607 284 -1
0.1 1606 1608 -1
0.1 1605 1609 -1
0.1 265 1610 -1
0.1 287 288 -1
0.1 289 290 -1
0.1 1612 1613 -1
0.1 286 1614 -1
0.1 285 1615 -1
0.1 291 292 -1
0.1 293 294 -1
0.1 1618 295 -1
0.1 296 297 -1
0.1 1619 1620 -1
0.1 302 303 -1
0.1 301 1622 -1
0.1 1623 304 -1
0.1 300 1624 -1
0.1 299 1625 -1
0.1 298 1626 -1
0.1 1621 1627 -1
0.1 1617 1628 -1
0.1 1616 1629 -1
0.1 1611 1630 -1
0.1 264 1631 -1
0.1 1592 1632 -1
0.1 305 306 -1
0.1 309 310 -1
0.1 308 1635 -1
0.1 307 1636 -1
0.1 1634 1637 -1
0.1 1633 1638 -1
0.1 311 312 -1
0.1 313 314 -1
0.1 1640 1641 -1
0.1 316 317 -1
0.1 1643 318 -1
0.1 315 1644 -1
0.1 1642 1645 -1
0.1 319 320 -1
0.1 323 324 -1
0.1 325 326 -1
0.1 1648 1649 -1
0.1 322 1650 -1
0.1 329 330 -1
0.1 328 1652 -1
0.1 327 1653 -1
0.1 1651 1654 -1
0.1 331 332 -1
0.1 1656 333 -1
0.1 1657 334 -1
0.1 1655 1658 -1
0.1 321 1659 -1
0.1 1647 1660 -1
0.1 336 337 -1
0.1 335 1662 -1
0.1 339 340 -1
0.1 338 1664 -1
0.1 1663 1665 -1
0.1 1661 1666 -1
0.1 1646 1667 -1
0.1 1639 1668 -1
0.1 1585 1669 -1
0.1 1527 1670 -1
0.1 1490 1671 -1
0.1 1453 1672 -1
0.1 1437 1673 -1
0.1 1674 341 -1
0.1 1378 1675 -1
0.1 41 1676 -1
0.1 1377 1677 -1
0.1 343 344 -1
0.1 342 1679 -1
0.1 1678 1680 -1
0.1 1376 1681 -1
0.1 1360 1682 -1
0.1 346 347 -1
0.1 345 1684 -1
0.1 350 351 -1
0.1 349 1686 -1
0.1 348 1687 -1
0.1 352 353 -1
0.1 1688 1689 -1
0.1 354 355 -1
0.1 356 357 -1
0.1 1691 1692 -1
0.1 1690 1693 -1
0.1 364 365 -1
0.1 363 1695 -1
0.1 366 367 -1
0.1 1696 1697 -1
0.1 368 369 -1
0.1 1699 370 -1
0.1 372 373 -1
0.1 1701 374 -1
0.1 371 1702 -1
0.1 376 377 -1
0.1 375 1704 -1
0.1 380 381 -1
0.1 379 1706 -1
0.1 378 1707 -1
0.1 1705 1708 -1
0.1 1709 382 -1
0.1 1703 1710 -1
0.1 1700 1711 -1
0.1 1698 1712 -1
0.1 1713 383 -1
0.1 384 385 -1
0.1 1714 1715 -1
0.1 362 1716 -1
0.1 361 1717 -1
0.1 386 387 -1
0.1 388 389 -1
0.1 390 391 -1
0.1 1720 1721 -1
0.1 1719 1722 -1
0.1 392 393 -1
0.1 1723 1724 -1
0.1 1725 394 -1
0.1 1718 1726 -1
0.1 360 1727 -1
0.1 396 397 -1
0.1 1729 398 -1
0.1 1730 399 -1
0.1 395 1731 -1
0.1 1728 1732 -1
0.1 1733 400 -1
0.1 359 1734 -1
0.1 358 1735 -1
0.1 403 404 -1
0.1 402 1737 -1
0.1 401 1738 -1
0.1 1736 1739 -1
0.1 1694 1740 -1
0.1 1685 1741 -1
0.1 408 409 -1
0.1 407 1743 -1
0.1 410 411 -1
0.1 1745 412 -1
0.1 1744 1746 -1
0.1 413 414 -1
0.1 1748 415 -1
0.1 1747 1749 -1
0.1 406 1750 -1
0.1 417 418 -1
0.1 419 420 -1
0.1 1752 1753 -1
0.1 416 1754 -1
0.1 421 422 -1
0.1 1755 1756 -1
0.1 423 424 -1
0.1 1757 1758 -1
0.1 1751 1759 -1
0.1 405 1760 -1
0.1 1761 425 -1
0.1 1742 1762 -1
0.1 427 428 -1
0.1 426 1764 -1
0.1 429 430 -1
0.1 1766 431 -1
0.1 432 433 -1
0.1 1767 1768 -1
0.1 434 435 -1
0.1 1769 1770 -1
0.1 436 437 -1
0.1 1772 438 -1
0.1 441 442 -1
0.1 440 1774 -1
0.1 439 1775 -1
0.1 443 444 -1
0.1 1776 1777 -1
0.1 1773 1778 -1
0.1 445 446 -1
0.1 447 448 -1
0.1 1780 1781 -1
0.1 1779 1782 -1
0.1 1771 1783 -1
0.1 452 453 -1
0.1 451 1785 -1
0.1 454 455 -1
0.1 1786 1787 -1
0.1 457 458 -1
0.1 456 1789 -1
0.1 459 460 -1
0.1 1790 1791 -1
0.1 1788 1792 -1
0.1 461 462 -1
0.1 1794 463 -1
0.1 1795 464 -1
0.1 465 466 -1
0.1 467 468 -1
0.1 1797 1798 -1
0.1 1796 1799 -1
0.1 1793 1800 -1
0.1 1801 469 -1
0.1 450 1802 -1
0.1 470 471 -1
0.1 1803 1804 -1
0.1 449 1805 -1
0.1 1784 1806 -1
0.1 1765 1807 -1
0.1 475 476 -1
0.1 480 481 -1
0.1 1810 482 -1
0.1 479 1811 -1
0.1 1812 483 -1
0.1 478 1813 -1
0.1 489 490 -1
0.1 488 1815 -1
0.1 487 1816 -1
0.1 486 1817 -1
0.1 485 1818 -1
0.1 492 493 -1
0.1 491 1820 -1
0.1 496 497 -1
0.1 495 1822 -1
0.1 494 1823 -1
0.1 1821 1824 -1
0.1 1819 1825 -1
0.1 484 1826 -1
0.1 1814 1827 -1
0.1 477 1828 -1
0.1 1809 1829 -1
0.1 474 1830 -1
0.1 473 1831 -1
0.1 472 1832 -1
0.1 1808 1833 -1
0.1 1834 498 -1
0.1 500 501 -1
0.1 499 1836 -1
0.1 1835 1837 -1
0.1 502 503 -1
0.1 504 505 -1
0.1 1840 506 -1
0.1 507 508 -1
0.1 510 511 -1
0.1 509 1843 -1
0.1 513 514 -1
0.1 512 1845 -1
0.1 515 516 -1
0.1 1846 1847 -1
0.1 517 518 -1
0.1 1849 519 -1
0.1 1848 1850 -1
0.1 1844 1851 -1
0.1 1842 1852 -1
0.1 1853 520 -1
0.1 1841 1854 -1
0.1 521 522 -1
0.1 1856 523 -1
0.1 1857 524 -1
0.1 1855 1858 -1
0.1 525 526 -1
0.1 1859 1860 -1
0.1 1839 1861 -1
0.1 528 529 -1
0.1 527 1863 -1
0.1 1864 530 -1
0.1 1865 531 -1
0.1 535 536 -1
0.1 534 1867 -1
0.1 1868 537 -1
0.1 1869 538 -1
0.1 533 1870 -1
0.1 1871 539 -1
0.1 532 1872 -1
0.1 1873 540 -1
0.1 1866 1874 -1
0.1 1862 1875 -1
0.1 1838 1876 -1
0.1 1763 1877 -1
0.1 543 544 -1
0.1 546 547 -1
0.1 545 1880 -1
0.1 1879 1881 -1
0.1 548 549 -1
0.1 1883 550 -1
0.1 1882 1884 -1
0.1 551 552 -1
0.1 1885 1886 -1
0.1 542 1887 -1
0.1 556 557 -1
0.1 555 1889 -1
0.1 554 1890 -1
0.1 553 1891 -1
0.1 560 561 -1
0.1 1893 562 -1
0.1 559 1894 -1
0.1 558 1895 -1
0.1 1896 563 -1
0.1 1892 1897 -1
0.1 1898 564 -1
0.1 568 569 -1
0.1 567 1900 -1
0.1 570 571 -1
0.1 1901 1902 -1
0.1 572 573 -1
0.1 1903 1904 -1
0.1 575 576 -1
0.1 1906 577 -1
0.1 1907 578 -1
0.1 574 1908 -1
0.1 1909 579 -1
0.1 1910 580 -1
0.1 1905 1911 -1
0.1 581 582 -1
0.1 1913 583 -1
0.1 585 586 -1
0.1 584 1915 -1
0.1 1914 1916 -1
0.1 1912 1917 -1
0.1 566 1918 -1
0.1 587 588 -1
0.1 1920 589 -1
0.1 1919 1921 -1
0.1 1922 590 -1
0.1 565 1923 -1
0.1 592 593 -1
0.1 597 598 -1
0.1 1926 599 -1
0.1 596 1927 -1
0.1 595 1928 -1
0.1 594 1929 -1
0.1 601 602 -1
0.1 600 1931 -1
0.1 1932 603 -1
0.1 1930 1933 -1
0.1 604 605 -1
0.1 608 609 -1
0.1 607 1936 -1
0.1 606 1937 -1
0.1 1935 1938 -1
0.1 1934 1939 -1
0.1 1925 1940 -1
0.1 1941 610 -1
0.1 591 1942 -1
0.1 612 613 -1
0.1 611 1944 -1
0.1 614 615 -1
0.1 1946 616 -1
0.1 1947 617 -1
0.1 1945 1948 -1
0.1 619 620 -1
0.1 618 1950 -1
0.1 1949 1951 -1
0.1 1943 1952 -1
0.1 1924 1953 -1
0.1 1954 621 -1
0.1 626 627 -1
0.1 625 1956 -1
0.1 624 1957 -1
0.1 628 629 -1
0.1 630 631 -1
0.1 632 633 -1
0.1 1960 1961 -1
0.1 634 635 -1
0.1 1962 1963 -1
0.1 1959 1964 -1
0.1 637 638 -1
0.1 639 640 -1
0.1 1967 641 -1
0.1 1966 1968 -1
0.1 636 1969 -1
0.1 642 643 -1
0.1 1970 1971 -1
0.1 1965 1972 -1
0.1 1958 1973 -1
0.1 645 646 -1
0.1 644 1975 -1
0.1 647 648 -1
0.1 649 650 -1
0.1 651 652 -1
0.1 654 655 -1
0.1 653 1980 -1
0.1 1981 656 -1
0.1 1982 657 -1
0.1 1979 1983 -1
0.1 1978 1984 -1
0.1 658 659 -1
0.1 1986 660 -1
0.1 1985 1987 -1
0.1 662 663 -1
0.1 661 1989 -1
0.1 1988 1990 -1
0.1 1977 1991 -1
0.1 1976 1992 -1
0.1 664 665 -1
0.1 669 670 -1
0.1 668 1995 -1
0.1 671 672 -1
0.1 1996 1997 -1
0.1 667 1998 -1
0.1 1999 673 -1
0.1 666 2000 -1
0.1 1994 2001 -1
0.1 676 677 -1
0.1 678 679 -1
0.1 680 681 -1
0.1 2005 682 -1
0.1 2004 2006 -1
0.1 2003 2007 -1
0.1 2008 683 -1
0.1 675 2009 -1
0.1 674 2010 -1
0.1 2002 2011 -1
0.1 687 688 -1
0.1 686 2013 -1
0.1 685 2014 -1
0.1 689 690 -1
0.1 692 693 -1
0.1 691 2017 -1
0.1 2016 2018 -1
0.1 2015 2019 -1
0.1 694 695 -1
0.1 2020 2021 -1
0.1 684 2022 -1
0.1 698 699 -1
0.1 2024 700 -1
0.1 697 2025 -1
0.1 701 702 -1
0.1 704 705 -1
0.1 2028 706 -1
0.1 2029 707 -1
0.1 703 2030 -1
0.1 2027 2031 -1
0.1 2026 2032 -1
0.1 696 2033 -1
0.1 708 709 -1
0.1 710 711 -1
0.1 2036 712 -1
0.1 2037 713 -1
0.1 2035 2038 -1
0.1 714 715 -1
0.1 2039 2040 -1
0.1 2034 2041 -1
0.1 2023 2042 -1
0.1 2012 2043 -1
0.1 716 717 -1
0.1 2045 718 -1
0.1 720 721 -1
0.1 722 723 -1
0.1 2047 2048 -1
0.1 719 2049 -1
0.1 2046 2050 -1
0.1 2044 2051 -1
0.1 1993 2052 -1
0.1 724 725 -1
0.1 727 728 -1
0.1 2055 729 -1
0.1 732 733 -1
0.1 731 2057 -1
0.1 2058 734 -1
0.1 730 2059 -1
0.1 2056 2060 -1
0.1 2061 735 -1
0.1 737 738 -1
0.1 2063 739 -1
0.1 740 741 -1
0.1 2064 2065 -1
0.1 736 2066 -1
0.1 743 744 -1
0.1 2068 745 -1
0.1 742 2069 -1
0.1 2067 2070 -1
0.1 2062 2071 -1
0.1 726 2072 -1
0.1 748 749 -1
0.1 751 752 -1
0.1 750 2075 -1
0.1 2074 2076 -1
0.1 747 2077 -1
0.1 756 757 -1
0.1 755 2079 -1
0.1 754 2080 -1
0.1 2081 758 -1
0.1 753 2082 -1
0.1 760 761 -1
0.1 759 2084 -1
0.1 762 763 -1
0.1 765 766 -1
0.1 764 2087 -1
0.1 2086 2088 -1
0.1 2085 2089 -1
0.1 2083 2090 -1
0.1 2078 2091 -1
0.1 746 2092 -1
0.1 2073 2093 -1
0.1 770 771 -1
0.1 769 2095 -1
0.1 768 2096 -1
0.1 772 773 -1
0.1 775 776 -1
0.1 2099 777 -1
0.1 2100 778 -1
0.1 774 2101 -1
0.1 779 780 -1
0.1 2103 781 -1
0.1 2102 2104 -1
0.1 2098 2105 -1
0.1 2106 782 -1
0.1 2107 783 -1
0.1 2097 2108 -1
0.1 784 785 -1
0.1 2109 2110 -1
0.1 767 2111 -1
0.1 2112 786 -1
0.1 794 795 -1
0.1 796 797 -1
0.1 799 800 -1
0.1 798 2116 -1
0.1 2117 801 -1
0.1 2115 2118 -1
0.1 2119 802 -1
0.1 803 804 -1
0.1 805 806 -1
0.1 2121 2122 -1
0.1 807 808 -1
0.1 2123 2124 -1
0.1 2125 809 -1
0.1 2126 810 -1
0.1 2120 2127 -1
0.1 2114 2128 -1
0.1 793 2129 -1
0.1 792 2130 -1
0.1 2131 811 -1
0.1 2132 812 -1
0.1 2133 813 -1
0.1 791 2134 -1
0.1 2135 814 -1
0.1 790 2136 -1
0.1 789 2137 -1
0.1 788 2138 -1
0.1 787 2139 -1
0.1 815 816 -1
0.1 819 820 -1
0.1 818 2142 -1
0.1 817 2143 -1
0.1 822 823 -1
0.1 821 2145 -1
0.1 826 827 -1
0.1 825 2147 -1
0.1 824 2148 -1
0.1 829 830 -1
0.1 832 833 -1
0.1 831 2151 -1
0.1 2150 2152 -1
0.1 828 2153 -1
0.1 835 836 -1
0.1 834 2155 -1
0.1 2154 2156 -1
0.1 2149 2157 -1
0.1 2146 2158 -1
0.1 2144 2159 -1
0.1 2141 2160 -1
0.1 2140 2161 -1
0.1 837 838 -1
0.1 839 840 -1
0.1 2163 2164 -1
0.1 845 846 -1
0.1 844 2166 -1
0.1 843 2167 -1
0.1 842 2168 -1
0.1 2169 847 -1
0.1 841 2170 -1
0.1 851 852 -1
0.1 850 2172 -1
0.1 849 2173 -1
0.1 848 2174 -1
0.1 2171 2175 -1
0.1 2165 2176 -1
0.1 854 855 -1
0.1 2178 856 -1
0.1 853 2179 -1
0.1 2177 2180 -1
0.1 858 859 -1
0.1 860 861 -1
0.1 863 864 -1
0.1 2184 865 -1
0.1 862 2185 -1
0.1 2186 866 -1
0.1 867 868 -1
0.1 2188 869 -1
0.1 2189 870 -1
0.1 2187 2190 -1
0.1 873 874 -1
0.1 872 2192 -1
0.1 871 2193 -1
0.1 2191 2194 -1
0.1 875 876 -1
0.1 2195 2196 -1
0.1 2183 2197 -1
0.1 2182 2198 -1
0.1 2199 877 -1
0.1 857 2200 -1
0.1 2181 2201 -1
0.1 880 881 -1
0.1 2203 882 -1
0.1 879 2204 -1
0.1 885 886 -1
0.1 884 2206 -1
0.1 883 2207 -1
0.1 2205 2208 -1
0.1 888 889 -1
0.1 890 891 -1
0.1 2210 2211 -1
0.1 893 894 -1
0.1 2213 895 -1
0.1 892 2214 -1
0.1 2212 2215 -1
0.1 887 2216 -1
0.1 2209 2217 -1
0.1 896 897 -1
0.1 2219 898 -1
0.1 2218 2220 -1
0.1 878 2221 -1
0.1 899 900 -1
0.1 2222 2223 -1
0.1 903 904 -1
0.1 905 906 -1
0.1 2226 907 -1
0.1 908 909 -1
0.1 2227 2228 -1
0.1 910 911 -1
0.1 2229 2230 -1
0.1 2225 2231 -1
0.1 2232 912 -1
0.1 913 914 -1
0.1 2233 2234 -1
0.1 902 2235 -1
0.1 915 916 -1
0.1 919 920 -1
0.1 918 2238 -1
0.1 917 2239 -1
0.1 2237 2240 -1
0.1 2236 2241 -1
0.1 901 2242 -1
0.1 2224 2243 -1
0.1 925 926 -1
0.1 924 2245 -1
0.1 923 2246 -1
0.1 922 2247 -1
0.1 921 2248 -1
0.1 2244 2249 -1
0.1 2202 2250 -1
0.1 2162 2251 -1
0.1 927 928 -1
0.1 931 932 -1
0.1 930 2254 -1
0.1 933 934 -1
0.1 936 937 -1
0.1 935 2257 -1
0.1 2256 2258 -1
0.1 939 940 -1
0.1 938 2260 -1
0.1 2261 941 -1
0.1 2259 2262 -1
0.1 2255 2263 -1
0.1 929 2264 -1
0.1 2265 942 -1
0.1 944 945 -1
0.1 2267 946 -1
0.1 943 2268 -1
0.1 2266 2269 -1
0.1 2253 2270 -1
0.1 947 948 -1
0.1 950 951 -1
0.1 949 2273 -1
0.1 2272 2274 -1
0.1 952 953 -1
0.1 2275 2276 -1
0.1 955 956 -1
0.1 954 2278 -1
0.1 957 958 -1
0.1 2280 959 -1
0.1 2279 2281 -1
0.1 2277 2282 -1
0.1 961 962 -1
0.1 960 2284 -1
0.1 2285 963 -1
0.1 2283 2286 -1
0.1 965 966 -1
0.1 964 2288 -1
0.1 2287 2289 -1
0.1 2271 2290 -1
0.1 2252 2291 -1
0.1 2113 2292 -1
0.1 2094 2293 -1
0.1 967 968 -1
0.1 970 971 -1
0.1 972 973 -1
0.1 2297 974 -1
0.1 2296 2298 -1
0.1 975 976 -1
0.1 2299 2300 -1
0.1 977 978 -1
0.1 2301 2302 -1
0.1 969 2303 -1
0.1 979 980 -1
0.1 981 982 -1
0.1 983 984 -1
0.1 986 987 -1
0.1 985 2308 -1
0.1 2307 2309 -1
0.1 2306 2310 -1
0.1 2311 988 -1
0.1 2305 2312 -1
0.1 2304 2313 -1
0.1 2295 2314 -1
0.1 990 991 -1
0.1 992 993 -1
0.1 2316 2317 -1
0.1 989 2318 -1
0.1 994 995 -1
0.1 996 997 -1
0.1 2320 2321 -1
0.1 1000 1001 -1
0.1 999 2323 -1
0.1 1003 1004 -1
0.1 1002 2325 -1
0.1 2324 2326 -1
0.1 2327 1005 -1
0.1 1007 1008 -1
0.1 1006 2329 -1
0.1 2328 2330 -1
0.1 998 2331 -1
0.1 2322 2332 -1
0.1 2319 2333 -1
0.1 1009 1010 -1
0.1 1012 1013 -1
0.1 1011 2336 -1
0.1 2337 1014 -1
0.1 1015 1016 -1
0.1 2339 1017 -1
0.1 2338 2340 -1
0.1 1019 1020 -1
0.1 1018 2342 -1
0.1 1021 1022 -1
0.1 2343 2344 -1
0.1 2341 2345 -1
0.1 1024 1025 -1
0.1 1027 1028 -1
0.1 1026 2348 -1
0.1 2347 2349 -1
0.1 1023 2350 -1
0.1 2346 2351 -1
0.1 2335 2352 -1
0.1 2334 2353 -1
0.1 2354 1029 -1
0.1 1030 1031 -1
0.1 1032 1033 -1
0.1 1034 1035 -1
0.1 1036 1037 -1
0.1 2359 1038 -1
0.1 2358 2360 -1
0.1 2357 2361 -1
0.1 2356 2362 -1
0.1 1043 1044 -1
0.1 1042 2364 -1
0.1 2365 1045 -1
0.1 2366 1046 -1
0.1 1041 2367 -1
0.1 1040 2368 -1
0.1 1039 2369 -1
0.1 1047 1048 -1
0.1 2371 1049 -1
0.1 2370 2372 -1
0.1 2363 2373 -1
0.1 2374 1050 -1
0.1 2375 1051 -1
0.1 1052 1053 -1
0.1 1054 1055 -1
0.1 1056 1057 -1
0.1 2378 2379 -1
0.1 2377 2380 -1
0.1 1059 1060 -1
0.1 1058 2382 -1
0.1 2383 1061 -1
0.1 2381 2384 -1
0.1 1063 1064 -1
0.1 2386 1065 -1
0.1 1067 1068 -1
0.1 1066 2388 -1
0.1 2387 2389 -1
0.1 1062 2390 -1
0.1 1069 1070 -1
0.1 2392 1071 -1
0.1 2391 2393 -1
0.1 2385 2394 -1
0.1 2376 2395 -1
0.1 2355 2396 -1
0.1 2315 2397 -1
0.1 1075 1076 -1
0.1 2399 1077 -1
0.1 1079 1080 -1
0.1 1078 2401 -1
0.1 2400 2402 -1
0.1 1082 1083 -1
0.1 1081 2404 -1
0.1 2403 2405 -1
0.1 1074 2406 -1
0.1 1084 1085 -1
0.1 2408 1086 -1
0.1 1087 1088 -1
0.1 1091 1092 -1
0.1 1090 2411 -1
0.1 1089 2412 -1
0.1 2410 2413 -1
0.1 2414 1093 -1
0.1 2409 2415 -1
0.1 2407 2416 -1
0.1 1073 2417 -1
0.1 1072 2418 -1
0.1 1094 1095 -1
0.1 1100 1101 -1
0.1 1102 1103 -1
0.1 1104 1105 -1
0.1 2423 1106 -1
0.1 2424 1107 -1
0.1 2422 2425 -1
0.1 2426 1108 -1
0.1 1110 1111 -1
0.1 1109 2428 -1
0.1 2427 2429 -1
0.1 1113 1114 -1
0.1 1112 2431 -1
0.1 2430 2432 -1
0.1 2421 2433 -1
0.1 1099 2434 -1
0.1 1098 2435 -1
0.1 1097 2436 -1
0.1 1115 1116 -1
0.1 2437 2438 -1
0.1 1096 2439 -1
0.1 2420 2440 -1
0.1 2419 2441 -1
0.1 2398 2442 -1
0.1 2294 2443 -1
0.1 1119 1120 -1
0.1 1122 1123 -1
0.1 1121 2446 -1
0.1 2445 2447 -1
0.1 1118 2448 -1
0.1 1125 1126 -1
0.1 1124 2450 -1
0.1 2451 1127 -1
0.1 1128 1129 -1
0.1 2453 1130 -1
0.1 1132 1133 -1
0.1 1131 2455 -1
0.1 1134 1135 -1
0.1 2456 2457 -1
0.1 2454 2458 -1
0.1 2452 2459 -1
0.1 2449 2460 -1
0.1 1136 1137 -1
0.1 2461 2462 -1
0.1 2463 1138 -1
0.1 1117 2464 -1
0.1 1140 1141 -1
0.1 1139 2466 -1
0.1 1143 1144 -1
0.1 1142 2468 -1
0.1 1145 1146 -1
0.1 2470 1147 -1
0.1 2469 2471 -1
0.1 1149 1150 -1
0.1 1148 2473 -1
0.1 1153 1154 -1
0.1 1152 2475 -1
0.1 1151 2476 -1
0.1 1155 1156 -1
0.1 2478 1157 -1
0.1 2479 1158 -1
0.1 2477 2480 -1
0.1 2474 2481 -1
0.1 2472 2482 -1
0.1 2467 2483 -1
0.1 1159 1160 -1
0.1 2484 2485 -1
0.1 2486 1161 -1
0.1 2487 1162 -1
0.1 1164 1165 -1
0.1 1163 2489 -1
0.1 1166 1167 -1
0.1 1168 1169 -1
0.1 2492 1170 -1
0.1 1172 1173 -1
0.1 1171 2494 -1
0.1 2495 1174 -1
0.1 1175 1176 -1
0.1 1177 1178 -1
0.1 1180 1181 -1
0.1 2499 1182 -1
0.1 1179 2500 -1
0.1 2498 2501 -1
0.1 2497 2502 -1
0.1 2496 2503 -1
0.1 2493 2504 -1
0.1 2491 2505 -1
0.1 2490 2506 -1
0.1 2488 2507 -1
0.1 1183 1184 -1
0.1 1185 1186 -1
0.1 2509 2510 -1
0.1 1189 1190 -1
0.1 1188 2512 -1
0.1 2513 1191 -1
0.1 1187 2514 -1
0.1 1193 1194 -1
0.1 1192 2516 -1
0.1 2517 1195 -1
0.1 2515 2518 -1
0.1 2519 1196 -1
0.1 1198 1199 -1
0.1 1201 1202 -1
0.1 1200 2522 -1
0.1 2521 2523 -1
0.1 1197 2524 -1
0.1 2520 2525 -1
0.1 2511 2526 -1
0.1 2508 2527 -1
0.1 1204 1205 -1
0.1 1207 1208 -1
0.1 1206 2530 -1
0.1 2529 2531 -1
0.1 1209 1210 -1
0.1 2532 2533 -1
0.1 1203 2534 -1
0.1 1212 1213 -1
0.1 2536 1214 -1
0.1 1211 2537 -1
0.1 1215 1216 -1
0.1 2538 2539 -1
0.1 2535 2540 -1
0.1 1219 1220 -1
0.1 1218 2542 -1
0.1 1217 2543 -1
0.1 2544 1221 -1
0.1 2545 1222 -1
0.1 2541 2546 -1
0.1 2528 2547 -1
0.1 2465 2548 -1
0.1 2444 2549 -1
0.1 2054 2550 -1
0.1 1225 1226 -1
0.1 1224 2552 -1
0.1 1228 1229 -1
0.1 1227 2554 -1
0.1 2553 2555 -1
0.1 1230 1231 -1
0.1 1232 1233 -1
0.1 1234 1235 -1
0.1 2558 2559 -1
0.1 1236 1237 -1
0.1 1238 1239 -1
0.1 2561 2562 -1
0.1 1242 1243 -1
0.1 1241 2564 -1
0.1 1240 2565 -1
0.1 2563 2566 -1
0.1 2560 2567 -1
0.1 2557 2568 -1
0.1 2556 2569 -1
0.1 1223 2570 -1
0.1 2551 2571 -1
0.1 2053 2572 -1
0.1 1974 2573 -1
0.1 1245 1246 -1
0.1 1244 2575 -1
0.1 1248 1249 -1
0.1 1251 1252 -1
0.1 1253 1254 -1
0.1 2578 2579 -1
0.1 1256 1257 -1
0.1 2581 1258 -1
0.1 1255 2582 -1
0.1 2580 2583 -1
0.1 1250 2584 -1
0.1 2577 2585 -1
0.1 1247 2586 -1
0.1 1260 1261 -1
0.1 1259 2588 -1
0.1 1262 1263 -1
0.1 2589 2590 -1
0.1 2587 2591 -1
0.1 2576 2592 -1
0.1 2574 2593 -1
0.1 623 2594 -1
0.1 622 2595 -1
0.1 1268 1269 -1
0.1 1267 2597 -1
0.1 1270 1271 -1
0.1 2599 1272 -1
0.1 2600 1273 -1
0.1 2598 2601 -1
0.1 1276 1277 -1
0.1 1275 2603 -1
0.1 1274 2604 -1
0.1 2602 2605 -1
0.1 1280 1281 -1
0.1 2607 1282 -1
0.1 1279 2608 -1
0.1 1283 1284 -1
0.1 1285 1286 -1
0.1 2610 2611 -1
0.1 2609 2612 -1
0.1 1278 2613 -1
0.1 2606 2614 -1
0.1 1266 2615 -1
0.1 1265 2616 -1
0.1 2617 1287 -1
0.1 1289 1290 -1
0.1 1292 1293 -1
0.1 1294 1295 -1
0.1 2620 2621 -1
0.1 1291 2622 -1
0.1 2623 1296 -1
0.1 1297 1298 -1
0.1 2624 2625 -1
0.1 1300 1301 -1
0.1 1302 1303 -1
0.1 2627 2628 -1
0.1 1299 2629 -1
0.1 1305 1306 -1
0.1 1304 2631 -1
0.1 2630 2632 -1
0.1 1308 1309 -1
0.1 2634 1310 -1
0.1 1307 2635 -1
0.1 2633 2636 -1
0.1 2626 2637 -1
0.1 2619 2638 -1
0.1 1288 2639 -1
0.1 2618 2640 -1
0.1 1264 2641 -1
0.1 2596 2642 -1
0.1 1955 2643 -1
0.1 1899 2644 -1
0.1 2645 1311 -1
0.1 1314 1315 -1
0.1 1316 1317 -1
0.1 2647 2648 -1
0.1 1313 2649 -1
0.1 1318 1319 -1
0.1 1320 1321 -1
0.1 2651 2652 -1
0.1 2650 2653 -1
0.1 1312 2654 -1
0.1 2655 1322 -1
0.1 2646 2656 -1
0.1 1888 2657 -1
0.1 541 2658 -1
0.1 1326 1327 -1
0.1 1328 1329 -1
0.1 2660 2661 -1
0.1 2662 1330 -1
0.1 1331 1332 -1
0.1 2664 1333 -1
0.1 2663 2665 -1
0.1 1325 2666 -1
0.1 1324 2667 -1
0.1 1335 1336 -1
0.1 1334 2669 -1
0.1 2670 1337 -1
0.1 2671 1338 -1
0.1 2668 2672 -1
0.1 1323 2673 -1
0.1 2674 1339 -1
0.1 2675 1340 -1
0.1 2659 2676 -1
0.1 1878 2677 -1
0.1 1683 2678 -1
