1 0 0 1
1 0 0 1
1 0 0 1
1 0 0 1
1 0 0 1
1 0 0 1
1 0 0 2
1 0 0 2
1 0 0 2
1 0 0 2
1 0 0 2
1 0 0 2
1 0 0 2
1 0 0 2
1 0 0 2
1 0 0 2
1 0 0 1
1 0 0 1
1 0 0 1
1 0 0 1
1 0 0 3
1 0 0 3
1 0 0 3
1 0 0 3
1 0 0 3
1 0 0 3
1 0 0 4
1 0 0 4
1 0 0 4
1 0 0 4
1 0 0 4
1 0 0 4
1 0 0 4
1 0 0 4
1 0 0 4
1 0 0 4
1 0 0 3
1 0 0 5
1 0 0 5
1 0 0 5
1 0 0 5
1 0 0 5
1 0 0 5
1 0 0 5
1 0 0 5
1 0 0 5
1 0 0 5
1 0 0 6
1 0 0 6
1 0 0 7
1 0 0 7
1 0 0 7
1 0 0 7
1 0 0 7
1 0 0 7
1 0 0 7
1 0 0 7
1 0 0 7
1 0 0 7
1 0 0 6
1 0 0 6
1 0 0 6
1 0 0 6
1 0 0 6
1 0 0 6
1 0 0 6
1 0 0 6
1 0 0 3
1 0 0 3
1 0 0 3
1 0 0 8
1 0 0 9
1 0 0 9
1 0 0 9
1 0 0 9
1 0 0 9
1 0 0 9
1 0 0 9
1 0 0 9
1 0 0 9
1 0 0 9
1 0 0 8
1 0 0 8
1 0 0 8
1 0 0 8
1 0 0 8
1 0 0 8
1 0 0 8
1 0 0 8
1 0 0 8
0.1 2 3 -1
0.1 4 5 -1
0.1 91 92 -1
0.1 7 8 -1
0.1 11 12 -1
0.1 13 14 -1
0.1 95 96 -1
0.1 15 16 -1
0.1 97 98 -1
0.1 10 99 -1
0.1 9 100 -1
0.1 94 101 -1
0.1 6 102 -1
0.1 19 20 -1
0.1 18 104 -1
0.1 17 105 -1
0.1 103 106 -1
0.1 93 107 -1
0.1 1 108 -1
0.1 21 22 -1
0.1 109 110 -1
0.1 25 26 -1
0.1 24 112 -1
0.1 28 29 -1
0.1 114 30 -1
0.1 31 32 -1
0.1 34 35 -1
0.1 33 117 -1
0.1 116 118 -1
0.1 115 119 -1
0.1 27 120 -1
0.1 121 36 -1
0.1 38 39 -1
0.1 123 40 -1
0.1 41 42 -1
0.1 45 46 -1
0.1 44 126 -1
0.1 43 127 -1
0.1 128 47 -1
0.1 125 129 -1
0.1 124 130 -1
0.1 37 131 -1
0.1 122 132 -1
0.1 113 133 -1
0.1 134 48 -1
0.1 51 52 -1
0.1 53 54 -1
0.1 57 58 -1
0.1 138 59 -1
0.1 56 139 -1
0.1 55 140 -1
0.1 137 141 -1
0.1 136 142 -1
0.1 50 143 -1
0.1 49 144 -1
0.1 60 61 -1
0.1 64 65 -1
0.1 63 147 -1
0.1 148 66 -1
0.1 62 149 -1
0.1 146 150 -1
0.1 145 151 -1
0.1 152 67 -1
0.1 135 153 -1
0.1 68 69 -1
0.1 154 155 -1
0.1 23 156 -1
0.1 72 73 -1
0.1 158 74 -1
0.1 75 76 -1
0.1 77 78 -1
0.1 161 79 -1
0.1 160 162 -1
0.1 80 81 -1
0.1 163 164 -1
0.1 159 165 -1
0.1 166 82 -1
0.1 71 167 -1
0.1 168 83 -1
0.1 169 84 -1
0.1 85 86 -1
0.1 170 171 -1
0.1 172 87 -1
0.1 88 89 -1
0.1 174 90 -1
0.1 173 175 -1
0.1 70 176 -1
0.1 157 177 -1
0.1 111 178 -1
