1 0 0 1
1 0 0 2
1 0 0 2
1 0 0 2
1 0 0 2
1 0 0 2
1 0 0 2
1 0 0 2
1 0 0 2
1 0 0 2
1 0 0 2
1 0 0 3
1 0 0 3
1 0 0 3
1 0 0 3
1 0 0 3
1 0 0 3
1 0 0 3
1 0 0 3
1 0 0 3
1 0 0 3
1 0 0 1
1 0 0 1
1 0 0 4
1 0 0 4
1 0 0 4
1 0 0 4
1 0 0 4
1 0 0 4
1 0 0 4
1 0 0 4
1 0 0 5
1 0 0 5
1 0 0 5
1 0 0 5
1 0 0 5
1 0 0 1
1 0 0 1
1 0 0 1
1 0 0 1
1 0 0 6
1 0 0 6
1 0 0 6
1 0 0 6
1 0 0 6
1 0 0 6
1 0 0 6
1 0 0 6
1 0 0 6
1 0 0 6
1 0 0 7
1 0 0 7
1 0 0 7
1 0 0 7
1 0 0 7
1 0 0 7
1 0 0 7
1 0 0 7
1 0 0 7
1 0 0 7
1 0 0 5
1 0 0 5
1 0 0 5
1 0 0 5
1 0 0 5
1 0 0 4
1 0 0 4
1 0 0 1
1 0 0 1
1 0 0 8
1 0 0 8
1 0 0 8
1 0 0 8
1 0 0 8
1 0 0 8
1 0 0 8
1 0 0 8
1 0 0 8
1 0 0 8
1 0 0 9
1 0 0 9
1 0 0 9
1 0 0 9
1 0 0 9
1 0 0 9
1 0 0 9
1 0 0 9
1 0 0 9
1 0 0 9
1 0 0 1
0.1 3 4 -1
0.1 5 6 -1
0.1 91 92 -1
0.1 9 10 -1
0.1 8 94 -1
0.1 7 95 -1
0.1 13 14 -1
0.1 16 17 -1
0.1 18 19 -1
0.1 98 99 -1
0.1 15 100 -1
0.1 97 101 -1
0.1 12 102 -1
0.1 20 21 -1
0.1 103 104 -1
0.1 11 105 -1
0.1 96 106 -1
0.1 93 107 -1
0.1 2 108 -1
0.1 1 109 -1
0.1 22 23 -1
0.1 110 111 -1
0.1 24 25 -1
0.1 28 29 -1
0.1 27 114 -1
0.1 115 30 -1
0.1 26 116 -1
0.1 32 33 -1
0.1 35 36 -1
0.1 34 119 -1
0.1 39 40 -1
0.1 38 121 -1
0.1 37 122 -1
0.1 42 43 -1
0.1 41 124 -1
0.1 44 45 -1
0.1 126 46 -1
0.1 47 48 -1
0.1 127 128 -1
0.1 125 129 -1
0.1 130 49 -1
0.1 131 50 -1
0.1 52 53 -1
0.1 51 133 -1
0.1 54 55 -1
0.1 59 60 -1
0.1 58 136 -1
0.1 57 137 -1
0.1 56 138 -1
0.1 135 139 -1
0.1 134 140 -1
0.1 132 141 -1
0.1 123 142 -1
0.1 143 61 -1
0.1 144 62 -1
0.1 120 145 -1
0.1 63 64 -1
0.1 146 147 -1
0.1 118 148 -1
0.1 149 65 -1
0.1 31 150 -1
0.1 66 67 -1
0.1 151 152 -1
0.1 117 153 -1
0.1 113 154 -1
0.1 68 69 -1
0.1 155 156 -1
0.1 70 71 -1
0.1 158 72 -1
0.1 74 75 -1
0.1 73 160 -1
0.1 76 77 -1
0.1 161 162 -1
0.1 78 79 -1
0.1 163 164 -1
0.1 159 165 -1
0.1 81 82 -1
0.1 80 167 -1
0.1 84 85 -1
0.1 83 169 -1
0.1 170 86 -1
0.1 168 171 -1
0.1 166 172 -1
0.1 88 89 -1
0.1 87 174 -1
0.1 173 175 -1
0.1 176 90 -1
0.1 157 177 -1
0.1 112 178 -1
