1 0 0 1
1 0 0 2
1 0 0 2
1 0 0 2
1 0 0 2
1 0 0 2
1 0 0 2
1 0 0 2
1 0 0 2
1 0 0 2
1 0 0 2
1 0 0 3
1 0 0 3
1 0 0 3
1 0 0 3
1 0 0 3
1 0 0 3
1 0 0 3
1 0 0 3
1 0 0 3
1 0 0 3
1 0 0 4
1 0 0 5
1 0 0 5
1 0 0 5
1 0 0 5
1 0 0 5
1 0 0 5
1 0 0 5
1 0 0 5
1 0 0 5
1 0 0 5
1 0 0 4
1 0 0 4
1 0 0 6
1 0 0 6
1 0 0 7
1 0 0 7
1 0 0 7
1 0 0 7
1 0 0 7
1 0 0 7
1 0 0 7
1 0 0 7
1 0 0 7
1 0 0 7
1 0 0 6
1 0 0 6
1 0 0 6
1 0 0 6
1 0 0 6
1 0 0 6
1 0 0 6
1 0 0 6
1 0 0 4
1 0 0 4
1 0 0 4
1 0 0 4
1 0 0 4
1 0 0 4
1 0 0 4
1 0 0 1
1 0 0 1
1 0 0 8
1 0 0 8
1 0 0 8
1 0 0 8
1 0 0 8
1 0 0 8
1 0 0 8
1 0 0 8
1 0 0 8
1 0 0 8
1 0 0 1
1 0 0 1
1 0 0 9
1 0 0 9
1 0 0 9
1 0 0 9
1 0 0 9
1 0 0 9
1 0 0 9
1 0 0 9
1 0 0 10
1 0 0 10
1 0 0 10
1 0 0 10
1 0 0 10
1 0 0 10
1 0 0 10
1 0 0 10
1 0 0 10
1 0 0 10
1 0 0 9
1 0 0 9
1 0 0 11
1 0 0 11
1 0 0 11
1 0 0 11
1 0 0 11
1 0 0 11
1 0 0 11
1 0 0 11
1 0 0 11
1 0 0 11
1 0 0 12
1 0 0 12
1 0 0 12
1 0 0 12
1 0 0 12
1 0 0 12
1 0 0 12
1 0 0 13
1 0 0 13
1 0 0 13
1 0 0 13
1 0 0 13
1 0 0 13
1 0 0 13
1 0 0 13
1 0 0 13
1 0 0 13
1 0 0 12
1 0 0 12
1 0 0 12
1 0 0 14
1 0 0 14
1 0 0 14
1 0 0 14
1 0 0 14
1 0 0 14
1 0 0 14
1 0 0 14
1 0 0 14
1 0 0 14
1 0 0 15
1 0 0 15
1 0 0 16
1 0 0 15
1 0 0 15
1 0 0 15
1 0 0 17
1 0 0 18
1 0 0 18
1 0 0 18
1 0 0 18
1 0 0 18
1 0 0 18
1 0 0 18
1 0 0 18
1 0 0 18
1 0 0 18
1 0 0 17
1 0 0 17
1 0 0 17
1 0 0 17
1 0 0 17
1 0 0 17
1 0 0 17
1 0 0 17
1 0 0 17
1 0 0 15
1 0 0 15
1 0 0 15
1 0 0 19
1 0 0 19
1 0 0 19
1 0 0 19
1 0 0 19
1 0 0 19
1 0 0 19
1 0 0 19
1 0 0 19
1 0 0 19
1 0 0 20
1 0 0 20
1 0 0 20
1 0 0 20
1 0 0 20
1 0 0 20
1 0 0 20
1 0 0 20
1 0 0 20
1 0 0 20
1 0 0 21
1 0 0 21
1 0 0 21
1 0 0 21
1 0 0 21
1 0 0 21
1 0 0 21
1 0 0 21
1 0 0 21
1 0 0 21
1 0 0 15
1 0 0 22
1 0 0 22
1 0 0 22
1 0 0 22
1 0 0 22
1 0 0 22
1 0 0 22
1 0 0 22
1 0 0 22
1 0 0 22
1 0 0 15
1 0 0 23
1 0 0 23
1 0 0 23
1 0 0 23
1 0 0 23
1 0 0 23
1 0 0 23
1 0 0 23
1 0 0 23
1 0 0 23
1 0 0 24
1 0 0 24
1 0 0 24
1 0 0 24
1 0 0 24
1 0 0 24
1 0 0 24
1 0 0 24
1 0 0 24
1 0 0 24
1 0 0 16
1 0 0 16
1 0 0 16
1 0 0 16
1 0 0 16
1 0 0 16
1 0 0 16
1 0 0 16
1 0 0 16
1 0 0 25
1 0 0 25
1 0 0 25
1 0 0 25
1 0 0 25
1 0 0 25
1 0 0 25
1 0 0 25
1 0 0 25
1 0 0 25
1 0 0 26
1 0 0 26
1 0 0 26
1 0 0 26
1 0 0 26
1 0 0 26
1 0 0 26
1 0 0 26
1 0 0 26
1 0 0 26
1 0 0 27
1 0 0 28
1 0 0 28
1 0 0 28
1 0 0 28
1 0 0 28
1 0 0 28
1 0 0 28
1 0 0 28
1 0 0 28
1 0 0 28
1 0 0 27
1 0 0 27
1 0 0 29
1 0 0 29
1 0 0 30
1 0 0 30
1 0 0 30
1 0 0 30
1 0 0 30
1 0 0 30
1 0 0 30
1 0 0 30
1 0 0 30
1 0 0 30
1 0 0 29
1 0 0 29
1 0 0 29
1 0 0 29
1 0 0 29
1 0 0 29
1 0 0 29
1 0 0 29
1 0 0 27
1 0 0 31
1 0 0 32
1 0 0 32
1 0 0 32
1 0 0 32
1 0 0 32
1 0 0 32
1 0 0 32
1 0 0 32
1 0 0 32
1 0 0 32
1 0 0 31
1 0 0 31
1 0 0 31
1 0 0 31
1 0 0 31
1 0 0 31
1 0 0 31
1 0 0 31
1 0 0 31
1 0 0 27
1 0 0 27
1 0 0 27
1 0 0 27
1 0 0 27
1 0 0 27
1 0 0 33
1 0 0 33
1 0 0 33
1 0 0 33
1 0 0 33
1 0 0 33
1 0 0 33
1 0 0 33
1 0 0 33
1 0 0 33
1 0 0 34
1 0 0 34
1 0 0 34
1 0 0 34
1 0 0 34
1 0 0 34
1 0 0 34
1 0 0 34
1 0 0 34
1 0 0 34
1 0 0 35
1 0 0 35
1 0 0 35
1 0 0 35
1 0 0 35
1 0 0 35
1 0 0 35
1 0 0 35
1 0 0 35
1 0 0 35
1 0 0 36
1 0 0 36
1 0 0 36
1 0 0 36
1 0 0 36
1 0 0 36
1 0 0 36
1 0 0 36
1 0 0 36
1 0 0 36
1 0 0 37
1 0 0 37
1 0 0 37
1 0 0 37
1 0 0 37
1 0 0 37
1 0 0 37
1 0 0 37
1 0 0 37
1 0 0 37
1 0 0 1
1 0 0 1
1 0 0 1
1 0 0 1
1 0 0 1
1 0 0 38
1 0 0 38
1 0 0 38
1 0 0 38
1 0 0 38
1 0 0 38
1 0 0 38
1 0 0 38
1 0 0 38
1 0 0 38
1 0 0 39
1 0 0 39
1 0 0 39
1 0 0 39
1 0 0 39
1 0 0 39
1 0 0 39
1 0 0 39
1 0 0 39
1 0 0 39
0.1 3 4 -1
0.1 2 391 -1
0.1 6 7 -1
0.1 5 393 -1
0.1 9 10 -1
0.1 395 11 -1
0.1 8 396 -1
0.1 394 397 -1
0.1 13 14 -1
0.1 15 16 -1
0.1 17 18 -1
0.1 400 401 -1
0.1 399 402 -1
0.1 12 403 -1
0.1 20 21 -1
0.1 19 405 -1
0.1 23 24 -1
0.1 407 25 -1
0.1 26 27 -1
0.1 408 409 -1
0.1 28 29 -1
0.1 30 31 -1
0.1 412 32 -1
0.1 411 413 -1
0.1 410 414 -1
0.1 22 415 -1
0.1 406 416 -1
0.1 404 417 -1
0.1 35 36 -1
0.1 40 41 -1
0.1 39 420 -1
0.1 38 421 -1
0.1 43 44 -1
0.1 423 45 -1
0.1 424 46 -1
0.1 42 425 -1
0.1 422 426 -1
0.1 37 427 -1
0.1 47 48 -1
0.1 429 49 -1
0.1 428 430 -1
0.1 419 431 -1
0.1 51 52 -1
0.1 53 54 -1
0.1 433 434 -1
0.1 50 435 -1
0.1 432 436 -1
0.1 34 437 -1
0.1 33 438 -1
0.1 55 56 -1
0.1 439 440 -1
0.1 418 441 -1
0.1 58 59 -1
0.1 60 61 -1
0.1 443 444 -1
0.1 57 445 -1
0.1 442 446 -1
0.1 398 447 -1
0.1 392 448 -1
0.1 449 62 -1
0.1 1 450 -1
0.1 65 66 -1
0.1 64 452 -1
0.1 453 67 -1
0.1 69 70 -1
0.1 68 455 -1
0.1 456 71 -1
0.1 72 73 -1
0.1 457 458 -1
0.1 454 459 -1
0.1 63 460 -1
0.1 451 461 -1
0.1 74 75 -1
0.1 77 78 -1
0.1 76 464 -1
0.1 80 81 -1
0.1 466 82 -1
0.1 467 83 -1
0.1 79 468 -1
0.1 86 87 -1
0.1 470 88 -1
0.1 92 93 -1
0.1 91 472 -1
0.1 90 473 -1
0.1 89 474 -1
0.1 471 475 -1
0.1 85 476 -1
0.1 84 477 -1
0.1 94 95 -1
0.1 98 99 -1
0.1 97 480 -1
0.1 96 481 -1
0.1 101 102 -1
0.1 100 483 -1
0.1 104 105 -1
0.1 103 485 -1
0.1 484 486 -1
0.1 482 487 -1
0.1 479 488 -1
0.1 478 489 -1
0.1 469 490 -1
0.1 465 491 -1
0.1 108 109 -1
0.1 107 493 -1
0.1 106 494 -1
0.1 111 112 -1
0.1 110 496 -1
0.1 115 116 -1
0.1 117 118 -1
0.1 498 499 -1
0.1 114 500 -1
0.1 113 501 -1
0.1 119 120 -1
0.1 121 122 -1
0.1 503 504 -1
0.1 502 505 -1
0.1 123 124 -1
0.1 507 125 -1
0.1 506 508 -1
0.1 497 509 -1
0.1 495 510 -1
0.1 492 511 -1
0.1 463 512 -1
0.1 462 513 -1
0.1 128 129 -1
0.1 130 131 -1
0.1 133 134 -1
0.1 132 517 -1
0.1 516 518 -1
0.1 515 519 -1
0.1 127 520 -1
0.1 521 135 -1
0.1 126 522 -1
0.1 514 523 -1
0.1 136 137 -1
0.1 140 141 -1
0.1 139 526 -1
0.1 143 144 -1
0.1 145 146 -1
0.1 148 149 -1
0.1 530 150 -1
0.1 147 531 -1
0.1 529 532 -1
0.1 151 152 -1
0.1 533 534 -1
0.1 528 535 -1
0.1 142 536 -1
0.1 155 156 -1
0.1 154 538 -1
0.1 153 539 -1
0.1 537 540 -1
0.1 541 157 -1
0.1 159 160 -1
0.1 158 543 -1
0.1 542 544 -1
0.1 545 161 -1
0.1 527 546 -1
0.1 138 547 -1
0.1 162 163 -1
0.1 165 166 -1
0.1 168 169 -1
0.1 167 551 -1
0.1 550 552 -1
0.1 170 171 -1
0.1 173 174 -1
0.1 172 555 -1
0.1 554 556 -1
0.1 553 557 -1
0.1 176 177 -1
0.1 175 559 -1
0.1 179 180 -1
0.1 561 181 -1
0.1 178 562 -1
0.1 183 184 -1
0.1 182 564 -1
0.1 563 565 -1
0.1 560 566 -1
0.1 185 186 -1
0.1 188 189 -1
0.1 190 191 -1
0.1 569 570 -1
0.1 187 571 -1
0.1 568 572 -1
0.1 193 194 -1
0.1 192 574 -1
0.1 573 575 -1
0.1 567 576 -1
0.1 558 577 -1
0.1 164 578 -1
0.1 549 579 -1
0.1 196 197 -1
0.1 198 199 -1
0.1 581 582 -1
0.1 201 202 -1
0.1 203 204 -1
0.1 585 205 -1
0.1 584 586 -1
0.1 200 587 -1
0.1 583 588 -1
0.1 589 206 -1
0.1 208 209 -1
0.1 207 591 -1
0.1 211 212 -1
0.1 210 593 -1
0.1 592 594 -1
0.1 215 216 -1
0.1 214 596 -1
0.1 213 597 -1
0.1 595 598 -1
0.1 590 599 -1
0.1 195 600 -1
0.1 580 601 -1
0.1 217 218 -1
0.1 220 221 -1
0.1 222 223 -1
0.1 224 225 -1
0.1 605 606 -1
0.1 604 607 -1
0.1 608 226 -1
0.1 219 609 -1
0.1 603 610 -1
0.1 602 611 -1
0.1 229 230 -1
0.1 228 613 -1
0.1 227 614 -1
0.1 231 232 -1
0.1 233 234 -1
0.1 617 235 -1
0.1 616 618 -1
0.1 615 619 -1
0.1 612 620 -1
0.1 548 621 -1
0.1 238 239 -1
0.1 623 240 -1
0.1 237 624 -1
0.1 236 625 -1
0.1 241 242 -1
0.1 626 627 -1
0.1 628 243 -1
0.1 244 245 -1
0.1 629 630 -1
0.1 622 631 -1
0.1 525 632 -1
0.1 250 251 -1
0.1 634 252 -1
0.1 249 635 -1
0.1 248 636 -1
0.1 247 637 -1
0.1 246 638 -1
0.1 254 255 -1
0.1 253 640 -1
0.1 639 641 -1
0.1 633 642 -1
0.1 524 643 -1
0.1 257 258 -1
0.1 260 261 -1
0.1 259 646 -1
0.1 647 262 -1
0.1 263 264 -1
0.1 265 266 -1
0.1 649 650 -1
0.1 648 651 -1
0.1 645 652 -1
0.1 256 653 -1
0.1 274 275 -1
0.1 273 655 -1
0.1 272 656 -1
0.1 271 657 -1
0.1 276 277 -1
0.1 278 279 -1
0.1 660 280 -1
0.1 659 661 -1
0.1 658 662 -1
0.1 663 281 -1
0.1 270 664 -1
0.1 665 282 -1
0.1 283 284 -1
0.1 287 288 -1
0.1 286 668 -1
0.1 285 669 -1
0.1 667 670 -1
0.1 666 671 -1
0.1 269 672 -1
0.1 673 289 -1
0.1 268 674 -1
0.1 267 675 -1
0.1 292 293 -1
0.1 677 294 -1
0.1 291 678 -1
0.1 298 299 -1
0.1 297 680 -1
0.1 296 681 -1
0.1 295 682 -1
0.1 683 300 -1
0.1 679 684 -1
0.1 685 301 -1
0.1 290 686 -1
0.1 304 305 -1
0.1 307 308 -1
0.1 306 689 -1
0.1 688 690 -1
0.1 303 691 -1
0.1 692 309 -1
0.1 302 693 -1
0.1 687 694 -1
0.1 312 313 -1
0.1 311 696 -1
0.1 310 697 -1
0.1 314 315 -1
0.1 698 699 -1
0.1 695 700 -1
0.1 676 701 -1
0.1 654 702 -1
0.1 317 318 -1
0.1 316 704 -1
0.1 319 320 -1
0.1 705 706 -1
0.1 321 322 -1
0.1 708 323 -1
0.1 707 709 -1
0.1 324 325 -1
0.1 710 711 -1
0.1 326 327 -1
0.1 328 329 -1
0.1 331 332 -1
0.1 330 715 -1
0.1 334 335 -1
0.1 333 717 -1
0.1 716 718 -1
0.1 714 719 -1
0.1 713 720 -1
0.1 337 338 -1
0.1 340 341 -1
0.1 339 723 -1
0.1 722 724 -1
0.1 342 343 -1
0.1 344 345 -1
0.1 726 727 -1
0.1 725 728 -1
0.1 336 729 -1
0.1 721 730 -1
0.1 346 347 -1
0.1 348 349 -1
0.1 350 351 -1
0.1 733 734 -1
0.1 732 735 -1
0.1 354 355 -1
0.1 353 737 -1
0.1 352 738 -1
0.1 736 739 -1
0.1 731 740 -1
0.1 358 359 -1
0.1 360 361 -1
0.1 742 743 -1
0.1 357 744 -1
0.1 362 363 -1
0.1 746 364 -1
0.1 747 365 -1
0.1 745 748 -1
0.1 356 749 -1
0.1 741 750 -1
0.1 366 367 -1
0.1 752 368 -1
0.1 369 370 -1
0.1 753 754 -1
0.1 373 374 -1
0.1 372 756 -1
0.1 376 377 -1
0.1 758 378 -1
0.1 375 759 -1
0.1 379 380 -1
0.1 760 761 -1
0.1 757 762 -1
0.1 371 763 -1
0.1 381 382 -1
0.1 383 384 -1
0.1 385 386 -1
0.1 766 767 -1
0.1 387 388 -1
0.1 389 390 -1
0.1 769 770 -1
0.1 768 771 -1
0.1 765 772 -1
0.1 764 773 -1
0.1 755 774 -1
0.1 751 775 -1
0.1 712 776 -1
0.1 703 777 -1
0.1 644 778 -1
