1 0 0 1
1 0 0 1
1 0 0 1
1 0 0 1
1 0 0 1
1 0 0 1
1 0 0 1
1 0 0 1
1 0 0 1
1 0 0 1
1 0 0 2
1 0 0 2
1 0 0 2
1 0 0 2
1 0 0 2
1 0 0 2
1 0 0 2
1 0 0 2
1 0 0 2
1 0 0 2
1 0 0 3
1 0 0 3
1 0 0 3
1 0 0 3
1 0 0 3
1 0 0 3
1 0 0 3
1 0 0 3
1 0 0 4
1 0 0 4
1 0 0 4
1 0 0 4
1 0 0 4
1 0 0 4
1 0 0 4
1 0 0 4
1 0 0 4
1 0 0 4
1 0 0 3
1 0 0 3
1 0 0 5
1 0 0 5
1 0 0 5
1 0 0 5
1 0 0 5
1 0 0 5
1 0 0 5
1 0 0 5
1 0 0 5
1 0 0 5
1 0 0 6
1 0 0 6
1 0 0 6
1 0 0 6
1 0 0 6
1 0 0 6
1 0 0 6
1 0 0 6
1 0 0 6
1 0 0 6
1 0 0 7
1 0 0 7
1 0 0 7
1 0 0 7
1 0 0 7
1 0 0 7
1 0 0 7
1 0 0 7
1 0 0 7
1 0 0 7
1 0 0 8
1 0 0 8
1 0 0 9
1 0 0 9
1 0 0 9
1 0 0 9
1 0 0 9
1 0 0 9
1 0 0 9
1 0 0 9
1 0 0 9
1 0 0 9
1 0 0 8
1 0 0 10
1 0 0 10
1 0 0 10
1 0 0 10
1 0 0 10
1 0 0 10
1 0 0 10
1 0 0 10
1 0 0 10
1 0 0 11
1 0 0 11
1 0 0 11
1 0 0 11
1 0 0 11
1 0 0 11
1 0 0 11
1 0 0 12
1 0 0 12
1 0 0 12
1 0 0 12
1 0 0 12
1 0 0 12
1 0 0 12
1 0 0 12
1 0 0 12
1 0 0 12
1 0 0 11
1 0 0 11
1 0 0 11
1 0 0 13
1 0 0 13
1 0 0 13
1 0 0 13
1 0 0 13
1 0 0 13
1 0 0 13
1 0 0 13
1 0 0 13
1 0 0 13
1 0 0 14
1 0 0 14
1 0 0 14
1 0 0 14
1 0 0 14
1 0 0 14
1 0 0 14
1 0 0 14
1 0 0 14
1 0 0 14
1 0 0 10
1 0 0 8
1 0 0 8
1 0 0 15
1 0 0 15
1 0 0 15
1 0 0 15
1 0 0 15
1 0 0 15
1 0 0 15
1 0 0 15
1 0 0 15
1 0 0 15
1 0 0 16
1 0 0 16
1 0 0 16
1 0 0 16
1 0 0 16
1 0 0 16
1 0 0 16
1 0 0 16
1 0 0 16
1 0 0 16
1 0 0 17
1 0 0 17
1 0 0 17
1 0 0 17
1 0 0 17
1 0 0 17
1 0 0 17
1 0 0 17
1 0 0 18
1 0 0 18
1 0 0 18
1 0 0 18
1 0 0 18
1 0 0 18
1 0 0 18
1 0 0 18
1 0 0 18
1 0 0 18
1 0 0 19
1 0 0 19
1 0 0 19
1 0 0 19
1 0 0 19
1 0 0 19
1 0 0 19
1 0 0 19
1 0 0 19
1 0 0 19
1 0 0 8
1 0 0 8
1 0 0 8
1 0 0 8
1 0 0 8
1 0 0 20
1 0 0 20
1 0 0 20
1 0 0 20
1 0 0 20
1 0 0 20
1 0 0 20
1 0 0 20
1 0 0 20
1 0 0 20
1 0 0 17
1 0 0 17
1 0 0 21
1 0 0 21
1 0 0 21
1 0 0 21
1 0 0 21
1 0 0 21
1 0 0 21
1 0 0 21
1 0 0 21
1 0 0 21
1 0 0 22
1 0 0 23
1 0 0 23
1 0 0 23
1 0 0 23
1 0 0 23
1 0 0 23
1 0 0 23
1 0 0 23
1 0 0 23
1 0 0 23
1 0 0 22
1 0 0 22
1 0 0 24
1 0 0 25
1 0 0 25
1 0 0 25
1 0 0 25
1 0 0 25
1 0 0 25
1 0 0 25
1 0 0 25
1 0 0 25
1 0 0 25
1 0 0 24
1 0 0 24
1 0 0 24
1 0 0 24
1 0 0 24
1 0 0 24
1 0 0 24
1 0 0 24
1 0 0 24
1 0 0 22
1 0 0 22
1 0 0 22
1 0 0 22
1 0 0 22
1 0 0 22
1 0 0 22
1 0 0 26
1 0 0 26
1 0 0 27
1 0 0 27
1 0 0 27
1 0 0 27
1 0 0 27
1 0 0 27
1 0 0 27
1 0 0 27
1 0 0 27
1 0 0 27
1 0 0 26
1 0 0 26
1 0 0 26
1 0 0 26
1 0 0 26
1 0 0 26
1 0 0 26
1 0 0 26
1 0 0 28
1 0 0 28
1 0 0 28
1 0 0 28
1 0 0 28
1 0 0 28
1 0 0 28
1 0 0 28
1 0 0 28
1 0 0 28
1 0 0 29
1 0 0 29
1 0 0 29
1 0 0 29
1 0 0 29
1 0 0 29
1 0 0 29
1 0 0 30
1 0 0 30
1 0 0 30
1 0 0 30
1 0 0 30
1 0 0 30
1 0 0 30
1 0 0 30
1 0 0 30
1 0 0 30
1 0 0 31
1 0 0 31
1 0 0 31
1 0 0 31
1 0 0 31
1 0 0 31
1 0 0 31
1 0 0 31
1 0 0 31
1 0 0 31
1 0 0 29
1 0 0 29
1 0 0 32
1 0 0 32
1 0 0 32
1 0 0 32
1 0 0 32
1 0 0 32
1 0 0 32
1 0 0 32
1 0 0 32
1 0 0 32
1 0 0 33
1 0 0 33
1 0 0 33
1 0 0 33
1 0 0 33
1 0 0 33
1 0 0 33
1 0 0 33
1 0 0 33
1 0 0 33
1 0 0 29
1 0 0 34
1 0 0 34
1 0 0 34
1 0 0 34
1 0 0 34
1 0 0 34
1 0 0 34
1 0 0 34
1 0 0 34
1 0 0 34
1 0 0 35
1 0 0 35
1 0 0 35
1 0 0 35
1 0 0 35
1 0 0 35
1 0 0 35
1 0 0 35
1 0 0 35
1 0 0 35
1 0 0 36
1 0 0 36
1 0 0 36
1 0 0 36
1 0 0 36
1 0 0 36
1 0 0 36
1 0 0 36
1 0 0 36
1 0 0 36
1 0 0 37
1 0 0 37
1 0 0 37
1 0 0 37
1 0 0 37
1 0 0 38
1 0 0 38
1 0 0 38
1 0 0 38
1 0 0 38
1 0 0 38
1 0 0 38
1 0 0 38
1 0 0 38
1 0 0 38
1 0 0 37
1 0 0 37
1 0 0 37
1 0 0 37
1 0 0 37
1 0 0 39
1 0 0 39
1 0 0 39
1 0 0 39
1 0 0 39
1 0 0 39
1 0 0 39
1 0 0 39
1 0 0 39
1 0 0 39
0.1 2 3 -1
0.1 1 391 -1
0.1 5 6 -1
0.1 4 393 -1
0.1 7 8 -1
0.1 394 395 -1
0.1 392 396 -1
0.1 9 10 -1
0.1 397 398 -1
0.1 11 12 -1
0.1 13 14 -1
0.1 16 17 -1
0.1 15 402 -1
0.1 18 19 -1
0.1 403 404 -1
0.1 401 405 -1
0.1 406 20 -1
0.1 400 407 -1
0.1 22 23 -1
0.1 21 409 -1
0.1 27 28 -1
0.1 26 411 -1
0.1 25 412 -1
0.1 24 413 -1
0.1 30 31 -1
0.1 415 32 -1
0.1 33 34 -1
0.1 36 37 -1
0.1 35 418 -1
0.1 417 419 -1
0.1 420 38 -1
0.1 416 421 -1
0.1 29 422 -1
0.1 39 40 -1
0.1 43 44 -1
0.1 42 425 -1
0.1 41 426 -1
0.1 47 48 -1
0.1 46 428 -1
0.1 45 429 -1
0.1 49 50 -1
0.1 430 431 -1
0.1 427 432 -1
0.1 424 433 -1
0.1 423 434 -1
0.1 414 435 -1
0.1 410 436 -1
0.1 51 52 -1
0.1 55 56 -1
0.1 439 57 -1
0.1 59 60 -1
0.1 58 441 -1
0.1 61 62 -1
0.1 63 64 -1
0.1 443 444 -1
0.1 66 67 -1
0.1 68 69 -1
0.1 446 447 -1
0.1 448 70 -1
0.1 65 449 -1
0.1 445 450 -1
0.1 442 451 -1
0.1 440 452 -1
0.1 54 453 -1
0.1 53 454 -1
0.1 438 455 -1
0.1 437 456 -1
0.1 71 72 -1
0.1 457 458 -1
0.1 74 75 -1
0.1 460 76 -1
0.1 73 461 -1
0.1 77 78 -1
0.1 81 82 -1
0.1 80 464 -1
0.1 79 465 -1
0.1 463 466 -1
0.1 462 467 -1
0.1 85 86 -1
0.1 87 88 -1
0.1 469 470 -1
0.1 84 471 -1
0.1 89 90 -1
0.1 94 95 -1
0.1 96 97 -1
0.1 474 475 -1
0.1 93 476 -1
0.1 98 99 -1
0.1 104 105 -1
0.1 103 479 -1
0.1 102 480 -1
0.1 101 481 -1
0.1 107 108 -1
0.1 106 483 -1
0.1 484 109 -1
0.1 482 485 -1
0.1 100 486 -1
0.1 110 111 -1
0.1 487 488 -1
0.1 489 112 -1
0.1 478 490 -1
0.1 477 491 -1
0.1 92 492 -1
0.1 91 493 -1
0.1 473 494 -1
0.1 113 114 -1
0.1 496 115 -1
0.1 116 117 -1
0.1 497 498 -1
0.1 119 120 -1
0.1 118 500 -1
0.1 121 122 -1
0.1 501 502 -1
0.1 499 503 -1
0.1 123 124 -1
0.1 505 125 -1
0.1 504 506 -1
0.1 126 127 -1
0.1 128 129 -1
0.1 508 509 -1
0.1 510 130 -1
0.1 511 131 -1
0.1 512 132 -1
0.1 513 133 -1
0.1 507 514 -1
0.1 495 515 -1
0.1 472 516 -1
0.1 517 134 -1
0.1 137 138 -1
0.1 136 519 -1
0.1 520 139 -1
0.1 140 141 -1
0.1 522 142 -1
0.1 521 523 -1
0.1 144 145 -1
0.1 143 525 -1
0.1 524 526 -1
0.1 135 527 -1
0.1 518 528 -1
0.1 83 529 -1
0.1 468 530 -1
0.1 459 531 -1
0.1 408 532 -1
0.1 399 533 -1
0.1 146 147 -1
0.1 148 149 -1
0.1 535 536 -1
0.1 151 152 -1
0.1 154 155 -1
0.1 153 539 -1
0.1 538 540 -1
0.1 150 541 -1
0.1 537 542 -1
0.1 156 157 -1
0.1 159 160 -1
0.1 158 545 -1
0.1 161 162 -1
0.1 547 163 -1
0.1 546 548 -1
0.1 544 549 -1
0.1 543 550 -1
0.1 165 166 -1
0.1 552 167 -1
0.1 164 553 -1
0.1 169 170 -1
0.1 171 172 -1
0.1 555 556 -1
0.1 168 557 -1
0.1 554 558 -1
0.1 559 173 -1
0.1 174 175 -1
0.1 176 177 -1
0.1 178 179 -1
0.1 562 563 -1
0.1 180 181 -1
0.1 182 183 -1
0.1 565 566 -1
0.1 564 567 -1
0.1 561 568 -1
0.1 560 569 -1
0.1 184 185 -1
0.1 571 186 -1
0.1 187 188 -1
0.1 572 573 -1
0.1 190 191 -1
0.1 575 192 -1
0.1 189 576 -1
0.1 193 194 -1
0.1 578 195 -1
0.1 579 196 -1
0.1 577 580 -1
0.1 197 198 -1
0.1 581 582 -1
0.1 574 583 -1
0.1 570 584 -1
0.1 551 585 -1
0.1 199 200 -1
0.1 201 202 -1
0.1 588 203 -1
0.1 587 589 -1
0.1 590 204 -1
0.1 205 206 -1
0.1 207 208 -1
0.1 592 593 -1
0.1 209 210 -1
0.1 594 595 -1
0.1 591 596 -1
0.1 586 597 -1
0.1 212 213 -1
0.1 215 216 -1
0.1 214 600 -1
0.1 601 217 -1
0.1 218 219 -1
0.1 602 603 -1
0.1 220 221 -1
0.1 604 605 -1
0.1 599 606 -1
0.1 211 607 -1
0.1 228 229 -1
0.1 227 609 -1
0.1 226 610 -1
0.1 225 611 -1
0.1 230 231 -1
0.1 233 234 -1
0.1 232 614 -1
0.1 613 615 -1
0.1 612 616 -1
0.1 236 237 -1
0.1 235 618 -1
0.1 617 619 -1
0.1 238 239 -1
0.1 242 243 -1
0.1 241 622 -1
0.1 240 623 -1
0.1 621 624 -1
0.1 620 625 -1
0.1 224 626 -1
0.1 627 244 -1
0.1 223 628 -1
0.1 222 629 -1
0.1 245 246 -1
0.1 249 250 -1
0.1 248 632 -1
0.1 247 633 -1
0.1 254 255 -1
0.1 253 635 -1
0.1 257 258 -1
0.1 637 259 -1
0.1 256 638 -1
0.1 639 260 -1
0.1 640 261 -1
0.1 636 641 -1
0.1 642 262 -1
0.1 252 643 -1
0.1 251 644 -1
0.1 264 265 -1
0.1 267 268 -1
0.1 266 647 -1
0.1 646 648 -1
0.1 649 269 -1
0.1 263 650 -1
0.1 651 270 -1
0.1 645 652 -1
0.1 634 653 -1
0.1 631 654 -1
0.1 630 655 -1
0.1 608 656 -1
0.1 273 274 -1
0.1 272 658 -1
0.1 271 659 -1
0.1 275 276 -1
0.1 660 661 -1
0.1 662 277 -1
0.1 663 278 -1
0.1 279 280 -1
0.1 664 665 -1
0.1 281 282 -1
0.1 666 667 -1
0.1 284 285 -1
0.1 283 669 -1
0.1 288 289 -1
0.1 290 291 -1
0.1 292 293 -1
0.1 673 294 -1
0.1 674 295 -1
0.1 675 296 -1
0.1 676 297 -1
0.1 672 677 -1
0.1 671 678 -1
0.1 287 679 -1
0.1 299 300 -1
0.1 298 681 -1
0.1 301 302 -1
0.1 683 303 -1
0.1 682 684 -1
0.1 306 307 -1
0.1 305 686 -1
0.1 304 687 -1
0.1 685 688 -1
0.1 680 689 -1
0.1 286 690 -1
0.1 308 309 -1
0.1 691 692 -1
0.1 310 311 -1
0.1 313 314 -1
0.1 315 316 -1
0.1 695 696 -1
0.1 312 697 -1
0.1 694 698 -1
0.1 318 319 -1
0.1 317 700 -1
0.1 699 701 -1
0.1 321 322 -1
0.1 320 703 -1
0.1 325 326 -1
0.1 324 705 -1
0.1 323 706 -1
0.1 704 707 -1
0.1 328 329 -1
0.1 327 709 -1
0.1 708 710 -1
0.1 702 711 -1
0.1 331 332 -1
0.1 333 334 -1
0.1 714 335 -1
0.1 336 337 -1
0.1 715 716 -1
0.1 338 339 -1
0.1 717 718 -1
0.1 713 719 -1
0.1 720 340 -1
0.1 330 721 -1
0.1 712 722 -1
0.1 693 723 -1
0.1 342 343 -1
0.1 344 345 -1
0.1 725 726 -1
0.1 727 346 -1
0.1 347 348 -1
0.1 728 729 -1
0.1 341 730 -1
0.1 349 350 -1
0.1 731 732 -1
0.1 724 733 -1
0.1 670 734 -1
0.1 352 353 -1
0.1 354 355 -1
0.1 357 358 -1
0.1 356 738 -1
0.1 739 359 -1
0.1 737 740 -1
0.1 736 741 -1
0.1 742 360 -1
0.1 351 743 -1
0.1 363 364 -1
0.1 362 745 -1
0.1 361 746 -1
0.1 366 367 -1
0.1 368 369 -1
0.1 370 371 -1
0.1 750 372 -1
0.1 373 374 -1
0.1 752 375 -1
0.1 751 753 -1
0.1 749 754 -1
0.1 748 755 -1
0.1 365 756 -1
0.1 747 757 -1
0.1 377 378 -1
0.1 376 759 -1
0.1 758 760 -1
0.1 761 379 -1
0.1 762 380 -1
0.1 744 763 -1
0.1 735 764 -1
0.1 668 765 -1
0.1 384 385 -1
0.1 386 387 -1
0.1 767 768 -1
0.1 383 769 -1
0.1 382 770 -1
0.1 381 771 -1
0.1 389 390 -1
0.1 388 773 -1
0.1 772 774 -1
0.1 766 775 -1
0.1 657 776 -1
0.1 598 777 -1
0.1 534 778 -1
