1 0 0 1
1 0 0 1
1 0 0 1
1 0 0 1
1 0 0 1
1 0 0 1
1 0 0 1
1 0 0 1
1 0 0 1
1 0 0 1
1 0 0 2
1 0 0 3
1 0 0 4
1 0 0 4
1 0 0 4
1 0 0 4
1 0 0 4
1 0 0 4
1 0 0 4
1 0 0 4
1 0 0 4
1 0 0 4
1 0 0 2
1 0 0 2
1 0 0 2
1 0 0 3
1 0 0 3
1 0 0 3
1 0 0 3
1 0 0 3
1 0 0 3
1 0 0 3
1 0 0 3
1 0 0 3
1 0 0 2
1 0 0 2
1 0 0 2
1 0 0 2
1 0 0 2
1 0 0 2
1 0 0 5
1 0 0 5
1 0 0 5
1 0 0 5
1 0 0 5
1 0 0 5
1 0 0 5
1 0 0 5
1 0 0 5
1 0 0 5
1 0 0 6
1 0 0 6
1 0 0 6
1 0 0 6
1 0 0 7
1 0 0 7
1 0 0 7
1 0 0 7
1 0 0 7
1 0 0 7
1 0 0 7
1 0 0 7
1 0 0 7
1 0 0 7
1 0 0 6
1 0 0 6
1 0 0 6
1 0 0 6
1 0 0 6
1 0 0 6
1 0 0 8
1 0 0 8
1 0 0 8
1 0 0 8
1 0 0 8
1 0 0 8
1 0 0 8
1 0 0 8
1 0 0 8
1 0 0 8
1 0 0 9
1 0 0 9
1 0 0 9
1 0 0 9
1 0 0 10
1 0 0 10
1 0 0 10
1 0 0 10
1 0 0 10
1 0 0 10
1 0 0 10
1 0 0 10
1 0 0 10
1 0 0 10
1 0 0 9
1 0 0 9
1 0 0 9
1 0 0 9
1 0 0 9
1 0 0 9
1 0 0 11
1 0 0 11
1 0 0 11
1 0 0 11
1 0 0 11
1 0 0 11
1 0 0 11
1 0 0 11
1 0 0 11
1 0 0 11
1 0 0 12
1 0 0 12
1 0 0 12
1 0 0 12
1 0 0 12
1 0 0 12
1 0 0 12
1 0 0 12
1 0 0 12
1 0 0 12
0.1 1 2 -1
0.1 3 4 -1
0.1 122 5 -1
0.1 7 8 -1
0.1 6 124 -1
0.1 125 9 -1
0.1 15 16 -1
0.1 14 127 -1
0.1 128 17 -1
0.1 18 19 -1
0.1 130 20 -1
0.1 131 21 -1
0.1 129 132 -1
0.1 13 133 -1
0.1 134 22 -1
0.1 135 23 -1
0.1 24 25 -1
0.1 136 137 -1
0.1 12 138 -1
0.1 28 29 -1
0.1 27 140 -1
0.1 26 141 -1
0.1 31 32 -1
0.1 30 143 -1
0.1 142 144 -1
0.1 33 34 -1
0.1 145 146 -1
0.1 147 35 -1
0.1 139 148 -1
0.1 11 149 -1
0.1 37 38 -1
0.1 36 151 -1
0.1 39 40 -1
0.1 152 153 -1
0.1 150 154 -1
0.1 41 42 -1
0.1 43 44 -1
0.1 157 45 -1
0.1 156 158 -1
0.1 47 48 -1
0.1 49 50 -1
0.1 160 161 -1
0.1 46 162 -1
0.1 159 163 -1
0.1 155 164 -1
0.1 10 165 -1
0.1 126 166 -1
0.1 123 167 -1
0.1 121 168 -1
0.1 53 54 -1
0.1 52 170 -1
0.1 51 171 -1
0.1 56 57 -1
0.1 173 58 -1
0.1 55 174 -1
0.1 59 60 -1
0.1 61 62 -1
0.1 176 177 -1
0.1 63 64 -1
0.1 178 179 -1
0.1 175 180 -1
0.1 172 181 -1
0.1 66 67 -1
0.1 65 183 -1
0.1 69 70 -1
0.1 68 185 -1
0.1 184 186 -1
0.1 182 187 -1
0.1 71 72 -1
0.1 75 76 -1
0.1 74 190 -1
0.1 191 77 -1
0.1 73 192 -1
0.1 79 80 -1
0.1 78 194 -1
0.1 193 195 -1
0.1 189 196 -1
0.1 188 197 -1
0.1 81 82 -1
0.1 83 84 -1
0.1 199 200 -1
0.1 86 87 -1
0.1 85 202 -1
0.1 88 89 -1
0.1 204 90 -1
0.1 203 205 -1
0.1 93 94 -1
0.1 92 207 -1
0.1 91 208 -1
0.1 206 209 -1
0.1 201 210 -1
0.1 96 97 -1
0.1 212 98 -1
0.1 213 99 -1
0.1 214 100 -1
0.1 95 215 -1
0.1 211 216 -1
0.1 101 102 -1
0.1 218 103 -1
0.1 105 106 -1
0.1 220 107 -1
0.1 104 221 -1
0.1 222 108 -1
0.1 223 109 -1
0.1 224 110 -1
0.1 219 225 -1
0.1 217 226 -1
0.1 112 113 -1
0.1 111 228 -1
0.1 116 117 -1
0.1 115 230 -1
0.1 114 231 -1
0.1 229 232 -1
0.1 118 119 -1
0.1 234 120 -1
0.1 233 235 -1
0.1 227 236 -1
0.1 198 237 -1
0.1 169 238 -1
