1 0 0 1
1 0 0 1
1 0 0 1
1 0 0 1
1 0 0 1
1 0 0 1
1 0 0 1
1 0 0 1
1 0 0 1
1 0 0 1
1 0 0 2
1 0 0 3
1 0 0 3
1 0 0 3
1 0 0 3
1 0 0 3
1 0 0 3
1 0 0 3
1 0 0 3
1 0 0 3
1 0 0 3
1 0 0 2
1 0 0 2
1 0 0 2
1 0 0 2
1 0 0 2
1 0 0 2
1 0 0 2
1 0 0 4
1 0 0 4
1 0 0 4
1 0 0 4
1 0 0 4
1 0 0 4
1 0 0 4
1 0 0 4
1 0 0 2
1 0 0 5
1 0 0 4
1 0 0 4
1 0 0 5
1 0 0 6
1 0 0 6
1 0 0 6
1 0 0 6
1 0 0 6
1 0 0 6
1 0 0 6
1 0 0 6
1 0 0 6
1 0 0 6
1 0 0 5
1 0 0 7
1 0 0 7
1 0 0 8
1 0 0 7
1 0 0 7
1 0 0 7
1 0 0 7
1 0 0 7
1 0 0 8
1 0 0 8
1 0 0 9
1 0 0 9
1 0 0 9
1 0 0 9
1 0 0 9
1 0 0 9
1 0 0 9
1 0 0 9
1 0 0 9
1 0 0 9
1 0 0 8
1 0 0 8
1 0 0 8
1 0 0 8
1 0 0 8
1 0 0 8
1 0 0 8
1 0 0 7
1 0 0 10
1 0 0 10
1 0 0 10
1 0 0 10
1 0 0 10
1 0 0 10
1 0 0 10
1 0 0 10
1 0 0 7
1 0 0 7
1 0 0 10
1 0 0 10
1 0 0 2
1 0 0 5
1 0 0 5
1 0 0 5
1 0 0 5
1 0 0 11
1 0 0 11
1 0 0 11
1 0 0 11
1 0 0 12
1 0 0 12
1 0 0 12
1 0 0 12
1 0 0 12
1 0 0 12
1 0 0 12
1 0 0 12
1 0 0 12
1 0 0 12
1 0 0 13
1 0 0 13
1 0 0 13
1 0 0 13
1 0 0 13
1 0 0 13
1 0 0 13
1 0 0 13
1 0 0 13
1 0 0 13
1 0 0 11
1 0 0 14
1 0 0 14
1 0 0 5
1 0 0 15
1 0 0 15
1 0 0 15
1 0 0 15
1 0 0 15
1 0 0 15
1 0 0 15
1 0 0 15
1 0 0 15
1 0 0 15
1 0 0 5
1 0 0 16
1 0 0 16
1 0 0 14
1 0 0 16
1 0 0 16
1 0 0 17
1 0 0 17
1 0 0 17
1 0 0 18
1 0 0 18
1 0 0 18
1 0 0 18
1 0 0 18
1 0 0 18
1 0 0 18
1 0 0 18
1 0 0 18
1 0 0 18
1 0 0 19
1 0 0 19
1 0 0 19
1 0 0 19
1 0 0 19
1 0 0 19
1 0 0 19
1 0 0 19
1 0 0 19
1 0 0 19
1 0 0 20
1 0 0 20
1 0 0 20
1 0 0 20
1 0 0 20
1 0 0 20
1 0 0 17
1 0 0 20
1 0 0 20
1 0 0 20
1 0 0 20
1 0 0 17
1 0 0 17
1 0 0 17
1 0 0 17
1 0 0 17
1 0 0 17
1 0 0 16
1 0 0 16
1 0 0 16
1 0 0 16
1 0 0 16
1 0 0 16
1 0 0 14
1 0 0 14
1 0 0 14
1 0 0 14
1 0 0 21
1 0 0 21
1 0 0 21
1 0 0 21
1 0 0 21
1 0 0 21
1 0 0 21
1 0 0 21
1 0 0 21
1 0 0 21
1 0 0 22
1 0 0 22
1 0 0 22
1 0 0 22
1 0 0 22
1 0 0 22
1 0 0 22
1 0 0 22
1 0 0 22
1 0 0 23
1 0 0 23
1 0 0 23
1 0 0 23
1 0 0 23
1 0 0 23
1 0 0 23
1 0 0 23
1 0 0 23
1 0 0 22
1 0 0 23
1 0 0 24
1 0 0 24
1 0 0 24
1 0 0 24
1 0 0 24
1 0 0 24
1 0 0 24
1 0 0 24
1 0 0 25
1 0 0 25
1 0 0 25
1 0 0 26
1 0 0 25
1 0 0 25
1 0 0 25
1 0 0 25
1 0 0 25
1 0 0 25
1 0 0 27
1 0 0 27
1 0 0 27
1 0 0 27
1 0 0 27
1 0 0 27
1 0 0 27
1 0 0 25
1 0 0 26
1 0 0 26
1 0 0 26
1 0 0 26
1 0 0 26
1 0 0 26
1 0 0 27
1 0 0 27
1 0 0 27
1 0 0 26
1 0 0 26
1 0 0 26
1 0 0 24
1 0 0 24
1 0 0 14
1 0 0 14
1 0 0 14
1 0 0 11
1 0 0 11
1 0 0 11
1 0 0 11
1 0 0 11
1 0 0 28
1 0 0 28
1 0 0 28
1 0 0 28
1 0 0 28
1 0 0 28
1 0 0 28
1 0 0 28
1 0 0 28
1 0 0 28
1 0 0 29
1 0 0 29
1 0 0 30
1 0 0 30
1 0 0 30
1 0 0 30
1 0 0 30
1 0 0 30
1 0 0 30
1 0 0 30
1 0 0 30
1 0 0 31
1 0 0 30
1 0 0 31
1 0 0 29
1 0 0 29
1 0 0 31
1 0 0 31
1 0 0 31
1 0 0 31
1 0 0 31
1 0 0 31
1 0 0 29
1 0 0 32
1 0 0 32
1 0 0 32
1 0 0 32
1 0 0 32
1 0 0 32
1 0 0 33
1 0 0 33
1 0 0 33
1 0 0 33
1 0 0 33
1 0 0 33
1 0 0 33
1 0 0 33
1 0 0 33
1 0 0 32
1 0 0 34
1 0 0 34
1 0 0 34
1 0 0 34
1 0 0 34
1 0 0 34
1 0 0 34
1 0 0 34
1 0 0 34
1 0 0 34
1 0 0 35
1 0 0 35
1 0 0 35
1 0 0 36
1 0 0 36
1 0 0 36
1 0 0 36
1 0 0 36
1 0 0 36
1 0 0 36
1 0 0 36
1 0 0 36
1 0 0 36
1 0 0 35
1 0 0 35
1 0 0 35
1 0 0 35
1 0 0 35
1 0 0 35
1 0 0 35
1 0 0 32
1 0 0 32
1 0 0 32
1 0 0 33
1 0 0 29
1 0 0 37
1 0 0 37
1 0 0 37
1 0 0 37
1 0 0 37
1 0 0 37
1 0 0 37
1 0 0 37
1 0 0 38
1 0 0 38
1 0 0 38
1 0 0 38
1 0 0 38
1 0 0 38
1 0 0 38
1 0 0 38
1 0 0 38
1 0 0 38
1 0 0 37
1 0 0 37
1 0 0 39
1 0 0 39
1 0 0 39
1 0 0 39
1 0 0 39
1 0 0 39
1 0 0 39
1 0 0 39
1 0 0 39
1 0 0 39
1 0 0 29
1 0 0 29
1 0 0 31
1 0 0 40
1 0 0 40
1 0 0 5
1 0 0 41
1 0 0 42
1 0 0 43
1 0 0 43
1 0 0 43
1 0 0 43
1 0 0 44
1 0 0 44
1 0 0 41
1 0 0 41
1 0 0 41
1 0 0 41
1 0 0 41
1 0 0 41
1 0 0 44
1 0 0 44
1 0 0 44
1 0 0 44
1 0 0 44
1 0 0 44
1 0 0 43
1 0 0 44
1 0 0 44
1 0 0 43
1 0 0 43
1 0 0 43
1 0 0 43
1 0 0 43
1 0 0 41
1 0 0 41
1 0 0 42
1 0 0 45
1 0 0 45
1 0 0 45
1 0 0 45
1 0 0 45
1 0 0 45
1 0 0 45
1 0 0 45
1 0 0 45
1 0 0 45
1 0 0 42
1 0 0 46
1 0 0 46
1 0 0 46
1 0 0 46
1 0 0 46
1 0 0 46
1 0 0 46
1 0 0 46
1 0 0 46
1 0 0 46
1 0 0 42
1 0 0 42
1 0 0 42
1 0 0 42
1 0 0 42
1 0 0 42
1 0 0 42
1 0 0 41
1 0 0 40
1 0 0 29
1 0 0 29
1 0 0 40
1 0 0 40
1 0 0 40
1 0 0 40
1 0 0 40
1 0 0 40
1 0 0 40
1 0 0 31
0.1 1 2 -1
0.1 3 4 -1
0.1 462 5 -1
0.1 461 463 -1
0.1 7 8 -1
0.1 6 465 -1
0.1 464 466 -1
0.1 9 10 -1
0.1 467 468 -1
0.1 14 15 -1
0.1 470 16 -1
0.1 13 471 -1
0.1 12 472 -1
0.1 17 18 -1
0.1 20 21 -1
0.1 19 475 -1
0.1 474 476 -1
0.1 473 477 -1
0.1 478 22 -1
0.1 11 479 -1
0.1 480 23 -1
0.1 481 24 -1
0.1 469 482 -1
0.1 26 27 -1
0.1 25 484 -1
0.1 483 485 -1
0.1 486 28 -1
0.1 29 30 -1
0.1 33 34 -1
0.1 489 35 -1
0.1 32 490 -1
0.1 491 36 -1
0.1 31 492 -1
0.1 39 40 -1
0.1 38 494 -1
0.1 37 495 -1
0.1 493 496 -1
0.1 488 497 -1
0.1 43 44 -1
0.1 48 49 -1
0.1 47 500 -1
0.1 46 501 -1
0.1 45 502 -1
0.1 50 51 -1
0.1 503 504 -1
0.1 499 505 -1
0.1 42 506 -1
0.1 507 52 -1
0.1 41 508 -1
0.1 53 54 -1
0.1 56 57 -1
0.1 58 59 -1
0.1 511 512 -1
0.1 513 60 -1
0.1 514 61 -1
0.1 515 62 -1
0.1 63 64 -1
0.1 517 65 -1
0.1 66 67 -1
0.1 518 519 -1
0.1 68 69 -1
0.1 521 70 -1
0.1 71 72 -1
0.1 522 523 -1
0.1 520 524 -1
0.1 525 73 -1
0.1 74 75 -1
0.1 527 76 -1
0.1 526 528 -1
0.1 77 78 -1
0.1 529 530 -1
0.1 516 531 -1
0.1 532 79 -1
0.1 55 533 -1
0.1 534 80 -1
0.1 510 535 -1
0.1 509 536 -1
0.1 83 84 -1
0.1 538 85 -1
0.1 539 86 -1
0.1 82 540 -1
0.1 87 88 -1
0.1 541 542 -1
0.1 81 543 -1
0.1 89 90 -1
0.1 91 92 -1
0.1 545 546 -1
0.1 544 547 -1
0.1 537 548 -1
0.1 549 93 -1
0.1 498 550 -1
0.1 487 551 -1
0.1 552 94 -1
0.1 95 96 -1
0.1 554 97 -1
0.1 553 555 -1
0.1 100 101 -1
0.1 99 557 -1
0.1 102 103 -1
0.1 104 105 -1
0.1 107 108 -1
0.1 109 110 -1
0.1 561 562 -1
0.1 106 563 -1
0.1 564 111 -1
0.1 113 114 -1
0.1 115 116 -1
0.1 566 567 -1
0.1 112 568 -1
0.1 120 121 -1
0.1 119 570 -1
0.1 118 571 -1
0.1 117 572 -1
0.1 569 573 -1
0.1 565 574 -1
0.1 560 575 -1
0.1 559 576 -1
0.1 577 122 -1
0.1 123 124 -1
0.1 127 128 -1
0.1 130 131 -1
0.1 129 581 -1
0.1 132 133 -1
0.1 583 134 -1
0.1 582 584 -1
0.1 585 135 -1
0.1 580 586 -1
0.1 126 587 -1
0.1 125 588 -1
0.1 589 136 -1
0.1 142 143 -1
0.1 145 146 -1
0.1 148 149 -1
0.1 147 593 -1
0.1 150 151 -1
0.1 152 153 -1
0.1 595 596 -1
0.1 594 597 -1
0.1 592 598 -1
0.1 599 154 -1
0.1 157 158 -1
0.1 156 601 -1
0.1 155 602 -1
0.1 160 161 -1
0.1 159 604 -1
0.1 162 163 -1
0.1 606 164 -1
0.1 605 607 -1
0.1 603 608 -1
0.1 168 169 -1
0.1 167 610 -1
0.1 611 170 -1
0.1 166 612 -1
0.1 165 613 -1
0.1 609 614 -1
0.1 615 171 -1
0.1 600 616 -1
0.1 144 617 -1
0.1 172 173 -1
0.1 174 175 -1
0.1 619 620 -1
0.1 618 621 -1
0.1 622 176 -1
0.1 623 177 -1
0.1 591 624 -1
0.1 179 180 -1
0.1 178 626 -1
0.1 625 627 -1
0.1 628 181 -1
0.1 141 629 -1
0.1 140 630 -1
0.1 139 631 -1
0.1 183 184 -1
0.1 182 633 -1
0.1 632 634 -1
0.1 138 635 -1
0.1 185 186 -1
0.1 636 637 -1
0.1 638 187 -1
0.1 137 639 -1
0.1 590 640 -1
0.1 188 189 -1
0.1 190 191 -1
0.1 642 643 -1
0.1 641 644 -1
0.1 579 645 -1
0.1 196 197 -1
0.1 195 647 -1
0.1 194 648 -1
0.1 199 200 -1
0.1 198 650 -1
0.1 649 651 -1
0.1 652 201 -1
0.1 193 653 -1
0.1 192 654 -1
0.1 646 655 -1
0.1 202 203 -1
0.1 206 207 -1
0.1 205 658 -1
0.1 204 659 -1
0.1 209 210 -1
0.1 208 661 -1
0.1 660 662 -1
0.1 657 663 -1
0.1 216 217 -1
0.1 215 665 -1
0.1 214 666 -1
0.1 218 219 -1
0.1 667 668 -1
0.1 213 669 -1
0.1 212 670 -1
0.1 671 220 -1
0.1 672 221 -1
0.1 211 673 -1
0.1 664 674 -1
0.1 224 225 -1
0.1 226 227 -1
0.1 677 228 -1
0.1 231 232 -1
0.1 233 234 -1
0.1 679 680 -1
0.1 230 681 -1
0.1 682 235 -1
0.1 238 239 -1
0.1 237 684 -1
0.1 236 685 -1
0.1 240 241 -1
0.1 243 244 -1
0.1 242 688 -1
0.1 245 246 -1
0.1 689 690 -1
0.1 687 691 -1
0.1 686 692 -1
0.1 693 247 -1
0.1 683 694 -1
0.1 249 250 -1
0.1 248 696 -1
0.1 697 251 -1
0.1 255 256 -1
0.1 254 699 -1
0.1 253 700 -1
0.1 252 701 -1
0.1 698 702 -1
0.1 703 257 -1
0.1 258 259 -1
0.1 704 705 -1
0.1 695 706 -1
0.1 260 261 -1
0.1 707 708 -1
0.1 229 709 -1
0.1 678 710 -1
0.1 676 711 -1
0.1 223 712 -1
0.1 222 713 -1
0.1 675 714 -1
0.1 656 715 -1
0.1 263 264 -1
0.1 262 717 -1
0.1 716 718 -1
0.1 268 269 -1
0.1 267 720 -1
0.1 266 721 -1
0.1 265 722 -1
0.1 719 723 -1
0.1 578 724 -1
0.1 558 725 -1
0.1 98 726 -1
0.1 271 272 -1
0.1 728 273 -1
0.1 275 276 -1
0.1 730 277 -1
0.1 731 278 -1
0.1 274 732 -1
0.1 733 279 -1
0.1 729 734 -1
0.1 270 735 -1
0.1 727 736 -1
0.1 737 280 -1
0.1 738 281 -1
0.1 556 739 -1
0.1 283 284 -1
0.1 282 741 -1
0.1 285 286 -1
0.1 742 743 -1
0.1 744 287 -1
0.1 289 290 -1
0.1 288 746 -1
0.1 747 291 -1
0.1 292 293 -1
0.1 294 295 -1
0.1 749 750 -1
0.1 751 296 -1
0.1 748 752 -1
0.1 745 753 -1
0.1 297 298 -1
0.1 754 755 -1
0.1 756 299 -1
0.1 300 301 -1
0.1 305 306 -1
0.1 304 759 -1
0.1 760 307 -1
0.1 303 761 -1
0.1 762 308 -1
0.1 310 311 -1
0.1 309 764 -1
0.1 313 314 -1
0.1 312 766 -1
0.1 315 316 -1
0.1 768 317 -1
0.1 319 320 -1
0.1 322 323 -1
0.1 771 324 -1
0.1 772 325 -1
0.1 773 326 -1
0.1 774 327 -1
0.1 321 775 -1
0.1 776 328 -1
0.1 770 777 -1
0.1 778 329 -1
0.1 333 334 -1
0.1 780 335 -1
0.1 781 336 -1
0.1 332 782 -1
0.1 338 339 -1
0.1 337 784 -1
0.1 340 341 -1
0.1 785 786 -1
0.1 783 787 -1
0.1 331 788 -1
0.1 330 789 -1
0.1 790 342 -1
0.1 791 343 -1
0.1 779 792 -1
0.1 346 347 -1
0.1 345 794 -1
0.1 795 348 -1
0.1 344 796 -1
0.1 793 797 -1
0.1 318 798 -1
0.1 349 350 -1
0.1 799 800 -1
0.1 801 351 -1
0.1 769 802 -1
0.1 767 803 -1
0.1 765 804 -1
0.1 805 352 -1
0.1 354 355 -1
0.1 356 357 -1
0.1 807 808 -1
0.1 358 359 -1
0.1 809 810 -1
0.1 811 360 -1
0.1 812 361 -1
0.1 364 365 -1
0.1 363 814 -1
0.1 367 368 -1
0.1 366 816 -1
0.1 815 817 -1
0.1 818 369 -1
0.1 362 819 -1
0.1 370 371 -1
0.1 820 821 -1
0.1 372 373 -1
0.1 822 823 -1
0.1 813 824 -1
0.1 375 376 -1
0.1 826 377 -1
0.1 374 827 -1
0.1 379 380 -1
0.1 378 829 -1
0.1 828 830 -1
0.1 831 381 -1
0.1 825 832 -1
0.1 382 383 -1
0.1 833 834 -1
0.1 353 835 -1
0.1 384 385 -1
0.1 836 837 -1
0.1 806 838 -1
0.1 763 839 -1
0.1 302 840 -1
0.1 841 386 -1
0.1 758 842 -1
0.1 387 388 -1
0.1 392 393 -1
0.1 394 395 -1
0.1 398 399 -1
0.1 847 400 -1
0.1 401 402 -1
0.1 849 403 -1
0.1 848 850 -1
0.1 851 404 -1
0.1 852 405 -1
0.1 397 853 -1
0.1 396 854 -1
0.1 406 407 -1
0.1 855 856 -1
0.1 857 408 -1
0.1 858 409 -1
0.1 859 410 -1
0.1 846 860 -1
0.1 411 412 -1
0.1 414 415 -1
0.1 413 863 -1
0.1 416 417 -1
0.1 864 865 -1
0.1 862 866 -1
0.1 861 867 -1
0.1 845 868 -1
0.1 418 419 -1
0.1 869 870 -1
0.1 871 420 -1
0.1 422 423 -1
0.1 421 873 -1
0.1 426 427 -1
0.1 875 428 -1
0.1 876 429 -1
0.1 877 430 -1
0.1 425 878 -1
0.1 424 879 -1
0.1 874 880 -1
0.1 432 433 -1
0.1 882 434 -1
0.1 435 436 -1
0.1 438 439 -1
0.1 437 885 -1
0.1 884 886 -1
0.1 887 440 -1
0.1 888 441 -1
0.1 883 889 -1
0.1 890 442 -1
0.1 443 444 -1
0.1 891 892 -1
0.1 431 893 -1
0.1 881 894 -1
0.1 872 895 -1
0.1 447 448 -1
0.1 446 897 -1
0.1 445 898 -1
0.1 896 899 -1
0.1 391 900 -1
0.1 390 901 -1
0.1 902 449 -1
0.1 389 903 -1
0.1 844 904 -1
0.1 451 452 -1
0.1 454 455 -1
0.1 453 907 -1
0.1 908 456 -1
0.1 906 909 -1
0.1 910 457 -1
0.1 458 459 -1
0.1 911 912 -1
0.1 450 913 -1
0.1 905 914 -1
0.1 915 460 -1
0.1 843 916 -1
0.1 757 917 -1
0.1 740 918 -1
