1 0 0 1
1 0 0 2
1 0 0 2
1 0 0 2
1 0 0 2
1 0 0 3
1 0 0 3
1 0 0 3
1 0 0 3
1 0 0 3
1 0 0 2
1 0 0 4
1 0 0 4
1 0 0 4
1 0 0 4
1 0 0 4
1 0 0 1
1 0 0 1
1 0 0 5
1 0 0 5
1 0 0 5
1 0 0 5
1 0 0 5
1 0 0 6
1 0 0 6
1 0 0 6
1 0 0 6
1 0 0 6
1 0 0 1
1 0 0 7
1 0 0 7
1 0 0 7
1 0 0 7
1 0 0 7
1 0 0 1
1 0 0 8
1 0 0 8
1 0 0 8
1 0 0 8
1 0 0 8
1 0 0 9
1 0 0 9
1 0 0 9
1 0 0 9
1 0 0 9
1 0 0 10
1 0 0 10
1 0 0 10
1 0 0 11
1 0 0 11
1 0 0 11
1 0 0 11
1 0 0 11
1 0 0 10
1 0 0 10
1 0 0 12
1 0 0 12
1 0 0 12
1 0 0 12
1 0 0 12
1 0 0 13
1 0 0 13
1 0 0 13
1 0 0 13
1 0 0 13
1 0 0 14
1 0 0 14
1 0 0 14
1 0 0 14
1 0 0 14
1 0 0 15
1 0 0 15
1 0 0 15
1 0 0 15
1 0 0 15
1 0 0 16
1 0 0 16
1 0 0 16
1 0 0 16
1 0 0 16
1 0 0 17
1 0 0 18
1 0 0 19
1 0 0 19
1 0 0 19
1 0 0 19
1 0 0 19
1 0 0 18
1 0 0 18
1 0 0 18
1 0 0 18
1 0 0 17
1 0 0 17
1 0 0 17
1 0 0 17
1 0 0 20
1 0 0 20
1 0 0 20
1 0 0 20
1 0 0 20
0.1 2 3 -1
0.1 4 5 -1
0.1 101 102 -1
0.1 7 8 -1
0.1 9 10 -1
0.1 104 105 -1
0.1 6 106 -1
0.1 103 107 -1
0.1 108 11 -1
0.1 12 13 -1
0.1 110 14 -1
0.1 15 16 -1
0.1 111 112 -1
0.1 109 113 -1
0.1 114 17 -1
0.1 1 115 -1
0.1 19 20 -1
0.1 117 21 -1
0.1 22 23 -1
0.1 118 119 -1
0.1 25 26 -1
0.1 24 121 -1
0.1 27 28 -1
0.1 122 123 -1
0.1 120 124 -1
0.1 18 125 -1
0.1 30 31 -1
0.1 32 33 -1
0.1 128 34 -1
0.1 127 129 -1
0.1 29 130 -1
0.1 36 37 -1
0.1 132 38 -1
0.1 39 40 -1
0.1 133 134 -1
0.1 35 135 -1
0.1 131 136 -1
0.1 126 137 -1
0.1 116 138 -1
0.1 42 43 -1
0.1 140 44 -1
0.1 141 45 -1
0.1 41 142 -1
0.1 47 48 -1
0.1 46 144 -1
0.1 143 145 -1
0.1 51 52 -1
0.1 50 147 -1
0.1 148 53 -1
0.1 49 149 -1
0.1 146 150 -1
0.1 54 55 -1
0.1 151 152 -1
0.1 56 57 -1
0.1 58 59 -1
0.1 154 155 -1
0.1 156 60 -1
0.1 61 62 -1
0.1 63 64 -1
0.1 158 159 -1
0.1 160 65 -1
0.1 157 161 -1
0.1 153 162 -1
0.1 68 69 -1
0.1 67 164 -1
0.1 66 165 -1
0.1 166 70 -1
0.1 74 75 -1
0.1 73 168 -1
0.1 72 169 -1
0.1 71 170 -1
0.1 167 171 -1
0.1 163 172 -1
0.1 76 77 -1
0.1 79 80 -1
0.1 78 175 -1
0.1 174 176 -1
0.1 173 177 -1
0.1 83 84 -1
0.1 85 86 -1
0.1 180 87 -1
0.1 179 181 -1
0.1 82 182 -1
0.1 88 89 -1
0.1 183 184 -1
0.1 185 90 -1
0.1 92 93 -1
0.1 94 95 -1
0.1 187 188 -1
0.1 91 189 -1
0.1 186 190 -1
0.1 81 191 -1
0.1 97 98 -1
0.1 99 100 -1
0.1 193 194 -1
0.1 96 195 -1
0.1 192 196 -1
0.1 178 197 -1
0.1 139 198 -1
