1 0 0 1
1 0 0 1
1 0 0 2
1 0 0 2
1 0 0 2
1 0 0 2
1 0 0 3
1 0 0 3
1 0 0 3
1 0 0 3
1 0 0 3
1 0 0 2
1 0 0 4
1 0 0 4
1 0 0 4
1 0 0 4
1 0 0 4
1 0 0 1
1 0 0 1
1 0 0 5
1 0 0 5
1 0 0 5
1 0 0 5
1 0 0 5
1 0 0 6
1 0 0 6
1 0 0 6
1 0 0 6
1 0 0 6
1 0 0 7
1 0 0 7
1 0 0 7
1 0 0 7
1 0 0 7
1 0 0 8
1 0 0 8
1 0 0 8
1 0 0 8
1 0 0 8
1 0 0 1
1 0 0 9
1 0 0 9
1 0 0 9
1 0 0 10
1 0 0 10
1 0 0 10
1 0 0 10
1 0 0 10
1 0 0 11
1 0 0 11
1 0 0 11
1 0 0 11
1 0 0 11
1 0 0 12
1 0 0 12
1 0 0 12
1 0 0 12
1 0 0 12
1 0 0 13
1 0 0 13
1 0 0 13
1 0 0 13
1 0 0 13
1 0 0 9
1 0 0 9
1 0 0 14
1 0 0 14
1 0 0 15
1 0 0 15
1 0 0 15
1 0 0 15
1 0 0 14
1 0 0 14
1 0 0 14
1 0 0 15
1 0 0 16
1 0 0 16
1 0 0 16
1 0 0 16
1 0 0 16
1 0 0 17
1 0 0 18
1 0 0 18
1 0 0 18
1 0 0 19
1 0 0 19
1 0 0 19
1 0 0 19
1 0 0 19
1 0 0 18
1 0 0 18
1 0 0 17
1 0 0 17
1 0 0 17
1 0 0 17
1 0 0 20
1 0 0 20
1 0 0 20
1 0 0 20
1 0 0 20
0.1 3 4 -1
0.1 101 5 -1
0.1 102 6 -1
0.1 9 10 -1
0.1 8 104 -1
0.1 7 105 -1
0.1 106 11 -1
0.1 103 107 -1
0.1 108 12 -1
0.1 13 14 -1
0.1 15 16 -1
0.1 110 111 -1
0.1 112 17 -1
0.1 109 113 -1
0.1 2 114 -1
0.1 1 115 -1
0.1 21 22 -1
0.1 20 117 -1
0.1 23 24 -1
0.1 118 119 -1
0.1 19 120 -1
0.1 25 26 -1
0.1 27 28 -1
0.1 123 29 -1
0.1 122 124 -1
0.1 121 125 -1
0.1 18 126 -1
0.1 30 31 -1
0.1 32 33 -1
0.1 129 34 -1
0.1 128 130 -1
0.1 36 37 -1
0.1 35 132 -1
0.1 133 38 -1
0.1 134 39 -1
0.1 131 135 -1
0.1 136 40 -1
0.1 127 137 -1
0.1 116 138 -1
0.1 42 43 -1
0.1 41 140 -1
0.1 45 46 -1
0.1 47 48 -1
0.1 142 143 -1
0.1 44 144 -1
0.1 141 145 -1
0.1 49 50 -1
0.1 51 52 -1
0.1 147 148 -1
0.1 149 53 -1
0.1 146 150 -1
0.1 54 55 -1
0.1 152 56 -1
0.1 57 58 -1
0.1 153 154 -1
0.1 61 62 -1
0.1 60 156 -1
0.1 59 157 -1
0.1 158 63 -1
0.1 155 159 -1
0.1 151 160 -1
0.1 161 64 -1
0.1 162 65 -1
0.1 66 67 -1
0.1 69 70 -1
0.1 165 71 -1
0.1 68 166 -1
0.1 167 72 -1
0.1 168 73 -1
0.1 169 74 -1
0.1 164 170 -1
0.1 171 75 -1
0.1 163 172 -1
0.1 79 80 -1
0.1 78 174 -1
0.1 77 175 -1
0.1 76 176 -1
0.1 86 87 -1
0.1 85 178 -1
0.1 88 89 -1
0.1 179 180 -1
0.1 181 90 -1
0.1 84 182 -1
0.1 83 183 -1
0.1 184 91 -1
0.1 82 185 -1
0.1 81 186 -1
0.1 92 93 -1
0.1 94 95 -1
0.1 188 189 -1
0.1 187 190 -1
0.1 177 191 -1
0.1 96 97 -1
0.1 99 100 -1
0.1 98 194 -1
0.1 193 195 -1
0.1 192 196 -1
0.1 173 197 -1
0.1 139 198 -1
