1 0 0 1
1 0 0 1
1 0 0 1
1 0 0 1
1 0 0 1
1 0 0 2
1 0 0 3
1 0 0 3
1 0 0 3
1 0 0 3
1 0 0 3
1 0 0 3
1 0 0 3
1 0 0 3
1 0 0 3
1 0 0 3
1 0 0 2
1 0 0 2
1 0 0 4
1 0 0 4
1 0 0 4
1 0 0 4
1 0 0 4
1 0 0 4
1 0 0 4
1 0 0 4
1 0 0 4
1 0 0 4
1 0 0 5
1 0 0 5
1 0 0 5
1 0 0 5
1 0 0 5
1 0 0 5
1 0 0 5
1 0 0 5
1 0 0 5
1 0 0 5
1 0 0 6
1 0 0 6
1 0 0 6
1 0 0 6
1 0 0 6
1 0 0 6
1 0 0 6
1 0 0 6
1 0 0 6
1 0 0 6
1 0 0 7
1 0 0 7
1 0 0 7
1 0 0 8
1 0 0 8
1 0 0 2
1 0 0 9
1 0 0 9
1 0 0 9
1 0 0 9
1 0 0 1
1 0 0 1
1 0 0 1
1 0 0 1
1 0 0 1
1 0 0 7
1 0 0 9
1 0 0 9
1 0 0 7
1 0 0 7
1 0 0 7
1 0 0 8
1 0 0 8
1 0 0 8
1 0 0 8
1 0 0 8
1 0 0 8
1 0 0 9
1 0 0 9
1 0 0 9
1 0 0 9
1 0 0 2
1 0 0 2
1 0 0 7
1 0 0 7
1 0 0 2
1 0 0 8
1 0 0 8
1 0 0 7
1 0 0 10
1 0 0 10
1 0 0 10
1 0 0 10
1 0 0 10
1 0 0 10
1 0 0 10
1 0 0 10
1 0 0 10
1 0 0 10
1 0 0 11
1 0 0 11
1 0 0 11
1 0 0 11
1 0 0 11
1 0 0 11
1 0 0 11
1 0 0 11
1 0 0 11
1 0 0 11
1 0 0 2
1 0 0 2
1 0 0 2
0.1 3 4 -1
0.1 2 111 -1
0.1 112 5 -1
0.1 1 113 -1
0.1 10 11 -1
0.1 9 115 -1
0.1 8 116 -1
0.1 7 117 -1
0.1 13 14 -1
0.1 12 119 -1
0.1 118 120 -1
0.1 15 16 -1
0.1 121 122 -1
0.1 123 17 -1
0.1 6 124 -1
0.1 21 22 -1
0.1 20 126 -1
0.1 19 127 -1
0.1 23 24 -1
0.1 26 27 -1
0.1 25 130 -1
0.1 129 131 -1
0.1 128 132 -1
0.1 133 28 -1
0.1 29 30 -1
0.1 135 31 -1
0.1 136 32 -1
0.1 33 34 -1
0.1 138 35 -1
0.1 139 36 -1
0.1 37 38 -1
0.1 140 141 -1
0.1 137 142 -1
0.1 41 42 -1
0.1 44 45 -1
0.1 43 145 -1
0.1 144 146 -1
0.1 47 48 -1
0.1 46 148 -1
0.1 147 149 -1
0.1 40 150 -1
0.1 39 151 -1
0.1 143 152 -1
0.1 134 153 -1
0.1 18 154 -1
0.1 125 155 -1
0.1 114 156 -1
0.1 157 49 -1
0.1 52 53 -1
0.1 56 57 -1
0.1 160 58 -1
0.1 55 161 -1
0.1 54 162 -1
0.1 61 62 -1
0.1 164 63 -1
0.1 60 165 -1
0.1 59 166 -1
0.1 163 167 -1
0.1 159 168 -1
0.1 51 169 -1
0.1 65 66 -1
0.1 171 67 -1
0.1 64 172 -1
0.1 170 173 -1
0.1 71 72 -1
0.1 70 175 -1
0.1 176 73 -1
0.1 74 75 -1
0.1 178 76 -1
0.1 179 77 -1
0.1 177 180 -1
0.1 78 79 -1
0.1 80 81 -1
0.1 182 183 -1
0.1 181 184 -1
0.1 82 83 -1
0.1 185 186 -1
0.1 69 187 -1
0.1 68 188 -1
0.1 174 189 -1
0.1 50 190 -1
0.1 85 86 -1
0.1 84 192 -1
0.1 193 87 -1
0.1 90 91 -1
0.1 89 195 -1
0.1 88 196 -1
0.1 197 92 -1
0.1 94 95 -1
0.1 93 199 -1
0.1 96 97 -1
0.1 200 201 -1
0.1 198 202 -1
0.1 99 100 -1
0.1 101 102 -1
0.1 204 205 -1
0.1 98 206 -1
0.1 103 104 -1
0.1 106 107 -1
0.1 105 209 -1
0.1 208 210 -1
0.1 207 211 -1
0.1 203 212 -1
0.1 213 108 -1
0.1 214 109 -1
0.1 215 110 -1
0.1 194 216 -1
0.1 191 217 -1
0.1 158 218 -1
