1 0 0 1
1 0 0 1
1 0 0 1
1 0 0 1
1 0 0 2
1 0 0 2
1 0 0 2
1 0 0 2
1 0 0 2
1 0 0 2
1 0 0 2
1 0 0 2
1 0 0 2
1 0 0 2
1 0 0 2
1 0 0 2
1 0 0 2
1 0 0 2
1 0 0 2
1 0 0 2
1 0 0 2
1 0 0 2
1 0 0 2
1 0 0 2
1 0 0 3
1 0 0 3
1 0 0 3
1 0 0 3
1 0 0 3
1 0 0 3
1 0 0 3
1 0 0 3
1 0 0 3
1 0 0 3
1 0 0 3
1 0 0 3
1 0 0 3
1 0 0 3
1 0 0 3
1 0 0 3
1 0 0 3
1 0 0 3
1 0 0 3
1 0 0 3
1 0 0 4
1 0 0 4
1 0 0 4
1 0 0 4
1 0 0 4
1 0 0 4
1 0 0 4
1 0 0 4
1 0 0 4
1 0 0 4
1 0 0 4
1 0 0 4
1 0 0 4
1 0 0 4
1 0 0 4
1 0 0 4
1 0 0 4
1 0 0 4
1 0 0 4
1 0 0 4
1 0 0 1
1 0 0 1
1 0 0 1
1 0 0 5
1 0 0 5
1 0 0 5
1 0 0 5
1 0 0 5
1 0 0 5
1 0 0 5
1 0 0 5
1 0 0 5
1 0 0 5
1 0 0 5
1 0 0 5
1 0 0 5
1 0 0 5
1 0 0 5
1 0 0 5
1 0 0 5
1 0 0 5
1 0 0 5
1 0 0 5
1 0 0 6
1 0 0 6
1 0 0 6
1 0 0 6
1 0 0 6
1 0 0 6
1 0 0 6
1 0 0 6
1 0 0 6
1 0 0 6
1 0 0 6
1 0 0 6
1 0 0 6
1 0 0 6
1 0 0 6
1 0 0 6
1 0 0 6
1 0 0 7
1 0 0 7
1 0 0 7
1 0 0 7
1 0 0 7
1 0 0 7
1 0 0 7
1 0 0 7
1 0 0 7
1 0 0 7
1 0 0 7
1 0 0 7
1 0 0 7
1 0 0 7
1 0 0 7
1 0 0 7
1 0 0 7
1 0 0 7
1 0 0 7
1 0 0 7
1 0 0 6
1 0 0 6
1 0 0 6
1 0 0 8
1 0 0 9
1 0 0 9
1 0 0 9
1 0 0 9
1 0 0 9
1 0 0 9
1 0 0 9
1 0 0 9
1 0 0 9
1 0 0 9
1 0 0 9
1 0 0 9
1 0 0 9
1 0 0 9
1 0 0 9
1 0 0 9
1 0 0 9
1 0 0 9
1 0 0 9
1 0 0 9
1 0 0 8
1 0 0 8
1 0 0 8
1 0 0 8
1 0 0 10
1 0 0 10
1 0 0 10
1 0 0 10
1 0 0 10
1 0 0 10
1 0 0 10
1 0 0 10
1 0 0 10
1 0 0 10
1 0 0 10
1 0 0 10
1 0 0 10
1 0 0 10
1 0 0 10
1 0 0 10
1 0 0 10
1 0 0 10
1 0 0 10
1 0 0 10
1 0 0 8
1 0 0 8
1 0 0 8
1 0 0 8
1 0 0 8
1 0 0 8
1 0 0 8
1 0 0 8
1 0 0 8
1 0 0 8
1 0 0 8
1 0 0 8
1 0 0 8
1 0 0 8
1 0 0 8
1 0 0 11
1 0 0 11
1 0 0 11
1 0 0 11
1 0 0 11
1 0 0 11
1 0 0 11
1 0 0 11
1 0 0 11
1 0 0 11
1 0 0 11
1 0 0 11
1 0 0 11
1 0 0 11
1 0 0 11
1 0 0 11
1 0 0 11
1 0 0 11
1 0 0 11
1 0 0 11
1 0 0 12
1 0 0 12
1 0 0 12
1 0 0 12
1 0 0 12
1 0 0 12
1 0 0 12
1 0 0 12
1 0 0 12
1 0 0 12
1 0 0 12
1 0 0 12
1 0 0 12
1 0 0 12
1 0 0 12
1 0 0 12
1 0 0 12
1 0 0 12
1 0 0 12
1 0 0 12
1 0 0 13
1 0 0 13
1 0 0 13
1 0 0 13
1 0 0 13
1 0 0 13
1 0 0 13
1 0 0 13
1 0 0 13
1 0 0 13
1 0 0 13
1 0 0 13
1 0 0 13
1 0 0 13
1 0 0 13
1 0 0 13
1 0 0 14
1 0 0 14
1 0 0 14
1 0 0 14
1 0 0 14
1 0 0 14
1 0 0 14
1 0 0 14
1 0 0 14
1 0 0 14
1 0 0 14
1 0 0 14
1 0 0 14
1 0 0 14
1 0 0 14
1 0 0 14
1 0 0 14
1 0 0 14
1 0 0 14
1 0 0 14
1 0 0 13
1 0 0 15
1 0 0 15
1 0 0 15
1 0 0 15
1 0 0 15
1 0 0 15
1 0 0 15
1 0 0 15
1 0 0 15
1 0 0 15
1 0 0 15
1 0 0 15
1 0 0 15
1 0 0 15
1 0 0 15
1 0 0 15
1 0 0 15
1 0 0 13
1 0 0 15
1 0 0 15
1 0 0 15
1 0 0 13
1 0 0 13
1 0 0 16
1 0 0 16
1 0 0 16
1 0 0 16
1 0 0 16
1 0 0 16
1 0 0 16
1 0 0 16
1 0 0 16
1 0 0 16
1 0 0 16
1 0 0 16
1 0 0 16
1 0 0 16
1 0 0 16
1 0 0 16
1 0 0 16
1 0 0 16
1 0 0 16
1 0 0 16
1 0 0 1
1 0 0 1
1 0 0 1
1 0 0 1
1 0 0 1
1 0 0 1
1 0 0 1
1 0 0 1
1 0 0 17
1 0 0 17
1 0 0 17
1 0 0 17
1 0 0 17
1 0 0 17
1 0 0 17
1 0 0 17
1 0 0 17
1 0 0 17
1 0 0 17
1 0 0 17
1 0 0 17
1 0 0 17
1 0 0 17
1 0 0 17
1 0 0 17
1 0 0 17
1 0 0 17
1 0 0 17
1 0 0 18
1 0 0 18
1 0 0 18
1 0 0 18
1 0 0 18
1 0 0 18
1 0 0 18
1 0 0 18
1 0 0 18
1 0 0 18
1 0 0 18
1 0 0 18
1 0 0 18
1 0 0 18
1 0 0 18
1 0 0 18
1 0 0 18
1 0 0 18
1 0 0 18
1 0 0 18
1 0 0 19
1 0 0 19
1 0 0 19
1 0 0 19
1 0 0 19
1 0 0 19
1 0 0 19
1 0 0 19
1 0 0 19
1 0 0 19
1 0 0 19
1 0 0 19
1 0 0 19
1 0 0 19
1 0 0 19
1 0 0 20
1 0 0 20
1 0 0 20
1 0 0 20
1 0 0 20
1 0 0 20
1 0 0 20
1 0 0 20
1 0 0 20
1 0 0 20
1 0 0 20
1 0 0 20
1 0 0 20
1 0 0 20
1 0 0 20
1 0 0 20
1 0 0 20
1 0 0 20
1 0 0 20
1 0 0 20
1 0 0 21
1 0 0 21
1 0 0 21
1 0 0 21
1 0 0 21
1 0 0 21
1 0 0 21
1 0 0 21
1 0 0 21
1 0 0 21
1 0 0 21
1 0 0 21
1 0 0 21
1 0 0 22
1 0 0 22
1 0 0 22
1 0 0 22
1 0 0 22
1 0 0 22
1 0 0 22
1 0 0 22
1 0 0 22
1 0 0 22
1 0 0 22
1 0 0 22
1 0 0 22
1 0 0 22
1 0 0 22
1 0 0 22
1 0 0 22
1 0 0 22
1 0 0 22
1 0 0 22
1 0 0 21
1 0 0 21
1 0 0 21
1 0 0 21
1 0 0 21
1 0 0 21
1 0 0 21
1 0 0 19
1 0 0 23
1 0 0 23
1 0 0 23
1 0 0 23
1 0 0 23
1 0 0 23
1 0 0 23
1 0 0 23
1 0 0 23
1 0 0 23
1 0 0 23
1 0 0 23
1 0 0 23
1 0 0 23
1 0 0 23
1 0 0 23
1 0 0 23
1 0 0 24
1 0 0 24
1 0 0 24
1 0 0 24
1 0 0 24
1 0 0 24
1 0 0 24
1 0 0 24
1 0 0 24
1 0 0 24
1 0 0 24
1 0 0 24
1 0 0 24
1 0 0 24
1 0 0 24
1 0 0 24
1 0 0 24
1 0 0 24
1 0 0 24
1 0 0 24
1 0 0 23
1 0 0 23
1 0 0 23
1 0 0 19
1 0 0 19
1 0 0 19
1 0 0 19
1 0 0 25
1 0 0 25
1 0 0 25
1 0 0 25
1 0 0 25
1 0 0 25
1 0 0 25
1 0 0 25
1 0 0 25
1 0 0 26
1 0 0 26
1 0 0 26
1 0 0 26
1 0 0 26
1 0 0 26
1 0 0 26
1 0 0 26
1 0 0 26
1 0 0 26
1 0 0 26
1 0 0 26
1 0 0 26
1 0 0 26
1 0 0 26
1 0 0 26
1 0 0 26
1 0 0 26
1 0 0 26
1 0 0 26
1 0 0 25
1 0 0 25
1 0 0 25
1 0 0 25
1 0 0 25
1 0 0 25
1 0 0 25
1 0 0 25
1 0 0 25
1 0 0 25
1 0 0 25
1 0 0 27
1 0 0 27
1 0 0 27
1 0 0 27
1 0 0 27
1 0 0 27
1 0 0 27
1 0 0 27
1 0 0 27
1 0 0 27
1 0 0 27
1 0 0 27
1 0 0 27
1 0 0 27
1 0 0 27
1 0 0 27
1 0 0 27
1 0 0 27
1 0 0 27
1 0 0 27
1 0 0 28
1 0 0 28
1 0 0 28
1 0 0 28
1 0 0 28
1 0 0 28
1 0 0 28
1 0 0 28
1 0 0 28
1 0 0 28
1 0 0 28
1 0 0 28
1 0 0 28
1 0 0 28
1 0 0 28
1 0 0 28
1 0 0 28
1 0 0 28
1 0 0 28
1 0 0 28
1 0 0 1
1 0 0 1
1 0 0 1
1 0 0 29
1 0 0 29
1 0 0 29
1 0 0 29
1 0 0 29
1 0 0 29
1 0 0 29
1 0 0 30
1 0 0 30
1 0 0 30
1 0 0 30
1 0 0 30
1 0 0 30
1 0 0 30
1 0 0 30
1 0 0 30
1 0 0 30
1 0 0 30
1 0 0 30
1 0 0 30
1 0 0 30
1 0 0 30
1 0 0 30
1 0 0 30
1 0 0 30
1 0 0 30
1 0 0 30
1 0 0 31
1 0 0 31
1 0 0 31
1 0 0 31
1 0 0 31
1 0 0 31
1 0 0 31
1 0 0 31
1 0 0 31
1 0 0 31
1 0 0 31
1 0 0 31
1 0 0 31
1 0 0 31
1 0 0 31
1 0 0 31
1 0 0 31
1 0 0 31
1 0 0 31
1 0 0 31
1 0 0 29
1 0 0 29
1 0 0 29
1 0 0 29
1 0 0 29
1 0 0 29
1 0 0 29
1 0 0 29
1 0 0 29
1 0 0 29
1 0 0 29
1 0 0 29
1 0 0 29
1 0 0 1
1 0 0 1
0.1 1 2 -1
0.1 3 4 -1
0.1 7 8 -1
0.1 6 623 -1
0.1 5 624 -1
0.1 12 13 -1
0.1 14 15 -1
0.1 16 17 -1
0.1 627 628 -1
0.1 626 629 -1
0.1 630 18 -1
0.1 11 631 -1
0.1 10 632 -1
0.1 20 21 -1
0.1 19 634 -1
0.1 23 24 -1
0.1 22 636 -1
0.1 635 637 -1
0.1 633 638 -1
0.1 9 639 -1
0.1 25 26 -1
0.1 30 31 -1
0.1 29 642 -1
0.1 28 643 -1
0.1 27 644 -1
0.1 34 35 -1
0.1 33 646 -1
0.1 32 647 -1
0.1 645 648 -1
0.1 641 649 -1
0.1 36 37 -1
0.1 651 38 -1
0.1 40 41 -1
0.1 39 653 -1
0.1 42 43 -1
0.1 655 44 -1
0.1 654 656 -1
0.1 652 657 -1
0.1 650 658 -1
0.1 46 47 -1
0.1 45 660 -1
0.1 659 661 -1
0.1 50 51 -1
0.1 663 52 -1
0.1 49 664 -1
0.1 55 56 -1
0.1 666 57 -1
0.1 54 667 -1
0.1 668 58 -1
0.1 53 669 -1
0.1 665 670 -1
0.1 671 59 -1
0.1 48 672 -1
0.1 61 62 -1
0.1 60 674 -1
0.1 63 64 -1
0.1 675 676 -1
0.1 673 677 -1
0.1 662 678 -1
0.1 640 679 -1
0.1 625 680 -1
0.1 622 681 -1
0.1 65 66 -1
0.1 683 67 -1
0.1 682 684 -1
0.1 621 685 -1
0.1 68 69 -1
0.1 70 71 -1
0.1 687 688 -1
0.1 72 73 -1
0.1 75 76 -1
0.1 74 691 -1
0.1 77 78 -1
0.1 692 693 -1
0.1 690 694 -1
0.1 79 80 -1
0.1 81 82 -1
0.1 697 83 -1
0.1 696 698 -1
0.1 86 87 -1
0.1 85 700 -1
0.1 84 701 -1
0.1 699 702 -1
0.1 695 703 -1
0.1 689 704 -1
0.1 88 89 -1
0.1 92 93 -1
0.1 91 707 -1
0.1 90 708 -1
0.1 94 95 -1
0.1 710 96 -1
0.1 97 98 -1
0.1 711 712 -1
0.1 100 101 -1
0.1 714 102 -1
0.1 715 103 -1
0.1 99 716 -1
0.1 713 717 -1
0.1 709 718 -1
0.1 719 104 -1
0.1 706 720 -1
0.1 107 108 -1
0.1 106 722 -1
0.1 105 723 -1
0.1 111 112 -1
0.1 110 725 -1
0.1 113 114 -1
0.1 115 116 -1
0.1 727 728 -1
0.1 117 118 -1
0.1 730 119 -1
0.1 729 731 -1
0.1 726 732 -1
0.1 120 121 -1
0.1 733 734 -1
0.1 123 124 -1
0.1 122 736 -1
0.1 735 737 -1
0.1 109 738 -1
0.1 724 739 -1
0.1 721 740 -1
0.1 126 127 -1
0.1 125 742 -1
0.1 741 743 -1
0.1 129 130 -1
0.1 745 131 -1
0.1 132 133 -1
0.1 746 747 -1
0.1 135 136 -1
0.1 134 749 -1
0.1 748 750 -1
0.1 139 140 -1
0.1 138 752 -1
0.1 141 142 -1
0.1 143 144 -1
0.1 146 147 -1
0.1 145 756 -1
0.1 755 757 -1
0.1 754 758 -1
0.1 759 148 -1
0.1 753 760 -1
0.1 137 761 -1
0.1 751 762 -1
0.1 128 763 -1
0.1 151 152 -1
0.1 150 765 -1
0.1 149 766 -1
0.1 154 155 -1
0.1 768 156 -1
0.1 158 159 -1
0.1 157 770 -1
0.1 769 771 -1
0.1 161 162 -1
0.1 160 773 -1
0.1 774 163 -1
0.1 772 775 -1
0.1 153 776 -1
0.1 166 167 -1
0.1 165 778 -1
0.1 169 170 -1
0.1 780 171 -1
0.1 168 781 -1
0.1 779 782 -1
0.1 164 783 -1
0.1 784 172 -1
0.1 777 785 -1
0.1 767 786 -1
0.1 764 787 -1
0.1 173 174 -1
0.1 178 179 -1
0.1 177 790 -1
0.1 176 791 -1
0.1 175 792 -1
0.1 181 182 -1
0.1 180 794 -1
0.1 184 185 -1
0.1 183 796 -1
0.1 797 186 -1
0.1 795 798 -1
0.1 793 799 -1
0.1 789 800 -1
0.1 801 187 -1
0.1 788 802 -1
0.1 744 803 -1
0.1 705 804 -1
0.1 686 805 -1
0.1 189 190 -1
0.1 192 193 -1
0.1 191 808 -1
0.1 807 809 -1
0.1 188 810 -1
0.1 194 195 -1
0.1 811 812 -1
0.1 196 197 -1
0.1 199 200 -1
0.1 202 203 -1
0.1 816 204 -1
0.1 817 205 -1
0.1 201 818 -1
0.1 815 819 -1
0.1 206 207 -1
0.1 820 821 -1
0.1 198 822 -1
0.1 814 823 -1
0.1 813 824 -1
0.1 208 209 -1
0.1 211 212 -1
0.1 210 827 -1
0.1 826 828 -1
0.1 213 214 -1
0.1 830 215 -1
0.1 829 831 -1
0.1 217 218 -1
0.1 216 833 -1
0.1 220 221 -1
0.1 219 835 -1
0.1 834 836 -1
0.1 224 225 -1
0.1 223 838 -1
0.1 839 226 -1
0.1 222 840 -1
0.1 837 841 -1
0.1 832 842 -1
0.1 825 843 -1
0.1 844 227 -1
0.1 228 229 -1
0.1 231 232 -1
0.1 230 847 -1
0.1 848 233 -1
0.1 846 849 -1
0.1 850 234 -1
0.1 851 235 -1
0.1 236 237 -1
0.1 239 240 -1
0.1 242 243 -1
0.1 241 855 -1
0.1 854 856 -1
0.1 238 857 -1
0.1 244 245 -1
0.1 248 249 -1
0.1 247 860 -1
0.1 251 252 -1
0.1 250 862 -1
0.1 861 863 -1
0.1 864 253 -1
0.1 246 865 -1
0.1 254 255 -1
0.1 259 260 -1
0.1 258 868 -1
0.1 257 869 -1
0.1 256 870 -1
0.1 867 871 -1
0.1 866 872 -1
0.1 261 262 -1
0.1 874 263 -1
0.1 873 875 -1
0.1 859 876 -1
0.1 877 264 -1
0.1 858 878 -1
0.1 853 879 -1
0.1 267 268 -1
0.1 266 881 -1
0.1 265 882 -1
0.1 269 270 -1
0.1 884 271 -1
0.1 274 275 -1
0.1 273 886 -1
0.1 276 277 -1
0.1 887 888 -1
0.1 272 889 -1
0.1 885 890 -1
0.1 883 891 -1
0.1 278 279 -1
0.1 893 280 -1
0.1 892 894 -1
0.1 282 283 -1
0.1 281 896 -1
0.1 897 284 -1
0.1 895 898 -1
0.1 899 285 -1
0.1 880 900 -1
0.1 286 287 -1
0.1 288 289 -1
0.1 294 295 -1
0.1 293 904 -1
0.1 292 905 -1
0.1 291 906 -1
0.1 290 907 -1
0.1 296 297 -1
0.1 909 298 -1
0.1 910 299 -1
0.1 301 302 -1
0.1 912 303 -1
0.1 300 913 -1
0.1 914 304 -1
0.1 911 915 -1
0.1 916 305 -1
0.1 908 917 -1
0.1 306 307 -1
0.1 918 919 -1
0.1 903 920 -1
0.1 902 921 -1
0.1 901 922 -1
0.1 852 923 -1
0.1 845 924 -1
0.1 308 309 -1
0.1 312 313 -1
0.1 311 927 -1
0.1 310 928 -1
0.1 314 315 -1
0.1 929 930 -1
0.1 926 931 -1
0.1 925 932 -1
0.1 318 319 -1
0.1 320 321 -1
0.1 934 935 -1
0.1 322 323 -1
0.1 324 325 -1
0.1 326 327 -1
0.1 938 939 -1
0.1 937 940 -1
0.1 936 941 -1
0.1 317 942 -1
0.1 316 943 -1
0.1 329 330 -1
0.1 331 332 -1
0.1 945 946 -1
0.1 328 947 -1
0.1 333 334 -1
0.1 948 949 -1
0.1 950 335 -1
0.1 944 951 -1
0.1 339 340 -1
0.1 338 953 -1
0.1 337 954 -1
0.1 336 955 -1
0.1 342 343 -1
0.1 344 345 -1
0.1 957 958 -1
0.1 341 959 -1
0.1 346 347 -1
0.1 961 348 -1
0.1 349 350 -1
0.1 962 963 -1
0.1 960 964 -1
0.1 351 352 -1
0.1 354 355 -1
0.1 353 967 -1
0.1 966 968 -1
0.1 965 969 -1
0.1 956 970 -1
0.1 357 358 -1
0.1 360 361 -1
0.1 359 973 -1
0.1 972 974 -1
0.1 356 975 -1
0.1 362 363 -1
0.1 976 977 -1
0.1 366 367 -1
0.1 365 979 -1
0.1 364 980 -1
0.1 369 370 -1
0.1 374 375 -1
0.1 373 983 -1
0.1 372 984 -1
0.1 371 985 -1
0.1 377 378 -1
0.1 376 987 -1
0.1 986 988 -1
0.1 381 382 -1
0.1 383 384 -1
0.1 990 991 -1
0.1 380 992 -1
0.1 379 993 -1
0.1 385 386 -1
0.1 389 390 -1
0.1 388 996 -1
0.1 387 997 -1
0.1 995 998 -1
0.1 994 999 -1
0.1 989 1000 -1
0.1 982 1001 -1
0.1 368 1002 -1
0.1 981 1003 -1
0.1 978 1004 -1
0.1 971 1005 -1
0.1 952 1006 -1
0.1 392 393 -1
0.1 394 395 -1
0.1 1009 396 -1
0.1 1008 1010 -1
0.1 391 1011 -1
0.1 398 399 -1
0.1 397 1013 -1
0.1 1012 1014 -1
0.1 401 402 -1
0.1 400 1016 -1
0.1 1015 1017 -1
0.1 1018 403 -1
0.1 404 405 -1
0.1 406 407 -1
0.1 1021 408 -1
0.1 409 410 -1
0.1 1022 1023 -1
0.1 1020 1024 -1
0.1 411 412 -1
0.1 1026 413 -1
0.1 1025 1027 -1
0.1 415 416 -1
0.1 414 1029 -1
0.1 418 419 -1
0.1 1031 420 -1
0.1 421 422 -1
0.1 1033 423 -1
0.1 1032 1034 -1
0.1 417 1035 -1
0.1 1030 1036 -1
0.1 1028 1037 -1
0.1 1019 1038 -1
0.1 424 425 -1
0.1 426 427 -1
0.1 428 429 -1
0.1 1042 430 -1
0.1 1041 1043 -1
0.1 1040 1044 -1
0.1 1039 1045 -1
0.1 432 433 -1
0.1 435 436 -1
0.1 1048 437 -1
0.1 438 439 -1
0.1 1049 1050 -1
0.1 434 1051 -1
0.1 440 441 -1
0.1 1053 442 -1
0.1 1052 1054 -1
0.1 1047 1055 -1
0.1 444 445 -1
0.1 443 1057 -1
0.1 447 448 -1
0.1 446 1059 -1
0.1 451 452 -1
0.1 1061 453 -1
0.1 1062 454 -1
0.1 450 1063 -1
0.1 457 458 -1
0.1 456 1065 -1
0.1 461 462 -1
0.1 460 1067 -1
0.1 459 1068 -1
0.1 1066 1069 -1
0.1 455 1070 -1
0.1 465 466 -1
0.1 464 1072 -1
0.1 463 1073 -1
0.1 467 468 -1
0.1 1074 1075 -1
0.1 1071 1076 -1
0.1 1064 1077 -1
0.1 449 1078 -1
0.1 1060 1079 -1
0.1 1080 469 -1
0.1 1081 470 -1
0.1 1058 1082 -1
0.1 1056 1083 -1
0.1 1084 471 -1
0.1 431 1085 -1
0.1 472 473 -1
0.1 1087 474 -1
0.1 1088 475 -1
0.1 477 478 -1
0.1 476 1090 -1
0.1 480 481 -1
0.1 1092 482 -1
0.1 479 1093 -1
0.1 483 484 -1
0.1 486 487 -1
0.1 489 490 -1
0.1 488 1097 -1
0.1 1098 491 -1
0.1 1096 1099 -1
0.1 485 1100 -1
0.1 493 494 -1
0.1 492 1102 -1
0.1 1101 1103 -1
0.1 496 497 -1
0.1 495 1105 -1
0.1 498 499 -1
0.1 502 503 -1
0.1 501 1108 -1
0.1 500 1109 -1
0.1 1107 1110 -1
0.1 1106 1111 -1
0.1 1104 1112 -1
0.1 1113 504 -1
0.1 1095 1114 -1
0.1 1094 1115 -1
0.1 1091 1116 -1
0.1 507 508 -1
0.1 506 1118 -1
0.1 505 1119 -1
0.1 1120 509 -1
0.1 510 511 -1
0.1 513 514 -1
0.1 512 1123 -1
0.1 1124 515 -1
0.1 1122 1125 -1
0.1 1121 1126 -1
0.1 1117 1127 -1
0.1 517 518 -1
0.1 516 1129 -1
0.1 1130 519 -1
0.1 520 521 -1
0.1 522 523 -1
0.1 525 526 -1
0.1 524 1134 -1
0.1 1135 527 -1
0.1 1133 1136 -1
0.1 1132 1137 -1
0.1 528 529 -1
0.1 530 531 -1
0.1 532 533 -1
0.1 1140 1141 -1
0.1 1139 1142 -1
0.1 536 537 -1
0.1 538 539 -1
0.1 1144 1145 -1
0.1 541 542 -1
0.1 540 1147 -1
0.1 544 545 -1
0.1 543 1149 -1
0.1 546 547 -1
0.1 1151 548 -1
0.1 1150 1152 -1
0.1 549 550 -1
0.1 1153 1154 -1
0.1 553 554 -1
0.1 552 1156 -1
0.1 551 1157 -1
0.1 1155 1158 -1
0.1 1159 555 -1
0.1 1148 1160 -1
0.1 1146 1161 -1
0.1 535 1162 -1
0.1 534 1163 -1
0.1 1143 1164 -1
0.1 1138 1165 -1
0.1 1131 1166 -1
0.1 1128 1167 -1
0.1 1089 1168 -1
0.1 1086 1169 -1
0.1 1046 1170 -1
0.1 1007 1171 -1
0.1 557 558 -1
0.1 556 1173 -1
0.1 561 562 -1
0.1 1175 563 -1
0.1 564 565 -1
0.1 1176 1177 -1
0.1 560 1178 -1
0.1 566 567 -1
0.1 568 569 -1
0.1 1180 1181 -1
0.1 570 571 -1
0.1 1182 1183 -1
0.1 572 573 -1
0.1 575 576 -1
0.1 578 579 -1
0.1 577 1187 -1
0.1 1188 580 -1
0.1 1186 1189 -1
0.1 574 1190 -1
0.1 1185 1191 -1
0.1 1184 1192 -1
0.1 1193 581 -1
0.1 582 583 -1
0.1 1195 584 -1
0.1 587 588 -1
0.1 1197 589 -1
0.1 586 1198 -1
0.1 593 594 -1
0.1 592 1200 -1
0.1 591 1201 -1
0.1 1202 595 -1
0.1 590 1203 -1
0.1 597 598 -1
0.1 596 1205 -1
0.1 1204 1206 -1
0.1 1199 1207 -1
0.1 601 602 -1
0.1 600 1209 -1
0.1 599 1210 -1
0.1 1211 603 -1
0.1 604 605 -1
0.1 1212 1213 -1
0.1 1208 1214 -1
0.1 585 1215 -1
0.1 1196 1216 -1
0.1 1194 1217 -1
0.1 1179 1218 -1
0.1 606 607 -1
0.1 1219 1220 -1
0.1 609 610 -1
0.1 615 616 -1
0.1 614 1223 -1
0.1 613 1224 -1
0.1 612 1225 -1
0.1 611 1226 -1
0.1 1222 1227 -1
0.1 617 618 -1
0.1 1228 1229 -1
0.1 608 1230 -1
0.1 1221 1231 -1
0.1 559 1232 -1
0.1 619 620 -1
0.1 1233 1234 -1
0.1 1174 1235 -1
0.1 1172 1236 -1
0.1 933 1237 -1
0.1 806 1238 -1
