1 0 0 1
1 0 0 1
1 0 0 1
1 0 0 1
1 0 0 1
1 0 0 1
1 0 0 2
1 0 0 2
1 0 0 2
1 0 0 2
1 0 0 2
1 0 0 2
1 0 0 3
1 0 0 3
1 0 0 3
1 0 0 4
1 0 0 4
1 0 0 4
1 0 0 4
1 0 0 4
1 0 0 4
1 0 0 4
1 0 0 4
1 0 0 4
1 0 0 4
1 0 0 4
1 0 0 4
1 0 0 4
1 0 0 4
1 0 0 4
1 0 0 4
1 0 0 4
1 0 0 4
1 0 0 4
1 0 0 4
1 0 0 3
1 0 0 3
1 0 0 3
1 0 0 3
1 0 0 3
1 0 0 3
1 0 0 3
1 0 0 3
1 0 0 3
1 0 0 3
1 0 0 3
1 0 0 3
1 0 0 3
1 0 0 3
1 0 0 3
1 0 0 3
1 0 0 3
1 0 0 2
1 0 0 2
1 0 0 2
1 0 0 2
1 0 0 2
1 0 0 2
1 0 0 2
1 0 0 2
1 0 0 2
1 0 0 2
1 0 0 2
1 0 0 2
1 0 0 2
1 0 0 2
1 0 0 1
1 0 0 5
1 0 0 6
1 0 0 6
1 0 0 6
1 0 0 6
1 0 0 6
1 0 0 6
1 0 0 6
1 0 0 6
1 0 0 6
1 0 0 6
1 0 0 6
1 0 0 6
1 0 0 6
1 0 0 6
1 0 0 6
1 0 0 6
1 0 0 6
1 0 0 6
1 0 0 6
1 0 0 6
1 0 0 5
1 0 0 5
1 0 0 5
1 0 0 5
1 0 0 7
1 0 0 7
1 0 0 7
1 0 0 7
1 0 0 7
1 0 0 7
1 0 0 7
1 0 0 7
1 0 0 7
1 0 0 7
1 0 0 7
1 0 0 7
1 0 0 7
1 0 0 7
1 0 0 7
1 0 0 7
1 0 0 7
1 0 0 7
1 0 0 7
1 0 0 7
1 0 0 5
1 0 0 5
1 0 0 5
1 0 0 5
1 0 0 5
1 0 0 5
1 0 0 5
1 0 0 5
1 0 0 5
1 0 0 5
1 0 0 5
1 0 0 5
1 0 0 5
1 0 0 5
1 0 0 5
1 0 0 8
1 0 0 8
1 0 0 8
1 0 0 8
1 0 0 8
1 0 0 8
1 0 0 8
1 0 0 8
1 0 0 8
1 0 0 8
1 0 0 8
1 0 0 8
1 0 0 8
1 0 0 8
1 0 0 8
1 0 0 9
1 0 0 9
1 0 0 9
1 0 0 9
1 0 0 8
1 0 0 8
1 0 0 9
1 0 0 9
1 0 0 9
1 0 0 9
1 0 0 9
1 0 0 9
1 0 0 9
1 0 0 9
1 0 0 9
1 0 0 9
1 0 0 9
1 0 0 9
1 0 0 9
1 0 0 9
1 0 0 9
1 0 0 9
1 0 0 8
1 0 0 8
1 0 0 8
1 0 0 10
1 0 0 10
1 0 0 10
1 0 0 10
1 0 0 10
1 0 0 10
1 0 0 10
1 0 0 10
1 0 0 10
1 0 0 10
1 0 0 10
1 0 0 10
1 0 0 10
1 0 0 10
1 0 0 10
1 0 0 10
1 0 0 10
1 0 0 10
1 0 0 10
1 0 0 10
1 0 0 1
1 0 0 1
1 0 0 1
1 0 0 1
1 0 0 1
1 0 0 1
1 0 0 1
1 0 0 1
1 0 0 11
1 0 0 11
1 0 0 11
1 0 0 12
1 0 0 12
1 0 0 12
1 0 0 12
1 0 0 12
1 0 0 12
1 0 0 12
1 0 0 12
1 0 0 12
1 0 0 12
1 0 0 12
1 0 0 12
1 0 0 12
1 0 0 12
1 0 0 12
1 0 0 12
1 0 0 12
1 0 0 12
1 0 0 12
1 0 0 12
1 0 0 11
1 0 0 11
1 0 0 11
1 0 0 11
1 0 0 11
1 0 0 11
1 0 0 11
1 0 0 11
1 0 0 13
1 0 0 13
1 0 0 13
1 0 0 13
1 0 0 13
1 0 0 13
1 0 0 13
1 0 0 13
1 0 0 13
1 0 0 13
1 0 0 13
1 0 0 13
1 0 0 13
1 0 0 13
1 0 0 13
1 0 0 13
1 0 0 13
1 0 0 13
1 0 0 13
1 0 0 13
1 0 0 11
1 0 0 11
1 0 0 11
1 0 0 11
1 0 0 11
1 0 0 11
1 0 0 11
1 0 0 11
1 0 0 11
1 0 0 14
1 0 0 14
1 0 0 14
1 0 0 14
1 0 0 14
1 0 0 14
1 0 0 14
1 0 0 14
1 0 0 14
1 0 0 14
1 0 0 14
1 0 0 14
1 0 0 14
1 0 0 14
1 0 0 14
1 0 0 14
1 0 0 14
1 0 0 14
1 0 0 14
1 0 0 14
1 0 0 15
1 0 0 15
1 0 0 15
1 0 0 15
1 0 0 15
1 0 0 15
1 0 0 15
1 0 0 15
1 0 0 15
1 0 0 15
1 0 0 15
1 0 0 15
1 0 0 15
1 0 0 15
1 0 0 15
1 0 0 15
1 0 0 15
1 0 0 15
1 0 0 15
1 0 0 15
1 0 0 16
1 0 0 16
1 0 0 16
1 0 0 16
1 0 0 16
1 0 0 16
1 0 0 16
1 0 0 16
1 0 0 16
1 0 0 16
1 0 0 16
1 0 0 16
1 0 0 16
1 0 0 16
1 0 0 16
1 0 0 16
1 0 0 16
1 0 0 16
1 0 0 16
1 0 0 16
1 0 0 17
1 0 0 17
1 0 0 17
1 0 0 17
1 0 0 17
1 0 0 17
1 0 0 17
1 0 0 17
1 0 0 17
1 0 0 17
1 0 0 17
1 0 0 17
1 0 0 17
1 0 0 17
1 0 0 17
1 0 0 17
1 0 0 17
1 0 0 17
1 0 0 17
1 0 0 17
1 0 0 18
1 0 0 18
1 0 0 18
1 0 0 18
1 0 0 18
1 0 0 18
1 0 0 19
1 0 0 19
1 0 0 19
1 0 0 19
1 0 0 19
1 0 0 19
1 0 0 19
1 0 0 19
1 0 0 19
1 0 0 19
1 0 0 19
1 0 0 19
1 0 0 19
1 0 0 19
1 0 0 19
1 0 0 19
1 0 0 19
1 0 0 19
1 0 0 19
1 0 0 19
1 0 0 18
1 0 0 18
1 0 0 18
1 0 0 18
1 0 0 18
1 0 0 18
1 0 0 18
1 0 0 18
1 0 0 18
1 0 0 20
1 0 0 20
1 0 0 20
1 0 0 20
1 0 0 20
1 0 0 20
1 0 0 20
1 0 0 20
1 0 0 21
1 0 0 21
1 0 0 22
1 0 0 22
1 0 0 22
1 0 0 22
1 0 0 22
1 0 0 22
1 0 0 22
1 0 0 22
1 0 0 22
1 0 0 22
1 0 0 22
1 0 0 22
1 0 0 22
1 0 0 22
1 0 0 22
1 0 0 22
1 0 0 22
1 0 0 22
1 0 0 22
1 0 0 22
1 0 0 21
1 0 0 21
1 0 0 21
1 0 0 21
1 0 0 21
1 0 0 21
1 0 0 21
1 0 0 21
1 0 0 21
1 0 0 21
1 0 0 21
1 0 0 21
1 0 0 21
1 0 0 21
1 0 0 21
1 0 0 21
1 0 0 21
1 0 0 21
1 0 0 23
1 0 0 23
1 0 0 23
1 0 0 23
1 0 0 23
1 0 0 23
1 0 0 23
1 0 0 23
1 0 0 24
1 0 0 24
1 0 0 24
1 0 0 24
1 0 0 24
1 0 0 24
1 0 0 24
1 0 0 24
1 0 0 24
1 0 0 24
1 0 0 24
1 0 0 24
1 0 0 24
1 0 0 24
1 0 0 24
1 0 0 24
1 0 0 24
1 0 0 24
1 0 0 24
1 0 0 24
1 0 0 23
1 0 0 23
1 0 0 23
1 0 0 23
1 0 0 23
1 0 0 23
1 0 0 23
1 0 0 23
1 0 0 23
1 0 0 23
1 0 0 23
1 0 0 23
1 0 0 18
1 0 0 18
1 0 0 18
1 0 0 18
1 0 0 18
1 0 0 25
1 0 0 25
1 0 0 25
1 0 0 25
1 0 0 25
1 0 0 25
1 0 0 25
1 0 0 25
1 0 0 25
1 0 0 25
1 0 0 25
1 0 0 25
1 0 0 25
1 0 0 25
1 0 0 26
1 0 0 26
1 0 0 26
1 0 0 26
1 0 0 26
1 0 0 26
1 0 0 26
1 0 0 26
1 0 0 26
1 0 0 26
1 0 0 26
1 0 0 26
1 0 0 26
1 0 0 26
1 0 0 26
1 0 0 26
1 0 0 26
1 0 0 26
1 0 0 26
1 0 0 26
1 0 0 25
1 0 0 25
1 0 0 25
1 0 0 25
1 0 0 25
1 0 0 25
1 0 0 27
1 0 0 27
1 0 0 27
1 0 0 27
1 0 0 27
1 0 0 27
1 0 0 27
1 0 0 27
1 0 0 27
1 0 0 27
1 0 0 27
1 0 0 27
1 0 0 27
1 0 0 27
1 0 0 27
1 0 0 27
1 0 0 27
1 0 0 27
1 0 0 27
1 0 0 27
1 0 0 28
1 0 0 28
1 0 0 28
1 0 0 28
1 0 0 28
1 0 0 28
1 0 0 28
1 0 0 28
1 0 0 28
1 0 0 28
1 0 0 28
1 0 0 28
1 0 0 28
1 0 0 28
1 0 0 28
1 0 0 28
1 0 0 28
1 0 0 28
1 0 0 28
1 0 0 28
1 0 0 20
1 0 0 20
1 0 0 20
1 0 0 20
1 0 0 20
1 0 0 20
1 0 0 20
1 0 0 20
1 0 0 20
1 0 0 20
1 0 0 20
1 0 0 20
1 0 0 1
1 0 0 1
1 0 0 1
1 0 0 29
1 0 0 29
1 0 0 29
1 0 0 29
1 0 0 29
1 0 0 29
1 0 0 29
1 0 0 29
1 0 0 29
1 0 0 29
1 0 0 29
1 0 0 29
1 0 0 29
1 0 0 29
1 0 0 29
1 0 0 29
1 0 0 29
1 0 0 30
1 0 0 30
1 0 0 30
1 0 0 30
1 0 0 30
1 0 0 30
1 0 0 30
1 0 0 30
1 0 0 30
1 0 0 30
1 0 0 30
1 0 0 30
1 0 0 30
1 0 0 30
1 0 0 30
1 0 0 30
1 0 0 30
1 0 0 31
1 0 0 31
1 0 0 31
1 0 0 31
1 0 0 31
1 0 0 31
1 0 0 31
1 0 0 31
1 0 0 31
1 0 0 31
1 0 0 31
1 0 0 31
1 0 0 31
1 0 0 31
1 0 0 31
1 0 0 31
1 0 0 31
1 0 0 31
1 0 0 31
1 0 0 31
1 0 0 30
1 0 0 30
1 0 0 30
1 0 0 29
1 0 0 29
1 0 0 29
1 0 0 1
1 0 0 1
0.1 1 2 -1
0.1 3 4 -1
0.1 5 6 -1
0.1 7 8 -1
0.1 9 10 -1
0.1 625 11 -1
0.1 624 626 -1
0.1 627 12 -1
0.1 13 14 -1
0.1 17 18 -1
0.1 16 630 -1
0.1 20 21 -1
0.1 19 632 -1
0.1 23 24 -1
0.1 22 634 -1
0.1 633 635 -1
0.1 631 636 -1
0.1 25 26 -1
0.1 29 30 -1
0.1 28 639 -1
0.1 640 31 -1
0.1 27 641 -1
0.1 34 35 -1
0.1 33 643 -1
0.1 32 644 -1
0.1 642 645 -1
0.1 638 646 -1
0.1 637 647 -1
0.1 15 648 -1
0.1 629 649 -1
0.1 37 38 -1
0.1 36 651 -1
0.1 39 40 -1
0.1 652 653 -1
0.1 42 43 -1
0.1 655 44 -1
0.1 41 656 -1
0.1 657 45 -1
0.1 46 47 -1
0.1 48 49 -1
0.1 659 660 -1
0.1 661 50 -1
0.1 662 51 -1
0.1 663 52 -1
0.1 658 664 -1
0.1 654 665 -1
0.1 650 666 -1
0.1 667 53 -1
0.1 628 668 -1
0.1 57 58 -1
0.1 59 60 -1
0.1 670 671 -1
0.1 61 62 -1
0.1 672 673 -1
0.1 56 674 -1
0.1 55 675 -1
0.1 54 676 -1
0.1 65 66 -1
0.1 64 678 -1
0.1 63 679 -1
0.1 677 680 -1
0.1 669 681 -1
0.1 623 682 -1
0.1 622 683 -1
0.1 684 67 -1
0.1 621 685 -1
0.1 70 71 -1
0.1 72 73 -1
0.1 75 76 -1
0.1 74 689 -1
0.1 688 690 -1
0.1 687 691 -1
0.1 69 692 -1
0.1 78 79 -1
0.1 694 80 -1
0.1 81 82 -1
0.1 83 84 -1
0.1 696 697 -1
0.1 695 698 -1
0.1 699 85 -1
0.1 86 87 -1
0.1 701 88 -1
0.1 700 702 -1
0.1 77 703 -1
0.1 693 704 -1
0.1 68 705 -1
0.1 90 91 -1
0.1 707 92 -1
0.1 89 708 -1
0.1 94 95 -1
0.1 93 710 -1
0.1 97 98 -1
0.1 96 712 -1
0.1 713 99 -1
0.1 711 714 -1
0.1 103 104 -1
0.1 102 716 -1
0.1 106 107 -1
0.1 105 718 -1
0.1 717 719 -1
0.1 720 108 -1
0.1 111 112 -1
0.1 110 722 -1
0.1 109 723 -1
0.1 721 724 -1
0.1 101 725 -1
0.1 100 726 -1
0.1 715 727 -1
0.1 709 728 -1
0.1 706 729 -1
0.1 114 115 -1
0.1 113 731 -1
0.1 117 118 -1
0.1 116 733 -1
0.1 734 119 -1
0.1 732 735 -1
0.1 123 124 -1
0.1 122 737 -1
0.1 121 738 -1
0.1 120 739 -1
0.1 126 127 -1
0.1 125 741 -1
0.1 740 742 -1
0.1 736 743 -1
0.1 730 744 -1
0.1 129 130 -1
0.1 128 746 -1
0.1 131 132 -1
0.1 747 748 -1
0.1 134 135 -1
0.1 133 750 -1
0.1 751 136 -1
0.1 752 137 -1
0.1 140 141 -1
0.1 754 142 -1
0.1 139 755 -1
0.1 138 756 -1
0.1 753 757 -1
0.1 749 758 -1
0.1 145 146 -1
0.1 144 760 -1
0.1 143 761 -1
0.1 759 762 -1
0.1 147 148 -1
0.1 151 152 -1
0.1 150 765 -1
0.1 153 154 -1
0.1 155 156 -1
0.1 767 768 -1
0.1 158 159 -1
0.1 157 770 -1
0.1 769 771 -1
0.1 766 772 -1
0.1 160 161 -1
0.1 773 774 -1
0.1 163 164 -1
0.1 162 776 -1
0.1 775 777 -1
0.1 149 778 -1
0.1 166 167 -1
0.1 165 780 -1
0.1 779 781 -1
0.1 764 782 -1
0.1 763 783 -1
0.1 745 784 -1
0.1 170 171 -1
0.1 169 786 -1
0.1 168 787 -1
0.1 172 173 -1
0.1 788 789 -1
0.1 175 176 -1
0.1 174 791 -1
0.1 790 792 -1
0.1 177 178 -1
0.1 179 180 -1
0.1 181 182 -1
0.1 796 183 -1
0.1 795 797 -1
0.1 184 185 -1
0.1 186 187 -1
0.1 799 800 -1
0.1 798 801 -1
0.1 794 802 -1
0.1 793 803 -1
0.1 785 804 -1
0.1 686 805 -1
0.1 188 189 -1
0.1 190 191 -1
0.1 807 808 -1
0.1 194 195 -1
0.1 193 810 -1
0.1 192 811 -1
0.1 809 812 -1
0.1 197 198 -1
0.1 202 203 -1
0.1 201 815 -1
0.1 200 816 -1
0.1 817 204 -1
0.1 199 818 -1
0.1 208 209 -1
0.1 207 820 -1
0.1 206 821 -1
0.1 205 822 -1
0.1 210 211 -1
0.1 824 212 -1
0.1 825 213 -1
0.1 823 826 -1
0.1 827 214 -1
0.1 819 828 -1
0.1 215 216 -1
0.1 217 218 -1
0.1 830 831 -1
0.1 829 832 -1
0.1 814 833 -1
0.1 196 834 -1
0.1 219 220 -1
0.1 222 223 -1
0.1 221 837 -1
0.1 838 224 -1
0.1 836 839 -1
0.1 840 225 -1
0.1 835 841 -1
0.1 227 228 -1
0.1 229 230 -1
0.1 844 231 -1
0.1 843 845 -1
0.1 233 234 -1
0.1 236 237 -1
0.1 235 848 -1
0.1 847 849 -1
0.1 850 238 -1
0.1 232 851 -1
0.1 241 242 -1
0.1 853 243 -1
0.1 245 246 -1
0.1 244 855 -1
0.1 854 856 -1
0.1 240 857 -1
0.1 239 858 -1
0.1 852 859 -1
0.1 846 860 -1
0.1 226 861 -1
0.1 247 248 -1
0.1 862 863 -1
0.1 249 250 -1
0.1 252 253 -1
0.1 251 866 -1
0.1 865 867 -1
0.1 868 254 -1
0.1 864 869 -1
0.1 258 259 -1
0.1 871 260 -1
0.1 262 263 -1
0.1 261 873 -1
0.1 265 266 -1
0.1 875 267 -1
0.1 264 876 -1
0.1 874 877 -1
0.1 878 268 -1
0.1 872 879 -1
0.1 257 880 -1
0.1 256 881 -1
0.1 270 271 -1
0.1 883 272 -1
0.1 274 275 -1
0.1 273 885 -1
0.1 884 886 -1
0.1 269 887 -1
0.1 882 888 -1
0.1 255 889 -1
0.1 870 890 -1
0.1 842 891 -1
0.1 276 277 -1
0.1 280 281 -1
0.1 279 894 -1
0.1 282 283 -1
0.1 895 896 -1
0.1 278 897 -1
0.1 893 898 -1
0.1 285 286 -1
0.1 288 289 -1
0.1 290 291 -1
0.1 901 902 -1
0.1 287 903 -1
0.1 900 904 -1
0.1 292 293 -1
0.1 905 906 -1
0.1 284 907 -1
0.1 294 295 -1
0.1 908 909 -1
0.1 899 910 -1
0.1 298 299 -1
0.1 297 912 -1
0.1 301 302 -1
0.1 300 914 -1
0.1 913 915 -1
0.1 303 304 -1
0.1 305 306 -1
0.1 918 307 -1
0.1 917 919 -1
0.1 916 920 -1
0.1 309 310 -1
0.1 308 922 -1
0.1 311 312 -1
0.1 923 924 -1
0.1 313 314 -1
0.1 926 315 -1
0.1 925 927 -1
0.1 921 928 -1
0.1 296 929 -1
0.1 911 930 -1
0.1 892 931 -1
0.1 813 932 -1
0.1 318 319 -1
0.1 317 934 -1
0.1 322 323 -1
0.1 321 936 -1
0.1 937 324 -1
0.1 320 938 -1
0.1 325 326 -1
0.1 327 328 -1
0.1 940 941 -1
0.1 942 329 -1
0.1 939 943 -1
0.1 330 331 -1
0.1 332 333 -1
0.1 946 334 -1
0.1 945 947 -1
0.1 944 948 -1
0.1 935 949 -1
0.1 950 335 -1
0.1 316 951 -1
0.1 336 337 -1
0.1 338 339 -1
0.1 953 954 -1
0.1 340 341 -1
0.1 343 344 -1
0.1 342 957 -1
0.1 348 349 -1
0.1 347 959 -1
0.1 346 960 -1
0.1 345 961 -1
0.1 958 962 -1
0.1 350 351 -1
0.1 352 353 -1
0.1 964 965 -1
0.1 354 355 -1
0.1 966 967 -1
0.1 358 359 -1
0.1 360 361 -1
0.1 969 970 -1
0.1 357 971 -1
0.1 356 972 -1
0.1 968 973 -1
0.1 963 974 -1
0.1 956 975 -1
0.1 976 362 -1
0.1 955 977 -1
0.1 363 364 -1
0.1 366 367 -1
0.1 365 980 -1
0.1 368 369 -1
0.1 981 982 -1
0.1 983 370 -1
0.1 979 984 -1
0.1 978 985 -1
0.1 952 986 -1
0.1 371 372 -1
0.1 373 374 -1
0.1 988 989 -1
0.1 375 376 -1
0.1 377 378 -1
0.1 991 992 -1
0.1 990 993 -1
0.1 987 994 -1
0.1 379 380 -1
0.1 383 384 -1
0.1 382 997 -1
0.1 386 387 -1
0.1 385 999 -1
0.1 388 389 -1
0.1 1001 390 -1
0.1 1000 1002 -1
0.1 998 1003 -1
0.1 392 393 -1
0.1 391 1005 -1
0.1 396 397 -1
0.1 395 1007 -1
0.1 1008 398 -1
0.1 399 400 -1
0.1 1009 1010 -1
0.1 394 1011 -1
0.1 1006 1012 -1
0.1 1004 1013 -1
0.1 381 1014 -1
0.1 996 1015 -1
0.1 401 402 -1
0.1 1017 403 -1
0.1 1018 404 -1
0.1 1016 1019 -1
0.1 406 407 -1
0.1 405 1021 -1
0.1 1020 1022 -1
0.1 408 409 -1
0.1 411 412 -1
0.1 1025 413 -1
0.1 410 1026 -1
0.1 417 418 -1
0.1 416 1028 -1
0.1 415 1029 -1
0.1 414 1030 -1
0.1 1027 1031 -1
0.1 1024 1032 -1
0.1 1023 1033 -1
0.1 419 420 -1
0.1 421 422 -1
0.1 423 424 -1
0.1 1036 1037 -1
0.1 1035 1038 -1
0.1 429 430 -1
0.1 428 1040 -1
0.1 427 1041 -1
0.1 431 432 -1
0.1 1043 433 -1
0.1 1042 1044 -1
0.1 1045 434 -1
0.1 437 438 -1
0.1 436 1047 -1
0.1 435 1048 -1
0.1 1046 1049 -1
0.1 439 440 -1
0.1 1051 441 -1
0.1 442 443 -1
0.1 1053 444 -1
0.1 1052 1054 -1
0.1 445 446 -1
0.1 1055 1056 -1
0.1 1050 1057 -1
0.1 426 1058 -1
0.1 425 1059 -1
0.1 447 448 -1
0.1 450 451 -1
0.1 1062 452 -1
0.1 449 1063 -1
0.1 453 454 -1
0.1 1064 1065 -1
0.1 1061 1066 -1
0.1 1060 1067 -1
0.1 455 456 -1
0.1 1069 457 -1
0.1 1070 458 -1
0.1 1068 1071 -1
0.1 1039 1072 -1
0.1 461 462 -1
0.1 460 1074 -1
0.1 459 1075 -1
0.1 1073 1076 -1
0.1 1034 1077 -1
0.1 465 466 -1
0.1 464 1079 -1
0.1 467 468 -1
0.1 1081 469 -1
0.1 471 472 -1
0.1 473 474 -1
0.1 1084 475 -1
0.1 1083 1085 -1
0.1 470 1086 -1
0.1 1082 1087 -1
0.1 476 477 -1
0.1 1088 1089 -1
0.1 482 483 -1
0.1 481 1091 -1
0.1 480 1092 -1
0.1 479 1093 -1
0.1 485 486 -1
0.1 1095 487 -1
0.1 489 490 -1
0.1 488 1097 -1
0.1 1098 491 -1
0.1 1096 1099 -1
0.1 484 1100 -1
0.1 492 493 -1
0.1 494 495 -1
0.1 496 497 -1
0.1 1103 1104 -1
0.1 1102 1105 -1
0.1 1101 1106 -1
0.1 1094 1107 -1
0.1 478 1108 -1
0.1 500 501 -1
0.1 1110 502 -1
0.1 499 1111 -1
0.1 498 1112 -1
0.1 1109 1113 -1
0.1 1090 1114 -1
0.1 1080 1115 -1
0.1 1116 503 -1
0.1 463 1117 -1
0.1 1078 1118 -1
0.1 505 506 -1
0.1 507 508 -1
0.1 1120 1121 -1
0.1 1122 509 -1
0.1 1123 510 -1
0.1 504 1124 -1
0.1 511 512 -1
0.1 1126 513 -1
0.1 1125 1127 -1
0.1 515 516 -1
0.1 514 1129 -1
0.1 517 518 -1
0.1 520 521 -1
0.1 519 1132 -1
0.1 1131 1133 -1
0.1 522 523 -1
0.1 1134 1135 -1
0.1 1130 1136 -1
0.1 1128 1137 -1
0.1 525 526 -1
0.1 1139 527 -1
0.1 530 531 -1
0.1 529 1141 -1
0.1 528 1142 -1
0.1 532 533 -1
0.1 1143 1144 -1
0.1 1140 1145 -1
0.1 535 536 -1
0.1 534 1147 -1
0.1 1146 1148 -1
0.1 524 1149 -1
0.1 1138 1150 -1
0.1 537 538 -1
0.1 540 541 -1
0.1 539 1153 -1
0.1 1152 1154 -1
0.1 542 543 -1
0.1 1155 1156 -1
0.1 1151 1157 -1
0.1 545 546 -1
0.1 547 548 -1
0.1 549 550 -1
0.1 1160 1161 -1
0.1 1159 1162 -1
0.1 551 552 -1
0.1 553 554 -1
0.1 1164 1165 -1
0.1 1166 555 -1
0.1 1163 1167 -1
0.1 544 1168 -1
0.1 1158 1169 -1
0.1 1119 1170 -1
0.1 995 1171 -1
0.1 556 557 -1
0.1 1173 558 -1
0.1 562 563 -1
0.1 561 1175 -1
0.1 1176 564 -1
0.1 560 1177 -1
0.1 566 567 -1
0.1 565 1179 -1
0.1 1178 1180 -1
0.1 1181 568 -1
0.1 1182 569 -1
0.1 559 1183 -1
0.1 571 572 -1
0.1 570 1185 -1
0.1 1186 573 -1
0.1 574 575 -1
0.1 1187 1188 -1
0.1 577 578 -1
0.1 1190 579 -1
0.1 580 581 -1
0.1 583 584 -1
0.1 582 1193 -1
0.1 1194 585 -1
0.1 1192 1195 -1
0.1 1191 1196 -1
0.1 586 587 -1
0.1 588 589 -1
0.1 590 591 -1
0.1 1199 1200 -1
0.1 1198 1201 -1
0.1 1197 1202 -1
0.1 576 1203 -1
0.1 594 595 -1
0.1 596 597 -1
0.1 1205 1206 -1
0.1 593 1207 -1
0.1 598 599 -1
0.1 1208 1209 -1
0.1 601 602 -1
0.1 600 1211 -1
0.1 1212 603 -1
0.1 605 606 -1
0.1 604 1214 -1
0.1 611 612 -1
0.1 610 1216 -1
0.1 609 1217 -1
0.1 608 1218 -1
0.1 607 1219 -1
0.1 1215 1220 -1
0.1 1213 1221 -1
0.1 1210 1222 -1
0.1 592 1223 -1
0.1 613 614 -1
0.1 1225 615 -1
0.1 1224 1226 -1
0.1 1204 1227 -1
0.1 1189 1228 -1
0.1 1184 1229 -1
0.1 616 617 -1
0.1 1230 1231 -1
0.1 1232 618 -1
0.1 619 620 -1
0.1 1233 1234 -1
0.1 1174 1235 -1
0.1 1172 1236 -1
0.1 933 1237 -1
0.1 806 1238 -1
