1 0 0 1
1 0 0 1
1 0 0 2
1 0 0 2
1 0 0 2
1 0 0 2
1 0 0 2
1 0 0 2
1 0 0 2
1 0 0 2
1 0 0 2
1 0 0 2
1 0 0 1
1 0 0 1
1 0 0 3
1 0 0 3
1 0 0 3
1 0 0 4
1 0 0 4
1 0 0 4
1 0 0 4
1 0 0 4
1 0 0 4
1 0 0 4
1 0 0 4
1 0 0 4
1 0 0 4
1 0 0 5
1 0 0 5
1 0 0 5
1 0 0 5
1 0 0 5
1 0 0 5
1 0 0 5
1 0 0 5
1 0 0 5
1 0 0 5
1 0 0 6
1 0 0 6
1 0 0 6
1 0 0 6
1 0 0 6
1 0 0 6
1 0 0 6
1 0 0 6
1 0 0 6
1 0 0 6
1 0 0 7
1 0 0 8
1 0 0 8
1 0 0 8
1 0 0 8
1 0 0 8
1 0 0 8
1 0 0 8
1 0 0 8
1 0 0 8
1 0 0 8
1 0 0 7
1 0 0 7
1 0 0 9
1 0 0 9
1 0 0 9
1 0 0 9
1 0 0 9
1 0 0 9
1 0 0 9
1 0 0 9
1 0 0 9
1 0 0 9
1 0 0 10
1 0 0 10
1 0 0 10
1 0 0 10
1 0 0 10
1 0 0 11
1 0 0 11
1 0 0 11
1 0 0 11
1 0 0 11
1 0 0 11
1 0 0 12
1 0 0 12
1 0 0 12
1 0 0 12
1 0 0 12
1 0 0 12
1 0 0 11
1 0 0 11
1 0 0 11
1 0 0 11
1 0 0 12
1 0 0 12
1 0 0 12
1 0 0 12
1 0 0 7
1 0 0 7
1 0 0 7
1 0 0 7
1 0 0 13
1 0 0 13
1 0 0 13
1 0 0 13
1 0 0 13
1 0 0 13
1 0 0 13
1 0 0 13
1 0 0 13
1 0 0 13
1 0 0 14
1 0 0 14
1 0 0 14
1 0 0 14
1 0 0 14
1 0 0 14
1 0 0 14
1 0 0 14
1 0 0 14
1 0 0 14
1 0 0 7
1 0 0 10
1 0 0 10
1 0 0 10
1 0 0 10
1 0 0 10
1 0 0 7
1 0 0 15
1 0 0 15
1 0 0 15
1 0 0 15
1 0 0 15
1 0 0 15
1 0 0 15
1 0 0 15
1 0 0 15
1 0 0 15
1 0 0 7
1 0 0 16
1 0 0 16
1 0 0 16
1 0 0 16
1 0 0 16
1 0 0 16
1 0 0 16
1 0 0 16
1 0 0 16
1 0 0 16
1 0 0 17
1 0 0 17
1 0 0 17
1 0 0 17
1 0 0 17
1 0 0 17
1 0 0 17
1 0 0 17
1 0 0 17
1 0 0 17
1 0 0 18
1 0 0 18
1 0 0 18
1 0 0 18
1 0 0 18
1 0 0 3
1 0 0 19
1 0 0 19
1 0 0 19
1 0 0 19
1 0 0 19
1 0 0 19
1 0 0 19
1 0 0 19
1 0 0 19
1 0 0 19
1 0 0 3
1 0 0 20
1 0 0 20
1 0 0 20
1 0 0 20
1 0 0 20
1 0 0 20
1 0 0 20
1 0 0 20
1 0 0 20
1 0 0 21
1 0 0 21
1 0 0 21
1 0 0 21
1 0 0 21
1 0 0 21
1 0 0 21
1 0 0 21
1 0 0 21
1 0 0 21
1 0 0 20
1 0 0 22
1 0 0 22
1 0 0 22
1 0 0 22
1 0 0 22
1 0 0 22
1 0 0 22
1 0 0 22
1 0 0 22
1 0 0 22
1 0 0 18
1 0 0 18
1 0 0 18
1 0 0 18
1 0 0 18
1 0 0 23
1 0 0 23
1 0 0 23
1 0 0 23
1 0 0 23
1 0 0 23
1 0 0 23
1 0 0 23
1 0 0 23
1 0 0 23
1 0 0 3
1 0 0 24
1 0 0 24
1 0 0 24
1 0 0 24
1 0 0 24
1 0 0 24
1 0 0 24
1 0 0 24
1 0 0 24
1 0 0 24
1 0 0 3
1 0 0 3
1 0 0 25
1 0 0 25
1 0 0 25
1 0 0 25
1 0 0 25
1 0 0 25
1 0 0 25
1 0 0 26
1 0 0 26
1 0 0 26
1 0 0 26
1 0 0 26
1 0 0 26
1 0 0 26
1 0 0 26
1 0 0 26
1 0 0 26
1 0 0 25
1 0 0 25
1 0 0 25
1 0 0 3
1 0 0 3
1 0 0 1
1 0 0 1
1 0 0 27
1 0 0 27
1 0 0 27
1 0 0 27
1 0 0 27
1 0 0 27
1 0 0 27
1 0 0 27
1 0 0 27
1 0 0 27
1 0 0 1
1 0 0 28
1 0 0 29
1 0 0 29
1 0 0 29
1 0 0 29
1 0 0 29
1 0 0 29
1 0 0 29
1 0 0 29
1 0 0 29
1 0 0 29
1 0 0 28
1 0 0 28
1 0 0 28
1 0 0 28
1 0 0 30
1 0 0 30
1 0 0 30
1 0 0 30
1 0 0 30
1 0 0 30
1 0 0 30
1 0 0 30
1 0 0 30
1 0 0 30
1 0 0 28
1 0 0 28
1 0 0 31
1 0 0 31
1 0 0 31
1 0 0 31
1 0 0 31
1 0 0 31
1 0 0 31
1 0 0 31
1 0 0 31
1 0 0 31
1 0 0 32
1 0 0 32
1 0 0 32
1 0 0 32
1 0 0 32
1 0 0 32
1 0 0 32
1 0 0 32
1 0 0 32
1 0 0 32
1 0 0 33
1 0 0 33
1 0 0 33
1 0 0 33
1 0 0 33
1 0 0 33
1 0 0 33
1 0 0 33
1 0 0 33
1 0 0 33
1 0 0 28
1 0 0 28
1 0 0 28
1 0 0 34
1 0 0 34
1 0 0 34
1 0 0 34
1 0 0 34
1 0 0 34
1 0 0 34
1 0 0 34
1 0 0 34
1 0 0 34
1 0 0 1
1 0 0 1
1 0 0 35
1 0 0 35
1 0 0 35
1 0 0 35
1 0 0 35
1 0 0 35
1 0 0 35
1 0 0 35
1 0 0 35
1 0 0 35
1 0 0 36
1 0 0 36
1 0 0 36
1 0 0 36
1 0 0 36
1 0 0 36
1 0 0 36
1 0 0 36
1 0 0 36
1 0 0 36
1 0 0 1
1 0 0 37
1 0 0 37
1 0 0 37
1 0 0 37
1 0 0 37
1 0 0 37
1 0 0 37
1 0 0 37
1 0 0 37
1 0 0 37
1 0 0 38
1 0 0 38
1 0 0 38
1 0 0 39
1 0 0 39
1 0 0 39
1 0 0 39
1 0 0 40
1 0 0 40
1 0 0 40
1 0 0 40
1 0 0 40
1 0 0 40
1 0 0 40
1 0 0 41
1 0 0 41
1 0 0 41
1 0 0 41
1 0 0 41
1 0 0 41
1 0 0 39
1 0 0 41
1 0 0 41
1 0 0 42
1 0 0 42
1 0 0 42
1 0 0 42
1 0 0 42
1 0 0 42
1 0 0 42
1 0 0 42
1 0 0 42
1 0 0 42
1 0 0 43
1 0 0 43
1 0 0 43
1 0 0 43
1 0 0 43
1 0 0 43
1 0 0 43
1 0 0 43
1 0 0 43
1 0 0 43
1 0 0 44
1 0 0 44
1 0 0 44
1 0 0 44
1 0 0 44
1 0 0 44
1 0 0 44
1 0 0 44
1 0 0 44
1 0 0 44
1 0 0 45
1 0 0 45
1 0 0 46
1 0 0 40
1 0 0 40
1 0 0 40
1 0 0 47
1 0 0 47
1 0 0 47
1 0 0 47
1 0 0 46
1 0 0 46
1 0 0 46
1 0 0 46
1 0 0 48
1 0 0 48
1 0 0 48
1 0 0 48
1 0 0 48
1 0 0 48
1 0 0 48
1 0 0 48
1 0 0 48
1 0 0 48
1 0 0 39
1 0 0 39
1 0 0 49
1 0 0 49
1 0 0 49
1 0 0 49
1 0 0 50
1 0 0 51
1 0 0 51
1 0 0 51
1 0 0 51
1 0 0 51
1 0 0 51
1 0 0 51
1 0 0 51
1 0 0 51
1 0 0 46
1 0 0 46
1 0 0 46
1 0 0 46
1 0 0 46
1 0 0 39
1 0 0 39
1 0 0 51
1 0 0 50
1 0 0 50
1 0 0 50
1 0 0 50
1 0 0 39
1 0 0 41
1 0 0 41
1 0 0 38
1 0 0 38
1 0 0 38
1 0 0 38
1 0 0 38
1 0 0 38
1 0 0 38
1 0 0 50
1 0 0 50
1 0 0 50
1 0 0 50
1 0 0 50
1 0 0 49
1 0 0 49
1 0 0 49
1 0 0 49
1 0 0 49
1 0 0 49
1 0 0 47
1 0 0 52
1 0 0 52
1 0 0 52
1 0 0 52
1 0 0 52
1 0 0 52
1 0 0 52
1 0 0 52
1 0 0 45
1 0 0 45
1 0 0 45
1 0 0 45
1 0 0 45
1 0 0 53
1 0 0 52
1 0 0 52
1 0 0 53
1 0 0 53
1 0 0 53
1 0 0 53
1 0 0 53
1 0 0 53
1 0 0 53
1 0 0 53
1 0 0 47
1 0 0 47
1 0 0 47
1 0 0 47
1 0 0 54
1 0 0 54
1 0 0 54
1 0 0 54
1 0 0 54
1 0 0 54
1 0 0 54
1 0 0 54
1 0 0 54
1 0 0 47
1 0 0 45
1 0 0 45
1 0 0 45
1 0 0 53
1 0 0 54
0.1 1 2 -1
0.1 8 9 -1
0.1 7 542 -1
0.1 6 543 -1
0.1 11 12 -1
0.1 10 545 -1
0.1 544 546 -1
0.1 5 547 -1
0.1 4 548 -1
0.1 3 549 -1
0.1 13 14 -1
0.1 550 551 -1
0.1 541 552 -1
0.1 20 21 -1
0.1 19 554 -1
0.1 18 555 -1
0.1 22 23 -1
0.1 556 557 -1
0.1 24 25 -1
0.1 559 26 -1
0.1 560 27 -1
0.1 558 561 -1
0.1 32 33 -1
0.1 34 35 -1
0.1 564 36 -1
0.1 563 565 -1
0.1 566 37 -1
0.1 31 567 -1
0.1 30 568 -1
0.1 29 569 -1
0.1 28 570 -1
0.1 38 39 -1
0.1 572 40 -1
0.1 573 41 -1
0.1 43 44 -1
0.1 42 575 -1
0.1 46 47 -1
0.1 45 577 -1
0.1 576 578 -1
0.1 574 579 -1
0.1 571 580 -1
0.1 562 581 -1
0.1 49 50 -1
0.1 52 53 -1
0.1 51 584 -1
0.1 583 585 -1
0.1 57 58 -1
0.1 56 587 -1
0.1 55 588 -1
0.1 54 589 -1
0.1 586 590 -1
0.1 591 59 -1
0.1 592 60 -1
0.1 62 63 -1
0.1 61 594 -1
0.1 64 65 -1
0.1 595 596 -1
0.1 597 66 -1
0.1 67 68 -1
0.1 598 599 -1
0.1 69 70 -1
0.1 600 601 -1
0.1 593 602 -1
0.1 48 603 -1
0.1 71 72 -1
0.1 73 74 -1
0.1 605 606 -1
0.1 79 80 -1
0.1 78 608 -1
0.1 77 609 -1
0.1 76 610 -1
0.1 611 81 -1
0.1 83 84 -1
0.1 82 613 -1
0.1 614 85 -1
0.1 86 87 -1
0.1 615 616 -1
0.1 90 91 -1
0.1 89 618 -1
0.1 88 619 -1
0.1 92 93 -1
0.1 620 621 -1
0.1 617 622 -1
0.1 612 623 -1
0.1 94 95 -1
0.1 625 96 -1
0.1 98 99 -1
0.1 97 627 -1
0.1 100 101 -1
0.1 102 103 -1
0.1 629 630 -1
0.1 104 105 -1
0.1 107 108 -1
0.1 633 109 -1
0.1 106 634 -1
0.1 632 635 -1
0.1 112 113 -1
0.1 111 637 -1
0.1 638 114 -1
0.1 117 118 -1
0.1 116 640 -1
0.1 115 641 -1
0.1 639 642 -1
0.1 643 119 -1
0.1 110 644 -1
0.1 636 645 -1
0.1 631 646 -1
0.1 628 647 -1
0.1 626 648 -1
0.1 649 120 -1
0.1 624 650 -1
0.1 75 651 -1
0.1 123 124 -1
0.1 653 125 -1
0.1 122 654 -1
0.1 121 655 -1
0.1 652 656 -1
0.1 607 657 -1
0.1 604 658 -1
0.1 127 128 -1
0.1 130 131 -1
0.1 129 661 -1
0.1 660 662 -1
0.1 126 663 -1
0.1 132 133 -1
0.1 135 136 -1
0.1 134 666 -1
0.1 665 667 -1
0.1 664 668 -1
0.1 139 140 -1
0.1 138 670 -1
0.1 141 142 -1
0.1 671 672 -1
0.1 144 145 -1
0.1 143 674 -1
0.1 146 147 -1
0.1 675 676 -1
0.1 673 677 -1
0.1 137 678 -1
0.1 669 679 -1
0.1 659 680 -1
0.1 582 681 -1
0.1 17 682 -1
0.1 16 683 -1
0.1 152 153 -1
0.1 685 154 -1
0.1 151 686 -1
0.1 150 687 -1
0.1 149 688 -1
0.1 148 689 -1
0.1 156 157 -1
0.1 155 691 -1
0.1 690 692 -1
0.1 159 160 -1
0.1 694 161 -1
0.1 695 162 -1
0.1 167 168 -1
0.1 166 697 -1
0.1 165 698 -1
0.1 171 172 -1
0.1 170 700 -1
0.1 701 173 -1
0.1 169 702 -1
0.1 699 703 -1
0.1 164 704 -1
0.1 705 174 -1
0.1 163 706 -1
0.1 176 177 -1
0.1 178 179 -1
0.1 709 180 -1
0.1 182 183 -1
0.1 181 711 -1
0.1 710 712 -1
0.1 708 713 -1
0.1 175 714 -1
0.1 185 186 -1
0.1 184 716 -1
0.1 717 187 -1
0.1 188 189 -1
0.1 192 193 -1
0.1 191 720 -1
0.1 190 721 -1
0.1 719 722 -1
0.1 718 723 -1
0.1 724 194 -1
0.1 715 725 -1
0.1 198 199 -1
0.1 197 727 -1
0.1 196 728 -1
0.1 200 201 -1
0.1 202 203 -1
0.1 730 731 -1
0.1 732 204 -1
0.1 729 733 -1
0.1 195 734 -1
0.1 726 735 -1
0.1 707 736 -1
0.1 206 207 -1
0.1 205 738 -1
0.1 737 739 -1
0.1 696 740 -1
0.1 208 209 -1
0.1 741 742 -1
0.1 158 743 -1
0.1 693 744 -1
0.1 214 215 -1
0.1 213 746 -1
0.1 212 747 -1
0.1 748 216 -1
0.1 218 219 -1
0.1 217 750 -1
0.1 749 751 -1
0.1 211 752 -1
0.1 210 753 -1
0.1 221 222 -1
0.1 755 223 -1
0.1 225 226 -1
0.1 224 757 -1
0.1 227 228 -1
0.1 759 229 -1
0.1 758 760 -1
0.1 761 230 -1
0.1 756 762 -1
0.1 220 763 -1
0.1 764 231 -1
0.1 233 234 -1
0.1 232 766 -1
0.1 235 236 -1
0.1 238 239 -1
0.1 237 769 -1
0.1 768 770 -1
0.1 767 771 -1
0.1 242 243 -1
0.1 245 246 -1
0.1 244 774 -1
0.1 773 775 -1
0.1 241 776 -1
0.1 240 777 -1
0.1 248 249 -1
0.1 247 779 -1
0.1 778 780 -1
0.1 250 251 -1
0.1 782 252 -1
0.1 781 783 -1
0.1 772 784 -1
0.1 765 785 -1
0.1 754 786 -1
0.1 745 787 -1
0.1 253 254 -1
0.1 788 789 -1
0.1 684 790 -1
0.1 15 791 -1
0.1 258 259 -1
0.1 260 261 -1
0.1 794 262 -1
0.1 263 264 -1
0.1 795 796 -1
0.1 797 265 -1
0.1 793 798 -1
0.1 257 799 -1
0.1 256 800 -1
0.1 255 801 -1
0.1 269 270 -1
0.1 274 275 -1
0.1 273 804 -1
0.1 805 276 -1
0.1 277 278 -1
0.1 806 807 -1
0.1 272 808 -1
0.1 271 809 -1
0.1 803 810 -1
0.1 811 279 -1
0.1 280 281 -1
0.1 284 285 -1
0.1 287 288 -1
0.1 290 291 -1
0.1 289 816 -1
0.1 815 817 -1
0.1 286 818 -1
0.1 819 292 -1
0.1 814 820 -1
0.1 283 821 -1
0.1 282 822 -1
0.1 813 823 -1
0.1 812 824 -1
0.1 293 294 -1
0.1 296 297 -1
0.1 299 300 -1
0.1 298 828 -1
0.1 827 829 -1
0.1 295 830 -1
0.1 831 301 -1
0.1 832 302 -1
0.1 303 304 -1
0.1 833 834 -1
0.1 309 310 -1
0.1 836 311 -1
0.1 837 312 -1
0.1 308 838 -1
0.1 307 839 -1
0.1 306 840 -1
0.1 305 841 -1
0.1 313 314 -1
0.1 842 843 -1
0.1 317 318 -1
0.1 321 322 -1
0.1 320 846 -1
0.1 319 847 -1
0.1 845 848 -1
0.1 849 323 -1
0.1 850 324 -1
0.1 316 851 -1
0.1 315 852 -1
0.1 844 853 -1
0.1 835 854 -1
0.1 826 855 -1
0.1 825 856 -1
0.1 325 326 -1
0.1 858 327 -1
0.1 331 332 -1
0.1 333 334 -1
0.1 860 861 -1
0.1 335 336 -1
0.1 862 863 -1
0.1 864 337 -1
0.1 330 865 -1
0.1 329 866 -1
0.1 328 867 -1
0.1 859 868 -1
0.1 857 869 -1
0.1 268 870 -1
0.1 267 871 -1
0.1 341 342 -1
0.1 873 343 -1
0.1 345 346 -1
0.1 344 875 -1
0.1 874 876 -1
0.1 877 347 -1
0.1 878 348 -1
0.1 879 349 -1
0.1 340 880 -1
0.1 339 881 -1
0.1 338 882 -1
0.1 350 351 -1
0.1 354 355 -1
0.1 353 885 -1
0.1 356 357 -1
0.1 886 887 -1
0.1 352 888 -1
0.1 358 359 -1
0.1 889 890 -1
0.1 884 891 -1
0.1 883 892 -1
0.1 872 893 -1
0.1 361 362 -1
0.1 363 364 -1
0.1 895 896 -1
0.1 367 368 -1
0.1 366 898 -1
0.1 899 369 -1
0.1 365 900 -1
0.1 897 901 -1
0.1 902 370 -1
0.1 360 903 -1
0.1 894 904 -1
0.1 266 905 -1
0.1 802 906 -1
0.1 372 373 -1
0.1 371 908 -1
0.1 374 375 -1
0.1 376 377 -1
0.1 910 911 -1
0.1 379 380 -1
0.1 378 913 -1
0.1 381 382 -1
0.1 914 915 -1
0.1 383 384 -1
0.1 916 917 -1
0.1 912 918 -1
0.1 909 919 -1
0.1 907 920 -1
0.1 792 921 -1
0.1 553 922 -1
0.1 387 388 -1
0.1 386 924 -1
0.1 389 390 -1
0.1 925 926 -1
0.1 392 393 -1
0.1 391 928 -1
0.1 927 929 -1
0.1 385 930 -1
0.1 394 395 -1
0.1 396 397 -1
0.1 933 398 -1
0.1 399 400 -1
0.1 401 402 -1
0.1 935 936 -1
0.1 937 403 -1
0.1 934 938 -1
0.1 932 939 -1
0.1 405 406 -1
0.1 404 941 -1
0.1 407 408 -1
0.1 410 411 -1
0.1 409 944 -1
0.1 945 412 -1
0.1 943 946 -1
0.1 947 413 -1
0.1 942 948 -1
0.1 415 416 -1
0.1 950 417 -1
0.1 414 951 -1
0.1 419 420 -1
0.1 953 421 -1
0.1 422 423 -1
0.1 954 955 -1
0.1 418 956 -1
0.1 952 957 -1
0.1 949 958 -1
0.1 940 959 -1
0.1 424 425 -1
0.1 961 426 -1
0.1 960 962 -1
0.1 428 429 -1
0.1 427 964 -1
0.1 963 965 -1
0.1 430 431 -1
0.1 432 433 -1
0.1 967 968 -1
0.1 434 435 -1
0.1 970 436 -1
0.1 971 437 -1
0.1 439 440 -1
0.1 438 973 -1
0.1 441 442 -1
0.1 443 444 -1
0.1 445 446 -1
0.1 977 447 -1
0.1 976 978 -1
0.1 975 979 -1
0.1 974 980 -1
0.1 972 981 -1
0.1 448 449 -1
0.1 982 983 -1
0.1 969 984 -1
0.1 966 985 -1
0.1 452 453 -1
0.1 455 456 -1
0.1 458 459 -1
0.1 460 461 -1
0.1 989 990 -1
0.1 457 991 -1
0.1 988 992 -1
0.1 462 463 -1
0.1 467 468 -1
0.1 466 995 -1
0.1 465 996 -1
0.1 464 997 -1
0.1 469 470 -1
0.1 999 471 -1
0.1 998 1000 -1
0.1 994 1001 -1
0.1 993 1002 -1
0.1 454 1003 -1
0.1 472 473 -1
0.1 477 478 -1
0.1 479 480 -1
0.1 482 483 -1
0.1 1008 484 -1
0.1 481 1009 -1
0.1 1010 485 -1
0.1 1007 1011 -1
0.1 1006 1012 -1
0.1 476 1013 -1
0.1 1014 486 -1
0.1 475 1015 -1
0.1 487 488 -1
0.1 1016 1017 -1
0.1 489 490 -1
0.1 1018 1019 -1
0.1 474 1020 -1
0.1 1005 1021 -1
0.1 1004 1022 -1
0.1 1023 491 -1
0.1 1024 492 -1
0.1 987 1025 -1
0.1 451 1026 -1
0.1 1027 493 -1
0.1 1028 494 -1
0.1 450 1029 -1
0.1 495 496 -1
0.1 1030 1031 -1
0.1 986 1032 -1
0.1 500 501 -1
0.1 1034 502 -1
0.1 499 1035 -1
0.1 498 1036 -1
0.1 503 504 -1
0.1 1037 1038 -1
0.1 1039 505 -1
0.1 507 508 -1
0.1 506 1041 -1
0.1 509 510 -1
0.1 1042 1043 -1
0.1 511 512 -1
0.1 1044 1045 -1
0.1 1040 1046 -1
0.1 1047 513 -1
0.1 515 516 -1
0.1 517 518 -1
0.1 1049 1050 -1
0.1 514 1051 -1
0.1 519 520 -1
0.1 1053 521 -1
0.1 1052 1054 -1
0.1 1048 1055 -1
0.1 1056 522 -1
0.1 497 1057 -1
0.1 524 525 -1
0.1 523 1059 -1
0.1 526 527 -1
0.1 1061 528 -1
0.1 529 530 -1
0.1 1063 531 -1
0.1 1062 1064 -1
0.1 533 534 -1
0.1 532 1066 -1
0.1 1065 1067 -1
0.1 1060 1068 -1
0.1 1069 535 -1
0.1 537 538 -1
0.1 536 1071 -1
0.1 1072 539 -1
0.1 1073 540 -1
0.1 1070 1074 -1
0.1 1058 1075 -1
0.1 1033 1076 -1
0.1 931 1077 -1
0.1 923 1078 -1
