1 0 0 1
1 0 0 2
1 0 0 3
1 0 0 3
1 0 0 3
1 0 0 4
1 0 0 4
1 0 0 4
1 0 0 4
1 0 0 4
1 0 0 4
1 0 0 4
1 0 0 4
1 0 0 4
1 0 0 4
1 0 0 3
1 0 0 5
1 0 0 5
1 0 0 5
1 0 0 5
1 0 0 5
1 0 0 5
1 0 0 5
1 0 0 5
1 0 0 5
1 0 0 5
1 0 0 3
1 0 0 6
1 0 0 6
1 0 0 6
1 0 0 7
1 0 0 7
1 0 0 7
1 0 0 7
1 0 0 7
1 0 0 7
1 0 0 7
1 0 0 7
1 0 0 7
1 0 0 7
1 0 0 8
1 0 0 8
1 0 0 8
1 0 0 8
1 0 0 8
1 0 0 8
1 0 0 8
1 0 0 8
1 0 0 8
1 0 0 8
1 0 0 9
1 0 0 9
1 0 0 9
1 0 0 9
1 0 0 9
1 0 0 9
1 0 0 9
1 0 0 9
1 0 0 9
1 0 0 9
1 0 0 10
1 0 0 10
1 0 0 10
1 0 0 10
1 0 0 10
1 0 0 10
1 0 0 10
1 0 0 10
1 0 0 10
1 0 0 10
1 0 0 6
1 0 0 6
1 0 0 11
1 0 0 11
1 0 0 11
1 0 0 11
1 0 0 11
1 0 0 11
1 0 0 11
1 0 0 11
1 0 0 11
1 0 0 11
1 0 0 6
1 0 0 12
1 0 0 12
1 0 0 12
1 0 0 12
1 0 0 12
1 0 0 12
1 0 0 12
1 0 0 12
1 0 0 12
1 0 0 12
1 0 0 6
1 0 0 6
1 0 0 6
1 0 0 6
1 0 0 13
1 0 0 13
1 0 0 13
1 0 0 13
1 0 0 13
1 0 0 13
1 0 0 13
1 0 0 13
1 0 0 13
1 0 0 13
1 0 0 14
1 0 0 14
1 0 0 14
1 0 0 14
1 0 0 14
1 0 0 14
1 0 0 14
1 0 0 14
1 0 0 14
1 0 0 14
1 0 0 3
1 0 0 3
1 0 0 3
1 0 0 15
1 0 0 15
1 0 0 16
1 0 0 16
1 0 0 16
1 0 0 16
1 0 0 16
1 0 0 16
1 0 0 16
1 0 0 16
1 0 0 16
1 0 0 17
1 0 0 17
1 0 0 17
1 0 0 17
1 0 0 17
1 0 0 17
1 0 0 17
1 0 0 17
1 0 0 17
1 0 0 17
1 0 0 18
1 0 0 18
1 0 0 18
1 0 0 18
1 0 0 18
1 0 0 18
1 0 0 18
1 0 0 18
1 0 0 18
1 0 0 18
1 0 0 19
1 0 0 19
1 0 0 20
1 0 0 20
1 0 0 20
1 0 0 20
1 0 0 20
1 0 0 20
1 0 0 20
1 0 0 20
1 0 0 20
1 0 0 20
1 0 0 16
1 0 0 21
1 0 0 21
1 0 0 21
1 0 0 21
1 0 0 21
1 0 0 21
1 0 0 21
1 0 0 21
1 0 0 21
1 0 0 21
1 0 0 19
1 0 0 22
1 0 0 22
1 0 0 22
1 0 0 22
1 0 0 22
1 0 0 22
1 0 0 22
1 0 0 22
1 0 0 22
1 0 0 22
1 0 0 19
1 0 0 19
1 0 0 19
1 0 0 23
1 0 0 23
1 0 0 23
1 0 0 23
1 0 0 23
1 0 0 23
1 0 0 23
1 0 0 23
1 0 0 23
1 0 0 23
1 0 0 24
1 0 0 24
1 0 0 24
1 0 0 24
1 0 0 24
1 0 0 24
1 0 0 24
1 0 0 24
1 0 0 24
1 0 0 24
1 0 0 19
1 0 0 25
1 0 0 25
1 0 0 25
1 0 0 25
1 0 0 25
1 0 0 25
1 0 0 25
1 0 0 25
1 0 0 25
1 0 0 25
1 0 0 26
1 0 0 26
1 0 0 26
1 0 0 26
1 0 0 26
1 0 0 26
1 0 0 26
1 0 0 26
1 0 0 26
1 0 0 26
1 0 0 19
1 0 0 27
1 0 0 27
1 0 0 27
1 0 0 27
1 0 0 27
1 0 0 27
1 0 0 27
1 0 0 27
1 0 0 27
1 0 0 27
1 0 0 28
1 0 0 28
1 0 0 28
1 0 0 28
1 0 0 28
1 0 0 28
1 0 0 28
1 0 0 28
1 0 0 28
1 0 0 28
1 0 0 29
1 0 0 29
1 0 0 29
1 0 0 29
1 0 0 29
1 0 0 29
1 0 0 29
1 0 0 29
1 0 0 29
1 0 0 29
1 0 0 30
1 0 0 31
1 0 0 31
1 0 0 31
1 0 0 31
1 0 0 31
1 0 0 31
1 0 0 31
1 0 0 31
1 0 0 31
1 0 0 31
1 0 0 30
1 0 0 32
1 0 0 32
1 0 0 32
1 0 0 32
1 0 0 32
1 0 0 32
1 0 0 32
1 0 0 32
1 0 0 32
1 0 0 32
1 0 0 30
1 0 0 33
1 0 0 34
1 0 0 34
1 0 0 34
1 0 0 34
1 0 0 34
1 0 0 34
1 0 0 34
1 0 0 34
1 0 0 34
1 0 0 34
1 0 0 30
1 0 0 30
1 0 0 33
1 0 0 33
1 0 0 33
1 0 0 33
1 0 0 33
1 0 0 33
1 0 0 33
1 0 0 33
1 0 0 33
1 0 0 30
1 0 0 35
1 0 0 35
1 0 0 35
1 0 0 35
1 0 0 35
1 0 0 35
1 0 0 35
1 0 0 35
1 0 0 35
1 0 0 35
1 0 0 36
1 0 0 36
1 0 0 36
1 0 0 36
1 0 0 36
1 0 0 36
1 0 0 36
1 0 0 36
1 0 0 36
1 0 0 36
1 0 0 37
1 0 0 37
1 0 0 37
1 0 0 37
1 0 0 37
1 0 0 37
1 0 0 37
1 0 0 37
1 0 0 37
1 0 0 37
1 0 0 30
1 0 0 30
1 0 0 30
1 0 0 30
1 0 0 38
1 0 0 38
1 0 0 38
1 0 0 38
1 0 0 38
1 0 0 38
1 0 0 38
1 0 0 38
1 0 0 38
1 0 0 38
1 0 0 39
1 0 0 39
1 0 0 39
1 0 0 39
1 0 0 39
1 0 0 39
1 0 0 39
1 0 0 39
1 0 0 39
1 0 0 39
1 0 0 19
1 0 0 19
1 0 0 40
1 0 0 40
1 0 0 40
1 0 0 15
1 0 0 40
1 0 0 41
1 0 0 41
1 0 0 41
1 0 0 41
1 0 0 15
1 0 0 42
1 0 0 42
1 0 0 42
1 0 0 42
1 0 0 42
1 0 0 42
1 0 0 42
1 0 0 42
1 0 0 41
1 0 0 42
1 0 0 42
1 0 0 40
1 0 0 43
1 0 0 40
1 0 0 40
1 0 0 44
1 0 0 44
1 0 0 44
1 0 0 44
1 0 0 44
1 0 0 44
1 0 0 44
1 0 0 1
1 0 0 1
1 0 0 1
1 0 0 1
1 0 0 1
1 0 0 1
1 0 0 1
1 0 0 40
1 0 0 40
1 0 0 40
1 0 0 43
1 0 0 41
1 0 0 41
1 0 0 41
1 0 0 41
1 0 0 45
1 0 0 45
1 0 0 45
1 0 0 45
1 0 0 45
1 0 0 45
1 0 0 45
1 0 0 45
1 0 0 45
1 0 0 45
1 0 0 3
1 0 0 3
1 0 0 46
1 0 0 46
1 0 0 46
1 0 0 46
1 0 0 46
1 0 0 46
1 0 0 46
1 0 0 15
1 0 0 15
1 0 0 15
1 0 0 15
1 0 0 15
1 0 0 15
1 0 0 43
1 0 0 43
1 0 0 43
1 0 0 43
1 0 0 43
1 0 0 43
1 0 0 43
1 0 0 43
1 0 0 2
1 0 0 2
1 0 0 1
1 0 0 1
1 0 0 44
1 0 0 44
1 0 0 44
1 0 0 47
1 0 0 47
1 0 0 47
1 0 0 47
1 0 0 47
1 0 0 47
1 0 0 47
1 0 0 47
1 0 0 47
1 0 0 48
1 0 0 47
1 0 0 49
1 0 0 48
1 0 0 48
1 0 0 48
1 0 0 48
1 0 0 48
1 0 0 48
1 0 0 49
1 0 0 49
1 0 0 48
1 0 0 48
1 0 0 48
1 0 0 49
1 0 0 49
1 0 0 49
1 0 0 49
1 0 0 49
1 0 0 49
1 0 0 49
1 0 0 46
1 0 0 46
1 0 0 46
1 0 0 2
1 0 0 2
1 0 0 50
1 0 0 50
1 0 0 50
1 0 0 50
1 0 0 50
1 0 0 50
1 0 0 50
1 0 0 50
1 0 0 50
1 0 0 50
1 0 0 41
1 0 0 2
1 0 0 2
1 0 0 2
1 0 0 2
1 0 0 51
1 0 0 51
1 0 0 51
1 0 0 51
1 0 0 51
1 0 0 51
1 0 0 51
1 0 0 51
1 0 0 51
1 0 0 51
1 0 0 52
1 0 0 52
1 0 0 52
1 0 0 52
1 0 0 52
1 0 0 52
1 0 0 52
1 0 0 52
1 0 0 52
1 0 0 53
1 0 0 53
1 0 0 53
1 0 0 54
1 0 0 54
1 0 0 54
1 0 0 54
1 0 0 54
1 0 0 54
1 0 0 54
1 0 0 54
1 0 0 54
1 0 0 54
1 0 0 52
1 0 0 2
1 0 0 53
1 0 0 53
1 0 0 53
1 0 0 53
1 0 0 53
1 0 0 53
1 0 0 53
0.1 1 2 -1
0.1 3 4 -1
0.1 7 8 -1
0.1 10 11 -1
0.1 9 544 -1
0.1 12 13 -1
0.1 546 14 -1
0.1 545 547 -1
0.1 548 15 -1
0.1 543 549 -1
0.1 6 550 -1
0.1 5 551 -1
0.1 20 21 -1
0.1 553 22 -1
0.1 19 554 -1
0.1 24 25 -1
0.1 23 556 -1
0.1 557 26 -1
0.1 555 558 -1
0.1 18 559 -1
0.1 17 560 -1
0.1 16 561 -1
0.1 29 30 -1
0.1 34 35 -1
0.1 33 564 -1
0.1 565 36 -1
0.1 39 40 -1
0.1 38 567 -1
0.1 37 568 -1
0.1 566 569 -1
0.1 32 570 -1
0.1 31 571 -1
0.1 41 42 -1
0.1 44 45 -1
0.1 46 47 -1
0.1 575 48 -1
0.1 574 576 -1
0.1 43 577 -1
0.1 578 49 -1
0.1 579 50 -1
0.1 573 580 -1
0.1 55 56 -1
0.1 582 57 -1
0.1 583 58 -1
0.1 584 59 -1
0.1 54 585 -1
0.1 586 60 -1
0.1 53 587 -1
0.1 52 588 -1
0.1 51 589 -1
0.1 581 590 -1
0.1 572 591 -1
0.1 563 592 -1
0.1 62 63 -1
0.1 64 65 -1
0.1 594 595 -1
0.1 596 66 -1
0.1 68 69 -1
0.1 67 598 -1
0.1 599 70 -1
0.1 597 600 -1
0.1 61 601 -1
0.1 593 602 -1
0.1 28 603 -1
0.1 71 72 -1
0.1 75 76 -1
0.1 74 606 -1
0.1 77 78 -1
0.1 607 608 -1
0.1 609 79 -1
0.1 81 82 -1
0.1 80 611 -1
0.1 610 612 -1
0.1 73 613 -1
0.1 614 83 -1
0.1 605 615 -1
0.1 85 86 -1
0.1 87 88 -1
0.1 618 89 -1
0.1 90 91 -1
0.1 92 93 -1
0.1 620 621 -1
0.1 619 622 -1
0.1 617 623 -1
0.1 84 624 -1
0.1 625 94 -1
0.1 626 95 -1
0.1 627 96 -1
0.1 616 628 -1
0.1 629 97 -1
0.1 604 630 -1
0.1 27 631 -1
0.1 98 99 -1
0.1 101 102 -1
0.1 104 105 -1
0.1 635 106 -1
0.1 103 636 -1
0.1 634 637 -1
0.1 100 638 -1
0.1 639 107 -1
0.1 633 640 -1
0.1 111 112 -1
0.1 642 113 -1
0.1 115 116 -1
0.1 114 644 -1
0.1 643 645 -1
0.1 110 646 -1
0.1 647 117 -1
0.1 109 648 -1
0.1 108 649 -1
0.1 118 119 -1
0.1 650 651 -1
0.1 641 652 -1
0.1 632 653 -1
0.1 562 654 -1
0.1 552 655 -1
0.1 656 120 -1
0.1 542 657 -1
0.1 541 658 -1
0.1 121 122 -1
0.1 123 124 -1
0.1 661 125 -1
0.1 126 127 -1
0.1 662 663 -1
0.1 129 130 -1
0.1 128 665 -1
0.1 664 666 -1
0.1 667 131 -1
0.1 133 134 -1
0.1 132 669 -1
0.1 670 135 -1
0.1 671 136 -1
0.1 137 138 -1
0.1 672 673 -1
0.1 140 141 -1
0.1 139 675 -1
0.1 674 676 -1
0.1 142 143 -1
0.1 678 144 -1
0.1 145 146 -1
0.1 680 147 -1
0.1 681 148 -1
0.1 682 149 -1
0.1 679 683 -1
0.1 684 150 -1
0.1 685 151 -1
0.1 686 152 -1
0.1 687 153 -1
0.1 677 688 -1
0.1 155 156 -1
0.1 154 690 -1
0.1 157 158 -1
0.1 692 159 -1
0.1 693 160 -1
0.1 691 694 -1
0.1 162 163 -1
0.1 161 696 -1
0.1 695 697 -1
0.1 689 698 -1
0.1 165 166 -1
0.1 169 170 -1
0.1 168 701 -1
0.1 167 702 -1
0.1 700 703 -1
0.1 164 704 -1
0.1 699 705 -1
0.1 668 706 -1
0.1 173 174 -1
0.1 172 708 -1
0.1 171 709 -1
0.1 707 710 -1
0.1 177 178 -1
0.1 176 712 -1
0.1 180 181 -1
0.1 714 182 -1
0.1 184 185 -1
0.1 183 716 -1
0.1 715 717 -1
0.1 179 718 -1
0.1 713 719 -1
0.1 175 720 -1
0.1 711 721 -1
0.1 660 722 -1
0.1 187 188 -1
0.1 186 724 -1
0.1 191 192 -1
0.1 726 193 -1
0.1 194 195 -1
0.1 196 197 -1
0.1 728 729 -1
0.1 730 198 -1
0.1 727 731 -1
0.1 190 732 -1
0.1 189 733 -1
0.1 199 200 -1
0.1 202 203 -1
0.1 201 736 -1
0.1 735 737 -1
0.1 205 206 -1
0.1 204 739 -1
0.1 207 208 -1
0.1 740 741 -1
0.1 738 742 -1
0.1 734 743 -1
0.1 744 209 -1
0.1 213 214 -1
0.1 746 215 -1
0.1 212 747 -1
0.1 748 216 -1
0.1 217 218 -1
0.1 749 750 -1
0.1 211 751 -1
0.1 752 219 -1
0.1 210 753 -1
0.1 745 754 -1
0.1 725 755 -1
0.1 723 756 -1
0.1 221 222 -1
0.1 220 758 -1
0.1 224 225 -1
0.1 223 760 -1
0.1 761 226 -1
0.1 759 762 -1
0.1 227 228 -1
0.1 763 764 -1
0.1 765 229 -1
0.1 234 235 -1
0.1 233 767 -1
0.1 232 768 -1
0.1 236 237 -1
0.1 769 770 -1
0.1 231 771 -1
0.1 772 238 -1
0.1 773 239 -1
0.1 774 240 -1
0.1 242 243 -1
0.1 244 245 -1
0.1 776 777 -1
0.1 241 778 -1
0.1 247 248 -1
0.1 246 780 -1
0.1 781 249 -1
0.1 782 250 -1
0.1 779 783 -1
0.1 251 252 -1
0.1 253 254 -1
0.1 785 786 -1
0.1 255 256 -1
0.1 258 259 -1
0.1 257 789 -1
0.1 790 260 -1
0.1 788 791 -1
0.1 787 792 -1
0.1 784 793 -1
0.1 775 794 -1
0.1 263 264 -1
0.1 262 796 -1
0.1 265 266 -1
0.1 797 798 -1
0.1 267 268 -1
0.1 270 271 -1
0.1 269 801 -1
0.1 800 802 -1
0.1 799 803 -1
0.1 261 804 -1
0.1 274 275 -1
0.1 277 278 -1
0.1 279 280 -1
0.1 807 808 -1
0.1 281 282 -1
0.1 809 810 -1
0.1 276 811 -1
0.1 806 812 -1
0.1 273 813 -1
0.1 272 814 -1
0.1 805 815 -1
0.1 285 286 -1
0.1 287 288 -1
0.1 289 290 -1
0.1 818 819 -1
0.1 291 292 -1
0.1 820 821 -1
0.1 293 294 -1
0.1 822 823 -1
0.1 817 824 -1
0.1 284 825 -1
0.1 826 295 -1
0.1 827 296 -1
0.1 297 298 -1
0.1 300 301 -1
0.1 299 830 -1
0.1 302 303 -1
0.1 831 832 -1
0.1 829 833 -1
0.1 304 305 -1
0.1 834 835 -1
0.1 828 836 -1
0.1 283 837 -1
0.1 307 308 -1
0.1 309 310 -1
0.1 839 840 -1
0.1 311 312 -1
0.1 841 842 -1
0.1 314 315 -1
0.1 844 316 -1
0.1 313 845 -1
0.1 843 846 -1
0.1 320 321 -1
0.1 319 848 -1
0.1 849 322 -1
0.1 318 850 -1
0.1 317 851 -1
0.1 323 324 -1
0.1 325 326 -1
0.1 853 854 -1
0.1 852 855 -1
0.1 847 856 -1
0.1 306 857 -1
0.1 330 331 -1
0.1 329 859 -1
0.1 860 332 -1
0.1 333 334 -1
0.1 335 336 -1
0.1 862 863 -1
0.1 861 864 -1
0.1 328 865 -1
0.1 327 866 -1
0.1 858 867 -1
0.1 338 339 -1
0.1 869 340 -1
0.1 337 870 -1
0.1 341 342 -1
0.1 872 343 -1
0.1 873 344 -1
0.1 345 346 -1
0.1 874 875 -1
0.1 348 349 -1
0.1 347 877 -1
0.1 876 878 -1
0.1 871 879 -1
0.1 868 880 -1
0.1 352 353 -1
0.1 354 355 -1
0.1 882 883 -1
0.1 357 358 -1
0.1 359 360 -1
0.1 885 886 -1
0.1 356 887 -1
0.1 884 888 -1
0.1 351 889 -1
0.1 350 890 -1
0.1 881 891 -1
0.1 838 892 -1
0.1 816 893 -1
0.1 795 894 -1
0.1 895 361 -1
0.1 230 896 -1
0.1 766 897 -1
0.1 898 362 -1
0.1 757 899 -1
0.1 659 900 -1
0.1 363 364 -1
0.1 366 367 -1
0.1 365 903 -1
0.1 902 904 -1
0.1 368 369 -1
0.1 906 370 -1
0.1 907 371 -1
0.1 908 372 -1
0.1 374 375 -1
0.1 376 377 -1
0.1 378 379 -1
0.1 911 912 -1
0.1 910 913 -1
0.1 373 914 -1
0.1 909 915 -1
0.1 380 381 -1
0.1 382 383 -1
0.1 917 918 -1
0.1 916 919 -1
0.1 920 384 -1
0.1 388 389 -1
0.1 391 392 -1
0.1 390 923 -1
0.1 922 924 -1
0.1 393 394 -1
0.1 925 926 -1
0.1 395 396 -1
0.1 928 397 -1
0.1 398 399 -1
0.1 929 930 -1
0.1 400 401 -1
0.1 931 932 -1
0.1 927 933 -1
0.1 934 402 -1
0.1 403 404 -1
0.1 935 936 -1
0.1 387 937 -1
0.1 386 938 -1
0.1 406 407 -1
0.1 940 408 -1
0.1 941 409 -1
0.1 411 412 -1
0.1 414 415 -1
0.1 413 944 -1
0.1 945 416 -1
0.1 943 946 -1
0.1 410 947 -1
0.1 417 418 -1
0.1 948 949 -1
0.1 950 419 -1
0.1 942 951 -1
0.1 420 421 -1
0.1 422 423 -1
0.1 426 427 -1
0.1 425 955 -1
0.1 424 956 -1
0.1 957 428 -1
0.1 954 958 -1
0.1 953 959 -1
0.1 429 430 -1
0.1 431 432 -1
0.1 433 434 -1
0.1 962 963 -1
0.1 961 964 -1
0.1 960 965 -1
0.1 952 966 -1
0.1 435 436 -1
0.1 967 968 -1
0.1 438 439 -1
0.1 441 442 -1
0.1 440 971 -1
0.1 970 972 -1
0.1 437 973 -1
0.1 969 974 -1
0.1 405 975 -1
0.1 939 976 -1
0.1 385 977 -1
0.1 921 978 -1
0.1 445 446 -1
0.1 448 449 -1
0.1 447 981 -1
0.1 980 982 -1
0.1 450 451 -1
0.1 453 454 -1
0.1 452 985 -1
0.1 456 457 -1
0.1 455 987 -1
0.1 988 458 -1
0.1 459 460 -1
0.1 989 990 -1
0.1 986 991 -1
0.1 984 992 -1
0.1 463 464 -1
0.1 994 465 -1
0.1 466 467 -1
0.1 995 996 -1
0.1 462 997 -1
0.1 998 468 -1
0.1 470 471 -1
0.1 1000 472 -1
0.1 474 475 -1
0.1 478 479 -1
0.1 477 1003 -1
0.1 476 1004 -1
0.1 1002 1005 -1
0.1 473 1006 -1
0.1 1001 1007 -1
0.1 469 1008 -1
0.1 999 1009 -1
0.1 461 1010 -1
0.1 993 1011 -1
0.1 983 1012 -1
0.1 444 1013 -1
0.1 481 482 -1
0.1 480 1015 -1
0.1 1014 1016 -1
0.1 443 1017 -1
0.1 483 484 -1
0.1 487 488 -1
0.1 489 490 -1
0.1 1021 491 -1
0.1 1020 1022 -1
0.1 486 1023 -1
0.1 485 1024 -1
0.1 493 494 -1
0.1 492 1026 -1
0.1 1025 1027 -1
0.1 1019 1028 -1
0.1 1018 1029 -1
0.1 1030 495 -1
0.1 979 1031 -1
0.1 905 1032 -1
0.1 497 498 -1
0.1 496 1034 -1
0.1 501 502 -1
0.1 500 1036 -1
0.1 504 505 -1
0.1 503 1038 -1
0.1 1037 1039 -1
0.1 508 509 -1
0.1 507 1041 -1
0.1 506 1042 -1
0.1 1040 1043 -1
0.1 499 1044 -1
0.1 1035 1045 -1
0.1 511 512 -1
0.1 510 1047 -1
0.1 1048 513 -1
0.1 514 515 -1
0.1 517 518 -1
0.1 516 1051 -1
0.1 1050 1052 -1
0.1 1049 1053 -1
0.1 519 520 -1
0.1 1055 521 -1
0.1 522 523 -1
0.1 525 526 -1
0.1 524 1058 -1
0.1 527 528 -1
0.1 530 531 -1
0.1 529 1061 -1
0.1 1060 1062 -1
0.1 1059 1063 -1
0.1 1057 1064 -1
0.1 1056 1065 -1
0.1 1066 532 -1
0.1 1054 1067 -1
0.1 534 535 -1
0.1 537 538 -1
0.1 539 540 -1
0.1 1070 1071 -1
0.1 536 1072 -1
0.1 1069 1073 -1
0.1 533 1074 -1
0.1 1068 1075 -1
0.1 1046 1076 -1
0.1 1033 1077 -1
0.1 901 1078 -1
