1 0 0 1
1 0 0 2
1 0 0 2
1 0 0 2
1 0 0 2
1 0 0 2
1 0 0 1
1 0 0 1
1 0 0 3
1 0 0 3
1 0 0 3
1 0 0 3
1 0 0 3
1 0 0 4
1 0 0 4
1 0 0 4
1 0 0 4
1 0 0 4
1 0 0 5
1 0 0 5
1 0 0 5
1 0 0 5
1 0 0 5
1 0 0 6
1 0 0 6
1 0 0 6
1 0 0 6
1 0 0 6
1 0 0 1
1 0 0 1
1 0 0 7
1 0 0 7
1 0 0 7
1 0 0 7
1 0 0 7
1 0 0 8
1 0 0 8
1 0 0 8
1 0 0 8
1 0 0 8
1 0 0 9
1 0 0 9
1 0 0 9
1 0 0 9
1 0 0 9
1 0 0 10
1 0 0 10
1 0 0 11
1 0 0 11
1 0 0 11
1 0 0 11
1 0 0 11
1 0 0 10
1 0 0 12
1 0 0 12
1 0 0 12
1 0 0 12
1 0 0 12
1 0 0 10
1 0 0 10
1 0 0 13
1 0 0 13
1 0 0 13
1 0 0 13
1 0 0 13
1 0 0 14
1 0 0 14
1 0 0 14
1 0 0 14
1 0 0 14
1 0 0 15
1 0 0 15
1 0 0 15
1 0 0 15
1 0 0 15
0.1 4 5 -1
0.1 3 76 -1
0.1 77 6 -1
0.1 2 78 -1
0.1 1 79 -1
0.1 7 8 -1
0.1 10 11 -1
0.1 12 13 -1
0.1 82 83 -1
0.1 9 84 -1
0.1 15 16 -1
0.1 14 86 -1
0.1 87 17 -1
0.1 88 18 -1
0.1 85 89 -1
0.1 19 20 -1
0.1 21 22 -1
0.1 91 92 -1
0.1 93 23 -1
0.1 24 25 -1
0.1 26 27 -1
0.1 96 28 -1
0.1 95 97 -1
0.1 94 98 -1
0.1 90 99 -1
0.1 81 100 -1
0.1 101 29 -1
0.1 80 102 -1
0.1 31 32 -1
0.1 33 34 -1
0.1 105 35 -1
0.1 104 106 -1
0.1 37 38 -1
0.1 36 108 -1
0.1 109 39 -1
0.1 110 40 -1
0.1 107 111 -1
0.1 30 112 -1
0.1 103 113 -1
0.1 41 42 -1
0.1 43 44 -1
0.1 116 45 -1
0.1 115 117 -1
0.1 114 118 -1
0.1 46 47 -1
0.1 48 49 -1
0.1 50 51 -1
0.1 121 122 -1
0.1 123 52 -1
0.1 120 124 -1
0.1 53 54 -1
0.1 125 126 -1
0.1 127 55 -1
0.1 57 58 -1
0.1 56 129 -1
0.1 128 130 -1
0.1 59 60 -1
0.1 131 132 -1
0.1 64 65 -1
0.1 63 134 -1
0.1 62 135 -1
0.1 61 136 -1
0.1 69 70 -1
0.1 68 138 -1
0.1 67 139 -1
0.1 66 140 -1
0.1 137 141 -1
0.1 133 142 -1
0.1 72 73 -1
0.1 71 144 -1
0.1 74 75 -1
0.1 145 146 -1
0.1 143 147 -1
0.1 119 148 -1
