1 0 0 1
1 0 0 1
1 0 0 1
1 0 0 1
1 0 0 1
1 0 0 2
1 0 0 3
1 0 0 3
1 0 0 3
1 0 0 3
1 0 0 3
1 0 0 2
1 0 0 4
1 0 0 5
1 0 0 5
1 0 0 5
1 0 0 5
1 0 0 5
1 0 0 4
1 0 0 4
1 0 0 4
1 0 0 4
1 0 0 2
1 0 0 2
1 0 0 6
1 0 0 6
1 0 0 6
1 0 0 6
1 0 0 6
1 0 0 7
1 0 0 7
1 0 0 7
1 0 0 7
1 0 0 7
1 0 0 2
1 0 0 8
1 0 0 8
1 0 0 8
1 0 0 8
1 0 0 8
1 0 0 9
1 0 0 9
1 0 0 9
1 0 0 9
1 0 0 9
1 0 0 10
1 0 0 10
1 0 0 10
1 0 0 10
1 0 0 10
1 0 0 11
1 0 0 11
1 0 0 11
1 0 0 11
1 0 0 11
1 0 0 12
1 0 0 12
1 0 0 12
1 0 0 12
1 0 0 12
1 0 0 13
1 0 0 13
1 0 0 13
1 0 0 13
1 0 0 13
1 0 0 14
1 0 0 14
1 0 0 14
1 0 0 14
1 0 0 14
1 0 0 15
1 0 0 15
1 0 0 15
1 0 0 15
1 0 0 15
0.1 2 3 -1
0.1 76 4 -1
0.1 77 5 -1
0.1 1 78 -1
0.1 8 9 -1
0.1 80 10 -1
0.1 7 81 -1
0.1 82 11 -1
0.1 83 12 -1
0.1 13 14 -1
0.1 15 16 -1
0.1 17 18 -1
0.1 86 87 -1
0.1 85 88 -1
0.1 21 22 -1
0.1 20 90 -1
0.1 19 91 -1
0.1 89 92 -1
0.1 23 24 -1
0.1 25 26 -1
0.1 27 28 -1
0.1 95 96 -1
0.1 97 29 -1
0.1 30 31 -1
0.1 99 32 -1
0.1 33 34 -1
0.1 100 101 -1
0.1 98 102 -1
0.1 94 103 -1
0.1 104 35 -1
0.1 93 105 -1
0.1 84 106 -1
0.1 6 107 -1
0.1 36 37 -1
0.1 39 40 -1
0.1 38 110 -1
0.1 109 111 -1
0.1 108 112 -1
0.1 79 113 -1
0.1 42 43 -1
0.1 41 115 -1
0.1 44 45 -1
0.1 116 117 -1
0.1 114 118 -1
0.1 47 48 -1
0.1 49 50 -1
0.1 120 121 -1
0.1 46 122 -1
0.1 52 53 -1
0.1 51 124 -1
0.1 125 54 -1
0.1 123 126 -1
0.1 55 56 -1
0.1 128 57 -1
0.1 59 60 -1
0.1 58 130 -1
0.1 129 131 -1
0.1 127 132 -1
0.1 63 64 -1
0.1 62 134 -1
0.1 135 65 -1
0.1 61 136 -1
0.1 68 69 -1
0.1 138 70 -1
0.1 67 139 -1
0.1 66 140 -1
0.1 137 141 -1
0.1 133 142 -1
0.1 72 73 -1
0.1 71 144 -1
0.1 74 75 -1
0.1 145 146 -1
0.1 143 147 -1
0.1 119 148 -1
