1 0 0 1
1 0 0 2
1 0 0 2
1 0 0 2
1 0 0 2
1 0 0 2
1 0 0 3
1 0 0 3
1 0 0 3
1 0 0 3
1 0 0 3
1 0 0 3
1 0 0 3
1 0 0 3
1 0 0 3
1 0 0 3
1 0 0 2
1 0 0 2
1 0 0 2
1 0 0 2
1 0 0 2
1 0 0 4
1 0 0 4
1 0 0 4
1 0 0 4
1 0 0 4
1 0 0 4
1 0 0 4
1 0 0 4
1 0 0 4
1 0 0 4
1 0 0 1
1 0 0 1
1 0 0 1
1 0 0 1
1 0 0 1
1 0 0 1
1 0 0 1
1 0 0 1
1 0 0 1
1 0 0 5
1 0 0 5
1 0 0 5
1 0 0 5
1 0 0 5
1 0 0 5
1 0 0 5
1 0 0 5
1 0 0 5
1 0 0 6
1 0 0 6
1 0 0 6
1 0 0 6
1 0 0 6
1 0 0 6
1 0 0 6
1 0 0 6
1 0 0 6
1 0 0 6
1 0 0 5
1 0 0 7
1 0 0 7
1 0 0 7
1 0 0 7
1 0 0 7
1 0 0 7
1 0 0 7
1 0 0 7
1 0 0 7
1 0 0 7
1 0 0 8
1 0 0 8
1 0 0 8
1 0 0 8
1 0 0 8
1 0 0 8
1 0 0 8
1 0 0 8
1 0 0 8
1 0 0 8
1 0 0 9
1 0 0 9
1 0 0 9
1 0 0 9
1 0 0 9
1 0 0 9
1 0 0 9
1 0 0 9
1 0 0 9
1 0 0 9
0.1 5 6 -1
0.1 4 91 -1
0.1 7 8 -1
0.1 11 12 -1
0.1 10 94 -1
0.1 9 95 -1
0.1 15 16 -1
0.1 14 97 -1
0.1 13 98 -1
0.1 96 99 -1
0.1 93 100 -1
0.1 17 18 -1
0.1 19 20 -1
0.1 102 103 -1
0.1 104 21 -1
0.1 101 105 -1
0.1 92 106 -1
0.1 3 107 -1
0.1 2 108 -1
0.1 1 109 -1
0.1 24 25 -1
0.1 23 111 -1
0.1 22 112 -1
0.1 26 27 -1
0.1 28 29 -1
0.1 30 31 -1
0.1 115 116 -1
0.1 114 117 -1
0.1 113 118 -1
0.1 110 119 -1
0.1 34 35 -1
0.1 33 121 -1
0.1 32 122 -1
0.1 120 123 -1
0.1 36 37 -1
0.1 42 43 -1
0.1 44 45 -1
0.1 127 46 -1
0.1 126 128 -1
0.1 41 129 -1
0.1 48 49 -1
0.1 47 131 -1
0.1 50 51 -1
0.1 52 53 -1
0.1 56 57 -1
0.1 55 135 -1
0.1 54 136 -1
0.1 58 59 -1
0.1 137 138 -1
0.1 134 139 -1
0.1 133 140 -1
0.1 141 60 -1
0.1 62 63 -1
0.1 61 143 -1
0.1 66 67 -1
0.1 145 68 -1
0.1 65 146 -1
0.1 64 147 -1
0.1 148 69 -1
0.1 144 149 -1
0.1 150 70 -1
0.1 142 151 -1
0.1 132 152 -1
0.1 130 153 -1
0.1 72 73 -1
0.1 74 75 -1
0.1 155 156 -1
0.1 77 78 -1
0.1 158 79 -1
0.1 159 80 -1
0.1 76 160 -1
0.1 157 161 -1
0.1 71 162 -1
0.1 81 82 -1
0.1 83 84 -1
0.1 85 86 -1
0.1 166 87 -1
0.1 165 167 -1
0.1 89 90 -1
0.1 88 169 -1
0.1 168 170 -1
0.1 164 171 -1
0.1 163 172 -1
0.1 154 173 -1
0.1 40 174 -1
0.1 39 175 -1
0.1 38 176 -1
0.1 125 177 -1
0.1 124 178 -1
