1 0 0 1
1 0 0 1
1 0 0 2
1 0 0 2
1 0 0 2
1 0 0 3
1 0 0 3
1 0 0 3
1 0 0 3
1 0 0 3
1 0 0 2
1 0 0 2
1 0 0 4
1 0 0 4
1 0 0 4
1 0 0 4
1 0 0 4
1 0 0 1
1 0 0 1
1 0 0 1
1 0 0 5
1 0 0 5
1 0 0 6
1 0 0 6
1 0 0 6
1 0 0 6
1 0 0 6
1 0 0 7
1 0 0 7
1 0 0 7
1 0 0 7
1 0 0 7
1 0 0 5
1 0 0 5
1 0 0 5
1 0 0 8
1 0 0 9
1 0 0 9
1 0 0 9
1 0 0 10
1 0 0 10
1 0 0 11
1 0 0 11
1 0 0 11
1 0 0 11
1 0 0 10
1 0 0 10
1 0 0 12
1 0 0 12
1 0 0 12
1 0 0 12
1 0 0 12
1 0 0 10
1 0 0 11
1 0 0 13
1 0 0 13
1 0 0 14
1 0 0 14
1 0 0 15
1 0 0 15
1 0 0 15
1 0 0 15
1 0 0 16
1 0 0 16
1 0 0 16
1 0 0 16
1 0 0 16
1 0 0 17
1 0 0 17
1 0 0 17
1 0 0 17
1 0 0 17
1 0 0 15
1 0 0 14
1 0 0 14
1 0 0 14
1 0 0 18
1 0 0 18
1 0 0 18
1 0 0 18
1 0 0 18
1 0 0 9
1 0 0 13
1 0 0 13
1 0 0 13
1 0 0 19
1 0 0 19
1 0 0 19
1 0 0 9
1 0 0 20
1 0 0 20
1 0 0 20
1 0 0 20
1 0 0 20
1 0 0 21
1 0 0 21
1 0 0 21
1 0 0 21
1 0 0 21
1 0 0 22
1 0 0 22
1 0 0 23
1 0 0 23
1 0 0 23
1 0 0 23
1 0 0 24
1 0 0 24
1 0 0 24
1 0 0 24
1 0 0 24
1 0 0 23
1 0 0 22
1 0 0 22
1 0 0 22
1 0 0 19
1 0 0 25
1 0 0 25
1 0 0 25
1 0 0 25
1 0 0 25
1 0 0 19
1 0 0 8
1 0 0 8
1 0 0 26
1 0 0 26
1 0 0 26
1 0 0 26
1 0 0 26
1 0 0 8
1 0 0 27
1 0 0 27
1 0 0 27
1 0 0 27
1 0 0 27
1 0 0 28
1 0 0 28
1 0 0 29
1 0 0 30
1 0 0 30
1 0 0 30
1 0 0 30
1 0 0 31
1 0 0 31
1 0 0 31
1 0 0 31
1 0 0 31
1 0 0 28
1 0 0 32
1 0 0 32
1 0 0 32
1 0 0 33
1 0 0 33
1 0 0 33
1 0 0 33
1 0 0 33
1 0 0 32
1 0 0 32
1 0 0 30
1 0 0 34
1 0 0 34
1 0 0 34
1 0 0 34
1 0 0 34
1 0 0 29
1 0 0 29
1 0 0 29
1 0 0 29
1 0 0 28
1 0 0 28
1 0 0 35
1 0 0 36
1 0 0 36
1 0 0 36
1 0 0 37
1 0 0 37
1 0 0 37
1 0 0 37
1 0 0 37
1 0 0 36
1 0 0 36
1 0 0 35
1 0 0 38
1 0 0 38
1 0 0 38
1 0 0 38
1 0 0 38
1 0 0 35
1 0 0 35
1 0 0 35
1 0 0 39
1 0 0 39
1 0 0 39
1 0 0 39
1 0 0 39
1 0 0 8
1 0 0 40
1 0 0 40
1 0 0 40
1 0 0 41
1 0 0 41
1 0 0 41
1 0 0 41
1 0 0 41
1 0 0 42
1 0 0 42
1 0 0 42
1 0 0 42
1 0 0 42
1 0 0 40
1 0 0 40
1 0 0 43
1 0 0 43
1 0 0 43
1 0 0 43
1 0 0 44
1 0 0 44
1 0 0 44
1 0 0 44
1 0 0 43
1 0 0 44
1 0 0 45
1 0 0 45
1 0 0 46
1 0 0 46
1 0 0 47
1 0 0 47
1 0 0 47
1 0 0 47
1 0 0 47
1 0 0 46
1 0 0 46
1 0 0 46
1 0 0 48
1 0 0 48
1 0 0 48
1 0 0 48
1 0 0 48
1 0 0 45
1 0 0 45
1 0 0 45
0.1 1 2 -1
0.1 3 4 -1
0.1 242 5 -1
0.1 9 10 -1
0.1 8 244 -1
0.1 7 245 -1
0.1 6 246 -1
0.1 247 11 -1
0.1 243 248 -1
0.1 249 12 -1
0.1 14 15 -1
0.1 16 17 -1
0.1 251 252 -1
0.1 13 253 -1
0.1 254 18 -1
0.1 250 255 -1
0.1 256 19 -1
0.1 241 257 -1
0.1 21 22 -1
0.1 24 25 -1
0.1 26 27 -1
0.1 260 261 -1
0.1 23 262 -1
0.1 28 29 -1
0.1 31 32 -1
0.1 30 265 -1
0.1 264 266 -1
0.1 263 267 -1
0.1 33 34 -1
0.1 268 269 -1
0.1 270 35 -1
0.1 259 271 -1
0.1 20 272 -1
0.1 258 273 -1
0.1 37 38 -1
0.1 40 41 -1
0.1 42 43 -1
0.1 277 44 -1
0.1 278 45 -1
0.1 279 46 -1
0.1 280 47 -1
0.1 48 49 -1
0.1 50 51 -1
0.1 282 283 -1
0.1 284 52 -1
0.1 285 53 -1
0.1 281 286 -1
0.1 276 287 -1
0.1 55 56 -1
0.1 54 289 -1
0.1 290 57 -1
0.1 60 61 -1
0.1 59 292 -1
0.1 293 62 -1
0.1 64 65 -1
0.1 295 66 -1
0.1 296 67 -1
0.1 63 297 -1
0.1 68 69 -1
0.1 70 71 -1
0.1 300 72 -1
0.1 299 301 -1
0.1 298 302 -1
0.1 294 303 -1
0.1 304 73 -1
0.1 58 305 -1
0.1 291 306 -1
0.1 74 75 -1
0.1 308 76 -1
0.1 307 309 -1
0.1 78 79 -1
0.1 77 311 -1
0.1 80 81 -1
0.1 312 313 -1
0.1 310 314 -1
0.1 288 315 -1
0.1 316 82 -1
0.1 39 317 -1
0.1 84 85 -1
0.1 87 88 -1
0.1 86 320 -1
0.1 319 321 -1
0.1 83 322 -1
0.1 323 89 -1
0.1 90 91 -1
0.1 92 93 -1
0.1 326 94 -1
0.1 325 327 -1
0.1 324 328 -1
0.1 95 96 -1
0.1 330 97 -1
0.1 98 99 -1
0.1 331 332 -1
0.1 104 105 -1
0.1 103 334 -1
0.1 102 335 -1
0.1 106 107 -1
0.1 337 108 -1
0.1 109 110 -1
0.1 338 339 -1
0.1 340 111 -1
0.1 336 341 -1
0.1 101 342 -1
0.1 343 112 -1
0.1 344 113 -1
0.1 100 345 -1
0.1 346 114 -1
0.1 333 347 -1
0.1 118 119 -1
0.1 349 120 -1
0.1 117 350 -1
0.1 116 351 -1
0.1 352 121 -1
0.1 115 353 -1
0.1 348 354 -1
0.1 329 355 -1
0.1 318 356 -1
0.1 275 357 -1
0.1 36 358 -1
0.1 274 359 -1
0.1 122 123 -1
0.1 126 127 -1
0.1 125 362 -1
0.1 363 128 -1
0.1 124 364 -1
0.1 361 365 -1
0.1 130 131 -1
0.1 132 133 -1
0.1 135 136 -1
0.1 140 141 -1
0.1 139 370 -1
0.1 138 371 -1
0.1 142 143 -1
0.1 144 145 -1
0.1 374 146 -1
0.1 373 375 -1
0.1 372 376 -1
0.1 149 150 -1
0.1 154 155 -1
0.1 153 379 -1
0.1 152 380 -1
0.1 151 381 -1
0.1 378 382 -1
0.1 148 383 -1
0.1 156 157 -1
0.1 384 385 -1
0.1 159 160 -1
0.1 161 162 -1
0.1 387 388 -1
0.1 389 163 -1
0.1 158 390 -1
0.1 386 391 -1
0.1 147 392 -1
0.1 377 393 -1
0.1 166 167 -1
0.1 165 395 -1
0.1 164 396 -1
0.1 397 168 -1
0.1 398 169 -1
0.1 394 399 -1
0.1 137 400 -1
0.1 369 401 -1
0.1 134 402 -1
0.1 368 403 -1
0.1 367 404 -1
0.1 172 173 -1
0.1 171 406 -1
0.1 177 178 -1
0.1 176 408 -1
0.1 175 409 -1
0.1 174 410 -1
0.1 407 411 -1
0.1 179 180 -1
0.1 412 413 -1
0.1 414 181 -1
0.1 185 186 -1
0.1 184 416 -1
0.1 183 417 -1
0.1 182 418 -1
0.1 187 188 -1
0.1 419 420 -1
0.1 421 189 -1
0.1 415 422 -1
0.1 170 423 -1
0.1 424 190 -1
0.1 191 192 -1
0.1 193 194 -1
0.1 426 427 -1
0.1 425 428 -1
0.1 405 429 -1
0.1 129 430 -1
0.1 366 431 -1
0.1 432 195 -1
0.1 196 197 -1
0.1 434 198 -1
0.1 200 201 -1
0.1 436 202 -1
0.1 199 437 -1
0.1 203 204 -1
0.1 439 205 -1
0.1 438 440 -1
0.1 441 206 -1
0.1 207 208 -1
0.1 442 443 -1
0.1 209 210 -1
0.1 444 445 -1
0.1 213 214 -1
0.1 212 447 -1
0.1 215 216 -1
0.1 217 218 -1
0.1 449 450 -1
0.1 451 219 -1
0.1 448 452 -1
0.1 453 220 -1
0.1 211 454 -1
0.1 446 455 -1
0.1 435 456 -1
0.1 221 222 -1
0.1 223 224 -1
0.1 225 226 -1
0.1 460 227 -1
0.1 228 229 -1
0.1 461 462 -1
0.1 463 230 -1
0.1 234 235 -1
0.1 233 465 -1
0.1 236 237 -1
0.1 466 467 -1
0.1 232 468 -1
0.1 231 469 -1
0.1 464 470 -1
0.1 459 471 -1
0.1 472 238 -1
0.1 473 239 -1
0.1 474 240 -1
0.1 458 475 -1
0.1 457 476 -1
0.1 433 477 -1
0.1 360 478 -1
