1 0 0 1
1 0 0 2
1 0 0 2
1 0 0 2
1 0 0 2
1 0 0 2
1 0 0 2
1 0 0 2
1 0 0 2
1 0 0 2
1 0 0 2
1 0 0 3
1 0 0 3
1 0 0 3
1 0 0 3
1 0 0 3
1 0 0 3
1 0 0 3
1 0 0 3
1 0 0 4
1 0 0 4
1 0 0 4
1 0 0 4
1 0 0 4
1 0 0 4
1 0 0 4
1 0 0 4
1 0 0 4
1 0 0 4
1 0 0 5
1 0 0 5
1 0 0 5
1 0 0 5
1 0 0 5
1 0 0 5
1 0 0 5
1 0 0 5
1 0 0 5
1 0 0 5
1 0 0 6
1 0 0 6
1 0 0 6
1 0 0 6
1 0 0 7
1 0 0 7
1 0 0 7
1 0 0 7
1 0 0 7
1 0 0 7
1 0 0 7
1 0 0 7
1 0 0 7
1 0 0 7
1 0 0 6
1 0 0 6
1 0 0 6
1 0 0 6
1 0 0 6
1 0 0 6
1 0 0 8
1 0 0 8
1 0 0 8
1 0 0 8
1 0 0 8
1 0 0 8
1 0 0 8
1 0 0 9
1 0 0 9
1 0 0 9
1 0 0 9
1 0 0 9
1 0 0 9
1 0 0 9
1 0 0 9
1 0 0 9
1 0 0 9
1 0 0 10
1 0 0 10
1 0 0 10
1 0 0 10
1 0 0 10
1 0 0 10
1 0 0 10
1 0 0 10
1 0 0 10
1 0 0 10
1 0 0 8
1 0 0 8
1 0 0 8
1 0 0 11
1 0 0 11
1 0 0 11
1 0 0 11
1 0 0 11
1 0 0 11
1 0 0 11
1 0 0 11
1 0 0 11
1 0 0 11
1 0 0 3
1 0 0 3
1 0 0 1
1 0 0 1
1 0 0 1
1 0 0 12
1 0 0 12
1 0 0 12
1 0 0 12
1 0 0 12
1 0 0 12
1 0 0 12
1 0 0 12
1 0 0 12
1 0 0 12
1 0 0 1
1 0 0 1
1 0 0 1
1 0 0 1
1 0 0 1
1 0 0 1
1 0 0 13
1 0 0 14
1 0 0 15
1 0 0 16
1 0 0 16
1 0 0 16
1 0 0 16
1 0 0 16
1 0 0 16
1 0 0 16
1 0 0 16
1 0 0 16
1 0 0 17
1 0 0 17
1 0 0 17
1 0 0 17
1 0 0 17
1 0 0 17
1 0 0 17
1 0 0 17
1 0 0 17
1 0 0 17
1 0 0 16
1 0 0 15
1 0 0 15
1 0 0 15
1 0 0 15
1 0 0 15
1 0 0 15
1 0 0 15
1 0 0 15
1 0 0 15
1 0 0 14
1 0 0 14
1 0 0 14
1 0 0 18
1 0 0 18
1 0 0 18
1 0 0 18
1 0 0 18
1 0 0 18
1 0 0 18
1 0 0 18
1 0 0 18
1 0 0 18
1 0 0 14
1 0 0 14
1 0 0 14
1 0 0 14
1 0 0 14
1 0 0 14
1 0 0 19
1 0 0 19
1 0 0 19
1 0 0 19
1 0 0 19
1 0 0 19
1 0 0 19
1 0 0 19
1 0 0 19
1 0 0 19
1 0 0 20
1 0 0 20
1 0 0 20
1 0 0 20
1 0 0 20
1 0 0 20
1 0 0 20
1 0 0 20
1 0 0 20
1 0 0 20
1 0 0 21
1 0 0 21
1 0 0 21
1 0 0 21
1 0 0 21
1 0 0 21
1 0 0 21
1 0 0 21
1 0 0 21
1 0 0 21
1 0 0 13
1 0 0 13
1 0 0 13
1 0 0 13
1 0 0 13
1 0 0 22
1 0 0 22
1 0 0 22
1 0 0 22
1 0 0 22
1 0 0 22
1 0 0 22
1 0 0 23
1 0 0 23
1 0 0 23
1 0 0 23
1 0 0 23
1 0 0 23
1 0 0 23
1 0 0 23
1 0 0 23
1 0 0 23
1 0 0 22
1 0 0 22
1 0 0 22
1 0 0 13
1 0 0 13
1 0 0 13
1 0 0 24
1 0 0 24
1 0 0 24
1 0 0 24
1 0 0 25
1 0 0 26
1 0 0 26
1 0 0 26
1 0 0 26
1 0 0 26
1 0 0 26
1 0 0 26
1 0 0 26
1 0 0 26
1 0 0 26
1 0 0 25
1 0 0 25
1 0 0 25
1 0 0 25
1 0 0 25
1 0 0 25
1 0 0 25
1 0 0 25
1 0 0 25
1 0 0 27
1 0 0 27
1 0 0 27
1 0 0 28
1 0 0 28
1 0 0 28
1 0 0 28
1 0 0 28
1 0 0 28
1 0 0 28
1 0 0 28
1 0 0 28
1 0 0 28
1 0 0 27
1 0 0 27
1 0 0 27
1 0 0 27
1 0 0 27
1 0 0 27
1 0 0 29
1 0 0 29
1 0 0 29
1 0 0 29
1 0 0 29
1 0 0 30
1 0 0 30
1 0 0 30
1 0 0 30
1 0 0 30
1 0 0 30
1 0 0 30
1 0 0 30
1 0 0 30
1 0 0 30
1 0 0 29
1 0 0 29
1 0 0 29
1 0 0 29
1 0 0 29
1 0 0 27
1 0 0 24
1 0 0 24
1 0 0 24
1 0 0 31
1 0 0 31
1 0 0 31
1 0 0 31
1 0 0 31
1 0 0 31
1 0 0 31
1 0 0 31
1 0 0 31
1 0 0 31
1 0 0 24
1 0 0 24
1 0 0 24
1 0 0 13
0.1 3 4 -1
0.1 311 5 -1
0.1 312 6 -1
0.1 9 10 -1
0.1 8 314 -1
0.1 7 315 -1
0.1 313 316 -1
0.1 2 317 -1
0.1 318 11 -1
0.1 13 14 -1
0.1 12 320 -1
0.1 18 19 -1
0.1 17 322 -1
0.1 16 323 -1
0.1 15 324 -1
0.1 20 21 -1
0.1 22 23 -1
0.1 24 25 -1
0.1 26 27 -1
0.1 328 329 -1
0.1 28 29 -1
0.1 330 331 -1
0.1 327 332 -1
0.1 326 333 -1
0.1 30 31 -1
0.1 335 32 -1
0.1 34 35 -1
0.1 33 337 -1
0.1 338 36 -1
0.1 339 37 -1
0.1 38 39 -1
0.1 340 341 -1
0.1 336 342 -1
0.1 41 42 -1
0.1 40 344 -1
0.1 46 47 -1
0.1 45 346 -1
0.1 48 49 -1
0.1 347 348 -1
0.1 52 53 -1
0.1 51 350 -1
0.1 50 351 -1
0.1 349 352 -1
0.1 44 353 -1
0.1 54 55 -1
0.1 355 56 -1
0.1 354 356 -1
0.1 58 59 -1
0.1 57 358 -1
0.1 357 359 -1
0.1 43 360 -1
0.1 345 361 -1
0.1 63 64 -1
0.1 363 65 -1
0.1 62 364 -1
0.1 61 365 -1
0.1 60 366 -1
0.1 67 68 -1
0.1 368 69 -1
0.1 70 71 -1
0.1 369 370 -1
0.1 73 74 -1
0.1 75 76 -1
0.1 372 373 -1
0.1 72 374 -1
0.1 371 375 -1
0.1 66 376 -1
0.1 80 81 -1
0.1 378 82 -1
0.1 379 83 -1
0.1 79 380 -1
0.1 78 381 -1
0.1 85 86 -1
0.1 84 383 -1
0.1 382 384 -1
0.1 77 385 -1
0.1 377 386 -1
0.1 367 387 -1
0.1 88 89 -1
0.1 87 389 -1
0.1 388 390 -1
0.1 92 93 -1
0.1 91 392 -1
0.1 94 95 -1
0.1 393 394 -1
0.1 96 97 -1
0.1 98 99 -1
0.1 396 397 -1
0.1 395 398 -1
0.1 90 399 -1
0.1 391 400 -1
0.1 362 401 -1
0.1 343 402 -1
0.1 334 403 -1
0.1 100 101 -1
0.1 404 405 -1
0.1 325 406 -1
0.1 321 407 -1
0.1 319 408 -1
0.1 106 107 -1
0.1 108 109 -1
0.1 410 411 -1
0.1 111 112 -1
0.1 110 413 -1
0.1 113 114 -1
0.1 414 415 -1
0.1 412 416 -1
0.1 105 417 -1
0.1 104 418 -1
0.1 103 419 -1
0.1 115 116 -1
0.1 420 421 -1
0.1 102 422 -1
0.1 409 423 -1
0.1 1 424 -1
0.1 118 119 -1
0.1 117 426 -1
0.1 427 120 -1
0.1 425 428 -1
0.1 125 126 -1
0.1 124 430 -1
0.1 128 129 -1
0.1 130 131 -1
0.1 135 136 -1
0.1 434 137 -1
0.1 139 140 -1
0.1 138 436 -1
0.1 141 142 -1
0.1 437 438 -1
0.1 435 439 -1
0.1 134 440 -1
0.1 133 441 -1
0.1 132 442 -1
0.1 443 143 -1
0.1 433 444 -1
0.1 432 445 -1
0.1 127 446 -1
0.1 431 447 -1
0.1 448 144 -1
0.1 123 449 -1
0.1 146 147 -1
0.1 151 152 -1
0.1 150 452 -1
0.1 149 453 -1
0.1 148 454 -1
0.1 451 455 -1
0.1 145 456 -1
0.1 450 457 -1
0.1 122 458 -1
0.1 154 155 -1
0.1 153 460 -1
0.1 161 162 -1
0.1 160 462 -1
0.1 159 463 -1
0.1 158 464 -1
0.1 163 164 -1
0.1 466 165 -1
0.1 465 467 -1
0.1 157 468 -1
0.1 156 469 -1
0.1 470 166 -1
0.1 461 471 -1
0.1 459 472 -1
0.1 167 168 -1
0.1 169 170 -1
0.1 475 171 -1
0.1 474 476 -1
0.1 473 477 -1
0.1 173 174 -1
0.1 172 479 -1
0.1 177 178 -1
0.1 176 481 -1
0.1 175 482 -1
0.1 480 483 -1
0.1 180 181 -1
0.1 179 485 -1
0.1 484 486 -1
0.1 487 182 -1
0.1 183 184 -1
0.1 187 188 -1
0.1 186 490 -1
0.1 185 491 -1
0.1 489 492 -1
0.1 190 191 -1
0.1 189 494 -1
0.1 493 495 -1
0.1 488 496 -1
0.1 194 195 -1
0.1 193 498 -1
0.1 192 499 -1
0.1 196 197 -1
0.1 500 501 -1
0.1 200 201 -1
0.1 199 503 -1
0.1 198 504 -1
0.1 502 505 -1
0.1 497 506 -1
0.1 478 507 -1
0.1 121 508 -1
0.1 202 203 -1
0.1 509 510 -1
0.1 204 205 -1
0.1 208 209 -1
0.1 207 513 -1
0.1 211 212 -1
0.1 210 515 -1
0.1 514 516 -1
0.1 517 213 -1
0.1 214 215 -1
0.1 216 217 -1
0.1 519 520 -1
0.1 218 219 -1
0.1 521 522 -1
0.1 222 223 -1
0.1 221 524 -1
0.1 220 525 -1
0.1 523 526 -1
0.1 225 226 -1
0.1 224 528 -1
0.1 527 529 -1
0.1 518 530 -1
0.1 206 531 -1
0.1 512 532 -1
0.1 511 533 -1
0.1 429 534 -1
0.1 228 229 -1
0.1 227 536 -1
0.1 231 232 -1
0.1 236 237 -1
0.1 235 539 -1
0.1 239 240 -1
0.1 541 241 -1
0.1 238 542 -1
0.1 243 244 -1
0.1 242 544 -1
0.1 543 545 -1
0.1 540 546 -1
0.1 234 547 -1
0.1 548 245 -1
0.1 246 247 -1
0.1 248 249 -1
0.1 550 551 -1
0.1 549 552 -1
0.1 553 250 -1
0.1 252 253 -1
0.1 251 555 -1
0.1 554 556 -1
0.1 233 557 -1
0.1 538 558 -1
0.1 230 559 -1
0.1 255 256 -1
0.1 258 259 -1
0.1 261 262 -1
0.1 260 563 -1
0.1 264 265 -1
0.1 263 565 -1
0.1 564 566 -1
0.1 567 266 -1
0.1 562 568 -1
0.1 257 569 -1
0.1 268 269 -1
0.1 267 571 -1
0.1 271 272 -1
0.1 270 573 -1
0.1 572 574 -1
0.1 274 275 -1
0.1 276 277 -1
0.1 576 577 -1
0.1 273 578 -1
0.1 278 279 -1
0.1 282 283 -1
0.1 284 285 -1
0.1 582 286 -1
0.1 581 583 -1
0.1 281 584 -1
0.1 280 585 -1
0.1 580 586 -1
0.1 587 287 -1
0.1 291 292 -1
0.1 290 589 -1
0.1 289 590 -1
0.1 288 591 -1
0.1 588 592 -1
0.1 579 593 -1
0.1 575 594 -1
0.1 570 595 -1
0.1 561 596 -1
0.1 597 293 -1
0.1 254 598 -1
0.1 560 599 -1
0.1 298 299 -1
0.1 300 301 -1
0.1 601 602 -1
0.1 297 603 -1
0.1 302 303 -1
0.1 304 305 -1
0.1 605 606 -1
0.1 607 306 -1
0.1 604 608 -1
0.1 307 308 -1
0.1 609 610 -1
0.1 611 309 -1
0.1 296 612 -1
0.1 295 613 -1
0.1 294 614 -1
0.1 600 615 -1
0.1 537 616 -1
0.1 617 310 -1
0.1 535 618 -1
