1 0 0 1
1 0 0 1
1 0 0 2
1 0 0 2
1 0 0 2
1 0 0 2
1 0 0 2
1 0 0 2
1 0 0 2
1 0 0 2
1 0 0 2
1 0 0 2
1 0 0 3
1 0 0 3
1 0 0 3
1 0 0 3
1 0 0 3
1 0 0 3
1 0 0 3
1 0 0 4
1 0 0 4
1 0 0 4
1 0 0 4
1 0 0 4
1 0 0 4
1 0 0 4
1 0 0 4
1 0 0 4
1 0 0 4
1 0 0 5
1 0 0 5
1 0 0 5
1 0 0 5
1 0 0 5
1 0 0 5
1 0 0 5
1 0 0 5
1 0 0 5
1 0 0 5
1 0 0 6
1 0 0 6
1 0 0 6
1 0 0 6
1 0 0 6
1 0 0 6
1 0 0 6
1 0 0 7
1 0 0 7
1 0 0 7
1 0 0 7
1 0 0 7
1 0 0 7
1 0 0 7
1 0 0 7
1 0 0 7
1 0 0 7
1 0 0 6
1 0 0 6
1 0 0 6
1 0 0 8
1 0 0 8
1 0 0 8
1 0 0 8
1 0 0 8
1 0 0 8
1 0 0 8
1 0 0 8
1 0 0 8
1 0 0 8
1 0 0 9
1 0 0 9
1 0 0 9
1 0 0 9
1 0 0 9
1 0 0 9
1 0 0 9
1 0 0 10
1 0 0 10
1 0 0 10
1 0 0 10
1 0 0 10
1 0 0 10
1 0 0 10
1 0 0 10
1 0 0 10
1 0 0 10
1 0 0 11
1 0 0 11
1 0 0 11
1 0 0 11
1 0 0 11
1 0 0 11
1 0 0 11
1 0 0 11
1 0 0 11
1 0 0 11
1 0 0 9
1 0 0 9
1 0 0 9
1 0 0 3
1 0 0 3
1 0 0 3
1 0 0 12
1 0 0 12
1 0 0 12
1 0 0 13
1 0 0 13
1 0 0 13
1 0 0 13
1 0 0 13
1 0 0 13
1 0 0 13
1 0 0 13
1 0 0 13
1 0 0 13
1 0 0 12
1 0 0 12
1 0 0 12
1 0 0 12
1 0 0 12
1 0 0 12
1 0 0 12
1 0 0 14
1 0 0 14
1 0 0 14
1 0 0 14
1 0 0 14
1 0 0 14
1 0 0 14
1 0 0 14
1 0 0 14
1 0 0 14
1 0 0 15
1 0 0 15
1 0 0 15
1 0 0 15
1 0 0 15
1 0 0 15
1 0 0 15
1 0 0 15
1 0 0 15
1 0 0 15
1 0 0 16
1 0 0 16
1 0 0 16
1 0 0 16
1 0 0 16
1 0 0 16
1 0 0 16
1 0 0 16
1 0 0 16
1 0 0 16
1 0 0 17
1 0 0 17
1 0 0 17
1 0 0 17
1 0 0 18
1 0 0 18
1 0 0 18
1 0 0 18
1 0 0 18
1 0 0 18
1 0 0 18
1 0 0 18
1 0 0 18
1 0 0 18
1 0 0 17
1 0 0 19
1 0 0 19
1 0 0 20
1 0 0 20
1 0 0 20
1 0 0 20
1 0 0 20
1 0 0 20
1 0 0 20
1 0 0 21
1 0 0 21
1 0 0 21
1 0 0 21
1 0 0 21
1 0 0 21
1 0 0 21
1 0 0 21
1 0 0 21
1 0 0 21
1 0 0 20
1 0 0 20
1 0 0 20
1 0 0 19
1 0 0 19
1 0 0 19
1 0 0 19
1 0 0 19
1 0 0 19
1 0 0 19
1 0 0 19
1 0 0 17
1 0 0 17
1 0 0 17
1 0 0 17
1 0 0 17
1 0 0 1
1 0 0 1
1 0 0 1
1 0 0 1
1 0 0 1
1 0 0 22
1 0 0 23
1 0 0 23
1 0 0 23
1 0 0 23
1 0 0 24
1 0 0 24
1 0 0 24
1 0 0 24
1 0 0 24
1 0 0 24
1 0 0 24
1 0 0 24
1 0 0 24
1 0 0 24
1 0 0 25
1 0 0 25
1 0 0 25
1 0 0 25
1 0 0 25
1 0 0 25
1 0 0 25
1 0 0 25
1 0 0 25
1 0 0 25
1 0 0 26
1 0 0 26
1 0 0 26
1 0 0 26
1 0 0 26
1 0 0 26
1 0 0 26
1 0 0 26
1 0 0 26
1 0 0 26
1 0 0 23
1 0 0 23
1 0 0 23
1 0 0 23
1 0 0 23
1 0 0 23
1 0 0 22
1 0 0 27
1 0 0 27
1 0 0 27
1 0 0 28
1 0 0 28
1 0 0 28
1 0 0 28
1 0 0 28
1 0 0 28
1 0 0 28
1 0 0 28
1 0 0 28
1 0 0 28
1 0 0 27
1 0 0 27
1 0 0 27
1 0 0 27
1 0 0 27
1 0 0 27
1 0 0 27
1 0 0 22
1 0 0 22
1 0 0 22
1 0 0 22
1 0 0 22
1 0 0 22
1 0 0 29
1 0 0 29
1 0 0 29
1 0 0 29
1 0 0 29
1 0 0 29
1 0 0 29
1 0 0 29
1 0 0 29
1 0 0 29
1 0 0 22
1 0 0 22
1 0 0 1
1 0 0 30
1 0 0 30
1 0 0 30
1 0 0 30
1 0 0 30
1 0 0 30
1 0 0 30
1 0 0 30
1 0 0 30
1 0 0 30
1 0 0 31
1 0 0 31
1 0 0 31
1 0 0 31
1 0 0 31
1 0 0 31
1 0 0 31
1 0 0 31
1 0 0 31
1 0 0 31
1 0 0 1
1 0 0 1
0.1 1 2 -1
0.1 3 4 -1
0.1 8 9 -1
0.1 313 10 -1
0.1 7 314 -1
0.1 6 315 -1
0.1 316 11 -1
0.1 5 317 -1
0.1 318 12 -1
0.1 312 319 -1
0.1 15 16 -1
0.1 14 321 -1
0.1 322 17 -1
0.1 13 323 -1
0.1 18 19 -1
0.1 21 22 -1
0.1 20 326 -1
0.1 23 24 -1
0.1 328 25 -1
0.1 329 26 -1
0.1 28 29 -1
0.1 27 331 -1
0.1 330 332 -1
0.1 327 333 -1
0.1 30 31 -1
0.1 32 33 -1
0.1 34 35 -1
0.1 336 337 -1
0.1 335 338 -1
0.1 36 37 -1
0.1 339 340 -1
0.1 38 39 -1
0.1 341 342 -1
0.1 41 42 -1
0.1 344 43 -1
0.1 44 45 -1
0.1 346 46 -1
0.1 345 347 -1
0.1 47 48 -1
0.1 50 51 -1
0.1 49 350 -1
0.1 349 351 -1
0.1 54 55 -1
0.1 53 353 -1
0.1 52 354 -1
0.1 352 355 -1
0.1 356 56 -1
0.1 348 357 -1
0.1 40 358 -1
0.1 57 58 -1
0.1 360 59 -1
0.1 359 361 -1
0.1 60 61 -1
0.1 62 63 -1
0.1 363 364 -1
0.1 64 65 -1
0.1 366 66 -1
0.1 67 68 -1
0.1 367 368 -1
0.1 365 369 -1
0.1 370 69 -1
0.1 362 371 -1
0.1 343 372 -1
0.1 73 74 -1
0.1 72 374 -1
0.1 71 375 -1
0.1 376 75 -1
0.1 70 377 -1
0.1 77 78 -1
0.1 80 81 -1
0.1 79 380 -1
0.1 379 381 -1
0.1 83 84 -1
0.1 85 86 -1
0.1 383 384 -1
0.1 82 385 -1
0.1 382 386 -1
0.1 76 387 -1
0.1 91 92 -1
0.1 389 93 -1
0.1 90 390 -1
0.1 89 391 -1
0.1 88 392 -1
0.1 94 95 -1
0.1 394 96 -1
0.1 393 395 -1
0.1 87 396 -1
0.1 388 397 -1
0.1 378 398 -1
0.1 97 98 -1
0.1 400 99 -1
0.1 399 401 -1
0.1 373 402 -1
0.1 334 403 -1
0.1 325 404 -1
0.1 324 405 -1
0.1 100 101 -1
0.1 407 102 -1
0.1 406 408 -1
0.1 109 110 -1
0.1 108 410 -1
0.1 107 411 -1
0.1 111 112 -1
0.1 413 113 -1
0.1 114 115 -1
0.1 414 415 -1
0.1 412 416 -1
0.1 106 417 -1
0.1 105 418 -1
0.1 104 419 -1
0.1 117 118 -1
0.1 116 421 -1
0.1 420 422 -1
0.1 121 122 -1
0.1 120 424 -1
0.1 119 425 -1
0.1 423 426 -1
0.1 103 427 -1
0.1 409 428 -1
0.1 320 429 -1
0.1 125 126 -1
0.1 124 431 -1
0.1 123 432 -1
0.1 127 128 -1
0.1 434 129 -1
0.1 131 132 -1
0.1 130 436 -1
0.1 435 437 -1
0.1 433 438 -1
0.1 439 133 -1
0.1 134 135 -1
0.1 138 139 -1
0.1 137 442 -1
0.1 136 443 -1
0.1 441 444 -1
0.1 141 142 -1
0.1 140 446 -1
0.1 445 447 -1
0.1 440 448 -1
0.1 143 144 -1
0.1 145 146 -1
0.1 450 451 -1
0.1 147 148 -1
0.1 452 453 -1
0.1 149 150 -1
0.1 455 151 -1
0.1 456 152 -1
0.1 454 457 -1
0.1 449 458 -1
0.1 154 155 -1
0.1 153 460 -1
0.1 158 159 -1
0.1 462 160 -1
0.1 163 164 -1
0.1 162 464 -1
0.1 465 165 -1
0.1 161 466 -1
0.1 463 467 -1
0.1 468 166 -1
0.1 157 469 -1
0.1 156 470 -1
0.1 461 471 -1
0.1 472 167 -1
0.1 170 171 -1
0.1 474 172 -1
0.1 174 175 -1
0.1 178 179 -1
0.1 180 181 -1
0.1 478 182 -1
0.1 183 184 -1
0.1 479 480 -1
0.1 481 185 -1
0.1 482 186 -1
0.1 477 483 -1
0.1 177 484 -1
0.1 485 187 -1
0.1 176 486 -1
0.1 188 189 -1
0.1 487 488 -1
0.1 476 489 -1
0.1 173 490 -1
0.1 475 491 -1
0.1 169 492 -1
0.1 168 493 -1
0.1 193 194 -1
0.1 192 495 -1
0.1 191 496 -1
0.1 497 195 -1
0.1 196 197 -1
0.1 498 499 -1
0.1 190 500 -1
0.1 494 501 -1
0.1 473 502 -1
0.1 198 199 -1
0.1 201 202 -1
0.1 200 505 -1
0.1 504 506 -1
0.1 503 507 -1
0.1 459 508 -1
0.1 509 203 -1
0.1 430 510 -1
0.1 311 511 -1
0.1 205 206 -1
0.1 204 513 -1
0.1 211 212 -1
0.1 215 216 -1
0.1 214 516 -1
0.1 217 218 -1
0.1 518 219 -1
0.1 517 519 -1
0.1 213 520 -1
0.1 220 221 -1
0.1 521 522 -1
0.1 523 222 -1
0.1 224 225 -1
0.1 226 227 -1
0.1 525 526 -1
0.1 223 527 -1
0.1 230 231 -1
0.1 229 529 -1
0.1 228 530 -1
0.1 531 232 -1
0.1 234 235 -1
0.1 237 238 -1
0.1 534 239 -1
0.1 236 535 -1
0.1 536 240 -1
0.1 241 242 -1
0.1 537 538 -1
0.1 533 539 -1
0.1 233 540 -1
0.1 532 541 -1
0.1 528 542 -1
0.1 524 543 -1
0.1 243 244 -1
0.1 545 245 -1
0.1 247 248 -1
0.1 246 547 -1
0.1 546 548 -1
0.1 544 549 -1
0.1 515 550 -1
0.1 210 551 -1
0.1 209 552 -1
0.1 208 553 -1
0.1 251 252 -1
0.1 250 555 -1
0.1 255 256 -1
0.1 257 258 -1
0.1 557 558 -1
0.1 261 262 -1
0.1 260 560 -1
0.1 259 561 -1
0.1 559 562 -1
0.1 254 563 -1
0.1 253 564 -1
0.1 264 265 -1
0.1 263 566 -1
0.1 565 567 -1
0.1 568 266 -1
0.1 268 269 -1
0.1 267 570 -1
0.1 569 571 -1
0.1 556 572 -1
0.1 249 573 -1
0.1 270 271 -1
0.1 574 575 -1
0.1 554 576 -1
0.1 207 577 -1
0.1 276 277 -1
0.1 279 280 -1
0.1 278 580 -1
0.1 579 581 -1
0.1 283 284 -1
0.1 282 583 -1
0.1 281 584 -1
0.1 585 285 -1
0.1 582 586 -1
0.1 275 587 -1
0.1 274 588 -1
0.1 273 589 -1
0.1 590 286 -1
0.1 591 287 -1
0.1 272 592 -1
0.1 578 593 -1
0.1 514 594 -1
0.1 292 293 -1
0.1 291 596 -1
0.1 290 597 -1
0.1 598 294 -1
0.1 289 599 -1
0.1 600 295 -1
0.1 297 298 -1
0.1 296 602 -1
0.1 299 300 -1
0.1 301 302 -1
0.1 303 304 -1
0.1 605 606 -1
0.1 604 607 -1
0.1 305 306 -1
0.1 307 308 -1
0.1 609 610 -1
0.1 608 611 -1
0.1 603 612 -1
0.1 601 613 -1
0.1 288 614 -1
0.1 309 310 -1
0.1 615 616 -1
0.1 595 617 -1
0.1 512 618 -1
