1 0 0 1
1 0 0 1
1 0 0 1
1 0 0 1
1 0 0 1
1 0 0 1
1 0 0 1
1 0 0 2
1 0 0 2
1 0 0 2
1 0 0 2
1 0 0 2
1 0 0 2
1 0 0 2
1 0 0 2
1 0 0 2
1 0 0 2
1 0 0 3
1 0 0 4
1 0 0 4
1 0 0 4
1 0 0 4
1 0 0 4
1 0 0 4
1 0 0 4
1 0 0 4
1 0 0 4
1 0 0 4
1 0 0 3
1 0 0 3
1 0 0 3
1 0 0 3
1 0 0 3
1 0 0 3
1 0 0 3
1 0 0 3
1 0 0 3
1 0 0 5
1 0 0 5
1 0 0 5
1 0 0 5
1 0 0 5
1 0 0 6
1 0 0 6
1 0 0 6
1 0 0 6
1 0 0 6
1 0 0 6
1 0 0 7
1 0 0 7
1 0 0 7
1 0 0 7
1 0 0 7
1 0 0 7
1 0 0 7
1 0 0 7
1 0 0 7
1 0 0 7
1 0 0 6
1 0 0 6
1 0 0 6
1 0 0 6
1 0 0 1
1 0 0 1
1 0 0 1
1 0 0 8
1 0 0 8
1 0 0 8
1 0 0 8
1 0 0 8
1 0 0 8
1 0 0 8
1 0 0 8
1 0 0 8
1 0 0 8
1 0 0 5
1 0 0 5
1 0 0 5
1 0 0 5
1 0 0 5
1 0 0 9
1 0 0 9
1 0 0 9
1 0 0 9
1 0 0 9
1 0 0 9
1 0 0 9
1 0 0 9
1 0 0 9
1 0 0 9
0.1 2 3 -1
0.1 91 4 -1
0.1 6 7 -1
0.1 5 93 -1
0.1 10 11 -1
0.1 9 95 -1
0.1 8 96 -1
0.1 12 13 -1
0.1 97 98 -1
0.1 14 15 -1
0.1 16 17 -1
0.1 100 101 -1
0.1 99 102 -1
0.1 21 22 -1
0.1 104 23 -1
0.1 20 105 -1
0.1 19 106 -1
0.1 24 25 -1
0.1 26 27 -1
0.1 108 109 -1
0.1 110 28 -1
0.1 107 111 -1
0.1 18 112 -1
0.1 103 113 -1
0.1 30 31 -1
0.1 29 115 -1
0.1 116 32 -1
0.1 114 117 -1
0.1 34 35 -1
0.1 36 37 -1
0.1 119 120 -1
0.1 33 121 -1
0.1 118 122 -1
0.1 39 40 -1
0.1 124 41 -1
0.1 38 125 -1
0.1 126 42 -1
0.1 43 44 -1
0.1 46 47 -1
0.1 45 129 -1
0.1 128 130 -1
0.1 52 53 -1
0.1 51 132 -1
0.1 50 133 -1
0.1 55 56 -1
0.1 54 135 -1
0.1 57 58 -1
0.1 136 137 -1
0.1 134 138 -1
0.1 49 139 -1
0.1 48 140 -1
0.1 141 59 -1
0.1 142 60 -1
0.1 61 62 -1
0.1 143 144 -1
0.1 131 145 -1
0.1 127 146 -1
0.1 123 147 -1
0.1 63 64 -1
0.1 148 149 -1
0.1 94 150 -1
0.1 92 151 -1
0.1 152 65 -1
0.1 1 153 -1
0.1 66 67 -1
0.1 68 69 -1
0.1 155 156 -1
0.1 71 72 -1
0.1 70 158 -1
0.1 159 73 -1
0.1 157 160 -1
0.1 74 75 -1
0.1 161 162 -1
0.1 76 77 -1
0.1 78 79 -1
0.1 164 165 -1
0.1 81 82 -1
0.1 84 85 -1
0.1 83 168 -1
0.1 169 86 -1
0.1 167 170 -1
0.1 87 88 -1
0.1 89 90 -1
0.1 172 173 -1
0.1 171 174 -1
0.1 80 175 -1
0.1 166 176 -1
0.1 163 177 -1
0.1 154 178 -1
