1 0 0 1
1 0 0 1
1 0 0 1
1 0 0 1
1 0 0 1
1 0 0 1
1 0 0 1
1 0 0 1
1 0 0 1
1 0 0 1
1 0 0 2
1 0 0 2
1 0 0 2
1 0 0 2
1 0 0 2
1 0 0 2
1 0 0 2
1 0 0 2
1 0 0 2
1 0 0 2
1 0 0 3
1 0 0 3
1 0 0 3
1 0 0 3
1 0 0 3
1 0 0 3
1 0 0 3
1 0 0 3
1 0 0 3
1 0 0 3
1 0 0 4
1 0 0 4
1 0 0 4
1 0 0 4
1 0 0 4
1 0 0 5
1 0 0 5
1 0 0 5
1 0 0 5
1 0 0 5
1 0 0 5
1 0 0 5
1 0 0 5
1 0 0 5
1 0 0 5
1 0 0 4
1 0 0 4
1 0 0 4
1 0 0 4
1 0 0 4
1 0 0 6
1 0 0 6
1 0 0 6
1 0 0 6
1 0 0 6
1 0 0 7
1 0 0 7
1 0 0 7
1 0 0 7
1 0 0 7
1 0 0 7
1 0 0 7
1 0 0 7
1 0 0 7
1 0 0 7
1 0 0 8
1 0 0 8
1 0 0 8
1 0 0 8
1 0 0 8
1 0 0 8
1 0 0 8
1 0 0 8
1 0 0 8
1 0 0 8
1 0 0 6
1 0 0 6
1 0 0 6
1 0 0 6
1 0 0 6
1 0 0 9
1 0 0 9
1 0 0 9
1 0 0 9
1 0 0 9
1 0 0 9
1 0 0 9
1 0 0 9
1 0 0 9
1 0 0 9
0.1 2 3 -1
0.1 4 5 -1
0.1 91 92 -1
0.1 1 93 -1
0.1 7 8 -1
0.1 6 95 -1
0.1 9 10 -1
0.1 96 97 -1
0.1 94 98 -1
0.1 11 12 -1
0.1 13 14 -1
0.1 100 101 -1
0.1 102 15 -1
0.1 16 17 -1
0.1 18 19 -1
0.1 104 105 -1
0.1 106 20 -1
0.1 103 107 -1
0.1 108 21 -1
0.1 99 109 -1
0.1 110 22 -1
0.1 25 26 -1
0.1 24 112 -1
0.1 23 113 -1
0.1 27 28 -1
0.1 29 30 -1
0.1 115 116 -1
0.1 114 117 -1
0.1 111 118 -1
0.1 34 35 -1
0.1 38 39 -1
0.1 37 121 -1
0.1 40 41 -1
0.1 122 123 -1
0.1 44 45 -1
0.1 43 125 -1
0.1 42 126 -1
0.1 124 127 -1
0.1 36 128 -1
0.1 120 129 -1
0.1 33 130 -1
0.1 46 47 -1
0.1 132 48 -1
0.1 49 50 -1
0.1 133 134 -1
0.1 131 135 -1
0.1 32 136 -1
0.1 31 137 -1
0.1 53 54 -1
0.1 52 139 -1
0.1 140 55 -1
0.1 51 141 -1
0.1 138 142 -1
0.1 119 143 -1
0.1 56 57 -1
0.1 58 59 -1
0.1 61 62 -1
0.1 63 64 -1
0.1 148 65 -1
0.1 147 149 -1
0.1 60 150 -1
0.1 146 151 -1
0.1 145 152 -1
0.1 68 69 -1
0.1 67 154 -1
0.1 66 155 -1
0.1 70 71 -1
0.1 73 74 -1
0.1 72 158 -1
0.1 159 75 -1
0.1 157 160 -1
0.1 156 161 -1
0.1 76 77 -1
0.1 78 79 -1
0.1 163 164 -1
0.1 165 80 -1
0.1 162 166 -1
0.1 153 167 -1
0.1 81 82 -1
0.1 83 84 -1
0.1 170 85 -1
0.1 169 171 -1
0.1 86 87 -1
0.1 88 89 -1
0.1 173 174 -1
0.1 175 90 -1
0.1 172 176 -1
0.1 168 177 -1
0.1 144 178 -1
