1 0 0 1
1 0 0 1
1 0 0 1
1 0 0 1
1 0 0 1
1 0 0 2
1 0 0 2
1 0 0 2
1 0 0 2
1 0 0 2
1 0 0 2
1 0 0 2
1 0 0 2
1 0 0 2
1 0 0 3
1 0 0 3
1 0 0 3
1 0 0 3
1 0 0 3
1 0 0 3
1 0 0 3
1 0 0 3
1 0 0 3
1 0 0 3
1 0 0 2
1 0 0 1
1 0 0 1
1 0 0 1
1 0 0 1
1 0 0 1
1 0 0 4
1 0 0 4
1 0 0 4
1 0 0 4
1 0 0 4
1 0 0 5
1 0 0 5
1 0 0 5
1 0 0 5
1 0 0 5
1 0 0 5
1 0 0 5
1 0 0 5
1 0 0 5
1 0 0 5
1 0 0 4
1 0 0 4
1 0 0 4
1 0 0 4
1 0 0 4
1 0 0 6
1 0 0 6
1 0 0 6
1 0 0 6
1 0 0 6
1 0 0 7
1 0 0 7
1 0 0 7
1 0 0 7
1 0 0 7
1 0 0 7
1 0 0 7
1 0 0 7
1 0 0 7
1 0 0 7
1 0 0 8
1 0 0 8
1 0 0 8
1 0 0 8
1 0 0 8
1 0 0 8
1 0 0 8
1 0 0 8
1 0 0 8
1 0 0 8
1 0 0 9
1 0 0 9
1 0 0 9
1 0 0 9
1 0 0 9
1 0 0 9
1 0 0 9
1 0 0 9
1 0 0 9
1 0 0 9
1 0 0 6
1 0 0 6
1 0 0 6
1 0 0 6
1 0 0 6
0.1 3 4 -1
0.1 2 91 -1
0.1 1 92 -1
0.1 93 5 -1
0.1 7 8 -1
0.1 6 95 -1
0.1 96 9 -1
0.1 97 10 -1
0.1 11 12 -1
0.1 13 14 -1
0.1 99 100 -1
0.1 15 16 -1
0.1 17 18 -1
0.1 102 103 -1
0.1 20 21 -1
0.1 105 22 -1
0.1 23 24 -1
0.1 106 107 -1
0.1 19 108 -1
0.1 104 109 -1
0.1 110 25 -1
0.1 101 111 -1
0.1 98 112 -1
0.1 27 28 -1
0.1 29 30 -1
0.1 114 115 -1
0.1 26 116 -1
0.1 113 117 -1
0.1 94 118 -1
0.1 38 39 -1
0.1 37 120 -1
0.1 40 41 -1
0.1 121 122 -1
0.1 44 45 -1
0.1 43 124 -1
0.1 42 125 -1
0.1 123 126 -1
0.1 36 127 -1
0.1 35 128 -1
0.1 34 129 -1
0.1 33 130 -1
0.1 46 47 -1
0.1 132 48 -1
0.1 49 50 -1
0.1 133 134 -1
0.1 131 135 -1
0.1 32 136 -1
0.1 31 137 -1
0.1 53 54 -1
0.1 52 139 -1
0.1 140 55 -1
0.1 51 141 -1
0.1 138 142 -1
0.1 119 143 -1
0.1 59 60 -1
0.1 58 145 -1
0.1 61 62 -1
0.1 146 147 -1
0.1 63 64 -1
0.1 148 149 -1
0.1 57 150 -1
0.1 151 65 -1
0.1 56 152 -1
0.1 66 67 -1
0.1 154 68 -1
0.1 69 70 -1
0.1 71 72 -1
0.1 156 157 -1
0.1 158 73 -1
0.1 155 159 -1
0.1 74 75 -1
0.1 160 161 -1
0.1 76 77 -1
0.1 78 79 -1
0.1 163 164 -1
0.1 80 81 -1
0.1 83 84 -1
0.1 167 85 -1
0.1 82 168 -1
0.1 166 169 -1
0.1 165 170 -1
0.1 86 87 -1
0.1 88 89 -1
0.1 172 173 -1
0.1 174 90 -1
0.1 171 175 -1
0.1 162 176 -1
0.1 153 177 -1
0.1 144 178 -1
