1 0 0 1
1 0 0 1
1 0 0 1
1 0 0 1
1 0 0 1
1 0 0 1
1 0 0 1
1 0 0 1
1 0 0 1
1 0 0 2
1 0 0 2
1 0 0 2
1 0 0 2
1 0 0 2
1 0 0 2
1 0 0 2
1 0 0 2
1 0 0 2
1 0 0 2
1 0 0 2
1 0 0 2
1 0 0 2
1 0 0 2
1 0 0 2
1 0 0 2
1 0 0 2
1 0 0 2
1 0 0 2
1 0 0 2
1 0 0 3
1 0 0 3
1 0 0 3
1 0 0 4
1 0 0 4
1 0 0 4
1 0 0 4
1 0 0 4
1 0 0 4
1 0 0 4
1 0 0 4
1 0 0 4
1 0 0 4
1 0 0 4
1 0 0 4
1 0 0 4
1 0 0 4
1 0 0 4
1 0 0 4
1 0 0 4
1 0 0 4
1 0 0 4
1 0 0 4
1 0 0 3
1 0 0 3
1 0 0 3
1 0 0 3
1 0 0 5
1 0 0 5
1 0 0 5
1 0 0 5
1 0 0 5
1 0 0 5
1 0 0 5
1 0 0 5
1 0 0 5
1 0 0 5
1 0 0 5
1 0 0 5
1 0 0 5
1 0 0 5
1 0 0 5
1 0 0 5
1 0 0 5
1 0 0 5
1 0 0 5
1 0 0 5
1 0 0 3
1 0 0 3
1 0 0 3
1 0 0 6
1 0 0 6
1 0 0 6
1 0 0 6
1 0 0 6
1 0 0 6
1 0 0 6
1 0 0 6
1 0 0 6
1 0 0 6
1 0 0 6
1 0 0 6
1 0 0 6
1 0 0 6
1 0 0 6
1 0 0 6
1 0 0 6
1 0 0 6
1 0 0 6
1 0 0 6
1 0 0 3
1 0 0 3
1 0 0 3
1 0 0 3
1 0 0 3
1 0 0 3
1 0 0 3
1 0 0 3
1 0 0 3
1 0 0 7
1 0 0 7
1 0 0 7
1 0 0 7
1 0 0 7
1 0 0 7
1 0 0 7
1 0 0 7
1 0 0 7
1 0 0 7
1 0 0 7
1 0 0 7
1 0 0 7
1 0 0 7
1 0 0 7
1 0 0 7
1 0 0 7
1 0 0 7
1 0 0 7
1 0 0 7
1 0 0 3
1 0 0 8
1 0 0 8
1 0 0 8
1 0 0 8
1 0 0 8
1 0 0 8
1 0 0 8
1 0 0 8
1 0 0 8
1 0 0 8
1 0 0 8
1 0 0 8
1 0 0 8
1 0 0 8
1 0 0 8
1 0 0 8
1 0 0 8
1 0 0 8
1 0 0 8
1 0 0 8
1 0 0 9
1 0 0 9
1 0 0 9
1 0 0 9
1 0 0 9
1 0 0 9
1 0 0 9
1 0 0 9
1 0 0 9
1 0 0 9
1 0 0 9
1 0 0 9
1 0 0 9
1 0 0 9
1 0 0 9
1 0 0 9
1 0 0 9
1 0 0 9
1 0 0 9
1 0 0 9
1 0 0 1
1 0 0 10
1 0 0 10
1 0 0 10
1 0 0 10
1 0 0 10
1 0 0 10
1 0 0 10
1 0 0 10
1 0 0 10
1 0 0 10
1 0 0 10
1 0 0 10
1 0 0 10
1 0 0 10
1 0 0 10
1 0 0 10
1 0 0 10
1 0 0 10
1 0 0 10
1 0 0 10
1 0 0 1
1 0 0 1
1 0 0 1
1 0 0 1
1 0 0 1
1 0 0 1
1 0 0 1
1 0 0 1
1 0 0 1
1 0 0 1
1 0 0 11
1 0 0 11
1 0 0 11
1 0 0 11
1 0 0 11
1 0 0 11
1 0 0 11
1 0 0 11
1 0 0 11
1 0 0 11
1 0 0 11
1 0 0 11
1 0 0 11
1 0 0 11
1 0 0 11
1 0 0 11
1 0 0 11
1 0 0 11
1 0 0 11
1 0 0 11
0.1 3 4 -1
0.1 221 5 -1
0.1 2 222 -1
0.1 223 6 -1
0.1 1 224 -1
0.1 8 9 -1
0.1 7 226 -1
0.1 11 12 -1
0.1 10 228 -1
0.1 13 14 -1
0.1 230 15 -1
0.1 17 18 -1
0.1 16 232 -1
0.1 233 19 -1
0.1 22 23 -1
0.1 21 235 -1
0.1 20 236 -1
0.1 234 237 -1
0.1 24 25 -1
0.1 27 28 -1
0.1 26 240 -1
0.1 239 241 -1
0.1 242 29 -1
0.1 238 243 -1
0.1 231 244 -1
0.1 229 245 -1
0.1 31 32 -1
0.1 30 247 -1
0.1 35 36 -1
0.1 34 249 -1
0.1 33 250 -1
0.1 38 39 -1
0.1 37 252 -1
0.1 41 42 -1
0.1 40 254 -1
0.1 44 45 -1
0.1 43 256 -1
0.1 255 257 -1
0.1 47 48 -1
0.1 46 259 -1
0.1 51 52 -1
0.1 50 261 -1
0.1 49 262 -1
0.1 260 263 -1
0.1 258 264 -1
0.1 253 265 -1
0.1 251 266 -1
0.1 55 56 -1
0.1 54 268 -1
0.1 53 269 -1
0.1 267 270 -1
0.1 58 59 -1
0.1 62 63 -1
0.1 273 64 -1
0.1 274 65 -1
0.1 61 275 -1
0.1 60 276 -1
0.1 272 277 -1
0.1 67 68 -1
0.1 279 69 -1
0.1 70 71 -1
0.1 280 281 -1
0.1 73 74 -1
0.1 72 283 -1
0.1 75 76 -1
0.1 284 285 -1
0.1 282 286 -1
0.1 66 287 -1
0.1 278 288 -1
0.1 57 289 -1
0.1 290 77 -1
0.1 78 79 -1
0.1 82 83 -1
0.1 81 293 -1
0.1 80 294 -1
0.1 86 87 -1
0.1 88 89 -1
0.1 296 297 -1
0.1 85 298 -1
0.1 84 299 -1
0.1 91 92 -1
0.1 90 301 -1
0.1 302 93 -1
0.1 95 96 -1
0.1 94 304 -1
0.1 97 98 -1
0.1 306 99 -1
0.1 305 307 -1
0.1 303 308 -1
0.1 300 309 -1
0.1 295 310 -1
0.1 100 101 -1
0.1 102 103 -1
0.1 313 104 -1
0.1 312 314 -1
0.1 311 315 -1
0.1 105 106 -1
0.1 316 317 -1
0.1 292 318 -1
0.1 107 108 -1
0.1 319 320 -1
0.1 109 110 -1
0.1 111 112 -1
0.1 322 323 -1
0.1 114 115 -1
0.1 113 325 -1
0.1 116 117 -1
0.1 326 327 -1
0.1 324 328 -1
0.1 119 120 -1
0.1 330 121 -1
0.1 118 331 -1
0.1 122 123 -1
0.1 127 128 -1
0.1 126 334 -1
0.1 125 335 -1
0.1 124 336 -1
0.1 333 337 -1
0.1 332 338 -1
0.1 329 339 -1
0.1 321 340 -1
0.1 291 341 -1
0.1 342 129 -1
0.1 271 343 -1
0.1 248 344 -1
0.1 246 345 -1
0.1 131 132 -1
0.1 134 135 -1
0.1 133 348 -1
0.1 347 349 -1
0.1 138 139 -1
0.1 137 351 -1
0.1 141 142 -1
0.1 140 353 -1
0.1 352 354 -1
0.1 136 355 -1
0.1 350 356 -1
0.1 130 357 -1
0.1 147 148 -1
0.1 146 359 -1
0.1 145 360 -1
0.1 144 361 -1
0.1 143 362 -1
0.1 363 149 -1
0.1 358 364 -1
0.1 346 365 -1
0.1 227 366 -1
0.1 225 367 -1
0.1 153 154 -1
0.1 152 369 -1
0.1 151 370 -1
0.1 150 371 -1
0.1 155 156 -1
0.1 158 159 -1
0.1 157 374 -1
0.1 373 375 -1
0.1 161 162 -1
0.1 163 164 -1
0.1 377 378 -1
0.1 160 379 -1
0.1 168 169 -1
0.1 167 381 -1
0.1 166 382 -1
0.1 165 383 -1
0.1 380 384 -1
0.1 376 385 -1
0.1 372 386 -1
0.1 172 173 -1
0.1 171 388 -1
0.1 174 175 -1
0.1 177 178 -1
0.1 391 179 -1
0.1 176 392 -1
0.1 390 393 -1
0.1 181 182 -1
0.1 183 184 -1
0.1 395 396 -1
0.1 180 397 -1
0.1 185 186 -1
0.1 399 187 -1
0.1 188 189 -1
0.1 400 401 -1
0.1 398 402 -1
0.1 394 403 -1
0.1 404 190 -1
0.1 389 405 -1
0.1 192 193 -1
0.1 191 407 -1
0.1 406 408 -1
0.1 194 195 -1
0.1 409 410 -1
0.1 196 197 -1
0.1 412 198 -1
0.1 411 413 -1
0.1 199 200 -1
0.1 414 415 -1
0.1 170 416 -1
0.1 387 417 -1
0.1 203 204 -1
0.1 202 419 -1
0.1 207 208 -1
0.1 421 209 -1
0.1 206 422 -1
0.1 423 210 -1
0.1 205 424 -1
0.1 211 212 -1
0.1 215 216 -1
0.1 217 218 -1
0.1 427 428 -1
0.1 214 429 -1
0.1 430 219 -1
0.1 213 431 -1
0.1 426 432 -1
0.1 433 220 -1
0.1 425 434 -1
0.1 420 435 -1
0.1 201 436 -1
0.1 418 437 -1
0.1 368 438 -1
