1 0 0 1
1 0 0 1
1 0 0 1
1 0 0 1
1 0 0 1
1 0 0 1
1 0 0 2
1 0 0 2
1 0 0 2
1 0 0 2
1 0 0 2
1 0 0 2
1 0 0 2
1 0 0 2
1 0 0 2
1 0 0 2
1 0 0 2
1 0 0 2
1 0 0 2
1 0 0 2
1 0 0 2
1 0 0 2
1 0 0 2
1 0 0 2
1 0 0 2
1 0 0 2
1 0 0 3
1 0 0 3
1 0 0 3
1 0 0 3
1 0 0 3
1 0 0 3
1 0 0 3
1 0 0 3
1 0 0 3
1 0 0 3
1 0 0 3
1 0 0 3
1 0 0 3
1 0 0 3
1 0 0 3
1 0 0 3
1 0 0 3
1 0 0 3
1 0 0 3
1 0 0 3
1 0 0 4
1 0 0 4
1 0 0 4
1 0 0 5
1 0 0 5
1 0 0 5
1 0 0 5
1 0 0 5
1 0 0 5
1 0 0 5
1 0 0 5
1 0 0 5
1 0 0 5
1 0 0 5
1 0 0 5
1 0 0 5
1 0 0 5
1 0 0 5
1 0 0 5
1 0 0 5
1 0 0 5
1 0 0 5
1 0 0 5
1 0 0 4
1 0 0 4
1 0 0 4
1 0 0 4
1 0 0 4
1 0 0 6
1 0 0 6
1 0 0 6
1 0 0 6
1 0 0 6
1 0 0 6
1 0 0 6
1 0 0 6
1 0 0 6
1 0 0 6
1 0 0 6
1 0 0 6
1 0 0 6
1 0 0 6
1 0 0 6
1 0 0 6
1 0 0 6
1 0 0 6
1 0 0 6
1 0 0 6
1 0 0 4
1 0 0 4
1 0 0 4
1 0 0 4
1 0 0 4
1 0 0 4
1 0 0 7
1 0 0 7
1 0 0 7
1 0 0 7
1 0 0 7
1 0 0 7
1 0 0 7
1 0 0 7
1 0 0 7
1 0 0 7
1 0 0 7
1 0 0 7
1 0 0 7
1 0 0 7
1 0 0 7
1 0 0 7
1 0 0 7
1 0 0 7
1 0 0 7
1 0 0 7
1 0 0 4
1 0 0 8
1 0 0 8
1 0 0 8
1 0 0 8
1 0 0 8
1 0 0 8
1 0 0 8
1 0 0 8
1 0 0 8
1 0 0 8
1 0 0 8
1 0 0 8
1 0 0 8
1 0 0 8
1 0 0 8
1 0 0 8
1 0 0 8
1 0 0 8
1 0 0 8
1 0 0 8
1 0 0 4
1 0 0 4
1 0 0 4
1 0 0 4
1 0 0 4
1 0 0 1
1 0 0 1
1 0 0 1
1 0 0 9
1 0 0 9
1 0 0 9
1 0 0 9
1 0 0 9
1 0 0 9
1 0 0 9
1 0 0 9
1 0 0 9
1 0 0 9
1 0 0 9
1 0 0 9
1 0 0 9
1 0 0 9
1 0 0 9
1 0 0 9
1 0 0 9
1 0 0 9
1 0 0 9
1 0 0 9
1 0 0 1
1 0 0 1
1 0 0 1
1 0 0 1
1 0 0 10
1 0 0 10
1 0 0 10
1 0 0 10
1 0 0 10
1 0 0 10
1 0 0 10
1 0 0 10
1 0 0 10
1 0 0 10
1 0 0 10
1 0 0 10
1 0 0 10
1 0 0 10
1 0 0 10
1 0 0 10
1 0 0 10
1 0 0 10
1 0 0 10
1 0 0 10
1 0 0 1
1 0 0 1
1 0 0 1
1 0 0 1
1 0 0 1
1 0 0 1
1 0 0 1
1 0 0 11
1 0 0 11
1 0 0 11
1 0 0 11
1 0 0 11
1 0 0 11
1 0 0 11
1 0 0 11
1 0 0 11
1 0 0 11
1 0 0 11
1 0 0 11
1 0 0 11
1 0 0 11
1 0 0 11
1 0 0 11
1 0 0 11
1 0 0 11
1 0 0 11
1 0 0 11
0.1 4 5 -1
0.1 3 221 -1
0.1 222 6 -1
0.1 2 223 -1
0.1 1 224 -1
0.1 10 11 -1
0.1 9 226 -1
0.1 8 227 -1
0.1 228 12 -1
0.1 229 13 -1
0.1 7 230 -1
0.1 16 17 -1
0.1 15 232 -1
0.1 19 20 -1
0.1 18 234 -1
0.1 233 235 -1
0.1 21 22 -1
0.1 24 25 -1
0.1 23 238 -1
0.1 237 239 -1
0.1 236 240 -1
0.1 241 26 -1
0.1 14 242 -1
0.1 231 243 -1
0.1 28 29 -1
0.1 27 245 -1
0.1 31 32 -1
0.1 30 247 -1
0.1 33 34 -1
0.1 35 36 -1
0.1 39 40 -1
0.1 38 251 -1
0.1 37 252 -1
0.1 43 44 -1
0.1 42 254 -1
0.1 41 255 -1
0.1 253 256 -1
0.1 250 257 -1
0.1 249 258 -1
0.1 45 46 -1
0.1 259 260 -1
0.1 248 261 -1
0.1 246 262 -1
0.1 48 49 -1
0.1 47 264 -1
0.1 51 52 -1
0.1 50 266 -1
0.1 53 54 -1
0.1 57 58 -1
0.1 269 59 -1
0.1 56 270 -1
0.1 55 271 -1
0.1 268 272 -1
0.1 60 61 -1
0.1 64 65 -1
0.1 63 275 -1
0.1 62 276 -1
0.1 274 277 -1
0.1 273 278 -1
0.1 267 279 -1
0.1 68 69 -1
0.1 67 281 -1
0.1 66 282 -1
0.1 280 283 -1
0.1 71 72 -1
0.1 70 285 -1
0.1 286 73 -1
0.1 284 287 -1
0.1 75 76 -1
0.1 289 77 -1
0.1 80 81 -1
0.1 79 291 -1
0.1 82 83 -1
0.1 292 293 -1
0.1 84 85 -1
0.1 86 87 -1
0.1 295 296 -1
0.1 294 297 -1
0.1 298 88 -1
0.1 89 90 -1
0.1 300 91 -1
0.1 301 92 -1
0.1 302 93 -1
0.1 299 303 -1
0.1 78 304 -1
0.1 305 94 -1
0.1 290 306 -1
0.1 95 96 -1
0.1 307 308 -1
0.1 97 98 -1
0.1 102 103 -1
0.1 101 311 -1
0.1 104 105 -1
0.1 111 112 -1
0.1 314 113 -1
0.1 110 315 -1
0.1 109 316 -1
0.1 108 317 -1
0.1 114 115 -1
0.1 318 319 -1
0.1 107 320 -1
0.1 106 321 -1
0.1 117 118 -1
0.1 116 323 -1
0.1 322 324 -1
0.1 313 325 -1
0.1 326 119 -1
0.1 327 120 -1
0.1 312 328 -1
0.1 100 329 -1
0.1 99 330 -1
0.1 310 331 -1
0.1 124 125 -1
0.1 123 333 -1
0.1 122 334 -1
0.1 127 128 -1
0.1 126 336 -1
0.1 130 131 -1
0.1 129 338 -1
0.1 337 339 -1
0.1 335 340 -1
0.1 133 134 -1
0.1 132 342 -1
0.1 343 135 -1
0.1 138 139 -1
0.1 140 141 -1
0.1 345 346 -1
0.1 137 347 -1
0.1 136 348 -1
0.1 344 349 -1
0.1 341 350 -1
0.1 351 142 -1
0.1 143 144 -1
0.1 352 353 -1
0.1 121 354 -1
0.1 145 146 -1
0.1 355 356 -1
0.1 332 357 -1
0.1 309 358 -1
0.1 74 359 -1
0.1 288 360 -1
0.1 265 361 -1
0.1 263 362 -1
0.1 244 363 -1
0.1 225 364 -1
0.1 148 149 -1
0.1 147 366 -1
0.1 365 367 -1
0.1 151 152 -1
0.1 150 369 -1
0.1 153 154 -1
0.1 370 371 -1
0.1 156 157 -1
0.1 158 159 -1
0.1 373 374 -1
0.1 155 375 -1
0.1 162 163 -1
0.1 161 377 -1
0.1 378 164 -1
0.1 160 379 -1
0.1 376 380 -1
0.1 372 381 -1
0.1 167 168 -1
0.1 166 383 -1
0.1 384 169 -1
0.1 165 385 -1
0.1 382 386 -1
0.1 172 173 -1
0.1 174 175 -1
0.1 178 179 -1
0.1 177 390 -1
0.1 176 391 -1
0.1 389 392 -1
0.1 180 181 -1
0.1 394 182 -1
0.1 183 184 -1
0.1 395 396 -1
0.1 185 186 -1
0.1 397 398 -1
0.1 187 188 -1
0.1 400 189 -1
0.1 399 401 -1
0.1 191 192 -1
0.1 403 193 -1
0.1 190 404 -1
0.1 402 405 -1
0.1 393 406 -1
0.1 407 194 -1
0.1 388 408 -1
0.1 195 196 -1
0.1 409 410 -1
0.1 198 199 -1
0.1 197 412 -1
0.1 411 413 -1
0.1 171 414 -1
0.1 170 415 -1
0.1 416 200 -1
0.1 387 417 -1
0.1 203 204 -1
0.1 202 419 -1
0.1 205 206 -1
0.1 207 208 -1
0.1 421 422 -1
0.1 209 210 -1
0.1 423 424 -1
0.1 211 212 -1
0.1 426 213 -1
0.1 425 427 -1
0.1 217 218 -1
0.1 429 219 -1
0.1 430 220 -1
0.1 216 431 -1
0.1 215 432 -1
0.1 214 433 -1
0.1 428 434 -1
0.1 420 435 -1
0.1 201 436 -1
0.1 418 437 -1
0.1 368 438 -1
