1 0 0 1
1 0 0 1
1 0 0 1
1 0 0 1
1 0 0 1
1 0 0 1
1 0 0 1
1 0 0 1
1 0 0 1
1 0 0 1
1 0 0 1
1 0 0 1
1 0 0 1
1 0 0 1
1 0 0 1
1 0 0 1
1 0 0 1
1 0 0 1
1 0 0 1
1 0 0 1
1 0 0 2
1 0 0 3
1 0 0 3
1 0 0 3
1 0 0 3
1 0 0 3
1 0 0 3
1 0 0 3
1 0 0 3
1 0 0 3
1 0 0 3
1 0 0 3
1 0 0 3
1 0 0 3
1 0 0 3
1 0 0 3
1 0 0 3
1 0 0 3
1 0 0 3
1 0 0 3
1 0 0 3
1 0 0 4
1 0 0 4
1 0 0 4
1 0 0 4
1 0 0 4
1 0 0 4
1 0 0 4
1 0 0 5
1 0 0 5
1 0 0 5
1 0 0 5
1 0 0 5
1 0 0 5
1 0 0 5
1 0 0 5
1 0 0 5
1 0 0 5
1 0 0 5
1 0 0 5
1 0 0 5
1 0 0 5
1 0 0 5
1 0 0 5
1 0 0 5
1 0 0 5
1 0 0 5
1 0 0 5
1 0 0 4
1 0 0 4
1 0 0 4
1 0 0 4
1 0 0 4
1 0 0 4
1 0 0 6
1 0 0 6
1 0 0 6
1 0 0 6
1 0 0 6
1 0 0 6
1 0 0 6
1 0 0 6
1 0 0 6
1 0 0 6
1 0 0 6
1 0 0 6
1 0 0 6
1 0 0 6
1 0 0 6
1 0 0 6
1 0 0 6
1 0 0 6
1 0 0 6
1 0 0 6
1 0 0 7
1 0 0 7
1 0 0 7
1 0 0 7
1 0 0 7
1 0 0 7
1 0 0 7
1 0 0 7
1 0 0 7
1 0 0 7
1 0 0 7
1 0 0 7
1 0 0 7
1 0 0 7
1 0 0 7
1 0 0 7
1 0 0 7
1 0 0 7
1 0 0 7
1 0 0 7
1 0 0 4
1 0 0 8
1 0 0 8
1 0 0 8
1 0 0 8
1 0 0 8
1 0 0 8
1 0 0 8
1 0 0 8
1 0 0 8
1 0 0 8
1 0 0 8
1 0 0 8
1 0 0 8
1 0 0 8
1 0 0 8
1 0 0 8
1 0 0 8
1 0 0 8
1 0 0 8
1 0 0 8
1 0 0 4
1 0 0 4
1 0 0 4
1 0 0 4
1 0 0 4
1 0 0 4
1 0 0 2
1 0 0 2
1 0 0 2
1 0 0 2
1 0 0 2
1 0 0 2
1 0 0 2
1 0 0 2
1 0 0 2
1 0 0 9
1 0 0 9
1 0 0 9
1 0 0 9
1 0 0 9
1 0 0 9
1 0 0 9
1 0 0 9
1 0 0 9
1 0 0 9
1 0 0 9
1 0 0 9
1 0 0 9
1 0 0 9
1 0 0 9
1 0 0 9
1 0 0 9
1 0 0 9
1 0 0 9
1 0 0 9
1 0 0 10
1 0 0 10
1 0 0 10
1 0 0 10
1 0 0 10
1 0 0 10
1 0 0 10
1 0 0 10
1 0 0 10
1 0 0 10
1 0 0 10
1 0 0 10
1 0 0 10
1 0 0 10
1 0 0 10
1 0 0 10
1 0 0 10
1 0 0 10
1 0 0 10
1 0 0 10
1 0 0 2
1 0 0 2
1 0 0 11
1 0 0 11
1 0 0 11
1 0 0 11
1 0 0 11
1 0 0 11
1 0 0 11
1 0 0 11
1 0 0 11
1 0 0 11
1 0 0 11
1 0 0 11
1 0 0 11
1 0 0 11
1 0 0 11
1 0 0 11
1 0 0 11
1 0 0 11
1 0 0 11
1 0 0 11
1 0 0 2
1 0 0 2
1 0 0 2
1 0 0 2
1 0 0 2
1 0 0 2
1 0 0 2
1 0 0 2
0.1 2 3 -1
0.1 5 6 -1
0.1 4 222 -1
0.1 221 223 -1
0.1 8 9 -1
0.1 7 225 -1
0.1 11 12 -1
0.1 10 227 -1
0.1 226 228 -1
0.1 229 13 -1
0.1 224 230 -1
0.1 1 231 -1
0.1 18 19 -1
0.1 233 20 -1
0.1 17 234 -1
0.1 16 235 -1
0.1 15 236 -1
0.1 14 237 -1
0.1 232 238 -1
0.1 23 24 -1
0.1 22 240 -1
0.1 26 27 -1
0.1 242 28 -1
0.1 30 31 -1
0.1 244 32 -1
0.1 29 245 -1
0.1 34 35 -1
0.1 247 36 -1
0.1 33 248 -1
0.1 246 249 -1
0.1 37 38 -1
0.1 250 251 -1
0.1 243 252 -1
0.1 25 253 -1
0.1 241 254 -1
0.1 39 40 -1
0.1 256 41 -1
0.1 255 257 -1
0.1 21 258 -1
0.1 43 44 -1
0.1 42 260 -1
0.1 46 47 -1
0.1 45 262 -1
0.1 263 48 -1
0.1 49 50 -1
0.1 265 51 -1
0.1 53 54 -1
0.1 52 267 -1
0.1 56 57 -1
0.1 55 269 -1
0.1 270 58 -1
0.1 60 61 -1
0.1 59 272 -1
0.1 271 273 -1
0.1 62 63 -1
0.1 275 64 -1
0.1 274 276 -1
0.1 268 277 -1
0.1 266 278 -1
0.1 66 67 -1
0.1 65 280 -1
0.1 281 68 -1
0.1 279 282 -1
0.1 264 283 -1
0.1 71 72 -1
0.1 70 285 -1
0.1 69 286 -1
0.1 73 74 -1
0.1 287 288 -1
0.1 77 78 -1
0.1 76 290 -1
0.1 75 291 -1
0.1 80 81 -1
0.1 79 293 -1
0.1 82 83 -1
0.1 295 84 -1
0.1 294 296 -1
0.1 87 88 -1
0.1 86 298 -1
0.1 85 299 -1
0.1 297 300 -1
0.1 91 92 -1
0.1 93 94 -1
0.1 302 303 -1
0.1 90 304 -1
0.1 89 305 -1
0.1 301 306 -1
0.1 292 307 -1
0.1 96 97 -1
0.1 95 309 -1
0.1 98 99 -1
0.1 310 311 -1
0.1 312 100 -1
0.1 101 102 -1
0.1 313 314 -1
0.1 107 108 -1
0.1 106 316 -1
0.1 105 317 -1
0.1 104 318 -1
0.1 110 111 -1
0.1 109 320 -1
0.1 112 113 -1
0.1 321 322 -1
0.1 319 323 -1
0.1 324 114 -1
0.1 103 325 -1
0.1 315 326 -1
0.1 327 115 -1
0.1 116 117 -1
0.1 118 119 -1
0.1 329 330 -1
0.1 121 122 -1
0.1 120 332 -1
0.1 123 124 -1
0.1 333 334 -1
0.1 331 335 -1
0.1 130 131 -1
0.1 129 337 -1
0.1 338 132 -1
0.1 128 339 -1
0.1 127 340 -1
0.1 126 341 -1
0.1 133 134 -1
0.1 343 135 -1
0.1 342 344 -1
0.1 125 345 -1
0.1 336 346 -1
0.1 328 347 -1
0.1 308 348 -1
0.1 136 137 -1
0.1 350 138 -1
0.1 349 351 -1
0.1 289 352 -1
0.1 139 140 -1
0.1 353 354 -1
0.1 355 141 -1
0.1 284 356 -1
0.1 261 357 -1
0.1 259 358 -1
0.1 239 359 -1
0.1 142 143 -1
0.1 360 361 -1
0.1 145 146 -1
0.1 363 147 -1
0.1 364 148 -1
0.1 365 149 -1
0.1 144 366 -1
0.1 362 367 -1
0.1 154 155 -1
0.1 153 369 -1
0.1 152 370 -1
0.1 151 371 -1
0.1 372 156 -1
0.1 373 157 -1
0.1 159 160 -1
0.1 158 375 -1
0.1 162 163 -1
0.1 164 165 -1
0.1 377 378 -1
0.1 379 166 -1
0.1 161 380 -1
0.1 376 381 -1
0.1 374 382 -1
0.1 167 168 -1
0.1 383 384 -1
0.1 385 169 -1
0.1 386 170 -1
0.1 150 387 -1
0.1 173 174 -1
0.1 172 389 -1
0.1 390 175 -1
0.1 171 391 -1
0.1 177 178 -1
0.1 176 393 -1
0.1 179 180 -1
0.1 394 395 -1
0.1 182 183 -1
0.1 184 185 -1
0.1 397 398 -1
0.1 181 399 -1
0.1 396 400 -1
0.1 186 187 -1
0.1 188 189 -1
0.1 403 190 -1
0.1 402 404 -1
0.1 401 405 -1
0.1 392 406 -1
0.1 191 192 -1
0.1 194 195 -1
0.1 409 196 -1
0.1 410 197 -1
0.1 198 199 -1
0.1 411 412 -1
0.1 193 413 -1
0.1 200 201 -1
0.1 415 202 -1
0.1 204 205 -1
0.1 203 417 -1
0.1 206 207 -1
0.1 208 209 -1
0.1 420 210 -1
0.1 211 212 -1
0.1 421 422 -1
0.1 419 423 -1
0.1 418 424 -1
0.1 416 425 -1
0.1 414 426 -1
0.1 214 215 -1
0.1 213 428 -1
0.1 427 429 -1
0.1 216 217 -1
0.1 430 431 -1
0.1 218 219 -1
0.1 433 220 -1
0.1 432 434 -1
0.1 408 435 -1
0.1 407 436 -1
0.1 388 437 -1
0.1 368 438 -1
