1 0 0 1
1 0 0 1
1 0 0 1
1 0 0 1
1 0 0 1
1 0 0 1
1 0 0 1
1 0 0 1
1 0 0 1
1 0 0 2
1 0 0 2
1 0 0 2
1 0 0 2
1 0 0 2
1 0 0 2
1 0 0 2
1 0 0 2
1 0 0 2
1 0 0 2
1 0 0 1
1 0 0 3
1 0 0 3
1 0 0 3
1 0 0 3
1 0 0 3
1 0 0 3
1 0 0 3
1 0 0 3
1 0 0 3
1 0 0 3
1 0 0 4
1 0 0 4
1 0 0 4
1 0 0 4
1 0 0 4
1 0 0 4
1 0 0 4
1 0 0 4
1 0 0 4
1 0 0 4
1 0 0 5
1 0 0 5
1 0 0 5
1 0 0 6
1 0 0 6
1 0 0 6
1 0 0 6
1 0 0 6
1 0 0 6
1 0 0 6
1 0 0 6
1 0 0 5
1 0 0 5
1 0 0 5
1 0 0 6
1 0 0 5
1 0 0 5
1 0 0 5
1 0 0 5
1 0 0 7
1 0 0 7
1 0 0 8
1 0 0 9
1 0 0 9
1 0 0 9
1 0 0 9
1 0 0 9
1 0 0 9
1 0 0 9
1 0 0 9
1 0 0 9
1 0 0 9
1 0 0 8
1 0 0 8
1 0 0 8
1 0 0 10
1 0 0 11
1 0 0 11
1 0 0 11
1 0 0 11
1 0 0 11
1 0 0 11
1 0 0 11
1 0 0 11
1 0 0 11
1 0 0 11
1 0 0 12
1 0 0 12
1 0 0 12
1 0 0 12
1 0 0 12
1 0 0 12
1 0 0 12
1 0 0 12
1 0 0 12
1 0 0 12
1 0 0 10
1 0 0 10
1 0 0 10
1 0 0 10
1 0 0 10
1 0 0 10
1 0 0 8
1 0 0 10
1 0 0 10
1 0 0 10
1 0 0 13
1 0 0 13
1 0 0 13
1 0 0 13
1 0 0 13
1 0 0 13
1 0 0 13
1 0 0 13
1 0 0 13
1 0 0 13
1 0 0 8
1 0 0 8
1 0 0 7
1 0 0 7
1 0 0 7
1 0 0 7
1 0 0 7
1 0 0 7
1 0 0 7
1 0 0 7
1 0 0 8
1 0 0 8
1 0 0 8
1 0 0 6
0.1 6 7 -1
0.1 131 8 -1
0.1 5 132 -1
0.1 133 9 -1
0.1 4 134 -1
0.1 10 11 -1
0.1 14 15 -1
0.1 13 137 -1
0.1 12 138 -1
0.1 17 18 -1
0.1 16 140 -1
0.1 139 141 -1
0.1 136 142 -1
0.1 143 19 -1
0.1 135 144 -1
0.1 3 145 -1
0.1 146 20 -1
0.1 2 147 -1
0.1 1 148 -1
0.1 21 22 -1
0.1 150 23 -1
0.1 24 25 -1
0.1 152 26 -1
0.1 28 29 -1
0.1 27 154 -1
0.1 153 155 -1
0.1 151 156 -1
0.1 157 30 -1
0.1 149 158 -1
0.1 32 33 -1
0.1 34 35 -1
0.1 37 38 -1
0.1 36 162 -1
0.1 161 163 -1
0.1 164 39 -1
0.1 160 165 -1
0.1 31 166 -1
0.1 167 40 -1
0.1 159 168 -1
0.1 42 43 -1
0.1 45 46 -1
0.1 44 171 -1
0.1 170 172 -1
0.1 47 48 -1
0.1 50 51 -1
0.1 49 175 -1
0.1 174 176 -1
0.1 177 52 -1
0.1 173 178 -1
0.1 53 54 -1
0.1 55 56 -1
0.1 57 58 -1
0.1 181 182 -1
0.1 180 183 -1
0.1 184 59 -1
0.1 179 185 -1
0.1 41 186 -1
0.1 169 187 -1
0.1 60 61 -1
0.1 64 65 -1
0.1 190 66 -1
0.1 67 68 -1
0.1 191 192 -1
0.1 69 70 -1
0.1 193 194 -1
0.1 63 195 -1
0.1 71 72 -1
0.1 196 197 -1
0.1 62 198 -1
0.1 74 75 -1
0.1 73 200 -1
0.1 79 80 -1
0.1 78 202 -1
0.1 82 83 -1
0.1 84 85 -1
0.1 205 86 -1
0.1 204 206 -1
0.1 81 207 -1
0.1 89 90 -1
0.1 88 209 -1
0.1 87 210 -1
0.1 92 93 -1
0.1 91 212 -1
0.1 211 213 -1
0.1 94 95 -1
0.1 214 215 -1
0.1 208 216 -1
0.1 203 217 -1
0.1 77 218 -1
0.1 96 97 -1
0.1 219 220 -1
0.1 76 221 -1
0.1 222 98 -1
0.1 100 101 -1
0.1 224 102 -1
0.1 99 225 -1
0.1 223 226 -1
0.1 227 103 -1
0.1 105 106 -1
0.1 104 229 -1
0.1 228 230 -1
0.1 201 231 -1
0.1 199 232 -1
0.1 112 113 -1
0.1 111 234 -1
0.1 110 235 -1
0.1 114 115 -1
0.1 237 116 -1
0.1 236 238 -1
0.1 109 239 -1
0.1 108 240 -1
0.1 107 241 -1
0.1 233 242 -1
0.1 117 118 -1
0.1 120 121 -1
0.1 119 245 -1
0.1 124 125 -1
0.1 123 247 -1
0.1 122 248 -1
0.1 246 249 -1
0.1 250 126 -1
0.1 244 251 -1
0.1 127 128 -1
0.1 252 253 -1
0.1 243 254 -1
0.1 189 255 -1
0.1 256 129 -1
0.1 257 130 -1
0.1 188 258 -1
