1 0 0 1
1 0 0 2
1 0 0 2
1 0 0 2
1 0 0 2
1 0 0 2
1 0 0 2
1 0 0 2
1 0 0 2
1 0 0 2
1 0 0 2
1 0 0 1
1 0 0 1
1 0 0 1
1 0 0 1
1 0 0 1
1 0 0 3
1 0 0 3
1 0 0 4
1 0 0 4
1 0 0 4
1 0 0 5
1 0 0 5
1 0 0 3
1 0 0 3
1 0 0 3
1 0 0 3
1 0 0 3
1 0 0 3
1 0 0 5
1 0 0 6
1 0 0 6
1 0 0 6
1 0 0 6
1 0 0 6
1 0 0 6
1 0 0 6
1 0 0 6
1 0 0 6
1 0 0 5
1 0 0 3
1 0 0 3
1 0 0 7
1 0 0 8
1 0 0 8
1 0 0 8
1 0 0 8
1 0 0 8
1 0 0 8
1 0 0 8
1 0 0 8
1 0 0 8
1 0 0 8
1 0 0 7
1 0 0 7
1 0 0 7
1 0 0 7
1 0 0 7
1 0 0 7
1 0 0 7
1 0 0 7
1 0 0 7
1 0 0 9
1 0 0 9
1 0 0 9
1 0 0 9
1 0 0 9
1 0 0 9
1 0 0 10
1 0 0 10
1 0 0 10
1 0 0 10
1 0 0 10
1 0 0 10
1 0 0 10
1 0 0 10
1 0 0 10
1 0 0 1
1 0 0 11
1 0 0 12
1 0 0 13
1 0 0 13
1 0 0 13
1 0 0 13
1 0 0 13
1 0 0 13
1 0 0 13
1 0 0 14
1 0 0 14
1 0 0 14
1 0 0 14
1 0 0 14
1 0 0 14
1 0 0 14
1 0 0 14
1 0 0 14
1 0 0 14
1 0 0 13
1 0 0 13
1 0 0 13
1 0 0 9
1 0 0 11
1 0 0 11
1 0 0 1
1 0 0 15
1 0 0 16
1 0 0 15
1 0 0 17
1 0 0 17
1 0 0 17
1 0 0 17
1 0 0 17
1 0 0 17
1 0 0 17
1 0 0 17
1 0 0 17
1 0 0 17
1 0 0 15
1 0 0 15
1 0 0 15
1 0 0 18
1 0 0 18
1 0 0 18
1 0 0 18
1 0 0 18
1 0 0 18
1 0 0 18
1 0 0 18
1 0 0 18
1 0 0 18
1 0 0 15
1 0 0 15
1 0 0 15
1 0 0 19
1 0 0 19
1 0 0 19
1 0 0 19
1 0 0 19
1 0 0 19
1 0 0 19
1 0 0 19
1 0 0 19
1 0 0 19
1 0 0 15
1 0 0 15
1 0 0 9
1 0 0 11
1 0 0 20
1 0 0 6
1 0 0 9
1 0 0 9
1 0 0 12
1 0 0 12
1 0 0 12
1 0 0 12
1 0 0 12
1 0 0 12
1 0 0 12
1 0 0 12
1 0 0 12
1 0 0 11
1 0 0 11
1 0 0 11
1 0 0 11
1 0 0 1
1 0 0 1
1 0 0 11
1 0 0 11
1 0 0 4
1 0 0 4
1 0 0 4
1 0 0 4
1 0 0 4
1 0 0 4
1 0 0 4
1 0 0 20
1 0 0 20
1 0 0 10
1 0 0 20
1 0 0 20
1 0 0 20
1 0 0 20
1 0 0 20
1 0 0 20
1 0 0 20
1 0 0 21
1 0 0 22
1 0 0 21
1 0 0 21
1 0 0 21
1 0 0 21
1 0 0 21
1 0 0 21
1 0 0 21
1 0 0 21
1 0 0 21
1 0 0 23
1 0 0 23
1 0 0 23
1 0 0 23
1 0 0 23
1 0 0 24
1 0 0 5
1 0 0 25
1 0 0 25
1 0 0 25
1 0 0 24
1 0 0 24
1 0 0 24
1 0 0 24
1 0 0 24
1 0 0 24
1 0 0 24
1 0 0 24
1 0 0 24
1 0 0 25
1 0 0 25
1 0 0 25
1 0 0 25
1 0 0 26
1 0 0 5
1 0 0 27
1 0 0 27
1 0 0 27
1 0 0 27
1 0 0 27
1 0 0 27
1 0 0 27
1 0 0 27
1 0 0 27
1 0 0 28
1 0 0 27
1 0 0 26
1 0 0 26
1 0 0 26
1 0 0 26
1 0 0 26
1 0 0 28
1 0 0 28
1 0 0 28
1 0 0 28
1 0 0 29
1 0 0 29
1 0 0 29
1 0 0 29
1 0 0 29
1 0 0 29
1 0 0 29
1 0 0 29
1 0 0 29
1 0 0 29
1 0 0 26
1 0 0 26
1 0 0 26
1 0 0 26
1 0 0 16
1 0 0 30
1 0 0 30
1 0 0 30
1 0 0 31
1 0 0 31
1 0 0 31
1 0 0 22
1 0 0 16
1 0 0 16
1 0 0 16
1 0 0 16
1 0 0 16
1 0 0 31
1 0 0 31
1 0 0 31
1 0 0 16
1 0 0 23
1 0 0 23
1 0 0 22
1 0 0 5
1 0 0 32
1 0 0 32
1 0 0 22
1 0 0 22
1 0 0 32
1 0 0 32
1 0 0 5
1 0 0 5
1 0 0 5
1 0 0 28
1 0 0 28
1 0 0 28
1 0 0 28
1 0 0 28
1 0 0 30
1 0 0 30
1 0 0 30
1 0 0 33
1 0 0 33
1 0 0 33
1 0 0 22
1 0 0 33
1 0 0 33
1 0 0 33
1 0 0 33
1 0 0 33
1 0 0 33
1 0 0 33
1 0 0 22
1 0 0 22
1 0 0 34
1 0 0 34
1 0 0 34
1 0 0 34
1 0 0 34
1 0 0 34
1 0 0 34
1 0 0 34
1 0 0 34
1 0 0 34
1 0 0 22
1 0 0 30
1 0 0 22
1 0 0 16
1 0 0 16
1 0 0 23
1 0 0 23
1 0 0 23
1 0 0 30
1 0 0 30
1 0 0 30
1 0 0 32
1 0 0 32
1 0 0 32
1 0 0 32
1 0 0 25
1 0 0 25
1 0 0 25
1 0 0 32
1 0 0 32
1 0 0 31
1 0 0 31
1 0 0 31
1 0 0 31
0.1 3 4 -1
0.1 2 341 -1
0.1 342 5 -1
0.1 8 9 -1
0.1 7 344 -1
0.1 6 345 -1
0.1 10 11 -1
0.1 346 347 -1
0.1 343 348 -1
0.1 349 12 -1
0.1 350 13 -1
0.1 14 15 -1
0.1 351 352 -1
0.1 17 18 -1
0.1 19 20 -1
0.1 355 21 -1
0.1 354 356 -1
0.1 16 357 -1
0.1 24 25 -1
0.1 359 26 -1
0.1 28 29 -1
0.1 27 361 -1
0.1 360 362 -1
0.1 23 363 -1
0.1 22 364 -1
0.1 31 32 -1
0.1 33 34 -1
0.1 35 36 -1
0.1 367 368 -1
0.1 366 369 -1
0.1 38 39 -1
0.1 37 371 -1
0.1 370 372 -1
0.1 30 373 -1
0.1 374 40 -1
0.1 365 375 -1
0.1 41 42 -1
0.1 44 45 -1
0.1 378 46 -1
0.1 50 51 -1
0.1 380 52 -1
0.1 381 53 -1
0.1 49 382 -1
0.1 48 383 -1
0.1 47 384 -1
0.1 379 385 -1
0.1 386 54 -1
0.1 387 55 -1
0.1 43 388 -1
0.1 57 58 -1
0.1 390 59 -1
0.1 56 391 -1
0.1 392 60 -1
0.1 389 393 -1
0.1 61 62 -1
0.1 394 395 -1
0.1 63 64 -1
0.1 66 67 -1
0.1 398 68 -1
0.1 65 399 -1
0.1 397 400 -1
0.1 396 401 -1
0.1 377 402 -1
0.1 70 71 -1
0.1 72 73 -1
0.1 405 74 -1
0.1 404 406 -1
0.1 76 77 -1
0.1 75 408 -1
0.1 407 409 -1
0.1 69 410 -1
0.1 403 411 -1
0.1 376 412 -1
0.1 358 413 -1
0.1 414 78 -1
0.1 81 82 -1
0.1 416 83 -1
0.1 417 84 -1
0.1 418 85 -1
0.1 419 86 -1
0.1 90 91 -1
0.1 89 421 -1
0.1 92 93 -1
0.1 422 423 -1
0.1 88 424 -1
0.1 425 94 -1
0.1 95 96 -1
0.1 427 97 -1
0.1 426 428 -1
0.1 87 429 -1
0.1 430 98 -1
0.1 431 99 -1
0.1 432 100 -1
0.1 420 433 -1
0.1 80 434 -1
0.1 101 102 -1
0.1 435 436 -1
0.1 437 103 -1
0.1 106 107 -1
0.1 109 110 -1
0.1 111 112 -1
0.1 115 116 -1
0.1 114 442 -1
0.1 113 443 -1
0.1 441 444 -1
0.1 440 445 -1
0.1 108 446 -1
0.1 447 117 -1
0.1 118 119 -1
0.1 448 449 -1
0.1 439 450 -1
0.1 121 122 -1
0.1 123 124 -1
0.1 453 125 -1
0.1 454 126 -1
0.1 128 129 -1
0.1 127 456 -1
0.1 455 457 -1
0.1 458 130 -1
0.1 452 459 -1
0.1 120 460 -1
0.1 451 461 -1
0.1 105 462 -1
0.1 132 133 -1
0.1 131 464 -1
0.1 136 137 -1
0.1 140 141 -1
0.1 139 467 -1
0.1 138 468 -1
0.1 466 469 -1
0.1 135 470 -1
0.1 471 142 -1
0.1 472 143 -1
0.1 134 473 -1
0.1 144 145 -1
0.1 474 475 -1
0.1 465 476 -1
0.1 463 477 -1
0.1 146 147 -1
0.1 478 479 -1
0.1 149 150 -1
0.1 148 481 -1
0.1 155 156 -1
0.1 483 157 -1
0.1 154 484 -1
0.1 153 485 -1
0.1 486 158 -1
0.1 487 159 -1
0.1 152 488 -1
0.1 489 160 -1
0.1 151 490 -1
0.1 482 491 -1
0.1 492 161 -1
0.1 163 164 -1
0.1 162 494 -1
0.1 493 495 -1
0.1 480 496 -1
0.1 104 497 -1
0.1 438 498 -1
0.1 165 166 -1
0.1 500 167 -1
0.1 499 501 -1
0.1 502 168 -1
0.1 79 503 -1
0.1 415 504 -1
0.1 353 505 -1
0.1 170 171 -1
0.1 507 172 -1
0.1 169 508 -1
0.1 173 174 -1
0.1 509 510 -1
0.1 511 175 -1
0.1 179 180 -1
0.1 178 513 -1
0.1 177 514 -1
0.1 176 515 -1
0.1 512 516 -1
0.1 506 517 -1
0.1 1 518 -1
0.1 183 184 -1
0.1 520 185 -1
0.1 182 521 -1
0.1 181 522 -1
0.1 519 523 -1
0.1 186 187 -1
0.1 188 189 -1
0.1 191 192 -1
0.1 190 527 -1
0.1 528 193 -1
0.1 526 529 -1
0.1 525 530 -1
0.1 194 195 -1
0.1 532 196 -1
0.1 531 533 -1
0.1 198 199 -1
0.1 535 200 -1
0.1 197 536 -1
0.1 537 201 -1
0.1 534 538 -1
0.1 524 539 -1
0.1 204 205 -1
0.1 541 206 -1
0.1 203 542 -1
0.1 202 543 -1
0.1 207 208 -1
0.1 210 211 -1
0.1 212 213 -1
0.1 214 215 -1
0.1 547 548 -1
0.1 546 549 -1
0.1 209 550 -1
0.1 545 551 -1
0.1 544 552 -1
0.1 216 217 -1
0.1 218 219 -1
0.1 554 555 -1
0.1 553 556 -1
0.1 557 220 -1
0.1 222 223 -1
0.1 559 224 -1
0.1 229 230 -1
0.1 228 561 -1
0.1 227 562 -1
0.1 231 232 -1
0.1 563 564 -1
0.1 226 565 -1
0.1 225 566 -1
0.1 560 567 -1
0.1 221 568 -1
0.1 233 234 -1
0.1 236 237 -1
0.1 235 571 -1
0.1 570 572 -1
0.1 569 573 -1
0.1 238 239 -1
0.1 240 241 -1
0.1 575 576 -1
0.1 245 246 -1
0.1 244 578 -1
0.1 243 579 -1
0.1 247 248 -1
0.1 580 581 -1
0.1 582 249 -1
0.1 242 583 -1
0.1 250 251 -1
0.1 584 585 -1
0.1 586 252 -1
0.1 577 587 -1
0.1 253 254 -1
0.1 588 589 -1
0.1 590 255 -1
0.1 574 591 -1
0.1 558 592 -1
0.1 256 257 -1
0.1 258 259 -1
0.1 260 261 -1
0.1 595 596 -1
0.1 266 267 -1
0.1 265 598 -1
0.1 264 599 -1
0.1 600 268 -1
0.1 263 601 -1
0.1 262 602 -1
0.1 270 271 -1
0.1 269 604 -1
0.1 603 605 -1
0.1 273 274 -1
0.1 607 275 -1
0.1 272 608 -1
0.1 279 280 -1
0.1 610 281 -1
0.1 278 611 -1
0.1 277 612 -1
0.1 613 282 -1
0.1 614 283 -1
0.1 276 615 -1
0.1 284 285 -1
0.1 616 617 -1
0.1 609 618 -1
0.1 289 290 -1
0.1 288 620 -1
0.1 287 621 -1
0.1 286 622 -1
0.1 619 623 -1
0.1 292 293 -1
0.1 291 625 -1
0.1 295 296 -1
0.1 294 627 -1
0.1 300 301 -1
0.1 299 629 -1
0.1 298 630 -1
0.1 303 304 -1
0.1 302 632 -1
0.1 631 633 -1
0.1 297 634 -1
0.1 628 635 -1
0.1 307 308 -1
0.1 637 309 -1
0.1 638 310 -1
0.1 311 312 -1
0.1 313 314 -1
0.1 315 316 -1
0.1 641 642 -1
0.1 640 643 -1
0.1 639 644 -1
0.1 306 645 -1
0.1 646 317 -1
0.1 305 647 -1
0.1 636 648 -1
0.1 649 318 -1
0.1 626 650 -1
0.1 624 651 -1
0.1 319 320 -1
0.1 653 321 -1
0.1 322 323 -1
0.1 655 324 -1
0.1 656 325 -1
0.1 654 657 -1
0.1 326 327 -1
0.1 658 659 -1
0.1 329 330 -1
0.1 328 661 -1
0.1 333 334 -1
0.1 332 663 -1
0.1 335 336 -1
0.1 664 665 -1
0.1 331 666 -1
0.1 662 667 -1
0.1 660 668 -1
0.1 652 669 -1
0.1 670 337 -1
0.1 671 338 -1
0.1 606 672 -1
0.1 597 673 -1
0.1 674 339 -1
0.1 675 340 -1
0.1 594 676 -1
0.1 593 677 -1
0.1 540 678 -1
