1 0 0 1
1 0 0 1
1 0 0 1
1 0 0 1
1 0 0 1
1 0 0 1
1 0 0 1
1 0 0 1
1 0 0 1
1 0 0 1
1 0 0 2
1 0 0 2
1 0 0 2
1 0 0 2
1 0 0 2
1 0 0 2
1 0 0 2
1 0 0 3
1 0 0 2
1 0 0 2
1 0 0 4
1 0 0 4
1 0 0 4
1 0 0 4
1 0 0 5
1 0 0 5
1 0 0 5
1 0 0 5
1 0 0 5
1 0 0 5
1 0 0 5
1 0 0 5
1 0 0 5
1 0 0 5
1 0 0 6
1 0 0 6
1 0 0 4
1 0 0 7
1 0 0 2
1 0 0 7
1 0 0 8
1 0 0 8
1 0 0 8
1 0 0 8
1 0 0 8
1 0 0 8
1 0 0 8
1 0 0 8
1 0 0 8
1 0 0 8
1 0 0 3
1 0 0 9
1 0 0 3
1 0 0 3
1 0 0 7
1 0 0 7
1 0 0 4
1 0 0 10
1 0 0 10
1 0 0 10
1 0 0 10
1 0 0 10
1 0 0 10
1 0 0 10
1 0 0 10
1 0 0 10
1 0 0 10
1 0 0 4
1 0 0 4
1 0 0 4
1 0 0 4
1 0 0 3
1 0 0 6
1 0 0 6
1 0 0 6
1 0 0 6
1 0 0 6
1 0 0 6
1 0 0 6
1 0 0 11
1 0 0 11
1 0 0 11
1 0 0 11
1 0 0 11
1 0 0 11
1 0 0 3
1 0 0 3
1 0 0 12
1 0 0 12
1 0 0 12
1 0 0 12
1 0 0 12
1 0 0 12
1 0 0 12
1 0 0 12
1 0 0 12
1 0 0 7
1 0 0 7
1 0 0 13
1 0 0 13
1 0 0 13
1 0 0 13
1 0 0 13
1 0 0 13
1 0 0 14
1 0 0 14
1 0 0 14
1 0 0 14
1 0 0 14
1 0 0 14
1 0 0 14
1 0 0 14
1 0 0 14
1 0 0 14
1 0 0 13
1 0 0 15
1 0 0 15
1 0 0 15
1 0 0 15
1 0 0 15
1 0 0 15
1 0 0 15
1 0 0 15
1 0 0 15
1 0 0 15
1 0 0 7
1 0 0 3
1 0 0 3
1 0 0 16
1 0 0 16
1 0 0 16
1 0 0 16
1 0 0 16
1 0 0 16
1 0 0 16
1 0 0 16
1 0 0 16
1 0 0 16
1 0 0 9
1 0 0 9
1 0 0 17
1 0 0 17
1 0 0 17
1 0 0 17
1 0 0 17
1 0 0 17
1 0 0 17
1 0 0 17
1 0 0 17
1 0 0 17
1 0 0 18
1 0 0 19
1 0 0 19
1 0 0 19
1 0 0 19
1 0 0 19
1 0 0 19
1 0 0 9
1 0 0 9
1 0 0 9
1 0 0 18
1 0 0 18
1 0 0 9
1 0 0 20
1 0 0 20
1 0 0 21
1 0 0 20
1 0 0 20
1 0 0 22
1 0 0 22
1 0 0 22
1 0 0 22
1 0 0 22
1 0 0 22
1 0 0 22
1 0 0 22
1 0 0 22
1 0 0 20
1 0 0 20
1 0 0 20
1 0 0 20
1 0 0 20
1 0 0 23
1 0 0 21
1 0 0 22
1 0 0 23
1 0 0 23
1 0 0 23
1 0 0 23
1 0 0 23
1 0 0 23
1 0 0 23
1 0 0 24
1 0 0 24
1 0 0 24
1 0 0 24
1 0 0 24
1 0 0 24
1 0 0 24
1 0 0 24
1 0 0 24
1 0 0 24
1 0 0 23
1 0 0 23
1 0 0 25
1 0 0 26
1 0 0 26
1 0 0 26
1 0 0 26
1 0 0 26
1 0 0 26
1 0 0 26
1 0 0 26
1 0 0 26
1 0 0 26
1 0 0 21
1 0 0 25
1 0 0 25
1 0 0 25
1 0 0 25
1 0 0 25
1 0 0 25
1 0 0 27
1 0 0 27
1 0 0 27
1 0 0 27
1 0 0 27
1 0 0 27
1 0 0 27
1 0 0 27
1 0 0 27
1 0 0 27
1 0 0 25
1 0 0 28
1 0 0 28
1 0 0 28
1 0 0 28
1 0 0 28
1 0 0 28
1 0 0 28
1 0 0 28
1 0 0 28
1 0 0 28
1 0 0 25
1 0 0 25
1 0 0 20
1 0 0 21
1 0 0 12
1 0 0 19
1 0 0 29
1 0 0 29
1 0 0 11
1 0 0 11
1 0 0 11
1 0 0 29
1 0 0 29
1 0 0 29
1 0 0 29
1 0 0 29
1 0 0 29
1 0 0 19
1 0 0 19
1 0 0 19
1 0 0 9
1 0 0 9
1 0 0 30
1 0 0 30
1 0 0 30
1 0 0 30
1 0 0 11
1 0 0 30
1 0 0 30
1 0 0 18
1 0 0 18
1 0 0 18
1 0 0 18
1 0 0 18
1 0 0 18
1 0 0 29
1 0 0 29
1 0 0 21
1 0 0 21
1 0 0 21
1 0 0 21
1 0 0 21
1 0 0 21
1 0 0 3
1 0 0 9
1 0 0 31
1 0 0 31
1 0 0 13
1 0 0 30
1 0 0 30
1 0 0 31
1 0 0 31
1 0 0 31
1 0 0 31
1 0 0 31
1 0 0 31
1 0 0 31
1 0 0 31
1 0 0 13
1 0 0 13
1 0 0 32
1 0 0 32
1 0 0 32
1 0 0 32
1 0 0 33
1 0 0 33
1 0 0 33
1 0 0 30
1 0 0 30
1 0 0 18
1 0 0 32
1 0 0 32
1 0 0 33
1 0 0 7
1 0 0 7
1 0 0 7
1 0 0 33
1 0 0 6
1 0 0 34
1 0 0 34
1 0 0 34
1 0 0 34
1 0 0 34
1 0 0 34
1 0 0 34
1 0 0 34
1 0 0 34
1 0 0 34
1 0 0 33
1 0 0 33
1 0 0 33
1 0 0 33
1 0 0 33
1 0 0 32
1 0 0 32
1 0 0 32
1 0 0 32
0.1 1 2 -1
0.1 341 3 -1
0.1 4 5 -1
0.1 7 8 -1
0.1 6 344 -1
0.1 9 10 -1
0.1 345 346 -1
0.1 343 347 -1
0.1 342 348 -1
0.1 11 12 -1
0.1 14 15 -1
0.1 16 17 -1
0.1 351 352 -1
0.1 13 353 -1
0.1 350 354 -1
0.1 355 18 -1
0.1 356 19 -1
0.1 357 20 -1
0.1 349 358 -1
0.1 21 22 -1
0.1 23 24 -1
0.1 360 361 -1
0.1 26 27 -1
0.1 28 29 -1
0.1 363 364 -1
0.1 30 31 -1
0.1 365 366 -1
0.1 25 367 -1
0.1 368 32 -1
0.1 33 34 -1
0.1 369 370 -1
0.1 362 371 -1
0.1 35 36 -1
0.1 373 37 -1
0.1 38 39 -1
0.1 375 40 -1
0.1 374 376 -1
0.1 372 377 -1
0.1 359 378 -1
0.1 43 44 -1
0.1 42 380 -1
0.1 41 381 -1
0.1 48 49 -1
0.1 47 383 -1
0.1 46 384 -1
0.1 385 50 -1
0.1 45 386 -1
0.1 382 387 -1
0.1 379 388 -1
0.1 52 53 -1
0.1 390 54 -1
0.1 55 56 -1
0.1 59 60 -1
0.1 58 393 -1
0.1 61 62 -1
0.1 395 63 -1
0.1 65 66 -1
0.1 64 397 -1
0.1 396 398 -1
0.1 394 399 -1
0.1 400 67 -1
0.1 69 70 -1
0.1 68 402 -1
0.1 403 71 -1
0.1 401 404 -1
0.1 57 405 -1
0.1 74 75 -1
0.1 407 76 -1
0.1 77 78 -1
0.1 408 409 -1
0.1 73 410 -1
0.1 411 79 -1
0.1 80 81 -1
0.1 413 82 -1
0.1 83 84 -1
0.1 415 85 -1
0.1 414 416 -1
0.1 412 417 -1
0.1 72 418 -1
0.1 406 419 -1
0.1 392 420 -1
0.1 391 421 -1
0.1 422 86 -1
0.1 51 423 -1
0.1 89 90 -1
0.1 88 425 -1
0.1 91 92 -1
0.1 93 94 -1
0.1 427 428 -1
0.1 426 429 -1
0.1 95 96 -1
0.1 430 431 -1
0.1 87 432 -1
0.1 97 98 -1
0.1 433 434 -1
0.1 435 99 -1
0.1 103 104 -1
0.1 102 437 -1
0.1 107 108 -1
0.1 106 439 -1
0.1 109 110 -1
0.1 441 111 -1
0.1 112 113 -1
0.1 443 114 -1
0.1 442 444 -1
0.1 440 445 -1
0.1 105 446 -1
0.1 438 447 -1
0.1 101 448 -1
0.1 100 449 -1
0.1 121 122 -1
0.1 123 124 -1
0.1 451 452 -1
0.1 120 453 -1
0.1 119 454 -1
0.1 118 455 -1
0.1 456 125 -1
0.1 117 457 -1
0.1 116 458 -1
0.1 115 459 -1
0.1 450 460 -1
0.1 436 461 -1
0.1 424 462 -1
0.1 126 127 -1
0.1 464 128 -1
0.1 463 465 -1
0.1 389 466 -1
0.1 129 130 -1
0.1 133 134 -1
0.1 132 469 -1
0.1 131 470 -1
0.1 471 135 -1
0.1 468 472 -1
0.1 136 137 -1
0.1 474 138 -1
0.1 473 475 -1
0.1 139 140 -1
0.1 146 147 -1
0.1 145 478 -1
0.1 144 479 -1
0.1 480 148 -1
0.1 143 481 -1
0.1 142 482 -1
0.1 483 149 -1
0.1 484 150 -1
0.1 141 485 -1
0.1 486 151 -1
0.1 155 156 -1
0.1 154 488 -1
0.1 489 157 -1
0.1 153 490 -1
0.1 152 491 -1
0.1 487 492 -1
0.1 477 493 -1
0.1 476 494 -1
0.1 158 159 -1
0.1 161 162 -1
0.1 160 497 -1
0.1 496 498 -1
0.1 164 165 -1
0.1 166 167 -1
0.1 169 170 -1
0.1 502 171 -1
0.1 174 175 -1
0.1 504 176 -1
0.1 173 505 -1
0.1 172 506 -1
0.1 503 507 -1
0.1 508 177 -1
0.1 509 178 -1
0.1 510 179 -1
0.1 511 180 -1
0.1 168 512 -1
0.1 501 513 -1
0.1 184 185 -1
0.1 186 187 -1
0.1 516 188 -1
0.1 189 190 -1
0.1 518 191 -1
0.1 519 192 -1
0.1 517 520 -1
0.1 515 521 -1
0.1 183 522 -1
0.1 194 195 -1
0.1 193 524 -1
0.1 198 199 -1
0.1 197 526 -1
0.1 527 200 -1
0.1 196 528 -1
0.1 529 201 -1
0.1 525 530 -1
0.1 531 202 -1
0.1 203 204 -1
0.1 532 533 -1
0.1 523 534 -1
0.1 182 535 -1
0.1 181 536 -1
0.1 514 537 -1
0.1 500 538 -1
0.1 209 210 -1
0.1 208 540 -1
0.1 541 211 -1
0.1 542 212 -1
0.1 543 213 -1
0.1 207 544 -1
0.1 545 214 -1
0.1 546 215 -1
0.1 206 547 -1
0.1 205 548 -1
0.1 216 217 -1
0.1 549 550 -1
0.1 218 219 -1
0.1 552 220 -1
0.1 228 229 -1
0.1 227 554 -1
0.1 226 555 -1
0.1 230 231 -1
0.1 556 557 -1
0.1 225 558 -1
0.1 224 559 -1
0.1 560 232 -1
0.1 223 561 -1
0.1 222 562 -1
0.1 221 563 -1
0.1 238 239 -1
0.1 237 565 -1
0.1 236 566 -1
0.1 567 240 -1
0.1 568 241 -1
0.1 235 569 -1
0.1 570 242 -1
0.1 571 243 -1
0.1 234 572 -1
0.1 233 573 -1
0.1 574 244 -1
0.1 564 575 -1
0.1 576 245 -1
0.1 553 577 -1
0.1 551 578 -1
0.1 539 579 -1
0.1 580 246 -1
0.1 163 581 -1
0.1 247 248 -1
0.1 583 249 -1
0.1 253 254 -1
0.1 252 585 -1
0.1 257 258 -1
0.1 256 587 -1
0.1 255 588 -1
0.1 589 259 -1
0.1 586 590 -1
0.1 591 260 -1
0.1 251 592 -1
0.1 250 593 -1
0.1 261 262 -1
0.1 594 595 -1
0.1 596 263 -1
0.1 597 264 -1
0.1 584 598 -1
0.1 268 269 -1
0.1 267 600 -1
0.1 270 271 -1
0.1 601 602 -1
0.1 603 272 -1
0.1 266 604 -1
0.1 274 275 -1
0.1 273 606 -1
0.1 277 278 -1
0.1 276 608 -1
0.1 607 609 -1
0.1 605 610 -1
0.1 279 280 -1
0.1 611 612 -1
0.1 265 613 -1
0.1 599 614 -1
0.1 582 615 -1
0.1 499 616 -1
0.1 495 617 -1
0.1 284 285 -1
0.1 619 286 -1
0.1 283 620 -1
0.1 282 621 -1
0.1 281 622 -1
0.1 623 287 -1
0.1 624 288 -1
0.1 618 625 -1
0.1 289 290 -1
0.1 292 293 -1
0.1 291 628 -1
0.1 294 295 -1
0.1 296 297 -1
0.1 630 631 -1
0.1 632 298 -1
0.1 300 301 -1
0.1 299 634 -1
0.1 633 635 -1
0.1 629 636 -1
0.1 627 637 -1
0.1 302 303 -1
0.1 638 639 -1
0.1 640 304 -1
0.1 306 307 -1
0.1 308 309 -1
0.1 311 312 -1
0.1 310 644 -1
0.1 643 645 -1
0.1 646 313 -1
0.1 647 314 -1
0.1 317 318 -1
0.1 649 319 -1
0.1 316 650 -1
0.1 315 651 -1
0.1 648 652 -1
0.1 320 321 -1
0.1 324 325 -1
0.1 327 328 -1
0.1 326 656 -1
0.1 329 330 -1
0.1 658 331 -1
0.1 657 659 -1
0.1 655 660 -1
0.1 323 661 -1
0.1 322 662 -1
0.1 334 335 -1
0.1 333 664 -1
0.1 332 665 -1
0.1 663 666 -1
0.1 654 667 -1
0.1 668 336 -1
0.1 338 339 -1
0.1 337 670 -1
0.1 669 671 -1
0.1 672 340 -1
0.1 653 673 -1
0.1 642 674 -1
0.1 305 675 -1
0.1 641 676 -1
0.1 626 677 -1
0.1 467 678 -1
