1 0 0 1
1 0 0 1
1 0 0 1
1 0 0 1
1 0 0 2
1 0 0 2
1 0 0 2
1 0 0 3
1 0 0 3
1 0 0 3
1 0 0 3
1 0 0 4
1 0 0 5
1 0 0 4
1 0 0 2
1 0 0 2
1 0 0 2
1 0 0 5
1 0 0 6
1 0 0 6
1 0 0 6
1 0 0 6
1 0 0 6
1 0 0 6
1 0 0 7
1 0 0 7
1 0 0 7
1 0 0 7
1 0 0 7
1 0 0 6
1 0 0 6
1 0 0 3
1 0 0 3
1 0 0 6
1 0 0 7
1 0 0 7
1 0 0 7
1 0 0 8
1 0 0 8
1 0 0 8
1 0 0 8
1 0 0 8
1 0 0 8
1 0 0 8
1 0 0 8
1 0 0 8
1 0 0 8
1 0 0 5
1 0 0 5
1 0 0 5
1 0 0 7
1 0 0 7
1 0 0 5
1 0 0 6
1 0 0 5
1 0 0 5
1 0 0 5
1 0 0 9
1 0 0 9
1 0 0 9
1 0 0 9
1 0 0 9
1 0 0 9
1 0 0 9
1 0 0 9
1 0 0 9
1 0 0 9
1 0 0 4
1 0 0 4
1 0 0 4
1 0 0 4
1 0 0 4
1 0 0 3
1 0 0 4
1 0 0 4
1 0 0 2
1 0 0 2
1 0 0 2
1 0 0 2
1 0 0 4
1 0 0 5
1 0 0 10
1 0 0 10
1 0 0 10
1 0 0 10
1 0 0 11
1 0 0 12
1 0 0 12
1 0 0 12
1 0 0 13
1 0 0 13
1 0 0 13
1 0 0 13
1 0 0 13
1 0 0 13
1 0 0 13
1 0 0 13
1 0 0 13
1 0 0 13
1 0 0 12
1 0 0 12
1 0 0 14
1 0 0 14
1 0 0 14
1 0 0 14
1 0 0 14
1 0 0 14
1 0 0 14
1 0 0 14
1 0 0 14
1 0 0 14
1 0 0 12
1 0 0 15
1 0 0 15
1 0 0 15
1 0 0 15
1 0 0 15
1 0 0 15
1 0 0 15
1 0 0 15
1 0 0 15
1 0 0 15
1 0 0 12
1 0 0 12
1 0 0 12
1 0 0 12
1 0 0 11
1 0 0 10
1 0 0 10
1 0 0 10
1 0 0 10
1 0 0 10
1 0 0 11
1 0 0 11
1 0 0 11
1 0 0 10
1 0 0 11
1 0 0 16
1 0 0 16
1 0 0 16
1 0 0 16
1 0 0 16
1 0 0 17
1 0 0 17
1 0 0 17
1 0 0 17
1 0 0 17
1 0 0 17
1 0 0 17
1 0 0 17
1 0 0 17
1 0 0 17
1 0 0 16
1 0 0 16
1 0 0 16
1 0 0 16
1 0 0 16
1 0 0 11
1 0 0 18
1 0 0 18
1 0 0 18
1 0 0 18
1 0 0 18
1 0 0 18
1 0 0 18
1 0 0 18
1 0 0 18
1 0 0 18
1 0 0 11
1 0 0 11
1 0 0 11
1 0 0 1
1 0 0 1
1 0 0 1
1 0 0 19
1 0 0 19
1 0 0 19
1 0 0 19
1 0 0 19
1 0 0 19
1 0 0 19
1 0 0 19
1 0 0 19
1 0 0 19
1 0 0 1
1 0 0 3
1 0 0 3
1 0 0 3
1 0 0 20
1 0 0 20
1 0 0 20
1 0 0 20
1 0 0 20
1 0 0 20
1 0 0 20
1 0 0 21
1 0 0 21
1 0 0 21
1 0 0 21
1 0 0 21
1 0 0 21
1 0 0 21
1 0 0 21
1 0 0 21
1 0 0 21
1 0 0 22
1 0 0 22
1 0 0 23
1 0 0 23
1 0 0 23
1 0 0 23
1 0 0 24
1 0 0 24
1 0 0 24
1 0 0 24
1 0 0 24
1 0 0 24
1 0 0 24
1 0 0 24
1 0 0 25
1 0 0 25
1 0 0 25
1 0 0 25
1 0 0 25
1 0 0 24
1 0 0 24
1 0 0 23
1 0 0 22
1 0 0 22
1 0 0 26
1 0 0 26
1 0 0 26
1 0 0 26
1 0 0 26
1 0 0 26
1 0 0 26
1 0 0 26
1 0 0 26
1 0 0 26
1 0 0 22
1 0 0 25
1 0 0 25
1 0 0 25
1 0 0 22
1 0 0 22
1 0 0 20
1 0 0 25
1 0 0 25
1 0 0 20
1 0 0 20
1 0 0 27
1 0 0 27
1 0 0 22
1 0 0 22
1 0 0 22
1 0 0 23
1 0 0 23
1 0 0 23
1 0 0 23
1 0 0 23
1 0 0 27
1 0 0 27
1 0 0 27
1 0 0 27
1 0 0 27
1 0 0 27
1 0 0 27
1 0 0 27
1 0 0 28
1 0 0 28
1 0 0 28
1 0 0 28
1 0 0 28
1 0 0 1
1 0 0 29
1 0 0 29
1 0 0 29
1 0 0 29
1 0 0 29
1 0 0 29
1 0 0 29
1 0 0 29
1 0 0 29
1 0 0 29
1 0 0 30
1 0 0 30
1 0 0 30
1 0 0 30
1 0 0 30
1 0 0 30
1 0 0 30
1 0 0 30
1 0 0 30
1 0 0 30
1 0 0 31
1 0 0 31
1 0 0 31
1 0 0 31
1 0 0 31
1 0 0 31
1 0 0 31
1 0 0 31
1 0 0 31
1 0 0 31
1 0 0 1
1 0 0 32
1 0 0 33
1 0 0 33
1 0 0 33
1 0 0 33
1 0 0 33
1 0 0 33
1 0 0 33
1 0 0 33
1 0 0 33
1 0 0 33
1 0 0 32
1 0 0 32
1 0 0 32
1 0 0 32
1 0 0 32
1 0 0 34
1 0 0 34
1 0 0 34
1 0 0 34
1 0 0 34
1 0 0 34
1 0 0 34
1 0 0 34
1 0 0 34
1 0 0 34
1 0 0 32
1 0 0 28
1 0 0 28
1 0 0 28
1 0 0 28
1 0 0 32
1 0 0 28
1 0 0 32
1 0 0 32
0.1 2 3 -1
0.1 341 4 -1
0.1 1 342 -1
0.1 5 6 -1
0.1 344 7 -1
0.1 8 9 -1
0.1 345 346 -1
0.1 10 11 -1
0.1 348 12 -1
0.1 347 349 -1
0.1 350 13 -1
0.1 14 15 -1
0.1 16 17 -1
0.1 20 21 -1
0.1 19 354 -1
0.1 355 22 -1
0.1 356 23 -1
0.1 357 24 -1
0.1 25 26 -1
0.1 28 29 -1
0.1 27 360 -1
0.1 359 361 -1
0.1 30 31 -1
0.1 32 33 -1
0.1 364 34 -1
0.1 363 365 -1
0.1 366 35 -1
0.1 36 37 -1
0.1 367 368 -1
0.1 362 369 -1
0.1 358 370 -1
0.1 40 41 -1
0.1 372 42 -1
0.1 373 43 -1
0.1 39 374 -1
0.1 38 375 -1
0.1 45 46 -1
0.1 377 47 -1
0.1 44 378 -1
0.1 376 379 -1
0.1 380 48 -1
0.1 371 381 -1
0.1 51 52 -1
0.1 383 53 -1
0.1 50 384 -1
0.1 49 385 -1
0.1 54 55 -1
0.1 56 57 -1
0.1 58 59 -1
0.1 389 60 -1
0.1 62 63 -1
0.1 66 67 -1
0.1 65 392 -1
0.1 64 393 -1
0.1 391 394 -1
0.1 61 395 -1
0.1 390 396 -1
0.1 388 397 -1
0.1 71 72 -1
0.1 70 399 -1
0.1 69 400 -1
0.1 74 75 -1
0.1 73 402 -1
0.1 401 403 -1
0.1 77 78 -1
0.1 405 79 -1
0.1 76 406 -1
0.1 404 407 -1
0.1 68 408 -1
0.1 80 81 -1
0.1 409 410 -1
0.1 83 84 -1
0.1 412 85 -1
0.1 82 413 -1
0.1 414 86 -1
0.1 88 89 -1
0.1 87 416 -1
0.1 91 92 -1
0.1 93 94 -1
0.1 419 95 -1
0.1 420 96 -1
0.1 418 421 -1
0.1 422 97 -1
0.1 423 98 -1
0.1 424 99 -1
0.1 90 425 -1
0.1 426 100 -1
0.1 417 427 -1
0.1 428 101 -1
0.1 103 104 -1
0.1 107 108 -1
0.1 106 431 -1
0.1 105 432 -1
0.1 433 109 -1
0.1 430 434 -1
0.1 102 435 -1
0.1 110 111 -1
0.1 436 437 -1
0.1 116 117 -1
0.1 119 120 -1
0.1 118 440 -1
0.1 441 121 -1
0.1 439 442 -1
0.1 115 443 -1
0.1 444 122 -1
0.1 114 445 -1
0.1 113 446 -1
0.1 112 447 -1
0.1 124 125 -1
0.1 123 449 -1
0.1 450 126 -1
0.1 448 451 -1
0.1 438 452 -1
0.1 429 453 -1
0.1 129 130 -1
0.1 128 455 -1
0.1 131 132 -1
0.1 456 457 -1
0.1 458 133 -1
0.1 127 459 -1
0.1 454 460 -1
0.1 134 135 -1
0.1 461 462 -1
0.1 136 137 -1
0.1 463 464 -1
0.1 140 141 -1
0.1 466 142 -1
0.1 139 467 -1
0.1 138 468 -1
0.1 143 144 -1
0.1 146 147 -1
0.1 145 471 -1
0.1 150 151 -1
0.1 149 473 -1
0.1 474 152 -1
0.1 148 475 -1
0.1 472 476 -1
0.1 470 477 -1
0.1 469 478 -1
0.1 156 157 -1
0.1 155 480 -1
0.1 154 481 -1
0.1 153 482 -1
0.1 479 483 -1
0.1 484 158 -1
0.1 160 161 -1
0.1 486 162 -1
0.1 163 164 -1
0.1 487 488 -1
0.1 159 489 -1
0.1 165 166 -1
0.1 491 167 -1
0.1 492 168 -1
0.1 490 493 -1
0.1 494 169 -1
0.1 485 495 -1
0.1 465 496 -1
0.1 170 171 -1
0.1 497 498 -1
0.1 415 499 -1
0.1 411 500 -1
0.1 398 501 -1
0.1 387 502 -1
0.1 386 503 -1
0.1 382 504 -1
0.1 18 505 -1
0.1 353 506 -1
0.1 352 507 -1
0.1 351 508 -1
0.1 509 172 -1
0.1 176 177 -1
0.1 175 511 -1
0.1 178 179 -1
0.1 512 513 -1
0.1 181 182 -1
0.1 183 184 -1
0.1 515 516 -1
0.1 180 517 -1
0.1 514 518 -1
0.1 174 519 -1
0.1 173 520 -1
0.1 521 185 -1
0.1 510 522 -1
0.1 187 188 -1
0.1 186 524 -1
0.1 523 525 -1
0.1 343 526 -1
0.1 189 190 -1
0.1 193 194 -1
0.1 529 195 -1
0.1 192 530 -1
0.1 191 531 -1
0.1 528 532 -1
0.1 196 197 -1
0.1 198 199 -1
0.1 200 201 -1
0.1 202 203 -1
0.1 204 205 -1
0.1 537 538 -1
0.1 536 539 -1
0.1 535 540 -1
0.1 534 541 -1
0.1 542 206 -1
0.1 543 207 -1
0.1 544 208 -1
0.1 209 210 -1
0.1 545 546 -1
0.1 213 214 -1
0.1 217 218 -1
0.1 216 549 -1
0.1 550 219 -1
0.1 215 551 -1
0.1 221 222 -1
0.1 223 224 -1
0.1 553 554 -1
0.1 220 555 -1
0.1 225 226 -1
0.1 556 557 -1
0.1 552 558 -1
0.1 548 559 -1
0.1 212 560 -1
0.1 561 227 -1
0.1 232 233 -1
0.1 235 236 -1
0.1 234 564 -1
0.1 565 237 -1
0.1 563 566 -1
0.1 567 238 -1
0.1 568 239 -1
0.1 231 569 -1
0.1 230 570 -1
0.1 571 240 -1
0.1 229 572 -1
0.1 241 242 -1
0.1 574 243 -1
0.1 573 575 -1
0.1 244 245 -1
0.1 576 577 -1
0.1 228 578 -1
0.1 247 248 -1
0.1 249 250 -1
0.1 580 581 -1
0.1 251 252 -1
0.1 582 583 -1
0.1 246 584 -1
0.1 254 255 -1
0.1 253 586 -1
0.1 585 587 -1
0.1 579 588 -1
0.1 256 257 -1
0.1 589 590 -1
0.1 562 591 -1
0.1 211 592 -1
0.1 593 258 -1
0.1 594 259 -1
0.1 547 595 -1
0.1 596 260 -1
0.1 263 264 -1
0.1 598 265 -1
0.1 599 266 -1
0.1 262 600 -1
0.1 261 601 -1
0.1 267 268 -1
0.1 602 603 -1
0.1 597 604 -1
0.1 533 605 -1
0.1 271 272 -1
0.1 270 607 -1
0.1 269 608 -1
0.1 609 273 -1
0.1 277 278 -1
0.1 279 280 -1
0.1 612 281 -1
0.1 613 282 -1
0.1 611 614 -1
0.1 276 615 -1
0.1 283 284 -1
0.1 616 617 -1
0.1 275 618 -1
0.1 274 619 -1
0.1 610 620 -1
0.1 285 286 -1
0.1 287 288 -1
0.1 622 623 -1
0.1 289 290 -1
0.1 625 291 -1
0.1 293 294 -1
0.1 292 627 -1
0.1 626 628 -1
0.1 624 629 -1
0.1 621 630 -1
0.1 296 297 -1
0.1 295 632 -1
0.1 299 300 -1
0.1 298 634 -1
0.1 302 303 -1
0.1 301 636 -1
0.1 637 304 -1
0.1 635 638 -1
0.1 633 639 -1
0.1 305 306 -1
0.1 308 309 -1
0.1 314 315 -1
0.1 313 643 -1
0.1 312 644 -1
0.1 311 645 -1
0.1 310 646 -1
0.1 642 647 -1
0.1 307 648 -1
0.1 649 316 -1
0.1 318 319 -1
0.1 651 320 -1
0.1 652 321 -1
0.1 317 653 -1
0.1 322 323 -1
0.1 655 324 -1
0.1 326 327 -1
0.1 325 657 -1
0.1 329 330 -1
0.1 328 659 -1
0.1 660 331 -1
0.1 658 661 -1
0.1 656 662 -1
0.1 663 332 -1
0.1 654 664 -1
0.1 650 665 -1
0.1 333 334 -1
0.1 335 336 -1
0.1 337 338 -1
0.1 668 669 -1
0.1 667 670 -1
0.1 671 339 -1
0.1 672 340 -1
0.1 666 673 -1
0.1 641 674 -1
0.1 640 675 -1
0.1 631 676 -1
0.1 606 677 -1
0.1 527 678 -1
