1 0 0 1
1 0 0 1
1 0 0 1
1 0 0 1
1 0 0 1
1 0 0 1
1 0 0 1
1 0 0 1
1 0 0 1
1 0 0 1
1 0 0 2
1 0 0 2
1 0 0 2
1 0 0 2
1 0 0 3
1 0 0 2
1 0 0 2
1 0 0 2
1 0 0 2
1 0 0 2
1 0 0 2
1 0 0 4
1 0 0 4
1 0 0 3
1 0 0 3
1 0 0 3
1 0 0 3
1 0 0 3
1 0 0 3
1 0 0 5
1 0 0 5
1 0 0 5
1 0 0 5
1 0 0 5
1 0 0 4
1 0 0 4
1 0 0 4
1 0 0 6
1 0 0 6
1 0 0 6
1 0 0 6
1 0 0 6
1 0 0 6
1 0 0 6
1 0 0 6
1 0 0 6
1 0 0 6
1 0 0 4
1 0 0 4
1 0 0 4
1 0 0 4
1 0 0 4
1 0 0 7
1 0 0 7
1 0 0 7
1 0 0 3
1 0 0 3
1 0 0 3
1 0 0 8
1 0 0 8
1 0 0 8
1 0 0 8
1 0 0 8
1 0 0 8
1 0 0 8
1 0 0 8
1 0 0 8
1 0 0 8
1 0 0 7
1 0 0 7
1 0 0 7
1 0 0 7
1 0 0 7
1 0 0 7
1 0 0 7
1 0 0 9
1 0 0 10
1 0 0 10
1 0 0 10
1 0 0 10
1 0 0 10
1 0 0 10
1 0 0 10
1 0 0 10
1 0 0 10
1 0 0 10
1 0 0 9
1 0 0 9
1 0 0 5
1 0 0 5
1 0 0 9
1 0 0 9
1 0 0 9
1 0 0 11
1 0 0 11
1 0 0 12
1 0 0 12
1 0 0 12
1 0 0 12
1 0 0 12
1 0 0 12
1 0 0 12
1 0 0 12
1 0 0 12
1 0 0 12
1 0 0 11
1 0 0 11
1 0 0 11
1 0 0 11
1 0 0 11
1 0 0 11
1 0 0 11
1 0 0 11
1 0 0 13
1 0 0 13
1 0 0 14
1 0 0 14
1 0 0 14
1 0 0 14
1 0 0 14
1 0 0 15
1 0 0 15
1 0 0 15
1 0 0 15
1 0 0 15
1 0 0 15
1 0 0 15
1 0 0 15
1 0 0 15
1 0 0 15
1 0 0 14
1 0 0 14
1 0 0 14
1 0 0 14
1 0 0 14
1 0 0 13
1 0 0 13
1 0 0 13
1 0 0 16
1 0 0 16
1 0 0 16
1 0 0 16
1 0 0 16
1 0 0 16
1 0 0 16
1 0 0 16
1 0 0 16
1 0 0 16
1 0 0 13
1 0 0 13
1 0 0 13
1 0 0 13
1 0 0 13
1 0 0 17
1 0 0 17
1 0 0 17
1 0 0 17
1 0 0 17
1 0 0 17
1 0 0 17
1 0 0 17
1 0 0 18
1 0 0 18
1 0 0 18
1 0 0 18
1 0 0 19
1 0 0 19
1 0 0 19
1 0 0 19
1 0 0 19
1 0 0 19
1 0 0 19
1 0 0 19
1 0 0 19
1 0 0 19
1 0 0 20
1 0 0 20
1 0 0 20
1 0 0 20
1 0 0 20
1 0 0 20
1 0 0 20
1 0 0 20
1 0 0 20
1 0 0 21
1 0 0 21
1 0 0 21
1 0 0 21
1 0 0 21
1 0 0 21
1 0 0 21
1 0 0 21
1 0 0 21
1 0 0 21
1 0 0 20
1 0 0 18
1 0 0 17
1 0 0 17
1 0 0 18
1 0 0 5
1 0 0 5
1 0 0 5
1 0 0 18
1 0 0 18
1 0 0 18
1 0 0 18
1 0 0 22
1 0 0 22
1 0 0 22
1 0 0 23
1 0 0 22
1 0 0 22
1 0 0 22
1 0 0 22
1 0 0 22
1 0 0 22
1 0 0 22
1 0 0 23
1 0 0 23
1 0 0 23
1 0 0 23
1 0 0 23
1 0 0 23
1 0 0 23
1 0 0 23
1 0 0 23
1 0 0 24
1 0 0 24
1 0 0 24
1 0 0 24
1 0 0 24
1 0 0 25
1 0 0 25
1 0 0 25
1 0 0 25
1 0 0 25
1 0 0 25
1 0 0 25
1 0 0 25
1 0 0 25
1 0 0 25
1 0 0 24
1 0 0 24
1 0 0 24
1 0 0 24
1 0 0 24
1 0 0 9
1 0 0 9
1 0 0 9
1 0 0 9
0.1 2 3 -1
0.1 251 4 -1
0.1 5 6 -1
0.1 253 7 -1
0.1 252 254 -1
0.1 9 10 -1
0.1 8 256 -1
0.1 255 257 -1
0.1 1 258 -1
0.1 12 13 -1
0.1 14 15 -1
0.1 261 16 -1
0.1 18 19 -1
0.1 17 263 -1
0.1 264 20 -1
0.1 265 21 -1
0.1 262 266 -1
0.1 260 267 -1
0.1 11 268 -1
0.1 22 23 -1
0.1 24 25 -1
0.1 26 27 -1
0.1 271 272 -1
0.1 273 28 -1
0.1 274 29 -1
0.1 270 275 -1
0.1 269 276 -1
0.1 277 30 -1
0.1 32 33 -1
0.1 279 34 -1
0.1 31 280 -1
0.1 278 281 -1
0.1 35 36 -1
0.1 283 37 -1
0.1 38 39 -1
0.1 285 40 -1
0.1 286 41 -1
0.1 44 45 -1
0.1 43 288 -1
0.1 42 289 -1
0.1 290 46 -1
0.1 287 291 -1
0.1 292 47 -1
0.1 284 293 -1
0.1 48 49 -1
0.1 295 50 -1
0.1 294 296 -1
0.1 51 52 -1
0.1 297 298 -1
0.1 57 58 -1
0.1 56 300 -1
0.1 61 62 -1
0.1 64 65 -1
0.1 66 67 -1
0.1 303 304 -1
0.1 63 305 -1
0.1 302 306 -1
0.1 307 68 -1
0.1 60 308 -1
0.1 59 309 -1
0.1 301 310 -1
0.1 69 70 -1
0.1 311 312 -1
0.1 313 71 -1
0.1 314 72 -1
0.1 55 315 -1
0.1 54 316 -1
0.1 53 317 -1
0.1 74 75 -1
0.1 73 319 -1
0.1 318 320 -1
0.1 299 321 -1
0.1 77 78 -1
0.1 81 82 -1
0.1 80 324 -1
0.1 84 85 -1
0.1 83 326 -1
0.1 325 327 -1
0.1 328 86 -1
0.1 79 329 -1
0.1 323 330 -1
0.1 87 88 -1
0.1 331 332 -1
0.1 76 333 -1
0.1 322 334 -1
0.1 335 89 -1
0.1 282 336 -1
0.1 337 90 -1
0.1 338 91 -1
0.1 259 339 -1
0.1 92 93 -1
0.1 97 98 -1
0.1 99 100 -1
0.1 103 104 -1
0.1 102 344 -1
0.1 101 345 -1
0.1 343 346 -1
0.1 342 347 -1
0.1 348 105 -1
0.1 96 349 -1
0.1 95 350 -1
0.1 107 108 -1
0.1 106 352 -1
0.1 351 353 -1
0.1 110 111 -1
0.1 355 112 -1
0.1 109 356 -1
0.1 357 113 -1
0.1 354 358 -1
0.1 94 359 -1
0.1 116 117 -1
0.1 361 118 -1
0.1 122 123 -1
0.1 121 363 -1
0.1 124 125 -1
0.1 365 126 -1
0.1 366 127 -1
0.1 128 129 -1
0.1 367 368 -1
0.1 369 130 -1
0.1 364 370 -1
0.1 131 132 -1
0.1 371 372 -1
0.1 134 135 -1
0.1 133 374 -1
0.1 373 375 -1
0.1 120 376 -1
0.1 119 377 -1
0.1 362 378 -1
0.1 379 136 -1
0.1 115 380 -1
0.1 137 138 -1
0.1 381 382 -1
0.1 140 141 -1
0.1 142 143 -1
0.1 385 144 -1
0.1 384 386 -1
0.1 139 387 -1
0.1 146 147 -1
0.1 145 389 -1
0.1 390 148 -1
0.1 388 391 -1
0.1 392 149 -1
0.1 383 393 -1
0.1 394 150 -1
0.1 114 395 -1
0.1 152 153 -1
0.1 151 397 -1
0.1 396 398 -1
0.1 360 399 -1
0.1 156 157 -1
0.1 159 160 -1
0.1 158 402 -1
0.1 401 403 -1
0.1 155 404 -1
0.1 154 405 -1
0.1 164 165 -1
0.1 163 407 -1
0.1 162 408 -1
0.1 168 169 -1
0.1 170 171 -1
0.1 172 173 -1
0.1 411 412 -1
0.1 174 175 -1
0.1 177 178 -1
0.1 179 180 -1
0.1 415 416 -1
0.1 417 181 -1
0.1 418 182 -1
0.1 183 184 -1
0.1 419 420 -1
0.1 185 186 -1
0.1 188 189 -1
0.1 190 191 -1
0.1 192 193 -1
0.1 424 425 -1
0.1 423 426 -1
0.1 187 427 -1
0.1 428 194 -1
0.1 422 429 -1
0.1 421 430 -1
0.1 431 195 -1
0.1 176 432 -1
0.1 414 433 -1
0.1 413 434 -1
0.1 410 435 -1
0.1 167 436 -1
0.1 166 437 -1
0.1 197 198 -1
0.1 196 439 -1
0.1 438 440 -1
0.1 409 441 -1
0.1 161 442 -1
0.1 406 443 -1
0.1 201 202 -1
0.1 200 445 -1
0.1 203 204 -1
0.1 447 205 -1
0.1 446 448 -1
0.1 449 206 -1
0.1 199 450 -1
0.1 444 451 -1
0.1 400 452 -1
0.1 341 453 -1
0.1 210 211 -1
0.1 215 216 -1
0.1 214 456 -1
0.1 213 457 -1
0.1 212 458 -1
0.1 459 217 -1
0.1 455 460 -1
0.1 209 461 -1
0.1 208 462 -1
0.1 207 463 -1
0.1 219 220 -1
0.1 218 465 -1
0.1 466 221 -1
0.1 464 467 -1
0.1 223 224 -1
0.1 222 469 -1
0.1 225 226 -1
0.1 470 471 -1
0.1 468 472 -1
0.1 454 473 -1
0.1 227 228 -1
0.1 230 231 -1
0.1 232 233 -1
0.1 238 239 -1
0.1 237 478 -1
0.1 236 479 -1
0.1 235 480 -1
0.1 234 481 -1
0.1 482 240 -1
0.1 483 241 -1
0.1 477 484 -1
0.1 476 485 -1
0.1 486 242 -1
0.1 244 245 -1
0.1 243 488 -1
0.1 487 489 -1
0.1 229 490 -1
0.1 475 491 -1
0.1 492 246 -1
0.1 249 250 -1
0.1 248 494 -1
0.1 247 495 -1
0.1 493 496 -1
0.1 474 497 -1
0.1 340 498 -1
