1 0 0 1
1 0 0 1
1 0 0 1
1 0 0 1
1 0 0 2
1 0 0 2
1 0 0 2
1 0 0 2
1 0 0 2
1 0 0 2
1 0 0 2
1 0 0 2
1 0 0 2
1 0 0 3
1 0 0 3
1 0 0 3
1 0 0 4
1 0 0 4
1 0 0 4
1 0 0 4
1 0 0 4
1 0 0 4
1 0 0 4
1 0 0 5
1 0 0 5
1 0 0 5
1 0 0 5
1 0 0 5
1 0 0 5
1 0 0 5
1 0 0 5
1 0 0 5
1 0 0 5
1 0 0 4
1 0 0 6
1 0 0 6
1 0 0 6
1 0 0 6
1 0 0 6
1 0 0 7
1 0 0 7
1 0 0 7
1 0 0 7
1 0 0 7
1 0 0 7
1 0 0 8
1 0 0 8
1 0 0 8
1 0 0 8
1 0 0 8
1 0 0 8
1 0 0 8
1 0 0 8
1 0 0 8
1 0 0 8
1 0 0 7
1 0 0 7
1 0 0 6
1 0 0 6
1 0 0 4
1 0 0 6
1 0 0 6
1 0 0 6
1 0 0 7
1 0 0 7
1 0 0 4
1 0 0 1
1 0 0 9
1 0 0 9
1 0 0 9
1 0 0 9
1 0 0 9
1 0 0 9
1 0 0 9
1 0 0 9
1 0 0 9
1 0 0 9
1 0 0 10
1 0 0 10
1 0 0 10
1 0 0 10
1 0 0 10
1 0 0 10
1 0 0 10
1 0 0 10
1 0 0 10
1 0 0 10
1 0 0 3
1 0 0 1
1 0 0 3
1 0 0 3
1 0 0 3
1 0 0 11
1 0 0 11
1 0 0 11
1 0 0 11
1 0 0 12
1 0 0 13
1 0 0 13
1 0 0 13
1 0 0 13
1 0 0 13
1 0 0 14
1 0 0 14
1 0 0 14
1 0 0 14
1 0 0 14
1 0 0 14
1 0 0 14
1 0 0 14
1 0 0 14
1 0 0 14
1 0 0 15
1 0 0 15
1 0 0 15
1 0 0 15
1 0 0 15
1 0 0 15
1 0 0 16
1 0 0 16
1 0 0 16
1 0 0 16
1 0 0 16
1 0 0 16
1 0 0 16
1 0 0 16
1 0 0 16
1 0 0 16
1 0 0 15
1 0 0 15
1 0 0 17
1 0 0 17
1 0 0 17
1 0 0 17
1 0 0 17
1 0 0 17
1 0 0 17
1 0 0 17
1 0 0 17
1 0 0 18
1 0 0 18
1 0 0 18
1 0 0 18
1 0 0 18
1 0 0 18
1 0 0 1
1 0 0 3
1 0 0 3
1 0 0 3
1 0 0 18
1 0 0 18
1 0 0 18
1 0 0 18
1 0 0 17
1 0 0 15
1 0 0 15
1 0 0 13
1 0 0 19
1 0 0 19
1 0 0 19
1 0 0 19
1 0 0 19
1 0 0 19
1 0 0 19
1 0 0 19
1 0 0 20
1 0 0 20
1 0 0 20
1 0 0 20
1 0 0 20
1 0 0 21
1 0 0 21
1 0 0 21
1 0 0 21
1 0 0 21
1 0 0 22
1 0 0 22
1 0 0 22
1 0 0 22
1 0 0 22
1 0 0 22
1 0 0 22
1 0 0 22
1 0 0 22
1 0 0 22
1 0 0 21
1 0 0 21
1 0 0 21
1 0 0 21
1 0 0 21
1 0 0 23
1 0 0 23
1 0 0 23
1 0 0 23
1 0 0 23
1 0 0 23
1 0 0 23
1 0 0 23
1 0 0 23
1 0 0 23
1 0 0 19
1 0 0 19
1 0 0 20
1 0 0 20
1 0 0 20
1 0 0 20
1 0 0 20
1 0 0 13
1 0 0 13
1 0 0 13
1 0 0 13
1 0 0 1
1 0 0 1
1 0 0 2
1 0 0 12
1 0 0 12
1 0 0 12
1 0 0 12
1 0 0 12
1 0 0 12
1 0 0 12
1 0 0 12
1 0 0 12
1 0 0 24
1 0 0 24
1 0 0 24
1 0 0 24
1 0 0 24
1 0 0 24
1 0 0 24
1 0 0 24
1 0 0 24
1 0 0 24
1 0 0 11
1 0 0 11
1 0 0 11
1 0 0 11
1 0 0 11
1 0 0 25
1 0 0 25
1 0 0 25
1 0 0 25
1 0 0 25
1 0 0 25
1 0 0 25
1 0 0 25
1 0 0 25
1 0 0 25
1 0 0 11
1 0 0 1
0.1 2 3 -1
0.1 251 4 -1
0.1 1 252 -1
0.1 7 8 -1
0.1 9 10 -1
0.1 255 11 -1
0.1 254 256 -1
0.1 6 257 -1
0.1 12 13 -1
0.1 258 259 -1
0.1 5 260 -1
0.1 14 15 -1
0.1 20 21 -1
0.1 19 263 -1
0.1 18 264 -1
0.1 265 22 -1
0.1 24 25 -1
0.1 267 26 -1
0.1 27 28 -1
0.1 268 269 -1
0.1 30 31 -1
0.1 32 33 -1
0.1 271 272 -1
0.1 29 273 -1
0.1 270 274 -1
0.1 23 275 -1
0.1 38 39 -1
0.1 37 277 -1
0.1 36 278 -1
0.1 41 42 -1
0.1 43 44 -1
0.1 281 45 -1
0.1 47 48 -1
0.1 50 51 -1
0.1 284 52 -1
0.1 53 54 -1
0.1 285 286 -1
0.1 287 55 -1
0.1 49 288 -1
0.1 283 289 -1
0.1 46 290 -1
0.1 282 291 -1
0.1 56 57 -1
0.1 292 293 -1
0.1 280 294 -1
0.1 40 295 -1
0.1 60 61 -1
0.1 59 297 -1
0.1 58 298 -1
0.1 296 299 -1
0.1 279 300 -1
0.1 35 301 -1
0.1 62 63 -1
0.1 302 303 -1
0.1 34 304 -1
0.1 276 305 -1
0.1 266 306 -1
0.1 17 307 -1
0.1 64 65 -1
0.1 68 69 -1
0.1 74 75 -1
0.1 73 311 -1
0.1 312 76 -1
0.1 72 313 -1
0.1 71 314 -1
0.1 315 77 -1
0.1 70 316 -1
0.1 310 317 -1
0.1 67 318 -1
0.1 78 79 -1
0.1 82 83 -1
0.1 81 321 -1
0.1 80 322 -1
0.1 85 86 -1
0.1 324 87 -1
0.1 84 325 -1
0.1 323 326 -1
0.1 320 327 -1
0.1 319 328 -1
0.1 66 329 -1
0.1 309 330 -1
0.1 308 331 -1
0.1 332 88 -1
0.1 89 90 -1
0.1 91 92 -1
0.1 334 335 -1
0.1 333 336 -1
0.1 16 337 -1
0.1 262 338 -1
0.1 261 339 -1
0.1 253 340 -1
0.1 94 95 -1
0.1 342 96 -1
0.1 93 343 -1
0.1 100 101 -1
0.1 99 345 -1
0.1 106 107 -1
0.1 105 347 -1
0.1 110 111 -1
0.1 109 349 -1
0.1 108 350 -1
0.1 348 351 -1
0.1 352 112 -1
0.1 104 353 -1
0.1 103 354 -1
0.1 102 355 -1
0.1 346 356 -1
0.1 114 115 -1
0.1 113 358 -1
0.1 117 118 -1
0.1 120 121 -1
0.1 122 123 -1
0.1 362 124 -1
0.1 361 363 -1
0.1 119 364 -1
0.1 126 127 -1
0.1 366 128 -1
0.1 125 367 -1
0.1 365 368 -1
0.1 129 130 -1
0.1 132 133 -1
0.1 131 371 -1
0.1 136 137 -1
0.1 138 139 -1
0.1 140 141 -1
0.1 147 148 -1
0.1 376 149 -1
0.1 146 377 -1
0.1 378 150 -1
0.1 145 379 -1
0.1 144 380 -1
0.1 143 381 -1
0.1 142 382 -1
0.1 375 383 -1
0.1 152 153 -1
0.1 151 385 -1
0.1 384 386 -1
0.1 374 387 -1
0.1 373 388 -1
0.1 135 389 -1
0.1 390 154 -1
0.1 134 391 -1
0.1 372 392 -1
0.1 393 155 -1
0.1 394 156 -1
0.1 370 395 -1
0.1 369 396 -1
0.1 360 397 -1
0.1 116 398 -1
0.1 359 399 -1
0.1 400 157 -1
0.1 161 162 -1
0.1 160 402 -1
0.1 403 163 -1
0.1 164 165 -1
0.1 404 405 -1
0.1 159 406 -1
0.1 158 407 -1
0.1 168 169 -1
0.1 167 409 -1
0.1 166 410 -1
0.1 172 173 -1
0.1 412 174 -1
0.1 171 413 -1
0.1 176 177 -1
0.1 179 180 -1
0.1 182 183 -1
0.1 417 184 -1
0.1 181 418 -1
0.1 416 419 -1
0.1 178 420 -1
0.1 415 421 -1
0.1 422 185 -1
0.1 186 187 -1
0.1 423 424 -1
0.1 425 188 -1
0.1 175 426 -1
0.1 414 427 -1
0.1 189 190 -1
0.1 428 429 -1
0.1 170 430 -1
0.1 195 196 -1
0.1 194 432 -1
0.1 193 433 -1
0.1 197 198 -1
0.1 434 435 -1
0.1 192 436 -1
0.1 191 437 -1
0.1 199 200 -1
0.1 438 439 -1
0.1 431 440 -1
0.1 201 202 -1
0.1 441 442 -1
0.1 411 443 -1
0.1 408 444 -1
0.1 205 206 -1
0.1 204 446 -1
0.1 447 207 -1
0.1 203 448 -1
0.1 445 449 -1
0.1 208 209 -1
0.1 451 210 -1
0.1 452 211 -1
0.1 450 453 -1
0.1 401 454 -1
0.1 357 455 -1
0.1 98 456 -1
0.1 97 457 -1
0.1 344 458 -1
0.1 212 213 -1
0.1 216 217 -1
0.1 218 219 -1
0.1 462 220 -1
0.1 463 221 -1
0.1 222 223 -1
0.1 224 225 -1
0.1 227 228 -1
0.1 467 229 -1
0.1 226 468 -1
0.1 466 469 -1
0.1 231 232 -1
0.1 471 233 -1
0.1 230 472 -1
0.1 470 473 -1
0.1 465 474 -1
0.1 464 475 -1
0.1 461 476 -1
0.1 215 477 -1
0.1 214 478 -1
0.1 460 479 -1
0.1 459 480 -1
0.1 234 235 -1
0.1 237 238 -1
0.1 236 483 -1
0.1 482 484 -1
0.1 241 242 -1
0.1 486 243 -1
0.1 487 244 -1
0.1 240 488 -1
0.1 239 489 -1
0.1 246 247 -1
0.1 245 491 -1
0.1 492 248 -1
0.1 490 493 -1
0.1 494 249 -1
0.1 485 495 -1
0.1 496 250 -1
0.1 481 497 -1
0.1 341 498 -1
