1 0 0 1
1 0 0 2
1 0 0 2
1 0 0 2
1 0 0 2
1 0 0 2
1 0 0 2
1 0 0 2
1 0 0 2
1 0 0 2
1 0 0 2
1 0 0 3
1 0 0 3
1 0 0 3
1 0 0 3
1 0 0 3
1 0 0 3
1 0 0 3
1 0 0 3
1 0 0 4
1 0 0 4
1 0 0 4
1 0 0 4
1 0 0 4
1 0 0 4
1 0 0 4
1 0 0 4
1 0 0 4
1 0 0 4
1 0 0 5
1 0 0 5
1 0 0 5
1 0 0 5
1 0 0 5
1 0 0 5
1 0 0 5
1 0 0 5
1 0 0 5
1 0 0 5
1 0 0 3
1 0 0 3
1 0 0 6
1 0 0 6
1 0 0 6
1 0 0 6
1 0 0 6
1 0 0 6
1 0 0 6
1 0 0 6
1 0 0 6
1 0 0 6
1 0 0 7
1 0 0 7
1 0 0 8
1 0 0 8
1 0 0 8
1 0 0 8
1 0 0 8
1 0 0 8
1 0 0 8
1 0 0 8
1 0 0 9
1 0 0 9
1 0 0 9
1 0 0 9
1 0 0 9
1 0 0 9
1 0 0 9
1 0 0 9
1 0 0 9
1 0 0 10
1 0 0 9
1 0 0 11
1 0 0 11
1 0 0 11
1 0 0 11
1 0 0 11
1 0 0 11
1 0 0 11
1 0 0 11
1 0 0 11
1 0 0 11
1 0 0 10
1 0 0 10
1 0 0 10
1 0 0 10
1 0 0 12
1 0 0 12
1 0 0 12
1 0 0 12
1 0 0 10
1 0 0 12
1 0 0 12
1 0 0 12
1 0 0 12
1 0 0 12
1 0 0 12
1 0 0 10
1 0 0 10
1 0 0 10
1 0 0 13
1 0 0 13
1 0 0 13
1 0 0 10
1 0 0 13
1 0 0 13
1 0 0 13
1 0 0 13
1 0 0 13
1 0 0 13
1 0 0 13
1 0 0 8
1 0 0 7
1 0 0 7
1 0 0 8
1 0 0 7
1 0 0 7
1 0 0 1
1 0 0 1
1 0 0 14
1 0 0 15
1 0 0 15
1 0 0 15
1 0 0 16
1 0 0 14
1 0 0 17
1 0 0 17
1 0 0 15
1 0 0 18
1 0 0 19
1 0 0 19
1 0 0 19
1 0 0 19
1 0 0 19
1 0 0 19
1 0 0 19
1 0 0 19
1 0 0 14
1 0 0 14
1 0 0 19
1 0 0 20
1 0 0 20
1 0 0 20
1 0 0 20
1 0 0 20
1 0 0 20
1 0 0 21
1 0 0 21
1 0 0 20
1 0 0 20
1 0 0 20
1 0 0 20
1 0 0 15
1 0 0 15
1 0 0 19
1 0 0 18
1 0 0 18
1 0 0 18
1 0 0 18
1 0 0 18
1 0 0 18
1 0 0 18
1 0 0 18
1 0 0 18
1 0 0 14
1 0 0 21
1 0 0 21
1 0 0 16
1 0 0 16
1 0 0 21
1 0 0 21
1 0 0 21
1 0 0 15
1 0 0 15
1 0 0 21
1 0 0 21
1 0 0 15
1 0 0 15
1 0 0 14
1 0 0 14
1 0 0 14
1 0 0 14
1 0 0 14
1 0 0 21
1 0 0 17
1 0 0 17
1 0 0 17
1 0 0 17
1 0 0 17
1 0 0 17
1 0 0 17
1 0 0 17
1 0 0 16
1 0 0 16
1 0 0 16
1 0 0 16
1 0 0 16
1 0 0 16
1 0 0 16
1 0 0 1
1 0 0 1
1 0 0 1
1 0 0 1
1 0 0 1
1 0 0 1
1 0 0 7
1 0 0 22
1 0 0 22
1 0 0 22
1 0 0 22
1 0 0 22
1 0 0 22
1 0 0 22
1 0 0 22
1 0 0 22
1 0 0 22
1 0 0 7
1 0 0 1
1 0 0 7
1 0 0 23
1 0 0 23
1 0 0 23
1 0 0 23
1 0 0 23
1 0 0 23
1 0 0 23
1 0 0 23
1 0 0 24
1 0 0 24
1 0 0 24
1 0 0 24
1 0 0 24
1 0 0 24
1 0 0 24
1 0 0 24
1 0 0 24
1 0 0 24
1 0 0 23
1 0 0 23
1 0 0 25
1 0 0 25
1 0 0 25
1 0 0 25
1 0 0 25
1 0 0 25
1 0 0 25
1 0 0 25
1 0 0 25
1 0 0 25
1 0 0 26
1 0 0 26
1 0 0 26
1 0 0 26
1 0 0 26
1 0 0 26
1 0 0 26
1 0 0 26
1 0 0 26
1 0 0 26
1 0 0 7
0.1 2 3 -1
0.1 4 5 -1
0.1 261 262 -1
0.1 8 9 -1
0.1 7 264 -1
0.1 6 265 -1
0.1 263 266 -1
0.1 10 11 -1
0.1 267 268 -1
0.1 15 16 -1
0.1 14 270 -1
0.1 13 271 -1
0.1 17 18 -1
0.1 273 19 -1
0.1 20 21 -1
0.1 23 24 -1
0.1 22 276 -1
0.1 275 277 -1
0.1 26 27 -1
0.1 25 279 -1
0.1 278 280 -1
0.1 28 29 -1
0.1 281 282 -1
0.1 30 31 -1
0.1 32 33 -1
0.1 284 285 -1
0.1 34 35 -1
0.1 287 36 -1
0.1 286 288 -1
0.1 38 39 -1
0.1 37 290 -1
0.1 289 291 -1
0.1 283 292 -1
0.1 274 293 -1
0.1 272 294 -1
0.1 40 41 -1
0.1 295 296 -1
0.1 12 297 -1
0.1 42 43 -1
0.1 299 44 -1
0.1 298 300 -1
0.1 45 46 -1
0.1 302 47 -1
0.1 301 303 -1
0.1 269 304 -1
0.1 305 48 -1
0.1 50 51 -1
0.1 49 307 -1
0.1 306 308 -1
0.1 309 52 -1
0.1 310 53 -1
0.1 56 57 -1
0.1 58 59 -1
0.1 313 60 -1
0.1 314 61 -1
0.1 312 315 -1
0.1 55 316 -1
0.1 54 317 -1
0.1 62 63 -1
0.1 65 66 -1
0.1 68 69 -1
0.1 67 321 -1
0.1 322 70 -1
0.1 323 71 -1
0.1 324 72 -1
0.1 320 325 -1
0.1 64 326 -1
0.1 319 327 -1
0.1 75 76 -1
0.1 77 78 -1
0.1 329 330 -1
0.1 79 80 -1
0.1 331 332 -1
0.1 74 333 -1
0.1 81 82 -1
0.1 334 335 -1
0.1 73 336 -1
0.1 83 84 -1
0.1 337 338 -1
0.1 328 339 -1
0.1 85 86 -1
0.1 88 89 -1
0.1 91 92 -1
0.1 343 93 -1
0.1 94 95 -1
0.1 344 345 -1
0.1 90 346 -1
0.1 347 96 -1
0.1 348 97 -1
0.1 342 349 -1
0.1 87 350 -1
0.1 99 100 -1
0.1 98 352 -1
0.1 103 104 -1
0.1 354 105 -1
0.1 102 355 -1
0.1 107 108 -1
0.1 106 357 -1
0.1 356 358 -1
0.1 359 109 -1
0.1 360 110 -1
0.1 361 111 -1
0.1 101 362 -1
0.1 353 363 -1
0.1 351 364 -1
0.1 341 365 -1
0.1 340 366 -1
0.1 367 112 -1
0.1 113 114 -1
0.1 115 116 -1
0.1 370 117 -1
0.1 369 371 -1
0.1 368 372 -1
0.1 318 373 -1
0.1 311 374 -1
0.1 375 118 -1
0.1 376 119 -1
0.1 1 377 -1
0.1 122 123 -1
0.1 125 126 -1
0.1 124 380 -1
0.1 381 127 -1
0.1 382 128 -1
0.1 130 131 -1
0.1 133 134 -1
0.1 132 385 -1
0.1 135 136 -1
0.1 386 387 -1
0.1 139 140 -1
0.1 138 389 -1
0.1 137 390 -1
0.1 388 391 -1
0.1 384 392 -1
0.1 129 393 -1
0.1 142 143 -1
0.1 144 145 -1
0.1 147 148 -1
0.1 397 149 -1
0.1 146 398 -1
0.1 396 399 -1
0.1 400 150 -1
0.1 395 401 -1
0.1 141 402 -1
0.1 151 152 -1
0.1 403 404 -1
0.1 153 154 -1
0.1 406 155 -1
0.1 405 407 -1
0.1 394 408 -1
0.1 383 409 -1
0.1 156 157 -1
0.1 411 158 -1
0.1 159 160 -1
0.1 412 413 -1
0.1 161 162 -1
0.1 414 415 -1
0.1 163 164 -1
0.1 417 165 -1
0.1 416 418 -1
0.1 166 167 -1
0.1 168 169 -1
0.1 171 172 -1
0.1 170 422 -1
0.1 421 423 -1
0.1 420 424 -1
0.1 425 173 -1
0.1 419 426 -1
0.1 175 176 -1
0.1 428 177 -1
0.1 174 429 -1
0.1 427 430 -1
0.1 182 183 -1
0.1 181 432 -1
0.1 180 433 -1
0.1 179 434 -1
0.1 184 185 -1
0.1 435 436 -1
0.1 189 190 -1
0.1 188 438 -1
0.1 187 439 -1
0.1 191 192 -1
0.1 440 441 -1
0.1 186 442 -1
0.1 437 443 -1
0.1 178 444 -1
0.1 431 445 -1
0.1 410 446 -1
0.1 379 447 -1
0.1 121 448 -1
0.1 193 194 -1
0.1 195 196 -1
0.1 451 197 -1
0.1 450 452 -1
0.1 453 198 -1
0.1 454 199 -1
0.1 449 455 -1
0.1 120 456 -1
0.1 200 201 -1
0.1 458 202 -1
0.1 457 459 -1
0.1 204 205 -1
0.1 203 461 -1
0.1 460 462 -1
0.1 207 208 -1
0.1 212 213 -1
0.1 211 465 -1
0.1 210 466 -1
0.1 209 467 -1
0.1 464 468 -1
0.1 215 216 -1
0.1 214 470 -1
0.1 469 471 -1
0.1 472 217 -1
0.1 206 473 -1
0.1 223 224 -1
0.1 222 475 -1
0.1 221 476 -1
0.1 226 227 -1
0.1 225 478 -1
0.1 477 479 -1
0.1 220 480 -1
0.1 228 229 -1
0.1 482 230 -1
0.1 232 233 -1
0.1 231 484 -1
0.1 485 234 -1
0.1 235 236 -1
0.1 486 487 -1
0.1 483 488 -1
0.1 489 237 -1
0.1 481 490 -1
0.1 238 239 -1
0.1 491 492 -1
0.1 243 244 -1
0.1 494 245 -1
0.1 242 495 -1
0.1 241 496 -1
0.1 246 247 -1
0.1 497 498 -1
0.1 240 499 -1
0.1 500 248 -1
0.1 501 249 -1
0.1 253 254 -1
0.1 503 255 -1
0.1 504 256 -1
0.1 252 505 -1
0.1 257 258 -1
0.1 507 259 -1
0.1 506 508 -1
0.1 251 509 -1
0.1 250 510 -1
0.1 511 260 -1
0.1 502 512 -1
0.1 493 513 -1
0.1 219 514 -1
0.1 218 515 -1
0.1 474 516 -1
0.1 463 517 -1
0.1 378 518 -1
