1 0 0 1
1 0 0 1
1 0 0 1
1 0 0 1
1 0 0 1
1 0 0 1
1 0 0 1
1 0 0 1
1 0 0 1
1 0 0 1
1 0 0 2
1 0 0 2
1 0 0 2
1 0 0 2
1 0 0 2
1 0 0 2
1 0 0 2
1 0 0 2
1 0 0 2
1 0 0 3
1 0 0 4
1 0 0 4
1 0 0 4
1 0 0 4
1 0 0 2
1 0 0 4
1 0 0 4
1 0 0 4
1 0 0 4
1 0 0 4
1 0 0 4
1 0 0 5
1 0 0 5
1 0 0 5
1 0 0 5
1 0 0 5
1 0 0 5
1 0 0 5
1 0 0 5
1 0 0 5
1 0 0 5
1 0 0 3
1 0 0 6
1 0 0 6
1 0 0 6
1 0 0 6
1 0 0 6
1 0 0 6
1 0 0 6
1 0 0 6
1 0 0 6
1 0 0 6
1 0 0 7
1 0 0 7
1 0 0 8
1 0 0 8
1 0 0 8
1 0 0 8
1 0 0 8
1 0 0 8
1 0 0 8
1 0 0 8
1 0 0 8
1 0 0 8
1 0 0 7
1 0 0 7
1 0 0 7
1 0 0 7
1 0 0 7
1 0 0 7
1 0 0 7
1 0 0 7
1 0 0 3
1 0 0 9
1 0 0 9
1 0 0 9
1 0 0 9
1 0 0 10
1 0 0 10
1 0 0 10
1 0 0 10
1 0 0 10
1 0 0 10
1 0 0 9
1 0 0 9
1 0 0 10
1 0 0 10
1 0 0 10
1 0 0 9
1 0 0 10
1 0 0 9
1 0 0 3
1 0 0 9
1 0 0 9
1 0 0 3
1 0 0 3
1 0 0 11
1 0 0 11
1 0 0 11
1 0 0 11
1 0 0 11
1 0 0 11
1 0 0 11
1 0 0 11
1 0 0 11
1 0 0 11
1 0 0 3
1 0 0 3
1 0 0 12
1 0 0 12
1 0 0 12
1 0 0 13
1 0 0 13
1 0 0 13
1 0 0 13
1 0 0 13
1 0 0 13
1 0 0 13
1 0 0 13
1 0 0 13
1 0 0 13
1 0 0 12
1 0 0 12
1 0 0 14
1 0 0 14
1 0 0 14
1 0 0 14
1 0 0 14
1 0 0 14
1 0 0 14
1 0 0 12
1 0 0 12
1 0 0 15
1 0 0 15
1 0 0 15
1 0 0 15
1 0 0 15
1 0 0 15
1 0 0 15
1 0 0 15
1 0 0 15
1 0 0 15
1 0 0 14
1 0 0 14
1 0 0 16
1 0 0 16
1 0 0 16
1 0 0 16
1 0 0 16
1 0 0 16
1 0 0 16
1 0 0 16
1 0 0 16
1 0 0 16
1 0 0 14
1 0 0 12
1 0 0 12
1 0 0 12
1 0 0 17
1 0 0 17
1 0 0 17
1 0 0 17
1 0 0 17
1 0 0 17
1 0 0 17
1 0 0 17
1 0 0 17
1 0 0 17
1 0 0 3
1 0 0 18
1 0 0 18
1 0 0 19
1 0 0 19
1 0 0 19
1 0 0 20
1 0 0 19
1 0 0 21
1 0 0 21
1 0 0 18
1 0 0 18
1 0 0 18
1 0 0 22
1 0 0 18
1 0 0 22
1 0 0 18
1 0 0 18
1 0 0 22
1 0 0 22
1 0 0 18
1 0 0 21
1 0 0 23
1 0 0 23
1 0 0 24
1 0 0 24
1 0 0 24
1 0 0 24
1 0 0 24
1 0 0 24
1 0 0 24
1 0 0 21
1 0 0 23
1 0 0 18
1 0 0 19
1 0 0 24
1 0 0 24
1 0 0 19
1 0 0 25
1 0 0 21
1 0 0 25
1 0 0 21
1 0 0 25
1 0 0 25
1 0 0 25
1 0 0 25
1 0 0 25
1 0 0 22
1 0 0 22
1 0 0 22
1 0 0 22
1 0 0 22
1 0 0 22
1 0 0 21
1 0 0 24
1 0 0 23
1 0 0 23
1 0 0 23
1 0 0 23
1 0 0 23
1 0 0 19
1 0 0 19
1 0 0 19
1 0 0 19
1 0 0 23
1 0 0 25
1 0 0 23
1 0 0 25
1 0 0 25
1 0 0 21
1 0 0 21
1 0 0 21
1 0 0 20
1 0 0 20
1 0 0 20
1 0 0 20
1 0 0 20
1 0 0 20
1 0 0 20
1 0 0 20
1 0 0 20
1 0 0 3
1 0 0 26
1 0 0 26
1 0 0 26
1 0 0 26
1 0 0 26
1 0 0 26
1 0 0 26
1 0 0 26
1 0 0 26
1 0 0 26
0.1 2 3 -1
0.1 4 5 -1
0.1 6 7 -1
0.1 262 263 -1
0.1 261 264 -1
0.1 9 10 -1
0.1 8 266 -1
0.1 265 267 -1
0.1 1 268 -1
0.1 11 12 -1
0.1 13 14 -1
0.1 15 16 -1
0.1 271 272 -1
0.1 17 18 -1
0.1 273 274 -1
0.1 275 19 -1
0.1 270 276 -1
0.1 269 277 -1
0.1 23 24 -1
0.1 22 279 -1
0.1 26 27 -1
0.1 25 281 -1
0.1 30 31 -1
0.1 29 283 -1
0.1 28 284 -1
0.1 282 285 -1
0.1 280 286 -1
0.1 21 287 -1
0.1 20 288 -1
0.1 35 36 -1
0.1 34 290 -1
0.1 33 291 -1
0.1 39 40 -1
0.1 293 41 -1
0.1 38 294 -1
0.1 37 295 -1
0.1 292 296 -1
0.1 32 297 -1
0.1 289 298 -1
0.1 299 42 -1
0.1 278 300 -1
0.1 43 44 -1
0.1 47 48 -1
0.1 46 303 -1
0.1 45 304 -1
0.1 305 49 -1
0.1 50 51 -1
0.1 306 307 -1
0.1 308 52 -1
0.1 53 54 -1
0.1 56 57 -1
0.1 311 58 -1
0.1 59 60 -1
0.1 61 62 -1
0.1 313 314 -1
0.1 315 63 -1
0.1 316 64 -1
0.1 312 317 -1
0.1 55 318 -1
0.1 66 67 -1
0.1 65 320 -1
0.1 321 68 -1
0.1 319 322 -1
0.1 69 70 -1
0.1 71 72 -1
0.1 324 325 -1
0.1 323 326 -1
0.1 310 327 -1
0.1 309 328 -1
0.1 302 329 -1
0.1 301 330 -1
0.1 75 76 -1
0.1 74 332 -1
0.1 78 79 -1
0.1 334 80 -1
0.1 81 82 -1
0.1 335 336 -1
0.1 83 84 -1
0.1 337 338 -1
0.1 86 87 -1
0.1 340 88 -1
0.1 85 341 -1
0.1 342 89 -1
0.1 339 343 -1
0.1 77 344 -1
0.1 333 345 -1
0.1 92 93 -1
0.1 347 94 -1
0.1 91 348 -1
0.1 90 349 -1
0.1 346 350 -1
0.1 73 351 -1
0.1 331 352 -1
0.1 95 96 -1
0.1 99 100 -1
0.1 101 102 -1
0.1 356 103 -1
0.1 355 357 -1
0.1 98 358 -1
0.1 104 105 -1
0.1 359 360 -1
0.1 97 361 -1
0.1 362 106 -1
0.1 363 107 -1
0.1 364 108 -1
0.1 109 110 -1
0.1 112 113 -1
0.1 117 118 -1
0.1 116 368 -1
0.1 119 120 -1
0.1 369 370 -1
0.1 115 371 -1
0.1 114 372 -1
0.1 373 121 -1
0.1 367 374 -1
0.1 111 375 -1
0.1 122 123 -1
0.1 376 377 -1
0.1 128 129 -1
0.1 127 379 -1
0.1 126 380 -1
0.1 381 130 -1
0.1 133 134 -1
0.1 135 136 -1
0.1 383 384 -1
0.1 137 138 -1
0.1 139 140 -1
0.1 386 387 -1
0.1 141 142 -1
0.1 388 389 -1
0.1 385 390 -1
0.1 132 391 -1
0.1 143 144 -1
0.1 392 393 -1
0.1 147 148 -1
0.1 395 149 -1
0.1 146 396 -1
0.1 153 154 -1
0.1 152 398 -1
0.1 151 399 -1
0.1 150 400 -1
0.1 397 401 -1
0.1 145 402 -1
0.1 403 155 -1
0.1 394 404 -1
0.1 131 405 -1
0.1 382 406 -1
0.1 125 407 -1
0.1 124 408 -1
0.1 156 157 -1
0.1 409 410 -1
0.1 378 411 -1
0.1 412 158 -1
0.1 366 413 -1
0.1 365 414 -1
0.1 354 415 -1
0.1 161 162 -1
0.1 160 417 -1
0.1 159 418 -1
0.1 163 164 -1
0.1 419 420 -1
0.1 166 167 -1
0.1 165 422 -1
0.1 423 168 -1
0.1 170 171 -1
0.1 173 174 -1
0.1 172 426 -1
0.1 175 176 -1
0.1 177 178 -1
0.1 182 183 -1
0.1 181 430 -1
0.1 180 431 -1
0.1 179 432 -1
0.1 184 185 -1
0.1 433 434 -1
0.1 435 186 -1
0.1 187 188 -1
0.1 437 189 -1
0.1 436 438 -1
0.1 439 190 -1
0.1 191 192 -1
0.1 193 194 -1
0.1 442 195 -1
0.1 196 197 -1
0.1 198 199 -1
0.1 444 445 -1
0.1 443 446 -1
0.1 441 447 -1
0.1 448 200 -1
0.1 440 449 -1
0.1 201 202 -1
0.1 204 205 -1
0.1 203 452 -1
0.1 206 207 -1
0.1 453 454 -1
0.1 455 208 -1
0.1 451 456 -1
0.1 450 457 -1
0.1 458 209 -1
0.1 429 459 -1
0.1 211 212 -1
0.1 213 214 -1
0.1 461 462 -1
0.1 463 215 -1
0.1 216 217 -1
0.1 218 219 -1
0.1 220 221 -1
0.1 466 467 -1
0.1 465 468 -1
0.1 464 469 -1
0.1 226 227 -1
0.1 225 471 -1
0.1 472 228 -1
0.1 224 473 -1
0.1 474 229 -1
0.1 231 232 -1
0.1 230 476 -1
0.1 475 477 -1
0.1 223 478 -1
0.1 222 479 -1
0.1 233 234 -1
0.1 481 235 -1
0.1 236 237 -1
0.1 482 483 -1
0.1 480 484 -1
0.1 470 485 -1
0.1 486 238 -1
0.1 487 239 -1
0.1 210 488 -1
0.1 489 240 -1
0.1 460 490 -1
0.1 428 491 -1
0.1 242 243 -1
0.1 244 245 -1
0.1 493 494 -1
0.1 246 247 -1
0.1 495 496 -1
0.1 241 497 -1
0.1 248 249 -1
0.1 498 499 -1
0.1 492 500 -1
0.1 427 501 -1
0.1 425 502 -1
0.1 169 503 -1
0.1 424 504 -1
0.1 505 250 -1
0.1 421 506 -1
0.1 253 254 -1
0.1 508 255 -1
0.1 258 259 -1
0.1 257 510 -1
0.1 256 511 -1
0.1 509 512 -1
0.1 252 513 -1
0.1 251 514 -1
0.1 515 260 -1
0.1 507 516 -1
0.1 416 517 -1
0.1 353 518 -1
