1 0 0 1
1 0 0 2
1 0 0 2
1 0 0 3
1 0 0 3
1 0 0 3
1 0 0 3
1 0 0 3
1 0 0 4
1 0 0 4
1 0 0 5
1 0 0 5
1 0 0 5
1 0 0 5
1 0 0 2
1 0 0 6
1 0 0 2
1 0 0 2
1 0 0 2
1 0 0 2
1 0 0 5
1 0 0 5
1 0 0 5
1 0 0 2
1 0 0 5
1 0 0 4
1 0 0 4
1 0 0 4
1 0 0 2
1 0 0 4
1 0 0 7
1 0 0 8
1 0 0 8
1 0 0 8
1 0 0 8
1 0 0 8
1 0 0 8
1 0 0 8
1 0 0 8
1 0 0 4
1 0 0 8
1 0 0 8
1 0 0 5
1 0 0 4
1 0 0 4
1 0 0 6
1 0 0 6
1 0 0 6
1 0 0 6
1 0 0 6
1 0 0 7
1 0 0 7
1 0 0 7
1 0 0 7
1 0 0 7
1 0 0 7
1 0 0 6
1 0 0 6
1 0 0 5
1 0 0 9
1 0 0 9
1 0 0 9
1 0 0 9
1 0 0 9
1 0 0 9
1 0 0 9
1 0 0 9
1 0 0 3
1 0 0 2
1 0 0 6
1 0 0 4
1 0 0 9
1 0 0 9
1 0 0 7
1 0 0 3
1 0 0 3
1 0 0 3
1 0 0 3
1 0 0 7
1 0 0 7
1 0 0 6
1 0 0 10
1 0 0 10
1 0 0 11
1 0 0 11
1 0 0 11
1 0 0 11
1 0 0 11
1 0 0 11
1 0 0 11
1 0 0 11
1 0 0 11
1 0 0 11
1 0 0 12
1 0 0 12
1 0 0 12
1 0 0 12
1 0 0 12
1 0 0 12
1 0 0 12
1 0 0 12
1 0 0 10
1 0 0 10
1 0 0 10
1 0 0 12
1 0 0 12
1 0 0 10
1 0 0 10
1 0 0 10
1 0 0 10
1 0 0 10
1 0 0 13
1 0 0 14
1 0 0 14
1 0 0 14
1 0 0 14
1 0 0 14
1 0 0 14
1 0 0 14
1 0 0 14
1 0 0 14
1 0 0 14
1 0 0 13
1 0 0 1
1 0 0 15
1 0 0 15
1 0 0 15
1 0 0 15
1 0 0 15
1 0 0 15
1 0 0 15
1 0 0 15
1 0 0 15
1 0 0 15
1 0 0 13
1 0 0 16
1 0 0 16
1 0 0 16
1 0 0 16
1 0 0 16
1 0 0 16
1 0 0 16
1 0 0 16
1 0 0 16
1 0 0 16
1 0 0 13
1 0 0 17
1 0 0 17
1 0 0 17
1 0 0 17
1 0 0 17
1 0 0 17
1 0 0 17
1 0 0 17
1 0 0 17
1 0 0 13
1 0 0 13
1 0 0 13
1 0 0 13
1 0 0 17
1 0 0 18
1 0 0 19
1 0 0 18
1 0 0 18
1 0 0 18
1 0 0 18
1 0 0 18
1 0 0 18
1 0 0 18
1 0 0 18
1 0 0 18
1 0 0 19
1 0 0 19
1 0 0 19
1 0 0 20
1 0 0 20
1 0 0 20
1 0 0 20
1 0 0 20
1 0 0 20
1 0 0 20
1 0 0 20
1 0 0 20
1 0 0 20
1 0 0 21
1 0 0 21
1 0 0 21
1 0 0 21
1 0 0 21
1 0 0 22
1 0 0 22
1 0 0 21
1 0 0 21
1 0 0 21
1 0 0 21
1 0 0 22
1 0 0 22
1 0 0 22
1 0 0 22
1 0 0 22
1 0 0 22
1 0 0 22
1 0 0 22
1 0 0 13
1 0 0 21
1 0 0 19
1 0 0 19
1 0 0 19
1 0 0 19
1 0 0 23
1 0 0 23
1 0 0 23
1 0 0 23
1 0 0 23
1 0 0 23
1 0 0 23
1 0 0 23
1 0 0 23
1 0 0 23
1 0 0 24
1 0 0 24
1 0 0 24
1 0 0 24
1 0 0 24
1 0 0 24
1 0 0 24
1 0 0 24
1 0 0 24
1 0 0 24
1 0 0 19
1 0 0 19
1 0 0 25
1 0 0 25
1 0 0 25
1 0 0 25
1 0 0 25
1 0 0 25
1 0 0 25
1 0 0 25
1 0 0 25
1 0 0 25
1 0 0 13
1 0 0 26
1 0 0 26
1 0 0 26
1 0 0 26
1 0 0 26
1 0 0 26
1 0 0 26
1 0 0 26
1 0 0 26
1 0 0 26
1 0 0 1
1 0 0 1
1 0 0 1
1 0 0 1
1 0 0 1
1 0 0 1
1 0 0 1
1 0 0 1
0.1 2 3 -1
0.1 4 5 -1
0.1 6 7 -1
0.1 263 8 -1
0.1 9 10 -1
0.1 13 14 -1
0.1 12 266 -1
0.1 17 18 -1
0.1 16 268 -1
0.1 269 19 -1
0.1 270 20 -1
0.1 15 271 -1
0.1 272 21 -1
0.1 267 273 -1
0.1 11 274 -1
0.1 22 23 -1
0.1 276 24 -1
0.1 275 277 -1
0.1 278 25 -1
0.1 279 26 -1
0.1 29 30 -1
0.1 28 281 -1
0.1 27 282 -1
0.1 280 283 -1
0.1 31 32 -1
0.1 35 36 -1
0.1 34 286 -1
0.1 37 38 -1
0.1 287 288 -1
0.1 33 289 -1
0.1 290 39 -1
0.1 285 291 -1
0.1 40 41 -1
0.1 293 42 -1
0.1 292 294 -1
0.1 284 295 -1
0.1 265 296 -1
0.1 43 44 -1
0.1 45 46 -1
0.1 47 48 -1
0.1 49 50 -1
0.1 300 301 -1
0.1 51 52 -1
0.1 53 54 -1
0.1 304 55 -1
0.1 303 305 -1
0.1 306 56 -1
0.1 302 307 -1
0.1 299 308 -1
0.1 298 309 -1
0.1 57 58 -1
0.1 59 60 -1
0.1 63 64 -1
0.1 313 65 -1
0.1 62 314 -1
0.1 61 315 -1
0.1 66 67 -1
0.1 316 317 -1
0.1 312 318 -1
0.1 311 319 -1
0.1 320 68 -1
0.1 310 321 -1
0.1 69 70 -1
0.1 323 71 -1
0.1 322 324 -1
0.1 297 325 -1
0.1 264 326 -1
0.1 72 73 -1
0.1 75 76 -1
0.1 77 78 -1
0.1 329 330 -1
0.1 74 331 -1
0.1 328 332 -1
0.1 327 333 -1
0.1 79 80 -1
0.1 334 335 -1
0.1 262 336 -1
0.1 337 81 -1
0.1 261 338 -1
0.1 1 339 -1
0.1 85 86 -1
0.1 84 341 -1
0.1 87 88 -1
0.1 89 90 -1
0.1 343 344 -1
0.1 92 93 -1
0.1 91 346 -1
0.1 345 347 -1
0.1 342 348 -1
0.1 83 349 -1
0.1 94 95 -1
0.1 96 97 -1
0.1 98 99 -1
0.1 100 101 -1
0.1 103 104 -1
0.1 102 355 -1
0.1 105 106 -1
0.1 356 357 -1
0.1 354 358 -1
0.1 353 359 -1
0.1 352 360 -1
0.1 351 361 -1
0.1 350 362 -1
0.1 363 107 -1
0.1 109 110 -1
0.1 365 111 -1
0.1 108 366 -1
0.1 364 367 -1
0.1 82 368 -1
0.1 340 369 -1
0.1 114 115 -1
0.1 113 371 -1
0.1 372 116 -1
0.1 119 120 -1
0.1 118 374 -1
0.1 117 375 -1
0.1 121 122 -1
0.1 376 377 -1
0.1 373 378 -1
0.1 379 123 -1
0.1 112 380 -1
0.1 381 124 -1
0.1 129 130 -1
0.1 128 383 -1
0.1 127 384 -1
0.1 132 133 -1
0.1 131 386 -1
0.1 385 387 -1
0.1 388 134 -1
0.1 126 389 -1
0.1 125 390 -1
0.1 382 391 -1
0.1 136 137 -1
0.1 393 138 -1
0.1 139 140 -1
0.1 395 141 -1
0.1 142 143 -1
0.1 396 397 -1
0.1 394 398 -1
0.1 144 145 -1
0.1 399 400 -1
0.1 148 149 -1
0.1 147 402 -1
0.1 151 152 -1
0.1 150 404 -1
0.1 403 405 -1
0.1 406 153 -1
0.1 154 155 -1
0.1 156 157 -1
0.1 408 409 -1
0.1 158 159 -1
0.1 160 161 -1
0.1 162 163 -1
0.1 164 165 -1
0.1 168 169 -1
0.1 415 170 -1
0.1 167 416 -1
0.1 166 417 -1
0.1 414 418 -1
0.1 413 419 -1
0.1 420 171 -1
0.1 412 421 -1
0.1 173 174 -1
0.1 177 178 -1
0.1 179 180 -1
0.1 424 425 -1
0.1 426 181 -1
0.1 176 427 -1
0.1 182 183 -1
0.1 428 429 -1
0.1 430 184 -1
0.1 175 431 -1
0.1 423 432 -1
0.1 172 433 -1
0.1 422 434 -1
0.1 185 186 -1
0.1 436 187 -1
0.1 188 189 -1
0.1 190 191 -1
0.1 439 192 -1
0.1 438 440 -1
0.1 437 441 -1
0.1 194 195 -1
0.1 193 443 -1
0.1 199 200 -1
0.1 445 201 -1
0.1 198 446 -1
0.1 197 447 -1
0.1 196 448 -1
0.1 449 202 -1
0.1 450 203 -1
0.1 451 204 -1
0.1 452 205 -1
0.1 444 453 -1
0.1 442 454 -1
0.1 206 207 -1
0.1 455 456 -1
0.1 435 457 -1
0.1 208 209 -1
0.1 215 216 -1
0.1 214 460 -1
0.1 461 217 -1
0.1 462 218 -1
0.1 213 463 -1
0.1 464 219 -1
0.1 212 465 -1
0.1 211 466 -1
0.1 210 467 -1
0.1 459 468 -1
0.1 223 224 -1
0.1 470 225 -1
0.1 226 227 -1
0.1 471 472 -1
0.1 228 229 -1
0.1 473 474 -1
0.1 222 475 -1
0.1 221 476 -1
0.1 220 477 -1
0.1 230 231 -1
0.1 478 479 -1
0.1 469 480 -1
0.1 458 481 -1
0.1 411 482 -1
0.1 410 483 -1
0.1 407 484 -1
0.1 146 485 -1
0.1 233 234 -1
0.1 232 487 -1
0.1 235 236 -1
0.1 488 489 -1
0.1 490 237 -1
0.1 491 238 -1
0.1 492 239 -1
0.1 240 241 -1
0.1 493 494 -1
0.1 486 495 -1
0.1 496 242 -1
0.1 401 497 -1
0.1 244 245 -1
0.1 499 246 -1
0.1 248 249 -1
0.1 250 251 -1
0.1 502 252 -1
0.1 501 503 -1
0.1 247 504 -1
0.1 500 505 -1
0.1 243 506 -1
0.1 254 255 -1
0.1 256 257 -1
0.1 258 259 -1
0.1 509 510 -1
0.1 508 511 -1
0.1 512 260 -1
0.1 253 513 -1
0.1 507 514 -1
0.1 498 515 -1
0.1 135 516 -1
0.1 392 517 -1
0.1 370 518 -1
