1 0 0 1
1 0 0 1
1 0 0 1
1 0 0 1
1 0 0 1
1 0 0 1
1 0 0 1
1 0 0 1
1 0 0 1
1 0 0 1
1 0 0 2
1 0 0 2
1 0 0 2
1 0 0 2
1 0 0 3
1 0 0 3
1 0 0 3
1 0 0 3
1 0 0 3
1 0 0 3
1 0 0 3
1 0 0 3
1 0 0 3
1 0 0 3
1 0 0 4
1 0 0 4
1 0 0 4
1 0 0 4
1 0 0 4
1 0 0 4
1 0 0 4
1 0 0 4
1 0 0 4
1 0 0 4
1 0 0 2
1 0 0 2
1 0 0 5
1 0 0 5
1 0 0 5
1 0 0 5
1 0 0 5
1 0 0 5
1 0 0 5
1 0 0 5
1 0 0 5
1 0 0 5
1 0 0 2
1 0 0 2
1 0 0 2
1 0 0 2
1 0 0 6
1 0 0 6
1 0 0 6
1 0 0 6
1 0 0 6
1 0 0 6
1 0 0 6
1 0 0 6
1 0 0 6
1 0 0 6
1 0 0 7
1 0 0 7
1 0 0 7
1 0 0 7
1 0 0 8
1 0 0 9
1 0 0 9
1 0 0 10
1 0 0 10
1 0 0 9
1 0 0 8
1 0 0 8
1 0 0 8
1 0 0 11
1 0 0 11
1 0 0 11
1 0 0 11
1 0 0 11
1 0 0 11
1 0 0 11
1 0 0 11
1 0 0 11
1 0 0 11
1 0 0 10
1 0 0 12
1 0 0 12
1 0 0 12
1 0 0 12
1 0 0 12
1 0 0 12
1 0 0 12
1 0 0 12
1 0 0 8
1 0 0 9
1 0 0 9
1 0 0 12
1 0 0 13
1 0 0 13
1 0 0 13
1 0 0 13
1 0 0 13
1 0 0 13
1 0 0 13
1 0 0 13
1 0 0 13
1 0 0 13
1 0 0 8
1 0 0 14
1 0 0 10
1 0 0 12
1 0 0 9
1 0 0 9
1 0 0 8
1 0 0 10
1 0 0 10
1 0 0 10
1 0 0 10
1 0 0 10
1 0 0 10
1 0 0 9
1 0 0 15
1 0 0 15
1 0 0 9
1 0 0 15
1 0 0 15
1 0 0 15
1 0 0 15
1 0 0 15
1 0 0 15
1 0 0 15
1 0 0 14
1 0 0 14
1 0 0 14
1 0 0 14
1 0 0 14
1 0 0 14
1 0 0 14
1 0 0 14
1 0 0 14
1 0 0 15
1 0 0 9
1 0 0 8
1 0 0 8
1 0 0 8
1 0 0 16
1 0 0 16
1 0 0 16
1 0 0 7
1 0 0 17
1 0 0 17
1 0 0 17
1 0 0 17
1 0 0 17
1 0 0 17
1 0 0 17
1 0 0 17
1 0 0 17
1 0 0 17
1 0 0 18
1 0 0 18
1 0 0 18
1 0 0 18
1 0 0 18
1 0 0 18
1 0 0 18
1 0 0 18
1 0 0 18
1 0 0 18
1 0 0 19
1 0 0 19
1 0 0 19
1 0 0 19
1 0 0 19
1 0 0 19
1 0 0 19
1 0 0 19
1 0 0 19
1 0 0 19
1 0 0 16
1 0 0 16
1 0 0 16
1 0 0 16
1 0 0 16
1 0 0 16
1 0 0 16
1 0 0 20
1 0 0 20
1 0 0 20
1 0 0 20
1 0 0 20
1 0 0 20
1 0 0 20
1 0 0 20
1 0 0 20
1 0 0 20
1 0 0 7
1 0 0 7
1 0 0 7
1 0 0 21
1 0 0 21
1 0 0 21
1 0 0 22
1 0 0 22
1 0 0 22
1 0 0 22
1 0 0 22
1 0 0 22
1 0 0 22
1 0 0 22
1 0 0 22
1 0 0 22
1 0 0 21
1 0 0 21
1 0 0 21
1 0 0 21
1 0 0 21
1 0 0 21
1 0 0 21
1 0 0 7
1 0 0 23
1 0 0 23
1 0 0 23
1 0 0 23
1 0 0 23
1 0 0 23
1 0 0 23
1 0 0 23
1 0 0 23
1 0 0 23
1 0 0 24
1 0 0 24
1 0 0 24
1 0 0 24
1 0 0 24
1 0 0 24
1 0 0 24
1 0 0 24
1 0 0 24
1 0 0 24
1 0 0 25
1 0 0 25
1 0 0 25
1 0 0 25
1 0 0 25
1 0 0 25
1 0 0 25
1 0 0 25
1 0 0 25
1 0 0 25
1 0 0 26
1 0 0 26
1 0 0 26
1 0 0 26
1 0 0 26
1 0 0 26
1 0 0 26
1 0 0 26
1 0 0 26
1 0 0 26
1 0 0 7
0.1 3 4 -1
0.1 2 261 -1
0.1 7 8 -1
0.1 6 263 -1
0.1 5 264 -1
0.1 265 9 -1
0.1 262 266 -1
0.1 267 10 -1
0.1 1 268 -1
0.1 11 12 -1
0.1 13 14 -1
0.1 17 18 -1
0.1 20 21 -1
0.1 19 273 -1
0.1 272 274 -1
0.1 16 275 -1
0.1 22 23 -1
0.1 276 277 -1
0.1 278 24 -1
0.1 15 279 -1
0.1 271 280 -1
0.1 25 26 -1
0.1 27 28 -1
0.1 29 30 -1
0.1 283 284 -1
0.1 285 31 -1
0.1 282 286 -1
0.1 287 32 -1
0.1 288 33 -1
0.1 289 34 -1
0.1 290 35 -1
0.1 281 291 -1
0.1 270 292 -1
0.1 39 40 -1
0.1 41 42 -1
0.1 43 44 -1
0.1 295 296 -1
0.1 294 297 -1
0.1 298 45 -1
0.1 38 299 -1
0.1 37 300 -1
0.1 301 46 -1
0.1 36 302 -1
0.1 47 48 -1
0.1 303 304 -1
0.1 49 50 -1
0.1 305 306 -1
0.1 293 307 -1
0.1 269 308 -1
0.1 51 52 -1
0.1 54 55 -1
0.1 56 57 -1
0.1 311 312 -1
0.1 58 59 -1
0.1 313 314 -1
0.1 53 315 -1
0.1 310 316 -1
0.1 317 60 -1
0.1 309 318 -1
0.1 319 61 -1
0.1 62 63 -1
0.1 320 321 -1
0.1 322 64 -1
0.1 68 69 -1
0.1 324 70 -1
0.1 71 72 -1
0.1 326 73 -1
0.1 325 327 -1
0.1 75 76 -1
0.1 74 329 -1
0.1 77 78 -1
0.1 80 81 -1
0.1 79 332 -1
0.1 82 83 -1
0.1 333 334 -1
0.1 331 335 -1
0.1 336 84 -1
0.1 330 337 -1
0.1 328 338 -1
0.1 67 339 -1
0.1 85 86 -1
0.1 87 88 -1
0.1 89 90 -1
0.1 343 91 -1
0.1 342 344 -1
0.1 345 92 -1
0.1 341 346 -1
0.1 94 95 -1
0.1 93 348 -1
0.1 347 349 -1
0.1 96 97 -1
0.1 98 99 -1
0.1 352 100 -1
0.1 101 102 -1
0.1 354 103 -1
0.1 355 104 -1
0.1 353 356 -1
0.1 351 357 -1
0.1 105 106 -1
0.1 358 359 -1
0.1 350 360 -1
0.1 108 109 -1
0.1 362 110 -1
0.1 363 111 -1
0.1 112 113 -1
0.1 364 365 -1
0.1 115 116 -1
0.1 117 118 -1
0.1 367 368 -1
0.1 369 119 -1
0.1 114 370 -1
0.1 371 120 -1
0.1 366 372 -1
0.1 107 373 -1
0.1 121 122 -1
0.1 375 123 -1
0.1 374 376 -1
0.1 125 126 -1
0.1 128 129 -1
0.1 127 379 -1
0.1 378 380 -1
0.1 124 381 -1
0.1 382 130 -1
0.1 131 132 -1
0.1 133 134 -1
0.1 384 385 -1
0.1 386 135 -1
0.1 136 137 -1
0.1 138 139 -1
0.1 388 389 -1
0.1 387 390 -1
0.1 391 140 -1
0.1 383 392 -1
0.1 377 393 -1
0.1 361 394 -1
0.1 395 141 -1
0.1 340 396 -1
0.1 66 397 -1
0.1 65 398 -1
0.1 143 144 -1
0.1 142 400 -1
0.1 399 401 -1
0.1 323 402 -1
0.1 149 150 -1
0.1 151 152 -1
0.1 153 154 -1
0.1 405 406 -1
0.1 156 157 -1
0.1 155 408 -1
0.1 407 409 -1
0.1 410 158 -1
0.1 161 162 -1
0.1 412 163 -1
0.1 160 413 -1
0.1 159 414 -1
0.1 415 164 -1
0.1 165 166 -1
0.1 416 417 -1
0.1 167 168 -1
0.1 418 419 -1
0.1 411 420 -1
0.1 170 171 -1
0.1 172 173 -1
0.1 422 423 -1
0.1 174 175 -1
0.1 424 425 -1
0.1 169 426 -1
0.1 177 178 -1
0.1 176 428 -1
0.1 427 429 -1
0.1 421 430 -1
0.1 404 431 -1
0.1 148 432 -1
0.1 179 180 -1
0.1 434 181 -1
0.1 433 435 -1
0.1 436 182 -1
0.1 184 185 -1
0.1 183 438 -1
0.1 437 439 -1
0.1 147 440 -1
0.1 146 441 -1
0.1 145 442 -1
0.1 188 189 -1
0.1 187 444 -1
0.1 186 445 -1
0.1 190 191 -1
0.1 194 195 -1
0.1 193 448 -1
0.1 192 449 -1
0.1 447 450 -1
0.1 446 451 -1
0.1 452 196 -1
0.1 443 453 -1
0.1 200 201 -1
0.1 199 455 -1
0.1 202 203 -1
0.1 205 206 -1
0.1 204 458 -1
0.1 207 208 -1
0.1 459 460 -1
0.1 457 461 -1
0.1 210 211 -1
0.1 209 463 -1
0.1 462 464 -1
0.1 465 212 -1
0.1 214 215 -1
0.1 213 467 -1
0.1 217 218 -1
0.1 216 469 -1
0.1 468 470 -1
0.1 466 471 -1
0.1 456 472 -1
0.1 198 473 -1
0.1 197 474 -1
0.1 454 475 -1
0.1 221 222 -1
0.1 477 223 -1
0.1 224 225 -1
0.1 226 227 -1
0.1 480 228 -1
0.1 481 229 -1
0.1 479 482 -1
0.1 478 483 -1
0.1 220 484 -1
0.1 219 485 -1
0.1 232 233 -1
0.1 231 487 -1
0.1 234 235 -1
0.1 236 237 -1
0.1 489 490 -1
0.1 488 491 -1
0.1 230 492 -1
0.1 238 239 -1
0.1 493 494 -1
0.1 486 495 -1
0.1 241 242 -1
0.1 240 497 -1
0.1 243 244 -1
0.1 498 499 -1
0.1 245 246 -1
0.1 500 501 -1
0.1 502 247 -1
0.1 248 249 -1
0.1 503 504 -1
0.1 250 251 -1
0.1 253 254 -1
0.1 252 507 -1
0.1 508 255 -1
0.1 506 509 -1
0.1 257 258 -1
0.1 256 511 -1
0.1 510 512 -1
0.1 513 259 -1
0.1 505 514 -1
0.1 496 515 -1
0.1 516 260 -1
0.1 476 517 -1
0.1 403 518 -1
