1 0 0 1
1 0 0 1
1 0 0 1
1 0 0 1
1 0 0 2
1 0 0 2
1 0 0 2
1 0 0 2
1 0 0 2
1 0 0 3
1 0 0 3
1 0 0 3
1 0 0 4
1 0 0 4
1 0 0 4
1 0 0 4
1 0 0 4
1 0 0 3
1 0 0 3
1 0 0 1
1 0 0 5
1 0 0 6
1 0 0 6
1 0 0 6
1 0 0 6
1 0 0 6
1 0 0 7
1 0 0 7
1 0 0 7
1 0 0 7
1 0 0 7
1 0 0 5
1 0 0 8
1 0 0 8
1 0 0 8
1 0 0 8
1 0 0 8
1 0 0 5
1 0 0 5
1 0 0 5
1 0 0 9
1 0 0 9
1 0 0 10
1 0 0 11
1 0 0 12
1 0 0 12
1 0 0 12
1 0 0 12
1 0 0 12
1 0 0 11
1 0 0 11
1 0 0 11
1 0 0 11
1 0 0 10
1 0 0 10
1 0 0 13
1 0 0 13
1 0 0 13
1 0 0 13
1 0 0 13
1 0 0 10
1 0 0 10
1 0 0 9
1 0 0 9
1 0 0 9
0.1 7 8 -1
0.1 10 11 -1
0.1 13 14 -1
0.1 68 15 -1
0.1 16 17 -1
0.1 69 70 -1
0.1 12 71 -1
0.1 72 18 -1
0.1 73 19 -1
0.1 67 74 -1
0.1 9 75 -1
0.1 66 76 -1
0.1 6 77 -1
0.1 5 78 -1
0.1 79 20 -1
0.1 4 80 -1
0.1 3 81 -1
0.1 2 82 -1
0.1 1 83 -1
0.1 23 24 -1
0.1 22 85 -1
0.1 25 26 -1
0.1 86 87 -1
0.1 21 88 -1
0.1 29 30 -1
0.1 28 90 -1
0.1 91 31 -1
0.1 27 92 -1
0.1 93 32 -1
0.1 34 35 -1
0.1 95 36 -1
0.1 96 37 -1
0.1 33 97 -1
0.1 38 39 -1
0.1 98 99 -1
0.1 94 100 -1
0.1 101 40 -1
0.1 89 102 -1
0.1 84 103 -1
0.1 48 49 -1
0.1 47 105 -1
0.1 46 106 -1
0.1 45 107 -1
0.1 108 50 -1
0.1 44 109 -1
0.1 51 52 -1
0.1 110 111 -1
0.1 112 53 -1
0.1 43 113 -1
0.1 54 55 -1
0.1 56 57 -1
0.1 116 58 -1
0.1 59 60 -1
0.1 117 118 -1
0.1 115 119 -1
0.1 114 120 -1
0.1 61 62 -1
0.1 121 122 -1
0.1 123 63 -1
0.1 124 64 -1
0.1 42 125 -1
0.1 126 65 -1
0.1 41 127 -1
0.1 104 128 -1
