1 0 0 1
1 0 0 1
1 0 0 1
1 0 0 1
1 0 0 2
1 0 0 2
1 0 0 2
1 0 0 2
1 0 0 2
1 0 0 2
1 0 0 2
1 0 0 2
1 0 0 2
1 0 0 2
1 0 0 3
1 0 0 3
1 0 0 3
1 0 0 3
1 0 0 4
1 0 0 4
1 0 0 4
1 0 0 4
1 0 0 4
1 0 0 4
1 0 0 4
1 0 0 4
1 0 0 4
1 0 0 3
1 0 0 3
1 0 0 3
1 0 0 3
1 0 0 3
1 0 0 3
1 0 0 5
1 0 0 4
1 0 0 6
1 0 0 1
1 0 0 1
1 0 0 1
1 0 0 1
1 0 0 1
1 0 0 1
1 0 0 6
1 0 0 6
1 0 0 6
1 0 0 6
1 0 0 6
1 0 0 6
1 0 0 6
1 0 0 6
1 0 0 6
1 0 0 5
1 0 0 7
1 0 0 7
1 0 0 7
1 0 0 7
1 0 0 7
1 0 0 7
1 0 0 7
1 0 0 7
1 0 0 7
1 0 0 7
1 0 0 5
1 0 0 5
1 0 0 5
1 0 0 5
1 0 0 5
1 0 0 5
1 0 0 5
1 0 0 5
0.1 2 3 -1
0.1 71 4 -1
0.1 1 72 -1
0.1 6 7 -1
0.1 5 74 -1
0.1 75 8 -1
0.1 10 11 -1
0.1 12 13 -1
0.1 77 78 -1
0.1 9 79 -1
0.1 76 80 -1
0.1 81 14 -1
0.1 16 17 -1
0.1 83 18 -1
0.1 15 84 -1
0.1 21 22 -1
0.1 86 23 -1
0.1 87 24 -1
0.1 20 88 -1
0.1 19 89 -1
0.1 26 27 -1
0.1 25 91 -1
0.1 90 92 -1
0.1 28 29 -1
0.1 30 31 -1
0.1 94 95 -1
0.1 32 33 -1
0.1 96 97 -1
0.1 93 98 -1
0.1 85 99 -1
0.1 82 100 -1
0.1 73 101 -1
0.1 35 36 -1
0.1 37 38 -1
0.1 39 40 -1
0.1 41 42 -1
0.1 105 106 -1
0.1 104 107 -1
0.1 103 108 -1
0.1 45 46 -1
0.1 47 48 -1
0.1 111 49 -1
0.1 110 112 -1
0.1 44 113 -1
0.1 43 114 -1
0.1 50 51 -1
0.1 115 116 -1
0.1 109 117 -1
0.1 34 118 -1
0.1 54 55 -1
0.1 56 57 -1
0.1 59 60 -1
0.1 58 122 -1
0.1 121 123 -1
0.1 61 62 -1
0.1 124 125 -1
0.1 120 126 -1
0.1 53 127 -1
0.1 128 63 -1
0.1 52 129 -1
0.1 64 65 -1
0.1 69 70 -1
0.1 68 132 -1
0.1 67 133 -1
0.1 66 134 -1
0.1 131 135 -1
0.1 130 136 -1
0.1 119 137 -1
0.1 102 138 -1
