1 0 0 1
1 0 0 2
1 0 0 3
1 0 0 3
1 0 0 3
1 0 0 3
1 0 0 3
1 0 0 3
1 0 0 3
1 0 0 3
1 0 0 3
1 0 0 3
1 0 0 2
1 0 0 2
1 0 0 2
1 0 0 4
1 0 0 4
1 0 0 4
1 0 0 4
1 0 0 4
1 0 0 4
1 0 0 4
1 0 0 4
1 0 0 4
1 0 0 4
1 0 0 2
1 0 0 2
1 0 0 2
1 0 0 2
1 0 0 2
1 0 0 5
1 0 0 5
1 0 0 5
1 0 0 5
1 0 0 5
1 0 0 5
1 0 0 5
1 0 0 6
1 0 0 2
1 0 0 6
1 0 0 6
1 0 0 6
1 0 0 6
1 0 0 6
1 0 0 6
1 0 0 6
1 0 0 6
1 0 0 6
1 0 0 7
1 0 0 7
1 0 0 7
1 0 0 7
1 0 0 7
1 0 0 7
1 0 0 7
1 0 0 7
1 0 0 7
1 0 0 7
1 0 0 5
1 0 0 5
1 0 0 5
1 0 0 1
1 0 0 1
1 0 0 1
1 0 0 1
1 0 0 1
1 0 0 1
1 0 0 1
1 0 0 1
1 0 0 1
0.1 3 4 -1
0.1 6 7 -1
0.1 8 9 -1
0.1 72 73 -1
0.1 5 74 -1
0.1 71 75 -1
0.1 10 11 -1
0.1 77 12 -1
0.1 76 78 -1
0.1 2 79 -1
0.1 13 14 -1
0.1 17 18 -1
0.1 19 20 -1
0.1 22 23 -1
0.1 21 84 -1
0.1 83 85 -1
0.1 82 86 -1
0.1 87 24 -1
0.1 88 25 -1
0.1 16 89 -1
0.1 26 27 -1
0.1 91 28 -1
0.1 29 30 -1
0.1 92 93 -1
0.1 90 94 -1
0.1 15 95 -1
0.1 81 96 -1
0.1 80 97 -1
0.1 1 98 -1
0.1 33 34 -1
0.1 35 36 -1
0.1 100 101 -1
0.1 32 102 -1
0.1 103 37 -1
0.1 40 41 -1
0.1 39 105 -1
0.1 38 106 -1
0.1 42 43 -1
0.1 107 108 -1
0.1 46 47 -1
0.1 110 48 -1
0.1 45 111 -1
0.1 112 49 -1
0.1 52 53 -1
0.1 51 114 -1
0.1 50 115 -1
0.1 55 56 -1
0.1 54 117 -1
0.1 116 118 -1
0.1 113 119 -1
0.1 57 58 -1
0.1 120 121 -1
0.1 44 122 -1
0.1 109 123 -1
0.1 124 59 -1
0.1 60 61 -1
0.1 125 126 -1
0.1 104 127 -1
0.1 31 128 -1
0.1 65 66 -1
0.1 64 130 -1
0.1 131 67 -1
0.1 68 69 -1
0.1 132 133 -1
0.1 63 134 -1
0.1 135 70 -1
0.1 62 136 -1
0.1 129 137 -1
0.1 99 138 -1
