1 0 0 1
1 0 0 1
1 0 0 1
1 0 0 1
1 0 0 1
1 0 0 1
1 0 0 1
1 0 0 2
1 0 0 1
1 0 0 1
1 0 0 1
1 0 0 2
1 0 0 2
1 0 0 2
1 0 0 2
1 0 0 2
1 0 0 3
1 0 0 3
1 0 0 3
1 0 0 3
1 0 0 3
1 0 0 3
1 0 0 3
1 0 0 3
1 0 0 3
1 0 0 3
1 0 0 2
1 0 0 4
1 0 0 4
1 0 0 4
1 0 0 4
1 0 0 4
1 0 0 4
1 0 0 4
1 0 0 4
1 0 0 4
1 0 0 5
1 0 0 5
1 0 0 5
1 0 0 5
1 0 0 5
1 0 0 5
1 0 0 5
1 0 0 5
1 0 0 5
1 0 0 5
1 0 0 4
1 0 0 6
1 0 0 6
1 0 0 6
1 0 0 6
1 0 0 6
1 0 0 6
1 0 0 6
1 0 0 6
1 0 0 6
1 0 0 6
1 0 0 2
1 0 0 2
1 0 0 7
1 0 0 7
1 0 0 7
1 0 0 7
1 0 0 7
1 0 0 7
1 0 0 8
1 0 0 8
1 0 0 8
1 0 0 8
1 0 0 8
1 0 0 8
1 0 0 8
1 0 0 8
1 0 0 8
1 0 0 8
1 0 0 7
1 0 0 7
1 0 0 7
1 0 0 9
1 0 0 9
1 0 0 9
1 0 0 9
1 0 0 9
1 0 0 9
1 0 0 9
1 0 0 9
1 0 0 10
1 0 0 11
1 0 0 11
1 0 0 11
1 0 0 11
1 0 0 11
1 0 0 11
1 0 0 11
1 0 0 11
1 0 0 11
1 0 0 12
1 0 0 12
1 0 0 12
1 0 0 12
1 0 0 12
1 0 0 12
1 0 0 12
1 0 0 12
1 0 0 12
1 0 0 12
1 0 0 11
1 0 0 10
1 0 0 10
1 0 0 10
1 0 0 10
1 0 0 10
1 0 0 10
1 0 0 10
1 0 0 10
1 0 0 10
1 0 0 9
1 0 0 9
1 0 0 13
1 0 0 13
1 0 0 7
1 0 0 13
1 0 0 13
1 0 0 13
1 0 0 13
1 0 0 13
1 0 0 13
1 0 0 13
1 0 0 14
1 0 0 14
1 0 0 14
1 0 0 14
1 0 0 14
1 0 0 14
1 0 0 14
1 0 0 14
1 0 0 14
1 0 0 14
1 0 0 13
1 0 0 2
1 0 0 15
1 0 0 15
1 0 0 15
1 0 0 15
1 0 0 15
1 0 0 16
1 0 0 16
1 0 0 16
1 0 0 16
1 0 0 16
1 0 0 16
1 0 0 16
1 0 0 16
1 0 0 16
1 0 0 17
1 0 0 17
1 0 0 16
1 0 0 18
1 0 0 18
1 0 0 18
1 0 0 18
1 0 0 18
1 0 0 17
1 0 0 17
1 0 0 18
1 0 0 18
1 0 0 18
1 0 0 19
1 0 0 19
1 0 0 19
1 0 0 19
1 0 0 20
1 0 0 20
1 0 0 20
1 0 0 20
1 0 0 20
1 0 0 20
1 0 0 20
1 0 0 20
1 0 0 20
1 0 0 20
1 0 0 19
1 0 0 19
1 0 0 21
1 0 0 21
1 0 0 21
1 0 0 21
1 0 0 21
1 0 0 21
1 0 0 21
1 0 0 21
1 0 0 21
1 0 0 21
1 0 0 19
1 0 0 19
1 0 0 19
1 0 0 19
1 0 0 18
1 0 0 18
1 0 0 17
1 0 0 17
1 0 0 17
1 0 0 22
1 0 0 22
1 0 0 22
1 0 0 22
1 0 0 22
1 0 0 22
1 0 0 22
1 0 0 22
1 0 0 17
1 0 0 22
1 0 0 22
1 0 0 17
1 0 0 17
1 0 0 15
1 0 0 15
1 0 0 15
1 0 0 15
1 0 0 15
1 0 0 23
1 0 0 23
1 0 0 23
1 0 0 23
1 0 0 23
1 0 0 23
1 0 0 23
1 0 0 23
1 0 0 23
1 0 0 23
0.1 2 3 -1
0.1 5 6 -1
0.1 4 232 -1
0.1 7 8 -1
0.1 233 234 -1
0.1 235 9 -1
0.1 231 236 -1
0.1 1 237 -1
0.1 238 10 -1
0.1 239 11 -1
0.1 12 13 -1
0.1 14 15 -1
0.1 241 242 -1
0.1 243 16 -1
0.1 17 18 -1
0.1 19 20 -1
0.1 21 22 -1
0.1 246 247 -1
0.1 24 25 -1
0.1 23 249 -1
0.1 250 26 -1
0.1 248 251 -1
0.1 245 252 -1
0.1 244 253 -1
0.1 240 254 -1
0.1 29 30 -1
0.1 32 33 -1
0.1 31 257 -1
0.1 34 35 -1
0.1 258 259 -1
0.1 256 260 -1
0.1 39 40 -1
0.1 38 262 -1
0.1 37 263 -1
0.1 42 43 -1
0.1 44 45 -1
0.1 265 266 -1
0.1 267 46 -1
0.1 41 268 -1
0.1 264 269 -1
0.1 36 270 -1
0.1 261 271 -1
0.1 28 272 -1
0.1 273 47 -1
0.1 50 51 -1
0.1 49 275 -1
0.1 53 54 -1
0.1 277 55 -1
0.1 52 278 -1
0.1 279 56 -1
0.1 276 280 -1
0.1 48 281 -1
0.1 282 57 -1
0.1 274 283 -1
0.1 27 284 -1
0.1 285 58 -1
0.1 286 59 -1
0.1 62 63 -1
0.1 66 67 -1
0.1 68 69 -1
0.1 289 290 -1
0.1 291 70 -1
0.1 71 72 -1
0.1 293 73 -1
0.1 294 74 -1
0.1 292 295 -1
0.1 296 75 -1
0.1 297 76 -1
0.1 65 298 -1
0.1 299 77 -1
0.1 64 300 -1
0.1 288 301 -1
0.1 302 78 -1
0.1 82 83 -1
0.1 304 84 -1
0.1 85 86 -1
0.1 305 306 -1
0.1 81 307 -1
0.1 89 90 -1
0.1 88 309 -1
0.1 92 93 -1
0.1 91 311 -1
0.1 310 312 -1
0.1 313 94 -1
0.1 97 98 -1
0.1 315 99 -1
0.1 316 100 -1
0.1 317 101 -1
0.1 103 104 -1
0.1 102 319 -1
0.1 320 105 -1
0.1 318 321 -1
0.1 322 106 -1
0.1 96 323 -1
0.1 95 324 -1
0.1 314 325 -1
0.1 326 107 -1
0.1 87 327 -1
0.1 108 109 -1
0.1 111 112 -1
0.1 110 330 -1
0.1 329 331 -1
0.1 332 113 -1
0.1 333 114 -1
0.1 334 115 -1
0.1 328 335 -1
0.1 336 116 -1
0.1 308 337 -1
0.1 117 118 -1
0.1 338 339 -1
0.1 80 340 -1
0.1 79 341 -1
0.1 119 120 -1
0.1 342 343 -1
0.1 344 121 -1
0.1 303 345 -1
0.1 61 346 -1
0.1 60 347 -1
0.1 124 125 -1
0.1 349 126 -1
0.1 127 128 -1
0.1 129 130 -1
0.1 131 132 -1
0.1 352 353 -1
0.1 133 134 -1
0.1 354 355 -1
0.1 135 136 -1
0.1 356 357 -1
0.1 358 137 -1
0.1 359 138 -1
0.1 351 360 -1
0.1 350 361 -1
0.1 362 139 -1
0.1 123 363 -1
0.1 122 364 -1
0.1 348 365 -1
0.1 366 140 -1
0.1 287 367 -1
0.1 255 368 -1
0.1 141 142 -1
0.1 370 143 -1
0.1 369 371 -1
0.1 372 144 -1
0.1 373 145 -1
0.1 149 150 -1
0.1 151 152 -1
0.1 375 376 -1
0.1 377 153 -1
0.1 148 378 -1
0.1 147 379 -1
0.1 380 154 -1
0.1 155 156 -1
0.1 381 382 -1
0.1 383 157 -1
0.1 146 384 -1
0.1 161 162 -1
0.1 160 386 -1
0.1 159 387 -1
0.1 163 164 -1
0.1 389 165 -1
0.1 166 167 -1
0.1 390 391 -1
0.1 388 392 -1
0.1 168 169 -1
0.1 174 175 -1
0.1 395 176 -1
0.1 173 396 -1
0.1 172 397 -1
0.1 398 177 -1
0.1 178 179 -1
0.1 400 180 -1
0.1 399 401 -1
0.1 402 181 -1
0.1 171 403 -1
0.1 170 404 -1
0.1 185 186 -1
0.1 187 188 -1
0.1 406 407 -1
0.1 408 189 -1
0.1 184 409 -1
0.1 410 190 -1
0.1 191 192 -1
0.1 411 412 -1
0.1 413 193 -1
0.1 183 414 -1
0.1 194 195 -1
0.1 416 196 -1
0.1 417 197 -1
0.1 415 418 -1
0.1 182 419 -1
0.1 405 420 -1
0.1 394 421 -1
0.1 393 422 -1
0.1 198 199 -1
0.1 423 424 -1
0.1 158 425 -1
0.1 200 201 -1
0.1 205 206 -1
0.1 204 428 -1
0.1 203 429 -1
0.1 430 207 -1
0.1 209 210 -1
0.1 208 432 -1
0.1 431 433 -1
0.1 211 212 -1
0.1 435 213 -1
0.1 434 436 -1
0.1 202 437 -1
0.1 427 438 -1
0.1 439 214 -1
0.1 426 440 -1
0.1 441 215 -1
0.1 216 217 -1
0.1 443 218 -1
0.1 442 444 -1
0.1 223 224 -1
0.1 222 446 -1
0.1 447 225 -1
0.1 228 229 -1
0.1 227 449 -1
0.1 226 450 -1
0.1 451 230 -1
0.1 448 452 -1
0.1 221 453 -1
0.1 220 454 -1
0.1 219 455 -1
0.1 445 456 -1
0.1 385 457 -1
0.1 374 458 -1
