1 0 0 1
1 0 0 1
1 0 0 1
1 0 0 1
1 0 0 1
1 0 0 1
1 0 0 1
1 0 0 1
1 0 0 1
1 0 0 1
1 0 0 2
1 0 0 2
1 0 0 2
1 0 0 3
1 0 0 3
1 0 0 3
1 0 0 3
1 0 0 3
1 0 0 3
1 0 0 3
1 0 0 3
1 0 0 3
1 0 0 4
1 0 0 5
1 0 0 5
1 0 0 5
1 0 0 5
1 0 0 5
1 0 0 5
1 0 0 5
1 0 0 5
1 0 0 5
1 0 0 5
1 0 0 4
1 0 0 4
1 0 0 4
1 0 0 4
1 0 0 4
1 0 0 4
1 0 0 4
1 0 0 3
1 0 0 4
1 0 0 4
1 0 0 2
1 0 0 6
1 0 0 6
1 0 0 7
1 0 0 7
1 0 0 7
1 0 0 7
1 0 0 7
1 0 0 7
1 0 0 7
1 0 0 7
1 0 0 7
1 0 0 7
1 0 0 6
1 0 0 6
1 0 0 6
1 0 0 8
1 0 0 8
1 0 0 8
1 0 0 8
1 0 0 8
1 0 0 8
1 0 0 8
1 0 0 8
1 0 0 8
1 0 0 8
1 0 0 9
1 0 0 9
1 0 0 9
1 0 0 9
1 0 0 9
1 0 0 9
1 0 0 9
1 0 0 9
1 0 0 9
1 0 0 9
1 0 0 6
1 0 0 6
1 0 0 6
1 0 0 6
1 0 0 6
1 0 0 2
1 0 0 2
1 0 0 2
1 0 0 2
1 0 0 2
1 0 0 2
1 0 0 10
1 0 0 10
1 0 0 10
1 0 0 10
1 0 0 10
1 0 0 10
1 0 0 10
1 0 0 10
1 0 0 10
1 0 0 10
1 0 0 11
1 0 0 12
1 0 0 12
1 0 0 12
1 0 0 12
1 0 0 12
1 0 0 12
1 0 0 12
1 0 0 12
1 0 0 12
1 0 0 12
1 0 0 13
1 0 0 13
1 0 0 13
1 0 0 13
1 0 0 13
1 0 0 13
1 0 0 13
1 0 0 13
1 0 0 13
1 0 0 13
1 0 0 11
1 0 0 11
1 0 0 11
1 0 0 11
1 0 0 11
1 0 0 11
1 0 0 11
1 0 0 11
1 0 0 11
1 0 0 14
1 0 0 14
1 0 0 14
1 0 0 14
1 0 0 14
1 0 0 14
1 0 0 14
1 0 0 14
1 0 0 15
1 0 0 15
1 0 0 15
1 0 0 15
1 0 0 15
1 0 0 15
1 0 0 15
1 0 0 15
1 0 0 15
1 0 0 15
1 0 0 14
1 0 0 14
1 0 0 16
1 0 0 16
1 0 0 16
1 0 0 16
1 0 0 16
1 0 0 16
1 0 0 16
1 0 0 16
1 0 0 16
1 0 0 17
1 0 0 17
1 0 0 16
1 0 0 17
1 0 0 17
1 0 0 17
1 0 0 17
1 0 0 18
1 0 0 18
1 0 0 18
1 0 0 18
1 0 0 18
1 0 0 18
1 0 0 18
1 0 0 19
1 0 0 18
1 0 0 18
1 0 0 18
1 0 0 19
1 0 0 19
1 0 0 19
1 0 0 19
1 0 0 19
1 0 0 19
1 0 0 19
1 0 0 20
1 0 0 20
1 0 0 20
1 0 0 20
1 0 0 20
1 0 0 20
1 0 0 20
1 0 0 20
1 0 0 20
1 0 0 20
1 0 0 19
1 0 0 21
1 0 0 21
1 0 0 21
1 0 0 21
1 0 0 21
1 0 0 21
1 0 0 21
1 0 0 21
1 0 0 21
1 0 0 21
1 0 0 19
1 0 0 17
1 0 0 17
1 0 0 22
1 0 0 22
1 0 0 22
1 0 0 22
1 0 0 22
1 0 0 22
1 0 0 22
1 0 0 22
1 0 0 22
1 0 0 22
1 0 0 17
1 0 0 17
1 0 0 23
1 0 0 23
1 0 0 23
1 0 0 23
1 0 0 23
1 0 0 23
1 0 0 23
1 0 0 23
1 0 0 23
1 0 0 23
0.1 2 3 -1
0.1 4 5 -1
0.1 231 232 -1
0.1 1 233 -1
0.1 8 9 -1
0.1 7 235 -1
0.1 6 236 -1
0.1 234 237 -1
0.1 238 10 -1
0.1 239 11 -1
0.1 16 17 -1
0.1 18 19 -1
0.1 241 242 -1
0.1 15 243 -1
0.1 20 21 -1
0.1 245 22 -1
0.1 244 246 -1
0.1 14 247 -1
0.1 24 25 -1
0.1 26 27 -1
0.1 249 250 -1
0.1 251 28 -1
0.1 29 30 -1
0.1 253 31 -1
0.1 254 32 -1
0.1 255 33 -1
0.1 252 256 -1
0.1 23 257 -1
0.1 34 35 -1
0.1 36 37 -1
0.1 260 38 -1
0.1 39 40 -1
0.1 261 262 -1
0.1 259 263 -1
0.1 41 42 -1
0.1 264 265 -1
0.1 266 43 -1
0.1 258 267 -1
0.1 268 44 -1
0.1 248 269 -1
0.1 13 270 -1
0.1 47 48 -1
0.1 49 50 -1
0.1 52 53 -1
0.1 54 55 -1
0.1 274 275 -1
0.1 51 276 -1
0.1 277 56 -1
0.1 273 278 -1
0.1 272 279 -1
0.1 46 280 -1
0.1 58 59 -1
0.1 60 61 -1
0.1 64 65 -1
0.1 63 284 -1
0.1 66 67 -1
0.1 286 68 -1
0.1 287 69 -1
0.1 285 288 -1
0.1 62 289 -1
0.1 283 290 -1
0.1 72 73 -1
0.1 292 74 -1
0.1 293 75 -1
0.1 71 294 -1
0.1 70 295 -1
0.1 76 77 -1
0.1 78 79 -1
0.1 297 298 -1
0.1 296 299 -1
0.1 291 300 -1
0.1 282 301 -1
0.1 57 302 -1
0.1 303 80 -1
0.1 82 83 -1
0.1 81 305 -1
0.1 306 84 -1
0.1 304 307 -1
0.1 281 308 -1
0.1 45 309 -1
0.1 271 310 -1
0.1 12 311 -1
0.1 86 87 -1
0.1 88 89 -1
0.1 313 314 -1
0.1 315 90 -1
0.1 85 316 -1
0.1 312 317 -1
0.1 92 93 -1
0.1 91 319 -1
0.1 94 95 -1
0.1 320 321 -1
0.1 96 97 -1
0.1 98 99 -1
0.1 100 101 -1
0.1 106 107 -1
0.1 105 326 -1
0.1 108 109 -1
0.1 327 328 -1
0.1 110 111 -1
0.1 329 330 -1
0.1 104 331 -1
0.1 103 332 -1
0.1 102 333 -1
0.1 115 116 -1
0.1 117 118 -1
0.1 335 336 -1
0.1 337 119 -1
0.1 338 120 -1
0.1 114 339 -1
0.1 113 340 -1
0.1 341 121 -1
0.1 112 342 -1
0.1 334 343 -1
0.1 344 122 -1
0.1 325 345 -1
0.1 125 126 -1
0.1 124 347 -1
0.1 127 128 -1
0.1 348 349 -1
0.1 129 130 -1
0.1 350 351 -1
0.1 123 352 -1
0.1 346 353 -1
0.1 324 354 -1
0.1 323 355 -1
0.1 322 356 -1
0.1 318 357 -1
0.1 132 133 -1
0.1 131 359 -1
0.1 360 134 -1
0.1 135 136 -1
0.1 362 137 -1
0.1 141 142 -1
0.1 140 364 -1
0.1 365 143 -1
0.1 366 144 -1
0.1 147 148 -1
0.1 146 368 -1
0.1 145 369 -1
0.1 367 370 -1
0.1 139 371 -1
0.1 138 372 -1
0.1 373 149 -1
0.1 363 374 -1
0.1 375 150 -1
0.1 361 376 -1
0.1 358 377 -1
0.1 240 378 -1
0.1 154 155 -1
0.1 156 157 -1
0.1 380 381 -1
0.1 153 382 -1
0.1 383 158 -1
0.1 152 384 -1
0.1 385 159 -1
0.1 160 161 -1
0.1 386 387 -1
0.1 388 162 -1
0.1 151 389 -1
0.1 163 164 -1
0.1 390 391 -1
0.1 168 169 -1
0.1 171 172 -1
0.1 170 394 -1
0.1 393 395 -1
0.1 167 396 -1
0.1 397 173 -1
0.1 175 176 -1
0.1 399 177 -1
0.1 400 178 -1
0.1 174 401 -1
0.1 398 402 -1
0.1 182 183 -1
0.1 186 187 -1
0.1 185 405 -1
0.1 188 189 -1
0.1 407 190 -1
0.1 406 408 -1
0.1 193 194 -1
0.1 192 410 -1
0.1 191 411 -1
0.1 409 412 -1
0.1 413 195 -1
0.1 184 414 -1
0.1 404 415 -1
0.1 181 416 -1
0.1 180 417 -1
0.1 198 199 -1
0.1 419 200 -1
0.1 197 420 -1
0.1 196 421 -1
0.1 422 201 -1
0.1 423 202 -1
0.1 203 204 -1
0.1 424 425 -1
0.1 426 205 -1
0.1 427 206 -1
0.1 418 428 -1
0.1 179 429 -1
0.1 403 430 -1
0.1 166 431 -1
0.1 165 432 -1
0.1 207 208 -1
0.1 210 211 -1
0.1 209 435 -1
0.1 215 216 -1
0.1 214 437 -1
0.1 213 438 -1
0.1 212 439 -1
0.1 436 440 -1
0.1 217 218 -1
0.1 442 219 -1
0.1 441 443 -1
0.1 444 220 -1
0.1 434 445 -1
0.1 433 446 -1
0.1 392 447 -1
0.1 222 223 -1
0.1 224 225 -1
0.1 449 450 -1
0.1 227 228 -1
0.1 226 452 -1
0.1 451 453 -1
0.1 229 230 -1
0.1 454 455 -1
0.1 221 456 -1
0.1 448 457 -1
0.1 379 458 -1
