1 0 0 1
1 0 0 1
1 0 0 1
1 0 0 1
1 0 0 1
1 0 0 1
1 0 0 1
1 0 0 1
1 0 0 1
1 0 0 1
1 0 0 2
1 0 0 2
1 0 0 2
1 0 0 2
1 0 0 2
1 0 0 2
1 0 0 2
1 0 0 2
1 0 0 2
1 0 0 2
1 0 0 3
1 0 0 3
1 0 0 3
1 0 0 3
1 0 0 4
1 0 0 4
1 0 0 4
1 0 0 4
1 0 0 4
1 0 0 4
1 0 0 4
1 0 0 4
1 0 0 4
1 0 0 4
1 0 0 3
1 0 0 3
1 0 0 3
1 0 0 3
1 0 0 3
1 0 0 3
1 0 0 5
1 0 0 5
1 0 0 5
1 0 0 5
1 0 0 6
1 0 0 6
1 0 0 5
1 0 0 6
1 0 0 6
1 0 0 6
1 0 0 6
1 0 0 7
1 0 0 6
1 0 0 7
1 0 0 7
1 0 0 7
1 0 0 7
1 0 0 7
1 0 0 7
1 0 0 7
1 0 0 6
1 0 0 6
1 0 0 7
1 0 0 7
1 0 0 6
1 0 0 5
1 0 0 8
1 0 0 8
1 0 0 8
1 0 0 8
1 0 0 8
1 0 0 8
1 0 0 8
1 0 0 8
1 0 0 8
1 0 0 8
1 0 0 5
1 0 0 5
1 0 0 5
1 0 0 5
0.1 2 3 -1
0.1 5 6 -1
0.1 4 82 -1
0.1 81 83 -1
0.1 7 8 -1
0.1 85 9 -1
0.1 84 86 -1
0.1 87 10 -1
0.1 1 88 -1
0.1 11 12 -1
0.1 90 13 -1
0.1 91 14 -1
0.1 92 15 -1
0.1 17 18 -1
0.1 16 94 -1
0.1 93 95 -1
0.1 96 19 -1
0.1 89 97 -1
0.1 98 20 -1
0.1 23 24 -1
0.1 22 100 -1
0.1 21 101 -1
0.1 27 28 -1
0.1 103 29 -1
0.1 26 104 -1
0.1 30 31 -1
0.1 105 106 -1
0.1 107 32 -1
0.1 108 33 -1
0.1 109 34 -1
0.1 25 110 -1
0.1 35 36 -1
0.1 112 37 -1
0.1 111 113 -1
0.1 102 114 -1
0.1 99 115 -1
0.1 38 39 -1
0.1 117 40 -1
0.1 116 118 -1
0.1 42 43 -1
0.1 120 44 -1
0.1 41 121 -1
0.1 119 122 -1
0.1 45 46 -1
0.1 50 51 -1
0.1 49 125 -1
0.1 54 55 -1
0.1 127 56 -1
0.1 128 57 -1
0.1 129 58 -1
0.1 130 59 -1
0.1 53 131 -1
0.1 61 62 -1
0.1 133 63 -1
0.1 134 64 -1
0.1 60 135 -1
0.1 132 136 -1
0.1 52 137 -1
0.1 138 65 -1
0.1 126 139 -1
0.1 48 140 -1
0.1 47 141 -1
0.1 69 70 -1
0.1 68 143 -1
0.1 67 144 -1
0.1 72 73 -1
0.1 146 74 -1
0.1 147 75 -1
0.1 148 76 -1
0.1 71 149 -1
0.1 145 150 -1
0.1 66 151 -1
0.1 142 152 -1
0.1 124 153 -1
0.1 77 78 -1
0.1 155 79 -1
0.1 154 156 -1
0.1 157 80 -1
0.1 123 158 -1
