1 0 0 1
1 0 0 1
1 0 0 1
1 0 0 1
1 0 0 1
1 0 0 1
1 0 0 1
1 0 0 1
1 0 0 1
1 0 0 1
1 0 0 2
1 0 0 2
1 0 0 2
1 0 0 2
1 0 0 2
1 0 0 2
1 0 0 2
1 0 0 2
1 0 0 2
1 0 0 3
1 0 0 3
1 0 0 3
1 0 0 3
1 0 0 3
1 0 0 3
1 0 0 3
1 0 0 3
1 0 0 3
1 0 0 3
1 0 0 4
1 0 0 4
1 0 0 4
1 0 0 4
1 0 0 4
1 0 0 4
1 0 0 4
1 0 0 4
1 0 0 4
1 0 0 4
1 0 0 5
1 0 0 5
1 0 0 5
1 0 0 5
1 0 0 5
1 0 0 5
1 0 0 5
1 0 0 5
1 0 0 5
1 0 0 5
1 0 0 2
1 0 0 6
1 0 0 7
1 0 0 7
1 0 0 7
1 0 0 7
1 0 0 7
1 0 0 7
1 0 0 7
1 0 0 7
1 0 0 7
1 0 0 7
1 0 0 8
1 0 0 8
1 0 0 8
1 0 0 8
1 0 0 8
1 0 0 8
1 0 0 8
1 0 0 8
1 0 0 8
1 0 0 9
1 0 0 9
1 0 0 9
1 0 0 10
1 0 0 10
1 0 0 11
1 0 0 11
1 0 0 11
1 0 0 11
1 0 0 11
1 0 0 11
1 0 0 11
1 0 0 11
1 0 0 11
1 0 0 11
1 0 0 10
1 0 0 10
1 0 0 10
1 0 0 10
1 0 0 10
1 0 0 10
1 0 0 10
1 0 0 10
1 0 0 9
1 0 0 9
1 0 0 9
1 0 0 9
1 0 0 9
1 0 0 12
1 0 0 12
1 0 0 12
1 0 0 12
1 0 0 12
1 0 0 12
1 0 0 12
1 0 0 12
1 0 0 12
1 0 0 12
1 0 0 9
1 0 0 9
1 0 0 13
1 0 0 13
1 0 0 13
1 0 0 13
1 0 0 13
1 0 0 13
1 0 0 13
1 0 0 13
1 0 0 13
1 0 0 13
1 0 0 14
1 0 0 14
1 0 0 14
1 0 0 14
1 0 0 14
1 0 0 14
1 0 0 14
1 0 0 14
1 0 0 14
1 0 0 14
1 0 0 6
1 0 0 6
1 0 0 8
1 0 0 15
1 0 0 15
1 0 0 15
1 0 0 15
1 0 0 15
1 0 0 15
1 0 0 15
1 0 0 16
1 0 0 15
1 0 0 15
1 0 0 15
1 0 0 17
1 0 0 17
1 0 0 17
1 0 0 17
1 0 0 17
1 0 0 17
1 0 0 17
1 0 0 17
1 0 0 17
1 0 0 17
1 0 0 18
1 0 0 18
1 0 0 18
1 0 0 18
1 0 0 18
1 0 0 18
1 0 0 18
1 0 0 18
1 0 0 18
1 0 0 18
1 0 0 19
1 0 0 19
1 0 0 19
1 0 0 19
1 0 0 19
1 0 0 19
1 0 0 19
1 0 0 19
1 0 0 19
1 0 0 19
1 0 0 20
1 0 0 20
1 0 0 20
1 0 0 20
1 0 0 20
1 0 0 20
1 0 0 20
1 0 0 20
1 0 0 20
1 0 0 20
1 0 0 21
1 0 0 21
1 0 0 21
1 0 0 21
1 0 0 21
1 0 0 21
1 0 0 21
1 0 0 21
1 0 0 21
1 0 0 21
1 0 0 22
1 0 0 22
1 0 0 22
1 0 0 22
1 0 0 22
1 0 0 22
1 0 0 22
1 0 0 22
1 0 0 22
1 0 0 22
1 0 0 16
1 0 0 16
1 0 0 16
1 0 0 16
1 0 0 16
1 0 0 16
1 0 0 16
1 0 0 16
1 0 0 16
1 0 0 23
1 0 0 23
1 0 0 23
1 0 0 23
1 0 0 23
1 0 0 23
1 0 0 23
1 0 0 23
1 0 0 23
1 0 0 23
1 0 0 24
1 0 0 24
1 0 0 24
1 0 0 24
1 0 0 24
1 0 0 24
1 0 0 24
1 0 0 24
1 0 0 24
1 0 0 24
1 0 0 25
1 0 0 25
1 0 0 25
1 0 0 25
1 0 0 25
1 0 0 25
1 0 0 25
1 0 0 25
1 0 0 25
1 0 0 25
1 0 0 26
1 0 0 26
1 0 0 26
1 0 0 26
1 0 0 26
1 0 0 26
1 0 0 26
1 0 0 26
1 0 0 26
1 0 0 26
1 0 0 6
1 0 0 6
1 0 0 6
1 0 0 6
1 0 0 6
1 0 0 6
1 0 0 27
1 0 0 27
1 0 0 27
1 0 0 27
1 0 0 27
1 0 0 27
1 0 0 27
1 0 0 27
1 0 0 27
1 0 0 27
1 0 0 6
1 0 0 28
1 0 0 28
1 0 0 28
1 0 0 29
1 0 0 29
1 0 0 29
1 0 0 29
1 0 0 29
1 0 0 29
1 0 0 29
1 0 0 29
1 0 0 30
1 0 0 30
1 0 0 31
1 0 0 31
1 0 0 31
1 0 0 31
1 0 0 31
1 0 0 31
1 0 0 32
1 0 0 32
1 0 0 32
1 0 0 32
1 0 0 32
1 0 0 32
1 0 0 32
1 0 0 32
1 0 0 32
1 0 0 32
1 0 0 33
1 0 0 33
1 0 0 33
1 0 0 33
1 0 0 33
1 0 0 33
1 0 0 33
1 0 0 33
1 0 0 33
1 0 0 33
1 0 0 31
1 0 0 31
1 0 0 31
1 0 0 31
1 0 0 34
1 0 0 34
1 0 0 34
1 0 0 34
1 0 0 34
1 0 0 34
1 0 0 34
1 0 0 34
1 0 0 34
1 0 0 34
1 0 0 30
1 0 0 30
1 0 0 30
1 0 0 30
1 0 0 30
1 0 0 30
1 0 0 30
1 0 0 30
1 0 0 35
1 0 0 35
1 0 0 35
1 0 0 35
1 0 0 35
1 0 0 35
1 0 0 35
1 0 0 35
1 0 0 29
1 0 0 29
1 0 0 35
1 0 0 35
1 0 0 36
1 0 0 36
1 0 0 36
1 0 0 37
1 0 0 37
1 0 0 37
1 0 0 37
1 0 0 37
1 0 0 37
1 0 0 37
1 0 0 37
1 0 0 37
1 0 0 37
1 0 0 38
1 0 0 38
1 0 0 39
1 0 0 39
1 0 0 39
1 0 0 39
1 0 0 39
1 0 0 39
1 0 0 39
1 0 0 39
1 0 0 39
1 0 0 39
1 0 0 38
1 0 0 38
1 0 0 38
1 0 0 38
1 0 0 38
1 0 0 38
1 0 0 38
1 0 0 38
1 0 0 36
1 0 0 40
1 0 0 36
1 0 0 36
1 0 0 41
1 0 0 41
1 0 0 41
1 0 0 41
1 0 0 41
1 0 0 41
1 0 0 41
1 0 0 41
1 0 0 41
1 0 0 41
1 0 0 36
1 0 0 36
1 0 0 36
1 0 0 36
1 0 0 42
1 0 0 42
1 0 0 42
1 0 0 42
1 0 0 42
1 0 0 42
1 0 0 42
1 0 0 42
1 0 0 42
1 0 0 42
1 0 0 43
1 0 0 43
1 0 0 43
1 0 0 43
1 0 0 43
1 0 0 43
1 0 0 43
1 0 0 43
1 0 0 43
1 0 0 43
1 0 0 40
1 0 0 40
1 0 0 40
1 0 0 40
1 0 0 40
1 0 0 40
1 0 0 40
1 0 0 40
1 0 0 40
1 0 0 28
1 0 0 28
1 0 0 28
1 0 0 28
1 0 0 28
1 0 0 44
1 0 0 44
1 0 0 44
1 0 0 44
1 0 0 44
1 0 0 44
1 0 0 44
1 0 0 44
1 0 0 44
1 0 0 44
1 0 0 45
1 0 0 45
1 0 0 45
1 0 0 45
1 0 0 45
1 0 0 45
1 0 0 45
1 0 0 45
1 0 0 45
1 0 0 45
1 0 0 28
1 0 0 28
1 0 0 46
1 0 0 46
1 0 0 46
1 0 0 46
1 0 0 46
1 0 0 46
1 0 0 46
1 0 0 47
1 0 0 47
1 0 0 47
1 0 0 48
1 0 0 48
1 0 0 48
1 0 0 48
1 0 0 48
1 0 0 48
1 0 0 48
1 0 0 48
1 0 0 48
1 0 0 48
1 0 0 47
1 0 0 47
1 0 0 49
1 0 0 49
1 0 0 49
1 0 0 49
1 0 0 49
1 0 0 49
1 0 0 49
1 0 0 49
1 0 0 49
1 0 0 49
1 0 0 47
1 0 0 47
1 0 0 47
1 0 0 47
1 0 0 47
1 0 0 50
1 0 0 50
1 0 0 50
1 0 0 50
1 0 0 50
1 0 0 50
1 0 0 50
1 0 0 50
1 0 0 50
1 0 0 50
1 0 0 51
1 0 0 51
1 0 0 51
1 0 0 51
1 0 0 51
1 0 0 51
1 0 0 51
1 0 0 51
1 0 0 51
1 0 0 51
1 0 0 52
1 0 0 52
1 0 0 53
1 0 0 53
1 0 0 53
1 0 0 53
1 0 0 53
1 0 0 53
1 0 0 53
1 0 0 53
1 0 0 53
1 0 0 53
1 0 0 54
1 0 0 54
1 0 0 54
1 0 0 54
1 0 0 54
1 0 0 54
1 0 0 54
1 0 0 54
1 0 0 54
1 0 0 54
1 0 0 52
1 0 0 52
1 0 0 52
1 0 0 52
1 0 0 52
1 0 0 52
1 0 0 52
1 0 0 52
1 0 0 55
1 0 0 55
1 0 0 55
1 0 0 55
1 0 0 55
1 0 0 55
1 0 0 55
1 0 0 55
1 0 0 55
1 0 0 55
1 0 0 46
1 0 0 46
1 0 0 46
0.1 3 4 -1
0.1 551 5 -1
0.1 2 552 -1
0.1 1 553 -1
0.1 7 8 -1
0.1 9 10 -1
0.1 555 556 -1
0.1 6 557 -1
0.1 554 558 -1
0.1 12 13 -1
0.1 11 560 -1
0.1 14 15 -1
0.1 562 16 -1
0.1 563 17 -1
0.1 561 564 -1
0.1 18 19 -1
0.1 565 566 -1
0.1 559 567 -1
0.1 20 21 -1
0.1 569 22 -1
0.1 23 24 -1
0.1 571 25 -1
0.1 26 27 -1
0.1 573 28 -1
0.1 574 29 -1
0.1 572 575 -1
0.1 570 576 -1
0.1 32 33 -1
0.1 34 35 -1
0.1 578 579 -1
0.1 31 580 -1
0.1 30 581 -1
0.1 36 37 -1
0.1 38 39 -1
0.1 583 584 -1
0.1 582 585 -1
0.1 577 586 -1
0.1 40 41 -1
0.1 588 42 -1
0.1 43 44 -1
0.1 46 47 -1
0.1 45 591 -1
0.1 590 592 -1
0.1 589 593 -1
0.1 48 49 -1
0.1 594 595 -1
0.1 596 50 -1
0.1 587 597 -1
0.1 568 598 -1
0.1 53 54 -1
0.1 55 56 -1
0.1 600 601 -1
0.1 57 58 -1
0.1 603 59 -1
0.1 60 61 -1
0.1 604 605 -1
0.1 602 606 -1
0.1 52 607 -1
0.1 51 608 -1
0.1 66 67 -1
0.1 65 610 -1
0.1 68 69 -1
0.1 611 612 -1
0.1 64 613 -1
0.1 63 614 -1
0.1 615 70 -1
0.1 62 616 -1
0.1 72 73 -1
0.1 71 618 -1
0.1 74 75 -1
0.1 76 77 -1
0.1 78 79 -1
0.1 621 622 -1
0.1 80 81 -1
0.1 624 82 -1
0.1 625 83 -1
0.1 84 85 -1
0.1 626 627 -1
0.1 623 628 -1
0.1 620 629 -1
0.1 87 88 -1
0.1 90 91 -1
0.1 89 632 -1
0.1 631 633 -1
0.1 634 92 -1
0.1 86 635 -1
0.1 636 93 -1
0.1 630 637 -1
0.1 619 638 -1
0.1 94 95 -1
0.1 96 97 -1
0.1 641 98 -1
0.1 640 642 -1
0.1 99 100 -1
0.1 101 102 -1
0.1 644 645 -1
0.1 104 105 -1
0.1 106 107 -1
0.1 648 108 -1
0.1 647 649 -1
0.1 103 650 -1
0.1 646 651 -1
0.1 109 110 -1
0.1 652 653 -1
0.1 643 654 -1
0.1 111 112 -1
0.1 113 114 -1
0.1 116 117 -1
0.1 115 658 -1
0.1 657 659 -1
0.1 656 660 -1
0.1 119 120 -1
0.1 118 662 -1
0.1 661 663 -1
0.1 122 123 -1
0.1 124 125 -1
0.1 665 666 -1
0.1 121 667 -1
0.1 126 127 -1
0.1 128 129 -1
0.1 669 670 -1
0.1 671 130 -1
0.1 668 672 -1
0.1 664 673 -1
0.1 655 674 -1
0.1 639 675 -1
0.1 131 132 -1
0.1 676 677 -1
0.1 678 133 -1
0.1 617 679 -1
0.1 609 680 -1
0.1 599 681 -1
0.1 134 135 -1
0.1 683 136 -1
0.1 137 138 -1
0.1 139 140 -1
0.1 685 686 -1
0.1 684 687 -1
0.1 143 144 -1
0.1 142 689 -1
0.1 141 690 -1
0.1 145 146 -1
0.1 147 148 -1
0.1 149 150 -1
0.1 694 151 -1
0.1 693 695 -1
0.1 692 696 -1
0.1 152 153 -1
0.1 698 154 -1
0.1 697 699 -1
0.1 158 159 -1
0.1 157 701 -1
0.1 156 702 -1
0.1 160 161 -1
0.1 703 704 -1
0.1 155 705 -1
0.1 163 164 -1
0.1 162 707 -1
0.1 706 708 -1
0.1 700 709 -1
0.1 166 167 -1
0.1 171 172 -1
0.1 170 712 -1
0.1 169 713 -1
0.1 714 173 -1
0.1 168 715 -1
0.1 711 716 -1
0.1 717 174 -1
0.1 175 176 -1
0.1 178 179 -1
0.1 177 720 -1
0.1 180 181 -1
0.1 722 182 -1
0.1 721 723 -1
0.1 724 183 -1
0.1 725 184 -1
0.1 719 726 -1
0.1 718 727 -1
0.1 165 728 -1
0.1 186 187 -1
0.1 188 189 -1
0.1 730 731 -1
0.1 185 732 -1
0.1 190 191 -1
0.1 193 194 -1
0.1 192 735 -1
0.1 734 736 -1
0.1 733 737 -1
0.1 729 738 -1
0.1 710 739 -1
0.1 195 196 -1
0.1 197 198 -1
0.1 741 742 -1
0.1 199 200 -1
0.1 201 202 -1
0.1 744 745 -1
0.1 743 746 -1
0.1 203 204 -1
0.1 747 748 -1
0.1 740 749 -1
0.1 691 750 -1
0.1 688 751 -1
0.1 206 207 -1
0.1 205 753 -1
0.1 754 208 -1
0.1 210 211 -1
0.1 756 212 -1
0.1 757 213 -1
0.1 209 758 -1
0.1 755 759 -1
0.1 752 760 -1
0.1 214 215 -1
0.1 216 217 -1
0.1 762 763 -1
0.1 764 218 -1
0.1 219 220 -1
0.1 222 223 -1
0.1 221 767 -1
0.1 766 768 -1
0.1 765 769 -1
0.1 225 226 -1
0.1 224 771 -1
0.1 227 228 -1
0.1 773 229 -1
0.1 774 230 -1
0.1 772 775 -1
0.1 231 232 -1
0.1 777 233 -1
0.1 776 778 -1
0.1 236 237 -1
0.1 235 780 -1
0.1 238 239 -1
0.1 781 782 -1
0.1 234 783 -1
0.1 241 242 -1
0.1 240 785 -1
0.1 784 786 -1
0.1 787 243 -1
0.1 779 788 -1
0.1 770 789 -1
0.1 761 790 -1
0.1 682 791 -1
0.1 246 247 -1
0.1 249 250 -1
0.1 251 252 -1
0.1 794 795 -1
0.1 248 796 -1
0.1 793 797 -1
0.1 245 798 -1
0.1 244 799 -1
0.1 800 253 -1
0.1 255 256 -1
0.1 802 257 -1
0.1 254 803 -1
0.1 258 259 -1
0.1 261 262 -1
0.1 806 263 -1
0.1 264 265 -1
0.1 807 808 -1
0.1 266 267 -1
0.1 810 268 -1
0.1 809 811 -1
0.1 812 269 -1
0.1 260 813 -1
0.1 814 270 -1
0.1 805 815 -1
0.1 804 816 -1
0.1 801 817 -1
0.1 792 818 -1
0.1 272 273 -1
0.1 271 820 -1
0.1 274 275 -1
0.1 276 277 -1
0.1 822 823 -1
0.1 278 279 -1
0.1 824 825 -1
0.1 280 281 -1
0.1 826 827 -1
0.1 282 283 -1
0.1 285 286 -1
0.1 830 287 -1
0.1 284 831 -1
0.1 288 289 -1
0.1 832 833 -1
0.1 291 292 -1
0.1 290 835 -1
0.1 836 293 -1
0.1 295 296 -1
0.1 294 838 -1
0.1 298 299 -1
0.1 297 840 -1
0.1 839 841 -1
0.1 837 842 -1
0.1 300 301 -1
0.1 304 305 -1
0.1 303 845 -1
0.1 302 846 -1
0.1 308 309 -1
0.1 307 848 -1
0.1 306 849 -1
0.1 847 850 -1
0.1 844 851 -1
0.1 843 852 -1
0.1 312 313 -1
0.1 311 854 -1
0.1 316 317 -1
0.1 321 322 -1
0.1 320 857 -1
0.1 319 858 -1
0.1 859 323 -1
0.1 318 860 -1
0.1 856 861 -1
0.1 315 862 -1
0.1 314 863 -1
0.1 855 864 -1
0.1 310 865 -1
0.1 853 866 -1
0.1 834 867 -1
0.1 868 324 -1
0.1 829 869 -1
0.1 325 326 -1
0.1 328 329 -1
0.1 327 872 -1
0.1 871 873 -1
0.1 330 331 -1
0.1 874 875 -1
0.1 870 876 -1
0.1 334 335 -1
0.1 333 878 -1
0.1 332 879 -1
0.1 337 338 -1
0.1 336 881 -1
0.1 880 882 -1
0.1 877 883 -1
0.1 340 341 -1
0.1 339 885 -1
0.1 884 886 -1
0.1 828 887 -1
0.1 342 343 -1
0.1 888 889 -1
0.1 344 345 -1
0.1 890 891 -1
0.1 347 348 -1
0.1 893 349 -1
0.1 351 352 -1
0.1 350 895 -1
0.1 353 354 -1
0.1 896 897 -1
0.1 355 356 -1
0.1 357 358 -1
0.1 359 360 -1
0.1 901 361 -1
0.1 363 364 -1
0.1 362 903 -1
0.1 367 368 -1
0.1 366 905 -1
0.1 365 906 -1
0.1 904 907 -1
0.1 902 908 -1
0.1 900 909 -1
0.1 372 373 -1
0.1 371 911 -1
0.1 912 374 -1
0.1 913 375 -1
0.1 914 376 -1
0.1 370 915 -1
0.1 369 916 -1
0.1 910 917 -1
0.1 899 918 -1
0.1 898 919 -1
0.1 894 920 -1
0.1 346 921 -1
0.1 382 383 -1
0.1 381 923 -1
0.1 386 387 -1
0.1 385 925 -1
0.1 926 388 -1
0.1 389 390 -1
0.1 927 928 -1
0.1 384 929 -1
0.1 924 930 -1
0.1 380 931 -1
0.1 379 932 -1
0.1 393 394 -1
0.1 392 934 -1
0.1 391 935 -1
0.1 933 936 -1
0.1 378 937 -1
0.1 395 396 -1
0.1 397 398 -1
0.1 940 399 -1
0.1 402 403 -1
0.1 401 942 -1
0.1 943 404 -1
0.1 400 944 -1
0.1 941 945 -1
0.1 407 408 -1
0.1 406 947 -1
0.1 948 409 -1
0.1 949 410 -1
0.1 405 950 -1
0.1 412 413 -1
0.1 411 952 -1
0.1 953 414 -1
0.1 951 954 -1
0.1 416 417 -1
0.1 415 956 -1
0.1 419 420 -1
0.1 418 958 -1
0.1 957 959 -1
0.1 422 423 -1
0.1 421 961 -1
0.1 960 962 -1
0.1 955 963 -1
0.1 946 964 -1
0.1 939 965 -1
0.1 938 966 -1
0.1 377 967 -1
0.1 922 968 -1
0.1 892 969 -1
0.1 821 970 -1
0.1 426 427 -1
0.1 425 972 -1
0.1 430 431 -1
0.1 974 432 -1
0.1 429 975 -1
0.1 433 434 -1
0.1 436 437 -1
0.1 978 438 -1
0.1 435 979 -1
0.1 977 980 -1
0.1 976 981 -1
0.1 440 441 -1
0.1 439 983 -1
0.1 442 443 -1
0.1 445 446 -1
0.1 444 986 -1
0.1 985 987 -1
0.1 984 988 -1
0.1 989 447 -1
0.1 990 448 -1
0.1 982 991 -1
0.1 428 992 -1
0.1 973 993 -1
0.1 424 994 -1
0.1 971 995 -1
0.1 449 450 -1
0.1 451 452 -1
0.1 456 457 -1
0.1 455 999 -1
0.1 454 1000 -1
0.1 453 1001 -1
0.1 998 1002 -1
0.1 997 1003 -1
0.1 461 462 -1
0.1 463 464 -1
0.1 1005 1006 -1
0.1 465 466 -1
0.1 1008 467 -1
0.1 1007 1009 -1
0.1 469 470 -1
0.1 468 1011 -1
0.1 1010 1012 -1
0.1 460 1013 -1
0.1 471 472 -1
0.1 1014 1015 -1
0.1 459 1016 -1
0.1 458 1017 -1
0.1 473 474 -1
0.1 475 476 -1
0.1 478 479 -1
0.1 477 1021 -1
0.1 480 481 -1
0.1 1022 1023 -1
0.1 1024 482 -1
0.1 1020 1025 -1
0.1 1019 1026 -1
0.1 483 484 -1
0.1 486 487 -1
0.1 485 1029 -1
0.1 1028 1030 -1
0.1 1027 1031 -1
0.1 1018 1032 -1
0.1 489 490 -1
0.1 488 1034 -1
0.1 491 492 -1
0.1 494 495 -1
0.1 493 1037 -1
0.1 496 497 -1
0.1 1038 1039 -1
0.1 1036 1040 -1
0.1 1035 1041 -1
0.1 1033 1042 -1
0.1 498 499 -1
0.1 502 503 -1
0.1 501 1045 -1
0.1 505 506 -1
0.1 504 1047 -1
0.1 1046 1048 -1
0.1 500 1049 -1
0.1 1044 1050 -1
0.1 1051 507 -1
0.1 1043 1052 -1
0.1 508 509 -1
0.1 510 511 -1
0.1 1055 512 -1
0.1 514 515 -1
0.1 516 517 -1
0.1 1058 518 -1
0.1 1057 1059 -1
0.1 513 1060 -1
0.1 1056 1061 -1
0.1 520 521 -1
0.1 523 524 -1
0.1 522 1064 -1
0.1 525 526 -1
0.1 528 529 -1
0.1 527 1067 -1
0.1 1066 1068 -1
0.1 1065 1069 -1
0.1 1063 1070 -1
0.1 519 1071 -1
0.1 1062 1072 -1
0.1 1054 1073 -1
0.1 531 532 -1
0.1 530 1075 -1
0.1 1074 1076 -1
0.1 1077 533 -1
0.1 535 536 -1
0.1 534 1079 -1
0.1 1080 537 -1
0.1 541 542 -1
0.1 540 1082 -1
0.1 539 1083 -1
0.1 545 546 -1
0.1 544 1085 -1
0.1 1086 547 -1
0.1 543 1087 -1
0.1 1084 1088 -1
0.1 538 1089 -1
0.1 1081 1090 -1
0.1 1078 1091 -1
0.1 1053 1092 -1
0.1 548 549 -1
0.1 1094 550 -1
0.1 1093 1095 -1
0.1 1004 1096 -1
0.1 996 1097 -1
0.1 819 1098 -1
