1 0 0 1
1 0 0 1
1 0 0 1
1 0 0 2
1 0 0 2
1 0 0 2
1 0 0 2
1 0 0 2
1 0 0 2
1 0 0 2
1 0 0 2
1 0 0 2
1 0 0 2
1 0 0 3
1 0 0 3
1 0 0 3
1 0 0 3
1 0 0 3
1 0 0 3
1 0 0 3
1 0 0 4
1 0 0 4
1 0 0 4
1 0 0 4
1 0 0 4
1 0 0 4
1 0 0 4
1 0 0 4
1 0 0 4
1 0 0 4
1 0 0 5
1 0 0 5
1 0 0 5
1 0 0 5
1 0 0 5
1 0 0 5
1 0 0 5
1 0 0 6
1 0 0 5
1 0 0 5
1 0 0 5
1 0 0 7
1 0 0 7
1 0 0 7
1 0 0 7
1 0 0 7
1 0 0 7
1 0 0 7
1 0 0 7
1 0 0 7
1 0 0 7
1 0 0 8
1 0 0 8
1 0 0 8
1 0 0 8
1 0 0 8
1 0 0 8
1 0 0 8
1 0 0 8
1 0 0 8
1 0 0 8
1 0 0 9
1 0 0 9
1 0 0 9
1 0 0 9
1 0 0 9
1 0 0 9
1 0 0 9
1 0 0 9
1 0 0 9
1 0 0 9
1 0 0 10
1 0 0 10
1 0 0 10
1 0 0 10
1 0 0 10
1 0 0 10
1 0 0 10
1 0 0 10
1 0 0 10
1 0 0 10
1 0 0 11
1 0 0 11
1 0 0 11
1 0 0 11
1 0 0 11
1 0 0 11
1 0 0 11
1 0 0 11
1 0 0 11
1 0 0 11
1 0 0 12
1 0 0 12
1 0 0 12
1 0 0 12
1 0 0 12
1 0 0 12
1 0 0 12
1 0 0 12
1 0 0 12
1 0 0 12
1 0 0 6
1 0 0 6
1 0 0 6
1 0 0 6
1 0 0 6
1 0 0 6
1 0 0 6
1 0 0 6
1 0 0 6
1 0 0 13
1 0 0 13
1 0 0 13
1 0 0 13
1 0 0 13
1 0 0 13
1 0 0 13
1 0 0 13
1 0 0 13
1 0 0 13
1 0 0 14
1 0 0 14
1 0 0 14
1 0 0 14
1 0 0 14
1 0 0 14
1 0 0 14
1 0 0 14
1 0 0 14
1 0 0 14
1 0 0 15
1 0 0 15
1 0 0 15
1 0 0 15
1 0 0 15
1 0 0 15
1 0 0 15
1 0 0 15
1 0 0 15
1 0 0 15
1 0 0 16
1 0 0 16
1 0 0 16
1 0 0 16
1 0 0 16
1 0 0 16
1 0 0 16
1 0 0 16
1 0 0 16
1 0 0 16
1 0 0 17
1 0 0 17
1 0 0 17
1 0 0 17
1 0 0 17
1 0 0 17
1 0 0 17
1 0 0 17
1 0 0 17
1 0 0 18
1 0 0 18
1 0 0 18
1 0 0 18
1 0 0 18
1 0 0 18
1 0 0 18
1 0 0 18
1 0 0 18
1 0 0 18
1 0 0 19
1 0 0 19
1 0 0 19
1 0 0 19
1 0 0 19
1 0 0 19
1 0 0 19
1 0 0 19
1 0 0 19
1 0 0 19
1 0 0 20
1 0 0 20
1 0 0 20
1 0 0 20
1 0 0 20
1 0 0 20
1 0 0 20
1 0 0 20
1 0 0 20
1 0 0 20
1 0 0 17
1 0 0 21
1 0 0 21
1 0 0 21
1 0 0 21
1 0 0 21
1 0 0 21
1 0 0 21
1 0 0 21
1 0 0 21
1 0 0 21
1 0 0 22
1 0 0 22
1 0 0 22
1 0 0 22
1 0 0 22
1 0 0 22
1 0 0 22
1 0 0 22
1 0 0 22
1 0 0 22
1 0 0 3
1 0 0 3
1 0 0 3
1 0 0 23
1 0 0 23
1 0 0 23
1 0 0 24
1 0 0 24
1 0 0 25
1 0 0 25
1 0 0 25
1 0 0 25
1 0 0 25
1 0 0 25
1 0 0 25
1 0 0 25
1 0 0 25
1 0 0 25
1 0 0 24
1 0 0 24
1 0 0 24
1 0 0 24
1 0 0 24
1 0 0 24
1 0 0 24
1 0 0 24
1 0 0 26
1 0 0 26
1 0 0 26
1 0 0 26
1 0 0 26
1 0 0 26
1 0 0 26
1 0 0 26
1 0 0 26
1 0 0 26
1 0 0 27
1 0 0 27
1 0 0 27
1 0 0 27
1 0 0 27
1 0 0 27
1 0 0 27
1 0 0 27
1 0 0 27
1 0 0 27
1 0 0 23
1 0 0 23
1 0 0 23
1 0 0 23
1 0 0 23
1 0 0 28
1 0 0 28
1 0 0 28
1 0 0 28
1 0 0 28
1 0 0 28
1 0 0 28
1 0 0 28
1 0 0 28
1 0 0 28
1 0 0 23
1 0 0 23
1 0 0 29
1 0 0 30
1 0 0 30
1 0 0 30
1 0 0 30
1 0 0 30
1 0 0 30
1 0 0 30
1 0 0 30
1 0 0 30
1 0 0 30
1 0 0 31
1 0 0 31
1 0 0 31
1 0 0 31
1 0 0 31
1 0 0 31
1 0 0 32
1 0 0 32
1 0 0 32
1 0 0 32
1 0 0 32
1 0 0 32
1 0 0 32
1 0 0 32
1 0 0 32
1 0 0 32
1 0 0 33
1 0 0 33
1 0 0 33
1 0 0 33
1 0 0 33
1 0 0 33
1 0 0 33
1 0 0 33
1 0 0 33
1 0 0 33
1 0 0 29
1 0 0 29
1 0 0 29
1 0 0 29
1 0 0 29
1 0 0 29
1 0 0 29
1 0 0 29
1 0 0 29
1 0 0 31
1 0 0 31
1 0 0 31
1 0 0 34
1 0 0 34
1 0 0 35
1 0 0 35
1 0 0 35
1 0 0 35
1 0 0 35
1 0 0 35
1 0 0 35
1 0 0 35
1 0 0 35
1 0 0 35
1 0 0 34
1 0 0 34
1 0 0 34
1 0 0 34
1 0 0 34
1 0 0 34
1 0 0 34
1 0 0 34
1 0 0 36
1 0 0 36
1 0 0 36
1 0 0 36
1 0 0 36
1 0 0 36
1 0 0 36
1 0 0 36
1 0 0 36
1 0 0 36
1 0 0 37
1 0 0 37
1 0 0 37
1 0 0 37
1 0 0 37
1 0 0 37
1 0 0 37
1 0 0 37
1 0 0 37
1 0 0 37
1 0 0 38
1 0 0 38
1 0 0 38
1 0 0 38
1 0 0 38
1 0 0 38
1 0 0 38
1 0 0 38
1 0 0 38
1 0 0 38
1 0 0 39
1 0 0 39
1 0 0 39
1 0 0 39
1 0 0 40
1 0 0 40
1 0 0 40
1 0 0 40
1 0 0 40
1 0 0 40
1 0 0 40
1 0 0 40
1 0 0 40
1 0 0 40
1 0 0 39
1 0 0 39
1 0 0 39
1 0 0 39
1 0 0 39
1 0 0 39
1 0 0 31
1 0 0 41
1 0 0 41
1 0 0 41
1 0 0 41
1 0 0 41
1 0 0 41
1 0 0 41
1 0 0 42
1 0 0 42
1 0 0 42
1 0 0 42
1 0 0 42
1 0 0 42
1 0 0 42
1 0 0 42
1 0 0 42
1 0 0 43
1 0 0 43
1 0 0 43
1 0 0 43
1 0 0 43
1 0 0 43
1 0 0 43
1 0 0 43
1 0 0 43
1 0 0 43
1 0 0 42
1 0 0 41
1 0 0 41
1 0 0 41
1 0 0 44
1 0 0 44
1 0 0 44
1 0 0 44
1 0 0 44
1 0 0 44
1 0 0 44
1 0 0 45
1 0 0 45
1 0 0 45
1 0 0 45
1 0 0 46
1 0 0 46
1 0 0 46
1 0 0 46
1 0 0 46
1 0 0 46
1 0 0 46
1 0 0 46
1 0 0 46
1 0 0 46
1 0 0 45
1 0 0 45
1 0 0 47
1 0 0 47
1 0 0 47
1 0 0 48
1 0 0 48
1 0 0 48
1 0 0 48
1 0 0 48
1 0 0 48
1 0 0 48
1 0 0 48
1 0 0 48
1 0 0 48
1 0 0 47
1 0 0 47
1 0 0 47
1 0 0 47
1 0 0 47
1 0 0 47
1 0 0 47
1 0 0 45
1 0 0 45
1 0 0 45
1 0 0 45
1 0 0 49
1 0 0 49
1 0 0 49
1 0 0 49
1 0 0 49
1 0 0 49
1 0 0 49
1 0 0 49
1 0 0 49
1 0 0 49
1 0 0 50
1 0 0 50
1 0 0 50
1 0 0 50
1 0 0 50
1 0 0 50
1 0 0 50
1 0 0 50
1 0 0 50
1 0 0 50
1 0 0 51
1 0 0 51
1 0 0 51
1 0 0 51
1 0 0 51
1 0 0 51
1 0 0 51
1 0 0 51
1 0 0 51
1 0 0 51
1 0 0 52
1 0 0 52
1 0 0 52
1 0 0 52
1 0 0 52
1 0 0 52
1 0 0 52
1 0 0 52
1 0 0 52
1 0 0 52
1 0 0 53
1 0 0 53
1 0 0 53
1 0 0 53
1 0 0 53
1 0 0 53
1 0 0 53
1 0 0 53
1 0 0 53
1 0 0 53
1 0 0 44
1 0 0 44
1 0 0 44
1 0 0 1
1 0 0 1
1 0 0 1
1 0 0 1
1 0 0 1
1 0 0 1
1 0 0 54
1 0 0 54
1 0 0 54
1 0 0 54
1 0 0 54
1 0 0 54
1 0 0 54
1 0 0 54
1 0 0 54
1 0 0 54
1 0 0 55
1 0 0 55
1 0 0 55
1 0 0 55
1 0 0 55
1 0 0 55
1 0 0 55
1 0 0 55
1 0 0 55
1 0 0 55
1 0 0 1
0.1 2 3 -1
0.1 1 551 -1
0.1 5 6 -1
0.1 8 9 -1
0.1 10 11 -1
0.1 554 555 -1
0.1 7 556 -1
0.1 12 13 -1
0.1 557 558 -1
0.1 553 559 -1
0.1 4 560 -1
0.1 16 17 -1
0.1 15 562 -1
0.1 14 563 -1
0.1 18 19 -1
0.1 22 23 -1
0.1 21 566 -1
0.1 24 25 -1
0.1 567 568 -1
0.1 26 27 -1
0.1 28 29 -1
0.1 570 571 -1
0.1 572 30 -1
0.1 569 573 -1
0.1 20 574 -1
0.1 565 575 -1
0.1 564 576 -1
0.1 561 577 -1
0.1 32 33 -1
0.1 31 579 -1
0.1 34 35 -1
0.1 36 37 -1
0.1 581 582 -1
0.1 580 583 -1
0.1 40 41 -1
0.1 39 585 -1
0.1 38 586 -1
0.1 42 43 -1
0.1 45 46 -1
0.1 47 48 -1
0.1 589 590 -1
0.1 591 49 -1
0.1 50 51 -1
0.1 592 593 -1
0.1 44 594 -1
0.1 588 595 -1
0.1 57 58 -1
0.1 56 597 -1
0.1 55 598 -1
0.1 599 59 -1
0.1 54 600 -1
0.1 60 61 -1
0.1 601 602 -1
0.1 53 603 -1
0.1 62 63 -1
0.1 66 67 -1
0.1 65 606 -1
0.1 68 69 -1
0.1 70 71 -1
0.1 608 609 -1
0.1 607 610 -1
0.1 64 611 -1
0.1 605 612 -1
0.1 604 613 -1
0.1 52 614 -1
0.1 73 74 -1
0.1 75 76 -1
0.1 616 617 -1
0.1 72 618 -1
0.1 77 78 -1
0.1 80 81 -1
0.1 79 621 -1
0.1 620 622 -1
0.1 619 623 -1
0.1 615 624 -1
0.1 82 83 -1
0.1 86 87 -1
0.1 85 627 -1
0.1 84 628 -1
0.1 626 629 -1
0.1 630 88 -1
0.1 90 91 -1
0.1 89 632 -1
0.1 631 633 -1
0.1 92 93 -1
0.1 95 96 -1
0.1 94 636 -1
0.1 97 98 -1
0.1 100 101 -1
0.1 99 639 -1
0.1 638 640 -1
0.1 637 641 -1
0.1 635 642 -1
0.1 634 643 -1
0.1 625 644 -1
0.1 596 645 -1
0.1 587 646 -1
0.1 584 647 -1
0.1 102 103 -1
0.1 104 105 -1
0.1 649 650 -1
0.1 107 108 -1
0.1 652 109 -1
0.1 653 110 -1
0.1 106 654 -1
0.1 651 655 -1
0.1 113 114 -1
0.1 112 657 -1
0.1 111 658 -1
0.1 659 115 -1
0.1 116 117 -1
0.1 661 118 -1
0.1 119 120 -1
0.1 662 663 -1
0.1 660 664 -1
0.1 122 123 -1
0.1 121 666 -1
0.1 126 127 -1
0.1 125 668 -1
0.1 124 669 -1
0.1 129 130 -1
0.1 128 671 -1
0.1 670 672 -1
0.1 667 673 -1
0.1 132 133 -1
0.1 131 675 -1
0.1 135 136 -1
0.1 137 138 -1
0.1 678 139 -1
0.1 677 679 -1
0.1 134 680 -1
0.1 676 681 -1
0.1 682 140 -1
0.1 674 683 -1
0.1 665 684 -1
0.1 656 685 -1
0.1 648 686 -1
0.1 141 142 -1
0.1 143 144 -1
0.1 689 145 -1
0.1 688 690 -1
0.1 691 146 -1
0.1 147 148 -1
0.1 693 149 -1
0.1 692 694 -1
0.1 695 150 -1
0.1 151 152 -1
0.1 154 155 -1
0.1 153 698 -1
0.1 157 158 -1
0.1 156 700 -1
0.1 701 159 -1
0.1 699 702 -1
0.1 697 703 -1
0.1 162 163 -1
0.1 705 164 -1
0.1 161 706 -1
0.1 160 707 -1
0.1 168 169 -1
0.1 167 709 -1
0.1 166 710 -1
0.1 165 711 -1
0.1 708 712 -1
0.1 704 713 -1
0.1 171 172 -1
0.1 715 173 -1
0.1 170 716 -1
0.1 174 175 -1
0.1 176 177 -1
0.1 718 719 -1
0.1 178 179 -1
0.1 720 721 -1
0.1 717 722 -1
0.1 180 181 -1
0.1 724 182 -1
0.1 184 185 -1
0.1 183 726 -1
0.1 727 186 -1
0.1 188 189 -1
0.1 187 729 -1
0.1 728 730 -1
0.1 725 731 -1
0.1 191 192 -1
0.1 193 194 -1
0.1 734 195 -1
0.1 733 735 -1
0.1 196 197 -1
0.1 198 199 -1
0.1 738 200 -1
0.1 737 739 -1
0.1 736 740 -1
0.1 190 741 -1
0.1 732 742 -1
0.1 723 743 -1
0.1 714 744 -1
0.1 202 203 -1
0.1 204 205 -1
0.1 746 747 -1
0.1 206 207 -1
0.1 209 210 -1
0.1 208 750 -1
0.1 749 751 -1
0.1 748 752 -1
0.1 201 753 -1
0.1 754 211 -1
0.1 745 755 -1
0.1 212 213 -1
0.1 214 215 -1
0.1 758 216 -1
0.1 217 218 -1
0.1 220 221 -1
0.1 223 224 -1
0.1 222 762 -1
0.1 763 225 -1
0.1 761 764 -1
0.1 226 227 -1
0.1 765 766 -1
0.1 767 228 -1
0.1 219 768 -1
0.1 760 769 -1
0.1 230 231 -1
0.1 233 234 -1
0.1 232 772 -1
0.1 771 773 -1
0.1 229 774 -1
0.1 775 235 -1
0.1 776 236 -1
0.1 770 777 -1
0.1 759 778 -1
0.1 238 239 -1
0.1 240 241 -1
0.1 780 781 -1
0.1 237 782 -1
0.1 243 244 -1
0.1 245 246 -1
0.1 784 785 -1
0.1 242 786 -1
0.1 783 787 -1
0.1 247 248 -1
0.1 250 251 -1
0.1 249 790 -1
0.1 252 253 -1
0.1 791 792 -1
0.1 789 793 -1
0.1 255 256 -1
0.1 254 795 -1
0.1 794 796 -1
0.1 788 797 -1
0.1 258 259 -1
0.1 257 799 -1
0.1 260 261 -1
0.1 800 801 -1
0.1 264 265 -1
0.1 267 268 -1
0.1 270 271 -1
0.1 269 805 -1
0.1 804 806 -1
0.1 266 807 -1
0.1 803 808 -1
0.1 263 809 -1
0.1 262 810 -1
0.1 272 273 -1
0.1 811 812 -1
0.1 802 813 -1
0.1 798 814 -1
0.1 779 815 -1
0.1 757 816 -1
0.1 756 817 -1
0.1 696 818 -1
0.1 687 819 -1
0.1 578 820 -1
0.1 552 821 -1
0.1 275 276 -1
0.1 823 277 -1
0.1 278 279 -1
0.1 281 282 -1
0.1 280 826 -1
0.1 827 283 -1
0.1 828 284 -1
0.1 825 829 -1
0.1 824 830 -1
0.1 831 285 -1
0.1 832 286 -1
0.1 287 288 -1
0.1 834 289 -1
0.1 835 290 -1
0.1 833 836 -1
0.1 274 837 -1
0.1 291 292 -1
0.1 296 297 -1
0.1 295 840 -1
0.1 294 841 -1
0.1 293 842 -1
0.1 298 299 -1
0.1 844 300 -1
0.1 843 845 -1
0.1 839 846 -1
0.1 303 304 -1
0.1 848 305 -1
0.1 302 849 -1
0.1 307 308 -1
0.1 306 851 -1
0.1 852 309 -1
0.1 850 853 -1
0.1 301 854 -1
0.1 855 310 -1
0.1 311 312 -1
0.1 315 316 -1
0.1 314 858 -1
0.1 313 859 -1
0.1 317 318 -1
0.1 861 319 -1
0.1 860 862 -1
0.1 857 863 -1
0.1 856 864 -1
0.1 847 865 -1
0.1 838 866 -1
0.1 867 320 -1
0.1 321 322 -1
0.1 323 324 -1
0.1 325 326 -1
0.1 327 328 -1
0.1 329 330 -1
0.1 331 332 -1
0.1 873 874 -1
0.1 333 334 -1
0.1 875 876 -1
0.1 872 877 -1
0.1 871 878 -1
0.1 335 336 -1
0.1 880 337 -1
0.1 339 340 -1
0.1 338 882 -1
0.1 883 341 -1
0.1 881 884 -1
0.1 885 342 -1
0.1 343 344 -1
0.1 346 347 -1
0.1 345 888 -1
0.1 348 349 -1
0.1 889 890 -1
0.1 887 891 -1
0.1 350 351 -1
0.1 354 355 -1
0.1 353 894 -1
0.1 895 356 -1
0.1 357 358 -1
0.1 360 361 -1
0.1 359 898 -1
0.1 899 362 -1
0.1 897 900 -1
0.1 896 901 -1
0.1 364 365 -1
0.1 363 903 -1
0.1 367 368 -1
0.1 905 369 -1
0.1 366 906 -1
0.1 371 372 -1
0.1 370 908 -1
0.1 907 909 -1
0.1 904 910 -1
0.1 902 911 -1
0.1 375 376 -1
0.1 374 913 -1
0.1 379 380 -1
0.1 384 385 -1
0.1 383 916 -1
0.1 917 386 -1
0.1 382 918 -1
0.1 381 919 -1
0.1 915 920 -1
0.1 378 921 -1
0.1 377 922 -1
0.1 914 923 -1
0.1 373 924 -1
0.1 387 388 -1
0.1 390 391 -1
0.1 927 392 -1
0.1 389 928 -1
0.1 926 929 -1
0.1 925 930 -1
0.1 912 931 -1
0.1 352 932 -1
0.1 893 933 -1
0.1 892 934 -1
0.1 886 935 -1
0.1 879 936 -1
0.1 870 937 -1
0.1 869 938 -1
0.1 868 939 -1
0.1 395 396 -1
0.1 394 941 -1
0.1 397 398 -1
0.1 942 943 -1
0.1 399 400 -1
0.1 404 405 -1
0.1 403 946 -1
0.1 947 406 -1
0.1 408 409 -1
0.1 407 949 -1
0.1 948 950 -1
0.1 410 411 -1
0.1 414 415 -1
0.1 413 953 -1
0.1 954 416 -1
0.1 955 417 -1
0.1 956 418 -1
0.1 957 419 -1
0.1 412 958 -1
0.1 952 959 -1
0.1 951 960 -1
0.1 402 961 -1
0.1 962 420 -1
0.1 401 963 -1
0.1 945 964 -1
0.1 422 423 -1
0.1 421 966 -1
0.1 965 967 -1
0.1 944 968 -1
0.1 393 969 -1
0.1 940 970 -1
0.1 426 427 -1
0.1 425 972 -1
0.1 424 973 -1
0.1 974 428 -1
0.1 429 430 -1
0.1 975 976 -1
0.1 432 433 -1
0.1 978 434 -1
0.1 431 979 -1
0.1 437 438 -1
0.1 981 439 -1
0.1 982 440 -1
0.1 436 983 -1
0.1 443 444 -1
0.1 442 985 -1
0.1 441 986 -1
0.1 984 987 -1
0.1 435 988 -1
0.1 980 989 -1
0.1 445 446 -1
0.1 447 448 -1
0.1 451 452 -1
0.1 450 993 -1
0.1 453 454 -1
0.1 455 456 -1
0.1 996 457 -1
0.1 995 997 -1
0.1 994 998 -1
0.1 458 459 -1
0.1 999 1000 -1
0.1 1001 460 -1
0.1 464 465 -1
0.1 463 1003 -1
0.1 1004 466 -1
0.1 462 1005 -1
0.1 461 1006 -1
0.1 1002 1007 -1
0.1 449 1008 -1
0.1 992 1009 -1
0.1 991 1010 -1
0.1 468 469 -1
0.1 1012 470 -1
0.1 467 1013 -1
0.1 1011 1014 -1
0.1 990 1015 -1
0.1 471 472 -1
0.1 1017 473 -1
0.1 474 475 -1
0.1 476 477 -1
0.1 1019 1020 -1
0.1 479 480 -1
0.1 478 1022 -1
0.1 1021 1023 -1
0.1 1018 1024 -1
0.1 482 483 -1
0.1 481 1026 -1
0.1 484 485 -1
0.1 486 487 -1
0.1 1028 1029 -1
0.1 488 489 -1
0.1 1031 490 -1
0.1 1030 1032 -1
0.1 1027 1033 -1
0.1 1034 491 -1
0.1 494 495 -1
0.1 493 1036 -1
0.1 492 1037 -1
0.1 1035 1038 -1
0.1 496 497 -1
0.1 1040 498 -1
0.1 499 500 -1
0.1 1041 1042 -1
0.1 501 502 -1
0.1 504 505 -1
0.1 503 1045 -1
0.1 1044 1046 -1
0.1 506 507 -1
0.1 1048 508 -1
0.1 1047 1049 -1
0.1 509 510 -1
0.1 1050 1051 -1
0.1 1043 1052 -1
0.1 1039 1053 -1
0.1 1025 1054 -1
0.1 511 512 -1
0.1 513 514 -1
0.1 515 516 -1
0.1 1058 517 -1
0.1 1057 1059 -1
0.1 518 519 -1
0.1 1061 520 -1
0.1 1060 1062 -1
0.1 1056 1063 -1
0.1 1055 1064 -1
0.1 1016 1065 -1
0.1 522 523 -1
0.1 521 1067 -1
0.1 1066 1068 -1
0.1 977 1069 -1
0.1 1070 524 -1
0.1 527 528 -1
0.1 526 1072 -1
0.1 532 533 -1
0.1 531 1074 -1
0.1 534 535 -1
0.1 1075 1076 -1
0.1 530 1077 -1
0.1 537 538 -1
0.1 536 1079 -1
0.1 1080 539 -1
0.1 1078 1081 -1
0.1 540 541 -1
0.1 542 543 -1
0.1 544 545 -1
0.1 1084 1085 -1
0.1 1083 1086 -1
0.1 548 549 -1
0.1 547 1088 -1
0.1 546 1089 -1
0.1 1087 1090 -1
0.1 1082 1091 -1
0.1 529 1092 -1
0.1 1073 1093 -1
0.1 525 1094 -1
0.1 1095 550 -1
0.1 1071 1096 -1
0.1 971 1097 -1
0.1 822 1098 -1
