1 0 0 1
1 0 0 1
1 0 0 1
1 0 0 1
1 0 0 1
1 0 0 1
1 0 0 1
1 0 0 1
1 0 0 1
1 0 0 1
1 0 0 2
1 0 0 2
1 0 0 2
1 0 0 2
1 0 0 2
1 0 0 2
1 0 0 2
1 0 0 2
1 0 0 2
1 0 0 2
1 0 0 3
1 0 0 3
1 0 0 3
1 0 0 3
1 0 0 3
1 0 0 3
1 0 0 3
1 0 0 3
1 0 0 3
1 0 0 3
1 0 0 4
1 0 0 4
1 0 0 4
1 0 0 4
1 0 0 4
1 0 0 4
1 0 0 4
1 0 0 4
1 0 0 4
1 0 0 5
1 0 0 5
1 0 0 5
1 0 0 5
1 0 0 5
1 0 0 5
1 0 0 5
1 0 0 5
1 0 0 5
1 0 0 5
1 0 0 4
1 0 0 6
1 0 0 6
1 0 0 6
1 0 0 6
1 0 0 6
1 0 0 6
1 0 0 6
1 0 0 6
1 0 0 6
1 0 0 6
1 0 0 7
1 0 0 7
1 0 0 7
1 0 0 7
1 0 0 7
1 0 0 7
1 0 0 7
1 0 0 7
1 0 0 7
1 0 0 7
1 0 0 8
1 0 0 8
1 0 0 8
1 0 0 8
1 0 0 8
1 0 0 8
1 0 0 8
1 0 0 8
1 0 0 8
1 0 0 8
1 0 0 9
1 0 0 9
1 0 0 9
1 0 0 9
1 0 0 9
1 0 0 9
1 0 0 9
1 0 0 9
1 0 0 9
1 0 0 9
1 0 0 10
1 0 0 10
1 0 0 10
1 0 0 10
1 0 0 10
1 0 0 10
1 0 0 10
1 0 0 10
1 0 0 10
1 0 0 10
1 0 0 11
1 0 0 11
1 0 0 11
1 0 0 11
1 0 0 11
1 0 0 11
1 0 0 11
1 0 0 11
1 0 0 11
1 0 0 11
1 0 0 12
1 0 0 13
1 0 0 13
1 0 0 13
1 0 0 13
1 0 0 13
1 0 0 13
1 0 0 13
1 0 0 13
1 0 0 13
1 0 0 13
1 0 0 14
1 0 0 14
1 0 0 14
1 0 0 14
1 0 0 14
1 0 0 14
1 0 0 14
1 0 0 14
1 0 0 14
1 0 0 14
1 0 0 15
1 0 0 16
1 0 0 16
1 0 0 16
1 0 0 16
1 0 0 16
1 0 0 16
1 0 0 16
1 0 0 16
1 0 0 16
1 0 0 16
1 0 0 17
1 0 0 17
1 0 0 17
1 0 0 17
1 0 0 17
1 0 0 17
1 0 0 17
1 0 0 17
1 0 0 17
1 0 0 17
1 0 0 18
1 0 0 18
1 0 0 18
1 0 0 18
1 0 0 18
1 0 0 18
1 0 0 18
1 0 0 18
1 0 0 18
1 0 0 18
1 0 0 15
1 0 0 15
1 0 0 15
1 0 0 15
1 0 0 15
1 0 0 15
1 0 0 15
1 0 0 15
1 0 0 15
1 0 0 12
1 0 0 12
1 0 0 19
1 0 0 19
1 0 0 19
1 0 0 20
1 0 0 20
1 0 0 20
1 0 0 20
1 0 0 20
1 0 0 20
1 0 0 20
1 0 0 20
1 0 0 21
1 0 0 21
1 0 0 21
1 0 0 21
1 0 0 21
1 0 0 21
1 0 0 21
1 0 0 21
1 0 0 21
1 0 0 21
1 0 0 20
1 0 0 20
1 0 0 22
1 0 0 22
1 0 0 22
1 0 0 22
1 0 0 22
1 0 0 22
1 0 0 22
1 0 0 22
1 0 0 22
1 0 0 22
1 0 0 23
1 0 0 23
1 0 0 23
1 0 0 23
1 0 0 23
1 0 0 23
1 0 0 23
1 0 0 23
1 0 0 23
1 0 0 23
1 0 0 19
1 0 0 19
1 0 0 24
1 0 0 24
1 0 0 24
1 0 0 24
1 0 0 24
1 0 0 24
1 0 0 24
1 0 0 24
1 0 0 24
1 0 0 24
1 0 0 19
1 0 0 19
1 0 0 19
1 0 0 19
1 0 0 19
1 0 0 25
1 0 0 25
1 0 0 25
1 0 0 25
1 0 0 25
1 0 0 25
1 0 0 25
1 0 0 25
1 0 0 25
1 0 0 25
1 0 0 26
1 0 0 26
1 0 0 26
1 0 0 26
1 0 0 26
1 0 0 26
1 0 0 26
1 0 0 26
1 0 0 26
1 0 0 26
1 0 0 12
1 0 0 12
1 0 0 12
1 0 0 12
1 0 0 12
1 0 0 12
1 0 0 27
1 0 0 27
1 0 0 27
1 0 0 27
1 0 0 27
1 0 0 27
1 0 0 27
1 0 0 27
1 0 0 27
1 0 0 27
1 0 0 12
1 0 0 28
1 0 0 28
1 0 0 28
1 0 0 28
1 0 0 28
1 0 0 28
1 0 0 29
1 0 0 29
1 0 0 29
1 0 0 29
1 0 0 29
1 0 0 29
1 0 0 29
1 0 0 29
1 0 0 29
1 0 0 29
1 0 0 30
1 0 0 30
1 0 0 30
1 0 0 30
1 0 0 30
1 0 0 30
1 0 0 30
1 0 0 30
1 0 0 30
1 0 0 30
1 0 0 31
1 0 0 31
1 0 0 31
1 0 0 31
1 0 0 31
1 0 0 31
1 0 0 31
1 0 0 31
1 0 0 31
1 0 0 31
1 0 0 32
1 0 0 32
1 0 0 32
1 0 0 32
1 0 0 32
1 0 0 32
1 0 0 32
1 0 0 32
1 0 0 32
1 0 0 32
1 0 0 33
1 0 0 33
1 0 0 33
1 0 0 33
1 0 0 33
1 0 0 33
1 0 0 33
1 0 0 33
1 0 0 33
1 0 0 33
1 0 0 34
1 0 0 34
1 0 0 34
1 0 0 34
1 0 0 34
1 0 0 34
1 0 0 34
1 0 0 34
1 0 0 34
1 0 0 34
1 0 0 35
1 0 0 35
1 0 0 35
1 0 0 35
1 0 0 35
1 0 0 35
1 0 0 35
1 0 0 35
1 0 0 35
1 0 0 35
1 0 0 36
1 0 0 36
1 0 0 36
1 0 0 36
1 0 0 36
1 0 0 36
1 0 0 36
1 0 0 36
1 0 0 37
1 0 0 37
1 0 0 37
1 0 0 37
1 0 0 37
1 0 0 37
1 0 0 37
1 0 0 37
1 0 0 36
1 0 0 36
1 0 0 37
1 0 0 37
1 0 0 38
1 0 0 38
1 0 0 39
1 0 0 39
1 0 0 39
1 0 0 39
1 0 0 39
1 0 0 39
1 0 0 39
1 0 0 39
1 0 0 39
1 0 0 39
1 0 0 40
1 0 0 40
1 0 0 40
1 0 0 40
1 0 0 40
1 0 0 40
1 0 0 40
1 0 0 40
1 0 0 40
1 0 0 40
1 0 0 41
1 0 0 38
1 0 0 38
1 0 0 38
1 0 0 38
1 0 0 42
1 0 0 42
1 0 0 42
1 0 0 42
1 0 0 42
1 0 0 42
1 0 0 42
1 0 0 42
1 0 0 42
1 0 0 42
1 0 0 38
1 0 0 38
1 0 0 38
1 0 0 41
1 0 0 41
1 0 0 41
1 0 0 41
1 0 0 41
1 0 0 41
1 0 0 41
1 0 0 41
1 0 0 41
1 0 0 38
1 0 0 43
1 0 0 43
1 0 0 43
1 0 0 43
1 0 0 43
1 0 0 43
1 0 0 43
1 0 0 43
1 0 0 43
1 0 0 43
1 0 0 44
1 0 0 44
1 0 0 44
1 0 0 44
1 0 0 44
1 0 0 44
1 0 0 45
1 0 0 45
1 0 0 45
1 0 0 45
1 0 0 45
1 0 0 45
1 0 0 45
1 0 0 45
1 0 0 45
1 0 0 45
1 0 0 44
1 0 0 44
1 0 0 44
1 0 0 44
1 0 0 28
1 0 0 46
1 0 0 46
1 0 0 46
1 0 0 46
1 0 0 46
1 0 0 47
1 0 0 47
1 0 0 47
1 0 0 47
1 0 0 47
1 0 0 47
1 0 0 47
1 0 0 47
1 0 0 47
1 0 0 47
1 0 0 48
1 0 0 48
1 0 0 48
1 0 0 48
1 0 0 48
1 0 0 48
1 0 0 48
1 0 0 48
1 0 0 48
1 0 0 48
1 0 0 46
1 0 0 49
1 0 0 49
1 0 0 49
1 0 0 49
1 0 0 49
1 0 0 49
1 0 0 49
1 0 0 49
1 0 0 49
1 0 0 49
1 0 0 46
1 0 0 46
1 0 0 46
1 0 0 46
1 0 0 50
1 0 0 50
1 0 0 50
1 0 0 50
1 0 0 50
1 0 0 50
1 0 0 50
1 0 0 50
1 0 0 50
1 0 0 50
1 0 0 51
1 0 0 51
1 0 0 51
1 0 0 51
1 0 0 51
1 0 0 51
1 0 0 51
1 0 0 51
1 0 0 51
1 0 0 51
1 0 0 52
1 0 0 52
1 0 0 52
1 0 0 52
1 0 0 52
1 0 0 53
1 0 0 53
1 0 0 53
1 0 0 53
1 0 0 53
1 0 0 53
1 0 0 53
1 0 0 53
1 0 0 53
1 0 0 53
1 0 0 52
1 0 0 52
1 0 0 52
1 0 0 52
1 0 0 52
1 0 0 54
1 0 0 54
1 0 0 54
1 0 0 54
1 0 0 54
1 0 0 54
1 0 0 54
1 0 0 54
1 0 0 54
1 0 0 54
1 0 0 55
1 0 0 55
1 0 0 55
1 0 0 55
1 0 0 55
1 0 0 55
1 0 0 55
1 0 0 55
1 0 0 55
1 0 0 55
1 0 0 28
1 0 0 28
1 0 0 28
0.1 2 3 -1
0.1 1 551 -1
0.1 5 6 -1
0.1 4 553 -1
0.1 554 7 -1
0.1 552 555 -1
0.1 9 10 -1
0.1 8 557 -1
0.1 556 558 -1
0.1 12 13 -1
0.1 11 560 -1
0.1 15 16 -1
0.1 18 19 -1
0.1 17 563 -1
0.1 562 564 -1
0.1 14 565 -1
0.1 561 566 -1
0.1 567 20 -1
0.1 559 568 -1
0.1 24 25 -1
0.1 23 570 -1
0.1 22 571 -1
0.1 21 572 -1
0.1 27 28 -1
0.1 26 574 -1
0.1 29 30 -1
0.1 575 576 -1
0.1 573 577 -1
0.1 569 578 -1
0.1 31 32 -1
0.1 33 34 -1
0.1 580 581 -1
0.1 37 38 -1
0.1 36 583 -1
0.1 584 39 -1
0.1 35 585 -1
0.1 582 586 -1
0.1 40 41 -1
0.1 42 43 -1
0.1 588 589 -1
0.1 45 46 -1
0.1 44 591 -1
0.1 590 592 -1
0.1 47 48 -1
0.1 594 49 -1
0.1 595 50 -1
0.1 51 52 -1
0.1 53 54 -1
0.1 55 56 -1
0.1 57 58 -1
0.1 599 600 -1
0.1 59 60 -1
0.1 601 602 -1
0.1 598 603 -1
0.1 597 604 -1
0.1 61 62 -1
0.1 63 64 -1
0.1 607 65 -1
0.1 69 70 -1
0.1 68 609 -1
0.1 67 610 -1
0.1 66 611 -1
0.1 608 612 -1
0.1 606 613 -1
0.1 72 73 -1
0.1 76 77 -1
0.1 616 78 -1
0.1 617 79 -1
0.1 75 618 -1
0.1 74 619 -1
0.1 615 620 -1
0.1 621 80 -1
0.1 71 622 -1
0.1 614 623 -1
0.1 82 83 -1
0.1 84 85 -1
0.1 625 626 -1
0.1 81 627 -1
0.1 86 87 -1
0.1 89 90 -1
0.1 88 630 -1
0.1 629 631 -1
0.1 628 632 -1
0.1 624 633 -1
0.1 93 94 -1
0.1 635 95 -1
0.1 92 636 -1
0.1 96 97 -1
0.1 637 638 -1
0.1 91 639 -1
0.1 640 98 -1
0.1 99 100 -1
0.1 641 642 -1
0.1 101 102 -1
0.1 104 105 -1
0.1 103 645 -1
0.1 106 107 -1
0.1 109 110 -1
0.1 108 648 -1
0.1 647 649 -1
0.1 646 650 -1
0.1 644 651 -1
0.1 643 652 -1
0.1 634 653 -1
0.1 605 654 -1
0.1 596 655 -1
0.1 593 656 -1
0.1 587 657 -1
0.1 579 658 -1
0.1 113 114 -1
0.1 115 116 -1
0.1 660 661 -1
0.1 117 118 -1
0.1 120 121 -1
0.1 119 664 -1
0.1 663 665 -1
0.1 662 666 -1
0.1 112 667 -1
0.1 111 668 -1
0.1 123 124 -1
0.1 122 670 -1
0.1 126 127 -1
0.1 125 672 -1
0.1 129 130 -1
0.1 674 131 -1
0.1 128 675 -1
0.1 673 676 -1
0.1 671 677 -1
0.1 133 134 -1
0.1 136 137 -1
0.1 135 680 -1
0.1 679 681 -1
0.1 138 139 -1
0.1 141 142 -1
0.1 140 684 -1
0.1 683 685 -1
0.1 682 686 -1
0.1 132 687 -1
0.1 144 145 -1
0.1 689 146 -1
0.1 143 690 -1
0.1 147 148 -1
0.1 149 150 -1
0.1 151 152 -1
0.1 693 694 -1
0.1 692 695 -1
0.1 691 696 -1
0.1 156 157 -1
0.1 155 698 -1
0.1 154 699 -1
0.1 153 700 -1
0.1 160 161 -1
0.1 159 702 -1
0.1 703 162 -1
0.1 158 704 -1
0.1 701 705 -1
0.1 163 164 -1
0.1 165 166 -1
0.1 708 167 -1
0.1 709 168 -1
0.1 170 171 -1
0.1 169 711 -1
0.1 710 712 -1
0.1 707 713 -1
0.1 706 714 -1
0.1 697 715 -1
0.1 688 716 -1
0.1 678 717 -1
0.1 669 718 -1
0.1 172 173 -1
0.1 175 176 -1
0.1 174 721 -1
0.1 178 179 -1
0.1 181 182 -1
0.1 180 724 -1
0.1 723 725 -1
0.1 726 183 -1
0.1 177 727 -1
0.1 728 184 -1
0.1 187 188 -1
0.1 186 730 -1
0.1 185 731 -1
0.1 190 191 -1
0.1 192 193 -1
0.1 734 194 -1
0.1 733 735 -1
0.1 189 736 -1
0.1 732 737 -1
0.1 195 196 -1
0.1 738 739 -1
0.1 729 740 -1
0.1 722 741 -1
0.1 197 198 -1
0.1 743 199 -1
0.1 201 202 -1
0.1 200 745 -1
0.1 203 204 -1
0.1 746 747 -1
0.1 205 206 -1
0.1 748 749 -1
0.1 744 750 -1
0.1 208 209 -1
0.1 210 211 -1
0.1 752 753 -1
0.1 207 754 -1
0.1 213 214 -1
0.1 215 216 -1
0.1 756 757 -1
0.1 212 758 -1
0.1 755 759 -1
0.1 751 760 -1
0.1 217 218 -1
0.1 221 222 -1
0.1 220 763 -1
0.1 223 224 -1
0.1 764 765 -1
0.1 219 766 -1
0.1 225 226 -1
0.1 227 228 -1
0.1 768 769 -1
0.1 767 770 -1
0.1 762 771 -1
0.1 229 230 -1
0.1 231 232 -1
0.1 774 233 -1
0.1 773 775 -1
0.1 772 776 -1
0.1 761 777 -1
0.1 742 778 -1
0.1 720 779 -1
0.1 237 238 -1
0.1 236 781 -1
0.1 239 240 -1
0.1 782 783 -1
0.1 235 784 -1
0.1 242 243 -1
0.1 241 786 -1
0.1 785 787 -1
0.1 234 788 -1
0.1 780 789 -1
0.1 719 790 -1
0.1 659 791 -1
0.1 245 246 -1
0.1 244 793 -1
0.1 249 250 -1
0.1 251 252 -1
0.1 795 796 -1
0.1 248 797 -1
0.1 798 253 -1
0.1 247 799 -1
0.1 794 800 -1
0.1 254 255 -1
0.1 256 257 -1
0.1 802 803 -1
0.1 258 259 -1
0.1 260 261 -1
0.1 806 262 -1
0.1 265 266 -1
0.1 808 267 -1
0.1 264 809 -1
0.1 263 810 -1
0.1 807 811 -1
0.1 812 268 -1
0.1 813 269 -1
0.1 814 270 -1
0.1 805 815 -1
0.1 804 816 -1
0.1 801 817 -1
0.1 792 818 -1
0.1 274 275 -1
0.1 273 820 -1
0.1 280 281 -1
0.1 279 822 -1
0.1 282 283 -1
0.1 823 824 -1
0.1 278 825 -1
0.1 277 826 -1
0.1 285 286 -1
0.1 284 828 -1
0.1 827 829 -1
0.1 288 289 -1
0.1 831 290 -1
0.1 287 832 -1
0.1 291 292 -1
0.1 293 294 -1
0.1 295 296 -1
0.1 835 836 -1
0.1 834 837 -1
0.1 833 838 -1
0.1 830 839 -1
0.1 276 840 -1
0.1 821 841 -1
0.1 272 842 -1
0.1 271 843 -1
0.1 819 844 -1
0.1 297 298 -1
0.1 299 300 -1
0.1 301 302 -1
0.1 848 303 -1
0.1 847 849 -1
0.1 846 850 -1
0.1 304 305 -1
0.1 309 310 -1
0.1 308 853 -1
0.1 307 854 -1
0.1 311 312 -1
0.1 856 313 -1
0.1 314 315 -1
0.1 858 316 -1
0.1 857 859 -1
0.1 855 860 -1
0.1 317 318 -1
0.1 320 321 -1
0.1 322 323 -1
0.1 863 864 -1
0.1 319 865 -1
0.1 324 325 -1
0.1 867 326 -1
0.1 866 868 -1
0.1 862 869 -1
0.1 861 870 -1
0.1 327 328 -1
0.1 330 331 -1
0.1 329 873 -1
0.1 874 332 -1
0.1 872 875 -1
0.1 335 336 -1
0.1 334 877 -1
0.1 338 339 -1
0.1 344 345 -1
0.1 343 880 -1
0.1 342 881 -1
0.1 341 882 -1
0.1 340 883 -1
0.1 879 884 -1
0.1 885 346 -1
0.1 337 886 -1
0.1 878 887 -1
0.1 333 888 -1
0.1 876 889 -1
0.1 871 890 -1
0.1 306 891 -1
0.1 852 892 -1
0.1 851 893 -1
0.1 347 348 -1
0.1 895 349 -1
0.1 350 351 -1
0.1 897 352 -1
0.1 898 353 -1
0.1 896 899 -1
0.1 900 354 -1
0.1 355 356 -1
0.1 357 358 -1
0.1 359 360 -1
0.1 903 904 -1
0.1 902 905 -1
0.1 361 362 -1
0.1 906 907 -1
0.1 363 364 -1
0.1 365 366 -1
0.1 909 910 -1
0.1 908 911 -1
0.1 901 912 -1
0.1 894 913 -1
0.1 367 368 -1
0.1 914 915 -1
0.1 371 372 -1
0.1 370 917 -1
0.1 369 918 -1
0.1 374 375 -1
0.1 373 920 -1
0.1 921 376 -1
0.1 922 377 -1
0.1 923 378 -1
0.1 919 924 -1
0.1 916 925 -1
0.1 379 380 -1
0.1 382 383 -1
0.1 381 928 -1
0.1 386 387 -1
0.1 385 930 -1
0.1 384 931 -1
0.1 932 388 -1
0.1 929 933 -1
0.1 927 934 -1
0.1 391 392 -1
0.1 390 936 -1
0.1 937 393 -1
0.1 394 395 -1
0.1 939 396 -1
0.1 398 399 -1
0.1 402 403 -1
0.1 401 942 -1
0.1 400 943 -1
0.1 941 944 -1
0.1 397 945 -1
0.1 940 946 -1
0.1 947 404 -1
0.1 948 405 -1
0.1 938 949 -1
0.1 389 950 -1
0.1 951 406 -1
0.1 935 952 -1
0.1 409 410 -1
0.1 408 954 -1
0.1 411 412 -1
0.1 955 956 -1
0.1 407 957 -1
0.1 414 415 -1
0.1 413 959 -1
0.1 958 960 -1
0.1 953 961 -1
0.1 926 962 -1
0.1 417 418 -1
0.1 964 419 -1
0.1 421 422 -1
0.1 420 966 -1
0.1 423 424 -1
0.1 425 426 -1
0.1 430 431 -1
0.1 429 970 -1
0.1 971 432 -1
0.1 433 434 -1
0.1 439 440 -1
0.1 438 974 -1
0.1 437 975 -1
0.1 976 441 -1
0.1 436 977 -1
0.1 435 978 -1
0.1 979 442 -1
0.1 973 980 -1
0.1 444 445 -1
0.1 443 982 -1
0.1 981 983 -1
0.1 972 984 -1
0.1 985 446 -1
0.1 428 986 -1
0.1 427 987 -1
0.1 969 988 -1
0.1 968 989 -1
0.1 967 990 -1
0.1 965 991 -1
0.1 416 992 -1
0.1 963 993 -1
0.1 449 450 -1
0.1 451 452 -1
0.1 454 455 -1
0.1 456 457 -1
0.1 998 458 -1
0.1 997 999 -1
0.1 453 1000 -1
0.1 459 460 -1
0.1 1002 461 -1
0.1 1001 1003 -1
0.1 464 465 -1
0.1 463 1005 -1
0.1 466 467 -1
0.1 468 469 -1
0.1 1008 470 -1
0.1 1007 1009 -1
0.1 1006 1010 -1
0.1 471 472 -1
0.1 1011 1012 -1
0.1 462 1013 -1
0.1 1004 1014 -1
0.1 996 1015 -1
0.1 995 1016 -1
0.1 1017 473 -1
0.1 448 1018 -1
0.1 476 477 -1
0.1 1020 478 -1
0.1 1021 479 -1
0.1 475 1022 -1
0.1 481 482 -1
0.1 480 1024 -1
0.1 1025 483 -1
0.1 1023 1026 -1
0.1 474 1027 -1
0.1 484 485 -1
0.1 486 487 -1
0.1 1029 1030 -1
0.1 1028 1031 -1
0.1 1019 1032 -1
0.1 488 489 -1
0.1 491 492 -1
0.1 490 1035 -1
0.1 495 496 -1
0.1 494 1037 -1
0.1 493 1038 -1
0.1 1036 1039 -1
0.1 1034 1040 -1
0.1 1041 497 -1
0.1 499 500 -1
0.1 498 1043 -1
0.1 501 502 -1
0.1 503 504 -1
0.1 1045 1046 -1
0.1 1044 1047 -1
0.1 505 506 -1
0.1 1049 507 -1
0.1 1048 1050 -1
0.1 509 510 -1
0.1 1052 511 -1
0.1 1053 512 -1
0.1 508 1054 -1
0.1 1051 1055 -1
0.1 513 514 -1
0.1 515 516 -1
0.1 519 520 -1
0.1 518 1059 -1
0.1 517 1060 -1
0.1 1058 1061 -1
0.1 1057 1062 -1
0.1 521 522 -1
0.1 1063 1064 -1
0.1 523 524 -1
0.1 526 527 -1
0.1 525 1067 -1
0.1 1066 1068 -1
0.1 1065 1069 -1
0.1 1056 1070 -1
0.1 529 530 -1
0.1 528 1072 -1
0.1 531 532 -1
0.1 533 534 -1
0.1 1074 1075 -1
0.1 536 537 -1
0.1 535 1077 -1
0.1 1076 1078 -1
0.1 1073 1079 -1
0.1 1071 1080 -1
0.1 1042 1081 -1
0.1 1033 1082 -1
0.1 539 540 -1
0.1 538 1084 -1
0.1 1083 1085 -1
0.1 542 543 -1
0.1 1087 544 -1
0.1 1088 545 -1
0.1 541 1089 -1
0.1 546 547 -1
0.1 1090 1091 -1
0.1 1086 1092 -1
0.1 447 1093 -1
0.1 549 550 -1
0.1 548 1095 -1
0.1 1094 1096 -1
0.1 994 1097 -1
0.1 845 1098 -1
