1 0 0 1
1 0 0 1
1 0 0 1
1 0 0 1
1 0 0 1
1 0 0 1
1 0 0 1
1 0 0 1
1 0 0 1
1 0 0 2
1 0 0 2
1 0 0 2
1 0 0 2
1 0 0 2
1 0 0 2
1 0 0 2
1 0 0 2
1 0 0 2
1 0 0 2
1 0 0 3
1 0 0 3
1 0 0 3
1 0 0 3
1 0 0 3
1 0 0 3
1 0 0 3
1 0 0 3
1 0 0 3
1 0 0 3
1 0 0 4
1 0 0 4
1 0 0 4
1 0 0 4
1 0 0 4
1 0 0 4
1 0 0 4
1 0 0 4
1 0 0 4
1 0 0 4
1 0 0 5
1 0 0 5
1 0 0 5
1 0 0 5
1 0 0 5
1 0 0 5
1 0 0 5
1 0 0 6
1 0 0 6
1 0 0 6
1 0 0 6
1 0 0 6
1 0 0 6
1 0 0 6
1 0 0 6
1 0 0 6
1 0 0 6
1 0 0 7
1 0 0 7
1 0 0 7
1 0 0 7
1 0 0 7
1 0 0 7
1 0 0 7
1 0 0 7
1 0 0 7
1 0 0 7
1 0 0 8
1 0 0 8
1 0 0 8
1 0 0 8
1 0 0 8
1 0 0 8
1 0 0 8
1 0 0 8
1 0 0 8
1 0 0 8
1 0 0 9
1 0 0 9
1 0 0 9
1 0 0 9
1 0 0 9
1 0 0 9
1 0 0 9
1 0 0 9
1 0 0 9
1 0 0 9
1 0 0 10
1 0 0 10
1 0 0 10
1 0 0 10
1 0 0 10
1 0 0 10
1 0 0 10
1 0 0 10
1 0 0 10
1 0 0 10
1 0 0 11
1 0 0 11
1 0 0 11
1 0 0 11
1 0 0 11
1 0 0 11
1 0 0 11
1 0 0 11
1 0 0 11
1 0 0 11
1 0 0 1
1 0 0 5
1 0 0 5
1 0 0 5
1 0 0 12
1 0 0 12
1 0 0 12
1 0 0 12
1 0 0 12
1 0 0 12
1 0 0 12
1 0 0 12
1 0 0 12
1 0 0 12
1 0 0 13
1 0 0 13
1 0 0 13
1 0 0 13
1 0 0 13
1 0 0 13
1 0 0 13
1 0 0 13
1 0 0 13
1 0 0 14
1 0 0 14
1 0 0 14
1 0 0 14
1 0 0 14
1 0 0 14
1 0 0 14
1 0 0 14
1 0 0 14
1 0 0 14
1 0 0 15
1 0 0 15
1 0 0 15
1 0 0 15
1 0 0 15
1 0 0 15
1 0 0 15
1 0 0 15
1 0 0 15
1 0 0 15
1 0 0 13
1 0 0 16
1 0 0 16
1 0 0 16
1 0 0 16
1 0 0 16
1 0 0 16
1 0 0 16
1 0 0 16
1 0 0 16
1 0 0 16
1 0 0 17
1 0 0 18
1 0 0 18
1 0 0 18
1 0 0 18
1 0 0 18
1 0 0 18
1 0 0 18
1 0 0 18
1 0 0 18
1 0 0 18
1 0 0 19
1 0 0 19
1 0 0 19
1 0 0 20
1 0 0 20
1 0 0 21
1 0 0 21
1 0 0 21
1 0 0 21
1 0 0 21
1 0 0 21
1 0 0 21
1 0 0 21
1 0 0 21
1 0 0 21
1 0 0 20
1 0 0 20
1 0 0 20
1 0 0 20
1 0 0 20
1 0 0 20
1 0 0 20
1 0 0 20
1 0 0 22
1 0 0 22
1 0 0 22
1 0 0 22
1 0 0 22
1 0 0 22
1 0 0 22
1 0 0 22
1 0 0 22
1 0 0 22
1 0 0 23
1 0 0 23
1 0 0 23
1 0 0 23
1 0 0 23
1 0 0 23
1 0 0 23
1 0 0 23
1 0 0 23
1 0 0 23
1 0 0 19
1 0 0 19
1 0 0 24
1 0 0 24
1 0 0 24
1 0 0 24
1 0 0 24
1 0 0 24
1 0 0 24
1 0 0 24
1 0 0 24
1 0 0 24
1 0 0 19
1 0 0 19
1 0 0 19
1 0 0 19
1 0 0 19
1 0 0 17
1 0 0 17
1 0 0 25
1 0 0 25
1 0 0 25
1 0 0 25
1 0 0 25
1 0 0 25
1 0 0 25
1 0 0 25
1 0 0 25
1 0 0 25
1 0 0 26
1 0 0 26
1 0 0 26
1 0 0 26
1 0 0 26
1 0 0 26
1 0 0 26
1 0 0 26
1 0 0 26
1 0 0 26
1 0 0 17
1 0 0 17
1 0 0 17
1 0 0 17
1 0 0 17
1 0 0 17
1 0 0 27
1 0 0 27
1 0 0 27
1 0 0 27
1 0 0 27
1 0 0 27
1 0 0 27
1 0 0 27
1 0 0 27
1 0 0 27
1 0 0 17
1 0 0 28
1 0 0 28
1 0 0 28
1 0 0 29
1 0 0 29
1 0 0 29
1 0 0 29
1 0 0 29
1 0 0 29
1 0 0 29
1 0 0 30
1 0 0 30
1 0 0 31
1 0 0 31
1 0 0 31
1 0 0 31
1 0 0 31
1 0 0 31
1 0 0 31
1 0 0 31
1 0 0 31
1 0 0 31
1 0 0 32
1 0 0 32
1 0 0 32
1 0 0 32
1 0 0 32
1 0 0 32
1 0 0 32
1 0 0 32
1 0 0 32
1 0 0 32
1 0 0 30
1 0 0 30
1 0 0 30
1 0 0 30
1 0 0 30
1 0 0 30
1 0 0 30
1 0 0 30
1 0 0 33
1 0 0 33
1 0 0 33
1 0 0 33
1 0 0 33
1 0 0 33
1 0 0 33
1 0 0 33
1 0 0 33
1 0 0 33
1 0 0 34
1 0 0 34
1 0 0 34
1 0 0 34
1 0 0 34
1 0 0 34
1 0 0 34
1 0 0 34
1 0 0 34
1 0 0 34
1 0 0 35
1 0 0 35
1 0 0 36
1 0 0 36
1 0 0 36
1 0 0 36
1 0 0 36
1 0 0 36
1 0 0 36
1 0 0 36
1 0 0 36
1 0 0 36
1 0 0 35
1 0 0 35
1 0 0 35
1 0 0 35
1 0 0 35
1 0 0 35
1 0 0 35
1 0 0 35
1 0 0 37
1 0 0 37
1 0 0 37
1 0 0 37
1 0 0 37
1 0 0 37
1 0 0 37
1 0 0 37
1 0 0 37
1 0 0 37
1 0 0 38
1 0 0 38
1 0 0 38
1 0 0 38
1 0 0 38
1 0 0 38
1 0 0 38
1 0 0 38
1 0 0 38
1 0 0 38
1 0 0 29
1 0 0 29
1 0 0 29
1 0 0 28
1 0 0 28
1 0 0 28
1 0 0 28
1 0 0 28
1 0 0 39
1 0 0 39
1 0 0 39
1 0 0 39
1 0 0 39
1 0 0 39
1 0 0 39
1 0 0 39
1 0 0 39
1 0 0 39
1 0 0 40
1 0 0 40
1 0 0 40
1 0 0 40
1 0 0 40
1 0 0 40
1 0 0 40
1 0 0 40
1 0 0 40
1 0 0 40
1 0 0 28
1 0 0 28
1 0 0 41
1 0 0 41
1 0 0 42
1 0 0 42
1 0 0 42
1 0 0 43
1 0 0 43
1 0 0 43
1 0 0 43
1 0 0 43
1 0 0 43
1 0 0 43
1 0 0 43
1 0 0 43
1 0 0 43
1 0 0 42
1 0 0 42
1 0 0 42
1 0 0 42
1 0 0 42
1 0 0 42
1 0 0 42
1 0 0 44
1 0 0 45
1 0 0 45
1 0 0 45
1 0 0 45
1 0 0 45
1 0 0 45
1 0 0 45
1 0 0 45
1 0 0 45
1 0 0 45
1 0 0 46
1 0 0 46
1 0 0 46
1 0 0 46
1 0 0 46
1 0 0 46
1 0 0 46
1 0 0 46
1 0 0 46
1 0 0 46
1 0 0 47
1 0 0 47
1 0 0 47
1 0 0 47
1 0 0 47
1 0 0 47
1 0 0 47
1 0 0 47
1 0 0 47
1 0 0 47
1 0 0 48
1 0 0 48
1 0 0 48
1 0 0 48
1 0 0 48
1 0 0 48
1 0 0 48
1 0 0 48
1 0 0 48
1 0 0 48
1 0 0 44
1 0 0 44
1 0 0 44
1 0 0 44
1 0 0 44
1 0 0 44
1 0 0 44
1 0 0 44
1 0 0 44
1 0 0 41
1 0 0 49
1 0 0 49
1 0 0 49
1 0 0 49
1 0 0 49
1 0 0 50
1 0 0 50
1 0 0 51
1 0 0 51
1 0 0 50
1 0 0 50
1 0 0 50
1 0 0 50
1 0 0 50
1 0 0 50
1 0 0 50
1 0 0 51
1 0 0 51
1 0 0 51
1 0 0 51
1 0 0 51
1 0 0 51
1 0 0 51
1 0 0 51
1 0 0 50
1 0 0 49
1 0 0 49
1 0 0 49
1 0 0 49
1 0 0 49
1 0 0 41
1 0 0 41
1 0 0 52
1 0 0 52
1 0 0 52
1 0 0 52
1 0 0 52
1 0 0 52
1 0 0 52
1 0 0 52
1 0 0 52
1 0 0 52
1 0 0 41
1 0 0 41
1 0 0 41
1 0 0 41
1 0 0 53
1 0 0 53
1 0 0 53
1 0 0 53
1 0 0 53
1 0 0 53
1 0 0 53
1 0 0 53
1 0 0 53
1 0 0 54
1 0 0 54
1 0 0 54
1 0 0 54
1 0 0 54
1 0 0 54
1 0 0 54
1 0 0 54
1 0 0 54
1 0 0 54
1 0 0 55
1 0 0 55
1 0 0 55
1 0 0 55
1 0 0 55
1 0 0 55
1 0 0 55
1 0 0 55
1 0 0 55
1 0 0 55
1 0 0 53
1 0 0 41
0.1 1 2 -1
0.1 6 7 -1
0.1 5 552 -1
0.1 553 8 -1
0.1 4 554 -1
0.1 3 555 -1
0.1 551 556 -1
0.1 557 9 -1
0.1 11 12 -1
0.1 13 14 -1
0.1 559 560 -1
0.1 10 561 -1
0.1 15 16 -1
0.1 17 18 -1
0.1 564 19 -1
0.1 563 565 -1
0.1 562 566 -1
0.1 21 22 -1
0.1 20 568 -1
0.1 24 25 -1
0.1 27 28 -1
0.1 26 571 -1
0.1 570 572 -1
0.1 23 573 -1
0.1 569 574 -1
0.1 575 29 -1
0.1 31 32 -1
0.1 30 577 -1
0.1 35 36 -1
0.1 34 579 -1
0.1 33 580 -1
0.1 38 39 -1
0.1 37 582 -1
0.1 581 583 -1
0.1 578 584 -1
0.1 576 585 -1
0.1 567 586 -1
0.1 41 42 -1
0.1 40 588 -1
0.1 43 44 -1
0.1 45 46 -1
0.1 590 591 -1
0.1 589 592 -1
0.1 47 48 -1
0.1 49 50 -1
0.1 51 52 -1
0.1 596 53 -1
0.1 595 597 -1
0.1 55 56 -1
0.1 54 599 -1
0.1 598 600 -1
0.1 594 601 -1
0.1 58 59 -1
0.1 57 603 -1
0.1 62 63 -1
0.1 605 64 -1
0.1 61 606 -1
0.1 65 66 -1
0.1 607 608 -1
0.1 60 609 -1
0.1 604 610 -1
0.1 602 611 -1
0.1 67 68 -1
0.1 70 71 -1
0.1 69 614 -1
0.1 613 615 -1
0.1 73 74 -1
0.1 72 617 -1
0.1 75 76 -1
0.1 618 619 -1
0.1 616 620 -1
0.1 78 79 -1
0.1 84 85 -1
0.1 83 623 -1
0.1 82 624 -1
0.1 81 625 -1
0.1 80 626 -1
0.1 627 86 -1
0.1 622 628 -1
0.1 87 88 -1
0.1 91 92 -1
0.1 90 631 -1
0.1 93 94 -1
0.1 95 96 -1
0.1 633 634 -1
0.1 632 635 -1
0.1 89 636 -1
0.1 630 637 -1
0.1 629 638 -1
0.1 77 639 -1
0.1 621 640 -1
0.1 612 641 -1
0.1 97 98 -1
0.1 99 100 -1
0.1 101 102 -1
0.1 644 645 -1
0.1 103 104 -1
0.1 646 647 -1
0.1 643 648 -1
0.1 105 106 -1
0.1 649 650 -1
0.1 642 651 -1
0.1 108 109 -1
0.1 653 110 -1
0.1 107 654 -1
0.1 652 655 -1
0.1 593 656 -1
0.1 587 657 -1
0.1 558 658 -1
0.1 113 114 -1
0.1 112 660 -1
0.1 111 661 -1
0.1 115 116 -1
0.1 119 120 -1
0.1 118 664 -1
0.1 117 665 -1
0.1 663 666 -1
0.1 662 667 -1
0.1 121 122 -1
0.1 125 126 -1
0.1 124 670 -1
0.1 123 671 -1
0.1 128 129 -1
0.1 127 673 -1
0.1 672 674 -1
0.1 669 675 -1
0.1 133 134 -1
0.1 132 677 -1
0.1 131 678 -1
0.1 130 679 -1
0.1 136 137 -1
0.1 135 681 -1
0.1 682 138 -1
0.1 683 139 -1
0.1 680 684 -1
0.1 676 685 -1
0.1 140 141 -1
0.1 687 142 -1
0.1 144 145 -1
0.1 143 689 -1
0.1 690 146 -1
0.1 147 148 -1
0.1 692 149 -1
0.1 691 693 -1
0.1 688 694 -1
0.1 151 152 -1
0.1 153 154 -1
0.1 697 155 -1
0.1 696 698 -1
0.1 156 157 -1
0.1 159 160 -1
0.1 158 701 -1
0.1 700 702 -1
0.1 699 703 -1
0.1 150 704 -1
0.1 695 705 -1
0.1 686 706 -1
0.1 668 707 -1
0.1 163 164 -1
0.1 165 166 -1
0.1 709 710 -1
0.1 167 168 -1
0.1 170 171 -1
0.1 169 713 -1
0.1 712 714 -1
0.1 711 715 -1
0.1 162 716 -1
0.1 161 717 -1
0.1 172 173 -1
0.1 719 174 -1
0.1 175 176 -1
0.1 179 180 -1
0.1 178 722 -1
0.1 181 182 -1
0.1 724 183 -1
0.1 723 725 -1
0.1 726 184 -1
0.1 177 727 -1
0.1 185 186 -1
0.1 728 729 -1
0.1 721 730 -1
0.1 190 191 -1
0.1 189 732 -1
0.1 192 193 -1
0.1 733 734 -1
0.1 735 194 -1
0.1 188 736 -1
0.1 187 737 -1
0.1 731 738 -1
0.1 720 739 -1
0.1 196 197 -1
0.1 198 199 -1
0.1 741 742 -1
0.1 195 743 -1
0.1 200 201 -1
0.1 202 203 -1
0.1 745 746 -1
0.1 747 204 -1
0.1 744 748 -1
0.1 205 206 -1
0.1 208 209 -1
0.1 207 751 -1
0.1 750 752 -1
0.1 210 211 -1
0.1 753 754 -1
0.1 213 214 -1
0.1 212 756 -1
0.1 755 757 -1
0.1 749 758 -1
0.1 215 216 -1
0.1 218 219 -1
0.1 221 222 -1
0.1 220 762 -1
0.1 761 763 -1
0.1 217 764 -1
0.1 223 224 -1
0.1 225 226 -1
0.1 766 767 -1
0.1 765 768 -1
0.1 760 769 -1
0.1 227 228 -1
0.1 771 229 -1
0.1 230 231 -1
0.1 772 773 -1
0.1 770 774 -1
0.1 759 775 -1
0.1 740 776 -1
0.1 232 233 -1
0.1 777 778 -1
0.1 235 236 -1
0.1 239 240 -1
0.1 241 242 -1
0.1 781 782 -1
0.1 238 783 -1
0.1 237 784 -1
0.1 780 785 -1
0.1 786 243 -1
0.1 234 787 -1
0.1 779 788 -1
0.1 718 789 -1
0.1 708 790 -1
0.1 659 791 -1
0.1 247 248 -1
0.1 249 250 -1
0.1 251 252 -1
0.1 794 795 -1
0.1 793 796 -1
0.1 246 797 -1
0.1 245 798 -1
0.1 244 799 -1
0.1 800 253 -1
0.1 255 256 -1
0.1 802 257 -1
0.1 254 803 -1
0.1 258 259 -1
0.1 263 264 -1
0.1 262 806 -1
0.1 268 269 -1
0.1 267 808 -1
0.1 266 809 -1
0.1 265 810 -1
0.1 807 811 -1
0.1 261 812 -1
0.1 260 813 -1
0.1 814 270 -1
0.1 805 815 -1
0.1 804 816 -1
0.1 801 817 -1
0.1 792 818 -1
0.1 272 273 -1
0.1 271 820 -1
0.1 819 821 -1
0.1 274 275 -1
0.1 278 279 -1
0.1 277 824 -1
0.1 825 280 -1
0.1 276 826 -1
0.1 823 827 -1
0.1 281 282 -1
0.1 284 285 -1
0.1 287 288 -1
0.1 286 831 -1
0.1 830 832 -1
0.1 833 289 -1
0.1 290 291 -1
0.1 834 835 -1
0.1 283 836 -1
0.1 293 294 -1
0.1 296 297 -1
0.1 295 839 -1
0.1 838 840 -1
0.1 299 300 -1
0.1 298 842 -1
0.1 841 843 -1
0.1 301 302 -1
0.1 844 845 -1
0.1 292 846 -1
0.1 837 847 -1
0.1 829 848 -1
0.1 303 304 -1
0.1 849 850 -1
0.1 308 309 -1
0.1 307 852 -1
0.1 853 310 -1
0.1 306 854 -1
0.1 305 855 -1
0.1 851 856 -1
0.1 312 313 -1
0.1 311 858 -1
0.1 859 314 -1
0.1 318 319 -1
0.1 317 861 -1
0.1 316 862 -1
0.1 315 863 -1
0.1 860 864 -1
0.1 865 320 -1
0.1 857 866 -1
0.1 322 323 -1
0.1 325 326 -1
0.1 324 869 -1
0.1 327 328 -1
0.1 871 329 -1
0.1 870 872 -1
0.1 873 330 -1
0.1 868 874 -1
0.1 321 875 -1
0.1 334 335 -1
0.1 333 877 -1
0.1 337 338 -1
0.1 336 879 -1
0.1 339 340 -1
0.1 341 342 -1
0.1 881 882 -1
0.1 880 883 -1
0.1 878 884 -1
0.1 885 343 -1
0.1 886 344 -1
0.1 332 887 -1
0.1 888 345 -1
0.1 331 889 -1
0.1 347 348 -1
0.1 346 891 -1
0.1 349 350 -1
0.1 892 893 -1
0.1 352 353 -1
0.1 351 895 -1
0.1 354 355 -1
0.1 896 897 -1
0.1 898 356 -1
0.1 357 358 -1
0.1 899 900 -1
0.1 359 360 -1
0.1 901 902 -1
0.1 894 903 -1
0.1 890 904 -1
0.1 362 363 -1
0.1 361 906 -1
0.1 365 366 -1
0.1 364 908 -1
0.1 367 368 -1
0.1 369 370 -1
0.1 910 911 -1
0.1 909 912 -1
0.1 907 913 -1
0.1 905 914 -1
0.1 876 915 -1
0.1 867 916 -1
0.1 372 373 -1
0.1 371 918 -1
0.1 917 919 -1
0.1 828 920 -1
0.1 921 374 -1
0.1 377 378 -1
0.1 376 923 -1
0.1 381 382 -1
0.1 380 925 -1
0.1 379 926 -1
0.1 383 384 -1
0.1 385 386 -1
0.1 387 388 -1
0.1 929 930 -1
0.1 928 931 -1
0.1 927 932 -1
0.1 390 391 -1
0.1 389 934 -1
0.1 392 393 -1
0.1 935 936 -1
0.1 937 394 -1
0.1 395 396 -1
0.1 939 397 -1
0.1 940 398 -1
0.1 938 941 -1
0.1 933 942 -1
0.1 943 399 -1
0.1 924 944 -1
0.1 945 400 -1
0.1 375 946 -1
0.1 922 947 -1
0.1 401 402 -1
0.1 404 405 -1
0.1 403 950 -1
0.1 406 407 -1
0.1 408 409 -1
0.1 410 411 -1
0.1 412 413 -1
0.1 954 955 -1
0.1 953 956 -1
0.1 952 957 -1
0.1 414 415 -1
0.1 958 959 -1
0.1 951 960 -1
0.1 417 418 -1
0.1 962 419 -1
0.1 416 963 -1
0.1 421 422 -1
0.1 420 965 -1
0.1 964 966 -1
0.1 961 967 -1
0.1 425 426 -1
0.1 424 969 -1
0.1 427 428 -1
0.1 971 429 -1
0.1 970 972 -1
0.1 431 432 -1
0.1 974 433 -1
0.1 438 439 -1
0.1 437 976 -1
0.1 436 977 -1
0.1 435 978 -1
0.1 979 440 -1
0.1 441 442 -1
0.1 980 981 -1
0.1 982 443 -1
0.1 434 983 -1
0.1 975 984 -1
0.1 430 985 -1
0.1 973 986 -1
0.1 445 446 -1
0.1 444 988 -1
0.1 447 448 -1
0.1 990 449 -1
0.1 451 452 -1
0.1 992 453 -1
0.1 450 993 -1
0.1 991 994 -1
0.1 989 995 -1
0.1 454 455 -1
0.1 457 458 -1
0.1 456 998 -1
0.1 999 459 -1
0.1 462 463 -1
0.1 461 1001 -1
0.1 460 1002 -1
0.1 1000 1003 -1
0.1 997 1004 -1
0.1 996 1005 -1
0.1 987 1006 -1
0.1 423 1007 -1
0.1 464 465 -1
0.1 1008 1009 -1
0.1 466 467 -1
0.1 468 469 -1
0.1 1012 470 -1
0.1 1011 1013 -1
0.1 471 472 -1
0.1 1014 1015 -1
0.1 1010 1016 -1
0.1 968 1017 -1
0.1 949 1018 -1
0.1 475 476 -1
0.1 474 1020 -1
0.1 477 478 -1
0.1 479 480 -1
0.1 481 482 -1
0.1 484 485 -1
0.1 1025 486 -1
0.1 483 1026 -1
0.1 488 489 -1
0.1 487 1028 -1
0.1 1027 1029 -1
0.1 1024 1030 -1
0.1 492 493 -1
0.1 1032 494 -1
0.1 496 497 -1
0.1 495 1034 -1
0.1 1033 1035 -1
0.1 491 1036 -1
0.1 490 1037 -1
0.1 1038 498 -1
0.1 1031 1039 -1
0.1 1023 1040 -1
0.1 1022 1041 -1
0.1 499 500 -1
0.1 502 503 -1
0.1 501 1044 -1
0.1 1043 1045 -1
0.1 1042 1046 -1
0.1 1021 1047 -1
0.1 473 1048 -1
0.1 507 508 -1
0.1 506 1050 -1
0.1 510 511 -1
0.1 513 514 -1
0.1 1053 515 -1
0.1 512 1054 -1
0.1 1052 1055 -1
0.1 509 1056 -1
0.1 1051 1057 -1
0.1 505 1058 -1
0.1 504 1059 -1
0.1 518 519 -1
0.1 517 1061 -1
0.1 516 1062 -1
0.1 1060 1063 -1
0.1 521 522 -1
0.1 520 1065 -1
0.1 524 525 -1
0.1 523 1067 -1
0.1 1066 1068 -1
0.1 1069 526 -1
0.1 527 528 -1
0.1 1070 1071 -1
0.1 532 533 -1
0.1 531 1073 -1
0.1 1074 534 -1
0.1 530 1075 -1
0.1 529 1076 -1
0.1 537 538 -1
0.1 536 1078 -1
0.1 535 1079 -1
0.1 1077 1080 -1
0.1 1072 1081 -1
0.1 539 540 -1
0.1 1083 541 -1
0.1 544 545 -1
0.1 1085 546 -1
0.1 543 1086 -1
0.1 542 1087 -1
0.1 1084 1088 -1
0.1 547 548 -1
0.1 1089 1090 -1
0.1 1091 549 -1
0.1 1082 1092 -1
0.1 1093 550 -1
0.1 1064 1094 -1
0.1 1049 1095 -1
0.1 1019 1096 -1
0.1 948 1097 -1
0.1 822 1098 -1
