1 0 0 1
1 0 0 1
1 0 0 1
1 0 0 1
1 0 0 1
1 0 0 2
1 0 0 2
1 0 0 2
1 0 0 2
1 0 0 2
1 0 0 2
1 0 0 2
1 0 0 2
1 0 0 2
1 0 0 2
1 0 0 1
1 0 0 1
1 0 0 1
1 0 0 1
1 0 0 1
1 0 0 3
1 0 0 3
1 0 0 3
1 0 0 3
1 0 0 4
1 0 0 4
1 0 0 4
1 0 0 4
1 0 0 4
1 0 0 4
1 0 0 4
1 0 0 4
1 0 0 4
1 0 0 4
1 0 0 5
1 0 0 5
1 0 0 6
1 0 0 6
1 0 0 6
1 0 0 6
1 0 0 6
1 0 0 6
1 0 0 6
1 0 0 6
1 0 0 6
1 0 0 6
1 0 0 5
1 0 0 5
1 0 0 5
1 0 0 5
1 0 0 5
1 0 0 5
1 0 0 5
1 0 0 5
1 0 0 3
1 0 0 3
1 0 0 7
1 0 0 7
1 0 0 7
1 0 0 7
1 0 0 7
1 0 0 7
1 0 0 7
1 0 0 7
1 0 0 7
1 0 0 7
1 0 0 3
1 0 0 3
1 0 0 3
1 0 0 3
1 0 0 8
1 0 0 8
1 0 0 8
1 0 0 8
1 0 0 8
1 0 0 8
1 0 0 8
1 0 0 8
1 0 0 8
1 0 0 9
1 0 0 9
1 0 0 9
1 0 0 9
1 0 0 9
1 0 0 9
1 0 0 9
1 0 0 9
1 0 0 10
1 0 0 10
1 0 0 11
1 0 0 11
1 0 0 11
1 0 0 11
1 0 0 11
1 0 0 11
1 0 0 11
1 0 0 11
1 0 0 11
1 0 0 11
1 0 0 12
1 0 0 12
1 0 0 12
1 0 0 12
1 0 0 12
1 0 0 12
1 0 0 12
1 0 0 12
1 0 0 12
1 0 0 12
1 0 0 10
1 0 0 10
1 0 0 10
1 0 0 10
1 0 0 10
1 0 0 10
1 0 0 10
1 0 0 10
1 0 0 9
1 0 0 9
1 0 0 8
1 0 0 13
1 0 0 13
1 0 0 13
1 0 0 13
1 0 0 13
1 0 0 13
1 0 0 13
1 0 0 13
1 0 0 13
1 0 0 13
1 0 0 14
1 0 0 14
1 0 0 14
1 0 0 14
1 0 0 14
1 0 0 14
1 0 0 14
1 0 0 14
1 0 0 14
1 0 0 14
0.1 1 2 -1
0.1 4 5 -1
0.1 6 7 -1
0.1 9 10 -1
0.1 8 144 -1
0.1 11 12 -1
0.1 13 14 -1
0.1 147 15 -1
0.1 146 148 -1
0.1 145 149 -1
0.1 143 150 -1
0.1 142 151 -1
0.1 3 152 -1
0.1 17 18 -1
0.1 154 19 -1
0.1 155 20 -1
0.1 16 156 -1
0.1 153 157 -1
0.1 141 158 -1
0.1 22 23 -1
0.1 21 160 -1
0.1 26 27 -1
0.1 25 162 -1
0.1 28 29 -1
0.1 163 164 -1
0.1 30 31 -1
0.1 166 32 -1
0.1 33 34 -1
0.1 167 168 -1
0.1 165 169 -1
0.1 35 36 -1
0.1 37 38 -1
0.1 40 41 -1
0.1 39 173 -1
0.1 42 43 -1
0.1 44 45 -1
0.1 175 176 -1
0.1 174 177 -1
0.1 172 178 -1
0.1 179 46 -1
0.1 49 50 -1
0.1 48 181 -1
0.1 47 182 -1
0.1 180 183 -1
0.1 171 184 -1
0.1 51 52 -1
0.1 53 54 -1
0.1 186 187 -1
0.1 185 188 -1
0.1 55 56 -1
0.1 189 190 -1
0.1 57 58 -1
0.1 59 60 -1
0.1 63 64 -1
0.1 62 194 -1
0.1 61 195 -1
0.1 65 66 -1
0.1 196 197 -1
0.1 193 198 -1
0.1 192 199 -1
0.1 191 200 -1
0.1 170 201 -1
0.1 68 69 -1
0.1 67 203 -1
0.1 202 204 -1
0.1 205 70 -1
0.1 24 206 -1
0.1 161 207 -1
0.1 159 208 -1
0.1 73 74 -1
0.1 72 210 -1
0.1 71 211 -1
0.1 76 77 -1
0.1 78 79 -1
0.1 213 214 -1
0.1 75 215 -1
0.1 212 216 -1
0.1 86 87 -1
0.1 85 218 -1
0.1 91 92 -1
0.1 90 220 -1
0.1 93 94 -1
0.1 95 96 -1
0.1 223 97 -1
0.1 222 224 -1
0.1 98 99 -1
0.1 225 226 -1
0.1 221 227 -1
0.1 89 228 -1
0.1 88 229 -1
0.1 101 102 -1
0.1 105 106 -1
0.1 104 232 -1
0.1 103 233 -1
0.1 231 234 -1
0.1 108 109 -1
0.1 107 236 -1
0.1 235 237 -1
0.1 100 238 -1
0.1 230 239 -1
0.1 111 112 -1
0.1 110 241 -1
0.1 114 115 -1
0.1 243 116 -1
0.1 244 117 -1
0.1 113 245 -1
0.1 242 246 -1
0.1 240 247 -1
0.1 248 118 -1
0.1 249 119 -1
0.1 219 250 -1
0.1 84 251 -1
0.1 83 252 -1
0.1 82 253 -1
0.1 81 254 -1
0.1 80 255 -1
0.1 256 120 -1
0.1 217 257 -1
0.1 121 122 -1
0.1 258 259 -1
0.1 124 125 -1
0.1 261 126 -1
0.1 123 262 -1
0.1 127 128 -1
0.1 263 264 -1
0.1 129 130 -1
0.1 265 266 -1
0.1 260 267 -1
0.1 132 133 -1
0.1 137 138 -1
0.1 139 140 -1
0.1 270 271 -1
0.1 136 272 -1
0.1 135 273 -1
0.1 134 274 -1
0.1 269 275 -1
0.1 131 276 -1
0.1 268 277 -1
0.1 209 278 -1
