1 0 0 1
1 0 0 1
1 0 0 1
1 0 0 1
1 0 0 2
1 0 0 2
1 0 0 2
1 0 0 2
1 0 0 2
1 0 0 2
1 0 0 2
1 0 0 2
1 0 0 2
1 0 0 2
1 0 0 3
1 0 0 3
1 0 0 3
1 0 0 3
1 0 0 3
1 0 0 3
1 0 0 3
1 0 0 3
1 0 0 3
1 0 0 3
1 0 0 4
1 0 0 4
1 0 0 4
1 0 0 4
1 0 0 4
1 0 0 4
1 0 0 4
1 0 0 4
1 0 0 4
1 0 0 4
1 0 0 1
1 0 0 1
1 0 0 1
1 0 0 1
1 0 0 5
1 0 0 5
1 0 0 5
1 0 0 6
1 0 0 6
1 0 0 6
1 0 0 6
1 0 0 6
1 0 0 6
1 0 0 6
1 0 0 6
1 0 0 6
1 0 0 6
1 0 0 5
1 0 0 5
1 0 0 5
1 0 0 7
1 0 0 7
1 0 0 7
1 0 0 7
1 0 0 7
1 0 0 7
1 0 0 7
1 0 0 7
1 0 0 7
1 0 0 7
1 0 0 8
1 0 0 8
1 0 0 8
1 0 0 8
1 0 0 8
1 0 0 8
1 0 0 8
1 0 0 8
1 0 0 8
1 0 0 8
1 0 0 5
1 0 0 9
1 0 0 9
1 0 0 9
1 0 0 9
1 0 0 9
1 0 0 9
1 0 0 9
1 0 0 9
1 0 0 9
1 0 0 9
1 0 0 5
1 0 0 10
1 0 0 10
1 0 0 10
1 0 0 10
1 0 0 10
1 0 0 10
1 0 0 10
1 0 0 10
1 0 0 10
1 0 0 10
1 0 0 5
1 0 0 5
1 0 0 11
1 0 0 11
1 0 0 11
1 0 0 11
1 0 0 11
1 0 0 11
1 0 0 11
1 0 0 11
1 0 0 11
1 0 0 11
1 0 0 12
1 0 0 12
1 0 0 12
1 0 0 12
1 0 0 12
1 0 0 12
1 0 0 12
1 0 0 12
1 0 0 12
1 0 0 12
1 0 0 13
1 0 0 13
1 0 0 13
1 0 0 13
1 0 0 13
1 0 0 13
1 0 0 13
1 0 0 13
1 0 0 13
1 0 0 13
1 0 0 14
1 0 0 15
1 0 0 15
1 0 0 15
1 0 0 15
1 0 0 16
1 0 0 16
1 0 0 16
1 0 0 16
1 0 0 16
1 0 0 16
1 0 0 16
1 0 0 16
1 0 0 16
1 0 0 16
1 0 0 15
1 0 0 15
1 0 0 15
1 0 0 15
1 0 0 15
1 0 0 17
1 0 0 17
1 0 0 17
1 0 0 17
1 0 0 17
1 0 0 17
1 0 0 17
1 0 0 17
1 0 0 17
1 0 0 17
1 0 0 18
1 0 0 18
1 0 0 18
1 0 0 18
1 0 0 18
1 0 0 18
1 0 0 18
1 0 0 18
1 0 0 18
1 0 0 18
1 0 0 19
1 0 0 19
1 0 0 19
1 0 0 19
1 0 0 19
1 0 0 19
1 0 0 19
1 0 0 19
1 0 0 19
1 0 0 19
1 0 0 15
1 0 0 20
1 0 0 20
1 0 0 20
1 0 0 20
1 0 0 20
1 0 0 20
1 0 0 20
1 0 0 20
1 0 0 20
1 0 0 20
1 0 0 14
1 0 0 14
1 0 0 14
1 0 0 21
1 0 0 21
1 0 0 21
1 0 0 21
1 0 0 21
1 0 0 21
1 0 0 21
1 0 0 21
1 0 0 21
1 0 0 21
1 0 0 22
1 0 0 22
1 0 0 14
1 0 0 23
1 0 0 23
1 0 0 23
1 0 0 23
1 0 0 23
1 0 0 23
1 0 0 23
1 0 0 23
1 0 0 23
1 0 0 23
1 0 0 14
1 0 0 24
1 0 0 24
1 0 0 24
1 0 0 24
1 0 0 24
1 0 0 24
1 0 0 24
1 0 0 24
1 0 0 24
1 0 0 24
1 0 0 25
1 0 0 25
1 0 0 25
1 0 0 25
1 0 0 25
1 0 0 25
1 0 0 25
1 0 0 25
1 0 0 25
1 0 0 25
1 0 0 26
1 0 0 26
1 0 0 26
1 0 0 26
1 0 0 26
1 0 0 26
1 0 0 26
1 0 0 26
1 0 0 26
1 0 0 26
1 0 0 27
1 0 0 27
1 0 0 27
1 0 0 27
1 0 0 27
1 0 0 27
1 0 0 27
1 0 0 27
1 0 0 27
1 0 0 27
1 0 0 28
1 0 0 28
1 0 0 28
1 0 0 28
1 0 0 28
1 0 0 28
1 0 0 28
1 0 0 28
1 0 0 28
1 0 0 28
1 0 0 14
1 0 0 14
1 0 0 29
1 0 0 29
1 0 0 29
1 0 0 29
1 0 0 29
1 0 0 29
1 0 0 29
1 0 0 29
1 0 0 29
1 0 0 29
1 0 0 14
1 0 0 30
1 0 0 30
1 0 0 30
1 0 0 30
1 0 0 30
1 0 0 30
1 0 0 30
1 0 0 30
1 0 0 30
1 0 0 30
1 0 0 31
1 0 0 31
1 0 0 31
1 0 0 31
1 0 0 31
1 0 0 31
1 0 0 31
1 0 0 31
1 0 0 31
1 0 0 31
1 0 0 14
1 0 0 22
1 0 0 22
1 0 0 22
1 0 0 22
1 0 0 22
1 0 0 22
1 0 0 22
1 0 0 22
1 0 0 32
1 0 0 32
1 0 0 32
1 0 0 32
1 0 0 32
1 0 0 32
1 0 0 32
1 0 0 32
1 0 0 32
1 0 0 32
1 0 0 33
1 0 0 33
1 0 0 33
1 0 0 33
1 0 0 33
1 0 0 33
1 0 0 33
1 0 0 33
1 0 0 33
1 0 0 33
1 0 0 34
1 0 0 34
1 0 0 34
1 0 0 34
1 0 0 34
1 0 0 34
1 0 0 34
1 0 0 34
1 0 0 34
1 0 0 34
1 0 0 35
1 0 0 35
1 0 0 35
1 0 0 35
1 0 0 35
1 0 0 35
1 0 0 35
1 0 0 35
1 0 0 35
1 0 0 35
1 0 0 1
1 0 0 1
1 0 0 36
1 0 0 36
1 0 0 36
1 0 0 37
1 0 0 37
1 0 0 37
1 0 0 37
1 0 0 37
1 0 0 37
1 0 0 37
1 0 0 37
1 0 0 37
1 0 0 37
1 0 0 36
1 0 0 36
1 0 0 36
1 0 0 36
1 0 0 36
1 0 0 38
1 0 0 38
1 0 0 38
1 0 0 38
1 0 0 38
1 0 0 38
1 0 0 38
1 0 0 38
1 0 0 38
1 0 0 38
1 0 0 36
1 0 0 36
1 0 0 39
1 0 0 39
1 0 0 39
1 0 0 40
1 0 0 40
1 0 0 40
1 0 0 40
1 0 0 40
1 0 0 40
1 0 0 40
1 0 0 40
1 0 0 40
1 0 0 40
1 0 0 41
1 0 0 39
1 0 0 42
1 0 0 42
1 0 0 42
1 0 0 42
1 0 0 43
1 0 0 43
1 0 0 43
1 0 0 43
1 0 0 43
1 0 0 43
1 0 0 43
1 0 0 43
1 0 0 43
1 0 0 43
1 0 0 44
1 0 0 44
1 0 0 44
1 0 0 44
1 0 0 44
1 0 0 44
1 0 0 44
1 0 0 44
1 0 0 44
1 0 0 44
1 0 0 42
1 0 0 42
1 0 0 42
1 0 0 39
1 0 0 39
1 0 0 42
1 0 0 39
1 0 0 39
1 0 0 39
1 0 0 45
1 0 0 45
1 0 0 45
1 0 0 45
1 0 0 45
1 0 0 45
1 0 0 45
1 0 0 45
1 0 0 45
1 0 0 45
1 0 0 39
1 0 0 46
1 0 0 46
1 0 0 46
1 0 0 46
1 0 0 46
1 0 0 46
1 0 0 46
1 0 0 46
1 0 0 46
1 0 0 46
1 0 0 47
1 0 0 47
1 0 0 47
1 0 0 47
1 0 0 47
1 0 0 47
1 0 0 47
1 0 0 47
1 0 0 47
1 0 0 47
1 0 0 41
1 0 0 41
1 0 0 41
1 0 0 41
1 0 0 41
1 0 0 41
1 0 0 41
1 0 0 48
1 0 0 48
1 0 0 48
1 0 0 48
1 0 0 48
1 0 0 48
1 0 0 48
1 0 0 48
1 0 0 48
1 0 0 48
1 0 0 49
1 0 0 49
1 0 0 49
1 0 0 49
1 0 0 49
1 0 0 49
1 0 0 50
1 0 0 50
1 0 0 50
1 0 0 50
1 0 0 50
1 0 0 50
1 0 0 50
1 0 0 50
1 0 0 50
1 0 0 50
1 0 0 51
1 0 0 51
1 0 0 51
1 0 0 51
1 0 0 51
1 0 0 51
1 0 0 51
1 0 0 51
1 0 0 51
1 0 0 51
1 0 0 49
1 0 0 52
1 0 0 52
1 0 0 52
1 0 0 52
1 0 0 52
1 0 0 52
1 0 0 52
1 0 0 52
1 0 0 52
1 0 0 52
1 0 0 49
1 0 0 49
1 0 0 49
1 0 0 53
1 0 0 53
1 0 0 53
1 0 0 53
1 0 0 53
1 0 0 53
1 0 0 53
1 0 0 53
1 0 0 53
1 0 0 53
1 0 0 54
1 0 0 54
1 0 0 54
1 0 0 54
1 0 0 54
1 0 0 54
1 0 0 54
1 0 0 54
1 0 0 54
1 0 0 54
1 0 0 55
1 0 0 55
1 0 0 55
1 0 0 55
1 0 0 55
1 0 0 55
1 0 0 55
1 0 0 55
1 0 0 55
1 0 0 55
1 0 0 41
1 0 0 56
1 0 0 56
1 0 0 56
1 0 0 56
1 0 0 56
1 0 0 56
1 0 0 56
1 0 0 56
1 0 0 56
1 0 0 56
1 0 0 41
1 0 0 42
1 0 0 42
1 0 0 57
1 0 0 57
1 0 0 57
1 0 0 57
1 0 0 57
1 0 0 57
1 0 0 57
1 0 0 57
1 0 0 57
1 0 0 57
0.1 3 4 -1
0.1 2 571 -1
0.1 6 7 -1
0.1 9 10 -1
0.1 574 11 -1
0.1 8 575 -1
0.1 12 13 -1
0.1 577 14 -1
0.1 576 578 -1
0.1 573 579 -1
0.1 5 580 -1
0.1 15 16 -1
0.1 582 17 -1
0.1 20 21 -1
0.1 19 584 -1
0.1 18 585 -1
0.1 22 23 -1
0.1 587 24 -1
0.1 586 588 -1
0.1 583 589 -1
0.1 25 26 -1
0.1 27 28 -1
0.1 592 29 -1
0.1 591 593 -1
0.1 33 34 -1
0.1 32 595 -1
0.1 31 596 -1
0.1 30 597 -1
0.1 594 598 -1
0.1 590 599 -1
0.1 600 35 -1
0.1 601 36 -1
0.1 581 602 -1
0.1 603 37 -1
0.1 572 604 -1
0.1 1 605 -1
0.1 39 40 -1
0.1 44 45 -1
0.1 46 47 -1
0.1 48 49 -1
0.1 609 610 -1
0.1 608 611 -1
0.1 50 51 -1
0.1 612 613 -1
0.1 43 614 -1
0.1 42 615 -1
0.1 41 616 -1
0.1 52 53 -1
0.1 618 54 -1
0.1 56 57 -1
0.1 58 59 -1
0.1 61 62 -1
0.1 60 622 -1
0.1 63 64 -1
0.1 623 624 -1
0.1 621 625 -1
0.1 620 626 -1
0.1 55 627 -1
0.1 65 66 -1
0.1 68 69 -1
0.1 67 630 -1
0.1 631 70 -1
0.1 629 632 -1
0.1 72 73 -1
0.1 634 74 -1
0.1 71 635 -1
0.1 633 636 -1
0.1 628 637 -1
0.1 78 79 -1
0.1 80 81 -1
0.1 82 83 -1
0.1 640 641 -1
0.1 639 642 -1
0.1 77 643 -1
0.1 84 85 -1
0.1 644 645 -1
0.1 76 646 -1
0.1 75 647 -1
0.1 638 648 -1
0.1 649 86 -1
0.1 89 90 -1
0.1 651 91 -1
0.1 88 652 -1
0.1 87 653 -1
0.1 92 93 -1
0.1 95 96 -1
0.1 94 656 -1
0.1 655 657 -1
0.1 654 658 -1
0.1 650 659 -1
0.1 97 98 -1
0.1 660 661 -1
0.1 619 662 -1
0.1 617 663 -1
0.1 607 664 -1
0.1 100 101 -1
0.1 99 666 -1
0.1 103 104 -1
0.1 668 105 -1
0.1 102 669 -1
0.1 107 108 -1
0.1 106 671 -1
0.1 670 672 -1
0.1 667 673 -1
0.1 110 111 -1
0.1 109 675 -1
0.1 112 113 -1
0.1 114 115 -1
0.1 677 678 -1
0.1 116 117 -1
0.1 679 680 -1
0.1 681 118 -1
0.1 676 682 -1
0.1 674 683 -1
0.1 665 684 -1
0.1 38 685 -1
0.1 119 120 -1
0.1 121 122 -1
0.1 688 123 -1
0.1 687 689 -1
0.1 124 125 -1
0.1 690 691 -1
0.1 127 128 -1
0.1 126 693 -1
0.1 692 694 -1
0.1 131 132 -1
0.1 696 133 -1
0.1 136 137 -1
0.1 135 698 -1
0.1 134 699 -1
0.1 139 140 -1
0.1 142 143 -1
0.1 141 702 -1
0.1 701 703 -1
0.1 138 704 -1
0.1 700 705 -1
0.1 706 144 -1
0.1 697 707 -1
0.1 145 146 -1
0.1 147 148 -1
0.1 149 150 -1
0.1 151 152 -1
0.1 711 712 -1
0.1 154 155 -1
0.1 153 714 -1
0.1 157 158 -1
0.1 156 716 -1
0.1 715 717 -1
0.1 713 718 -1
0.1 710 719 -1
0.1 709 720 -1
0.1 708 721 -1
0.1 130 722 -1
0.1 159 160 -1
0.1 162 163 -1
0.1 725 164 -1
0.1 161 726 -1
0.1 724 727 -1
0.1 166 167 -1
0.1 729 168 -1
0.1 165 730 -1
0.1 728 731 -1
0.1 171 172 -1
0.1 170 733 -1
0.1 734 173 -1
0.1 169 735 -1
0.1 175 176 -1
0.1 177 178 -1
0.1 737 738 -1
0.1 174 739 -1
0.1 736 740 -1
0.1 741 179 -1
0.1 732 742 -1
0.1 181 182 -1
0.1 180 744 -1
0.1 183 184 -1
0.1 185 186 -1
0.1 188 189 -1
0.1 187 748 -1
0.1 747 749 -1
0.1 746 750 -1
0.1 745 751 -1
0.1 743 752 -1
0.1 723 753 -1
0.1 190 191 -1
0.1 754 755 -1
0.1 129 756 -1
0.1 194 195 -1
0.1 196 197 -1
0.1 759 198 -1
0.1 760 199 -1
0.1 761 200 -1
0.1 758 762 -1
0.1 193 763 -1
0.1 201 202 -1
0.1 764 765 -1
0.1 192 766 -1
0.1 203 204 -1
0.1 206 207 -1
0.1 211 212 -1
0.1 210 770 -1
0.1 213 214 -1
0.1 771 772 -1
0.1 209 773 -1
0.1 208 774 -1
0.1 775 215 -1
0.1 769 776 -1
0.1 205 777 -1
0.1 218 219 -1
0.1 220 221 -1
0.1 779 780 -1
0.1 781 222 -1
0.1 217 782 -1
0.1 223 224 -1
0.1 784 225 -1
0.1 785 226 -1
0.1 783 786 -1
0.1 216 787 -1
0.1 778 788 -1
0.1 768 789 -1
0.1 767 790 -1
0.1 228 229 -1
0.1 231 232 -1
0.1 230 793 -1
0.1 792 794 -1
0.1 234 235 -1
0.1 233 796 -1
0.1 795 797 -1
0.1 798 236 -1
0.1 227 799 -1
0.1 237 238 -1
0.1 239 240 -1
0.1 802 241 -1
0.1 803 242 -1
0.1 801 804 -1
0.1 243 244 -1
0.1 245 246 -1
0.1 806 807 -1
0.1 805 808 -1
0.1 800 809 -1
0.1 248 249 -1
0.1 247 811 -1
0.1 252 253 -1
0.1 251 813 -1
0.1 814 254 -1
0.1 250 815 -1
0.1 812 816 -1
0.1 255 256 -1
0.1 817 818 -1
0.1 258 259 -1
0.1 260 261 -1
0.1 820 821 -1
0.1 822 262 -1
0.1 823 263 -1
0.1 257 824 -1
0.1 265 266 -1
0.1 264 826 -1
0.1 825 827 -1
0.1 828 267 -1
0.1 819 829 -1
0.1 271 272 -1
0.1 270 831 -1
0.1 832 273 -1
0.1 269 833 -1
0.1 276 277 -1
0.1 835 278 -1
0.1 275 836 -1
0.1 274 837 -1
0.1 834 838 -1
0.1 268 839 -1
0.1 830 840 -1
0.1 810 841 -1
0.1 280 281 -1
0.1 282 283 -1
0.1 844 284 -1
0.1 845 285 -1
0.1 286 287 -1
0.1 847 288 -1
0.1 848 289 -1
0.1 846 849 -1
0.1 843 850 -1
0.1 279 851 -1
0.1 291 292 -1
0.1 293 294 -1
0.1 853 854 -1
0.1 290 855 -1
0.1 856 295 -1
0.1 296 297 -1
0.1 298 299 -1
0.1 858 859 -1
0.1 857 860 -1
0.1 861 300 -1
0.1 852 862 -1
0.1 842 863 -1
0.1 301 302 -1
0.1 865 303 -1
0.1 305 306 -1
0.1 867 307 -1
0.1 304 868 -1
0.1 869 308 -1
0.1 866 870 -1
0.1 311 312 -1
0.1 310 872 -1
0.1 309 873 -1
0.1 315 316 -1
0.1 314 875 -1
0.1 876 317 -1
0.1 313 877 -1
0.1 874 878 -1
0.1 879 318 -1
0.1 320 321 -1
0.1 319 881 -1
0.1 323 324 -1
0.1 322 883 -1
0.1 884 325 -1
0.1 326 327 -1
0.1 886 328 -1
0.1 885 887 -1
0.1 882 888 -1
0.1 330 331 -1
0.1 329 890 -1
0.1 333 334 -1
0.1 892 335 -1
0.1 332 893 -1
0.1 336 337 -1
0.1 894 895 -1
0.1 891 896 -1
0.1 897 338 -1
0.1 889 898 -1
0.1 880 899 -1
0.1 871 900 -1
0.1 864 901 -1
0.1 791 902 -1
0.1 340 341 -1
0.1 339 904 -1
0.1 342 343 -1
0.1 344 345 -1
0.1 906 907 -1
0.1 347 348 -1
0.1 346 909 -1
0.1 908 910 -1
0.1 905 911 -1
0.1 903 912 -1
0.1 757 913 -1
0.1 349 350 -1
0.1 914 915 -1
0.1 695 916 -1
0.1 352 353 -1
0.1 351 918 -1
0.1 356 357 -1
0.1 920 358 -1
0.1 355 921 -1
0.1 354 922 -1
0.1 362 363 -1
0.1 361 924 -1
0.1 360 925 -1
0.1 359 926 -1
0.1 923 927 -1
0.1 364 365 -1
0.1 929 366 -1
0.1 367 368 -1
0.1 930 931 -1
0.1 928 932 -1
0.1 919 933 -1
0.1 371 372 -1
0.1 373 374 -1
0.1 935 936 -1
0.1 370 937 -1
0.1 375 376 -1
0.1 939 377 -1
0.1 938 940 -1
0.1 369 941 -1
0.1 942 378 -1
0.1 943 379 -1
0.1 934 944 -1
0.1 945 380 -1
0.1 917 946 -1
0.1 686 947 -1
0.1 606 948 -1
0.1 381 382 -1
0.1 385 386 -1
0.1 384 951 -1
0.1 388 389 -1
0.1 391 392 -1
0.1 954 393 -1
0.1 390 955 -1
0.1 953 956 -1
0.1 387 957 -1
0.1 952 958 -1
0.1 394 395 -1
0.1 959 960 -1
0.1 383 961 -1
0.1 398 399 -1
0.1 400 401 -1
0.1 403 404 -1
0.1 402 965 -1
0.1 964 966 -1
0.1 406 407 -1
0.1 968 408 -1
0.1 405 969 -1
0.1 967 970 -1
0.1 971 409 -1
0.1 963 972 -1
0.1 397 973 -1
0.1 396 974 -1
0.1 412 413 -1
0.1 414 415 -1
0.1 976 977 -1
0.1 411 978 -1
0.1 410 979 -1
0.1 416 417 -1
0.1 418 419 -1
0.1 981 982 -1
0.1 980 983 -1
0.1 984 420 -1
0.1 985 421 -1
0.1 986 422 -1
0.1 975 987 -1
0.1 423 424 -1
0.1 425 426 -1
0.1 990 427 -1
0.1 989 991 -1
0.1 988 992 -1
0.1 962 993 -1
0.1 950 994 -1
0.1 429 430 -1
0.1 431 432 -1
0.1 996 997 -1
0.1 433 434 -1
0.1 999 435 -1
0.1 436 437 -1
0.1 1000 1001 -1
0.1 998 1002 -1
0.1 1003 438 -1
0.1 1004 439 -1
0.1 428 1005 -1
0.1 441 442 -1
0.1 440 1007 -1
0.1 445 446 -1
0.1 444 1009 -1
0.1 447 448 -1
0.1 1011 449 -1
0.1 1010 1012 -1
0.1 443 1013 -1
0.1 1008 1014 -1
0.1 451 452 -1
0.1 1016 453 -1
0.1 450 1017 -1
0.1 455 456 -1
0.1 454 1019 -1
0.1 1018 1020 -1
0.1 458 459 -1
0.1 457 1022 -1
0.1 1021 1023 -1
0.1 1024 460 -1
0.1 465 466 -1
0.1 464 1026 -1
0.1 463 1027 -1
0.1 462 1028 -1
0.1 461 1029 -1
0.1 1025 1030 -1
0.1 1015 1031 -1
0.1 1006 1032 -1
0.1 995 1033 -1
0.1 469 470 -1
0.1 468 1035 -1
0.1 467 1036 -1
0.1 471 472 -1
0.1 1037 1038 -1
0.1 474 475 -1
0.1 473 1040 -1
0.1 1041 476 -1
0.1 1039 1042 -1
0.1 1043 477 -1
0.1 1044 478 -1
0.1 480 481 -1
0.1 484 485 -1
0.1 483 1047 -1
0.1 486 487 -1
0.1 1048 1049 -1
0.1 488 489 -1
0.1 491 492 -1
0.1 490 1052 -1
0.1 1051 1053 -1
0.1 1050 1054 -1
0.1 494 495 -1
0.1 499 500 -1
0.1 498 1057 -1
0.1 501 502 -1
0.1 1058 1059 -1
0.1 497 1060 -1
0.1 496 1061 -1
0.1 1056 1062 -1
0.1 493 1063 -1
0.1 1055 1064 -1
0.1 482 1065 -1
0.1 1066 503 -1
0.1 1046 1067 -1
0.1 479 1068 -1
0.1 1045 1069 -1
0.1 507 508 -1
0.1 506 1071 -1
0.1 505 1072 -1
0.1 510 511 -1
0.1 509 1074 -1
0.1 1075 512 -1
0.1 1073 1076 -1
0.1 504 1077 -1
0.1 1078 513 -1
0.1 514 515 -1
0.1 1079 1080 -1
0.1 1070 1081 -1
0.1 516 517 -1
0.1 518 519 -1
0.1 521 522 -1
0.1 520 1085 -1
0.1 1084 1086 -1
0.1 1083 1087 -1
0.1 1082 1088 -1
0.1 525 526 -1
0.1 524 1090 -1
0.1 523 1091 -1
0.1 1089 1092 -1
0.1 529 530 -1
0.1 528 1094 -1
0.1 534 535 -1
0.1 533 1096 -1
0.1 532 1097 -1
0.1 531 1098 -1
0.1 1095 1099 -1
0.1 527 1100 -1
0.1 1101 536 -1
0.1 539 540 -1
0.1 538 1103 -1
0.1 541 542 -1
0.1 545 546 -1
0.1 544 1106 -1
0.1 543 1107 -1
0.1 1105 1108 -1
0.1 1104 1109 -1
0.1 537 1110 -1
0.1 1102 1111 -1
0.1 548 549 -1
0.1 550 551 -1
0.1 1113 1114 -1
0.1 552 553 -1
0.1 554 555 -1
0.1 556 557 -1
0.1 1117 1118 -1
0.1 1116 1119 -1
0.1 1115 1120 -1
0.1 1121 558 -1
0.1 547 1122 -1
0.1 1112 1123 -1
0.1 563 564 -1
0.1 562 1125 -1
0.1 561 1126 -1
0.1 1127 565 -1
0.1 566 567 -1
0.1 1129 568 -1
0.1 569 570 -1
0.1 1130 1131 -1
0.1 1128 1132 -1
0.1 560 1133 -1
0.1 559 1134 -1
0.1 1124 1135 -1
0.1 1093 1136 -1
0.1 1034 1137 -1
0.1 949 1138 -1
