1 0 0 1
1 0 0 1
1 0 0 1
1 0 0 1
1 0 0 1
1 0 0 1
1 0 0 1
1 0 0 1
1 0 0 1
1 0 0 1
1 0 0 2
1 0 0 2
1 0 0 2
1 0 0 2
1 0 0 2
1 0 0 2
1 0 0 2
1 0 0 2
1 0 0 2
1 0 0 2
1 0 0 3
1 0 0 3
1 0 0 3
1 0 0 3
1 0 0 3
1 0 0 3
1 0 0 3
1 0 0 3
1 0 0 3
1 0 0 3
1 0 0 4
1 0 0 5
1 0 0 5
1 0 0 5
1 0 0 5
1 0 0 5
1 0 0 5
1 0 0 5
1 0 0 5
1 0 0 5
1 0 0 5
1 0 0 6
1 0 0 6
1 0 0 6
1 0 0 6
1 0 0 6
1 0 0 6
1 0 0 6
1 0 0 6
1 0 0 6
1 0 0 6
1 0 0 4
1 0 0 7
1 0 0 7
1 0 0 7
1 0 0 7
1 0 0 7
1 0 0 7
1 0 0 7
1 0 0 7
1 0 0 7
1 0 0 7
1 0 0 4
1 0 0 4
1 0 0 8
1 0 0 8
1 0 0 8
1 0 0 8
1 0 0 8
1 0 0 8
1 0 0 8
1 0 0 8
1 0 0 8
1 0 0 8
1 0 0 9
1 0 0 9
1 0 0 9
1 0 0 9
1 0 0 9
1 0 0 9
1 0 0 9
1 0 0 9
1 0 0 9
1 0 0 9
1 0 0 10
1 0 0 10
1 0 0 10
1 0 0 10
1 0 0 10
1 0 0 10
1 0 0 10
1 0 0 10
1 0 0 10
1 0 0 10
1 0 0 11
1 0 0 11
1 0 0 11
1 0 0 11
1 0 0 11
1 0 0 11
1 0 0 11
1 0 0 11
1 0 0 11
1 0 0 11
1 0 0 12
1 0 0 12
1 0 0 12
1 0 0 12
1 0 0 12
1 0 0 12
1 0 0 12
1 0 0 12
1 0 0 12
1 0 0 12
1 0 0 4
1 0 0 13
1 0 0 13
1 0 0 13
1 0 0 13
1 0 0 13
1 0 0 13
1 0 0 13
1 0 0 13
1 0 0 13
1 0 0 13
1 0 0 4
1 0 0 14
1 0 0 14
1 0 0 14
1 0 0 14
1 0 0 14
1 0 0 14
1 0 0 14
1 0 0 14
1 0 0 14
1 0 0 14
1 0 0 15
1 0 0 15
1 0 0 15
1 0 0 15
1 0 0 15
1 0 0 15
1 0 0 15
1 0 0 15
1 0 0 15
1 0 0 15
1 0 0 16
1 0 0 16
1 0 0 16
1 0 0 16
1 0 0 16
1 0 0 16
1 0 0 16
1 0 0 16
1 0 0 16
1 0 0 16
1 0 0 17
1 0 0 17
1 0 0 17
1 0 0 17
1 0 0 17
1 0 0 17
1 0 0 17
1 0 0 17
1 0 0 17
1 0 0 17
1 0 0 18
1 0 0 18
1 0 0 18
1 0 0 18
1 0 0 18
1 0 0 18
1 0 0 18
1 0 0 18
1 0 0 18
1 0 0 18
1 0 0 4
1 0 0 4
1 0 0 19
1 0 0 19
1 0 0 19
1 0 0 19
1 0 0 20
1 0 0 20
1 0 0 20
1 0 0 20
1 0 0 20
1 0 0 20
1 0 0 20
1 0 0 20
1 0 0 20
1 0 0 20
1 0 0 19
1 0 0 19
1 0 0 19
1 0 0 21
1 0 0 21
1 0 0 21
1 0 0 21
1 0 0 21
1 0 0 21
1 0 0 21
1 0 0 21
1 0 0 21
1 0 0 21
1 0 0 19
1 0 0 19
1 0 0 19
1 0 0 22
1 0 0 22
1 0 0 22
1 0 0 22
1 0 0 22
1 0 0 22
1 0 0 22
1 0 0 22
1 0 0 22
1 0 0 22
1 0 0 23
1 0 0 23
1 0 0 23
1 0 0 23
1 0 0 23
1 0 0 23
1 0 0 24
1 0 0 24
1 0 0 24
1 0 0 24
1 0 0 24
1 0 0 24
1 0 0 24
1 0 0 24
1 0 0 24
1 0 0 24
1 0 0 23
1 0 0 23
1 0 0 23
1 0 0 23
1 0 0 4
1 0 0 4
1 0 0 25
1 0 0 25
1 0 0 25
1 0 0 25
1 0 0 25
1 0 0 25
1 0 0 25
1 0 0 25
1 0 0 25
1 0 0 25
1 0 0 26
1 0 0 26
1 0 0 26
1 0 0 26
1 0 0 26
1 0 0 26
1 0 0 26
1 0 0 26
1 0 0 26
1 0 0 26
1 0 0 27
1 0 0 27
1 0 0 28
1 0 0 28
1 0 0 28
1 0 0 29
1 0 0 29
1 0 0 29
1 0 0 29
1 0 0 29
1 0 0 29
1 0 0 29
1 0 0 29
1 0 0 29
1 0 0 29
1 0 0 30
1 0 0 30
1 0 0 30
1 0 0 30
1 0 0 30
1 0 0 30
1 0 0 30
1 0 0 30
1 0 0 31
1 0 0 31
1 0 0 31
1 0 0 31
1 0 0 31
1 0 0 31
1 0 0 31
1 0 0 31
1 0 0 31
1 0 0 31
1 0 0 30
1 0 0 30
1 0 0 32
1 0 0 32
1 0 0 32
1 0 0 32
1 0 0 32
1 0 0 32
1 0 0 32
1 0 0 32
1 0 0 32
1 0 0 32
1 0 0 28
1 0 0 28
1 0 0 28
1 0 0 28
1 0 0 28
1 0 0 28
1 0 0 28
1 0 0 33
1 0 0 33
1 0 0 33
1 0 0 33
1 0 0 33
1 0 0 33
1 0 0 33
1 0 0 33
1 0 0 33
1 0 0 33
1 0 0 34
1 0 0 34
1 0 0 34
1 0 0 34
1 0 0 34
1 0 0 34
1 0 0 34
1 0 0 34
1 0 0 34
1 0 0 34
1 0 0 35
1 0 0 35
1 0 0 35
1 0 0 35
1 0 0 35
1 0 0 35
1 0 0 35
1 0 0 35
1 0 0 35
1 0 0 35
1 0 0 27
1 0 0 27
1 0 0 36
1 0 0 36
1 0 0 36
1 0 0 36
1 0 0 36
1 0 0 36
1 0 0 36
1 0 0 36
1 0 0 36
1 0 0 36
1 0 0 27
1 0 0 37
1 0 0 37
1 0 0 37
1 0 0 37
1 0 0 37
1 0 0 37
1 0 0 37
1 0 0 37
1 0 0 37
1 0 0 37
1 0 0 38
1 0 0 38
1 0 0 38
1 0 0 38
1 0 0 38
1 0 0 38
1 0 0 38
1 0 0 38
1 0 0 38
1 0 0 38
1 0 0 27
1 0 0 27
1 0 0 27
1 0 0 27
1 0 0 27
1 0 0 39
1 0 0 39
1 0 0 39
1 0 0 40
1 0 0 40
1 0 0 40
1 0 0 40
1 0 0 40
1 0 0 40
1 0 0 40
1 0 0 40
1 0 0 40
1 0 0 40
1 0 0 39
1 0 0 39
1 0 0 39
1 0 0 39
1 0 0 41
1 0 0 41
1 0 0 41
1 0 0 41
1 0 0 41
1 0 0 41
1 0 0 41
1 0 0 41
1 0 0 41
1 0 0 41
1 0 0 42
1 0 0 43
1 0 0 43
1 0 0 43
1 0 0 43
1 0 0 43
1 0 0 43
1 0 0 43
1 0 0 43
1 0 0 43
1 0 0 43
1 0 0 44
1 0 0 44
1 0 0 45
1 0 0 45
1 0 0 45
1 0 0 45
1 0 0 45
1 0 0 45
1 0 0 45
1 0 0 45
1 0 0 45
1 0 0 45
1 0 0 46
1 0 0 46
1 0 0 46
1 0 0 46
1 0 0 46
1 0 0 46
1 0 0 46
1 0 0 46
1 0 0 46
1 0 0 46
1 0 0 47
1 0 0 47
1 0 0 47
1 0 0 47
1 0 0 47
1 0 0 47
1 0 0 47
1 0 0 47
1 0 0 47
1 0 0 47
1 0 0 44
1 0 0 48
1 0 0 48
1 0 0 48
1 0 0 48
1 0 0 48
1 0 0 48
1 0 0 48
1 0 0 48
1 0 0 48
1 0 0 48
1 0 0 44
1 0 0 44
1 0 0 44
1 0 0 44
1 0 0 44
1 0 0 44
1 0 0 44
1 0 0 49
1 0 0 49
1 0 0 49
1 0 0 42
1 0 0 49
1 0 0 49
1 0 0 49
1 0 0 49
1 0 0 49
1 0 0 49
1 0 0 49
1 0 0 50
1 0 0 50
1 0 0 50
1 0 0 50
1 0 0 50
1 0 0 50
1 0 0 50
1 0 0 50
1 0 0 50
1 0 0 50
1 0 0 51
1 0 0 51
1 0 0 51
1 0 0 51
1 0 0 51
1 0 0 51
1 0 0 51
1 0 0 51
1 0 0 51
1 0 0 51
1 0 0 52
1 0 0 52
1 0 0 52
1 0 0 52
1 0 0 53
1 0 0 53
1 0 0 53
1 0 0 53
1 0 0 53
1 0 0 53
1 0 0 53
1 0 0 53
1 0 0 53
1 0 0 53
1 0 0 54
1 0 0 54
1 0 0 54
1 0 0 54
1 0 0 54
1 0 0 54
1 0 0 54
1 0 0 54
1 0 0 54
1 0 0 54
1 0 0 52
1 0 0 52
1 0 0 52
1 0 0 52
1 0 0 55
1 0 0 55
1 0 0 55
1 0 0 55
1 0 0 55
1 0 0 55
1 0 0 55
1 0 0 55
1 0 0 55
1 0 0 55
1 0 0 52
1 0 0 56
1 0 0 56
1 0 0 56
1 0 0 56
1 0 0 56
1 0 0 56
1 0 0 39
1 0 0 39
1 0 0 57
1 0 0 57
1 0 0 57
1 0 0 57
1 0 0 57
1 0 0 57
1 0 0 57
1 0 0 57
1 0 0 57
1 0 0 57
1 0 0 42
1 0 0 42
1 0 0 52
1 0 0 42
1 0 0 42
1 0 0 42
1 0 0 42
1 0 0 56
1 0 0 56
1 0 0 56
1 0 0 56
1 0 0 39
1 0 0 42
1 0 0 42
0.1 1 2 -1
0.1 4 5 -1
0.1 3 572 -1
0.1 7 8 -1
0.1 574 9 -1
0.1 575 10 -1
0.1 6 576 -1
0.1 13 14 -1
0.1 12 578 -1
0.1 11 579 -1
0.1 16 17 -1
0.1 581 18 -1
0.1 19 20 -1
0.1 582 583 -1
0.1 15 584 -1
0.1 580 585 -1
0.1 577 586 -1
0.1 573 587 -1
0.1 571 588 -1
0.1 22 23 -1
0.1 25 26 -1
0.1 27 28 -1
0.1 591 592 -1
0.1 24 593 -1
0.1 590 594 -1
0.1 21 595 -1
0.1 596 29 -1
0.1 589 597 -1
0.1 598 30 -1
0.1 34 35 -1
0.1 33 600 -1
0.1 32 601 -1
0.1 37 38 -1
0.1 603 39 -1
0.1 36 604 -1
0.1 602 605 -1
0.1 40 41 -1
0.1 606 607 -1
0.1 31 608 -1
0.1 44 45 -1
0.1 43 610 -1
0.1 42 611 -1
0.1 49 50 -1
0.1 48 613 -1
0.1 614 51 -1
0.1 47 615 -1
0.1 46 616 -1
0.1 612 617 -1
0.1 618 52 -1
0.1 609 619 -1
0.1 53 54 -1
0.1 57 58 -1
0.1 56 622 -1
0.1 59 60 -1
0.1 623 624 -1
0.1 61 62 -1
0.1 625 626 -1
0.1 55 627 -1
0.1 621 628 -1
0.1 65 66 -1
0.1 630 67 -1
0.1 631 68 -1
0.1 632 69 -1
0.1 73 74 -1
0.1 72 634 -1
0.1 71 635 -1
0.1 70 636 -1
0.1 633 637 -1
0.1 64 638 -1
0.1 63 639 -1
0.1 75 76 -1
0.1 641 77 -1
0.1 79 80 -1
0.1 81 82 -1
0.1 83 84 -1
0.1 644 645 -1
0.1 643 646 -1
0.1 78 647 -1
0.1 642 648 -1
0.1 640 649 -1
0.1 629 650 -1
0.1 85 86 -1
0.1 87 88 -1
0.1 652 653 -1
0.1 89 90 -1
0.1 92 93 -1
0.1 656 94 -1
0.1 91 657 -1
0.1 655 658 -1
0.1 654 659 -1
0.1 96 97 -1
0.1 95 661 -1
0.1 98 99 -1
0.1 100 101 -1
0.1 663 664 -1
0.1 102 103 -1
0.1 665 666 -1
0.1 667 104 -1
0.1 662 668 -1
0.1 660 669 -1
0.1 651 670 -1
0.1 620 671 -1
0.1 105 106 -1
0.1 109 110 -1
0.1 108 674 -1
0.1 107 675 -1
0.1 673 676 -1
0.1 112 113 -1
0.1 678 114 -1
0.1 111 679 -1
0.1 677 680 -1
0.1 117 118 -1
0.1 682 119 -1
0.1 116 683 -1
0.1 123 124 -1
0.1 122 685 -1
0.1 121 686 -1
0.1 120 687 -1
0.1 688 125 -1
0.1 684 689 -1
0.1 115 690 -1
0.1 127 128 -1
0.1 129 130 -1
0.1 131 132 -1
0.1 134 135 -1
0.1 133 695 -1
0.1 694 696 -1
0.1 693 697 -1
0.1 692 698 -1
0.1 699 136 -1
0.1 126 700 -1
0.1 691 701 -1
0.1 681 702 -1
0.1 137 138 -1
0.1 139 140 -1
0.1 705 141 -1
0.1 144 145 -1
0.1 143 707 -1
0.1 142 708 -1
0.1 706 709 -1
0.1 710 146 -1
0.1 704 711 -1
0.1 147 148 -1
0.1 713 149 -1
0.1 151 152 -1
0.1 150 715 -1
0.1 153 154 -1
0.1 717 155 -1
0.1 718 156 -1
0.1 716 719 -1
0.1 714 720 -1
0.1 158 159 -1
0.1 722 160 -1
0.1 157 723 -1
0.1 162 163 -1
0.1 161 725 -1
0.1 726 164 -1
0.1 165 166 -1
0.1 727 728 -1
0.1 724 729 -1
0.1 721 730 -1
0.1 712 731 -1
0.1 167 168 -1
0.1 733 169 -1
0.1 170 171 -1
0.1 734 735 -1
0.1 174 175 -1
0.1 173 737 -1
0.1 172 738 -1
0.1 736 739 -1
0.1 740 176 -1
0.1 181 182 -1
0.1 180 742 -1
0.1 185 186 -1
0.1 184 744 -1
0.1 183 745 -1
0.1 188 189 -1
0.1 191 192 -1
0.1 190 748 -1
0.1 747 749 -1
0.1 187 750 -1
0.1 746 751 -1
0.1 752 193 -1
0.1 743 753 -1
0.1 194 195 -1
0.1 198 199 -1
0.1 197 756 -1
0.1 196 757 -1
0.1 201 202 -1
0.1 200 759 -1
0.1 204 205 -1
0.1 203 761 -1
0.1 760 762 -1
0.1 758 763 -1
0.1 206 207 -1
0.1 764 765 -1
0.1 755 766 -1
0.1 754 767 -1
0.1 179 768 -1
0.1 209 210 -1
0.1 212 213 -1
0.1 211 771 -1
0.1 772 214 -1
0.1 216 217 -1
0.1 774 218 -1
0.1 215 775 -1
0.1 773 776 -1
0.1 770 777 -1
0.1 208 778 -1
0.1 220 221 -1
0.1 780 222 -1
0.1 219 781 -1
0.1 782 223 -1
0.1 226 227 -1
0.1 225 784 -1
0.1 228 229 -1
0.1 785 786 -1
0.1 230 231 -1
0.1 788 232 -1
0.1 233 234 -1
0.1 789 790 -1
0.1 787 791 -1
0.1 224 792 -1
0.1 235 236 -1
0.1 237 238 -1
0.1 794 795 -1
0.1 793 796 -1
0.1 783 797 -1
0.1 779 798 -1
0.1 769 799 -1
0.1 178 800 -1
0.1 801 239 -1
0.1 177 802 -1
0.1 243 244 -1
0.1 242 804 -1
0.1 241 805 -1
0.1 246 247 -1
0.1 245 807 -1
0.1 806 808 -1
0.1 248 249 -1
0.1 810 250 -1
0.1 809 811 -1
0.1 240 812 -1
0.1 803 813 -1
0.1 741 814 -1
0.1 732 815 -1
0.1 703 816 -1
0.1 672 817 -1
0.1 251 252 -1
0.1 819 253 -1
0.1 254 255 -1
0.1 820 821 -1
0.1 256 257 -1
0.1 258 259 -1
0.1 824 260 -1
0.1 823 825 -1
0.1 822 826 -1
0.1 818 827 -1
0.1 261 262 -1
0.1 828 829 -1
0.1 599 830 -1
0.1 267 268 -1
0.1 269 270 -1
0.1 832 833 -1
0.1 271 272 -1
0.1 835 273 -1
0.1 834 836 -1
0.1 274 275 -1
0.1 837 838 -1
0.1 266 839 -1
0.1 265 840 -1
0.1 278 279 -1
0.1 277 842 -1
0.1 282 283 -1
0.1 281 844 -1
0.1 280 845 -1
0.1 285 286 -1
0.1 287 288 -1
0.1 848 289 -1
0.1 849 290 -1
0.1 291 292 -1
0.1 851 293 -1
0.1 850 852 -1
0.1 847 853 -1
0.1 284 854 -1
0.1 846 855 -1
0.1 294 295 -1
0.1 856 857 -1
0.1 843 858 -1
0.1 276 859 -1
0.1 841 860 -1
0.1 264 861 -1
0.1 297 298 -1
0.1 296 863 -1
0.1 299 300 -1
0.1 864 865 -1
0.1 303 304 -1
0.1 867 305 -1
0.1 302 868 -1
0.1 301 869 -1
0.1 866 870 -1
0.1 862 871 -1
0.1 872 306 -1
0.1 263 873 -1
0.1 308 309 -1
0.1 307 875 -1
0.1 874 876 -1
0.1 310 311 -1
0.1 313 314 -1
0.1 315 316 -1
0.1 879 880 -1
0.1 317 318 -1
0.1 319 320 -1
0.1 882 883 -1
0.1 881 884 -1
0.1 885 321 -1
0.1 886 322 -1
0.1 312 887 -1
0.1 878 888 -1
0.1 877 889 -1
0.1 323 324 -1
0.1 891 325 -1
0.1 326 327 -1
0.1 328 329 -1
0.1 330 331 -1
0.1 894 895 -1
0.1 893 896 -1
0.1 897 332 -1
0.1 892 898 -1
0.1 333 334 -1
0.1 900 335 -1
0.1 899 901 -1
0.1 337 338 -1
0.1 340 341 -1
0.1 339 904 -1
0.1 903 905 -1
0.1 906 342 -1
0.1 336 907 -1
0.1 902 908 -1
0.1 890 909 -1
0.1 910 343 -1
0.1 345 346 -1
0.1 348 349 -1
0.1 347 913 -1
0.1 350 351 -1
0.1 914 915 -1
0.1 352 353 -1
0.1 917 354 -1
0.1 916 918 -1
0.1 912 919 -1
0.1 356 357 -1
0.1 358 359 -1
0.1 922 360 -1
0.1 921 923 -1
0.1 363 364 -1
0.1 925 365 -1
0.1 362 926 -1
0.1 361 927 -1
0.1 924 928 -1
0.1 367 368 -1
0.1 366 930 -1
0.1 370 371 -1
0.1 932 372 -1
0.1 369 933 -1
0.1 373 374 -1
0.1 935 375 -1
0.1 934 936 -1
0.1 931 937 -1
0.1 929 938 -1
0.1 355 939 -1
0.1 920 940 -1
0.1 344 941 -1
0.1 942 376 -1
0.1 378 379 -1
0.1 377 944 -1
0.1 943 945 -1
0.1 946 380 -1
0.1 911 947 -1
0.1 831 948 -1
0.1 382 383 -1
0.1 385 386 -1
0.1 387 388 -1
0.1 951 952 -1
0.1 389 390 -1
0.1 391 392 -1
0.1 954 955 -1
0.1 956 393 -1
0.1 953 957 -1
0.1 384 958 -1
0.1 950 959 -1
0.1 960 394 -1
0.1 396 397 -1
0.1 398 399 -1
0.1 963 400 -1
0.1 401 402 -1
0.1 404 405 -1
0.1 966 406 -1
0.1 403 967 -1
0.1 965 968 -1
0.1 969 407 -1
0.1 964 970 -1
0.1 962 971 -1
0.1 395 972 -1
0.1 961 973 -1
0.1 381 974 -1
0.1 409 410 -1
0.1 413 414 -1
0.1 412 977 -1
0.1 411 978 -1
0.1 976 979 -1
0.1 415 416 -1
0.1 417 418 -1
0.1 981 982 -1
0.1 980 983 -1
0.1 421 422 -1
0.1 423 424 -1
0.1 425 426 -1
0.1 986 987 -1
0.1 985 988 -1
0.1 427 428 -1
0.1 429 430 -1
0.1 990 991 -1
0.1 989 992 -1
0.1 420 993 -1
0.1 432 433 -1
0.1 431 995 -1
0.1 996 434 -1
0.1 436 437 -1
0.1 435 998 -1
0.1 997 999 -1
0.1 1000 438 -1
0.1 1001 439 -1
0.1 1002 440 -1
0.1 442 443 -1
0.1 446 447 -1
0.1 445 1005 -1
0.1 444 1006 -1
0.1 1004 1007 -1
0.1 448 449 -1
0.1 1009 450 -1
0.1 1008 1010 -1
0.1 441 1011 -1
0.1 1003 1012 -1
0.1 994 1013 -1
0.1 419 1014 -1
0.1 984 1015 -1
0.1 452 453 -1
0.1 1017 454 -1
0.1 1018 455 -1
0.1 456 457 -1
0.1 1020 458 -1
0.1 1019 1021 -1
0.1 460 461 -1
0.1 459 1023 -1
0.1 1022 1024 -1
0.1 451 1025 -1
0.1 467 468 -1
0.1 466 1027 -1
0.1 465 1028 -1
0.1 464 1029 -1
0.1 463 1030 -1
0.1 462 1031 -1
0.1 1026 1032 -1
0.1 1016 1033 -1
0.1 408 1034 -1
0.1 469 470 -1
0.1 1036 471 -1
0.1 1037 472 -1
0.1 1035 1038 -1
0.1 475 476 -1
0.1 474 1040 -1
0.1 477 478 -1
0.1 1042 479 -1
0.1 1041 1043 -1
0.1 473 1044 -1
0.1 482 483 -1
0.1 481 1046 -1
0.1 485 486 -1
0.1 487 488 -1
0.1 1049 489 -1
0.1 1048 1050 -1
0.1 484 1051 -1
0.1 1047 1052 -1
0.1 480 1053 -1
0.1 491 492 -1
0.1 493 494 -1
0.1 1056 495 -1
0.1 1057 496 -1
0.1 1055 1058 -1
0.1 497 498 -1
0.1 1060 499 -1
0.1 1059 1061 -1
0.1 490 1062 -1
0.1 500 501 -1
0.1 1063 1064 -1
0.1 502 503 -1
0.1 504 505 -1
0.1 507 508 -1
0.1 506 1068 -1
0.1 509 510 -1
0.1 1069 1070 -1
0.1 512 513 -1
0.1 511 1072 -1
0.1 1071 1073 -1
0.1 1067 1074 -1
0.1 516 517 -1
0.1 515 1076 -1
0.1 518 519 -1
0.1 520 521 -1
0.1 1079 522 -1
0.1 1078 1080 -1
0.1 1081 523 -1
0.1 1077 1082 -1
0.1 514 1083 -1
0.1 1075 1084 -1
0.1 1085 524 -1
0.1 1086 525 -1
0.1 1066 1087 -1
0.1 1088 526 -1
0.1 532 533 -1
0.1 531 1090 -1
0.1 530 1091 -1
0.1 536 537 -1
0.1 535 1093 -1
0.1 534 1094 -1
0.1 1092 1095 -1
0.1 529 1096 -1
0.1 528 1097 -1
0.1 1098 538 -1
0.1 527 1099 -1
0.1 1089 1100 -1
0.1 1065 1101 -1
0.1 1054 1102 -1
0.1 1045 1103 -1
0.1 1039 1104 -1
0.1 975 1105 -1
0.1 540 541 -1
0.1 539 1107 -1
0.1 542 543 -1
0.1 1108 1109 -1
0.1 1110 544 -1
0.1 548 549 -1
0.1 547 1112 -1
0.1 1113 550 -1
0.1 551 552 -1
0.1 1115 553 -1
0.1 1116 554 -1
0.1 555 556 -1
0.1 1117 1118 -1
0.1 1114 1119 -1
0.1 546 1120 -1
0.1 545 1121 -1
0.1 1111 1122 -1
0.1 557 558 -1
0.1 559 560 -1
0.1 1125 561 -1
0.1 562 563 -1
0.1 565 566 -1
0.1 1128 567 -1
0.1 564 1129 -1
0.1 1130 568 -1
0.1 1131 569 -1
0.1 1132 570 -1
0.1 1127 1133 -1
0.1 1126 1134 -1
0.1 1124 1135 -1
0.1 1123 1136 -1
0.1 1106 1137 -1
0.1 949 1138 -1
