1 0 0 1
1 0 0 1
1 0 0 1
1 0 0 1
1 0 0 2
1 0 0 2
1 0 0 2
1 0 0 2
1 0 0 2
1 0 0 2
1 0 0 2
1 0 0 2
1 0 0 2
1 0 0 2
1 0 0 2
1 0 0 2
1 0 0 2
1 0 0 2
1 0 0 2
1 0 0 2
1 0 0 2
1 0 0 2
1 0 0 2
1 0 0 2
1 0 0 1
1 0 0 1
1 0 0 1
1 0 0 1
1 0 0 3
1 0 0 3
1 0 0 3
1 0 0 3
1 0 0 1
1 0 0 1
1 0 0 1
1 0 0 4
1 0 0 4
1 0 0 4
1 0 0 4
1 0 0 4
1 0 0 4
1 0 0 4
1 0 0 4
1 0 0 4
1 0 0 4
1 0 0 4
1 0 0 4
1 0 0 4
1 0 0 4
1 0 0 4
1 0 0 4
1 0 0 4
1 0 0 4
1 0 0 4
1 0 0 4
1 0 0 5
1 0 0 5
1 0 0 5
1 0 0 5
1 0 0 5
1 0 0 5
1 0 0 5
1 0 0 5
1 0 0 5
1 0 0 5
1 0 0 5
1 0 0 5
1 0 0 5
1 0 0 5
1 0 0 5
1 0 0 5
1 0 0 5
1 0 0 6
1 0 0 6
1 0 0 6
1 0 0 6
1 0 0 6
1 0 0 6
1 0 0 6
1 0 0 6
1 0 0 6
1 0 0 6
1 0 0 6
1 0 0 6
1 0 0 6
1 0 0 6
1 0 0 6
1 0 0 6
1 0 0 6
1 0 0 6
1 0 0 6
1 0 0 6
1 0 0 5
1 0 0 7
1 0 0 7
1 0 0 7
1 0 0 7
1 0 0 7
1 0 0 7
1 0 0 7
1 0 0 7
1 0 0 7
1 0 0 7
1 0 0 7
1 0 0 7
1 0 0 7
1 0 0 7
1 0 0 7
1 0 0 7
1 0 0 7
1 0 0 7
1 0 0 7
1 0 0 7
1 0 0 5
1 0 0 5
1 0 0 1
1 0 0 1
1 0 0 1
1 0 0 8
1 0 0 8
1 0 0 8
1 0 0 8
1 0 0 8
1 0 0 8
1 0 0 8
1 0 0 8
1 0 0 8
1 0 0 8
1 0 0 8
1 0 0 8
1 0 0 8
1 0 0 8
1 0 0 8
1 0 0 8
1 0 0 8
1 0 0 8
1 0 0 8
1 0 0 8
1 0 0 9
1 0 0 9
1 0 0 9
1 0 0 9
1 0 0 9
1 0 0 9
1 0 0 9
1 0 0 9
1 0 0 9
1 0 0 10
1 0 0 10
1 0 0 10
1 0 0 10
1 0 0 10
1 0 0 10
1 0 0 10
1 0 0 10
1 0 0 10
1 0 0 10
1 0 0 10
1 0 0 10
1 0 0 10
1 0 0 10
1 0 0 10
1 0 0 10
1 0 0 10
1 0 0 10
1 0 0 10
1 0 0 10
1 0 0 9
1 0 0 9
1 0 0 9
1 0 0 9
1 0 0 9
1 0 0 9
1 0 0 9
1 0 0 9
1 0 0 9
1 0 0 11
1 0 0 11
1 0 0 11
1 0 0 11
1 0 0 11
1 0 0 11
1 0 0 11
1 0 0 11
1 0 0 11
1 0 0 11
1 0 0 12
1 0 0 12
1 0 0 12
1 0 0 12
1 0 0 12
1 0 0 12
1 0 0 12
1 0 0 12
1 0 0 12
1 0 0 12
1 0 0 12
1 0 0 12
1 0 0 12
1 0 0 12
1 0 0 12
1 0 0 12
1 0 0 12
1 0 0 12
1 0 0 12
1 0 0 12
1 0 0 11
1 0 0 11
1 0 0 11
1 0 0 11
1 0 0 13
1 0 0 13
1 0 0 13
1 0 0 13
1 0 0 13
1 0 0 13
1 0 0 13
1 0 0 13
1 0 0 13
1 0 0 13
1 0 0 13
1 0 0 13
1 0 0 13
1 0 0 13
1 0 0 13
1 0 0 13
1 0 0 13
1 0 0 13
1 0 0 13
1 0 0 13
1 0 0 11
1 0 0 11
1 0 0 11
1 0 0 11
1 0 0 11
1 0 0 11
1 0 0 9
1 0 0 9
1 0 0 14
1 0 0 14
1 0 0 14
1 0 0 14
1 0 0 14
1 0 0 15
1 0 0 15
1 0 0 15
1 0 0 15
1 0 0 15
1 0 0 15
1 0 0 15
1 0 0 15
1 0 0 3
1 0 0 3
1 0 0 3
1 0 0 3
1 0 0 3
1 0 0 3
1 0 0 3
1 0 0 3
1 0 0 3
1 0 0 3
1 0 0 3
1 0 0 3
1 0 0 3
1 0 0 3
1 0 0 3
1 0 0 3
1 0 0 15
1 0 0 16
1 0 0 16
1 0 0 16
1 0 0 16
1 0 0 16
1 0 0 16
1 0 0 16
1 0 0 16
1 0 0 16
1 0 0 16
1 0 0 16
1 0 0 16
1 0 0 16
1 0 0 17
1 0 0 17
1 0 0 17
1 0 0 17
1 0 0 17
1 0 0 17
1 0 0 17
1 0 0 17
1 0 0 17
1 0 0 17
1 0 0 17
1 0 0 17
1 0 0 17
1 0 0 17
1 0 0 17
1 0 0 17
1 0 0 17
1 0 0 17
1 0 0 17
1 0 0 17
1 0 0 18
1 0 0 18
1 0 0 18
1 0 0 18
1 0 0 18
1 0 0 18
1 0 0 18
1 0 0 18
1 0 0 18
1 0 0 18
1 0 0 18
1 0 0 18
1 0 0 18
1 0 0 18
1 0 0 18
1 0 0 18
1 0 0 18
1 0 0 18
1 0 0 18
1 0 0 18
1 0 0 16
1 0 0 16
1 0 0 16
1 0 0 16
1 0 0 16
1 0 0 16
1 0 0 16
1 0 0 15
1 0 0 15
1 0 0 15
1 0 0 15
1 0 0 15
1 0 0 15
1 0 0 15
1 0 0 15
1 0 0 15
1 0 0 15
1 0 0 15
1 0 0 14
1 0 0 14
1 0 0 14
1 0 0 14
1 0 0 14
1 0 0 14
1 0 0 14
1 0 0 14
1 0 0 14
1 0 0 14
1 0 0 14
1 0 0 19
1 0 0 19
1 0 0 19
1 0 0 19
1 0 0 19
1 0 0 19
1 0 0 19
1 0 0 19
1 0 0 19
1 0 0 19
1 0 0 19
1 0 0 19
1 0 0 19
1 0 0 19
1 0 0 19
1 0 0 19
1 0 0 19
1 0 0 19
1 0 0 19
1 0 0 19
1 0 0 14
1 0 0 14
1 0 0 14
1 0 0 14
1 0 0 1
1 0 0 20
1 0 0 20
1 0 0 20
1 0 0 1
1 0 0 1
1 0 0 1
1 0 0 1
1 0 0 21
1 0 0 21
1 0 0 21
1 0 0 21
1 0 0 22
1 0 0 22
1 0 0 22
1 0 0 22
1 0 0 22
1 0 0 22
1 0 0 22
1 0 0 22
1 0 0 22
1 0 0 22
1 0 0 22
1 0 0 22
1 0 0 22
1 0 0 22
1 0 0 22
1 0 0 22
1 0 0 22
1 0 0 22
1 0 0 22
1 0 0 22
1 0 0 21
1 0 0 23
1 0 0 23
1 0 0 23
1 0 0 23
1 0 0 23
1 0 0 23
1 0 0 23
1 0 0 23
1 0 0 24
1 0 0 24
1 0 0 24
1 0 0 24
1 0 0 24
1 0 0 24
1 0 0 24
1 0 0 24
1 0 0 24
1 0 0 24
1 0 0 24
1 0 0 24
1 0 0 24
1 0 0 24
1 0 0 24
1 0 0 24
1 0 0 24
1 0 0 24
1 0 0 24
1 0 0 24
1 0 0 23
1 0 0 23
1 0 0 23
1 0 0 23
1 0 0 23
1 0 0 23
1 0 0 23
1 0 0 25
1 0 0 25
1 0 0 25
1 0 0 25
1 0 0 25
1 0 0 25
1 0 0 25
1 0 0 25
1 0 0 25
1 0 0 25
1 0 0 25
1 0 0 25
1 0 0 25
1 0 0 25
1 0 0 25
1 0 0 25
1 0 0 25
1 0 0 25
1 0 0 25
1 0 0 25
1 0 0 23
1 0 0 23
1 0 0 23
1 0 0 23
1 0 0 26
1 0 0 26
1 0 0 26
1 0 0 26
1 0 0 26
1 0 0 26
1 0 0 26
1 0 0 26
1 0 0 26
1 0 0 26
1 0 0 26
1 0 0 26
1 0 0 26
1 0 0 26
1 0 0 26
1 0 0 26
1 0 0 26
1 0 0 26
1 0 0 26
1 0 0 26
1 0 0 27
1 0 0 27
1 0 0 27
1 0 0 27
1 0 0 27
1 0 0 27
1 0 0 27
1 0 0 27
1 0 0 27
1 0 0 27
1 0 0 27
1 0 0 27
1 0 0 27
1 0 0 27
1 0 0 27
1 0 0 27
1 0 0 27
1 0 0 27
1 0 0 27
1 0 0 27
1 0 0 23
1 0 0 21
1 0 0 21
1 0 0 21
1 0 0 21
1 0 0 21
1 0 0 21
1 0 0 21
1 0 0 21
1 0 0 21
1 0 0 21
1 0 0 21
1 0 0 28
1 0 0 28
1 0 0 28
1 0 0 28
1 0 0 28
1 0 0 28
1 0 0 28
1 0 0 28
1 0 0 28
1 0 0 28
1 0 0 28
1 0 0 28
1 0 0 28
1 0 0 28
1 0 0 28
1 0 0 28
1 0 0 28
1 0 0 28
1 0 0 28
1 0 0 28
1 0 0 29
1 0 0 30
1 0 0 30
1 0 0 30
1 0 0 30
1 0 0 30
1 0 0 30
1 0 0 30
1 0 0 30
1 0 0 30
1 0 0 30
1 0 0 30
1 0 0 30
1 0 0 30
1 0 0 30
1 0 0 30
1 0 0 30
1 0 0 30
1 0 0 30
1 0 0 30
1 0 0 30
1 0 0 29
1 0 0 29
1 0 0 29
1 0 0 29
1 0 0 29
1 0 0 29
1 0 0 29
1 0 0 29
1 0 0 29
1 0 0 31
1 0 0 31
1 0 0 31
1 0 0 31
1 0 0 32
1 0 0 33
1 0 0 33
1 0 0 33
1 0 0 33
1 0 0 33
1 0 0 33
1 0 0 33
1 0 0 33
1 0 0 33
1 0 0 33
1 0 0 33
1 0 0 33
1 0 0 33
1 0 0 33
1 0 0 33
1 0 0 33
1 0 0 33
1 0 0 33
1 0 0 33
1 0 0 33
1 0 0 32
1 0 0 32
1 0 0 32
1 0 0 32
1 0 0 32
1 0 0 32
1 0 0 32
1 0 0 32
1 0 0 32
1 0 0 32
1 0 0 32
1 0 0 32
1 0 0 32
1 0 0 32
1 0 0 32
1 0 0 32
1 0 0 32
1 0 0 32
1 0 0 32
1 0 0 31
1 0 0 31
1 0 0 31
1 0 0 31
1 0 0 31
1 0 0 31
1 0 0 31
1 0 0 31
1 0 0 31
1 0 0 31
1 0 0 31
1 0 0 31
1 0 0 31
1 0 0 31
1 0 0 31
1 0 0 31
1 0 0 29
1 0 0 29
1 0 0 29
1 0 0 29
1 0 0 29
1 0 0 29
1 0 0 29
1 0 0 29
1 0 0 29
1 0 0 29
1 0 0 34
1 0 0 34
1 0 0 34
1 0 0 34
1 0 0 34
1 0 0 34
1 0 0 34
1 0 0 34
1 0 0 34
1 0 0 34
1 0 0 34
1 0 0 34
1 0 0 34
1 0 0 34
1 0 0 34
1 0 0 34
1 0 0 34
1 0 0 34
1 0 0 34
1 0 0 34
1 0 0 21
1 0 0 21
1 0 0 21
1 0 0 21
1 0 0 1
1 0 0 20
1 0 0 20
1 0 0 20
1 0 0 20
1 0 0 20
1 0 0 20
1 0 0 20
1 0 0 20
1 0 0 20
1 0 0 20
1 0 0 20
1 0 0 20
1 0 0 20
1 0 0 20
1 0 0 20
1 0 0 20
1 0 0 20
0.1 2 3 -1
0.1 1 681 -1
0.1 682 4 -1
0.1 7 8 -1
0.1 6 684 -1
0.1 5 685 -1
0.1 9 10 -1
0.1 12 13 -1
0.1 688 14 -1
0.1 11 689 -1
0.1 687 690 -1
0.1 691 15 -1
0.1 18 19 -1
0.1 17 693 -1
0.1 16 694 -1
0.1 692 695 -1
0.1 21 22 -1
0.1 20 697 -1
0.1 23 24 -1
0.1 698 699 -1
0.1 696 700 -1
0.1 686 701 -1
0.1 683 702 -1
0.1 26 27 -1
0.1 704 28 -1
0.1 25 705 -1
0.1 703 706 -1
0.1 29 30 -1
0.1 31 32 -1
0.1 708 709 -1
0.1 34 35 -1
0.1 37 38 -1
0.1 36 712 -1
0.1 40 41 -1
0.1 39 714 -1
0.1 713 715 -1
0.1 46 47 -1
0.1 45 717 -1
0.1 44 718 -1
0.1 719 48 -1
0.1 43 720 -1
0.1 721 49 -1
0.1 42 722 -1
0.1 716 723 -1
0.1 51 52 -1
0.1 50 725 -1
0.1 53 54 -1
0.1 727 55 -1
0.1 726 728 -1
0.1 724 729 -1
0.1 711 730 -1
0.1 33 731 -1
0.1 710 732 -1
0.1 58 59 -1
0.1 57 734 -1
0.1 56 735 -1
0.1 62 63 -1
0.1 61 737 -1
0.1 60 738 -1
0.1 65 66 -1
0.1 64 740 -1
0.1 68 69 -1
0.1 67 742 -1
0.1 70 71 -1
0.1 75 76 -1
0.1 745 77 -1
0.1 74 746 -1
0.1 79 80 -1
0.1 78 748 -1
0.1 83 84 -1
0.1 82 750 -1
0.1 87 88 -1
0.1 90 91 -1
0.1 89 753 -1
0.1 752 754 -1
0.1 86 755 -1
0.1 756 92 -1
0.1 85 757 -1
0.1 751 758 -1
0.1 81 759 -1
0.1 749 760 -1
0.1 747 761 -1
0.1 73 762 -1
0.1 72 763 -1
0.1 744 764 -1
0.1 743 765 -1
0.1 741 766 -1
0.1 739 767 -1
0.1 768 93 -1
0.1 736 769 -1
0.1 95 96 -1
0.1 94 771 -1
0.1 772 97 -1
0.1 101 102 -1
0.1 774 103 -1
0.1 100 775 -1
0.1 99 776 -1
0.1 105 106 -1
0.1 778 107 -1
0.1 104 779 -1
0.1 777 780 -1
0.1 98 781 -1
0.1 109 110 -1
0.1 108 783 -1
0.1 782 784 -1
0.1 773 785 -1
0.1 112 113 -1
0.1 111 787 -1
0.1 786 788 -1
0.1 770 789 -1
0.1 114 115 -1
0.1 790 791 -1
0.1 733 792 -1
0.1 117 118 -1
0.1 119 120 -1
0.1 122 123 -1
0.1 121 796 -1
0.1 124 125 -1
0.1 127 128 -1
0.1 126 799 -1
0.1 798 800 -1
0.1 797 801 -1
0.1 129 130 -1
0.1 132 133 -1
0.1 131 804 -1
0.1 803 805 -1
0.1 806 134 -1
0.1 807 135 -1
0.1 802 808 -1
0.1 795 809 -1
0.1 137 138 -1
0.1 136 811 -1
0.1 810 812 -1
0.1 794 813 -1
0.1 116 814 -1
0.1 139 140 -1
0.1 142 143 -1
0.1 144 145 -1
0.1 817 818 -1
0.1 141 819 -1
0.1 816 820 -1
0.1 149 150 -1
0.1 151 152 -1
0.1 153 154 -1
0.1 823 824 -1
0.1 825 155 -1
0.1 822 826 -1
0.1 148 827 -1
0.1 157 158 -1
0.1 156 829 -1
0.1 828 830 -1
0.1 160 161 -1
0.1 159 832 -1
0.1 162 163 -1
0.1 833 834 -1
0.1 165 166 -1
0.1 836 167 -1
0.1 164 837 -1
0.1 835 838 -1
0.1 831 839 -1
0.1 147 840 -1
0.1 146 841 -1
0.1 821 842 -1
0.1 168 169 -1
0.1 171 172 -1
0.1 173 174 -1
0.1 845 846 -1
0.1 175 176 -1
0.1 177 178 -1
0.1 849 179 -1
0.1 181 182 -1
0.1 180 851 -1
0.1 184 185 -1
0.1 183 853 -1
0.1 852 854 -1
0.1 187 188 -1
0.1 189 190 -1
0.1 857 191 -1
0.1 192 193 -1
0.1 194 195 -1
0.1 196 197 -1
0.1 860 861 -1
0.1 859 862 -1
0.1 858 863 -1
0.1 200 201 -1
0.1 199 865 -1
0.1 198 866 -1
0.1 864 867 -1
0.1 204 205 -1
0.1 203 869 -1
0.1 870 206 -1
0.1 202 871 -1
0.1 868 872 -1
0.1 856 873 -1
0.1 186 874 -1
0.1 207 208 -1
0.1 209 210 -1
0.1 876 877 -1
0.1 211 212 -1
0.1 213 214 -1
0.1 880 215 -1
0.1 879 881 -1
0.1 218 219 -1
0.1 217 883 -1
0.1 216 884 -1
0.1 882 885 -1
0.1 221 222 -1
0.1 887 223 -1
0.1 888 224 -1
0.1 225 226 -1
0.1 890 227 -1
0.1 889 891 -1
0.1 220 892 -1
0.1 228 229 -1
0.1 894 230 -1
0.1 893 895 -1
0.1 886 896 -1
0.1 878 897 -1
0.1 875 898 -1
0.1 855 899 -1
0.1 850 900 -1
0.1 232 233 -1
0.1 231 902 -1
0.1 901 903 -1
0.1 234 235 -1
0.1 904 905 -1
0.1 906 236 -1
0.1 848 907 -1
0.1 908 237 -1
0.1 847 909 -1
0.1 170 910 -1
0.1 844 911 -1
0.1 912 238 -1
0.1 843 913 -1
0.1 815 914 -1
0.1 793 915 -1
0.1 707 916 -1
0.1 240 241 -1
0.1 242 243 -1
0.1 918 919 -1
0.1 239 920 -1
0.1 244 245 -1
0.1 247 248 -1
0.1 246 923 -1
0.1 924 249 -1
0.1 922 925 -1
0.1 254 255 -1
0.1 253 927 -1
0.1 252 928 -1
0.1 257 258 -1
0.1 259 260 -1
0.1 930 931 -1
0.1 256 932 -1
0.1 933 261 -1
0.1 264 265 -1
0.1 263 935 -1
0.1 262 936 -1
0.1 934 937 -1
0.1 929 938 -1
0.1 266 267 -1
0.1 939 940 -1
0.1 251 941 -1
0.1 269 270 -1
0.1 271 272 -1
0.1 275 276 -1
0.1 277 278 -1
0.1 945 946 -1
0.1 274 947 -1
0.1 948 279 -1
0.1 273 949 -1
0.1 283 284 -1
0.1 286 287 -1
0.1 285 952 -1
0.1 953 288 -1
0.1 954 289 -1
0.1 290 291 -1
0.1 292 293 -1
0.1 294 295 -1
0.1 958 296 -1
0.1 957 959 -1
0.1 956 960 -1
0.1 955 961 -1
0.1 297 298 -1
0.1 962 963 -1
0.1 951 964 -1
0.1 282 965 -1
0.1 300 301 -1
0.1 299 967 -1
0.1 966 968 -1
0.1 281 969 -1
0.1 280 970 -1
0.1 950 971 -1
0.1 944 972 -1
0.1 943 973 -1
0.1 302 303 -1
0.1 305 306 -1
0.1 308 309 -1
0.1 307 977 -1
0.1 978 310 -1
0.1 976 979 -1
0.1 304 980 -1
0.1 311 312 -1
0.1 313 314 -1
0.1 315 316 -1
0.1 317 318 -1
0.1 984 985 -1
0.1 319 320 -1
0.1 987 321 -1
0.1 986 988 -1
0.1 983 989 -1
0.1 982 990 -1
0.1 981 991 -1
0.1 975 992 -1
0.1 323 324 -1
0.1 322 994 -1
0.1 993 995 -1
0.1 974 996 -1
0.1 327 328 -1
0.1 326 998 -1
0.1 325 999 -1
0.1 997 1000 -1
0.1 268 1001 -1
0.1 329 330 -1
0.1 1003 331 -1
0.1 1002 1004 -1
0.1 942 1005 -1
0.1 250 1006 -1
0.1 926 1007 -1
0.1 333 334 -1
0.1 332 1009 -1
0.1 336 337 -1
0.1 1011 338 -1
0.1 1012 339 -1
0.1 335 1013 -1
0.1 1010 1014 -1
0.1 1008 1015 -1
0.1 921 1016 -1
0.1 340 341 -1
0.1 342 343 -1
0.1 1018 1019 -1
0.1 345 346 -1
0.1 347 348 -1
0.1 1021 1022 -1
0.1 344 1023 -1
0.1 349 350 -1
0.1 1024 1025 -1
0.1 1020 1026 -1
0.1 352 353 -1
0.1 351 1028 -1
0.1 354 355 -1
0.1 357 358 -1
0.1 356 1031 -1
0.1 1030 1032 -1
0.1 359 360 -1
0.1 361 362 -1
0.1 1034 1035 -1
0.1 1033 1036 -1
0.1 363 364 -1
0.1 1038 365 -1
0.1 366 367 -1
0.1 369 370 -1
0.1 368 1041 -1
0.1 1040 1042 -1
0.1 1039 1043 -1
0.1 1037 1044 -1
0.1 1029 1045 -1
0.1 373 374 -1
0.1 372 1047 -1
0.1 371 1048 -1
0.1 1046 1049 -1
0.1 1027 1050 -1
0.1 1017 1051 -1
0.1 377 378 -1
0.1 376 1053 -1
0.1 379 380 -1
0.1 1054 1055 -1
0.1 385 386 -1
0.1 388 389 -1
0.1 1058 390 -1
0.1 387 1059 -1
0.1 392 393 -1
0.1 391 1061 -1
0.1 394 395 -1
0.1 396 397 -1
0.1 1063 1064 -1
0.1 1062 1065 -1
0.1 400 401 -1
0.1 399 1067 -1
0.1 1068 402 -1
0.1 398 1069 -1
0.1 403 404 -1
0.1 1070 1071 -1
0.1 1066 1072 -1
0.1 405 406 -1
0.1 1073 1074 -1
0.1 1060 1075 -1
0.1 1057 1076 -1
0.1 384 1077 -1
0.1 383 1078 -1
0.1 411 412 -1
0.1 410 1080 -1
0.1 409 1081 -1
0.1 408 1082 -1
0.1 416 417 -1
0.1 418 419 -1
0.1 421 422 -1
0.1 423 424 -1
0.1 1087 425 -1
0.1 1086 1088 -1
0.1 1089 426 -1
0.1 420 1090 -1
0.1 427 428 -1
0.1 1091 1092 -1
0.1 429 430 -1
0.1 1094 431 -1
0.1 1093 1095 -1
0.1 1085 1096 -1
0.1 1084 1097 -1
0.1 434 435 -1
0.1 433 1099 -1
0.1 432 1100 -1
0.1 1098 1101 -1
0.1 1102 436 -1
0.1 415 1103 -1
0.1 414 1104 -1
0.1 413 1105 -1
0.1 438 439 -1
0.1 437 1107 -1
0.1 440 441 -1
0.1 444 445 -1
0.1 443 1110 -1
0.1 446 447 -1
0.1 448 449 -1
0.1 1112 1113 -1
0.1 1111 1114 -1
0.1 452 453 -1
0.1 451 1116 -1
0.1 450 1117 -1
0.1 455 456 -1
0.1 457 458 -1
0.1 1119 1120 -1
0.1 454 1121 -1
0.1 460 461 -1
0.1 459 1123 -1
0.1 1124 462 -1
0.1 1122 1125 -1
0.1 1118 1126 -1
0.1 1115 1127 -1
0.1 442 1128 -1
0.1 1109 1129 -1
0.1 1108 1130 -1
0.1 464 465 -1
0.1 1132 466 -1
0.1 467 468 -1
0.1 470 471 -1
0.1 1135 472 -1
0.1 469 1136 -1
0.1 1134 1137 -1
0.1 473 474 -1
0.1 1138 1139 -1
0.1 477 478 -1
0.1 1141 479 -1
0.1 476 1142 -1
0.1 475 1143 -1
0.1 481 482 -1
0.1 480 1145 -1
0.1 483 484 -1
0.1 1147 485 -1
0.1 1146 1148 -1
0.1 1149 486 -1
0.1 1144 1150 -1
0.1 1140 1151 -1
0.1 489 490 -1
0.1 488 1153 -1
0.1 491 492 -1
0.1 1154 1155 -1
0.1 487 1156 -1
0.1 493 494 -1
0.1 495 496 -1
0.1 1158 1159 -1
0.1 1160 497 -1
0.1 499 500 -1
0.1 501 502 -1
0.1 1162 1163 -1
0.1 498 1164 -1
0.1 503 504 -1
0.1 1165 1166 -1
0.1 1161 1167 -1
0.1 1157 1168 -1
0.1 505 506 -1
0.1 1169 1170 -1
0.1 1171 507 -1
0.1 1152 1172 -1
0.1 1133 1173 -1
0.1 463 1174 -1
0.1 1131 1175 -1
0.1 1106 1176 -1
0.1 1083 1177 -1
0.1 1178 508 -1
0.1 407 1179 -1
0.1 509 510 -1
0.1 511 512 -1
0.1 516 517 -1
0.1 515 1183 -1
0.1 1184 518 -1
0.1 514 1185 -1
0.1 513 1186 -1
0.1 1182 1187 -1
0.1 1181 1188 -1
0.1 1180 1189 -1
0.1 519 520 -1
0.1 521 522 -1
0.1 1192 523 -1
0.1 1191 1193 -1
0.1 526 527 -1
0.1 525 1195 -1
0.1 524 1196 -1
0.1 1197 528 -1
0.1 529 530 -1
0.1 1198 1199 -1
0.1 532 533 -1
0.1 531 1201 -1
0.1 534 535 -1
0.1 1203 536 -1
0.1 1202 1204 -1
0.1 537 538 -1
0.1 1205 1206 -1
0.1 1200 1207 -1
0.1 1194 1208 -1
0.1 541 542 -1
0.1 545 546 -1
0.1 544 1211 -1
0.1 543 1212 -1
0.1 1210 1213 -1
0.1 547 548 -1
0.1 1215 549 -1
0.1 552 553 -1
0.1 551 1217 -1
0.1 550 1218 -1
0.1 1216 1219 -1
0.1 554 555 -1
0.1 1220 1221 -1
0.1 1214 1222 -1
0.1 540 1223 -1
0.1 556 557 -1
0.1 1224 1225 -1
0.1 558 559 -1
0.1 1226 1227 -1
0.1 561 562 -1
0.1 560 1229 -1
0.1 1228 1230 -1
0.1 539 1231 -1
0.1 564 565 -1
0.1 563 1233 -1
0.1 567 568 -1
0.1 566 1235 -1
0.1 570 571 -1
0.1 1237 572 -1
0.1 574 575 -1
0.1 578 579 -1
0.1 577 1240 -1
0.1 576 1241 -1
0.1 580 581 -1
0.1 582 583 -1
0.1 1243 1244 -1
0.1 1242 1245 -1
0.1 1239 1246 -1
0.1 585 586 -1
0.1 584 1248 -1
0.1 588 589 -1
0.1 587 1250 -1
0.1 592 593 -1
0.1 591 1252 -1
0.1 590 1253 -1
0.1 1251 1254 -1
0.1 1249 1255 -1
0.1 1247 1256 -1
0.1 573 1257 -1
0.1 1258 594 -1
0.1 597 598 -1
0.1 601 602 -1
0.1 600 1261 -1
0.1 599 1262 -1
0.1 1260 1263 -1
0.1 596 1264 -1
0.1 595 1265 -1
0.1 606 607 -1
0.1 605 1267 -1
0.1 604 1268 -1
0.1 603 1269 -1
0.1 609 610 -1
0.1 1271 611 -1
0.1 608 1272 -1
0.1 1273 612 -1
0.1 1270 1274 -1
0.1 1266 1275 -1
0.1 1259 1276 -1
0.1 1277 613 -1
0.1 1238 1278 -1
0.1 615 616 -1
0.1 1280 617 -1
0.1 1281 618 -1
0.1 614 1282 -1
0.1 1279 1283 -1
0.1 621 622 -1
0.1 620 1285 -1
0.1 1286 623 -1
0.1 619 1287 -1
0.1 625 626 -1
0.1 627 628 -1
0.1 1289 1290 -1
0.1 624 1291 -1
0.1 1288 1292 -1
0.1 1284 1293 -1
0.1 569 1294 -1
0.1 632 633 -1
0.1 631 1296 -1
0.1 630 1297 -1
0.1 1298 634 -1
0.1 629 1299 -1
0.1 1295 1300 -1
0.1 1236 1301 -1
0.1 1302 635 -1
0.1 1234 1303 -1
0.1 637 638 -1
0.1 636 1305 -1
0.1 1304 1306 -1
0.1 639 640 -1
0.1 641 642 -1
0.1 1308 1309 -1
0.1 647 648 -1
0.1 1311 649 -1
0.1 646 1312 -1
0.1 645 1313 -1
0.1 1314 650 -1
0.1 644 1315 -1
0.1 643 1316 -1
0.1 1310 1317 -1
0.1 651 652 -1
0.1 1319 653 -1
0.1 655 656 -1
0.1 657 658 -1
0.1 1321 1322 -1
0.1 654 1323 -1
0.1 1320 1324 -1
0.1 1318 1325 -1
0.1 1307 1326 -1
0.1 1232 1327 -1
0.1 1209 1328 -1
0.1 1190 1329 -1
0.1 1079 1330 -1
0.1 661 662 -1
0.1 660 1332 -1
0.1 659 1333 -1
0.1 1331 1334 -1
0.1 382 1335 -1
0.1 381 1336 -1
0.1 1337 663 -1
0.1 1056 1338 -1
0.1 665 666 -1
0.1 1340 667 -1
0.1 668 669 -1
0.1 1341 1342 -1
0.1 1343 670 -1
0.1 672 673 -1
0.1 671 1345 -1
0.1 1346 674 -1
0.1 1347 675 -1
0.1 677 678 -1
0.1 676 1349 -1
0.1 1350 679 -1
0.1 1351 680 -1
0.1 1348 1352 -1
0.1 1344 1353 -1
0.1 664 1354 -1
0.1 1339 1355 -1
0.1 375 1356 -1
0.1 1052 1357 -1
0.1 917 1358 -1
