1 0 0 1
1 0 0 1
1 0 0 1
1 0 0 1
1 0 0 1
1 0 0 1
1 0 0 2
1 0 0 2
1 0 0 2
1 0 0 2
1 0 0 2
1 0 0 2
1 0 0 2
1 0 0 2
1 0 0 2
1 0 0 2
1 0 0 2
1 0 0 2
1 0 0 2
1 0 0 2
1 0 0 2
1 0 0 2
1 0 0 2
1 0 0 2
1 0 0 2
1 0 0 2
1 0 0 3
1 0 0 3
1 0 0 3
1 0 0 3
1 0 0 3
1 0 0 3
1 0 0 3
1 0 0 3
1 0 0 3
1 0 0 4
1 0 0 4
1 0 0 4
1 0 0 4
1 0 0 4
1 0 0 4
1 0 0 4
1 0 0 4
1 0 0 4
1 0 0 4
1 0 0 4
1 0 0 4
1 0 0 4
1 0 0 4
1 0 0 4
1 0 0 4
1 0 0 4
1 0 0 4
1 0 0 4
1 0 0 4
1 0 0 3
1 0 0 3
1 0 0 3
1 0 0 3
1 0 0 3
1 0 0 3
1 0 0 3
1 0 0 3
1 0 0 3
1 0 0 5
1 0 0 5
1 0 0 5
1 0 0 5
1 0 0 5
1 0 0 5
1 0 0 5
1 0 0 5
1 0 0 5
1 0 0 5
1 0 0 5
1 0 0 5
1 0 0 5
1 0 0 6
1 0 0 6
1 0 0 6
1 0 0 6
1 0 0 6
1 0 0 6
1 0 0 6
1 0 0 6
1 0 0 6
1 0 0 6
1 0 0 6
1 0 0 6
1 0 0 6
1 0 0 6
1 0 0 6
1 0 0 6
1 0 0 6
1 0 0 6
1 0 0 6
1 0 0 6
1 0 0 5
1 0 0 7
1 0 0 7
1 0 0 7
1 0 0 7
1 0 0 7
1 0 0 7
1 0 0 7
1 0 0 7
1 0 0 7
1 0 0 7
1 0 0 7
1 0 0 7
1 0 0 7
1 0 0 7
1 0 0 7
1 0 0 7
1 0 0 7
1 0 0 7
1 0 0 7
1 0 0 7
1 0 0 5
1 0 0 5
1 0 0 5
1 0 0 5
1 0 0 5
1 0 0 5
1 0 0 3
1 0 0 3
1 0 0 8
1 0 0 9
1 0 0 9
1 0 0 9
1 0 0 9
1 0 0 9
1 0 0 9
1 0 0 9
1 0 0 9
1 0 0 9
1 0 0 9
1 0 0 9
1 0 0 9
1 0 0 9
1 0 0 9
1 0 0 9
1 0 0 9
1 0 0 9
1 0 0 9
1 0 0 9
1 0 0 9
1 0 0 8
1 0 0 8
1 0 0 10
1 0 0 10
1 0 0 10
1 0 0 10
1 0 0 10
1 0 0 10
1 0 0 10
1 0 0 10
1 0 0 10
1 0 0 10
1 0 0 10
1 0 0 10
1 0 0 10
1 0 0 10
1 0 0 10
1 0 0 10
1 0 0 10
1 0 0 10
1 0 0 10
1 0 0 10
1 0 0 8
1 0 0 8
1 0 0 8
1 0 0 8
1 0 0 8
1 0 0 8
1 0 0 8
1 0 0 11
1 0 0 11
1 0 0 11
1 0 0 11
1 0 0 11
1 0 0 11
1 0 0 11
1 0 0 11
1 0 0 11
1 0 0 11
1 0 0 11
1 0 0 11
1 0 0 11
1 0 0 11
1 0 0 11
1 0 0 11
1 0 0 11
1 0 0 11
1 0 0 11
1 0 0 11
1 0 0 8
1 0 0 12
1 0 0 12
1 0 0 12
1 0 0 12
1 0 0 12
1 0 0 12
1 0 0 12
1 0 0 12
1 0 0 12
1 0 0 12
1 0 0 12
1 0 0 13
1 0 0 13
1 0 0 13
1 0 0 13
1 0 0 14
1 0 0 14
1 0 0 14
1 0 0 14
1 0 0 14
1 0 0 14
1 0 0 14
1 0 0 14
1 0 0 14
1 0 0 14
1 0 0 14
1 0 0 14
1 0 0 14
1 0 0 14
1 0 0 14
1 0 0 14
1 0 0 14
1 0 0 14
1 0 0 14
1 0 0 14
1 0 0 13
1 0 0 13
1 0 0 13
1 0 0 13
1 0 0 13
1 0 0 13
1 0 0 13
1 0 0 13
1 0 0 13
1 0 0 13
1 0 0 15
1 0 0 15
1 0 0 15
1 0 0 15
1 0 0 15
1 0 0 15
1 0 0 15
1 0 0 15
1 0 0 15
1 0 0 15
1 0 0 15
1 0 0 15
1 0 0 15
1 0 0 15
1 0 0 15
1 0 0 15
1 0 0 15
1 0 0 15
1 0 0 15
1 0 0 15
1 0 0 13
1 0 0 13
1 0 0 13
1 0 0 13
1 0 0 13
1 0 0 13
1 0 0 12
1 0 0 12
1 0 0 12
1 0 0 12
1 0 0 12
1 0 0 12
1 0 0 12
1 0 0 12
1 0 0 12
1 0 0 16
1 0 0 16
1 0 0 16
1 0 0 16
1 0 0 17
1 0 0 17
1 0 0 17
1 0 0 17
1 0 0 17
1 0 0 17
1 0 0 17
1 0 0 17
1 0 0 17
1 0 0 17
1 0 0 17
1 0 0 17
1 0 0 17
1 0 0 17
1 0 0 17
1 0 0 17
1 0 0 17
1 0 0 17
1 0 0 17
1 0 0 17
1 0 0 16
1 0 0 16
1 0 0 16
1 0 0 1
1 0 0 1
1 0 0 1
1 0 0 1
1 0 0 1
1 0 0 1
1 0 0 1
1 0 0 1
1 0 0 1
1 0 0 1
1 0 0 1
1 0 0 18
1 0 0 18
1 0 0 18
1 0 0 18
1 0 0 18
1 0 0 18
1 0 0 18
1 0 0 18
1 0 0 18
1 0 0 18
1 0 0 18
1 0 0 18
1 0 0 18
1 0 0 18
1 0 0 18
1 0 0 18
1 0 0 18
1 0 0 18
1 0 0 18
1 0 0 18
1 0 0 1
1 0 0 1
1 0 0 1
1 0 0 16
1 0 0 16
1 0 0 19
1 0 0 19
1 0 0 19
1 0 0 19
1 0 0 19
1 0 0 19
1 0 0 19
1 0 0 19
1 0 0 19
1 0 0 19
1 0 0 19
1 0 0 19
1 0 0 19
1 0 0 19
1 0 0 19
1 0 0 19
1 0 0 19
1 0 0 19
1 0 0 19
1 0 0 19
1 0 0 16
1 0 0 16
1 0 0 16
1 0 0 16
1 0 0 16
1 0 0 16
1 0 0 16
1 0 0 16
1 0 0 16
1 0 0 16
1 0 0 16
1 0 0 8
1 0 0 8
1 0 0 8
1 0 0 8
1 0 0 8
1 0 0 8
1 0 0 8
1 0 0 8
1 0 0 8
1 0 0 20
1 0 0 20
1 0 0 20
1 0 0 20
1 0 0 20
1 0 0 20
1 0 0 20
1 0 0 20
1 0 0 20
1 0 0 20
1 0 0 20
1 0 0 21
1 0 0 21
1 0 0 21
1 0 0 21
1 0 0 21
1 0 0 21
1 0 0 21
1 0 0 21
1 0 0 21
1 0 0 21
1 0 0 21
1 0 0 21
1 0 0 21
1 0 0 21
1 0 0 21
1 0 0 21
1 0 0 21
1 0 0 21
1 0 0 21
1 0 0 21
1 0 0 22
1 0 0 22
1 0 0 22
1 0 0 22
1 0 0 22
1 0 0 22
1 0 0 22
1 0 0 22
1 0 0 23
1 0 0 23
1 0 0 23
1 0 0 23
1 0 0 23
1 0 0 23
1 0 0 23
1 0 0 23
1 0 0 23
1 0 0 23
1 0 0 23
1 0 0 23
1 0 0 23
1 0 0 23
1 0 0 23
1 0 0 23
1 0 0 23
1 0 0 23
1 0 0 23
1 0 0 23
1 0 0 22
1 0 0 24
1 0 0 24
1 0 0 24
1 0 0 24
1 0 0 24
1 0 0 24
1 0 0 24
1 0 0 24
1 0 0 24
1 0 0 24
1 0 0 24
1 0 0 24
1 0 0 24
1 0 0 24
1 0 0 24
1 0 0 24
1 0 0 24
1 0 0 24
1 0 0 24
1 0 0 24
1 0 0 22
1 0 0 22
1 0 0 25
1 0 0 25
1 0 0 25
1 0 0 25
1 0 0 25
1 0 0 25
1 0 0 25
1 0 0 25
1 0 0 25
1 0 0 25
1 0 0 25
1 0 0 25
1 0 0 25
1 0 0 25
1 0 0 25
1 0 0 25
1 0 0 25
1 0 0 25
1 0 0 25
1 0 0 25
1 0 0 22
1 0 0 22
1 0 0 22
1 0 0 22
1 0 0 22
1 0 0 22
1 0 0 22
1 0 0 22
1 0 0 22
1 0 0 20
1 0 0 20
1 0 0 20
1 0 0 20
1 0 0 26
1 0 0 26
1 0 0 26
1 0 0 26
1 0 0 26
1 0 0 26
1 0 0 26
1 0 0 26
1 0 0 26
1 0 0 26
1 0 0 26
1 0 0 26
1 0 0 26
1 0 0 26
1 0 0 26
1 0 0 26
1 0 0 26
1 0 0 26
1 0 0 26
1 0 0 26
1 0 0 20
1 0 0 20
1 0 0 20
1 0 0 20
1 0 0 20
1 0 0 27
1 0 0 27
1 0 0 27
1 0 0 28
1 0 0 28
1 0 0 28
1 0 0 28
1 0 0 28
1 0 0 28
1 0 0 28
1 0 0 28
1 0 0 28
1 0 0 28
1 0 0 28
1 0 0 28
1 0 0 28
1 0 0 28
1 0 0 28
1 0 0 28
1 0 0 28
1 0 0 28
1 0 0 28
1 0 0 28
1 0 0 27
1 0 0 27
1 0 0 27
1 0 0 27
1 0 0 29
1 0 0 29
1 0 0 29
1 0 0 29
1 0 0 29
1 0 0 29
1 0 0 29
1 0 0 29
1 0 0 29
1 0 0 29
1 0 0 29
1 0 0 29
1 0 0 29
1 0 0 29
1 0 0 29
1 0 0 29
1 0 0 29
1 0 0 29
1 0 0 29
1 0 0 29
1 0 0 27
1 0 0 27
1 0 0 27
1 0 0 27
1 0 0 27
1 0 0 27
1 0 0 27
1 0 0 27
1 0 0 27
1 0 0 27
1 0 0 27
1 0 0 27
1 0 0 27
1 0 0 30
1 0 0 30
1 0 0 30
1 0 0 30
1 0 0 31
1 0 0 31
1 0 0 31
1 0 0 31
1 0 0 31
1 0 0 31
1 0 0 31
1 0 0 31
1 0 0 31
1 0 0 32
1 0 0 32
1 0 0 32
1 0 0 32
1 0 0 32
1 0 0 32
1 0 0 32
1 0 0 32
1 0 0 32
1 0 0 32
1 0 0 32
1 0 0 32
1 0 0 32
1 0 0 32
1 0 0 32
1 0 0 32
1 0 0 32
1 0 0 32
1 0 0 32
1 0 0 32
1 0 0 31
1 0 0 31
1 0 0 31
1 0 0 31
1 0 0 31
1 0 0 31
1 0 0 31
1 0 0 31
1 0 0 31
1 0 0 31
1 0 0 31
1 0 0 30
1 0 0 30
1 0 0 30
1 0 0 30
1 0 0 30
1 0 0 30
1 0 0 30
1 0 0 30
1 0 0 30
1 0 0 30
1 0 0 30
1 0 0 30
1 0 0 30
1 0 0 30
1 0 0 30
1 0 0 30
1 0 0 33
1 0 0 33
1 0 0 33
1 0 0 33
1 0 0 33
1 0 0 33
1 0 0 33
1 0 0 33
1 0 0 33
1 0 0 33
1 0 0 33
1 0 0 33
1 0 0 33
1 0 0 33
1 0 0 33
1 0 0 33
1 0 0 33
1 0 0 33
1 0 0 33
1 0 0 33
1 0 0 34
1 0 0 34
1 0 0 34
1 0 0 34
1 0 0 34
1 0 0 34
1 0 0 34
1 0 0 34
1 0 0 34
1 0 0 34
1 0 0 34
1 0 0 34
1 0 0 34
1 0 0 34
1 0 0 34
1 0 0 34
1 0 0 34
1 0 0 34
1 0 0 34
1 0 0 34
0.1 2 3 -1
0.1 1 681 -1
0.1 682 4 -1
0.1 5 6 -1
0.1 7 8 -1
0.1 10 11 -1
0.1 686 12 -1
0.1 9 687 -1
0.1 688 13 -1
0.1 15 16 -1
0.1 14 690 -1
0.1 19 20 -1
0.1 692 21 -1
0.1 18 693 -1
0.1 694 22 -1
0.1 25 26 -1
0.1 24 696 -1
0.1 23 697 -1
0.1 695 698 -1
0.1 17 699 -1
0.1 691 700 -1
0.1 689 701 -1
0.1 685 702 -1
0.1 684 703 -1
0.1 683 704 -1
0.1 27 28 -1
0.1 29 30 -1
0.1 707 31 -1
0.1 708 32 -1
0.1 709 33 -1
0.1 706 710 -1
0.1 36 37 -1
0.1 39 40 -1
0.1 38 713 -1
0.1 712 714 -1
0.1 42 43 -1
0.1 716 44 -1
0.1 41 717 -1
0.1 46 47 -1
0.1 719 48 -1
0.1 49 50 -1
0.1 51 52 -1
0.1 721 722 -1
0.1 720 723 -1
0.1 45 724 -1
0.1 53 54 -1
0.1 726 55 -1
0.1 725 727 -1
0.1 718 728 -1
0.1 715 729 -1
0.1 35 730 -1
0.1 34 731 -1
0.1 711 732 -1
0.1 57 58 -1
0.1 60 61 -1
0.1 62 63 -1
0.1 735 736 -1
0.1 59 737 -1
0.1 65 66 -1
0.1 739 67 -1
0.1 69 70 -1
0.1 68 741 -1
0.1 740 742 -1
0.1 72 73 -1
0.1 74 75 -1
0.1 76 77 -1
0.1 745 746 -1
0.1 81 82 -1
0.1 80 748 -1
0.1 84 85 -1
0.1 83 750 -1
0.1 749 751 -1
0.1 79 752 -1
0.1 78 753 -1
0.1 86 87 -1
0.1 755 88 -1
0.1 754 756 -1
0.1 89 90 -1
0.1 91 92 -1
0.1 759 93 -1
0.1 758 760 -1
0.1 96 97 -1
0.1 95 762 -1
0.1 94 763 -1
0.1 761 764 -1
0.1 757 765 -1
0.1 747 766 -1
0.1 744 767 -1
0.1 103 104 -1
0.1 769 105 -1
0.1 102 770 -1
0.1 101 771 -1
0.1 107 108 -1
0.1 106 773 -1
0.1 109 110 -1
0.1 111 112 -1
0.1 776 113 -1
0.1 775 777 -1
0.1 778 114 -1
0.1 774 779 -1
0.1 117 118 -1
0.1 116 781 -1
0.1 115 782 -1
0.1 780 783 -1
0.1 772 784 -1
0.1 100 785 -1
0.1 99 786 -1
0.1 98 787 -1
0.1 120 121 -1
0.1 789 122 -1
0.1 119 790 -1
0.1 123 124 -1
0.1 791 792 -1
0.1 788 793 -1
0.1 768 794 -1
0.1 71 795 -1
0.1 743 796 -1
0.1 125 126 -1
0.1 797 798 -1
0.1 64 799 -1
0.1 738 800 -1
0.1 734 801 -1
0.1 56 802 -1
0.1 733 803 -1
0.1 128 129 -1
0.1 132 133 -1
0.1 131 806 -1
0.1 130 807 -1
0.1 805 808 -1
0.1 134 135 -1
0.1 810 136 -1
0.1 137 138 -1
0.1 140 141 -1
0.1 139 813 -1
0.1 812 814 -1
0.1 811 815 -1
0.1 809 816 -1
0.1 142 143 -1
0.1 817 818 -1
0.1 145 146 -1
0.1 144 820 -1
0.1 821 147 -1
0.1 819 822 -1
0.1 148 149 -1
0.1 823 824 -1
0.1 127 825 -1
0.1 804 826 -1
0.1 151 152 -1
0.1 150 828 -1
0.1 153 154 -1
0.1 830 155 -1
0.1 829 831 -1
0.1 159 160 -1
0.1 158 833 -1
0.1 157 834 -1
0.1 156 835 -1
0.1 836 161 -1
0.1 837 162 -1
0.1 838 163 -1
0.1 164 165 -1
0.1 840 166 -1
0.1 168 169 -1
0.1 167 842 -1
0.1 841 843 -1
0.1 839 844 -1
0.1 832 845 -1
0.1 171 172 -1
0.1 170 847 -1
0.1 846 848 -1
0.1 175 176 -1
0.1 174 850 -1
0.1 179 180 -1
0.1 178 852 -1
0.1 181 182 -1
0.1 853 854 -1
0.1 177 855 -1
0.1 185 186 -1
0.1 184 857 -1
0.1 183 858 -1
0.1 188 189 -1
0.1 860 190 -1
0.1 187 861 -1
0.1 859 862 -1
0.1 856 863 -1
0.1 192 193 -1
0.1 865 194 -1
0.1 191 866 -1
0.1 195 196 -1
0.1 867 868 -1
0.1 864 869 -1
0.1 851 870 -1
0.1 173 871 -1
0.1 849 872 -1
0.1 873 197 -1
0.1 827 874 -1
0.1 705 875 -1
0.1 198 199 -1
0.1 203 204 -1
0.1 878 205 -1
0.1 202 879 -1
0.1 201 880 -1
0.1 200 881 -1
0.1 877 882 -1
0.1 210 211 -1
0.1 209 884 -1
0.1 214 215 -1
0.1 216 217 -1
0.1 218 219 -1
0.1 220 221 -1
0.1 224 225 -1
0.1 223 890 -1
0.1 222 891 -1
0.1 889 892 -1
0.1 893 226 -1
0.1 888 894 -1
0.1 227 228 -1
0.1 895 896 -1
0.1 887 897 -1
0.1 230 231 -1
0.1 229 899 -1
0.1 898 900 -1
0.1 886 901 -1
0.1 902 232 -1
0.1 213 903 -1
0.1 212 904 -1
0.1 236 237 -1
0.1 238 239 -1
0.1 906 907 -1
0.1 235 908 -1
0.1 909 240 -1
0.1 234 910 -1
0.1 244 245 -1
0.1 246 247 -1
0.1 248 249 -1
0.1 250 251 -1
0.1 915 252 -1
0.1 914 916 -1
0.1 253 254 -1
0.1 917 918 -1
0.1 257 258 -1
0.1 920 259 -1
0.1 256 921 -1
0.1 255 922 -1
0.1 919 923 -1
0.1 913 924 -1
0.1 912 925 -1
0.1 261 262 -1
0.1 260 927 -1
0.1 926 928 -1
0.1 243 929 -1
0.1 242 930 -1
0.1 241 931 -1
0.1 911 932 -1
0.1 233 933 -1
0.1 934 263 -1
0.1 905 935 -1
0.1 885 936 -1
0.1 265 266 -1
0.1 264 938 -1
0.1 267 268 -1
0.1 939 940 -1
0.1 937 941 -1
0.1 942 269 -1
0.1 208 943 -1
0.1 944 270 -1
0.1 945 271 -1
0.1 207 946 -1
0.1 206 947 -1
0.1 273 274 -1
0.1 275 276 -1
0.1 950 277 -1
0.1 949 951 -1
0.1 272 952 -1
0.1 948 953 -1
0.1 883 954 -1
0.1 280 281 -1
0.1 279 956 -1
0.1 278 957 -1
0.1 283 284 -1
0.1 282 959 -1
0.1 960 285 -1
0.1 286 287 -1
0.1 289 290 -1
0.1 291 292 -1
0.1 963 964 -1
0.1 295 296 -1
0.1 294 966 -1
0.1 293 967 -1
0.1 299 300 -1
0.1 298 969 -1
0.1 297 970 -1
0.1 968 971 -1
0.1 972 301 -1
0.1 965 973 -1
0.1 288 974 -1
0.1 962 975 -1
0.1 961 976 -1
0.1 977 302 -1
0.1 303 304 -1
0.1 307 308 -1
0.1 306 980 -1
0.1 981 309 -1
0.1 310 311 -1
0.1 983 312 -1
0.1 313 314 -1
0.1 317 318 -1
0.1 986 319 -1
0.1 316 987 -1
0.1 324 325 -1
0.1 327 328 -1
0.1 326 990 -1
0.1 989 991 -1
0.1 323 992 -1
0.1 322 993 -1
0.1 321 994 -1
0.1 330 331 -1
0.1 329 996 -1
0.1 995 997 -1
0.1 320 998 -1
0.1 333 334 -1
0.1 332 1000 -1
0.1 999 1001 -1
0.1 988 1002 -1
0.1 1003 335 -1
0.1 315 1004 -1
0.1 985 1005 -1
0.1 984 1006 -1
0.1 337 338 -1
0.1 336 1008 -1
0.1 1007 1009 -1
0.1 982 1010 -1
0.1 305 1011 -1
0.1 1012 339 -1
0.1 1013 340 -1
0.1 979 1014 -1
0.1 978 1015 -1
0.1 341 342 -1
0.1 343 344 -1
0.1 1017 1018 -1
0.1 346 347 -1
0.1 345 1020 -1
0.1 348 349 -1
0.1 1021 1022 -1
0.1 1019 1023 -1
0.1 351 352 -1
0.1 350 1025 -1
0.1 354 355 -1
0.1 353 1027 -1
0.1 356 357 -1
0.1 359 360 -1
0.1 358 1030 -1
0.1 1029 1031 -1
0.1 1028 1032 -1
0.1 1026 1033 -1
0.1 1024 1034 -1
0.1 362 363 -1
0.1 364 365 -1
0.1 1036 1037 -1
0.1 361 1038 -1
0.1 366 367 -1
0.1 1039 1040 -1
0.1 368 369 -1
0.1 370 371 -1
0.1 1042 1043 -1
0.1 1041 1044 -1
0.1 1035 1045 -1
0.1 1016 1046 -1
0.1 958 1047 -1
0.1 955 1048 -1
0.1 372 373 -1
0.1 1050 374 -1
0.1 1051 375 -1
0.1 376 377 -1
0.1 1053 378 -1
0.1 382 383 -1
0.1 385 386 -1
0.1 384 1056 -1
0.1 1057 387 -1
0.1 1058 388 -1
0.1 1055 1059 -1
0.1 381 1060 -1
0.1 389 390 -1
0.1 393 394 -1
0.1 1063 395 -1
0.1 392 1064 -1
0.1 396 397 -1
0.1 1066 398 -1
0.1 1065 1067 -1
0.1 400 401 -1
0.1 402 403 -1
0.1 1069 1070 -1
0.1 399 1071 -1
0.1 404 405 -1
0.1 406 407 -1
0.1 1073 1074 -1
0.1 1072 1075 -1
0.1 410 411 -1
0.1 409 1077 -1
0.1 408 1078 -1
0.1 1076 1079 -1
0.1 1068 1080 -1
0.1 1081 412 -1
0.1 413 414 -1
0.1 417 418 -1
0.1 416 1084 -1
0.1 1085 419 -1
0.1 415 1086 -1
0.1 1083 1087 -1
0.1 420 421 -1
0.1 422 423 -1
0.1 425 426 -1
0.1 1091 427 -1
0.1 424 1092 -1
0.1 1090 1093 -1
0.1 1089 1094 -1
0.1 429 430 -1
0.1 428 1096 -1
0.1 432 433 -1
0.1 431 1098 -1
0.1 1097 1099 -1
0.1 1100 434 -1
0.1 438 439 -1
0.1 437 1102 -1
0.1 436 1103 -1
0.1 435 1104 -1
0.1 1101 1105 -1
0.1 1095 1106 -1
0.1 442 443 -1
0.1 444 445 -1
0.1 1108 1109 -1
0.1 441 1110 -1
0.1 447 448 -1
0.1 449 450 -1
0.1 1113 451 -1
0.1 1112 1114 -1
0.1 446 1115 -1
0.1 453 454 -1
0.1 455 456 -1
0.1 1117 1118 -1
0.1 452 1119 -1
0.1 457 458 -1
0.1 1120 1121 -1
0.1 1116 1122 -1
0.1 459 460 -1
0.1 1123 1124 -1
0.1 1111 1125 -1
0.1 440 1126 -1
0.1 1107 1127 -1
0.1 1088 1128 -1
0.1 464 465 -1
0.1 1130 466 -1
0.1 463 1131 -1
0.1 468 469 -1
0.1 470 471 -1
0.1 1134 472 -1
0.1 1133 1135 -1
0.1 1136 473 -1
0.1 467 1137 -1
0.1 474 475 -1
0.1 1138 1139 -1
0.1 477 478 -1
0.1 476 1141 -1
0.1 1140 1142 -1
0.1 479 480 -1
0.1 1143 1144 -1
0.1 481 482 -1
0.1 1145 1146 -1
0.1 1132 1147 -1
0.1 483 484 -1
0.1 1148 1149 -1
0.1 462 1150 -1
0.1 461 1151 -1
0.1 488 489 -1
0.1 487 1153 -1
0.1 486 1154 -1
0.1 485 1155 -1
0.1 1152 1156 -1
0.1 1129 1157 -1
0.1 490 491 -1
0.1 1158 1159 -1
0.1 1082 1160 -1
0.1 1161 492 -1
0.1 391 1162 -1
0.1 1062 1163 -1
0.1 1061 1164 -1
0.1 494 495 -1
0.1 496 497 -1
0.1 500 501 -1
0.1 499 1168 -1
0.1 498 1169 -1
0.1 502 503 -1
0.1 505 506 -1
0.1 1172 507 -1
0.1 504 1173 -1
0.1 1174 508 -1
0.1 1171 1175 -1
0.1 1170 1176 -1
0.1 509 510 -1
0.1 511 512 -1
0.1 1179 513 -1
0.1 514 515 -1
0.1 1180 1181 -1
0.1 1178 1182 -1
0.1 1177 1183 -1
0.1 1167 1184 -1
0.1 1166 1185 -1
0.1 493 1186 -1
0.1 1165 1187 -1
0.1 519 520 -1
0.1 518 1189 -1
0.1 517 1190 -1
0.1 516 1191 -1
0.1 524 525 -1
0.1 527 528 -1
0.1 526 1194 -1
0.1 531 532 -1
0.1 530 1196 -1
0.1 529 1197 -1
0.1 1195 1198 -1
0.1 533 534 -1
0.1 1199 1200 -1
0.1 535 536 -1
0.1 539 540 -1
0.1 538 1203 -1
0.1 537 1204 -1
0.1 1202 1205 -1
0.1 1201 1206 -1
0.1 541 542 -1
0.1 1207 1208 -1
0.1 1193 1209 -1
0.1 1210 543 -1
0.1 1211 544 -1
0.1 546 547 -1
0.1 545 1213 -1
0.1 1212 1214 -1
0.1 548 549 -1
0.1 551 552 -1
0.1 550 1217 -1
0.1 1216 1218 -1
0.1 554 555 -1
0.1 553 1220 -1
0.1 1219 1221 -1
0.1 561 562 -1
0.1 560 1223 -1
0.1 559 1224 -1
0.1 1225 563 -1
0.1 558 1226 -1
0.1 557 1227 -1
0.1 556 1228 -1
0.1 564 565 -1
0.1 566 567 -1
0.1 1230 1231 -1
0.1 1229 1232 -1
0.1 1222 1233 -1
0.1 1215 1234 -1
0.1 570 571 -1
0.1 569 1236 -1
0.1 574 575 -1
0.1 573 1238 -1
0.1 572 1239 -1
0.1 1240 576 -1
0.1 578 579 -1
0.1 1242 580 -1
0.1 582 583 -1
0.1 581 1244 -1
0.1 585 586 -1
0.1 589 590 -1
0.1 588 1247 -1
0.1 587 1248 -1
0.1 591 592 -1
0.1 1249 1250 -1
0.1 1246 1251 -1
0.1 594 595 -1
0.1 1253 596 -1
0.1 598 599 -1
0.1 1255 600 -1
0.1 597 1256 -1
0.1 601 602 -1
0.1 1258 603 -1
0.1 1257 1259 -1
0.1 1254 1260 -1
0.1 604 605 -1
0.1 606 607 -1
0.1 608 609 -1
0.1 612 613 -1
0.1 611 1265 -1
0.1 610 1266 -1
0.1 1264 1267 -1
0.1 1263 1268 -1
0.1 1262 1269 -1
0.1 1261 1270 -1
0.1 593 1271 -1
0.1 1272 614 -1
0.1 1273 615 -1
0.1 617 618 -1
0.1 1275 619 -1
0.1 616 1276 -1
0.1 1277 620 -1
0.1 621 622 -1
0.1 1279 623 -1
0.1 1280 624 -1
0.1 1278 1281 -1
0.1 1274 1282 -1
0.1 1252 1283 -1
0.1 584 1284 -1
0.1 1245 1285 -1
0.1 626 627 -1
0.1 628 629 -1
0.1 1287 1288 -1
0.1 625 1289 -1
0.1 1286 1290 -1
0.1 631 632 -1
0.1 633 634 -1
0.1 1292 1293 -1
0.1 630 1294 -1
0.1 637 638 -1
0.1 636 1296 -1
0.1 635 1297 -1
0.1 1298 639 -1
0.1 1295 1299 -1
0.1 1291 1300 -1
0.1 1301 640 -1
0.1 1243 1302 -1
0.1 577 1303 -1
0.1 1241 1304 -1
0.1 1237 1305 -1
0.1 568 1306 -1
0.1 1235 1307 -1
0.1 641 642 -1
0.1 644 645 -1
0.1 643 1310 -1
0.1 647 648 -1
0.1 646 1312 -1
0.1 1311 1313 -1
0.1 651 652 -1
0.1 650 1315 -1
0.1 1316 653 -1
0.1 649 1317 -1
0.1 655 656 -1
0.1 1319 657 -1
0.1 1320 658 -1
0.1 654 1321 -1
0.1 659 660 -1
0.1 1322 1323 -1
0.1 1318 1324 -1
0.1 1314 1325 -1
0.1 1309 1326 -1
0.1 1308 1327 -1
0.1 523 1328 -1
0.1 522 1329 -1
0.1 521 1330 -1
0.1 1192 1331 -1
0.1 1188 1332 -1
0.1 380 1333 -1
0.1 379 1334 -1
0.1 1054 1335 -1
0.1 662 663 -1
0.1 661 1337 -1
0.1 665 666 -1
0.1 667 668 -1
0.1 1339 1340 -1
0.1 664 1341 -1
0.1 671 672 -1
0.1 670 1343 -1
0.1 1344 673 -1
0.1 669 1345 -1
0.1 1342 1346 -1
0.1 675 676 -1
0.1 674 1348 -1
0.1 677 678 -1
0.1 1349 1350 -1
0.1 1351 679 -1
0.1 1347 1352 -1
0.1 1338 1353 -1
0.1 1354 680 -1
0.1 1336 1355 -1
0.1 1052 1356 -1
0.1 1049 1357 -1
0.1 876 1358 -1
