1 0 0 1
1 0 0 1
1 0 0 2
1 0 0 2
1 0 0 2
1 0 0 2
1 0 0 2
1 0 0 3
1 0 0 3
1 0 0 2
1 0 0 2
1 0 0 2
1 0 0 2
1 0 0 2
1 0 0 4
1 0 0 4
1 0 0 4
1 0 0 4
1 0 0 4
1 0 0 4
1 0 0 4
1 0 0 4
1 0 0 4
1 0 0 1
1 0 0 4
1 0 0 1
1 0 0 1
1 0 0 5
1 0 0 5
1 0 0 5
1 0 0 5
1 0 0 5
1 0 0 5
1 0 0 5
1 0 0 5
1 0 0 5
1 0 0 5
1 0 0 1
1 0 0 1
1 0 0 6
1 0 0 6
1 0 0 6
1 0 0 6
1 0 0 6
1 0 0 7
1 0 0 7
1 0 0 7
1 0 0 7
1 0 0 7
1 0 0 7
1 0 0 7
1 0 0 7
1 0 0 8
1 0 0 8
1 0 0 8
1 0 0 8
1 0 0 8
1 0 0 8
1 0 0 8
1 0 0 8
1 0 0 8
1 0 0 8
1 0 0 7
1 0 0 7
1 0 0 6
1 0 0 6
1 0 0 6
1 0 0 6
1 0 0 6
1 0 0 9
1 0 0 10
1 0 0 10
1 0 0 10
1 0 0 10
1 0 0 10
1 0 0 10
1 0 0 10
1 0 0 11
1 0 0 11
1 0 0 11
1 0 0 11
1 0 0 11
1 0 0 12
1 0 0 12
1 0 0 12
1 0 0 12
1 0 0 12
1 0 0 12
1 0 0 12
1 0 0 12
1 0 0 12
1 0 0 12
1 0 0 11
1 0 0 9
1 0 0 13
1 0 0 13
1 0 0 13
1 0 0 13
1 0 0 13
1 0 0 13
1 0 0 13
1 0 0 13
1 0 0 13
1 0 0 13
1 0 0 9
1 0 0 9
1 0 0 9
1 0 0 14
1 0 0 14
1 0 0 14
1 0 0 14
1 0 0 14
1 0 0 14
1 0 0 14
1 0 0 14
1 0 0 14
1 0 0 14
1 0 0 10
1 0 0 10
1 0 0 10
1 0 0 15
1 0 0 15
1 0 0 15
1 0 0 15
1 0 0 15
1 0 0 15
1 0 0 15
1 0 0 15
1 0 0 15
1 0 0 15
1 0 0 11
1 0 0 9
1 0 0 9
1 0 0 9
1 0 0 9
1 0 0 9
1 0 0 16
1 0 0 16
1 0 0 16
1 0 0 16
1 0 0 16
1 0 0 16
1 0 0 16
1 0 0 17
1 0 0 17
1 0 0 17
1 0 0 17
1 0 0 17
1 0 0 17
1 0 0 17
1 0 0 17
1 0 0 17
1 0 0 17
1 0 0 16
1 0 0 16
1 0 0 16
1 0 0 11
1 0 0 11
1 0 0 11
1 0 0 18
1 0 0 18
1 0 0 18
1 0 0 18
1 0 0 18
1 0 0 18
1 0 0 18
1 0 0 18
1 0 0 18
1 0 0 19
1 0 0 19
1 0 0 19
1 0 0 19
1 0 0 19
1 0 0 19
1 0 0 19
1 0 0 19
1 0 0 19
1 0 0 19
1 0 0 18
1 0 0 1
1 0 0 1
1 0 0 1
1 0 0 3
1 0 0 20
1 0 0 20
1 0 0 20
1 0 0 20
1 0 0 20
1 0 0 20
1 0 0 20
1 0 0 20
1 0 0 21
1 0 0 21
1 0 0 21
1 0 0 21
1 0 0 21
1 0 0 21
1 0 0 21
1 0 0 21
1 0 0 22
1 0 0 22
1 0 0 22
1 0 0 22
1 0 0 22
1 0 0 23
1 0 0 24
1 0 0 24
1 0 0 24
1 0 0 25
1 0 0 25
1 0 0 25
1 0 0 25
1 0 0 25
1 0 0 25
1 0 0 26
1 0 0 26
1 0 0 26
1 0 0 26
1 0 0 26
1 0 0 26
1 0 0 26
1 0 0 26
1 0 0 26
1 0 0 26
1 0 0 25
1 0 0 25
1 0 0 25
1 0 0 23
1 0 0 23
1 0 0 27
1 0 0 27
1 0 0 27
1 0 0 27
1 0 0 27
1 0 0 27
1 0 0 27
1 0 0 28
1 0 0 28
1 0 0 28
1 0 0 28
1 0 0 28
1 0 0 28
1 0 0 28
1 0 0 28
1 0 0 28
1 0 0 28
1 0 0 29
1 0 0 29
1 0 0 29
1 0 0 29
1 0 0 29
1 0 0 29
1 0 0 29
1 0 0 29
1 0 0 29
1 0 0 29
1 0 0 27
1 0 0 27
1 0 0 27
1 0 0 23
1 0 0 22
1 0 0 22
1 0 0 22
1 0 0 22
1 0 0 22
1 0 0 30
1 0 0 30
1 0 0 30
1 0 0 30
1 0 0 30
1 0 0 30
1 0 0 30
1 0 0 30
1 0 0 30
1 0 0 31
1 0 0 31
1 0 0 31
1 0 0 31
1 0 0 31
1 0 0 31
1 0 0 31
1 0 0 31
1 0 0 31
1 0 0 31
1 0 0 30
1 0 0 25
1 0 0 23
1 0 0 23
1 0 0 23
1 0 0 23
1 0 0 24
1 0 0 23
1 0 0 23
1 0 0 24
1 0 0 24
1 0 0 24
1 0 0 24
1 0 0 24
1 0 0 24
1 0 0 20
1 0 0 20
1 0 0 21
1 0 0 21
1 0 0 3
1 0 0 32
1 0 0 32
1 0 0 33
1 0 0 33
1 0 0 33
1 0 0 33
1 0 0 33
1 0 0 33
1 0 0 33
1 0 0 33
1 0 0 33
1 0 0 33
1 0 0 34
1 0 0 34
1 0 0 34
1 0 0 35
1 0 0 35
1 0 0 35
1 0 0 35
1 0 0 35
1 0 0 35
1 0 0 35
1 0 0 35
1 0 0 35
1 0 0 35
1 0 0 34
1 0 0 34
1 0 0 34
1 0 0 34
1 0 0 34
1 0 0 36
1 0 0 36
1 0 0 36
1 0 0 36
1 0 0 36
1 0 0 37
1 0 0 37
1 0 0 37
1 0 0 37
1 0 0 37
1 0 0 37
1 0 0 37
1 0 0 37
1 0 0 37
1 0 0 37
1 0 0 36
1 0 0 36
1 0 0 36
1 0 0 36
1 0 0 36
1 0 0 34
1 0 0 3
1 0 0 34
1 0 0 38
1 0 0 38
1 0 0 38
1 0 0 38
1 0 0 38
1 0 0 38
1 0 0 38
1 0 0 38
1 0 0 38
1 0 0 38
1 0 0 32
1 0 0 32
1 0 0 32
1 0 0 32
1 0 0 32
1 0 0 32
1 0 0 32
1 0 0 32
1 0 0 39
1 0 0 39
1 0 0 39
1 0 0 39
1 0 0 39
1 0 0 39
1 0 0 39
1 0 0 3
1 0 0 39
1 0 0 39
1 0 0 39
1 0 0 40
1 0 0 40
1 0 0 40
1 0 0 40
1 0 0 40
1 0 0 40
1 0 0 40
1 0 0 40
1 0 0 40
1 0 0 40
1 0 0 3
1 0 0 3
1 0 0 3
1 0 0 3
1 0 0 41
1 0 0 41
1 0 0 41
1 0 0 41
1 0 0 41
1 0 0 41
1 0 0 41
1 0 0 41
1 0 0 41
1 0 0 41
1 0 0 42
1 0 0 42
1 0 0 42
1 0 0 42
1 0 0 42
1 0 0 42
1 0 0 42
1 0 0 42
1 0 0 42
1 0 0 42
0.1 1 2 -1
0.1 6 7 -1
0.1 5 422 -1
0.1 4 423 -1
0.1 3 424 -1
0.1 8 9 -1
0.1 426 10 -1
0.1 12 13 -1
0.1 428 14 -1
0.1 11 429 -1
0.1 427 430 -1
0.1 425 431 -1
0.1 16 17 -1
0.1 433 18 -1
0.1 19 20 -1
0.1 434 435 -1
0.1 21 22 -1
0.1 436 437 -1
0.1 15 438 -1
0.1 439 23 -1
0.1 24 25 -1
0.1 440 441 -1
0.1 432 442 -1
0.1 421 443 -1
0.1 26 27 -1
0.1 31 32 -1
0.1 30 446 -1
0.1 29 447 -1
0.1 448 33 -1
0.1 34 35 -1
0.1 449 450 -1
0.1 36 37 -1
0.1 451 452 -1
0.1 28 453 -1
0.1 445 454 -1
0.1 455 38 -1
0.1 456 39 -1
0.1 444 457 -1
0.1 41 42 -1
0.1 459 43 -1
0.1 40 460 -1
0.1 461 44 -1
0.1 46 47 -1
0.1 45 463 -1
0.1 53 54 -1
0.1 56 57 -1
0.1 55 466 -1
0.1 467 58 -1
0.1 60 61 -1
0.1 59 469 -1
0.1 468 470 -1
0.1 465 471 -1
0.1 472 62 -1
0.1 52 473 -1
0.1 63 64 -1
0.1 474 475 -1
0.1 51 476 -1
0.1 50 477 -1
0.1 49 478 -1
0.1 48 479 -1
0.1 464 480 -1
0.1 462 481 -1
0.1 66 67 -1
0.1 65 483 -1
0.1 482 484 -1
0.1 68 69 -1
0.1 485 486 -1
0.1 458 487 -1
0.1 70 71 -1
0.1 72 73 -1
0.1 76 77 -1
0.1 75 491 -1
0.1 74 492 -1
0.1 490 493 -1
0.1 79 80 -1
0.1 81 82 -1
0.1 85 86 -1
0.1 87 88 -1
0.1 498 89 -1
0.1 497 499 -1
0.1 84 500 -1
0.1 90 91 -1
0.1 501 502 -1
0.1 503 92 -1
0.1 83 504 -1
0.1 505 93 -1
0.1 496 506 -1
0.1 495 507 -1
0.1 78 508 -1
0.1 509 94 -1
0.1 494 510 -1
0.1 99 100 -1
0.1 98 512 -1
0.1 97 513 -1
0.1 514 101 -1
0.1 515 102 -1
0.1 103 104 -1
0.1 516 517 -1
0.1 96 518 -1
0.1 95 519 -1
0.1 511 520 -1
0.1 105 106 -1
0.1 522 107 -1
0.1 108 109 -1
0.1 111 112 -1
0.1 114 115 -1
0.1 113 526 -1
0.1 525 527 -1
0.1 116 117 -1
0.1 528 529 -1
0.1 110 530 -1
0.1 524 531 -1
0.1 523 532 -1
0.1 521 533 -1
0.1 118 119 -1
0.1 534 535 -1
0.1 121 122 -1
0.1 123 124 -1
0.1 127 128 -1
0.1 539 129 -1
0.1 540 130 -1
0.1 126 541 -1
0.1 125 542 -1
0.1 538 543 -1
0.1 537 544 -1
0.1 120 545 -1
0.1 536 546 -1
0.1 489 547 -1
0.1 133 134 -1
0.1 549 135 -1
0.1 550 136 -1
0.1 132 551 -1
0.1 552 137 -1
0.1 553 138 -1
0.1 140 141 -1
0.1 142 143 -1
0.1 145 146 -1
0.1 144 557 -1
0.1 147 148 -1
0.1 559 149 -1
0.1 558 560 -1
0.1 151 152 -1
0.1 150 562 -1
0.1 561 563 -1
0.1 564 153 -1
0.1 565 154 -1
0.1 566 155 -1
0.1 567 156 -1
0.1 556 568 -1
0.1 555 569 -1
0.1 139 570 -1
0.1 554 571 -1
0.1 157 158 -1
0.1 573 159 -1
0.1 572 574 -1
0.1 131 575 -1
0.1 548 576 -1
0.1 163 164 -1
0.1 162 578 -1
0.1 165 166 -1
0.1 579 580 -1
0.1 161 581 -1
0.1 160 582 -1
0.1 167 168 -1
0.1 583 584 -1
0.1 170 171 -1
0.1 169 586 -1
0.1 173 174 -1
0.1 172 588 -1
0.1 177 178 -1
0.1 176 590 -1
0.1 175 591 -1
0.1 589 592 -1
0.1 593 179 -1
0.1 587 594 -1
0.1 585 595 -1
0.1 577 596 -1
0.1 488 597 -1
0.1 181 182 -1
0.1 180 599 -1
0.1 598 600 -1
0.1 601 183 -1
0.1 186 187 -1
0.1 603 188 -1
0.1 185 604 -1
0.1 605 189 -1
0.1 190 191 -1
0.1 606 607 -1
0.1 184 608 -1
0.1 602 609 -1
0.1 193 194 -1
0.1 192 611 -1
0.1 612 195 -1
0.1 196 197 -1
0.1 198 199 -1
0.1 614 615 -1
0.1 613 616 -1
0.1 200 201 -1
0.1 618 202 -1
0.1 619 203 -1
0.1 620 204 -1
0.1 207 208 -1
0.1 209 210 -1
0.1 211 212 -1
0.1 213 214 -1
0.1 624 625 -1
0.1 215 216 -1
0.1 218 219 -1
0.1 217 628 -1
0.1 627 629 -1
0.1 220 221 -1
0.1 630 631 -1
0.1 632 222 -1
0.1 223 224 -1
0.1 633 634 -1
0.1 635 225 -1
0.1 226 227 -1
0.1 636 637 -1
0.1 626 638 -1
0.1 623 639 -1
0.1 622 640 -1
0.1 206 641 -1
0.1 205 642 -1
0.1 228 229 -1
0.1 231 232 -1
0.1 234 235 -1
0.1 240 241 -1
0.1 239 647 -1
0.1 238 648 -1
0.1 237 649 -1
0.1 245 246 -1
0.1 244 651 -1
0.1 243 652 -1
0.1 242 653 -1
0.1 650 654 -1
0.1 247 248 -1
0.1 249 250 -1
0.1 656 657 -1
0.1 251 252 -1
0.1 658 659 -1
0.1 253 254 -1
0.1 255 256 -1
0.1 661 662 -1
0.1 660 663 -1
0.1 655 664 -1
0.1 236 665 -1
0.1 257 258 -1
0.1 666 667 -1
0.1 646 668 -1
0.1 669 259 -1
0.1 233 670 -1
0.1 645 671 -1
0.1 230 672 -1
0.1 644 673 -1
0.1 674 260 -1
0.1 263 264 -1
0.1 262 676 -1
0.1 677 265 -1
0.1 261 678 -1
0.1 675 679 -1
0.1 270 271 -1
0.1 269 681 -1
0.1 272 273 -1
0.1 683 274 -1
0.1 275 276 -1
0.1 279 280 -1
0.1 278 686 -1
0.1 277 687 -1
0.1 281 282 -1
0.1 283 284 -1
0.1 689 690 -1
0.1 688 691 -1
0.1 685 692 -1
0.1 684 693 -1
0.1 682 694 -1
0.1 268 695 -1
0.1 267 696 -1
0.1 697 285 -1
0.1 266 698 -1
0.1 699 286 -1
0.1 680 700 -1
0.1 643 701 -1
0.1 621 702 -1
0.1 289 290 -1
0.1 288 704 -1
0.1 287 705 -1
0.1 292 293 -1
0.1 707 294 -1
0.1 708 295 -1
0.1 291 709 -1
0.1 706 710 -1
0.1 703 711 -1
0.1 296 297 -1
0.1 298 299 -1
0.1 713 714 -1
0.1 712 715 -1
0.1 617 716 -1
0.1 300 301 -1
0.1 717 718 -1
0.1 302 303 -1
0.1 719 720 -1
0.1 309 310 -1
0.1 308 722 -1
0.1 312 313 -1
0.1 311 724 -1
0.1 315 316 -1
0.1 314 726 -1
0.1 725 727 -1
0.1 723 728 -1
0.1 307 729 -1
0.1 318 319 -1
0.1 317 731 -1
0.1 321 322 -1
0.1 320 733 -1
0.1 323 324 -1
0.1 734 735 -1
0.1 736 325 -1
0.1 326 327 -1
0.1 328 329 -1
0.1 738 739 -1
0.1 737 740 -1
0.1 332 333 -1
0.1 331 742 -1
0.1 330 743 -1
0.1 741 744 -1
0.1 745 334 -1
0.1 337 338 -1
0.1 747 339 -1
0.1 336 748 -1
0.1 341 342 -1
0.1 340 750 -1
0.1 751 343 -1
0.1 345 346 -1
0.1 344 753 -1
0.1 752 754 -1
0.1 348 349 -1
0.1 347 756 -1
0.1 755 757 -1
0.1 758 350 -1
0.1 351 352 -1
0.1 760 353 -1
0.1 761 354 -1
0.1 759 762 -1
0.1 749 763 -1
0.1 335 764 -1
0.1 746 765 -1
0.1 732 766 -1
0.1 730 767 -1
0.1 356 357 -1
0.1 355 769 -1
0.1 768 770 -1
0.1 358 359 -1
0.1 772 360 -1
0.1 361 362 -1
0.1 363 364 -1
0.1 774 775 -1
0.1 776 365 -1
0.1 366 367 -1
0.1 777 778 -1
0.1 773 779 -1
0.1 371 372 -1
0.1 781 373 -1
0.1 370 782 -1
0.1 369 783 -1
0.1 368 784 -1
0.1 780 785 -1
0.1 771 786 -1
0.1 306 787 -1
0.1 305 788 -1
0.1 377 378 -1
0.1 379 380 -1
0.1 790 791 -1
0.1 381 382 -1
0.1 383 384 -1
0.1 794 385 -1
0.1 793 795 -1
0.1 792 796 -1
0.1 376 797 -1
0.1 798 386 -1
0.1 375 799 -1
0.1 374 800 -1
0.1 789 801 -1
0.1 389 390 -1
0.1 803 391 -1
0.1 388 804 -1
0.1 394 395 -1
0.1 393 806 -1
0.1 807 396 -1
0.1 392 808 -1
0.1 805 809 -1
0.1 387 810 -1
0.1 802 811 -1
0.1 397 398 -1
0.1 813 399 -1
0.1 404 405 -1
0.1 403 815 -1
0.1 402 816 -1
0.1 406 407 -1
0.1 817 818 -1
0.1 409 410 -1
0.1 408 820 -1
0.1 819 821 -1
0.1 401 822 -1
0.1 412 413 -1
0.1 411 824 -1
0.1 414 415 -1
0.1 416 417 -1
0.1 826 827 -1
0.1 825 828 -1
0.1 419 420 -1
0.1 418 830 -1
0.1 829 831 -1
0.1 823 832 -1
0.1 400 833 -1
0.1 814 834 -1
0.1 812 835 -1
0.1 304 836 -1
0.1 721 837 -1
0.1 610 838 -1
