1 0 0 1
1 0 0 1
1 0 0 1
1 0 0 1
1 0 0 1
1 0 0 2
1 0 0 3
1 0 0 3
1 0 0 3
1 0 0 3
1 0 0 3
1 0 0 2
1 0 0 2
1 0 0 2
1 0 0 2
1 0 0 4
1 0 0 5
1 0 0 5
1 0 0 5
1 0 0 5
1 0 0 5
1 0 0 6
1 0 0 6
1 0 0 6
1 0 0 6
1 0 0 6
1 0 0 7
1 0 0 7
1 0 0 7
1 0 0 7
1 0 0 7
1 0 0 8
1 0 0 8
1 0 0 8
1 0 0 8
1 0 0 8
1 0 0 9
1 0 0 9
1 0 0 9
1 0 0 9
1 0 0 9
1 0 0 10
1 0 0 10
1 0 0 10
1 0 0 10
1 0 0 10
1 0 0 11
1 0 0 11
1 0 0 11
1 0 0 11
1 0 0 11
1 0 0 12
1 0 0 12
1 0 0 12
1 0 0 13
1 0 0 13
1 0 0 13
1 0 0 13
1 0 0 13
1 0 0 12
1 0 0 12
1 0 0 14
1 0 0 14
1 0 0 14
1 0 0 14
1 0 0 14
1 0 0 15
1 0 0 15
1 0 0 16
1 0 0 16
1 0 0 16
1 0 0 16
1 0 0 16
1 0 0 15
1 0 0 15
1 0 0 15
1 0 0 17
1 0 0 17
1 0 0 17
1 0 0 17
1 0 0 17
1 0 0 18
1 0 0 19
1 0 0 19
1 0 0 19
1 0 0 19
1 0 0 19
1 0 0 20
1 0 0 20
1 0 0 20
1 0 0 20
1 0 0 20
1 0 0 21
1 0 0 21
1 0 0 21
1 0 0 21
1 0 0 22
1 0 0 22
1 0 0 22
1 0 0 22
1 0 0 22
1 0 0 21
1 0 0 4
1 0 0 4
1 0 0 23
1 0 0 23
1 0 0 24
1 0 0 24
1 0 0 24
1 0 0 24
1 0 0 24
1 0 0 25
1 0 0 25
1 0 0 25
1 0 0 25
1 0 0 25
1 0 0 26
1 0 0 26
1 0 0 26
1 0 0 26
1 0 0 26
1 0 0 27
1 0 0 27
1 0 0 27
1 0 0 27
1 0 0 27
1 0 0 28
1 0 0 28
1 0 0 28
1 0 0 28
1 0 0 28
1 0 0 29
1 0 0 29
1 0 0 29
1 0 0 29
1 0 0 29
1 0 0 30
1 0 0 30
1 0 0 30
1 0 0 30
1 0 0 31
1 0 0 31
1 0 0 31
1 0 0 31
1 0 0 31
1 0 0 32
1 0 0 32
1 0 0 32
1 0 0 32
1 0 0 32
1 0 0 30
1 0 0 23
1 0 0 23
1 0 0 23
1 0 0 18
1 0 0 18
1 0 0 18
1 0 0 18
1 0 0 4
1 0 0 4
1 0 0 33
1 0 0 33
1 0 0 33
1 0 0 33
1 0 0 33
1 0 0 34
1 0 0 34
1 0 0 34
1 0 0 34
1 0 0 34
0.1 4 5 -1
0.1 3 171 -1
0.1 2 172 -1
0.1 1 173 -1
0.1 7 8 -1
0.1 9 10 -1
0.1 176 11 -1
0.1 175 177 -1
0.1 178 12 -1
0.1 13 14 -1
0.1 180 15 -1
0.1 179 181 -1
0.1 6 182 -1
0.1 174 183 -1
0.1 18 19 -1
0.1 17 185 -1
0.1 20 21 -1
0.1 186 187 -1
0.1 16 188 -1
0.1 23 24 -1
0.1 22 190 -1
0.1 191 25 -1
0.1 192 26 -1
0.1 27 28 -1
0.1 29 30 -1
0.1 32 33 -1
0.1 196 34 -1
0.1 197 35 -1
0.1 198 36 -1
0.1 31 199 -1
0.1 195 200 -1
0.1 194 201 -1
0.1 193 202 -1
0.1 189 203 -1
0.1 38 39 -1
0.1 40 41 -1
0.1 205 206 -1
0.1 37 207 -1
0.1 43 44 -1
0.1 209 45 -1
0.1 42 210 -1
0.1 211 46 -1
0.1 47 48 -1
0.1 213 49 -1
0.1 50 51 -1
0.1 214 215 -1
0.1 212 216 -1
0.1 208 217 -1
0.1 52 53 -1
0.1 58 59 -1
0.1 57 220 -1
0.1 56 221 -1
0.1 55 222 -1
0.1 223 60 -1
0.1 54 224 -1
0.1 225 61 -1
0.1 219 226 -1
0.1 65 66 -1
0.1 64 228 -1
0.1 63 229 -1
0.1 62 230 -1
0.1 227 231 -1
0.1 218 232 -1
0.1 70 71 -1
0.1 72 73 -1
0.1 234 235 -1
0.1 69 236 -1
0.1 74 75 -1
0.1 237 238 -1
0.1 239 76 -1
0.1 68 240 -1
0.1 67 241 -1
0.1 233 242 -1
0.1 204 243 -1
0.1 184 244 -1
0.1 79 80 -1
0.1 78 246 -1
0.1 77 247 -1
0.1 248 81 -1
0.1 245 249 -1
0.1 84 85 -1
0.1 86 87 -1
0.1 251 252 -1
0.1 83 253 -1
0.1 89 90 -1
0.1 88 255 -1
0.1 91 92 -1
0.1 256 257 -1
0.1 254 258 -1
0.1 95 96 -1
0.1 94 260 -1
0.1 93 261 -1
0.1 99 100 -1
0.1 98 263 -1
0.1 97 264 -1
0.1 265 101 -1
0.1 262 266 -1
0.1 267 102 -1
0.1 268 103 -1
0.1 105 106 -1
0.1 107 108 -1
0.1 271 109 -1
0.1 272 110 -1
0.1 273 111 -1
0.1 270 274 -1
0.1 115 116 -1
0.1 114 276 -1
0.1 113 277 -1
0.1 112 278 -1
0.1 117 118 -1
0.1 119 120 -1
0.1 281 121 -1
0.1 280 282 -1
0.1 283 122 -1
0.1 123 124 -1
0.1 284 285 -1
0.1 129 130 -1
0.1 287 131 -1
0.1 128 288 -1
0.1 127 289 -1
0.1 132 133 -1
0.1 291 134 -1
0.1 135 136 -1
0.1 292 293 -1
0.1 290 294 -1
0.1 126 295 -1
0.1 125 296 -1
0.1 286 297 -1
0.1 137 138 -1
0.1 144 145 -1
0.1 143 300 -1
0.1 142 301 -1
0.1 141 302 -1
0.1 140 303 -1
0.1 139 304 -1
0.1 299 305 -1
0.1 149 150 -1
0.1 148 307 -1
0.1 147 308 -1
0.1 146 309 -1
0.1 310 151 -1
0.1 306 311 -1
0.1 298 312 -1
0.1 279 313 -1
0.1 314 152 -1
0.1 153 154 -1
0.1 315 316 -1
0.1 275 317 -1
0.1 104 318 -1
0.1 269 319 -1
0.1 259 320 -1
0.1 321 155 -1
0.1 156 157 -1
0.1 322 323 -1
0.1 324 158 -1
0.1 159 160 -1
0.1 163 164 -1
0.1 327 165 -1
0.1 162 328 -1
0.1 161 329 -1
0.1 166 167 -1
0.1 331 168 -1
0.1 169 170 -1
0.1 332 333 -1
0.1 330 334 -1
0.1 326 335 -1
0.1 325 336 -1
0.1 82 337 -1
0.1 250 338 -1
