1 0 0 1
1 0 0 1
1 0 0 2
1 0 0 3
1 0 0 3
1 0 0 3
1 0 0 3
1 0 0 3
1 0 0 1
1 0 0 1
1 0 0 1
1 0 0 4
1 0 0 4
1 0 0 5
1 0 0 5
1 0 0 5
1 0 0 5
1 0 0 5
1 0 0 4
1 0 0 4
1 0 0 6
1 0 0 7
1 0 0 7
1 0 0 7
1 0 0 7
1 0 0 7
1 0 0 6
1 0 0 8
1 0 0 8
1 0 0 8
1 0 0 8
1 0 0 8
1 0 0 9
1 0 0 9
1 0 0 9
1 0 0 9
1 0 0 9
1 0 0 10
1 0 0 10
1 0 0 10
1 0 0 10
1 0 0 10
1 0 0 11
1 0 0 11
1 0 0 12
1 0 0 12
1 0 0 12
1 0 0 12
1 0 0 12
1 0 0 11
1 0 0 11
1 0 0 11
1 0 0 6
1 0 0 6
1 0 0 6
1 0 0 2
1 0 0 2
1 0 0 2
1 0 0 13
1 0 0 14
1 0 0 15
1 0 0 15
1 0 0 15
1 0 0 15
1 0 0 15
1 0 0 14
1 0 0 14
1 0 0 14
1 0 0 14
1 0 0 16
1 0 0 16
1 0 0 16
1 0 0 16
1 0 0 16
1 0 0 17
1 0 0 17
1 0 0 17
1 0 0 17
1 0 0 17
1 0 0 13
1 0 0 18
1 0 0 18
1 0 0 18
1 0 0 18
1 0 0 18
1 0 0 13
1 0 0 19
1 0 0 19
1 0 0 19
1 0 0 19
1 0 0 19
1 0 0 13
1 0 0 13
1 0 0 20
1 0 0 20
1 0 0 20
1 0 0 20
1 0 0 20
1 0 0 21
1 0 0 4
1 0 0 22
1 0 0 22
1 0 0 22
1 0 0 22
1 0 0 22
1 0 0 21
1 0 0 21
1 0 0 23
1 0 0 23
1 0 0 21
1 0 0 21
1 0 0 24
1 0 0 24
1 0 0 24
1 0 0 24
1 0 0 24
1 0 0 25
1 0 0 25
1 0 0 25
1 0 0 25
1 0 0 25
1 0 0 2
1 0 0 23
1 0 0 23
1 0 0 23
0.1 1 2 -1
0.1 4 5 -1
0.1 127 6 -1
0.1 7 8 -1
0.1 128 129 -1
0.1 10 11 -1
0.1 9 131 -1
0.1 130 132 -1
0.1 3 133 -1
0.1 126 134 -1
0.1 12 13 -1
0.1 14 15 -1
0.1 16 17 -1
0.1 138 18 -1
0.1 137 139 -1
0.1 140 19 -1
0.1 141 20 -1
0.1 136 142 -1
0.1 23 24 -1
0.1 25 26 -1
0.1 144 145 -1
0.1 22 146 -1
0.1 21 147 -1
0.1 28 29 -1
0.1 31 32 -1
0.1 30 150 -1
0.1 149 151 -1
0.1 34 35 -1
0.1 33 153 -1
0.1 36 37 -1
0.1 154 155 -1
0.1 152 156 -1
0.1 38 39 -1
0.1 158 40 -1
0.1 41 42 -1
0.1 45 46 -1
0.1 48 49 -1
0.1 47 162 -1
0.1 161 163 -1
0.1 164 50 -1
0.1 51 52 -1
0.1 165 166 -1
0.1 44 167 -1
0.1 43 168 -1
0.1 160 169 -1
0.1 159 170 -1
0.1 157 171 -1
0.1 53 54 -1
0.1 172 173 -1
0.1 174 55 -1
0.1 27 175 -1
0.1 148 176 -1
0.1 143 177 -1
0.1 135 178 -1
0.1 57 58 -1
0.1 56 180 -1
0.1 64 65 -1
0.1 63 182 -1
0.1 62 183 -1
0.1 61 184 -1
0.1 185 66 -1
0.1 60 186 -1
0.1 71 72 -1
0.1 70 188 -1
0.1 73 74 -1
0.1 189 190 -1
0.1 76 77 -1
0.1 75 192 -1
0.1 193 78 -1
0.1 194 79 -1
0.1 191 195 -1
0.1 69 196 -1
0.1 68 197 -1
0.1 67 198 -1
0.1 187 199 -1
0.1 82 83 -1
0.1 81 201 -1
0.1 84 85 -1
0.1 202 203 -1
0.1 80 204 -1
0.1 200 205 -1
0.1 59 206 -1
0.1 88 89 -1
0.1 87 208 -1
0.1 90 91 -1
0.1 209 210 -1
0.1 86 211 -1
0.1 92 93 -1
0.1 212 213 -1
0.1 207 214 -1
0.1 181 215 -1
0.1 94 95 -1
0.1 97 98 -1
0.1 96 218 -1
0.1 217 219 -1
0.1 99 100 -1
0.1 220 221 -1
0.1 101 102 -1
0.1 223 103 -1
0.1 104 105 -1
0.1 224 225 -1
0.1 222 226 -1
0.1 216 227 -1
0.1 106 107 -1
0.1 108 109 -1
0.1 229 230 -1
0.1 110 111 -1
0.1 113 114 -1
0.1 112 233 -1
0.1 115 116 -1
0.1 234 235 -1
0.1 236 117 -1
0.1 119 120 -1
0.1 118 238 -1
0.1 237 239 -1
0.1 232 240 -1
0.1 241 121 -1
0.1 242 122 -1
0.1 231 243 -1
0.1 124 125 -1
0.1 123 245 -1
0.1 244 246 -1
0.1 228 247 -1
0.1 179 248 -1
