1 0 0 1
1 0 0 1
1 0 0 2
1 0 0 3
1 0 0 3
1 0 0 3
1 0 0 3
1 0 0 3
1 0 0 3
1 0 0 3
1 0 0 3
1 0 0 2
1 0 0 2
1 0 0 2
1 0 0 2
1 0 0 2
1 0 0 2
1 0 0 2
1 0 0 2
1 0 0 2
1 0 0 3
1 0 0 3
1 0 0 4
1 0 0 4
1 0 0 4
1 0 0 4
1 0 0 4
1 0 0 4
1 0 0 4
1 0 0 1
1 0 0 1
1 0 0 4
1 0 0 4
1 0 0 4
1 0 0 1
1 0 0 1
1 0 0 1
1 0 0 1
1 0 0 1
1 0 0 5
1 0 0 1
1 0 0 6
1 0 0 7
1 0 0 7
1 0 0 7
1 0 0 7
1 0 0 7
1 0 0 7
1 0 0 7
1 0 0 7
1 0 0 7
1 0 0 8
1 0 0 8
1 0 0 8
1 0 0 8
1 0 0 8
1 0 0 8
1 0 0 8
1 0 0 8
1 0 0 8
1 0 0 8
1 0 0 7
1 0 0 9
1 0 0 9
1 0 0 9
1 0 0 9
1 0 0 9
1 0 0 9
1 0 0 9
1 0 0 10
1 0 0 10
1 0 0 10
1 0 0 10
1 0 0 10
1 0 0 10
1 0 0 10
1 0 0 10
1 0 0 10
1 0 0 11
1 0 0 11
1 0 0 11
1 0 0 11
1 0 0 11
1 0 0 11
1 0 0 11
1 0 0 11
1 0 0 11
1 0 0 11
1 0 0 10
1 0 0 12
1 0 0 12
1 0 0 13
1 0 0 12
1 0 0 12
1 0 0 12
1 0 0 12
1 0 0 12
1 0 0 12
1 0 0 12
1 0 0 14
1 0 0 14
1 0 0 13
1 0 0 13
1 0 0 13
1 0 0 13
1 0 0 13
1 0 0 13
1 0 0 13
1 0 0 13
1 0 0 12
1 0 0 13
1 0 0 14
1 0 0 14
1 0 0 14
1 0 0 14
1 0 0 14
1 0 0 14
1 0 0 14
1 0 0 14
1 0 0 15
1 0 0 15
1 0 0 15
1 0 0 15
1 0 0 15
1 0 0 15
1 0 0 15
1 0 0 15
1 0 0 15
1 0 0 15
1 0 0 9
1 0 0 16
1 0 0 16
1 0 0 16
1 0 0 16
1 0 0 16
1 0 0 16
1 0 0 16
1 0 0 9
1 0 0 16
1 0 0 16
1 0 0 16
1 0 0 9
1 0 0 6
1 0 0 6
1 0 0 6
1 0 0 6
1 0 0 6
1 0 0 6
1 0 0 17
1 0 0 17
1 0 0 5
1 0 0 5
1 0 0 5
1 0 0 5
1 0 0 5
1 0 0 5
1 0 0 5
1 0 0 17
1 0 0 17
1 0 0 18
1 0 0 18
1 0 0 18
1 0 0 18
1 0 0 18
1 0 0 18
1 0 0 18
1 0 0 18
1 0 0 18
1 0 0 18
1 0 0 17
1 0 0 17
1 0 0 17
1 0 0 17
1 0 0 17
1 0 0 17
1 0 0 19
1 0 0 20
1 0 0 20
1 0 0 20
1 0 0 20
1 0 0 20
1 0 0 20
1 0 0 20
1 0 0 20
1 0 0 20
1 0 0 20
1 0 0 19
1 0 0 19
1 0 0 19
1 0 0 19
1 0 0 19
1 0 0 19
1 0 0 19
1 0 0 19
1 0 0 19
1 0 0 5
1 0 0 5
1 0 0 6
1 0 0 6
1 0 0 6
0.1 4 5 -1
0.1 201 6 -1
0.1 7 8 -1
0.1 202 203 -1
0.1 9 10 -1
0.1 205 11 -1
0.1 204 206 -1
0.1 12 13 -1
0.1 16 17 -1
0.1 209 18 -1
0.1 15 210 -1
0.1 14 211 -1
0.1 19 20 -1
0.1 212 213 -1
0.1 21 22 -1
0.1 214 215 -1
0.1 208 216 -1
0.1 207 217 -1
0.1 3 218 -1
0.1 26 27 -1
0.1 25 220 -1
0.1 24 221 -1
0.1 23 222 -1
0.1 28 29 -1
0.1 30 31 -1
0.1 225 32 -1
0.1 224 226 -1
0.1 33 34 -1
0.1 227 228 -1
0.1 223 229 -1
0.1 219 230 -1
0.1 2 231 -1
0.1 232 35 -1
0.1 233 36 -1
0.1 37 38 -1
0.1 40 41 -1
0.1 39 236 -1
0.1 235 237 -1
0.1 234 238 -1
0.1 1 239 -1
0.1 45 46 -1
0.1 241 47 -1
0.1 44 242 -1
0.1 48 49 -1
0.1 243 244 -1
0.1 245 50 -1
0.1 55 56 -1
0.1 54 247 -1
0.1 248 57 -1
0.1 53 249 -1
0.1 250 58 -1
0.1 251 59 -1
0.1 52 252 -1
0.1 60 61 -1
0.1 253 254 -1
0.1 51 255 -1
0.1 246 256 -1
0.1 257 62 -1
0.1 43 258 -1
0.1 42 259 -1
0.1 240 260 -1
0.1 64 65 -1
0.1 63 262 -1
0.1 67 68 -1
0.1 66 264 -1
0.1 70 71 -1
0.1 72 73 -1
0.1 266 267 -1
0.1 268 74 -1
0.1 77 78 -1
0.1 76 270 -1
0.1 75 271 -1
0.1 80 81 -1
0.1 273 82 -1
0.1 84 85 -1
0.1 83 275 -1
0.1 86 87 -1
0.1 276 277 -1
0.1 274 278 -1
0.1 79 279 -1
0.1 280 88 -1
0.1 281 89 -1
0.1 272 282 -1
0.1 269 283 -1
0.1 91 92 -1
0.1 90 285 -1
0.1 284 286 -1
0.1 94 95 -1
0.1 93 288 -1
0.1 98 99 -1
0.1 97 290 -1
0.1 100 101 -1
0.1 103 104 -1
0.1 106 107 -1
0.1 294 108 -1
0.1 105 295 -1
0.1 296 109 -1
0.1 293 297 -1
0.1 102 298 -1
0.1 299 110 -1
0.1 112 113 -1
0.1 301 114 -1
0.1 302 115 -1
0.1 111 303 -1
0.1 300 304 -1
0.1 292 305 -1
0.1 291 306 -1
0.1 118 119 -1
0.1 117 308 -1
0.1 116 309 -1
0.1 307 310 -1
0.1 96 311 -1
0.1 289 312 -1
0.1 287 313 -1
0.1 314 120 -1
0.1 315 121 -1
0.1 124 125 -1
0.1 123 317 -1
0.1 122 318 -1
0.1 316 319 -1
0.1 320 126 -1
0.1 128 129 -1
0.1 127 322 -1
0.1 321 323 -1
0.1 69 324 -1
0.1 133 134 -1
0.1 326 135 -1
0.1 132 327 -1
0.1 131 328 -1
0.1 136 137 -1
0.1 329 330 -1
0.1 130 331 -1
0.1 325 332 -1
0.1 140 141 -1
0.1 139 334 -1
0.1 335 142 -1
0.1 138 336 -1
0.1 333 337 -1
0.1 265 338 -1
0.1 263 339 -1
0.1 261 340 -1
0.1 143 144 -1
0.1 145 146 -1
0.1 342 343 -1
0.1 147 148 -1
0.1 149 150 -1
0.1 345 346 -1
0.1 344 347 -1
0.1 151 152 -1
0.1 349 153 -1
0.1 154 155 -1
0.1 156 157 -1
0.1 351 352 -1
0.1 350 353 -1
0.1 348 354 -1
0.1 158 159 -1
0.1 162 163 -1
0.1 357 164 -1
0.1 166 167 -1
0.1 165 359 -1
0.1 168 169 -1
0.1 360 361 -1
0.1 358 362 -1
0.1 363 170 -1
0.1 161 364 -1
0.1 160 365 -1
0.1 171 172 -1
0.1 366 367 -1
0.1 368 173 -1
0.1 356 369 -1
0.1 178 179 -1
0.1 180 181 -1
0.1 371 372 -1
0.1 183 184 -1
0.1 182 374 -1
0.1 185 186 -1
0.1 375 376 -1
0.1 373 377 -1
0.1 177 378 -1
0.1 188 189 -1
0.1 190 191 -1
0.1 380 381 -1
0.1 193 194 -1
0.1 192 383 -1
0.1 382 384 -1
0.1 385 195 -1
0.1 187 386 -1
0.1 379 387 -1
0.1 176 388 -1
0.1 175 389 -1
0.1 174 390 -1
0.1 370 391 -1
0.1 355 392 -1
0.1 196 197 -1
0.1 393 394 -1
0.1 395 198 -1
0.1 396 199 -1
0.1 397 200 -1
0.1 341 398 -1
