1 0 0 1
1 0 0 1
1 0 0 1
1 0 0 1
1 0 0 1
1 0 0 1
1 0 0 1
1 0 0 1
1 0 0 1
1 0 0 1
1 0 0 1
1 0 0 1
1 0 0 1
1 0 0 1
1 0 0 1
1 0 0 1
1 0 0 2
1 0 0 2
1 0 0 2
1 0 0 2
1 0 0 2
1 0 0 2
1 0 0 2
1 0 0 2
1 0 0 2
1 0 0 2
1 0 0 2
1 0 0 2
1 0 0 2
1 0 0 2
1 0 0 2
1 0 0 2
1 0 0 2
1 0 0 2
1 0 0 2
1 0 0 2
1 0 0 3
1 0 0 3
1 0 0 3
1 0 0 3
1 0 0 3
1 0 0 3
1 0 0 3
1 0 0 3
1 0 0 3
1 0 0 3
1 0 0 3
1 0 0 3
1 0 0 3
1 0 0 3
1 0 0 3
1 0 0 3
1 0 0 3
1 0 0 3
1 0 0 3
1 0 0 3
1 0 0 4
1 0 0 4
1 0 0 4
1 0 0 4
1 0 0 4
1 0 0 4
1 0 0 4
1 0 0 4
1 0 0 4
1 0 0 4
1 0 0 4
1 0 0 4
1 0 0 4
1 0 0 4
1 0 0 4
1 0 0 4
1 0 0 4
1 0 0 4
1 0 0 4
1 0 0 4
1 0 0 1
1 0 0 1
1 0 0 5
1 0 0 5
1 0 0 5
1 0 0 5
1 0 0 5
1 0 0 5
1 0 0 1
1 0 0 1
1 0 0 6
1 0 0 6
1 0 0 6
1 0 0 6
1 0 0 6
1 0 0 6
1 0 0 6
1 0 0 6
1 0 0 6
1 0 0 6
1 0 0 6
1 0 0 6
1 0 0 6
1 0 0 6
1 0 0 6
1 0 0 6
1 0 0 6
1 0 0 6
1 0 0 6
1 0 0 6
1 0 0 5
1 0 0 5
1 0 0 5
1 0 0 5
1 0 0 5
1 0 0 5
1 0 0 7
1 0 0 7
1 0 0 7
1 0 0 7
1 0 0 7
1 0 0 7
1 0 0 7
1 0 0 7
1 0 0 7
1 0 0 7
1 0 0 7
1 0 0 7
1 0 0 7
1 0 0 7
1 0 0 7
1 0 0 7
1 0 0 7
1 0 0 7
1 0 0 7
1 0 0 7
1 0 0 5
1 0 0 5
1 0 0 5
1 0 0 5
1 0 0 5
1 0 0 5
1 0 0 5
1 0 0 5
0.1 2 3 -1
0.1 1 141 -1
0.1 4 5 -1
0.1 143 6 -1
0.1 7 8 -1
0.1 10 11 -1
0.1 9 146 -1
0.1 145 147 -1
0.1 144 148 -1
0.1 13 14 -1
0.1 12 150 -1
0.1 149 151 -1
0.1 15 16 -1
0.1 152 153 -1
0.1 19 20 -1
0.1 18 155 -1
0.1 17 156 -1
0.1 22 23 -1
0.1 24 25 -1
0.1 158 159 -1
0.1 21 160 -1
0.1 26 27 -1
0.1 29 30 -1
0.1 28 163 -1
0.1 162 164 -1
0.1 31 32 -1
0.1 34 35 -1
0.1 33 167 -1
0.1 166 168 -1
0.1 165 169 -1
0.1 161 170 -1
0.1 157 171 -1
0.1 172 36 -1
0.1 37 38 -1
0.1 174 39 -1
0.1 173 175 -1
0.1 43 44 -1
0.1 42 177 -1
0.1 41 178 -1
0.1 40 179 -1
0.1 46 47 -1
0.1 45 181 -1
0.1 48 49 -1
0.1 182 183 -1
0.1 180 184 -1
0.1 50 51 -1
0.1 186 52 -1
0.1 185 187 -1
0.1 176 188 -1
0.1 53 54 -1
0.1 55 56 -1
0.1 190 191 -1
0.1 189 192 -1
0.1 154 193 -1
0.1 57 58 -1
0.1 60 61 -1
0.1 59 196 -1
0.1 195 197 -1
0.1 62 63 -1
0.1 199 64 -1
0.1 65 66 -1
0.1 68 69 -1
0.1 67 202 -1
0.1 201 203 -1
0.1 72 73 -1
0.1 71 205 -1
0.1 206 74 -1
0.1 75 76 -1
0.1 207 208 -1
0.1 70 209 -1
0.1 204 210 -1
0.1 200 211 -1
0.1 198 212 -1
0.1 77 78 -1
0.1 82 83 -1
0.1 215 84 -1
0.1 81 216 -1
0.1 80 217 -1
0.1 79 218 -1
0.1 219 85 -1
0.1 214 220 -1
0.1 221 86 -1
0.1 213 222 -1
0.1 194 223 -1
0.1 142 224 -1
0.1 87 88 -1
0.1 226 89 -1
0.1 90 91 -1
0.1 227 228 -1
0.1 92 93 -1
0.1 95 96 -1
0.1 94 231 -1
0.1 97 98 -1
0.1 99 100 -1
0.1 233 234 -1
0.1 232 235 -1
0.1 230 236 -1
0.1 101 102 -1
0.1 237 238 -1
0.1 103 104 -1
0.1 105 106 -1
0.1 240 241 -1
0.1 239 242 -1
0.1 229 243 -1
0.1 108 109 -1
0.1 107 245 -1
0.1 110 111 -1
0.1 113 114 -1
0.1 115 116 -1
0.1 248 249 -1
0.1 118 119 -1
0.1 251 120 -1
0.1 117 252 -1
0.1 121 122 -1
0.1 254 123 -1
0.1 126 127 -1
0.1 125 256 -1
0.1 128 129 -1
0.1 257 258 -1
0.1 131 132 -1
0.1 130 260 -1
0.1 259 261 -1
0.1 124 262 -1
0.1 255 263 -1
0.1 253 264 -1
0.1 250 265 -1
0.1 112 266 -1
0.1 247 267 -1
0.1 246 268 -1
0.1 134 135 -1
0.1 133 270 -1
0.1 138 139 -1
0.1 137 272 -1
0.1 136 273 -1
0.1 274 140 -1
0.1 271 275 -1
0.1 269 276 -1
0.1 244 277 -1
0.1 225 278 -1
