1 0 0 1
1 0 0 2
1 0 0 2
1 0 0 2
1 0 0 2
1 0 0 2
1 0 0 2
1 0 0 2
1 0 0 3
1 0 0 3
1 0 0 3
1 0 0 3
1 0 0 3
1 0 0 3
1 0 0 3
1 0 0 3
1 0 0 3
1 0 0 3
1 0 0 3
1 0 0 3
1 0 0 3
1 0 0 3
1 0 0 3
1 0 0 3
1 0 0 3
1 0 0 3
1 0 0 3
1 0 0 3
1 0 0 2
1 0 0 2
1 0 0 2
1 0 0 2
1 0 0 2
1 0 0 2
1 0 0 2
1 0 0 2
1 0 0 2
1 0 0 2
1 0 0 2
1 0 0 2
1 0 0 2
1 0 0 1
1 0 0 1
1 0 0 1
1 0 0 1
1 0 0 1
1 0 0 1
1 0 0 1
1 0 0 1
1 0 0 1
1 0 0 1
1 0 0 1
1 0 0 1
1 0 0 1
1 0 0 1
1 0 0 1
1 0 0 1
1 0 0 4
1 0 0 4
1 0 0 4
1 0 0 4
1 0 0 4
1 0 0 4
1 0 0 4
1 0 0 4
1 0 0 4
1 0 0 4
1 0 0 4
1 0 0 4
1 0 0 4
1 0 0 4
1 0 0 4
1 0 0 4
1 0 0 4
1 0 0 4
1 0 0 4
1 0 0 4
1 0 0 1
1 0 0 1
1 0 0 1
1 0 0 5
1 0 0 5
1 0 0 5
1 0 0 5
1 0 0 5
1 0 0 5
1 0 0 5
1 0 0 6
1 0 0 6
1 0 0 6
1 0 0 6
1 0 0 6
1 0 0 6
1 0 0 6
1 0 0 6
1 0 0 6
1 0 0 6
1 0 0 6
1 0 0 6
1 0 0 6
1 0 0 6
1 0 0 6
1 0 0 6
1 0 0 6
1 0 0 6
1 0 0 6
1 0 0 6
1 0 0 5
1 0 0 5
1 0 0 5
1 0 0 5
1 0 0 5
1 0 0 5
1 0 0 5
1 0 0 5
1 0 0 5
1 0 0 5
1 0 0 5
1 0 0 5
1 0 0 5
1 0 0 7
1 0 0 7
1 0 0 7
1 0 0 7
1 0 0 7
1 0 0 7
1 0 0 7
1 0 0 7
1 0 0 7
1 0 0 7
1 0 0 7
1 0 0 7
1 0 0 7
1 0 0 7
1 0 0 7
1 0 0 7
1 0 0 7
1 0 0 7
1 0 0 7
1 0 0 7
0.1 2 3 -1
0.1 4 5 -1
0.1 141 142 -1
0.1 7 8 -1
0.1 6 144 -1
0.1 12 13 -1
0.1 11 146 -1
0.1 10 147 -1
0.1 14 15 -1
0.1 16 17 -1
0.1 149 150 -1
0.1 151 18 -1
0.1 20 21 -1
0.1 19 153 -1
0.1 22 23 -1
0.1 154 155 -1
0.1 24 25 -1
0.1 27 28 -1
0.1 26 158 -1
0.1 157 159 -1
0.1 156 160 -1
0.1 152 161 -1
0.1 148 162 -1
0.1 9 163 -1
0.1 145 164 -1
0.1 30 31 -1
0.1 29 166 -1
0.1 32 33 -1
0.1 35 36 -1
0.1 34 169 -1
0.1 168 170 -1
0.1 39 40 -1
0.1 172 41 -1
0.1 38 173 -1
0.1 37 174 -1
0.1 171 175 -1
0.1 167 176 -1
0.1 165 177 -1
0.1 143 178 -1
0.1 42 43 -1
0.1 44 45 -1
0.1 47 48 -1
0.1 46 182 -1
0.1 183 49 -1
0.1 50 51 -1
0.1 52 53 -1
0.1 186 54 -1
0.1 185 187 -1
0.1 184 188 -1
0.1 181 189 -1
0.1 180 190 -1
0.1 179 191 -1
0.1 55 56 -1
0.1 193 57 -1
0.1 192 194 -1
0.1 59 60 -1
0.1 58 196 -1
0.1 62 63 -1
0.1 64 65 -1
0.1 198 199 -1
0.1 61 200 -1
0.1 197 201 -1
0.1 202 66 -1
0.1 68 69 -1
0.1 67 204 -1
0.1 205 70 -1
0.1 71 72 -1
0.1 206 207 -1
0.1 203 208 -1
0.1 74 75 -1
0.1 73 210 -1
0.1 76 77 -1
0.1 211 212 -1
0.1 209 213 -1
0.1 195 214 -1
0.1 215 78 -1
0.1 79 80 -1
0.1 216 217 -1
0.1 1 218 -1
0.1 85 86 -1
0.1 84 220 -1
0.1 83 221 -1
0.1 82 222 -1
0.1 81 223 -1
0.1 219 224 -1
0.1 88 89 -1
0.1 90 91 -1
0.1 226 227 -1
0.1 93 94 -1
0.1 92 229 -1
0.1 96 97 -1
0.1 95 231 -1
0.1 98 99 -1
0.1 101 102 -1
0.1 100 234 -1
0.1 233 235 -1
0.1 236 103 -1
0.1 232 237 -1
0.1 230 238 -1
0.1 106 107 -1
0.1 105 240 -1
0.1 104 241 -1
0.1 239 242 -1
0.1 228 243 -1
0.1 87 244 -1
0.1 108 109 -1
0.1 245 246 -1
0.1 111 112 -1
0.1 110 248 -1
0.1 247 249 -1
0.1 113 114 -1
0.1 116 117 -1
0.1 115 252 -1
0.1 251 253 -1
0.1 118 119 -1
0.1 255 120 -1
0.1 254 256 -1
0.1 250 257 -1
0.1 121 122 -1
0.1 123 124 -1
0.1 259 260 -1
0.1 126 127 -1
0.1 125 262 -1
0.1 128 129 -1
0.1 130 131 -1
0.1 264 265 -1
0.1 263 266 -1
0.1 132 133 -1
0.1 267 268 -1
0.1 134 135 -1
0.1 269 270 -1
0.1 261 271 -1
0.1 136 137 -1
0.1 139 140 -1
0.1 138 274 -1
0.1 273 275 -1
0.1 272 276 -1
0.1 258 277 -1
0.1 225 278 -1
