1 0 0 1
1 0 0 1
1 0 0 1
1 0 0 1
1 0 0 2
1 0 0 2
1 0 0 3
1 0 0 2
1 0 0 2
1 0 0 2
1 0 0 2
1 0 0 2
1 0 0 2
1 0 0 2
1 0 0 2
1 0 0 4
1 0 0 4
1 0 0 4
1 0 0 4
1 0 0 4
1 0 0 4
1 0 0 4
1 0 0 5
1 0 0 3
1 0 0 5
1 0 0 5
1 0 0 5
1 0 0 5
1 0 0 5
1 0 0 5
1 0 0 5
1 0 0 5
1 0 0 5
1 0 0 3
1 0 0 6
1 0 0 6
1 0 0 6
1 0 0 6
1 0 0 7
1 0 0 7
1 0 0 7
1 0 0 7
1 0 0 7
1 0 0 7
1 0 0 7
1 0 0 7
1 0 0 7
1 0 0 3
1 0 0 1
1 0 0 1
1 0 0 1
1 0 0 1
1 0 0 3
1 0 0 3
1 0 0 3
1 0 0 3
1 0 0 3
1 0 0 3
1 0 0 8
1 0 0 8
1 0 0 8
1 0 0 8
1 0 0 8
1 0 0 8
1 0 0 8
1 0 0 8
1 0 0 8
1 0 0 8
1 0 0 6
1 0 0 6
1 0 0 6
1 0 0 6
1 0 0 4
1 0 0 1
1 0 0 1
1 0 0 6
1 0 0 4
1 0 0 4
1 0 0 6
1 0 0 7
0.1 3 4 -1
0.1 2 81 -1
0.1 1 82 -1
0.1 5 6 -1
0.1 84 7 -1
0.1 9 10 -1
0.1 8 86 -1
0.1 11 12 -1
0.1 88 13 -1
0.1 14 15 -1
0.1 89 90 -1
0.1 87 91 -1
0.1 85 92 -1
0.1 83 93 -1
0.1 17 18 -1
0.1 16 95 -1
0.1 20 21 -1
0.1 19 97 -1
0.1 96 98 -1
0.1 99 22 -1
0.1 94 100 -1
0.1 26 27 -1
0.1 30 31 -1
0.1 103 32 -1
0.1 29 104 -1
0.1 28 105 -1
0.1 102 106 -1
0.1 107 33 -1
0.1 25 108 -1
0.1 24 109 -1
0.1 23 110 -1
0.1 111 34 -1
0.1 112 35 -1
0.1 113 36 -1
0.1 101 114 -1
0.1 42 43 -1
0.1 41 116 -1
0.1 40 117 -1
0.1 118 44 -1
0.1 39 119 -1
0.1 38 120 -1
0.1 37 121 -1
0.1 122 45 -1
0.1 46 47 -1
0.1 124 48 -1
0.1 50 51 -1
0.1 126 52 -1
0.1 49 127 -1
0.1 128 53 -1
0.1 125 129 -1
0.1 56 57 -1
0.1 55 131 -1
0.1 132 58 -1
0.1 54 133 -1
0.1 130 134 -1
0.1 60 61 -1
0.1 136 62 -1
0.1 64 65 -1
0.1 63 138 -1
0.1 139 66 -1
0.1 137 140 -1
0.1 59 141 -1
0.1 142 67 -1
0.1 135 143 -1
0.1 144 68 -1
0.1 71 72 -1
0.1 70 146 -1
0.1 74 75 -1
0.1 148 76 -1
0.1 77 78 -1
0.1 149 150 -1
0.1 73 151 -1
0.1 147 152 -1
0.1 69 153 -1
0.1 79 80 -1
0.1 154 155 -1
0.1 145 156 -1
0.1 123 157 -1
0.1 115 158 -1
