1 0 0 1
1 0 0 2
1 0 0 3
1 0 0 3
1 0 0 2
1 0 0 2
1 0 0 2
1 0 0 2
1 0 0 2
1 0 0 1
1 0 0 4
1 0 0 5
1 0 0 5
1 0 0 2
1 0 0 5
1 0 0 5
1 0 0 5
1 0 0 5
1 0 0 5
1 0 0 5
1 0 0 5
1 0 0 5
1 0 0 3
1 0 0 3
1 0 0 3
1 0 0 3
1 0 0 3
1 0 0 3
1 0 0 3
1 0 0 3
1 0 0 1
1 0 0 2
1 0 0 1
1 0 0 1
1 0 0 1
1 0 0 6
1 0 0 7
1 0 0 7
1 0 0 7
1 0 0 7
1 0 0 7
1 0 0 7
1 0 0 6
1 0 0 6
1 0 0 6
1 0 0 6
1 0 0 6
1 0 0 6
1 0 0 6
1 0 0 6
1 0 0 7
1 0 0 6
1 0 0 4
1 0 0 4
1 0 0 4
1 0 0 4
1 0 0 4
1 0 0 7
1 0 0 7
1 0 0 7
1 0 0 4
1 0 0 4
1 0 0 4
1 0 0 4
1 0 0 1
1 0 0 1
1 0 0 1
1 0 0 8
1 0 0 8
1 0 0 8
1 0 0 8
1 0 0 8
1 0 0 8
1 0 0 8
1 0 0 8
1 0 0 8
1 0 0 8
1 0 0 2
1 0 0 2
1 0 0 1
0.1 3 4 -1
0.1 2 81 -1
0.1 6 7 -1
0.1 5 83 -1
0.1 84 8 -1
0.1 82 85 -1
0.1 86 9 -1
0.1 1 87 -1
0.1 12 13 -1
0.1 15 16 -1
0.1 90 17 -1
0.1 18 19 -1
0.1 92 20 -1
0.1 93 21 -1
0.1 91 94 -1
0.1 95 22 -1
0.1 14 96 -1
0.1 89 97 -1
0.1 11 98 -1
0.1 25 26 -1
0.1 24 100 -1
0.1 23 101 -1
0.1 29 30 -1
0.1 28 103 -1
0.1 27 104 -1
0.1 102 105 -1
0.1 99 106 -1
0.1 107 31 -1
0.1 10 108 -1
0.1 88 109 -1
0.1 32 33 -1
0.1 36 37 -1
0.1 112 38 -1
0.1 40 41 -1
0.1 39 114 -1
0.1 115 42 -1
0.1 113 116 -1
0.1 44 45 -1
0.1 46 47 -1
0.1 119 48 -1
0.1 120 49 -1
0.1 118 121 -1
0.1 122 50 -1
0.1 123 51 -1
0.1 43 124 -1
0.1 53 54 -1
0.1 52 126 -1
0.1 125 127 -1
0.1 117 128 -1
0.1 56 57 -1
0.1 55 130 -1
0.1 59 60 -1
0.1 58 132 -1
0.1 133 61 -1
0.1 131 134 -1
0.1 129 135 -1
0.1 63 64 -1
0.1 62 137 -1
0.1 136 138 -1
0.1 65 66 -1
0.1 139 140 -1
0.1 141 67 -1
0.1 35 142 -1
0.1 69 70 -1
0.1 144 71 -1
0.1 68 145 -1
0.1 146 72 -1
0.1 73 74 -1
0.1 147 148 -1
0.1 149 75 -1
0.1 76 77 -1
0.1 150 151 -1
0.1 152 78 -1
0.1 153 79 -1
0.1 154 80 -1
0.1 143 155 -1
0.1 34 156 -1
0.1 111 157 -1
0.1 110 158 -1
