1 0 0 1
1 0 0 2
1 0 0 2
1 0 0 2
1 0 0 2
1 0 0 1
1 0 0 1
1 0 0 1
1 0 0 1
1 0 0 3
1 0 0 3
1 0 0 3
1 0 0 3
1 0 0 4
1 0 0 4
1 0 0 4
1 0 0 4
1 0 0 4
1 0 0 4
1 0 0 3
1 0 0 5
1 0 0 3
1 0 0 3
1 0 0 3
1 0 0 3
1 0 0 3
1 0 0 6
1 0 0 6
1 0 0 6
1 0 0 6
1 0 0 6
1 0 0 6
1 0 0 6
1 0 0 4
1 0 0 4
1 0 0 4
1 0 0 4
1 0 0 6
1 0 0 6
1 0 0 6
1 0 0 1
1 0 0 1
1 0 0 1
1 0 0 1
1 0 0 7
1 0 0 7
1 0 0 7
1 0 0 7
1 0 0 7
1 0 0 7
1 0 0 5
1 0 0 5
1 0 0 5
1 0 0 5
1 0 0 5
1 0 0 5
1 0 0 5
1 0 0 5
1 0 0 5
1 0 0 2
1 0 0 2
1 0 0 2
1 0 0 2
1 0 0 7
1 0 0 7
1 0 0 2
1 0 0 2
1 0 0 8
1 0 0 8
1 0 0 8
1 0 0 8
1 0 0 7
1 0 0 8
1 0 0 7
1 0 0 8
1 0 0 8
1 0 0 8
1 0 0 8
1 0 0 8
1 0 0 1
0.1 3 4 -1
0.1 2 81 -1
0.1 82 5 -1
0.1 83 6 -1
0.1 8 9 -1
0.1 7 85 -1
0.1 84 86 -1
0.1 1 87 -1
0.1 12 13 -1
0.1 11 89 -1
0.1 10 90 -1
0.1 17 18 -1
0.1 92 19 -1
0.1 16 93 -1
0.1 15 94 -1
0.1 95 20 -1
0.1 14 96 -1
0.1 21 22 -1
0.1 97 98 -1
0.1 23 24 -1
0.1 25 26 -1
0.1 100 101 -1
0.1 27 28 -1
0.1 103 29 -1
0.1 30 31 -1
0.1 105 32 -1
0.1 104 106 -1
0.1 35 36 -1
0.1 108 37 -1
0.1 34 109 -1
0.1 110 38 -1
0.1 39 40 -1
0.1 111 112 -1
0.1 33 113 -1
0.1 107 114 -1
0.1 102 115 -1
0.1 99 116 -1
0.1 91 117 -1
0.1 118 41 -1
0.1 119 42 -1
0.1 120 43 -1
0.1 121 44 -1
0.1 88 122 -1
0.1 53 54 -1
0.1 52 124 -1
0.1 56 57 -1
0.1 55 126 -1
0.1 125 127 -1
0.1 51 128 -1
0.1 50 129 -1
0.1 58 59 -1
0.1 130 131 -1
0.1 60 61 -1
0.1 62 63 -1
0.1 133 134 -1
0.1 132 135 -1
0.1 136 64 -1
0.1 49 137 -1
0.1 48 138 -1
0.1 47 139 -1
0.1 46 140 -1
0.1 45 141 -1
0.1 142 65 -1
0.1 66 67 -1
0.1 143 144 -1
0.1 70 71 -1
0.1 69 146 -1
0.1 68 147 -1
0.1 72 73 -1
0.1 149 74 -1
0.1 150 75 -1
0.1 76 77 -1
0.1 78 79 -1
0.1 152 153 -1
0.1 151 154 -1
0.1 148 155 -1
0.1 156 80 -1
0.1 145 157 -1
0.1 123 158 -1
