1 0 0 1
1 0 0 1
1 0 0 1
1 0 0 1
1 0 0 1
1 0 0 1
1 0 0 1
1 0 0 1
1 0 0 1
1 0 0 2
1 0 0 2
1 0 0 2
1 0 0 2
1 0 0 2
1 0 0 2
1 0 0 2
1 0 0 2
1 0 0 2
1 0 0 2
1 0 0 1
1 0 0 3
1 0 0 3
1 0 0 3
1 0 0 3
1 0 0 3
1 0 0 3
1 0 0 3
1 0 0 3
1 0 0 3
1 0 0 3
1 0 0 4
1 0 0 4
1 0 0 4
1 0 0 4
1 0 0 4
1 0 0 4
1 0 0 4
1 0 0 5
1 0 0 5
1 0 0 5
1 0 0 5
1 0 0 5
1 0 0 5
1 0 0 5
1 0 0 5
1 0 0 5
1 0 0 5
1 0 0 6
1 0 0 6
1 0 0 6
1 0 0 6
1 0 0 6
1 0 0 6
1 0 0 6
1 0 0 6
1 0 0 6
1 0 0 6
1 0 0 7
1 0 0 7
1 0 0 7
1 0 0 7
1 0 0 7
1 0 0 7
1 0 0 7
1 0 0 7
1 0 0 7
1 0 0 7
1 0 0 4
1 0 0 8
1 0 0 8
1 0 0 8
1 0 0 8
1 0 0 8
1 0 0 8
1 0 0 8
1 0 0 8
1 0 0 8
1 0 0 8
1 0 0 4
1 0 0 4
1 0 0 9
1 0 0 9
1 0 0 9
1 0 0 9
1 0 0 9
1 0 0 9
1 0 0 9
1 0 0 9
1 0 0 9
1 0 0 9
1 0 0 10
1 0 0 10
1 0 0 10
1 0 0 10
1 0 0 10
1 0 0 10
1 0 0 10
1 0 0 10
1 0 0 10
1 0 0 10
0.1 2 3 -1
0.1 1 101 -1
0.1 7 8 -1
0.1 103 9 -1
0.1 6 104 -1
0.1 5 105 -1
0.1 13 14 -1
0.1 12 107 -1
0.1 15 16 -1
0.1 17 18 -1
0.1 109 110 -1
0.1 111 19 -1
0.1 108 112 -1
0.1 11 113 -1
0.1 10 114 -1
0.1 115 20 -1
0.1 106 116 -1
0.1 4 117 -1
0.1 102 118 -1
0.1 21 22 -1
0.1 25 26 -1
0.1 24 121 -1
0.1 23 122 -1
0.1 27 28 -1
0.1 124 29 -1
0.1 123 125 -1
0.1 126 30 -1
0.1 120 127 -1
0.1 31 32 -1
0.1 129 33 -1
0.1 128 130 -1
0.1 34 35 -1
0.1 131 132 -1
0.1 119 133 -1
0.1 36 37 -1
0.1 134 135 -1
0.1 39 40 -1
0.1 137 41 -1
0.1 42 43 -1
0.1 139 44 -1
0.1 138 140 -1
0.1 45 46 -1
0.1 142 47 -1
0.1 141 143 -1
0.1 38 144 -1
0.1 50 51 -1
0.1 49 146 -1
0.1 48 147 -1
0.1 52 53 -1
0.1 54 55 -1
0.1 56 57 -1
0.1 150 151 -1
0.1 149 152 -1
0.1 148 153 -1
0.1 145 154 -1
0.1 61 62 -1
0.1 60 156 -1
0.1 59 157 -1
0.1 58 158 -1
0.1 64 65 -1
0.1 63 160 -1
0.1 66 67 -1
0.1 161 162 -1
0.1 159 163 -1
0.1 70 71 -1
0.1 69 165 -1
0.1 73 74 -1
0.1 72 167 -1
0.1 77 78 -1
0.1 76 169 -1
0.1 75 170 -1
0.1 168 171 -1
0.1 166 172 -1
0.1 68 173 -1
0.1 79 80 -1
0.1 174 175 -1
0.1 164 176 -1
0.1 155 177 -1
0.1 136 178 -1
0.1 83 84 -1
0.1 82 180 -1
0.1 86 87 -1
0.1 85 182 -1
0.1 183 88 -1
0.1 89 90 -1
0.1 184 185 -1
0.1 181 186 -1
0.1 81 187 -1
0.1 94 95 -1
0.1 93 189 -1
0.1 92 190 -1
0.1 91 191 -1
0.1 97 98 -1
0.1 96 193 -1
0.1 192 194 -1
0.1 99 100 -1
0.1 195 196 -1
0.1 188 197 -1
0.1 179 198 -1
