1 0 0 1
1 0 0 1
1 0 0 1
1 0 0 2
1 0 0 3
1 0 0 3
1 0 0 3
1 0 0 3
1 0 0 3
1 0 0 3
1 0 0 3
1 0 0 3
1 0 0 3
1 0 0 3
1 0 0 2
1 0 0 2
1 0 0 2
1 0 0 2
1 0 0 2
1 0 0 2
1 0 0 2
1 0 0 2
1 0 0 2
1 0 0 4
1 0 0 4
1 0 0 4
1 0 0 4
1 0 0 4
1 0 0 4
1 0 0 4
1 0 0 4
1 0 0 4
1 0 0 4
1 0 0 1
1 0 0 1
1 0 0 1
1 0 0 1
1 0 0 5
1 0 0 5
1 0 0 5
1 0 0 5
1 0 0 5
1 0 0 5
1 0 0 5
1 0 0 5
1 0 0 5
1 0 0 5
1 0 0 1
1 0 0 1
1 0 0 6
1 0 0 6
1 0 0 6
1 0 0 6
1 0 0 6
1 0 0 6
1 0 0 6
1 0 0 6
1 0 0 6
1 0 0 6
1 0 0 1
1 0 0 7
1 0 0 7
1 0 0 7
1 0 0 7
1 0 0 7
1 0 0 7
1 0 0 7
1 0 0 7
1 0 0 7
1 0 0 7
1 0 0 8
1 0 0 8
1 0 0 8
1 0 0 8
1 0 0 8
1 0 0 8
1 0 0 8
1 0 0 8
1 0 0 8
1 0 0 8
1 0 0 9
1 0 0 9
1 0 0 9
1 0 0 9
1 0 0 9
1 0 0 9
1 0 0 9
1 0 0 9
1 0 0 9
1 0 0 9
1 0 0 10
1 0 0 10
1 0 0 10
1 0 0 10
1 0 0 10
1 0 0 10
1 0 0 10
1 0 0 10
1 0 0 10
1 0 0 10
0.1 2 3 -1
0.1 8 9 -1
0.1 7 102 -1
0.1 13 14 -1
0.1 12 104 -1
0.1 11 105 -1
0.1 10 106 -1
0.1 103 107 -1
0.1 6 108 -1
0.1 5 109 -1
0.1 16 17 -1
0.1 111 18 -1
0.1 15 112 -1
0.1 113 19 -1
0.1 114 20 -1
0.1 110 115 -1
0.1 4 116 -1
0.1 22 23 -1
0.1 21 118 -1
0.1 117 119 -1
0.1 24 25 -1
0.1 121 26 -1
0.1 28 29 -1
0.1 27 123 -1
0.1 124 30 -1
0.1 31 32 -1
0.1 126 33 -1
0.1 125 127 -1
0.1 122 128 -1
0.1 34 35 -1
0.1 130 36 -1
0.1 129 131 -1
0.1 120 132 -1
0.1 101 133 -1
0.1 134 37 -1
0.1 1 135 -1
0.1 40 41 -1
0.1 39 137 -1
0.1 43 44 -1
0.1 42 139 -1
0.1 138 140 -1
0.1 141 45 -1
0.1 142 46 -1
0.1 143 47 -1
0.1 38 144 -1
0.1 50 51 -1
0.1 146 52 -1
0.1 54 55 -1
0.1 148 56 -1
0.1 53 149 -1
0.1 58 59 -1
0.1 57 151 -1
0.1 150 152 -1
0.1 147 153 -1
0.1 49 154 -1
0.1 155 60 -1
0.1 48 156 -1
0.1 145 157 -1
0.1 63 64 -1
0.1 62 159 -1
0.1 65 66 -1
0.1 161 67 -1
0.1 160 162 -1
0.1 68 69 -1
0.1 164 70 -1
0.1 163 165 -1
0.1 61 166 -1
0.1 71 72 -1
0.1 73 74 -1
0.1 75 76 -1
0.1 169 170 -1
0.1 168 171 -1
0.1 78 79 -1
0.1 173 80 -1
0.1 77 174 -1
0.1 172 175 -1
0.1 167 176 -1
0.1 158 177 -1
0.1 136 178 -1
0.1 81 82 -1
0.1 85 86 -1
0.1 84 181 -1
0.1 87 88 -1
0.1 183 89 -1
0.1 184 90 -1
0.1 182 185 -1
0.1 83 186 -1
0.1 180 187 -1
0.1 91 92 -1
0.1 94 95 -1
0.1 93 190 -1
0.1 191 96 -1
0.1 189 192 -1
0.1 98 99 -1
0.1 97 194 -1
0.1 193 195 -1
0.1 196 100 -1
0.1 188 197 -1
0.1 179 198 -1
