1 0 0 1
1 0 0 1
1 0 0 1
1 0 0 1
1 0 0 1
1 0 0 1
1 0 0 1
1 0 0 1
1 0 0 1
1 0 0 2
1 0 0 2
1 0 0 2
1 0 0 2
1 0 0 2
1 0 0 2
1 0 0 2
1 0 0 2
1 0 0 2
1 0 0 2
1 0 0 2
1 0 0 3
1 0 0 3
1 0 0 3
1 0 0 3
1 0 0 3
1 0 0 3
1 0 0 3
1 0 0 3
1 0 0 3
1 0 0 3
1 0 0 3
1 0 0 3
1 0 0 3
1 0 0 3
1 0 0 3
1 0 0 3
1 0 0 3
1 0 0 3
1 0 0 3
1 0 0 3
1 0 0 2
1 0 0 2
1 0 0 2
1 0 0 2
1 0 0 2
1 0 0 2
1 0 0 2
1 0 0 2
1 0 0 2
1 0 0 4
1 0 0 4
1 0 0 4
1 0 0 4
1 0 0 4
1 0 0 4
1 0 0 4
1 0 0 4
1 0 0 4
1 0 0 4
1 0 0 5
1 0 0 5
1 0 0 5
1 0 0 5
1 0 0 5
1 0 0 5
1 0 0 5
1 0 0 5
1 0 0 5
1 0 0 5
1 0 0 5
1 0 0 5
1 0 0 5
1 0 0 5
1 0 0 5
1 0 0 5
1 0 0 5
1 0 0 5
1 0 0 5
1 0 0 5
1 0 0 4
1 0 0 4
1 0 0 6
1 0 0 6
1 0 0 6
1 0 0 6
1 0 0 6
1 0 0 6
1 0 0 6
1 0 0 6
1 0 0 6
1 0 0 6
1 0 0 6
1 0 0 6
1 0 0 6
1 0 0 6
1 0 0 6
1 0 0 6
1 0 0 6
1 0 0 6
1 0 0 6
1 0 0 6
1 0 0 4
1 0 0 4
1 0 0 4
1 0 0 4
1 0 0 4
1 0 0 4
1 0 0 4
1 0 0 4
1 0 0 1
1 0 0 1
1 0 0 7
1 0 0 7
1 0 0 7
1 0 0 7
1 0 0 8
1 0 0 8
1 0 0 8
1 0 0 8
1 0 0 8
1 0 0 8
1 0 0 8
1 0 0 8
1 0 0 8
1 0 0 8
1 0 0 8
1 0 0 8
1 0 0 8
1 0 0 8
1 0 0 8
1 0 0 8
1 0 0 8
1 0 0 8
1 0 0 8
1 0 0 8
1 0 0 7
1 0 0 9
1 0 0 9
1 0 0 9
1 0 0 9
1 0 0 9
1 0 0 9
1 0 0 9
1 0 0 9
1 0 0 9
1 0 0 9
1 0 0 9
1 0 0 9
1 0 0 9
1 0 0 9
1 0 0 9
1 0 0 9
1 0 0 9
1 0 0 9
1 0 0 9
1 0 0 9
1 0 0 7
1 0 0 7
1 0 0 7
1 0 0 7
1 0 0 7
1 0 0 7
1 0 0 7
1 0 0 7
1 0 0 7
1 0 0 10
1 0 0 10
1 0 0 10
1 0 0 10
1 0 0 10
1 0 0 10
1 0 0 10
1 0 0 10
1 0 0 10
1 0 0 10
1 0 0 10
1 0 0 10
1 0 0 10
1 0 0 10
1 0 0 10
1 0 0 10
1 0 0 10
1 0 0 10
1 0 0 10
1 0 0 10
1 0 0 11
1 0 0 11
1 0 0 11
1 0 0 11
1 0 0 11
1 0 0 11
1 0 0 11
1 0 0 11
1 0 0 11
1 0 0 11
1 0 0 11
1 0 0 11
1 0 0 11
1 0 0 11
1 0 0 11
1 0 0 11
1 0 0 11
1 0 0 11
1 0 0 11
1 0 0 11
1 0 0 7
1 0 0 7
1 0 0 7
1 0 0 7
1 0 0 7
1 0 0 12
1 0 0 12
1 0 0 12
1 0 0 12
1 0 0 12
1 0 0 12
1 0 0 12
1 0 0 12
1 0 0 12
1 0 0 12
1 0 0 12
1 0 0 12
1 0 0 12
1 0 0 12
1 0 0 12
1 0 0 12
1 0 0 12
1 0 0 12
1 0 0 12
1 0 0 12
1 0 0 7
1 0 0 1
1 0 0 1
1 0 0 1
1 0 0 1
1 0 0 1
1 0 0 1
1 0 0 1
1 0 0 1
1 0 0 1
1 0 0 13
1 0 0 13
1 0 0 13
1 0 0 13
1 0 0 13
1 0 0 13
1 0 0 13
1 0 0 13
1 0 0 13
1 0 0 13
1 0 0 13
1 0 0 14
1 0 0 14
1 0 0 14
1 0 0 15
1 0 0 15
1 0 0 15
1 0 0 15
1 0 0 15
1 0 0 15
1 0 0 15
1 0 0 15
1 0 0 15
1 0 0 15
1 0 0 15
1 0 0 15
1 0 0 15
1 0 0 15
1 0 0 15
1 0 0 15
1 0 0 15
1 0 0 15
1 0 0 15
1 0 0 15
1 0 0 16
1 0 0 16
1 0 0 16
1 0 0 16
1 0 0 16
1 0 0 16
1 0 0 16
1 0 0 16
1 0 0 16
1 0 0 16
1 0 0 16
1 0 0 16
1 0 0 16
1 0 0 16
1 0 0 16
1 0 0 16
1 0 0 16
1 0 0 16
1 0 0 16
1 0 0 16
1 0 0 17
1 0 0 17
1 0 0 17
1 0 0 17
1 0 0 17
1 0 0 17
1 0 0 17
1 0 0 17
1 0 0 17
1 0 0 17
1 0 0 17
1 0 0 17
1 0 0 17
1 0 0 17
1 0 0 17
1 0 0 17
1 0 0 17
1 0 0 17
1 0 0 17
1 0 0 17
1 0 0 14
1 0 0 14
1 0 0 14
1 0 0 14
1 0 0 14
1 0 0 14
1 0 0 14
1 0 0 14
1 0 0 14
1 0 0 13
1 0 0 13
1 0 0 13
1 0 0 13
1 0 0 13
1 0 0 13
1 0 0 13
1 0 0 13
1 0 0 13
1 0 0 14
1 0 0 14
1 0 0 14
1 0 0 14
1 0 0 14
1 0 0 14
1 0 0 14
1 0 0 14
1 0 0 18
1 0 0 18
1 0 0 18
1 0 0 18
1 0 0 18
1 0 0 18
1 0 0 18
1 0 0 18
1 0 0 18
1 0 0 18
1 0 0 18
1 0 0 18
1 0 0 18
1 0 0 18
1 0 0 18
1 0 0 18
1 0 0 18
1 0 0 18
1 0 0 18
1 0 0 18
0.1 1 2 -1
0.1 4 5 -1
0.1 3 362 -1
0.1 6 7 -1
0.1 363 364 -1
0.1 8 9 -1
0.1 11 12 -1
0.1 14 15 -1
0.1 13 368 -1
0.1 367 369 -1
0.1 18 19 -1
0.1 371 20 -1
0.1 17 372 -1
0.1 21 22 -1
0.1 374 23 -1
0.1 375 24 -1
0.1 26 27 -1
0.1 25 377 -1
0.1 29 30 -1
0.1 28 379 -1
0.1 380 31 -1
0.1 34 35 -1
0.1 33 382 -1
0.1 32 383 -1
0.1 381 384 -1
0.1 378 385 -1
0.1 386 36 -1
0.1 39 40 -1
0.1 38 388 -1
0.1 37 389 -1
0.1 387 390 -1
0.1 376 391 -1
0.1 373 392 -1
0.1 16 393 -1
0.1 370 394 -1
0.1 10 395 -1
0.1 396 41 -1
0.1 42 43 -1
0.1 45 46 -1
0.1 44 399 -1
0.1 398 400 -1
0.1 47 48 -1
0.1 402 49 -1
0.1 401 403 -1
0.1 397 404 -1
0.1 52 53 -1
0.1 51 406 -1
0.1 54 55 -1
0.1 408 56 -1
0.1 407 409 -1
0.1 57 58 -1
0.1 411 59 -1
0.1 410 412 -1
0.1 50 413 -1
0.1 60 61 -1
0.1 63 64 -1
0.1 62 416 -1
0.1 415 417 -1
0.1 66 67 -1
0.1 65 419 -1
0.1 420 68 -1
0.1 69 70 -1
0.1 421 422 -1
0.1 418 423 -1
0.1 72 73 -1
0.1 74 75 -1
0.1 78 79 -1
0.1 77 427 -1
0.1 76 428 -1
0.1 426 429 -1
0.1 425 430 -1
0.1 71 431 -1
0.1 424 432 -1
0.1 80 81 -1
0.1 82 83 -1
0.1 85 86 -1
0.1 84 436 -1
0.1 87 88 -1
0.1 437 438 -1
0.1 90 91 -1
0.1 92 93 -1
0.1 440 441 -1
0.1 89 442 -1
0.1 95 96 -1
0.1 94 444 -1
0.1 443 445 -1
0.1 97 98 -1
0.1 99 100 -1
0.1 447 448 -1
0.1 449 101 -1
0.1 446 450 -1
0.1 439 451 -1
0.1 435 452 -1
0.1 104 105 -1
0.1 103 454 -1
0.1 455 106 -1
0.1 102 456 -1
0.1 107 108 -1
0.1 458 109 -1
0.1 457 459 -1
0.1 453 460 -1
0.1 434 461 -1
0.1 433 462 -1
0.1 414 463 -1
0.1 405 464 -1
0.1 366 465 -1
0.1 365 466 -1
0.1 361 467 -1
0.1 110 111 -1
0.1 113 114 -1
0.1 470 115 -1
0.1 112 471 -1
0.1 116 117 -1
0.1 119 120 -1
0.1 121 122 -1
0.1 474 475 -1
0.1 118 476 -1
0.1 477 123 -1
0.1 478 124 -1
0.1 125 126 -1
0.1 128 129 -1
0.1 481 130 -1
0.1 127 482 -1
0.1 132 133 -1
0.1 134 135 -1
0.1 484 485 -1
0.1 131 486 -1
0.1 483 487 -1
0.1 480 488 -1
0.1 479 489 -1
0.1 473 490 -1
0.1 137 138 -1
0.1 139 140 -1
0.1 492 493 -1
0.1 142 143 -1
0.1 141 495 -1
0.1 496 144 -1
0.1 146 147 -1
0.1 145 498 -1
0.1 148 149 -1
0.1 499 500 -1
0.1 497 501 -1
0.1 494 502 -1
0.1 150 151 -1
0.1 504 152 -1
0.1 505 153 -1
0.1 155 156 -1
0.1 154 507 -1
0.1 506 508 -1
0.1 503 509 -1
0.1 136 510 -1
0.1 491 511 -1
0.1 159 160 -1
0.1 158 513 -1
0.1 157 514 -1
0.1 512 515 -1
0.1 472 516 -1
0.1 163 164 -1
0.1 518 165 -1
0.1 162 519 -1
0.1 166 167 -1
0.1 168 169 -1
0.1 521 522 -1
0.1 171 172 -1
0.1 170 524 -1
0.1 173 174 -1
0.1 526 175 -1
0.1 525 527 -1
0.1 176 177 -1
0.1 528 529 -1
0.1 523 530 -1
0.1 179 180 -1
0.1 178 532 -1
0.1 181 182 -1
0.1 184 185 -1
0.1 183 535 -1
0.1 534 536 -1
0.1 533 537 -1
0.1 531 538 -1
0.1 186 187 -1
0.1 188 189 -1
0.1 190 191 -1
0.1 541 542 -1
0.1 193 194 -1
0.1 196 197 -1
0.1 195 545 -1
0.1 544 546 -1
0.1 192 547 -1
0.1 543 548 -1
0.1 198 199 -1
0.1 200 201 -1
0.1 550 551 -1
0.1 202 203 -1
0.1 553 204 -1
0.1 552 554 -1
0.1 549 555 -1
0.1 540 556 -1
0.1 557 205 -1
0.1 539 558 -1
0.1 207 208 -1
0.1 206 560 -1
0.1 559 561 -1
0.1 209 210 -1
0.1 562 563 -1
0.1 211 212 -1
0.1 214 215 -1
0.1 213 566 -1
0.1 217 218 -1
0.1 568 219 -1
0.1 216 569 -1
0.1 567 570 -1
0.1 222 223 -1
0.1 572 224 -1
0.1 225 226 -1
0.1 227 228 -1
0.1 575 229 -1
0.1 574 576 -1
0.1 577 230 -1
0.1 573 578 -1
0.1 221 579 -1
0.1 220 580 -1
0.1 571 581 -1
0.1 565 582 -1
0.1 564 583 -1
0.1 584 231 -1
0.1 520 585 -1
0.1 161 586 -1
0.1 517 587 -1
0.1 232 233 -1
0.1 589 234 -1
0.1 235 236 -1
0.1 237 238 -1
0.1 591 592 -1
0.1 590 593 -1
0.1 588 594 -1
0.1 469 595 -1
0.1 468 596 -1
0.1 239 240 -1
0.1 245 246 -1
0.1 248 249 -1
0.1 600 250 -1
0.1 247 601 -1
0.1 602 251 -1
0.1 252 253 -1
0.1 255 256 -1
0.1 259 260 -1
0.1 258 606 -1
0.1 261 262 -1
0.1 263 264 -1
0.1 609 265 -1
0.1 608 610 -1
0.1 607 611 -1
0.1 257 612 -1
0.1 605 613 -1
0.1 266 267 -1
0.1 269 270 -1
0.1 268 616 -1
0.1 617 271 -1
0.1 615 618 -1
0.1 272 273 -1
0.1 620 274 -1
0.1 619 621 -1
0.1 614 622 -1
0.1 275 276 -1
0.1 277 278 -1
0.1 279 280 -1
0.1 625 626 -1
0.1 624 627 -1
0.1 283 284 -1
0.1 282 629 -1
0.1 281 630 -1
0.1 285 286 -1
0.1 632 287 -1
0.1 288 289 -1
0.1 291 292 -1
0.1 290 635 -1
0.1 634 636 -1
0.1 637 293 -1
0.1 633 638 -1
0.1 631 639 -1
0.1 628 640 -1
0.1 623 641 -1
0.1 295 296 -1
0.1 297 298 -1
0.1 299 300 -1
0.1 302 303 -1
0.1 301 646 -1
0.1 304 305 -1
0.1 306 307 -1
0.1 648 649 -1
0.1 647 650 -1
0.1 645 651 -1
0.1 644 652 -1
0.1 643 653 -1
0.1 308 309 -1
0.1 310 311 -1
0.1 313 314 -1
0.1 312 657 -1
0.1 656 658 -1
0.1 655 659 -1
0.1 654 660 -1
0.1 294 661 -1
0.1 642 662 -1
0.1 663 315 -1
0.1 254 664 -1
0.1 316 317 -1
0.1 665 666 -1
0.1 320 321 -1
0.1 319 668 -1
0.1 318 669 -1
0.1 667 670 -1
0.1 604 671 -1
0.1 322 323 -1
0.1 672 673 -1
0.1 674 324 -1
0.1 675 325 -1
0.1 603 676 -1
0.1 599 677 -1
0.1 244 678 -1
0.1 243 679 -1
0.1 326 327 -1
0.1 328 329 -1
0.1 681 682 -1
0.1 683 330 -1
0.1 680 684 -1
0.1 242 685 -1
0.1 331 332 -1
0.1 686 687 -1
0.1 241 688 -1
0.1 334 335 -1
0.1 333 690 -1
0.1 336 337 -1
0.1 691 692 -1
0.1 339 340 -1
0.1 338 694 -1
0.1 693 695 -1
0.1 689 696 -1
0.1 342 343 -1
0.1 344 345 -1
0.1 699 346 -1
0.1 698 700 -1
0.1 341 701 -1
0.1 702 347 -1
0.1 703 348 -1
0.1 704 349 -1
0.1 705 350 -1
0.1 351 352 -1
0.1 353 354 -1
0.1 708 355 -1
0.1 707 709 -1
0.1 706 710 -1
0.1 358 359 -1
0.1 712 360 -1
0.1 357 713 -1
0.1 356 714 -1
0.1 711 715 -1
0.1 697 716 -1
0.1 598 717 -1
0.1 597 718 -1
