1 0 0 1
1 0 0 1
1 0 0 1
1 0 0 1
1 0 0 1
1 0 0 1
1 0 0 1
1 0 0 1
1 0 0 1
1 0 0 2
1 0 0 2
1 0 0 2
1 0 0 2
1 0 0 2
1 0 0 2
1 0 0 2
1 0 0 2
1 0 0 2
1 0 0 2
1 0 0 1
1 0 0 3
1 0 0 3
1 0 0 3
1 0 0 3
1 0 0 3
1 0 0 3
1 0 0 3
1 0 0 3
1 0 0 3
1 0 0 3
1 0 0 4
1 0 0 4
1 0 0 4
1 0 0 4
1 0 0 4
1 0 0 4
1 0 0 5
1 0 0 5
1 0 0 5
1 0 0 5
1 0 0 5
1 0 0 5
1 0 0 5
1 0 0 5
1 0 0 5
1 0 0 5
1 0 0 4
1 0 0 4
1 0 0 4
1 0 0 4
1 0 0 6
1 0 0 6
1 0 0 6
1 0 0 6
1 0 0 6
1 0 0 6
1 0 0 6
1 0 0 6
1 0 0 6
1 0 0 6
1 0 0 7
1 0 0 7
1 0 0 7
1 0 0 8
1 0 0 8
1 0 0 8
1 0 0 8
1 0 0 8
1 0 0 8
1 0 0 8
1 0 0 8
1 0 0 8
1 0 0 8
1 0 0 9
1 0 0 9
1 0 0 9
1 0 0 9
1 0 0 9
1 0 0 10
1 0 0 10
1 0 0 10
1 0 0 10
1 0 0 10
1 0 0 10
1 0 0 10
1 0 0 10
1 0 0 10
1 0 0 10
1 0 0 9
1 0 0 9
1 0 0 9
1 0 0 9
1 0 0 9
1 0 0 11
1 0 0 11
1 0 0 11
1 0 0 11
1 0 0 11
1 0 0 11
1 0 0 11
1 0 0 11
1 0 0 11
1 0 0 11
1 0 0 12
1 0 0 12
1 0 0 12
1 0 0 12
1 0 0 12
1 0 0 12
1 0 0 12
1 0 0 12
1 0 0 12
1 0 0 12
1 0 0 13
1 0 0 13
1 0 0 13
1 0 0 13
1 0 0 13
1 0 0 13
1 0 0 13
1 0 0 13
1 0 0 13
1 0 0 13
1 0 0 7
1 0 0 7
1 0 0 7
1 0 0 7
1 0 0 7
1 0 0 7
1 0 0 7
1 0 0 14
1 0 0 14
1 0 0 14
1 0 0 14
1 0 0 14
1 0 0 14
1 0 0 14
1 0 0 14
1 0 0 14
1 0 0 14
0.1 1 2 -1
0.1 141 3 -1
0.1 4 5 -1
0.1 7 8 -1
0.1 6 144 -1
0.1 143 145 -1
0.1 142 146 -1
0.1 11 12 -1
0.1 14 15 -1
0.1 13 149 -1
0.1 148 150 -1
0.1 10 151 -1
0.1 17 18 -1
0.1 16 153 -1
0.1 154 19 -1
0.1 152 155 -1
0.1 9 156 -1
0.1 157 20 -1
0.1 147 158 -1
0.1 159 21 -1
0.1 23 24 -1
0.1 22 161 -1
0.1 160 162 -1
0.1 26 27 -1
0.1 25 164 -1
0.1 29 30 -1
0.1 28 166 -1
0.1 165 167 -1
0.1 163 168 -1
0.1 31 32 -1
0.1 169 170 -1
0.1 33 34 -1
0.1 35 36 -1
0.1 172 173 -1
0.1 171 174 -1
0.1 39 40 -1
0.1 38 176 -1
0.1 177 41 -1
0.1 42 43 -1
0.1 178 179 -1
0.1 180 44 -1
0.1 37 181 -1
0.1 45 46 -1
0.1 182 183 -1
0.1 184 47 -1
0.1 49 50 -1
0.1 48 186 -1
0.1 185 187 -1
0.1 52 53 -1
0.1 189 54 -1
0.1 51 190 -1
0.1 55 56 -1
0.1 192 57 -1
0.1 191 193 -1
0.1 58 59 -1
0.1 195 60 -1
0.1 194 196 -1
0.1 188 197 -1
0.1 64 65 -1
0.1 66 67 -1
0.1 200 68 -1
0.1 199 201 -1
0.1 69 70 -1
0.1 72 73 -1
0.1 74 75 -1
0.1 76 77 -1
0.1 206 78 -1
0.1 205 207 -1
0.1 80 81 -1
0.1 82 83 -1
0.1 209 210 -1
0.1 79 211 -1
0.1 87 88 -1
0.1 86 213 -1
0.1 85 214 -1
0.1 84 215 -1
0.1 212 216 -1
0.1 91 92 -1
0.1 218 93 -1
0.1 90 219 -1
0.1 89 220 -1
0.1 94 95 -1
0.1 97 98 -1
0.1 99 100 -1
0.1 223 224 -1
0.1 96 225 -1
0.1 101 102 -1
0.1 227 103 -1
0.1 226 228 -1
0.1 222 229 -1
0.1 221 230 -1
0.1 217 231 -1
0.1 105 106 -1
0.1 107 108 -1
0.1 233 234 -1
0.1 235 109 -1
0.1 236 110 -1
0.1 104 237 -1
0.1 112 113 -1
0.1 111 239 -1
0.1 238 240 -1
0.1 114 115 -1
0.1 116 117 -1
0.1 118 119 -1
0.1 243 244 -1
0.1 122 123 -1
0.1 121 246 -1
0.1 120 247 -1
0.1 245 248 -1
0.1 242 249 -1
0.1 241 250 -1
0.1 232 251 -1
0.1 208 252 -1
0.1 204 253 -1
0.1 71 254 -1
0.1 203 255 -1
0.1 202 256 -1
0.1 124 125 -1
0.1 257 258 -1
0.1 126 127 -1
0.1 259 260 -1
0.1 128 129 -1
0.1 261 262 -1
0.1 63 263 -1
0.1 264 130 -1
0.1 62 265 -1
0.1 61 266 -1
0.1 132 133 -1
0.1 136 137 -1
0.1 135 269 -1
0.1 134 270 -1
0.1 138 139 -1
0.1 271 272 -1
0.1 268 273 -1
0.1 274 140 -1
0.1 131 275 -1
0.1 267 276 -1
0.1 198 277 -1
0.1 175 278 -1
