1 0 0 1
1 0 0 1
1 0 0 1
1 0 0 1
1 0 0 1
1 0 0 1
1 0 0 1
1 0 0 1
1 0 0 1
1 0 0 1
1 0 0 2
1 0 0 2
1 0 0 2
1 0 0 2
1 0 0 2
1 0 0 2
1 0 0 2
1 0 0 2
1 0 0 3
1 0 0 3
1 0 0 3
1 0 0 4
1 0 0 4
1 0 0 4
1 0 0 4
1 0 0 4
1 0 0 4
1 0 0 4
1 0 0 4
1 0 0 4
1 0 0 4
1 0 0 5
1 0 0 5
1 0 0 5
1 0 0 5
1 0 0 5
1 0 0 5
1 0 0 5
1 0 0 5
1 0 0 5
1 0 0 5
1 0 0 6
1 0 0 6
1 0 0 6
1 0 0 6
1 0 0 6
1 0 0 7
1 0 0 7
1 0 0 7
1 0 0 7
1 0 0 7
1 0 0 7
1 0 0 7
1 0 0 7
1 0 0 7
1 0 0 7
1 0 0 8
1 0 0 8
1 0 0 8
1 0 0 8
1 0 0 8
1 0 0 8
1 0 0 8
1 0 0 8
1 0 0 8
1 0 0 8
1 0 0 6
1 0 0 6
1 0 0 6
1 0 0 6
1 0 0 6
1 0 0 3
1 0 0 3
1 0 0 3
1 0 0 3
1 0 0 3
1 0 0 3
1 0 0 3
1 0 0 2
1 0 0 2
1 0 0 9
1 0 0 9
1 0 0 9
1 0 0 9
1 0 0 9
1 0 0 9
1 0 0 9
1 0 0 9
1 0 0 9
1 0 0 9
1 0 0 10
1 0 0 11
1 0 0 11
1 0 0 11
1 0 0 11
1 0 0 11
1 0 0 11
1 0 0 11
1 0 0 11
1 0 0 11
1 0 0 11
1 0 0 10
1 0 0 10
1 0 0 10
1 0 0 10
1 0 0 10
1 0 0 10
1 0 0 10
1 0 0 10
1 0 0 10
1 0 0 12
1 0 0 13
1 0 0 14
1 0 0 14
1 0 0 14
1 0 0 14
1 0 0 14
1 0 0 14
1 0 0 14
1 0 0 14
1 0 0 14
1 0 0 14
1 0 0 13
1 0 0 13
1 0 0 13
1 0 0 13
1 0 0 13
1 0 0 13
1 0 0 13
1 0 0 13
1 0 0 13
1 0 0 12
1 0 0 12
1 0 0 12
1 0 0 12
1 0 0 12
1 0 0 12
1 0 0 12
1 0 0 12
1 0 0 12
0.1 1 2 -1
0.1 3 4 -1
0.1 5 6 -1
0.1 8 9 -1
0.1 144 10 -1
0.1 7 145 -1
0.1 143 146 -1
0.1 142 147 -1
0.1 141 148 -1
0.1 11 12 -1
0.1 150 13 -1
0.1 151 14 -1
0.1 15 16 -1
0.1 17 18 -1
0.1 19 20 -1
0.1 25 26 -1
0.1 24 156 -1
0.1 23 157 -1
0.1 27 28 -1
0.1 29 30 -1
0.1 159 160 -1
0.1 158 161 -1
0.1 162 31 -1
0.1 22 163 -1
0.1 32 33 -1
0.1 165 34 -1
0.1 37 38 -1
0.1 39 40 -1
0.1 167 168 -1
0.1 36 169 -1
0.1 35 170 -1
0.1 171 41 -1
0.1 166 172 -1
0.1 43 44 -1
0.1 42 174 -1
0.1 45 46 -1
0.1 175 176 -1
0.1 173 177 -1
0.1 164 178 -1
0.1 47 48 -1
0.1 49 50 -1
0.1 52 53 -1
0.1 51 182 -1
0.1 55 56 -1
0.1 54 184 -1
0.1 183 185 -1
0.1 181 186 -1
0.1 180 187 -1
0.1 58 59 -1
0.1 60 61 -1
0.1 189 190 -1
0.1 57 191 -1
0.1 64 65 -1
0.1 63 193 -1
0.1 62 194 -1
0.1 195 66 -1
0.1 192 196 -1
0.1 188 197 -1
0.1 179 198 -1
0.1 69 70 -1
0.1 68 200 -1
0.1 201 71 -1
0.1 67 202 -1
0.1 199 203 -1
0.1 21 204 -1
0.1 155 205 -1
0.1 72 73 -1
0.1 74 75 -1
0.1 76 77 -1
0.1 209 78 -1
0.1 208 210 -1
0.1 207 211 -1
0.1 206 212 -1
0.1 154 213 -1
0.1 153 214 -1
0.1 79 80 -1
0.1 215 216 -1
0.1 152 217 -1
0.1 149 218 -1
0.1 81 82 -1
0.1 220 83 -1
0.1 85 86 -1
0.1 222 87 -1
0.1 84 223 -1
0.1 221 224 -1
0.1 89 90 -1
0.1 88 226 -1
0.1 225 227 -1
0.1 95 96 -1
0.1 94 229 -1
0.1 93 230 -1
0.1 92 231 -1
0.1 97 98 -1
0.1 99 100 -1
0.1 233 234 -1
0.1 232 235 -1
0.1 236 101 -1
0.1 91 237 -1
0.1 102 103 -1
0.1 239 104 -1
0.1 238 240 -1
0.1 228 241 -1
0.1 105 106 -1
0.1 107 108 -1
0.1 243 244 -1
0.1 242 245 -1
0.1 109 110 -1
0.1 115 116 -1
0.1 114 248 -1
0.1 117 118 -1
0.1 249 250 -1
0.1 113 251 -1
0.1 121 122 -1
0.1 120 253 -1
0.1 119 254 -1
0.1 252 255 -1
0.1 256 123 -1
0.1 112 257 -1
0.1 124 125 -1
0.1 259 126 -1
0.1 130 131 -1
0.1 129 261 -1
0.1 128 262 -1
0.1 127 263 -1
0.1 260 264 -1
0.1 258 265 -1
0.1 111 266 -1
0.1 132 133 -1
0.1 267 268 -1
0.1 134 135 -1
0.1 137 138 -1
0.1 136 271 -1
0.1 139 140 -1
0.1 272 273 -1
0.1 270 274 -1
0.1 269 275 -1
0.1 247 276 -1
0.1 246 277 -1
0.1 219 278 -1
