1 0 0 1
1 0 0 1
1 0 0 1
1 0 0 1
1 0 0 1
1 0 0 1
1 0 0 1
1 0 0 1
1 0 0 1
1 0 0 2
1 0 0 2
1 0 0 2
1 0 0 2
1 0 0 1
1 0 0 1
1 0 0 1
1 0 0 3
1 0 0 3
1 0 0 3
1 0 0 3
1 0 0 3
1 0 0 3
1 0 0 3
1 0 0 3
1 0 0 3
1 0 0 1
1 0 0 1
1 0 0 1
1 0 0 1
1 0 0 1
1 0 0 1
1 0 0 4
1 0 0 4
1 0 0 4
1 0 0 4
1 0 0 4
1 0 0 4
1 0 0 4
1 0 0 4
1 0 0 4
1 0 0 5
1 0 0 5
1 0 0 5
1 0 0 6
1 0 0 1
1 0 0 1
1 0 0 7
1 0 0 7
1 0 0 7
1 0 0 7
1 0 0 7
1 0 0 8
1 0 0 8
1 0 0 8
1 0 0 8
1 0 0 8
1 0 0 8
1 0 0 2
1 0 0 2
1 0 0 2
1 0 0 2
1 0 0 2
1 0 0 9
1 0 0 7
1 0 0 7
1 0 0 7
1 0 0 7
1 0 0 7
1 0 0 7
1 0 0 7
1 0 0 7
1 0 0 7
1 0 0 7
1 0 0 7
1 0 0 10
1 0 0 10
1 0 0 10
1 0 0 10
1 0 0 11
1 0 0 12
1 0 0 12
1 0 0 12
1 0 0 12
1 0 0 12
1 0 0 12
1 0 0 12
1 0 0 12
1 0 0 12
1 0 0 12
1 0 0 12
1 0 0 12
1 0 0 12
1 0 0 12
1 0 0 12
1 0 0 12
1 0 0 12
1 0 0 12
1 0 0 12
1 0 0 12
1 0 0 4
1 0 0 4
1 0 0 13
1 0 0 13
1 0 0 13
1 0 0 13
1 0 0 13
1 0 0 13
1 0 0 13
1 0 0 13
1 0 0 13
1 0 0 13
1 0 0 13
1 0 0 13
1 0 0 13
1 0 0 13
1 0 0 14
1 0 0 14
1 0 0 15
1 0 0 15
1 0 0 15
1 0 0 15
1 0 0 15
1 0 0 15
1 0 0 15
1 0 0 15
1 0 0 15
1 0 0 15
1 0 0 15
1 0 0 15
1 0 0 15
1 0 0 15
1 0 0 15
1 0 0 15
1 0 0 15
1 0 0 15
1 0 0 15
1 0 0 15
1 0 0 16
1 0 0 16
1 0 0 16
1 0 0 9
1 0 0 9
1 0 0 9
1 0 0 9
1 0 0 9
1 0 0 9
1 0 0 9
1 0 0 9
1 0 0 9
1 0 0 9
1 0 0 9
1 0 0 9
1 0 0 9
1 0 0 9
1 0 0 9
1 0 0 9
1 0 0 9
1 0 0 9
1 0 0 9
1 0 0 13
1 0 0 13
1 0 0 16
1 0 0 16
1 0 0 16
1 0 0 16
1 0 0 16
1 0 0 16
1 0 0 16
1 0 0 16
1 0 0 16
1 0 0 16
1 0 0 16
1 0 0 16
1 0 0 16
1 0 0 16
1 0 0 16
1 0 0 8
1 0 0 8
1 0 0 17
1 0 0 17
1 0 0 17
1 0 0 17
1 0 0 17
1 0 0 17
1 0 0 17
1 0 0 17
1 0 0 17
1 0 0 17
1 0 0 17
1 0 0 17
1 0 0 17
1 0 0 17
1 0 0 17
1 0 0 17
1 0 0 17
1 0 0 17
1 0 0 17
1 0 0 17
1 0 0 8
1 0 0 8
1 0 0 8
1 0 0 18
1 0 0 18
1 0 0 18
1 0 0 18
1 0 0 18
1 0 0 18
1 0 0 18
1 0 0 18
1 0 0 18
1 0 0 18
1 0 0 18
1 0 0 18
1 0 0 18
1 0 0 18
1 0 0 18
1 0 0 18
1 0 0 18
1 0 0 18
1 0 0 18
1 0 0 18
1 0 0 8
1 0 0 8
1 0 0 8
1 0 0 19
1 0 0 19
1 0 0 19
1 0 0 19
1 0 0 19
1 0 0 19
1 0 0 19
1 0 0 19
1 0 0 19
1 0 0 19
1 0 0 19
1 0 0 19
1 0 0 19
1 0 0 19
1 0 0 19
1 0 0 19
1 0 0 19
1 0 0 19
1 0 0 19
1 0 0 19
1 0 0 20
1 0 0 20
1 0 0 20
1 0 0 20
1 0 0 20
1 0 0 20
1 0 0 20
1 0 0 20
1 0 0 20
1 0 0 20
1 0 0 20
1 0 0 20
1 0 0 20
1 0 0 20
1 0 0 20
1 0 0 20
1 0 0 20
1 0 0 20
1 0 0 20
1 0 0 20
1 0 0 8
1 0 0 8
1 0 0 8
1 0 0 8
1 0 0 8
1 0 0 8
1 0 0 13
1 0 0 13
1 0 0 13
1 0 0 21
1 0 0 21
1 0 0 21
1 0 0 21
1 0 0 21
1 0 0 21
1 0 0 21
1 0 0 21
1 0 0 21
1 0 0 21
1 0 0 13
1 0 0 21
1 0 0 22
1 0 0 22
1 0 0 23
1 0 0 23
1 0 0 23
1 0 0 23
1 0 0 23
1 0 0 24
1 0 0 24
1 0 0 24
1 0 0 24
1 0 0 24
1 0 0 24
1 0 0 24
1 0 0 24
1 0 0 24
1 0 0 24
1 0 0 24
1 0 0 24
1 0 0 24
1 0 0 24
1 0 0 24
1 0 0 24
1 0 0 24
1 0 0 24
1 0 0 24
1 0 0 24
1 0 0 23
1 0 0 23
1 0 0 23
1 0 0 23
1 0 0 23
1 0 0 23
1 0 0 23
1 0 0 23
1 0 0 23
1 0 0 23
1 0 0 25
1 0 0 25
1 0 0 25
1 0 0 25
1 0 0 25
1 0 0 25
1 0 0 25
1 0 0 25
1 0 0 25
1 0 0 25
1 0 0 25
1 0 0 25
1 0 0 25
1 0 0 25
1 0 0 25
1 0 0 25
1 0 0 25
1 0 0 25
1 0 0 25
1 0 0 25
1 0 0 26
1 0 0 26
1 0 0 26
1 0 0 26
1 0 0 26
1 0 0 26
1 0 0 26
1 0 0 26
1 0 0 26
1 0 0 26
1 0 0 26
1 0 0 26
1 0 0 26
1 0 0 26
1 0 0 26
1 0 0 26
1 0 0 26
1 0 0 26
1 0 0 26
1 0 0 26
1 0 0 27
1 0 0 27
1 0 0 27
1 0 0 27
1 0 0 27
1 0 0 27
1 0 0 27
1 0 0 27
1 0 0 27
1 0 0 27
1 0 0 27
1 0 0 27
1 0 0 27
1 0 0 27
1 0 0 27
1 0 0 27
1 0 0 27
1 0 0 27
1 0 0 27
1 0 0 27
1 0 0 23
1 0 0 28
1 0 0 28
1 0 0 28
1 0 0 28
1 0 0 28
1 0 0 28
1 0 0 28
1 0 0 28
1 0 0 28
1 0 0 28
1 0 0 28
1 0 0 28
1 0 0 28
1 0 0 28
1 0 0 28
1 0 0 28
1 0 0 28
1 0 0 28
1 0 0 28
1 0 0 28
1 0 0 29
1 0 0 29
1 0 0 29
1 0 0 29
1 0 0 29
1 0 0 29
1 0 0 29
1 0 0 29
1 0 0 29
1 0 0 29
1 0 0 29
1 0 0 29
1 0 0 29
1 0 0 29
1 0 0 29
1 0 0 29
1 0 0 29
1 0 0 29
1 0 0 29
1 0 0 29
1 0 0 30
1 0 0 30
1 0 0 30
1 0 0 30
1 0 0 30
1 0 0 30
1 0 0 30
1 0 0 30
1 0 0 30
1 0 0 30
1 0 0 30
1 0 0 30
1 0 0 30
1 0 0 30
1 0 0 30
1 0 0 30
1 0 0 30
1 0 0 30
1 0 0 30
1 0 0 30
1 0 0 31
1 0 0 31
1 0 0 31
1 0 0 31
1 0 0 31
1 0 0 31
1 0 0 31
1 0 0 31
1 0 0 31
1 0 0 31
1 0 0 31
1 0 0 31
1 0 0 31
1 0 0 31
1 0 0 31
1 0 0 31
1 0 0 31
1 0 0 31
1 0 0 31
1 0 0 31
1 0 0 23
1 0 0 23
1 0 0 23
1 0 0 23
1 0 0 32
1 0 0 32
1 0 0 22
1 0 0 22
1 0 0 22
1 0 0 22
1 0 0 22
1 0 0 22
1 0 0 22
1 0 0 22
1 0 0 22
1 0 0 22
1 0 0 22
1 0 0 22
1 0 0 22
1 0 0 22
1 0 0 22
1 0 0 22
1 0 0 22
1 0 0 22
1 0 0 33
1 0 0 33
1 0 0 11
1 0 0 34
1 0 0 34
1 0 0 34
1 0 0 34
1 0 0 34
1 0 0 34
1 0 0 34
1 0 0 34
1 0 0 34
1 0 0 34
1 0 0 34
1 0 0 34
1 0 0 34
1 0 0 34
1 0 0 34
1 0 0 34
1 0 0 34
1 0 0 34
1 0 0 34
1 0 0 34
1 0 0 11
1 0 0 11
1 0 0 11
1 0 0 11
1 0 0 11
1 0 0 11
1 0 0 11
1 0 0 11
1 0 0 11
1 0 0 11
1 0 0 35
1 0 0 35
1 0 0 35
1 0 0 35
1 0 0 35
1 0 0 35
1 0 0 35
1 0 0 35
1 0 0 35
1 0 0 35
1 0 0 35
1 0 0 35
1 0 0 35
1 0 0 35
1 0 0 35
1 0 0 35
1 0 0 35
1 0 0 35
1 0 0 35
1 0 0 35
1 0 0 11
1 0 0 11
1 0 0 11
1 0 0 11
1 0 0 11
1 0 0 11
1 0 0 11
1 0 0 11
1 0 0 21
1 0 0 21
1 0 0 21
1 0 0 21
1 0 0 21
1 0 0 21
1 0 0 21
1 0 0 21
1 0 0 21
1 0 0 7
1 0 0 7
1 0 0 7
1 0 0 7
1 0 0 33
1 0 0 33
1 0 0 33
1 0 0 33
1 0 0 33
1 0 0 33
1 0 0 33
1 0 0 33
1 0 0 33
1 0 0 33
1 0 0 33
1 0 0 33
1 0 0 33
1 0 0 33
1 0 0 33
1 0 0 16
1 0 0 16
1 0 0 33
1 0 0 33
1 0 0 33
1 0 0 6
1 0 0 6
1 0 0 6
1 0 0 6
1 0 0 6
1 0 0 6
1 0 0 6
1 0 0 6
1 0 0 6
1 0 0 6
1 0 0 32
1 0 0 32
1 0 0 32
1 0 0 32
1 0 0 32
1 0 0 32
1 0 0 32
1 0 0 32
1 0 0 32
1 0 0 32
1 0 0 32
1 0 0 32
1 0 0 32
1 0 0 32
1 0 0 32
1 0 0 32
1 0 0 32
1 0 0 32
1 0 0 5
1 0 0 5
1 0 0 5
1 0 0 36
1 0 0 36
1 0 0 36
1 0 0 36
1 0 0 36
1 0 0 36
1 0 0 36
1 0 0 36
1 0 0 36
1 0 0 36
1 0 0 36
1 0 0 36
1 0 0 37
1 0 0 37
1 0 0 37
1 0 0 37
1 0 0 37
1 0 0 37
1 0 0 37
1 0 0 37
1 0 0 37
1 0 0 37
1 0 0 37
1 0 0 37
1 0 0 37
1 0 0 37
1 0 0 37
1 0 0 37
1 0 0 37
1 0 0 37
1 0 0 37
1 0 0 37
1 0 0 36
1 0 0 36
1 0 0 36
1 0 0 36
1 0 0 38
1 0 0 38
1 0 0 38
1 0 0 38
1 0 0 38
1 0 0 38
1 0 0 38
1 0 0 38
1 0 0 38
1 0 0 38
1 0 0 38
1 0 0 38
1 0 0 38
1 0 0 38
1 0 0 38
1 0 0 38
1 0 0 38
1 0 0 38
1 0 0 38
1 0 0 38
1 0 0 36
1 0 0 36
1 0 0 36
1 0 0 36
1 0 0 5
1 0 0 5
1 0 0 5
1 0 0 5
1 0 0 39
1 0 0 39
1 0 0 39
1 0 0 39
1 0 0 39
1 0 0 39
1 0 0 39
1 0 0 39
1 0 0 39
1 0 0 39
1 0 0 39
1 0 0 39
1 0 0 39
1 0 0 39
1 0 0 39
1 0 0 39
1 0 0 39
1 0 0 39
1 0 0 39
1 0 0 39
1 0 0 5
1 0 0 40
1 0 0 40
1 0 0 40
1 0 0 40
1 0 0 40
1 0 0 40
1 0 0 40
1 0 0 40
1 0 0 40
1 0 0 40
1 0 0 40
1 0 0 40
1 0 0 40
1 0 0 40
1 0 0 40
1 0 0 40
1 0 0 40
1 0 0 40
1 0 0 40
1 0 0 40
1 0 0 5
1 0 0 41
1 0 0 41
1 0 0 41
1 0 0 41
1 0 0 41
1 0 0 41
1 0 0 41
1 0 0 41
1 0 0 41
1 0 0 41
1 0 0 41
1 0 0 41
1 0 0 41
1 0 0 41
1 0 0 41
1 0 0 41
1 0 0 41
1 0 0 41
1 0 0 41
1 0 0 41
1 0 0 5
1 0 0 42
1 0 0 42
1 0 0 43
1 0 0 43
1 0 0 43
1 0 0 43
1 0 0 43
1 0 0 43
1 0 0 43
1 0 0 43
1 0 0 43
1 0 0 43
1 0 0 43
1 0 0 43
1 0 0 43
1 0 0 43
1 0 0 43
1 0 0 43
1 0 0 43
1 0 0 43
1 0 0 43
1 0 0 43
1 0 0 42
1 0 0 44
1 0 0 45
1 0 0 45
1 0 0 45
1 0 0 45
1 0 0 45
1 0 0 45
1 0 0 45
1 0 0 45
1 0 0 45
1 0 0 45
1 0 0 45
1 0 0 45
1 0 0 45
1 0 0 45
1 0 0 45
1 0 0 45
1 0 0 45
1 0 0 45
1 0 0 45
1 0 0 45
1 0 0 44
1 0 0 44
1 0 0 44
1 0 0 44
1 0 0 46
1 0 0 46
1 0 0 46
1 0 0 46
1 0 0 46
1 0 0 46
1 0 0 46
1 0 0 46
1 0 0 46
1 0 0 46
1 0 0 46
1 0 0 46
1 0 0 46
1 0 0 46
1 0 0 46
1 0 0 46
1 0 0 46
1 0 0 46
1 0 0 46
1 0 0 46
1 0 0 44
1 0 0 44
1 0 0 44
1 0 0 44
1 0 0 47
1 0 0 47
1 0 0 47
1 0 0 47
1 0 0 47
1 0 0 47
1 0 0 47
1 0 0 47
1 0 0 47
1 0 0 47
1 0 0 47
1 0 0 47
1 0 0 47
1 0 0 47
1 0 0 47
1 0 0 47
1 0 0 47
1 0 0 47
1 0 0 47
1 0 0 47
1 0 0 48
1 0 0 48
1 0 0 48
1 0 0 48
1 0 0 49
1 0 0 49
1 0 0 49
1 0 0 49
1 0 0 49
1 0 0 49
1 0 0 49
1 0 0 49
1 0 0 49
1 0 0 49
1 0 0 49
1 0 0 49
1 0 0 49
1 0 0 49
1 0 0 49
1 0 0 49
1 0 0 49
1 0 0 49
1 0 0 49
1 0 0 49
1 0 0 48
1 0 0 48
1 0 0 48
1 0 0 48
1 0 0 50
1 0 0 50
1 0 0 50
1 0 0 50
1 0 0 50
1 0 0 51
1 0 0 51
1 0 0 51
1 0 0 51
1 0 0 51
1 0 0 51
1 0 0 51
1 0 0 51
1 0 0 51
1 0 0 51
1 0 0 51
1 0 0 51
1 0 0 51
1 0 0 51
1 0 0 51
1 0 0 51
1 0 0 51
1 0 0 51
1 0 0 51
1 0 0 51
1 0 0 50
1 0 0 50
1 0 0 50
1 0 0 50
1 0 0 50
1 0 0 50
1 0 0 50
1 0 0 50
1 0 0 50
1 0 0 50
1 0 0 50
1 0 0 50
1 0 0 50
1 0 0 50
1 0 0 50
1 0 0 48
1 0 0 48
1 0 0 48
1 0 0 48
1 0 0 48
1 0 0 48
1 0 0 48
1 0 0 48
1 0 0 48
1 0 0 48
1 0 0 48
1 0 0 52
1 0 0 52
1 0 0 52
1 0 0 52
1 0 0 52
1 0 0 52
1 0 0 52
1 0 0 52
1 0 0 52
1 0 0 52
1 0 0 52
1 0 0 52
1 0 0 52
1 0 0 52
1 0 0 52
1 0 0 52
1 0 0 52
1 0 0 52
1 0 0 52
1 0 0 52
1 0 0 48
1 0 0 44
1 0 0 53
1 0 0 53
1 0 0 53
1 0 0 53
1 0 0 53
1 0 0 53
1 0 0 53
1 0 0 53
1 0 0 53
1 0 0 53
1 0 0 53
1 0 0 53
1 0 0 53
1 0 0 53
1 0 0 53
1 0 0 53
1 0 0 53
1 0 0 53
1 0 0 53
1 0 0 53
1 0 0 54
1 0 0 54
1 0 0 54
1 0 0 54
1 0 0 54
1 0 0 54
1 0 0 54
1 0 0 54
1 0 0 54
1 0 0 54
1 0 0 54
1 0 0 54
1 0 0 54
1 0 0 54
1 0 0 54
1 0 0 54
1 0 0 54
1 0 0 54
1 0 0 54
1 0 0 54
1 0 0 55
1 0 0 55
1 0 0 55
1 0 0 55
1 0 0 55
1 0 0 55
1 0 0 55
1 0 0 55
1 0 0 55
1 0 0 55
1 0 0 55
1 0 0 55
1 0 0 55
1 0 0 55
1 0 0 55
1 0 0 55
1 0 0 55
1 0 0 55
1 0 0 55
1 0 0 55
1 0 0 44
1 0 0 44
1 0 0 44
1 0 0 44
1 0 0 44
1 0 0 44
1 0 0 44
1 0 0 44
1 0 0 44
1 0 0 56
1 0 0 56
1 0 0 56
1 0 0 56
1 0 0 56
1 0 0 56
1 0 0 56
1 0 0 56
1 0 0 56
1 0 0 56
1 0 0 56
1 0 0 56
1 0 0 56
1 0 0 56
1 0 0 56
1 0 0 56
1 0 0 56
1 0 0 56
1 0 0 56
1 0 0 56
1 0 0 44
1 0 0 42
1 0 0 42
1 0 0 42
1 0 0 57
1 0 0 57
1 0 0 57
1 0 0 57
1 0 0 57
1 0 0 57
1 0 0 57
1 0 0 57
1 0 0 57
1 0 0 57
1 0 0 57
1 0 0 57
1 0 0 57
1 0 0 57
1 0 0 57
1 0 0 57
1 0 0 57
1 0 0 57
1 0 0 57
1 0 0 57
1 0 0 58
1 0 0 58
1 0 0 58
1 0 0 58
1 0 0 58
1 0 0 58
1 0 0 58
1 0 0 58
1 0 0 58
1 0 0 58
1 0 0 58
1 0 0 58
1 0 0 58
1 0 0 58
1 0 0 58
1 0 0 58
1 0 0 58
1 0 0 58
1 0 0 58
1 0 0 58
1 0 0 42
1 0 0 42
1 0 0 42
1 0 0 59
1 0 0 59
1 0 0 59
1 0 0 59
1 0 0 59
1 0 0 59
1 0 0 59
1 0 0 59
1 0 0 59
1 0 0 60
1 0 0 60
1 0 0 60
1 0 0 60
1 0 0 60
1 0 0 60
1 0 0 60
1 0 0 60
1 0 0 60
1 0 0 60
1 0 0 60
1 0 0 60
1 0 0 60
1 0 0 60
1 0 0 60
1 0 0 60
1 0 0 60
1 0 0 60
1 0 0 60
1 0 0 60
1 0 0 42
1 0 0 42
1 0 0 61
1 0 0 61
1 0 0 61
1 0 0 61
1 0 0 61
1 0 0 61
1 0 0 61
1 0 0 61
1 0 0 61
1 0 0 61
1 0 0 61
1 0 0 61
1 0 0 61
1 0 0 61
1 0 0 61
1 0 0 61
1 0 0 61
1 0 0 61
1 0 0 61
1 0 0 61
1 0 0 62
1 0 0 62
1 0 0 62
1 0 0 62
1 0 0 62
1 0 0 62
1 0 0 62
1 0 0 62
1 0 0 62
1 0 0 62
1 0 0 62
1 0 0 62
1 0 0 62
1 0 0 62
1 0 0 62
1 0 0 62
1 0 0 62
1 0 0 62
1 0 0 62
1 0 0 62
1 0 0 42
1 0 0 42
1 0 0 42
1 0 0 42
1 0 0 63
1 0 0 63
1 0 0 63
1 0 0 63
1 0 0 63
1 0 0 63
1 0 0 63
1 0 0 63
1 0 0 63
1 0 0 63
1 0 0 63
1 0 0 63
1 0 0 63
1 0 0 63
1 0 0 63
1 0 0 63
1 0 0 63
1 0 0 63
1 0 0 63
1 0 0 63
1 0 0 42
1 0 0 59
1 0 0 59
1 0 0 59
1 0 0 59
1 0 0 59
1 0 0 59
1 0 0 59
1 0 0 59
1 0 0 59
1 0 0 59
1 0 0 59
1 0 0 42
1 0 0 42
1 0 0 42
1 0 0 64
1 0 0 64
1 0 0 64
1 0 0 64
1 0 0 64
1 0 0 64
1 0 0 64
1 0 0 64
1 0 0 64
1 0 0 64
1 0 0 64
1 0 0 64
1 0 0 64
1 0 0 64
1 0 0 64
1 0 0 64
1 0 0 64
1 0 0 64
1 0 0 64
1 0 0 64
1 0 0 65
1 0 0 65
1 0 0 65
1 0 0 65
1 0 0 65
1 0 0 65
1 0 0 65
1 0 0 65
1 0 0 65
1 0 0 65
1 0 0 65
1 0 0 65
1 0 0 65
1 0 0 65
1 0 0 65
1 0 0 65
1 0 0 65
1 0 0 65
1 0 0 65
1 0 0 65
1 0 0 66
1 0 0 66
1 0 0 66
1 0 0 66
1 0 0 66
1 0 0 66
1 0 0 66
1 0 0 66
1 0 0 66
1 0 0 66
1 0 0 66
1 0 0 66
1 0 0 66
1 0 0 66
1 0 0 66
1 0 0 66
1 0 0 66
1 0 0 66
1 0 0 66
1 0 0 66
1 0 0 42
1 0 0 5
1 0 0 5
1 0 0 5
1 0 0 4
1 0 0 4
1 0 0 4
1 0 0 4
1 0 0 4
1 0 0 67
1 0 0 67
1 0 0 67
1 0 0 67
1 0 0 67
1 0 0 67
1 0 0 67
1 0 0 67
1 0 0 67
1 0 0 67
1 0 0 67
1 0 0 67
1 0 0 67
1 0 0 67
1 0 0 67
1 0 0 67
1 0 0 67
1 0 0 67
1 0 0 67
1 0 0 67
1 0 0 2
1 0 0 2
1 0 0 2
1 0 0 2
1 0 0 2
1 0 0 2
1 0 0 2
1 0 0 2
1 0 0 2
1 0 0 2
1 0 0 2
1 0 0 3
1 0 0 3
1 0 0 3
1 0 0 3
1 0 0 3
1 0 0 3
1 0 0 3
1 0 0 3
1 0 0 5
1 0 0 5
1 0 0 5
1 0 0 5
1 0 0 10
1 0 0 10
1 0 0 10
1 0 0 10
1 0 0 10
1 0 0 10
1 0 0 10
1 0 0 10
1 0 0 10
1 0 0 10
1 0 0 10
1 0 0 10
1 0 0 10
1 0 0 10
1 0 0 10
1 0 0 10
1 0 0 6
1 0 0 3
1 0 0 3
1 0 0 3
1 0 0 14
1 0 0 14
1 0 0 14
1 0 0 14
1 0 0 14
1 0 0 14
1 0 0 14
1 0 0 14
1 0 0 14
1 0 0 14
1 0 0 14
1 0 0 14
1 0 0 14
1 0 0 14
1 0 0 14
1 0 0 14
1 0 0 14
1 0 0 14
1 0 0 6
1 0 0 6
1 0 0 6
1 0 0 6
1 0 0 6
1 0 0 6
1 0 0 6
1 0 0 6
1 0 0 4
1 0 0 4
1 0 0 4
1 0 0 4
1 0 0 68
1 0 0 68
1 0 0 68
1 0 0 68
1 0 0 68
1 0 0 68
1 0 0 68
1 0 0 68
1 0 0 68
1 0 0 68
1 0 0 68
1 0 0 68
1 0 0 68
1 0 0 68
1 0 0 68
1 0 0 68
1 0 0 68
1 0 0 68
1 0 0 68
1 0 0 68
0.1 1 2 -1
0.1 1361 3 -1
0.1 1362 4 -1
0.1 5 6 -1
0.1 8 9 -1
0.1 7 1365 -1
0.1 1364 1366 -1
0.1 12 13 -1
0.1 11 1368 -1
0.1 10 1369 -1
0.1 1367 1370 -1
0.1 15 16 -1
0.1 14 1372 -1
0.1 21 22 -1
0.1 20 1374 -1
0.1 19 1375 -1
0.1 18 1376 -1
0.1 17 1377 -1
0.1 23 24 -1
0.1 1379 25 -1
0.1 1378 1380 -1
0.1 1381 26 -1
0.1 1373 1382 -1
0.1 27 28 -1
0.1 29 30 -1
0.1 1385 31 -1
0.1 33 34 -1
0.1 36 37 -1
0.1 38 39 -1
0.1 1388 1389 -1
0.1 35 1390 -1
0.1 1387 1391 -1
0.1 32 1392 -1
0.1 1393 40 -1
0.1 1386 1394 -1
0.1 1384 1395 -1
0.1 1383 1396 -1
0.1 41 42 -1
0.1 1398 43 -1
0.1 1399 44 -1
0.1 1397 1400 -1
0.1 1371 1401 -1
0.1 1363 1402 -1
0.1 1403 45 -1
0.1 1404 46 -1
0.1 50 51 -1
0.1 49 1406 -1
0.1 48 1407 -1
0.1 47 1408 -1
0.1 53 54 -1
0.1 55 56 -1
0.1 1410 1411 -1
0.1 52 1412 -1
0.1 1413 57 -1
0.1 59 60 -1
0.1 58 1415 -1
0.1 61 62 -1
0.1 1416 1417 -1
0.1 64 65 -1
0.1 67 68 -1
0.1 69 70 -1
0.1 1420 1421 -1
0.1 66 1422 -1
0.1 71 72 -1
0.1 1423 1424 -1
0.1 73 74 -1
0.1 1425 1426 -1
0.1 1419 1427 -1
0.1 63 1428 -1
0.1 76 77 -1
0.1 1430 78 -1
0.1 75 1431 -1
0.1 1429 1432 -1
0.1 1418 1433 -1
0.1 1414 1434 -1
0.1 1409 1435 -1
0.1 81 82 -1
0.1 83 84 -1
0.1 89 90 -1
0.1 88 1439 -1
0.1 87 1440 -1
0.1 86 1441 -1
0.1 85 1442 -1
0.1 92 93 -1
0.1 91 1444 -1
0.1 1443 1445 -1
0.1 1438 1446 -1
0.1 1437 1447 -1
0.1 95 96 -1
0.1 1449 97 -1
0.1 94 1450 -1
0.1 98 99 -1
0.1 1451 1452 -1
0.1 1448 1453 -1
0.1 80 1454 -1
0.1 100 101 -1
0.1 102 103 -1
0.1 104 105 -1
0.1 1457 1458 -1
0.1 1459 106 -1
0.1 109 110 -1
0.1 108 1461 -1
0.1 107 1462 -1
0.1 1463 111 -1
0.1 112 113 -1
0.1 1464 1465 -1
0.1 114 115 -1
0.1 1466 1467 -1
0.1 1460 1468 -1
0.1 1456 1469 -1
0.1 1455 1470 -1
0.1 116 117 -1
0.1 119 120 -1
0.1 122 123 -1
0.1 121 1474 -1
0.1 125 126 -1
0.1 127 128 -1
0.1 1476 1477 -1
0.1 124 1478 -1
0.1 130 131 -1
0.1 129 1480 -1
0.1 1479 1481 -1
0.1 1475 1482 -1
0.1 1473 1483 -1
0.1 134 135 -1
0.1 136 137 -1
0.1 1485 1486 -1
0.1 133 1487 -1
0.1 132 1488 -1
0.1 1484 1489 -1
0.1 118 1490 -1
0.1 1472 1491 -1
0.1 1471 1492 -1
0.1 138 139 -1
0.1 1494 140 -1
0.1 1493 1495 -1
0.1 142 143 -1
0.1 145 146 -1
0.1 144 1498 -1
0.1 1497 1499 -1
0.1 141 1500 -1
0.1 148 149 -1
0.1 147 1502 -1
0.1 1503 150 -1
0.1 1501 1504 -1
0.1 152 153 -1
0.1 151 1506 -1
0.1 154 155 -1
0.1 1507 1508 -1
0.1 1505 1509 -1
0.1 158 159 -1
0.1 157 1511 -1
0.1 156 1512 -1
0.1 1510 1513 -1
0.1 1496 1514 -1
0.1 79 1515 -1
0.1 160 161 -1
0.1 1517 162 -1
0.1 163 164 -1
0.1 166 167 -1
0.1 165 1520 -1
0.1 168 169 -1
0.1 170 171 -1
0.1 1523 172 -1
0.1 1522 1524 -1
0.1 175 176 -1
0.1 174 1526 -1
0.1 173 1527 -1
0.1 1525 1528 -1
0.1 1521 1529 -1
0.1 1519 1530 -1
0.1 1518 1531 -1
0.1 180 181 -1
0.1 185 186 -1
0.1 184 1534 -1
0.1 188 189 -1
0.1 187 1536 -1
0.1 190 191 -1
0.1 192 193 -1
0.1 1538 1539 -1
0.1 1537 1540 -1
0.1 1541 194 -1
0.1 1535 1542 -1
0.1 183 1543 -1
0.1 182 1544 -1
0.1 195 196 -1
0.1 1546 197 -1
0.1 1545 1547 -1
0.1 1548 198 -1
0.1 1533 1549 -1
0.1 179 1550 -1
0.1 178 1551 -1
0.1 177 1552 -1
0.1 199 200 -1
0.1 206 207 -1
0.1 205 1555 -1
0.1 204 1556 -1
0.1 208 209 -1
0.1 210 211 -1
0.1 1558 1559 -1
0.1 212 213 -1
0.1 1560 1561 -1
0.1 216 217 -1
0.1 1563 218 -1
0.1 215 1564 -1
0.1 214 1565 -1
0.1 219 220 -1
0.1 1566 1567 -1
0.1 1562 1568 -1
0.1 1557 1569 -1
0.1 1570 221 -1
0.1 203 1571 -1
0.1 202 1572 -1
0.1 201 1573 -1
0.1 222 223 -1
0.1 1575 224 -1
0.1 225 226 -1
0.1 228 229 -1
0.1 227 1578 -1
0.1 231 232 -1
0.1 1580 233 -1
0.1 234 235 -1
0.1 1581 1582 -1
0.1 230 1583 -1
0.1 1584 236 -1
0.1 1579 1585 -1
0.1 237 238 -1
0.1 240 241 -1
0.1 239 1588 -1
0.1 1587 1589 -1
0.1 242 243 -1
0.1 1590 1591 -1
0.1 1592 244 -1
0.1 1586 1593 -1
0.1 1577 1594 -1
0.1 1576 1595 -1
0.1 1574 1596 -1
0.1 1554 1597 -1
0.1 1553 1598 -1
0.1 249 250 -1
0.1 1600 251 -1
0.1 252 253 -1
0.1 254 255 -1
0.1 1602 1603 -1
0.1 1601 1604 -1
0.1 248 1605 -1
0.1 256 257 -1
0.1 259 260 -1
0.1 258 1608 -1
0.1 1607 1609 -1
0.1 1606 1610 -1
0.1 261 262 -1
0.1 1611 1612 -1
0.1 263 264 -1
0.1 1613 1614 -1
0.1 247 1615 -1
0.1 246 1616 -1
0.1 245 1617 -1
0.1 266 267 -1
0.1 268 269 -1
0.1 1619 1620 -1
0.1 265 1621 -1
0.1 1618 1622 -1
0.1 1599 1623 -1
0.1 272 273 -1
0.1 271 1625 -1
0.1 270 1626 -1
0.1 1624 1627 -1
0.1 274 275 -1
0.1 276 277 -1
0.1 278 279 -1
0.1 1630 1631 -1
0.1 1632 280 -1
0.1 1629 1633 -1
0.1 282 283 -1
0.1 281 1635 -1
0.1 1634 1636 -1
0.1 1637 284 -1
0.1 1638 285 -1
0.1 1628 1639 -1
0.1 1532 1640 -1
0.1 1516 1641 -1
0.1 1436 1642 -1
0.1 288 289 -1
0.1 290 291 -1
0.1 1644 1645 -1
0.1 293 294 -1
0.1 296 297 -1
0.1 299 300 -1
0.1 298 1649 -1
0.1 1648 1650 -1
0.1 295 1651 -1
0.1 1652 301 -1
0.1 1653 302 -1
0.1 1647 1654 -1
0.1 304 305 -1
0.1 306 307 -1
0.1 1656 1657 -1
0.1 303 1658 -1
0.1 1655 1659 -1
0.1 310 311 -1
0.1 309 1661 -1
0.1 308 1662 -1
0.1 1663 312 -1
0.1 1660 1664 -1
0.1 1665 313 -1
0.1 1666 314 -1
0.1 315 316 -1
0.1 1667 1668 -1
0.1 317 318 -1
0.1 1669 1670 -1
0.1 292 1671 -1
0.1 1646 1672 -1
0.1 319 320 -1
0.1 323 324 -1
0.1 325 326 -1
0.1 1675 1676 -1
0.1 327 328 -1
0.1 330 331 -1
0.1 1679 332 -1
0.1 329 1680 -1
0.1 1678 1681 -1
0.1 1677 1682 -1
0.1 335 336 -1
0.1 334 1684 -1
0.1 333 1685 -1
0.1 1686 337 -1
0.1 341 342 -1
0.1 340 1688 -1
0.1 339 1689 -1
0.1 338 1690 -1
0.1 1687 1691 -1
0.1 1683 1692 -1
0.1 343 344 -1
0.1 345 346 -1
0.1 1695 347 -1
0.1 1694 1696 -1
0.1 349 350 -1
0.1 348 1698 -1
0.1 351 352 -1
0.1 353 354 -1
0.1 355 356 -1
0.1 358 359 -1
0.1 361 362 -1
0.1 360 1704 -1
0.1 1703 1705 -1
0.1 357 1706 -1
0.1 1702 1707 -1
0.1 1701 1708 -1
0.1 1700 1709 -1
0.1 1699 1710 -1
0.1 1697 1711 -1
0.1 364 365 -1
0.1 363 1713 -1
0.1 367 368 -1
0.1 366 1715 -1
0.1 370 371 -1
0.1 369 1717 -1
0.1 372 373 -1
0.1 1719 374 -1
0.1 1720 375 -1
0.1 1718 1721 -1
0.1 377 378 -1
0.1 376 1723 -1
0.1 1724 379 -1
0.1 380 381 -1
0.1 1726 382 -1
0.1 1725 1727 -1
0.1 1722 1728 -1
0.1 1716 1729 -1
0.1 1714 1730 -1
0.1 1712 1731 -1
0.1 1693 1732 -1
0.1 322 1733 -1
0.1 321 1734 -1
0.1 1735 383 -1
0.1 1674 1736 -1
0.1 384 385 -1
0.1 1738 386 -1
0.1 387 388 -1
0.1 389 390 -1
0.1 392 393 -1
0.1 391 1742 -1
0.1 1741 1743 -1
0.1 394 395 -1
0.1 1744 1745 -1
0.1 1740 1746 -1
0.1 396 397 -1
0.1 1748 398 -1
0.1 400 401 -1
0.1 399 1750 -1
0.1 1749 1751 -1
0.1 402 403 -1
0.1 1752 1753 -1
0.1 1747 1754 -1
0.1 1739 1755 -1
0.1 405 406 -1
0.1 404 1757 -1
0.1 407 408 -1
0.1 1759 409 -1
0.1 412 413 -1
0.1 411 1761 -1
0.1 410 1762 -1
0.1 1763 414 -1
0.1 416 417 -1
0.1 415 1765 -1
0.1 418 419 -1
0.1 1766 1767 -1
0.1 420 421 -1
0.1 1768 1769 -1
0.1 1764 1770 -1
0.1 422 423 -1
0.1 1771 1772 -1
0.1 1760 1773 -1
0.1 1758 1774 -1
0.1 426 427 -1
0.1 425 1776 -1
0.1 424 1777 -1
0.1 1778 428 -1
0.1 429 430 -1
0.1 431 432 -1
0.1 1780 1781 -1
0.1 433 434 -1
0.1 436 437 -1
0.1 435 1784 -1
0.1 1783 1785 -1
0.1 438 439 -1
0.1 440 441 -1
0.1 1787 1788 -1
0.1 1786 1789 -1
0.1 1782 1790 -1
0.1 1791 442 -1
0.1 1792 443 -1
0.1 1779 1793 -1
0.1 1775 1794 -1
0.1 1756 1795 -1
0.1 444 445 -1
0.1 449 450 -1
0.1 448 1798 -1
0.1 447 1799 -1
0.1 454 455 -1
0.1 453 1801 -1
0.1 452 1802 -1
0.1 457 458 -1
0.1 1804 459 -1
0.1 456 1805 -1
0.1 460 461 -1
0.1 1806 1807 -1
0.1 1803 1808 -1
0.1 1809 462 -1
0.1 451 1810 -1
0.1 1800 1811 -1
0.1 446 1812 -1
0.1 1797 1813 -1
0.1 1814 463 -1
0.1 1796 1815 -1
0.1 465 466 -1
0.1 464 1817 -1
0.1 1816 1818 -1
0.1 1737 1819 -1
0.1 1673 1820 -1
0.1 468 469 -1
0.1 467 1822 -1
0.1 1821 1823 -1
0.1 470 471 -1
0.1 1824 1825 -1
0.1 473 474 -1
0.1 472 1827 -1
0.1 1826 1828 -1
0.1 1829 475 -1
0.1 287 1830 -1
0.1 286 1831 -1
0.1 479 480 -1
0.1 478 1833 -1
0.1 477 1834 -1
0.1 481 482 -1
0.1 1836 483 -1
0.1 1837 484 -1
0.1 1835 1838 -1
0.1 486 487 -1
0.1 485 1840 -1
0.1 1839 1841 -1
0.1 476 1842 -1
0.1 1832 1843 -1
0.1 491 492 -1
0.1 1845 493 -1
0.1 494 495 -1
0.1 496 497 -1
0.1 498 499 -1
0.1 1848 1849 -1
0.1 1847 1850 -1
0.1 1846 1851 -1
0.1 501 502 -1
0.1 1853 503 -1
0.1 504 505 -1
0.1 1855 506 -1
0.1 1856 507 -1
0.1 1857 508 -1
0.1 1854 1858 -1
0.1 500 1859 -1
0.1 1852 1860 -1
0.1 509 510 -1
0.1 1861 1862 -1
0.1 1863 511 -1
0.1 490 1864 -1
0.1 515 516 -1
0.1 514 1866 -1
0.1 517 518 -1
0.1 1867 1868 -1
0.1 523 524 -1
0.1 522 1870 -1
0.1 1871 525 -1
0.1 526 527 -1
0.1 1872 1873 -1
0.1 521 1874 -1
0.1 528 529 -1
0.1 530 531 -1
0.1 1876 1877 -1
0.1 1875 1878 -1
0.1 533 534 -1
0.1 532 1880 -1
0.1 1881 535 -1
0.1 1879 1882 -1
0.1 536 537 -1
0.1 539 540 -1
0.1 538 1885 -1
0.1 1884 1886 -1
0.1 1883 1887 -1
0.1 520 1888 -1
0.1 1889 541 -1
0.1 519 1890 -1
0.1 1869 1891 -1
0.1 513 1892 -1
0.1 512 1893 -1
0.1 542 543 -1
0.1 1894 1895 -1
0.1 1896 544 -1
0.1 1865 1897 -1
0.1 546 547 -1
0.1 1899 548 -1
0.1 545 1900 -1
0.1 550 551 -1
0.1 549 1902 -1
0.1 552 553 -1
0.1 1904 554 -1
0.1 555 556 -1
0.1 1906 557 -1
0.1 1905 1907 -1
0.1 1903 1908 -1
0.1 559 560 -1
0.1 1910 561 -1
0.1 558 1911 -1
0.1 1909 1912 -1
0.1 1901 1913 -1
0.1 1898 1914 -1
0.1 489 1915 -1
0.1 563 564 -1
0.1 562 1917 -1
0.1 565 566 -1
0.1 1919 567 -1
0.1 1918 1920 -1
0.1 1921 568 -1
0.1 570 571 -1
0.1 569 1923 -1
0.1 573 574 -1
0.1 572 1925 -1
0.1 1924 1926 -1
0.1 1922 1927 -1
0.1 575 576 -1
0.1 1928 1929 -1
0.1 577 578 -1
0.1 580 581 -1
0.1 579 1932 -1
0.1 1931 1933 -1
0.1 1930 1934 -1
0.1 1916 1935 -1
0.1 488 1936 -1
0.1 1844 1937 -1
0.1 1643 1938 -1
0.1 1405 1939 -1
0.1 582 583 -1
0.1 584 585 -1
0.1 586 587 -1
0.1 1943 588 -1
0.1 1942 1944 -1
0.1 589 590 -1
0.1 1946 591 -1
0.1 1945 1947 -1
0.1 1941 1948 -1
0.1 593 594 -1
0.1 592 1950 -1
0.1 597 598 -1
0.1 596 1952 -1
0.1 595 1953 -1
0.1 1951 1954 -1
0.1 599 600 -1
0.1 603 604 -1
0.1 602 1957 -1
0.1 601 1958 -1
0.1 1956 1959 -1
0.1 607 608 -1
0.1 606 1961 -1
0.1 1962 609 -1
0.1 605 1963 -1
0.1 1960 1964 -1
0.1 1955 1965 -1
0.1 1949 1966 -1
0.1 1940 1967 -1
0.1 611 612 -1
0.1 610 1969 -1
0.1 614 615 -1
0.1 613 1971 -1
0.1 617 618 -1
0.1 616 1973 -1
0.1 619 620 -1
0.1 1974 1975 -1
0.1 622 623 -1
0.1 1977 624 -1
0.1 626 627 -1
0.1 625 1979 -1
0.1 628 629 -1
0.1 1980 1981 -1
0.1 630 631 -1
0.1 1982 1983 -1
0.1 632 633 -1
0.1 1984 1985 -1
0.1 634 635 -1
0.1 1987 636 -1
0.1 637 638 -1
0.1 639 640 -1
0.1 1989 1990 -1
0.1 1988 1991 -1
0.1 643 644 -1
0.1 642 1993 -1
0.1 641 1994 -1
0.1 1992 1995 -1
0.1 1986 1996 -1
0.1 1978 1997 -1
0.1 621 1998 -1
0.1 1999 645 -1
0.1 1976 2000 -1
0.1 1972 2001 -1
0.1 649 650 -1
0.1 651 652 -1
0.1 2004 653 -1
0.1 2005 654 -1
0.1 655 656 -1
0.1 2007 657 -1
0.1 2006 2008 -1
0.1 2003 2009 -1
0.1 660 661 -1
0.1 659 2011 -1
0.1 658 2012 -1
0.1 663 664 -1
0.1 666 667 -1
0.1 665 2015 -1
0.1 2014 2016 -1
0.1 662 2017 -1
0.1 2013 2018 -1
0.1 2010 2019 -1
0.1 2020 668 -1
0.1 648 2021 -1
0.1 669 670 -1
0.1 671 672 -1
0.1 2023 2024 -1
0.1 2022 2025 -1
0.1 647 2026 -1
0.1 646 2027 -1
0.1 2002 2028 -1
0.1 1970 2029 -1
0.1 674 675 -1
0.1 673 2031 -1
0.1 677 678 -1
0.1 2033 679 -1
0.1 680 681 -1
0.1 2034 2035 -1
0.1 682 683 -1
0.1 685 686 -1
0.1 684 2038 -1
0.1 2037 2039 -1
0.1 687 688 -1
0.1 2041 689 -1
0.1 2040 2042 -1
0.1 2043 690 -1
0.1 691 692 -1
0.1 2045 693 -1
0.1 2044 2046 -1
0.1 695 696 -1
0.1 694 2048 -1
0.1 2047 2049 -1
0.1 2036 2050 -1
0.1 2051 697 -1
0.1 676 2052 -1
0.1 699 700 -1
0.1 698 2054 -1
0.1 701 702 -1
0.1 2055 2056 -1
0.1 703 704 -1
0.1 2057 2058 -1
0.1 708 709 -1
0.1 710 711 -1
0.1 712 713 -1
0.1 2061 2062 -1
0.1 2060 2063 -1
0.1 707 2064 -1
0.1 706 2065 -1
0.1 705 2066 -1
0.1 716 717 -1
0.1 715 2068 -1
0.1 714 2069 -1
0.1 2067 2070 -1
0.1 2059 2071 -1
0.1 721 722 -1
0.1 723 724 -1
0.1 2073 2074 -1
0.1 720 2075 -1
0.1 719 2076 -1
0.1 726 727 -1
0.1 725 2078 -1
0.1 728 729 -1
0.1 2080 730 -1
0.1 2081 731 -1
0.1 733 734 -1
0.1 732 2083 -1
0.1 736 737 -1
0.1 735 2085 -1
0.1 2086 738 -1
0.1 2084 2087 -1
0.1 2082 2088 -1
0.1 2079 2089 -1
0.1 2077 2090 -1
0.1 718 2091 -1
0.1 2072 2092 -1
0.1 2053 2093 -1
0.1 2032 2094 -1
0.1 2030 2095 -1
0.1 744 745 -1
0.1 743 2097 -1
0.1 742 2098 -1
0.1 746 747 -1
0.1 748 749 -1
0.1 2101 750 -1
0.1 754 755 -1
0.1 753 2103 -1
0.1 752 2104 -1
0.1 751 2105 -1
0.1 756 757 -1
0.1 2106 2107 -1
0.1 2108 758 -1
0.1 760 761 -1
0.1 759 2110 -1
0.1 2109 2111 -1
0.1 2102 2112 -1
0.1 2100 2113 -1
0.1 2114 762 -1
0.1 2099 2115 -1
0.1 741 2116 -1
0.1 764 765 -1
0.1 2118 766 -1
0.1 2119 767 -1
0.1 768 769 -1
0.1 2120 2121 -1
0.1 771 772 -1
0.1 770 2123 -1
0.1 773 774 -1
0.1 777 778 -1
0.1 776 2126 -1
0.1 775 2127 -1
0.1 780 781 -1
0.1 2129 782 -1
0.1 779 2130 -1
0.1 2128 2131 -1
0.1 2132 783 -1
0.1 2125 2133 -1
0.1 2124 2134 -1
0.1 2122 2135 -1
0.1 785 786 -1
0.1 784 2137 -1
0.1 2136 2138 -1
0.1 2139 787 -1
0.1 763 2140 -1
0.1 788 789 -1
0.1 2142 790 -1
0.1 792 793 -1
0.1 791 2144 -1
0.1 795 796 -1
0.1 794 2146 -1
0.1 2147 797 -1
0.1 798 799 -1
0.1 800 801 -1
0.1 802 803 -1
0.1 2151 804 -1
0.1 2150 2152 -1
0.1 2149 2153 -1
0.1 806 807 -1
0.1 805 2155 -1
0.1 2154 2156 -1
0.1 2148 2157 -1
0.1 2145 2158 -1
0.1 2143 2159 -1
0.1 808 809 -1
0.1 2160 2161 -1
0.1 2162 810 -1
0.1 813 814 -1
0.1 812 2164 -1
0.1 815 816 -1
0.1 2165 2166 -1
0.1 2167 817 -1
0.1 818 819 -1
0.1 820 821 -1
0.1 2170 822 -1
0.1 823 824 -1
0.1 826 827 -1
0.1 829 830 -1
0.1 828 2174 -1
0.1 2173 2175 -1
0.1 825 2176 -1
0.1 2172 2177 -1
0.1 2178 831 -1
0.1 2171 2179 -1
0.1 2169 2180 -1
0.1 2168 2181 -1
0.1 811 2182 -1
0.1 2163 2183 -1
0.1 834 835 -1
0.1 833 2185 -1
0.1 832 2186 -1
0.1 836 837 -1
0.1 840 841 -1
0.1 2189 842 -1
0.1 839 2190 -1
0.1 843 844 -1
0.1 2191 2192 -1
0.1 838 2193 -1
0.1 2188 2194 -1
0.1 845 846 -1
0.1 2196 847 -1
0.1 848 849 -1
0.1 850 851 -1
0.1 2198 2199 -1
0.1 2197 2200 -1
0.1 2201 852 -1
0.1 2195 2202 -1
0.1 854 855 -1
0.1 853 2204 -1
0.1 2203 2205 -1
0.1 2187 2206 -1
0.1 856 857 -1
0.1 862 863 -1
0.1 861 2209 -1
0.1 2210 864 -1
0.1 860 2211 -1
0.1 866 867 -1
0.1 865 2213 -1
0.1 870 871 -1
0.1 869 2215 -1
0.1 873 874 -1
0.1 872 2217 -1
0.1 2216 2218 -1
0.1 868 2219 -1
0.1 876 877 -1
0.1 875 2221 -1
0.1 2220 2222 -1
0.1 878 879 -1
0.1 880 881 -1
0.1 882 883 -1
0.1 2225 2226 -1
0.1 2227 884 -1
0.1 2224 2228 -1
0.1 2223 2229 -1
0.1 2214 2230 -1
0.1 885 886 -1
0.1 887 888 -1
0.1 2232 2233 -1
0.1 2234 889 -1
0.1 891 892 -1
0.1 2236 893 -1
0.1 2237 894 -1
0.1 890 2238 -1
0.1 2235 2239 -1
0.1 896 897 -1
0.1 898 899 -1
0.1 2241 2242 -1
0.1 895 2243 -1
0.1 2240 2244 -1
0.1 2231 2245 -1
0.1 2212 2246 -1
0.1 859 2247 -1
0.1 2248 900 -1
0.1 2249 901 -1
0.1 858 2250 -1
0.1 2208 2251 -1
0.1 2207 2252 -1
0.1 902 903 -1
0.1 904 905 -1
0.1 908 909 -1
0.1 907 2256 -1
0.1 906 2257 -1
0.1 2258 910 -1
0.1 2255 2259 -1
0.1 912 913 -1
0.1 2261 914 -1
0.1 2262 915 -1
0.1 916 917 -1
0.1 918 919 -1
0.1 920 921 -1
0.1 2265 2266 -1
0.1 2264 2267 -1
0.1 923 924 -1
0.1 922 2269 -1
0.1 2270 925 -1
0.1 2268 2271 -1
0.1 2263 2272 -1
0.1 2273 926 -1
0.1 927 928 -1
0.1 2275 929 -1
0.1 2276 930 -1
0.1 2274 2277 -1
0.1 911 2278 -1
0.1 2279 931 -1
0.1 2260 2280 -1
0.1 2254 2281 -1
0.1 2253 2282 -1
0.1 934 935 -1
0.1 936 937 -1
0.1 2284 2285 -1
0.1 933 2286 -1
0.1 938 939 -1
0.1 2288 940 -1
0.1 941 942 -1
0.1 943 944 -1
0.1 2290 2291 -1
0.1 2289 2292 -1
0.1 948 949 -1
0.1 947 2294 -1
0.1 950 951 -1
0.1 2296 952 -1
0.1 2295 2297 -1
0.1 946 2298 -1
0.1 945 2299 -1
0.1 2293 2300 -1
0.1 2287 2301 -1
0.1 932 2302 -1
0.1 2283 2303 -1
0.1 954 955 -1
0.1 957 958 -1
0.1 956 2306 -1
0.1 2305 2307 -1
0.1 959 960 -1
0.1 2308 2309 -1
0.1 953 2310 -1
0.1 2311 961 -1
0.1 962 963 -1
0.1 965 966 -1
0.1 964 2314 -1
0.1 2313 2315 -1
0.1 969 970 -1
0.1 971 972 -1
0.1 2317 2318 -1
0.1 968 2319 -1
0.1 967 2320 -1
0.1 2316 2321 -1
0.1 2312 2322 -1
0.1 2304 2323 -1
0.1 973 974 -1
0.1 2325 975 -1
0.1 976 977 -1
0.1 2327 978 -1
0.1 979 980 -1
0.1 981 982 -1
0.1 983 984 -1
0.1 2331 985 -1
0.1 2330 2332 -1
0.1 986 987 -1
0.1 2333 2334 -1
0.1 2329 2335 -1
0.1 990 991 -1
0.1 989 2337 -1
0.1 2338 992 -1
0.1 988 2339 -1
0.1 2336 2340 -1
0.1 2328 2341 -1
0.1 2326 2342 -1
0.1 993 994 -1
0.1 2343 2344 -1
0.1 995 996 -1
0.1 998 999 -1
0.1 997 2347 -1
0.1 2346 2348 -1
0.1 1000 1001 -1
0.1 1002 1003 -1
0.1 1004 1005 -1
0.1 2351 2352 -1
0.1 1006 1007 -1
0.1 2354 1008 -1
0.1 2355 1009 -1
0.1 1011 1012 -1
0.1 2357 1013 -1
0.1 1014 1015 -1
0.1 2358 2359 -1
0.1 1010 2360 -1
0.1 2361 1016 -1
0.1 2362 1017 -1
0.1 2356 2363 -1
0.1 2364 1018 -1
0.1 1019 1020 -1
0.1 2366 1021 -1
0.1 2365 2367 -1
0.1 2353 2368 -1
0.1 2350 2369 -1
0.1 2349 2370 -1
0.1 2345 2371 -1
0.1 2324 2372 -1
0.1 2373 1022 -1
0.1 2184 2374 -1
0.1 2141 2375 -1
0.1 2117 2376 -1
0.1 740 2377 -1
0.1 1026 1027 -1
0.1 2379 1028 -1
0.1 1029 1030 -1
0.1 1031 1032 -1
0.1 2382 1033 -1
0.1 1036 1037 -1
0.1 1035 2384 -1
0.1 1034 2385 -1
0.1 2386 1038 -1
0.1 2383 2387 -1
0.1 2381 2388 -1
0.1 2380 2389 -1
0.1 1041 1042 -1
0.1 1040 2391 -1
0.1 1043 1044 -1
0.1 2393 1045 -1
0.1 2392 2394 -1
0.1 1039 2395 -1
0.1 2390 2396 -1
0.1 1025 2397 -1
0.1 1024 2398 -1
0.1 1046 1047 -1
0.1 1049 1050 -1
0.1 1048 2401 -1
0.1 2400 2402 -1
0.1 1052 1053 -1
0.1 2404 1054 -1
0.1 1055 1056 -1
0.1 2405 2406 -1
0.1 2407 1057 -1
0.1 1051 2408 -1
0.1 1059 1060 -1
0.1 2410 1061 -1
0.1 1063 1064 -1
0.1 1062 2412 -1
0.1 2411 2413 -1
0.1 1058 2414 -1
0.1 2409 2415 -1
0.1 2416 1065 -1
0.1 2403 2417 -1
0.1 1066 1067 -1
0.1 2418 2419 -1
0.1 1069 1070 -1
0.1 1071 1072 -1
0.1 2421 2422 -1
0.1 2423 1073 -1
0.1 2424 1074 -1
0.1 2425 1075 -1
0.1 1076 1077 -1
0.1 2426 2427 -1
0.1 1078 1079 -1
0.1 1081 1082 -1
0.1 1080 2430 -1
0.1 2431 1083 -1
0.1 1085 1086 -1
0.1 1084 2433 -1
0.1 2432 2434 -1
0.1 2429 2435 -1
0.1 1087 1088 -1
0.1 1089 1090 -1
0.1 1092 1093 -1
0.1 1094 1095 -1
0.1 1096 1097 -1
0.1 2440 2441 -1
0.1 2439 2442 -1
0.1 1091 2443 -1
0.1 2438 2444 -1
0.1 2437 2445 -1
0.1 2436 2446 -1
0.1 2428 2447 -1
0.1 1098 1099 -1
0.1 1100 1101 -1
0.1 1102 1103 -1
0.1 2450 2451 -1
0.1 1105 1106 -1
0.1 1107 1108 -1
0.1 2454 1109 -1
0.1 2453 2455 -1
0.1 1104 2456 -1
0.1 2452 2457 -1
0.1 1111 1112 -1
0.1 1113 1114 -1
0.1 2459 2460 -1
0.1 1110 2461 -1
0.1 1116 1117 -1
0.1 1115 2463 -1
0.1 2462 2464 -1
0.1 1118 1119 -1
0.1 2465 2466 -1
0.1 2458 2467 -1
0.1 1120 1121 -1
0.1 1123 1124 -1
0.1 1122 2470 -1
0.1 2471 1125 -1
0.1 2469 2472 -1
0.1 1128 1129 -1
0.1 1127 2474 -1
0.1 1126 2475 -1
0.1 1130 1131 -1
0.1 2476 2477 -1
0.1 2473 2478 -1
0.1 1133 1134 -1
0.1 2480 1135 -1
0.1 1132 2481 -1
0.1 1137 1138 -1
0.1 2483 1139 -1
0.1 1136 2484 -1
0.1 2482 2485 -1
0.1 2479 2486 -1
0.1 2468 2487 -1
0.1 2449 2488 -1
0.1 2448 2489 -1
0.1 1141 1142 -1
0.1 1140 2491 -1
0.1 1144 1145 -1
0.1 2493 1146 -1
0.1 2494 1147 -1
0.1 1148 1149 -1
0.1 2495 2496 -1
0.1 1151 1152 -1
0.1 2498 1153 -1
0.1 2499 1154 -1
0.1 1150 2500 -1
0.1 2497 2501 -1
0.1 1155 1156 -1
0.1 2503 1157 -1
0.1 1158 1159 -1
0.1 1160 1161 -1
0.1 2505 2506 -1
0.1 2504 2507 -1
0.1 2508 1162 -1
0.1 2502 2509 -1
0.1 2510 1163 -1
0.1 2511 1164 -1
0.1 1143 2512 -1
0.1 2492 2513 -1
0.1 2490 2514 -1
0.1 1068 2515 -1
0.1 1165 1166 -1
0.1 1167 1168 -1
0.1 1170 1171 -1
0.1 1169 2519 -1
0.1 2520 1172 -1
0.1 2518 2521 -1
0.1 2517 2522 -1
0.1 1173 1174 -1
0.1 2524 1175 -1
0.1 2523 2525 -1
0.1 2516 2526 -1
0.1 1176 1177 -1
0.1 2528 1178 -1
0.1 2527 2529 -1
0.1 1181 1182 -1
0.1 1180 2531 -1
0.1 1183 1184 -1
0.1 2533 1185 -1
0.1 2532 2534 -1
0.1 1179 2535 -1
0.1 1186 1187 -1
0.1 2537 1188 -1
0.1 2536 2538 -1
0.1 1189 1190 -1
0.1 1191 1192 -1
0.1 2541 1193 -1
0.1 2542 1194 -1
0.1 1195 1196 -1
0.1 2543 2544 -1
0.1 2540 2545 -1
0.1 1197 1198 -1
0.1 2546 2547 -1
0.1 2539 2548 -1
0.1 2530 2549 -1
0.1 2420 2550 -1
0.1 2399 2551 -1
0.1 1199 1200 -1
0.1 1202 1203 -1
0.1 1204 1205 -1
0.1 2554 2555 -1
0.1 1201 2556 -1
0.1 1207 1208 -1
0.1 1206 2558 -1
0.1 1210 1211 -1
0.1 1209 2560 -1
0.1 2559 2561 -1
0.1 2557 2562 -1
0.1 1214 1215 -1
0.1 1213 2564 -1
0.1 1212 2565 -1
0.1 2566 1216 -1
0.1 1217 1218 -1
0.1 2567 2568 -1
0.1 2563 2569 -1
0.1 2553 2570 -1
0.1 1221 1222 -1
0.1 1220 2572 -1
0.1 2573 1223 -1
0.1 2574 1224 -1
0.1 1225 1226 -1
0.1 1227 1228 -1
0.1 2576 2577 -1
0.1 2578 1229 -1
0.1 2575 2579 -1
0.1 1219 2580 -1
0.1 1232 1233 -1
0.1 1231 2582 -1
0.1 2583 1234 -1
0.1 1230 2584 -1
0.1 2585 1235 -1
0.1 2586 1236 -1
0.1 2581 2587 -1
0.1 1237 1238 -1
0.1 2588 2589 -1
0.1 2590 1239 -1
0.1 2571 2591 -1
0.1 2552 2592 -1
0.1 1023 2593 -1
0.1 2378 2594 -1
0.1 2595 1240 -1
0.1 1241 1242 -1
0.1 2596 2597 -1
0.1 739 2598 -1
0.1 1243 1244 -1
0.1 1246 1247 -1
0.1 1250 1251 -1
0.1 1249 2602 -1
0.1 1248 2603 -1
0.1 1252 1253 -1
0.1 1255 1256 -1
0.1 1254 2606 -1
0.1 1258 1259 -1
0.1 1261 1262 -1
0.1 2609 1263 -1
0.1 1260 2610 -1
0.1 2608 2611 -1
0.1 2612 1264 -1
0.1 1257 2613 -1
0.1 1265 1266 -1
0.1 2615 1267 -1
0.1 2614 2616 -1
0.1 2607 2617 -1
0.1 2605 2618 -1
0.1 2604 2619 -1
0.1 2601 2620 -1
0.1 1245 2621 -1
0.1 2600 2622 -1
0.1 2599 2623 -1
0.1 2096 2624 -1
0.1 1270 1271 -1
0.1 1269 2626 -1
0.1 1268 2627 -1
0.1 2628 1272 -1
0.1 1274 1275 -1
0.1 1276 1277 -1
0.1 2631 1278 -1
0.1 2630 2632 -1
0.1 1273 2633 -1
0.1 2629 2634 -1
0.1 1281 1282 -1
0.1 1280 2636 -1
0.1 1279 2637 -1
0.1 1284 1285 -1
0.1 1283 2639 -1
0.1 2638 2640 -1
0.1 2641 1286 -1
0.1 1289 1290 -1
0.1 1288 2643 -1
0.1 1287 2644 -1
0.1 1291 1292 -1
0.1 1293 1294 -1
0.1 2646 2647 -1
0.1 1296 1297 -1
0.1 1295 2649 -1
0.1 2648 2650 -1
0.1 1299 1300 -1
0.1 1301 1302 -1
0.1 2652 2653 -1
0.1 1298 2654 -1
0.1 1305 1306 -1
0.1 1304 2656 -1
0.1 1303 2657 -1
0.1 2655 2658 -1
0.1 2651 2659 -1
0.1 2645 2660 -1
0.1 2642 2661 -1
0.1 2635 2662 -1
0.1 1309 1310 -1
0.1 1308 2664 -1
0.1 1307 2665 -1
0.1 1311 1312 -1
0.1 2667 1313 -1
0.1 1315 1316 -1
0.1 2669 1317 -1
0.1 2670 1318 -1
0.1 1319 1320 -1
0.1 2671 2672 -1
0.1 1321 1322 -1
0.1 1324 1325 -1
0.1 1323 2675 -1
0.1 2674 2676 -1
0.1 2673 2677 -1
0.1 1326 1327 -1
0.1 2679 1328 -1
0.1 2678 2680 -1
0.1 1314 2681 -1
0.1 2668 2682 -1
0.1 2666 2683 -1
0.1 2663 2684 -1
0.1 1329 1330 -1
0.1 1331 1332 -1
0.1 1333 1334 -1
0.1 2688 1335 -1
0.1 2687 2689 -1
0.1 2690 1336 -1
0.1 2686 2691 -1
0.1 1337 1338 -1
0.1 1341 1342 -1
0.1 1344 1345 -1
0.1 1343 2695 -1
0.1 2694 2696 -1
0.1 1346 1347 -1
0.1 1348 1349 -1
0.1 1350 1351 -1
0.1 2699 2700 -1
0.1 1353 1354 -1
0.1 1352 2702 -1
0.1 2701 2703 -1
0.1 2704 1355 -1
0.1 2698 2705 -1
0.1 1357 1358 -1
0.1 1356 2707 -1
0.1 1359 1360 -1
0.1 2708 2709 -1
0.1 2706 2710 -1
0.1 2697 2711 -1
0.1 1340 2712 -1
0.1 1339 2713 -1
0.1 2693 2714 -1
0.1 2692 2715 -1
0.1 2685 2716 -1
0.1 2625 2717 -1
0.1 1968 2718 -1
