1 0 0 1
1 0 0 1
1 0 0 1
1 0 0 1
1 0 0 1
1 0 0 2
1 0 0 3
1 0 0 3
1 0 0 3
1 0 0 3
1 0 0 3
1 0 0 3
1 0 0 3
1 0 0 3
1 0 0 3
1 0 0 3
1 0 0 2
1 0 0 4
1 0 0 4
1 0 0 4
1 0 0 4
1 0 0 4
1 0 0 4
1 0 0 4
1 0 0 4
1 0 0 4
1 0 0 4
1 0 0 5
1 0 0 5
1 0 0 5
1 0 0 5
1 0 0 5
1 0 0 6
1 0 0 6
1 0 0 6
1 0 0 6
1 0 0 6
1 0 0 6
1 0 0 6
1 0 0 6
1 0 0 6
1 0 0 6
1 0 0 5
1 0 0 7
1 0 0 7
1 0 0 7
1 0 0 7
1 0 0 7
1 0 0 7
1 0 0 7
1 0 0 7
1 0 0 7
1 0 0 7
1 0 0 5
1 0 0 5
1 0 0 5
1 0 0 5
1 0 0 8
1 0 0 8
1 0 0 8
1 0 0 8
1 0 0 8
1 0 0 8
1 0 0 8
1 0 0 8
1 0 0 8
1 0 0 8
1 0 0 2
1 0 0 9
1 0 0 9
1 0 0 9
1 0 0 9
1 0 0 9
1 0 0 9
1 0 0 9
1 0 0 9
1 0 0 9
1 0 0 9
1 0 0 10
1 0 0 10
1 0 0 10
1 0 0 10
1 0 0 10
1 0 0 10
1 0 0 10
1 0 0 10
1 0 0 10
1 0 0 10
1 0 0 11
1 0 0 12
1 0 0 12
1 0 0 12
1 0 0 12
1 0 0 12
1 0 0 12
1 0 0 12
1 0 0 12
1 0 0 12
1 0 0 12
1 0 0 11
1 0 0 11
1 0 0 11
1 0 0 11
1 0 0 13
1 0 0 13
1 0 0 13
1 0 0 13
1 0 0 13
1 0 0 13
1 0 0 13
1 0 0 13
1 0 0 13
1 0 0 13
1 0 0 11
1 0 0 11
1 0 0 11
1 0 0 11
1 0 0 11
1 0 0 14
1 0 0 14
1 0 0 14
1 0 0 14
1 0 0 14
1 0 0 14
1 0 0 14
1 0 0 14
1 0 0 14
1 0 0 14
1 0 0 2
1 0 0 2
1 0 0 2
1 0 0 15
1 0 0 15
1 0 0 15
1 0 0 15
1 0 0 15
1 0 0 15
1 0 0 15
1 0 0 15
1 0 0 15
1 0 0 16
1 0 0 16
1 0 0 16
1 0 0 16
1 0 0 16
1 0 0 16
1 0 0 16
1 0 0 16
1 0 0 16
1 0 0 16
1 0 0 15
1 0 0 17
1 0 0 17
1 0 0 17
1 0 0 18
1 0 0 18
1 0 0 18
1 0 0 19
1 0 0 19
1 0 0 19
1 0 0 19
1 0 0 19
1 0 0 19
1 0 0 19
1 0 0 19
1 0 0 19
1 0 0 19
1 0 0 20
1 0 0 20
1 0 0 20
1 0 0 20
1 0 0 20
1 0 0 20
1 0 0 20
1 0 0 20
1 0 0 20
1 0 0 20
1 0 0 18
1 0 0 18
1 0 0 21
1 0 0 21
1 0 0 21
1 0 0 21
1 0 0 21
1 0 0 21
1 0 0 21
1 0 0 21
1 0 0 21
1 0 0 21
1 0 0 18
1 0 0 18
1 0 0 22
1 0 0 22
1 0 0 22
1 0 0 22
1 0 0 22
1 0 0 22
1 0 0 22
1 0 0 22
1 0 0 22
1 0 0 22
1 0 0 18
1 0 0 18
1 0 0 18
1 0 0 17
1 0 0 17
1 0 0 17
1 0 0 17
1 0 0 17
1 0 0 23
1 0 0 23
1 0 0 23
1 0 0 23
1 0 0 23
1 0 0 23
1 0 0 23
1 0 0 23
1 0 0 23
1 0 0 23
1 0 0 17
1 0 0 17
1 0 0 2
1 0 0 2
1 0 0 2
1 0 0 2
1 0 0 24
1 0 0 24
1 0 0 25
1 0 0 25
1 0 0 25
1 0 0 25
1 0 0 26
1 0 0 26
1 0 0 26
1 0 0 26
1 0 0 26
1 0 0 26
1 0 0 26
1 0 0 25
1 0 0 26
1 0 0 26
1 0 0 26
1 0 0 25
1 0 0 25
1 0 0 25
1 0 0 24
1 0 0 24
1 0 0 24
1 0 0 24
1 0 0 24
1 0 0 24
1 0 0 24
1 0 0 24
1 0 0 25
1 0 0 25
1 0 0 27
1 0 0 27
1 0 0 27
1 0 0 27
1 0 0 27
1 0 0 27
1 0 0 27
1 0 0 27
1 0 0 27
1 0 0 27
1 0 0 28
1 0 0 28
1 0 0 28
1 0 0 28
1 0 0 28
1 0 0 28
1 0 0 28
1 0 0 28
1 0 0 28
1 0 0 28
1 0 0 29
1 0 0 29
1 0 0 30
1 0 0 30
1 0 0 31
1 0 0 31
1 0 0 31
1 0 0 31
1 0 0 31
1 0 0 31
1 0 0 31
1 0 0 31
1 0 0 31
1 0 0 31
1 0 0 32
1 0 0 32
1 0 0 32
1 0 0 32
1 0 0 32
1 0 0 32
1 0 0 32
1 0 0 32
1 0 0 32
1 0 0 32
1 0 0 30
1 0 0 30
1 0 0 30
1 0 0 30
1 0 0 30
1 0 0 33
1 0 0 33
1 0 0 33
1 0 0 33
1 0 0 33
1 0 0 33
1 0 0 33
1 0 0 33
1 0 0 33
1 0 0 33
1 0 0 30
1 0 0 30
1 0 0 30
1 0 0 34
1 0 0 34
1 0 0 34
1 0 0 34
1 0 0 34
1 0 0 34
1 0 0 34
1 0 0 35
1 0 0 35
1 0 0 35
1 0 0 35
1 0 0 35
1 0 0 35
1 0 0 35
1 0 0 35
1 0 0 35
1 0 0 35
1 0 0 34
1 0 0 34
1 0 0 34
1 0 0 36
1 0 0 36
1 0 0 36
1 0 0 36
1 0 0 36
1 0 0 36
1 0 0 36
1 0 0 36
1 0 0 36
1 0 0 37
1 0 0 36
1 0 0 37
1 0 0 37
1 0 0 37
1 0 0 37
1 0 0 38
1 0 0 38
1 0 0 38
1 0 0 38
1 0 0 38
1 0 0 38
1 0 0 38
1 0 0 38
1 0 0 38
1 0 0 38
1 0 0 37
1 0 0 37
1 0 0 37
1 0 0 37
1 0 0 37
1 0 0 29
1 0 0 29
1 0 0 29
1 0 0 29
1 0 0 29
1 0 0 29
1 0 0 39
1 0 0 39
1 0 0 39
1 0 0 39
1 0 0 39
1 0 0 39
1 0 0 39
1 0 0 39
1 0 0 39
1 0 0 39
1 0 0 29
1 0 0 29
1 0 0 40
1 0 0 1
1 0 0 1
1 0 0 1
1 0 0 1
1 0 0 1
1 0 0 40
1 0 0 40
1 0 0 40
1 0 0 40
1 0 0 40
1 0 0 40
1 0 0 40
1 0 0 40
1 0 0 40
1 0 0 41
1 0 0 41
1 0 0 41
1 0 0 41
1 0 0 41
1 0 0 41
1 0 0 41
1 0 0 41
1 0 0 41
1 0 0 41
0.1 1 2 -1
0.1 3 4 -1
0.1 411 412 -1
0.1 413 5 -1
0.1 10 11 -1
0.1 9 415 -1
0.1 8 416 -1
0.1 7 417 -1
0.1 13 14 -1
0.1 12 419 -1
0.1 15 16 -1
0.1 420 421 -1
0.1 418 422 -1
0.1 423 17 -1
0.1 18 19 -1
0.1 20 21 -1
0.1 23 24 -1
0.1 22 427 -1
0.1 25 26 -1
0.1 428 429 -1
0.1 430 27 -1
0.1 426 431 -1
0.1 425 432 -1
0.1 424 433 -1
0.1 30 31 -1
0.1 29 435 -1
0.1 28 436 -1
0.1 35 36 -1
0.1 438 37 -1
0.1 439 38 -1
0.1 34 440 -1
0.1 33 441 -1
0.1 41 42 -1
0.1 40 443 -1
0.1 39 444 -1
0.1 442 445 -1
0.1 446 43 -1
0.1 44 45 -1
0.1 46 47 -1
0.1 449 48 -1
0.1 49 50 -1
0.1 450 451 -1
0.1 51 52 -1
0.1 453 53 -1
0.1 452 454 -1
0.1 448 455 -1
0.1 447 456 -1
0.1 457 54 -1
0.1 32 458 -1
0.1 459 55 -1
0.1 437 460 -1
0.1 59 60 -1
0.1 58 462 -1
0.1 61 62 -1
0.1 64 65 -1
0.1 66 67 -1
0.1 465 466 -1
0.1 63 467 -1
0.1 464 468 -1
0.1 463 469 -1
0.1 57 470 -1
0.1 56 471 -1
0.1 461 472 -1
0.1 434 473 -1
0.1 6 474 -1
0.1 475 68 -1
0.1 70 71 -1
0.1 69 477 -1
0.1 73 74 -1
0.1 72 479 -1
0.1 76 77 -1
0.1 75 481 -1
0.1 482 78 -1
0.1 480 483 -1
0.1 478 484 -1
0.1 80 81 -1
0.1 82 83 -1
0.1 486 487 -1
0.1 488 84 -1
0.1 87 88 -1
0.1 86 490 -1
0.1 85 491 -1
0.1 489 492 -1
0.1 79 493 -1
0.1 485 494 -1
0.1 91 92 -1
0.1 90 496 -1
0.1 93 94 -1
0.1 497 498 -1
0.1 96 97 -1
0.1 95 500 -1
0.1 499 501 -1
0.1 98 99 -1
0.1 502 503 -1
0.1 504 100 -1
0.1 89 505 -1
0.1 495 506 -1
0.1 104 105 -1
0.1 107 108 -1
0.1 106 509 -1
0.1 111 112 -1
0.1 110 511 -1
0.1 109 512 -1
0.1 513 113 -1
0.1 510 514 -1
0.1 508 515 -1
0.1 103 516 -1
0.1 102 517 -1
0.1 101 518 -1
0.1 114 115 -1
0.1 519 520 -1
0.1 116 117 -1
0.1 522 118 -1
0.1 521 523 -1
0.1 507 524 -1
0.1 119 120 -1
0.1 121 122 -1
0.1 123 124 -1
0.1 125 126 -1
0.1 528 529 -1
0.1 527 530 -1
0.1 526 531 -1
0.1 532 127 -1
0.1 533 128 -1
0.1 525 534 -1
0.1 130 131 -1
0.1 129 536 -1
0.1 535 537 -1
0.1 135 136 -1
0.1 134 539 -1
0.1 137 138 -1
0.1 139 140 -1
0.1 541 542 -1
0.1 141 142 -1
0.1 544 143 -1
0.1 545 144 -1
0.1 546 145 -1
0.1 147 148 -1
0.1 146 548 -1
0.1 547 549 -1
0.1 149 150 -1
0.1 550 551 -1
0.1 543 552 -1
0.1 540 553 -1
0.1 554 151 -1
0.1 133 555 -1
0.1 132 556 -1
0.1 557 152 -1
0.1 153 154 -1
0.1 558 559 -1
0.1 155 156 -1
0.1 158 159 -1
0.1 161 162 -1
0.1 160 563 -1
0.1 562 564 -1
0.1 163 164 -1
0.1 165 166 -1
0.1 567 167 -1
0.1 566 568 -1
0.1 565 569 -1
0.1 168 169 -1
0.1 170 171 -1
0.1 174 175 -1
0.1 173 573 -1
0.1 172 574 -1
0.1 176 177 -1
0.1 575 576 -1
0.1 572 577 -1
0.1 571 578 -1
0.1 181 182 -1
0.1 180 580 -1
0.1 184 185 -1
0.1 186 187 -1
0.1 582 583 -1
0.1 183 584 -1
0.1 188 189 -1
0.1 585 586 -1
0.1 581 587 -1
0.1 179 588 -1
0.1 178 589 -1
0.1 590 190 -1
0.1 579 591 -1
0.1 570 592 -1
0.1 192 193 -1
0.1 195 196 -1
0.1 198 199 -1
0.1 596 200 -1
0.1 197 597 -1
0.1 598 201 -1
0.1 595 599 -1
0.1 194 600 -1
0.1 594 601 -1
0.1 191 602 -1
0.1 593 603 -1
0.1 203 204 -1
0.1 202 605 -1
0.1 604 606 -1
0.1 157 607 -1
0.1 561 608 -1
0.1 609 205 -1
0.1 206 207 -1
0.1 610 611 -1
0.1 560 612 -1
0.1 212 213 -1
0.1 211 614 -1
0.1 210 615 -1
0.1 214 215 -1
0.1 617 216 -1
0.1 616 618 -1
0.1 218 219 -1
0.1 217 620 -1
0.1 619 621 -1
0.1 209 622 -1
0.1 208 623 -1
0.1 624 220 -1
0.1 625 221 -1
0.1 613 626 -1
0.1 222 223 -1
0.1 627 628 -1
0.1 538 629 -1
0.1 476 630 -1
0.1 224 225 -1
0.1 631 632 -1
0.1 226 227 -1
0.1 229 230 -1
0.1 635 231 -1
0.1 233 234 -1
0.1 232 637 -1
0.1 237 238 -1
0.1 236 639 -1
0.1 235 640 -1
0.1 638 641 -1
0.1 642 239 -1
0.1 240 241 -1
0.1 644 242 -1
0.1 643 645 -1
0.1 636 646 -1
0.1 228 647 -1
0.1 634 648 -1
0.1 633 649 -1
0.1 243 244 -1
0.1 247 248 -1
0.1 251 252 -1
0.1 250 653 -1
0.1 654 253 -1
0.1 249 655 -1
0.1 652 656 -1
0.1 246 657 -1
0.1 245 658 -1
0.1 651 659 -1
0.1 650 660 -1
0.1 254 255 -1
0.1 661 662 -1
0.1 256 257 -1
0.1 664 258 -1
0.1 665 259 -1
0.1 261 262 -1
0.1 260 667 -1
0.1 668 263 -1
0.1 264 265 -1
0.1 669 670 -1
0.1 666 671 -1
0.1 663 672 -1
0.1 414 673 -1
0.1 267 268 -1
0.1 675 269 -1
0.1 266 676 -1
0.1 270 271 -1
0.1 678 272 -1
0.1 273 274 -1
0.1 680 275 -1
0.1 679 681 -1
0.1 677 682 -1
0.1 281 282 -1
0.1 280 684 -1
0.1 283 284 -1
0.1 686 285 -1
0.1 286 287 -1
0.1 288 289 -1
0.1 688 689 -1
0.1 687 690 -1
0.1 685 691 -1
0.1 291 292 -1
0.1 290 693 -1
0.1 293 294 -1
0.1 694 695 -1
0.1 296 297 -1
0.1 295 697 -1
0.1 298 299 -1
0.1 698 699 -1
0.1 696 700 -1
0.1 692 701 -1
0.1 279 702 -1
0.1 278 703 -1
0.1 301 302 -1
0.1 300 705 -1
0.1 303 304 -1
0.1 305 306 -1
0.1 708 307 -1
0.1 709 308 -1
0.1 311 312 -1
0.1 310 711 -1
0.1 309 712 -1
0.1 710 713 -1
0.1 707 714 -1
0.1 313 314 -1
0.1 715 716 -1
0.1 706 717 -1
0.1 704 718 -1
0.1 316 317 -1
0.1 315 720 -1
0.1 719 721 -1
0.1 319 320 -1
0.1 322 323 -1
0.1 321 724 -1
0.1 725 324 -1
0.1 327 328 -1
0.1 326 727 -1
0.1 330 331 -1
0.1 329 729 -1
0.1 728 730 -1
0.1 731 332 -1
0.1 333 334 -1
0.1 732 733 -1
0.1 325 734 -1
0.1 336 337 -1
0.1 335 736 -1
0.1 735 737 -1
0.1 726 738 -1
0.1 723 739 -1
0.1 318 740 -1
0.1 722 741 -1
0.1 338 339 -1
0.1 340 341 -1
0.1 743 744 -1
0.1 343 344 -1
0.1 345 346 -1
0.1 746 747 -1
0.1 342 748 -1
0.1 745 749 -1
0.1 348 349 -1
0.1 751 350 -1
0.1 353 354 -1
0.1 355 356 -1
0.1 754 357 -1
0.1 358 359 -1
0.1 756 360 -1
0.1 755 757 -1
0.1 361 362 -1
0.1 758 759 -1
0.1 753 760 -1
0.1 352 761 -1
0.1 363 364 -1
0.1 763 365 -1
0.1 764 366 -1
0.1 762 765 -1
0.1 351 766 -1
0.1 767 367 -1
0.1 752 768 -1
0.1 347 769 -1
0.1 750 770 -1
0.1 742 771 -1
0.1 368 369 -1
0.1 772 773 -1
0.1 774 370 -1
0.1 277 775 -1
0.1 776 371 -1
0.1 372 373 -1
0.1 376 377 -1
0.1 375 779 -1
0.1 378 379 -1
0.1 781 380 -1
0.1 780 782 -1
0.1 382 383 -1
0.1 381 784 -1
0.1 783 785 -1
0.1 374 786 -1
0.1 787 384 -1
0.1 778 788 -1
0.1 777 789 -1
0.1 276 790 -1
0.1 791 385 -1
0.1 683 792 -1
0.1 387 388 -1
0.1 794 389 -1
0.1 390 391 -1
0.1 795 796 -1
0.1 393 394 -1
0.1 396 397 -1
0.1 402 403 -1
0.1 401 800 -1
0.1 404 405 -1
0.1 801 802 -1
0.1 409 410 -1
0.1 408 804 -1
0.1 407 805 -1
0.1 406 806 -1
0.1 803 807 -1
0.1 400 808 -1
0.1 399 809 -1
0.1 398 810 -1
0.1 799 811 -1
0.1 395 812 -1
0.1 798 813 -1
0.1 392 814 -1
0.1 797 815 -1
0.1 386 816 -1
0.1 793 817 -1
0.1 674 818 -1
