1 0 0 1
1 0 0 1
1 0 0 1
1 0 0 2
1 0 0 2
1 0 0 2
1 0 0 2
1 0 0 2
1 0 0 2
1 0 0 2
1 0 0 2
1 0 0 2
1 0 0 2
1 0 0 3
1 0 0 3
1 0 0 3
1 0 0 3
1 0 0 3
1 0 0 3
1 0 0 3
1 0 0 3
1 0 0 3
1 0 0 3
1 0 0 1
1 0 0 4
1 0 0 4
1 0 0 4
1 0 0 4
1 0 0 4
1 0 0 4
1 0 0 4
1 0 0 4
1 0 0 4
1 0 0 4
1 0 0 1
1 0 0 5
1 0 0 5
1 0 0 5
1 0 0 5
1 0 0 5
1 0 0 5
1 0 0 5
1 0 0 5
1 0 0 5
1 0 0 5
1 0 0 6
1 0 0 6
1 0 0 6
1 0 0 6
1 0 0 6
1 0 0 6
1 0 0 6
1 0 0 6
1 0 0 6
1 0 0 6
1 0 0 1
1 0 0 7
1 0 0 7
1 0 0 7
1 0 0 7
1 0 0 7
1 0 0 7
1 0 0 7
1 0 0 7
1 0 0 7
1 0 0 7
1 0 0 8
1 0 0 8
1 0 0 8
1 0 0 8
1 0 0 8
1 0 0 8
1 0 0 8
1 0 0 8
1 0 0 8
1 0 0 8
1 0 0 1
1 0 0 9
1 0 0 9
1 0 0 9
1 0 0 9
1 0 0 9
1 0 0 9
1 0 0 9
1 0 0 9
1 0 0 9
1 0 0 9
1 0 0 1
1 0 0 1
1 0 0 1
0.1 1 2 -1
0.1 91 3 -1
0.1 5 6 -1
0.1 93 7 -1
0.1 4 94 -1
0.1 8 9 -1
0.1 95 96 -1
0.1 10 11 -1
0.1 12 13 -1
0.1 98 99 -1
0.1 97 100 -1
0.1 16 17 -1
0.1 15 102 -1
0.1 19 20 -1
0.1 104 21 -1
0.1 18 105 -1
0.1 22 23 -1
0.1 106 107 -1
0.1 103 108 -1
0.1 14 109 -1
0.1 101 110 -1
0.1 26 27 -1
0.1 30 31 -1
0.1 29 113 -1
0.1 28 114 -1
0.1 112 115 -1
0.1 25 116 -1
0.1 32 33 -1
0.1 118 34 -1
0.1 117 119 -1
0.1 24 120 -1
0.1 111 121 -1
0.1 122 35 -1
0.1 92 123 -1
0.1 38 39 -1
0.1 37 125 -1
0.1 126 40 -1
0.1 36 127 -1
0.1 42 43 -1
0.1 41 129 -1
0.1 44 45 -1
0.1 130 131 -1
0.1 128 132 -1
0.1 124 133 -1
0.1 47 48 -1
0.1 46 135 -1
0.1 49 50 -1
0.1 137 51 -1
0.1 138 52 -1
0.1 53 54 -1
0.1 139 140 -1
0.1 136 141 -1
0.1 142 55 -1
0.1 143 56 -1
0.1 58 59 -1
0.1 57 145 -1
0.1 61 62 -1
0.1 60 147 -1
0.1 146 148 -1
0.1 63 64 -1
0.1 149 150 -1
0.1 65 66 -1
0.1 151 152 -1
0.1 67 68 -1
0.1 154 69 -1
0.1 72 73 -1
0.1 71 156 -1
0.1 70 157 -1
0.1 74 75 -1
0.1 158 159 -1
0.1 160 76 -1
0.1 155 161 -1
0.1 153 162 -1
0.1 79 80 -1
0.1 81 82 -1
0.1 164 165 -1
0.1 83 84 -1
0.1 166 167 -1
0.1 78 168 -1
0.1 85 86 -1
0.1 170 87 -1
0.1 169 171 -1
0.1 88 89 -1
0.1 173 90 -1
0.1 172 174 -1
0.1 77 175 -1
0.1 163 176 -1
0.1 144 177 -1
0.1 134 178 -1
