1 0 0 1
1 0 0 2
1 0 0 2
1 0 0 2
1 0 0 3
1 0 0 3
1 0 0 4
1 0 0 4
1 0 0 4
1 0 0 4
1 0 0 4
1 0 0 4
1 0 0 4
1 0 0 4
1 0 0 4
1 0 0 4
1 0 0 5
1 0 0 5
1 0 0 5
1 0 0 5
1 0 0 5
1 0 0 6
1 0 0 6
1 0 0 6
1 0 0 6
1 0 0 6
1 0 0 6
1 0 0 6
1 0 0 6
1 0 0 6
1 0 0 6
1 0 0 5
1 0 0 5
1 0 0 5
1 0 0 5
1 0 0 5
1 0 0 7
1 0 0 7
1 0 0 7
1 0 0 7
1 0 0 7
1 0 0 7
1 0 0 7
1 0 0 7
1 0 0 7
1 0 0 7
1 0 0 8
1 0 0 8
1 0 0 8
1 0 0 8
1 0 0 8
1 0 0 8
1 0 0 8
1 0 0 8
1 0 0 8
1 0 0 8
1 0 0 9
1 0 0 9
1 0 0 9
1 0 0 9
1 0 0 9
1 0 0 9
1 0 0 9
1 0 0 9
1 0 0 9
1 0 0 9
1 0 0 10
1 0 0 11
1 0 0 11
1 0 0 11
1 0 0 11
1 0 0 11
1 0 0 11
1 0 0 11
1 0 0 11
1 0 0 11
1 0 0 11
1 0 0 10
1 0 0 10
1 0 0 10
1 0 0 10
1 0 0 12
1 0 0 12
1 0 0 12
1 0 0 12
1 0 0 12
1 0 0 12
1 0 0 12
1 0 0 12
1 0 0 12
1 0 0 12
1 0 0 13
1 0 0 13
1 0 0 13
1 0 0 13
1 0 0 13
1 0 0 13
1 0 0 13
1 0 0 13
1 0 0 13
1 0 0 13
1 0 0 14
1 0 0 14
1 0 0 14
1 0 0 14
1 0 0 14
1 0 0 14
1 0 0 14
1 0 0 15
1 0 0 15
1 0 0 15
1 0 0 15
1 0 0 15
1 0 0 15
1 0 0 15
1 0 0 15
1 0 0 15
1 0 0 15
1 0 0 14
1 0 0 14
1 0 0 14
1 0 0 10
1 0 0 10
1 0 0 10
1 0 0 10
1 0 0 16
1 0 0 16
1 0 0 16
1 0 0 16
1 0 0 16
1 0 0 16
1 0 0 16
1 0 0 16
1 0 0 16
1 0 0 16
1 0 0 10
1 0 0 17
1 0 0 17
1 0 0 17
1 0 0 17
1 0 0 17
1 0 0 17
1 0 0 17
1 0 0 17
1 0 0 17
1 0 0 17
1 0 0 18
1 0 0 18
1 0 0 18
1 0 0 18
1 0 0 18
1 0 0 18
1 0 0 18
1 0 0 18
1 0 0 18
1 0 0 18
1 0 0 19
1 0 0 19
1 0 0 19
1 0 0 19
1 0 0 19
1 0 0 19
1 0 0 19
1 0 0 19
1 0 0 20
1 0 0 20
1 0 0 20
1 0 0 20
1 0 0 20
1 0 0 20
1 0 0 20
1 0 0 20
1 0 0 20
1 0 0 20
1 0 0 19
1 0 0 19
1 0 0 3
1 0 0 3
1 0 0 3
1 0 0 21
1 0 0 21
1 0 0 21
1 0 0 21
1 0 0 21
1 0 0 21
1 0 0 21
1 0 0 21
1 0 0 21
1 0 0 21
1 0 0 3
1 0 0 3
1 0 0 3
1 0 0 22
1 0 0 22
1 0 0 22
1 0 0 22
1 0 0 22
1 0 0 22
1 0 0 22
1 0 0 22
1 0 0 22
1 0 0 22
1 0 0 3
1 0 0 23
1 0 0 23
1 0 0 23
1 0 0 23
1 0 0 23
1 0 0 23
1 0 0 23
1 0 0 23
1 0 0 23
1 0 0 23
1 0 0 24
1 0 0 24
1 0 0 24
1 0 0 24
1 0 0 24
1 0 0 24
1 0 0 24
1 0 0 25
1 0 0 25
1 0 0 25
1 0 0 25
1 0 0 25
1 0 0 25
1 0 0 25
1 0 0 26
1 0 0 26
1 0 0 26
1 0 0 26
1 0 0 26
1 0 0 26
1 0 0 26
1 0 0 26
1 0 0 26
1 0 0 26
1 0 0 25
1 0 0 25
1 0 0 25
1 0 0 24
1 0 0 24
1 0 0 24
1 0 0 3
1 0 0 2
1 0 0 2
1 0 0 2
1 0 0 2
1 0 0 27
1 0 0 27
1 0 0 27
1 0 0 27
1 0 0 27
1 0 0 27
1 0 0 27
1 0 0 27
1 0 0 27
1 0 0 27
1 0 0 2
1 0 0 2
1 0 0 2
1 0 0 1
1 0 0 1
1 0 0 1
1 0 0 1
1 0 0 1
1 0 0 28
1 0 0 28
1 0 0 28
1 0 0 28
1 0 0 28
1 0 0 28
1 0 0 28
1 0 0 28
1 0 0 28
1 0 0 28
1 0 0 1
1 0 0 29
1 0 0 29
1 0 0 29
1 0 0 29
1 0 0 29
1 0 0 29
1 0 0 29
1 0 0 29
1 0 0 29
1 0 0 29
1 0 0 1
1 0 0 1
1 0 0 1
1 0 0 30
1 0 0 30
1 0 0 30
1 0 0 30
1 0 0 30
1 0 0 30
1 0 0 30
1 0 0 30
1 0 0 31
1 0 0 31
1 0 0 31
1 0 0 31
1 0 0 31
1 0 0 31
1 0 0 31
1 0 0 31
1 0 0 31
1 0 0 31
1 0 0 30
1 0 0 30
1 0 0 32
1 0 0 33
1 0 0 33
1 0 0 33
1 0 0 33
1 0 0 33
1 0 0 33
1 0 0 33
1 0 0 33
1 0 0 33
1 0 0 33
1 0 0 32
1 0 0 32
1 0 0 32
1 0 0 32
1 0 0 32
1 0 0 32
1 0 0 32
1 0 0 32
1 0 0 32
0.1 3 4 -1
0.1 2 331 -1
0.1 7 8 -1
0.1 9 10 -1
0.1 334 11 -1
0.1 333 335 -1
0.1 13 14 -1
0.1 12 337 -1
0.1 15 16 -1
0.1 338 339 -1
0.1 336 340 -1
0.1 17 18 -1
0.1 20 21 -1
0.1 19 343 -1
0.1 342 344 -1
0.1 22 23 -1
0.1 24 25 -1
0.1 27 28 -1
0.1 348 29 -1
0.1 26 349 -1
0.1 350 30 -1
0.1 347 351 -1
0.1 346 352 -1
0.1 353 31 -1
0.1 32 33 -1
0.1 354 355 -1
0.1 34 35 -1
0.1 357 36 -1
0.1 356 358 -1
0.1 345 359 -1
0.1 37 38 -1
0.1 361 39 -1
0.1 40 41 -1
0.1 363 42 -1
0.1 364 43 -1
0.1 44 45 -1
0.1 366 46 -1
0.1 365 367 -1
0.1 362 368 -1
0.1 47 48 -1
0.1 49 50 -1
0.1 370 371 -1
0.1 55 56 -1
0.1 54 373 -1
0.1 53 374 -1
0.1 52 375 -1
0.1 51 376 -1
0.1 372 377 -1
0.1 58 59 -1
0.1 57 379 -1
0.1 60 61 -1
0.1 381 62 -1
0.1 64 65 -1
0.1 383 66 -1
0.1 63 384 -1
0.1 382 385 -1
0.1 380 386 -1
0.1 378 387 -1
0.1 369 388 -1
0.1 69 70 -1
0.1 72 73 -1
0.1 71 391 -1
0.1 390 392 -1
0.1 74 75 -1
0.1 76 77 -1
0.1 394 395 -1
0.1 393 396 -1
0.1 68 397 -1
0.1 398 78 -1
0.1 67 399 -1
0.1 400 79 -1
0.1 80 81 -1
0.1 82 83 -1
0.1 85 86 -1
0.1 87 88 -1
0.1 404 405 -1
0.1 89 90 -1
0.1 407 91 -1
0.1 406 408 -1
0.1 84 409 -1
0.1 403 410 -1
0.1 402 411 -1
0.1 401 412 -1
0.1 94 95 -1
0.1 93 414 -1
0.1 415 96 -1
0.1 97 98 -1
0.1 416 417 -1
0.1 92 418 -1
0.1 100 101 -1
0.1 99 420 -1
0.1 419 421 -1
0.1 104 105 -1
0.1 107 108 -1
0.1 106 424 -1
0.1 423 425 -1
0.1 111 112 -1
0.1 427 113 -1
0.1 117 118 -1
0.1 116 429 -1
0.1 115 430 -1
0.1 114 431 -1
0.1 428 432 -1
0.1 110 433 -1
0.1 109 434 -1
0.1 435 119 -1
0.1 426 436 -1
0.1 103 437 -1
0.1 438 120 -1
0.1 439 121 -1
0.1 102 440 -1
0.1 422 441 -1
0.1 123 124 -1
0.1 126 127 -1
0.1 130 131 -1
0.1 129 445 -1
0.1 128 446 -1
0.1 133 134 -1
0.1 132 448 -1
0.1 447 449 -1
0.1 450 135 -1
0.1 444 451 -1
0.1 125 452 -1
0.1 453 136 -1
0.1 443 454 -1
0.1 139 140 -1
0.1 138 456 -1
0.1 457 141 -1
0.1 137 458 -1
0.1 145 146 -1
0.1 144 460 -1
0.1 143 461 -1
0.1 142 462 -1
0.1 459 463 -1
0.1 149 150 -1
0.1 151 152 -1
0.1 155 156 -1
0.1 154 467 -1
0.1 153 468 -1
0.1 466 469 -1
0.1 465 470 -1
0.1 148 471 -1
0.1 147 472 -1
0.1 464 473 -1
0.1 455 474 -1
0.1 122 475 -1
0.1 442 476 -1
0.1 413 477 -1
0.1 389 478 -1
0.1 479 157 -1
0.1 158 159 -1
0.1 160 161 -1
0.1 481 482 -1
0.1 483 162 -1
0.1 166 167 -1
0.1 485 168 -1
0.1 486 169 -1
0.1 487 170 -1
0.1 172 173 -1
0.1 489 174 -1
0.1 171 490 -1
0.1 488 491 -1
0.1 165 492 -1
0.1 493 175 -1
0.1 164 494 -1
0.1 495 176 -1
0.1 163 496 -1
0.1 484 497 -1
0.1 480 498 -1
0.1 360 499 -1
0.1 500 177 -1
0.1 501 178 -1
0.1 341 502 -1
0.1 6 503 -1
0.1 180 181 -1
0.1 182 183 -1
0.1 505 506 -1
0.1 185 186 -1
0.1 184 508 -1
0.1 188 189 -1
0.1 187 510 -1
0.1 509 511 -1
0.1 507 512 -1
0.1 190 191 -1
0.1 513 514 -1
0.1 515 192 -1
0.1 179 516 -1
0.1 504 517 -1
0.1 194 195 -1
0.1 193 519 -1
0.1 196 197 -1
0.1 199 200 -1
0.1 198 522 -1
0.1 523 201 -1
0.1 521 524 -1
0.1 525 202 -1
0.1 520 526 -1
0.1 205 206 -1
0.1 207 208 -1
0.1 529 209 -1
0.1 210 211 -1
0.1 212 213 -1
0.1 531 532 -1
0.1 530 533 -1
0.1 528 534 -1
0.1 204 535 -1
0.1 203 536 -1
0.1 527 537 -1
0.1 518 538 -1
0.1 5 539 -1
0.1 214 215 -1
0.1 217 218 -1
0.1 216 542 -1
0.1 543 219 -1
0.1 544 220 -1
0.1 541 545 -1
0.1 222 223 -1
0.1 221 547 -1
0.1 548 224 -1
0.1 226 227 -1
0.1 225 550 -1
0.1 231 232 -1
0.1 230 552 -1
0.1 233 234 -1
0.1 553 554 -1
0.1 229 555 -1
0.1 228 556 -1
0.1 557 235 -1
0.1 236 237 -1
0.1 558 559 -1
0.1 238 239 -1
0.1 560 561 -1
0.1 551 562 -1
0.1 549 563 -1
0.1 564 240 -1
0.1 242 243 -1
0.1 241 566 -1
0.1 565 567 -1
0.1 546 568 -1
0.1 540 569 -1
0.1 570 244 -1
0.1 245 246 -1
0.1 572 247 -1
0.1 573 248 -1
0.1 571 574 -1
0.1 249 250 -1
0.1 251 252 -1
0.1 255 256 -1
0.1 254 578 -1
0.1 253 579 -1
0.1 257 258 -1
0.1 580 581 -1
0.1 577 582 -1
0.1 576 583 -1
0.1 259 260 -1
0.1 584 585 -1
0.1 575 586 -1
0.1 332 587 -1
0.1 588 261 -1
0.1 262 263 -1
0.1 589 590 -1
0.1 264 265 -1
0.1 591 592 -1
0.1 1 593 -1
0.1 270 271 -1
0.1 595 272 -1
0.1 269 596 -1
0.1 268 597 -1
0.1 273 274 -1
0.1 598 599 -1
0.1 275 276 -1
0.1 600 601 -1
0.1 267 602 -1
0.1 603 277 -1
0.1 279 280 -1
0.1 605 281 -1
0.1 278 606 -1
0.1 282 283 -1
0.1 608 284 -1
0.1 607 609 -1
0.1 285 286 -1
0.1 611 287 -1
0.1 610 612 -1
0.1 604 613 -1
0.1 266 614 -1
0.1 288 289 -1
0.1 615 616 -1
0.1 617 290 -1
0.1 293 294 -1
0.1 292 619 -1
0.1 295 296 -1
0.1 297 298 -1
0.1 621 622 -1
0.1 620 623 -1
0.1 301 302 -1
0.1 625 303 -1
0.1 300 626 -1
0.1 304 305 -1
0.1 306 307 -1
0.1 629 308 -1
0.1 628 630 -1
0.1 627 631 -1
0.1 299 632 -1
0.1 624 633 -1
0.1 634 309 -1
0.1 635 310 -1
0.1 291 636 -1
0.1 316 317 -1
0.1 315 638 -1
0.1 314 639 -1
0.1 313 640 -1
0.1 312 641 -1
0.1 320 321 -1
0.1 319 643 -1
0.1 318 644 -1
0.1 642 645 -1
0.1 311 646 -1
0.1 324 325 -1
0.1 323 648 -1
0.1 322 649 -1
0.1 647 650 -1
0.1 326 327 -1
0.1 651 652 -1
0.1 329 330 -1
0.1 328 654 -1
0.1 653 655 -1
0.1 637 656 -1
0.1 618 657 -1
0.1 594 658 -1
