1 0 0 1
1 0 0 2
1 0 0 2
1 0 0 2
1 0 0 3
1 0 0 4
1 0 0 3
1 0 0 3
1 0 0 3
1 0 0 3
1 0 0 3
1 0 0 3
1 0 0 3
1 0 0 3
1 0 0 5
1 0 0 5
1 0 0 5
1 0 0 4
1 0 0 5
1 0 0 5
1 0 0 5
1 0 0 5
1 0 0 5
1 0 0 5
1 0 0 5
1 0 0 6
1 0 0 6
1 0 0 6
1 0 0 6
1 0 0 6
1 0 0 6
1 0 0 6
1 0 0 3
1 0 0 6
1 0 0 6
1 0 0 6
1 0 0 4
1 0 0 4
1 0 0 7
1 0 0 7
1 0 0 7
1 0 0 7
1 0 0 7
1 0 0 7
1 0 0 7
1 0 0 7
1 0 0 7
1 0 0 7
1 0 0 8
1 0 0 9
1 0 0 9
1 0 0 9
1 0 0 9
1 0 0 9
1 0 0 9
1 0 0 9
1 0 0 9
1 0 0 9
1 0 0 9
1 0 0 8
1 0 0 8
1 0 0 10
1 0 0 10
1 0 0 10
1 0 0 10
1 0 0 10
1 0 0 10
1 0 0 10
1 0 0 10
1 0 0 10
1 0 0 10
1 0 0 8
1 0 0 2
1 0 0 2
1 0 0 2
1 0 0 2
1 0 0 2
1 0 0 2
1 0 0 2
1 0 0 11
1 0 0 11
1 0 0 11
1 0 0 11
1 0 0 11
1 0 0 11
1 0 0 11
1 0 0 11
1 0 0 11
1 0 0 11
1 0 0 1
1 0 0 1
1 0 0 1
1 0 0 1
1 0 0 1
1 0 0 1
1 0 0 1
1 0 0 8
1 0 0 8
1 0 0 1
1 0 0 1
1 0 0 8
1 0 0 8
1 0 0 4
1 0 0 4
1 0 0 4
1 0 0 12
1 0 0 13
1 0 0 13
1 0 0 13
1 0 0 13
1 0 0 13
1 0 0 13
1 0 0 13
1 0 0 13
1 0 0 13
1 0 0 13
1 0 0 12
1 0 0 12
1 0 0 12
1 0 0 12
1 0 0 12
1 0 0 12
1 0 0 12
1 0 0 12
1 0 0 12
1 0 0 14
1 0 0 14
1 0 0 14
1 0 0 14
1 0 0 14
1 0 0 14
1 0 0 14
1 0 0 14
1 0 0 14
1 0 0 14
1 0 0 4
1 0 0 4
1 0 0 15
1 0 0 15
1 0 0 15
1 0 0 15
1 0 0 15
1 0 0 15
1 0 0 15
1 0 0 15
1 0 0 15
1 0 0 15
1 0 0 8
1 0 0 8
1 0 0 16
1 0 0 16
1 0 0 16
1 0 0 16
1 0 0 16
1 0 0 17
1 0 0 17
1 0 0 18
1 0 0 18
1 0 0 17
1 0 0 17
1 0 0 17
1 0 0 17
1 0 0 17
1 0 0 17
1 0 0 18
1 0 0 17
1 0 0 17
1 0 0 18
1 0 0 18
1 0 0 18
1 0 0 18
1 0 0 18
1 0 0 18
1 0 0 18
1 0 0 16
1 0 0 16
1 0 0 16
1 0 0 16
1 0 0 16
1 0 0 19
1 0 0 19
1 0 0 19
1 0 0 19
1 0 0 19
1 0 0 19
1 0 0 19
1 0 0 19
1 0 0 19
1 0 0 19
1 0 0 4
0.1 3 4 -1
0.1 2 191 -1
0.1 192 5 -1
0.1 7 8 -1
0.1 9 10 -1
0.1 194 195 -1
0.1 13 14 -1
0.1 12 197 -1
0.1 11 198 -1
0.1 196 199 -1
0.1 16 17 -1
0.1 15 201 -1
0.1 200 202 -1
0.1 203 18 -1
0.1 6 204 -1
0.1 19 20 -1
0.1 206 21 -1
0.1 22 23 -1
0.1 207 208 -1
0.1 24 25 -1
0.1 209 210 -1
0.1 27 28 -1
0.1 212 29 -1
0.1 213 30 -1
0.1 31 32 -1
0.1 33 34 -1
0.1 215 216 -1
0.1 214 217 -1
0.1 218 35 -1
0.1 219 36 -1
0.1 26 220 -1
0.1 37 38 -1
0.1 221 222 -1
0.1 211 223 -1
0.1 205 224 -1
0.1 193 225 -1
0.1 1 226 -1
0.1 39 40 -1
0.1 41 42 -1
0.1 46 47 -1
0.1 45 230 -1
0.1 44 231 -1
0.1 232 48 -1
0.1 43 233 -1
0.1 229 234 -1
0.1 228 235 -1
0.1 51 52 -1
0.1 50 237 -1
0.1 53 54 -1
0.1 239 55 -1
0.1 240 56 -1
0.1 57 58 -1
0.1 241 242 -1
0.1 243 59 -1
0.1 238 244 -1
0.1 245 60 -1
0.1 49 246 -1
0.1 236 247 -1
0.1 64 65 -1
0.1 249 66 -1
0.1 63 250 -1
0.1 68 69 -1
0.1 252 70 -1
0.1 253 71 -1
0.1 67 254 -1
0.1 251 255 -1
0.1 256 72 -1
0.1 77 78 -1
0.1 76 258 -1
0.1 75 259 -1
0.1 260 79 -1
0.1 74 261 -1
0.1 73 262 -1
0.1 257 263 -1
0.1 62 264 -1
0.1 61 265 -1
0.1 81 82 -1
0.1 83 84 -1
0.1 85 86 -1
0.1 269 87 -1
0.1 268 270 -1
0.1 267 271 -1
0.1 88 89 -1
0.1 272 273 -1
0.1 80 274 -1
0.1 266 275 -1
0.1 248 276 -1
0.1 91 92 -1
0.1 95 96 -1
0.1 94 279 -1
0.1 93 280 -1
0.1 278 281 -1
0.1 90 282 -1
0.1 283 97 -1
0.1 99 100 -1
0.1 285 101 -1
0.1 98 286 -1
0.1 287 102 -1
0.1 284 288 -1
0.1 277 289 -1
0.1 227 290 -1
0.1 103 104 -1
0.1 292 105 -1
0.1 109 110 -1
0.1 108 294 -1
0.1 295 111 -1
0.1 112 113 -1
0.1 297 114 -1
0.1 296 298 -1
0.1 107 299 -1
0.1 300 115 -1
0.1 301 116 -1
0.1 106 302 -1
0.1 120 121 -1
0.1 119 304 -1
0.1 118 305 -1
0.1 117 306 -1
0.1 122 123 -1
0.1 308 124 -1
0.1 309 125 -1
0.1 307 310 -1
0.1 303 311 -1
0.1 126 127 -1
0.1 128 129 -1
0.1 314 130 -1
0.1 313 315 -1
0.1 131 132 -1
0.1 317 133 -1
0.1 318 134 -1
0.1 319 135 -1
0.1 316 320 -1
0.1 312 321 -1
0.1 136 137 -1
0.1 322 323 -1
0.1 293 324 -1
0.1 138 139 -1
0.1 326 140 -1
0.1 327 141 -1
0.1 143 144 -1
0.1 142 329 -1
0.1 145 146 -1
0.1 331 147 -1
0.1 330 332 -1
0.1 328 333 -1
0.1 148 149 -1
0.1 334 335 -1
0.1 150 151 -1
0.1 153 154 -1
0.1 152 338 -1
0.1 155 156 -1
0.1 157 158 -1
0.1 159 160 -1
0.1 161 162 -1
0.1 163 164 -1
0.1 344 165 -1
0.1 345 166 -1
0.1 346 167 -1
0.1 343 347 -1
0.1 342 348 -1
0.1 341 349 -1
0.1 169 170 -1
0.1 168 351 -1
0.1 352 171 -1
0.1 173 174 -1
0.1 172 354 -1
0.1 353 355 -1
0.1 350 356 -1
0.1 340 357 -1
0.1 176 177 -1
0.1 175 359 -1
0.1 360 178 -1
0.1 358 361 -1
0.1 339 362 -1
0.1 337 363 -1
0.1 364 179 -1
0.1 182 183 -1
0.1 181 366 -1
0.1 180 367 -1
0.1 185 186 -1
0.1 184 369 -1
0.1 187 188 -1
0.1 371 189 -1
0.1 370 372 -1
0.1 368 373 -1
0.1 365 374 -1
0.1 336 375 -1
0.1 376 190 -1
0.1 325 377 -1
0.1 291 378 -1
