1 0 0 1
1 0 0 1
1 0 0 1
1 0 0 2
1 0 0 2
1 0 0 2
1 0 0 2
1 0 0 2
1 0 0 2
1 0 0 2
1 0 0 2
1 0 0 2
1 0 0 2
1 0 0 1
1 0 0 1
1 0 0 3
1 0 0 3
1 0 0 3
1 0 0 3
1 0 0 3
1 0 0 4
1 0 0 4
1 0 0 4
1 0 0 4
1 0 0 4
1 0 0 4
1 0 0 4
1 0 0 4
1 0 0 4
1 0 0 4
1 0 0 5
1 0 0 5
1 0 0 5
1 0 0 6
1 0 0 6
1 0 0 6
1 0 0 6
1 0 0 6
1 0 0 6
1 0 0 6
1 0 0 6
1 0 0 6
1 0 0 6
1 0 0 5
1 0 0 5
1 0 0 5
1 0 0 5
1 0 0 5
1 0 0 5
1 0 0 5
1 0 0 7
1 0 0 7
1 0 0 7
1 0 0 7
1 0 0 7
1 0 0 7
1 0 0 7
1 0 0 7
1 0 0 7
1 0 0 7
1 0 0 8
1 0 0 8
1 0 0 8
1 0 0 8
1 0 0 8
1 0 0 8
1 0 0 8
1 0 0 8
1 0 0 8
1 0 0 9
1 0 0 9
1 0 0 9
1 0 0 9
1 0 0 9
1 0 0 9
1 0 0 9
1 0 0 9
1 0 0 9
1 0 0 9
1 0 0 3
1 0 0 3
1 0 0 3
1 0 0 3
1 0 0 3
1 0 0 8
1 0 0 10
1 0 0 10
1 0 0 10
1 0 0 10
1 0 0 10
1 0 0 10
1 0 0 10
1 0 0 10
1 0 0 10
1 0 0 10
1 0 0 1
1 0 0 1
1 0 0 11
1 0 0 11
1 0 0 11
1 0 0 11
1 0 0 12
1 0 0 12
1 0 0 12
1 0 0 12
1 0 0 12
1 0 0 12
1 0 0 12
1 0 0 12
1 0 0 12
1 0 0 12
1 0 0 11
1 0 0 11
1 0 0 11
1 0 0 13
1 0 0 13
1 0 0 13
1 0 0 13
1 0 0 13
1 0 0 13
1 0 0 13
1 0 0 13
1 0 0 13
1 0 0 13
1 0 0 11
1 0 0 11
1 0 0 11
1 0 0 14
1 0 0 14
1 0 0 14
1 0 0 14
1 0 0 14
1 0 0 14
1 0 0 14
1 0 0 14
1 0 0 14
1 0 0 14
1 0 0 15
1 0 0 15
1 0 0 15
1 0 0 15
1 0 0 15
1 0 0 15
1 0 0 15
1 0 0 15
1 0 0 15
1 0 0 15
1 0 0 1
1 0 0 1
1 0 0 1
1 0 0 16
1 0 0 16
1 0 0 16
1 0 0 16
1 0 0 16
1 0 0 16
1 0 0 16
1 0 0 16
1 0 0 16
1 0 0 16
1 0 0 17
1 0 0 17
1 0 0 17
1 0 0 17
1 0 0 17
1 0 0 17
1 0 0 17
1 0 0 17
1 0 0 17
1 0 0 17
1 0 0 18
1 0 0 18
1 0 0 18
1 0 0 18
1 0 0 18
1 0 0 18
1 0 0 18
1 0 0 18
1 0 0 18
1 0 0 18
1 0 0 19
1 0 0 19
1 0 0 19
1 0 0 20
1 0 0 20
1 0 0 20
1 0 0 20
1 0 0 20
1 0 0 21
1 0 0 21
1 0 0 21
1 0 0 21
1 0 0 21
1 0 0 21
1 0 0 21
1 0 0 21
1 0 0 21
1 0 0 21
1 0 0 22
1 0 0 22
1 0 0 22
1 0 0 22
1 0 0 22
1 0 0 22
1 0 0 22
1 0 0 22
1 0 0 22
1 0 0 22
1 0 0 20
1 0 0 20
1 0 0 20
1 0 0 20
1 0 0 20
1 0 0 19
1 0 0 19
1 0 0 19
1 0 0 19
1 0 0 19
1 0 0 19
1 0 0 19
1 0 0 23
1 0 0 23
1 0 0 23
1 0 0 23
1 0 0 23
1 0 0 23
1 0 0 23
1 0 0 23
1 0 0 23
1 0 0 23
1 0 0 24
1 0 0 24
1 0 0 24
1 0 0 24
1 0 0 24
1 0 0 24
1 0 0 24
1 0 0 24
1 0 0 24
1 0 0 24
1 0 0 25
1 0 0 25
1 0 0 25
1 0 0 25
1 0 0 25
1 0 0 25
1 0 0 25
1 0 0 25
1 0 0 25
1 0 0 25
0.1 2 3 -1
0.1 1 251 -1
0.1 4 5 -1
0.1 253 6 -1
0.1 7 8 -1
0.1 255 9 -1
0.1 11 12 -1
0.1 10 257 -1
0.1 258 13 -1
0.1 256 259 -1
0.1 254 260 -1
0.1 252 261 -1
0.1 14 15 -1
0.1 262 263 -1
0.1 16 17 -1
0.1 18 19 -1
0.1 24 25 -1
0.1 23 267 -1
0.1 22 268 -1
0.1 26 27 -1
0.1 28 29 -1
0.1 270 271 -1
0.1 272 30 -1
0.1 269 273 -1
0.1 21 274 -1
0.1 20 275 -1
0.1 266 276 -1
0.1 265 277 -1
0.1 31 32 -1
0.1 34 35 -1
0.1 37 38 -1
0.1 39 40 -1
0.1 281 282 -1
0.1 283 41 -1
0.1 36 284 -1
0.1 280 285 -1
0.1 42 43 -1
0.1 286 287 -1
0.1 33 288 -1
0.1 44 45 -1
0.1 47 48 -1
0.1 46 291 -1
0.1 290 292 -1
0.1 289 293 -1
0.1 279 294 -1
0.1 295 49 -1
0.1 296 50 -1
0.1 51 52 -1
0.1 298 53 -1
0.1 54 55 -1
0.1 300 56 -1
0.1 58 59 -1
0.1 57 302 -1
0.1 303 60 -1
0.1 301 304 -1
0.1 299 305 -1
0.1 297 306 -1
0.1 61 62 -1
0.1 308 63 -1
0.1 65 66 -1
0.1 64 310 -1
0.1 309 311 -1
0.1 68 69 -1
0.1 67 313 -1
0.1 312 314 -1
0.1 307 315 -1
0.1 70 71 -1
0.1 317 72 -1
0.1 318 73 -1
0.1 74 75 -1
0.1 76 77 -1
0.1 320 321 -1
0.1 78 79 -1
0.1 322 323 -1
0.1 319 324 -1
0.1 81 82 -1
0.1 80 326 -1
0.1 325 327 -1
0.1 83 84 -1
0.1 328 329 -1
0.1 316 330 -1
0.1 89 90 -1
0.1 88 332 -1
0.1 87 333 -1
0.1 86 334 -1
0.1 91 92 -1
0.1 94 95 -1
0.1 93 337 -1
0.1 336 338 -1
0.1 335 339 -1
0.1 85 340 -1
0.1 331 341 -1
0.1 278 342 -1
0.1 96 97 -1
0.1 98 99 -1
0.1 100 101 -1
0.1 103 104 -1
0.1 102 347 -1
0.1 105 106 -1
0.1 348 349 -1
0.1 110 111 -1
0.1 109 351 -1
0.1 108 352 -1
0.1 107 353 -1
0.1 350 354 -1
0.1 112 113 -1
0.1 115 116 -1
0.1 117 118 -1
0.1 357 358 -1
0.1 119 120 -1
0.1 121 122 -1
0.1 360 361 -1
0.1 123 124 -1
0.1 362 363 -1
0.1 359 364 -1
0.1 114 365 -1
0.1 126 127 -1
0.1 125 367 -1
0.1 366 368 -1
0.1 356 369 -1
0.1 355 370 -1
0.1 346 371 -1
0.1 345 372 -1
0.1 344 373 -1
0.1 130 131 -1
0.1 129 375 -1
0.1 128 376 -1
0.1 134 135 -1
0.1 136 137 -1
0.1 378 379 -1
0.1 133 380 -1
0.1 132 381 -1
0.1 377 382 -1
0.1 374 383 -1
0.1 343 384 -1
0.1 138 139 -1
0.1 386 140 -1
0.1 387 141 -1
0.1 144 145 -1
0.1 143 389 -1
0.1 142 390 -1
0.1 146 147 -1
0.1 391 392 -1
0.1 388 393 -1
0.1 149 150 -1
0.1 148 395 -1
0.1 394 396 -1
0.1 385 397 -1
0.1 264 398 -1
0.1 153 154 -1
0.1 152 400 -1
0.1 151 401 -1
0.1 155 156 -1
0.1 157 158 -1
0.1 159 160 -1
0.1 404 405 -1
0.1 403 406 -1
0.1 402 407 -1
0.1 163 164 -1
0.1 162 409 -1
0.1 161 410 -1
0.1 166 167 -1
0.1 165 412 -1
0.1 168 169 -1
0.1 414 170 -1
0.1 413 415 -1
0.1 411 416 -1
0.1 408 417 -1
0.1 171 172 -1
0.1 419 173 -1
0.1 175 176 -1
0.1 177 178 -1
0.1 421 422 -1
0.1 423 179 -1
0.1 174 424 -1
0.1 425 180 -1
0.1 420 426 -1
0.1 182 183 -1
0.1 181 428 -1
0.1 186 187 -1
0.1 185 430 -1
0.1 190 191 -1
0.1 189 432 -1
0.1 192 193 -1
0.1 195 196 -1
0.1 194 435 -1
0.1 197 198 -1
0.1 436 437 -1
0.1 434 438 -1
0.1 433 439 -1
0.1 188 440 -1
0.1 431 441 -1
0.1 203 204 -1
0.1 202 443 -1
0.1 444 205 -1
0.1 201 445 -1
0.1 206 207 -1
0.1 446 447 -1
0.1 448 208 -1
0.1 200 449 -1
0.1 199 450 -1
0.1 442 451 -1
0.1 184 452 -1
0.1 209 210 -1
0.1 211 212 -1
0.1 454 455 -1
0.1 456 213 -1
0.1 453 457 -1
0.1 216 217 -1
0.1 215 459 -1
0.1 460 218 -1
0.1 214 461 -1
0.1 219 220 -1
0.1 462 463 -1
0.1 458 464 -1
0.1 429 465 -1
0.1 222 223 -1
0.1 221 467 -1
0.1 225 226 -1
0.1 224 469 -1
0.1 229 230 -1
0.1 228 471 -1
0.1 227 472 -1
0.1 470 473 -1
0.1 468 474 -1
0.1 466 475 -1
0.1 427 476 -1
0.1 231 232 -1
0.1 478 233 -1
0.1 234 235 -1
0.1 479 480 -1
0.1 236 237 -1
0.1 239 240 -1
0.1 238 483 -1
0.1 482 484 -1
0.1 481 485 -1
0.1 477 486 -1
0.1 242 243 -1
0.1 244 245 -1
0.1 488 489 -1
0.1 241 490 -1
0.1 246 247 -1
0.1 249 250 -1
0.1 248 493 -1
0.1 492 494 -1
0.1 491 495 -1
0.1 487 496 -1
0.1 418 497 -1
0.1 399 498 -1
