1 0 0 1
1 0 0 2
1 0 0 3
1 0 0 3
1 0 0 3
1 0 0 3
1 0 0 3
1 0 0 3
1 0 0 3
1 0 0 3
1 0 0 3
1 0 0 3
1 0 0 2
1 0 0 2
1 0 0 2
1 0 0 2
1 0 0 4
1 0 0 4
1 0 0 4
1 0 0 4
1 0 0 4
1 0 0 4
1 0 0 4
1 0 0 4
1 0 0 4
1 0 0 4
1 0 0 5
1 0 0 5
1 0 0 5
1 0 0 5
1 0 0 5
1 0 0 5
1 0 0 5
1 0 0 5
1 0 0 5
1 0 0 5
1 0 0 6
1 0 0 6
1 0 0 6
1 0 0 6
1 0 0 6
1 0 0 6
1 0 0 6
1 0 0 6
1 0 0 6
1 0 0 6
1 0 0 2
1 0 0 2
1 0 0 7
1 0 0 7
1 0 0 7
1 0 0 7
1 0 0 7
1 0 0 7
1 0 0 7
1 0 0 7
1 0 0 7
1 0 0 7
1 0 0 2
1 0 0 8
1 0 0 8
1 0 0 8
1 0 0 8
1 0 0 8
1 0 0 8
1 0 0 8
1 0 0 8
1 0 0 8
1 0 0 8
1 0 0 9
1 0 0 9
1 0 0 9
1 0 0 9
1 0 0 9
1 0 0 9
1 0 0 9
1 0 0 9
1 0 0 9
1 0 0 9
1 0 0 2
1 0 0 10
1 0 0 10
1 0 0 10
1 0 0 10
1 0 0 10
1 0 0 10
1 0 0 10
1 0 0 10
1 0 0 10
1 0 0 10
1 0 0 2
1 0 0 1
1 0 0 1
1 0 0 1
1 0 0 1
1 0 0 1
1 0 0 1
1 0 0 11
1 0 0 11
1 0 0 11
1 0 0 11
1 0 0 11
1 0 0 11
1 0 0 11
1 0 0 11
1 0 0 11
1 0 0 11
1 0 0 12
1 0 0 13
1 0 0 13
1 0 0 13
1 0 0 13
1 0 0 13
1 0 0 13
1 0 0 13
1 0 0 13
1 0 0 13
1 0 0 13
1 0 0 12
1 0 0 12
1 0 0 12
1 0 0 12
1 0 0 12
1 0 0 12
1 0 0 12
1 0 0 12
1 0 0 12
1 0 0 1
1 0 0 1
1 0 0 14
1 0 0 14
1 0 0 14
1 0 0 14
1 0 0 14
1 0 0 14
1 0 0 14
1 0 0 14
1 0 0 14
1 0 0 14
1 0 0 15
1 0 0 15
1 0 0 15
1 0 0 15
1 0 0 15
1 0 0 15
1 0 0 15
1 0 0 1
1 0 0 15
1 0 0 15
1 0 0 15
1 0 0 16
1 0 0 16
1 0 0 16
1 0 0 16
1 0 0 16
1 0 0 16
1 0 0 16
1 0 0 16
1 0 0 16
1 0 0 16
1 0 0 17
1 0 0 17
1 0 0 17
1 0 0 17
1 0 0 17
1 0 0 17
1 0 0 17
1 0 0 17
1 0 0 18
1 0 0 18
1 0 0 18
1 0 0 18
1 0 0 18
1 0 0 18
1 0 0 18
1 0 0 18
1 0 0 18
1 0 0 18
1 0 0 19
1 0 0 19
1 0 0 19
1 0 0 19
1 0 0 19
1 0 0 19
1 0 0 19
1 0 0 19
1 0 0 19
1 0 0 20
1 0 0 20
1 0 0 20
1 0 0 20
1 0 0 20
1 0 0 20
1 0 0 20
1 0 0 20
1 0 0 20
1 0 0 20
1 0 0 19
1 0 0 21
1 0 0 21
1 0 0 21
1 0 0 21
1 0 0 21
1 0 0 21
1 0 0 21
1 0 0 21
1 0 0 21
1 0 0 21
1 0 0 17
1 0 0 17
0.1 4 5 -1
0.1 6 7 -1
0.1 212 8 -1
0.1 211 213 -1
0.1 3 214 -1
0.1 9 10 -1
0.1 11 12 -1
0.1 216 217 -1
0.1 215 218 -1
0.1 14 15 -1
0.1 13 220 -1
0.1 18 19 -1
0.1 17 222 -1
0.1 21 22 -1
0.1 20 224 -1
0.1 223 225 -1
0.1 23 24 -1
0.1 25 26 -1
0.1 227 228 -1
0.1 226 229 -1
0.1 16 230 -1
0.1 221 231 -1
0.1 219 232 -1
0.1 30 31 -1
0.1 29 234 -1
0.1 28 235 -1
0.1 33 34 -1
0.1 32 237 -1
0.1 236 238 -1
0.1 27 239 -1
0.1 35 36 -1
0.1 240 241 -1
0.1 39 40 -1
0.1 41 42 -1
0.1 243 244 -1
0.1 44 45 -1
0.1 43 246 -1
0.1 247 46 -1
0.1 245 248 -1
0.1 38 249 -1
0.1 37 250 -1
0.1 242 251 -1
0.1 252 47 -1
0.1 233 253 -1
0.1 49 50 -1
0.1 51 52 -1
0.1 255 256 -1
0.1 53 54 -1
0.1 257 258 -1
0.1 55 56 -1
0.1 57 58 -1
0.1 260 261 -1
0.1 259 262 -1
0.1 48 263 -1
0.1 254 264 -1
0.1 61 62 -1
0.1 60 266 -1
0.1 63 64 -1
0.1 267 268 -1
0.1 65 66 -1
0.1 68 69 -1
0.1 67 271 -1
0.1 270 272 -1
0.1 269 273 -1
0.1 72 73 -1
0.1 71 275 -1
0.1 70 276 -1
0.1 76 77 -1
0.1 75 278 -1
0.1 74 279 -1
0.1 280 78 -1
0.1 281 79 -1
0.1 277 282 -1
0.1 283 80 -1
0.1 81 82 -1
0.1 84 85 -1
0.1 286 86 -1
0.1 87 88 -1
0.1 89 90 -1
0.1 288 289 -1
0.1 287 290 -1
0.1 83 291 -1
0.1 285 292 -1
0.1 293 91 -1
0.1 284 294 -1
0.1 274 295 -1
0.1 59 296 -1
0.1 265 297 -1
0.1 2 298 -1
0.1 1 299 -1
0.1 92 93 -1
0.1 94 95 -1
0.1 98 99 -1
0.1 303 100 -1
0.1 304 101 -1
0.1 103 104 -1
0.1 306 105 -1
0.1 102 307 -1
0.1 106 107 -1
0.1 308 309 -1
0.1 305 310 -1
0.1 97 311 -1
0.1 96 312 -1
0.1 302 313 -1
0.1 110 111 -1
0.1 109 315 -1
0.1 113 114 -1
0.1 112 317 -1
0.1 318 115 -1
0.1 116 117 -1
0.1 320 118 -1
0.1 319 321 -1
0.1 316 322 -1
0.1 108 323 -1
0.1 120 121 -1
0.1 325 122 -1
0.1 119 326 -1
0.1 123 124 -1
0.1 126 127 -1
0.1 125 329 -1
0.1 328 330 -1
0.1 327 331 -1
0.1 324 332 -1
0.1 314 333 -1
0.1 301 334 -1
0.1 300 335 -1
0.1 131 132 -1
0.1 130 337 -1
0.1 338 133 -1
0.1 339 134 -1
0.1 138 139 -1
0.1 137 341 -1
0.1 136 342 -1
0.1 135 343 -1
0.1 340 344 -1
0.1 129 345 -1
0.1 128 346 -1
0.1 142 143 -1
0.1 348 144 -1
0.1 141 349 -1
0.1 140 350 -1
0.1 145 146 -1
0.1 351 352 -1
0.1 353 147 -1
0.1 148 149 -1
0.1 355 150 -1
0.1 354 356 -1
0.1 347 357 -1
0.1 336 358 -1
0.1 151 152 -1
0.1 154 155 -1
0.1 158 159 -1
0.1 362 160 -1
0.1 157 363 -1
0.1 156 364 -1
0.1 361 365 -1
0.1 153 366 -1
0.1 360 367 -1
0.1 161 162 -1
0.1 163 164 -1
0.1 370 165 -1
0.1 369 371 -1
0.1 368 372 -1
0.1 166 167 -1
0.1 373 374 -1
0.1 172 173 -1
0.1 171 376 -1
0.1 174 175 -1
0.1 377 378 -1
0.1 170 379 -1
0.1 169 380 -1
0.1 177 178 -1
0.1 176 382 -1
0.1 381 383 -1
0.1 179 180 -1
0.1 185 186 -1
0.1 184 386 -1
0.1 183 387 -1
0.1 182 388 -1
0.1 181 389 -1
0.1 390 187 -1
0.1 385 391 -1
0.1 189 190 -1
0.1 191 192 -1
0.1 393 394 -1
0.1 188 395 -1
0.1 194 195 -1
0.1 196 197 -1
0.1 397 398 -1
0.1 193 399 -1
0.1 396 400 -1
0.1 392 401 -1
0.1 402 198 -1
0.1 384 403 -1
0.1 201 202 -1
0.1 200 405 -1
0.1 199 406 -1
0.1 203 204 -1
0.1 408 205 -1
0.1 407 409 -1
0.1 207 208 -1
0.1 206 411 -1
0.1 410 412 -1
0.1 404 413 -1
0.1 168 414 -1
0.1 375 415 -1
0.1 209 210 -1
0.1 416 417 -1
0.1 359 418 -1
