1 0 0 1
1 0 0 1
1 0 0 1
1 0 0 1
1 0 0 1
1 0 0 1
1 0 0 1
1 0 0 1
1 0 0 1
1 0 0 1
1 0 0 2
1 0 0 2
1 0 0 2
1 0 0 2
1 0 0 2
1 0 0 2
1 0 0 2
1 0 0 2
1 0 0 3
1 0 0 3
1 0 0 3
1 0 0 3
1 0 0 3
1 0 0 3
1 0 0 3
1 0 0 3
1 0 0 3
1 0 0 4
1 0 0 4
1 0 0 4
1 0 0 4
1 0 0 4
1 0 0 4
1 0 0 4
1 0 0 4
1 0 0 4
1 0 0 4
1 0 0 5
1 0 0 6
1 0 0 6
1 0 0 6
1 0 0 6
1 0 0 6
1 0 0 6
1 0 0 6
1 0 0 6
1 0 0 6
1 0 0 6
1 0 0 5
1 0 0 5
1 0 0 5
1 0 0 5
1 0 0 5
1 0 0 5
1 0 0 5
1 0 0 5
1 0 0 5
1 0 0 3
1 0 0 2
1 0 0 2
0.1 2 3 -1
0.1 1 61 -1
0.1 4 5 -1
0.1 6 7 -1
0.1 9 10 -1
0.1 8 65 -1
0.1 64 66 -1
0.1 63 67 -1
0.1 62 68 -1
0.1 14 15 -1
0.1 13 70 -1
0.1 17 18 -1
0.1 16 72 -1
0.1 71 73 -1
0.1 12 74 -1
0.1 19 20 -1
0.1 76 21 -1
0.1 22 23 -1
0.1 24 25 -1
0.1 78 79 -1
0.1 26 27 -1
0.1 80 81 -1
0.1 28 29 -1
0.1 31 32 -1
0.1 30 84 -1
0.1 83 85 -1
0.1 35 36 -1
0.1 34 87 -1
0.1 33 88 -1
0.1 89 37 -1
0.1 86 90 -1
0.1 41 42 -1
0.1 40 92 -1
0.1 43 44 -1
0.1 93 94 -1
0.1 47 48 -1
0.1 46 96 -1
0.1 45 97 -1
0.1 95 98 -1
0.1 39 99 -1
0.1 38 100 -1
0.1 49 50 -1
0.1 52 53 -1
0.1 51 103 -1
0.1 102 104 -1
0.1 56 57 -1
0.1 55 106 -1
0.1 54 107 -1
0.1 105 108 -1
0.1 101 109 -1
0.1 91 110 -1
0.1 82 111 -1
0.1 112 58 -1
0.1 77 113 -1
0.1 114 59 -1
0.1 75 115 -1
0.1 116 60 -1
0.1 11 117 -1
0.1 69 118 -1
