1 0 0 1
1 0 0 2
1 0 0 2
1 0 0 2
1 0 0 2
1 0 0 2
1 0 0 2
1 0 0 2
1 0 0 2
1 0 0 2
1 0 0 2
1 0 0 1
1 0 0 3
1 0 0 3
1 0 0 3
1 0 0 3
1 0 0 3
1 0 0 3
1 0 0 3
1 0 0 3
1 0 0 3
1 0 0 3
1 0 0 1
1 0 0 1
1 0 0 1
1 0 0 1
1 0 0 4
1 0 0 4
1 0 0 4
1 0 0 5
1 0 0 5
1 0 0 5
1 0 0 5
1 0 0 5
1 0 0 5
1 0 0 5
1 0 0 5
1 0 0 5
1 0 0 5
1 0 0 4
1 0 0 4
1 0 0 4
1 0 0 4
1 0 0 4
1 0 0 4
1 0 0 4
1 0 0 1
1 0 0 1
1 0 0 1
1 0 0 1
1 0 0 6
1 0 0 7
1 0 0 7
1 0 0 8
1 0 0 8
1 0 0 9
1 0 0 9
1 0 0 9
1 0 0 9
1 0 0 8
1 0 0 7
1 0 0 7
1 0 0 7
1 0 0 7
1 0 0 7
1 0 0 7
1 0 0 6
1 0 0 6
1 0 0 10
1 0 0 10
1 0 0 10
1 0 0 10
1 0 0 10
1 0 0 10
1 0 0 6
1 0 0 6
1 0 0 10
1 0 0 10
1 0 0 10
1 0 0 6
1 0 0 9
1 0 0 9
1 0 0 7
1 0 0 7
1 0 0 10
1 0 0 6
1 0 0 6
1 0 0 6
1 0 0 6
1 0 0 11
1 0 0 11
1 0 0 8
1 0 0 8
1 0 0 8
1 0 0 8
1 0 0 8
1 0 0 8
1 0 0 9
1 0 0 9
1 0 0 9
1 0 0 12
1 0 0 12
1 0 0 12
1 0 0 13
1 0 0 13
1 0 0 14
1 0 0 14
1 0 0 14
1 0 0 14
1 0 0 14
1 0 0 14
1 0 0 14
1 0 0 14
1 0 0 14
1 0 0 14
1 0 0 15
1 0 0 15
1 0 0 15
1 0 0 15
1 0 0 15
1 0 0 15
1 0 0 15
1 0 0 15
1 0 0 15
1 0 0 15
1 0 0 16
1 0 0 16
1 0 0 16
1 0 0 16
1 0 0 16
1 0 0 16
1 0 0 16
1 0 0 16
1 0 0 16
1 0 0 16
1 0 0 13
1 0 0 13
1 0 0 13
1 0 0 17
1 0 0 17
1 0 0 17
1 0 0 17
1 0 0 17
1 0 0 17
1 0 0 17
1 0 0 17
1 0 0 17
1 0 0 17
1 0 0 13
1 0 0 13
1 0 0 13
1 0 0 13
1 0 0 13
1 0 0 18
1 0 0 18
1 0 0 18
1 0 0 18
1 0 0 18
1 0 0 18
1 0 0 18
1 0 0 18
1 0 0 18
1 0 0 18
1 0 0 19
1 0 0 19
1 0 0 19
1 0 0 19
1 0 0 19
1 0 0 19
1 0 0 19
1 0 0 19
1 0 0 19
1 0 0 19
1 0 0 9
1 0 0 12
1 0 0 12
1 0 0 12
1 0 0 12
1 0 0 12
1 0 0 12
1 0 0 12
1 0 0 11
1 0 0 11
1 0 0 11
1 0 0 8
1 0 0 11
1 0 0 11
1 0 0 20
1 0 0 20
1 0 0 20
1 0 0 20
1 0 0 20
1 0 0 20
1 0 0 20
1 0 0 20
1 0 0 20
1 0 0 20
1 0 0 11
1 0 0 11
1 0 0 21
1 0 0 21
1 0 0 21
1 0 0 21
1 0 0 21
1 0 0 21
1 0 0 21
1 0 0 11
1 0 0 21
1 0 0 21
1 0 0 21
0.1 2 3 -1
0.1 4 5 -1
0.1 211 212 -1
0.1 213 6 -1
0.1 7 8 -1
0.1 9 10 -1
0.1 215 216 -1
0.1 214 217 -1
0.1 218 11 -1
0.1 219 12 -1
0.1 1 220 -1
0.1 16 17 -1
0.1 15 222 -1
0.1 14 223 -1
0.1 13 224 -1
0.1 18 19 -1
0.1 20 21 -1
0.1 227 22 -1
0.1 226 228 -1
0.1 225 229 -1
0.1 24 25 -1
0.1 23 231 -1
0.1 232 26 -1
0.1 30 31 -1
0.1 33 34 -1
0.1 32 235 -1
0.1 36 37 -1
0.1 35 237 -1
0.1 236 238 -1
0.1 239 38 -1
0.1 240 39 -1
0.1 234 241 -1
0.1 29 242 -1
0.1 40 41 -1
0.1 244 42 -1
0.1 43 44 -1
0.1 246 45 -1
0.1 245 247 -1
0.1 243 248 -1
0.1 249 46 -1
0.1 28 250 -1
0.1 27 251 -1
0.1 233 252 -1
0.1 230 253 -1
0.1 48 49 -1
0.1 47 255 -1
0.1 256 50 -1
0.1 254 257 -1
0.1 221 258 -1
0.1 52 53 -1
0.1 58 59 -1
0.1 57 261 -1
0.1 56 262 -1
0.1 263 60 -1
0.1 55 264 -1
0.1 54 265 -1
0.1 266 61 -1
0.1 267 62 -1
0.1 268 63 -1
0.1 269 64 -1
0.1 260 270 -1
0.1 65 66 -1
0.1 271 272 -1
0.1 69 70 -1
0.1 274 71 -1
0.1 73 74 -1
0.1 72 276 -1
0.1 275 277 -1
0.1 78 79 -1
0.1 77 279 -1
0.1 280 80 -1
0.1 76 281 -1
0.1 75 282 -1
0.1 81 82 -1
0.1 83 84 -1
0.1 284 285 -1
0.1 286 85 -1
0.1 86 87 -1
0.1 288 88 -1
0.1 287 289 -1
0.1 283 290 -1
0.1 291 89 -1
0.1 278 292 -1
0.1 68 293 -1
0.1 67 294 -1
0.1 273 295 -1
0.1 51 296 -1
0.1 259 297 -1
0.1 92 93 -1
0.1 94 95 -1
0.1 299 300 -1
0.1 96 97 -1
0.1 301 302 -1
0.1 102 103 -1
0.1 101 304 -1
0.1 104 105 -1
0.1 109 110 -1
0.1 112 113 -1
0.1 111 308 -1
0.1 307 309 -1
0.1 108 310 -1
0.1 114 115 -1
0.1 311 312 -1
0.1 107 313 -1
0.1 106 314 -1
0.1 117 118 -1
0.1 316 119 -1
0.1 116 317 -1
0.1 121 122 -1
0.1 124 125 -1
0.1 123 320 -1
0.1 319 321 -1
0.1 120 322 -1
0.1 318 323 -1
0.1 315 324 -1
0.1 126 127 -1
0.1 326 128 -1
0.1 132 133 -1
0.1 131 328 -1
0.1 130 329 -1
0.1 134 135 -1
0.1 330 331 -1
0.1 129 332 -1
0.1 327 333 -1
0.1 325 334 -1
0.1 136 137 -1
0.1 139 140 -1
0.1 141 142 -1
0.1 338 143 -1
0.1 145 146 -1
0.1 144 340 -1
0.1 339 341 -1
0.1 147 148 -1
0.1 342 343 -1
0.1 337 344 -1
0.1 149 150 -1
0.1 345 346 -1
0.1 347 151 -1
0.1 138 348 -1
0.1 336 349 -1
0.1 152 153 -1
0.1 350 351 -1
0.1 335 352 -1
0.1 155 156 -1
0.1 354 157 -1
0.1 158 159 -1
0.1 355 356 -1
0.1 357 160 -1
0.1 154 358 -1
0.1 161 162 -1
0.1 360 163 -1
0.1 359 361 -1
0.1 353 362 -1
0.1 165 166 -1
0.1 364 167 -1
0.1 168 169 -1
0.1 366 170 -1
0.1 365 367 -1
0.1 164 368 -1
0.1 369 171 -1
0.1 172 173 -1
0.1 370 371 -1
0.1 363 372 -1
0.1 306 373 -1
0.1 374 174 -1
0.1 175 176 -1
0.1 376 177 -1
0.1 178 179 -1
0.1 377 378 -1
0.1 375 379 -1
0.1 305 380 -1
0.1 180 181 -1
0.1 381 382 -1
0.1 100 383 -1
0.1 99 384 -1
0.1 98 385 -1
0.1 303 386 -1
0.1 387 182 -1
0.1 183 184 -1
0.1 388 389 -1
0.1 186 187 -1
0.1 185 391 -1
0.1 189 190 -1
0.1 393 191 -1
0.1 394 192 -1
0.1 193 194 -1
0.1 195 196 -1
0.1 396 397 -1
0.1 395 398 -1
0.1 188 399 -1
0.1 400 197 -1
0.1 401 198 -1
0.1 392 402 -1
0.1 390 403 -1
0.1 91 404 -1
0.1 90 405 -1
0.1 200 201 -1
0.1 202 203 -1
0.1 407 408 -1
0.1 205 206 -1
0.1 204 410 -1
0.1 208 209 -1
0.1 412 210 -1
0.1 207 413 -1
0.1 411 414 -1
0.1 409 415 -1
0.1 199 416 -1
0.1 406 417 -1
0.1 298 418 -1
