1 0 0 1
1 0 0 1
1 0 0 1
1 0 0 1
1 0 0 1
1 0 0 1
1 0 0 1
1 0 0 1
1 0 0 1
1 0 0 1
1 0 0 2
1 0 0 2
1 0 0 2
1 0 0 2
1 0 0 3
1 0 0 3
1 0 0 3
1 0 0 3
1 0 0 3
1 0 0 3
1 0 0 3
1 0 0 3
1 0 0 3
1 0 0 3
1 0 0 4
1 0 0 4
1 0 0 4
1 0 0 4
1 0 0 4
1 0 0 4
1 0 0 4
1 0 0 4
1 0 0 4
1 0 0 4
1 0 0 2
1 0 0 2
1 0 0 2
1 0 0 2
1 0 0 5
1 0 0 5
1 0 0 5
1 0 0 5
1 0 0 5
1 0 0 5
1 0 0 5
1 0 0 5
1 0 0 5
1 0 0 5
1 0 0 2
1 0 0 2
1 0 0 6
1 0 0 6
1 0 0 6
1 0 0 6
1 0 0 6
1 0 0 6
1 0 0 6
1 0 0 6
1 0 0 6
1 0 0 6
1 0 0 7
1 0 0 7
1 0 0 7
1 0 0 7
1 0 0 7
1 0 0 7
1 0 0 7
1 0 0 7
1 0 0 7
1 0 0 7
1 0 0 8
1 0 0 8
1 0 0 8
1 0 0 8
1 0 0 8
1 0 0 8
1 0 0 8
1 0 0 8
1 0 0 8
1 0 0 8
1 0 0 9
1 0 0 9
1 0 0 9
1 0 0 9
1 0 0 10
1 0 0 10
1 0 0 10
1 0 0 10
1 0 0 10
1 0 0 10
1 0 0 10
1 0 0 10
1 0 0 10
1 0 0 10
1 0 0 11
1 0 0 12
1 0 0 12
1 0 0 12
1 0 0 12
1 0 0 12
1 0 0 12
1 0 0 12
1 0 0 12
1 0 0 12
1 0 0 12
1 0 0 11
1 0 0 11
1 0 0 11
1 0 0 11
1 0 0 11
1 0 0 11
1 0 0 13
1 0 0 13
1 0 0 13
1 0 0 13
1 0 0 13
1 0 0 13
1 0 0 13
1 0 0 13
1 0 0 13
1 0 0 13
1 0 0 14
1 0 0 14
1 0 0 14
1 0 0 14
1 0 0 14
1 0 0 14
1 0 0 14
1 0 0 14
1 0 0 14
1 0 0 15
1 0 0 15
1 0 0 15
1 0 0 15
1 0 0 15
1 0 0 15
1 0 0 15
1 0 0 15
1 0 0 15
1 0 0 15
1 0 0 14
1 0 0 11
1 0 0 11
1 0 0 11
1 0 0 16
1 0 0 16
1 0 0 16
1 0 0 16
1 0 0 16
1 0 0 16
1 0 0 16
1 0 0 17
1 0 0 17
1 0 0 17
1 0 0 17
1 0 0 17
1 0 0 17
1 0 0 17
1 0 0 17
1 0 0 17
1 0 0 17
1 0 0 18
1 0 0 18
1 0 0 18
1 0 0 18
1 0 0 18
1 0 0 18
1 0 0 18
1 0 0 18
1 0 0 18
1 0 0 18
1 0 0 16
1 0 0 9
1 0 0 9
1 0 0 16
1 0 0 19
1 0 0 19
1 0 0 20
1 0 0 20
1 0 0 20
1 0 0 20
1 0 0 20
1 0 0 20
1 0 0 20
1 0 0 20
1 0 0 20
1 0 0 20
1 0 0 19
1 0 0 21
1 0 0 21
1 0 0 21
1 0 0 21
1 0 0 9
1 0 0 9
1 0 0 9
1 0 0 9
1 0 0 21
1 0 0 21
1 0 0 21
1 0 0 19
1 0 0 19
1 0 0 19
1 0 0 19
1 0 0 19
1 0 0 21
1 0 0 21
1 0 0 21
1 0 0 19
1 0 0 19
1 0 0 16
0.1 1 2 -1
0.1 4 5 -1
0.1 3 212 -1
0.1 211 213 -1
0.1 7 8 -1
0.1 6 215 -1
0.1 9 10 -1
0.1 216 217 -1
0.1 214 218 -1
0.1 11 12 -1
0.1 16 17 -1
0.1 19 20 -1
0.1 18 222 -1
0.1 223 21 -1
0.1 221 224 -1
0.1 15 225 -1
0.1 22 23 -1
0.1 226 227 -1
0.1 228 24 -1
0.1 25 26 -1
0.1 27 28 -1
0.1 231 29 -1
0.1 31 32 -1
0.1 30 233 -1
0.1 232 234 -1
0.1 33 34 -1
0.1 235 236 -1
0.1 230 237 -1
0.1 229 238 -1
0.1 14 239 -1
0.1 13 240 -1
0.1 241 35 -1
0.1 242 36 -1
0.1 37 38 -1
0.1 40 41 -1
0.1 43 44 -1
0.1 246 45 -1
0.1 47 48 -1
0.1 46 248 -1
0.1 247 249 -1
0.1 42 250 -1
0.1 245 251 -1
0.1 39 252 -1
0.1 244 253 -1
0.1 243 254 -1
0.1 255 49 -1
0.1 220 256 -1
0.1 257 50 -1
0.1 52 53 -1
0.1 56 57 -1
0.1 55 260 -1
0.1 58 59 -1
0.1 262 60 -1
0.1 261 263 -1
0.1 54 264 -1
0.1 259 265 -1
0.1 51 266 -1
0.1 64 65 -1
0.1 268 66 -1
0.1 63 269 -1
0.1 62 270 -1
0.1 271 67 -1
0.1 68 69 -1
0.1 273 70 -1
0.1 272 274 -1
0.1 61 275 -1
0.1 267 276 -1
0.1 73 74 -1
0.1 72 278 -1
0.1 76 77 -1
0.1 75 280 -1
0.1 281 78 -1
0.1 279 282 -1
0.1 71 283 -1
0.1 79 80 -1
0.1 284 285 -1
0.1 277 286 -1
0.1 258 287 -1
0.1 288 81 -1
0.1 219 289 -1
0.1 83 84 -1
0.1 82 291 -1
0.1 290 292 -1
0.1 87 88 -1
0.1 89 90 -1
0.1 93 94 -1
0.1 92 296 -1
0.1 91 297 -1
0.1 295 298 -1
0.1 294 299 -1
0.1 86 300 -1
0.1 85 301 -1
0.1 96 97 -1
0.1 98 99 -1
0.1 303 304 -1
0.1 100 101 -1
0.1 306 102 -1
0.1 103 104 -1
0.1 307 308 -1
0.1 305 309 -1
0.1 95 310 -1
0.1 311 105 -1
0.1 312 106 -1
0.1 108 109 -1
0.1 314 110 -1
0.1 107 315 -1
0.1 112 113 -1
0.1 115 116 -1
0.1 114 318 -1
0.1 319 117 -1
0.1 320 118 -1
0.1 120 121 -1
0.1 119 322 -1
0.1 321 323 -1
0.1 317 324 -1
0.1 122 123 -1
0.1 125 126 -1
0.1 124 327 -1
0.1 328 127 -1
0.1 129 130 -1
0.1 128 330 -1
0.1 133 134 -1
0.1 132 332 -1
0.1 136 137 -1
0.1 135 334 -1
0.1 333 335 -1
0.1 138 139 -1
0.1 336 337 -1
0.1 338 140 -1
0.1 131 339 -1
0.1 331 340 -1
0.1 329 341 -1
0.1 342 141 -1
0.1 326 343 -1
0.1 325 344 -1
0.1 142 143 -1
0.1 345 346 -1
0.1 111 347 -1
0.1 348 144 -1
0.1 316 349 -1
0.1 313 350 -1
0.1 302 351 -1
0.1 293 352 -1
0.1 148 149 -1
0.1 354 150 -1
0.1 153 154 -1
0.1 152 356 -1
0.1 156 157 -1
0.1 155 358 -1
0.1 357 359 -1
0.1 151 360 -1
0.1 158 159 -1
0.1 160 161 -1
0.1 362 363 -1
0.1 361 364 -1
0.1 162 163 -1
0.1 366 164 -1
0.1 367 165 -1
0.1 166 167 -1
0.1 168 169 -1
0.1 170 171 -1
0.1 370 371 -1
0.1 369 372 -1
0.1 368 373 -1
0.1 365 374 -1
0.1 375 172 -1
0.1 173 174 -1
0.1 377 175 -1
0.1 376 378 -1
0.1 180 181 -1
0.1 179 380 -1
0.1 183 184 -1
0.1 182 382 -1
0.1 381 383 -1
0.1 178 384 -1
0.1 186 187 -1
0.1 185 386 -1
0.1 385 387 -1
0.1 190 191 -1
0.1 195 196 -1
0.1 194 390 -1
0.1 193 391 -1
0.1 197 198 -1
0.1 392 393 -1
0.1 394 199 -1
0.1 192 395 -1
0.1 389 396 -1
0.1 189 397 -1
0.1 188 398 -1
0.1 388 399 -1
0.1 400 200 -1
0.1 401 201 -1
0.1 206 207 -1
0.1 205 403 -1
0.1 404 208 -1
0.1 204 405 -1
0.1 203 406 -1
0.1 202 407 -1
0.1 402 408 -1
0.1 409 209 -1
0.1 177 410 -1
0.1 176 411 -1
0.1 379 412 -1
0.1 413 210 -1
0.1 355 414 -1
0.1 147 415 -1
0.1 146 416 -1
0.1 145 417 -1
0.1 353 418 -1
