1 0 0 1
1 0 0 1
1 0 0 2
1 0 0 2
1 0 0 2
1 0 0 2
1 0 0 2
1 0 0 2
1 0 0 2
1 0 0 2
1 0 0 2
1 0 0 2
1 0 0 2
1 0 0 2
1 0 0 2
1 0 0 2
1 0 0 2
1 0 0 2
1 0 0 2
1 0 0 2
1 0 0 2
1 0 0 2
1 0 0 1
1 0 0 1
1 0 0 1
1 0 0 1
1 0 0 1
1 0 0 1
1 0 0 1
1 0 0 3
1 0 0 3
1 0 0 3
1 0 0 3
1 0 0 3
1 0 0 3
1 0 0 3
1 0 0 3
1 0 0 3
1 0 0 3
1 0 0 3
1 0 0 3
1 0 0 3
1 0 0 3
1 0 0 3
1 0 0 3
1 0 0 3
1 0 0 3
1 0 0 3
1 0 0 3
1 0 0 4
1 0 0 4
1 0 0 4
1 0 0 4
1 0 0 4
1 0 0 4
1 0 0 4
1 0 0 4
1 0 0 4
1 0 0 4
1 0 0 4
1 0 0 4
1 0 0 4
1 0 0 4
1 0 0 4
1 0 0 4
1 0 0 4
1 0 0 4
1 0 0 4
1 0 0 4
1 0 0 1
1 0 0 1
1 0 0 1
1 0 0 1
1 0 0 1
1 0 0 1
1 0 0 1
1 0 0 1
1 0 0 1
1 0 0 1
1 0 0 5
1 0 0 5
1 0 0 5
1 0 0 5
1 0 0 5
1 0 0 5
1 0 0 5
1 0 0 5
1 0 0 5
1 0 0 5
1 0 0 5
1 0 0 5
1 0 0 5
1 0 0 5
1 0 0 5
1 0 0 5
1 0 0 5
1 0 0 5
1 0 0 5
1 0 0 5
1 0 0 1
1 0 0 6
1 0 0 6
1 0 0 6
1 0 0 6
1 0 0 6
1 0 0 6
1 0 0 6
1 0 0 6
1 0 0 6
1 0 0 6
1 0 0 6
1 0 0 6
1 0 0 6
1 0 0 6
1 0 0 6
1 0 0 6
1 0 0 6
1 0 0 6
1 0 0 6
1 0 0 6
1 0 0 7
1 0 0 7
1 0 0 7
1 0 0 7
1 0 0 7
1 0 0 7
1 0 0 7
1 0 0 7
1 0 0 7
1 0 0 8
1 0 0 8
1 0 0 8
1 0 0 8
1 0 0 8
1 0 0 8
1 0 0 8
1 0 0 8
1 0 0 8
1 0 0 8
1 0 0 8
1 0 0 8
1 0 0 8
1 0 0 8
1 0 0 8
1 0 0 8
1 0 0 8
1 0 0 8
1 0 0 8
1 0 0 8
1 0 0 7
1 0 0 9
1 0 0 9
1 0 0 9
1 0 0 9
1 0 0 9
1 0 0 9
1 0 0 9
1 0 0 9
1 0 0 9
1 0 0 9
1 0 0 9
1 0 0 9
1 0 0 9
1 0 0 9
1 0 0 9
1 0 0 9
1 0 0 9
1 0 0 9
1 0 0 9
1 0 0 9
1 0 0 10
1 0 0 10
1 0 0 10
1 0 0 10
1 0 0 10
1 0 0 10
1 0 0 10
1 0 0 10
1 0 0 10
1 0 0 10
1 0 0 10
1 0 0 10
1 0 0 10
1 0 0 10
1 0 0 10
1 0 0 10
1 0 0 10
1 0 0 10
1 0 0 10
1 0 0 10
1 0 0 11
1 0 0 11
1 0 0 11
1 0 0 11
1 0 0 12
1 0 0 12
1 0 0 12
1 0 0 12
1 0 0 12
1 0 0 12
1 0 0 12
1 0 0 12
1 0 0 12
1 0 0 12
1 0 0 12
1 0 0 12
1 0 0 12
1 0 0 12
1 0 0 12
1 0 0 12
1 0 0 12
1 0 0 12
1 0 0 12
1 0 0 12
1 0 0 13
1 0 0 13
1 0 0 13
1 0 0 13
1 0 0 13
1 0 0 13
1 0 0 13
1 0 0 13
1 0 0 13
1 0 0 13
1 0 0 13
1 0 0 13
1 0 0 13
1 0 0 13
1 0 0 13
1 0 0 13
1 0 0 13
1 0 0 13
1 0 0 13
1 0 0 13
1 0 0 14
1 0 0 14
1 0 0 14
1 0 0 14
1 0 0 14
1 0 0 14
1 0 0 14
1 0 0 14
1 0 0 14
1 0 0 14
1 0 0 14
1 0 0 14
1 0 0 14
1 0 0 14
1 0 0 14
1 0 0 14
1 0 0 14
1 0 0 14
1 0 0 14
1 0 0 14
1 0 0 11
1 0 0 15
1 0 0 15
1 0 0 15
1 0 0 15
1 0 0 15
1 0 0 15
1 0 0 15
1 0 0 15
1 0 0 15
1 0 0 15
1 0 0 15
1 0 0 15
1 0 0 15
1 0 0 15
1 0 0 15
1 0 0 15
1 0 0 15
1 0 0 15
1 0 0 15
1 0 0 15
1 0 0 11
1 0 0 16
1 0 0 16
1 0 0 16
1 0 0 16
1 0 0 16
1 0 0 16
1 0 0 16
1 0 0 16
1 0 0 16
1 0 0 16
1 0 0 16
1 0 0 16
1 0 0 16
1 0 0 16
1 0 0 16
1 0 0 16
1 0 0 16
1 0 0 16
1 0 0 16
1 0 0 16
1 0 0 17
1 0 0 17
1 0 0 17
1 0 0 17
1 0 0 17
1 0 0 17
1 0 0 17
1 0 0 17
1 0 0 17
1 0 0 17
1 0 0 17
1 0 0 17
1 0 0 17
1 0 0 17
1 0 0 17
1 0 0 17
1 0 0 17
1 0 0 17
1 0 0 17
1 0 0 17
1 0 0 11
1 0 0 11
1 0 0 11
1 0 0 18
1 0 0 18
1 0 0 18
1 0 0 18
1 0 0 18
1 0 0 18
1 0 0 18
1 0 0 18
1 0 0 18
1 0 0 18
1 0 0 18
1 0 0 18
1 0 0 18
1 0 0 18
1 0 0 18
1 0 0 18
1 0 0 18
1 0 0 18
1 0 0 18
1 0 0 18
1 0 0 19
1 0 0 19
1 0 0 19
1 0 0 19
1 0 0 19
1 0 0 19
1 0 0 19
1 0 0 19
1 0 0 19
1 0 0 19
1 0 0 19
1 0 0 19
1 0 0 19
1 0 0 19
1 0 0 19
1 0 0 19
1 0 0 19
1 0 0 19
1 0 0 19
1 0 0 19
1 0 0 11
1 0 0 11
1 0 0 20
1 0 0 20
1 0 0 20
1 0 0 20
1 0 0 20
1 0 0 20
1 0 0 20
1 0 0 20
1 0 0 20
1 0 0 20
1 0 0 20
1 0 0 20
1 0 0 20
1 0 0 20
1 0 0 20
1 0 0 20
1 0 0 20
1 0 0 20
1 0 0 20
1 0 0 20
1 0 0 21
1 0 0 21
1 0 0 21
1 0 0 21
1 0 0 21
1 0 0 21
1 0 0 21
1 0 0 21
1 0 0 21
1 0 0 21
1 0 0 21
1 0 0 21
1 0 0 21
1 0 0 21
1 0 0 21
1 0 0 21
1 0 0 21
1 0 0 21
1 0 0 21
1 0 0 21
1 0 0 22
1 0 0 22
1 0 0 22
1 0 0 22
1 0 0 22
1 0 0 22
1 0 0 22
1 0 0 22
1 0 0 22
1 0 0 22
1 0 0 22
1 0 0 22
1 0 0 22
1 0 0 22
1 0 0 22
1 0 0 22
1 0 0 22
1 0 0 22
1 0 0 22
1 0 0 22
1 0 0 23
1 0 0 23
1 0 0 23
1 0 0 23
1 0 0 23
1 0 0 23
1 0 0 23
1 0 0 23
1 0 0 23
1 0 0 23
1 0 0 23
1 0 0 23
1 0 0 23
1 0 0 23
1 0 0 23
1 0 0 23
1 0 0 23
1 0 0 23
1 0 0 23
1 0 0 23
1 0 0 11
1 0 0 11
1 0 0 11
1 0 0 11
1 0 0 11
1 0 0 11
1 0 0 11
1 0 0 11
1 0 0 11
1 0 0 24
1 0 0 24
1 0 0 24
1 0 0 24
1 0 0 24
1 0 0 24
1 0 0 24
1 0 0 24
1 0 0 24
1 0 0 24
1 0 0 24
1 0 0 24
1 0 0 24
1 0 0 24
1 0 0 24
1 0 0 24
1 0 0 24
1 0 0 24
1 0 0 24
1 0 0 24
1 0 0 25
1 0 0 25
1 0 0 25
1 0 0 25
1 0 0 25
1 0 0 25
1 0 0 25
1 0 0 25
1 0 0 25
1 0 0 25
1 0 0 25
1 0 0 25
1 0 0 25
1 0 0 25
1 0 0 25
1 0 0 25
1 0 0 25
1 0 0 25
1 0 0 25
1 0 0 25
1 0 0 7
1 0 0 7
1 0 0 26
1 0 0 26
1 0 0 26
1 0 0 26
1 0 0 26
1 0 0 26
1 0 0 26
1 0 0 26
1 0 0 26
1 0 0 26
1 0 0 26
1 0 0 26
1 0 0 26
1 0 0 26
1 0 0 26
1 0 0 26
1 0 0 26
1 0 0 26
1 0 0 26
1 0 0 26
1 0 0 7
1 0 0 7
1 0 0 7
1 0 0 7
1 0 0 27
1 0 0 27
1 0 0 27
1 0 0 27
1 0 0 27
1 0 0 27
1 0 0 27
1 0 0 27
1 0 0 27
1 0 0 27
1 0 0 27
1 0 0 27
1 0 0 27
1 0 0 27
1 0 0 27
1 0 0 27
1 0 0 27
1 0 0 27
1 0 0 27
1 0 0 27
1 0 0 7
1 0 0 7
1 0 0 7
1 0 0 7
1 0 0 28
1 0 0 28
1 0 0 28
1 0 0 28
1 0 0 28
1 0 0 28
1 0 0 28
1 0 0 28
1 0 0 28
1 0 0 28
1 0 0 28
1 0 0 28
1 0 0 28
1 0 0 28
1 0 0 28
1 0 0 28
1 0 0 28
1 0 0 28
1 0 0 28
1 0 0 28
1 0 0 29
1 0 0 29
1 0 0 30
1 0 0 30
1 0 0 30
1 0 0 30
1 0 0 30
1 0 0 30
1 0 0 30
1 0 0 30
1 0 0 30
1 0 0 30
1 0 0 30
1 0 0 30
1 0 0 30
1 0 0 30
1 0 0 30
1 0 0 30
1 0 0 29
1 0 0 29
1 0 0 30
1 0 0 30
1 0 0 30
1 0 0 30
1 0 0 29
1 0 0 29
1 0 0 29
1 0 0 29
1 0 0 29
1 0 0 29
1 0 0 29
1 0 0 31
1 0 0 29
1 0 0 29
1 0 0 29
1 0 0 29
1 0 0 29
1 0 0 32
1 0 0 32
1 0 0 32
1 0 0 32
1 0 0 32
1 0 0 32
1 0 0 32
1 0 0 32
1 0 0 32
1 0 0 32
1 0 0 32
1 0 0 32
1 0 0 32
1 0 0 32
1 0 0 32
1 0 0 32
1 0 0 32
1 0 0 32
1 0 0 32
1 0 0 32
1 0 0 33
1 0 0 33
1 0 0 33
1 0 0 33
1 0 0 33
1 0 0 33
1 0 0 33
1 0 0 34
1 0 0 34
1 0 0 34
1 0 0 34
1 0 0 34
1 0 0 34
1 0 0 34
1 0 0 34
1 0 0 34
1 0 0 34
1 0 0 34
1 0 0 34
1 0 0 34
1 0 0 34
1 0 0 34
1 0 0 34
1 0 0 34
1 0 0 34
1 0 0 34
1 0 0 34
1 0 0 35
1 0 0 33
1 0 0 35
1 0 0 35
1 0 0 35
1 0 0 35
1 0 0 35
1 0 0 35
1 0 0 35
1 0 0 35
1 0 0 35
1 0 0 35
1 0 0 35
1 0 0 35
1 0 0 35
1 0 0 35
1 0 0 35
1 0 0 35
1 0 0 35
1 0 0 35
1 0 0 35
1 0 0 29
1 0 0 29
1 0 0 29
1 0 0 29
1 0 0 33
1 0 0 33
1 0 0 36
1 0 0 33
1 0 0 33
1 0 0 36
1 0 0 36
1 0 0 36
1 0 0 36
1 0 0 36
1 0 0 36
1 0 0 36
1 0 0 36
1 0 0 36
1 0 0 36
1 0 0 36
1 0 0 36
1 0 0 36
1 0 0 36
1 0 0 36
1 0 0 36
1 0 0 36
1 0 0 36
1 0 0 36
1 0 0 37
1 0 0 37
1 0 0 37
1 0 0 37
1 0 0 37
1 0 0 37
1 0 0 37
1 0 0 37
1 0 0 37
1 0 0 37
1 0 0 37
1 0 0 37
1 0 0 37
1 0 0 37
1 0 0 37
1 0 0 37
1 0 0 37
1 0 0 37
1 0 0 37
1 0 0 37
1 0 0 33
1 0 0 33
1 0 0 33
1 0 0 33
1 0 0 33
1 0 0 33
1 0 0 33
1 0 0 33
1 0 0 31
1 0 0 31
1 0 0 31
1 0 0 31
1 0 0 31
1 0 0 31
1 0 0 31
1 0 0 31
1 0 0 31
1 0 0 31
1 0 0 31
1 0 0 31
1 0 0 31
1 0 0 31
1 0 0 31
1 0 0 31
1 0 0 31
1 0 0 31
1 0 0 31
0.1 3 4 -1
0.1 7 8 -1
0.1 6 742 -1
0.1 743 9 -1
0.1 10 11 -1
0.1 744 745 -1
0.1 5 746 -1
0.1 12 13 -1
0.1 14 15 -1
0.1 748 749 -1
0.1 747 750 -1
0.1 16 17 -1
0.1 18 19 -1
0.1 21 22 -1
0.1 20 754 -1
0.1 753 755 -1
0.1 752 756 -1
0.1 751 757 -1
0.1 741 758 -1
0.1 2 759 -1
0.1 23 24 -1
0.1 760 761 -1
0.1 28 29 -1
0.1 30 31 -1
0.1 32 33 -1
0.1 765 34 -1
0.1 764 766 -1
0.1 35 36 -1
0.1 38 39 -1
0.1 40 41 -1
0.1 769 770 -1
0.1 37 771 -1
0.1 768 772 -1
0.1 42 43 -1
0.1 46 47 -1
0.1 45 775 -1
0.1 44 776 -1
0.1 774 777 -1
0.1 773 778 -1
0.1 48 49 -1
0.1 779 780 -1
0.1 767 781 -1
0.1 763 782 -1
0.1 27 783 -1
0.1 50 51 -1
0.1 785 52 -1
0.1 53 54 -1
0.1 55 56 -1
0.1 58 59 -1
0.1 57 789 -1
0.1 788 790 -1
0.1 60 61 -1
0.1 791 792 -1
0.1 63 64 -1
0.1 62 794 -1
0.1 795 65 -1
0.1 796 66 -1
0.1 68 69 -1
0.1 67 798 -1
0.1 797 799 -1
0.1 793 800 -1
0.1 787 801 -1
0.1 786 802 -1
0.1 784 803 -1
0.1 804 70 -1
0.1 26 805 -1
0.1 25 806 -1
0.1 762 807 -1
0.1 71 72 -1
0.1 808 809 -1
0.1 73 74 -1
0.1 75 76 -1
0.1 812 77 -1
0.1 78 79 -1
0.1 83 84 -1
0.1 82 815 -1
0.1 85 86 -1
0.1 88 89 -1
0.1 87 818 -1
0.1 817 819 -1
0.1 91 92 -1
0.1 821 93 -1
0.1 90 822 -1
0.1 95 96 -1
0.1 94 824 -1
0.1 823 825 -1
0.1 820 826 -1
0.1 816 827 -1
0.1 98 99 -1
0.1 97 829 -1
0.1 828 830 -1
0.1 81 831 -1
0.1 80 832 -1
0.1 814 833 -1
0.1 813 834 -1
0.1 811 835 -1
0.1 102 103 -1
0.1 101 837 -1
0.1 104 105 -1
0.1 106 107 -1
0.1 108 109 -1
0.1 840 841 -1
0.1 839 842 -1
0.1 110 111 -1
0.1 112 113 -1
0.1 844 845 -1
0.1 843 846 -1
0.1 114 115 -1
0.1 847 848 -1
0.1 116 117 -1
0.1 118 119 -1
0.1 850 851 -1
0.1 852 120 -1
0.1 849 853 -1
0.1 838 854 -1
0.1 121 122 -1
0.1 856 123 -1
0.1 124 125 -1
0.1 857 858 -1
0.1 859 126 -1
0.1 127 128 -1
0.1 861 129 -1
0.1 131 132 -1
0.1 130 863 -1
0.1 133 134 -1
0.1 136 137 -1
0.1 138 139 -1
0.1 866 867 -1
0.1 141 142 -1
0.1 140 869 -1
0.1 143 144 -1
0.1 145 146 -1
0.1 871 872 -1
0.1 148 149 -1
0.1 147 874 -1
0.1 873 875 -1
0.1 870 876 -1
0.1 868 877 -1
0.1 135 878 -1
0.1 865 879 -1
0.1 864 880 -1
0.1 881 150 -1
0.1 151 152 -1
0.1 154 155 -1
0.1 153 884 -1
0.1 885 156 -1
0.1 157 158 -1
0.1 159 160 -1
0.1 887 888 -1
0.1 886 889 -1
0.1 883 890 -1
0.1 161 162 -1
0.1 164 165 -1
0.1 163 893 -1
0.1 892 894 -1
0.1 167 168 -1
0.1 166 896 -1
0.1 895 897 -1
0.1 891 898 -1
0.1 169 170 -1
0.1 899 900 -1
0.1 171 172 -1
0.1 173 174 -1
0.1 902 903 -1
0.1 175 176 -1
0.1 178 179 -1
0.1 180 181 -1
0.1 907 182 -1
0.1 906 908 -1
0.1 183 184 -1
0.1 185 186 -1
0.1 910 911 -1
0.1 909 912 -1
0.1 177 913 -1
0.1 905 914 -1
0.1 188 189 -1
0.1 187 916 -1
0.1 917 190 -1
0.1 915 918 -1
0.1 904 919 -1
0.1 901 920 -1
0.1 191 192 -1
0.1 193 194 -1
0.1 196 197 -1
0.1 195 924 -1
0.1 925 198 -1
0.1 200 201 -1
0.1 202 203 -1
0.1 204 205 -1
0.1 928 929 -1
0.1 927 930 -1
0.1 206 207 -1
0.1 208 209 -1
0.1 932 933 -1
0.1 211 212 -1
0.1 210 935 -1
0.1 213 214 -1
0.1 936 937 -1
0.1 934 938 -1
0.1 931 939 -1
0.1 199 940 -1
0.1 926 941 -1
0.1 217 218 -1
0.1 216 943 -1
0.1 944 219 -1
0.1 220 221 -1
0.1 945 946 -1
0.1 215 947 -1
0.1 948 222 -1
0.1 223 224 -1
0.1 226 227 -1
0.1 225 951 -1
0.1 952 228 -1
0.1 950 953 -1
0.1 233 234 -1
0.1 232 955 -1
0.1 231 956 -1
0.1 230 957 -1
0.1 229 958 -1
0.1 954 959 -1
0.1 949 960 -1
0.1 942 961 -1
0.1 235 236 -1
0.1 237 238 -1
0.1 964 239 -1
0.1 963 965 -1
0.1 241 242 -1
0.1 240 967 -1
0.1 966 968 -1
0.1 246 247 -1
0.1 245 970 -1
0.1 244 971 -1
0.1 249 250 -1
0.1 248 973 -1
0.1 972 974 -1
0.1 251 252 -1
0.1 975 976 -1
0.1 243 977 -1
0.1 253 254 -1
0.1 978 979 -1
0.1 969 980 -1
0.1 256 257 -1
0.1 260 261 -1
0.1 983 262 -1
0.1 259 984 -1
0.1 258 985 -1
0.1 264 265 -1
0.1 263 987 -1
0.1 267 268 -1
0.1 270 271 -1
0.1 269 990 -1
0.1 989 991 -1
0.1 992 272 -1
0.1 993 273 -1
0.1 266 994 -1
0.1 995 274 -1
0.1 988 996 -1
0.1 986 997 -1
0.1 998 275 -1
0.1 982 999 -1
0.1 255 1000 -1
0.1 981 1001 -1
0.1 962 1002 -1
0.1 277 278 -1
0.1 280 281 -1
0.1 279 1005 -1
0.1 282 283 -1
0.1 287 288 -1
0.1 286 1008 -1
0.1 285 1009 -1
0.1 284 1010 -1
0.1 1007 1011 -1
0.1 1006 1012 -1
0.1 291 292 -1
0.1 294 295 -1
0.1 1015 296 -1
0.1 293 1016 -1
0.1 1014 1017 -1
0.1 290 1018 -1
0.1 289 1019 -1
0.1 1013 1020 -1
0.1 1004 1021 -1
0.1 276 1022 -1
0.1 298 299 -1
0.1 1024 300 -1
0.1 297 1025 -1
0.1 302 303 -1
0.1 1027 304 -1
0.1 301 1028 -1
0.1 1029 305 -1
0.1 1026 1030 -1
0.1 306 307 -1
0.1 1032 308 -1
0.1 1031 1033 -1
0.1 310 311 -1
0.1 313 314 -1
0.1 312 1036 -1
0.1 315 316 -1
0.1 1037 1038 -1
0.1 1035 1039 -1
0.1 309 1040 -1
0.1 1034 1041 -1
0.1 1023 1042 -1
0.1 1003 1043 -1
0.1 923 1044 -1
0.1 317 318 -1
0.1 1045 1046 -1
0.1 922 1047 -1
0.1 322 323 -1
0.1 321 1049 -1
0.1 320 1050 -1
0.1 325 326 -1
0.1 327 328 -1
0.1 329 330 -1
0.1 1053 1054 -1
0.1 1052 1055 -1
0.1 324 1056 -1
0.1 331 332 -1
0.1 1058 333 -1
0.1 1057 1059 -1
0.1 1051 1060 -1
0.1 334 335 -1
0.1 338 339 -1
0.1 337 1063 -1
0.1 336 1064 -1
0.1 1062 1065 -1
0.1 1061 1066 -1
0.1 319 1067 -1
0.1 341 342 -1
0.1 340 1069 -1
0.1 344 345 -1
0.1 343 1071 -1
0.1 347 348 -1
0.1 350 351 -1
0.1 349 1074 -1
0.1 1073 1075 -1
0.1 352 353 -1
0.1 355 356 -1
0.1 354 1078 -1
0.1 1077 1079 -1
0.1 1076 1080 -1
0.1 346 1081 -1
0.1 1072 1082 -1
0.1 358 359 -1
0.1 357 1084 -1
0.1 1083 1085 -1
0.1 1070 1086 -1
0.1 363 364 -1
0.1 362 1088 -1
0.1 366 367 -1
0.1 365 1090 -1
0.1 368 369 -1
0.1 1092 370 -1
0.1 1091 1093 -1
0.1 372 373 -1
0.1 1095 374 -1
0.1 371 1096 -1
0.1 1094 1097 -1
0.1 1089 1098 -1
0.1 377 378 -1
0.1 376 1100 -1
0.1 375 1101 -1
0.1 379 380 -1
0.1 1103 381 -1
0.1 1102 1104 -1
0.1 1099 1105 -1
0.1 361 1106 -1
0.1 360 1107 -1
0.1 1087 1108 -1
0.1 1068 1109 -1
0.1 384 385 -1
0.1 383 1111 -1
0.1 382 1112 -1
0.1 387 388 -1
0.1 386 1114 -1
0.1 1113 1115 -1
0.1 389 390 -1
0.1 392 393 -1
0.1 1118 394 -1
0.1 391 1119 -1
0.1 395 396 -1
0.1 400 401 -1
0.1 399 1122 -1
0.1 398 1123 -1
0.1 397 1124 -1
0.1 1121 1125 -1
0.1 1120 1126 -1
0.1 1117 1127 -1
0.1 1116 1128 -1
0.1 404 405 -1
0.1 403 1130 -1
0.1 402 1131 -1
0.1 406 407 -1
0.1 408 409 -1
0.1 1133 1134 -1
0.1 410 411 -1
0.1 412 413 -1
0.1 1136 1137 -1
0.1 1135 1138 -1
0.1 1132 1139 -1
0.1 414 415 -1
0.1 416 417 -1
0.1 418 419 -1
0.1 420 421 -1
0.1 1143 1144 -1
0.1 1142 1145 -1
0.1 1141 1146 -1
0.1 1140 1147 -1
0.1 1129 1148 -1
0.1 422 423 -1
0.1 426 427 -1
0.1 1151 428 -1
0.1 425 1152 -1
0.1 431 432 -1
0.1 434 435 -1
0.1 433 1155 -1
0.1 1154 1156 -1
0.1 430 1157 -1
0.1 429 1158 -1
0.1 1153 1159 -1
0.1 424 1160 -1
0.1 1150 1161 -1
0.1 436 437 -1
0.1 440 441 -1
0.1 439 1164 -1
0.1 438 1165 -1
0.1 1163 1166 -1
0.1 1162 1167 -1
0.1 1149 1168 -1
0.1 443 444 -1
0.1 442 1170 -1
0.1 446 447 -1
0.1 445 1172 -1
0.1 448 449 -1
0.1 1173 1174 -1
0.1 1171 1175 -1
0.1 451 452 -1
0.1 453 454 -1
0.1 455 456 -1
0.1 459 460 -1
0.1 458 1180 -1
0.1 1181 461 -1
0.1 462 463 -1
0.1 465 466 -1
0.1 464 1184 -1
0.1 1183 1185 -1
0.1 468 469 -1
0.1 467 1187 -1
0.1 1186 1188 -1
0.1 1189 470 -1
0.1 1182 1190 -1
0.1 457 1191 -1
0.1 1179 1192 -1
0.1 1178 1193 -1
0.1 1177 1194 -1
0.1 450 1195 -1
0.1 473 474 -1
0.1 472 1197 -1
0.1 476 477 -1
0.1 478 479 -1
0.1 1199 1200 -1
0.1 475 1201 -1
0.1 1198 1202 -1
0.1 1203 480 -1
0.1 471 1204 -1
0.1 482 483 -1
0.1 481 1206 -1
0.1 484 485 -1
0.1 487 488 -1
0.1 486 1209 -1
0.1 489 490 -1
0.1 1210 1211 -1
0.1 1208 1212 -1
0.1 1207 1213 -1
0.1 1205 1214 -1
0.1 1196 1215 -1
0.1 1176 1216 -1
0.1 1169 1217 -1
0.1 1110 1218 -1
0.1 1048 1219 -1
0.1 921 1220 -1
0.1 491 492 -1
0.1 493 494 -1
0.1 1223 495 -1
0.1 1224 496 -1
0.1 498 499 -1
0.1 497 1226 -1
0.1 501 502 -1
0.1 500 1228 -1
0.1 1227 1229 -1
0.1 503 504 -1
0.1 506 507 -1
0.1 508 509 -1
0.1 1232 1233 -1
0.1 505 1234 -1
0.1 1231 1235 -1
0.1 510 511 -1
0.1 1237 512 -1
0.1 1236 1238 -1
0.1 1230 1239 -1
0.1 1225 1240 -1
0.1 514 515 -1
0.1 513 1242 -1
0.1 1241 1243 -1
0.1 1222 1244 -1
0.1 1221 1245 -1
0.1 518 519 -1
0.1 520 521 -1
0.1 522 523 -1
0.1 1248 1249 -1
0.1 524 525 -1
0.1 1251 526 -1
0.1 1250 1252 -1
0.1 1247 1253 -1
0.1 529 530 -1
0.1 528 1255 -1
0.1 527 1256 -1
0.1 1254 1257 -1
0.1 517 1258 -1
0.1 532 533 -1
0.1 534 535 -1
0.1 1261 536 -1
0.1 1260 1262 -1
0.1 531 1263 -1
0.1 1259 1264 -1
0.1 1265 537 -1
0.1 1266 538 -1
0.1 516 1267 -1
0.1 539 540 -1
0.1 541 542 -1
0.1 543 544 -1
0.1 1271 545 -1
0.1 1270 1272 -1
0.1 1273 546 -1
0.1 1274 547 -1
0.1 552 553 -1
0.1 551 1276 -1
0.1 550 1277 -1
0.1 549 1278 -1
0.1 548 1279 -1
0.1 555 556 -1
0.1 554 1281 -1
0.1 1282 557 -1
0.1 1280 1283 -1
0.1 559 560 -1
0.1 558 1285 -1
0.1 1284 1286 -1
0.1 1275 1287 -1
0.1 1269 1288 -1
0.1 1268 1289 -1
0.1 1246 1290 -1
0.1 882 1291 -1
0.1 862 1292 -1
0.1 860 1293 -1
0.1 855 1294 -1
0.1 100 1295 -1
0.1 836 1296 -1
0.1 810 1297 -1
0.1 1 1298 -1
0.1 563 564 -1
0.1 1300 565 -1
0.1 569 570 -1
0.1 568 1302 -1
0.1 567 1303 -1
0.1 566 1304 -1
0.1 1301 1305 -1
0.1 574 575 -1
0.1 573 1307 -1
0.1 572 1308 -1
0.1 576 577 -1
0.1 1309 1310 -1
0.1 571 1311 -1
0.1 1312 578 -1
0.1 1306 1313 -1
0.1 1314 579 -1
0.1 582 583 -1
0.1 581 1316 -1
0.1 1317 584 -1
0.1 585 586 -1
0.1 1318 1319 -1
0.1 580 1320 -1
0.1 1315 1321 -1
0.1 562 1322 -1
0.1 561 1323 -1
0.1 587 588 -1
0.1 590 591 -1
0.1 589 1326 -1
0.1 1327 592 -1
0.1 593 594 -1
0.1 595 596 -1
0.1 1330 597 -1
0.1 601 602 -1
0.1 1332 603 -1
0.1 600 1333 -1
0.1 599 1334 -1
0.1 605 606 -1
0.1 607 608 -1
0.1 1336 1337 -1
0.1 609 610 -1
0.1 1339 611 -1
0.1 1340 612 -1
0.1 1338 1341 -1
0.1 604 1342 -1
0.1 1335 1343 -1
0.1 616 617 -1
0.1 615 1345 -1
0.1 614 1346 -1
0.1 613 1347 -1
0.1 1344 1348 -1
0.1 598 1349 -1
0.1 1331 1350 -1
0.1 1329 1351 -1
0.1 1328 1352 -1
0.1 1325 1353 -1
0.1 1324 1354 -1
0.1 618 619 -1
0.1 620 621 -1
0.1 1356 1357 -1
0.1 622 623 -1
0.1 1358 1359 -1
0.1 625 626 -1
0.1 627 628 -1
0.1 630 631 -1
0.1 629 1363 -1
0.1 1362 1364 -1
0.1 632 633 -1
0.1 1365 1366 -1
0.1 1361 1367 -1
0.1 634 635 -1
0.1 1368 1369 -1
0.1 637 638 -1
0.1 1371 639 -1
0.1 636 1372 -1
0.1 640 641 -1
0.1 643 644 -1
0.1 642 1375 -1
0.1 1374 1376 -1
0.1 1373 1377 -1
0.1 1370 1378 -1
0.1 624 1379 -1
0.1 645 646 -1
0.1 1380 1381 -1
0.1 647 648 -1
0.1 1383 649 -1
0.1 650 651 -1
0.1 653 654 -1
0.1 652 1386 -1
0.1 1385 1387 -1
0.1 657 658 -1
0.1 656 1389 -1
0.1 655 1390 -1
0.1 659 660 -1
0.1 661 662 -1
0.1 1392 1393 -1
0.1 1391 1394 -1
0.1 664 665 -1
0.1 663 1396 -1
0.1 1395 1397 -1
0.1 1388 1398 -1
0.1 1384 1399 -1
0.1 1382 1400 -1
0.1 1360 1401 -1
0.1 1402 666 -1
0.1 668 669 -1
0.1 670 671 -1
0.1 672 673 -1
0.1 1406 674 -1
0.1 676 677 -1
0.1 675 1408 -1
0.1 679 680 -1
0.1 678 1410 -1
0.1 682 683 -1
0.1 1412 684 -1
0.1 681 1413 -1
0.1 1411 1414 -1
0.1 686 687 -1
0.1 685 1416 -1
0.1 1415 1417 -1
0.1 690 691 -1
0.1 692 693 -1
0.1 1419 1420 -1
0.1 689 1421 -1
0.1 688 1422 -1
0.1 1418 1423 -1
0.1 1409 1424 -1
0.1 1407 1425 -1
0.1 695 696 -1
0.1 697 698 -1
0.1 699 700 -1
0.1 1428 1429 -1
0.1 1427 1430 -1
0.1 701 702 -1
0.1 703 704 -1
0.1 1432 1433 -1
0.1 705 706 -1
0.1 707 708 -1
0.1 1435 1436 -1
0.1 1434 1437 -1
0.1 709 710 -1
0.1 1438 1439 -1
0.1 712 713 -1
0.1 711 1441 -1
0.1 1440 1442 -1
0.1 1431 1443 -1
0.1 694 1444 -1
0.1 1426 1445 -1
0.1 1405 1446 -1
0.1 1447 714 -1
0.1 715 716 -1
0.1 718 719 -1
0.1 717 1450 -1
0.1 1449 1451 -1
0.1 720 721 -1
0.1 1452 1453 -1
0.1 1448 1454 -1
0.1 1404 1455 -1
0.1 667 1456 -1
0.1 1403 1457 -1
0.1 722 723 -1
0.1 1459 724 -1
0.1 1460 725 -1
0.1 726 727 -1
0.1 729 730 -1
0.1 728 1463 -1
0.1 732 733 -1
0.1 731 1465 -1
0.1 734 735 -1
0.1 736 737 -1
0.1 739 740 -1
0.1 738 1469 -1
0.1 1468 1470 -1
0.1 1467 1471 -1
0.1 1466 1472 -1
0.1 1464 1473 -1
0.1 1462 1474 -1
0.1 1461 1475 -1
0.1 1458 1476 -1
0.1 1355 1477 -1
0.1 1299 1478 -1
