1 0 0 1
1 0 0 1
1 0 0 1
1 0 0 1
1 0 0 1
1 0 0 1
1 0 0 1
1 0 0 1
1 0 0 1
1 0 0 1
1 0 0 1
1 0 0 1
1 0 0 1
1 0 0 1
1 0 0 1
1 0 0 1
1 0 0 1
1 0 0 1
1 0 0 1
1 0 0 2
1 0 0 3
1 0 0 4
1 0 0 4
1 0 0 5
1 0 0 5
1 0 0 5
1 0 0 5
1 0 0 5
1 0 0 5
1 0 0 5
1 0 0 5
1 0 0 5
1 0 0 5
1 0 0 5
1 0 0 5
1 0 0 5
1 0 0 5
1 0 0 5
1 0 0 5
1 0 0 5
1 0 0 5
1 0 0 5
1 0 0 5
1 0 0 4
1 0 0 4
1 0 0 4
1 0 0 4
1 0 0 4
1 0 0 4
1 0 0 6
1 0 0 6
1 0 0 6
1 0 0 6
1 0 0 6
1 0 0 6
1 0 0 6
1 0 0 6
1 0 0 6
1 0 0 6
1 0 0 6
1 0 0 6
1 0 0 6
1 0 0 6
1 0 0 6
1 0 0 6
1 0 0 6
1 0 0 6
1 0 0 6
1 0 0 6
1 0 0 7
1 0 0 7
1 0 0 7
1 0 0 7
1 0 0 7
1 0 0 7
1 0 0 7
1 0 0 7
1 0 0 7
1 0 0 7
1 0 0 7
1 0 0 8
1 0 0 8
1 0 0 8
1 0 0 8
1 0 0 8
1 0 0 8
1 0 0 8
1 0 0 8
1 0 0 8
1 0 0 8
1 0 0 8
1 0 0 8
1 0 0 8
1 0 0 8
1 0 0 8
1 0 0 8
1 0 0 8
1 0 0 8
1 0 0 8
1 0 0 8
1 0 0 9
1 0 0 9
1 0 0 9
1 0 0 9
1 0 0 9
1 0 0 9
1 0 0 9
1 0 0 9
1 0 0 9
1 0 0 9
1 0 0 9
1 0 0 9
1 0 0 9
1 0 0 9
1 0 0 9
1 0 0 9
1 0 0 9
1 0 0 9
1 0 0 9
1 0 0 9
1 0 0 7
1 0 0 7
1 0 0 10
1 0 0 10
1 0 0 10
1 0 0 10
1 0 0 11
1 0 0 11
1 0 0 11
1 0 0 11
1 0 0 11
1 0 0 11
1 0 0 11
1 0 0 11
1 0 0 11
1 0 0 11
1 0 0 11
1 0 0 11
1 0 0 11
1 0 0 11
1 0 0 11
1 0 0 11
1 0 0 11
1 0 0 11
1 0 0 11
1 0 0 11
1 0 0 10
1 0 0 10
1 0 0 10
1 0 0 10
1 0 0 10
1 0 0 10
1 0 0 10
1 0 0 10
1 0 0 10
1 0 0 10
1 0 0 10
1 0 0 10
1 0 0 10
1 0 0 10
1 0 0 10
1 0 0 10
1 0 0 12
1 0 0 12
1 0 0 12
1 0 0 12
1 0 0 12
1 0 0 12
1 0 0 12
1 0 0 12
1 0 0 12
1 0 0 12
1 0 0 12
1 0 0 12
1 0 0 12
1 0 0 12
1 0 0 12
1 0 0 12
1 0 0 12
1 0 0 12
1 0 0 12
1 0 0 12
1 0 0 13
1 0 0 13
1 0 0 13
1 0 0 13
1 0 0 13
1 0 0 13
1 0 0 13
1 0 0 13
1 0 0 13
1 0 0 13
1 0 0 13
1 0 0 13
1 0 0 13
1 0 0 13
1 0 0 13
1 0 0 13
1 0 0 13
1 0 0 13
1 0 0 13
1 0 0 13
1 0 0 14
1 0 0 14
1 0 0 14
1 0 0 14
1 0 0 14
1 0 0 14
1 0 0 14
1 0 0 14
1 0 0 14
1 0 0 14
1 0 0 14
1 0 0 14
1 0 0 14
1 0 0 14
1 0 0 14
1 0 0 14
1 0 0 14
1 0 0 14
1 0 0 14
1 0 0 14
1 0 0 15
1 0 0 15
1 0 0 15
1 0 0 15
1 0 0 15
1 0 0 15
1 0 0 15
1 0 0 15
1 0 0 16
1 0 0 16
1 0 0 16
1 0 0 16
1 0 0 16
1 0 0 16
1 0 0 16
1 0 0 16
1 0 0 16
1 0 0 16
1 0 0 16
1 0 0 16
1 0 0 16
1 0 0 16
1 0 0 16
1 0 0 16
1 0 0 16
1 0 0 16
1 0 0 16
1 0 0 16
1 0 0 15
1 0 0 17
1 0 0 17
1 0 0 17
1 0 0 17
1 0 0 17
1 0 0 17
1 0 0 17
1 0 0 17
1 0 0 17
1 0 0 17
1 0 0 17
1 0 0 17
1 0 0 17
1 0 0 17
1 0 0 17
1 0 0 17
1 0 0 17
1 0 0 17
1 0 0 17
1 0 0 17
1 0 0 18
1 0 0 18
1 0 0 18
1 0 0 18
1 0 0 18
1 0 0 18
1 0 0 18
1 0 0 18
1 0 0 18
1 0 0 18
1 0 0 18
1 0 0 18
1 0 0 18
1 0 0 18
1 0 0 18
1 0 0 18
1 0 0 18
1 0 0 18
1 0 0 18
1 0 0 18
1 0 0 15
1 0 0 19
1 0 0 19
1 0 0 19
1 0 0 19
1 0 0 19
1 0 0 19
1 0 0 19
1 0 0 19
1 0 0 19
1 0 0 19
1 0 0 19
1 0 0 19
1 0 0 19
1 0 0 19
1 0 0 19
1 0 0 19
1 0 0 19
1 0 0 19
1 0 0 19
1 0 0 19
1 0 0 20
1 0 0 20
1 0 0 20
1 0 0 20
1 0 0 20
1 0 0 20
1 0 0 20
1 0 0 20
1 0 0 20
1 0 0 20
1 0 0 20
1 0 0 20
1 0 0 20
1 0 0 20
1 0 0 20
1 0 0 20
1 0 0 20
1 0 0 20
1 0 0 20
1 0 0 20
1 0 0 15
1 0 0 15
1 0 0 15
1 0 0 15
1 0 0 15
1 0 0 15
1 0 0 21
1 0 0 21
1 0 0 21
1 0 0 21
1 0 0 21
1 0 0 21
1 0 0 21
1 0 0 21
1 0 0 21
1 0 0 21
1 0 0 21
1 0 0 21
1 0 0 21
1 0 0 21
1 0 0 21
1 0 0 21
1 0 0 21
1 0 0 21
1 0 0 21
1 0 0 21
1 0 0 15
1 0 0 22
1 0 0 22
1 0 0 22
1 0 0 22
1 0 0 22
1 0 0 22
1 0 0 22
1 0 0 22
1 0 0 22
1 0 0 22
1 0 0 22
1 0 0 22
1 0 0 22
1 0 0 22
1 0 0 22
1 0 0 22
1 0 0 22
1 0 0 22
1 0 0 22
1 0 0 22
1 0 0 23
1 0 0 23
1 0 0 23
1 0 0 23
1 0 0 23
1 0 0 23
1 0 0 23
1 0 0 23
1 0 0 23
1 0 0 23
1 0 0 23
1 0 0 23
1 0 0 23
1 0 0 23
1 0 0 23
1 0 0 23
1 0 0 23
1 0 0 23
1 0 0 23
1 0 0 23
1 0 0 24
1 0 0 24
1 0 0 24
1 0 0 24
1 0 0 24
1 0 0 24
1 0 0 24
1 0 0 24
1 0 0 24
1 0 0 24
1 0 0 24
1 0 0 24
1 0 0 24
1 0 0 24
1 0 0 24
1 0 0 24
1 0 0 24
1 0 0 24
1 0 0 24
1 0 0 24
1 0 0 15
1 0 0 15
1 0 0 15
1 0 0 25
1 0 0 25
1 0 0 25
1 0 0 25
1 0 0 25
1 0 0 25
1 0 0 25
1 0 0 25
1 0 0 25
1 0 0 25
1 0 0 25
1 0 0 25
1 0 0 25
1 0 0 25
1 0 0 25
1 0 0 25
1 0 0 25
1 0 0 25
1 0 0 25
1 0 0 25
1 0 0 26
1 0 0 26
1 0 0 26
1 0 0 26
1 0 0 26
1 0 0 26
1 0 0 26
1 0 0 26
1 0 0 26
1 0 0 26
1 0 0 26
1 0 0 26
1 0 0 26
1 0 0 26
1 0 0 26
1 0 0 26
1 0 0 26
1 0 0 26
1 0 0 26
1 0 0 26
1 0 0 27
1 0 0 27
1 0 0 27
1 0 0 27
1 0 0 27
1 0 0 27
1 0 0 27
1 0 0 27
1 0 0 27
1 0 0 27
1 0 0 27
1 0 0 27
1 0 0 27
1 0 0 27
1 0 0 27
1 0 0 27
1 0 0 27
1 0 0 27
1 0 0 27
1 0 0 27
1 0 0 7
1 0 0 7
1 0 0 7
1 0 0 7
1 0 0 7
1 0 0 28
1 0 0 28
1 0 0 28
1 0 0 28
1 0 0 28
1 0 0 28
1 0 0 28
1 0 0 28
1 0 0 28
1 0 0 28
1 0 0 28
1 0 0 28
1 0 0 28
1 0 0 28
1 0 0 28
1 0 0 28
1 0 0 28
1 0 0 28
1 0 0 28
1 0 0 28
1 0 0 7
1 0 0 7
1 0 0 4
1 0 0 4
1 0 0 4
1 0 0 4
1 0 0 4
1 0 0 4
1 0 0 4
1 0 0 4
1 0 0 29
1 0 0 29
1 0 0 29
1 0 0 29
1 0 0 29
1 0 0 29
1 0 0 29
1 0 0 29
1 0 0 29
1 0 0 29
1 0 0 29
1 0 0 29
1 0 0 29
1 0 0 29
1 0 0 29
1 0 0 29
1 0 0 29
1 0 0 29
1 0 0 29
1 0 0 29
1 0 0 4
1 0 0 30
1 0 0 30
1 0 0 30
1 0 0 30
1 0 0 30
1 0 0 30
1 0 0 30
1 0 0 30
1 0 0 30
1 0 0 30
1 0 0 30
1 0 0 30
1 0 0 30
1 0 0 30
1 0 0 30
1 0 0 30
1 0 0 30
1 0 0 30
1 0 0 30
1 0 0 30
1 0 0 4
1 0 0 4
1 0 0 4
1 0 0 31
1 0 0 31
1 0 0 31
1 0 0 31
1 0 0 31
1 0 0 31
1 0 0 31
1 0 0 31
1 0 0 31
1 0 0 31
1 0 0 31
1 0 0 31
1 0 0 31
1 0 0 31
1 0 0 31
1 0 0 31
1 0 0 31
1 0 0 31
1 0 0 31
1 0 0 31
1 0 0 32
1 0 0 32
1 0 0 32
1 0 0 32
1 0 0 32
1 0 0 32
1 0 0 32
1 0 0 33
1 0 0 33
1 0 0 33
1 0 0 33
1 0 0 33
1 0 0 33
1 0 0 33
1 0 0 33
1 0 0 33
1 0 0 33
1 0 0 33
1 0 0 33
1 0 0 33
1 0 0 33
1 0 0 33
1 0 0 33
1 0 0 33
1 0 0 33
1 0 0 33
1 0 0 33
1 0 0 32
1 0 0 32
1 0 0 32
1 0 0 34
1 0 0 34
1 0 0 34
1 0 0 34
1 0 0 34
1 0 0 34
1 0 0 34
1 0 0 34
1 0 0 34
1 0 0 34
1 0 0 34
1 0 0 34
1 0 0 34
1 0 0 34
1 0 0 34
1 0 0 34
1 0 0 34
1 0 0 34
1 0 0 34
1 0 0 34
1 0 0 32
1 0 0 32
1 0 0 32
1 0 0 32
1 0 0 32
1 0 0 32
1 0 0 32
1 0 0 32
1 0 0 35
1 0 0 35
1 0 0 35
1 0 0 35
1 0 0 35
1 0 0 35
1 0 0 35
1 0 0 35
1 0 0 35
1 0 0 35
1 0 0 35
1 0 0 35
1 0 0 35
1 0 0 35
1 0 0 35
1 0 0 35
1 0 0 35
1 0 0 35
1 0 0 35
1 0 0 35
1 0 0 32
1 0 0 36
1 0 0 36
1 0 0 36
1 0 0 36
1 0 0 36
1 0 0 36
1 0 0 36
1 0 0 36
1 0 0 36
1 0 0 36
1 0 0 36
1 0 0 36
1 0 0 36
1 0 0 36
1 0 0 36
1 0 0 36
1 0 0 36
1 0 0 36
1 0 0 36
1 0 0 36
1 0 0 32
1 0 0 37
1 0 0 37
1 0 0 37
1 0 0 37
1 0 0 37
1 0 0 37
1 0 0 37
1 0 0 37
1 0 0 3
1 0 0 3
1 0 0 3
1 0 0 3
1 0 0 3
1 0 0 3
1 0 0 3
1 0 0 3
1 0 0 3
1 0 0 3
1 0 0 3
1 0 0 3
1 0 0 3
1 0 0 3
1 0 0 37
1 0 0 37
1 0 0 3
1 0 0 3
1 0 0 3
1 0 0 3
1 0 0 3
1 0 0 37
1 0 0 37
1 0 0 37
1 0 0 37
1 0 0 1
1 0 0 37
1 0 0 2
1 0 0 2
1 0 0 2
1 0 0 2
1 0 0 2
1 0 0 2
1 0 0 2
1 0 0 2
1 0 0 2
1 0 0 2
1 0 0 2
1 0 0 2
1 0 0 2
1 0 0 2
1 0 0 2
1 0 0 2
1 0 0 2
1 0 0 2
1 0 0 2
1 0 0 37
1 0 0 37
1 0 0 37
1 0 0 37
1 0 0 37
0.1 1 2 -1
0.1 3 4 -1
0.1 742 5 -1
0.1 741 743 -1
0.1 7 8 -1
0.1 745 9 -1
0.1 6 746 -1
0.1 11 12 -1
0.1 10 748 -1
0.1 747 749 -1
0.1 744 750 -1
0.1 13 14 -1
0.1 15 16 -1
0.1 753 17 -1
0.1 752 754 -1
0.1 18 19 -1
0.1 755 756 -1
0.1 751 757 -1
0.1 20 21 -1
0.1 22 23 -1
0.1 24 25 -1
0.1 26 27 -1
0.1 762 28 -1
0.1 761 763 -1
0.1 31 32 -1
0.1 30 765 -1
0.1 29 766 -1
0.1 34 35 -1
0.1 33 768 -1
0.1 767 769 -1
0.1 764 770 -1
0.1 37 38 -1
0.1 36 772 -1
0.1 771 773 -1
0.1 41 42 -1
0.1 40 775 -1
0.1 39 776 -1
0.1 777 43 -1
0.1 774 778 -1
0.1 44 45 -1
0.1 779 780 -1
0.1 47 48 -1
0.1 46 782 -1
0.1 781 783 -1
0.1 760 784 -1
0.1 51 52 -1
0.1 50 786 -1
0.1 54 55 -1
0.1 56 57 -1
0.1 788 789 -1
0.1 53 790 -1
0.1 58 59 -1
0.1 60 61 -1
0.1 792 793 -1
0.1 62 63 -1
0.1 794 795 -1
0.1 64 65 -1
0.1 796 797 -1
0.1 66 67 -1
0.1 799 68 -1
0.1 798 800 -1
0.1 801 69 -1
0.1 791 802 -1
0.1 787 803 -1
0.1 71 72 -1
0.1 74 75 -1
0.1 73 806 -1
0.1 805 807 -1
0.1 70 808 -1
0.1 77 78 -1
0.1 76 810 -1
0.1 79 80 -1
0.1 82 83 -1
0.1 85 86 -1
0.1 84 814 -1
0.1 813 815 -1
0.1 81 816 -1
0.1 88 89 -1
0.1 87 818 -1
0.1 819 90 -1
0.1 92 93 -1
0.1 821 94 -1
0.1 95 96 -1
0.1 97 98 -1
0.1 823 824 -1
0.1 822 825 -1
0.1 91 826 -1
0.1 820 827 -1
0.1 828 99 -1
0.1 829 100 -1
0.1 817 830 -1
0.1 812 831 -1
0.1 101 102 -1
0.1 104 105 -1
0.1 834 106 -1
0.1 107 108 -1
0.1 109 110 -1
0.1 836 837 -1
0.1 835 838 -1
0.1 111 112 -1
0.1 840 113 -1
0.1 839 841 -1
0.1 114 115 -1
0.1 842 843 -1
0.1 116 117 -1
0.1 844 845 -1
0.1 103 846 -1
0.1 833 847 -1
0.1 119 120 -1
0.1 118 849 -1
0.1 848 850 -1
0.1 851 121 -1
0.1 832 852 -1
0.1 123 124 -1
0.1 125 126 -1
0.1 854 855 -1
0.1 128 129 -1
0.1 127 857 -1
0.1 130 131 -1
0.1 858 859 -1
0.1 135 136 -1
0.1 861 137 -1
0.1 134 862 -1
0.1 138 139 -1
0.1 863 864 -1
0.1 140 141 -1
0.1 865 866 -1
0.1 133 867 -1
0.1 132 868 -1
0.1 860 869 -1
0.1 143 144 -1
0.1 142 871 -1
0.1 145 146 -1
0.1 872 873 -1
0.1 870 874 -1
0.1 147 148 -1
0.1 150 151 -1
0.1 153 154 -1
0.1 152 878 -1
0.1 877 879 -1
0.1 155 156 -1
0.1 157 158 -1
0.1 881 882 -1
0.1 880 883 -1
0.1 149 884 -1
0.1 876 885 -1
0.1 160 161 -1
0.1 159 887 -1
0.1 888 162 -1
0.1 886 889 -1
0.1 875 890 -1
0.1 856 891 -1
0.1 163 164 -1
0.1 165 166 -1
0.1 168 169 -1
0.1 895 170 -1
0.1 896 171 -1
0.1 167 897 -1
0.1 894 898 -1
0.1 173 174 -1
0.1 900 175 -1
0.1 172 901 -1
0.1 899 902 -1
0.1 178 179 -1
0.1 180 181 -1
0.1 904 905 -1
0.1 906 182 -1
0.1 177 907 -1
0.1 176 908 -1
0.1 903 909 -1
0.1 893 910 -1
0.1 184 185 -1
0.1 183 912 -1
0.1 913 186 -1
0.1 187 188 -1
0.1 189 190 -1
0.1 915 916 -1
0.1 191 192 -1
0.1 193 194 -1
0.1 918 919 -1
0.1 917 920 -1
0.1 914 921 -1
0.1 195 196 -1
0.1 197 198 -1
0.1 199 200 -1
0.1 924 925 -1
0.1 923 926 -1
0.1 201 202 -1
0.1 927 928 -1
0.1 922 929 -1
0.1 911 930 -1
0.1 204 205 -1
0.1 203 932 -1
0.1 207 208 -1
0.1 206 934 -1
0.1 933 935 -1
0.1 936 209 -1
0.1 211 212 -1
0.1 214 215 -1
0.1 213 939 -1
0.1 940 216 -1
0.1 938 941 -1
0.1 210 942 -1
0.1 937 943 -1
0.1 217 218 -1
0.1 220 221 -1
0.1 219 946 -1
0.1 947 222 -1
0.1 945 948 -1
0.1 944 949 -1
0.1 931 950 -1
0.1 224 225 -1
0.1 223 952 -1
0.1 227 228 -1
0.1 226 954 -1
0.1 229 230 -1
0.1 955 956 -1
0.1 953 957 -1
0.1 231 232 -1
0.1 959 233 -1
0.1 234 235 -1
0.1 237 238 -1
0.1 236 962 -1
0.1 961 963 -1
0.1 239 240 -1
0.1 964 965 -1
0.1 960 966 -1
0.1 241 242 -1
0.1 243 244 -1
0.1 968 969 -1
0.1 970 245 -1
0.1 246 247 -1
0.1 971 972 -1
0.1 973 248 -1
0.1 974 249 -1
0.1 975 250 -1
0.1 967 976 -1
0.1 252 253 -1
0.1 254 255 -1
0.1 257 258 -1
0.1 980 259 -1
0.1 256 981 -1
0.1 263 264 -1
0.1 262 983 -1
0.1 267 268 -1
0.1 266 985 -1
0.1 265 986 -1
0.1 984 987 -1
0.1 261 988 -1
0.1 989 269 -1
0.1 270 271 -1
0.1 990 991 -1
0.1 260 992 -1
0.1 982 993 -1
0.1 979 994 -1
0.1 978 995 -1
0.1 251 996 -1
0.1 977 997 -1
0.1 958 998 -1
0.1 951 999 -1
0.1 273 274 -1
0.1 272 1001 -1
0.1 1002 275 -1
0.1 276 277 -1
0.1 278 279 -1
0.1 1005 280 -1
0.1 282 283 -1
0.1 281 1007 -1
0.1 1006 1008 -1
0.1 286 287 -1
0.1 288 289 -1
0.1 290 291 -1
0.1 1011 1012 -1
0.1 1010 1013 -1
0.1 285 1014 -1
0.1 284 1015 -1
0.1 1009 1016 -1
0.1 1004 1017 -1
0.1 1003 1018 -1
0.1 1019 292 -1
0.1 293 294 -1
0.1 1021 295 -1
0.1 1022 296 -1
0.1 297 298 -1
0.1 1024 299 -1
0.1 1023 1025 -1
0.1 301 302 -1
0.1 300 1027 -1
0.1 303 304 -1
0.1 1029 305 -1
0.1 306 307 -1
0.1 1031 308 -1
0.1 1030 1032 -1
0.1 1028 1033 -1
0.1 1026 1034 -1
0.1 311 312 -1
0.1 310 1036 -1
0.1 309 1037 -1
0.1 1035 1038 -1
0.1 1020 1039 -1
0.1 314 315 -1
0.1 313 1041 -1
0.1 316 317 -1
0.1 1043 318 -1
0.1 320 321 -1
0.1 322 323 -1
0.1 1045 1046 -1
0.1 319 1047 -1
0.1 326 327 -1
0.1 325 1049 -1
0.1 328 329 -1
0.1 1050 1051 -1
0.1 324 1052 -1
0.1 1048 1053 -1
0.1 1044 1054 -1
0.1 331 332 -1
0.1 330 1056 -1
0.1 1055 1057 -1
0.1 1042 1058 -1
0.1 1040 1059 -1
0.1 333 334 -1
0.1 1060 1061 -1
0.1 335 336 -1
0.1 337 338 -1
0.1 1063 1064 -1
0.1 339 340 -1
0.1 341 342 -1
0.1 347 348 -1
0.1 346 1068 -1
0.1 345 1069 -1
0.1 349 350 -1
0.1 1070 1071 -1
0.1 344 1072 -1
0.1 343 1073 -1
0.1 1067 1074 -1
0.1 351 352 -1
0.1 1076 353 -1
0.1 1077 354 -1
0.1 1078 355 -1
0.1 1079 356 -1
0.1 1075 1080 -1
0.1 1081 357 -1
0.1 1082 358 -1
0.1 1066 1083 -1
0.1 1084 359 -1
0.1 361 362 -1
0.1 364 365 -1
0.1 363 1087 -1
0.1 368 369 -1
0.1 367 1089 -1
0.1 366 1090 -1
0.1 1088 1091 -1
0.1 1086 1092 -1
0.1 360 1093 -1
0.1 370 371 -1
0.1 373 374 -1
0.1 372 1096 -1
0.1 1095 1097 -1
0.1 376 377 -1
0.1 375 1099 -1
0.1 1098 1100 -1
0.1 378 379 -1
0.1 1101 1102 -1
0.1 1094 1103 -1
0.1 1085 1104 -1
0.1 381 382 -1
0.1 1106 383 -1
0.1 380 1107 -1
0.1 384 385 -1
0.1 1108 1109 -1
0.1 387 388 -1
0.1 386 1111 -1
0.1 1112 389 -1
0.1 390 391 -1
0.1 1113 1114 -1
0.1 1110 1115 -1
0.1 395 396 -1
0.1 1117 397 -1
0.1 394 1118 -1
0.1 398 399 -1
0.1 1119 1120 -1
0.1 393 1121 -1
0.1 392 1122 -1
0.1 1116 1123 -1
0.1 401 402 -1
0.1 403 404 -1
0.1 1125 1126 -1
0.1 405 406 -1
0.1 1127 1128 -1
0.1 407 408 -1
0.1 409 410 -1
0.1 1130 1131 -1
0.1 411 412 -1
0.1 1133 413 -1
0.1 414 415 -1
0.1 1134 1135 -1
0.1 1132 1136 -1
0.1 1129 1137 -1
0.1 400 1138 -1
0.1 418 419 -1
0.1 417 1140 -1
0.1 416 1141 -1
0.1 1139 1142 -1
0.1 1124 1143 -1
0.1 1105 1144 -1
0.1 420 421 -1
0.1 424 425 -1
0.1 423 1147 -1
0.1 426 427 -1
0.1 428 429 -1
0.1 1150 430 -1
0.1 1151 431 -1
0.1 1152 432 -1
0.1 1149 1153 -1
0.1 1148 1154 -1
0.1 435 436 -1
0.1 434 1156 -1
0.1 1157 437 -1
0.1 439 440 -1
0.1 438 1159 -1
0.1 1158 1160 -1
0.1 433 1161 -1
0.1 441 442 -1
0.1 1162 1163 -1
0.1 1155 1164 -1
0.1 422 1165 -1
0.1 1146 1166 -1
0.1 444 445 -1
0.1 1168 446 -1
0.1 443 1169 -1
0.1 448 449 -1
0.1 1171 450 -1
0.1 447 1172 -1
0.1 1173 451 -1
0.1 1170 1174 -1
0.1 453 454 -1
0.1 452 1176 -1
0.1 1175 1177 -1
0.1 456 457 -1
0.1 459 460 -1
0.1 458 1180 -1
0.1 461 462 -1
0.1 1181 1182 -1
0.1 1179 1183 -1
0.1 455 1184 -1
0.1 1178 1185 -1
0.1 1167 1186 -1
0.1 1145 1187 -1
0.1 1065 1188 -1
0.1 1062 1189 -1
0.1 1000 1190 -1
0.1 892 1191 -1
0.1 465 466 -1
0.1 464 1193 -1
0.1 463 1194 -1
0.1 467 468 -1
0.1 1196 469 -1
0.1 470 471 -1
0.1 472 473 -1
0.1 474 475 -1
0.1 1199 1200 -1
0.1 1201 476 -1
0.1 1198 1202 -1
0.1 1197 1203 -1
0.1 478 479 -1
0.1 477 1205 -1
0.1 481 482 -1
0.1 480 1207 -1
0.1 1206 1208 -1
0.1 1204 1209 -1
0.1 1195 1210 -1
0.1 1192 1211 -1
0.1 483 484 -1
0.1 486 487 -1
0.1 485 1214 -1
0.1 1213 1215 -1
0.1 1212 1216 -1
0.1 122 1217 -1
0.1 853 1218 -1
0.1 489 490 -1
0.1 492 493 -1
0.1 491 1221 -1
0.1 1220 1222 -1
0.1 488 1223 -1
0.1 1224 494 -1
0.1 495 496 -1
0.1 1226 497 -1
0.1 500 501 -1
0.1 499 1228 -1
0.1 498 1229 -1
0.1 1230 502 -1
0.1 504 505 -1
0.1 503 1232 -1
0.1 1233 506 -1
0.1 1231 1234 -1
0.1 1235 507 -1
0.1 1227 1236 -1
0.1 1225 1237 -1
0.1 508 509 -1
0.1 1238 1239 -1
0.1 1219 1240 -1
0.1 811 1241 -1
0.1 809 1242 -1
0.1 804 1243 -1
0.1 49 1244 -1
0.1 785 1245 -1
0.1 511 512 -1
0.1 510 1247 -1
0.1 513 514 -1
0.1 516 517 -1
0.1 518 519 -1
0.1 1251 520 -1
0.1 521 522 -1
0.1 1252 1253 -1
0.1 525 526 -1
0.1 524 1255 -1
0.1 523 1256 -1
0.1 527 528 -1
0.1 529 530 -1
0.1 1258 1259 -1
0.1 1260 531 -1
0.1 1257 1261 -1
0.1 532 533 -1
0.1 534 535 -1
0.1 1263 1264 -1
0.1 1262 1265 -1
0.1 536 537 -1
0.1 1266 1267 -1
0.1 1254 1268 -1
0.1 1250 1269 -1
0.1 515 1270 -1
0.1 1271 538 -1
0.1 1249 1272 -1
0.1 540 541 -1
0.1 539 1274 -1
0.1 542 543 -1
0.1 545 546 -1
0.1 544 1277 -1
0.1 1278 547 -1
0.1 548 549 -1
0.1 1280 550 -1
0.1 1279 1281 -1
0.1 1282 551 -1
0.1 552 553 -1
0.1 554 555 -1
0.1 1285 556 -1
0.1 1284 1286 -1
0.1 557 558 -1
0.1 1287 1288 -1
0.1 1283 1289 -1
0.1 1276 1290 -1
0.1 1275 1291 -1
0.1 1273 1292 -1
0.1 562 563 -1
0.1 564 565 -1
0.1 566 567 -1
0.1 1295 1296 -1
0.1 569 570 -1
0.1 568 1298 -1
0.1 572 573 -1
0.1 1300 574 -1
0.1 571 1301 -1
0.1 1299 1302 -1
0.1 1297 1303 -1
0.1 575 576 -1
0.1 578 579 -1
0.1 577 1306 -1
0.1 1305 1307 -1
0.1 580 581 -1
0.1 1308 1309 -1
0.1 1304 1310 -1
0.1 1294 1311 -1
0.1 561 1312 -1
0.1 560 1313 -1
0.1 559 1314 -1
0.1 1293 1315 -1
0.1 1248 1316 -1
0.1 1246 1317 -1
0.1 759 1318 -1
0.1 758 1319 -1
0.1 582 583 -1
0.1 584 585 -1
0.1 587 588 -1
0.1 586 1323 -1
0.1 1322 1324 -1
0.1 1321 1325 -1
0.1 589 590 -1
0.1 1327 591 -1
0.1 592 593 -1
0.1 594 595 -1
0.1 1329 1330 -1
0.1 596 597 -1
0.1 598 599 -1
0.1 1332 1333 -1
0.1 1331 1334 -1
0.1 600 601 -1
0.1 1335 1336 -1
0.1 1328 1337 -1
0.1 602 603 -1
0.1 604 605 -1
0.1 606 607 -1
0.1 1340 1341 -1
0.1 1339 1342 -1
0.1 1338 1343 -1
0.1 1344 608 -1
0.1 609 610 -1
0.1 613 614 -1
0.1 1347 615 -1
0.1 616 617 -1
0.1 1349 618 -1
0.1 1350 619 -1
0.1 1351 620 -1
0.1 623 624 -1
0.1 622 1353 -1
0.1 627 628 -1
0.1 626 1355 -1
0.1 625 1356 -1
0.1 630 631 -1
0.1 629 1358 -1
0.1 1357 1359 -1
0.1 1354 1360 -1
0.1 621 1361 -1
0.1 1352 1362 -1
0.1 1348 1363 -1
0.1 612 1364 -1
0.1 1365 632 -1
0.1 611 1366 -1
0.1 1346 1367 -1
0.1 1345 1368 -1
0.1 1369 633 -1
0.1 1326 1370 -1
0.1 634 635 -1
0.1 636 637 -1
0.1 1372 1373 -1
0.1 638 639 -1
0.1 640 641 -1
0.1 642 643 -1
0.1 645 646 -1
0.1 647 648 -1
0.1 1378 1379 -1
0.1 644 1380 -1
0.1 1377 1381 -1
0.1 1376 1382 -1
0.1 649 650 -1
0.1 1383 1384 -1
0.1 653 654 -1
0.1 652 1386 -1
0.1 651 1387 -1
0.1 656 657 -1
0.1 655 1389 -1
0.1 658 659 -1
0.1 1390 1391 -1
0.1 1388 1392 -1
0.1 1385 1393 -1
0.1 1394 660 -1
0.1 661 662 -1
0.1 664 665 -1
0.1 663 1397 -1
0.1 1396 1398 -1
0.1 667 668 -1
0.1 1400 669 -1
0.1 666 1401 -1
0.1 1399 1402 -1
0.1 1403 670 -1
0.1 671 672 -1
0.1 673 674 -1
0.1 675 676 -1
0.1 1406 1407 -1
0.1 679 680 -1
0.1 678 1409 -1
0.1 677 1410 -1
0.1 1408 1411 -1
0.1 1405 1412 -1
0.1 1404 1413 -1
0.1 1395 1414 -1
0.1 1415 681 -1
0.1 1375 1416 -1
0.1 1374 1417 -1
0.1 1371 1418 -1
0.1 1419 682 -1
0.1 1420 683 -1
0.1 684 685 -1
0.1 1421 1422 -1
0.1 686 687 -1
0.1 692 693 -1
0.1 691 1425 -1
0.1 690 1426 -1
0.1 694 695 -1
0.1 696 697 -1
0.1 1428 1429 -1
0.1 1427 1430 -1
0.1 1431 698 -1
0.1 702 703 -1
0.1 701 1433 -1
0.1 700 1434 -1
0.1 699 1435 -1
0.1 1432 1436 -1
0.1 1437 704 -1
0.1 689 1438 -1
0.1 688 1439 -1
0.1 708 709 -1
0.1 707 1441 -1
0.1 1442 710 -1
0.1 706 1443 -1
0.1 711 712 -1
0.1 1444 1445 -1
0.1 705 1446 -1
0.1 713 714 -1
0.1 1447 1448 -1
0.1 1440 1449 -1
0.1 1424 1450 -1
0.1 718 719 -1
0.1 717 1452 -1
0.1 722 723 -1
0.1 725 726 -1
0.1 1455 727 -1
0.1 724 1456 -1
0.1 1454 1457 -1
0.1 721 1458 -1
0.1 720 1459 -1
0.1 730 731 -1
0.1 729 1461 -1
0.1 728 1462 -1
0.1 1463 732 -1
0.1 734 735 -1
0.1 733 1465 -1
0.1 1464 1466 -1
0.1 1460 1467 -1
0.1 1453 1468 -1
0.1 737 738 -1
0.1 736 1470 -1
0.1 1469 1471 -1
0.1 1472 739 -1
0.1 1473 740 -1
0.1 716 1474 -1
0.1 715 1475 -1
0.1 1451 1476 -1
0.1 1423 1477 -1
0.1 1320 1478 -1
