1 0 0 1
1 0 0 1
1 0 0 1
1 0 0 1
1 0 0 1
1 0 0 1
1 0 0 1
1 0 0 1
1 0 0 2
1 0 0 2
1 0 0 2
1 0 0 2
1 0 0 2
1 0 0 3
1 0 0 3
1 0 0 3
1 0 0 3
1 0 0 3
1 0 0 3
1 0 0 3
1 0 0 3
1 0 0 3
1 0 0 3
1 0 0 2
1 0 0 2
1 0 0 2
1 0 0 2
1 0 0 2
1 0 0 4
1 0 0 4
1 0 0 4
1 0 0 5
1 0 0 5
1 0 0 5
1 0 0 5
1 0 0 5
1 0 0 5
1 0 0 5
1 0 0 5
1 0 0 5
1 0 0 5
1 0 0 4
1 0 0 4
1 0 0 4
1 0 0 6
1 0 0 6
1 0 0 6
1 0 0 6
1 0 0 6
1 0 0 6
1 0 0 6
1 0 0 6
1 0 0 6
1 0 0 6
1 0 0 7
1 0 0 7
1 0 0 7
1 0 0 7
1 0 0 7
1 0 0 7
1 0 0 7
1 0 0 7
1 0 0 7
1 0 0 7
1 0 0 8
1 0 0 8
1 0 0 8
1 0 0 8
1 0 0 8
1 0 0 8
1 0 0 8
1 0 0 8
1 0 0 8
1 0 0 8
1 0 0 9
1 0 0 9
1 0 0 9
1 0 0 9
1 0 0 9
1 0 0 9
1 0 0 9
1 0 0 10
1 0 0 10
1 0 0 10
1 0 0 10
1 0 0 10
1 0 0 10
1 0 0 10
1 0 0 10
1 0 0 10
1 0 0 10
1 0 0 11
1 0 0 11
1 0 0 11
1 0 0 11
1 0 0 11
1 0 0 11
1 0 0 11
1 0 0 11
1 0 0 11
1 0 0 11
1 0 0 9
1 0 0 9
1 0 0 9
1 0 0 12
1 0 0 12
1 0 0 12
1 0 0 12
1 0 0 12
1 0 0 12
1 0 0 12
1 0 0 12
1 0 0 12
1 0 0 12
1 0 0 4
1 0 0 13
1 0 0 13
1 0 0 13
1 0 0 13
1 0 0 14
1 0 0 14
1 0 0 14
1 0 0 14
1 0 0 14
1 0 0 14
1 0 0 14
1 0 0 14
1 0 0 14
1 0 0 14
1 0 0 15
1 0 0 15
1 0 0 15
1 0 0 15
1 0 0 15
1 0 0 15
1 0 0 15
1 0 0 15
1 0 0 15
1 0 0 15
1 0 0 13
1 0 0 16
1 0 0 16
1 0 0 16
1 0 0 16
1 0 0 16
1 0 0 17
1 0 0 17
1 0 0 17
1 0 0 17
1 0 0 17
1 0 0 17
1 0 0 17
1 0 0 17
1 0 0 17
1 0 0 17
1 0 0 16
1 0 0 16
1 0 0 16
1 0 0 16
1 0 0 18
1 0 0 18
1 0 0 18
1 0 0 18
1 0 0 18
1 0 0 18
1 0 0 18
1 0 0 18
1 0 0 18
1 0 0 18
1 0 0 16
1 0 0 13
1 0 0 13
1 0 0 13
1 0 0 13
1 0 0 13
1 0 0 4
1 0 0 4
1 0 0 4
1 0 0 1
1 0 0 1
1 0 0 19
1 0 0 19
1 0 0 19
1 0 0 19
1 0 0 19
1 0 0 19
1 0 0 20
1 0 0 20
1 0 0 20
1 0 0 20
1 0 0 20
1 0 0 20
1 0 0 20
1 0 0 20
1 0 0 20
1 0 0 20
1 0 0 21
1 0 0 21
1 0 0 21
1 0 0 21
1 0 0 21
1 0 0 21
1 0 0 21
1 0 0 21
1 0 0 21
1 0 0 21
1 0 0 19
1 0 0 19
1 0 0 19
1 0 0 19
1 0 0 22
1 0 0 22
1 0 0 23
1 0 0 23
1 0 0 23
1 0 0 23
1 0 0 23
1 0 0 23
1 0 0 23
1 0 0 23
1 0 0 23
1 0 0 23
1 0 0 24
1 0 0 24
1 0 0 24
1 0 0 24
1 0 0 24
1 0 0 24
1 0 0 24
1 0 0 24
1 0 0 24
1 0 0 24
1 0 0 25
1 0 0 25
1 0 0 25
1 0 0 25
1 0 0 25
1 0 0 25
1 0 0 25
1 0 0 25
1 0 0 25
1 0 0 25
1 0 0 26
1 0 0 26
1 0 0 27
1 0 0 27
1 0 0 27
1 0 0 27
1 0 0 27
1 0 0 27
1 0 0 27
1 0 0 27
1 0 0 27
1 0 0 27
1 0 0 26
1 0 0 28
1 0 0 28
1 0 0 28
1 0 0 28
1 0 0 28
1 0 0 28
1 0 0 28
1 0 0 28
1 0 0 28
1 0 0 28
1 0 0 26
1 0 0 26
1 0 0 26
1 0 0 26
1 0 0 26
1 0 0 26
1 0 0 26
1 0 0 29
1 0 0 29
1 0 0 29
1 0 0 29
1 0 0 29
1 0 0 29
1 0 0 29
1 0 0 29
1 0 0 29
1 0 0 29
1 0 0 30
1 0 0 30
1 0 0 30
1 0 0 30
1 0 0 30
1 0 0 30
1 0 0 30
1 0 0 30
1 0 0 30
1 0 0 30
1 0 0 31
1 0 0 31
1 0 0 31
1 0 0 31
1 0 0 31
1 0 0 31
1 0 0 31
1 0 0 31
1 0 0 31
1 0 0 31
1 0 0 32
1 0 0 32
1 0 0 32
1 0 0 32
1 0 0 32
1 0 0 32
1 0 0 32
1 0 0 32
1 0 0 32
1 0 0 32
1 0 0 33
1 0 0 33
1 0 0 34
1 0 0 34
1 0 0 34
1 0 0 34
1 0 0 34
1 0 0 34
1 0 0 34
1 0 0 34
1 0 0 34
1 0 0 34
1 0 0 35
1 0 0 35
1 0 0 35
1 0 0 35
1 0 0 36
1 0 0 36
1 0 0 36
1 0 0 37
1 0 0 37
1 0 0 37
1 0 0 37
1 0 0 37
1 0 0 37
1 0 0 37
1 0 0 37
1 0 0 37
1 0 0 37
1 0 0 36
1 0 0 36
1 0 0 36
1 0 0 36
1 0 0 36
1 0 0 36
1 0 0 36
1 0 0 38
1 0 0 38
1 0 0 38
1 0 0 38
1 0 0 39
1 0 0 39
1 0 0 39
1 0 0 39
1 0 0 39
1 0 0 39
1 0 0 39
1 0 0 39
1 0 0 39
1 0 0 39
1 0 0 38
1 0 0 38
1 0 0 38
1 0 0 38
1 0 0 38
1 0 0 38
1 0 0 35
1 0 0 35
1 0 0 35
1 0 0 35
1 0 0 35
1 0 0 35
1 0 0 33
1 0 0 33
1 0 0 33
1 0 0 33
1 0 0 33
1 0 0 33
1 0 0 33
1 0 0 33
1 0 0 22
1 0 0 40
1 0 0 40
1 0 0 40
1 0 0 40
1 0 0 40
1 0 0 40
1 0 0 40
1 0 0 40
1 0 0 40
1 0 0 40
1 0 0 41
1 0 0 41
1 0 0 41
1 0 0 41
1 0 0 41
1 0 0 41
1 0 0 41
1 0 0 41
1 0 0 41
1 0 0 41
1 0 0 22
1 0 0 42
1 0 0 42
1 0 0 42
1 0 0 42
1 0 0 42
1 0 0 42
1 0 0 42
1 0 0 42
1 0 0 42
1 0 0 42
1 0 0 43
1 0 0 43
1 0 0 43
1 0 0 43
1 0 0 43
1 0 0 43
1 0 0 43
1 0 0 43
1 0 0 43
1 0 0 43
1 0 0 22
1 0 0 22
1 0 0 22
1 0 0 22
1 0 0 44
1 0 0 44
1 0 0 44
1 0 0 44
1 0 0 44
1 0 0 44
1 0 0 44
1 0 0 44
1 0 0 44
1 0 0 44
1 0 0 22
1 0 0 22
1 0 0 45
1 0 0 45
1 0 0 45
1 0 0 45
1 0 0 45
1 0 0 45
1 0 0 45
1 0 0 45
1 0 0 45
1 0 0 45
1 0 0 46
1 0 0 46
1 0 0 46
1 0 0 46
1 0 0 46
1 0 0 46
1 0 0 46
1 0 0 47
1 0 0 47
1 0 0 47
1 0 0 47
1 0 0 47
1 0 0 47
1 0 0 47
1 0 0 47
1 0 0 47
1 0 0 47
1 0 0 46
1 0 0 46
1 0 0 48
1 0 0 48
1 0 0 48
1 0 0 48
1 0 0 48
1 0 0 48
1 0 0 48
1 0 0 48
1 0 0 48
1 0 0 48
1 0 0 46
1 0 0 49
1 0 0 49
1 0 0 49
1 0 0 49
1 0 0 49
1 0 0 49
1 0 0 49
1 0 0 49
1 0 0 49
1 0 0 49
1 0 0 50
1 0 0 50
1 0 0 50
1 0 0 50
1 0 0 50
1 0 0 50
1 0 0 50
1 0 0 50
1 0 0 50
1 0 0 50
0.1 4 5 -1
0.1 3 501 -1
0.1 6 7 -1
0.1 502 503 -1
0.1 2 504 -1
0.1 1 505 -1
0.1 10 11 -1
0.1 507 12 -1
0.1 9 508 -1
0.1 16 17 -1
0.1 18 19 -1
0.1 511 20 -1
0.1 510 512 -1
0.1 21 22 -1
0.1 513 514 -1
0.1 15 515 -1
0.1 14 516 -1
0.1 517 23 -1
0.1 27 28 -1
0.1 26 519 -1
0.1 25 520 -1
0.1 24 521 -1
0.1 518 522 -1
0.1 13 523 -1
0.1 509 524 -1
0.1 8 525 -1
0.1 506 526 -1
0.1 30 31 -1
0.1 29 528 -1
0.1 33 34 -1
0.1 32 530 -1
0.1 35 36 -1
0.1 531 532 -1
0.1 533 37 -1
0.1 39 40 -1
0.1 38 535 -1
0.1 536 41 -1
0.1 534 537 -1
0.1 43 44 -1
0.1 42 539 -1
0.1 46 47 -1
0.1 48 49 -1
0.1 50 51 -1
0.1 542 543 -1
0.1 544 52 -1
0.1 53 54 -1
0.1 545 546 -1
0.1 541 547 -1
0.1 45 548 -1
0.1 55 56 -1
0.1 57 58 -1
0.1 550 551 -1
0.1 60 61 -1
0.1 59 553 -1
0.1 63 64 -1
0.1 62 555 -1
0.1 554 556 -1
0.1 552 557 -1
0.1 69 70 -1
0.1 68 559 -1
0.1 67 560 -1
0.1 66 561 -1
0.1 65 562 -1
0.1 73 74 -1
0.1 72 564 -1
0.1 71 565 -1
0.1 563 566 -1
0.1 558 567 -1
0.1 76 77 -1
0.1 75 569 -1
0.1 570 78 -1
0.1 571 79 -1
0.1 572 80 -1
0.1 568 573 -1
0.1 549 574 -1
0.1 575 81 -1
0.1 82 83 -1
0.1 84 85 -1
0.1 577 578 -1
0.1 86 87 -1
0.1 88 89 -1
0.1 580 581 -1
0.1 90 91 -1
0.1 582 583 -1
0.1 92 93 -1
0.1 96 97 -1
0.1 99 100 -1
0.1 98 587 -1
0.1 586 588 -1
0.1 95 589 -1
0.1 590 101 -1
0.1 94 591 -1
0.1 585 592 -1
0.1 103 104 -1
0.1 102 594 -1
0.1 593 595 -1
0.1 584 596 -1
0.1 579 597 -1
0.1 106 107 -1
0.1 109 110 -1
0.1 108 600 -1
0.1 111 112 -1
0.1 113 114 -1
0.1 602 603 -1
0.1 601 604 -1
0.1 599 605 -1
0.1 105 606 -1
0.1 598 607 -1
0.1 576 608 -1
0.1 540 609 -1
0.1 116 117 -1
0.1 118 119 -1
0.1 120 121 -1
0.1 122 123 -1
0.1 614 124 -1
0.1 615 125 -1
0.1 613 616 -1
0.1 127 128 -1
0.1 126 618 -1
0.1 619 129 -1
0.1 617 620 -1
0.1 612 621 -1
0.1 130 131 -1
0.1 132 133 -1
0.1 623 624 -1
0.1 625 134 -1
0.1 135 136 -1
0.1 626 627 -1
0.1 138 139 -1
0.1 137 629 -1
0.1 628 630 -1
0.1 622 631 -1
0.1 141 142 -1
0.1 143 144 -1
0.1 147 148 -1
0.1 149 150 -1
0.1 635 636 -1
0.1 153 154 -1
0.1 152 638 -1
0.1 151 639 -1
0.1 637 640 -1
0.1 641 155 -1
0.1 146 642 -1
0.1 145 643 -1
0.1 634 644 -1
0.1 633 645 -1
0.1 156 157 -1
0.1 158 159 -1
0.1 647 648 -1
0.1 160 161 -1
0.1 162 163 -1
0.1 165 166 -1
0.1 164 652 -1
0.1 651 653 -1
0.1 167 168 -1
0.1 655 169 -1
0.1 654 656 -1
0.1 650 657 -1
0.1 658 170 -1
0.1 649 659 -1
0.1 646 660 -1
0.1 171 172 -1
0.1 174 175 -1
0.1 173 663 -1
0.1 662 664 -1
0.1 661 665 -1
0.1 140 666 -1
0.1 632 667 -1
0.1 611 668 -1
0.1 115 669 -1
0.1 610 670 -1
0.1 177 178 -1
0.1 176 672 -1
0.1 671 673 -1
0.1 538 674 -1
0.1 529 675 -1
0.1 527 676 -1
0.1 179 180 -1
0.1 677 678 -1
0.1 182 183 -1
0.1 181 680 -1
0.1 185 186 -1
0.1 184 682 -1
0.1 187 188 -1
0.1 191 192 -1
0.1 685 193 -1
0.1 686 194 -1
0.1 687 195 -1
0.1 688 196 -1
0.1 190 689 -1
0.1 189 690 -1
0.1 684 691 -1
0.1 683 692 -1
0.1 200 201 -1
0.1 199 694 -1
0.1 198 695 -1
0.1 197 696 -1
0.1 697 202 -1
0.1 203 204 -1
0.1 205 206 -1
0.1 699 700 -1
0.1 698 701 -1
0.1 207 208 -1
0.1 702 703 -1
0.1 209 210 -1
0.1 704 705 -1
0.1 693 706 -1
0.1 681 707 -1
0.1 211 212 -1
0.1 708 709 -1
0.1 213 214 -1
0.1 217 218 -1
0.1 712 219 -1
0.1 216 713 -1
0.1 220 221 -1
0.1 714 715 -1
0.1 215 716 -1
0.1 223 224 -1
0.1 225 226 -1
0.1 718 719 -1
0.1 229 230 -1
0.1 228 721 -1
0.1 227 722 -1
0.1 231 232 -1
0.1 723 724 -1
0.1 720 725 -1
0.1 726 233 -1
0.1 235 236 -1
0.1 728 237 -1
0.1 234 729 -1
0.1 238 239 -1
0.1 240 241 -1
0.1 732 242 -1
0.1 731 733 -1
0.1 730 734 -1
0.1 243 244 -1
0.1 735 736 -1
0.1 727 737 -1
0.1 245 246 -1
0.1 247 248 -1
0.1 250 251 -1
0.1 741 252 -1
0.1 249 742 -1
0.1 740 743 -1
0.1 253 254 -1
0.1 744 745 -1
0.1 739 746 -1
0.1 747 255 -1
0.1 256 257 -1
0.1 258 259 -1
0.1 261 262 -1
0.1 263 264 -1
0.1 751 752 -1
0.1 753 265 -1
0.1 260 754 -1
0.1 750 755 -1
0.1 749 756 -1
0.1 266 267 -1
0.1 268 269 -1
0.1 271 272 -1
0.1 270 760 -1
0.1 273 274 -1
0.1 275 276 -1
0.1 762 763 -1
0.1 277 278 -1
0.1 281 282 -1
0.1 280 766 -1
0.1 279 767 -1
0.1 765 768 -1
0.1 764 769 -1
0.1 761 770 -1
0.1 759 771 -1
0.1 758 772 -1
0.1 757 773 -1
0.1 748 774 -1
0.1 738 775 -1
0.1 283 284 -1
0.1 285 286 -1
0.1 288 289 -1
0.1 287 779 -1
0.1 778 780 -1
0.1 291 292 -1
0.1 290 782 -1
0.1 781 783 -1
0.1 777 784 -1
0.1 293 294 -1
0.1 295 296 -1
0.1 297 298 -1
0.1 788 299 -1
0.1 787 789 -1
0.1 786 790 -1
0.1 301 302 -1
0.1 300 792 -1
0.1 791 793 -1
0.1 785 794 -1
0.1 304 305 -1
0.1 796 306 -1
0.1 307 308 -1
0.1 309 310 -1
0.1 798 799 -1
0.1 797 800 -1
0.1 303 801 -1
0.1 311 312 -1
0.1 802 803 -1
0.1 795 804 -1
0.1 776 805 -1
0.1 222 806 -1
0.1 717 807 -1
0.1 711 808 -1
0.1 313 314 -1
0.1 316 317 -1
0.1 315 811 -1
0.1 318 319 -1
0.1 320 321 -1
0.1 813 814 -1
0.1 322 323 -1
0.1 815 816 -1
0.1 812 817 -1
0.1 818 324 -1
0.1 326 327 -1
0.1 325 820 -1
0.1 821 328 -1
0.1 330 331 -1
0.1 329 823 -1
0.1 334 335 -1
0.1 333 825 -1
0.1 826 336 -1
0.1 338 339 -1
0.1 340 341 -1
0.1 828 829 -1
0.1 337 830 -1
0.1 827 831 -1
0.1 332 832 -1
0.1 342 343 -1
0.1 834 344 -1
0.1 833 835 -1
0.1 824 836 -1
0.1 346 347 -1
0.1 838 348 -1
0.1 345 839 -1
0.1 837 840 -1
0.1 350 351 -1
0.1 354 355 -1
0.1 843 356 -1
0.1 357 358 -1
0.1 844 845 -1
0.1 361 362 -1
0.1 360 847 -1
0.1 359 848 -1
0.1 846 849 -1
0.1 353 850 -1
0.1 851 363 -1
0.1 852 364 -1
0.1 352 853 -1
0.1 854 365 -1
0.1 855 366 -1
0.1 367 368 -1
0.1 856 857 -1
0.1 842 858 -1
0.1 349 859 -1
0.1 841 860 -1
0.1 369 370 -1
0.1 371 372 -1
0.1 862 863 -1
0.1 373 374 -1
0.1 864 865 -1
0.1 861 866 -1
0.1 822 867 -1
0.1 819 868 -1
0.1 810 869 -1
0.1 375 376 -1
0.1 377 378 -1
0.1 872 379 -1
0.1 871 873 -1
0.1 381 382 -1
0.1 380 875 -1
0.1 874 876 -1
0.1 870 877 -1
0.1 809 878 -1
0.1 710 879 -1
0.1 390 391 -1
0.1 389 881 -1
0.1 388 882 -1
0.1 387 883 -1
0.1 386 884 -1
0.1 385 885 -1
0.1 384 886 -1
0.1 392 393 -1
0.1 887 888 -1
0.1 383 889 -1
0.1 394 395 -1
0.1 891 396 -1
0.1 397 398 -1
0.1 400 401 -1
0.1 399 894 -1
0.1 895 402 -1
0.1 893 896 -1
0.1 892 897 -1
0.1 898 403 -1
0.1 890 899 -1
0.1 406 407 -1
0.1 405 901 -1
0.1 408 409 -1
0.1 410 411 -1
0.1 904 412 -1
0.1 903 905 -1
0.1 902 906 -1
0.1 413 414 -1
0.1 907 908 -1
0.1 404 909 -1
0.1 900 910 -1
0.1 415 416 -1
0.1 418 419 -1
0.1 420 421 -1
0.1 913 914 -1
0.1 417 915 -1
0.1 422 423 -1
0.1 917 424 -1
0.1 916 918 -1
0.1 912 919 -1
0.1 920 425 -1
0.1 426 427 -1
0.1 430 431 -1
0.1 433 434 -1
0.1 924 435 -1
0.1 432 925 -1
0.1 923 926 -1
0.1 429 927 -1
0.1 436 437 -1
0.1 929 438 -1
0.1 928 930 -1
0.1 428 931 -1
0.1 922 932 -1
0.1 439 440 -1
0.1 441 442 -1
0.1 444 445 -1
0.1 446 447 -1
0.1 448 449 -1
0.1 938 450 -1
0.1 937 939 -1
0.1 936 940 -1
0.1 443 941 -1
0.1 935 942 -1
0.1 934 943 -1
0.1 451 452 -1
0.1 454 455 -1
0.1 456 457 -1
0.1 946 947 -1
0.1 453 948 -1
0.1 458 459 -1
0.1 460 461 -1
0.1 462 463 -1
0.1 951 952 -1
0.1 464 465 -1
0.1 466 467 -1
0.1 954 955 -1
0.1 953 956 -1
0.1 950 957 -1
0.1 949 958 -1
0.1 945 959 -1
0.1 471 472 -1
0.1 475 476 -1
0.1 474 962 -1
0.1 473 963 -1
0.1 961 964 -1
0.1 478 479 -1
0.1 477 966 -1
0.1 965 967 -1
0.1 470 968 -1
0.1 469 969 -1
0.1 468 970 -1
0.1 960 971 -1
0.1 972 480 -1
0.1 944 973 -1
0.1 933 974 -1
0.1 921 975 -1
0.1 911 976 -1
0.1 481 482 -1
0.1 484 485 -1
0.1 483 979 -1
0.1 486 487 -1
0.1 981 488 -1
0.1 982 489 -1
0.1 980 983 -1
0.1 984 490 -1
0.1 978 985 -1
0.1 493 494 -1
0.1 492 987 -1
0.1 495 496 -1
0.1 989 497 -1
0.1 988 990 -1
0.1 991 498 -1
0.1 499 500 -1
0.1 992 993 -1
0.1 491 994 -1
0.1 986 995 -1
0.1 977 996 -1
0.1 880 997 -1
0.1 679 998 -1
