1 0 0 1
1 0 0 2
1 0 0 2
1 0 0 2
1 0 0 2
1 0 0 2
1 0 0 2
1 0 0 3
1 0 0 3
1 0 0 3
1 0 0 3
1 0 0 3
1 0 0 3
1 0 0 3
1 0 0 3
1 0 0 3
1 0 0 3
1 0 0 2
1 0 0 2
1 0 0 2
1 0 0 2
1 0 0 4
1 0 0 4
1 0 0 4
1 0 0 4
1 0 0 4
1 0 0 4
1 0 0 4
1 0 0 5
1 0 0 5
1 0 0 5
1 0 0 5
1 0 0 5
1 0 0 5
1 0 0 5
1 0 0 5
1 0 0 5
1 0 0 5
1 0 0 6
1 0 0 6
1 0 0 6
1 0 0 6
1 0 0 6
1 0 0 6
1 0 0 6
1 0 0 6
1 0 0 6
1 0 0 6
1 0 0 4
1 0 0 4
1 0 0 4
1 0 0 7
1 0 0 7
1 0 0 7
1 0 0 7
1 0 0 7
1 0 0 7
1 0 0 7
1 0 0 7
1 0 0 7
1 0 0 7
1 0 0 1
1 0 0 1
1 0 0 1
1 0 0 1
1 0 0 8
1 0 0 8
1 0 0 8
1 0 0 8
1 0 0 8
1 0 0 1
1 0 0 1
1 0 0 1
1 0 0 8
1 0 0 8
1 0 0 8
1 0 0 8
1 0 0 8
1 0 0 1
1 0 0 1
0.1 2 3 -1
0.1 4 5 -1
0.1 81 82 -1
0.1 6 7 -1
0.1 83 84 -1
0.1 8 9 -1
0.1 86 10 -1
0.1 14 15 -1
0.1 13 88 -1
0.1 89 16 -1
0.1 12 90 -1
0.1 11 91 -1
0.1 92 17 -1
0.1 87 93 -1
0.1 18 19 -1
0.1 94 95 -1
0.1 20 21 -1
0.1 96 97 -1
0.1 85 98 -1
0.1 25 26 -1
0.1 27 28 -1
0.1 100 101 -1
0.1 24 102 -1
0.1 23 103 -1
0.1 30 31 -1
0.1 29 105 -1
0.1 34 35 -1
0.1 33 107 -1
0.1 32 108 -1
0.1 37 38 -1
0.1 36 110 -1
0.1 109 111 -1
0.1 106 112 -1
0.1 40 41 -1
0.1 39 114 -1
0.1 43 44 -1
0.1 45 46 -1
0.1 116 117 -1
0.1 42 118 -1
0.1 47 48 -1
0.1 119 120 -1
0.1 115 121 -1
0.1 113 122 -1
0.1 104 123 -1
0.1 124 49 -1
0.1 125 50 -1
0.1 22 126 -1
0.1 127 51 -1
0.1 128 52 -1
0.1 54 55 -1
0.1 53 130 -1
0.1 131 56 -1
0.1 58 59 -1
0.1 133 60 -1
0.1 134 61 -1
0.1 57 135 -1
0.1 132 136 -1
0.1 129 137 -1
0.1 138 62 -1
0.1 99 139 -1
0.1 1 140 -1
0.1 63 64 -1
0.1 142 65 -1
0.1 66 67 -1
0.1 144 68 -1
0.1 72 73 -1
0.1 71 146 -1
0.1 147 74 -1
0.1 70 148 -1
0.1 149 75 -1
0.1 150 76 -1
0.1 69 151 -1
0.1 145 152 -1
0.1 77 78 -1
0.1 153 154 -1
0.1 79 80 -1
0.1 155 156 -1
0.1 143 157 -1
0.1 141 158 -1
