1 0 0 1
1 0 0 1
1 0 0 1
1 0 0 2
1 0 0 2
1 0 0 2
1 0 0 2
1 0 0 3
1 0 0 3
1 0 0 3
1 0 0 3
1 0 0 3
1 0 0 3
1 0 0 3
1 0 0 3
1 0 0 3
1 0 0 3
1 0 0 2
1 0 0 2
1 0 0 2
1 0 0 2
1 0 0 2
1 0 0 2
1 0 0 4
1 0 0 5
1 0 0 5
1 0 0 5
1 0 0 5
1 0 0 5
1 0 0 5
1 0 0 5
1 0 0 5
1 0 0 5
1 0 0 5
1 0 0 6
1 0 0 6
1 0 0 6
1 0 0 6
1 0 0 6
1 0 0 6
1 0 0 6
1 0 0 6
1 0 0 6
1 0 0 6
1 0 0 7
1 0 0 7
1 0 0 7
1 0 0 7
1 0 0 7
1 0 0 7
1 0 0 7
1 0 0 7
1 0 0 7
1 0 0 7
1 0 0 4
1 0 0 4
1 0 0 4
1 0 0 4
1 0 0 4
1 0 0 4
1 0 0 4
1 0 0 4
1 0 0 4
1 0 0 1
1 0 0 8
1 0 0 8
1 0 0 8
1 0 0 8
1 0 0 8
1 0 0 8
1 0 0 8
1 0 0 8
1 0 0 8
1 0 0 8
1 0 0 1
1 0 0 1
1 0 0 1
1 0 0 1
1 0 0 1
1 0 0 1
0.1 1 2 -1
0.1 81 3 -1
0.1 6 7 -1
0.1 8 9 -1
0.1 84 10 -1
0.1 11 12 -1
0.1 86 13 -1
0.1 14 15 -1
0.1 88 16 -1
0.1 89 17 -1
0.1 87 90 -1
0.1 85 91 -1
0.1 18 19 -1
0.1 20 21 -1
0.1 22 23 -1
0.1 94 95 -1
0.1 93 96 -1
0.1 92 97 -1
0.1 83 98 -1
0.1 5 99 -1
0.1 4 100 -1
0.1 25 26 -1
0.1 27 28 -1
0.1 102 103 -1
0.1 29 30 -1
0.1 32 33 -1
0.1 31 106 -1
0.1 105 107 -1
0.1 108 34 -1
0.1 104 109 -1
0.1 36 37 -1
0.1 35 111 -1
0.1 112 38 -1
0.1 39 40 -1
0.1 113 114 -1
0.1 115 41 -1
0.1 43 44 -1
0.1 42 117 -1
0.1 116 118 -1
0.1 110 119 -1
0.1 47 48 -1
0.1 49 50 -1
0.1 121 122 -1
0.1 46 123 -1
0.1 45 124 -1
0.1 51 52 -1
0.1 126 53 -1
0.1 125 127 -1
0.1 120 128 -1
0.1 129 54 -1
0.1 24 130 -1
0.1 56 57 -1
0.1 55 132 -1
0.1 133 58 -1
0.1 134 59 -1
0.1 60 61 -1
0.1 62 63 -1
0.1 136 137 -1
0.1 135 138 -1
0.1 131 139 -1
0.1 101 140 -1
0.1 141 64 -1
0.1 82 142 -1
0.1 67 68 -1
0.1 69 70 -1
0.1 145 71 -1
0.1 72 73 -1
0.1 146 147 -1
0.1 144 148 -1
0.1 66 149 -1
0.1 150 74 -1
0.1 65 151 -1
0.1 152 75 -1
0.1 77 78 -1
0.1 79 80 -1
0.1 154 155 -1
0.1 76 156 -1
0.1 153 157 -1
0.1 143 158 -1
