1 0 0 1
1 0 0 1
1 0 0 1
1 0 0 1
1 0 0 1
1 0 0 1
1 0 0 1
1 0 0 1
1 0 0 1
1 0 0 1
1 0 0 2
1 0 0 2
1 0 0 3
1 0 0 3
1 0 0 3
1 0 0 3
1 0 0 3
1 0 0 3
1 0 0 3
1 0 0 3
1 0 0 3
1 0 0 3
1 0 0 2
1 0 0 4
1 0 0 4
1 0 0 4
1 0 0 4
1 0 0 4
1 0 0 4
1 0 0 4
1 0 0 4
1 0 0 4
1 0 0 4
1 0 0 5
1 0 0 5
1 0 0 5
1 0 0 5
1 0 0 5
1 0 0 5
1 0 0 5
1 0 0 5
1 0 0 5
1 0 0 5
1 0 0 2
1 0 0 2
1 0 0 6
1 0 0 6
1 0 0 6
1 0 0 6
1 0 0 6
1 0 0 6
1 0 0 6
1 0 0 6
1 0 0 6
1 0 0 6
1 0 0 7
1 0 0 7
1 0 0 7
1 0 0 7
1 0 0 7
1 0 0 7
1 0 0 7
1 0 0 7
1 0 0 7
1 0 0 7
1 0 0 8
1 0 0 8
1 0 0 8
1 0 0 8
1 0 0 8
1 0 0 8
1 0 0 8
1 0 0 8
1 0 0 8
1 0 0 8
1 0 0 2
1 0 0 2
1 0 0 2
1 0 0 2
1 0 0 9
1 0 0 9
1 0 0 9
1 0 0 9
1 0 0 9
1 0 0 9
1 0 0 9
1 0 0 9
1 0 0 9
1 0 0 9
1 0 0 10
1 0 0 10
1 0 0 10
1 0 0 10
1 0 0 10
1 0 0 10
1 0 0 10
1 0 0 10
1 0 0 10
1 0 0 10
1 0 0 11
1 0 0 11
1 0 0 11
1 0 0 11
1 0 0 11
1 0 0 11
1 0 0 11
1 0 0 11
1 0 0 11
1 0 0 11
1 0 0 2
1 0 0 12
1 0 0 12
1 0 0 12
1 0 0 12
1 0 0 12
1 0 0 12
1 0 0 12
1 0 0 12
1 0 0 12
1 0 0 12
1 0 0 13
1 0 0 13
1 0 0 13
1 0 0 13
1 0 0 13
1 0 0 13
1 0 0 13
1 0 0 13
1 0 0 13
1 0 0 13
1 0 0 14
1 0 0 14
1 0 0 14
1 0 0 14
1 0 0 14
1 0 0 14
1 0 0 14
1 0 0 14
1 0 0 14
1 0 0 14
1 0 0 15
1 0 0 15
1 0 0 15
1 0 0 15
1 0 0 15
1 0 0 15
1 0 0 15
1 0 0 15
1 0 0 15
1 0 0 15
1 0 0 16
1 0 0 16
1 0 0 16
1 0 0 16
1 0 0 17
1 0 0 17
1 0 0 17
1 0 0 17
1 0 0 17
1 0 0 17
1 0 0 17
1 0 0 17
1 0 0 17
1 0 0 17
1 0 0 18
1 0 0 18
1 0 0 18
1 0 0 18
1 0 0 18
1 0 0 18
1 0 0 18
1 0 0 18
1 0 0 18
1 0 0 18
1 0 0 19
1 0 0 19
1 0 0 19
1 0 0 19
1 0 0 19
1 0 0 19
1 0 0 19
1 0 0 19
1 0 0 19
1 0 0 19
1 0 0 16
1 0 0 20
1 0 0 20
1 0 0 20
1 0 0 20
1 0 0 20
1 0 0 20
1 0 0 20
1 0 0 20
1 0 0 20
1 0 0 20
1 0 0 21
1 0 0 21
1 0 0 21
1 0 0 21
1 0 0 21
1 0 0 21
1 0 0 21
1 0 0 21
1 0 0 21
1 0 0 21
1 0 0 16
1 0 0 22
1 0 0 22
1 0 0 22
1 0 0 22
1 0 0 22
1 0 0 22
1 0 0 22
1 0 0 22
1 0 0 22
1 0 0 22
1 0 0 16
1 0 0 23
1 0 0 23
1 0 0 23
1 0 0 23
1 0 0 23
1 0 0 23
1 0 0 23
1 0 0 23
1 0 0 23
1 0 0 24
1 0 0 24
1 0 0 24
1 0 0 24
1 0 0 24
1 0 0 24
1 0 0 24
1 0 0 24
1 0 0 24
1 0 0 24
1 0 0 25
1 0 0 25
1 0 0 25
1 0 0 25
1 0 0 25
1 0 0 25
1 0 0 25
1 0 0 25
1 0 0 25
1 0 0 25
1 0 0 26
1 0 0 26
1 0 0 26
1 0 0 26
1 0 0 26
1 0 0 26
1 0 0 26
1 0 0 26
1 0 0 26
1 0 0 26
1 0 0 27
1 0 0 27
1 0 0 28
1 0 0 28
1 0 0 28
1 0 0 28
1 0 0 28
1 0 0 28
1 0 0 28
1 0 0 28
1 0 0 28
1 0 0 28
1 0 0 27
1 0 0 27
1 0 0 27
1 0 0 27
1 0 0 27
1 0 0 27
1 0 0 27
1 0 0 27
1 0 0 23
1 0 0 16
1 0 0 29
1 0 0 29
1 0 0 29
1 0 0 29
1 0 0 29
1 0 0 29
1 0 0 29
1 0 0 29
1 0 0 29
1 0 0 29
1 0 0 30
1 0 0 30
1 0 0 30
1 0 0 30
1 0 0 30
1 0 0 30
1 0 0 30
1 0 0 30
1 0 0 30
1 0 0 30
1 0 0 16
1 0 0 16
1 0 0 31
1 0 0 32
1 0 0 32
1 0 0 32
1 0 0 32
1 0 0 32
1 0 0 32
1 0 0 32
1 0 0 32
1 0 0 32
1 0 0 32
1 0 0 31
1 0 0 33
1 0 0 33
1 0 0 33
1 0 0 33
1 0 0 33
1 0 0 33
1 0 0 33
1 0 0 33
1 0 0 33
1 0 0 33
1 0 0 31
1 0 0 34
1 0 0 34
1 0 0 34
1 0 0 34
1 0 0 34
1 0 0 34
1 0 0 34
1 0 0 34
1 0 0 34
1 0 0 34
1 0 0 31
1 0 0 31
1 0 0 31
1 0 0 31
1 0 0 35
1 0 0 35
1 0 0 36
1 0 0 37
1 0 0 37
1 0 0 37
1 0 0 37
1 0 0 37
1 0 0 37
1 0 0 37
1 0 0 37
1 0 0 37
1 0 0 37
1 0 0 36
1 0 0 36
1 0 0 36
1 0 0 36
1 0 0 36
1 0 0 36
1 0 0 36
1 0 0 36
1 0 0 36
1 0 0 38
1 0 0 38
1 0 0 38
1 0 0 38
1 0 0 38
1 0 0 38
1 0 0 38
1 0 0 38
1 0 0 38
1 0 0 38
1 0 0 35
1 0 0 35
1 0 0 39
1 0 0 39
1 0 0 39
1 0 0 39
1 0 0 39
1 0 0 39
1 0 0 39
1 0 0 39
1 0 0 39
1 0 0 39
1 0 0 35
1 0 0 35
1 0 0 40
1 0 0 40
1 0 0 40
1 0 0 40
1 0 0 40
1 0 0 40
1 0 0 40
1 0 0 40
1 0 0 40
1 0 0 40
1 0 0 35
1 0 0 41
1 0 0 41
1 0 0 41
1 0 0 41
1 0 0 41
1 0 0 41
1 0 0 41
1 0 0 41
1 0 0 41
1 0 0 41
1 0 0 42
1 0 0 42
1 0 0 42
1 0 0 42
1 0 0 42
1 0 0 42
1 0 0 43
1 0 0 43
1 0 0 43
1 0 0 43
1 0 0 43
1 0 0 43
1 0 0 43
1 0 0 43
1 0 0 43
1 0 0 43
1 0 0 44
1 0 0 44
1 0 0 44
1 0 0 44
1 0 0 44
1 0 0 44
1 0 0 44
1 0 0 44
1 0 0 44
1 0 0 44
1 0 0 42
1 0 0 45
1 0 0 45
1 0 0 45
1 0 0 45
1 0 0 45
1 0 0 45
1 0 0 45
1 0 0 45
1 0 0 45
1 0 0 45
1 0 0 42
1 0 0 42
1 0 0 42
1 0 0 46
1 0 0 46
1 0 0 46
1 0 0 46
1 0 0 46
1 0 0 46
1 0 0 46
1 0 0 46
1 0 0 46
1 0 0 46
1 0 0 47
1 0 0 47
1 0 0 47
1 0 0 47
1 0 0 47
1 0 0 47
1 0 0 47
1 0 0 47
1 0 0 47
1 0 0 47
1 0 0 35
1 0 0 35
1 0 0 35
1 0 0 48
1 0 0 48
1 0 0 48
1 0 0 48
1 0 0 48
1 0 0 48
1 0 0 48
1 0 0 48
1 0 0 48
1 0 0 48
1 0 0 49
1 0 0 49
1 0 0 50
1 0 0 50
1 0 0 50
1 0 0 50
1 0 0 50
1 0 0 50
1 0 0 50
1 0 0 50
1 0 0 50
1 0 0 50
1 0 0 49
1 0 0 49
1 0 0 49
1 0 0 51
1 0 0 51
1 0 0 51
1 0 0 51
1 0 0 51
1 0 0 49
1 0 0 49
1 0 0 51
1 0 0 51
1 0 0 51
1 0 0 51
1 0 0 51
1 0 0 49
1 0 0 49
1 0 0 49
1 0 0 31
1 0 0 31
1 0 0 31
0.1 4 5 -1
0.1 3 511 -1
0.1 2 512 -1
0.1 1 513 -1
0.1 8 9 -1
0.1 7 515 -1
0.1 6 516 -1
0.1 517 10 -1
0.1 514 518 -1
0.1 11 12 -1
0.1 13 14 -1
0.1 16 17 -1
0.1 15 522 -1
0.1 18 19 -1
0.1 524 20 -1
0.1 21 22 -1
0.1 525 526 -1
0.1 523 527 -1
0.1 521 528 -1
0.1 520 529 -1
0.1 25 26 -1
0.1 27 28 -1
0.1 531 532 -1
0.1 31 32 -1
0.1 30 534 -1
0.1 535 33 -1
0.1 29 536 -1
0.1 533 537 -1
0.1 24 538 -1
0.1 35 36 -1
0.1 34 540 -1
0.1 38 39 -1
0.1 40 41 -1
0.1 543 42 -1
0.1 542 544 -1
0.1 37 545 -1
0.1 546 43 -1
0.1 541 547 -1
0.1 539 548 -1
0.1 23 549 -1
0.1 44 45 -1
0.1 46 47 -1
0.1 51 52 -1
0.1 50 553 -1
0.1 49 554 -1
0.1 48 555 -1
0.1 53 54 -1
0.1 557 55 -1
0.1 556 558 -1
0.1 552 559 -1
0.1 57 58 -1
0.1 56 561 -1
0.1 61 62 -1
0.1 60 563 -1
0.1 59 564 -1
0.1 562 565 -1
0.1 64 65 -1
0.1 63 567 -1
0.1 566 568 -1
0.1 67 68 -1
0.1 66 570 -1
0.1 70 71 -1
0.1 72 73 -1
0.1 74 75 -1
0.1 573 574 -1
0.1 572 575 -1
0.1 69 576 -1
0.1 571 577 -1
0.1 569 578 -1
0.1 560 579 -1
0.1 551 580 -1
0.1 581 76 -1
0.1 550 582 -1
0.1 530 583 -1
0.1 78 79 -1
0.1 80 81 -1
0.1 85 86 -1
0.1 84 587 -1
0.1 83 588 -1
0.1 82 589 -1
0.1 88 89 -1
0.1 87 591 -1
0.1 590 592 -1
0.1 586 593 -1
0.1 585 594 -1
0.1 77 595 -1
0.1 93 94 -1
0.1 597 95 -1
0.1 92 598 -1
0.1 91 599 -1
0.1 96 97 -1
0.1 601 98 -1
0.1 602 99 -1
0.1 600 603 -1
0.1 90 604 -1
0.1 100 101 -1
0.1 606 102 -1
0.1 103 104 -1
0.1 105 106 -1
0.1 108 109 -1
0.1 107 610 -1
0.1 609 611 -1
0.1 608 612 -1
0.1 607 613 -1
0.1 605 614 -1
0.1 112 113 -1
0.1 111 616 -1
0.1 617 114 -1
0.1 115 116 -1
0.1 117 118 -1
0.1 119 120 -1
0.1 620 621 -1
0.1 619 622 -1
0.1 618 623 -1
0.1 110 624 -1
0.1 121 122 -1
0.1 123 124 -1
0.1 126 127 -1
0.1 125 628 -1
0.1 128 129 -1
0.1 629 630 -1
0.1 627 631 -1
0.1 632 130 -1
0.1 626 633 -1
0.1 133 134 -1
0.1 132 635 -1
0.1 131 636 -1
0.1 136 137 -1
0.1 135 638 -1
0.1 139 140 -1
0.1 138 640 -1
0.1 639 641 -1
0.1 637 642 -1
0.1 634 643 -1
0.1 625 644 -1
0.1 615 645 -1
0.1 596 646 -1
0.1 584 647 -1
0.1 143 144 -1
0.1 142 649 -1
0.1 141 650 -1
0.1 145 146 -1
0.1 149 150 -1
0.1 148 653 -1
0.1 147 654 -1
0.1 652 655 -1
0.1 651 656 -1
0.1 648 657 -1
0.1 151 152 -1
0.1 658 659 -1
0.1 519 660 -1
0.1 153 154 -1
0.1 157 158 -1
0.1 156 663 -1
0.1 159 160 -1
0.1 162 163 -1
0.1 161 666 -1
0.1 665 667 -1
0.1 664 668 -1
0.1 669 164 -1
0.1 155 670 -1
0.1 168 169 -1
0.1 167 672 -1
0.1 166 673 -1
0.1 165 674 -1
0.1 675 170 -1
0.1 173 174 -1
0.1 172 677 -1
0.1 171 678 -1
0.1 676 679 -1
0.1 177 178 -1
0.1 681 179 -1
0.1 181 182 -1
0.1 180 683 -1
0.1 183 184 -1
0.1 684 685 -1
0.1 682 686 -1
0.1 176 687 -1
0.1 175 688 -1
0.1 680 689 -1
0.1 671 690 -1
0.1 691 185 -1
0.1 662 692 -1
0.1 186 187 -1
0.1 188 189 -1
0.1 695 190 -1
0.1 191 192 -1
0.1 696 697 -1
0.1 694 698 -1
0.1 194 195 -1
0.1 193 700 -1
0.1 699 701 -1
0.1 693 702 -1
0.1 661 703 -1
0.1 197 198 -1
0.1 196 705 -1
0.1 200 201 -1
0.1 199 707 -1
0.1 202 203 -1
0.1 708 709 -1
0.1 706 710 -1
0.1 204 205 -1
0.1 711 712 -1
0.1 713 206 -1
0.1 210 211 -1
0.1 209 715 -1
0.1 208 716 -1
0.1 207 717 -1
0.1 213 214 -1
0.1 212 719 -1
0.1 720 215 -1
0.1 721 216 -1
0.1 718 722 -1
0.1 723 217 -1
0.1 218 219 -1
0.1 220 221 -1
0.1 726 222 -1
0.1 223 224 -1
0.1 727 728 -1
0.1 225 226 -1
0.1 729 730 -1
0.1 725 731 -1
0.1 228 229 -1
0.1 227 733 -1
0.1 231 232 -1
0.1 233 234 -1
0.1 735 736 -1
0.1 230 737 -1
0.1 235 236 -1
0.1 738 739 -1
0.1 734 740 -1
0.1 237 238 -1
0.1 240 241 -1
0.1 239 743 -1
0.1 744 242 -1
0.1 243 244 -1
0.1 745 746 -1
0.1 742 747 -1
0.1 741 748 -1
0.1 245 246 -1
0.1 247 248 -1
0.1 249 250 -1
0.1 751 752 -1
0.1 251 252 -1
0.1 253 254 -1
0.1 754 755 -1
0.1 753 756 -1
0.1 255 256 -1
0.1 757 758 -1
0.1 750 759 -1
0.1 749 760 -1
0.1 257 258 -1
0.1 259 260 -1
0.1 262 263 -1
0.1 764 264 -1
0.1 765 265 -1
0.1 261 766 -1
0.1 763 767 -1
0.1 266 267 -1
0.1 769 268 -1
0.1 768 770 -1
0.1 762 771 -1
0.1 270 271 -1
0.1 269 773 -1
0.1 772 774 -1
0.1 273 274 -1
0.1 272 776 -1
0.1 777 275 -1
0.1 778 276 -1
0.1 775 779 -1
0.1 761 780 -1
0.1 732 781 -1
0.1 782 277 -1
0.1 280 281 -1
0.1 282 283 -1
0.1 784 785 -1
0.1 279 786 -1
0.1 285 286 -1
0.1 284 788 -1
0.1 287 288 -1
0.1 789 790 -1
0.1 787 791 -1
0.1 278 792 -1
0.1 290 291 -1
0.1 292 293 -1
0.1 294 295 -1
0.1 296 297 -1
0.1 796 797 -1
0.1 795 798 -1
0.1 794 799 -1
0.1 800 298 -1
0.1 289 801 -1
0.1 793 802 -1
0.1 299 300 -1
0.1 803 804 -1
0.1 783 805 -1
0.1 724 806 -1
0.1 714 807 -1
0.1 704 808 -1
0.1 303 304 -1
0.1 810 305 -1
0.1 302 811 -1
0.1 307 308 -1
0.1 306 813 -1
0.1 812 814 -1
0.1 310 311 -1
0.1 309 816 -1
0.1 815 817 -1
0.1 301 818 -1
0.1 809 819 -1
0.1 313 314 -1
0.1 316 317 -1
0.1 315 822 -1
0.1 823 318 -1
0.1 821 824 -1
0.1 321 322 -1
0.1 320 826 -1
0.1 319 827 -1
0.1 825 828 -1
0.1 324 325 -1
0.1 326 327 -1
0.1 328 329 -1
0.1 330 331 -1
0.1 832 833 -1
0.1 831 834 -1
0.1 332 333 -1
0.1 835 836 -1
0.1 830 837 -1
0.1 323 838 -1
0.1 829 839 -1
0.1 312 840 -1
0.1 334 335 -1
0.1 338 339 -1
0.1 341 342 -1
0.1 343 344 -1
0.1 844 845 -1
0.1 349 350 -1
0.1 348 847 -1
0.1 347 848 -1
0.1 346 849 -1
0.1 345 850 -1
0.1 846 851 -1
0.1 351 352 -1
0.1 353 354 -1
0.1 853 854 -1
0.1 355 356 -1
0.1 358 359 -1
0.1 357 857 -1
0.1 856 858 -1
0.1 855 859 -1
0.1 852 860 -1
0.1 340 861 -1
0.1 361 362 -1
0.1 863 363 -1
0.1 864 364 -1
0.1 865 365 -1
0.1 360 866 -1
0.1 368 369 -1
0.1 367 868 -1
0.1 366 869 -1
0.1 867 870 -1
0.1 370 371 -1
0.1 871 872 -1
0.1 862 873 -1
0.1 372 373 -1
0.1 376 377 -1
0.1 375 876 -1
0.1 374 877 -1
0.1 878 378 -1
0.1 380 381 -1
0.1 379 880 -1
0.1 879 881 -1
0.1 875 882 -1
0.1 382 383 -1
0.1 386 387 -1
0.1 385 885 -1
0.1 391 392 -1
0.1 390 887 -1
0.1 888 393 -1
0.1 389 889 -1
0.1 388 890 -1
0.1 886 891 -1
0.1 384 892 -1
0.1 884 893 -1
0.1 883 894 -1
0.1 874 895 -1
0.1 396 397 -1
0.1 897 398 -1
0.1 395 898 -1
0.1 399 400 -1
0.1 403 404 -1
0.1 402 901 -1
0.1 401 902 -1
0.1 900 903 -1
0.1 899 904 -1
0.1 394 905 -1
0.1 405 406 -1
0.1 408 409 -1
0.1 908 410 -1
0.1 407 909 -1
0.1 907 910 -1
0.1 411 412 -1
0.1 413 414 -1
0.1 416 417 -1
0.1 415 914 -1
0.1 913 915 -1
0.1 418 419 -1
0.1 917 420 -1
0.1 916 918 -1
0.1 912 919 -1
0.1 421 422 -1
0.1 423 424 -1
0.1 425 426 -1
0.1 923 427 -1
0.1 429 430 -1
0.1 428 925 -1
0.1 924 926 -1
0.1 922 927 -1
0.1 921 928 -1
0.1 920 929 -1
0.1 433 434 -1
0.1 435 436 -1
0.1 931 932 -1
0.1 432 933 -1
0.1 438 439 -1
0.1 935 440 -1
0.1 936 441 -1
0.1 437 937 -1
0.1 934 938 -1
0.1 431 939 -1
0.1 940 442 -1
0.1 930 941 -1
0.1 911 942 -1
0.1 446 447 -1
0.1 448 449 -1
0.1 945 450 -1
0.1 944 946 -1
0.1 445 947 -1
0.1 452 453 -1
0.1 451 949 -1
0.1 948 950 -1
0.1 951 454 -1
0.1 444 952 -1
0.1 443 953 -1
0.1 457 458 -1
0.1 456 955 -1
0.1 455 956 -1
0.1 459 460 -1
0.1 463 464 -1
0.1 462 959 -1
0.1 461 960 -1
0.1 958 961 -1
0.1 957 962 -1
0.1 954 963 -1
0.1 943 964 -1
0.1 465 466 -1
0.1 468 469 -1
0.1 471 472 -1
0.1 474 475 -1
0.1 969 476 -1
0.1 970 477 -1
0.1 473 971 -1
0.1 968 972 -1
0.1 470 973 -1
0.1 967 974 -1
0.1 467 975 -1
0.1 966 976 -1
0.1 965 977 -1
0.1 906 978 -1
0.1 896 979 -1
0.1 843 980 -1
0.1 337 981 -1
0.1 336 982 -1
0.1 478 479 -1
0.1 480 481 -1
0.1 484 485 -1
0.1 483 986 -1
0.1 482 987 -1
0.1 486 487 -1
0.1 488 489 -1
0.1 989 990 -1
0.1 988 991 -1
0.1 985 992 -1
0.1 993 490 -1
0.1 994 491 -1
0.1 984 995 -1
0.1 493 494 -1
0.1 495 496 -1
0.1 998 497 -1
0.1 997 999 -1
0.1 492 1000 -1
0.1 996 1001 -1
0.1 498 499 -1
0.1 1002 1003 -1
0.1 500 501 -1
0.1 502 503 -1
0.1 1006 504 -1
0.1 1005 1007 -1
0.1 505 506 -1
0.1 1009 507 -1
0.1 1008 1010 -1
0.1 1004 1011 -1
0.1 983 1012 -1
0.1 842 1013 -1
0.1 508 509 -1
0.1 1014 1015 -1
0.1 841 1016 -1
0.1 1017 510 -1
0.1 820 1018 -1
