1 0 0 1
1 0 0 1
1 0 0 1
1 0 0 2
1 0 0 2
1 0 0 3
1 0 0 3
1 0 0 3
1 0 0 3
1 0 0 3
1 0 0 3
1 0 0 3
1 0 0 3
1 0 0 3
1 0 0 3
1 0 0 2
1 0 0 2
1 0 0 2
1 0 0 2
1 0 0 2
1 0 0 2
1 0 0 2
1 0 0 4
1 0 0 4
1 0 0 4
1 0 0 5
1 0 0 5
1 0 0 5
1 0 0 5
1 0 0 5
1 0 0 5
1 0 0 5
1 0 0 5
1 0 0 4
1 0 0 6
1 0 0 5
1 0 0 5
1 0 0 6
1 0 0 6
1 0 0 6
1 0 0 6
1 0 0 6
1 0 0 4
1 0 0 4
1 0 0 4
1 0 0 7
1 0 0 7
1 0 0 7
1 0 0 7
1 0 0 7
1 0 0 7
1 0 0 7
1 0 0 7
1 0 0 7
1 0 0 7
1 0 0 4
1 0 0 4
1 0 0 8
1 0 0 8
1 0 0 8
1 0 0 8
1 0 0 8
1 0 0 8
1 0 0 8
1 0 0 8
1 0 0 8
1 0 0 8
1 0 0 4
1 0 0 9
1 0 0 9
1 0 0 9
1 0 0 9
1 0 0 9
1 0 0 9
1 0 0 9
1 0 0 9
1 0 0 9
1 0 0 9
1 0 0 6
1 0 0 6
1 0 0 6
1 0 0 6
1 0 0 2
1 0 0 10
1 0 0 10
1 0 0 10
1 0 0 10
1 0 0 10
1 0 0 10
1 0 0 10
1 0 0 10
1 0 0 10
1 0 0 10
1 0 0 11
1 0 0 11
1 0 0 11
1 0 0 11
1 0 0 11
1 0 0 11
1 0 0 11
1 0 0 12
1 0 0 12
1 0 0 11
1 0 0 13
1 0 0 13
1 0 0 13
1 0 0 13
1 0 0 13
1 0 0 13
1 0 0 13
1 0 0 13
1 0 0 13
1 0 0 13
1 0 0 12
1 0 0 14
1 0 0 14
1 0 0 14
1 0 0 14
1 0 0 14
1 0 0 14
1 0 0 14
1 0 0 14
1 0 0 14
1 0 0 14
1 0 0 12
1 0 0 15
1 0 0 15
1 0 0 15
1 0 0 15
1 0 0 15
1 0 0 15
1 0 0 15
1 0 0 15
1 0 0 15
1 0 0 15
1 0 0 12
1 0 0 12
1 0 0 12
1 0 0 12
1 0 0 12
1 0 0 12
1 0 0 16
1 0 0 16
1 0 0 16
1 0 0 16
1 0 0 16
1 0 0 16
1 0 0 16
1 0 0 16
1 0 0 16
1 0 0 16
1 0 0 17
1 0 0 17
1 0 0 17
1 0 0 17
1 0 0 18
1 0 0 18
1 0 0 18
1 0 0 18
1 0 0 18
1 0 0 18
1 0 0 18
1 0 0 18
1 0 0 18
1 0 0 18
1 0 0 19
1 0 0 19
1 0 0 19
1 0 0 19
1 0 0 19
1 0 0 19
1 0 0 19
1 0 0 19
1 0 0 19
1 0 0 19
1 0 0 20
1 0 0 20
1 0 0 20
1 0 0 20
1 0 0 20
1 0 0 20
1 0 0 20
1 0 0 20
1 0 0 20
1 0 0 20
1 0 0 17
1 0 0 17
1 0 0 17
1 0 0 17
1 0 0 17
1 0 0 17
1 0 0 21
1 0 0 21
1 0 0 21
1 0 0 21
1 0 0 21
1 0 0 21
1 0 0 21
1 0 0 21
1 0 0 22
1 0 0 22
1 0 0 22
1 0 0 22
1 0 0 22
1 0 0 22
1 0 0 22
1 0 0 22
1 0 0 22
1 0 0 22
1 0 0 21
1 0 0 21
1 0 0 23
1 0 0 23
1 0 0 23
1 0 0 23
1 0 0 23
1 0 0 23
1 0 0 23
1 0 0 23
1 0 0 23
1 0 0 23
1 0 0 11
1 0 0 24
1 0 0 24
1 0 0 24
1 0 0 24
1 0 0 24
1 0 0 24
1 0 0 24
1 0 0 24
1 0 0 24
1 0 0 24
1 0 0 25
1 0 0 26
1 0 0 26
1 0 0 26
1 0 0 26
1 0 0 26
1 0 0 27
1 0 0 27
1 0 0 27
1 0 0 27
1 0 0 27
1 0 0 27
1 0 0 27
1 0 0 27
1 0 0 27
1 0 0 27
1 0 0 26
1 0 0 26
1 0 0 26
1 0 0 26
1 0 0 28
1 0 0 28
1 0 0 28
1 0 0 28
1 0 0 28
1 0 0 28
1 0 0 28
1 0 0 28
1 0 0 28
1 0 0 28
1 0 0 26
1 0 0 29
1 0 0 29
1 0 0 29
1 0 0 29
1 0 0 29
1 0 0 29
1 0 0 29
1 0 0 29
1 0 0 29
1 0 0 29
1 0 0 30
1 0 0 30
1 0 0 30
1 0 0 30
1 0 0 31
1 0 0 30
1 0 0 30
1 0 0 30
1 0 0 30
1 0 0 30
1 0 0 32
1 0 0 32
1 0 0 32
1 0 0 32
1 0 0 32
1 0 0 32
1 0 0 32
1 0 0 32
1 0 0 32
1 0 0 30
1 0 0 31
1 0 0 31
1 0 0 33
1 0 0 34
1 0 0 34
1 0 0 34
1 0 0 34
1 0 0 34
1 0 0 1
1 0 0 1
1 0 0 1
1 0 0 33
1 0 0 33
1 0 0 33
1 0 0 33
1 0 0 33
1 0 0 33
1 0 0 33
1 0 0 33
1 0 0 33
1 0 0 31
1 0 0 31
1 0 0 31
1 0 0 31
1 0 0 25
1 0 0 25
1 0 0 31
1 0 0 31
1 0 0 31
1 0 0 35
1 0 0 35
1 0 0 35
1 0 0 35
1 0 0 35
1 0 0 36
1 0 0 36
1 0 0 36
1 0 0 36
1 0 0 35
1 0 0 35
1 0 0 35
1 0 0 36
1 0 0 36
1 0 0 36
1 0 0 35
1 0 0 35
1 0 0 36
1 0 0 36
1 0 0 36
1 0 0 1
1 0 0 1
1 0 0 1
1 0 0 1
1 0 0 32
1 0 0 34
1 0 0 34
1 0 0 34
1 0 0 25
1 0 0 25
1 0 0 25
1 0 0 25
1 0 0 37
1 0 0 37
1 0 0 37
1 0 0 37
1 0 0 37
1 0 0 37
1 0 0 37
1 0 0 37
1 0 0 37
1 0 0 37
1 0 0 38
1 0 0 38
1 0 0 38
1 0 0 38
1 0 0 38
1 0 0 38
1 0 0 38
1 0 0 38
1 0 0 38
1 0 0 38
1 0 0 34
1 0 0 34
1 0 0 25
1 0 0 25
1 0 0 25
1 0 0 11
0.1 2 3 -1
0.1 1 381 -1
0.1 4 5 -1
0.1 6 7 -1
0.1 8 9 -1
0.1 384 385 -1
0.1 13 14 -1
0.1 12 387 -1
0.1 11 388 -1
0.1 10 389 -1
0.1 390 15 -1
0.1 386 391 -1
0.1 392 16 -1
0.1 393 17 -1
0.1 383 394 -1
0.1 382 395 -1
0.1 21 22 -1
0.1 20 397 -1
0.1 19 398 -1
0.1 24 25 -1
0.1 23 400 -1
0.1 26 27 -1
0.1 28 29 -1
0.1 31 32 -1
0.1 30 404 -1
0.1 405 33 -1
0.1 403 406 -1
0.1 402 407 -1
0.1 401 408 -1
0.1 36 37 -1
0.1 39 40 -1
0.1 38 411 -1
0.1 410 412 -1
0.1 35 413 -1
0.1 34 414 -1
0.1 415 41 -1
0.1 416 42 -1
0.1 409 417 -1
0.1 44 45 -1
0.1 43 419 -1
0.1 51 52 -1
0.1 50 421 -1
0.1 49 422 -1
0.1 48 423 -1
0.1 47 424 -1
0.1 54 55 -1
0.1 53 426 -1
0.1 425 427 -1
0.1 46 428 -1
0.1 420 429 -1
0.1 56 57 -1
0.1 59 60 -1
0.1 62 63 -1
0.1 61 433 -1
0.1 64 65 -1
0.1 435 66 -1
0.1 434 436 -1
0.1 432 437 -1
0.1 58 438 -1
0.1 439 67 -1
0.1 431 440 -1
0.1 430 441 -1
0.1 418 442 -1
0.1 443 68 -1
0.1 69 70 -1
0.1 445 71 -1
0.1 446 72 -1
0.1 75 76 -1
0.1 77 78 -1
0.1 448 449 -1
0.1 74 450 -1
0.1 73 451 -1
0.1 447 452 -1
0.1 453 79 -1
0.1 80 81 -1
0.1 455 82 -1
0.1 454 456 -1
0.1 444 457 -1
0.1 458 83 -1
0.1 399 459 -1
0.1 18 460 -1
0.1 396 461 -1
0.1 84 85 -1
0.1 87 88 -1
0.1 86 464 -1
0.1 89 90 -1
0.1 91 92 -1
0.1 467 93 -1
0.1 466 468 -1
0.1 465 469 -1
0.1 463 470 -1
0.1 94 95 -1
0.1 96 97 -1
0.1 98 99 -1
0.1 474 100 -1
0.1 101 102 -1
0.1 104 105 -1
0.1 103 477 -1
0.1 476 478 -1
0.1 106 107 -1
0.1 480 108 -1
0.1 109 110 -1
0.1 111 112 -1
0.1 482 483 -1
0.1 484 113 -1
0.1 481 485 -1
0.1 115 116 -1
0.1 119 120 -1
0.1 118 488 -1
0.1 121 122 -1
0.1 123 124 -1
0.1 490 491 -1
0.1 489 492 -1
0.1 117 493 -1
0.1 487 494 -1
0.1 114 495 -1
0.1 496 125 -1
0.1 126 127 -1
0.1 128 129 -1
0.1 498 499 -1
0.1 131 132 -1
0.1 130 501 -1
0.1 133 134 -1
0.1 503 135 -1
0.1 502 504 -1
0.1 500 505 -1
0.1 136 137 -1
0.1 506 507 -1
0.1 138 139 -1
0.1 509 140 -1
0.1 508 510 -1
0.1 145 146 -1
0.1 144 512 -1
0.1 143 513 -1
0.1 148 149 -1
0.1 147 515 -1
0.1 150 151 -1
0.1 516 517 -1
0.1 514 518 -1
0.1 142 519 -1
0.1 141 520 -1
0.1 511 521 -1
0.1 497 522 -1
0.1 153 154 -1
0.1 159 160 -1
0.1 158 525 -1
0.1 157 526 -1
0.1 156 527 -1
0.1 163 164 -1
0.1 529 165 -1
0.1 162 530 -1
0.1 161 531 -1
0.1 528 532 -1
0.1 155 533 -1
0.1 524 534 -1
0.1 166 167 -1
0.1 536 168 -1
0.1 170 171 -1
0.1 169 538 -1
0.1 172 173 -1
0.1 174 175 -1
0.1 540 541 -1
0.1 539 542 -1
0.1 537 543 -1
0.1 176 177 -1
0.1 179 180 -1
0.1 178 546 -1
0.1 182 183 -1
0.1 181 548 -1
0.1 547 549 -1
0.1 550 184 -1
0.1 551 185 -1
0.1 545 552 -1
0.1 544 553 -1
0.1 186 187 -1
0.1 189 190 -1
0.1 556 191 -1
0.1 188 557 -1
0.1 193 194 -1
0.1 559 195 -1
0.1 196 197 -1
0.1 198 199 -1
0.1 561 562 -1
0.1 200 201 -1
0.1 202 203 -1
0.1 565 204 -1
0.1 564 566 -1
0.1 567 205 -1
0.1 206 207 -1
0.1 568 569 -1
0.1 208 209 -1
0.1 570 571 -1
0.1 572 210 -1
0.1 563 573 -1
0.1 574 211 -1
0.1 560 575 -1
0.1 192 576 -1
0.1 558 577 -1
0.1 555 578 -1
0.1 554 579 -1
0.1 535 580 -1
0.1 152 581 -1
0.1 523 582 -1
0.1 486 583 -1
0.1 479 584 -1
0.1 475 585 -1
0.1 212 213 -1
0.1 214 215 -1
0.1 588 216 -1
0.1 587 589 -1
0.1 590 217 -1
0.1 220 221 -1
0.1 219 592 -1
0.1 218 593 -1
0.1 591 594 -1
0.1 586 595 -1
0.1 473 596 -1
0.1 472 597 -1
0.1 225 226 -1
0.1 224 599 -1
0.1 223 600 -1
0.1 601 227 -1
0.1 228 229 -1
0.1 231 232 -1
0.1 230 604 -1
0.1 603 605 -1
0.1 602 606 -1
0.1 222 607 -1
0.1 598 608 -1
0.1 471 609 -1
0.1 462 610 -1
0.1 236 237 -1
0.1 235 612 -1
0.1 613 238 -1
0.1 239 240 -1
0.1 242 243 -1
0.1 241 616 -1
0.1 246 247 -1
0.1 245 618 -1
0.1 244 619 -1
0.1 617 620 -1
0.1 621 248 -1
0.1 615 622 -1
0.1 614 623 -1
0.1 249 250 -1
0.1 624 625 -1
0.1 234 626 -1
0.1 251 252 -1
0.1 256 257 -1
0.1 259 260 -1
0.1 258 630 -1
0.1 629 631 -1
0.1 632 261 -1
0.1 633 262 -1
0.1 255 634 -1
0.1 254 635 -1
0.1 253 636 -1
0.1 628 637 -1
0.1 627 638 -1
0.1 639 263 -1
0.1 233 640 -1
0.1 266 267 -1
0.1 265 642 -1
0.1 269 270 -1
0.1 271 272 -1
0.1 645 273 -1
0.1 644 646 -1
0.1 268 647 -1
0.1 643 648 -1
0.1 264 649 -1
0.1 641 650 -1
0.1 276 277 -1
0.1 275 652 -1
0.1 274 653 -1
0.1 279 280 -1
0.1 282 283 -1
0.1 281 656 -1
0.1 284 285 -1
0.1 286 287 -1
0.1 658 659 -1
0.1 288 289 -1
0.1 660 661 -1
0.1 290 291 -1
0.1 662 663 -1
0.1 664 292 -1
0.1 665 293 -1
0.1 657 666 -1
0.1 655 667 -1
0.1 278 668 -1
0.1 654 669 -1
0.1 670 294 -1
0.1 671 295 -1
0.1 651 672 -1
0.1 299 300 -1
0.1 674 301 -1
0.1 298 675 -1
0.1 297 676 -1
0.1 296 677 -1
0.1 302 303 -1
0.1 679 304 -1
0.1 678 680 -1
0.1 673 681 -1
0.1 305 306 -1
0.1 308 309 -1
0.1 310 311 -1
0.1 684 685 -1
0.1 307 686 -1
0.1 683 687 -1
0.1 312 313 -1
0.1 688 689 -1
0.1 690 314 -1
0.1 691 315 -1
0.1 692 316 -1
0.1 693 317 -1
0.1 318 319 -1
0.1 695 320 -1
0.1 696 321 -1
0.1 697 322 -1
0.1 694 698 -1
0.1 323 324 -1
0.1 326 327 -1
0.1 325 701 -1
0.1 700 702 -1
0.1 328 329 -1
0.1 330 331 -1
0.1 704 705 -1
0.1 333 334 -1
0.1 332 707 -1
0.1 335 336 -1
0.1 709 337 -1
0.1 338 339 -1
0.1 340 341 -1
0.1 712 342 -1
0.1 711 713 -1
0.1 710 714 -1
0.1 708 715 -1
0.1 706 716 -1
0.1 703 717 -1
0.1 343 344 -1
0.1 345 346 -1
0.1 719 720 -1
0.1 721 347 -1
0.1 348 349 -1
0.1 723 350 -1
0.1 722 724 -1
0.1 353 354 -1
0.1 352 726 -1
0.1 351 727 -1
0.1 725 728 -1
0.1 718 729 -1
0.1 699 730 -1
0.1 682 731 -1
0.1 357 358 -1
0.1 356 733 -1
0.1 355 734 -1
0.1 360 361 -1
0.1 363 364 -1
0.1 362 737 -1
0.1 736 738 -1
0.1 359 739 -1
0.1 735 740 -1
0.1 365 366 -1
0.1 367 368 -1
0.1 371 372 -1
0.1 370 744 -1
0.1 369 745 -1
0.1 373 374 -1
0.1 746 747 -1
0.1 743 748 -1
0.1 742 749 -1
0.1 741 750 -1
0.1 375 376 -1
0.1 378 379 -1
0.1 377 753 -1
0.1 752 754 -1
0.1 755 380 -1
0.1 751 756 -1
0.1 732 757 -1
0.1 611 758 -1
