1 0 0 1
1 0 0 1
1 0 0 2
1 0 0 2
1 0 0 2
1 0 0 2
1 0 0 2
1 0 0 2
1 0 0 3
1 0 0 3
1 0 0 3
1 0 0 4
1 0 0 4
1 0 0 4
1 0 0 4
1 0 0 4
1 0 0 4
1 0 0 4
1 0 0 4
1 0 0 4
1 0 0 4
1 0 0 5
1 0 0 5
1 0 0 5
1 0 0 5
1 0 0 3
1 0 0 3
1 0 0 3
1 0 0 3
1 0 0 3
1 0 0 3
1 0 0 6
1 0 0 6
1 0 0 6
1 0 0 6
1 0 0 6
1 0 0 6
1 0 0 6
1 0 0 6
1 0 0 6
1 0 0 6
1 0 0 5
1 0 0 5
1 0 0 5
1 0 0 5
1 0 0 5
1 0 0 5
1 0 0 3
1 0 0 7
1 0 0 7
1 0 0 7
1 0 0 7
1 0 0 2
1 0 0 2
1 0 0 2
1 0 0 2
1 0 0 8
1 0 0 8
1 0 0 8
1 0 0 8
1 0 0 8
1 0 0 8
1 0 0 8
1 0 0 8
1 0 0 8
1 0 0 8
1 0 0 7
1 0 0 7
1 0 0 7
1 0 0 7
1 0 0 7
1 0 0 7
1 0 0 9
1 0 0 10
1 0 0 10
1 0 0 10
1 0 0 10
1 0 0 10
1 0 0 10
1 0 0 10
1 0 0 1
1 0 0 10
1 0 0 10
1 0 0 10
1 0 0 11
1 0 0 11
1 0 0 11
1 0 0 11
1 0 0 11
1 0 0 12
1 0 0 12
1 0 0 12
1 0 0 12
1 0 0 11
1 0 0 11
1 0 0 11
1 0 0 13
1 0 0 13
1 0 0 13
1 0 0 13
1 0 0 13
1 0 0 13
1 0 0 13
1 0 0 13
1 0 0 13
1 0 0 13
1 0 0 14
1 0 0 14
1 0 0 14
1 0 0 12
1 0 0 12
1 0 0 12
1 0 0 12
1 0 0 12
1 0 0 12
1 0 0 11
1 0 0 11
1 0 0 9
1 0 0 9
1 0 0 14
1 0 0 14
1 0 0 14
1 0 0 14
1 0 0 14
1 0 0 14
1 0 0 15
1 0 0 15
1 0 0 15
1 0 0 15
1 0 0 15
1 0 0 15
1 0 0 15
1 0 0 15
1 0 0 15
1 0 0 15
1 0 0 14
1 0 0 9
1 0 0 9
1 0 0 9
1 0 0 9
1 0 0 9
1 0 0 9
1 0 0 9
1 0 0 1
1 0 0 16
1 0 0 16
1 0 0 16
1 0 0 16
1 0 0 16
1 0 0 16
1 0 0 16
1 0 0 16
1 0 0 16
1 0 0 16
1 0 0 1
1 0 0 17
1 0 0 17
1 0 0 17
1 0 0 17
1 0 0 1
1 0 0 17
1 0 0 17
1 0 0 17
1 0 0 17
1 0 0 17
1 0 0 1
1 0 0 1
1 0 0 1
1 0 0 1
1 0 0 18
1 0 0 19
1 0 0 19
1 0 0 19
1 0 0 19
1 0 0 19
1 0 0 19
1 0 0 19
1 0 0 19
1 0 0 20
1 0 0 20
1 0 0 20
1 0 0 20
1 0 0 20
1 0 0 20
1 0 0 20
1 0 0 20
1 0 0 20
1 0 0 20
1 0 0 21
1 0 0 21
1 0 0 21
1 0 0 21
1 0 0 21
1 0 0 21
1 0 0 21
1 0 0 21
1 0 0 21
1 0 0 21
1 0 0 18
1 0 0 22
1 0 0 22
1 0 0 22
1 0 0 23
1 0 0 23
1 0 0 23
1 0 0 23
1 0 0 23
1 0 0 23
1 0 0 23
1 0 0 18
1 0 0 18
1 0 0 24
1 0 0 25
1 0 0 25
1 0 0 25
1 0 0 25
1 0 0 26
1 0 0 26
1 0 0 26
1 0 0 26
1 0 0 26
1 0 0 26
1 0 0 26
1 0 0 26
1 0 0 26
1 0 0 26
1 0 0 25
1 0 0 25
1 0 0 25
1 0 0 25
1 0 0 25
1 0 0 25
1 0 0 24
1 0 0 24
1 0 0 24
1 0 0 24
1 0 0 24
1 0 0 24
1 0 0 24
1 0 0 24
1 0 0 24
1 0 0 18
1 0 0 18
1 0 0 18
1 0 0 18
1 0 0 27
1 0 0 28
1 0 0 28
1 0 0 28
1 0 0 28
1 0 0 28
1 0 0 28
1 0 0 28
1 0 0 28
1 0 0 28
1 0 0 28
1 0 0 22
1 0 0 22
1 0 0 22
1 0 0 22
1 0 0 22
1 0 0 22
1 0 0 22
1 0 0 19
1 0 0 19
1 0 0 29
1 0 0 30
1 0 0 30
1 0 0 30
1 0 0 30
1 0 0 30
1 0 0 30
1 0 0 30
1 0 0 30
1 0 0 30
1 0 0 30
1 0 0 31
1 0 0 31
1 0 0 29
1 0 0 31
1 0 0 31
1 0 0 31
1 0 0 31
1 0 0 31
1 0 0 29
1 0 0 31
1 0 0 32
1 0 0 32
1 0 0 32
1 0 0 32
1 0 0 32
1 0 0 32
1 0 0 32
1 0 0 32
1 0 0 32
1 0 0 32
1 0 0 29
1 0 0 29
1 0 0 29
1 0 0 29
1 0 0 29
1 0 0 29
1 0 0 29
1 0 0 31
1 0 0 31
1 0 0 23
1 0 0 23
1 0 0 23
1 0 0 27
1 0 0 27
1 0 0 27
1 0 0 27
1 0 0 27
1 0 0 27
1 0 0 27
1 0 0 27
1 0 0 27
1 0 0 18
1 0 0 33
1 0 0 33
1 0 0 33
1 0 0 33
1 0 0 33
1 0 0 33
1 0 0 33
1 0 0 34
1 0 0 34
1 0 0 34
1 0 0 34
1 0 0 34
1 0 0 17
1 0 0 34
1 0 0 34
1 0 0 34
1 0 0 34
1 0 0 34
1 0 0 35
1 0 0 35
1 0 0 36
1 0 0 35
1 0 0 35
1 0 0 36
1 0 0 35
1 0 0 36
1 0 0 36
1 0 0 36
1 0 0 36
1 0 0 37
1 0 0 37
1 0 0 37
1 0 0 37
1 0 0 37
1 0 0 37
1 0 0 37
1 0 0 37
1 0 0 37
1 0 0 37
1 0 0 36
1 0 0 36
1 0 0 36
1 0 0 36
1 0 0 18
1 0 0 33
1 0 0 35
1 0 0 33
1 0 0 33
1 0 0 38
1 0 0 38
1 0 0 38
1 0 0 38
1 0 0 38
1 0 0 38
1 0 0 38
1 0 0 38
1 0 0 38
1 0 0 39
1 0 0 39
1 0 0 39
1 0 0 39
1 0 0 39
1 0 0 39
1 0 0 39
1 0 0 39
1 0 0 39
1 0 0 39
1 0 0 40
1 0 0 40
1 0 0 40
1 0 0 41
1 0 0 41
1 0 0 41
1 0 0 41
1 0 0 41
1 0 0 41
1 0 0 41
1 0 0 41
1 0 0 40
1 0 0 40
1 0 0 40
1 0 0 40
1 0 0 40
1 0 0 40
1 0 0 41
1 0 0 41
1 0 0 40
1 0 0 42
1 0 0 42
1 0 0 42
1 0 0 42
1 0 0 42
1 0 0 42
1 0 0 42
1 0 0 42
1 0 0 42
1 0 0 42
1 0 0 38
1 0 0 43
1 0 0 43
1 0 0 43
1 0 0 43
1 0 0 43
1 0 0 43
1 0 0 44
1 0 0 43
1 0 0 43
1 0 0 45
1 0 0 45
1 0 0 45
1 0 0 45
1 0 0 45
1 0 0 45
1 0 0 45
1 0 0 45
1 0 0 45
1 0 0 45
1 0 0 43
1 0 0 43
1 0 0 46
1 0 0 46
1 0 0 46
1 0 0 46
1 0 0 46
1 0 0 46
1 0 0 46
1 0 0 46
1 0 0 46
1 0 0 46
1 0 0 35
1 0 0 35
1 0 0 47
1 0 0 47
1 0 0 47
1 0 0 47
1 0 0 47
1 0 0 47
1 0 0 47
1 0 0 47
1 0 0 48
1 0 0 48
1 0 0 48
1 0 0 48
1 0 0 48
1 0 0 48
1 0 0 48
1 0 0 48
1 0 0 48
1 0 0 48
1 0 0 47
1 0 0 47
1 0 0 49
1 0 0 49
1 0 0 49
1 0 0 49
1 0 0 50
1 0 0 50
1 0 0 50
1 0 0 50
1 0 0 50
1 0 0 50
1 0 0 49
1 0 0 49
1 0 0 50
1 0 0 50
1 0 0 50
1 0 0 51
1 0 0 51
1 0 0 51
1 0 0 51
1 0 0 51
1 0 0 51
1 0 0 51
1 0 0 51
1 0 0 51
1 0 0 51
1 0 0 50
1 0 0 49
1 0 0 35
1 0 0 49
1 0 0 49
1 0 0 49
1 0 0 35
1 0 0 52
1 0 0 52
1 0 0 52
1 0 0 52
1 0 0 52
1 0 0 52
1 0 0 52
1 0 0 52
1 0 0 52
1 0 0 52
1 0 0 53
1 0 0 53
1 0 0 53
1 0 0 53
1 0 0 53
1 0 0 53
1 0 0 53
1 0 0 53
1 0 0 53
1 0 0 53
1 0 0 54
1 0 0 54
1 0 0 55
1 0 0 55
1 0 0 55
1 0 0 55
1 0 0 55
1 0 0 55
1 0 0 44
1 0 0 44
1 0 0 55
1 0 0 55
1 0 0 55
1 0 0 55
1 0 0 44
1 0 0 44
1 0 0 44
1 0 0 44
1 0 0 44
1 0 0 54
1 0 0 54
1 0 0 54
1 0 0 54
1 0 0 54
1 0 0 54
1 0 0 54
1 0 0 56
1 0 0 56
1 0 0 56
1 0 0 56
1 0 0 56
1 0 0 56
1 0 0 56
1 0 0 56
1 0 0 56
1 0 0 56
1 0 0 44
1 0 0 57
1 0 0 57
1 0 0 57
1 0 0 57
1 0 0 57
1 0 0 57
1 0 0 57
1 0 0 57
1 0 0 57
1 0 0 57
1 0 0 54
1 0 0 44
0.1 2 3 -1
0.1 4 5 -1
0.1 7 8 -1
0.1 6 573 -1
0.1 572 574 -1
0.1 571 575 -1
0.1 14 15 -1
0.1 13 577 -1
0.1 578 16 -1
0.1 12 579 -1
0.1 17 18 -1
0.1 580 581 -1
0.1 20 21 -1
0.1 19 583 -1
0.1 23 24 -1
0.1 22 585 -1
0.1 586 25 -1
0.1 587 26 -1
0.1 28 29 -1
0.1 27 589 -1
0.1 34 35 -1
0.1 591 36 -1
0.1 38 39 -1
0.1 593 40 -1
0.1 37 594 -1
0.1 592 595 -1
0.1 596 41 -1
0.1 33 597 -1
0.1 32 598 -1
0.1 599 42 -1
0.1 45 46 -1
0.1 44 601 -1
0.1 602 47 -1
0.1 43 603 -1
0.1 600 604 -1
0.1 31 605 -1
0.1 30 606 -1
0.1 590 607 -1
0.1 588 608 -1
0.1 584 609 -1
0.1 582 610 -1
0.1 611 48 -1
0.1 11 612 -1
0.1 10 613 -1
0.1 9 614 -1
0.1 576 615 -1
0.1 51 52 -1
0.1 50 617 -1
0.1 49 618 -1
0.1 53 54 -1
0.1 55 56 -1
0.1 620 621 -1
0.1 58 59 -1
0.1 57 623 -1
0.1 624 60 -1
0.1 62 63 -1
0.1 626 64 -1
0.1 65 66 -1
0.1 627 628 -1
0.1 61 629 -1
0.1 625 630 -1
0.1 67 68 -1
0.1 631 632 -1
0.1 69 70 -1
0.1 633 634 -1
0.1 71 72 -1
0.1 635 636 -1
0.1 622 637 -1
0.1 619 638 -1
0.1 616 639 -1
0.1 75 76 -1
0.1 79 80 -1
0.1 78 642 -1
0.1 77 643 -1
0.1 641 644 -1
0.1 81 82 -1
0.1 83 84 -1
0.1 646 647 -1
0.1 645 648 -1
0.1 86 87 -1
0.1 88 89 -1
0.1 650 651 -1
0.1 85 652 -1
0.1 92 93 -1
0.1 91 654 -1
0.1 90 655 -1
0.1 94 95 -1
0.1 656 657 -1
0.1 99 100 -1
0.1 101 102 -1
0.1 659 660 -1
0.1 98 661 -1
0.1 662 103 -1
0.1 663 104 -1
0.1 664 105 -1
0.1 665 106 -1
0.1 97 666 -1
0.1 108 109 -1
0.1 107 668 -1
0.1 667 669 -1
0.1 110 111 -1
0.1 113 114 -1
0.1 112 672 -1
0.1 673 115 -1
0.1 671 674 -1
0.1 670 675 -1
0.1 676 116 -1
0.1 96 677 -1
0.1 658 678 -1
0.1 653 679 -1
0.1 680 117 -1
0.1 649 681 -1
0.1 74 682 -1
0.1 118 119 -1
0.1 120 121 -1
0.1 122 123 -1
0.1 124 125 -1
0.1 686 687 -1
0.1 127 128 -1
0.1 126 689 -1
0.1 130 131 -1
0.1 129 691 -1
0.1 692 132 -1
0.1 690 693 -1
0.1 134 135 -1
0.1 133 695 -1
0.1 694 696 -1
0.1 697 136 -1
0.1 688 698 -1
0.1 685 699 -1
0.1 684 700 -1
0.1 683 701 -1
0.1 138 139 -1
0.1 141 142 -1
0.1 140 704 -1
0.1 703 705 -1
0.1 137 706 -1
0.1 707 143 -1
0.1 702 708 -1
0.1 73 709 -1
0.1 146 147 -1
0.1 152 153 -1
0.1 151 712 -1
0.1 713 154 -1
0.1 150 714 -1
0.1 149 715 -1
0.1 148 716 -1
0.1 711 717 -1
0.1 145 718 -1
0.1 719 155 -1
0.1 144 720 -1
0.1 710 721 -1
0.1 158 159 -1
0.1 160 161 -1
0.1 723 724 -1
0.1 725 162 -1
0.1 163 164 -1
0.1 727 165 -1
0.1 726 728 -1
0.1 157 729 -1
0.1 156 730 -1
0.1 722 731 -1
0.1 640 732 -1
0.1 167 168 -1
0.1 734 169 -1
0.1 166 735 -1
0.1 733 736 -1
0.1 1 737 -1
0.1 171 172 -1
0.1 175 176 -1
0.1 177 178 -1
0.1 740 741 -1
0.1 174 742 -1
0.1 173 743 -1
0.1 739 744 -1
0.1 180 181 -1
0.1 183 184 -1
0.1 185 186 -1
0.1 747 748 -1
0.1 182 749 -1
0.1 187 188 -1
0.1 750 751 -1
0.1 746 752 -1
0.1 179 753 -1
0.1 189 190 -1
0.1 191 192 -1
0.1 756 193 -1
0.1 195 196 -1
0.1 194 758 -1
0.1 757 759 -1
0.1 760 197 -1
0.1 761 198 -1
0.1 755 762 -1
0.1 754 763 -1
0.1 745 764 -1
0.1 170 765 -1
0.1 766 199 -1
0.1 201 202 -1
0.1 200 768 -1
0.1 204 205 -1
0.1 203 770 -1
0.1 207 208 -1
0.1 206 772 -1
0.1 771 773 -1
0.1 774 209 -1
0.1 213 214 -1
0.1 222 223 -1
0.1 221 777 -1
0.1 220 778 -1
0.1 219 779 -1
0.1 224 225 -1
0.1 780 781 -1
0.1 782 226 -1
0.1 218 783 -1
0.1 217 784 -1
0.1 216 785 -1
0.1 228 229 -1
0.1 787 230 -1
0.1 227 788 -1
0.1 786 789 -1
0.1 790 231 -1
0.1 215 791 -1
0.1 792 232 -1
0.1 776 793 -1
0.1 794 233 -1
0.1 234 235 -1
0.1 236 237 -1
0.1 796 797 -1
0.1 238 239 -1
0.1 798 799 -1
0.1 240 241 -1
0.1 800 801 -1
0.1 795 802 -1
0.1 212 803 -1
0.1 804 242 -1
0.1 805 243 -1
0.1 211 806 -1
0.1 210 807 -1
0.1 775 808 -1
0.1 769 809 -1
0.1 248 249 -1
0.1 250 251 -1
0.1 811 812 -1
0.1 254 255 -1
0.1 253 814 -1
0.1 815 256 -1
0.1 252 816 -1
0.1 813 817 -1
0.1 247 818 -1
0.1 246 819 -1
0.1 245 820 -1
0.1 244 821 -1
0.1 258 259 -1
0.1 257 823 -1
0.1 824 260 -1
0.1 262 263 -1
0.1 261 826 -1
0.1 825 827 -1
0.1 822 828 -1
0.1 264 265 -1
0.1 830 266 -1
0.1 267 268 -1
0.1 269 270 -1
0.1 832 833 -1
0.1 271 272 -1
0.1 834 835 -1
0.1 274 275 -1
0.1 273 837 -1
0.1 836 838 -1
0.1 839 276 -1
0.1 831 840 -1
0.1 279 280 -1
0.1 278 842 -1
0.1 281 282 -1
0.1 843 844 -1
0.1 277 845 -1
0.1 283 284 -1
0.1 846 847 -1
0.1 285 286 -1
0.1 848 849 -1
0.1 288 289 -1
0.1 287 851 -1
0.1 291 292 -1
0.1 293 294 -1
0.1 853 854 -1
0.1 290 855 -1
0.1 856 295 -1
0.1 857 296 -1
0.1 852 858 -1
0.1 299 300 -1
0.1 298 860 -1
0.1 861 301 -1
0.1 297 862 -1
0.1 863 302 -1
0.1 859 864 -1
0.1 850 865 -1
0.1 303 304 -1
0.1 866 867 -1
0.1 868 305 -1
0.1 841 869 -1
0.1 829 870 -1
0.1 810 871 -1
0.1 307 308 -1
0.1 306 873 -1
0.1 309 310 -1
0.1 875 311 -1
0.1 312 313 -1
0.1 315 316 -1
0.1 878 317 -1
0.1 314 879 -1
0.1 877 880 -1
0.1 876 881 -1
0.1 874 882 -1
0.1 872 883 -1
0.1 884 318 -1
0.1 767 885 -1
0.1 324 325 -1
0.1 323 887 -1
0.1 326 327 -1
0.1 889 328 -1
0.1 890 329 -1
0.1 333 334 -1
0.1 332 892 -1
0.1 335 336 -1
0.1 893 894 -1
0.1 331 895 -1
0.1 330 896 -1
0.1 891 897 -1
0.1 337 338 -1
0.1 340 341 -1
0.1 900 342 -1
0.1 339 901 -1
0.1 345 346 -1
0.1 903 347 -1
0.1 348 349 -1
0.1 905 350 -1
0.1 906 351 -1
0.1 353 354 -1
0.1 352 908 -1
0.1 355 356 -1
0.1 910 357 -1
0.1 909 911 -1
0.1 907 912 -1
0.1 904 913 -1
0.1 358 359 -1
0.1 915 360 -1
0.1 916 361 -1
0.1 914 917 -1
0.1 344 918 -1
0.1 343 919 -1
0.1 902 920 -1
0.1 899 921 -1
0.1 898 922 -1
0.1 362 363 -1
0.1 924 364 -1
0.1 923 925 -1
0.1 888 926 -1
0.1 927 365 -1
0.1 322 928 -1
0.1 321 929 -1
0.1 930 366 -1
0.1 320 931 -1
0.1 319 932 -1
0.1 886 933 -1
0.1 369 370 -1
0.1 935 371 -1
0.1 368 936 -1
0.1 379 380 -1
0.1 378 938 -1
0.1 383 384 -1
0.1 382 940 -1
0.1 381 941 -1
0.1 939 942 -1
0.1 377 943 -1
0.1 944 385 -1
0.1 376 945 -1
0.1 375 946 -1
0.1 374 947 -1
0.1 373 948 -1
0.1 372 949 -1
0.1 386 387 -1
0.1 390 391 -1
0.1 392 393 -1
0.1 394 395 -1
0.1 953 954 -1
0.1 398 399 -1
0.1 956 400 -1
0.1 397 957 -1
0.1 958 401 -1
0.1 959 402 -1
0.1 396 960 -1
0.1 955 961 -1
0.1 962 403 -1
0.1 952 963 -1
0.1 964 404 -1
0.1 389 965 -1
0.1 966 405 -1
0.1 388 967 -1
0.1 407 408 -1
0.1 406 969 -1
0.1 968 970 -1
0.1 951 971 -1
0.1 409 410 -1
0.1 412 413 -1
0.1 411 974 -1
0.1 414 415 -1
0.1 975 976 -1
0.1 973 977 -1
0.1 972 978 -1
0.1 950 979 -1
0.1 937 980 -1
0.1 981 416 -1
0.1 367 982 -1
0.1 418 419 -1
0.1 420 421 -1
0.1 984 985 -1
0.1 986 422 -1
0.1 417 987 -1
0.1 424 425 -1
0.1 427 428 -1
0.1 990 429 -1
0.1 431 432 -1
0.1 430 992 -1
0.1 991 993 -1
0.1 994 433 -1
0.1 426 995 -1
0.1 996 434 -1
0.1 997 435 -1
0.1 989 998 -1
0.1 436 437 -1
0.1 999 1000 -1
0.1 423 1001 -1
0.1 988 1002 -1
0.1 438 439 -1
0.1 440 441 -1
0.1 444 445 -1
0.1 443 1006 -1
0.1 446 447 -1
0.1 1007 1008 -1
0.1 442 1009 -1
0.1 1005 1010 -1
0.1 1004 1011 -1
0.1 448 449 -1
0.1 450 451 -1
0.1 454 455 -1
0.1 456 457 -1
0.1 1015 1016 -1
0.1 459 460 -1
0.1 461 462 -1
0.1 463 464 -1
0.1 1020 465 -1
0.1 1019 1021 -1
0.1 1018 1022 -1
0.1 466 467 -1
0.1 1023 1024 -1
0.1 458 1025 -1
0.1 1017 1026 -1
0.1 1027 468 -1
0.1 1028 469 -1
0.1 453 1029 -1
0.1 452 1030 -1
0.1 1014 1031 -1
0.1 1013 1032 -1
0.1 470 471 -1
0.1 472 473 -1
0.1 476 477 -1
0.1 475 1036 -1
0.1 474 1037 -1
0.1 478 479 -1
0.1 480 481 -1
0.1 483 484 -1
0.1 486 487 -1
0.1 1042 488 -1
0.1 485 1043 -1
0.1 491 492 -1
0.1 490 1045 -1
0.1 489 1046 -1
0.1 1044 1047 -1
0.1 493 494 -1
0.1 1048 1049 -1
0.1 1050 495 -1
0.1 1041 1051 -1
0.1 482 1052 -1
0.1 1040 1053 -1
0.1 1039 1054 -1
0.1 1038 1055 -1
0.1 1035 1056 -1
0.1 1034 1057 -1
0.1 1058 496 -1
0.1 1059 497 -1
0.1 499 500 -1
0.1 498 1061 -1
0.1 1060 1062 -1
0.1 504 505 -1
0.1 503 1064 -1
0.1 502 1065 -1
0.1 507 508 -1
0.1 506 1067 -1
0.1 1068 509 -1
0.1 1066 1069 -1
0.1 1070 510 -1
0.1 1071 511 -1
0.1 501 1072 -1
0.1 514 515 -1
0.1 513 1074 -1
0.1 512 1075 -1
0.1 517 518 -1
0.1 1077 519 -1
0.1 520 521 -1
0.1 1078 1079 -1
0.1 516 1080 -1
0.1 1076 1081 -1
0.1 1073 1082 -1
0.1 1063 1083 -1
0.1 1033 1084 -1
0.1 525 526 -1
0.1 527 528 -1
0.1 1086 1087 -1
0.1 524 1088 -1
0.1 1089 529 -1
0.1 530 531 -1
0.1 533 534 -1
0.1 532 1092 -1
0.1 1093 535 -1
0.1 1091 1094 -1
0.1 1095 536 -1
0.1 1090 1096 -1
0.1 538 539 -1
0.1 537 1098 -1
0.1 1099 540 -1
0.1 1097 1100 -1
0.1 1101 541 -1
0.1 1102 542 -1
0.1 1103 543 -1
0.1 545 546 -1
0.1 1105 547 -1
0.1 551 552 -1
0.1 550 1107 -1
0.1 549 1108 -1
0.1 1109 553 -1
0.1 548 1110 -1
0.1 554 555 -1
0.1 556 557 -1
0.1 1112 1113 -1
0.1 1111 1114 -1
0.1 561 562 -1
0.1 563 564 -1
0.1 1117 565 -1
0.1 566 567 -1
0.1 1118 1119 -1
0.1 1116 1120 -1
0.1 560 1121 -1
0.1 1122 568 -1
0.1 559 1123 -1
0.1 558 1124 -1
0.1 1115 1125 -1
0.1 1106 1126 -1
0.1 1127 569 -1
0.1 544 1128 -1
0.1 1104 1129 -1
0.1 523 1130 -1
0.1 522 1131 -1
0.1 1132 570 -1
0.1 1085 1133 -1
0.1 1012 1134 -1
0.1 1003 1135 -1
0.1 983 1136 -1
0.1 934 1137 -1
0.1 738 1138 -1
