1 0 0 1
1 0 0 1
1 0 0 1
1 0 0 1
1 0 0 1
1 0 0 1
1 0 0 2
1 0 0 3
1 0 0 3
1 0 0 4
1 0 0 4
1 0 0 4
1 0 0 4
1 0 0 4
1 0 0 4
1 0 0 4
1 0 0 4
1 0 0 4
1 0 0 4
1 0 0 5
1 0 0 6
1 0 0 6
1 0 0 6
1 0 0 6
1 0 0 6
1 0 0 6
1 0 0 6
1 0 0 6
1 0 0 6
1 0 0 6
1 0 0 5
1 0 0 5
1 0 0 5
1 0 0 5
1 0 0 5
1 0 0 5
1 0 0 5
1 0 0 5
1 0 0 5
1 0 0 3
1 0 0 3
1 0 0 3
1 0 0 3
1 0 0 7
1 0 0 7
1 0 0 7
1 0 0 7
1 0 0 7
1 0 0 7
1 0 0 3
1 0 0 7
1 0 0 7
1 0 0 7
1 0 0 7
1 0 0 3
1 0 0 3
1 0 0 3
1 0 0 2
1 0 0 2
1 0 0 2
1 0 0 2
1 0 0 2
1 0 0 2
1 0 0 2
1 0 0 2
1 0 0 2
1 0 0 8
1 0 0 8
1 0 0 9
1 0 0 9
1 0 0 9
1 0 0 9
1 0 0 9
1 0 0 9
1 0 0 9
1 0 0 9
1 0 0 10
1 0 0 10
1 0 0 10
1 0 0 10
1 0 0 10
1 0 0 10
1 0 0 10
1 0 0 10
1 0 0 10
1 0 0 10
1 0 0 9
1 0 0 9
1 0 0 11
1 0 0 11
1 0 0 11
1 0 0 11
1 0 0 11
1 0 0 8
1 0 0 12
1 0 0 12
1 0 0 12
1 0 0 12
1 0 0 12
1 0 0 12
1 0 0 12
1 0 0 12
1 0 0 12
1 0 0 12
1 0 0 8
1 0 0 13
1 0 0 13
1 0 0 13
1 0 0 13
1 0 0 13
1 0 0 13
1 0 0 13
1 0 0 14
1 0 0 14
1 0 0 14
1 0 0 14
1 0 0 14
1 0 0 14
1 0 0 14
1 0 0 14
1 0 0 14
1 0 0 14
1 0 0 15
1 0 0 15
1 0 0 15
1 0 0 15
1 0 0 15
1 0 0 15
1 0 0 15
1 0 0 15
1 0 0 15
1 0 0 15
1 0 0 13
1 0 0 13
1 0 0 13
1 0 0 11
1 0 0 11
1 0 0 11
1 0 0 11
1 0 0 11
1 0 0 16
1 0 0 16
1 0 0 16
1 0 0 16
1 0 0 17
1 0 0 17
1 0 0 17
1 0 0 17
1 0 0 17
1 0 0 17
1 0 0 17
1 0 0 17
1 0 0 17
1 0 0 17
1 0 0 18
1 0 0 18
1 0 0 19
1 0 0 19
1 0 0 19
1 0 0 19
1 0 0 19
1 0 0 19
1 0 0 19
1 0 0 19
1 0 0 19
1 0 0 19
1 0 0 18
1 0 0 18
1 0 0 18
1 0 0 18
1 0 0 18
1 0 0 18
1 0 0 18
1 0 0 18
1 0 0 16
1 0 0 16
1 0 0 16
1 0 0 20
1 0 0 20
1 0 0 20
1 0 0 20
1 0 0 20
1 0 0 20
1 0 0 20
1 0 0 20
1 0 0 20
1 0 0 20
1 0 0 16
1 0 0 16
1 0 0 16
1 0 0 21
1 0 0 21
1 0 0 21
1 0 0 21
1 0 0 21
1 0 0 21
1 0 0 21
1 0 0 22
1 0 0 22
1 0 0 1
1 0 0 1
1 0 0 1
1 0 0 22
1 0 0 22
1 0 0 22
1 0 0 22
1 0 0 22
1 0 0 22
1 0 0 22
1 0 0 22
1 0 0 1
1 0 0 23
1 0 0 24
1 0 0 23
1 0 0 25
1 0 0 25
1 0 0 26
1 0 0 26
1 0 0 26
1 0 0 26
1 0 0 26
1 0 0 27
1 0 0 26
1 0 0 26
1 0 0 26
1 0 0 26
1 0 0 26
1 0 0 27
1 0 0 27
1 0 0 27
1 0 0 27
1 0 0 27
1 0 0 27
1 0 0 27
1 0 0 27
1 0 0 27
1 0 0 25
1 0 0 25
1 0 0 25
1 0 0 25
1 0 0 25
1 0 0 25
1 0 0 25
1 0 0 25
1 0 0 23
1 0 0 28
1 0 0 28
1 0 0 28
1 0 0 28
1 0 0 28
1 0 0 28
1 0 0 28
1 0 0 28
1 0 0 28
1 0 0 29
1 0 0 29
1 0 0 29
1 0 0 29
1 0 0 24
1 0 0 29
1 0 0 29
1 0 0 29
1 0 0 29
1 0 0 29
1 0 0 29
1 0 0 24
1 0 0 30
1 0 0 30
1 0 0 30
1 0 0 30
1 0 0 30
1 0 0 30
1 0 0 30
1 0 0 30
1 0 0 30
1 0 0 30
1 0 0 24
1 0 0 24
1 0 0 24
1 0 0 24
1 0 0 24
1 0 0 24
1 0 0 31
1 0 0 31
1 0 0 31
1 0 0 31
1 0 0 31
1 0 0 31
1 0 0 31
1 0 0 31
1 0 0 31
1 0 0 31
1 0 0 24
1 0 0 23
1 0 0 23
1 0 0 23
1 0 0 32
1 0 0 32
1 0 0 33
1 0 0 33
1 0 0 33
1 0 0 33
1 0 0 33
1 0 0 33
1 0 0 33
1 0 0 33
1 0 0 33
1 0 0 33
1 0 0 32
1 0 0 32
1 0 0 32
1 0 0 32
1 0 0 32
1 0 0 32
1 0 0 32
1 0 0 34
1 0 0 34
1 0 0 34
1 0 0 34
1 0 0 34
1 0 0 34
1 0 0 34
1 0 0 34
1 0 0 34
1 0 0 34
1 0 0 32
1 0 0 23
1 0 0 28
1 0 0 35
1 0 0 35
1 0 0 35
1 0 0 21
1 0 0 35
1 0 0 35
1 0 0 35
1 0 0 35
1 0 0 35
1 0 0 35
1 0 0 35
1 0 0 21
1 0 0 21
1 0 0 23
1 0 0 23
1 0 0 36
1 0 0 36
1 0 0 36
1 0 0 36
1 0 0 36
1 0 0 36
1 0 0 36
1 0 0 36
1 0 0 36
1 0 0 36
1 0 0 37
1 0 0 37
1 0 0 37
1 0 0 37
1 0 0 37
1 0 0 37
1 0 0 37
1 0 0 38
1 0 0 38
1 0 0 38
1 0 0 38
1 0 0 38
1 0 0 38
1 0 0 38
1 0 0 38
1 0 0 38
1 0 0 38
1 0 0 23
1 0 0 8
1 0 0 37
1 0 0 37
1 0 0 37
1 0 0 8
1 0 0 39
1 0 0 39
1 0 0 39
1 0 0 8
1 0 0 8
1 0 0 39
1 0 0 39
1 0 0 40
1 0 0 40
1 0 0 40
1 0 0 40
1 0 0 40
1 0 0 40
1 0 0 40
1 0 0 40
1 0 0 40
1 0 0 40
1 0 0 39
1 0 0 39
1 0 0 39
1 0 0 39
1 0 0 39
1 0 0 41
1 0 0 41
1 0 0 41
1 0 0 41
1 0 0 41
1 0 0 41
1 0 0 41
1 0 0 41
1 0 0 41
1 0 0 41
1 0 0 42
1 0 0 42
1 0 0 42
1 0 0 42
1 0 0 42
1 0 0 43
1 0 0 43
1 0 0 44
1 0 0 44
1 0 0 44
1 0 0 44
1 0 0 44
1 0 0 44
1 0 0 44
1 0 0 44
1 0 0 44
1 0 0 44
1 0 0 43
1 0 0 45
1 0 0 45
1 0 0 45
1 0 0 45
1 0 0 45
1 0 0 45
1 0 0 45
1 0 0 45
1 0 0 45
1 0 0 45
1 0 0 43
1 0 0 46
1 0 0 46
1 0 0 46
1 0 0 46
1 0 0 46
1 0 0 46
1 0 0 46
1 0 0 46
1 0 0 46
1 0 0 46
1 0 0 43
1 0 0 43
1 0 0 43
1 0 0 43
1 0 0 43
1 0 0 43
1 0 0 42
1 0 0 47
1 0 0 48
1 0 0 49
1 0 0 49
1 0 0 49
1 0 0 49
1 0 0 49
1 0 0 50
1 0 0 50
1 0 0 50
1 0 0 50
1 0 0 50
1 0 0 50
1 0 0 49
1 0 0 50
1 0 0 50
1 0 0 50
1 0 0 50
1 0 0 49
1 0 0 49
1 0 0 49
1 0 0 49
1 0 0 51
1 0 0 47
1 0 0 51
1 0 0 51
1 0 0 51
1 0 0 51
1 0 0 51
1 0 0 51
1 0 0 51
1 0 0 51
1 0 0 51
1 0 0 52
1 0 0 53
1 0 0 53
1 0 0 53
1 0 0 53
1 0 0 53
1 0 0 53
1 0 0 53
1 0 0 53
1 0 0 53
1 0 0 53
1 0 0 52
1 0 0 52
1 0 0 52
1 0 0 52
1 0 0 52
1 0 0 52
1 0 0 52
1 0 0 52
1 0 0 54
1 0 0 54
1 0 0 54
1 0 0 54
1 0 0 54
1 0 0 54
1 0 0 54
1 0 0 54
1 0 0 54
1 0 0 54
1 0 0 52
1 0 0 48
1 0 0 48
1 0 0 48
1 0 0 48
1 0 0 48
1 0 0 48
1 0 0 48
1 0 0 48
1 0 0 48
1 0 0 47
1 0 0 47
1 0 0 47
1 0 0 47
1 0 0 47
1 0 0 47
1 0 0 47
1 0 0 47
1 0 0 55
1 0 0 55
1 0 0 55
1 0 0 55
1 0 0 55
1 0 0 55
1 0 0 55
1 0 0 55
1 0 0 55
1 0 0 55
1 0 0 42
1 0 0 42
1 0 0 42
1 0 0 42
1 0 0 56
1 0 0 56
1 0 0 56
1 0 0 56
1 0 0 56
1 0 0 56
1 0 0 56
1 0 0 56
1 0 0 56
1 0 0 56
1 0 0 57
1 0 0 57
1 0 0 57
1 0 0 57
1 0 0 57
1 0 0 57
1 0 0 57
1 0 0 57
1 0 0 57
1 0 0 57
1 0 0 8
1 0 0 8
0.1 5 6 -1
0.1 4 571 -1
0.1 3 572 -1
0.1 2 573 -1
0.1 1 574 -1
0.1 575 7 -1
0.1 12 13 -1
0.1 14 15 -1
0.1 577 578 -1
0.1 579 16 -1
0.1 11 580 -1
0.1 581 17 -1
0.1 582 18 -1
0.1 583 19 -1
0.1 10 584 -1
0.1 9 585 -1
0.1 21 22 -1
0.1 23 24 -1
0.1 587 588 -1
0.1 27 28 -1
0.1 26 590 -1
0.1 591 29 -1
0.1 25 592 -1
0.1 593 30 -1
0.1 589 594 -1
0.1 595 31 -1
0.1 32 33 -1
0.1 36 37 -1
0.1 35 598 -1
0.1 34 599 -1
0.1 597 600 -1
0.1 596 601 -1
0.1 38 39 -1
0.1 602 603 -1
0.1 20 604 -1
0.1 586 605 -1
0.1 40 41 -1
0.1 607 42 -1
0.1 608 43 -1
0.1 606 609 -1
0.1 45 46 -1
0.1 44 611 -1
0.1 612 47 -1
0.1 48 49 -1
0.1 613 614 -1
0.1 52 53 -1
0.1 616 54 -1
0.1 51 617 -1
0.1 50 618 -1
0.1 619 55 -1
0.1 615 620 -1
0.1 610 621 -1
0.1 622 56 -1
0.1 623 57 -1
0.1 8 624 -1
0.1 58 59 -1
0.1 625 626 -1
0.1 60 61 -1
0.1 627 628 -1
0.1 576 629 -1
0.1 62 63 -1
0.1 65 66 -1
0.1 64 632 -1
0.1 631 633 -1
0.1 630 634 -1
0.1 67 68 -1
0.1 71 72 -1
0.1 73 74 -1
0.1 75 76 -1
0.1 638 639 -1
0.1 77 78 -1
0.1 79 80 -1
0.1 82 83 -1
0.1 81 643 -1
0.1 642 644 -1
0.1 84 85 -1
0.1 645 646 -1
0.1 647 86 -1
0.1 641 648 -1
0.1 640 649 -1
0.1 637 650 -1
0.1 70 651 -1
0.1 87 88 -1
0.1 652 653 -1
0.1 69 654 -1
0.1 636 655 -1
0.1 91 92 -1
0.1 90 657 -1
0.1 658 93 -1
0.1 89 659 -1
0.1 96 97 -1
0.1 101 102 -1
0.1 100 662 -1
0.1 663 103 -1
0.1 99 664 -1
0.1 98 665 -1
0.1 666 104 -1
0.1 661 667 -1
0.1 95 668 -1
0.1 94 669 -1
0.1 670 105 -1
0.1 107 108 -1
0.1 106 672 -1
0.1 671 673 -1
0.1 111 112 -1
0.1 114 115 -1
0.1 113 676 -1
0.1 116 117 -1
0.1 678 118 -1
0.1 120 121 -1
0.1 119 680 -1
0.1 681 122 -1
0.1 679 682 -1
0.1 677 683 -1
0.1 124 125 -1
0.1 123 685 -1
0.1 686 126 -1
0.1 684 687 -1
0.1 127 128 -1
0.1 129 130 -1
0.1 689 690 -1
0.1 131 132 -1
0.1 691 692 -1
0.1 688 693 -1
0.1 675 694 -1
0.1 134 135 -1
0.1 133 696 -1
0.1 695 697 -1
0.1 110 698 -1
0.1 109 699 -1
0.1 674 700 -1
0.1 660 701 -1
0.1 136 137 -1
0.1 138 139 -1
0.1 704 140 -1
0.1 703 705 -1
0.1 702 706 -1
0.1 656 707 -1
0.1 635 708 -1
0.1 141 142 -1
0.1 710 143 -1
0.1 711 144 -1
0.1 146 147 -1
0.1 148 149 -1
0.1 714 150 -1
0.1 715 151 -1
0.1 713 716 -1
0.1 145 717 -1
0.1 152 153 -1
0.1 719 154 -1
0.1 157 158 -1
0.1 159 160 -1
0.1 163 164 -1
0.1 162 723 -1
0.1 165 166 -1
0.1 724 725 -1
0.1 161 726 -1
0.1 722 727 -1
0.1 721 728 -1
0.1 167 168 -1
0.1 169 170 -1
0.1 730 731 -1
0.1 729 732 -1
0.1 733 171 -1
0.1 156 734 -1
0.1 735 172 -1
0.1 155 736 -1
0.1 720 737 -1
0.1 173 174 -1
0.1 738 739 -1
0.1 718 740 -1
0.1 179 180 -1
0.1 181 182 -1
0.1 185 186 -1
0.1 184 744 -1
0.1 183 745 -1
0.1 743 746 -1
0.1 747 187 -1
0.1 742 748 -1
0.1 178 749 -1
0.1 177 750 -1
0.1 176 751 -1
0.1 175 752 -1
0.1 753 188 -1
0.1 741 754 -1
0.1 712 755 -1
0.1 756 189 -1
0.1 757 190 -1
0.1 709 758 -1
0.1 195 196 -1
0.1 194 760 -1
0.1 193 761 -1
0.1 192 762 -1
0.1 763 197 -1
0.1 191 764 -1
0.1 201 202 -1
0.1 200 766 -1
0.1 204 205 -1
0.1 203 768 -1
0.1 206 207 -1
0.1 208 209 -1
0.1 771 210 -1
0.1 770 772 -1
0.1 769 773 -1
0.1 767 774 -1
0.1 199 775 -1
0.1 198 776 -1
0.1 777 211 -1
0.1 765 778 -1
0.1 213 214 -1
0.1 212 780 -1
0.1 215 216 -1
0.1 782 217 -1
0.1 218 219 -1
0.1 784 220 -1
0.1 221 222 -1
0.1 786 223 -1
0.1 224 225 -1
0.1 787 788 -1
0.1 785 789 -1
0.1 226 227 -1
0.1 231 232 -1
0.1 230 792 -1
0.1 793 233 -1
0.1 229 794 -1
0.1 234 235 -1
0.1 796 236 -1
0.1 795 797 -1
0.1 228 798 -1
0.1 791 799 -1
0.1 790 800 -1
0.1 783 801 -1
0.1 237 238 -1
0.1 239 240 -1
0.1 241 242 -1
0.1 804 805 -1
0.1 243 244 -1
0.1 806 807 -1
0.1 803 808 -1
0.1 802 809 -1
0.1 781 810 -1
0.1 248 249 -1
0.1 812 250 -1
0.1 247 813 -1
0.1 246 814 -1
0.1 815 251 -1
0.1 252 253 -1
0.1 817 254 -1
0.1 816 818 -1
0.1 245 819 -1
0.1 811 820 -1
0.1 779 821 -1
0.1 257 258 -1
0.1 259 260 -1
0.1 823 824 -1
0.1 825 261 -1
0.1 262 263 -1
0.1 826 827 -1
0.1 256 828 -1
0.1 255 829 -1
0.1 264 265 -1
0.1 830 831 -1
0.1 268 269 -1
0.1 267 833 -1
0.1 834 270 -1
0.1 271 272 -1
0.1 273 274 -1
0.1 836 837 -1
0.1 275 276 -1
0.1 838 839 -1
0.1 835 840 -1
0.1 841 277 -1
0.1 266 842 -1
0.1 278 279 -1
0.1 844 280 -1
0.1 845 281 -1
0.1 846 282 -1
0.1 284 285 -1
0.1 848 286 -1
0.1 287 288 -1
0.1 290 291 -1
0.1 289 851 -1
0.1 850 852 -1
0.1 853 292 -1
0.1 849 854 -1
0.1 283 855 -1
0.1 856 293 -1
0.1 847 857 -1
0.1 843 858 -1
0.1 832 859 -1
0.1 297 298 -1
0.1 304 305 -1
0.1 303 862 -1
0.1 302 863 -1
0.1 864 306 -1
0.1 865 307 -1
0.1 866 308 -1
0.1 301 867 -1
0.1 300 868 -1
0.1 299 869 -1
0.1 309 310 -1
0.1 311 312 -1
0.1 871 872 -1
0.1 316 317 -1
0.1 318 319 -1
0.1 320 321 -1
0.1 875 876 -1
0.1 874 877 -1
0.1 322 323 -1
0.1 878 879 -1
0.1 324 325 -1
0.1 880 881 -1
0.1 315 882 -1
0.1 314 883 -1
0.1 313 884 -1
0.1 873 885 -1
0.1 870 886 -1
0.1 887 326 -1
0.1 861 888 -1
0.1 296 889 -1
0.1 890 327 -1
0.1 295 891 -1
0.1 294 892 -1
0.1 329 330 -1
0.1 894 331 -1
0.1 328 895 -1
0.1 893 896 -1
0.1 860 897 -1
0.1 335 336 -1
0.1 334 899 -1
0.1 333 900 -1
0.1 337 338 -1
0.1 902 339 -1
0.1 901 903 -1
0.1 332 904 -1
0.1 898 905 -1
0.1 822 906 -1
0.1 340 341 -1
0.1 907 908 -1
0.1 342 343 -1
0.1 344 345 -1
0.1 346 347 -1
0.1 911 912 -1
0.1 913 348 -1
0.1 350 351 -1
0.1 915 352 -1
0.1 349 916 -1
0.1 917 353 -1
0.1 914 918 -1
0.1 910 919 -1
0.1 909 920 -1
0.1 759 921 -1
0.1 354 355 -1
0.1 356 357 -1
0.1 924 358 -1
0.1 362 363 -1
0.1 926 364 -1
0.1 365 366 -1
0.1 927 928 -1
0.1 361 929 -1
0.1 369 370 -1
0.1 368 931 -1
0.1 367 932 -1
0.1 930 933 -1
0.1 360 934 -1
0.1 359 935 -1
0.1 925 936 -1
0.1 371 372 -1
0.1 937 938 -1
0.1 939 373 -1
0.1 940 374 -1
0.1 941 375 -1
0.1 923 942 -1
0.1 378 379 -1
0.1 380 381 -1
0.1 944 945 -1
0.1 377 946 -1
0.1 382 383 -1
0.1 386 387 -1
0.1 385 949 -1
0.1 384 950 -1
0.1 951 388 -1
0.1 389 390 -1
0.1 952 953 -1
0.1 392 393 -1
0.1 391 955 -1
0.1 954 956 -1
0.1 948 957 -1
0.1 396 397 -1
0.1 959 398 -1
0.1 395 960 -1
0.1 394 961 -1
0.1 958 962 -1
0.1 947 963 -1
0.1 376 964 -1
0.1 400 401 -1
0.1 402 403 -1
0.1 966 967 -1
0.1 399 968 -1
0.1 404 405 -1
0.1 969 970 -1
0.1 407 408 -1
0.1 406 972 -1
0.1 971 973 -1
0.1 409 410 -1
0.1 975 411 -1
0.1 412 413 -1
0.1 976 977 -1
0.1 419 420 -1
0.1 418 979 -1
0.1 417 980 -1
0.1 981 421 -1
0.1 422 423 -1
0.1 983 424 -1
0.1 982 984 -1
0.1 985 425 -1
0.1 416 986 -1
0.1 987 426 -1
0.1 427 428 -1
0.1 989 429 -1
0.1 988 990 -1
0.1 431 432 -1
0.1 430 992 -1
0.1 993 433 -1
0.1 435 436 -1
0.1 434 995 -1
0.1 994 996 -1
0.1 991 997 -1
0.1 998 437 -1
0.1 438 439 -1
0.1 443 444 -1
0.1 442 1001 -1
0.1 441 1002 -1
0.1 440 1003 -1
0.1 1000 1004 -1
0.1 446 447 -1
0.1 445 1006 -1
0.1 1005 1007 -1
0.1 999 1008 -1
0.1 415 1009 -1
0.1 414 1010 -1
0.1 448 449 -1
0.1 1011 1012 -1
0.1 452 453 -1
0.1 451 1014 -1
0.1 450 1015 -1
0.1 1013 1016 -1
0.1 978 1017 -1
0.1 459 460 -1
0.1 458 1019 -1
0.1 457 1020 -1
0.1 1021 461 -1
0.1 464 465 -1
0.1 463 1023 -1
0.1 462 1024 -1
0.1 1025 466 -1
0.1 1026 467 -1
0.1 1027 468 -1
0.1 471 472 -1
0.1 470 1029 -1
0.1 469 1030 -1
0.1 1031 473 -1
0.1 1028 1032 -1
0.1 474 475 -1
0.1 1033 1034 -1
0.1 1022 1035 -1
0.1 1036 476 -1
0.1 478 479 -1
0.1 480 481 -1
0.1 1038 1039 -1
0.1 477 1040 -1
0.1 482 483 -1
0.1 485 486 -1
0.1 484 1043 -1
0.1 1042 1044 -1
0.1 1045 487 -1
0.1 489 490 -1
0.1 1047 491 -1
0.1 492 493 -1
0.1 1049 494 -1
0.1 497 498 -1
0.1 496 1051 -1
0.1 495 1052 -1
0.1 1050 1053 -1
0.1 1048 1054 -1
0.1 488 1055 -1
0.1 499 500 -1
0.1 501 502 -1
0.1 503 504 -1
0.1 1058 1059 -1
0.1 1057 1060 -1
0.1 1056 1061 -1
0.1 505 506 -1
0.1 508 509 -1
0.1 1064 510 -1
0.1 1065 511 -1
0.1 507 1066 -1
0.1 514 515 -1
0.1 513 1068 -1
0.1 512 1069 -1
0.1 1070 516 -1
0.1 1067 1071 -1
0.1 1072 517 -1
0.1 1063 1073 -1
0.1 1062 1074 -1
0.1 1046 1075 -1
0.1 1041 1076 -1
0.1 1037 1077 -1
0.1 518 519 -1
0.1 1078 1079 -1
0.1 520 521 -1
0.1 1080 1081 -1
0.1 456 1082 -1
0.1 523 524 -1
0.1 1084 525 -1
0.1 1085 526 -1
0.1 522 1086 -1
0.1 1083 1087 -1
0.1 529 530 -1
0.1 528 1089 -1
0.1 527 1090 -1
0.1 1091 531 -1
0.1 532 533 -1
0.1 536 537 -1
0.1 535 1094 -1
0.1 538 539 -1
0.1 540 541 -1
0.1 542 543 -1
0.1 1097 1098 -1
0.1 1096 1099 -1
0.1 1095 1100 -1
0.1 1101 544 -1
0.1 534 1102 -1
0.1 1093 1103 -1
0.1 1092 1104 -1
0.1 1088 1105 -1
0.1 455 1106 -1
0.1 454 1107 -1
0.1 1018 1108 -1
0.1 546 547 -1
0.1 1110 548 -1
0.1 545 1111 -1
0.1 549 550 -1
0.1 551 552 -1
0.1 553 554 -1
0.1 1114 1115 -1
0.1 1113 1116 -1
0.1 557 558 -1
0.1 556 1118 -1
0.1 555 1119 -1
0.1 561 562 -1
0.1 560 1121 -1
0.1 559 1122 -1
0.1 566 567 -1
0.1 1124 568 -1
0.1 565 1125 -1
0.1 564 1126 -1
0.1 563 1127 -1
0.1 1123 1128 -1
0.1 1120 1129 -1
0.1 1117 1130 -1
0.1 1112 1131 -1
0.1 1109 1132 -1
0.1 974 1133 -1
0.1 965 1134 -1
0.1 569 570 -1
0.1 1135 1136 -1
0.1 943 1137 -1
0.1 922 1138 -1
