1 0 0 1
1 0 0 1
1 0 0 2
1 0 0 2
1 0 0 2
1 0 0 2
1 0 0 2
1 0 0 2
1 0 0 2
1 0 0 2
1 0 0 2
1 0 0 2
1 0 0 3
1 0 0 3
1 0 0 3
1 0 0 3
1 0 0 3
1 0 0 3
1 0 0 3
1 0 0 3
1 0 0 3
1 0 0 3
1 0 0 1
1 0 0 4
1 0 0 4
1 0 0 4
1 0 0 4
1 0 0 4
1 0 0 4
1 0 0 4
1 0 0 4
1 0 0 4
1 0 0 4
1 0 0 1
1 0 0 1
1 0 0 1
1 0 0 5
1 0 0 5
1 0 0 5
1 0 0 5
1 0 0 5
1 0 0 5
1 0 0 5
1 0 0 5
1 0 0 5
1 0 0 5
1 0 0 1
1 0 0 6
1 0 0 6
1 0 0 7
1 0 0 8
1 0 0 8
1 0 0 7
1 0 0 7
1 0 0 7
1 0 0 7
1 0 0 7
1 0 0 9
1 0 0 9
1 0 0 9
1 0 0 9
1 0 0 9
1 0 0 9
1 0 0 9
1 0 0 9
1 0 0 9
1 0 0 9
1 0 0 10
1 0 0 10
1 0 0 10
1 0 0 10
1 0 0 10
1 0 0 10
1 0 0 10
1 0 0 10
1 0 0 10
1 0 0 10
1 0 0 11
1 0 0 11
1 0 0 11
1 0 0 11
1 0 0 11
1 0 0 11
1 0 0 11
1 0 0 11
1 0 0 11
1 0 0 11
1 0 0 12
1 0 0 12
1 0 0 12
1 0 0 12
1 0 0 12
1 0 0 12
1 0 0 12
1 0 0 12
1 0 0 12
1 0 0 12
1 0 0 8
1 0 0 8
1 0 0 8
1 0 0 8
1 0 0 8
1 0 0 13
1 0 0 13
1 0 0 13
1 0 0 13
1 0 0 13
1 0 0 13
1 0 0 13
1 0 0 13
1 0 0 13
1 0 0 13
1 0 0 7
1 0 0 8
1 0 0 8
1 0 0 8
1 0 0 7
1 0 0 7
1 0 0 7
1 0 0 6
1 0 0 14
1 0 0 14
1 0 0 14
1 0 0 14
1 0 0 14
1 0 0 14
1 0 0 14
1 0 0 14
1 0 0 14
1 0 0 14
1 0 0 6
1 0 0 15
1 0 0 15
1 0 0 15
1 0 0 16
1 0 0 16
1 0 0 16
1 0 0 16
1 0 0 16
1 0 0 16
1 0 0 16
1 0 0 16
1 0 0 16
1 0 0 16
1 0 0 15
1 0 0 15
1 0 0 15
1 0 0 15
1 0 0 15
1 0 0 15
1 0 0 15
1 0 0 17
1 0 0 17
1 0 0 17
1 0 0 17
1 0 0 17
1 0 0 17
1 0 0 17
1 0 0 17
1 0 0 17
1 0 0 17
1 0 0 6
1 0 0 6
1 0 0 18
1 0 0 18
1 0 0 18
1 0 0 18
1 0 0 18
1 0 0 18
1 0 0 18
1 0 0 18
1 0 0 18
1 0 0 18
1 0 0 6
1 0 0 6
1 0 0 19
1 0 0 19
1 0 0 19
1 0 0 19
1 0 0 19
1 0 0 19
1 0 0 19
1 0 0 19
1 0 0 19
1 0 0 19
1 0 0 6
1 0 0 20
1 0 0 20
1 0 0 20
1 0 0 20
1 0 0 20
1 0 0 20
1 0 0 20
1 0 0 20
1 0 0 20
1 0 0 20
1 0 0 21
1 0 0 21
1 0 0 21
1 0 0 21
1 0 0 21
1 0 0 21
1 0 0 21
1 0 0 21
1 0 0 21
1 0 0 21
1 0 0 22
1 0 0 22
1 0 0 22
1 0 0 22
1 0 0 22
1 0 0 22
1 0 0 22
1 0 0 23
1 0 0 23
1 0 0 23
1 0 0 23
1 0 0 23
1 0 0 23
1 0 0 23
1 0 0 23
1 0 0 23
1 0 0 23
1 0 0 22
1 0 0 22
1 0 0 24
1 0 0 24
1 0 0 24
1 0 0 24
1 0 0 24
1 0 0 24
1 0 0 24
1 0 0 24
1 0 0 24
1 0 0 24
1 0 0 22
1 0 0 6
1 0 0 25
1 0 0 25
1 0 0 25
1 0 0 25
1 0 0 25
1 0 0 25
1 0 0 25
1 0 0 25
1 0 0 25
1 0 0 25
1 0 0 1
1 0 0 1
1 0 0 1
1 0 0 26
1 0 0 27
1 0 0 26
1 0 0 28
1 0 0 28
1 0 0 28
1 0 0 28
1 0 0 28
1 0 0 28
1 0 0 28
1 0 0 28
1 0 0 28
1 0 0 28
1 0 0 29
1 0 0 26
1 0 0 26
1 0 0 26
1 0 0 26
1 0 0 26
1 0 0 26
1 0 0 26
1 0 0 26
1 0 0 29
1 0 0 29
1 0 0 29
1 0 0 29
1 0 0 29
1 0 0 29
1 0 0 30
1 0 0 30
1 0 0 30
1 0 0 30
1 0 0 30
1 0 0 31
1 0 0 31
1 0 0 31
1 0 0 31
1 0 0 31
1 0 0 31
1 0 0 31
1 0 0 31
1 0 0 31
1 0 0 31
1 0 0 30
1 0 0 32
1 0 0 32
1 0 0 32
1 0 0 32
1 0 0 32
1 0 0 32
1 0 0 32
1 0 0 32
1 0 0 32
1 0 0 32
1 0 0 33
1 0 0 33
1 0 0 33
1 0 0 33
1 0 0 33
1 0 0 34
1 0 0 34
1 0 0 34
1 0 0 34
1 0 0 34
1 0 0 34
1 0 0 34
1 0 0 34
1 0 0 35
1 0 0 35
1 0 0 35
1 0 0 35
1 0 0 35
1 0 0 35
1 0 0 35
1 0 0 35
1 0 0 35
1 0 0 35
1 0 0 34
1 0 0 34
1 0 0 33
1 0 0 33
1 0 0 36
1 0 0 36
1 0 0 36
1 0 0 36
1 0 0 36
1 0 0 36
1 0 0 36
1 0 0 36
1 0 0 36
1 0 0 36
1 0 0 37
1 0 0 38
1 0 0 38
1 0 0 38
1 0 0 38
1 0 0 38
1 0 0 38
1 0 0 38
1 0 0 39
1 0 0 39
1 0 0 39
1 0 0 39
1 0 0 39
1 0 0 39
1 0 0 39
1 0 0 39
1 0 0 39
1 0 0 39
1 0 0 38
1 0 0 40
1 0 0 40
1 0 0 40
1 0 0 40
1 0 0 40
1 0 0 40
1 0 0 40
1 0 0 40
1 0 0 40
1 0 0 40
1 0 0 38
1 0 0 38
1 0 0 41
1 0 0 41
1 0 0 42
1 0 0 42
1 0 0 42
1 0 0 42
1 0 0 42
1 0 0 43
1 0 0 43
1 0 0 43
1 0 0 43
1 0 0 43
1 0 0 43
1 0 0 43
1 0 0 43
1 0 0 43
1 0 0 43
1 0 0 41
1 0 0 42
1 0 0 42
1 0 0 42
1 0 0 42
1 0 0 42
1 0 0 41
1 0 0 41
1 0 0 41
1 0 0 41
1 0 0 44
1 0 0 44
1 0 0 44
1 0 0 44
1 0 0 44
1 0 0 44
1 0 0 44
1 0 0 44
1 0 0 44
1 0 0 44
1 0 0 41
1 0 0 41
1 0 0 41
1 0 0 37
1 0 0 45
1 0 0 45
1 0 0 45
1 0 0 45
1 0 0 45
1 0 0 45
1 0 0 45
1 0 0 45
1 0 0 45
1 0 0 45
1 0 0 37
1 0 0 37
1 0 0 37
1 0 0 37
1 0 0 37
1 0 0 37
1 0 0 37
1 0 0 37
1 0 0 33
1 0 0 46
1 0 0 46
1 0 0 46
1 0 0 46
1 0 0 47
1 0 0 47
1 0 0 47
1 0 0 47
1 0 0 47
1 0 0 47
1 0 0 47
1 0 0 47
1 0 0 47
1 0 0 47
1 0 0 46
1 0 0 46
1 0 0 46
1 0 0 46
1 0 0 46
1 0 0 48
1 0 0 48
1 0 0 48
1 0 0 48
1 0 0 48
1 0 0 48
1 0 0 48
1 0 0 48
1 0 0 48
1 0 0 48
1 0 0 46
1 0 0 33
1 0 0 33
1 0 0 30
1 0 0 30
1 0 0 30
1 0 0 30
1 0 0 29
1 0 0 29
1 0 0 29
1 0 0 27
1 0 0 27
1 0 0 27
1 0 0 27
1 0 0 27
1 0 0 27
1 0 0 27
1 0 0 27
1 0 0 27
0.1 1 2 -1
0.1 4 5 -1
0.1 3 482 -1
0.1 8 9 -1
0.1 7 484 -1
0.1 485 10 -1
0.1 11 12 -1
0.1 486 487 -1
0.1 6 488 -1
0.1 483 489 -1
0.1 13 14 -1
0.1 16 17 -1
0.1 19 20 -1
0.1 18 493 -1
0.1 21 22 -1
0.1 494 495 -1
0.1 492 496 -1
0.1 15 497 -1
0.1 491 498 -1
0.1 490 499 -1
0.1 481 500 -1
0.1 24 25 -1
0.1 28 29 -1
0.1 503 30 -1
0.1 27 504 -1
0.1 26 505 -1
0.1 32 33 -1
0.1 31 507 -1
0.1 506 508 -1
0.1 502 509 -1
0.1 510 34 -1
0.1 23 511 -1
0.1 512 35 -1
0.1 39 40 -1
0.1 38 514 -1
0.1 37 515 -1
0.1 42 43 -1
0.1 44 45 -1
0.1 518 46 -1
0.1 517 519 -1
0.1 41 520 -1
0.1 516 521 -1
0.1 522 47 -1
0.1 48 49 -1
0.1 51 52 -1
0.1 55 56 -1
0.1 60 61 -1
0.1 527 62 -1
0.1 63 64 -1
0.1 529 65 -1
0.1 66 67 -1
0.1 530 531 -1
0.1 70 71 -1
0.1 72 73 -1
0.1 533 534 -1
0.1 69 535 -1
0.1 536 74 -1
0.1 537 75 -1
0.1 76 77 -1
0.1 538 539 -1
0.1 68 540 -1
0.1 79 80 -1
0.1 78 542 -1
0.1 543 81 -1
0.1 544 82 -1
0.1 85 86 -1
0.1 84 546 -1
0.1 83 547 -1
0.1 545 548 -1
0.1 92 93 -1
0.1 91 550 -1
0.1 90 551 -1
0.1 89 552 -1
0.1 88 553 -1
0.1 94 95 -1
0.1 96 97 -1
0.1 555 556 -1
0.1 554 557 -1
0.1 87 558 -1
0.1 549 559 -1
0.1 541 560 -1
0.1 532 561 -1
0.1 528 562 -1
0.1 59 563 -1
0.1 58 564 -1
0.1 98 99 -1
0.1 566 100 -1
0.1 567 101 -1
0.1 565 568 -1
0.1 569 102 -1
0.1 104 105 -1
0.1 107 108 -1
0.1 106 572 -1
0.1 573 109 -1
0.1 574 110 -1
0.1 111 112 -1
0.1 575 576 -1
0.1 571 577 -1
0.1 103 578 -1
0.1 579 113 -1
0.1 570 580 -1
0.1 57 581 -1
0.1 526 582 -1
0.1 54 583 -1
0.1 53 584 -1
0.1 525 585 -1
0.1 114 115 -1
0.1 587 116 -1
0.1 586 588 -1
0.1 118 119 -1
0.1 117 590 -1
0.1 589 591 -1
0.1 50 592 -1
0.1 593 120 -1
0.1 524 594 -1
0.1 121 122 -1
0.1 124 125 -1
0.1 123 597 -1
0.1 596 598 -1
0.1 127 128 -1
0.1 600 129 -1
0.1 601 130 -1
0.1 126 602 -1
0.1 599 603 -1
0.1 132 133 -1
0.1 135 136 -1
0.1 139 140 -1
0.1 142 143 -1
0.1 608 144 -1
0.1 141 609 -1
0.1 607 610 -1
0.1 138 611 -1
0.1 137 612 -1
0.1 606 613 -1
0.1 134 614 -1
0.1 605 615 -1
0.1 145 146 -1
0.1 147 148 -1
0.1 149 150 -1
0.1 618 619 -1
0.1 617 620 -1
0.1 621 151 -1
0.1 616 622 -1
0.1 131 623 -1
0.1 155 156 -1
0.1 154 625 -1
0.1 153 626 -1
0.1 152 627 -1
0.1 159 160 -1
0.1 158 629 -1
0.1 157 630 -1
0.1 631 161 -1
0.1 628 632 -1
0.1 633 162 -1
0.1 624 634 -1
0.1 604 635 -1
0.1 595 636 -1
0.1 164 165 -1
0.1 167 168 -1
0.1 166 639 -1
0.1 638 640 -1
0.1 641 169 -1
0.1 171 172 -1
0.1 170 643 -1
0.1 644 173 -1
0.1 642 645 -1
0.1 174 175 -1
0.1 646 647 -1
0.1 179 180 -1
0.1 178 649 -1
0.1 177 650 -1
0.1 176 651 -1
0.1 181 182 -1
0.1 184 185 -1
0.1 183 654 -1
0.1 653 655 -1
0.1 652 656 -1
0.1 648 657 -1
0.1 163 658 -1
0.1 187 188 -1
0.1 660 189 -1
0.1 661 190 -1
0.1 193 194 -1
0.1 192 663 -1
0.1 664 195 -1
0.1 191 665 -1
0.1 666 196 -1
0.1 662 667 -1
0.1 198 199 -1
0.1 197 669 -1
0.1 201 202 -1
0.1 203 204 -1
0.1 672 205 -1
0.1 671 673 -1
0.1 200 674 -1
0.1 675 206 -1
0.1 670 676 -1
0.1 677 207 -1
0.1 208 209 -1
0.1 678 679 -1
0.1 668 680 -1
0.1 211 212 -1
0.1 215 216 -1
0.1 214 683 -1
0.1 218 219 -1
0.1 217 685 -1
0.1 221 222 -1
0.1 687 223 -1
0.1 220 688 -1
0.1 686 689 -1
0.1 684 690 -1
0.1 213 691 -1
0.1 224 225 -1
0.1 692 693 -1
0.1 682 694 -1
0.1 210 695 -1
0.1 228 229 -1
0.1 227 697 -1
0.1 226 698 -1
0.1 231 232 -1
0.1 234 235 -1
0.1 233 701 -1
0.1 700 702 -1
0.1 230 703 -1
0.1 704 236 -1
0.1 699 705 -1
0.1 696 706 -1
0.1 681 707 -1
0.1 238 239 -1
0.1 241 242 -1
0.1 240 710 -1
0.1 244 245 -1
0.1 243 712 -1
0.1 246 247 -1
0.1 713 714 -1
0.1 711 715 -1
0.1 709 716 -1
0.1 237 717 -1
0.1 708 718 -1
0.1 186 719 -1
0.1 659 720 -1
0.1 637 721 -1
0.1 722 248 -1
0.1 523 723 -1
0.1 249 250 -1
0.1 724 725 -1
0.1 36 726 -1
0.1 513 727 -1
0.1 501 728 -1
0.1 252 253 -1
0.1 251 730 -1
0.1 254 255 -1
0.1 257 258 -1
0.1 256 733 -1
0.1 260 261 -1
0.1 259 735 -1
0.1 734 736 -1
0.1 732 737 -1
0.1 262 263 -1
0.1 738 739 -1
0.1 266 267 -1
0.1 265 741 -1
0.1 742 268 -1
0.1 270 271 -1
0.1 269 744 -1
0.1 743 745 -1
0.1 746 272 -1
0.1 264 747 -1
0.1 740 748 -1
0.1 275 276 -1
0.1 274 750 -1
0.1 277 278 -1
0.1 751 752 -1
0.1 279 280 -1
0.1 281 282 -1
0.1 754 755 -1
0.1 284 285 -1
0.1 288 289 -1
0.1 287 758 -1
0.1 286 759 -1
0.1 292 293 -1
0.1 291 761 -1
0.1 290 762 -1
0.1 760 763 -1
0.1 757 764 -1
0.1 283 765 -1
0.1 296 297 -1
0.1 295 767 -1
0.1 300 301 -1
0.1 303 304 -1
0.1 302 770 -1
0.1 769 771 -1
0.1 299 772 -1
0.1 298 773 -1
0.1 768 774 -1
0.1 305 306 -1
0.1 776 307 -1
0.1 312 313 -1
0.1 311 778 -1
0.1 310 779 -1
0.1 316 317 -1
0.1 315 781 -1
0.1 314 782 -1
0.1 319 320 -1
0.1 318 784 -1
0.1 321 322 -1
0.1 785 786 -1
0.1 787 323 -1
0.1 325 326 -1
0.1 324 789 -1
0.1 788 790 -1
0.1 791 327 -1
0.1 783 792 -1
0.1 328 329 -1
0.1 793 794 -1
0.1 780 795 -1
0.1 309 796 -1
0.1 308 797 -1
0.1 798 330 -1
0.1 333 334 -1
0.1 336 337 -1
0.1 801 338 -1
0.1 335 802 -1
0.1 343 344 -1
0.1 804 345 -1
0.1 805 346 -1
0.1 348 349 -1
0.1 350 351 -1
0.1 808 352 -1
0.1 355 356 -1
0.1 354 810 -1
0.1 357 358 -1
0.1 812 359 -1
0.1 811 813 -1
0.1 353 814 -1
0.1 809 815 -1
0.1 807 816 -1
0.1 363 364 -1
0.1 365 366 -1
0.1 367 368 -1
0.1 819 820 -1
0.1 369 370 -1
0.1 821 822 -1
0.1 818 823 -1
0.1 362 824 -1
0.1 361 825 -1
0.1 360 826 -1
0.1 827 371 -1
0.1 817 828 -1
0.1 829 372 -1
0.1 347 830 -1
0.1 806 831 -1
0.1 342 832 -1
0.1 377 378 -1
0.1 834 379 -1
0.1 376 835 -1
0.1 375 836 -1
0.1 380 381 -1
0.1 838 382 -1
0.1 837 839 -1
0.1 383 384 -1
0.1 385 386 -1
0.1 387 388 -1
0.1 842 843 -1
0.1 844 389 -1
0.1 841 845 -1
0.1 840 846 -1
0.1 393 394 -1
0.1 392 848 -1
0.1 391 849 -1
0.1 850 395 -1
0.1 390 851 -1
0.1 847 852 -1
0.1 853 396 -1
0.1 374 854 -1
0.1 397 398 -1
0.1 400 401 -1
0.1 402 403 -1
0.1 858 404 -1
0.1 405 406 -1
0.1 408 409 -1
0.1 407 861 -1
0.1 860 862 -1
0.1 859 863 -1
0.1 857 864 -1
0.1 399 865 -1
0.1 866 410 -1
0.1 856 867 -1
0.1 855 868 -1
0.1 411 412 -1
0.1 869 870 -1
0.1 373 871 -1
0.1 872 413 -1
0.1 414 415 -1
0.1 416 417 -1
0.1 874 875 -1
0.1 418 419 -1
0.1 420 421 -1
0.1 878 422 -1
0.1 879 423 -1
0.1 877 880 -1
0.1 876 881 -1
0.1 882 424 -1
0.1 873 883 -1
0.1 833 884 -1
0.1 425 426 -1
0.1 429 430 -1
0.1 428 887 -1
0.1 888 431 -1
0.1 427 889 -1
0.1 886 890 -1
0.1 885 891 -1
0.1 341 892 -1
0.1 340 893 -1
0.1 339 894 -1
0.1 803 895 -1
0.1 800 896 -1
0.1 332 897 -1
0.1 331 898 -1
0.1 435 436 -1
0.1 434 900 -1
0.1 441 442 -1
0.1 440 902 -1
0.1 439 903 -1
0.1 444 445 -1
0.1 443 905 -1
0.1 904 906 -1
0.1 907 446 -1
0.1 438 908 -1
0.1 437 909 -1
0.1 901 910 -1
0.1 433 911 -1
0.1 912 447 -1
0.1 449 450 -1
0.1 448 914 -1
0.1 915 451 -1
0.1 913 916 -1
0.1 454 455 -1
0.1 453 918 -1
0.1 456 457 -1
0.1 919 920 -1
0.1 452 921 -1
0.1 460 461 -1
0.1 459 923 -1
0.1 458 924 -1
0.1 922 925 -1
0.1 926 462 -1
0.1 917 927 -1
0.1 432 928 -1
0.1 463 464 -1
0.1 929 930 -1
0.1 899 931 -1
0.1 799 932 -1
0.1 777 933 -1
0.1 775 934 -1
0.1 465 466 -1
0.1 935 936 -1
0.1 294 937 -1
0.1 467 468 -1
0.1 938 939 -1
0.1 766 940 -1
0.1 756 941 -1
0.1 942 469 -1
0.1 470 471 -1
0.1 943 944 -1
0.1 753 945 -1
0.1 273 946 -1
0.1 749 947 -1
0.1 731 948 -1
0.1 472 473 -1
0.1 475 476 -1
0.1 474 951 -1
0.1 477 478 -1
0.1 952 953 -1
0.1 950 954 -1
0.1 479 480 -1
0.1 955 956 -1
0.1 949 957 -1
0.1 729 958 -1
