1 0 0 1
1 0 0 2
1 0 0 2
1 0 0 2
1 0 0 2
1 0 0 2
1 0 0 2
1 0 0 2
1 0 0 2
1 0 0 2
1 0 0 2
1 0 0 1
1 0 0 1
1 0 0 3
1 0 0 3
1 0 0 3
1 0 0 3
1 0 0 3
1 0 0 3
1 0 0 3
1 0 0 3
1 0 0 3
1 0 0 3
1 0 0 1
1 0 0 1
1 0 0 4
1 0 0 4
1 0 0 5
1 0 0 5
1 0 0 5
1 0 0 5
1 0 0 5
1 0 0 5
1 0 0 5
1 0 0 5
1 0 0 5
1 0 0 5
1 0 0 6
1 0 0 6
1 0 0 7
1 0 0 7
1 0 0 7
1 0 0 7
1 0 0 7
1 0 0 7
1 0 0 7
1 0 0 7
1 0 0 7
1 0 0 7
1 0 0 6
1 0 0 6
1 0 0 6
1 0 0 6
1 0 0 8
1 0 0 8
1 0 0 8
1 0 0 8
1 0 0 8
1 0 0 8
1 0 0 8
1 0 0 8
1 0 0 8
1 0 0 8
1 0 0 6
1 0 0 9
1 0 0 9
1 0 0 9
1 0 0 9
1 0 0 9
1 0 0 9
1 0 0 9
1 0 0 9
1 0 0 9
1 0 0 9
1 0 0 6
1 0 0 6
1 0 0 6
1 0 0 10
1 0 0 10
1 0 0 10
1 0 0 10
1 0 0 10
1 0 0 10
1 0 0 10
1 0 0 10
1 0 0 10
1 0 0 10
1 0 0 11
1 0 0 11
1 0 0 11
1 0 0 11
1 0 0 11
1 0 0 11
1 0 0 11
1 0 0 11
1 0 0 11
1 0 0 11
1 0 0 4
1 0 0 4
1 0 0 12
1 0 0 12
1 0 0 12
1 0 0 12
1 0 0 12
1 0 0 12
1 0 0 12
1 0 0 12
1 0 0 12
1 0 0 12
1 0 0 4
1 0 0 13
1 0 0 13
1 0 0 13
1 0 0 13
1 0 0 13
1 0 0 13
1 0 0 13
1 0 0 13
1 0 0 13
1 0 0 13
1 0 0 4
1 0 0 14
1 0 0 14
1 0 0 14
1 0 0 15
1 0 0 15
1 0 0 15
1 0 0 15
1 0 0 15
1 0 0 15
1 0 0 15
1 0 0 15
1 0 0 15
1 0 0 15
1 0 0 14
1 0 0 14
1 0 0 14
1 0 0 14
1 0 0 14
1 0 0 14
1 0 0 14
1 0 0 4
1 0 0 16
1 0 0 16
1 0 0 16
1 0 0 16
1 0 0 16
1 0 0 16
1 0 0 16
1 0 0 16
1 0 0 16
1 0 0 16
1 0 0 4
1 0 0 17
1 0 0 17
1 0 0 18
1 0 0 18
1 0 0 18
1 0 0 18
1 0 0 17
1 0 0 17
1 0 0 17
1 0 0 17
1 0 0 17
1 0 0 19
1 0 0 19
1 0 0 19
1 0 0 19
1 0 0 19
1 0 0 19
1 0 0 19
1 0 0 20
1 0 0 20
1 0 0 20
1 0 0 20
1 0 0 20
1 0 0 20
1 0 0 21
1 0 0 20
1 0 0 20
1 0 0 20
1 0 0 20
1 0 0 21
1 0 0 21
1 0 0 21
1 0 0 21
1 0 0 21
1 0 0 21
1 0 0 21
1 0 0 21
1 0 0 21
1 0 0 22
1 0 0 22
1 0 0 22
1 0 0 22
1 0 0 22
1 0 0 22
1 0 0 22
1 0 0 22
1 0 0 22
1 0 0 22
1 0 0 19
1 0 0 19
1 0 0 19
1 0 0 23
1 0 0 23
1 0 0 23
1 0 0 23
1 0 0 23
1 0 0 23
1 0 0 23
1 0 0 23
1 0 0 23
1 0 0 23
1 0 0 17
1 0 0 17
1 0 0 17
1 0 0 18
1 0 0 18
1 0 0 18
1 0 0 18
1 0 0 18
1 0 0 18
1 0 0 4
1 0 0 4
1 0 0 1
1 0 0 1
1 0 0 24
1 0 0 1
1 0 0 1
1 0 0 25
1 0 0 25
1 0 0 25
1 0 0 25
1 0 0 25
1 0 0 25
1 0 0 25
1 0 0 25
1 0 0 25
1 0 0 25
1 0 0 26
1 0 0 26
1 0 0 26
1 0 0 26
1 0 0 26
1 0 0 26
1 0 0 26
1 0 0 26
1 0 0 26
1 0 0 26
1 0 0 24
1 0 0 24
1 0 0 24
1 0 0 24
1 0 0 24
1 0 0 24
1 0 0 24
1 0 0 24
1 0 0 24
1 0 0 27
1 0 0 27
1 0 0 28
1 0 0 28
1 0 0 29
1 0 0 29
1 0 0 29
1 0 0 29
1 0 0 30
1 0 0 30
1 0 0 30
1 0 0 30
1 0 0 31
1 0 0 31
1 0 0 31
1 0 0 31
1 0 0 31
1 0 0 31
1 0 0 32
1 0 0 32
1 0 0 32
1 0 0 32
1 0 0 32
1 0 0 32
1 0 0 32
1 0 0 32
1 0 0 32
1 0 0 32
1 0 0 31
1 0 0 31
1 0 0 31
1 0 0 31
1 0 0 30
1 0 0 30
1 0 0 30
1 0 0 33
1 0 0 34
1 0 0 34
1 0 0 34
1 0 0 34
1 0 0 34
1 0 0 34
1 0 0 34
1 0 0 34
1 0 0 34
1 0 0 34
1 0 0 33
1 0 0 33
1 0 0 33
1 0 0 33
1 0 0 35
1 0 0 35
1 0 0 35
1 0 0 35
1 0 0 35
1 0 0 35
1 0 0 35
1 0 0 35
1 0 0 35
1 0 0 35
1 0 0 33
1 0 0 33
1 0 0 33
1 0 0 33
1 0 0 33
1 0 0 36
1 0 0 36
1 0 0 36
1 0 0 36
1 0 0 36
1 0 0 36
1 0 0 36
1 0 0 36
1 0 0 37
1 0 0 38
1 0 0 38
1 0 0 38
1 0 0 38
1 0 0 38
1 0 0 38
1 0 0 38
1 0 0 39
1 0 0 39
1 0 0 39
1 0 0 39
1 0 0 39
1 0 0 39
1 0 0 39
1 0 0 39
1 0 0 39
1 0 0 39
1 0 0 38
1 0 0 40
1 0 0 40
1 0 0 40
1 0 0 40
1 0 0 40
1 0 0 40
1 0 0 40
1 0 0 40
1 0 0 40
1 0 0 40
1 0 0 38
1 0 0 38
1 0 0 37
1 0 0 41
1 0 0 41
1 0 0 42
1 0 0 42
1 0 0 42
1 0 0 42
1 0 0 42
1 0 0 42
1 0 0 42
1 0 0 42
1 0 0 42
1 0 0 42
1 0 0 43
1 0 0 43
1 0 0 43
1 0 0 43
1 0 0 43
1 0 0 43
1 0 0 43
1 0 0 43
1 0 0 43
1 0 0 43
1 0 0 41
1 0 0 41
1 0 0 41
1 0 0 41
1 0 0 41
1 0 0 44
1 0 0 44
1 0 0 44
1 0 0 44
1 0 0 44
1 0 0 44
1 0 0 44
1 0 0 44
1 0 0 44
1 0 0 44
1 0 0 41
1 0 0 41
1 0 0 41
1 0 0 37
1 0 0 45
1 0 0 45
1 0 0 45
1 0 0 45
1 0 0 45
1 0 0 45
1 0 0 45
1 0 0 45
1 0 0 45
1 0 0 45
1 0 0 37
1 0 0 37
1 0 0 37
1 0 0 37
1 0 0 37
1 0 0 37
1 0 0 37
1 0 0 36
1 0 0 36
1 0 0 30
1 0 0 30
1 0 0 30
1 0 0 46
1 0 0 46
1 0 0 46
1 0 0 46
1 0 0 46
1 0 0 46
1 0 0 46
1 0 0 46
1 0 0 46
1 0 0 46
1 0 0 29
1 0 0 29
1 0 0 29
1 0 0 29
1 0 0 47
1 0 0 47
1 0 0 47
1 0 0 47
1 0 0 47
1 0 0 47
1 0 0 47
1 0 0 47
1 0 0 47
1 0 0 47
1 0 0 29
1 0 0 29
1 0 0 28
1 0 0 28
1 0 0 28
1 0 0 28
1 0 0 28
1 0 0 28
1 0 0 28
1 0 0 28
1 0 0 48
1 0 0 48
1 0 0 48
1 0 0 48
1 0 0 48
1 0 0 48
1 0 0 48
1 0 0 48
1 0 0 48
1 0 0 48
1 0 0 27
1 0 0 27
1 0 0 27
1 0 0 27
1 0 0 27
1 0 0 27
1 0 0 27
1 0 0 27
1 0 0 1
0.1 2 3 -1
0.1 7 8 -1
0.1 6 482 -1
0.1 10 11 -1
0.1 9 484 -1
0.1 483 485 -1
0.1 5 486 -1
0.1 4 487 -1
0.1 481 488 -1
0.1 489 12 -1
0.1 1 490 -1
0.1 14 15 -1
0.1 492 16 -1
0.1 17 18 -1
0.1 19 20 -1
0.1 495 21 -1
0.1 22 23 -1
0.1 496 497 -1
0.1 494 498 -1
0.1 493 499 -1
0.1 500 24 -1
0.1 29 30 -1
0.1 28 502 -1
0.1 31 32 -1
0.1 503 504 -1
0.1 34 35 -1
0.1 33 506 -1
0.1 36 37 -1
0.1 507 508 -1
0.1 505 509 -1
0.1 27 510 -1
0.1 41 42 -1
0.1 40 512 -1
0.1 44 45 -1
0.1 43 514 -1
0.1 46 47 -1
0.1 516 48 -1
0.1 517 49 -1
0.1 515 518 -1
0.1 513 519 -1
0.1 39 520 -1
0.1 50 51 -1
0.1 521 522 -1
0.1 52 53 -1
0.1 523 524 -1
0.1 38 525 -1
0.1 56 57 -1
0.1 55 527 -1
0.1 54 528 -1
0.1 58 59 -1
0.1 60 61 -1
0.1 531 62 -1
0.1 532 63 -1
0.1 530 533 -1
0.1 529 534 -1
0.1 67 68 -1
0.1 66 536 -1
0.1 65 537 -1
0.1 69 70 -1
0.1 539 71 -1
0.1 72 73 -1
0.1 540 541 -1
0.1 542 74 -1
0.1 538 543 -1
0.1 64 544 -1
0.1 535 545 -1
0.1 80 81 -1
0.1 547 82 -1
0.1 83 84 -1
0.1 548 549 -1
0.1 79 550 -1
0.1 78 551 -1
0.1 86 87 -1
0.1 85 553 -1
0.1 552 554 -1
0.1 77 555 -1
0.1 76 556 -1
0.1 75 557 -1
0.1 546 558 -1
0.1 526 559 -1
0.1 511 560 -1
0.1 26 561 -1
0.1 88 89 -1
0.1 91 92 -1
0.1 90 564 -1
0.1 563 565 -1
0.1 93 94 -1
0.1 567 95 -1
0.1 96 97 -1
0.1 568 569 -1
0.1 566 570 -1
0.1 98 99 -1
0.1 100 101 -1
0.1 573 102 -1
0.1 103 104 -1
0.1 575 105 -1
0.1 574 576 -1
0.1 106 107 -1
0.1 578 108 -1
0.1 579 109 -1
0.1 577 580 -1
0.1 572 581 -1
0.1 582 110 -1
0.1 571 583 -1
0.1 562 584 -1
0.1 111 112 -1
0.1 113 114 -1
0.1 586 587 -1
0.1 117 118 -1
0.1 116 589 -1
0.1 590 119 -1
0.1 115 591 -1
0.1 592 120 -1
0.1 588 593 -1
0.1 122 123 -1
0.1 128 129 -1
0.1 127 596 -1
0.1 126 597 -1
0.1 130 131 -1
0.1 598 599 -1
0.1 600 132 -1
0.1 125 601 -1
0.1 133 134 -1
0.1 602 603 -1
0.1 124 604 -1
0.1 595 605 -1
0.1 135 136 -1
0.1 138 139 -1
0.1 137 608 -1
0.1 607 609 -1
0.1 610 140 -1
0.1 611 141 -1
0.1 606 612 -1
0.1 121 613 -1
0.1 143 144 -1
0.1 615 145 -1
0.1 616 146 -1
0.1 617 147 -1
0.1 149 150 -1
0.1 619 151 -1
0.1 148 620 -1
0.1 621 152 -1
0.1 618 622 -1
0.1 142 623 -1
0.1 614 624 -1
0.1 594 625 -1
0.1 154 155 -1
0.1 157 158 -1
0.1 156 628 -1
0.1 629 159 -1
0.1 627 630 -1
0.1 161 162 -1
0.1 632 163 -1
0.1 165 166 -1
0.1 168 169 -1
0.1 635 170 -1
0.1 636 171 -1
0.1 167 637 -1
0.1 175 176 -1
0.1 174 639 -1
0.1 640 177 -1
0.1 173 641 -1
0.1 172 642 -1
0.1 643 178 -1
0.1 179 180 -1
0.1 181 182 -1
0.1 645 646 -1
0.1 644 647 -1
0.1 185 186 -1
0.1 649 187 -1
0.1 184 650 -1
0.1 183 651 -1
0.1 190 191 -1
0.1 189 653 -1
0.1 188 654 -1
0.1 652 655 -1
0.1 648 656 -1
0.1 193 194 -1
0.1 196 197 -1
0.1 195 659 -1
0.1 198 199 -1
0.1 660 661 -1
0.1 658 662 -1
0.1 200 201 -1
0.1 663 664 -1
0.1 192 665 -1
0.1 657 666 -1
0.1 638 667 -1
0.1 203 204 -1
0.1 202 669 -1
0.1 668 670 -1
0.1 634 671 -1
0.1 164 672 -1
0.1 633 673 -1
0.1 160 674 -1
0.1 206 207 -1
0.1 208 209 -1
0.1 211 212 -1
0.1 678 213 -1
0.1 679 214 -1
0.1 210 680 -1
0.1 677 681 -1
0.1 676 682 -1
0.1 205 683 -1
0.1 675 684 -1
0.1 215 216 -1
0.1 686 217 -1
0.1 685 687 -1
0.1 220 221 -1
0.1 219 689 -1
0.1 222 223 -1
0.1 690 691 -1
0.1 218 692 -1
0.1 688 693 -1
0.1 631 694 -1
0.1 153 695 -1
0.1 224 225 -1
0.1 696 697 -1
0.1 626 698 -1
0.1 585 699 -1
0.1 25 700 -1
0.1 501 701 -1
0.1 226 227 -1
0.1 702 703 -1
0.1 13 704 -1
0.1 491 705 -1
0.1 229 230 -1
0.1 232 233 -1
0.1 236 237 -1
0.1 235 709 -1
0.1 234 710 -1
0.1 708 711 -1
0.1 231 712 -1
0.1 713 238 -1
0.1 239 240 -1
0.1 714 715 -1
0.1 242 243 -1
0.1 244 245 -1
0.1 247 248 -1
0.1 246 719 -1
0.1 718 720 -1
0.1 717 721 -1
0.1 241 722 -1
0.1 249 250 -1
0.1 723 724 -1
0.1 716 725 -1
0.1 707 726 -1
0.1 228 727 -1
0.1 251 252 -1
0.1 253 254 -1
0.1 255 256 -1
0.1 731 257 -1
0.1 258 259 -1
0.1 732 733 -1
0.1 730 734 -1
0.1 729 735 -1
0.1 728 736 -1
0.1 706 737 -1
0.1 260 261 -1
0.1 264 265 -1
0.1 266 267 -1
0.1 740 741 -1
0.1 269 270 -1
0.1 268 743 -1
0.1 273 274 -1
0.1 272 745 -1
0.1 275 276 -1
0.1 747 277 -1
0.1 746 748 -1
0.1 280 281 -1
0.1 750 282 -1
0.1 284 285 -1
0.1 283 752 -1
0.1 753 286 -1
0.1 754 287 -1
0.1 751 755 -1
0.1 279 756 -1
0.1 278 757 -1
0.1 749 758 -1
0.1 288 289 -1
0.1 760 290 -1
0.1 761 291 -1
0.1 759 762 -1
0.1 292 293 -1
0.1 763 764 -1
0.1 298 299 -1
0.1 297 766 -1
0.1 296 767 -1
0.1 301 302 -1
0.1 300 769 -1
0.1 303 304 -1
0.1 770 771 -1
0.1 772 305 -1
0.1 768 773 -1
0.1 295 774 -1
0.1 307 308 -1
0.1 306 776 -1
0.1 777 309 -1
0.1 312 313 -1
0.1 311 779 -1
0.1 315 316 -1
0.1 781 317 -1
0.1 782 318 -1
0.1 314 783 -1
0.1 780 784 -1
0.1 310 785 -1
0.1 786 319 -1
0.1 321 322 -1
0.1 320 788 -1
0.1 787 789 -1
0.1 790 323 -1
0.1 791 324 -1
0.1 778 792 -1
0.1 775 793 -1
0.1 294 794 -1
0.1 325 326 -1
0.1 327 328 -1
0.1 797 329 -1
0.1 798 330 -1
0.1 335 336 -1
0.1 334 800 -1
0.1 801 337 -1
0.1 339 340 -1
0.1 343 344 -1
0.1 342 804 -1
0.1 341 805 -1
0.1 346 347 -1
0.1 345 807 -1
0.1 806 808 -1
0.1 349 350 -1
0.1 348 810 -1
0.1 809 811 -1
0.1 353 354 -1
0.1 355 356 -1
0.1 359 360 -1
0.1 358 815 -1
0.1 357 816 -1
0.1 814 817 -1
0.1 813 818 -1
0.1 352 819 -1
0.1 820 361 -1
0.1 351 821 -1
0.1 362 363 -1
0.1 822 823 -1
0.1 812 824 -1
0.1 803 825 -1
0.1 338 826 -1
0.1 802 827 -1
0.1 333 828 -1
0.1 369 370 -1
0.1 830 371 -1
0.1 368 831 -1
0.1 367 832 -1
0.1 372 373 -1
0.1 374 375 -1
0.1 834 835 -1
0.1 836 376 -1
0.1 833 837 -1
0.1 366 838 -1
0.1 377 378 -1
0.1 840 379 -1
0.1 380 381 -1
0.1 841 842 -1
0.1 383 384 -1
0.1 382 844 -1
0.1 385 386 -1
0.1 845 846 -1
0.1 843 847 -1
0.1 839 848 -1
0.1 365 849 -1
0.1 850 387 -1
0.1 389 390 -1
0.1 392 393 -1
0.1 395 396 -1
0.1 394 854 -1
0.1 397 398 -1
0.1 855 856 -1
0.1 400 401 -1
0.1 399 858 -1
0.1 857 859 -1
0.1 853 860 -1
0.1 391 861 -1
0.1 852 862 -1
0.1 388 863 -1
0.1 851 864 -1
0.1 402 403 -1
0.1 865 866 -1
0.1 867 404 -1
0.1 364 868 -1
0.1 406 407 -1
0.1 408 409 -1
0.1 870 871 -1
0.1 410 411 -1
0.1 412 413 -1
0.1 873 874 -1
0.1 414 415 -1
0.1 875 876 -1
0.1 872 877 -1
0.1 405 878 -1
0.1 869 879 -1
0.1 829 880 -1
0.1 419 420 -1
0.1 418 882 -1
0.1 417 883 -1
0.1 416 884 -1
0.1 421 422 -1
0.1 885 886 -1
0.1 881 887 -1
0.1 332 888 -1
0.1 889 423 -1
0.1 331 890 -1
0.1 799 891 -1
0.1 892 424 -1
0.1 796 893 -1
0.1 894 425 -1
0.1 426 427 -1
0.1 895 896 -1
0.1 795 897 -1
0.1 765 898 -1
0.1 271 899 -1
0.1 744 900 -1
0.1 429 430 -1
0.1 428 902 -1
0.1 432 433 -1
0.1 431 904 -1
0.1 434 435 -1
0.1 905 906 -1
0.1 907 436 -1
0.1 908 437 -1
0.1 903 909 -1
0.1 901 910 -1
0.1 438 439 -1
0.1 911 912 -1
0.1 913 440 -1
0.1 444 445 -1
0.1 443 915 -1
0.1 446 447 -1
0.1 916 917 -1
0.1 450 451 -1
0.1 449 919 -1
0.1 448 920 -1
0.1 918 921 -1
0.1 442 922 -1
0.1 441 923 -1
0.1 452 453 -1
0.1 924 925 -1
0.1 914 926 -1
0.1 742 927 -1
0.1 263 928 -1
0.1 454 455 -1
0.1 929 930 -1
0.1 262 931 -1
0.1 458 459 -1
0.1 457 933 -1
0.1 456 934 -1
0.1 932 935 -1
0.1 936 460 -1
0.1 463 464 -1
0.1 938 465 -1
0.1 462 939 -1
0.1 466 467 -1
0.1 941 468 -1
0.1 940 942 -1
0.1 943 469 -1
0.1 470 471 -1
0.1 944 945 -1
0.1 461 946 -1
0.1 473 474 -1
0.1 472 948 -1
0.1 475 476 -1
0.1 950 477 -1
0.1 949 951 -1
0.1 478 479 -1
0.1 952 953 -1
0.1 947 954 -1
0.1 937 955 -1
0.1 739 956 -1
0.1 957 480 -1
0.1 738 958 -1
