1 0 0 1
1 0 0 1
1 0 0 1
1 0 0 1
1 0 0 1
1 0 0 1
1 0 0 1
1 0 0 1
1 0 0 1
1 0 0 1
1 0 0 2
1 0 0 2
1 0 0 2
1 0 0 2
1 0 0 2
1 0 0 2
1 0 0 2
1 0 0 2
1 0 0 2
1 0 0 2
1 0 0 3
1 0 0 3
1 0 0 3
1 0 0 3
1 0 0 3
1 0 0 3
1 0 0 3
1 0 0 3
1 0 0 3
1 0 0 3
1 0 0 4
1 0 0 4
1 0 0 5
1 0 0 5
1 0 0 5
1 0 0 5
1 0 0 5
1 0 0 5
1 0 0 5
1 0 0 5
1 0 0 5
1 0 0 5
1 0 0 4
1 0 0 4
1 0 0 6
1 0 0 6
1 0 0 6
1 0 0 6
1 0 0 6
1 0 0 6
1 0 0 6
1 0 0 6
1 0 0 6
1 0 0 6
1 0 0 7
1 0 0 7
1 0 0 7
1 0 0 7
1 0 0 7
1 0 0 7
1 0 0 7
1 0 0 7
1 0 0 7
1 0 0 7
1 0 0 8
1 0 0 9
1 0 0 9
1 0 0 9
1 0 0 9
1 0 0 9
1 0 0 9
1 0 0 9
1 0 0 9
1 0 0 9
1 0 0 9
1 0 0 8
1 0 0 10
1 0 0 10
1 0 0 10
1 0 0 10
1 0 0 10
1 0 0 10
1 0 0 10
1 0 0 10
1 0 0 10
1 0 0 10
1 0 0 8
1 0 0 11
1 0 0 11
1 0 0 11
1 0 0 11
1 0 0 11
1 0 0 11
1 0 0 11
1 0 0 11
1 0 0 11
1 0 0 11
1 0 0 12
1 0 0 12
1 0 0 12
1 0 0 13
1 0 0 13
1 0 0 13
1 0 0 13
1 0 0 13
1 0 0 13
1 0 0 13
1 0 0 13
1 0 0 13
1 0 0 13
1 0 0 14
1 0 0 14
1 0 0 14
1 0 0 14
1 0 0 14
1 0 0 14
1 0 0 14
1 0 0 14
1 0 0 14
1 0 0 14
1 0 0 8
1 0 0 15
1 0 0 15
1 0 0 15
1 0 0 15
1 0 0 15
1 0 0 15
1 0 0 15
1 0 0 15
1 0 0 15
1 0 0 15
1 0 0 16
1 0 0 16
1 0 0 16
1 0 0 16
1 0 0 16
1 0 0 16
1 0 0 16
1 0 0 16
1 0 0 16
1 0 0 16
1 0 0 8
1 0 0 8
1 0 0 17
1 0 0 17
1 0 0 17
1 0 0 17
1 0 0 17
1 0 0 17
1 0 0 17
1 0 0 18
1 0 0 18
1 0 0 18
1 0 0 18
1 0 0 18
1 0 0 18
1 0 0 18
1 0 0 18
1 0 0 18
1 0 0 18
1 0 0 8
1 0 0 19
1 0 0 19
1 0 0 19
1 0 0 19
1 0 0 19
1 0 0 19
1 0 0 19
1 0 0 19
1 0 0 19
1 0 0 19
1 0 0 8
1 0 0 8
1 0 0 8
1 0 0 12
1 0 0 12
1 0 0 12
1 0 0 12
1 0 0 12
1 0 0 12
1 0 0 12
1 0 0 17
1 0 0 20
1 0 0 17
1 0 0 17
1 0 0 20
1 0 0 20
1 0 0 20
1 0 0 20
1 0 0 20
1 0 0 20
1 0 0 20
1 0 0 20
1 0 0 20
1 0 0 21
1 0 0 21
1 0 0 21
1 0 0 22
1 0 0 22
1 0 0 22
1 0 0 22
1 0 0 22
1 0 0 22
1 0 0 22
1 0 0 22
1 0 0 22
1 0 0 22
1 0 0 23
1 0 0 23
1 0 0 23
1 0 0 23
1 0 0 23
1 0 0 23
1 0 0 23
1 0 0 23
1 0 0 23
1 0 0 23
1 0 0 4
1 0 0 21
1 0 0 21
1 0 0 21
1 0 0 21
1 0 0 21
1 0 0 21
1 0 0 21
1 0 0 24
1 0 0 25
1 0 0 25
1 0 0 25
1 0 0 25
1 0 0 25
1 0 0 25
1 0 0 25
1 0 0 25
1 0 0 25
1 0 0 25
1 0 0 24
1 0 0 26
1 0 0 26
1 0 0 26
1 0 0 26
1 0 0 26
1 0 0 26
1 0 0 26
1 0 0 26
1 0 0 26
1 0 0 26
1 0 0 24
1 0 0 24
1 0 0 24
1 0 0 24
1 0 0 24
1 0 0 24
1 0 0 24
1 0 0 27
1 0 0 27
1 0 0 27
1 0 0 27
1 0 0 27
1 0 0 27
1 0 0 27
1 0 0 27
1 0 0 27
1 0 0 27
1 0 0 24
1 0 0 28
1 0 0 28
1 0 0 28
1 0 0 28
1 0 0 28
1 0 0 28
1 0 0 28
1 0 0 28
1 0 0 28
1 0 0 28
1 0 0 4
1 0 0 29
1 0 0 29
1 0 0 29
1 0 0 29
1 0 0 29
1 0 0 29
1 0 0 29
1 0 0 29
1 0 0 29
1 0 0 29
1 0 0 30
1 0 0 30
1 0 0 30
1 0 0 30
1 0 0 30
1 0 0 30
1 0 0 30
1 0 0 30
1 0 0 30
1 0 0 30
1 0 0 31
1 0 0 31
1 0 0 32
1 0 0 32
1 0 0 32
1 0 0 32
1 0 0 32
1 0 0 32
1 0 0 32
1 0 0 32
1 0 0 32
1 0 0 31
1 0 0 33
1 0 0 32
1 0 0 34
1 0 0 34
1 0 0 34
1 0 0 34
1 0 0 34
1 0 0 34
1 0 0 34
1 0 0 34
1 0 0 34
1 0 0 34
1 0 0 33
1 0 0 33
1 0 0 33
1 0 0 33
1 0 0 33
1 0 0 33
1 0 0 33
1 0 0 33
1 0 0 33
1 0 0 31
1 0 0 31
1 0 0 35
1 0 0 36
1 0 0 36
1 0 0 36
1 0 0 36
1 0 0 36
1 0 0 37
1 0 0 37
1 0 0 37
1 0 0 37
1 0 0 37
1 0 0 37
1 0 0 37
1 0 0 37
1 0 0 31
1 0 0 38
1 0 0 38
1 0 0 38
1 0 0 4
1 0 0 39
1 0 0 39
1 0 0 39
1 0 0 39
1 0 0 39
1 0 0 39
1 0 0 39
1 0 0 39
1 0 0 39
1 0 0 39
1 0 0 4
1 0 0 4
1 0 0 40
1 0 0 40
1 0 0 40
1 0 0 40
1 0 0 40
1 0 0 40
1 0 0 40
1 0 0 40
1 0 0 40
1 0 0 40
1 0 0 4
1 0 0 41
1 0 0 41
1 0 0 41
1 0 0 41
1 0 0 41
1 0 0 41
1 0 0 41
1 0 0 41
1 0 0 41
1 0 0 41
1 0 0 38
1 0 0 38
1 0 0 38
1 0 0 38
1 0 0 38
1 0 0 38
1 0 0 38
1 0 0 37
1 0 0 42
1 0 0 42
1 0 0 42
1 0 0 42
1 0 0 42
1 0 0 31
1 0 0 37
1 0 0 35
1 0 0 35
1 0 0 35
1 0 0 35
1 0 0 35
1 0 0 36
1 0 0 36
1 0 0 36
1 0 0 36
1 0 0 36
1 0 0 35
1 0 0 35
1 0 0 35
1 0 0 35
1 0 0 42
1 0 0 31
1 0 0 42
1 0 0 42
1 0 0 42
1 0 0 42
1 0 0 31
1 0 0 31
0.1 2 3 -1
0.1 4 5 -1
0.1 421 422 -1
0.1 6 7 -1
0.1 423 424 -1
0.1 1 425 -1
0.1 9 10 -1
0.1 8 427 -1
0.1 11 12 -1
0.1 14 15 -1
0.1 13 430 -1
0.1 431 16 -1
0.1 432 17 -1
0.1 429 433 -1
0.1 19 20 -1
0.1 18 435 -1
0.1 434 436 -1
0.1 428 437 -1
0.1 21 22 -1
0.1 25 26 -1
0.1 24 440 -1
0.1 23 441 -1
0.1 29 30 -1
0.1 28 443 -1
0.1 27 444 -1
0.1 442 445 -1
0.1 439 446 -1
0.1 438 447 -1
0.1 426 448 -1
0.1 31 32 -1
0.1 449 450 -1
0.1 33 34 -1
0.1 38 39 -1
0.1 37 453 -1
0.1 36 454 -1
0.1 35 455 -1
0.1 41 42 -1
0.1 40 457 -1
0.1 456 458 -1
0.1 452 459 -1
0.1 43 44 -1
0.1 45 46 -1
0.1 49 50 -1
0.1 48 463 -1
0.1 464 51 -1
0.1 465 52 -1
0.1 466 53 -1
0.1 47 467 -1
0.1 462 468 -1
0.1 469 54 -1
0.1 55 56 -1
0.1 58 59 -1
0.1 57 472 -1
0.1 60 61 -1
0.1 474 62 -1
0.1 63 64 -1
0.1 475 476 -1
0.1 473 477 -1
0.1 471 478 -1
0.1 470 479 -1
0.1 66 67 -1
0.1 68 69 -1
0.1 481 482 -1
0.1 70 71 -1
0.1 73 74 -1
0.1 72 485 -1
0.1 484 486 -1
0.1 487 75 -1
0.1 483 488 -1
0.1 65 489 -1
0.1 490 76 -1
0.1 480 491 -1
0.1 78 79 -1
0.1 81 82 -1
0.1 80 494 -1
0.1 495 83 -1
0.1 84 85 -1
0.1 497 86 -1
0.1 496 498 -1
0.1 493 499 -1
0.1 77 500 -1
0.1 88 89 -1
0.1 92 93 -1
0.1 91 503 -1
0.1 90 504 -1
0.1 95 96 -1
0.1 94 506 -1
0.1 505 507 -1
0.1 502 508 -1
0.1 99 100 -1
0.1 98 510 -1
0.1 97 511 -1
0.1 509 512 -1
0.1 87 513 -1
0.1 104 105 -1
0.1 103 515 -1
0.1 102 516 -1
0.1 101 517 -1
0.1 106 107 -1
0.1 109 110 -1
0.1 108 520 -1
0.1 519 521 -1
0.1 518 522 -1
0.1 111 112 -1
0.1 113 114 -1
0.1 116 117 -1
0.1 115 526 -1
0.1 525 527 -1
0.1 119 120 -1
0.1 118 529 -1
0.1 528 530 -1
0.1 524 531 -1
0.1 532 121 -1
0.1 523 533 -1
0.1 514 534 -1
0.1 124 125 -1
0.1 123 536 -1
0.1 537 126 -1
0.1 538 127 -1
0.1 129 130 -1
0.1 128 540 -1
0.1 541 131 -1
0.1 539 542 -1
0.1 122 543 -1
0.1 133 134 -1
0.1 132 545 -1
0.1 137 138 -1
0.1 136 547 -1
0.1 139 140 -1
0.1 548 549 -1
0.1 550 141 -1
0.1 135 551 -1
0.1 546 552 -1
0.1 142 143 -1
0.1 553 554 -1
0.1 544 555 -1
0.1 144 145 -1
0.1 146 147 -1
0.1 558 148 -1
0.1 557 559 -1
0.1 560 149 -1
0.1 561 150 -1
0.1 151 152 -1
0.1 153 154 -1
0.1 564 155 -1
0.1 157 158 -1
0.1 159 160 -1
0.1 566 567 -1
0.1 156 568 -1
0.1 565 569 -1
0.1 563 570 -1
0.1 163 164 -1
0.1 572 165 -1
0.1 162 573 -1
0.1 166 167 -1
0.1 168 169 -1
0.1 576 170 -1
0.1 575 577 -1
0.1 574 578 -1
0.1 579 171 -1
0.1 161 580 -1
0.1 571 581 -1
0.1 172 173 -1
0.1 583 174 -1
0.1 582 584 -1
0.1 176 177 -1
0.1 175 586 -1
0.1 179 180 -1
0.1 588 181 -1
0.1 178 589 -1
0.1 587 590 -1
0.1 585 591 -1
0.1 562 592 -1
0.1 556 593 -1
0.1 184 185 -1
0.1 183 595 -1
0.1 188 189 -1
0.1 187 597 -1
0.1 186 598 -1
0.1 190 191 -1
0.1 599 600 -1
0.1 596 601 -1
0.1 182 602 -1
0.1 192 193 -1
0.1 604 194 -1
0.1 603 605 -1
0.1 594 606 -1
0.1 535 607 -1
0.1 501 608 -1
0.1 492 609 -1
0.1 461 610 -1
0.1 196 197 -1
0.1 195 612 -1
0.1 199 200 -1
0.1 198 614 -1
0.1 201 202 -1
0.1 615 616 -1
0.1 205 206 -1
0.1 204 618 -1
0.1 203 619 -1
0.1 620 207 -1
0.1 617 621 -1
0.1 208 209 -1
0.1 210 211 -1
0.1 623 624 -1
0.1 625 212 -1
0.1 216 217 -1
0.1 215 627 -1
0.1 214 628 -1
0.1 213 629 -1
0.1 626 630 -1
0.1 622 631 -1
0.1 220 221 -1
0.1 223 224 -1
0.1 222 634 -1
0.1 633 635 -1
0.1 636 225 -1
0.1 219 637 -1
0.1 218 638 -1
0.1 632 639 -1
0.1 613 640 -1
0.1 228 229 -1
0.1 227 642 -1
0.1 230 231 -1
0.1 643 644 -1
0.1 232 233 -1
0.1 234 235 -1
0.1 647 236 -1
0.1 646 648 -1
0.1 645 649 -1
0.1 226 650 -1
0.1 239 240 -1
0.1 238 652 -1
0.1 241 242 -1
0.1 653 654 -1
0.1 245 246 -1
0.1 656 247 -1
0.1 244 657 -1
0.1 243 658 -1
0.1 655 659 -1
0.1 237 660 -1
0.1 248 249 -1
0.1 661 662 -1
0.1 651 663 -1
0.1 251 252 -1
0.1 250 665 -1
0.1 253 254 -1
0.1 255 256 -1
0.1 258 259 -1
0.1 257 669 -1
0.1 668 670 -1
0.1 262 263 -1
0.1 261 672 -1
0.1 260 673 -1
0.1 674 264 -1
0.1 671 675 -1
0.1 676 265 -1
0.1 667 677 -1
0.1 666 678 -1
0.1 664 679 -1
0.1 641 680 -1
0.1 266 267 -1
0.1 682 268 -1
0.1 271 272 -1
0.1 270 684 -1
0.1 685 273 -1
0.1 686 274 -1
0.1 687 275 -1
0.1 269 688 -1
0.1 683 689 -1
0.1 681 690 -1
0.1 691 276 -1
0.1 611 692 -1
0.1 280 281 -1
0.1 282 283 -1
0.1 694 695 -1
0.1 696 284 -1
0.1 279 697 -1
0.1 278 698 -1
0.1 285 286 -1
0.1 699 700 -1
0.1 277 701 -1
0.1 287 288 -1
0.1 289 290 -1
0.1 294 295 -1
0.1 293 705 -1
0.1 292 706 -1
0.1 291 707 -1
0.1 704 708 -1
0.1 703 709 -1
0.1 710 296 -1
0.1 702 711 -1
0.1 693 712 -1
0.1 460 713 -1
0.1 451 714 -1
0.1 297 298 -1
0.1 301 302 -1
0.1 300 717 -1
0.1 299 718 -1
0.1 303 304 -1
0.1 720 305 -1
0.1 719 721 -1
0.1 306 307 -1
0.1 722 723 -1
0.1 724 308 -1
0.1 312 313 -1
0.1 311 726 -1
0.1 314 315 -1
0.1 316 317 -1
0.1 728 729 -1
0.1 318 319 -1
0.1 730 731 -1
0.1 732 320 -1
0.1 727 733 -1
0.1 310 734 -1
0.1 322 323 -1
0.1 325 326 -1
0.1 324 737 -1
0.1 736 738 -1
0.1 321 739 -1
0.1 327 328 -1
0.1 741 329 -1
0.1 740 742 -1
0.1 330 331 -1
0.1 743 744 -1
0.1 735 745 -1
0.1 309 746 -1
0.1 725 747 -1
0.1 336 337 -1
0.1 335 749 -1
0.1 334 750 -1
0.1 333 751 -1
0.1 339 340 -1
0.1 341 342 -1
0.1 344 345 -1
0.1 343 755 -1
0.1 754 756 -1
0.1 753 757 -1
0.1 338 758 -1
0.1 752 759 -1
0.1 332 760 -1
0.1 352 353 -1
0.1 351 762 -1
0.1 763 354 -1
0.1 355 356 -1
0.1 358 359 -1
0.1 357 766 -1
0.1 767 360 -1
0.1 765 768 -1
0.1 764 769 -1
0.1 770 361 -1
0.1 771 362 -1
0.1 350 772 -1
0.1 365 366 -1
0.1 364 774 -1
0.1 363 775 -1
0.1 370 371 -1
0.1 369 777 -1
0.1 368 778 -1
0.1 367 779 -1
0.1 776 780 -1
0.1 781 372 -1
0.1 376 377 -1
0.1 783 378 -1
0.1 375 784 -1
0.1 374 785 -1
0.1 379 380 -1
0.1 381 382 -1
0.1 788 383 -1
0.1 787 789 -1
0.1 786 790 -1
0.1 373 791 -1
0.1 782 792 -1
0.1 773 793 -1
0.1 386 387 -1
0.1 385 795 -1
0.1 384 796 -1
0.1 794 797 -1
0.1 349 798 -1
0.1 348 799 -1
0.1 389 390 -1
0.1 388 801 -1
0.1 800 802 -1
0.1 347 803 -1
0.1 393 394 -1
0.1 392 805 -1
0.1 806 395 -1
0.1 807 396 -1
0.1 391 808 -1
0.1 809 397 -1
0.1 401 402 -1
0.1 400 811 -1
0.1 399 812 -1
0.1 405 406 -1
0.1 404 814 -1
0.1 407 408 -1
0.1 815 816 -1
0.1 403 817 -1
0.1 813 818 -1
0.1 398 819 -1
0.1 409 410 -1
0.1 411 412 -1
0.1 821 822 -1
0.1 823 413 -1
0.1 820 824 -1
0.1 825 414 -1
0.1 416 417 -1
0.1 415 827 -1
0.1 828 418 -1
0.1 826 829 -1
0.1 810 830 -1
0.1 804 831 -1
0.1 419 420 -1
0.1 832 833 -1
0.1 346 834 -1
0.1 761 835 -1
0.1 748 836 -1
0.1 716 837 -1
0.1 715 838 -1
