1 0 0 1
1 0 0 1
1 0 0 1
1 0 0 1
1 0 0 1
1 0 0 1
1 0 0 1
1 0 0 1
1 0 0 1
1 0 0 1
1 0 0 2
1 0 0 2
1 0 0 2
1 0 0 2
1 0 0 2
1 0 0 2
1 0 0 2
1 0 0 2
1 0 0 2
1 0 0 2
1 0 0 3
1 0 0 3
1 0 0 3
1 0 0 3
1 0 0 3
1 0 0 3
1 0 0 4
1 0 0 4
1 0 0 4
1 0 0 4
1 0 0 4
1 0 0 4
1 0 0 5
1 0 0 5
1 0 0 5
1 0 0 5
1 0 0 5
1 0 0 5
1 0 0 5
1 0 0 5
1 0 0 5
1 0 0 5
1 0 0 4
1 0 0 3
1 0 0 3
1 0 0 3
1 0 0 6
1 0 0 6
1 0 0 6
1 0 0 6
1 0 0 6
1 0 0 6
1 0 0 6
1 0 0 7
1 0 0 4
1 0 0 4
1 0 0 4
1 0 0 8
1 0 0 8
1 0 0 8
1 0 0 8
1 0 0 8
1 0 0 8
1 0 0 8
1 0 0 8
1 0 0 8
1 0 0 8
1 0 0 9
1 0 0 9
1 0 0 9
1 0 0 9
1 0 0 9
1 0 0 9
1 0 0 9
1 0 0 6
1 0 0 6
1 0 0 6
1 0 0 3
1 0 0 10
1 0 0 10
1 0 0 10
1 0 0 10
1 0 0 10
1 0 0 10
1 0 0 10
1 0 0 10
1 0 0 10
1 0 0 7
1 0 0 7
1 0 0 7
1 0 0 7
1 0 0 7
1 0 0 7
1 0 0 7
1 0 0 7
1 0 0 7
1 0 0 9
1 0 0 11
1 0 0 11
1 0 0 11
1 0 0 11
1 0 0 11
1 0 0 11
1 0 0 11
1 0 0 11
1 0 0 11
1 0 0 11
1 0 0 10
1 0 0 9
1 0 0 9
0.1 3 4 -1
0.1 2 111 -1
0.1 112 5 -1
0.1 9 10 -1
0.1 8 114 -1
0.1 7 115 -1
0.1 6 116 -1
0.1 113 117 -1
0.1 1 118 -1
0.1 11 12 -1
0.1 120 13 -1
0.1 14 15 -1
0.1 16 17 -1
0.1 122 123 -1
0.1 121 124 -1
0.1 19 20 -1
0.1 18 126 -1
0.1 125 127 -1
0.1 119 128 -1
0.1 21 22 -1
0.1 129 130 -1
0.1 25 26 -1
0.1 24 132 -1
0.1 23 133 -1
0.1 131 134 -1
0.1 28 29 -1
0.1 27 136 -1
0.1 30 31 -1
0.1 34 35 -1
0.1 33 139 -1
0.1 37 38 -1
0.1 36 141 -1
0.1 140 142 -1
0.1 41 42 -1
0.1 40 144 -1
0.1 39 145 -1
0.1 143 146 -1
0.1 147 43 -1
0.1 32 148 -1
0.1 138 149 -1
0.1 137 150 -1
0.1 45 46 -1
0.1 44 152 -1
0.1 151 153 -1
0.1 48 49 -1
0.1 50 51 -1
0.1 155 156 -1
0.1 157 52 -1
0.1 158 53 -1
0.1 47 159 -1
0.1 154 160 -1
0.1 55 56 -1
0.1 162 57 -1
0.1 54 163 -1
0.1 161 164 -1
0.1 135 165 -1
0.1 59 60 -1
0.1 58 167 -1
0.1 62 63 -1
0.1 61 169 -1
0.1 168 170 -1
0.1 65 66 -1
0.1 64 172 -1
0.1 173 67 -1
0.1 171 174 -1
0.1 69 70 -1
0.1 68 176 -1
0.1 71 72 -1
0.1 178 73 -1
0.1 177 179 -1
0.1 180 74 -1
0.1 175 181 -1
0.1 75 76 -1
0.1 183 77 -1
0.1 81 82 -1
0.1 80 185 -1
0.1 79 186 -1
0.1 78 187 -1
0.1 83 84 -1
0.1 189 85 -1
0.1 190 86 -1
0.1 191 87 -1
0.1 88 89 -1
0.1 192 193 -1
0.1 91 92 -1
0.1 195 93 -1
0.1 95 96 -1
0.1 94 197 -1
0.1 196 198 -1
0.1 90 199 -1
0.1 194 200 -1
0.1 188 201 -1
0.1 202 97 -1
0.1 184 203 -1
0.1 99 100 -1
0.1 98 205 -1
0.1 101 102 -1
0.1 206 207 -1
0.1 103 104 -1
0.1 105 106 -1
0.1 210 107 -1
0.1 209 211 -1
0.1 208 212 -1
0.1 204 213 -1
0.1 108 109 -1
0.1 215 110 -1
0.1 214 216 -1
0.1 182 217 -1
0.1 166 218 -1
