1 0 0 1
1 0 0 1
1 0 0 2
1 0 0 2
1 0 0 2
1 0 0 2
1 0 0 2
1 0 0 2
1 0 0 2
1 0 0 2
1 0 0 2
1 0 0 2
1 0 0 1
1 0 0 1
1 0 0 1
1 0 0 1
1 0 0 3
1 0 0 3
1 0 0 3
1 0 0 3
1 0 0 3
1 0 0 3
1 0 0 3
1 0 0 3
1 0 0 3
1 0 0 3
1 0 0 1
1 0 0 4
1 0 0 4
1 0 0 4
1 0 0 4
1 0 0 4
1 0 0 4
1 0 0 4
1 0 0 4
1 0 0 4
1 0 0 4
1 0 0 1
1 0 0 1
1 0 0 1
1 0 0 5
1 0 0 5
1 0 0 5
1 0 0 5
1 0 0 5
1 0 0 5
1 0 0 5
1 0 0 5
1 0 0 5
1 0 0 5
1 0 0 6
1 0 0 6
1 0 0 6
1 0 0 6
1 0 0 6
1 0 0 6
1 0 0 6
1 0 0 6
1 0 0 6
1 0 0 6
1 0 0 7
1 0 0 7
1 0 0 7
1 0 0 7
1 0 0 7
1 0 0 7
1 0 0 7
1 0 0 7
1 0 0 7
1 0 0 7
1 0 0 8
1 0 0 8
1 0 0 9
1 0 0 9
1 0 0 9
1 0 0 9
1 0 0 9
1 0 0 9
1 0 0 9
1 0 0 9
1 0 0 9
1 0 0 9
1 0 0 8
1 0 0 8
1 0 0 8
1 0 0 8
1 0 0 8
1 0 0 8
1 0 0 8
1 0 0 8
1 0 0 10
1 0 0 10
1 0 0 10
1 0 0 10
1 0 0 10
1 0 0 10
1 0 0 10
1 0 0 10
1 0 0 10
1 0 0 10
1 0 0 11
1 0 0 11
1 0 0 11
1 0 0 11
1 0 0 11
1 0 0 11
1 0 0 12
1 0 0 12
1 0 0 12
1 0 0 12
1 0 0 12
1 0 0 12
1 0 0 12
1 0 0 12
1 0 0 12
1 0 0 12
1 0 0 11
1 0 0 11
1 0 0 11
1 0 0 11
1 0 0 13
1 0 0 13
1 0 0 13
1 0 0 13
1 0 0 13
1 0 0 13
1 0 0 13
1 0 0 13
1 0 0 13
1 0 0 13
1 0 0 14
1 0 0 15
1 0 0 15
1 0 0 15
1 0 0 15
1 0 0 15
1 0 0 15
1 0 0 15
1 0 0 15
1 0 0 15
1 0 0 15
1 0 0 14
1 0 0 14
1 0 0 14
1 0 0 14
1 0 0 14
1 0 0 14
1 0 0 14
1 0 0 14
1 0 0 14
1 0 0 16
1 0 0 16
1 0 0 16
1 0 0 16
1 0 0 16
1 0 0 16
1 0 0 16
1 0 0 16
1 0 0 16
1 0 0 16
1 0 0 17
1 0 0 17
1 0 0 17
1 0 0 17
1 0 0 17
1 0 0 17
1 0 0 17
1 0 0 17
1 0 0 17
1 0 0 17
1 0 0 18
1 0 0 18
1 0 0 18
1 0 0 18
1 0 0 18
1 0 0 18
1 0 0 18
1 0 0 19
1 0 0 20
1 0 0 20
1 0 0 20
1 0 0 20
1 0 0 20
1 0 0 20
1 0 0 20
1 0 0 20
1 0 0 20
1 0 0 20
1 0 0 21
1 0 0 21
1 0 0 21
1 0 0 21
1 0 0 21
1 0 0 21
1 0 0 21
1 0 0 21
1 0 0 21
1 0 0 21
1 0 0 19
1 0 0 19
1 0 0 19
1 0 0 19
1 0 0 19
1 0 0 19
1 0 0 19
1 0 0 19
1 0 0 19
1 0 0 22
1 0 0 22
1 0 0 22
1 0 0 22
1 0 0 22
1 0 0 22
1 0 0 22
1 0 0 22
1 0 0 22
1 0 0 22
1 0 0 23
1 0 0 23
1 0 0 23
1 0 0 23
1 0 0 23
1 0 0 23
1 0 0 23
1 0 0 23
1 0 0 23
1 0 0 23
1 0 0 24
1 0 0 24
1 0 0 24
1 0 0 24
1 0 0 24
1 0 0 24
1 0 0 24
1 0 0 24
1 0 0 24
1 0 0 24
1 0 0 25
1 0 0 25
1 0 0 25
1 0 0 25
1 0 0 25
1 0 0 25
1 0 0 25
1 0 0 25
1 0 0 25
1 0 0 25
1 0 0 18
1 0 0 18
1 0 0 18
1 0 0 26
1 0 0 26
1 0 0 26
1 0 0 26
1 0 0 26
1 0 0 26
1 0 0 26
1 0 0 26
1 0 0 26
1 0 0 26
1 0 0 27
1 0 0 27
1 0 0 27
1 0 0 27
1 0 0 27
1 0 0 27
1 0 0 28
1 0 0 28
1 0 0 28
1 0 0 28
1 0 0 28
1 0 0 28
1 0 0 28
1 0 0 28
1 0 0 28
1 0 0 28
1 0 0 29
1 0 0 29
1 0 0 29
1 0 0 29
1 0 0 29
1 0 0 29
1 0 0 29
1 0 0 29
1 0 0 29
1 0 0 29
1 0 0 30
1 0 0 30
1 0 0 30
1 0 0 30
1 0 0 30
1 0 0 30
1 0 0 30
1 0 0 30
1 0 0 30
1 0 0 30
1 0 0 31
1 0 0 31
1 0 0 31
1 0 0 31
1 0 0 31
1 0 0 31
1 0 0 31
1 0 0 31
1 0 0 31
1 0 0 31
1 0 0 27
1 0 0 27
1 0 0 27
1 0 0 27
1 0 0 32
1 0 0 32
1 0 0 32
1 0 0 32
1 0 0 32
1 0 0 32
1 0 0 32
1 0 0 32
1 0 0 32
1 0 0 32
1 0 0 33
1 0 0 33
1 0 0 34
1 0 0 34
1 0 0 34
1 0 0 34
1 0 0 34
1 0 0 34
1 0 0 34
1 0 0 34
1 0 0 34
1 0 0 34
1 0 0 33
1 0 0 35
1 0 0 35
1 0 0 35
1 0 0 35
1 0 0 35
1 0 0 35
1 0 0 35
1 0 0 35
1 0 0 35
1 0 0 35
1 0 0 33
1 0 0 33
1 0 0 33
1 0 0 36
1 0 0 36
1 0 0 36
1 0 0 36
1 0 0 36
1 0 0 36
1 0 0 36
1 0 0 36
1 0 0 36
1 0 0 36
1 0 0 33
1 0 0 33
1 0 0 33
1 0 0 33
1 0 0 37
1 0 0 37
1 0 0 37
1 0 0 37
1 0 0 37
1 0 0 37
1 0 0 37
1 0 0 37
1 0 0 37
1 0 0 37
0.1 5 6 -1
0.1 4 371 -1
0.1 7 8 -1
0.1 9 10 -1
0.1 11 12 -1
0.1 374 375 -1
0.1 373 376 -1
0.1 372 377 -1
0.1 3 378 -1
0.1 2 379 -1
0.1 1 380 -1
0.1 14 15 -1
0.1 382 16 -1
0.1 13 383 -1
0.1 381 384 -1
0.1 17 18 -1
0.1 19 20 -1
0.1 21 22 -1
0.1 387 388 -1
0.1 386 389 -1
0.1 25 26 -1
0.1 24 391 -1
0.1 23 392 -1
0.1 390 393 -1
0.1 29 30 -1
0.1 32 33 -1
0.1 396 34 -1
0.1 31 397 -1
0.1 395 398 -1
0.1 35 36 -1
0.1 400 37 -1
0.1 399 401 -1
0.1 28 402 -1
0.1 27 403 -1
0.1 404 38 -1
0.1 39 40 -1
0.1 405 406 -1
0.1 42 43 -1
0.1 408 44 -1
0.1 41 409 -1
0.1 410 45 -1
0.1 48 49 -1
0.1 412 50 -1
0.1 47 413 -1
0.1 46 414 -1
0.1 411 415 -1
0.1 407 416 -1
0.1 51 52 -1
0.1 53 54 -1
0.1 418 419 -1
0.1 55 56 -1
0.1 57 58 -1
0.1 421 422 -1
0.1 59 60 -1
0.1 423 424 -1
0.1 420 425 -1
0.1 62 63 -1
0.1 61 427 -1
0.1 66 67 -1
0.1 65 429 -1
0.1 64 430 -1
0.1 428 431 -1
0.1 69 70 -1
0.1 68 433 -1
0.1 71 72 -1
0.1 75 76 -1
0.1 74 436 -1
0.1 73 437 -1
0.1 78 79 -1
0.1 77 439 -1
0.1 440 80 -1
0.1 81 82 -1
0.1 441 442 -1
0.1 438 443 -1
0.1 435 444 -1
0.1 86 87 -1
0.1 85 446 -1
0.1 84 447 -1
0.1 83 448 -1
0.1 88 89 -1
0.1 91 92 -1
0.1 451 93 -1
0.1 94 95 -1
0.1 97 98 -1
0.1 96 454 -1
0.1 99 100 -1
0.1 455 456 -1
0.1 453 457 -1
0.1 452 458 -1
0.1 90 459 -1
0.1 450 460 -1
0.1 449 461 -1
0.1 445 462 -1
0.1 434 463 -1
0.1 102 103 -1
0.1 104 105 -1
0.1 465 466 -1
0.1 101 467 -1
0.1 110 111 -1
0.1 109 469 -1
0.1 108 470 -1
0.1 107 471 -1
0.1 113 114 -1
0.1 112 473 -1
0.1 472 474 -1
0.1 115 116 -1
0.1 475 476 -1
0.1 106 477 -1
0.1 118 119 -1
0.1 117 479 -1
0.1 478 480 -1
0.1 481 120 -1
0.1 468 482 -1
0.1 464 483 -1
0.1 432 484 -1
0.1 121 122 -1
0.1 123 124 -1
0.1 125 126 -1
0.1 487 488 -1
0.1 127 128 -1
0.1 129 130 -1
0.1 490 491 -1
0.1 489 492 -1
0.1 486 493 -1
0.1 132 133 -1
0.1 134 135 -1
0.1 136 137 -1
0.1 497 138 -1
0.1 139 140 -1
0.1 498 499 -1
0.1 500 141 -1
0.1 496 501 -1
0.1 495 502 -1
0.1 503 142 -1
0.1 143 144 -1
0.1 505 145 -1
0.1 504 506 -1
0.1 507 146 -1
0.1 131 508 -1
0.1 147 148 -1
0.1 149 150 -1
0.1 510 511 -1
0.1 509 512 -1
0.1 494 513 -1
0.1 485 514 -1
0.1 153 154 -1
0.1 152 516 -1
0.1 151 517 -1
0.1 156 157 -1
0.1 158 159 -1
0.1 519 520 -1
0.1 155 521 -1
0.1 522 160 -1
0.1 518 523 -1
0.1 515 524 -1
0.1 426 525 -1
0.1 417 526 -1
0.1 394 527 -1
0.1 385 528 -1
0.1 162 163 -1
0.1 161 530 -1
0.1 531 164 -1
0.1 532 165 -1
0.1 166 167 -1
0.1 534 168 -1
0.1 533 535 -1
0.1 169 170 -1
0.1 536 537 -1
0.1 529 538 -1
0.1 172 173 -1
0.1 171 540 -1
0.1 175 176 -1
0.1 542 177 -1
0.1 174 543 -1
0.1 541 544 -1
0.1 180 181 -1
0.1 182 183 -1
0.1 184 185 -1
0.1 548 186 -1
0.1 547 549 -1
0.1 546 550 -1
0.1 179 551 -1
0.1 187 188 -1
0.1 552 553 -1
0.1 190 191 -1
0.1 555 192 -1
0.1 189 556 -1
0.1 193 194 -1
0.1 557 558 -1
0.1 197 198 -1
0.1 196 560 -1
0.1 195 561 -1
0.1 559 562 -1
0.1 199 200 -1
0.1 203 204 -1
0.1 202 565 -1
0.1 566 205 -1
0.1 201 567 -1
0.1 564 568 -1
0.1 569 206 -1
0.1 570 207 -1
0.1 563 571 -1
0.1 554 572 -1
0.1 178 573 -1
0.1 209 210 -1
0.1 208 575 -1
0.1 211 212 -1
0.1 576 577 -1
0.1 215 216 -1
0.1 214 579 -1
0.1 580 217 -1
0.1 213 581 -1
0.1 578 582 -1
0.1 574 583 -1
0.1 219 220 -1
0.1 218 585 -1
0.1 221 222 -1
0.1 586 587 -1
0.1 224 225 -1
0.1 223 589 -1
0.1 588 590 -1
0.1 229 230 -1
0.1 228 592 -1
0.1 231 232 -1
0.1 233 234 -1
0.1 236 237 -1
0.1 235 596 -1
0.1 595 597 -1
0.1 594 598 -1
0.1 593 599 -1
0.1 227 600 -1
0.1 226 601 -1
0.1 591 602 -1
0.1 584 603 -1
0.1 238 239 -1
0.1 241 242 -1
0.1 240 606 -1
0.1 607 243 -1
0.1 605 608 -1
0.1 245 246 -1
0.1 244 610 -1
0.1 609 611 -1
0.1 612 247 -1
0.1 604 613 -1
0.1 545 614 -1
0.1 539 615 -1
0.1 249 250 -1
0.1 248 617 -1
0.1 251 252 -1
0.1 619 253 -1
0.1 255 256 -1
0.1 254 621 -1
0.1 620 622 -1
0.1 259 260 -1
0.1 258 624 -1
0.1 261 262 -1
0.1 265 266 -1
0.1 264 627 -1
0.1 263 628 -1
0.1 269 270 -1
0.1 268 630 -1
0.1 631 271 -1
0.1 632 272 -1
0.1 267 633 -1
0.1 274 275 -1
0.1 273 635 -1
0.1 636 276 -1
0.1 634 637 -1
0.1 629 638 -1
0.1 626 639 -1
0.1 278 279 -1
0.1 281 282 -1
0.1 280 642 -1
0.1 643 283 -1
0.1 285 286 -1
0.1 284 645 -1
0.1 644 646 -1
0.1 641 647 -1
0.1 277 648 -1
0.1 287 288 -1
0.1 650 289 -1
0.1 290 291 -1
0.1 651 652 -1
0.1 295 296 -1
0.1 294 654 -1
0.1 293 655 -1
0.1 292 656 -1
0.1 653 657 -1
0.1 298 299 -1
0.1 297 659 -1
0.1 301 302 -1
0.1 303 304 -1
0.1 662 305 -1
0.1 661 663 -1
0.1 300 664 -1
0.1 660 665 -1
0.1 666 306 -1
0.1 658 667 -1
0.1 649 668 -1
0.1 309 310 -1
0.1 308 670 -1
0.1 307 671 -1
0.1 669 672 -1
0.1 640 673 -1
0.1 625 674 -1
0.1 257 675 -1
0.1 623 676 -1
0.1 313 314 -1
0.1 312 678 -1
0.1 316 317 -1
0.1 318 319 -1
0.1 681 320 -1
0.1 680 682 -1
0.1 315 683 -1
0.1 679 684 -1
0.1 311 685 -1
0.1 677 686 -1
0.1 324 325 -1
0.1 688 326 -1
0.1 323 689 -1
0.1 690 327 -1
0.1 329 330 -1
0.1 692 331 -1
0.1 328 693 -1
0.1 694 332 -1
0.1 691 695 -1
0.1 322 696 -1
0.1 321 697 -1
0.1 687 698 -1
0.1 336 337 -1
0.1 700 338 -1
0.1 335 701 -1
0.1 334 702 -1
0.1 339 340 -1
0.1 341 342 -1
0.1 705 343 -1
0.1 704 706 -1
0.1 703 707 -1
0.1 708 344 -1
0.1 333 709 -1
0.1 345 346 -1
0.1 347 348 -1
0.1 350 351 -1
0.1 352 353 -1
0.1 713 714 -1
0.1 349 715 -1
0.1 355 356 -1
0.1 354 717 -1
0.1 716 718 -1
0.1 712 719 -1
0.1 720 357 -1
0.1 711 721 -1
0.1 710 722 -1
0.1 359 360 -1
0.1 363 364 -1
0.1 362 725 -1
0.1 361 726 -1
0.1 366 367 -1
0.1 365 728 -1
0.1 369 370 -1
0.1 368 730 -1
0.1 729 731 -1
0.1 727 732 -1
0.1 724 733 -1
0.1 358 734 -1
0.1 723 735 -1
0.1 699 736 -1
0.1 618 737 -1
0.1 616 738 -1
