1 0 0 1
1 0 0 2
1 0 0 3
1 0 0 3
1 0 0 3
1 0 0 3
1 0 0 3
1 0 0 3
1 0 0 3
1 0 0 3
1 0 0 3
1 0 0 3
1 0 0 2
1 0 0 4
1 0 0 4
1 0 0 4
1 0 0 4
1 0 0 4
1 0 0 4
1 0 0 4
1 0 0 4
1 0 0 4
1 0 0 4
1 0 0 5
1 0 0 5
1 0 0 5
1 0 0 5
1 0 0 5
1 0 0 5
1 0 0 5
1 0 0 5
1 0 0 5
1 0 0 5
1 0 0 6
1 0 0 6
1 0 0 6
1 0 0 6
1 0 0 6
1 0 0 6
1 0 0 6
1 0 0 6
1 0 0 6
1 0 0 6
1 0 0 2
1 0 0 2
1 0 0 2
1 0 0 7
1 0 0 7
1 0 0 7
1 0 0 7
1 0 0 7
1 0 0 7
1 0 0 7
1 0 0 7
1 0 0 7
1 0 0 7
1 0 0 8
1 0 0 8
1 0 0 8
1 0 0 8
1 0 0 8
1 0 0 8
1 0 0 8
1 0 0 8
1 0 0 8
1 0 0 8
1 0 0 9
1 0 0 9
1 0 0 9
1 0 0 10
1 0 0 10
1 0 0 10
1 0 0 10
1 0 0 10
1 0 0 10
1 0 0 10
1 0 0 10
1 0 0 10
1 0 0 10
1 0 0 9
1 0 0 9
1 0 0 9
1 0 0 9
1 0 0 9
1 0 0 11
1 0 0 11
1 0 0 11
1 0 0 11
1 0 0 11
1 0 0 11
1 0 0 11
1 0 0 11
1 0 0 11
1 0 0 11
1 0 0 9
1 0 0 9
1 0 0 2
1 0 0 12
1 0 0 12
1 0 0 12
1 0 0 12
1 0 0 12
1 0 0 12
1 0 0 12
1 0 0 12
1 0 0 12
1 0 0 12
1 0 0 2
1 0 0 2
1 0 0 2
1 0 0 2
1 0 0 13
1 0 0 14
1 0 0 14
1 0 0 14
1 0 0 14
1 0 0 14
1 0 0 14
1 0 0 14
1 0 0 14
1 0 0 14
1 0 0 14
1 0 0 13
1 0 0 13
1 0 0 13
1 0 0 13
1 0 0 13
1 0 0 13
1 0 0 13
1 0 0 13
1 0 0 13
1 0 0 15
1 0 0 15
1 0 0 15
1 0 0 15
1 0 0 15
1 0 0 15
1 0 0 15
1 0 0 15
1 0 0 15
1 0 0 15
1 0 0 1
1 0 0 1
1 0 0 16
1 0 0 16
1 0 0 16
1 0 0 16
1 0 0 16
1 0 0 16
1 0 0 16
1 0 0 16
1 0 0 16
1 0 0 16
1 0 0 1
1 0 0 1
1 0 0 1
1 0 0 1
1 0 0 1
1 0 0 17
1 0 0 18
1 0 0 18
1 0 0 18
1 0 0 18
1 0 0 18
1 0 0 18
1 0 0 19
1 0 0 19
1 0 0 19
1 0 0 19
1 0 0 18
1 0 0 17
1 0 0 20
1 0 0 21
1 0 0 21
1 0 0 21
1 0 0 21
1 0 0 21
1 0 0 21
1 0 0 21
1 0 0 21
1 0 0 21
1 0 0 21
1 0 0 22
1 0 0 22
1 0 0 22
1 0 0 22
1 0 0 22
1 0 0 22
1 0 0 22
1 0 0 22
1 0 0 22
1 0 0 22
1 0 0 18
1 0 0 18
1 0 0 18
1 0 0 20
1 0 0 20
1 0 0 20
1 0 0 20
1 0 0 20
1 0 0 20
1 0 0 23
1 0 0 23
1 0 0 23
1 0 0 23
1 0 0 23
1 0 0 23
1 0 0 20
1 0 0 20
1 0 0 24
1 0 0 24
1 0 0 24
1 0 0 24
1 0 0 24
1 0 0 24
1 0 0 24
1 0 0 24
1 0 0 24
1 0 0 24
1 0 0 20
1 0 0 17
1 0 0 17
1 0 0 17
1 0 0 17
1 0 0 17
1 0 0 17
1 0 0 17
1 0 0 17
1 0 0 23
1 0 0 23
1 0 0 23
1 0 0 23
1 0 0 19
1 0 0 19
1 0 0 19
1 0 0 19
1 0 0 19
1 0 0 19
1 0 0 1
1 0 0 25
1 0 0 25
1 0 0 25
1 0 0 25
1 0 0 25
1 0 0 25
1 0 0 25
1 0 0 25
1 0 0 25
1 0 0 25
1 0 0 26
1 0 0 26
1 0 0 26
1 0 0 26
1 0 0 26
1 0 0 1
1 0 0 26
1 0 0 26
1 0 0 26
1 0 0 26
1 0 0 26
0.1 5 6 -1
0.1 4 261 -1
0.1 8 9 -1
0.1 10 11 -1
0.1 263 264 -1
0.1 7 265 -1
0.1 262 266 -1
0.1 3 267 -1
0.1 268 12 -1
0.1 15 16 -1
0.1 14 270 -1
0.1 271 17 -1
0.1 18 19 -1
0.1 22 23 -1
0.1 21 274 -1
0.1 20 275 -1
0.1 273 276 -1
0.1 272 277 -1
0.1 25 26 -1
0.1 24 279 -1
0.1 280 27 -1
0.1 28 29 -1
0.1 282 30 -1
0.1 281 283 -1
0.1 31 32 -1
0.1 285 33 -1
0.1 284 286 -1
0.1 278 287 -1
0.1 35 36 -1
0.1 289 37 -1
0.1 34 290 -1
0.1 39 40 -1
0.1 38 292 -1
0.1 41 42 -1
0.1 294 43 -1
0.1 293 295 -1
0.1 291 296 -1
0.1 288 297 -1
0.1 13 298 -1
0.1 299 44 -1
0.1 269 300 -1
0.1 2 301 -1
0.1 45 46 -1
0.1 48 49 -1
0.1 304 50 -1
0.1 47 305 -1
0.1 306 51 -1
0.1 53 54 -1
0.1 52 308 -1
0.1 309 55 -1
0.1 307 310 -1
0.1 311 56 -1
0.1 59 60 -1
0.1 58 313 -1
0.1 57 314 -1
0.1 61 62 -1
0.1 63 64 -1
0.1 316 317 -1
0.1 65 66 -1
0.1 318 319 -1
0.1 315 320 -1
0.1 312 321 -1
0.1 68 69 -1
0.1 71 72 -1
0.1 70 324 -1
0.1 75 76 -1
0.1 74 326 -1
0.1 73 327 -1
0.1 325 328 -1
0.1 78 79 -1
0.1 77 330 -1
0.1 329 331 -1
0.1 323 332 -1
0.1 67 333 -1
0.1 80 81 -1
0.1 83 84 -1
0.1 82 336 -1
0.1 335 337 -1
0.1 334 338 -1
0.1 85 86 -1
0.1 88 89 -1
0.1 90 91 -1
0.1 341 342 -1
0.1 87 343 -1
0.1 340 344 -1
0.1 93 94 -1
0.1 92 346 -1
0.1 345 347 -1
0.1 95 96 -1
0.1 348 349 -1
0.1 339 350 -1
0.1 98 99 -1
0.1 101 102 -1
0.1 100 353 -1
0.1 103 104 -1
0.1 354 355 -1
0.1 106 107 -1
0.1 105 357 -1
0.1 356 358 -1
0.1 352 359 -1
0.1 109 110 -1
0.1 108 361 -1
0.1 360 362 -1
0.1 113 114 -1
0.1 116 117 -1
0.1 115 365 -1
0.1 366 118 -1
0.1 364 367 -1
0.1 120 121 -1
0.1 369 122 -1
0.1 119 370 -1
0.1 368 371 -1
0.1 372 123 -1
0.1 112 373 -1
0.1 125 126 -1
0.1 128 129 -1
0.1 127 376 -1
0.1 375 377 -1
0.1 124 378 -1
0.1 130 131 -1
0.1 379 380 -1
0.1 374 381 -1
0.1 132 133 -1
0.1 383 134 -1
0.1 136 137 -1
0.1 135 385 -1
0.1 138 139 -1
0.1 387 140 -1
0.1 388 141 -1
0.1 386 389 -1
0.1 384 390 -1
0.1 382 391 -1
0.1 111 392 -1
0.1 363 393 -1
0.1 97 394 -1
0.1 351 395 -1
0.1 322 396 -1
0.1 303 397 -1
0.1 302 398 -1
0.1 399 142 -1
0.1 400 143 -1
0.1 1 401 -1
0.1 146 147 -1
0.1 145 403 -1
0.1 144 404 -1
0.1 148 149 -1
0.1 406 150 -1
0.1 405 407 -1
0.1 152 153 -1
0.1 151 409 -1
0.1 408 410 -1
0.1 154 155 -1
0.1 156 157 -1
0.1 413 158 -1
0.1 412 414 -1
0.1 411 415 -1
0.1 402 416 -1
0.1 161 162 -1
0.1 166 167 -1
0.1 168 169 -1
0.1 419 420 -1
0.1 171 172 -1
0.1 177 178 -1
0.1 176 423 -1
0.1 424 179 -1
0.1 175 425 -1
0.1 174 426 -1
0.1 181 182 -1
0.1 180 428 -1
0.1 427 429 -1
0.1 173 430 -1
0.1 184 185 -1
0.1 183 432 -1
0.1 187 188 -1
0.1 186 434 -1
0.1 189 190 -1
0.1 435 436 -1
0.1 433 437 -1
0.1 191 192 -1
0.1 438 439 -1
0.1 431 440 -1
0.1 422 441 -1
0.1 170 442 -1
0.1 421 443 -1
0.1 194 195 -1
0.1 193 445 -1
0.1 444 446 -1
0.1 165 447 -1
0.1 164 448 -1
0.1 163 449 -1
0.1 418 450 -1
0.1 160 451 -1
0.1 159 452 -1
0.1 453 196 -1
0.1 197 198 -1
0.1 200 201 -1
0.1 199 456 -1
0.1 455 457 -1
0.1 202 203 -1
0.1 206 207 -1
0.1 205 460 -1
0.1 204 461 -1
0.1 459 462 -1
0.1 463 208 -1
0.1 464 209 -1
0.1 210 211 -1
0.1 213 214 -1
0.1 212 467 -1
0.1 215 216 -1
0.1 469 217 -1
0.1 468 470 -1
0.1 466 471 -1
0.1 218 219 -1
0.1 472 473 -1
0.1 474 220 -1
0.1 221 222 -1
0.1 223 224 -1
0.1 476 477 -1
0.1 478 225 -1
0.1 227 228 -1
0.1 226 480 -1
0.1 479 481 -1
0.1 230 231 -1
0.1 229 483 -1
0.1 484 232 -1
0.1 482 485 -1
0.1 475 486 -1
0.1 465 487 -1
0.1 458 488 -1
0.1 454 489 -1
0.1 233 234 -1
0.1 490 491 -1
0.1 236 237 -1
0.1 235 493 -1
0.1 492 494 -1
0.1 495 238 -1
0.1 496 239 -1
0.1 240 241 -1
0.1 498 242 -1
0.1 243 244 -1
0.1 499 500 -1
0.1 246 247 -1
0.1 245 502 -1
0.1 501 503 -1
0.1 248 249 -1
0.1 504 505 -1
0.1 251 252 -1
0.1 250 507 -1
0.1 253 254 -1
0.1 508 509 -1
0.1 510 255 -1
0.1 257 258 -1
0.1 512 259 -1
0.1 256 513 -1
0.1 514 260 -1
0.1 511 515 -1
0.1 506 516 -1
0.1 497 517 -1
0.1 417 518 -1
