1 0 0 1
1 0 0 1
1 0 0 1
1 0 0 1
1 0 0 1
1 0 0 1
1 0 0 1
1 0 0 1
1 0 0 1
1 0 0 1
1 0 0 2
1 0 0 2
1 0 0 2
1 0 0 2
1 0 0 2
1 0 0 2
1 0 0 2
1 0 0 2
1 0 0 2
1 0 0 2
1 0 0 3
1 0 0 3
1 0 0 4
1 0 0 4
1 0 0 4
1 0 0 4
1 0 0 4
1 0 0 4
1 0 0 5
1 0 0 5
1 0 0 6
1 0 0 6
1 0 0 6
1 0 0 6
1 0 0 6
1 0 0 6
1 0 0 6
1 0 0 6
1 0 0 6
1 0 0 6
1 0 0 5
1 0 0 5
1 0 0 5
1 0 0 5
1 0 0 5
1 0 0 7
1 0 0 7
1 0 0 7
1 0 0 7
1 0 0 7
1 0 0 7
1 0 0 7
1 0 0 7
1 0 0 7
1 0 0 7
1 0 0 5
1 0 0 5
1 0 0 5
1 0 0 8
1 0 0 8
1 0 0 8
1 0 0 8
1 0 0 8
1 0 0 8
1 0 0 8
1 0 0 8
1 0 0 8
1 0 0 8
1 0 0 4
1 0 0 4
1 0 0 4
1 0 0 4
1 0 0 9
1 0 0 9
1 0 0 9
1 0 0 9
1 0 0 9
1 0 0 9
1 0 0 10
1 0 0 10
1 0 0 10
1 0 0 10
1 0 0 10
1 0 0 10
1 0 0 10
1 0 0 10
1 0 0 10
1 0 0 10
1 0 0 9
1 0 0 9
1 0 0 9
1 0 0 9
1 0 0 3
1 0 0 3
1 0 0 3
1 0 0 11
1 0 0 11
1 0 0 11
1 0 0 11
1 0 0 11
1 0 0 11
1 0 0 11
1 0 0 11
1 0 0 11
1 0 0 11
1 0 0 12
1 0 0 13
1 0 0 13
1 0 0 13
1 0 0 13
1 0 0 13
1 0 0 13
1 0 0 13
1 0 0 13
1 0 0 13
1 0 0 13
1 0 0 12
1 0 0 14
1 0 0 14
1 0 0 14
1 0 0 14
1 0 0 14
1 0 0 14
1 0 0 14
1 0 0 14
1 0 0 14
1 0 0 14
1 0 0 12
1 0 0 12
1 0 0 12
1 0 0 12
1 0 0 12
1 0 0 12
1 0 0 12
1 0 0 12
1 0 0 3
1 0 0 15
1 0 0 15
1 0 0 16
1 0 0 16
1 0 0 16
1 0 0 16
1 0 0 16
1 0 0 16
1 0 0 16
1 0 0 16
1 0 0 16
1 0 0 16
1 0 0 15
1 0 0 15
1 0 0 15
1 0 0 15
1 0 0 15
1 0 0 15
1 0 0 15
1 0 0 15
1 0 0 17
1 0 0 17
1 0 0 17
1 0 0 17
1 0 0 17
1 0 0 17
1 0 0 17
1 0 0 17
1 0 0 17
1 0 0 17
1 0 0 3
1 0 0 18
1 0 0 18
1 0 0 18
1 0 0 18
1 0 0 18
1 0 0 18
1 0 0 18
1 0 0 18
1 0 0 18
1 0 0 18
1 0 0 3
1 0 0 3
1 0 0 3
1 0 0 19
1 0 0 19
1 0 0 19
1 0 0 19
1 0 0 19
1 0 0 19
1 0 0 19
1 0 0 19
1 0 0 19
1 0 0 19
0.1 1 2 -1
0.1 3 4 -1
0.1 191 192 -1
0.1 6 7 -1
0.1 194 8 -1
0.1 9 10 -1
0.1 195 196 -1
0.1 5 197 -1
0.1 193 198 -1
0.1 12 13 -1
0.1 11 200 -1
0.1 17 18 -1
0.1 16 202 -1
0.1 15 203 -1
0.1 14 204 -1
0.1 19 20 -1
0.1 205 206 -1
0.1 201 207 -1
0.1 199 208 -1
0.1 25 26 -1
0.1 24 210 -1
0.1 29 30 -1
0.1 31 32 -1
0.1 35 36 -1
0.1 34 214 -1
0.1 215 37 -1
0.1 33 216 -1
0.1 213 217 -1
0.1 38 39 -1
0.1 218 219 -1
0.1 220 40 -1
0.1 212 221 -1
0.1 41 42 -1
0.1 43 44 -1
0.1 46 47 -1
0.1 225 48 -1
0.1 52 53 -1
0.1 51 227 -1
0.1 228 54 -1
0.1 50 229 -1
0.1 230 55 -1
0.1 49 231 -1
0.1 226 232 -1
0.1 56 57 -1
0.1 233 234 -1
0.1 45 235 -1
0.1 224 236 -1
0.1 237 58 -1
0.1 223 238 -1
0.1 222 239 -1
0.1 28 240 -1
0.1 27 241 -1
0.1 59 60 -1
0.1 61 62 -1
0.1 243 244 -1
0.1 64 65 -1
0.1 246 66 -1
0.1 63 247 -1
0.1 67 68 -1
0.1 248 249 -1
0.1 245 250 -1
0.1 251 69 -1
0.1 70 71 -1
0.1 252 253 -1
0.1 254 72 -1
0.1 242 255 -1
0.1 211 256 -1
0.1 74 75 -1
0.1 73 258 -1
0.1 259 76 -1
0.1 80 81 -1
0.1 82 83 -1
0.1 261 262 -1
0.1 79 263 -1
0.1 264 84 -1
0.1 86 87 -1
0.1 85 266 -1
0.1 267 88 -1
0.1 265 268 -1
0.1 78 269 -1
0.1 77 270 -1
0.1 260 271 -1
0.1 90 91 -1
0.1 89 273 -1
0.1 274 92 -1
0.1 272 275 -1
0.1 257 276 -1
0.1 23 277 -1
0.1 22 278 -1
0.1 21 279 -1
0.1 94 95 -1
0.1 97 98 -1
0.1 96 282 -1
0.1 283 99 -1
0.1 100 101 -1
0.1 284 285 -1
0.1 103 104 -1
0.1 102 287 -1
0.1 288 105 -1
0.1 286 289 -1
0.1 281 290 -1
0.1 93 291 -1
0.1 280 292 -1
0.1 209 293 -1
0.1 107 108 -1
0.1 295 109 -1
0.1 110 111 -1
0.1 296 297 -1
0.1 113 114 -1
0.1 112 299 -1
0.1 298 300 -1
0.1 115 116 -1
0.1 301 302 -1
0.1 303 117 -1
0.1 118 119 -1
0.1 305 120 -1
0.1 306 121 -1
0.1 122 123 -1
0.1 307 308 -1
0.1 309 124 -1
0.1 310 125 -1
0.1 311 126 -1
0.1 312 127 -1
0.1 129 130 -1
0.1 128 314 -1
0.1 313 315 -1
0.1 304 316 -1
0.1 131 132 -1
0.1 318 133 -1
0.1 134 135 -1
0.1 319 320 -1
0.1 317 321 -1
0.1 106 322 -1
0.1 140 141 -1
0.1 324 142 -1
0.1 139 325 -1
0.1 143 144 -1
0.1 147 148 -1
0.1 146 328 -1
0.1 145 329 -1
0.1 327 330 -1
0.1 326 331 -1
0.1 138 332 -1
0.1 137 333 -1
0.1 149 150 -1
0.1 151 152 -1
0.1 335 336 -1
0.1 154 155 -1
0.1 153 338 -1
0.1 337 339 -1
0.1 334 340 -1
0.1 341 156 -1
0.1 136 342 -1
0.1 323 343 -1
0.1 157 158 -1
0.1 159 160 -1
0.1 345 346 -1
0.1 161 162 -1
0.1 348 163 -1
0.1 165 166 -1
0.1 164 350 -1
0.1 349 351 -1
0.1 347 352 -1
0.1 170 171 -1
0.1 169 354 -1
0.1 172 173 -1
0.1 174 175 -1
0.1 356 357 -1
0.1 176 177 -1
0.1 358 359 -1
0.1 355 360 -1
0.1 168 361 -1
0.1 167 362 -1
0.1 353 363 -1
0.1 181 182 -1
0.1 365 183 -1
0.1 366 184 -1
0.1 185 186 -1
0.1 368 187 -1
0.1 367 369 -1
0.1 188 189 -1
0.1 371 190 -1
0.1 370 372 -1
0.1 180 373 -1
0.1 179 374 -1
0.1 178 375 -1
0.1 364 376 -1
0.1 344 377 -1
0.1 294 378 -1
