1 0 0 1
1 0 0 1
1 0 0 2
1 0 0 2
1 0 0 2
1 0 0 3
1 0 0 3
1 0 0 3
1 0 0 3
1 0 0 3
1 0 0 3
1 0 0 3
1 0 0 3
1 0 0 3
1 0 0 3
1 0 0 2
1 0 0 2
1 0 0 2
1 0 0 2
1 0 0 2
1 0 0 4
1 0 0 4
1 0 0 4
1 0 0 4
1 0 0 5
1 0 0 4
1 0 0 4
1 0 0 4
1 0 0 4
1 0 0 4
1 0 0 4
1 0 0 5
1 0 0 5
1 0 0 5
1 0 0 5
1 0 0 5
1 0 0 2
1 0 0 6
1 0 0 6
1 0 0 6
1 0 0 6
1 0 0 6
1 0 0 6
1 0 0 6
1 0 0 6
1 0 0 6
1 0 0 6
1 0 0 7
1 0 0 7
1 0 0 7
1 0 0 7
1 0 0 7
1 0 0 7
1 0 0 8
1 0 0 8
1 0 0 8
1 0 0 8
1 0 0 8
1 0 0 8
1 0 0 8
1 0 0 8
1 0 0 8
1 0 0 8
1 0 0 7
1 0 0 7
1 0 0 7
1 0 0 7
1 0 0 5
1 0 0 5
1 0 0 5
1 0 0 5
1 0 0 2
1 0 0 9
1 0 0 9
1 0 0 9
1 0 0 9
1 0 0 9
1 0 0 9
1 0 0 9
1 0 0 9
1 0 0 9
1 0 0 9
1 0 0 10
1 0 0 10
1 0 0 10
1 0 0 10
1 0 0 10
1 0 0 10
1 0 0 10
1 0 0 10
1 0 0 10
1 0 0 10
1 0 0 1
1 0 0 1
1 0 0 1
1 0 0 11
1 0 0 11
1 0 0 11
1 0 0 11
1 0 0 11
1 0 0 11
1 0 0 11
1 0 0 11
1 0 0 11
1 0 0 11
1 0 0 1
1 0 0 1
1 0 0 12
1 0 0 12
1 0 0 12
1 0 0 12
1 0 0 12
1 0 0 12
1 0 0 12
1 0 0 12
1 0 0 12
1 0 0 12
1 0 0 1
1 0 0 13
1 0 0 13
1 0 0 13
1 0 0 13
1 0 0 13
1 0 0 13
1 0 0 13
1 0 0 13
1 0 0 13
1 0 0 13
1 0 0 14
1 0 0 14
1 0 0 14
1 0 0 14
1 0 0 14
1 0 0 14
1 0 0 14
1 0 0 14
1 0 0 14
1 0 0 14
1 0 0 1
1 0 0 15
1 0 0 16
1 0 0 16
1 0 0 16
1 0 0 16
1 0 0 16
1 0 0 16
1 0 0 16
1 0 0 16
1 0 0 16
1 0 0 16
1 0 0 15
1 0 0 15
1 0 0 15
1 0 0 15
1 0 0 17
1 0 0 17
1 0 0 17
1 0 0 17
1 0 0 17
1 0 0 17
1 0 0 17
1 0 0 17
1 0 0 17
1 0 0 17
1 0 0 15
1 0 0 15
1 0 0 15
1 0 0 15
1 0 0 15
1 0 0 18
1 0 0 18
1 0 0 18
1 0 0 18
1 0 0 18
1 0 0 18
1 0 0 18
1 0 0 18
1 0 0 18
1 0 0 18
1 0 0 19
1 0 0 19
1 0 0 19
1 0 0 19
1 0 0 19
1 0 0 19
1 0 0 19
1 0 0 19
1 0 0 19
1 0 0 19
1 0 0 1
0.1 3 4 -1
0.1 8 9 -1
0.1 7 192 -1
0.1 6 193 -1
0.1 10 11 -1
0.1 194 195 -1
0.1 12 13 -1
0.1 197 14 -1
0.1 198 15 -1
0.1 196 199 -1
0.1 5 200 -1
0.1 191 201 -1
0.1 17 18 -1
0.1 203 19 -1
0.1 23 24 -1
0.1 22 205 -1
0.1 21 206 -1
0.1 207 25 -1
0.1 26 27 -1
0.1 28 29 -1
0.1 209 210 -1
0.1 30 31 -1
0.1 211 212 -1
0.1 213 32 -1
0.1 208 214 -1
0.1 34 35 -1
0.1 33 216 -1
0.1 217 36 -1
0.1 215 218 -1
0.1 20 219 -1
0.1 40 41 -1
0.1 221 42 -1
0.1 43 44 -1
0.1 222 223 -1
0.1 224 45 -1
0.1 39 225 -1
0.1 46 47 -1
0.1 226 227 -1
0.1 38 228 -1
0.1 48 49 -1
0.1 229 230 -1
0.1 50 51 -1
0.1 55 56 -1
0.1 54 233 -1
0.1 60 61 -1
0.1 59 235 -1
0.1 58 236 -1
0.1 237 62 -1
0.1 57 238 -1
0.1 239 63 -1
0.1 234 240 -1
0.1 64 65 -1
0.1 241 242 -1
0.1 53 243 -1
0.1 52 244 -1
0.1 232 245 -1
0.1 246 66 -1
0.1 247 67 -1
0.1 231 248 -1
0.1 37 249 -1
0.1 220 250 -1
0.1 204 251 -1
0.1 16 252 -1
0.1 69 70 -1
0.1 68 254 -1
0.1 255 71 -1
0.1 253 256 -1
0.1 257 72 -1
0.1 202 258 -1
0.1 2 259 -1
0.1 1 260 -1
0.1 74 75 -1
0.1 77 78 -1
0.1 81 82 -1
0.1 80 264 -1
0.1 79 265 -1
0.1 263 266 -1
0.1 76 267 -1
0.1 262 268 -1
0.1 73 269 -1
0.1 83 84 -1
0.1 86 87 -1
0.1 272 88 -1
0.1 85 273 -1
0.1 89 90 -1
0.1 91 92 -1
0.1 275 276 -1
0.1 274 277 -1
0.1 271 278 -1
0.1 270 279 -1
0.1 261 280 -1
0.1 94 95 -1
0.1 98 99 -1
0.1 97 283 -1
0.1 96 284 -1
0.1 100 101 -1
0.1 285 286 -1
0.1 287 102 -1
0.1 288 103 -1
0.1 104 105 -1
0.1 289 290 -1
0.1 282 291 -1
0.1 93 292 -1
0.1 108 109 -1
0.1 294 110 -1
0.1 111 112 -1
0.1 296 113 -1
0.1 115 116 -1
0.1 298 117 -1
0.1 114 299 -1
0.1 297 300 -1
0.1 295 301 -1
0.1 302 118 -1
0.1 107 303 -1
0.1 106 304 -1
0.1 119 120 -1
0.1 121 122 -1
0.1 123 124 -1
0.1 308 125 -1
0.1 127 128 -1
0.1 126 310 -1
0.1 309 311 -1
0.1 307 312 -1
0.1 306 313 -1
0.1 129 130 -1
0.1 132 133 -1
0.1 134 135 -1
0.1 316 317 -1
0.1 131 318 -1
0.1 315 319 -1
0.1 137 138 -1
0.1 136 321 -1
0.1 320 322 -1
0.1 323 139 -1
0.1 314 324 -1
0.1 305 325 -1
0.1 293 326 -1
0.1 281 327 -1
0.1 142 143 -1
0.1 141 329 -1
0.1 144 145 -1
0.1 330 331 -1
0.1 146 147 -1
0.1 148 149 -1
0.1 334 150 -1
0.1 333 335 -1
0.1 332 336 -1
0.1 337 151 -1
0.1 153 154 -1
0.1 152 339 -1
0.1 338 340 -1
0.1 155 156 -1
0.1 342 157 -1
0.1 159 160 -1
0.1 161 162 -1
0.1 344 345 -1
0.1 163 164 -1
0.1 346 347 -1
0.1 158 348 -1
0.1 343 349 -1
0.1 341 350 -1
0.1 165 166 -1
0.1 168 169 -1
0.1 167 353 -1
0.1 352 354 -1
0.1 351 355 -1
0.1 140 356 -1
0.1 170 171 -1
0.1 172 173 -1
0.1 358 359 -1
0.1 175 176 -1
0.1 174 361 -1
0.1 360 362 -1
0.1 363 177 -1
0.1 183 184 -1
0.1 182 365 -1
0.1 181 366 -1
0.1 185 186 -1
0.1 367 368 -1
0.1 369 187 -1
0.1 188 189 -1
0.1 370 371 -1
0.1 180 372 -1
0.1 179 373 -1
0.1 178 374 -1
0.1 364 375 -1
0.1 376 190 -1
0.1 357 377 -1
0.1 328 378 -1
