1 0 0 1
1 0 0 1
1 0 0 2
1 0 0 2
1 0 0 2
1 0 0 2
1 0 0 2
1 0 0 2
1 0 0 2
1 0 0 2
1 0 0 2
1 0 0 2
1 0 0 3
1 0 0 3
1 0 0 3
1 0 0 3
1 0 0 4
1 0 0 4
1 0 0 4
1 0 0 4
1 0 0 4
1 0 0 4
1 0 0 4
1 0 0 4
1 0 0 5
1 0 0 5
1 0 0 5
1 0 0 5
1 0 0 5
1 0 0 5
1 0 0 4
1 0 0 4
1 0 0 5
1 0 0 5
1 0 0 5
1 0 0 5
1 0 0 3
1 0 0 3
1 0 0 3
1 0 0 3
1 0 0 3
1 0 0 6
1 0 0 6
1 0 0 7
1 0 0 7
1 0 0 7
1 0 0 7
1 0 0 7
1 0 0 7
1 0 0 7
1 0 0 7
1 0 0 7
1 0 0 7
1 0 0 6
1 0 0 6
1 0 0 6
1 0 0 6
1 0 0 6
1 0 0 6
1 0 0 8
1 0 0 8
1 0 0 8
1 0 0 8
1 0 0 8
1 0 0 8
1 0 0 8
1 0 0 8
1 0 0 8
1 0 0 8
1 0 0 6
1 0 0 6
1 0 0 3
1 0 0 1
1 0 0 1
1 0 0 1
1 0 0 9
1 0 0 9
1 0 0 9
1 0 0 9
1 0 0 9
1 0 0 9
1 0 0 9
1 0 0 9
1 0 0 9
1 0 0 9
1 0 0 10
1 0 0 10
1 0 0 10
1 0 0 10
1 0 0 10
1 0 0 10
1 0 0 10
1 0 0 10
1 0 0 10
1 0 0 10
1 0 0 11
1 0 0 11
1 0 0 11
1 0 0 11
1 0 0 11
1 0 0 11
1 0 0 11
1 0 0 11
1 0 0 11
1 0 0 11
1 0 0 12
1 0 0 13
1 0 0 13
1 0 0 13
1 0 0 13
1 0 0 13
1 0 0 13
1 0 0 13
1 0 0 13
1 0 0 13
1 0 0 13
1 0 0 14
1 0 0 14
1 0 0 14
1 0 0 14
1 0 0 14
1 0 0 14
1 0 0 14
1 0 0 14
1 0 0 14
1 0 0 14
1 0 0 12
1 0 0 12
1 0 0 12
1 0 0 12
1 0 0 12
1 0 0 12
1 0 0 12
1 0 0 12
1 0 0 12
1 0 0 1
1 0 0 15
1 0 0 15
1 0 0 16
1 0 0 16
1 0 0 16
1 0 0 16
1 0 0 16
1 0 0 16
1 0 0 16
1 0 0 16
1 0 0 16
1 0 0 16
1 0 0 15
1 0 0 15
1 0 0 15
1 0 0 15
1 0 0 15
1 0 0 15
1 0 0 15
1 0 0 15
1 0 0 17
1 0 0 17
1 0 0 17
1 0 0 17
1 0 0 17
1 0 0 17
1 0 0 17
1 0 0 17
1 0 0 17
1 0 0 17
1 0 0 18
1 0 0 18
1 0 0 18
1 0 0 18
1 0 0 18
1 0 0 18
1 0 0 18
1 0 0 18
1 0 0 18
1 0 0 18
1 0 0 1
1 0 0 1
1 0 0 1
1 0 0 1
1 0 0 19
1 0 0 19
1 0 0 19
1 0 0 19
1 0 0 19
1 0 0 19
1 0 0 19
1 0 0 19
1 0 0 19
1 0 0 19
0.1 3 4 -1
0.1 5 6 -1
0.1 191 192 -1
0.1 8 9 -1
0.1 194 10 -1
0.1 7 195 -1
0.1 11 12 -1
0.1 196 197 -1
0.1 193 198 -1
0.1 14 15 -1
0.1 18 19 -1
0.1 17 201 -1
0.1 202 20 -1
0.1 22 23 -1
0.1 21 204 -1
0.1 205 24 -1
0.1 26 27 -1
0.1 28 29 -1
0.1 207 208 -1
0.1 25 209 -1
0.1 210 30 -1
0.1 211 31 -1
0.1 34 35 -1
0.1 33 213 -1
0.1 214 36 -1
0.1 32 215 -1
0.1 212 216 -1
0.1 206 217 -1
0.1 38 39 -1
0.1 37 219 -1
0.1 218 220 -1
0.1 42 43 -1
0.1 44 45 -1
0.1 47 48 -1
0.1 224 49 -1
0.1 46 225 -1
0.1 223 226 -1
0.1 227 50 -1
0.1 51 52 -1
0.1 228 229 -1
0.1 230 53 -1
0.1 222 231 -1
0.1 55 56 -1
0.1 57 58 -1
0.1 60 61 -1
0.1 235 62 -1
0.1 66 67 -1
0.1 65 237 -1
0.1 238 68 -1
0.1 64 239 -1
0.1 240 69 -1
0.1 63 241 -1
0.1 236 242 -1
0.1 70 71 -1
0.1 243 244 -1
0.1 59 245 -1
0.1 234 246 -1
0.1 233 247 -1
0.1 54 248 -1
0.1 232 249 -1
0.1 41 250 -1
0.1 40 251 -1
0.1 221 252 -1
0.1 253 72 -1
0.1 203 254 -1
0.1 16 255 -1
0.1 200 256 -1
0.1 13 257 -1
0.1 199 258 -1
0.1 2 259 -1
0.1 1 260 -1
0.1 74 75 -1
0.1 76 77 -1
0.1 79 80 -1
0.1 78 264 -1
0.1 265 81 -1
0.1 82 83 -1
0.1 266 267 -1
0.1 268 84 -1
0.1 269 85 -1
0.1 263 270 -1
0.1 262 271 -1
0.1 73 272 -1
0.1 86 87 -1
0.1 88 89 -1
0.1 274 275 -1
0.1 91 92 -1
0.1 277 93 -1
0.1 94 95 -1
0.1 278 279 -1
0.1 90 280 -1
0.1 276 281 -1
0.1 96 97 -1
0.1 100 101 -1
0.1 99 284 -1
0.1 98 285 -1
0.1 102 103 -1
0.1 286 287 -1
0.1 104 105 -1
0.1 288 289 -1
0.1 283 290 -1
0.1 282 291 -1
0.1 273 292 -1
0.1 261 293 -1
0.1 107 108 -1
0.1 295 109 -1
0.1 110 111 -1
0.1 112 113 -1
0.1 297 298 -1
0.1 114 115 -1
0.1 299 300 -1
0.1 301 116 -1
0.1 296 302 -1
0.1 117 118 -1
0.1 304 119 -1
0.1 120 121 -1
0.1 305 306 -1
0.1 123 124 -1
0.1 122 308 -1
0.1 125 126 -1
0.1 309 310 -1
0.1 307 311 -1
0.1 312 127 -1
0.1 129 130 -1
0.1 128 314 -1
0.1 313 315 -1
0.1 303 316 -1
0.1 317 131 -1
0.1 132 133 -1
0.1 319 134 -1
0.1 318 320 -1
0.1 321 135 -1
0.1 106 322 -1
0.1 140 141 -1
0.1 324 142 -1
0.1 139 325 -1
0.1 143 144 -1
0.1 147 148 -1
0.1 146 328 -1
0.1 145 329 -1
0.1 327 330 -1
0.1 326 331 -1
0.1 138 332 -1
0.1 137 333 -1
0.1 149 150 -1
0.1 151 152 -1
0.1 335 336 -1
0.1 153 154 -1
0.1 338 155 -1
0.1 337 339 -1
0.1 334 340 -1
0.1 341 156 -1
0.1 136 342 -1
0.1 323 343 -1
0.1 159 160 -1
0.1 158 345 -1
0.1 161 162 -1
0.1 163 164 -1
0.1 347 348 -1
0.1 165 166 -1
0.1 349 350 -1
0.1 346 351 -1
0.1 157 352 -1
0.1 167 168 -1
0.1 169 170 -1
0.1 171 172 -1
0.1 173 174 -1
0.1 357 175 -1
0.1 356 358 -1
0.1 359 176 -1
0.1 355 360 -1
0.1 354 361 -1
0.1 362 177 -1
0.1 353 363 -1
0.1 181 182 -1
0.1 365 183 -1
0.1 184 185 -1
0.1 367 186 -1
0.1 368 187 -1
0.1 188 189 -1
0.1 369 370 -1
0.1 371 190 -1
0.1 366 372 -1
0.1 180 373 -1
0.1 179 374 -1
0.1 178 375 -1
0.1 364 376 -1
0.1 344 377 -1
0.1 294 378 -1
